0,0.337408810853958,0.270844489336014,0.281107693910599,0.0880446135997772,-0.0117004550993443,-0.091994620859623,0.0639655813574791,0.212173610925674,0.72064197063446,0.41995045542717,0.361395001411438,0.296569317579269,0.116231568157673,-0.00256137643009424,-0.0973141640424728,0.0438092276453972,0.26677617430687,-0.167075738310814,0.235888853669167,0.059045035392046,-0.0214222781360149,0.022556446492672,-0.0591404996812344,0.054056890308857,0.131097510457039,0.0944091826677322,0.033175952732563,0.191405907273293,0.00539609417319298,-0.156894609332085,-0.125901535153389,0.0114904632791877,0.123005107045174,0.0954437777400017,-0.0662810057401657,0.011056074872613,0.125285312533379,0.0634642094373703,0.366735726594925,0.076149195432663,0.185499832034111,0.0892720744013786,0.361127346754074,0.0221787635236979,0.181076213717461,-0.186248615384102,0.347623288631439,-0.1050209030509,-0.0674448013305664,0.0351815484464169,0.232790693640709,-0.0433609932661057,0.277131766080856,0.423757046461105,-0.0165610536932945,0.0345054678618908,-0.0794825702905655,0.373733103275299,0.250263452529907,0.195474818348885,0.00674230838194489,0.326530456542969,-0.0304096024483442,-0.0280131064355373,0.122298046946526,0.0243778359144926,0.134548187255859,0.396271497011185,0.202324777841568,0.305575579404831,0.140273869037628,0.0662591084837914,0.452551811933517,0.178864613175392,0.321908712387085,0.175232350826263,0.600003123283386,0.40119332075119,0.196175530552864,-0.130517646670341,0.536946833133698,-0.000767942343372852,-0.0859824270009995,0.0548950545489788,0.284189492464066
0.337408810853958,0,0.251484304666519,0.275444328784943,0.115076668560505,0.0142430597916245,-0.0788551270961761,0.0724714919924736,0.222477570176125,0.352770447731018,0.490057408809662,0.268003284931183,0.259109318256378,0.0973460450768471,-0.00378129980526865,-0.0948941558599472,0.0561505220830441,0.209775134921074,-0.108611345291138,0.262281686067581,0.0506273321807384,0.087626613676548,0.0207209382206202,-0.0502411313354969,0.0679882317781448,0.0504968501627445,0.144082486629486,0.082402415573597,0.148521304130554,0.131068378686905,-0.030496833845973,-0.103478819131851,0.0153116350993514,0.17044585943222,0.119653321802616,-0.0658068954944611,0.0123764397576451,0.234105840325356,0.134007006883621,0.333916574716568,0.122112460434437,0.194978877902031,0.159671574831009,0.220413252711296,0.165350586175919,0.131188049912453,-0.112771414220333,0.236099988222122,-0.0448380187153816,-0.0559897273778915,0.167915910482407,0.291670590639114,-0.117520615458488,0.255412936210632,0.0670091658830643,0.088474839925766,0.0178554598242044,-0.0721543431282043,0.0682860016822815,0.00328870979137719,0.131301671266556,0.0750292241573334,0.131582468748093,0.0861111953854561,-0.0109144616872072,-0.088597446680069,-0.0123261641710997,0.102896749973297,0.160514861345291,-0.0336451306939125,0.0736493393778801,0.266006052494049,0.0833640545606613,0.315020889043808,0.0989155843853951,0.187109082937241,0.150224074721336,0.188448742032051,0.165972471237183,0.0691570565104485,-0.119434706866741,0.229103565216064,-0.0493545942008495,-0.0728446021676064,0.154267713427544,0.264848649501801
0.270844489336014,0.251484304666519,0,0.392044484615326,0.10309511423111,0.0358665399253368,-0.0205389242619276,0.145158752799034,0.146425038576126,0.288095325231552,0.273377120494843,0.57854688167572,0.378240823745728,0.0681581571698189,0.0318575166165829,-0.0334873199462891,0.118894286453724,0.156750276684761,-0.0351708084344864,0.204287812113762,0.123485706746578,0.0019989546854049,0.0106473620980978,-0.0371415168046951,0.0355460569262505,0.0513295941054821,0.0855920016765594,0.00920405331999063,0.197115436196327,0.0272677578032017,-0.00421243440359831,-0.0688861086964607,-0.0228476654738188,0.0528642870485783,0.232026115059853,-0.00836196821182966,0.138705059885979,0.0964843779802322,0.0105513483285904,0.204007655382156,0.0772734060883522,0.0896131545305252,0.174741864204407,0.257093757390976,0.198319524526596,0.0585343055427074,-0.0727108493447304,0.185768738389015,-0.0522441565990448,-0.0494439229369164,0.0726857408881187,0.188476249575615,-0.0300400033593178,0.176758199930191,0.116356298327446,-0.0126855587586761,0.0361363030970097,-0.0607457868754864,0.0330122001469135,0.0288112964481115,0.068823516368866,0.0133885713294148,0.165551245212555,-0.00698360521346331,0.00443512760102749,-0.0751013979315758,-0.0121240969747305,0.0263252947479486,0.198582500219345,-0.018903560936451,0.138500303030014,0.104086570441723,-0.0119604226201773,0.201112270355225,0.0874439924955368,0.0787031650543213,0.126086249947548,0.178574606776237,0.161432132124901,0.00843253638595343,-0.0696280896663666,0.182475075125694,-0.062421441078186,-0.0542063303291798,0.083871603012085,0.17608742415905
0.281107693910599,0.275444328784943,0.392044484615326,0,0.195601567625999,0.0124087957665324,-0.0101359775289893,0.106118872761726,0.14367438852787,0.259480059146881,0.284145146608353,0.377671003341675,0.646289825439453,0.125922873616219,0.00608438579365611,-0.0177534390240908,0.0962621495127678,0.150772795081139,-0.0507680624723434,0.298142075538635,-0.0267783049494028,0.0348520502448082,0.0105139231309295,-0.0203824490308762,-0.0871260836720467,0.013141836039722,0.00824958086013794,0.0305894985795021,0.146586880087852,0.0499313585460186,-0.0306344926357269,-0.155264019966125,-0.0207930114120245,0.193850621581078,0.180861279368401,-0.0932853370904922,0.0601133964955807,0.131772413849831,0.192858830094337,0.21030068397522,0.284853339195251,0.0371429435908794,0.127044573426247,0.161654651165009,0.164478361606598,0.117106817662716,-0.0221609026193619,0.250657021999359,-0.069957047700882,-0.0206604469567537,0.135171696543694,0.352961778640747,-0.0141058312729001,0.283929437398911,0.0222212914377451,0.0363974943757057,0.0139940800145268,-0.0378651916980743,-0.043204054236412,-0.0146820833906531,0.0224847234785557,0.0327783562242985,0.15131177008152,0.0277490820735693,-0.0233023054897785,-0.129670783877373,0.00787238869816065,0.155385613441467,0.263890624046326,-0.0578262023627758,0.150742307305336,0.148765608668327,0.127329155802727,0.250072360038757,0.271040797233582,0.0762796700000763,0.131910175085068,0.184433057904243,0.188464611768723,0.0932133048772812,-0.0369964092969894,0.313220739364624,-0.0646925643086433,-0.056811448186636,0.131122633814812,0.348993301391602
0.0880446135997772,0.115076668560505,0.10309511423111,0.195601567625999,0,-0.00402535917237401,-0.0199093241244555,0.0197312440723181,0.0570263080298901,0.0966866090893745,0.104794539511204,0.114041656255722,0.168824508786201,0.0452407784759998,-0.00473941117525101,-0.0277002919465303,0.0221010763198137,0.0627736300230026,-0.0181995872408152,0.106948636472225,0.00170848914422095,0.00384475267492235,0.01063999440521,-0.0130709167569876,-0.0181103590875864,0.00280341878533363,-0.00532561261206865,-0.00921746902167797,0.0709340125322342,0.00806211959570646,-0.0286585167050362,-0.0350772477686405,-0.00993414968252182,0.0243189595639706,0.0719280913472176,0.00160476332530379,0.0507298707962036,0.0530583187937737,0.0768247693777084,0.0936097279191017,0.0925282388925552,0.0114218946546316,0.0539016164839268,0.0731212273240089,0.0657603517174721,0.0163081679493189,0.00551663711667061,0.10958344489336,-0.0294307731091976,-0.0216447617858648,0.0633073970675468,0.144729599356651,-0.00710956053808331,0.112930446863174,-0.0130399959161878,-0.00236049597151577,-0.0130323963239789,-0.0339133404195309,-0.0339231975376606,-0.0108704939484596,-0.00448003690689802,-0.0036365611013025,0.0636631697416306,-0.00564426416531205,-0.0219891536980867,-0.0450431443750858,-0.0172788966447115,0.0281426385045052,0.0886618420481682,-0.0095542324706912,0.0631232187151909,0.0543650761246681,0.0587823614478111,0.0799680128693581,0.0822473242878914,0.0021366267465055,0.0269164238125086,0.0471126288175583,0.0523979179561138,-0.00550638511776924,-0.0100449435412884,0.108926668763161,-0.0388178005814552,-0.0240896008908749,0.0481086447834969,0.131078779697418
-0.0117004550993443,0.0142430597916245,0.0358665399253368,0.0124087957665324,-0.00402535917237401,0,0.167108803987503,0.0217804126441479,0.0884604603052139,0.060044065117836,0.000244250521063805,0.0253840051591396,0.0024352956097573,-0.0173783581703901,0.437531501054764,0.166802868247032,0.0417837537825108,0.0710965767502785,0.0653551295399666,0.0419209524989128,0.148816913366318,0.0971632450819016,0.136694148182869,0.217076808214188,0.244808197021484,0.127710461616516,0.342428535223007,0.125147715210915,0.0832424759864807,0.120006911456585,0.301935374736786,0.210569456219673,0.273877382278442,0.0718318969011307,-0.0321607291698456,0.0215446967631578,-0.0207302998751402,0.0818432345986366,0.0887483507394791,0.101025484502316,0.0541181825101376,0.271232098340988,0.233903080224991,0.00225717201828957,0.178184509277344,0.077455036342144,0.21488530933857,-0.0733377933502197,0.0576991029083729,0.151325240731239,0.11229494959116,0.0782085135579109,0.0256097950041294,0.0250746980309486,0.00542288739234209,0.0746210515499115,0.0876036956906319,0.207743972539902,0.126677289605141,0.0888551995158195,0.289146810770035,0.130547374486923,0.0128568261861801,0.108670979738235,0.275354593992233,0.135488599538803,0.234087139368057,0.0671251714229584,-0.119390390813351,-0.0552134700119495,-0.0973183512687683,0.0602602772414684,0.0932866483926773,0.0369905941188335,0.046713549643755,0.222068011760712,0.157596826553345,-0.0913281515240669,0.0708957687020302,0.0431661382317543,0.182388976216316,-0.113587722182274,0.0523872151970863,0.122319281101227,0.0965240970253944,0.045204684138298
-0.091994620859623,-0.0788551270961761,-0.0205389242619276,-0.0101359775289893,-0.0199093241244555,0.167108803987503,0,-0.00924111902713776,-0.00747887464240193,-0.0391244255006313,-0.102249525487423,-0.045289296656847,-0.0294982492923737,-0.0246171914041042,0.173712894320488,0.250036001205444,-0.00978618394583464,-0.0302752330899239,0.152448788285255,-0.0392120145261288,0.050398200750351,0.0273691285401583,0.0738872140645981,0.175823375582695,0.0653181150555611,0.130571067333221,0.000748456339351833,0.0671566799283028,0.0147704724222422,0.0375454388558865,0.163947999477386,0.168280035257339,0.0685766860842705,0.0176909957081079,0.0221395287662745,0.0760296806693077,0.072918139398098,-0.0137486839666963,0.0554139688611031,-0.12077971547842,0.0684870406985283,-0.0360842198133469,-1.13761052489281e-05,-0.126833826303482,0.0614620335400105,0.0268454533070326,0.233143031597137,-0.0627696439623833,0.0422976240515709,0.132333278656006,0.015217418782413,0.0278261993080378,0.0900948792695999,-0.050360195338726,-0.0678499042987823,0.0175024084746838,0.0283187739551067,0.154087752103806,-0.0392972454428673,0.0706778466701508,-0.0287821348756552,0.0574603229761124,-0.0255084652453661,0.0337727777659893,0.0878795310854912,0.0861454457044601,0.0547105446457863,0.0230884198099375,-0.0621901638805866,-0.0209785606712103,-0.0303225573152304,-0.0320538245141506,0.0579290837049484,-0.139969527721405,0.0668749660253525,-0.0623642951250076,-0.0234844610095024,-0.190440014004707,-0.0285888593643904,0.0322821065783501,0.188214510679245,-0.127389028668404,0.0264601726084948,0.109322115778923,0.0006970678223297,-0.00778510700911283
0.0639655813574791,0.0724714919924736,0.145158752799034,0.106118872761726,0.0197312440723181,0.0217804126441479,-0.00924111902713776,0,0.0523065291345119,0.0405784733593464,0.0765853077173233,0.130143076181412,0.103561729192734,0.0143462186679244,0.0344647020101547,0.00248044217005372,0.110513791441917,0.0662780031561852,-0.0338725373148918,0.0906032621860504,-0.0584679767489433,0.0217056255787611,0.000196491368114948,-0.0089386124163866,-0.0442680902779102,-0.0217817090451717,0.0562709756195545,0.0192958600819111,0.0251130592077971,0.0118992319330573,0.0673497393727303,-0.0577476136386395,0.023248141631484,0.0476667620241642,-0.0267352443188429,-0.0828042551875114,-0.0760643184185028,0.0479552820324898,0.0224992614239454,0.0712790787220001,0.0144807947799563,0.0463708266615868,0.121340818703175,-0.000278988853096962,0.0103847254067659,0.00737702054902911,0.00585511233657598,-0.000591000483836979,-0.00273312977515161,-0.000334514304995537,0.0457861013710499,0.0880972519516945,-0.020612608641386,0.0756391361355782,-0.0380528308451176,0.0252309497445822,-0.00422822777181864,-0.00185207999311388,-0.0190720707178116,0.00407262798398733,0.0710161924362183,0.0332704223692417,0.0328101217746735,0.00345228728838265,0.0663605555891991,-0.0392430536448956,0.00978311989456415,0.0449591986835003,0.00331613724119961,-0.0812633186578751,-0.0131836803629994,0.0541750937700272,0.0145817399024963,0.0811880007386208,0.0349251590669155,0.0608348175883293,0.102874368429184,0.0231055468320847,0.0352011993527412,0.00844097882509232,0.0135921807959676,0.0569839514791965,-0.0156207736581564,0.000471768871648237,0.0561691410839558,0.0910472273826599
0.212173610925674,0.222477570176125,0.146425038576126,0.14367438852787,0.0570263080298901,0.0884604603052139,-0.00747887464240193,0.0523065291345119,0,0.22395333647728,0.230748683214188,0.132431790232658,0.137482836842537,0.04819056391716,0.0729521363973618,-0.021302280947566,0.050532378256321,0.198265895247459,-0.0471125803887844,0.165602669119835,0.00990039203315973,0.0683959499001503,0.018780779093504,0.00613015936687589,0.0333426482975483,0.0115388249978423,0.131672158837318,0.0239922553300858,0.0800834521651268,0.0989404171705246,0.0227082706987858,-0.0505331605672836,0.0659206435084343,0.120696291327477,0.0420882850885391,-0.0590896904468536,-0.0109277842566371,0.175933092832565,0.0956363156437874,0.19429287314415,0.0733571574091911,0.154926091432571,0.136941850185394,0.105177402496338,0.0778281688690186,0.0560138784348965,-0.00217898213304579,0.113874219357967,-0.0278995838016272,-0.019428750500083,0.123355939984322,0.186309605836868,-0.0343890450894833,0.17166206240654,0.0467513464391232,0.061663631349802,0.0309869721531868,-0.0110343368723989,0.0606231614947319,0.0215388257056475,0.14628592133522,0.017233170568943,0.0926161557435989,0.0851635932922363,0.0604061484336853,-0.0114378314465284,0.0365303345024586,0.0718070864677429,0.0870521888136864,-0.0321536362171173,0.0389045812189579,0.181553184986115,0.075269490480423,0.186809316277504,0.0674606785178185,0.175313115119934,0.137449160218239,0.108109727501869,0.123999454081059,0.0243144799023867,-0.00160446623340249,0.151719987392426,-0.0352616012096405,-0.00408552633598447,0.123954340815544,0.175727307796478
0.72064197063446,0.352770447731018,0.288095325231552,0.259480059146881,0.0966866090893745,0.060044065117836,-0.0391244255006313,0.0405784733593464,0.22395333647728,0,0.323762804269791,0.282688021659851,0.218465760350227,0.101653598248959,0.0519291050732136,-0.0520812012255192,0.033044371753931,0.231113985180855,-0.0778814181685448,0.229064792394638,0.268336862325668,0.00559275643900037,0.0501247644424438,-0.0780601054430008,0.219662621617317,0.22992816567421,0.151454120874405,-0.0549598783254623,0.209178894758224,0.0141068799421191,-0.0129498010501266,0.0509860217571259,0.0456023141741753,0.193702280521393,0.234585613012314,0.0955289378762245,0.194172546267509,0.13393147289753,0.263124346733093,0.310988515615463,0.272396773099899,0.241463422775269,0.0859366580843925,0.46064567565918,0.274118959903717,0.252042770385742,-0.133642435073853,0.387624859809875,-0.0199677292257547,-0.00458135874941945,0.037265706807375,0.228956818580627,-0.150083601474762,0.16982065141201,0.135356932878494,-0.00243202038109303,0.0264736190438271,-0.092370979487896,0.119920946657658,0.128153324127197,0.105594374239445,-0.0278672818094492,0.102234981954098,0.000463196978671476,-0.0158475041389465,0.00495808990672231,0.0300411432981491,0.129921406507492,0.14084704220295,0.0337844006717205,0.0527623184025288,0.149108648300171,0.155389621853828,0.262705624103546,0.168905213475227,0.15611320734024,0.0533510074019432,0.231913670897484,0.094036839902401,0.0900344550609589,-0.10899893194437,0.328465610742569,-0.0350880473852158,-0.0562196671962738,0.0590001009404659,0.191953092813492
0.41995045542717,0.490057408809662,0.273377120494843,0.284145146608353,0.104794539511204,0.000244250521063805,-0.102249525487423,0.0765853077173233,0.230748683214188,0.323762804269791,0,0.328154474496841,0.309738755226135,0.113453790545464,-0.00979232043027878,-0.109376527369022,0.0938633680343628,0.250750660896301,-0.191558197140694,0.291215747594833,-0.0155896097421646,0.0681326240301132,0.0167858563363552,-0.0677202269434929,0.0149754751473665,-0.0141264284029603,0.145193263888359,0.0683896988630295,0.128574252128601,0.111029244959354,-0.0611771047115326,-0.187376648187637,0.0141726341098547,0.120766766369343,0.0360891558229923,-0.145554393529892,-0.0644059106707573,0.238104045391083,0.0558301135897636,0.346313774585724,0.0694874599575996,0.197630241513252,0.185456514358521,0.196692317724228,0.0741939023137093,0.0947121828794479,-0.16640904545784,0.220561772584915,-0.0845017656683922,-0.076292559504509,0.16530667245388,0.284453094005585,-0.137679323554039,0.304392993450165,0.157519236207008,0.0808277502655983,0.00929412245750427,-0.0949012488126755,0.155640810728073,0.00843657087534666,0.197721511125565,0.0436632670462132,0.191486731171608,0.0698127970099449,-0.00228506489656866,-0.0604633539915085,0.0103401308879256,0.12823711335659,0.244168400764465,-0.00416056625545025,0.15398445725441,0.27433168888092,0.0395142585039139,0.400076985359192,0.110499933362007,0.268851906061172,0.204999461770058,0.314033538103104,0.270123571157455,0.0749237164855003,-0.138319253921509,0.319740355014801,-0.035786435008049,-0.101406738162041,0.169084504246712,0.305283695459366
0.361395001411438,0.268003284931183,0.57854688167572,0.377671003341675,0.114041656255722,0.0253840051591396,-0.045289296656847,0.130143076181412,0.132431790232658,0.282688021659851,0.328154474496841,0,0.402911931276321,0.0850146189332008,0.0253274161368608,-0.0346765704452991,0.145757153630257,0.155876412987709,-0.0798747986555099,0.21083664894104,0.0634964928030968,-0.0247017107903957,-0.00786380376666784,-0.0538495853543282,7.30473548173904e-05,0.0299587287008762,0.0850028768181801,0.0207984857261181,0.190368413925171,0.00645717279985547,-0.0460507310926914,-0.135882064700127,-0.0277109146118164,0.0363373048603535,0.195933654904366,-0.0482998751103878,0.10764167457819,0.0956836715340614,0.00542899081483483,0.22711306810379,0.0612704530358315,0.0680178552865982,0.174592971801758,0.230973199009895,0.114090748131275,0.0740930140018463,-0.101283088326454,0.18306939303875,-0.0838454887270927,-0.0699351727962494,0.0679403096437454,0.196016490459442,-0.0285736378282309,0.238001018762589,0.190408647060394,-0.0481723509728909,0.0222430713474751,-0.0733606591820717,0.0914699882268906,0.0612657256424427,0.0907275453209877,-0.000549406686332077,0.240245178341866,-0.0270356237888336,0.00535333901643753,-0.0479846447706223,0.00881646852940321,0.039593268185854,0.282484769821167,0.054632905870676,0.229811757802963,0.103298917412758,-0.0456548295915127,0.270328402519226,0.0787348225712776,0.123012661933899,0.186734721064568,0.28967422246933,0.235072657465935,0.0316426008939743,-0.0913673490285873,0.2483069896698,-0.054350808262825,-0.0567796900868416,0.0615108907222748,0.219075903296471
0.296569317579269,0.259109318256378,0.378240823745728,0.646289825439453,0.168824508786201,0.0024352956097573,-0.0294982492923737,0.103561729192734,0.137482836842537,0.218465760350227,0.309738755226135,0.402911931276321,0,0.144838243722916,0.00694590713828802,-0.00906659942120314,0.117854632437229,0.160291403532028,-0.0569962821900845,0.270122468471527,-0.0339449197053909,0.0321324579417706,0.0147983375936747,-0.0246256589889526,-0.0917501151561737,0.00244946009479463,-0.00402432586997747,0.0538582392036915,0.13603276014328,0.0456846728920937,-0.069486565887928,-0.164635419845581,-0.0225994903594255,0.162412285804749,0.151575103402138,-0.10958968102932,0.0463114678859711,0.13128437101841,0.116789095103741,0.217428296804428,0.220599204301834,0.0192919783294201,0.109848514199257,0.13776096701622,0.120314434170723,0.102607041597366,-0.0479622110724449,0.22832091152668,-0.0859611332416534,-0.0478272922337055,0.126505985856056,0.320610374212265,0.00875975284725428,0.289454609155655,0.0368895046412945,0.0255525521934032,0.0155373467132449,-0.0230656880885363,-0.0307700876146555,0.0298574641346931,0.00852958019822836,0.046796552836895,0.190457880496979,0.0230949800461531,-0.0366176255047321,-0.115330822765827,-0.00330009148456156,0.154247552156448,0.295727461576462,-0.037202674895525,0.187529176473618,0.148341909050941,0.119023591279984,0.252457827329636,0.290363878011703,0.0756696984171867,0.129135727882385,0.205912038683891,0.198136538267136,0.096707284450531,-0.0110337501391768,0.327811390161514,-0.0858080387115479,-0.0476040244102478,0.127747878432274,0.378249943256378
0.116231568157673,0.0973460450768471,0.0681581571698189,0.125922873616219,0.0452407784759998,-0.0173783581703901,-0.0246171914041042,0.0143462186679244,0.04819056391716,0.101653598248959,0.113453790545464,0.0850146189332008,0.144838243722916,0,-0.00907517410814762,-0.0278146918863058,0.00640194863080978,0.0926675051450729,-0.0259551964700222,0.13199320435524,-0.0397088378667831,0.0151422964408994,0.0115101672708988,-0.0214459933340549,-0.027990436181426,-0.0197025332599878,0.0142515320330858,-0.0105093726888299,0.0325935855507851,0.0186209082603455,-0.0318488776683807,-0.0582559555768967,-0.00108490837737918,0.0588085614144802,0.0257232021540403,-0.0445685796439648,-0.00811265408992767,0.0610647238790989,0.0647592097520828,0.0897005870938301,0.0688339397311211,0.0400322861969471,0.0559907853603363,0.045653473585844,0.0494496896862984,0.0188769474625587,-0.0178039036691189,0.083670362830162,-0.0417998246848583,-0.0130152394995093,0.0753388479351997,0.124030902981758,-0.0175120271742344,0.107094086706638,0.00423731096088886,0.0165422521531582,0.00342470081523061,-0.023563215509057,-0.00268337270244956,-0.0103130508214235,0.0272536538541317,-0.0122160650789738,0.0332976318895817,0.0195111315697432,-0.00995211582630873,-0.0314158760011196,-0.00527994381263852,0.0687064304947853,0.079195998609066,-0.0318659469485283,0.0575227104127407,0.0742608532309532,0.068248949944973,0.0927669480443001,0.087141640484333,0.0501004010438919,0.070929080247879,0.0708103254437447,0.0941496938467026,0.00591216702014208,-0.0156689304858446,0.122082069516182,-0.0279522594064474,-0.02698246948421,0.0640994980931282,0.136263325810432
-0.00256137643009424,-0.00378129980526865,0.0318575166165829,0.00608438579365611,-0.00473941117525101,0.437531501054764,0.173712894320488,0.0344647020101547,0.0729521363973618,0.0519291050732136,-0.00979232043027878,0.0253274161368608,0.00694590713828802,-0.00907517410814762,0,0.212276324629784,0.0404243655502796,0.0683039203286171,0.0502096749842167,0.0354220308363438,0.135595545172691,0.0826039016246796,0.110487274825573,0.226274073123932,0.22827672958374,0.129776999354362,0.325841039419174,0.121457815170288,0.0843386650085449,0.0997049808502197,0.308366715908051,0.178122296929359,0.270609945058823,0.0706961154937744,-0.0385070331394672,-0.0117019899189472,-0.0463470257818699,0.0628797560930252,0.0728361755609512,0.0837341919541359,0.0539785102009773,0.258843451738358,0.241255134344101,-0.0205137953162193,0.161839932203293,0.0728927627205849,0.211166262626648,-0.0875607803463936,0.046404592692852,0.131440654397011,0.0915505960583687,0.0761638581752777,0.0341067612171173,0.0389511100947857,0.0548428595066071,0.0702689066529274,0.103349164128304,0.221313983201981,0.159157976508141,0.1317258477211,0.304607957601547,0.110011540353298,0.0533363968133926,0.093871958553791,0.26987087726593,0.157959833741188,0.276201099157333,0.0608631148934364,-0.0897869691252708,-0.0514794327318668,-0.0759103447198868,0.0530693829059601,0.100793421268463,0.0633459836244583,0.0454285256564617,0.24538442492485,0.177333474159241,-0.0666035562753677,0.0946027785539627,0.065435603260994,0.201881572604179,-0.0918208360671997,0.0362009517848492,0.141454145312309,0.095703162252903,0.0707830637693405
-0.0973141640424728,-0.0948941558599472,-0.0334873199462891,-0.0177534390240908,-0.0277002919465303,0.166802868247032,0.250036001205444,0.00248044217005372,-0.021302280947566,-0.0520812012255192,-0.109376527369022,-0.0346765704452991,-0.00906659942120314,-0.0278146918863058,0.212276324629784,0,0.0145069705322385,-0.00546904606744647,0.11643648147583,-0.0357341095805168,0.0476845353841782,0.0241619311273098,0.0735025405883789,0.165152296423912,0.0474659353494644,0.119195878505707,-0.00802877452224493,0.0210921838879585,0.0150433946400881,0.028312848880887,0.135773926973343,0.127736210823059,0.0922619476914406,0.0186477098613977,0.00579699454829097,0.0436179451644421,0.0483106300234795,-0.0541483722627163,0.0386060662567616,-0.107354640960693,0.0680996254086494,-0.0284968819469213,0.00439836550503969,-0.107377462089062,0.0435423590242863,0.0295274648815393,0.201204434037209,-0.0656259953975677,0.0416691564023495,0.106456927955151,0.011458482593298,0.0234465841203928,0.100749127566814,-0.038291297852993,-0.0235021933913231,0.0125109348446131,0.0419096760451794,0.174389123916626,-0.00933421682566404,0.117304347455502,-0.0253031309694052,0.0198192968964577,-0.00350276241078973,0.0243875067681074,0.0980074778199196,0.0889947637915611,0.0999002456665039,0.0220294333994389,-0.0251226965337992,-0.0107839209958911,0.00672315713018179,-0.0628876760601997,0.0576238296926022,-0.127894222736359,0.0726370215415955,-0.0508155599236488,-0.0274610258638859,-0.144505187869072,-0.0172691270709038,0.0380046702921391,0.207162082195282,-0.0893097817897797,0.0269461572170258,0.129818975925446,0.00191038707271218,0.0180355440825224
0.0438092276453972,0.0561505220830441,0.118894286453724,0.0962621495127678,0.0221010763198137,0.0417837537825108,-0.00978618394583464,0.110513791441917,0.050532378256321,0.033044371753931,0.0938633680343628,0.145757153630257,0.117854632437229,0.00640194863080978,0.0404243655502796,0.0145069705322385,0,0.0679744258522987,-0.0219768267124891,0.0890030339360237,-0.0483349561691284,0.0286511462181807,0.0166702587157488,-0.00555279897525907,-0.0183306559920311,-0.0351998917758465,0.0813237130641937,0.0336078256368637,0.0165898222476244,0.0313483737409115,0.0569919012486935,-0.0668027922511101,0.00864723790436983,0.0304238423705101,-0.0207404792308807,-0.0809938535094261,-0.0618885159492493,0.0469202883541584,0.00580715714022517,0.0638522133231163,-0.00416572391986847,0.0730178579688072,0.123546056449413,-0.0113051775842905,0.0181664619594812,0.00154208729509264,0.0131775122135878,-0.0285853315144777,-0.0129375020042062,-0.0139853125438094,0.0432854667305946,0.0636467933654785,-0.0115699078887701,0.0763761401176453,-0.0372982360422611,0.0284039732068777,0.00750475795939565,0.0161175895482302,-0.0199049506336451,-0.0148422727361321,0.0701618269085884,0.0291944686323404,0.02475799433887,0.0196648072451353,0.051002211868763,-0.0362686030566692,0.0227577332407236,0.0345196910202503,-0.0103650819510221,-0.102368481457233,-0.0269384495913982,0.0494111850857735,-0.00371519732289016,0.0728533416986465,0.000554999278392643,0.0730021670460701,0.117047920823097,0.0196951162070036,0.0166946947574615,0.00245626247487962,0.0215324182063341,0.0180031321942806,-0.0181114617735147,-0.00291092344559729,0.0471058338880539,0.0705457925796509
0.26677617430687,0.209775134921074,0.156750276684761,0.150772795081139,0.0627736300230026,0.0710965767502785,-0.0302752330899239,0.0662780031561852,0.198265895247459,0.231113985180855,0.250750660896301,0.155876412987709,0.160291403532028,0.0926675051450729,0.0683039203286171,-0.00546904606744647,0.0679744258522987,0,-0.0616262033581734,0.164545774459839,0.0376499034464359,0.0524523034691811,0.0428096279501915,0.0114624379202724,0.0589977689087391,0.0329066179692745,0.12352892011404,0.024149801582098,0.0926182791590691,0.0914751887321472,0.0175057798624039,-0.0273907948285341,0.071981281042099,0.0916995108127594,0.030760433524847,-0.0536162815988064,-0.00628587324172258,0.16575214266777,0.0774982050061226,0.187308818101883,0.0645078495144844,0.15856659412384,0.136823996901512,0.115602180361748,0.080979011952877,0.0598690286278725,0.0103033222258091,0.132419750094414,-0.0344104915857315,0.0265054926276207,0.168106958270073,0.192748099565506,-0.0059885336086154,0.183150410652161,0.103391796350479,0.0641912519931793,0.0272479988634586,0.00961864087730646,0.109329670667648,0.0427251309156418,0.150896891951561,0.0264221802353859,0.117282092571259,0.0798371434211731,0.069021500647068,0.0212840996682644,0.0582860112190247,0.110621564090252,0.119762748479843,0.0130564514547586,0.0859592333436012,0.182664752006531,0.0741501152515411,0.205103144049644,0.0860500708222389,0.194515720009804,0.143141180276871,0.152989253401756,0.16425122320652,0.0548688732087612,0.0207752585411072,0.173697352409363,0.00195157655980438,0.00226109731011093,0.135679602622986,0.214531913399696
-0.167075738310814,-0.108611345291138,-0.0351708084344864,-0.0507680624723434,-0.0181995872408152,0.0653551295399666,0.152448788285255,-0.0338725373148918,-0.0471125803887844,-0.0778814181685448,-0.191558197140694,-0.0798747986555099,-0.0569962821900845,-0.0259551964700222,0.0502096749842167,0.11643648147583,-0.0219768267124891,-0.0616262033581734,0,-0.0270091369748116,0.217947781085968,0.0496167242527008,0.0410613752901554,0.262535780668259,0.175766661763191,0.256739169359207,-0.178306013345718,0.0798004567623138,0.0742539539933205,0.0797164216637611,0.00622310442849994,0.537646412849426,-0.00258949515409768,0.00395754538476467,0.480451226234436,0.202022105455399,0.540552616119385,-0.0380839481949806,0.0864763855934143,-0.0959530174732208,0.182352855801582,-0.0789627283811569,-0.138975322246552,0.0156662575900555,0.173477932810783,0.105329178273678,0.723055303096771,0.251605212688446,0.0995338410139084,0.151597544550896,0.172689259052277,0.142895758152008,0.643845081329346,-0.0389740765094757,0.0227079167962074,0.0305239856243134,0.0201606061309576,0.220159843564034,-0.00052516529103741,0.17889416217804,-0.213281244039536,0.0840034186840057,0.00799652654677629,0.0733635351061821,-0.0685890093445778,0.289652526378632,0.0223006475716829,0.023157149553299,0.220600515604019,0.139969989657402,0.249526664614677,-0.068357415497303,0.128144308924675,-0.157006323337555,0.144358456134796,-0.151126563549042,-0.120866775512695,-0.0980885028839111,0.00511519704014063,0.0779474526643753,0.606376171112061,0.0665868818759918,0.0401596687734127,0.156025111675262,0.175434350967407,0.107493862509727
0.235888853669167,0.262281686067581,0.204287812113762,0.298142075538635,0.106948636472225,0.0419209524989128,-0.0392120145261288,0.0906032621860504,0.165602669119835,0.229064792394638,0.291215747594833,0.21083664894104,0.270122468471527,0.13199320435524,0.0354220308363438,-0.0357341095805168,0.0890030339360237,0.164545774459839,-0.0270091369748116,0,-0.104553483426571,0.173640862107277,0.0539621338248253,0.0233731511980295,-0.111786581575871,-0.0141712920740247,0.0082732867449522,0.0374525003135204,0.207645803689957,0.196762830018997,-0.0960029810667038,-0.265651106834412,0.0073708170093596,0.389152050018311,0.205363839864731,-0.222479790449142,0.0155147751793265,0.288848131895065,0.329163789749146,0.414010137319565,0.39742636680603,0.0966335907578468,0.272351264953613,0.260744005441666,0.320829510688782,0.269724577665329,0.0518726147711277,0.374490588903427,-0.127458706498146,-0.0433915853500366,0.289241284132004,0.567074060440063,0.0332806035876274,0.584303140640259,-0.0953701287508011,0.18828709423542,0.0117194727063179,0.00847701542079449,-0.106123313307762,0.00492701912298799,0.0559264235198498,0.0451637469232082,0.179358035326004,0.167811363935471,-0.0424008183181286,-0.233380928635597,0.0265232045203447,0.368624329566956,0.306533128023148,-0.234858706593513,0.117586560547352,0.287494003772736,0.284229964017868,0.441773504018784,0.395576030015945,0.165856689214706,0.273664325475693,0.24875907599926,0.298574894666672,0.22255639731884,0.0519771687686443,0.468245327472687,-0.156783863902092,-0.0798439234495163,0.240389302372932,0.555364966392517
0.059045035392046,0.0506273321807384,0.123485706746578,-0.0267783049494028,0.00170848914422095,0.148816913366318,0.050398200750351,-0.0584679767489433,0.00990039203315973,0.268336862325668,-0.0155896097421646,0.0634964928030968,-0.0339449197053909,-0.0397088378667831,0.135595545172691,0.0476845353841782,-0.0483349561691284,0.0376499034464359,0.217947781085968,-0.104553483426571,0,-0.134294465184212,0.0700095519423485,0.182653471827507,0.726015150547028,0.564903974533081,0.202429905533791,-0.0728397741913795,0.286097019910812,-0.0857043191790581,0.116706565022469,0.483384221792221,0.170122757554054,-0.0780143290758133,0.563922524452209,0.461230278015137,0.547819316387177,-0.121417917311192,-0.00157922378275543,0.112772338092327,0.127694517374039,0.324508845806122,-0.03612045571208,0.706725776195526,0.425145715475082,0.395983278751373,0.0631067231297493,0.46386855840683,0.0269816163927317,0.00784891378134489,-0.0116764707490802,-0.0406463854014874,0.0270378924906254,-0.110529117286205,0.650923490524292,-0.189426273107529,0.0623265467584133,0.105560943484306,0.530848264694214,0.310080498456955,0.0692787542939186,-0.039262343198061,0.0930150076746941,-0.0845872610807419,0.0577198602259159,0.305098742246628,0.126741424202919,-0.0658112540841103,0.248773694038391,0.348495036363602,0.207096010446548,-0.124822027981281,0.00911697838455439,-0.0137700065970421,0.053348682820797,0.165295958518982,-0.116859026253223,0.267231285572052,0.093756414949894,0.168259486556053,0.0515178218483925,0.0899571850895882,0.0760657712817192,0.0208584256470203,0.00174796546343714,-0.0989573523402214
-0.0214222781360149,0.087626613676548,0.0019989546854049,0.0348520502448082,0.00384475267492235,0.0971632450819016,0.0273691285401583,0.0217056255787611,0.0683959499001503,0.00559275643900037,0.0681326240301132,-0.0247017107903957,0.0321324579417706,0.0151422964408994,0.0826039016246796,0.0241619311273098,0.0286511462181807,0.0524523034691811,0.0496167242527008,0.173640862107277,-0.134294465184212,0,0.0195310451090336,0.335073292255402,0.0550708100199699,-0.13066378235817,0.12340372800827,0.245431929826736,0.0351659059524536,0.91995906829834,0.00864152144640684,-0.141563564538956,0.151378720998764,0.348747581243515,-0.0681905001401901,-0.18662403523922,-0.134547248482704,0.87788200378418,0.29176464676857,0.0872101113200188,0.285930991172791,0.276622742414474,0.0723474100232124,-0.0243340209126472,0.0811466053128242,0.643209338188171,0.182610213756561,0.0184171330183744,-0.0353456698358059,0.0182029344141483,0.195861384272575,0.233579233288765,0.0850647240877151,0.165533825755119,-0.232311934232712,0.973300635814667,0.00354189705103636,0.380694001913071,-0.0564143285155296,-0.0730741322040558,0.159407719969749,0.319069415330887,-0.00698562059551477,0.910011291503906,-0.0102574117481709,-0.176212221384048,0.162443071603775,0.322714000940323,-0.0881678536534309,-0.249764904379845,-0.14709235727787,0.83955842256546,0.341821014881134,0.0856464356184006,0.300615519285202,0.314621597528458,0.0869126319885254,-0.0777796134352684,0.00161392288282514,0.594848394393921,0.162797391414642,0.0589887164533138,-0.0735717117786407,0.019013773649931,0.162876188755035,0.211115196347237
0.022556446492672,0.0207209382206202,0.0106473620980978,0.0105139231309295,0.01063999440521,0.136694148182869,0.0738872140645981,0.000196491368114948,0.018780779093504,0.0501247644424438,0.0167858563363552,-0.00786380376666784,0.0147983375936747,0.0115101672708988,0.110487274825573,0.0735025405883789,0.0166702587157488,0.0428096279501915,0.0410613752901554,0.0539621338248253,0.0700095519423485,0.0195310451090336,0,0.161067068576813,0.111975662410259,0.144330322742462,0.061331432312727,0.0356361418962479,0.0971459001302719,0.0432475432753563,0.0928894653916359,0.108323618769646,0.098997488617897,0.0310552697628736,0.0688033849000931,0.0388062000274658,0.0712951570749283,0.0256336275488138,0.0463411509990692,0.0445261001586914,0.0552413575351238,0.0474216900765896,0.0623841546475887,0.0443374589085579,0.0712981596589088,0.0913903266191483,0.107626244425774,0.0635858178138733,0.0331712961196899,0.103793375194073,0.0500682815909386,0.102009743452072,0.0167896803468466,0.0245145652443171,0.0385747216641903,0.00866152811795473,0.0550358667969704,0.131393119692802,0.0757070630788803,0.116427451372147,0.0605874955654144,0.027812872081995,0.0607401989400387,0.0421399399638176,0.085075668990612,0.0735763907432556,0.0850213170051575,0.00914074294269085,0.054021667689085,0.0134444460272789,0.0445880256593227,0.018771106377244,0.0370701849460602,0.0351171679794788,0.0466971360146999,0.0604568086564541,0.0335205085575581,-0.00467181392014027,0.0457148440182209,0.0758908912539482,0.0785837769508362,0.0370244905352592,0.018111951649189,0.0506748966872692,0.02976337634027,0.0908522382378578
-0.0591404996812344,-0.0502411313354969,-0.0371415168046951,-0.0203824490308762,-0.0130709167569876,0.217076808214188,0.175823375582695,-0.0089386124163866,0.00613015936687589,-0.0780601054430008,-0.0677202269434929,-0.0538495853543282,-0.0246256589889526,-0.0214459933340549,0.226274073123932,0.165152296423912,-0.00555279897525907,0.0114624379202724,0.262535780668259,0.0233731511980295,0.182653471827507,0.335073292255402,0.161067068576813,0,0.312413841485977,0.347500890493393,0.0716310665011406,0.537911653518677,0.0982185304164886,0.516781210899353,0.169185891747475,0.20201875269413,0.323882609605789,0.10411561280489,0.130750462412834,0.0348492488265038,0.0971148610115051,0.285334408283234,0.0933211073279381,-0.0499540604650974,0.146407335996628,0.101237066090107,0.040339682251215,-0.0204313360154629,0.0953260809183121,0.510722517967224,0.33739772439003,0.00547434529289603,0.0654417052865028,0.152008265256882,0.116839483380318,0.134429454803467,0.241971328854561,0.043567068874836,0.0482630506157875,0.30313703417778,0.105728827416897,0.80782163143158,0.187652826309204,0.348675608634949,0.0739345028996468,0.499177068471909,0.0701320692896843,0.516282558441162,0.131959140300751,0.18403647840023,0.343879699707031,0.114630110561848,0.110532186925411,-0.0287587754428387,0.128106594085693,0.215956673026085,0.147132813930511,-0.0384147427976131,0.184213012456894,0.14584381878376,0.0394525900483131,-0.0742077529430389,0.0512657910585403,0.512588143348694,0.267929255962372,-0.00296894717030227,0.0408909544348717,0.136725530028343,0.0900446400046349,0.0975115448236465
