0,0.340053200721741,0.266048073768616,0.288083970546722,0.0906384140253067,-0.00670444313436747,-0.0874451324343681,0.0591569766402245,0.212259814143181,0.722250699996948,0.421507179737091,0.356893241405487,0.299771577119827,0.117768689990044,0.0028274692595005,-0.0980195701122284,0.0416982471942902,0.266953587532043,-0.162367150187492,0.244241148233414,0.0396607182919979,-0.00778928957879543,0.0201250072568655,-0.0674233064055443,0.0486474446952343,0.130311161279678,0.0856999009847641,0.0133118443191051,0.176720559597015,-0.000462289870483801,-0.162714049220085,-0.119869455695152,0.00817524641752243,0.141558587551117,0.0728703513741493,-0.0757722705602646,0.0074987756088376,0.113984622061253,0.0924716666340828,0.366271913051605,0.0943540409207344,0.176454931497574,0.0967637747526169,0.361384332180023,0.0330058671534061,0.171742051839828,-0.165359690785408,0.344916045665741,-0.104157477617264,-0.0663396418094635,0.0408671721816063,0.230842009186745,-0.0302797239273787,0.279103666543961,0.388258427381516,-0.00192411174066365,0.0356734022498131,-0.0865620523691177,0.330805748701096,0.2322648614645,0.179570883512497,-0.00516687566414475,0.307059675455093,-0.0276265423744917,-0.0384004525840282,0.105506464838982,0.0196026898920536,0.157340854406357,0.379900544881821,0.175930812954903,0.27966895699501,0.137652054429054,0.0927650853991508,0.453096717596054,0.20013353228569,0.303923010826111,0.17700831592083,0.5785271525383,0.376801908016205,0.185961931943893,-0.119722932577133,0.525794148445129,-0.0157233513891697,-0.0873953625559807,0.0564355999231339,0.285467982292175
0.340053200721741,0,0.248961538076401,0.276730835437775,0.115952916443348,0.00807780493050814,-0.079866923391819,0.0734801441431046,0.227788299322128,0.357266038656235,0.510502338409424,0.267530977725983,0.261517494916916,0.101682350039482,-0.00881397165358067,-0.101646855473518,0.0600109323859215,0.216579124331474,-0.124177470803261,0.271499395370483,0.025012357160449,0.107731744647026,0.0156301446259022,-0.0695425719022751,0.051634207367897,0.0261934045702219,0.140478372573853,0.071953073143959,0.138843536376953,0.138429865241051,-0.0357506945729256,-0.125898614525795,0.00826064310967922,0.180081784725189,0.089983843266964,-0.0796020328998566,-0.000850036507472396,0.239975914359093,0.144468322396278,0.343895643949509,0.118266329169273,0.195631593465805,0.16503681242466,0.214297652244568,0.153997227549553,0.119265057146549,-0.113566167652607,0.226051703095436,-0.0517493598163128,-0.0630057826638222,0.175522521138191,0.291940182447433,-0.133626446127892,0.262887179851532,0.0444020964205265,0.107382893562317,0.013511854223907,-0.0884919241070747,0.0509240850806236,-0.0197634249925613,0.137151554226875,0.0654026567935944,0.128293558955193,0.0939368307590485,-0.014392277225852,-0.106938488781452,-0.0232797153294086,0.119219869375229,0.145840510725975,-0.037016075104475,0.0645986273884773,0.276581227779388,0.0911061465740204,0.325619101524353,0.09334696829319,0.191817045211792,0.156997591257095,0.184955641627312,0.153454944491386,0.061429750174284,-0.128441512584686,0.212943881750107,-0.0587521642446518,-0.0807122811675072,0.161687254905701,0.269110083580017
0.266048073768616,0.248961538076401,0,0.404939085245132,0.112739324569702,0.0362750999629498,-0.0166649166494608,0.146347716450691,0.141793116927147,0.282913714647293,0.275676757097244,0.589133739471436,0.390840023756027,0.070067822933197,0.0337314493954182,-0.0298545323312283,0.124122843146324,0.152402117848396,-0.0392053201794624,0.202489271759987,0.103503666818142,0.0132612073794007,0.00967126712203026,-0.0456934161484241,0.0214408170431852,0.0384543649852276,0.0877072960138321,0.00385743519291282,0.192811504006386,0.02912512794137,-0.00940800085663795,-0.0789071843028069,-0.0286271572113037,0.0544757060706615,0.222523555159569,-0.0156844314187765,0.140764445066452,0.0932629257440567,0.0214506108313799,0.205781042575836,0.0844948142766953,0.0846273377537727,0.174383923411369,0.243673786520958,0.190722048282623,0.0506844855844975,-0.0668995231389999,0.173192337155342,-0.0517776720225811,-0.046539768576622,0.0767266750335693,0.185995891690254,-0.0264690592885017,0.175216898322105,0.0993411988019943,-0.000596869678702205,0.0309536252170801,-0.0663431063294411,0.015086111612618,0.0184368174523115,0.0698169246315956,0.00785995833575726,0.164005801081657,-0.00237458967603743,0.00161204719915986,-0.0818032920360565,-0.0187702737748623,0.0327653177082539,0.193434834480286,-0.0246455501765013,0.139685049653053,0.103773027658463,-0.000731285545043647,0.202470913529396,0.0910320952534676,0.0796333476901054,0.128226757049561,0.169314488768578,0.151873096823692,0.00145971716847271,-0.0641568303108215,0.173932641744614,-0.0661428198218346,-0.0570308454334736,0.0846276432275772,0.18081060051918
0.288083970546722,0.276730835437775,0.404939085245132,0,0.207989990711212,0.0142207378521562,-0.00741714425384998,0.112897202372551,0.143448159098625,0.271696120500565,0.28658589720726,0.389599859714508,0.659446835517883,0.130325183272362,0.0109215388074517,-0.0173903740942478,0.100278325378895,0.150528803467751,-0.0715275853872299,0.304617136716843,-0.0429079383611679,0.0437353625893593,0.0109597072005272,-0.033741295337677,-0.0939057245850563,0.00685172621160746,0.012053276412189,0.0187457799911499,0.152098342776299,0.0510342679917812,-0.0326387993991375,-0.170836210250854,-0.0261463485658169,0.20210425555706,0.171086579561234,-0.0938982591032982,0.070010706782341,0.131533488631248,0.191071331501007,0.222642466425896,0.275858461856842,0.0410616770386696,0.133997946977615,0.165030688047409,0.159296944737434,0.110430426895618,-0.0299775972962379,0.2448760420084,-0.0720750018954277,-0.0227776803076267,0.133304446935654,0.353628873825073,-0.0245027411729097,0.287559002637863,0.00899071246385574,0.0459044128656387,0.0103858346119523,-0.0450653918087482,-0.0551226176321507,-0.0181221310049295,0.0288358386605978,0.0231161266565323,0.159330293536186,0.0308063812553883,-0.022950179874897,-0.140447929501534,0.0052440776489675,0.16615018248558,0.260746210813522,-0.0558569468557835,0.158916354179382,0.14985279738903,0.124435409903526,0.258859604597092,0.258897542953491,0.0823663994669914,0.141170412302017,0.183346465229988,0.180527910590172,0.084700807929039,-0.0419343151152134,0.305994272232056,-0.07174102216959,-0.0626805499196053,0.129293277859688,0.3578981757164
0.0906384140253067,0.115952916443348,0.112739324569702,0.207989990711212,0,-0.00154594390187413,-0.018426451832056,0.0226372648030519,0.0593429058790207,0.106337770819664,0.108282871544361,0.119202017784119,0.180453091859818,0.04775445535779,-0.0023526179138571,-0.0293413605540991,0.025389339774847,0.0645422860980034,-0.0185412932187319,0.112634345889091,-0.00174541224259883,0.00700081791728735,0.0104616731405258,-0.0165447760373354,-0.0209692679345608,0.0026293913833797,-0.00604845024645329,-0.0130327418446541,0.0758104771375656,0.005942995660007,-0.025242768228054,-0.0365096926689148,-0.0106708742678165,0.0279400050640106,0.0739590153098106,0.0067927585914731,0.0556217953562737,0.0527423843741417,0.0752609968185425,0.0940944477915764,0.0901595950126648,0.0117372842505574,0.0594500191509724,0.0781851038336754,0.0664926692843437,0.0112516330555081,0.0100048538297415,0.109875120222569,-0.0299406908452511,-0.0210463497787714,0.066101461648941,0.148473903536797,-0.00794218294322491,0.115980975329876,-0.0183270908892155,0.000974768947344273,-0.0135521460324526,-0.0381018631160259,-0.0387051701545715,-0.0127038881182671,-0.00290956743992865,-0.00492732785642147,0.0685279667377472,-0.00675856368616223,-0.0176570098847151,-0.0455233827233315,-0.022416427731514,0.0321652181446552,0.087023451924324,-0.00394593644887209,0.068438895046711,0.0556202940642834,0.0557717829942703,0.0834492743015289,0.0782762467861176,0.00288900942541659,0.0312314461916685,0.0471325926482677,0.0523209609091282,-0.0120881302282214,-0.00581895792856812,0.105806522071362,-0.0451428070664406,-0.0266355015337467,0.0495955646038055,0.136630862951279
-0.00670444313436747,0.00807780493050814,0.0362750999629498,0.0142207378521562,-0.00154594390187413,0,0.174507424235344,0.0222539883106947,0.0880042091012001,0.0545074641704559,-0.00828489474952221,0.0230025146156549,0.00393878668546677,-0.0161537397652864,0.444607943296432,0.175814762711525,0.0404521785676479,0.0693750753998756,0.0750249251723289,0.0457925088703632,0.153702616691589,0.0967995449900627,0.136832684278488,0.231800585985184,0.252270847558975,0.129927381873131,0.34471207857132,0.135397747159004,0.0923929363489151,0.128068163990974,0.299804955720901,0.216302633285522,0.281371057033539,0.0736229717731476,-0.0292587243020535,0.0255999527871609,-0.0188043955713511,0.0873298197984695,0.0918634310364723,0.102497383952141,0.061268575489521,0.272688835859299,0.230381980538368,-0.00179124437272549,0.184576883912086,0.0805171951651573,0.231428384780884,-0.059258945286274,0.0543649420142174,0.156174540519714,0.124276794493198,0.0872556418180466,0.0397145077586174,0.0291643869131804,0.0130096711218357,0.077801302075386,0.0935414284467697,0.223534867167473,0.136060878634453,0.0972853004932404,0.291201770305634,0.14153316617012,0.0208108332008123,0.117811515927315,0.281839191913605,0.145363703370094,0.242942914366722,0.0707900822162628,-0.112323634326458,-0.0477402247488499,-0.0881911367177963,0.0630583390593529,0.101571828126907,0.0398848131299019,0.0584693625569344,0.227022185921669,0.156265005469322,-0.0864069238305092,0.0845966562628746,0.0454276539385319,0.196082279086113,-0.0947157964110374,0.0513849295675755,0.127584308385849,0.104111693799496,0.0559439547359943
-0.0874451324343681,-0.079866923391819,-0.0166649166494608,-0.00741714425384998,-0.018426451832056,0.174507424235344,0,-0.00819345656782389,-0.00553215248510242,-0.0433632284402847,-0.107200503349304,-0.0431554764509201,-0.0303118992596865,-0.0240717921406031,0.181836888194084,0.256688505411148,-0.0118265524506569,-0.0335676781833172,0.155706241726875,-0.0372688360512257,0.0539507642388344,0.0209211800247431,0.0769313722848892,0.189871728420258,0.0753409117460251,0.13433612883091,0.00503450213000178,0.0723448023200035,0.0192970670759678,0.0348167270421982,0.16614393889904,0.168554350733757,0.0752462446689606,0.0153241753578186,0.0253031924366951,0.07721858471632,0.0722540020942688,-0.0174373742192984,0.0514750517904758,-0.123765267431736,0.0719808787107468,-0.0313238203525543,0.00446136202663183,-0.13395357131958,0.0692582502961159,0.0315495245158672,0.238630101084709,-0.0549480989575386,0.0452403053641319,0.136112868785858,0.0181127525866032,0.0305652413517237,0.0990215614438057,-0.0490149296820164,-0.0542711615562439,0.0118576213717461,0.0264341477304697,0.165910586714745,-0.0231202878057957,0.0782495886087418,-0.0251706596463919,0.0626036822795868,-0.0183633733540773,0.0341592989861965,0.0957072675228119,0.0927147045731544,0.0649712756276131,0.0227709356695414,-0.0542362555861473,-0.0162784792482853,-0.0214473437517881,-0.0364376716315746,0.0582822673022747,-0.136482581496239,0.0742426812648773,-0.0538333281874657,-0.0183337200433016,-0.189009740948677,-0.0110937226563692,0.0373286157846451,0.194871351122856,-0.118609115481377,0.0312077552080154,0.115825720131397,0.00299300299957395,0.000179721042513847
0.0591569766402245,0.0734801441431046,0.146347716450691,0.112897202372551,0.0226372648030519,0.0222539883106947,-0.00819345656782389,0,0.0558972135186195,0.0422357022762299,0.0779107883572578,0.130703672766685,0.108074866235256,0.0143607640638947,0.0350557565689087,0.00312768667936325,0.110308215022087,0.0656837299466133,-0.0385637059807777,0.0924239754676819,-0.0589723326265812,0.026860261335969,0.00045130864600651,-0.0116742458194494,-0.0447501763701439,-0.025336068123579,0.0537903495132923,0.0192395765334368,0.0235723238438368,0.0138659188523889,0.0624323599040508,-0.0624429732561111,0.0224277395755053,0.0487607643008232,-0.0219880994409323,-0.0853250548243523,-0.0716958418488503,0.0518361330032349,0.0255977641791105,0.0733132883906364,0.0182441622018814,0.0449156947433949,0.116259649395943,0.00118710787501186,0.0113256722688675,0.0078688794746995,0.00519135035574436,0.00506724696606398,-0.00624894583597779,0.000113863497972488,0.0483623817563057,0.0872452631592751,-0.0236751828342676,0.0765707641839981,-0.0390916094183922,0.0293946750462055,-1.15670263767242e-05,-0.00229021697305143,-0.0252397209405899,0.000671643880195916,0.0668379589915276,0.033739946782589,0.0335354804992676,0.00814481638371944,0.0628298819065094,-0.0455183684825897,0.00856171268969774,0.0494128800928593,0.000831749348435551,-0.0859083384275436,-0.0138140181079507,0.0588388592004776,0.0174595359712839,0.0778778046369553,0.0370673574507236,0.0562530532479286,0.0980196967720985,0.0195142421871424,0.0294278860092163,0.00691435253247619,0.0116280475631356,0.055567529052496,-0.0199650395661592,0.00318033155053854,0.0582095831632614,0.0919011980295181
0.212259814143181,0.227788299322128,0.141793116927147,0.143448159098625,0.0593429058790207,0.0880042091012001,-0.00553215248510242,0.0558972135186195,0,0.228493019938469,0.237494677305222,0.133076906204224,0.135537520051003,0.0529560931026936,0.0734620690345764,-0.0219081249088049,0.0541345067322254,0.20284104347229,-0.0532403439283371,0.16913877427578,-0.00270008761435747,0.0722900480031967,0.0150641538202763,-0.00529760029166937,0.0255539454519749,-0.00289001991041005,0.129122138023376,0.0168520845472813,0.0760240107774734,0.0986178144812584,0.0189708732068539,-0.0596860945224762,0.0636402741074562,0.132330760359764,0.0246610455214977,-0.0680394023656845,-0.0203623026609421,0.174763932824135,0.111031264066696,0.195975929498672,0.07780472189188,0.154788374900818,0.137437224388123,0.101429454982281,0.0734072476625443,0.0521443001925945,0.00115846609696746,0.113604202866554,-0.0335938446223736,-0.0196971446275711,0.128906399011612,0.187651678919792,-0.0390675291419029,0.175486773252487,0.0340820960700512,0.0673533752560616,0.0272041708230972,-0.021655673161149,0.0488285571336746,0.0107342097908258,0.151527270674706,0.0121626798063517,0.0914731249213219,0.0862712785601616,0.0619584061205387,-0.0204153805971146,0.0328475423157215,0.0836219862103462,0.0785607770085335,-0.0367827005684376,0.0310125481337309,0.182675197720528,0.0841349586844444,0.190875455737114,0.070624090731144,0.175524413585663,0.142375141382217,0.106342896819115,0.120139099657536,0.0183361414819956,-0.00252629839815199,0.150226593017578,-0.0390491373836994,-0.0077728508040309,0.128756314516068,0.181078985333443
0.722250699996948,0.357266038656235,0.282913714647293,0.271696120500565,0.106337770819664,0.0545074641704559,-0.0433632284402847,0.0422357022762299,0.228493019938469,0,0.334562122821808,0.281905949115753,0.229912668466568,0.105740197002888,0.0476252846419811,-0.0570260845124722,0.0330094732344151,0.239500164985657,-0.0901906564831734,0.248793035745621,0.217744946479797,0.0308147259056568,0.0471109598875046,-0.0934259220957756,0.17535337805748,0.207426592707634,0.137966722249985,-0.0663752108812332,0.195168524980545,0.0220512375235558,-0.0344436354935169,0.0240047052502632,0.0403352044522762,0.210237875580788,0.2039615213871,0.0728843212127686,0.170395329594612,0.140588089823723,0.294611036777496,0.321144223213196,0.295955091714859,0.224340245127678,0.0897107124328613,0.439849764108658,0.256732404232025,0.245832785964012,-0.124333411455154,0.388853520154953,-0.0320874266326427,-0.00873468443751335,0.0502007268369198,0.247297197580338,-0.143059194087982,0.192713379859924,0.109932422637939,0.0242717638611794,0.0262694247066975,-0.103074960410595,0.0921787545084953,0.114575587213039,0.101290613412857,-0.0375362634658813,0.101987034082413,0.0167080406099558,-0.0268868543207645,-0.0100639862939715,0.0261591598391533,0.151881784200668,0.151001662015915,0.0262498781085014,0.0473396293818951,0.159702286124229,0.176571667194366,0.282240360975266,0.192057922482491,0.152038812637329,0.0663165152072906,0.241953730583191,0.0920200422406197,0.0982385650277138,-0.106758520007133,0.352006703615189,-0.0546459294855595,-0.0631247907876968,0.0681875944137573,0.216224759817123
0.421507179737091,0.510502338409424,0.275676757097244,0.28658589720726,0.108282871544361,-0.00828489474952221,-0.107200503349304,0.0779107883572578,0.237494677305222,0.334562122821808,0,0.331742018461227,0.30971422791481,0.114366881549358,-0.0197311956435442,-0.11558136343956,0.098544217646122,0.257199376821518,-0.206510156393051,0.300057590007782,-0.0332669541239738,0.0853825584053993,0.0115008065477014,-0.0894181132316589,0.00211033853702247,-0.0350515469908714,0.140880793333054,0.0571980960667133,0.121078930795193,0.114476442337036,-0.0707879960536957,-0.205085515975952,0.00451763812452555,0.130832478404045,0.0138731896877289,-0.152559280395508,-0.066118486225605,0.243407517671585,0.0651730671525002,0.35375839471817,0.0630196034908295,0.193499222397804,0.191651120781898,0.20386429131031,0.0726709365844727,0.0809557214379311,-0.167637676000595,0.211799919605255,-0.0939183607697487,-0.0824685916304588,0.174775868654251,0.281747072935104,-0.155482307076454,0.310867100954056,0.131851598620415,0.0961219966411591,0.00380976148881018,-0.114491172134876,0.129216492176056,-0.0175494309514761,0.19482958316803,0.0349941663444042,0.183562904596329,0.0722443163394928,-0.0112575786188245,-0.0867285653948784,-0.00820617377758026,0.140705615282059,0.225460886955261,-0.0123771326616406,0.140716135501862,0.285834282636642,0.0493167452514172,0.404443204402924,0.105417191982269,0.262292057275772,0.207470789551735,0.307783395051956,0.250909686088562,0.0623401775956154,-0.149900883436203,0.302126824855804,-0.0493225380778313,-0.112029723823071,0.17612224817276,0.307169497013092
0.356893241405487,0.267530977725983,0.589133739471436,0.389599859714508,0.119202017784119,0.0230025146156549,-0.0431554764509201,0.130703672766685,0.133076906204224,0.281905949115753,0.331742018461227,0,0.418220371007919,0.0897042602300644,0.0254344753921032,-0.027508357539773,0.14977602660656,0.155855715274811,-0.0814064741134644,0.211733624339104,0.0476676784455776,-0.0133524397388101,-0.00713709834963083,-0.067843496799469,-0.0149645339697599,0.0174771957099438,0.0809297561645508,0.00890329387038946,0.182717576622963,0.00262592756189406,-0.051086314022541,-0.142180219292641,-0.0353224463760853,0.0425788126885891,0.189570292830467,-0.0522916652262211,0.115764953196049,0.0916468277573586,0.0174004416912794,0.228529050946236,0.0683776438236237,0.0608040727674961,0.174234956502914,0.224178656935692,0.111825451254845,0.0657350942492485,-0.0958267822861671,0.174627959728241,-0.0872073099017143,-0.0671432614326477,0.0685884729027748,0.191832080483437,-0.0219052359461784,0.238377898931503,0.168895334005356,-0.0357927866280079,0.0211425442248583,-0.0834324285387993,0.0628475099802017,0.0493604764342308,0.0853078067302704,-0.0109030241146684,0.231706157326698,-0.0242704562842846,-0.000708605046384037,-0.0602330937981606,0.00254671322181821,0.0484094955027103,0.277859270572662,0.0451710410416126,0.231052204966545,0.102029278874397,-0.0312043130397797,0.266314387321472,0.0886640548706055,0.115517064929008,0.189349517226219,0.274895012378693,0.220188200473785,0.0220227856189013,-0.0855887234210968,0.237143710255623,-0.0613273680210114,-0.057863287627697,0.0650104880332947,0.223340228199959
0.299771577119827,0.261517494916916,0.390840023756027,0.659446835517883,0.180453091859818,0.00393878668546677,-0.0303118992596865,0.108074866235256,0.135537520051003,0.229912668466568,0.30971422791481,0.418220371007919,0,0.147681847214699,0.00951095577329397,-0.0107825482264161,0.121562093496323,0.160155698657036,-0.0730620846152306,0.276560187339783,-0.04371078312397,0.0387521721422672,0.0136679466813803,-0.04003069922328,-0.0930427312850952,-0.0037016614805907,-0.00053362495964393,0.0383022166788578,0.140379533171654,0.0407072305679321,-0.0660790205001831,-0.174110978841782,-0.0280443392693996,0.169708028435707,0.146276861429214,-0.105535954236984,0.0567442961037159,0.125539541244507,0.114766024053097,0.227383628487587,0.211401760578156,0.0255708936601877,0.121084921061993,0.144422024488449,0.12439126521349,0.0938401818275452,-0.0530089884996414,0.221091285347939,-0.0876330584287643,-0.0464871972799301,0.118397876620293,0.319909274578094,6.31492584943771e-05,0.290726751089096,0.021424001082778,0.0324515327811241,0.0151797886937857,-0.0368328504264355,-0.0433286316692829,0.0204359721392393,0.0147588327527046,0.0349632762372494,0.187859490513802,0.0187749173492193,-0.0329315029084682,-0.125642389059067,-0.0055263158865273,0.164116427302361,0.283798187971115,-0.0363568626344204,0.18769870698452,0.143489882349968,0.115080595016479,0.260970681905746,0.27795484662056,0.0788428261876106,0.137940779328346,0.199023440480232,0.188242509961128,0.0846365988254547,-0.0130498381331563,0.313481420278549,-0.0941388607025146,-0.0536560341715813,0.126023650169373,0.379549503326416
0.117768689990044,0.101682350039482,0.070067822933197,0.130325183272362,0.04775445535779,-0.0161537397652864,-0.0240717921406031,0.0143607640638947,0.0529560931026936,0.105740197002888,0.114366881549358,0.0897042602300644,0.147681847214699,0,-0.0117626255378127,-0.0290107056498528,0.0054788482375443,0.0934793204069138,-0.0298650395125151,0.13569051027298,-0.0442516058683395,0.0200954936444759,0.0118922926485538,-0.0261355526745319,-0.0283091142773628,-0.0232905931770802,0.0107976431027055,-0.0131398513913155,0.033395990729332,0.0171920545399189,-0.0323641188442707,-0.0630651563405991,0.000564299465622753,0.0634282454848289,0.0219469722360373,-0.0445007607340813,-0.00971957109868526,0.0602904558181763,0.0657068118453026,0.0912629514932632,0.068157896399498,0.0387684553861618,0.0583899207413197,0.0485541597008705,0.0484560616314411,0.0169953145086765,-0.0187770146876574,0.0837719514966011,-0.041729386895895,-0.0137843731790781,0.0739561915397644,0.124994061887264,-0.0200137030333281,0.108340993523598,0.000533183047082275,0.020373685285449,0.0014349352568388,-0.0265340693295002,-0.00504397740587592,-0.0128704272210598,0.0275728534907103,-0.0150185115635395,0.0322085432708263,0.0205730330199003,-0.0110058849677444,-0.0356359370052814,-0.00680032232776284,0.0726179108023643,0.0784451439976692,-0.0325867012143135,0.0557451546192169,0.0747268721461296,0.0689026340842247,0.0941563695669174,0.0900421515107155,0.0504404231905937,0.0727486312389374,0.0678029432892799,0.0899549499154091,0.00478354468941689,-0.0154589908197522,0.118183843791485,-0.0302937086671591,-0.028629532083869,0.0668129399418831,0.139762789011002
0.0028274692595005,-0.00881397165358067,0.0337314493954182,0.0109215388074517,-0.0023526179138571,0.444607943296432,0.181836888194084,0.0350557565689087,0.0734620690345764,0.0476252846419811,-0.0197311956435442,0.0254344753921032,0.00951095577329397,-0.0117626255378127,0,0.215811684727669,0.0442539043724537,0.0674175322055817,0.058196522295475,0.0448287092149258,0.140347823500633,0.0802066475152969,0.11454688757658,0.238386392593384,0.229666471481323,0.130104407668114,0.321569353342056,0.130469605326653,0.0995158776640892,0.107856214046478,0.306278884410858,0.182492569088936,0.278175294399261,0.074577808380127,-0.0320428684353828,-0.00788099225610495,-0.0418324805796146,0.0693981423974037,0.0807634070515633,0.0851782560348511,0.0633264258503914,0.255612105131149,0.238925501704216,-0.0205340683460236,0.169054359197617,0.0687349438667297,0.223726615309715,-0.0721050202846527,0.0364523343741894,0.135974958539009,0.106391683220863,0.0906753987073898,0.0447124987840652,0.0483631603419781,0.0619054175913334,0.0732041075825691,0.10527042299509,0.233148291707039,0.163340851664543,0.135108083486557,0.301603347063065,0.117793083190918,0.0666699707508087,0.100094117224216,0.271867960691452,0.161766275763512,0.279486835002899,0.0651230067014694,-0.0789564773440361,-0.0444675497710705,-0.0659690499305725,0.058958537876606,0.109800428152084,0.0663168057799339,0.0622996240854263,0.244671151041985,0.178228035569191,-0.0581266134977341,0.112156711518764,0.0603158064186573,0.214569538831711,-0.068990983068943,0.0335042290389538,0.145216733217239,0.106530740857124,0.087344653904438
-0.0980195701122284,-0.101646855473518,-0.0298545323312283,-0.0173903740942478,-0.0293413605540991,0.175814762711525,0.256688505411148,0.00312768667936325,-0.0219081249088049,-0.0570260845124722,-0.11558136343956,-0.027508357539773,-0.0107825482264161,-0.0290107056498528,0.215811684727669,0,0.0171329285949469,-0.00969758071005344,0.117047123610973,-0.0300245601683855,0.0487916544079781,0.0200036857277155,0.0742291510105133,0.178120389580727,0.0508538782596588,0.122995391488075,-0.00577507447451353,0.0317663662135601,0.020975936204195,0.0305205732584,0.136360451579094,0.126282170414925,0.0969104394316673,0.0152976764366031,0.0116654075682163,0.0399940758943558,0.0479548200964928,-0.0542136020958424,0.0386699140071869,-0.109798863530159,0.0726229175925255,-0.0320299863815308,0.00864205416291952,-0.114556483924389,0.0473289676010609,0.0360528267920017,0.207638844847679,-0.0561305209994316,0.0392062775790691,0.108260370790958,0.0186775326728821,0.0306220036000013,0.107148103415966,-0.0367800332605839,-0.0147071918472648,0.00683088973164558,0.0416928566992283,0.186805948615074,-0.000760475930292159,0.12169323861599,-0.0261870995163918,0.0268036406487226,0.00187024811748415,0.0272607896476984,0.103123798966408,0.0916474089026451,0.103493459522724,0.0209552347660065,-0.0158442817628384,-0.00954193342477083,0.0163472946733236,-0.0642970278859138,0.0562798716127872,-0.12573054432869,0.0800930336117744,-0.0503042489290237,-0.0240944847464561,-0.141434714198112,-0.00487951887771487,0.0430245250463486,0.215877965092659,-0.0782135203480721,0.0284205563366413,0.137099474668503,0.0051743327639997,0.0253758542239666
0.0416982471942902,0.0600109323859215,0.124122843146324,0.100278325378895,0.025389339774847,0.0404521785676479,-0.0118265524506569,0.110308215022087,0.0541345067322254,0.0330094732344151,0.098544217646122,0.14977602660656,0.121562093496323,0.0054788482375443,0.0442539043724537,0.0171329285949469,0,0.0733541026711464,-0.02902627363801,0.0932682007551193,-0.0513839684426785,0.0331579223275185,0.0159635972231627,-0.00650046626105905,-0.0168933961540461,-0.0373426973819733,0.0814827084541321,0.030710332095623,0.0222902838140726,0.0330408066511154,0.0542917624115944,-0.0680861994624138,0.00916801486164331,0.0335631631314754,-0.0182904954999685,-0.0774271041154861,-0.0567651800811291,0.0487663559615612,0.00437980983406305,0.0698818936944008,-0.00632277922704816,0.0704572424292564,0.125877320766449,-0.00705989729613066,0.0218542218208313,0.00281145144253969,0.0103493733331561,-0.0250481627881527,-0.013751276768744,-0.0138420118018985,0.0422011315822601,0.0602874867618084,-0.0175266768783331,0.0790558308362961,-0.0378688462078571,0.0324690751731396,0.00767954532057047,0.017298711463809,-0.0219555459916592,-0.0165115520358086,0.069895476102829,0.0256217978894711,0.0274412967264652,0.0215603429824114,0.0480919778347015,-0.0405924543738365,0.0221214555203915,0.0398197919130325,-0.00965784303843975,-0.101462468504906,-0.0234418027102947,0.0528796277940273,-0.00320899882353842,0.0750441774725914,-0.000284181907773018,0.0707142800092697,0.116788186132908,0.0190459415316582,0.016096293926239,0.00350581295788288,0.0207137409597635,0.0178788956254721,-0.0176062826067209,-0.00459374161437154,0.0485238619148731,0.0747732594609261
0.266953587532043,0.216579124331474,0.152402117848396,0.150528803467751,0.0645422860980034,0.0693750753998756,-0.0335676781833172,0.0656837299466133,0.20284104347229,0.239500164985657,0.257199376821518,0.155855715274811,0.160155698657036,0.0934793204069138,0.0674175322055817,-0.00969758071005344,0.0733541026711464,0,-0.0607585199177265,0.171149864792824,0.0314250066876411,0.056068979203701,0.0358491912484169,0.00491667492315173,0.0569453835487366,0.025232121348381,0.118296809494495,0.0221761278808117,0.0956162735819817,0.0903999134898186,0.0109317097812891,-0.0292924307286739,0.0689285174012184,0.104193210601807,0.0241229142993689,-0.0524899549782276,-0.00220876955427229,0.164706841111183,0.0896987244486809,0.188712999224663,0.0673830285668373,0.153613686561584,0.134975507855415,0.122423343360424,0.0825087800621986,0.056455422192812,0.0150230657309294,0.1379174888134,-0.0370213389396667,0.0293133147060871,0.171969801187515,0.193481728434563,-0.011189048178494,0.184567555785179,0.0949340313673019,0.0680116638541222,0.0249906200915575,0.00390347535721958,0.100249513983727,0.0362172946333885,0.146405309438705,0.0255430676043034,0.115718595683575,0.0787536650896072,0.0618289969861507,0.0150999939069152,0.0538633204996586,0.122965514659882,0.115011617541313,0.00995927862823009,0.0802674740552902,0.183154076337814,0.0810649320483208,0.206172853708267,0.0876909494400024,0.189289405941963,0.141629949212074,0.149222314357758,0.160589054226875,0.0517009720206261,0.0237999018281698,0.175543919205666,-0.0054002539254725,-0.00171828002203256,0.141735747456551,0.218616098165512
-0.162367150187492,-0.124177470803261,-0.0392053201794624,-0.0715275853872299,-0.0185412932187319,0.0750249251723289,0.155706241726875,-0.0385637059807777,-0.0532403439283371,-0.0901906564831734,-0.206510156393051,-0.0814064741134644,-0.0730620846152306,-0.0298650395125151,0.058196522295475,0.117047123610973,-0.02902627363801,-0.0607585199177265,0,-0.0719835758209229,0.24633002281189,0.0193880572915077,0.042017325758934,0.266338229179382,0.223063066601753,0.279047042131424,-0.154037639498711,0.0801699385046959,0.0753030925989151,0.0561698712408543,0.0340907499194145,0.598914980888367,0.0109456246718764,-0.0496506318449974,0.503425478935242,0.236992344260216,0.545436084270477,-0.0518580339848995,0.0298749692738056,-0.125564634799957,0.128399536013603,-0.0622413046658039,-0.138738334178925,-0.0180801451206207,0.185893014073372,0.0546495318412781,0.735777497291565,0.212028652429581,0.129034698009491,0.164245024323463,0.155914232134819,0.101522155106068,0.675579488277435,-0.0680595338344574,0.0642723962664604,0.00141420681029558,0.0194929577410221,0.224328249692917,0.0668767988681793,0.201615780591965,-0.190542548894882,0.0807578563690186,0.0173945017158985,0.0528747998178005,-0.0466871447861195,0.373587191104889,0.0329685024917126,-0.0287998002022505,0.228748261928558,0.193944171071053,0.271462261676788,-0.0882112309336662,0.0779575631022453,-0.188730150461197,0.0950850620865822,-0.130150496959686,-0.121247045695782,-0.103877283632755,0.0521700456738472,0.030672250315547,0.623188257217407,0.0225400775671005,0.0962403789162636,0.180942893028259,0.15326052904129,0.0658999383449554
0.244241148233414,0.271499395370483,0.202489271759987,0.304617136716843,0.112634345889091,0.0457925088703632,-0.0372688360512257,0.0924239754676819,0.16913877427578,0.248793035745621,0.300057590007782,0.211733624339104,0.276560187339783,0.13569051027298,0.0448287092149258,-0.0300245601683855,0.0932682007551193,0.171149864792824,-0.0719835758209229,0,-0.118392869830132,0.173044353723526,0.0496923550963402,0.00648881494998932,-0.106372229754925,-0.016818642616272,0.0172813981771469,0.0214715078473091,0.209796324372292,0.188780769705772,-0.0882266983389854,-0.284004241228104,0.0116447471082211,0.419875115156174,0.189556702971458,-0.219872385263443,0.0156369879841805,0.281825304031372,0.343173503875732,0.427965134382248,0.405586004257202,0.101143926382065,0.286635488271713,0.274026572704315,0.319902151823044,0.260393649339676,0.04499177262187,0.375917971134186,-0.131253436207771,-0.046825110912323,0.291412591934204,0.567393779754639,0.00130762089975178,0.588052749633789,-0.114609837532043,0.183265194296837,0.00802633352577686,-0.0069052129983902,-0.107326857745647,0.00160572305321693,0.0661851465702057,0.0243569798767567,0.188349261879921,0.159076884388924,-0.0303889624774456,-0.253773659467697,0.0277094449847937,0.393409848213196,0.295557796955109,-0.231719866394997,0.111402288079262,0.282674670219421,0.293742567300797,0.450359314680099,0.397657215595245,0.169009163975716,0.286140978336334,0.249840036034584,0.282290190458298,0.207000359892845,0.0447458922863007,0.459042102098465,-0.16201277077198,-0.0885142758488655,0.245578318834305,0.562520921230316
0.0396607182919979,0.025012357160449,0.103503666818142,-0.0429079383611679,-0.00174541224259883,0.153702616691589,0.0539507642388344,-0.0589723326265812,-0.00270008761435747,0.217744946479797,-0.0332669541239738,0.0476676784455776,-0.04371078312397,-0.0442516058683395,0.140347823500633,0.0487916544079781,-0.0513839684426785,0.0314250066876411,0.24633002281189,-0.118392869830132,0,-0.144782230257988,0.0648264288902283,0.193814337253571,0.696347594261169,0.546439051628113,0.201975181698799,-0.0416904911398888,0.268375605344772,-0.0911940708756447,0.121822193264961,0.495736569166183,0.168796941637993,-0.101659387350082,0.530737698078156,0.457345992326736,0.527444124221802,-0.135518684983253,-0.0227831173688173,0.109875775873661,0.127427741885185,0.300844818353653,-0.0343160517513752,0.666594386100769,0.389150351285934,0.347495436668396,0.0791956558823586,0.425005495548248,0.0307928826659918,0.0178208071738482,-0.0194017868489027,-0.0488436184823513,0.0558641329407692,-0.114406906068325,0.654366374015808,-0.192226052284241,0.0635484531521797,0.118440695106983,0.516843676567078,0.30797266960144,0.0706016644835472,-0.0083845304325223,0.100678540766239,-0.0885413810610771,0.0667012631893158,0.339207977056503,0.12514840066433,-0.0797389298677444,0.253656566143036,0.367546707391739,0.206862837076187,-0.137412756681442,-0.00756633374840021,-0.00866115000098944,0.0532307103276253,0.161077708005905,-0.10490944236517,0.276921927928925,0.106219626963139,0.147195130586624,0.0613369233906269,0.0819269940257072,0.0684016644954681,0.0270828045904636,-0.0118343876674771,-0.0993997156620026
-0.00778928957879543,0.107731744647026,0.0132612073794007,0.0437353625893593,0.00700081791728735,0.0967995449900627,0.0209211800247431,0.026860261335969,0.0722900480031967,0.0308147259056568,0.0853825584053993,-0.0133524397388101,0.0387521721422672,0.0200954936444759,0.0802066475152969,0.0200036857277155,0.0331579223275185,0.056068979203701,0.0193880572915077,0.173044353723526,-0.144782230257988,0,0.0178834833204746,0.294719725847244,0.0614489279687405,-0.141834959387779,0.138494461774826,0.228510588407516,0.0459049493074417,0.918458998203278,0.0130015294998884,-0.160833418369293,0.162779003381729,0.371910780668259,-0.0667840242385864,-0.169660121202469,-0.126350179314613,0.878491699695587,0.324246972799301,0.0877602249383926,0.283000230789185,0.308159679174423,0.079871229827404,-0.00604107277467847,0.0872032344341278,0.642505466938019,0.171972706913948,0.034986823797226,-0.0359357185661793,0.00628125667572021,0.21850323677063,0.245436802506447,0.0573189593851566,0.159169107675552,-0.247959434986115,0.973583579063416,0.00743462517857552,0.340339481830597,-0.0483273640275002,-0.086031049489975,0.174308568239212,0.293031930923462,-0.00443032756447792,0.907994747161865,-0.0118297627195716,-0.204235523939133,0.165250062942505,0.34107705950737,-0.107745602726936,-0.236026957631111,-0.155706629157066,0.84126603603363,0.367577970027924,0.0849312767386436,0.3022321164608,0.331883698701859,0.0845547020435333,-0.0804410874843597,-0.00829158537089825,0.592046737670898,0.159195423126221,0.0644630119204521,-0.074921078979969,0.00870978832244873,0.185403630137444,0.223017737269402
0.0201250072568655,0.0156301446259022,0.00967126712203026,0.0109597072005272,0.0104616731405258,0.136832684278488,0.0769313722848892,0.00045130864600651,0.0150641538202763,0.0471109598875046,0.0115008065477014,-0.00713709834963083,0.0136679466813803,0.0118922926485538,0.11454688757658,0.0742291510105133,0.0159635972231627,0.0358491912484169,0.042017325758934,0.0496923550963402,0.0648264288902283,0.0178834833204746,0,0.161566540598869,0.11176972091198,0.143257915973663,0.059186190366745,0.0362800508737564,0.0925592035055161,0.0420541018247604,0.0921663790941238,0.107927978038788,0.100332282483578,0.0288969315588474,0.0594963021576405,0.036982174962759,0.0652675479650497,0.0222357511520386,0.0472266897559166,0.0378471314907074,0.0550310723483562,0.0448026619851589,0.0632404014468193,0.0376162901520729,0.0705902203917503,0.0849393159151077,0.110457681119442,0.0584374628961086,0.0320008248090744,0.107688292860985,0.0515618324279785,0.098932608962059,0.0227129962295294,0.0225579440593719,0.0372471362352371,0.00595118431374431,0.04800159111619,0.133770331740379,0.0771303325891495,0.111392326653004,0.0576376877725124,0.0242035947740078,0.0586777105927467,0.0399963147938251,0.0883142948150635,0.0763785094022751,0.0829202085733414,0.00667346036061645,0.0502906143665314,0.0136542776599526,0.0381052568554878,0.012985322624445,0.0378119759261608,0.0301891695708036,0.0468387492001057,0.0627318918704987,0.0354790724813938,-0.00576087739318609,0.0478423684835434,0.0716446563601494,0.0831183344125748,0.0339550003409386,0.0171236842870712,0.0530009195208549,0.0268582124263048,0.088280513882637
-0.0674233064055443,-0.0695425719022751,-0.0456934161484241,-0.033741295337677,-0.0165447760373354,0.231800585985184,0.189871728420258,-0.0116742458194494,-0.00529760029166937,-0.0934259220957756,-0.0894181132316589,-0.067843496799469,-0.04003069922328,-0.0261355526745319,0.238386392593384,0.178120389580727,-0.00650046626105905,0.00491667492315173,0.266338229179382,0.00648881494998932,0.193814337253571,0.294719725847244,0.161566540598869,0,0.356956481933594,0.377561002969742,0.0783641263842583,0.55114471912384,0.106065064668655,0.499213844537735,0.184524714946747,0.220874935388565,0.340454876422882,0.0865157395601273,0.132779881358147,0.058993473649025,0.101220369338989,0.253560096025467,0.0914971008896828,-0.0652583688497543,0.137316152453423,0.0998536422848701,0.0402026176452637,-0.0212396718561649,0.0938047617673874,0.495110213756561,0.352199137210846,0.0146291283890605,0.0667779296636581,0.157097518444061,0.117324143648148,0.131940945982933,0.25354665517807,0.030851885676384,0.0603050477802753,0.261443942785263,0.112162366509438,0.82174813747406,0.228186503052711,0.373281329870224,0.0747300609946251,0.517004013061523,0.0794407352805138,0.498476415872574,0.145902246236801,0.210625559091568,0.357174396514893,0.0959005132317543,0.104503892362118,-0.0122165698558092,0.134853258728981,0.174444302916527,0.143694519996643,-0.0542683601379395,0.173329815268517,0.144227221608162,0.0338522642850876,-0.070484422147274,0.0499786026775837,0.491068094968796,0.288478940725327,-0.00249693403020501,0.0569969788193703,0.146720767021179,0.0898707211017609,0.0934613645076752
