0 0.34093 0.27185 0.28135 0.085765 -0.0084844 -0.089323 0.063312 0.21185 0.73058 0.41939 0.35897 0.29567 0.11482 0.0007219 -0.094117 0.044308 0.26581 -0.15772 0.23515 0.066216 -0.022897 0.024182 -0.049855 0.066128 0.1431 0.097454 0.033577 0.19006 0.0043437 -0.14877 -0.1085 0.010826 0.12332 0.096776 -0.060214 0.012298 0.11764 0.068944 0.36208 0.083641 0.18335 0.096935 0.35631 0.042285 0.18406 -0.17587 0.3465 -0.1008 -0.06678 0.031108 0.22991 -0.050661 0.27826 0.41637 -0.020353 0.034332 -0.069947 0.36757 0.25066 0.19067 0.01423 0.32346 -0.024924 -0.028858 0.12792 0.022299 0.13896 0.38971 0.1925 0.29564 0.13758 0.072957 0.44908 0.18484 0.30825 0.17659 0.59039 0.39295 0.20308 -0.13127 0.52565 0.00012863 -0.082181 0.049755 0.27913
0.34093 0 0.25334 0.27625 0.11228 0.015735 -0.078099 0.07319 0.2229 0.35594 0.49059 0.26953 0.26008 0.099881 -0.0020361 -0.094147 0.056885 0.21099 -0.10762 0.2658 0.05405 0.085416 0.02205 -0.044377 0.074617 0.0542 0.14634 0.078611 0.15067 0.12682 -0.027035 -0.10007 0.016516 0.17323 0.12015 -0.065531 0.011967 0.2287 0.13345 0.33967 0.12246 0.19762 0.16553 0.2246 0.17322 0.13102 -0.10861 0.24279 -0.046329 -0.056191 0.16774 0.29316 -0.12573 0.26111 0.067903 0.083058 0.018333 -0.069563 0.071741 0.0042354 0.13268 0.074921 0.13684 0.086377 -0.012461 -0.087142 -0.012713 0.10505 0.16452 -0.03583 0.078526 0.26183 0.082002 0.32027 0.098513 0.1872 0.1552 0.19155 0.16761 0.070408 -0.12091 0.22812 -0.048542 -0.071715 0.15532 0.26739
0.27185 0.25334 0 0.39345 0.098584 0.035796 -0.021335 0.14894 0.14382 0.28912 0.27496 0.58027 0.38017 0.068051 0.031501 -0.032958 0.1187 0.15664 -0.032633 0.20331 0.12439 0.0033851 0.011687 -0.034943 0.039261 0.05227 0.084727 0.004491 0.19498 0.026596 -0.0017789 -0.066436 -0.020587 0.058957 0.23075 -0.009372 0.13471 0.093074 0.013412 0.20492 0.085994 0.093016 0.17411 0.25492 0.21005 0.06456 -0.074083 0.1863 -0.050221 -0.048678 0.070951 0.18781 -0.034745 0.17721 0.11433 -0.012951 0.036731 -0.058855 0.035756 0.028113 0.068243 0.011142 0.16571 -0.0007298 0.0027333 -0.072771 -0.01141 0.032089 0.19904 -0.022764 0.13834 0.10406 -0.010237 0.20235 0.092423 0.08106 0.1244 0.17597 0.16327 0.014664 -0.072456 0.17592 -0.06081 -0.052853 0.080722 0.17493
0.28135 0.27625 0.39345 0 0.18987 0.012353 -0.0089879 0.1087 0.14194 0.25978 0.28278 0.3758 0.64873 0.12556 0.0065503 -0.017402 0.095849 0.14883 -0.057817 0.29974 -0.026296 0.034951 0.013426 -0.016013 -0.083932 0.017833 0.0091868 0.028281 0.14735 0.051009 -0.028585 -0.15593 -0.020697 0.19744 0.18028 -0.093815 0.058048 0.1289 0.19454 0.21353 0.29028 0.038665 0.1298 0.16247 0.17077 0.12086 -0.021016 0.25217 -0.067862 -0.022146 0.13559 0.35429 -0.02447 0.28675 0.019744 0.036946 0.012734 -0.03355 -0.042801 -0.011691 0.02074 0.0322 0.15448 0.033518 -0.02627 -0.1315 0.0058268 0.15871 0.26376 -0.065164 0.15383 0.14787 0.12788 0.24985 0.2732 0.075206 0.13262 0.18127 0.18664 0.09778 -0.037671 0.30819 -0.064676 -0.054944 0.12834 0.34949
0.085765 0.11228 0.098584 0.18987 0 -0.0044259 -0.020513 0.018779 0.05484 0.095734 0.10445 0.10804 0.16246 0.046252 -0.0038162 -0.027971 0.018771 0.060492 -0.018596 0.10551 -0.0013442 0.0041336 0.012299 -0.011799 -0.02006 0.00061572 -0.0065736 -0.010589 0.069388 0.0075531 -0.029244 -0.035635 -0.010284 0.026731 0.068292 0.0014268 0.04757 0.051585 0.077401 0.09322 0.093354 0.011077 0.053757 0.070155 0.065821 0.017726 0.00651 0.10847 -0.029288 -0.022842 0.062826 0.14352 -0.011531 0.11237 -0.016219 -0.0030072 -0.013499 -0.031203 -0.035651 -0.011514 -0.0051966 -0.002752 0.06068 -0.0039613 -0.022656 -0.046711 -0.016396 0.030912 0.086222 -0.010956 0.062158 0.051721 0.059473 0.080057 0.083196 0.0016239 0.025673 0.045624 0.050887 -0.0029042 -0.010739 0.10673 -0.040177 -0.022736 0.047501 0.12943
-0.0084844 0.015735 0.035796 0.012353 -0.0044259 0 0.16568 0.023502 0.08717 0.057106 0.0021655 0.026861 0.005229 -0.016194 0.43591 0.16523 0.043648 0.071432 0.062915 0.041213 0.13884 0.10451 0.13734 0.22113 0.24094 0.12451 0.33988 0.12938 0.083655 0.12762 0.30269 0.21035 0.27542 0.075659 -0.035031 0.01956 -0.023699 0.090238 0.093987 0.10067 0.052033 0.27003 0.2319 0.00048899 0.17115 0.08345 0.21305 -0.070881 0.058893 0.15049 0.11382 0.078783 0.029072 0.02685 0.0039587 0.083228 0.089647 0.21173 0.13089 0.089898 0.2897 0.1322 0.014664 0.11556 0.27996 0.1378 0.2356 0.068767 -0.11658 -0.053046 -0.093085 0.066389 0.098596 0.041669 0.047501 0.22706 0.15713 -0.08848 0.075677 0.04889 0.18379 -0.1058 0.055444 0.12338 0.10023 0.051091
-0.089323 -0.078099 -0.021335 -0.0089879 -0.020513 0.16568 0 -0.010424 -0.0082299 -0.040569 -0.10246 -0.04344 -0.02833 -0.024782 0.17185 0.25073 -0.010255 -0.030695 0.14938 -0.040776 0.047231 0.02869 0.076294 0.17512 0.060609 0.12882 -0.0027587 0.07057 0.014861 0.039789 0.16119 0.16307 0.070292 0.018613 0.020797 0.075046 0.070036 -0.011331 0.056154 -0.12293 0.067522 -0.037397 -0.0037274 -0.12422 0.05284 0.031039 0.23056 -0.061997 0.042527 0.13292 0.01562 0.028129 0.091298 -0.051405 -0.065087 0.021447 0.030621 0.15418 -0.037828 0.07247 -0.029224 0.058646 -0.025967 0.036102 0.087629 0.083455 0.05384 0.021993 -0.059656 -0.019627 -0.026401 -0.029949 0.060206 -0.13966 0.067709 -0.059877 -0.024457 -0.1862 -0.027131 0.036634 0.18847 -0.12168 0.02734 0.11035 0.0017218 -0.0050138
0.063312 0.07319 0.14894 0.1087 0.018779 0.023502 -0.010424 0 0.051833 0.043173 0.077785 0.13082 0.10494 0.014854 0.03504 0.00078494 0.11094 0.064876 -0.037011 0.089875 -0.056745 0.024252 0.0016035 -0.0075354 -0.038015 -0.019785 0.059572 0.018533 0.026821 0.013045 0.068722 -0.054648 0.02497 0.046737 -0.02571 -0.082029 -0.07539 0.049375 0.020978 0.073433 0.012529 0.050968 0.1225 0.0019332 0.014304 0.0099591 0.0037662 -0.0013807 -0.0030402 -2.4486e-05 0.045324 0.087576 -0.024408 0.07628 -0.039574 0.026404 -0.0040073 8.4782e-05 -0.015845 0.0048676 0.072686 0.032882 0.032024 0.0053 0.066625 -0.036538 0.010195 0.044159 0.0016315 -0.084326 -0.013327 0.056412 0.013345 0.081747 0.032305 0.062887 0.10425 0.021266 0.036087 0.0095179 0.011385 0.054668 -0.015245 7.675e-06 0.055928 0.089183
0.21185 0.2229 0.14382 0.14194 0.05484 0.08717 -0.0082299 0.051833 0 0.22413 0.22891 0.13149 0.13659 0.04794 0.074325 -0.021664 0.050669 0.19789 -0.045291 0.16484 0.01028 0.068868 0.019014 0.01051 0.0364 0.011872 0.13022 0.024101 0.080385 0.09859 0.021923 -0.049093 0.066491 0.11923 0.040692 -0.059856 -0.012439 0.17183 0.097209 0.19382 0.074834 0.15473 0.13796 0.10376 0.081363 0.05907 -0.00082532 0.11585 -0.028725 -0.020968 0.1217 0.18684 -0.037864 0.17221 0.046401 0.062544 0.031046 -0.0064021 0.063219 0.01995 0.14577 0.019002 0.095066 0.088136 0.060201 -0.010477 0.037735 0.072478 0.088801 -0.032769 0.041151 0.17906 0.076094 0.18634 0.068823 0.17528 0.13982 0.10908 0.12541 0.028781 -0.0017115 0.15003 -0.035036 -0.003249 0.1245 0.17516
0.73058 0.35594 0.28912 0.25978 0.095734 0.057106 -0.040569 0.043173 0.22413 0 0.32566 0.28207 0.21792 0.10061 0.049482 -0.051054 0.035471 0.23141 -0.067755 0.23405 0.26554 -0.00028418 0.049309 -0.073182 0.2235 0.23757 0.15126 -0.058304 0.20652 0.0077022 -0.013382 0.058732 0.044002 0.1976 0.23202 0.097022 0.18761 0.12272 0.2665 0.3142 0.27842 0.23988 0.088289 0.46147 0.28476 0.25455 -0.13018 0.39493 -0.017056 -0.006891 0.034241 0.22746 -0.15683 0.17269 0.13033 -0.010079 0.026352 -0.086574 0.12227 0.13024 0.10365 -0.027101 0.10369 0.00017587 -0.0192 0.0081653 0.02759 0.13361 0.14036 0.02963 0.049222 0.14085 0.15479 0.26551 0.17009 0.15341 0.056558 0.23546 0.095126 0.096066 -0.11622 0.3245 -0.037969 -0.053721 0.052831 0.19011
0.41939 0.49059 0.27496 0.28278 0.10445 0.0021655 -0.10246 0.077785 0.22891 0.32566 0 0.32796 0.31103 0.11421 -0.0053142 -0.10931 0.094693 0.25249 -0.19164 0.29306 -0.0093269 0.06996 0.01831 -0.058075 0.024158 -0.0077111 0.14934 0.06772 0.13299 0.11206 -0.05544 -0.18136 0.016431 0.12138 0.038551 -0.14377 -0.061759 0.23674 0.0548 0.35 0.070882 0.19969 0.1923 0.20072 0.08475 0.098594 -0.16034 0.22645 -0.084955 -0.077623 0.16617 0.28717 -0.14648 0.30713 0.15636 0.079085 0.0097087 -0.087715 0.15801 0.0057559 0.197 0.046081 0.19485 0.075384 -0.0027706 -0.058569 0.011535 0.13267 0.2453 -0.0059386 0.15495 0.27465 0.03961 0.40232 0.1109 0.26558 0.20898 0.31176 0.26807 0.079569 -0.13902 0.31506 -0.036584 -0.10065 0.17029 0.30657
0.35897 0.26953 0.58027 0.3758 0.10804 0.026861 -0.04344 0.13082 0.13149 0.28207 0.32796 0 0.4027 0.085935 0.02859 -0.033277 0.1475 0.15572 -0.077479 0.20842 0.067644 -0.024055 -0.0065086 -0.050869 0.005446 0.032275 0.087095 0.018173 0.1903 0.0069253 -0.041254 -0.12884 -0.024661 0.040389 0.19294 -0.049365 0.10603 0.092588 0.0081164 0.22674 0.065793 0.072214 0.17813 0.22707 0.12736 0.078089 -0.09842 0.18122 -0.081039 -0.068116 0.067364 0.19479 -0.033439 0.23879 0.18728 -0.047286 0.02394 -0.070706 0.091753 0.06101 0.091272 0.00038265 0.24049 -0.020633 0.0037736 -0.043844 0.010021 0.044015 0.27851 0.048733 0.22582 0.10394 -0.042999 0.27005 0.081648 0.12246 0.18799 0.28331 0.23505 0.037166 -0.092308 0.23892 -0.053296 -0.053445 0.059139 0.2157
0.29567 0.26008 0.38017 0.64873 0.16246 0.005229 -0.02833 0.10494 0.13659 0.21792 0.31103 0.4027 0 0.14529 0.0099263 -0.0087138 0.11649 0.15815 -0.063301 0.27329 -0.035363 0.032708 0.016611 -0.020251 -0.090554 0.0040134 -0.003494 0.052803 0.13542 0.047225 -0.066372 -0.16656 -0.020982 0.1696 0.15024 -0.11088 0.04312 0.13039 0.12245 0.22155 0.22795 0.023232 0.11529 0.13801 0.12735 0.10497 -0.042679 0.22967 -0.085962 -0.048388 0.13039 0.32474 0.0013046 0.29388 0.034783 0.026555 0.017346 -0.018894 -0.030912 0.031215 0.010575 0.047463 0.19104 0.029638 -0.039107 -0.1168 -0.0019998 0.16245 0.29562 -0.045064 0.19223 0.14948 0.1235 0.25567 0.29623 0.076068 0.13228 0.20357 0.19982 0.099976 -0.007471 0.32482 -0.085878 -0.046784 0.12914 0.38122
0.11482 0.099881 0.068051 0.12556 0.046252 -0.016194 -0.024782 0.014854 0.04794 0.10061 0.11421 0.085935 0.14529 0 -0.0084274 -0.02778 0.0066865 0.092011 -0.027439 0.13215 -0.04302 0.015648 0.011113 -0.018597 -0.028298 -0.019023 0.014253 -0.0098493 0.034026 0.018032 -0.031235 -0.058559 -0.00086953 0.060082 0.02666 -0.045007 -0.0097536 0.060396 0.064759 0.089802 0.06946 0.039029 0.056335 0.043913 0.051714 0.018037 -0.014466 0.083408 -0.039909 -0.012297 0.076854 0.12484 -0.01877 0.10702 0.0029328 0.015931 0.0057501 -0.021832 -0.0038199 -0.0099439 0.027416 -0.009884 0.034004 0.020859 -0.010052 -0.031339 -0.0049302 0.069744 0.08004 -0.032758 0.059554 0.074624 0.068538 0.093236 0.088943 0.050019 0.071839 0.066931 0.09368 0.0068777 -0.014177 0.12037 -0.025348 -0.024746 0.064819 0.13651
0.0007219 -0.0020361 0.031501 0.0065503 -0.0038162 0.43591 0.17185 0.03504 0.074325 0.049482 -0.0053142 0.02859 0.0099263 -0.0084274 0 0.21072 0.039904 0.070136 0.051827 0.037561 0.12665 0.08995 0.11024 0.23253 0.22437 0.12941 0.32241 0.12659 0.087944 0.10774 0.30799 0.17884 0.27472 0.076077 -0.035864 -0.011692 -0.043345 0.072596 0.08141 0.083818 0.05527 0.25518 0.24058 -0.019651 0.15567 0.077395 0.21505 -0.081588 0.046191 0.13539 0.097207 0.081508 0.040429 0.042857 0.052778 0.078343 0.10554 0.22549 0.16212 0.13202 0.30389 0.11187 0.057232 0.10117 0.27333 0.16025 0.27814 0.066996 -0.084003 -0.048413 -0.068837 0.060561 0.10835 0.068303 0.050487 0.24721 0.17541 -0.06276 0.10068 0.06977 0.20684 -0.079705 0.03752 0.14147 0.10157 0.078923
-0.094117 -0.094147 -0.032958 -0.017402 -0.027971 0.16523 0.25073 0.00078494 -0.021664 -0.051054 -0.10931 -0.033277 -0.0087138 -0.02778 0.21072 0 0.013041 -0.0058646 0.11448 -0.037572 0.04196 0.026385 0.073468 0.16698 0.041118 0.11966 -0.010574 0.02707 0.01521 0.031635 0.13487 0.12523 0.091296 0.019597 0.0055839 0.043742 0.048167 -0.050229 0.039403 -0.11003 0.066254 -0.032274 0.0017789 -0.1083 0.036368 0.032571 0.19911 -0.065588 0.042455 0.108 0.010447 0.022812 0.10292 -0.03968 -0.024787 0.01723 0.041718 0.1767 -0.010543 0.11883 -0.026027 0.021909 -0.004545 0.026742 0.099147 0.089249 0.098493 0.023413 -0.022012 -0.0064588 0.011879 -0.05987 0.057997 -0.12852 0.073004 -0.051472 -0.029419 -0.14394 -0.015912 0.041968 0.20782 -0.084498 0.026668 0.13226 0.0030225 0.020059
0.044308 0.056885 0.1187 0.095849 0.018771 0.043648 -0.010255 0.11094 0.050669 0.035471 0.094693 0.1475 0.11649 0.0066865 0.039904 0.013041 0 0.068245 -0.027248 0.089374 -0.047668 0.030413 0.016512 -0.0033476 -0.013835 -0.033105 0.081902 0.032987 0.017597 0.032738 0.055738 -0.067076 0.010573 0.029182 -0.021819 -0.080824 -0.063507 0.048688 0.0052106 0.068224 -0.005725 0.076392 0.12505 -0.010285 0.020604 0.0042179 0.011059 -0.028192 -0.01452 -0.014635 0.042603 0.062891 -0.015548 0.077574 -0.036597 0.029946 0.0087195 0.017196 -0.015434 -0.013095 0.070912 0.027311 0.025216 0.023337 0.049661 -0.034482 0.023471 0.033422 -0.010737 -0.10239 -0.026087 0.051504 -0.0046539 0.07342 0.00022511 0.075099 0.11549 0.019174 0.019213 0.0044077 0.019043 0.017168 -0.01886 -0.0031195 0.04722 0.069738
0.26581 0.21099 0.15664 0.14883 0.060492 0.071432 -0.030695 0.064876 0.19789 0.23141 0.25249 0.15572 0.15815 0.092011 0.070136 -0.0058646 0.068245 0 -0.06158 0.16719 0.034638 0.055402 0.043754 0.015366 0.060217 0.033402 0.12076 0.025509 0.093826 0.093716 0.018505 -0.025387 0.07174 0.093966 0.030413 -0.053446 -0.0066632 0.16558 0.081618 0.19011 0.068395 0.15785 0.13778 0.11576 0.084077 0.064182 0.013854 0.13727 -0.034857 0.025535 0.16855 0.19463 -0.010301 0.18487 0.10062 0.066685 0.026734 0.01482 0.10885 0.043132 0.14821 0.028371 0.11788 0.08557 0.065117 0.020989 0.058286 0.11179 0.1208 0.011039 0.086251 0.18293 0.07783 0.20566 0.089318 0.19291 0.14369 0.15245 0.16324 0.060091 0.019702 0.17433 0.0013123 0.0028888 0.13541 0.21716
-0.15772 -0.10762 -0.032633 -0.057817 -0.018596 0.062915 0.14938 -0.037011 -0.045291 -0.067755 -0.19164 -0.077479 -0.063301 -0.027439 0.051827 0.11448 -0.027248 -0.06158 0 -0.042629 0.24524 0.04632 0.042078 0.25346 0.20248 0.26511 -0.16257 0.085372 0.080886 0.07614 0.011867 0.5722 0.00014471 -0.006211 0.50455 0.24975 0.56652 -0.02645 0.070708 -0.096333 0.16387 -0.05965 -0.14159 0.017539 0.19898 0.083801 0.72026 0.24105 0.11462 0.16554 0.15968 0.11638 0.65083 -0.056204 0.043031 0.028778 0.021273 0.21311 0.022762 0.18553 -0.19951 0.089834 0.0064727 0.066899 -0.062674 0.31773 0.022371 0.0074461 0.21485 0.16561 0.25887 -0.059015 0.11261 -0.17012 0.12037 -0.1357 -0.12408 -0.10262 0.022071 0.061698 0.60617 0.042959 0.054207 0.16746 0.16317 0.083213
0.23515 0.2658 0.20331 0.29974 0.10551 0.041213 -0.040776 0.089875 0.16484 0.23405 0.29306 0.20842 0.27329 0.13215 0.037561 -0.037572 0.089374 0.16719 -0.042629 0 -0.11199 0.18072 0.052273 0.029603 -0.10922 -0.011844 0.0079831 0.042187 0.20715 0.19976 -0.096107 -0.26699 0.0076402 0.3946 0.20568 -0.22413 0.010515 0.29316 0.33057 0.42245 0.40328 0.098421 0.27769 0.26198 0.32981 0.27452 0.056348 0.38087 -0.12728 -0.043155 0.29296 0.56975 0.013648 0.59281 -0.10294 0.18933 0.012872 0.016298 -0.10624 0.010806 0.053573 0.050327 0.18154 0.17388 -0.048442 -0.23731 0.027575 0.37288 0.30764 -0.2389 0.12315 0.29296 0.286 0.44354 0.40097 0.16267 0.27703 0.24412 0.29566 0.22651 0.051298 0.46936 -0.15705 -0.080203 0.24295 0.55853
0.066216 0.05405 0.12439 -0.026296 -0.0013442 0.13884 0.047231 -0.056745 0.01028 0.26554 -0.0093269 0.067644 -0.035363 -0.04302 0.12665 0.04196 -0.047668 0.034638 0.24524 -0.11199 0 -0.14037 0.068402 0.17653 0.73427 0.56644 0.19998 -0.074408 0.28492 -0.088525 0.11596 0.49797 0.16396 -0.073233 0.56546 0.47223 0.5475 -0.12174 -0.0062025 0.11322 0.12968 0.3231 -0.044372 0.7148 0.43255 0.38863 0.052981 0.46931 0.03267 0.0056506 -0.01577 -0.043964 0.038492 -0.11897 0.65982 -0.19355 0.062143 0.10113 0.54168 0.3097 0.067657 -0.033568 0.096918 -0.085201 0.055394 0.32385 0.12066 -0.066819 0.25994 0.36288 0.2109 -0.12369 0.00043235 -0.007901 0.048696 0.1672 -0.12149 0.29137 0.11018 0.17055 0.037675 0.091517 0.081118 0.021677 -0.0056782 -0.10194
-0.022897 0.085416 0.0033851 0.034951 0.0041336 0.10451 0.02869 0.024252 0.068868 -0.00028418 0.06996 -0.024055 0.032708 0.015648 0.08995 0.026385 0.030413 0.055402 0.04632 0.18072 -0.14037 0 0.021977 0.36154 0.064659 -0.12706 0.12793 0.28633 0.039381 0.92197 0.011219 -0.14179 0.16005 0.35404 -0.063319 -0.18653 -0.13187 0.88266 0.31046 0.092183 0.29367 0.28503 0.076308 -0.024587 0.082132 0.6524 0.19857 0.031152 -0.031132 0.020973 0.21152 0.24443 0.089494 0.17366 -0.2271 0.9741 0.0072801 0.39992 -0.037852 -0.065767 0.16417 0.35004 -0.0056041 0.9129 -0.011299 -0.17612 0.17214 0.33334 -0.079212 -0.24898 -0.13587 0.84334 0.35884 0.089558 0.31627 0.32688 0.090419 -0.072097 0.0093081 0.60268 0.17883 0.078935 -0.070129 0.018626 0.17621 0.22401
0.024182 0.02205 0.011687 0.013426 0.012299 0.13734 0.076294 0.0016035 0.019014 0.049309 0.01831 -0.0065086 0.016611 0.011113 0.11024 0.073468 0.016512 0.043754 0.042078 0.052273 0.068402 0.021977 0 0.16418 0.11124 0.14375 0.062065 0.039477 0.098237 0.045727 0.093918 0.10673 0.099655 0.03317 0.067549 0.038868 0.069959 0.028603 0.049263 0.04609 0.057571 0.048912 0.061745 0.044379 0.069704 0.092376 0.10898 0.065534 0.032185 0.10582 0.051328 0.10392 0.018026 0.025246 0.037791 0.010882 0.05797 0.13552 0.076283 0.11639 0.061361 0.032883 0.060689 0.044282 0.086185 0.07374 0.089068 0.01081 0.055478 0.012095 0.046856 0.020548 0.040569 0.037176 0.050847 0.062597 0.034457 -0.0050474 0.047499 0.078185 0.080917 0.041137 0.018486 0.050921 0.032603 0.09325
-0.049855 -0.044377 -0.034943 -0.016013 -0.011799 0.22113 0.17512 -0.0075354 0.01051 -0.073182 -0.058075 -0.050869 -0.020251 -0.018597 0.23253 0.16698 -0.0033476 0.015366 0.25346 0.029603 0.17653 0.36154 0.16418 0 0.31755 0.35007 0.079872 0.55822 0.10404 0.53869 0.17236 0.19796 0.33234 0.11097 0.12999 0.038616 0.098492 0.31815 0.10582 -0.042848 0.1505 0.11762 0.043024 -0.017655 0.09636 0.52551 0.34005 0.011485 0.068788 0.15278 0.12641 0.14176 0.24294 0.050859 0.055849 0.33139 0.10898 0.81181 0.20389 0.35302 0.087693 0.51674 0.075949 0.53483 0.13333 0.18686 0.35278 0.12465 0.12063 -0.025486 0.14339 0.24645 0.15911 -0.031737 0.19462 0.16813 0.040339 -0.069815 0.06295 0.52832 0.27674 0.012087 0.04522 0.1382 0.098524 0.10776
0.066128 0.074617 0.039261 -0.083932 -0.02006 0.24094 0.060609 -0.038015 0.0364 0.2235 0.024158 0.005446 -0.090554 -0.028298 0.22437 0.041118 -0.013835 0.060217 0.20248 -0.10922 0.73427 0.064659 0.11124 0.31755 0 0.51923 0.55966 0.05652 0.18553 0.11128 0.32736 0.63895 0.41482 -0.022566 0.24622 0.36414 0.24345 0.025349 -0.056214 0.23422 -0.1024 0.72521 0.13115 0.54136 0.3911 0.38451 0.081586 0.24575 0.16763 0.10221 0.0081744 -0.083716 0.031617 -0.12472 0.50392 -0.012736 0.069498 0.22533 0.75951 0.30618 0.44102 0.065132 0.044727 0.098934 0.27674 0.526 0.33341 -0.026413 0.039091 0.22831 0.059563 0.010437 -0.059899 0.086912 -0.1238 0.54975 0.046374 0.16998 0.1748 0.17871 0.050825 -0.010204 0.21532 0.1307 0.020732 -0.12939
0.1431 0.0542 0.05227 0.017833 0.00061572 0.12451 0.12882 -0.019785 0.011872 0.23757 -0.0077111 0.032275 0.0040134 -0.019023 0.12941 0.11966 -0.033105 0.033402 0.26511 -0.011844 0.56644 -0.12706 0.14375 0.35007 0.51923 0 -0.0065106 0.090942 0.25476 -0.071337 0.074625 0.45301 0.1156 -0.020896 0.44489 0.39108 0.47682 -0.11301 0.029214 0.038525 0.14761 -0.014989 -0.08032 0.40475 0.22698 0.39327 0.16646 0.43874 0.022942 0.11924 -0.00070992 0.097832 0.11939 -0.01658 0.3361 -0.15766 0.08992 0.25994 0.33122 0.56196 -0.097748 0.058836 0.13775 -0.067319 -0.0060258 0.30176 0.057156 -0.033674 0.26301 0.25061 0.31816 -0.12878 0.00918 -0.0051242 0.079314 -0.049944 -0.11099 0.12886 0.026731 0.27485 0.1226 0.20995 0.044233 0.085405 0.0056138 0.044377
0.097454 0.14634 0.084727 0.0091868 -0.0065736 0.33988 -0.0027587 0.059572 0.13022 0.15126 0.14934 0.087095 -0.003494 0.014253 0.32241 -0.010574 0.081902 0.12076 -0.16257 0.0079831 0.19998 0.12793 0.062065 0.079872 0.55966 -0.0065106 0 0.021453 0.045752 0.12193 0.51424 0.23972 0.39208 0.074917 -0.22641 -0.037476 -0.24475 0.15014 0.036112 0.42802 -0.14926 0.82485 0.47334 0.10424 0.26571 -0.010829 -0.010876 -0.1597 0.14747 0.049896 0.11678 -0.035731 -0.15666 0.0093107 0.076571 0.086668 0.059275 0.061941 0.36554 -0.047501 0.7765 0.048559 -0.023442 0.10894 0.47652 0.23386 0.31418 0.054823 -0.31274 -0.11398 -0.27391 0.17286 0.044638 0.2937 -0.14239 0.72366 0.34373 -0.040399 0.19194 -0.10825 0.0015792 -0.20668 0.12861 0.066096 0.096998 -0.05975
0.033577 0.078611 0.004491 0.028281 -0.010589 0.12938 0.07057 0.018533 0.024101 -0.058304 0.06772 0.018173 0.052803 -0.0098493 0.12659 0.02707 0.032987 0.025509 0.085372 0.042187 -0.074408 0.28633 0.039477 0.55822 0.05652 0.090942 0.021453 0 0.056511 0.44416 0.095921 0.015118 0.053816 0.063166 0.0036782 -0.015083 0.012468 0.36102 0.033188 0.031674 0.086001 -0.017636 0.074582 -0.10137 -0.022402 0.33495 0.18321 -0.10924 0.015393 0.055265 0.13106 0.12735 0.15369 0.087451 -0.051774 0.29468 0.031804 0.57369 0.028056 0.17817 0.028647 0.95533 0.091556 0.38018 0.064646 0.055174 0.089679 0.068183 0.11021 -0.017158 0.1089 0.35137 0.11651 0.044245 0.1666 0.031884 0.075743 -0.056612 0.019375 0.40881 0.14911 0.032041 0.030169 0.045651 0.10509 0.13782
0.19006 0.15067 0.19498 0.14735 0.069388 0.083655 0.014861 0.026821 0.080385 0.20652 0.13299 0.1903 0.13542 0.034026 0.087944 0.01521 0.017597 0.093826 0.080886 0.20715 0.28492 0.039381 0.098237 0.10404 0.18553 0.25476 0.045752 0.056511 0 0.055071 0.058593 0.095609 0.056492 0.067076 0.43085 0.29516 0.47097 0.099807 0.028905 0.26532 0.11937 0.097494 0.20287 0.44751 0.29944 0.19108 0.070779 0.39908 -0.03353 0.051336 0.13585 0.32743 0.076804 0.20008 0.22575 0.021508 0.057345 0.071461 0.15562 0.16627 -0.0024598 0.054255 0.39892 0.043842 0.04914 0.0721 0.017156 0.042581 0.36706 0.23271 0.42929 0.092269 0.029918 0.2012 0.099946 0.074804 0.15899 0.27169 0.22137 0.090416 0.060552 0.27691 0.0070516 -0.0026719 0.12176 0.30843
0.0043437 0.12682 0.026596 0.051009 0.0075531 0.12762 0.039789 0.013045 0.09859 0.0077022 0.11206 0.0069253 0.047225 0.018032 0.10774 0.031635 0.032738 0.093716 0.07614 0.19976 -0.088525 0.92197 0.045727 0.53869 0.11128 -0.071337 0.12193 0.44416 0.055071 0 0.033072 -0.12135 0.21987 0.36329 -0.024956 -0.16757 -0.076283 0.91797 0.3337 0.11337 0.2917 0.25198 0.087768 -0.017452 0.080146 0.66784 0.22314 0.064611 -0.015955 0.017774 0.27701 0.28115 0.094094 0.18495 -0.15865 0.91236 0.017405 0.54183 0.022406 0.011629 0.16289 0.48683 0.03727 0.9302 0.0056199 -0.12753 0.23721 0.33529 0.0073703 -0.20557 -0.049226 0.88027 0.37604 0.12036 0.32395 0.31753 0.094374 -0.049953 0.037937 0.63967 0.19182 0.14869 -0.044863 0.0047416 0.23618 0.26083
-0.14877 -0.027035 -0.0017789 -0.028585 -0.029244 0.30269 0.16119 0.068722 0.021923 -0.013382 -0.05544 -0.041254 -0.066372 -0.031235 0.30799 0.13487 0.055738 0.018505 0.011867 -0.096107 0.11596 0.011219 0.093918 0.17236 0.32736 0.074625 0.51424 0.095921 0.058593 0.033072 0 0.38588 0.27891 -0.013449 -0.16826 0.087724 -0.096152 -0.0019051 0.010611 -0.0053095 -0.082747 0.40754 0.39948 -0.20468 0.26747 -0.09647 0.18617 -0.30053 0.2869 0.18135 0.030097 -0.08794 -0.046535 -0.11891 -0.1432 -0.0017785 0.038493 0.17637 0.081148 0.016441 0.38559 0.11887 -0.086919 0.028563 0.5677 0.24834 0.22724 -0.02172 -0.35407 -0.093677 -0.27484 -0.016649 0.032024 -0.11128 -0.1015 0.23633 0.23059 -0.38649 0.043084 -0.12428 0.14793 -0.36162 0.2225 0.16844 0.028775 -0.12549
-0.1085 -0.10007 -0.066436 -0.15593 -0.035635 0.21035 0.16307 -0.054648 -0.049093 0.058732 -0.18136 -0.12884 -0.16656 -0.058559 0.17884 0.12523 -0.067076 -0.025387 0.5722 -0.26699 0.49797 -0.14179 0.10673 0.19796 0.63895 0.45301 0.23972 0.015118 0.095609 -0.12135 0.38588 0 0.15759 -0.18691 0.21455 0.59857 0.3719 -0.19386 -0.11152 -0.063436 -0.14392 0.27908 0.0058452 0.058302 0.37593 -0.10152 0.36882 0.10987 0.31637 0.28236 -0.075549 -0.19503 0.24281 -0.28479 0.19807 -0.18916 0.073615 0.14423 0.32921 0.27679 0.079427 0.024597 -0.056212 -0.10801 0.21668 0.74327 0.094853 -0.17761 -0.12623 0.38994 -0.013919 -0.2172 -0.092412 -0.20709 -0.18835 0.022461 -0.095963 -0.23176 0.067048 -0.14282 0.27051 -0.21409 0.31478 0.27084 -0.050682 -0.21972
0.010826 0.016516 -0.020587 -0.020697 -0.010284 0.27542 0.070292 0.02497 0.066491 0.044002 0.016431 -0.024661 -0.020982 -0.00086953 0.27472 0.091296 0.010573 0.07174 0.00014471 0.0076402 0.16396 0.16005 0.099655 0.33234 0.41482 0.1156 0.39208 0.053816 0.056492 0.21987 0.27891 0.15759 0 0.10217 -0.047332 -0.024761 -0.074138 0.13679 0.054683 0.07228 -0.030955 0.44651 0.21376 0.064235 0.14939 0.1457 0.14303 -0.063565 0.058029 0.093823 0.090598 0.03969 0.030388 0.0020331 0.11626 0.12225 0.072136 0.28407 0.30832 0.10835 0.38489 0.059181 0.013706 0.21387 0.27944 0.18553 0.44146 0.082866 -0.078814 -0.029021 -0.044051 0.11384 0.039626 0.050715 -0.023425 0.42055 0.15551 -0.0086566 0.1356 0.084634 0.13646 -0.079125 0.083237 0.10508 0.064418 0.00088179
0.12332 0.17323 0.058957 0.19744 0.026731 0.075659 0.018613 0.046737 0.11923 0.1976 0.12138 0.040389 0.1696 0.060082 0.076077 0.019597 0.029182 0.093966 -0.006211 0.3946 -0.073233 0.35404 0.03317 0.11097 -0.022566 -0.020896 0.074917 0.063166 0.067076 0.36329 -0.013449 -0.18691 0.10217 0 0.13923 -0.2058 0.0011945 0.42303 0.52389 0.27494 0.59135 0.20719 0.094996 0.15732 0.32039 0.37966 0.17468 0.35224 -0.064532 -0.0096827 0.36627 0.48504 0.035278 0.35133 -0.10091 0.32896 0.0042105 0.093995 -0.061612 -0.02822 0.099906 0.055547 0.040966 0.32965 -0.026116 -0.20235 0.13592 0.77186 0.18462 -0.22367 0.069648 0.40052 0.44735 0.32798 0.52946 0.26031 0.085905 0.13565 0.25527 0.30266 0.17118 0.41222 -0.09895 -0.033339 0.32013 0.45687
0.096776 0.12015 0.23075 0.18028 0.068292 -0.035031 0.020797 -0.02571 0.040692 0.23202 0.038551 0.19294 0.15024 0.02666 -0.035864 0.0055839 -0.021819 0.030413 0.50455 0.20568 0.56546 -0.063319 0.067549 0.12999 0.24622 0.44489 -0.22641 0.0036782 0.43085 -0.024956 -0.16826 0.21455 -0.047332 0.13923 0 0.38979 0.84744 0.014938 0.10658 0.094598 0.3855 -0.083346 -0.11752 0.57024 0.50217 0.31188 0.24131 0.67838 -0.053328 0.0096988 0.12975 0.38365 0.26146 0.19231 0.35423 -0.082276 0.027546 0.066231 0.12822 0.21432 -0.28744 0.004571 0.28715 -0.028002 -0.20743 0.044499 -0.049508 0.11774 0.67036 0.26241 0.60483 -0.003021 0.099737 0.031819 0.31869 -0.14067 -0.1183 0.24249 0.24416 0.19711 0.1862 0.4563 -0.048321 -0.030368 0.12772 0.33344
-0.060214 -0.065531 -0.009372 -0.093815 0.0014268 0.01956 0.075046 -0.082029 -0.059856 0.097022 -0.14377 -0.049365 -0.11088 -0.045007 -0.011692 0.043742 -0.080824 -0.053446 0.24975 -0.22413 0.47223 -0.18653 0.038868 0.038616 0.36414 0.39108 -0.037476 -0.015083 0.29516 -0.16757 0.087724 0.59857 -0.024761 -0.2058 0.38979 0 0.61914 -0.17099 -0.1424 -0.12104 -0.08156 -0.076703 -0.16737 0.20172 0.22685 -0.082247 0.020665 0.19716 0.15685 0.085143 -0.08175 -0.1261 -0.0023146 -0.23624 0.20114 -0.19937 0.041042 0.0063447 0.12572 0.17637 -0.19497 -0.013544 0.10989 -0.16194 -0.020955 0.28066 -0.041331 -0.19181 0.07489 0.56476 0.21351 -0.18246 -0.11302 -0.22328 -0.11181 -0.27866 -0.23675 -0.12796 -0.087035 -0.14263 -0.012055 -0.073235 0.12493 0.074103 -0.068792 -0.13814
0.012298 0.011967 0.13471 0.058048 0.04757 -0.023699 0.070036 -0.07539 -0.012439 0.18761 -0.061759 0.10603 0.04312 -0.0097536 -0.043345 0.048167 -0.063507 -0.0066632 0.56652 0.010515 0.5475 -0.13187 0.069959 0.098492 0.24345 0.47682 -0.24475 0.012468 0.47097 -0.076283 -0.096152 0.3719 -0.074138 0.0011945 0.84744 0.61914 0 -0.076088 -0.021232 -0.038437 0.24943 -0.21479 -0.20767 0.4188 0.35129 0.17441 0.22633 0.55525 0.038963 0.036195 0.017586 0.19592 0.27949 -0.031295 0.29885 -0.14204 0.047972 0.039105 0.01762 0.2434 -0.33628 0.016535 0.27584 -0.085655 -0.17577 0.099652 -0.083731 -0.011005 0.49949 0.46698 0.59838 -0.090942 0.011538 -0.13117 0.15731 -0.31638 -0.22326 0.07645 0.0099061 0.07703 0.15778 0.23783 -0.023019 0.0012397 0.036767 0.15638
0.11764 0.2287 0.093074 0.1289 0.051585 0.090238 -0.011331 0.049375 0.17183 0.12272 0.23674 0.092588 0.13039 0.060396 0.072596 -0.050229 0.048688 0.16558 -0.02645 0.29316 -0.12174 0.88266 0.028603 0.31815 0.025349 -0.11301 0.15014 0.36102 0.099807 0.91797 -0.0019051 -0.19386 0.13679 0.42303 0.014938 -0.17099 -0.076088 0 0.41585 0.23646 0.37525 0.28456 0.12999 0.027902 0.11462 0.58276 0.11775 0.14723 -0.056788 -0.020571 0.327 0.37424 -0.0042213 0.28843 -0.15214 0.8468 0.0092197 0.32621 -0.017747 -0.045854 0.1921 0.42923 0.091493 0.87971 -0.0037595 -0.1868 0.15036 0.3979 0.057207 -0.1833 -0.025438 0.96719 0.44968 0.25596 0.412 0.3393 0.14843 0.038916 0.094716 0.55262 0.090602 0.27785 -0.065321 -0.048457 0.29124 0.36845
0.068944 0.13345 0.013412 0.19454 0.077401 0.093987 0.056154 0.020978 0.097209 0.2665 0.0548 0.0081164 0.12245 0.064759 0.08141 0.039403 0.0052106 0.081618 0.070708 0.33057 -0.0062025 0.31046 0.049263 0.10582 -0.056214 0.029214 0.036112 0.033188 0.028905 0.3337 0.010611 -0.11152 0.054683 0.52389 0.10658 -0.1424 -0.021232 0.41585 0 0.1015 0.88949 0.092552 0.011304 0.07292 0.31454 0.42843 0.32268 0.41958 -0.012304 0.04123 0.49259 0.60645 0.059437 0.28906 -0.15004 0.27849 0.0056539 0.086412 -0.13059 -0.025738 0.018315 0.022985 -0.018704 0.29997 -0.02963 -0.19468 0.076608 0.47289 0.08797 -0.22321 -0.072309 0.37774 0.89667 0.1355 0.78611 0.10076 -0.0076258 -0.028251 0.15667 0.33073 0.27189 0.40208 -0.091846 -0.012993 0.40913 0.50618
0.36208 0.33967 0.20492 0.21353 0.09322 0.10067 -0.12293 0.073433 0.19382 0.3142 0.35 0.22674 0.22155 0.089802 0.083818 -0.11003 0.068224 0.19011 -0.096333 0.42245 0.11322 0.092183 0.04609 -0.042848 0.23422 0.038525 0.42802 0.031674 0.26532 0.11337 -0.0053095 -0.063436 0.07228 0.27494 0.094598 -0.12104 -0.038437 0.23646 0.1015 0 0.081943 0.55407 0.3755 0.44501 0.3044 0.17628 -0.077139 0.35792 -0.070902 -0.050084 0.203 0.35248 -0.083967 0.39051 0.16068 0.092989 0.044871 -0.053257 0.26727 0.061127 0.42826 0.038871 0.2435 0.07267 0.095172 0.025063 0.038966 0.22659 0.17635 -0.079156 0.10148 0.25363 0.079212 0.69769 0.10564 0.52648 0.34255 0.4372 0.34433 0.077424 -0.057804 0.36831 -0.079159 -0.082402 0.19022 0.36358
0.083641 0.12246 0.085994 0.29028 0.093354 0.052033 0.067522 0.012529 0.074834 0.27842 0.070882 0.065793 0.22795 0.06946 0.05527 0.066254 -0.005725 0.068395 0.16387 0.40328 0.12968 0.29367 0.057571 0.1505 -0.1024 0.14761 -0.14926 0.086001 0.11937 0.2917 -0.082747 -0.14392 -0.030955 0.59135 0.3855 -0.08156 0.24943 0.37525 0.88949 0.081943 0 -0.081017 -0.047309 0.15753 0.47285 0.51717 0.31832 0.56089 -0.054205 0.013934 0.42025 0.63686 0.12984 0.3548 -0.063591 0.26125 0.0047193 0.12911 -0.19905 0.037205 -0.15497 0.084721 0.071532 0.27382 -0.13397 -0.24343 0.030087 0.55912 0.34064 -0.18933 0.12828 0.34514 0.81811 0.11607 0.91208 -0.031579 -0.054824 0.046794 0.27442 0.45228 0.26828 0.50713 -0.12068 -0.032885 0.33593 0.55707
0.18335 0.19762 0.093016 0.038665 0.011077 0.27003 -0.037397 0.050968 0.15473 0.23988 0.19969 0.072214 0.023232 0.039029 0.25518 -0.032274 0.076392 0.15785 -0.05965 0.098421 0.3231 0.28503 0.048912 0.11762 0.72521 -0.014989 0.82485 -0.017636 0.097494 0.25198 0.40754 0.27908 0.44651 0.20719 -0.083346 -0.076703 -0.21479 0.28456 0.092552 0.55407 -0.081017 0 0.44212 0.32959 0.38583 0.17716 0.028504 0.076668 0.13974 0.049892 0.12731 0.057992 -0.057506 0.083932 0.203 0.2336 0.056377 0.10023 0.55943 -0.018639 0.78342 0.055758 0.003051 0.23895 0.40552 0.32707 0.36903 0.1624 -0.19391 -0.11466 -0.22307 0.2882 0.072888 0.43027 -0.07656 0.92653 0.35669 0.15454 0.33713 0.020407 0.045849 0.00083167 0.15851 0.082005 0.12989 0.028415
0.096935 0.16553 0.17411 0.1298 0.053757 0.2319 -0.0037274 0.1225 0.13796 0.088289 0.1923 0.17813 0.11529 0.056335 0.24058 0.0017789 0.12505 0.13778 -0.14159 0.27769 -0.044372 0.076308 0.061745 0.043024 0.13115 -0.08032 0.47334 0.074582 0.20287 0.087768 0.39948 0.0058452 0.21376 0.094996 -0.11752 -0.16737 -0.20767 0.12999 0.011304 0.3755 -0.047309 0.44212 0 0.060154 0.35661 -0.036413 0.031924 -0.066498 0.049429 0.038962 0.15568 0.18107 -0.095882 0.26684 -0.064999 0.064588 0.047791 0.033041 0.067287 -0.05204 0.43659 0.079129 0.14816 0.066955 0.42577 0.077033 0.16092 0.079796 -0.10659 -0.17184 -0.11458 0.12701 0.0039356 0.32098 -0.029162 0.38999 0.57987 0.037488 0.32842 -0.080236 0.055259 -0.025847 0.038856 0.04792 0.14063 0.17133
0.35631 0.2246 0.25492 0.16247 0.070155 0.00048899 -0.12422 0.0019332 0.10376 0.46147 0.20072 0.22707 0.13801 0.043913 -0.019651 -0.1083 -0.010285 0.11576 0.017539 0.26198 0.7148 -0.024587 0.044379 -0.017655 0.54136 0.40475 0.10424 -0.10137 0.44751 -0.017452 -0.20468 0.058302 0.064235 0.15732 0.57024 0.20172 0.4188 0.027902 0.07292 0.44501 0.15753 0.32959 0.060154 0 0.48799 0.42541 -0.11327 0.67839 -0.12262 -0.092475 0.083218 0.26215 -0.02085 0.22064 0.54437 -0.048588 0.035395 -0.05162 0.44988 0.22295 0.045619 -0.076675 0.27954 -0.033924 -0.14549 0.085078 0.021906 0.12803 0.43374 0.18774 0.3081 0.041073 0.017064 0.37388 0.11287 0.29347 0.035194 0.70503 0.27981 0.21463 -0.087005 0.44399 -0.086878 -0.12564 0.076214 0.20167
0.042285 0.17322 0.21005 0.17077 0.065821 0.17115 0.05284 0.014304 0.081363 0.28476 0.08475 0.12736 0.12735 0.051714 0.15567 0.036368 0.020604 0.084077 0.19898 0.32981 0.43255 0.082132 0.069704 0.09636 0.3911 0.22698 0.26571 -0.022402 0.29944 0.080146 0.26747 0.37593 0.14939 0.32039 0.50217 0.22685 0.35129 0.11462 0.31454 0.3044 0.47285 0.38583 0.35661 0.48799 0 0.29679 0.15639 0.49011 0.11918 0.059585 0.19066 0.30567 0.036903 0.24658 0.12026 0.029995 0.048986 0.059491 0.077751 0.090591 0.12295 0.0027741 0.058009 0.068845 0.13666 0.1142 0.12797 0.30863 0.16749 -0.035676 0.047382 0.092494 0.26075 0.16751 0.38163 0.17168 0.18261 0.049609 0.53154 0.1588 0.15172 0.21064 0.083362 0.05062 0.1724 0.24338
0.18406 0.13102 0.06456 0.12086 0.017726 0.08345 0.031039 0.0099591 0.05907 0.25455 0.098594 0.078089 0.10497 0.018037 0.077395 0.032571 0.0042179 0.064182 0.083801 0.27452 0.38863 0.6524 0.092376 0.52551 0.38451 0.39327 -0.010829 0.33495 0.19108 0.66784 -0.09647 -0.10152 0.1457 0.37966 0.31188 -0.082247 0.17441 0.58276 0.42843 0.17628 0.51717 0.17716 -0.036413 0.42541 0.29679 0 0.098458 0.52187 -0.063675 -0.0084026 0.18718 0.37014 0.068156 0.25813 0.20172 0.61059 0.051175 0.47704 0.23403 0.32558 0.039624 0.30006 0.12982 0.66995 -0.098549 -0.11591 0.16063 0.35107 0.32831 -0.10989 0.1859 0.56686 0.37245 0.19543 0.47532 0.28413 -0.018771 0.25727 0.17694 0.93894 0.04888 0.44967 -0.065933 -0.03603 0.16503 0.32426
-0.17587 -0.10861 -0.074083 -0.021016 0.00651 0.21305 0.23056 0.0037662 -0.00082532 -0.13018 -0.16034 -0.09842 -0.042679 -0.014466 0.21505 0.19911 0.011059 0.013854 0.72026 0.056348 0.052981 0.19857 0.10898 0.34005 0.081586 0.16646 -0.010876 0.18321 0.070779 0.22314 0.18617 0.36882 0.14303 0.17468 0.24131 0.020665 0.22633 0.11775 0.32268 -0.077139 0.31832 0.028504 0.031924 -0.11327 0.15639 0.098458 0 0.11035 0.072308 0.22561 0.573 0.32135 0.58618 0.051923 -0.079421 0.1629 0.074222 0.327 -0.04726 0.093273 -0.05289 0.156 0.020174 0.20603 0.10998 0.19363 0.15968 0.21063 0.11313 -0.048979 0.076622 0.053358 0.35593 -0.086587 0.31675 0.009283 0.038342 -0.17669 0.067235 0.1192 0.85435 0.071693 0.031218 0.20665 0.47498 0.27217
0.3465 0.24279 0.1863 0.25217 0.10847 -0.070881 -0.061997 -0.0013807 0.11585 0.39493 0.22645 0.18122 0.22967 0.083408 -0.081588 -0.065588 -0.028192 0.13727 0.24105 0.38087 0.46931 0.031152 0.065534 0.011485 0.24575 0.43874 -0.1597 -0.10924 0.39908 0.064611 -0.30053 0.10987 -0.063565 0.35224 0.67838 0.19716 0.55525 0.14723 0.41958 0.35792 0.56089 0.076668 -0.066498 0.67839 0.49011 0.52187 0.11035 0 -0.087747 -0.042509 0.28959 0.58069 0.17346 0.36317 0.38123 0.016704 0.024144 -0.049961 0.27754 0.2857 -0.15628 -0.076729 0.31568 0.046234 -0.27686 0.10557 -0.056419 0.2969 0.6247 0.21167 0.50428 0.14678 0.31345 0.32358 0.48188 0.12617 -0.038357 0.50638 0.39252 0.37248 0.087996 0.83225 -0.071668 -0.082506 0.22704 0.51729
-0.1008 -0.046329 -0.050221 -0.067862 -0.029288 0.058893 0.042527 -0.0030402 -0.028725 -0.017056 -0.084955 -0.081039 -0.085962 -0.039909 0.046191 0.042455 -0.01452 -0.034857 0.11462 -0.12728 0.03267 -0.031132 0.032185 0.068788 0.16763 0.022942 0.14747 0.015393 -0.03353 -0.015955 0.2869 0.31637 0.058029 -0.064532 -0.053328 0.15685 0.038963 -0.056788 -0.012304 -0.070902 -0.054205 0.13974 0.049429 -0.12262 0.11918 -0.063675 0.072308 -0.087747 0 0.094925 -0.071411 -0.12827 0.036213 -0.14829 -0.098771 -0.024744 0.0083368 0.061266 -0.0064851 0.013599 0.076607 0.026122 -0.097829 -0.015198 0.16489 0.19921 0.037072 -0.056804 -0.17282 0.052562 -0.12874 -0.051782 0.0056977 -0.15388 -0.074662 0.014181 -0.0030805 -0.2638 -0.014485 -0.05097 0.05982 -0.19407 0.21505 0.090618 -0.03856 -0.14451
-0.06678 -0.056191 -0.048678 -0.022146 -0.022842 0.15049 0.13292 -2.4486e-05 -0.020968 -0.006891 -0.077623 -0.068116 -0.048388 -0.012297 0.13539 0.108 -0.014635 0.025535 0.16554 -0.043155 0.0056506 0.020973 0.10582 0.15278 0.10221 0.11924 0.049896 0.055265 0.051336 0.017774 0.18135 0.28236 0.093823 -0.0096827 0.0096988 0.085143 0.036195 -0.020571 0.04123 -0.050084 0.013934 0.049892 0.038962 -0.092475 0.059585 -0.0084026 0.22561 -0.042509 0.094925 0 0.030437 0.022118 0.098084 -0.065699 -0.058448 0.010891 0.04042 0.12689 0.017347 0.092612 0.030353 0.047171 -0.026965 0.032056 0.13771 0.20921 0.069747 -0.012796 -0.04751 0.023132 -0.030095 -0.030344 0.030245 -0.091506 -0.0054688 0.013907 0.005709 -0.14995 0.027485 -0.01131 0.19593 -0.082386 0.099932 0.17129 0.017292 0.0072517
0.031108 0.16774 0.070951 0.13559 0.062826 0.11382 0.01562 0.045324 0.1217 0.034241 0.16617 0.067364 0.13039 0.076854 0.097207 0.010447 0.042603 0.16855 0.15968 0.29296 -0.01577 0.21152 0.051328 0.12641 0.0081744 -0.00070992 0.11678 0.13106 0.13585 0.27701 0.030097 -0.075549 0.090598 0.36627 0.12975 -0.08175 0.017586 0.327 0.49259 0.203 0.42025 0.12731 0.15568 0.083218 0.19066 0.18718 0.573 0.28959 -0.071411 0.030437 0 0.51075 0.22747 0.30199 -0.0029127 0.20805 0.042486 0.13303 0.021361 -0.0060982 0.10015 0.12027 0.13823 0.24817 0.04979 -0.055305 0.11073 0.35553 0.19151 -0.079878 0.098565 0.30064 0.45835 0.24598 0.4134 0.17708 0.16561 0.082415 0.20124 0.17554 0.53972 0.36454 -0.046208 -0.0044572 0.65292 0.46888
0.22991 0.29316 0.18781 0.35429 0.14352 0.078783 0.028129 0.087576 0.18684 0.22746 0.28717 0.19479 0.32474 0.12484 0.081508 0.022812 0.062891 0.19463 0.11638 0.56975 -0.043964 0.24443 0.10392 0.14176 -0.083716 0.097832 -0.035731 0.12735 0.32743 0.28115 -0.08794 -0.19503 0.03969 0.48504 0.38365 -0.1261 0.19592 0.37424 0.60645 0.35248 0.63686 0.057992 0.18107 0.26215 0.30567 0.37014 0.32135 0.58069 -0.12827 0.022118 0.51075 0 0.15166 0.54565 -0.011658 0.23471 0.058772 0.098171 -0.041896 0.070263 -0.00027881 0.12751 0.32248 0.25214 -0.064055 -0.15326 0.055211 0.45556 0.49607 -0.092309 0.33711 0.36379 0.53249 0.4028 0.60895 0.15957 0.199 0.26681 0.33283 0.32489 0.28215 0.64834 -0.12938 -0.032516 0.4166 0.77265
-0.050661 -0.12573 -0.034745 -0.02447 -0.011531 0.029072 0.091298 -0.024408 -0.037864 -0.15683 -0.14648 -0.033439 0.0013046 -0.01877 0.040429 0.10292 -0.015548 -0.010301 0.65083 0.013648 0.038492 0.089494 0.018026 0.24294 0.031617 0.11939 -0.15666 0.15369 0.076804 0.094094 -0.046535 0.24281 0.030388 0.035278 0.26146 -0.0023146 0.27949 -0.0042213 0.059437 -0.083967 0.12984 -0.057506 -0.095882 -0.02085 0.036903 0.068156 0.58618 0.17346 0.036213 0.098084 0.22747 0.15166 0 0.030272 0.17265 0.094803 0.034326 0.27493 0.15311 0.19777 -0.14962 0.10236 0.10799 0.088681 -0.034433 0.40843 0.039011 0.052788 0.39159 0.15991 0.44721 -0.036219 0.10521 -0.047781 0.17913 0.0088198 -0.046351 0.021103 0.23395 0.0696 0.7117 0.18925 0.049236 0.16823 0.19921 0.14186
