0 0.33024 0.26714 0.27971 0.08643 -0.0089713 -0.090385 0.059479 0.20709 0.7211 0.41029 0.35675 0.29439 0.11323 0.00073909 -0.095511 0.041214 0.2627 -0.15163 0.23292 0.065589 -0.02144 0.022681 -0.055903 0.062455 0.13713 0.089591 0.026298 0.18645 0.00026987 -0.15788 -0.11551 0.011465 0.12932 0.09126 -0.065135 0.014665 0.11252 0.068366 0.36161 0.081965 0.18201 0.089418 0.36147 0.032092 0.18413 -0.17755 0.35075 -0.10455 -0.063771 0.031179 0.227 -0.036197 0.2741 0.41653 -0.017946 0.034316 -0.077793 0.36895 0.24972 0.18694 0.0039164 0.31958 -0.032198 -0.033081 0.12253 0.022667 0.14361 0.38989 0.1942 0.2955 0.13262 0.071558 0.44787 0.18718 0.31323 0.17108 0.59186 0.39 0.19725 -0.12402 0.52968 -0.0080311 -0.084704 0.048558 0.27797
0.33024 0 0.24717 0.26928 0.11249 0.014798 -0.078798 0.072348 0.22199 0.34763 0.48994 0.26324 0.25447 0.09759 -0.0024589 -0.095736 0.055405 0.2108 -0.10728 0.25684 0.0453 0.093337 0.018979 -0.052532 0.063951 0.043124 0.14146 0.078365 0.1423 0.13166 -0.032917 -0.10971 0.013196 0.17864 0.10836 -0.06831 0.0078317 0.23107 0.13759 0.33183 0.11974 0.19208 0.15778 0.21251 0.1599 0.12738 -0.11267 0.23063 -0.049218 -0.055162 0.16538 0.28561 -0.11899 0.25037 0.064114 0.091914 0.015237 -0.074871 0.067844 -0.0040787 0.13406 0.071057 0.12896 0.088687 -0.014344 -0.091382 -0.014856 0.1114 0.15356 -0.033402 0.072394 0.26507 0.086023 0.31208 0.098309 0.18655 0.14836 0.18585 0.16295 0.065467 -0.11995 0.22158 -0.052815 -0.074211 0.15381 0.25983
0.26714 0.24717 0 0.39503 0.10545 0.035681 -0.019996 0.14849 0.14301 0.28675 0.27127 0.58078 0.38175 0.067501 0.032509 -0.030627 0.11855 0.15397 -0.0314 0.20114 0.11872 0.0055238 0.011534 -0.037336 0.033106 0.048977 0.083229 0.0071796 0.19158 0.026272 -0.0079744 -0.072158 -0.025443 0.053804 0.22589 -0.012716 0.13548 0.092916 0.010189 0.20188 0.079474 0.08619 0.17168 0.24832 0.19453 0.06068 -0.073054 0.18316 -0.053279 -0.047558 0.069972 0.18347 -0.029018 0.17411 0.1124 -0.010606 0.034493 -0.061146 0.031173 0.025579 0.068675 0.010808 0.16343 -0.0040053 0.0020536 -0.076211 -0.015456 0.028226 0.19591 -0.022826 0.13656 0.10264 -0.012253 0.19979 0.087614 0.078838 0.12343 0.1742 0.15565 0.008112 -0.068029 0.17738 -0.063257 -0.054624 0.080898 0.17347
0.27971 0.26928 0.39503 0 0.19795 0.01257 -0.0075977 0.11034 0.14042 0.25941 0.27846 0.37872 0.64694 0.12494 0.0088591 -0.014374 0.0966 0.14857 -0.051999 0.29585 -0.030207 0.036824 0.010768 -0.021228 -0.087297 0.013348 0.009016 0.024791 0.14779 0.04931 -0.029305 -0.15803 -0.020353 0.19696 0.17465 -0.092473 0.062455 0.12828 0.18531 0.21248 0.2762 0.038435 0.1302 0.15569 0.16043 0.11611 -0.027142 0.24462 -0.070858 -0.019615 0.12737 0.34664 -0.017708 0.28016 0.017597 0.038776 0.011343 -0.036015 -0.04289 -0.013821 0.026731 0.027525 0.1531 0.029701 -0.022151 -0.13082 0.00896 0.15782 0.25723 -0.060062 0.15234 0.14646 0.11988 0.24893 0.26302 0.08051 0.13531 0.17854 0.18317 0.089682 -0.040053 0.3045 -0.066599 -0.057588 0.12458 0.34604
0.08643 0.11249 0.10545 0.19795 0 -0.0037579 -0.021114 0.021157 0.056495 0.09719 0.10354 0.11539 0.17083 0.044855 -0.0035869 -0.02766 0.023275 0.062243 -0.015225 0.10657 0.0009311 0.0039763 0.010362 -0.011592 -0.017428 0.0037867 -0.006343 -0.009263 0.071328 0.0079567 -0.027626 -0.034206 -0.0092323 0.024698 0.071082 0.0047543 0.052665 0.051736 0.072308 0.0912 0.088742 0.01086 0.056593 0.071812 0.065586 0.014948 0.0058178 0.1079 -0.02868 -0.020543 0.062399 0.14247 -0.0082366 0.11109 -0.015722 -0.0024118 -0.013395 -0.032615 -0.034183 -0.011795 -0.0027273 -0.0028091 0.063854 -0.0060273 -0.020244 -0.044551 -0.017756 0.029484 0.08562 -0.0074471 0.064322 0.053882 0.05458 0.077953 0.079153 0.0019711 0.02801 0.045086 0.051525 -0.0074053 -0.010482 0.10489 -0.040729 -0.025186 0.046005 0.13037
-0.0089713 0.014798 0.035681 0.01257 -0.0037579 0 0.16487 0.022494 0.087257 0.056595 -0.0015696 0.024383 0.0034166 -0.016525 0.4352 0.16684 0.039711 0.069971 0.067658 0.044375 0.14785 0.10084 0.13432 0.2206 0.24488 0.12636 0.34099 0.12452 0.088271 0.12573 0.29758 0.20764 0.27481 0.072219 -0.030718 0.023782 -0.020533 0.088249 0.090027 0.099167 0.05673 0.27263 0.22827 0.00098618 0.17669 0.082463 0.21824 -0.068412 0.05653 0.15023 0.11862 0.083473 0.033514 0.027261 0.012689 0.07842 0.088822 0.21194 0.12845 0.089644 0.28752 0.12946 0.017616 0.1141 0.27281 0.1377 0.23446 0.068028 -0.10984 -0.048386 -0.089153 0.063991 0.096041 0.039488 0.050799 0.22593 0.15491 -0.086897 0.079433 0.046441 0.18594 -0.1025 0.051329 0.12157 0.10131 0.052601
-0.090385 -0.078798 -0.019996 -0.0075977 -0.021114 0.16487 0 -0.0094732 -0.0077508 -0.042127 -0.10409 -0.044316 -0.027429 -0.024054 0.17218 0.25142 -0.01102 -0.031786 0.15271 -0.039126 0.046552 0.02666 0.073772 0.17823 0.067696 0.13045 0.0021816 0.065037 0.015692 0.037136 0.16451 0.16607 0.069688 0.014785 0.022499 0.077291 0.070417 -0.014428 0.052503 -0.12159 0.068716 -0.033286 -0.00074827 -0.12779 0.060853 0.029502 0.23468 -0.061142 0.046425 0.13332 0.015875 0.027928 0.093314 -0.050167 -0.062395 0.017033 0.025813 0.15641 -0.033557 0.073566 -0.029296 0.054904 -0.022507 0.034159 0.088712 0.08768 0.056118 0.019766 -0.056686 -0.018278 -0.02651 -0.034253 0.055627 -0.13674 0.068019 -0.057748 -0.022155 -0.18811 -0.020631 0.035297 0.18887 -0.12242 0.02911 0.11035 0.0018917 -0.0037242
0.059479 0.072348 0.14849 0.11034 0.021157 0.022494 -0.0094732 0 0.054595 0.039014 0.07529 0.13061 0.10673 0.01541 0.035039 0.0029497 0.10914 0.066235 -0.033923 0.092234 -0.058797 0.025712 6.529e-05 -0.0087705 -0.045142 -0.02319 0.055668 0.019482 0.025088 0.013629 0.067197 -0.059269 0.023246 0.047785 -0.025993 -0.084351 -0.074615 0.049363 0.023578 0.070599 0.015949 0.045793 0.12043 -0.0010087 0.011087 0.01014 0.004855 0.00077794 -0.0043277 0.00095116 0.04554 0.087623 -0.020541 0.075165 -0.040098 0.027549 -0.0027287 -2.7725e-05 -0.02267 0.0040811 0.069103 0.033462 0.032496 0.0062505 0.065084 -0.041253 0.010998 0.046626 0.0015836 -0.086421 -0.014124 0.056206 0.015353 0.07871 0.036464 0.058617 0.10053 0.019122 0.032698 0.0098565 0.01393 0.056847 -0.017436 0.0026136 0.057849 0.090864
0.20709 0.22199 0.14301 0.14042 0.056495 0.087257 -0.0077508 0.054595 0 0.22022 0.22956 0.13105 0.13479 0.047963 0.07202 -0.02111 0.05199 0.19892 -0.046182 0.16298 0.0079274 0.068171 0.017691 0.0040064 0.031663 0.0087791 0.12755 0.022676 0.076999 0.097031 0.020717 -0.053299 0.065464 0.12404 0.035568 -0.060087 -0.014481 0.1715 0.098346 0.19029 0.074572 0.15228 0.13398 0.10078 0.075251 0.056489 -0.0025233 0.11315 -0.029173 -0.019435 0.12275 0.18095 -0.033843 0.17013 0.044411 0.061768 0.029164 -0.01278 0.058942 0.018543 0.14626 0.016115 0.090083 0.084784 0.059065 -0.012944 0.034775 0.078085 0.083729 -0.032366 0.037566 0.17812 0.075769 0.18426 0.069344 0.17326 0.13652 0.10655 0.12247 0.023179 -0.0014655 0.14961 -0.037675 -0.0052923 0.1236 0.17319
0.7211 0.34763 0.28675 0.25941 0.09719 0.056595 -0.042127 0.039014 0.22022 0 0.31958 0.28248 0.21882 0.099067 0.048945 -0.054239 0.031972 0.2295 -0.069167 0.22761 0.26372 0.0081024 0.048661 -0.080076 0.21601 0.22984 0.14329 -0.058073 0.20311 0.012032 -0.022668 0.048603 0.041208 0.19646 0.22742 0.094302 0.18884 0.12639 0.26389 0.30886 0.27699 0.23192 0.080901 0.45483 0.27145 0.25424 -0.12953 0.39073 -0.023384 -0.005829 0.03594 0.22767 -0.14595 0.17013 0.13591 -0.0014064 0.02666 -0.094468 0.12113 0.1259 0.098409 -0.031021 0.1013 0.0025869 -0.024751 0.0022075 0.025316 0.13484 0.14729 0.03815 0.051074 0.1439 0.15209 0.26267 0.17131 0.14776 0.050847 0.23896 0.090984 0.093399 -0.10883 0.33156 -0.045157 -0.060417 0.053903 0.1919
0.41029 0.48994 0.27127 0.27846 0.10354 -0.0015696 -0.10409 0.07529 0.22956 0.31958 0 0.32438 0.30346 0.11131 -0.010478 -0.1091 0.094929 0.25238 -0.18803 0.28715 -0.016508 0.074482 0.015387 -0.06979 0.012187 -0.020281 0.14322 0.065378 0.12322 0.11224 -0.06332 -0.19018 0.011342 0.12937 0.027258 -0.14565 -0.063459 0.23594 0.060705 0.34377 0.068535 0.19369 0.18527 0.19104 0.074964 0.090958 -0.16658 0.21522 -0.0893 -0.075754 0.16568 0.27732 -0.141 0.29928 0.15125 0.084104 0.0063019 -0.097765 0.15113 -0.0012178 0.19745 0.040326 0.18506 0.072129 -0.0064884 -0.066334 0.0048355 0.13778 0.23501 -0.0068534 0.14684 0.27548 0.043653 0.39582 0.111 0.26457 0.20333 0.30602 0.26298 0.070232 -0.13888 0.30993 -0.0401 -0.10294 0.169 0.30032
0.35675 0.26324 0.58078 0.37872 0.11539 0.024383 -0.044316 0.13061 0.13105 0.28248 0.32438 0 0.40799 0.085345 0.027362 -0.03018 0.1459 0.15464 -0.071976 0.2079 0.06528 -0.021643 -0.006784 -0.055381 0.00097434 0.029913 0.081939 0.017568 0.18527 0.0041652 -0.047733 -0.13433 -0.031295 0.040696 0.19353 -0.048383 0.11133 0.091108 0.0083616 0.2242 0.065257 0.065501 0.17087 0.22498 0.11582 0.076835 -0.098528 0.18246 -0.084215 -0.066889 0.064281 0.19018 -0.025882 0.23518 0.1838 -0.047116 0.021842 -0.074497 0.08472 0.058483 0.088084 -0.0034234 0.23429 -0.025519 0.0003785 -0.05038 0.0058045 0.043859 0.27924 0.049627 0.22726 0.1005 -0.041117 0.26627 0.083895 0.12006 0.18304 0.2802 0.22705 0.031703 -0.088503 0.24171 -0.056232 -0.054339 0.059125 0.21585
0.29439 0.25447 0.38175 0.64694 0.17083 0.0034166 -0.027429 0.10673 0.13479 0.21882 0.30346 0.40799 0 0.14445 0.0095852 -0.0066333 0.11799 0.15864 -0.056057 0.2699 -0.035462 0.034096 0.015382 -0.025444 -0.088874 0.00040499 -0.0024939 0.047888 0.13554 0.043599 -0.065877 -0.16447 -0.020995 0.16461 0.14492 -0.10728 0.048474 0.12561 0.10996 0.22028 0.21218 0.023916 0.11541 0.13284 0.121 0.10133 -0.051305 0.2219 -0.086289 -0.045507 0.11752 0.31432 0.0053608 0.2853 0.030365 0.027719 0.014217 -0.023685 -0.030416 0.028238 0.015209 0.04251 0.18767 0.024056 -0.034373 -0.11559 -0.0021266 0.15536 0.28481 -0.041684 0.18546 0.14463 0.11073 0.25303 0.28108 0.080444 0.13336 0.19907 0.19262 0.092862 -0.012175 0.3168 -0.087252 -0.048743 0.12236 0.37234
0.11323 0.09759 0.067501 0.12494 0.044855 -0.016525 -0.024054 0.01541 0.047963 0.099067 0.11131 0.085345 0.14445 0 -0.0097045 -0.027307 0.0060997 0.094018 -0.023512 0.13224 -0.039697 0.017102 0.010785 -0.021406 -0.02706 -0.019865 0.012634 -0.010085 0.031459 0.018415 -0.030677 -0.057431 0.00094079 0.060804 0.023845 -0.044309 -0.0089407 0.059208 0.062324 0.087682 0.066561 0.039604 0.058426 0.042841 0.049628 0.017509 -0.017813 0.081307 -0.040785 -0.012225 0.073228 0.12119 -0.015905 0.10636 0.0045908 0.01761 0.0021269 -0.022814 -0.00071916 -0.011025 0.028709 -0.01153 0.030952 0.020289 -0.0084048 -0.030121 -0.0048418 0.071175 0.078866 -0.033532 0.057844 0.073584 0.067221 0.090996 0.087284 0.050531 0.072543 0.067438 0.093086 0.0058058 -0.014145 0.11865 -0.026893 -0.026511 0.063613 0.13524
0.00073909 -0.0024589 0.032509 0.0088591 -0.0035869 0.4352 0.17218 0.035039 0.07202 0.048945 -0.010478 0.027362 0.0095852 -0.0097045 0 0.21299 0.042383 0.068153 0.049822 0.041068 0.1328 0.085776 0.10858 0.22906 0.22655 0.12818 0.32303 0.12117 0.093565 0.10425 0.30496 0.1755 0.27329 0.071889 -0.037208 -0.0097568 -0.045507 0.07008 0.076848 0.083896 0.05798 0.25902 0.23875 -0.020109 0.16211 0.074603 0.2134 -0.083337 0.044729 0.13069 0.10002 0.084676 0.03941 0.044272 0.060734 0.074315 0.10168 0.22471 0.15873 0.13157 0.30067 0.10802 0.061683 0.097756 0.26785 0.1581 0.27585 0.060816 -0.078882 -0.044526 -0.06809 0.058589 0.10375 0.065999 0.051265 0.24834 0.1773 -0.059592 0.10764 0.065376 0.20646 -0.079308 0.033909 0.14048 0.10183 0.080575
-0.095511 -0.095736 -0.030627 -0.014374 -0.02766 0.16684 0.25142 0.0029497 -0.02111 -0.054239 -0.1091 -0.03018 -0.0066333 -0.027307 0.21299 0 0.01597 -0.0062667 0.11559 -0.032746 0.041204 0.025142 0.072515 0.16807 0.0447 0.11708 -0.0066303 0.021103 0.017287 0.031393 0.1352 0.12386 0.094735 0.017133 0.0074338 0.040983 0.04597 -0.05013 0.039808 -0.10642 0.06998 -0.027469 0.0061453 -0.10957 0.043159 0.032535 0.20407 -0.065221 0.040927 0.10669 0.014824 0.02925 0.10548 -0.034763 -0.021755 0.014247 0.040315 0.17633 -0.0074442 0.11603 -0.025857 0.017653 0.0014064 0.026167 0.099129 0.089458 0.10023 0.021181 -0.017687 -0.010338 0.012581 -0.061519 0.056459 -0.12446 0.075301 -0.045967 -0.02613 -0.14084 -0.0081664 0.040869 0.2117 -0.082859 0.027545 0.13331 0.0035959 0.025275
0.041214 0.055405 0.11855 0.0966 0.023275 0.039711 -0.01102 0.10914 0.05199 0.031972 0.094929 0.1459 0.11799 0.0060997 0.042383 0.01597 0 0.06971 -0.023546 0.090777 -0.049137 0.030672 0.016413 -0.0050721 -0.017708 -0.03575 0.079704 0.031575 0.017686 0.03248 0.056994 -0.066093 0.0099973 0.032148 -0.021177 -0.078452 -0.060855 0.047895 0.0061714 0.065635 -0.0046262 0.072826 0.12371 -0.013172 0.019131 0.0038173 0.012077 -0.028161 -0.014151 -0.014462 0.041567 0.061173 -0.012404 0.077178 -0.036802 0.031687 0.0084314 0.01781 -0.020292 -0.014708 0.070235 0.027195 0.024665 0.02199 0.049614 -0.036478 0.023759 0.03715 -0.011061 -0.1027 -0.024578 0.05135 -0.0031207 0.072846 0.0014801 0.073899 0.11555 0.016709 0.017101 0.0043078 0.022342 0.018299 -0.016291 -0.0030282 0.047397 0.071262
0.2627 0.2108 0.15397 0.14857 0.062243 0.069971 -0.031786 0.066235 0.19892 0.2295 0.25238 0.15464 0.15864 0.094018 0.068153 -0.0062667 0.06971 0 -0.059354 0.1646 0.037697 0.053271 0.039127 0.011638 0.061216 0.031026 0.12103 0.025054 0.090587 0.092086 0.014916 -0.02682 0.071 0.09831 0.026006 -0.052594 -0.0069051 0.16436 0.080566 0.185 0.065207 0.15725 0.13361 0.11494 0.081098 0.061459 0.0094085 0.1338 -0.035718 0.027069 0.16591 0.19032 -0.0077083 0.18054 0.1035 0.064321 0.025764 0.0098347 0.11157 0.039894 0.14987 0.027174 0.11698 0.080962 0.065697 0.021377 0.057601 0.11526 0.11743 0.013605 0.083263 0.18207 0.074422 0.20143 0.085971 0.19378 0.14181 0.15168 0.1663 0.054972 0.022589 0.17232 0.0016007 0.0011156 0.13622 0.21343
-0.15163 -0.10728 -0.0314 -0.051999 -0.015225 0.067658 0.15271 -0.033923 -0.046182 -0.069167 -0.18803 -0.071976 -0.056057 -0.023512 0.049822 0.11559 -0.023546 -0.059354 0 -0.038221 0.22771 0.036686 0.043069 0.26126 0.1955 0.27162 -0.16967 0.077171 0.077758 0.06927 0.014273 0.56114 0.0031023 -0.016013 0.50165 0.21971 0.55223 -0.036769 0.065545 -0.10148 0.17226 -0.068887 -0.13819 0.015804 0.18896 0.089978 0.73074 0.25159 0.11446 0.15604 0.16941 0.13017 0.66045 -0.043228 0.044322 0.019724 0.020749 0.2176 0.025725 0.18962 -0.2072 0.07986 0.015737 0.060621 -0.060823 0.32578 0.023899 5.227e-05 0.23967 0.15955 0.27214 -0.073531 0.10527 -0.16534 0.13065 -0.1384 -0.12042 -0.09345 0.031888 0.060748 0.61536 0.057064 0.058446 0.16422 0.16915 0.095932
0.23292 0.25684 0.20114 0.29585 0.10657 0.044375 -0.039126 0.092234 0.16298 0.22761 0.28715 0.2079 0.2699 0.13224 0.041068 -0.032746 0.090777 0.1646 -0.038221 0 -0.11177 0.1761 0.051812 0.024781 -0.11341 -0.016899 0.012213 0.036031 0.20923 0.19802 -0.090001 -0.27455 0.011454 0.39885 0.19838 -0.21994 0.010234 0.28896 0.32942 0.41588 0.39997 0.09636 0.28234 0.25755 0.31557 0.27083 0.046186 0.37258 -0.13062 -0.043879 0.28736 0.56265 0.024876 0.58313 -0.098132 0.19039 0.0087506 0.010761 -0.099572 0.0091352 0.062362 0.041731 0.18699 0.17021 -0.036195 -0.23803 0.030159 0.37582 0.30083 -0.23702 0.12221 0.29016 0.28255 0.44074 0.39845 0.16737 0.27994 0.24802 0.29593 0.22308 0.05012 0.46795 -0.15774 -0.081506 0.24025 0.55556
0.065589 0.0453 0.11872 -0.030207 0.0009311 0.14785 0.046552 -0.058797 0.0079274 0.26372 -0.016508 0.06528 -0.035462 -0.039697 0.1328 0.041204 -0.049137 0.037697 0.22771 -0.11177 0 -0.14277 0.067597 0.18302 0.72044 0.56218 0.19918 -0.064628 0.27622 -0.091224 0.10966 0.48001 0.16354 -0.089252 0.54686 0.46475 0.53626 -0.12501 -0.016134 0.11016 0.12064 0.31686 -0.046077 0.70235 0.4077 0.383 0.063684 0.45604 0.026134 0.0087255 -0.014391 -0.042311 0.030644 -0.11338 0.65741 -0.19457 0.061281 0.10269 0.52803 0.30334 0.064534 -0.03105 0.095458 -0.088839 0.052615 0.3088 0.11828 -0.077225 0.25658 0.36746 0.19829 -0.1319 -0.0056901 -0.0085336 0.046138 0.15873 -0.11745 0.28627 0.092258 0.16101 0.046916 0.08752 0.067848 0.018431 -0.0038569 -0.098557
-0.02144 0.093337 0.0055238 0.036824 0.0039763 0.10084 0.02666 0.025712 0.068171 0.0081024 0.074482 -0.021643 0.034096 0.017102 0.085776 0.025142 0.030672 0.053271 0.036686 0.1761 -0.14277 0 0.018953 0.31851 0.04458 -0.13923 0.13018 0.25156 0.041579 0.91577 0.011997 -0.15193 0.15525 0.36759 -0.065696 -0.18104 -0.1317 0.87396 0.31705 0.091346 0.29674 0.28594 0.077682 -0.020011 0.086791 0.63334 0.18339 0.031776 -0.034421 0.012615 0.21088 0.24296 0.081673 0.16364 -0.23739 0.97255 0.0052346 0.36407 -0.064472 -0.08118 0.16087 0.31904 -0.0066412 0.90499 -0.0078408 -0.18677 0.16205 0.3408 -0.09162 -0.24765 -0.13972 0.83658 0.36321 0.086269 0.31215 0.31443 0.088348 -0.080049 0.0053188 0.58102 0.16957 0.070131 -0.072096 0.014453 0.17824 0.22092
0.022681 0.018979 0.011534 0.010768 0.010362 0.13432 0.073772 6.529e-05 0.017691 0.048661 0.015387 -0.006784 0.015382 0.010785 0.10858 0.072515 0.016413 0.039127 0.043069 0.051812 0.067597 0.018953 0 0.15851 0.11047 0.14043 0.059292 0.03369 0.095397 0.042452 0.091912 0.10715 0.097373 0.031325 0.06454 0.039581 0.068417 0.025355 0.047463 0.04199 0.056469 0.045081 0.059746 0.042024 0.070581 0.086913 0.10865 0.06222 0.031022 0.10274 0.050913 0.10091 0.019796 0.023541 0.038112 0.0073771 0.052087 0.12925 0.075843 0.11264 0.057992 0.023988 0.059815 0.041557 0.083979 0.074399 0.081543 0.0089646 0.053941 0.016406 0.040911 0.016394 0.036572 0.033087 0.047775 0.059534 0.032446 -0.0037153 0.04836 0.072459 0.07971 0.036233 0.017477 0.051124 0.029534 0.089436
-0.055903 -0.052532 -0.037336 -0.021228 -0.011592 0.2206 0.17823 -0.0087705 0.0040064 -0.080076 -0.06979 -0.055381 -0.025444 -0.021406 0.22906 0.16807 -0.0050721 0.011638 0.26126 0.024781 0.18302 0.31851 0.15851 0 0.31814 0.35102 0.075571 0.53533 0.10447 0.50954 0.17308 0.20034 0.33047 0.10176 0.13279 0.041468 0.098086 0.27786 0.099195 -0.049444 0.14926 0.1051 0.042327 -0.014035 0.094992 0.49721 0.34496 0.018218 0.066347 0.14843 0.12226 0.144 0.24834 0.045411 0.055917 0.29017 0.10547 0.80885 0.19522 0.35119 0.07478 0.49699 0.079146 0.50761 0.1373 0.19276 0.34628 0.11217 0.11651 -0.020317 0.13508 0.20042 0.1497 -0.0362 0.18453 0.14805 0.03979 -0.064307 0.059961 0.49449 0.27945 0.0041345 0.044582 0.13771 0.094479 0.10683
0.062455 0.063951 0.033106 -0.087297 -0.017428 0.24488 0.067696 -0.045142 0.031663 0.21601 0.012187 0.00097434 -0.088874 -0.02706 0.22655 0.0447 -0.017708 0.061216 0.1955 -0.11341 0.72044 0.04458 0.11047 0.31814 0 0.51721 0.53445 0.063939 0.17896 0.096457 0.30848 0.63142 0.40959 -0.035056 0.24442 0.35923 0.24937 0.0066437 -0.062295 0.20962 -0.09827 0.69954 0.11216 0.52941 0.37174 0.36818 0.098567 0.24227 0.15851 0.10751 0.0079442 -0.07871 0.041191 -0.12383 0.50752 -0.034041 0.067 0.22375 0.74671 0.31088 0.41346 0.0616 0.045019 0.081902 0.25624 0.52289 0.32814 -0.040267 0.059095 0.24434 0.074997 -0.013183 -0.062098 0.066343 -0.12103 0.51918 0.03703 0.16913 0.1678 0.16222 0.069952 -0.0022654 0.20847 0.12856 0.018888 -0.12474
0.13713 0.043124 0.048977 0.013348 0.0037867 0.12636 0.13045 -0.02319 0.0087791 0.22984 -0.020281 0.029913 0.00040499 -0.019865 0.12818 0.11708 -0.03575 0.031026 0.27162 -0.016899 0.56218 -0.13923 0.14043 0.35102 0.51721 0 -0.0088312 0.080548 0.24781 -0.081262 0.066776 0.45394 0.11401 -0.03871 0.43711 0.39142 0.4683 -0.12686 0.017509 0.03565 0.13798 -0.020735 -0.078125 0.40104 0.2241 0.37714 0.17842 0.43435 0.021128 0.12097 -0.0014586 0.09718 0.13126 -0.014207 0.33758 -0.17069 0.08859 0.25761 0.33045 0.56104 -0.10535 0.042423 0.14158 -0.080151 -0.010485 0.30652 0.051443 -0.05074 0.26764 0.25893 0.30911 -0.14818 -0.0039092 -0.0046165 0.072285 -0.057786 -0.10666 0.13262 0.034345 0.25676 0.13203 0.20856 0.035758 0.087182 0.0019976 0.044314
0.089591 0.14146 0.083229 0.009016 -0.006343 0.34099 0.0021816 0.055668 0.12755 0.14329 0.14322 0.081939 -0.0024939 0.012634 0.32303 -0.0066303 0.079704 0.12103 -0.16967 0.012213 0.19918 0.13018 0.059292 0.075571 0.53445 -0.0088312 0 0.026274 0.045263 0.12472 0.49808 0.21776 0.38934 0.079893 -0.22726 -0.040481 -0.24472 0.15282 0.049424 0.40954 -0.13085 0.81147 0.45895 0.096515 0.25913 -0.010053 -0.0053744 -0.1539 0.13345 0.046423 0.12347 -0.026851 -0.15779 0.0098732 0.081911 0.088512 0.058578 0.060942 0.33933 -0.047938 0.76457 0.051981 -0.029464 0.11237 0.45548 0.21343 0.3113 0.059969 -0.30333 -0.11314 -0.26736 0.1779 0.059141 0.2753 -0.12805 0.70839 0.3316 -0.041486 0.1784 -0.10463 0.011649 -0.19525 0.11816 0.058529 0.10035 -0.053483
0.026298 0.078365 0.0071796 0.024791 -0.009263 0.12452 0.065037 0.019482 0.022676 -0.058073 0.065378 0.017568 0.047888 -0.010085 0.12117 0.021103 0.031575 0.025054 0.077171 0.036031 -0.064628 0.25156 0.03369 0.53533 0.063939 0.080548 0.026274 0 0.052549 0.42379 0.10302 0.021347 0.049916 0.054656 -0.0037093 -0.012522 0.0074691 0.34459 0.014102 0.033247 0.069472 -0.016361 0.078551 -0.092123 -0.020169 0.29379 0.16687 -0.10749 0.015669 0.051888 0.12448 0.11534 0.14832 0.072141 -0.051812 0.25683 0.02623 0.5511 0.020567 0.15915 0.028393 0.95066 0.087538 0.35342 0.078309 0.063329 0.080067 0.055225 0.093538 -0.012803 0.097025 0.33165 0.091233 0.041381 0.1387 0.023794 0.078518 -0.05379 0.018471 0.35073 0.13741 0.012253 0.030889 0.048331 0.10283 0.12228
0.18645 0.1423 0.19158 0.14779 0.071328 0.088271 0.015692 0.025088 0.076999 0.20311 0.12322 0.18527 0.13554 0.031459 0.093565 0.017287 0.017686 0.090587 0.077758 0.20923 0.27622 0.041579 0.095397 0.10447 0.17896 0.24781 0.045263 0.052549 0 0.05581 0.054582 0.078695 0.060417 0.069552 0.42448 0.28778 0.46419 0.098519 0.037028 0.26178 0.12632 0.09634 0.20498 0.43918 0.2904 0.1922 0.071552 0.39768 -0.034987 0.05056 0.1315 0.32786 0.085208 0.19872 0.22721 0.024549 0.052624 0.071701 0.15667 0.16333 -0.00056596 0.048512 0.39658 0.043743 0.052535 0.066626 0.020087 0.044624 0.36885 0.23268 0.42508 0.088203 0.037965 0.19806 0.11054 0.077316 0.15938 0.27089 0.22299 0.087476 0.066512 0.28076 0.0004805 -0.0014689 0.12065 0.31078
0.00026987 0.13166 0.026272 0.04931 0.0079567 0.12573 0.037136 0.013629 0.097031 0.012032 0.11224 0.0041652 0.043599 0.018415 0.10425 0.031393 0.03248 0.092086 0.06927 0.19802 -0.091224 0.91577 0.042452 0.50954 0.096457 -0.081262 0.12472 0.42379 0.05581 0 0.031255 -0.13333 0.22103 0.37656 -0.028028 -0.16503 -0.075004 0.91176 0.34416 0.11296 0.29923 0.24833 0.085975 -0.013767 0.080487 0.65308 0.21567 0.070106 -0.021757 0.010161 0.28082 0.28523 0.090309 0.17729 -0.16745 0.90641 0.014067 0.51987 -0.0037157 -0.0017688 0.15946 0.46586 0.036277 0.92512 0.0078485 -0.13899 0.23146 0.34178 -0.0054243 -0.20472 -0.054908 0.87228 0.38395 0.11775 0.32271 0.30148 0.092488 -0.056909 0.028662 0.62191 0.1905 0.14342 -0.050135 -0.00028691 0.24073 0.2635
-0.15788 -0.032917 -0.0079744 -0.029305 -0.027626 0.29758 0.16451 0.067197 0.020717 -0.022668 -0.06332 -0.047733 -0.065877 -0.030677 0.30496 0.1352 0.056994 0.014916 0.014273 -0.090001 0.10966 0.011997 0.091912 0.17308 0.30848 0.066776 0.49808 0.10302 0.054582 0.031255 0 0.3688 0.27226 -0.016628 -0.16397 0.077902 -0.097069 -0.004546 0.015463 -0.019173 -0.068474 0.39347 0.38962 -0.21146 0.262 -0.093689 0.18982 -0.29694 0.27479 0.17774 0.030795 -0.079125 -0.042592 -0.11587 -0.14016 -0.0023486 0.037665 0.17828 0.061623 0.015927 0.36772 0.12541 -0.09143 0.0267 0.54792 0.23659 0.2201 -0.02228 -0.34195 -0.096801 -0.26848 -0.018021 0.03599 -0.12321 -0.091232 0.22097 0.22004 -0.38328 0.036463 -0.11843 0.15383 -0.35221 0.21334 0.16593 0.026625 -0.11737
-0.11551 -0.10971 -0.072158 -0.15803 -0.034206 0.20764 0.16607 -0.059269 -0.053299 0.048603 -0.19018 -0.13433 -0.16447 -0.057431 0.1755 0.12386 -0.066093 -0.02682 0.56114 -0.27455 0.48001 -0.15193 0.10715 0.20034 0.63142 0.45394 0.21776 0.021347 0.078695 -0.13333 0.3688 0 0.15002 -0.21175 0.21559 0.58334 0.36661 -0.20466 -0.12658 -0.087953 -0.14476 0.25399 -0.0094271 0.03569 0.35888 -0.1131 0.38404 0.10602 0.31414 0.28035 -0.077957 -0.19867 0.23952 -0.28377 0.19699 -0.2017 0.072867 0.14513 0.32054 0.27521 0.053679 0.028044 -0.059695 -0.11591 0.19696 0.74183 0.088152 -0.19661 -0.10278 0.38993 -0.0013332 -0.22991 -0.10695 -0.22484 -0.19082 -0.0028351 -0.10843 -0.23355 0.060532 -0.14977 0.27852 -0.21595 0.31917 0.26917 -0.056791 -0.22239
0.011465 0.013196 -0.025443 -0.020353 -0.0092323 0.27481 0.069688 0.023246 0.065464 0.041208 0.011342 -0.031295 -0.020995 0.00094079 0.27329 0.094735 0.0099973 0.071 0.0031023 0.011454 0.16354 0.15525 0.097373 0.33047 0.40959 0.11401 0.38934 0.049916 0.060417 0.22103 0.27226 0.15002 0 0.10554 -0.046674 -0.025015 -0.074353 0.133 0.060626 0.067496 -0.021834 0.44381 0.21056 0.065338 0.1478 0.14275 0.14867 -0.059881 0.053472 0.093568 0.096167 0.046627 0.037049 0.005133 0.12109 0.12174 0.068791 0.28339 0.30425 0.10714 0.38078 0.055547 0.015173 0.21649 0.27388 0.18151 0.44307 0.084528 -0.074464 -0.026464 -0.044151 0.10944 0.045807 0.048447 -0.016531 0.41673 0.15649 -0.0046593 0.13474 0.083724 0.14151 -0.073956 0.078952 0.10153 0.069271 0.0070752
0.12932 0.17864 0.053804 0.19696 0.024698 0.072219 0.014785 0.047785 0.12404 0.19646 0.12937 0.040696 0.16461 0.060804 0.071889 0.017133 0.032148 0.09831 -0.016013 0.39885 -0.089252 0.36759 0.031325 0.10176 -0.035056 -0.03871 0.079893 0.054656 0.069552 0.37656 -0.016628 -0.21175 0.10554 0 0.13139 -0.21702 -0.0087706 0.43389 0.53101 0.28189 0.596 0.21751 0.10114 0.15531 0.31813 0.38413 0.15988 0.35149 -0.074291 -0.017266 0.37209 0.49242 0.026212 0.35477 -0.10221 0.34851 0.00049296 0.088595 -0.063661 -0.038135 0.10848 0.048873 0.046182 0.34253 -0.025892 -0.21741 0.13749 0.77784 0.18058 -0.22834 0.066377 0.41311 0.45549 0.33534 0.53728 0.27357 0.092791 0.14406 0.25823 0.31454 0.15805 0.41751 -0.10178 -0.039686 0.32754 0.46311
0.09126 0.10836 0.22589 0.17465 0.071082 -0.030718 0.022499 -0.025993 0.035568 0.22742 0.027258 0.19353 0.14492 0.023845 -0.037208 0.0074338 -0.021177 0.026006 0.50165 0.19838 0.54686 -0.065696 0.06454 0.13279 0.24442 0.43711 -0.22726 -0.0037093 0.42448 -0.028028 -0.16397 0.21559 -0.046674 0.13139 0 0.38856 0.84346 0.0075963 0.097235 0.097234 0.3731 -0.086358 -0.10896 0.56126 0.49532 0.30467 0.25013 0.67077 -0.051644 0.012092 0.12544 0.37529 0.26878 0.19368 0.34089 -0.082513 0.023682 0.063609 0.13298 0.20635 -0.28811 -0.0081377 0.28506 -0.031059 -0.19712 0.052045 -0.050299 0.11319 0.66689 0.26724 0.60161 -0.017127 0.087369 0.033716 0.31096 -0.14395 -0.11155 0.23901 0.25168 0.18435 0.19229 0.45112 -0.048505 -0.028681 0.12721 0.33008
-0.065135 -0.06831 -0.012716 -0.092473 0.0047543 0.023782 0.077291 -0.084351 -0.060087 0.094302 -0.14565 -0.048383 -0.10728 -0.044309 -0.0097568 0.040983 -0.078452 -0.052594 0.21971 -0.21994 0.46475 -0.18104 0.039581 0.041468 0.35923 0.39142 -0.040481 -0.012522 0.28778 -0.16503 0.077902 0.58334 -0.025015 -0.21702 0.38856 0 0.61075 -0.16566 -0.14733 -0.12346 -0.078971 -0.08151 -0.17059 0.20088 0.2172 -0.080443 0.025647 0.19357 0.14933 0.086206 -0.082242 -0.12213 -0.016053 -0.22545 0.19326 -0.1959 0.040811 0.009422 0.11261 0.17433 -0.19967 -0.014023 0.10627 -0.15848 -0.030218 0.26119 -0.040659 -0.19671 0.089538 0.559 0.21586 -0.181 -0.1152 -0.22567 -0.10647 -0.28559 -0.24042 -0.13151 -0.099921 -0.14276 -0.013237 -0.066832 0.12095 0.072114 -0.068009 -0.13312
0.014665 0.0078317 0.13548 0.062455 0.052665 -0.020533 0.070417 -0.074615 -0.014481 0.18884 -0.063459 0.11133 0.048474 -0.0089407 -0.045507 0.04597 -0.060855 -0.0069051 0.55223 0.010234 0.53626 -0.1317 0.068417 0.098086 0.24937 0.4683 -0.24472 0.0074691 0.46419 -0.075004 -0.097069 0.36661 -0.074353 -0.0087706 0.84346 0.61075 0 -0.074226 -0.021427 -0.039363 0.24485 -0.21692 -0.20534 0.42266 0.34146 0.16992 0.23274 0.55321 0.038351 0.036605 0.014994 0.19788 0.27814 -0.025394 0.29584 -0.14175 0.046288 0.034124 0.028647 0.23672 -0.33968 0.0055551 0.27922 -0.085092 -0.17207 0.10523 -0.083953 -0.018383 0.50908 0.47048 0.59631 -0.094654 0.0075124 -0.12739 0.15862 -0.31744 -0.22087 0.083971 0.017804 0.068274 0.16131 0.24356 -0.026601 0.00070017 0.037069 0.16354
0.11252 0.23107 0.092916 0.12828 0.051736 0.088249 -0.014428 0.049363 0.1715 0.12639 0.23594 0.091108 0.12561 0.059208 0.07008 -0.05013 0.047895 0.16436 -0.036769 0.28896 -0.12501 0.87396 0.025355 0.27786 0.0066437 -0.12686 0.15282 0.34459 0.098519 0.91176 -0.004546 -0.20466 0.133 0.43389 0.0075963 -0.16566 -0.074226 0 0.42053 0.2378 0.37505 0.2834 0.12699 0.032742 0.11206 0.56155 0.10227 0.14838 -0.059955 -0.026721 0.32822 0.37125 -0.0073318 0.278 -0.16014 0.83626 0.0054357 0.2935 -0.042159 -0.06155 0.19078 0.40843 0.087665 0.86975 -0.00031208 -0.19861 0.14073 0.40244 0.040537 -0.1816 -0.031117 0.96514 0.45196 0.25232 0.40372 0.32798 0.14531 0.031088 0.085073 0.52542 0.08629 0.27189 -0.070249 -0.051164 0.29512 0.36523
0.068366 0.13759 0.010189 0.18531 0.072308 0.090027 0.052503 0.023578 0.098346 0.26389 0.060705 0.0083616 0.10996 0.062324 0.076848 0.039808 0.0061714 0.080566 0.065545 0.32942 -0.016134 0.31705 0.047463 0.099195 -0.062295 0.017509 0.049424 0.014102 0.037028 0.34416 0.015463 -0.12658 0.060626 0.53101 0.097235 -0.14733 -0.021427 0.42053 0 0.11314 0.88823 0.10426 0.023788 0.07172 0.3206 0.43624 0.30022 0.4184 -0.020731 0.033604 0.49377 0.60664 0.046035 0.29092 -0.15518 0.291 0.0011203 0.083947 -0.13674 -0.035646 0.028353 0.0085593 -0.013597 0.31287 -0.021421 -0.20402 0.080572 0.48103 0.077172 -0.22372 -0.075649 0.38435 0.89314 0.1457 0.78339 0.11176 0.0023613 -0.026937 0.16153 0.3441 0.25142 0.40104 -0.096468 -0.022444 0.40733 0.50571
0.36161 0.33183 0.20188 0.21248 0.0912 0.099167 -0.12159 0.070599 0.19029 0.30886 0.34377 0.2242 0.22028 0.087682 0.083896 -0.10642 0.065635 0.185 -0.10148 0.41588 0.11016 0.091346 0.04199 -0.049444 0.20962 0.03565 0.40954 0.033247 0.26178 0.11296 -0.019173 -0.087953 0.067496 0.28189 0.097234 -0.12346 -0.039363 0.2378 0.11314 0 0.097588 0.53611 0.36367 0.44321 0.2872 0.1847 -0.090514 0.36506 -0.080174 -0.053622 0.19566 0.35042 -0.07572 0.38304 0.17008 0.096012 0.04308 -0.057072 0.25845 0.064467 0.416 0.035903 0.24316 0.071996 0.086096 0.0069701 0.034133 0.23171 0.18537 -0.077421 0.10778 0.25743 0.093296 0.68878 0.12549 0.51579 0.33196 0.44399 0.33619 0.087748 -0.061086 0.38496 -0.088584 -0.0875 0.18838 0.36605
0.081965 0.11974 0.079474 0.2762 0.088742 0.05673 0.068716 0.015949 0.074572 0.27699 0.068535 0.065257 0.21218 0.066561 0.05798 0.06998 -0.0046262 0.065207 0.17226 0.39997 0.12064 0.29674 0.056469 0.14926 -0.09827 0.13798 -0.13085 0.069472 0.12632 0.29923 -0.068474 -0.14476 -0.021834 0.596 0.3731 -0.078971 0.24485 0.37505 0.88823 0.097588 0 -0.064397 -0.02763 0.15271 0.48052 0.51825 0.3106 0.55029 -0.058961 0.0099654 0.42183 0.63647 0.13094 0.35379 -0.069922 0.26944 0.0017233 0.12571 -0.1941 0.028385 -0.13988 0.071695 0.07824 0.28204 -0.11593 -0.24094 0.035927 0.5653 0.31813 -0.18468 0.11252 0.34381 0.81522 0.13196 0.90935 -0.013228 -0.039049 0.042662 0.27968 0.45467 0.25884 0.49429 -0.12365 -0.035207 0.33838 0.55544
0.18201 0.19208 0.08619 0.038435 0.01086 0.27263 -0.033286 0.045793 0.15228 0.23192 0.19369 0.065501 0.023916 0.039604 0.25902 -0.027469 0.072826 0.15725 -0.068887 0.09636 0.31686 0.28594 0.045081 0.1051 0.69954 -0.020735 0.81147 -0.016361 0.09634 0.24833 0.39347 0.25399 0.44381 0.21751 -0.086358 -0.08151 -0.21692 0.2834 0.10426 0.53611 -0.064397 0 0.42892 0.32156 0.37406 0.1746 0.03092 0.078071 0.12667 0.046035 0.12981 0.062961 -0.04966 0.079352 0.21209 0.23586 0.05446 0.091814 0.53683 -0.019237 0.77259 0.053024 -0.0010305 0.2335 0.38929 0.3089 0.36496 0.1705 -0.18459 -0.11017 -0.21313 0.29076 0.090465 0.40958 -0.062333 0.91897 0.34542 0.15677 0.32356 0.022493 0.057093 0.0080319 0.15194 0.072889 0.13187 0.033199
0.089418 0.15778 0.17168 0.1302 0.056593 0.22827 -0.00074827 0.12043 0.13398 0.080901 0.18527 0.17087 0.11541 0.058426 0.23875 0.0061453 0.12371 0.13361 -0.13819 0.28234 -0.046077 0.077682 0.059746 0.042327 0.11216 -0.078125 0.45895 0.078551 0.20498 0.085975 0.38962 -0.0094271 0.21056 0.10114 -0.10896 -0.17059 -0.20534 0.12699 0.023788 0.36367 -0.02763 0.42892 0 0.051037 0.34964 -0.031062 0.032816 -0.057491 0.044011 0.037842 0.15622 0.18328 -0.089936 0.26514 -0.059024 0.066888 0.044171 0.033781 0.054011 -0.04867 0.42775 0.084997 0.14459 0.06505 0.41521 0.067708 0.15683 0.086761 -0.09902 -0.17744 -0.10553 0.12561 0.01619 0.30934 -0.011982 0.38102 0.57484 0.034877 0.32485 -0.076977 0.062752 -0.011893 0.036709 0.044535 0.13911 0.17673
0.36147 0.21251 0.24832 0.15569 0.071812 0.00098618 -0.12779 -0.0010087 0.10078 0.45483 0.19104 0.22498 0.13284 0.042841 -0.020109 -0.10957 -0.013172 0.11494 0.015804 0.25755 0.70235 -0.020011 0.042024 -0.014035 0.52941 0.40104 0.096515 -0.092123 0.43918 -0.013767 -0.21146 0.03569 0.065338 0.15531 0.56126 0.20088 0.42266 0.032742 0.07172 0.44321 0.15271 0.32156 0.051037 0 0.45377 0.42912 -0.1151 0.6724 -0.1284 -0.091312 0.084196 0.26288 -0.0071553 0.21815 0.5504 -0.041781 0.035008 -0.052844 0.45533 0.22503 0.04403 -0.076739 0.28441 -0.033021 -0.14529 0.076197 0.020476 0.12592 0.44319 0.20403 0.3135 0.042154 0.018692 0.37606 0.11869 0.29147 0.033794 0.70956 0.27091 0.22063 -0.082996 0.45671 -0.093851 -0.12956 0.080071 0.2084
0.032092 0.1599 0.19453 0.16043 0.065586 0.17669 0.060853 0.011087 0.075251 0.27145 0.074964 0.11582 0.121 0.049628 0.16211 0.043159 0.019131 0.081098 0.18896 0.31557 0.4077 0.086791 0.070581 0.094992 0.37174 0.2241 0.25913 -0.020169 0.2904 0.080487 0.262 0.35888 0.1478 0.31813 0.49532 0.2172 0.34146 0.11206 0.3206 0.2872 0.48052 0.37406 0.34964 0.45377 0 0.29534 0.17387 0.48095 0.1155 0.059785 0.19453 0.30492 0.033865 0.24043 0.11785 0.035677 0.0453 0.056618 0.065539 0.084645 0.11569 0.0025686 0.052979 0.070569 0.13152 0.10784 0.1251 0.31152 0.17227 -0.037288 0.047109 0.087677 0.26896 0.15437 0.39174 0.15643 0.1737 0.035774 0.52184 0.15981 0.16657 0.21358 0.091198 0.047239 0.17482 0.24644
0.18413 0.12738 0.06068 0.11611 0.014948 0.082463 0.029502 0.01014 0.056489 0.25424 0.090958 0.076835 0.10133 0.017509 0.074603 0.032535 0.0038173 0.061459 0.089978 0.27083 0.383 0.63334 0.086913 0.49721 0.36818 0.37714 -0.010053 0.29379 0.1922 0.65308 -0.093689 -0.1131 0.14275 0.38413 0.30467 -0.080443 0.16992 0.56155 0.43624 0.1847 0.51825 0.1746 -0.031062 0.42912 0.29534 0 0.095017 0.52462 -0.067096 -0.013825 0.18888 0.37671 0.077678 0.2561 0.19063 0.59516 0.045649 0.45135 0.21263 0.31338 0.035059 0.26039 0.13191 0.6536 -0.087644 -0.12347 0.15023 0.34933 0.31255 -0.10338 0.17273 0.5456 0.37597 0.20367 0.47332 0.27053 -0.012418 0.25943 0.1724 0.93439 0.048429 0.44638 -0.075482 -0.039923 0.16504 0.32856
-0.17755 -0.11267 -0.073054 -0.027142 0.0058178 0.21824 0.23468 0.004855 -0.0025233 -0.12953 -0.16658 -0.098528 -0.051305 -0.017813 0.2134 0.20407 0.012077 0.0094085 0.73074 0.046186 0.063684 0.18339 0.10865 0.34496 0.098567 0.17842 -0.0053744 0.16687 0.071552 0.21567 0.18982 0.38404 0.14867 0.15988 0.25013 0.025647 0.23274 0.10227 0.30022 -0.090514 0.3106 0.03092 0.032816 -0.1151 0.17387 0.095017 0 0.11358 0.074961 0.22561 0.56193 0.30892 0.58764 0.044157 -0.073426 0.1505 0.072212 0.33 -0.040412 0.095332 -0.055273 0.14724 0.019381 0.20115 0.11349 0.20913 0.15961 0.19337 0.11458 -0.047262 0.077574 0.03786 0.33109 -0.10071 0.30277 0.0061024 0.035779 -0.18413 0.073086 0.11613 0.84929 0.054922 0.039045 0.20829 0.46171 0.25576
0.35075 0.23063 0.18316 0.24462 0.1079 -0.068412 -0.061142 0.00077794 0.11315 0.39073 0.21522 0.18246 0.2219 0.081307 -0.083337 -0.065221 -0.028161 0.1338 0.25159 0.37258 0.45604 0.031776 0.06222 0.018218 0.24227 0.43435 -0.1539 -0.10749 0.39768 0.070106 -0.29694 0.10602 -0.059881 0.35149 0.67077 0.19357 0.55321 0.14838 0.4184 0.36506 0.55029 0.078071 -0.057491 0.6724 0.48095 0.52462 0.11358 0 -0.091629 -0.041366 0.29096 0.57945 0.19742 0.36412 0.38142 0.023355 0.021809 -0.046846 0.29182 0.28801 -0.14939 -0.082766 0.32211 0.049906 -0.26533 0.11195 -0.053416 0.29596 0.6239 0.22374 0.50543 0.1459 0.31272 0.33414 0.48101 0.13198 -0.028465 0.51094 0.3996 0.38028 0.09332 0.82817 -0.073815 -0.082215 0.22849 0.51687
-0.10455 -0.049218 -0.053279 -0.070858 -0.02868 0.05653 0.046425 -0.0043277 -0.029173 -0.023384 -0.0893 -0.084215 -0.086289 -0.040785 0.044729 0.040927 -0.014151 -0.035718 0.11446 -0.13062 0.026134 -0.034421 0.031022 0.066347 0.15851 0.021128 0.13345 0.015669 -0.034987 -0.021757 0.27479 0.31414 0.053472 -0.074291 -0.051644 0.14933 0.038351 -0.059955 -0.020731 -0.080174 -0.058961 0.12667 0.044011 -0.1284 0.1155 -0.067096 0.074961 -0.091629 0 0.094481 -0.075069 -0.13112 0.037198 -0.14776 -0.098692 -0.030574 0.0085767 0.058898 -0.013697 0.013446 0.063592 0.027015 -0.10011 -0.019939 0.1529 0.19794 0.032079 -0.061581 -0.16955 0.053961 -0.12388 -0.05519 -0.0024451 -0.1633 -0.080741 0.0028167 -0.010369 -0.2631 -0.017454 -0.052391 0.06154 -0.19471 0.21698 0.089245 -0.041084 -0.14895
-0.063771 -0.055162 -0.047558 -0.019615 -0.020543 0.15023 0.13332 0.00095116 -0.019435 -0.005829 -0.075754 -0.066889 -0.045507 -0.012225 0.13069 0.10669 -0.014462 0.027069 0.15604 -0.043879 0.0087255 0.012615 0.10274 0.14843 0.10751 0.12097 0.046423 0.051888 0.05056 0.010161 0.17774 0.28035 0.093568 -0.017266 0.012092 0.086206 0.036605 -0.026721 0.033604 -0.053622 0.0099654 0.046035 0.037842 -0.091312 0.059785 -0.013825 0.22561 -0.041366 0.094481 0 0.030749 0.023106 0.092524 -0.065297 -0.052118 0.0019845 0.039563 0.12159 0.019929 0.091593 0.026727 0.044295 -0.026131 0.02526 0.13235 0.20725 0.066174 -0.017424 -0.037736 0.026089 -0.025177 -0.03712 0.019536 -0.091362 -0.011901 0.0092713 0.0052819 -0.14486 0.029943 -0.016926 0.19225 -0.082104 0.10437 0.16821 0.015809 0.0071843
0.031179 0.16538 0.069972 0.12737 0.062399 0.11862 0.015875 0.04554 0.12275 0.03594 0.16568 0.064281 0.11752 0.073228 0.10002 0.014824 0.041567 0.16591 0.16941 0.28736 -0.014391 0.21088 0.050913 0.12226 0.0079442 -0.0014586 0.12347 0.12448 0.1315 0.28082 0.030795 -0.077957 0.096167 0.37209 0.12544 -0.082242 0.014994 0.32822 0.49377 0.19566 0.42183 0.12981 0.15622 0.084196 0.19453 0.18888 0.56193 0.29096 -0.075069 0.030749 0 0.50044 0.22888 0.29363 0.00042137 0.2113 0.039112 0.13244 0.021776 -0.0071976 0.10631 0.11627 0.13298 0.25296 0.053614 -0.054492 0.11373 0.36104 0.17941 -0.08081 0.08883 0.30108 0.45851 0.23803 0.4138 0.17757 0.16357 0.079698 0.20274 0.17805 0.5345 0.36092 -0.045055 -0.0045013 0.64953 0.45882
0.227 0.28561 0.18347 0.34664 0.14247 0.083473 0.027928 0.087623 0.18095 0.22767 0.27732 0.19018 0.31432 0.12119 0.084676 0.02925 0.061173 0.19032 0.13017 0.56265 -0.042311 0.24296 0.10091 0.144 -0.07871 0.09718 -0.026851 0.11534 0.32786 0.28523 -0.079125 -0.19867 0.046627 0.49242 0.37529 -0.12213 0.19788 0.37125 0.60664 0.35042 0.63647 0.062961 0.18328 0.26288 0.30492 0.37671 0.30892 0.57945 -0.13112 0.023106 0.50044 0 0.16467 0.5368 -0.0085589 0.23892 0.053327 0.10135 -0.031853 0.072404 0.0094674 0.11608 0.32158 0.25607 -0.048752 -0.14952 0.061236 0.46166 0.48541 -0.090244 0.33102 0.36195 0.53224 0.40198 0.60966 0.16746 0.20088 0.26353 0.33557 0.32922 0.2782 0.64604 -0.12959 -0.032578 0.4102 0.76898
-0.036197 -0.11899 -0.029018 -0.017708 -0.0082366 0.033514 0.093314 -0.020541 -0.033843 -0.14595 -0.141 -0.025882 0.0053608 -0.015905 0.03941 0.10548 -0.012404 -0.0077083 0.66045 0.024876 0.030644 0.081673 0.019796 0.24834 0.041191 0.13126 -0.15779 0.14832 0.085208 0.090309 -0.042592 0.23952 0.037049 0.026212 0.26878 -0.016053 0.27814 -0.0073318 0.046035 -0.07572 0.13094 -0.04966 -0.089936 -0.0071553 0.033865 0.077678 0.58764 0.19742 0.037198 0.092524 0.22888 0.16467 0 0.038551 0.17172 0.088142 0.035216 0.27758 0.16719 0.20108 -0.15255 0.095966 0.12044 0.085038 -0.030836 0.4122 0.042752 0.042946 0.41098 0.15366 0.45464 -0.040345 0.087481 -0.039984 0.18021 0.01864 -0.040968 0.032046 0.23383 0.077487 0.71205 0.20079 0.0536 0.16676 0.19865 0.15452
