0 0.34005 0.26605 0.28808 0.090638 -0.0067044 -0.087445 0.059157 0.21226 0.72225 0.42151 0.35689 0.29977 0.11777 0.0028275 -0.09802 0.041698 0.26695 -0.16237 0.24424 0.039661 -0.0077893 0.020125 -0.067423 0.048647 0.13031 0.0857 0.013312 0.17672 -0.00046229 -0.16271 -0.11987 0.0081752 0.14156 0.07287 -0.075772 0.0074988 0.11398 0.092472 0.36627 0.094354 0.17645 0.096764 0.36138 0.033006 0.17174 -0.16536 0.34492 -0.10416 -0.06634 0.040867 0.23084 -0.03028 0.2791 0.38826 -0.0019241 0.035673 -0.086562 0.33081 0.23226 0.17957 -0.0051669 0.30706 -0.027627 -0.0384 0.10551 0.019603 0.15734 0.3799 0.17593 0.27967 0.13765 0.092765 0.4531 0.20013 0.30392 0.17701 0.57853 0.3768 0.18596 -0.11972 0.52579 -0.015723 -0.087395 0.056436 0.28547
0.34005 0 0.24896 0.27673 0.11595 0.0080778 -0.079867 0.07348 0.22779 0.35727 0.5105 0.26753 0.26152 0.10168 -0.008814 -0.10165 0.060011 0.21658 -0.12418 0.2715 0.025012 0.10773 0.01563 -0.069543 0.051634 0.026193 0.14048 0.071953 0.13884 0.13843 -0.035751 -0.1259 0.0082606 0.18008 0.089984 -0.079602 -0.00085004 0.23998 0.14447 0.3439 0.11827 0.19563 0.16504 0.2143 0.154 0.11927 -0.11357 0.22605 -0.051749 -0.063006 0.17552 0.29194 -0.13363 0.26289 0.044402 0.10738 0.013512 -0.088492 0.050924 -0.019763 0.13715 0.065403 0.12829 0.093937 -0.014392 -0.10694 -0.02328 0.11922 0.14584 -0.037016 0.064599 0.27658 0.091106 0.32562 0.093347 0.19182 0.157 0.18496 0.15345 0.06143 -0.12844 0.21294 -0.058752 -0.080712 0.16169 0.26911
0.26605 0.24896 0 0.40494 0.11274 0.036275 -0.016665 0.14635 0.14179 0.28291 0.27568 0.58913 0.39084 0.070068 0.033731 -0.029855 0.12412 0.1524 -0.039205 0.20249 0.1035 0.013261 0.0096713 -0.045693 0.021441 0.038454 0.087707 0.0038574 0.19281 0.029125 -0.009408 -0.078907 -0.028627 0.054476 0.22252 -0.015684 0.14076 0.093263 0.021451 0.20578 0.084495 0.084627 0.17438 0.24367 0.19072 0.050684 -0.0669 0.17319 -0.051778 -0.04654 0.076727 0.186 -0.026469 0.17522 0.099341 -0.00059687 0.030954 -0.066343 0.015086 0.018437 0.069817 0.00786 0.16401 -0.0023746 0.001612 -0.081803 -0.01877 0.032765 0.19343 -0.024646 0.13969 0.10377 -0.00073129 0.20247 0.091032 0.079633 0.12823 0.16931 0.15187 0.0014597 -0.064157 0.17393 -0.066143 -0.057031 0.084628 0.18081
0.28808 0.27673 0.40494 0 0.20799 0.014221 -0.0074171 0.1129 0.14345 0.2717 0.28659 0.3896 0.65945 0.13033 0.010922 -0.01739 0.10028 0.15053 -0.071528 0.30462 -0.042908 0.043735 0.01096 -0.033741 -0.093906 0.0068517 0.012053 0.018746 0.1521 0.051034 -0.032639 -0.17084 -0.026146 0.2021 0.17109 -0.093898 0.070011 0.13153 0.19107 0.22264 0.27586 0.041062 0.134 0.16503 0.1593 0.11043 -0.029978 0.24488 -0.072075 -0.022778 0.1333 0.35363 -0.024503 0.28756 0.0089907 0.045904 0.010386 -0.045065 -0.055123 -0.018122 0.028836 0.023116 0.15933 0.030806 -0.02295 -0.14045 0.0052441 0.16615 0.26075 -0.055857 0.15892 0.14985 0.12444 0.25886 0.2589 0.082366 0.14117 0.18335 0.18053 0.084701 -0.041934 0.30599 -0.071741 -0.062681 0.12929 0.3579
0.090638 0.11595 0.11274 0.20799 0 -0.0015459 -0.018426 0.022637 0.059343 0.10634 0.10828 0.1192 0.18045 0.047754 -0.0023526 -0.029341 0.025389 0.064542 -0.018541 0.11263 -0.0017454 0.0070008 0.010462 -0.016545 -0.020969 0.0026294 -0.0060485 -0.013033 0.07581 0.005943 -0.025243 -0.03651 -0.010671 0.02794 0.073959 0.0067928 0.055622 0.052742 0.075261 0.094094 0.09016 0.011737 0.05945 0.078185 0.066493 0.011252 0.010005 0.10988 -0.029941 -0.021046 0.066101 0.14847 -0.0079422 0.11598 -0.018327 0.00097477 -0.013552 -0.038102 -0.038705 -0.012704 -0.0029096 -0.0049273 0.068528 -0.0067586 -0.017657 -0.045523 -0.022416 0.032165 0.087023 -0.0039459 0.068439 0.05562 0.055772 0.083449 0.078276 0.002889 0.031231 0.047133 0.052321 -0.012088 -0.005819 0.10581 -0.045143 -0.026636 0.049596 0.13663
-0.0067044 0.0080778 0.036275 0.014221 -0.0015459 0 0.17451 0.022254 0.088004 0.054507 -0.0082849 0.023003 0.0039388 -0.016154 0.44461 0.17581 0.040452 0.069375 0.075025 0.045793 0.1537 0.0968 0.13683 0.2318 0.25227 0.12993 0.34471 0.1354 0.092393 0.12807 0.2998 0.2163 0.28137 0.073623 -0.029259 0.0256 -0.018804 0.08733 0.091863 0.1025 0.061269 0.27269 0.23038 -0.0017912 0.18458 0.080517 0.23143 -0.059259 0.054365 0.15617 0.12428 0.087256 0.039715 0.029164 0.01301 0.077801 0.093541 0.22353 0.13606 0.097285 0.2912 0.14153 0.020811 0.11781 0.28184 0.14536 0.24294 0.07079 -0.11232 -0.04774 -0.088191 0.063058 0.10157 0.039885 0.058469 0.22702 0.15627 -0.086407 0.084597 0.045428 0.19608 -0.094716 0.051385 0.12758 0.10411 0.055944
-0.087445 -0.079867 -0.016665 -0.0074171 -0.018426 0.17451 0 -0.0081935 -0.0055322 -0.043363 -0.1072 -0.043155 -0.030312 -0.024072 0.18184 0.25669 -0.011827 -0.033568 0.15571 -0.037269 0.053951 0.020921 0.076931 0.18987 0.075341 0.13434 0.0050345 0.072345 0.019297 0.034817 0.16614 0.16855 0.075246 0.015324 0.025303 0.077219 0.072254 -0.017437 0.051475 -0.12377 0.071981 -0.031324 0.0044614 -0.13395 0.069258 0.03155 0.23863 -0.054948 0.04524 0.13611 0.018113 0.030565 0.099022 -0.049015 -0.054271 0.011858 0.026434 0.16591 -0.02312 0.07825 -0.025171 0.062604 -0.018363 0.034159 0.095707 0.092715 0.064971 0.022771 -0.054236 -0.016278 -0.021447 -0.036438 0.058282 -0.13648 0.074243 -0.053833 -0.018334 -0.18901 -0.011094 0.037329 0.19487 -0.11861 0.031208 0.11583 0.002993 0.00017972
0.059157 0.07348 0.14635 0.1129 0.022637 0.022254 -0.0081935 0 0.055897 0.042236 0.077911 0.1307 0.10807 0.014361 0.035056 0.0031277 0.11031 0.065684 -0.038564 0.092424 -0.058972 0.02686 0.00045131 -0.011674 -0.04475 -0.025336 0.05379 0.01924 0.023572 0.013866 0.062432 -0.062443 0.022428 0.048761 -0.021988 -0.085325 -0.071696 0.051836 0.025598 0.073313 0.018244 0.044916 0.11626 0.0011871 0.011326 0.0078689 0.0051914 0.0050672 -0.0062489 0.00011386 0.048362 0.087245 -0.023675 0.076571 -0.039092 0.029395 -1.1567e-05 -0.0022902 -0.02524 0.00067164 0.066838 0.03374 0.033535 0.0081448 0.06283 -0.045518 0.0085617 0.049413 0.00083175 -0.085908 -0.013814 0.058839 0.01746 0.077878 0.037067 0.056253 0.09802 0.019514 0.029428 0.0069144 0.011628 0.055568 -0.019965 0.0031803 0.05821 0.091901
0.21226 0.22779 0.14179 0.14345 0.059343 0.088004 -0.0055322 0.055897 0 0.22849 0.23749 0.13308 0.13554 0.052956 0.073462 -0.021908 0.054135 0.20284 -0.05324 0.16914 -0.0027001 0.07229 0.015064 -0.0052976 0.025554 -0.00289 0.12912 0.016852 0.076024 0.098618 0.018971 -0.059686 0.06364 0.13233 0.024661 -0.068039 -0.020362 0.17476 0.11103 0.19598 0.077805 0.15479 0.13744 0.10143 0.073407 0.052144 0.0011585 0.1136 -0.033594 -0.019697 0.12891 0.18765 -0.039068 0.17549 0.034082 0.067353 0.027204 -0.021656 0.048829 0.010734 0.15153 0.012163 0.091473 0.086271 0.061958 -0.020415 0.032848 0.083622 0.078561 -0.036783 0.031013 0.18268 0.084135 0.19088 0.070624 0.17552 0.14238 0.10634 0.12014 0.018336 -0.0025263 0.15023 -0.039049 -0.0077729 0.12876 0.18108
0.72225 0.35727 0.28291 0.2717 0.10634 0.054507 -0.043363 0.042236 0.22849 0 0.33456 0.28191 0.22991 0.10574 0.047625 -0.057026 0.033009 0.2395 -0.090191 0.24879 0.21774 0.030815 0.047111 -0.093426 0.17535 0.20743 0.13797 -0.066375 0.19517 0.022051 -0.034444 0.024005 0.040335 0.21024 0.20396 0.072884 0.1704 0.14059 0.29461 0.32114 0.29596 0.22434 0.089711 0.43985 0.25673 0.24583 -0.12433 0.38885 -0.032087 -0.0087347 0.050201 0.2473 -0.14306 0.19271 0.10993 0.024272 0.026269 -0.10307 0.092179 0.11458 0.10129 -0.037536 0.10199 0.016708 -0.026887 -0.010064 0.026159 0.15188 0.151 0.02625 0.04734 0.1597 0.17657 0.28224 0.19206 0.15204 0.066317 0.24195 0.09202 0.098239 -0.10676 0.35201 -0.054646 -0.063125 0.068188 0.21622
0.42151 0.5105 0.27568 0.28659 0.10828 -0.0082849 -0.1072 0.077911 0.23749 0.33456 0 0.33174 0.30971 0.11437 -0.019731 -0.11558 0.098544 0.2572 -0.20651 0.30006 -0.033267 0.085383 0.011501 -0.089418 0.0021103 -0.035052 0.14088 0.057198 0.12108 0.11448 -0.070788 -0.20509 0.0045176 0.13083 0.013873 -0.15256 -0.066118 0.24341 0.065173 0.35376 0.06302 0.1935 0.19165 0.20386 0.072671 0.080956 -0.16764 0.2118 -0.093918 -0.082469 0.17478 0.28175 -0.15548 0.31087 0.13185 0.096122 0.0038098 -0.11449 0.12922 -0.017549 0.19483 0.034994 0.18356 0.072244 -0.011258 -0.086729 -0.0082062 0.14071 0.22546 -0.012377 0.14072 0.28583 0.049317 0.40444 0.10542 0.26229 0.20747 0.30778 0.25091 0.06234 -0.1499 0.30213 -0.049323 -0.11203 0.17612 0.30717
0.35689 0.26753 0.58913 0.3896 0.1192 0.023003 -0.043155 0.1307 0.13308 0.28191 0.33174 0 0.41822 0.089704 0.025434 -0.027508 0.14978 0.15586 -0.081406 0.21173 0.047668 -0.013352 -0.0071371 -0.067843 -0.014965 0.017477 0.08093 0.0089033 0.18272 0.0026259 -0.051086 -0.14218 -0.035322 0.042579 0.18957 -0.052292 0.11576 0.091647 0.0174 0.22853 0.068378 0.060804 0.17423 0.22418 0.11183 0.065735 -0.095827 0.17463 -0.087207 -0.067143 0.068588 0.19183 -0.021905 0.23838 0.1689 -0.035793 0.021143 -0.083432 0.062848 0.04936 0.085308 -0.010903 0.23171 -0.02427 -0.00070861 -0.060233 0.0025467 0.048409 0.27786 0.045171 0.23105 0.10203 -0.031204 0.26631 0.088664 0.11552 0.18935 0.2749 0.22019 0.022023 -0.085589 0.23714 -0.061327 -0.057863 0.06501 0.22334
0.29977 0.26152 0.39084 0.65945 0.18045 0.0039388 -0.030312 0.10807 0.13554 0.22991 0.30971 0.41822 0 0.14768 0.009511 -0.010783 0.12156 0.16016 -0.073062 0.27656 -0.043711 0.038752 0.013668 -0.040031 -0.093043 -0.0037017 -0.00053362 0.038302 0.14038 0.040707 -0.066079 -0.17411 -0.028044 0.16971 0.14628 -0.10554 0.056744 0.12554 0.11477 0.22738 0.2114 0.025571 0.12108 0.14442 0.12439 0.09384 -0.053009 0.22109 -0.087633 -0.046487 0.1184 0.31991 6.3149e-05 0.29073 0.021424 0.032452 0.01518 -0.036833 -0.043329 0.020436 0.014759 0.034963 0.18786 0.018775 -0.032932 -0.12564 -0.0055263 0.16412 0.2838 -0.036357 0.1877 0.14349 0.11508 0.26097 0.27795 0.078843 0.13794 0.19902 0.18824 0.084637 -0.01305 0.31348 -0.094139 -0.053656 0.12602 0.37955
0.11777 0.10168 0.070068 0.13033 0.047754 -0.016154 -0.024072 0.014361 0.052956 0.10574 0.11437 0.089704 0.14768 0 -0.011763 -0.029011 0.0054788 0.093479 -0.029865 0.13569 -0.044252 0.020095 0.011892 -0.026136 -0.028309 -0.023291 0.010798 -0.01314 0.033396 0.017192 -0.032364 -0.063065 0.0005643 0.063428 0.021947 -0.044501 -0.0097196 0.06029 0.065707 0.091263 0.068158 0.038768 0.05839 0.048554 0.048456 0.016995 -0.018777 0.083772 -0.041729 -0.013784 0.073956 0.12499 -0.020014 0.10834 0.00053318 0.020374 0.0014349 -0.026534 -0.005044 -0.01287 0.027573 -0.015019 0.032209 0.020573 -0.011006 -0.035636 -0.0068003 0.072618 0.078445 -0.032587 0.055745 0.074727 0.068903 0.094156 0.090042 0.05044 0.072749 0.067803 0.089955 0.0047835 -0.015459 0.11818 -0.030294 -0.02863 0.066813 0.13976
0.0028275 -0.008814 0.033731 0.010922 -0.0023526 0.44461 0.18184 0.035056 0.073462 0.047625 -0.019731 0.025434 0.009511 -0.011763 0 0.21581 0.044254 0.067418 0.058197 0.044829 0.14035 0.080207 0.11455 0.23839 0.22967 0.1301 0.32157 0.13047 0.099516 0.10786 0.30628 0.18249 0.27818 0.074578 -0.032043 -0.007881 -0.041832 0.069398 0.080763 0.085178 0.063326 0.25561 0.23893 -0.020534 0.16905 0.068735 0.22373 -0.072105 0.036452 0.13597 0.10639 0.090675 0.044712 0.048363 0.061905 0.073204 0.10527 0.23315 0.16334 0.13511 0.3016 0.11779 0.06667 0.10009 0.27187 0.16177 0.27949 0.065123 -0.078956 -0.044468 -0.065969 0.058959 0.1098 0.066317 0.0623 0.24467 0.17823 -0.058127 0.11216 0.060316 0.21457 -0.068991 0.033504 0.14522 0.10653 0.087345
-0.09802 -0.10165 -0.029855 -0.01739 -0.029341 0.17581 0.25669 0.0031277 -0.021908 -0.057026 -0.11558 -0.027508 -0.010783 -0.029011 0.21581 0 0.017133 -0.0096976 0.11705 -0.030025 0.048792 0.020004 0.074229 0.17812 0.050854 0.123 -0.0057751 0.031766 0.020976 0.030521 0.13636 0.12628 0.09691 0.015298 0.011665 0.039994 0.047955 -0.054214 0.03867 -0.1098 0.072623 -0.03203 0.0086421 -0.11456 0.047329 0.036053 0.20764 -0.056131 0.039206 0.10826 0.018678 0.030622 0.10715 -0.03678 -0.014707 0.0068309 0.041693 0.18681 -0.00076048 0.12169 -0.026187 0.026804 0.0018702 0.027261 0.10312 0.091647 0.10349 0.020955 -0.015844 -0.0095419 0.016347 -0.064297 0.05628 -0.12573 0.080093 -0.050304 -0.024094 -0.14143 -0.0048795 0.043025 0.21588 -0.078214 0.028421 0.1371 0.0051743 0.025376
0.041698 0.060011 0.12412 0.10028 0.025389 0.040452 -0.011827 0.11031 0.054135 0.033009 0.098544 0.14978 0.12156 0.0054788 0.044254 0.017133 0 0.073354 -0.029026 0.093268 -0.051384 0.033158 0.015964 -0.0065005 -0.016893 -0.037343 0.081483 0.03071 0.02229 0.033041 0.054292 -0.068086 0.009168 0.033563 -0.01829 -0.077427 -0.056765 0.048766 0.0043798 0.069882 -0.0063228 0.070457 0.12588 -0.0070599 0.021854 0.0028115 0.010349 -0.025048 -0.013751 -0.013842 0.042201 0.060287 -0.017527 0.079056 -0.037869 0.032469 0.0076795 0.017299 -0.021956 -0.016512 0.069895 0.025622 0.027441 0.02156 0.048092 -0.040592 0.022121 0.03982 -0.0096578 -0.10146 -0.023442 0.05288 -0.003209 0.075044 -0.00028418 0.070714 0.11679 0.019046 0.016096 0.0035058 0.020714 0.017879 -0.017606 -0.0045937 0.048524 0.074773
0.26695 0.21658 0.1524 0.15053 0.064542 0.069375 -0.033568 0.065684 0.20284 0.2395 0.2572 0.15586 0.16016 0.093479 0.067418 -0.0096976 0.073354 0 -0.060759 0.17115 0.031425 0.056069 0.035849 0.0049167 0.056945 0.025232 0.1183 0.022176 0.095616 0.0904 0.010932 -0.029292 0.068929 0.10419 0.024123 -0.05249 -0.0022088 0.16471 0.089699 0.18871 0.067383 0.15361 0.13498 0.12242 0.082509 0.056455 0.015023 0.13792 -0.037021 0.029313 0.17197 0.19348 -0.011189 0.18457 0.094934 0.068012 0.024991 0.0039035 0.10025 0.036217 0.14641 0.025543 0.11572 0.078754 0.061829 0.0151 0.053863 0.12297 0.11501 0.0099593 0.080267 0.18315 0.081065 0.20617 0.087691 0.18929 0.14163 0.14922 0.16059 0.051701 0.0238 0.17554 -0.0054003 -0.0017183 0.14174 0.21862
-0.16237 -0.12418 -0.039205 -0.071528 -0.018541 0.075025 0.15571 -0.038564 -0.05324 -0.090191 -0.20651 -0.081406 -0.073062 -0.029865 0.058197 0.11705 -0.029026 -0.060759 0 -0.071984 0.24633 0.019388 0.042017 0.26634 0.22306 0.27905 -0.15404 0.08017 0.075303 0.05617 0.034091 0.59891 0.010946 -0.049651 0.50343 0.23699 0.54544 -0.051858 0.029875 -0.12556 0.1284 -0.062241 -0.13874 -0.01808 0.18589 0.05465 0.73578 0.21203 0.12903 0.16425 0.15591 0.10152 0.67558 -0.06806 0.064272 0.0014142 0.019493 0.22433 0.066877 0.20162 -0.19054 0.080758 0.017395 0.052875 -0.046687 0.37359 0.032969 -0.0288 0.22875 0.19394 0.27146 -0.088211 0.077958 -0.18873 0.095085 -0.13015 -0.12125 -0.10388 0.05217 0.030672 0.62319 0.02254 0.09624 0.18094 0.15326 0.0659
0.24424 0.2715 0.20249 0.30462 0.11263 0.045793 -0.037269 0.092424 0.16914 0.24879 0.30006 0.21173 0.27656 0.13569 0.044829 -0.030025 0.093268 0.17115 -0.071984 0 -0.11839 0.17304 0.049692 0.0064888 -0.10637 -0.016819 0.017281 0.021472 0.2098 0.18878 -0.088227 -0.284 0.011645 0.41988 0.18956 -0.21987 0.015637 0.28183 0.34317 0.42797 0.40559 0.10114 0.28664 0.27403 0.3199 0.26039 0.044992 0.37592 -0.13125 -0.046825 0.29141 0.56739 0.0013076 0.58805 -0.11461 0.18327 0.0080263 -0.0069052 -0.10733 0.0016057 0.066185 0.024357 0.18835 0.15908 -0.030389 -0.25377 0.027709 0.39341 0.29556 -0.23172 0.1114 0.28267 0.29374 0.45036 0.39766 0.16901 0.28614 0.24984 0.28229 0.207 0.044746 0.45904 -0.16201 -0.088514 0.24558 0.56252
0.039661 0.025012 0.1035 -0.042908 -0.0017454 0.1537 0.053951 -0.058972 -0.0027001 0.21774 -0.033267 0.047668 -0.043711 -0.044252 0.14035 0.048792 -0.051384 0.031425 0.24633 -0.11839 0 -0.14478 0.064826 0.19381 0.69635 0.54644 0.20198 -0.04169 0.26838 -0.091194 0.12182 0.49574 0.1688 -0.10166 0.53074 0.45735 0.52744 -0.13552 -0.022783 0.10988 0.12743 0.30084 -0.034316 0.66659 0.38915 0.3475 0.079196 0.42501 0.030793 0.017821 -0.019402 -0.048844 0.055864 -0.11441 0.65437 -0.19223 0.063548 0.11844 0.51684 0.30797 0.070602 -0.0083845 0.10068 -0.088541 0.066701 0.33921 0.12515 -0.079739 0.25366 0.36755 0.20686 -0.13741 -0.0075663 -0.0086612 0.053231 0.16108 -0.10491 0.27692 0.10622 0.1472 0.061337 0.081927 0.068402 0.027083 -0.011834 -0.0994
-0.0077893 0.10773 0.013261 0.043735 0.0070008 0.0968 0.020921 0.02686 0.07229 0.030815 0.085383 -0.013352 0.038752 0.020095 0.080207 0.020004 0.033158 0.056069 0.019388 0.17304 -0.14478 0 0.017883 0.29472 0.061449 -0.14183 0.13849 0.22851 0.045905 0.91846 0.013002 -0.16083 0.16278 0.37191 -0.066784 -0.16966 -0.12635 0.87849 0.32425 0.08776 0.283 0.30816 0.079871 -0.0060411 0.087203 0.64251 0.17197 0.034987 -0.035936 0.0062813 0.2185 0.24544 0.057319 0.15917 -0.24796 0.97358 0.0074346 0.34034 -0.048327 -0.086031 0.17431 0.29303 -0.0044303 0.90799 -0.01183 -0.20424 0.16525 0.34108 -0.10775 -0.23603 -0.15571 0.84127 0.36758 0.084931 0.30223 0.33188 0.084555 -0.080441 -0.0082916 0.59205 0.1592 0.064463 -0.074921 0.0087098 0.1854 0.22302
0.020125 0.01563 0.0096713 0.01096 0.010462 0.13683 0.076931 0.00045131 0.015064 0.047111 0.011501 -0.0071371 0.013668 0.011892 0.11455 0.074229 0.015964 0.035849 0.042017 0.049692 0.064826 0.017883 0 0.16157 0.11177 0.14326 0.059186 0.03628 0.092559 0.042054 0.092166 0.10793 0.10033 0.028897 0.059496 0.036982 0.065268 0.022236 0.047227 0.037847 0.055031 0.044803 0.06324 0.037616 0.07059 0.084939 0.11046 0.058437 0.032001 0.10769 0.051562 0.098933 0.022713 0.022558 0.037247 0.0059512 0.048002 0.13377 0.07713 0.11139 0.057638 0.024204 0.058678 0.039996 0.088314 0.076379 0.08292 0.0066735 0.050291 0.013654 0.038105 0.012985 0.037812 0.030189 0.046839 0.062732 0.035479 -0.0057609 0.047842 0.071645 0.083118 0.033955 0.017124 0.053001 0.026858 0.088281
-0.067423 -0.069543 -0.045693 -0.033741 -0.016545 0.2318 0.18987 -0.011674 -0.0052976 -0.093426 -0.089418 -0.067843 -0.040031 -0.026136 0.23839 0.17812 -0.0065005 0.0049167 0.26634 0.0064888 0.19381 0.29472 0.16157 0 0.35696 0.37756 0.078364 0.55114 0.10607 0.49921 0.18452 0.22087 0.34045 0.086516 0.13278 0.058993 0.10122 0.25356 0.091497 -0.065258 0.13732 0.099854 0.040203 -0.02124 0.093805 0.49511 0.3522 0.014629 0.066778 0.1571 0.11732 0.13194 0.25355 0.030852 0.060305 0.26144 0.11216 0.82175 0.22819 0.37328 0.07473 0.517 0.079441 0.49848 0.1459 0.21063 0.35717 0.095901 0.1045 -0.012217 0.13485 0.17444 0.14369 -0.054268 0.17333 0.14423 0.033852 -0.070484 0.049979 0.49107 0.28848 -0.0024969 0.056997 0.14672 0.089871 0.093461
0.048647 0.051634 0.021441 -0.093906 -0.020969 0.25227 0.075341 -0.04475 0.025554 0.17535 0.0021103 -0.014965 -0.093043 -0.028309 0.22967 0.050854 -0.016893 0.056945 0.22306 -0.10637 0.69635 0.061449 0.11177 0.35696 0 0.51105 0.52768 0.10708 0.18151 0.12908 0.30612 0.63125 0.41809 -0.035507 0.22514 0.33924 0.23346 0.022178 -0.052375 0.21353 -0.087823 0.68012 0.12555 0.49611 0.34994 0.37085 0.12501 0.22883 0.1489 0.1195 0.01853 -0.065794 0.068198 -0.11002 0.49914 -0.010507 0.07295 0.26552 0.75013 0.33042 0.42183 0.10824 0.053655 0.11143 0.26215 0.54051 0.3401 -0.032911 0.064709 0.22513 0.090312 0.0067236 -0.048385 0.074723 -0.10202 0.52057 0.05277 0.17361 0.17474 0.19025 0.089481 0.023777 0.20318 0.13638 0.022559 -0.11041
0.13031 0.026193 0.038454 0.0068517 0.0026294 0.12993 0.13434 -0.025336 -0.00289 0.20743 -0.035052 0.017477 -0.0037017 -0.023291 0.1301 0.123 -0.037343 0.025232 0.27905 -0.016819 0.54644 -0.14183 0.14326 0.37756 0.51105 0 -0.017583 0.098806 0.23725 -0.081191 0.070361 0.46279 0.12029 -0.046998 0.41871 0.38328 0.45481 -0.14074 0.017132 0.030165 0.14802 -0.02914 -0.073399 0.37478 0.21394 0.37122 0.19311 0.42526 0.024003 0.13244 -0.0020919 0.094169 0.1513 -0.0087926 0.33759 -0.17453 0.092443 0.28502 0.33389 0.57279 -0.1039 0.061748 0.13833 -0.079109 -0.0050002 0.33572 0.059852 -0.054141 0.26917 0.25533 0.31493 -0.16056 -0.0058369 -0.0047842 0.080164 -0.054801 -0.09929 0.12855 0.042584 0.26293 0.14642 0.22042 0.046219 0.099828 -0.00028147 0.045662
0.0857 0.14048 0.087707 0.012053 -0.0060485 0.34471 0.0050345 0.05379 0.12912 0.13797 0.14088 0.08093 -0.00053362 0.010798 0.32157 -0.0057751 0.081483 0.1183 -0.15404 0.017281 0.20198 0.13849 0.059186 0.078364 0.52768 -0.017583 0 0.040356 0.052951 0.14313 0.49091 0.20958 0.39062 0.084967 -0.23153 -0.044085 -0.24889 0.171 0.065842 0.41535 -0.11877 0.79871 0.45757 0.098193 0.25621 -0.0061276 0.010838 -0.14675 0.11898 0.047547 0.13739 -0.017411 -0.15218 0.013879 0.072729 0.10533 0.058598 0.067267 0.33674 -0.050873 0.7619 0.065999 -0.024784 0.12929 0.45438 0.19978 0.31263 0.06963 -0.30288 -0.1205 -0.26926 0.19765 0.079773 0.27756 -0.1104 0.70033 0.33279 -0.036232 0.16941 -0.092067 0.016639 -0.17546 0.10271 0.053928 0.11055 -0.043309
0.013312 0.071953 0.0038574 0.018746 -0.013033 0.1354 0.072345 0.01924 0.016852 -0.066375 0.057198 0.0089033 0.038302 -0.01314 0.13047 0.031766 0.03071 0.022176 0.08017 0.021472 -0.04169 0.22851 0.03628 0.55114 0.10708 0.098806 0.040356 0 0.055391 0.42015 0.12183 0.033689 0.064856 0.045929 0.012498 0.0045609 0.023674 0.32626 0.013332 0.024633 0.062058 -0.0031791 0.07766 -0.080284 -0.010925 0.29962 0.18066 -0.097885 0.020837 0.056707 0.12621 0.11521 0.15247 0.057978 -0.038502 0.23272 0.02945 0.56351 0.059448 0.17498 0.032634 0.95249 0.090457 0.34533 0.09004 0.075327 0.091766 0.045395 0.092201 -0.0035012 0.10027 0.3097 0.09448 0.03242 0.13203 0.031351 0.072275 -0.056817 0.012707 0.35364 0.15267 0.0096131 0.045642 0.054248 0.10751 0.12063
0.17672 0.13884 0.19281 0.1521 0.07581 0.092393 0.019297 0.023572 0.076024 0.19517 0.12108 0.18272 0.14038 0.033396 0.099516 0.020976 0.02229 0.095616 0.075303 0.2098 0.26838 0.045905 0.092559 0.10607 0.18151 0.23725 0.052951 0.055391 0 0.059122 0.066187 0.084001 0.065323 0.070878 0.41854 0.29217 0.46813 0.10383 0.048383 0.26126 0.13356 0.10233 0.21568 0.4227 0.29717 0.17996 0.08817 0.38437 -0.026384 0.055523 0.1365 0.33042 0.088708 0.1999 0.21757 0.027506 0.054279 0.074619 0.14715 0.15972 0.0052064 0.05352 0.39489 0.044509 0.068069 0.070669 0.024189 0.046947 0.36745 0.23231 0.42136 0.091821 0.047176 0.19427 0.11489 0.083978 0.17132 0.26106 0.22353 0.08024 0.075738 0.27041 0.003063 0.0015502 0.12762 0.31808
-0.00046229 0.13843 0.029125 0.051034 0.005943 0.12807 0.034817 0.013866 0.098618 0.022051 0.11448 0.0026259 0.040707 0.017192 0.10786 0.030521 0.033041 0.0904 0.05617 0.18878 -0.091194 0.91846 0.042054 0.49921 0.12908 -0.081191 0.14313 0.42015 0.059122 0 0.038293 -0.13397 0.23374 0.37944 -0.036774 -0.15607 -0.071551 0.91435 0.35351 0.10799 0.28504 0.27587 0.088441 -0.0068911 0.078205 0.66262 0.21405 0.064209 -0.021507 0.010185 0.28546 0.28542 0.067483 0.16779 -0.17969 0.90897 0.017984 0.50755 0.018014 -0.0059568 0.17996 0.4586 0.034303 0.93078 0.0098504 -0.15056 0.23955 0.33948 -0.030699 -0.2014 -0.07867 0.87664 0.39122 0.1115 0.30862 0.32554 0.088702 -0.064653 0.0084478 0.63134 0.1882 0.12921 -0.051862 -0.0043274 0.24728 0.26172
-0.16271 -0.035751 -0.009408 -0.032639 -0.025243 0.2998 0.16614 0.062432 0.018971 -0.034444 -0.070788 -0.051086 -0.066079 -0.032364 0.30628 0.13636 0.054292 0.010932 0.034091 -0.088227 0.12182 0.013002 0.092166 0.18452 0.30612 0.070361 0.49091 0.12183 0.066187 0.038293 0 0.36867 0.27241 -0.015552 -0.15801 0.076324 -0.096693 0.0053012 0.018093 -0.01431 -0.06293 0.37934 0.38789 -0.21654 0.25884 -0.080551 0.19929 -0.28458 0.26255 0.18184 0.037266 -0.071733 -0.032319 -0.11288 -0.13741 6.8995e-05 0.03921 0.19021 0.066851 0.023859 0.36258 0.14276 -0.082263 0.034783 0.5526 0.23649 0.21847 -0.016777 -0.33799 -0.093727 -0.26034 -0.0097257 0.044468 -0.12275 -0.080274 0.21017 0.21729 -0.37732 0.036817 -0.10252 0.15905 -0.33239 0.2123 0.16722 0.033188 -0.10985
-0.11987 -0.1259 -0.078907 -0.17084 -0.03651 0.2163 0.16855 -0.062443 -0.059686 0.024005 -0.20509 -0.14218 -0.17411 -0.063065 0.18249 0.12628 -0.068086 -0.029292 0.59891 -0.284 0.49574 -0.16083 0.10793 0.22087 0.63125 0.46279 0.20958 0.033689 0.084001 -0.13397 0.36867 0 0.15974 -0.23411 0.21289 0.58214 0.34993 -0.20785 -0.14163 -0.096755 -0.16147 0.23459 -0.010787 0.009405 0.34113 -0.11408 0.39185 0.089926 0.31103 0.28595 -0.082767 -0.20342 0.27087 -0.28704 0.21825 -0.20695 0.077083 0.16556 0.3446 0.29851 0.061708 0.041111 -0.044726 -0.11566 0.20877 0.75935 0.096751 -0.2126 -0.098938 0.40192 0.0054354 -0.23212 -0.11651 -0.23618 -0.20292 -0.0054398 -0.10258 -0.22605 0.072092 -0.14415 0.28518 -0.21286 0.33217 0.28389 -0.062675 -0.22659
0.0081752 0.0082606 -0.028627 -0.026146 -0.010671 0.28137 0.075246 0.022428 0.06364 0.040335 0.0045176 -0.035322 -0.028044 0.0005643 0.27818 0.09691 0.009168 0.068929 0.010946 0.011645 0.1688 0.16278 0.10033 0.34045 0.41809 0.12029 0.39062 0.064856 0.065323 0.23374 0.27241 0.15974 0 0.10841 -0.048688 -0.022688 -0.073138 0.142 0.06625 0.065638 -0.019041 0.44215 0.21342 0.059904 0.15002 0.1434 0.15838 -0.056086 0.046075 0.097614 0.09919 0.046058 0.040927 0.0059755 0.11605 0.13189 0.069745 0.2959 0.31157 0.11062 0.38319 0.071232 0.018118 0.23141 0.27306 0.18217 0.44912 0.087893 -0.077577 -0.030708 -0.04617 0.11976 0.052878 0.044162 -0.012508 0.4164 0.15751 -0.0068208 0.13385 0.0891 0.14651 -0.069674 0.077952 0.10474 0.071686 0.0089646
0.14156 0.18008 0.054476 0.2021 0.02794 0.073623 0.015324 0.048761 0.13233 0.21024 0.13083 0.042579 0.16971 0.063428 0.074578 0.015298 0.033563 0.10419 -0.049651 0.41988 -0.10166 0.37191 0.028897 0.086516 -0.035507 -0.046998 0.084967 0.045929 0.070878 0.37944 -0.015552 -0.23411 0.10841 0 0.12421 -0.22441 -0.017614 0.44087 0.54525 0.29538 0.60757 0.23064 0.11172 0.16529 0.32702 0.39318 0.14796 0.37353 -0.08307 -0.025232 0.38696 0.5107 -0.0065105 0.37302 -0.11335 0.35397 -8.7976e-05 0.07633 -0.064536 -0.047514 0.11466 0.033278 0.046456 0.34652 -0.025907 -0.24004 0.14023 0.79176 0.18026 -0.23319 0.058939 0.41777 0.46887 0.35389 0.55401 0.28691 0.098001 0.14666 0.26648 0.31943 0.14734 0.44171 -0.10308 -0.046013 0.34194 0.48021
0.07287 0.089984 0.22252 0.17109 0.073959 -0.029259 0.025303 -0.021988 0.024661 0.20396 0.013873 0.18957 0.14628 0.021947 -0.032043 0.011665 -0.01829 0.024123 0.50343 0.18956 0.53074 -0.066784 0.059496 0.13278 0.22514 0.41871 -0.23153 0.012498 0.41854 -0.036774 -0.15801 0.21289 -0.048688 0.12421 0 0.38966 0.84231 -0.0089288 0.091163 0.080927 0.37655 -0.10439 -0.099604 0.53483 0.49212 0.27323 0.26673 0.64082 -0.041121 0.016784 0.12042 0.36783 0.28693 0.19302 0.33316 -0.085397 0.022142 0.069045 0.11164 0.19891 -0.29041 0.0059612 0.28367 -0.03838 -0.19129 0.059341 -0.049914 0.11132 0.67113 0.27743 0.6056 -0.031623 0.082683 0.022991 0.31079 -0.1496 -0.10301 0.22629 0.25353 0.1651 0.21027 0.42751 -0.038287 -0.024058 0.12345 0.33061
-0.075772 -0.079602 -0.015684 -0.093898 0.0067928 0.0256 0.077219 -0.085325 -0.068039 0.072884 -0.15256 -0.052292 -0.10554 -0.044501 -0.007881 0.039994 -0.077427 -0.05249 0.23699 -0.21987 0.45735 -0.16966 0.036982 0.058993 0.33924 0.38328 -0.044085 0.0045609 0.29217 -0.15607 0.076324 0.58214 -0.022688 -0.22441 0.38966 0 0.60599 -0.1593 -0.14277 -0.12853 -0.072535 -0.092916 -0.16815 0.16412 0.21132 -0.076499 0.034918 0.17787 0.15691 0.092607 -0.087046 -0.12006 0.0045214 -0.21856 0.19609 -0.18818 0.043524 0.02716 0.10709 0.18331 -0.19865 0.0054067 0.11483 -0.15066 -0.021579 0.27505 -0.03228 -0.19674 0.096705 0.5608 0.22228 -0.17644 -0.11017 -0.22791 -0.096902 -0.28384 -0.23268 -0.14201 -0.089984 -0.13289 -0.0057033 -0.065075 0.12809 0.084963 -0.066829 -0.12548
0.0074988 -0.00085004 0.14076 0.070011 0.055622 -0.018804 0.072254 -0.071696 -0.020362 0.1704 -0.066118 0.11576 0.056744 -0.0097196 -0.041832 0.047955 -0.056765 -0.0022088 0.54544 0.015637 0.52744 -0.12635 0.065268 0.10122 0.23346 0.45481 -0.24889 0.023674 0.46813 -0.071551 -0.096693 0.34993 -0.073138 -0.017614 0.84231 0.60599 0 -0.072261 -0.023624 -0.041798 0.25261 -0.22689 -0.19276 0.40511 0.33324 0.16019 0.23829 0.53809 0.040145 0.036513 0.010397 0.20976 0.29016 -0.015211 0.29977 -0.1385 0.04574 0.042093 0.023367 0.23629 -0.33887 0.018257 0.28806 -0.08052 -0.1695 0.10448 -0.08084 -0.020287 0.52477 0.47917 0.60584 -0.091831 0.005916 -0.12329 0.16475 -0.31076 -0.20859 0.094892 0.029404 0.064057 0.17047 0.24345 -0.019377 0.0059367 0.036724 0.17895
0.11398 0.23998 0.093263 0.13153 0.052742 0.08733 -0.017437 0.051836 0.17476 0.14059 0.24341 0.091647 0.12554 0.06029 0.069398 -0.054214 0.048766 0.16471 -0.051858 0.28183 -0.13552 0.87849 0.022236 0.25356 0.022178 -0.14074 0.171 0.32626 0.10383 0.91435 0.0053012 -0.20785 0.142 0.44087 -0.0089288 -0.1593 -0.072261 0 0.43404 0.23638 0.36141 0.31389 0.13279 0.038181 0.10737 0.56312 0.10347 0.13384 -0.058905 -0.028186 0.33779 0.3726 -0.02818 0.27059 -0.17991 0.84126 0.0090315 0.26944 -0.036518 -0.073699 0.21221 0.38893 0.085951 0.8741 0.0045887 -0.21048 0.14803 0.40698 0.011052 -0.17608 -0.055765 0.96616 0.46382 0.24992 0.39114 0.35403 0.14743 0.019533 0.067276 0.52631 0.083957 0.25504 -0.070744 -0.054883 0.30486 0.36709
0.092472 0.14447 0.021451 0.19107 0.075261 0.091863 0.051475 0.025598 0.11103 0.29461 0.065173 0.0174 0.11477 0.065707 0.080763 0.03867 0.0043798 0.089699 0.029875 0.34317 -0.022783 0.32425 0.047227 0.091497 -0.052375 0.017132 0.065842 0.013332 0.048383 0.35351 0.018093 -0.14163 0.06625 0.54525 0.091163 -0.14277 -0.023624 0.43404 0 0.12809 0.88227 0.12539 0.037151 0.088339 0.33103 0.44792 0.27714 0.44791 -0.029093 0.025886 0.50591 0.61999 0.0058299 0.30529 -0.1642 0.29785 0.00091661 0.081105 -0.13143 -0.036998 0.043737 0.0033679 -0.0058337 0.32564 -0.012188 -0.22282 0.086141 0.48871 0.069576 -0.22175 -0.084504 0.39897 0.89014 0.16449 0.78168 0.12674 0.0077158 -0.021136 0.16269 0.35325 0.23193 0.4323 -0.098682 -0.030777 0.41854 0.51888
0.36627 0.3439 0.20578 0.22264 0.094094 0.1025 -0.12377 0.073313 0.19598 0.32114 0.35376 0.22853 0.22738 0.091263 0.085178 -0.1098 0.069882 0.18871 -0.12556 0.42797 0.10988 0.08776 0.037847 -0.065258 0.21353 0.030165 0.41535 0.024633 0.26126 0.10799 -0.01431 -0.096755 0.065638 0.29538 0.080927 -0.12853 -0.041798 0.23638 0.12809 0 0.1052 0.54131 0.37343 0.45849 0.29376 0.17044 -0.088103 0.36022 -0.077492 -0.05655 0.20371 0.35511 -0.090434 0.38944 0.16081 0.09504 0.047028 -0.069453 0.25108 0.052006 0.4195 0.028916 0.24586 0.064609 0.094901 -0.0056801 0.030034 0.24268 0.18432 -0.074969 0.092971 0.25757 0.10956 0.69699 0.12701 0.51586 0.34345 0.44872 0.32762 0.074419 -0.067087 0.37078 -0.091052 -0.095318 0.19714 0.37324
0.094354 0.11827 0.084495 0.27586 0.09016 0.061269 0.071981 0.018244 0.077805 0.29596 0.06302 0.068378 0.2114 0.068158 0.063326 0.072623 -0.0063228 0.067383 0.1284 0.40559 0.12743 0.283 0.055031 0.13732 -0.087823 0.14802 -0.11877 0.062058 0.13356 0.28504 -0.06293 -0.16147 -0.019041 0.60757 0.37655 -0.072535 0.25261 0.36141 0.88227 0.1052 0 -0.050602 -0.014141 0.17492 0.49972 0.51831 0.29106 0.57636 -0.063976 0.0020695 0.42734 0.64464 0.1016 0.36013 -0.061716 0.25465 -0.001645 0.11433 -0.19171 0.029423 -0.13343 0.060802 0.087053 0.26999 -0.10725 -0.25307 0.036968 0.57415 0.32346 -0.17722 0.11382 0.33225 0.80559 0.14466 0.90766 -0.0026977 -0.034879 0.050486 0.29167 0.44929 0.25008 0.51765 -0.12298 -0.042283 0.34221 0.56192
0.17645 0.19563 0.084627 0.041062 0.011737 0.27269 -0.031324 0.044916 0.15479 0.22434 0.1935 0.060804 0.025571 0.038768 0.25561 -0.03203 0.070457 0.15361 -0.062241 0.10114 0.30084 0.30816 0.044803 0.099854 0.68012 -0.02914 0.79871 -0.0031791 0.10233 0.27587 0.37934 0.23459 0.44215 0.23064 -0.10439 -0.092916 -0.22689 0.31389 0.12539 0.54131 -0.050602 0 0.42576 0.31854 0.36063 0.18267 0.047235 0.092133 0.10491 0.044371 0.14902 0.07718 -0.043213 0.084153 0.19007 0.26895 0.055994 0.094137 0.52781 -0.023479 0.76553 0.066436 0.0025284 0.26106 0.37775 0.28689 0.36298 0.186 -0.18374 -0.11309 -0.21547 0.32224 0.11436 0.41612 -0.042547 0.91511 0.34471 0.16185 0.31162 0.03987 0.060401 0.0376 0.13297 0.067186 0.14439 0.049065
0.096764 0.16504 0.17438 0.134 0.05945 0.23038 0.0044614 0.11626 0.13744 0.089711 0.19165 0.17423 0.12108 0.05839 0.23893 0.0086421 0.12588 0.13498 -0.13874 0.28664 -0.034316 0.079871 0.06324 0.040203 0.12555 -0.073399 0.45757 0.07766 0.21568 0.088441 0.38789 -0.010787 0.21342 0.11172 -0.099604 -0.16815 -0.19276 0.13279 0.037151 0.37343 -0.014141 0.42576 0 0.069806 0.35462 -0.027788 0.04585 -0.045731 0.03932 0.042327 0.16766 0.19249 -0.094666 0.27086 -0.060309 0.070052 0.042085 0.032045 0.058188 -0.049047 0.42578 0.083939 0.15507 0.064896 0.41808 0.05862 0.15399 0.10051 -0.089961 -0.17453 -0.10231 0.13059 0.031552 0.31561 -0.0004216 0.37628 0.57622 0.047809 0.32228 -0.074466 0.062579 -0.0033294 0.024927 0.040535 0.14799 0.18962
0.36138 0.2143 0.24367 0.16503 0.078185 -0.0017912 -0.13395 0.0011871 0.10143 0.43985 0.20386 0.22418 0.14442 0.048554 -0.020534 -0.11456 -0.0070599 0.12242 -0.01808 0.27403 0.66659 -0.0060411 0.037616 -0.02124 0.49611 0.37478 0.098193 -0.080284 0.4227 -0.0068911 -0.21654 0.009405 0.059904 0.16529 0.53483 0.16412 0.40511 0.038181 0.088339 0.45849 0.17492 0.31854 0.069806 0 0.4352 0.40906 -0.11566 0.65035 -0.12803 -0.09957 0.094315 0.27451 -0.011727 0.24381 0.53434 -0.024899 0.037986 -0.054834 0.4344 0.21483 0.0543 -0.062558 0.29022 -0.027468 -0.14166 0.063546 0.016874 0.14032 0.45761 0.19258 0.31239 0.054345 0.029716 0.40246 0.13309 0.30477 0.058281 0.71939 0.27546 0.21823 -0.083605 0.45868 -0.099957 -0.13723 0.086614 0.23075
0.033006 0.154 0.19072 0.1593 0.066493 0.18458 0.069258 0.011326 0.073407 0.25673 0.072671 0.11183 0.12439 0.048456 0.16905 0.047329 0.021854 0.082509 0.18589 0.3199 0.38915 0.087203 0.07059 0.093805 0.34994 0.21394 0.25621 -0.010925 0.29717 0.078205 0.25884 0.34113 0.15002 0.32702 0.49212 0.21132 0.33324 0.10737 0.33103 0.29376 0.49972 0.36063 0.35462 0.4352 0 0.29232 0.18029 0.47663 0.10905 0.061008 0.19983 0.31629 0.036076 0.25263 0.11193 0.039577 0.044701 0.061259 0.060929 0.087661 0.12086 0.0085279 0.072789 0.0696 0.14082 0.10634 0.12897 0.32611 0.19482 -0.032659 0.062092 0.083051 0.27846 0.16526 0.41081 0.15714 0.18654 0.042118 0.5431 0.16405 0.17307 0.23577 0.084443 0.049269 0.17931 0.26214
0.17174 0.11927 0.050684 0.11043 0.011252 0.080517 0.03155 0.0078689 0.052144 0.24583 0.080956 0.065735 0.09384 0.016995 0.068735 0.036053 0.0028115 0.056455 0.05465 0.26039 0.3475 0.64251 0.084939 0.49511 0.37085 0.37122 -0.0061276 0.29962 0.17996 0.66262 -0.080551 -0.11408 0.1434 0.39318 0.27323 -0.076499 0.16019 0.56312 0.44792 0.17044 0.51831 0.18267 -0.027788 0.40906 0.29232 0 0.09402 0.51461 -0.061918 -0.011691 0.19249 0.37511 0.053389 0.25144 0.1544 0.60144 0.045871 0.44292 0.20752 0.3103 0.03666 0.26005 0.12356 0.6617 -0.08398 -0.12217 0.148 0.35563 0.28818 -0.10592 0.15648 0.54985 0.38409 0.20091 0.48079 0.27583 -0.014711 0.23903 0.1609 0.93557 0.052002 0.45035 -0.069432 -0.039118 0.16714 0.32723
-0.16536 -0.11357 -0.0669 -0.029978 0.010005 0.23143 0.23863 0.0051914 0.0011585 -0.12433 -0.16764 -0.095827 -0.053009 -0.018777 0.22373 0.20764 0.010349 0.015023 0.73578 0.044992 0.079196 0.17197 0.11046 0.3522 0.12501 0.19311 0.010838 0.18066 0.08817 0.21405 0.19929 0.39185 0.15838 0.14796 0.26673 0.034918 0.23829 0.10347 0.27714 -0.088103 0.29106 0.047235 0.04585 -0.11566 0.18029 0.09402 0 0.13171 0.074665 0.22941 0.56774 0.3129 0.60013 0.045932 -0.054981 0.13856 0.075595 0.33949 -0.0093387 0.10676 -0.03956 0.16305 0.036303 0.20319 0.12422 0.22152 0.16658 0.1829 0.12604 -0.026186 0.095062 0.041343 0.31585 -0.095174 0.29345 0.021347 0.043181 -0.17531 0.085256 0.1118 0.85397 0.070823 0.052445 0.21581 0.46564 0.25967
0.34492 0.22605 0.17319 0.24488 0.10988 -0.059259 -0.054948 0.0050672 0.1136 0.38885 0.2118 0.17463 0.22109 0.083772 -0.072105 -0.056131 -0.025048 0.13792 0.21203 0.37592 0.42501 0.034987 0.058437 0.014629 0.22883 0.42526 -0.14675 -0.097885 0.38437 0.064209 -0.28458 0.089926 -0.056086 0.37353 0.64082 0.17787 0.53809 0.13384 0.44791 0.36022 0.57636 0.092133 -0.045731 0.65035 0.47663 0.51461 0.13171 0 -0.084189 -0.039326 0.30687 0.59103 0.19787 0.37254 0.36293 0.027671 0.025123 -0.046871 0.2706 0.27642 -0.13991 -0.07012 0.31315 0.044481 -0.25473 0.10931 -0.050239 0.31719 0.61325 0.21932 0.48865 0.13436 0.33719 0.33792 0.50075 0.14769 -0.018323 0.49374 0.39351 0.37872 0.11118 0.82664 -0.068509 -0.078746 0.24089 0.53096
-0.10416 -0.051749 -0.051778 -0.072075 -0.029941 0.054365 0.04524 -0.0062489 -0.033594 -0.032087 -0.093918 -0.087207 -0.087633 -0.041729 0.036452 0.039206 -0.013751 -0.037021 0.12903 -0.13125 0.030793 -0.035936 0.032001 0.066778 0.1489 0.024003 0.11898 0.020837 -0.026384 -0.021507 0.26255 0.31103 0.046075 -0.08307 -0.041121 0.15691 0.040145 -0.058905 -0.029093 -0.077492 -0.063976 0.10491 0.03932 -0.12803 0.10905 -0.061918 0.074665 -0.084189 0 0.091591 -0.078352 -0.12809 0.041532 -0.14322 -0.096444 -0.028977 0.0092958 0.059243 -0.016407 0.015868 0.051832 0.032277 -0.090832 -0.018985 0.14384 0.19802 0.027654 -0.068045 -0.1594 0.063032 -0.11164 -0.053325 -0.0089323 -0.16177 -0.08347 -0.015834 -0.015367 -0.24832 -0.015125 -0.043671 0.054949 -0.18253 0.21604 0.08911 -0.0433 -0.14744
-0.06634 -0.063006 -0.04654 -0.022778 -0.021046 0.15617 0.13611 0.00011386 -0.019697 -0.0087347 -0.082469 -0.067143 -0.046487 -0.013784 0.13597 0.10826 -0.013842 0.029313 0.16425 -0.046825 0.017821 0.0062813 0.10769 0.1571 0.1195 0.13244 0.047547 0.056707 0.055523 0.010185 0.18184 0.28595 0.097614 -0.025232 0.016784 0.092607 0.036513 -0.028186 0.025886 -0.05655 0.0020695 0.044371 0.042327 -0.09957 0.061008 -0.011691 0.22941 -0.039326 0.091591 0 0.03066 0.023467 0.096995 -0.068035 -0.048214 -0.0041451 0.037575 0.12761 0.029892 0.10031 0.031512 0.048808 -0.019654 0.024359 0.14021 0.2162 0.067891 -0.02414 -0.037571 0.032486 -0.021821 -0.039832 0.013377 -0.096901 -0.019552 0.0086025 0.0098048 -0.14798 0.034326 -0.017614 0.19591 -0.081391 0.10862 0.1784 0.014159 0.0060819
0.040867 0.17552 0.076727 0.1333 0.066101 0.12428 0.018113 0.048362 0.12891 0.050201 0.17478 0.068588 0.1184 0.073956 0.10639 0.018678 0.042201 0.17197 0.15591 0.29141 -0.019402 0.2185 0.051562 0.11732 0.01853 -0.0020919 0.13739 0.12621 0.1365 0.28546 0.037266 -0.082767 0.09919 0.38696 0.12042 -0.087046 0.010397 0.33779 0.50591 0.20371 0.42734 0.14902 0.16766 0.094315 0.19983 0.19249 0.56774 0.30687 -0.078352 0.03066 0 0.50965 0.21524 0.29784 -0.0046524 0.22067 0.041518 0.12929 0.025609 -0.013688 0.117 0.12145 0.13495 0.25988 0.060617 -0.063555 0.11525 0.37554 0.17093 -0.080233 0.078625 0.30924 0.47147 0.25043 0.42349 0.19322 0.17142 0.081787 0.19995 0.1809 0.53855 0.37259 -0.047086 -0.0094499 0.66185 0.47019
0.23084 0.29194 0.186 0.35363 0.14847 0.087256 0.030565 0.087245 0.18765 0.2473 0.28175 0.19183 0.31991 0.12499 0.090675 0.030622 0.060287 0.19348 0.10152 0.56739 -0.048844 0.24544 0.098933 0.13194 -0.065794 0.094169 -0.017411 0.11521 0.33042 0.28542 -0.071733 -0.20342 0.046058 0.5107 0.36783 -0.12006 0.20976 0.3726 0.61999 0.35511 0.64464 0.07718 0.19249 0.27451 0.31629 0.37511 0.3129 0.59103 -0.12809 0.023467 0.50965 0 0.14831 0.54151 -0.022774 0.24023 0.052851 0.089084 -0.039689 0.062826 0.012902 0.11479 0.32145 0.25549 -0.040227 -0.16159 0.056138 0.47556 0.47952 -0.084798 0.32115 0.36256 0.54477 0.40658 0.6133 0.17555 0.20654 0.26009 0.32587 0.32406 0.27987 0.6441 -0.12603 -0.038882 0.42093 0.77738
-0.03028 -0.13363 -0.026469 -0.024503 -0.0079422 0.039715 0.099022 -0.023675 -0.039068 -0.14306 -0.15548 -0.021905 6.3149e-05 -0.020014 0.044712 0.10715 -0.017527 -0.011189 0.67558 0.0013076 0.055864 0.057319 0.022713 0.25355 0.068198 0.1513 -0.15218 0.15247 0.088708 0.067483 -0.032319 0.27087 0.040927 -0.0065105 0.28693 0.0045214 0.29016 -0.02818 0.0058299 -0.090434 0.1016 -0.043213 -0.094666 -0.011727 0.036076 0.053389 0.60013 0.19787 0.041532 0.096995 0.21524 0.14831 0 0.018295 0.2006 0.060847 0.040122 0.28185 0.2107 0.21551 -0.14785 0.10153 0.129 0.065242 -0.029771 0.44135 0.046482 0.010705 0.42424 0.18931 0.46839 -0.06131 0.048222 -0.057948 0.15152 0.022708 -0.045059 0.040594 0.24891 0.04919 0.72167 0.19876 0.078407 0.17828 0.18151 0.13974
