0 0.33854 0.26761 0.28445 0.087802 -0.0043471 -0.089348 0.061597 0.21187 0.73639 0.41687 0.3566 0.2993 0.11623 -0.001592 -0.1011 0.043612 0.26694 -0.15543 0.23801 0.048665 -0.021122 0.022579 -0.062673 0.072091 0.14868 0.10273 0.012059 0.18362 -0.010813 -0.14883 -0.093221 0.01727 0.11565 0.066097 -0.067399 0.0043621 0.10929 0.047509 0.36628 0.051263 0.19381 0.10656 0.36276 0.035232 0.16305 -0.17201 0.342 -0.093699 -0.065191 0.028292 0.21898 -0.028947 0.27233 0.38485 -0.016504 0.0347 -0.088887 0.33984 0.23121 0.19656 -0.0018175 0.30216 -0.036845 -0.029342 0.11496 0.024188 0.1291 0.36287 0.17447 0.27566 0.12341 0.053825 0.44967 0.15605 0.30995 0.1837 0.57096 0.38421 0.17374 -0.13186 0.519 -0.0082931 -0.082025 0.038476 0.26978
0.33854 0 0.25121 0.27862 0.11483 0.0047493 -0.083511 0.075226 0.2281 0.35603 0.52577 0.27048 0.26496 0.10522 -0.014761 -0.10125 0.062069 0.2201 -0.12493 0.28085 0.020415 0.097612 0.016178 -0.071643 0.038176 0.02345 0.14214 0.073668 0.1433 0.1296 -0.037529 -0.13147 0.0063801 0.1795 0.088112 -0.079057 -0.0061691 0.23822 0.13318 0.34556 0.10753 0.19206 0.16833 0.21062 0.1527 0.119 -0.11753 0.22666 -0.054706 -0.066152 0.18146 0.29288 -0.11902 0.26796 0.047061 0.093857 0.0067908 -0.092064 0.051536 -0.023404 0.13669 0.068824 0.13282 0.085651 -0.018023 -0.11001 -0.026684 0.11521 0.15211 -0.037929 0.07476 0.26845 0.078472 0.32766 0.086845 0.19003 0.1625 0.18134 0.15892 0.057015 -0.12952 0.21932 -0.056378 -0.085868 0.16433 0.27149
0.26761 0.25121 0 0.41365 0.11467 0.033607 -0.0091446 0.15001 0.14226 0.2843 0.27786 0.5987 0.40309 0.071216 0.026688 -0.028002 0.12737 0.15497 -0.036307 0.20955 0.10246 0.0085576 0.011067 -0.045532 0.016555 0.043639 0.077634 -1.2666e-07 0.19062 0.028208 -0.010704 -0.073633 -0.031368 0.048459 0.21999 -0.010688 0.13704 0.091025 0.0038499 0.20562 0.070747 0.082939 0.17437 0.24748 0.1915 0.050647 -0.060952 0.17536 -0.05605 -0.047755 0.079167 0.18432 -0.01789 0.18027 0.10399 -0.0073464 0.030293 -0.063758 0.017303 0.021105 0.059904 0.0090764 0.16253 -0.0023568 -0.0028889 -0.080474 -0.020993 0.025757 0.20228 -0.024336 0.1466 0.097697 -0.015186 0.2047 0.087109 0.074169 0.12557 0.17115 0.15823 0.007513 -0.05885 0.18043 -0.065309 -0.056182 0.086522 0.18121
0.28445 0.27862 0.41365 0 0.2125 0.010562 -0.0074612 0.11422 0.14345 0.26484 0.28685 0.39511 0.66241 0.1342 0.0053641 -0.019265 0.10175 0.14967 -0.06413 0.31041 -0.042312 0.037232 0.0098388 -0.033037 -0.093986 0.0090208 0.0088742 0.012528 0.15226 0.049295 -0.030714 -0.16204 -0.026761 0.19491 0.17094 -0.091232 0.06611 0.12689 0.18015 0.22754 0.26893 0.041661 0.14098 0.16626 0.1744 0.11148 -0.027479 0.25191 -0.071574 -0.025953 0.13338 0.35695 -0.01218 0.29445 0.016344 0.036525 0.005263 -0.049467 -0.050546 -0.022286 0.024833 0.02099 0.15801 0.028212 -0.02424 -0.13912 0.0045668 0.15464 0.26264 -0.057044 0.16005 0.14008 0.11035 0.26143 0.25351 0.08083 0.14519 0.18343 0.19585 0.083939 -0.039298 0.30727 -0.070021 -0.061397 0.12959 0.36046
0.087802 0.11483 0.11467 0.2125 0 -0.00015952 -0.016448 0.02163 0.054432 0.10201 0.10604 0.12409 0.18088 0.048023 -0.001513 -0.025764 0.026879 0.061183 -0.019427 0.10958 -0.0016739 0.0018755 0.012186 -0.016117 -0.022964 0.0033843 -0.0047676 -0.01344 0.073852 0.0020504 -0.022858 -0.037181 -0.015242 0.022549 0.070274 0.0066247 0.054939 0.04698 0.070524 0.097123 0.085639 0.0093746 0.058468 0.074628 0.066147 0.0067985 0.0067244 0.11009 -0.0281 -0.023673 0.064429 0.14691 -0.0037541 0.1164 -0.021047 -0.0048102 -0.015242 -0.039416 -0.041801 -0.013619 -0.0067909 -0.004338 0.068146 -0.011431 -0.019119 -0.047939 -0.024302 0.024185 0.087434 -0.0069006 0.067607 0.048543 0.052751 0.081102 0.075638 -0.0012178 0.031075 0.043205 0.051055 -0.015953 -0.0047747 0.10303 -0.042241 -0.023581 0.047289 0.13428
-0.0043471 0.0047493 0.033607 0.010562 -0.00015952 0 0.17285 0.017968 0.081822 0.053414 -0.010103 0.022257 0.0010029 -0.016436 0.43639 0.18026 0.03959 0.066074 0.074906 0.04516 0.14327 0.097559 0.13374 0.23303 0.2375 0.12312 0.33017 0.15069 0.088955 0.13331 0.29749 0.20695 0.28019 0.075059 -0.021724 0.024276 -0.013617 0.090893 0.088642 0.09789 0.061706 0.25893 0.22213 -0.0019722 0.17333 0.081768 0.22479 -0.062832 0.050075 0.15534 0.12176 0.08849 0.030042 0.033572 0.01038 0.082194 0.092488 0.22478 0.1321 0.097828 0.2826 0.15476 0.024825 0.12206 0.28142 0.14271 0.23709 0.070054 -0.099599 -0.041509 -0.071834 0.069398 0.10084 0.037322 0.059842 0.21606 0.15493 -0.078043 0.083264 0.053786 0.18899 -0.092305 0.054972 0.1241 0.10301 0.059411
-0.089348 -0.083511 -0.0091446 -0.0074612 -0.016448 0.17285 0 -0.0078575 -0.0062917 -0.043933 -0.10882 -0.03729 -0.032258 -0.027841 0.17998 0.26043 -0.0093659 -0.034869 0.15706 -0.033527 0.055582 0.026204 0.07806 0.19104 0.071795 0.13262 -0.0033099 0.082808 0.022427 0.045333 0.16616 0.16686 0.072149 0.014599 0.033105 0.076684 0.080324 -0.010085 0.047258 -0.12356 0.06881 -0.036822 0.0034186 -0.1248 0.068386 0.029042 0.23464 -0.053841 0.039278 0.13768 0.018989 0.038448 0.09478 -0.046957 -0.052219 0.018123 0.030811 0.16745 -0.026418 0.084832 -0.029194 0.073304 -0.017875 0.039769 0.093796 0.09411 0.061077 0.023286 -0.045352 -0.012322 -0.01168 -0.026275 0.057376 -0.13604 0.071103 -0.055279 -0.01902 -0.17987 -0.010372 0.037719 0.18967 -0.1194 0.027911 0.11087 0.005409 0.0043992
0.061597 0.075226 0.15001 0.11422 0.02163 0.017968 -0.0078575 0 0.055826 0.042863 0.080564 0.13283 0.11019 0.014382 0.030047 0.00031847 0.10985 0.06507 -0.039127 0.091511 -0.059343 0.020758 0.00099349 -0.01006 -0.043223 -0.019782 0.054376 0.01852 0.024221 0.010775 0.06329 -0.058912 0.02141 0.049827 -0.021282 -0.079607 -0.071085 0.048131 0.024162 0.071068 0.017111 0.04315 0.11049 0.0031326 0.010877 0.009478 0.0026238 0.0069285 -0.010649 0.0005606 0.047681 0.083527 -0.023885 0.076012 -0.03715 0.023235 -0.0038301 -0.0043169 -0.019149 0.004004 0.064575 0.033264 0.033305 0.0035221 0.060626 -0.04211 0.0091573 0.047242 0.0047284 -0.080726 -0.008806 0.051993 0.014078 0.076079 0.033066 0.05443 0.096914 0.021363 0.035445 0.0077584 0.011026 0.056315 -0.01368 0.0016268 0.055873 0.087615
0.21187 0.2281 0.14226 0.14345 0.054432 0.081822 -0.0062917 0.055826 0 0.22651 0.24125 0.13216 0.13592 0.057429 0.069714 -0.023226 0.053221 0.20197 -0.051434 0.17153 -0.0023966 0.069752 0.016479 0.00097261 0.022212 -0.0034292 0.13042 0.023754 0.077062 0.098389 0.018224 -0.060876 0.062265 0.12029 0.026817 -0.06346 -0.018714 0.17338 0.099046 0.19388 0.066713 0.15059 0.13928 0.10156 0.073414 0.052351 -0.00073149 0.11478 -0.039213 -0.023712 0.13002 0.18714 -0.032751 0.17694 0.041901 0.0623 0.02293 -0.017176 0.054516 0.0086488 0.15083 0.017771 0.092706 0.086893 0.057328 -0.017959 0.031987 0.079223 0.085701 -0.033271 0.041262 0.17943 0.075487 0.18997 0.06419 0.1733 0.14267 0.11117 0.12717 0.020744 -0.0039106 0.15393 -0.035909 -0.010485 0.12545 0.1828
0.73639 0.35603 0.2843 0.26484 0.10201 0.053414 -0.043933 0.042863 0.22651 0 0.33361 0.28267 0.22829 0.10275 0.04016 -0.059649 0.036983 0.23678 -0.080997 0.2403 0.20916 0.017306 0.045698 -0.09143 0.17623 0.21326 0.13874 -0.056413 0.19134 0.013394 -0.027189 0.041687 0.037732 0.19764 0.19309 0.082535 0.16761 0.12961 0.26414 0.31098 0.2666 0.21201 0.093488 0.42326 0.25675 0.2398 -0.12134 0.37415 -0.026968 -0.0059588 0.035086 0.22331 -0.12623 0.18517 0.10683 0.010789 0.026116 -0.096451 0.098704 0.12559 0.10016 -0.023422 0.10252 0.0090384 -0.018329 0.017312 0.026591 0.13151 0.15089 0.034528 0.058712 0.14216 0.1416 0.27496 0.1621 0.14137 0.069601 0.22738 0.10613 0.10294 -0.10694 0.34775 -0.043761 -0.053975 0.050024 0.19762
0.41687 0.52577 0.27786 0.28685 0.10604 -0.010103 -0.10882 0.080564 0.24125 0.33361 0 0.33293 0.31503 0.1195 -0.027726 -0.1155 0.099359 0.26162 -0.20266 0.31089 -0.034917 0.076847 0.0088393 -0.094359 -0.0023331 -0.036698 0.14862 0.05101 0.12777 0.10522 -0.066487 -0.2063 0.0089072 0.13372 0.012295 -0.15302 -0.071511 0.23822 0.061049 0.35925 0.057483 0.20167 0.19711 0.20253 0.076314 0.079339 -0.17125 0.22135 -0.091708 -0.087803 0.17822 0.28791 -0.14271 0.31716 0.13355 0.085883 0.0018453 -0.12166 0.13043 -0.02877 0.19889 0.03214 0.18509 0.063823 -0.013334 -0.092464 -0.0096081 0.13355 0.22732 -0.01849 0.14707 0.27571 0.042124 0.40962 0.099493 0.26711 0.21265 0.30078 0.25518 0.054588 -0.15108 0.30923 -0.050115 -0.11507 0.17937 0.3119
0.3566 0.27048 0.5987 0.39511 0.12409 0.022257 -0.03729 0.13283 0.13216 0.28267 0.33293 0 0.4249 0.090239 0.021096 -0.024373 0.15232 0.15396 -0.07896 0.21435 0.052759 -0.022185 -0.0059609 -0.063707 -0.013395 0.020732 0.079648 0.0060472 0.18573 0.0015584 -0.049687 -0.13631 -0.031676 0.035845 0.1871 -0.047219 0.11217 0.085813 -0.0013432 0.2304 0.052212 0.067612 0.17645 0.22817 0.11596 0.062523 -0.093911 0.17704 -0.087594 -0.067831 0.070806 0.18983 -0.017283 0.24161 0.1761 -0.043389 0.022369 -0.080054 0.07087 0.04808 0.083664 -0.0070424 0.23065 -0.024054 -0.0014613 -0.059721 -0.00054982 0.04034 0.28208 0.045871 0.23199 0.093107 -0.049764 0.27035 0.076168 0.11714 0.191 0.27753 0.22657 0.023555 -0.082988 0.23839 -0.060135 -0.058024 0.063722 0.22182
0.2993 0.26496 0.40309 0.66241 0.18088 0.0010029 -0.032258 0.11019 0.13592 0.22829 0.31503 0.4249 0 0.15268 0.0042922 -0.010408 0.12374 0.15973 -0.068056 0.28948 -0.043991 0.032456 0.013087 -0.042171 -0.098755 -0.0073816 -0.0066676 0.027914 0.14653 0.041668 -0.068252 -0.17402 -0.027614 0.1661 0.14947 -0.10633 0.056957 0.12731 0.11098 0.23247 0.21404 0.0232 0.12491 0.15068 0.13665 0.096244 -0.04924 0.23572 -0.086425 -0.052081 0.12667 0.32986 0.013405 0.30277 0.026581 0.024639 0.013199 -0.039884 -0.048527 0.012859 0.0076602 0.027858 0.18938 0.020687 -0.04003 -0.1336 -0.010439 0.15968 0.2909 -0.044334 0.19383 0.14035 0.11247 0.26555 0.2823 0.07568 0.14097 0.20158 0.20455 0.085869 -0.01221 0.32257 -0.093154 -0.056559 0.13141 0.38883
0.11623 0.10522 0.071216 0.1342 0.048023 -0.016436 -0.027841 0.014382 0.057429 0.10275 0.1195 0.090239 0.15268 0 -0.0094698 -0.031026 0.0086013 0.095855 -0.027772 0.1385 -0.042985 0.020446 0.01294 -0.026259 -0.027978 -0.024915 0.016802 -0.016478 0.036599 0.017537 -0.028309 -0.061454 -0.0010223 0.063607 0.024392 -0.047162 -0.01041 0.062301 0.067914 0.094819 0.069584 0.043999 0.058922 0.048506 0.051825 0.016566 -0.017195 0.088516 -0.043177 -0.01484 0.079998 0.12787 -0.015379 0.11206 0.0024464 0.019323 0.0030862 -0.027254 -0.0045396 -0.015635 0.03247 -0.015959 0.03241 0.020187 -0.012099 -0.037152 -0.0072001 0.072598 0.080847 -0.033918 0.055251 0.074687 0.071343 0.095898 0.087554 0.054058 0.074678 0.066742 0.096431 0.0035365 -0.016815 0.12216 -0.028122 -0.02949 0.069902 0.14367
-0.001592 -0.014761 0.026688 0.0053641 -0.001513 0.43639 0.17998 0.030047 0.069714 0.04016 -0.027726 0.021096 0.0042922 -0.0094698 0 0.22296 0.038709 0.06313 0.062834 0.046526 0.1284 0.086004 0.1145 0.24086 0.21341 0.11797 0.30866 0.142 0.094158 0.11583 0.30366 0.16934 0.27619 0.079332 -0.0245 -0.012983 -0.03728 0.074503 0.079542 0.077868 0.066781 0.24152 0.23 -0.024145 0.1615 0.077052 0.21803 -0.070931 0.032998 0.13615 0.10001 0.091677 0.038197 0.050095 0.058451 0.080529 0.10756 0.23753 0.15435 0.13881 0.2945 0.13195 0.063007 0.10925 0.26674 0.15678 0.28282 0.069047 -0.065984 -0.043518 -0.04972 0.064561 0.11369 0.062936 0.064384 0.23453 0.17475 -0.052644 0.11156 0.075051 0.21103 -0.062747 0.037098 0.14519 0.103 0.087606
-0.1011 -0.10125 -0.028002 -0.019265 -0.025764 0.18026 0.26043 0.00031847 -0.023226 -0.059649 -0.1155 -0.024373 -0.010408 -0.031026 0.22296 0 0.01944 -0.011388 0.12046 -0.028181 0.051261 0.023478 0.079304 0.17982 0.049056 0.12349 -0.011811 0.041311 0.022078 0.036053 0.13724 0.12628 0.097231 0.019447 0.018893 0.041016 0.055564 -0.050343 0.035041 -0.11152 0.072031 -0.035396 0.0089544 -0.1098 0.047427 0.032852 0.20273 -0.056626 0.038576 0.11039 0.017046 0.033097 0.10235 -0.033642 -0.012726 0.013988 0.048534 0.19197 -0.0052837 0.12774 -0.030801 0.03635 0.00038597 0.031499 0.10591 0.095394 0.10352 0.024812 -0.0072824 -0.0034453 0.027378 -0.059369 0.054889 -0.1268 0.079311 -0.048849 -0.024081 -0.13609 0.000409 0.042344 0.20939 -0.079168 0.025993 0.1344 0.00522 0.028321
0.043612 0.062069 0.12737 0.10175 0.026879 0.03959 -0.0093659 0.10985 0.053221 0.036983 0.099359 0.15232 0.12374 0.0086013 0.038709 0.01944 0 0.070338 -0.029563 0.090927 -0.050163 0.031979 0.015421 -0.0059425 -0.015273 -0.034793 0.077952 0.030388 0.020695 0.033784 0.052178 -0.070101 0.0093647 0.032892 -0.020312 -0.077842 -0.059095 0.047282 0.0054477 0.069062 -0.0052064 0.071226 0.12219 -0.0079331 0.02206 0.0073243 0.0070627 -0.025124 -0.012225 -0.014661 0.041567 0.06099 -0.019289 0.078747 -0.036049 0.030643 0.0039474 0.016377 -0.019167 -0.01707 0.066746 0.025824 0.026519 0.024452 0.04713 -0.043705 0.021941 0.039279 -0.0085507 -0.099911 -0.025607 0.050468 -0.0034367 0.074176 0.0007359 0.070597 0.1184 0.020036 0.018212 0.0074097 0.016296 0.018617 -0.018377 -0.0034019 0.045421 0.071309
0.26694 0.2201 0.15497 0.14967 0.061183 0.066074 -0.034869 0.06507 0.20197 0.23678 0.26162 0.15396 0.15973 0.095855 0.06313 -0.011388 0.070338 0 -0.060507 0.17623 0.028055 0.051579 0.034603 0.0022118 0.050372 0.026647 0.11953 0.024752 0.097659 0.086686 0.01169 -0.031731 0.067199 0.097648 0.023622 -0.05107 -0.0054174 0.16243 0.083298 0.19084 0.059289 0.15491 0.13524 0.12068 0.08002 0.058504 0.015038 0.14476 -0.04267 0.025863 0.17322 0.19679 -0.0083437 0.18768 0.096932 0.06269 0.023139 0.0020402 0.10013 0.033695 0.14566 0.031061 0.11496 0.076794 0.059906 0.012386 0.051279 0.11028 0.12092 0.013566 0.090101 0.18 0.076729 0.2064 0.083675 0.18874 0.14003 0.15409 0.16203 0.053406 0.02029 0.18411 -0.0067483 -0.0050637 0.13972 0.21982
-0.15543 -0.12493 -0.036307 -0.06413 -0.019427 0.074906 0.15706 -0.039127 -0.051434 -0.080997 -0.20266 -0.07896 -0.068056 -0.027772 0.062834 0.12046 -0.029563 -0.060507 0 -0.058145 0.24066 0.032044 0.043424 0.26031 0.21606 0.27785 -0.1605 0.095908 0.068788 0.060718 0.022454 0.58214 0.0030954 -0.039909 0.50835 0.22124 0.55244 -0.04814 0.044926 -0.12366 0.14908 -0.062472 -0.14405 -0.0058228 0.18423 0.046314 0.75298 0.19294 0.1128 0.16995 0.18524 0.11577 0.69903 -0.070638 0.055787 0.0099638 0.025545 0.22356 0.052088 0.20347 -0.19479 0.092978 0.020197 0.056121 -0.053223 0.36016 0.032296 -0.0097824 0.23315 0.19042 0.27289 -0.083922 0.1018 -0.18985 0.1137 -0.12333 -0.12801 -0.095072 0.049496 0.032329 0.65163 0.024297 0.080384 0.1752 0.18203 0.083695
0.23801 0.28085 0.20955 0.31041 0.10958 0.04516 -0.033527 0.091511 0.17153 0.2403 0.31089 0.21435 0.28948 0.1385 0.046526 -0.028181 0.090927 0.17623 -0.058145 0 -0.11788 0.15881 0.048575 0.012897 -0.11933 -0.014462 0.011094 0.01413 0.21372 0.1784 -0.089272 -0.28335 0.014252 0.41751 0.18747 -0.21509 0.010179 0.2724 0.33209 0.43023 0.40871 0.092099 0.28732 0.26675 0.34192 0.26185 0.04649 0.39202 -0.13518 -0.050348 0.29289 0.57835 0.024986 0.60016 -0.092661 0.16501 0.0059767 -0.002015 -0.10199 0.00072338 0.061308 0.019207 0.19079 0.14875 -0.042138 -0.25305 0.026176 0.38565 0.30029 -0.23384 0.11451 0.27032 0.28234 0.44886 0.39904 0.16477 0.28931 0.24025 0.31189 0.20516 0.049973 0.46383 -0.1629 -0.091157 0.24958 0.5682
0.048665 0.020415 0.10246 -0.042312 -0.0016739 0.14327 0.055582 -0.059343 -0.0023966 0.20916 -0.034917 0.052759 -0.043991 -0.042985 0.1284 0.051261 -0.050163 0.028055 0.24066 -0.11788 0 -0.13659 0.069812 0.21352 0.69283 0.55075 0.1739 0.016058 0.26498 -0.07422 0.11372 0.49337 0.15595 -0.11347 0.55584 0.46288 0.5522 -0.11381 -0.04973 0.091301 0.098661 0.26324 -0.039062 0.67585 0.38277 0.35481 0.10291 0.40929 0.022759 0.017929 -0.01012 -0.052416 0.083521 -0.10228 0.66009 -0.17591 0.06866 0.14178 0.50825 0.32858 0.047221 0.043075 0.1153 -0.066419 0.064442 0.35503 0.12152 -0.092888 0.29136 0.38042 0.2462 -0.1192 -0.021871 -0.015343 0.036023 0.1302 -0.11203 0.28479 0.10981 0.17686 0.082534 0.10034 0.08102 0.029448 -0.0073449 -0.091386
-0.021122 0.097612 0.0085576 0.037232 0.0018755 0.097559 0.026204 0.020758 0.069752 0.017306 0.076847 -0.022185 0.032456 0.020446 0.086004 0.023478 0.031979 0.051579 0.032044 0.15881 -0.13659 0 0.01156 0.31074 0.086864 -0.1558 0.16673 0.2079 0.040865 0.92669 0.023906 -0.15337 0.16241 0.3764 -0.094351 -0.16934 -0.14886 0.88558 0.32408 0.085466 0.2749 0.33672 0.078204 -0.0077029 0.089201 0.65531 0.15205 0.010891 -0.022633 0.011664 0.19706 0.22966 0.066085 0.14467 -0.24433 0.97623 0.0074238 0.35119 -0.023888 -0.094748 0.20895 0.26384 -0.010889 0.9159 -0.004292 -0.19343 0.17078 0.34617 -0.13913 -0.23891 -0.17665 0.85033 0.36448 0.080162 0.28955 0.36033 0.083158 -0.087685 0.0029015 0.59028 0.13848 0.031108 -0.0684 0.012253 0.16296 0.20199
0.022579 0.016178 0.011067 0.0098388 0.012186 0.13374 0.07806 0.00099349 0.016479 0.045698 0.0088393 -0.0059609 0.013087 0.01294 0.1145 0.079304 0.015421 0.034603 0.043424 0.048575 0.069812 0.01156 0 0.16503 0.10839 0.14642 0.055716 0.043462 0.09571 0.038961 0.093308 0.10855 0.10219 0.022212 0.065352 0.040639 0.071544 0.016901 0.039291 0.04306 0.051917 0.040903 0.06206 0.041423 0.070622 0.083443 0.11115 0.062312 0.027454 0.10624 0.052159 0.09956 0.023057 0.025738 0.038847 0.001114 0.053051 0.13868 0.076345 0.12043 0.056179 0.028967 0.060781 0.036195 0.085828 0.076424 0.086245 -0.0016383 0.057732 0.017661 0.050811 0.0083244 0.031627 0.031049 0.043504 0.057361 0.037271 -0.0054905 0.047744 0.072302 0.082118 0.039089 0.016609 0.049175 0.030197 0.089582
-0.062673 -0.071643 -0.045532 -0.033037 -0.016117 0.23303 0.19104 -0.01006 0.00097261 -0.09143 -0.094359 -0.063707 -0.042171 -0.026259 0.24086 0.17982 -0.0059425 0.0022118 0.26031 0.012897 0.21352 0.31074 0.16503 0 0.3757 0.36616 0.08153 0.58079 0.10012 0.5236 0.18678 0.22802 0.3442 0.072185 0.13273 0.060258 0.10532 0.28379 0.065122 -0.066523 0.10786 0.10854 0.04122 -0.0047012 0.094182 0.49665 0.3346 -0.0044073 0.066541 0.16033 0.10288 0.1269 0.24919 0.035378 0.082073 0.28285 0.11932 0.83327 0.26095 0.38198 0.090297 0.54326 0.081397 0.5259 0.15514 0.22203 0.36571 0.082017 0.10931 0.0011752 0.14253 0.21189 0.11914 -0.054183 0.13228 0.16401 0.037253 -0.048355 0.065538 0.50298 0.27202 -0.028611 0.062753 0.14586 0.075494 0.08372
0.072091 0.038176 0.016555 -0.093986 -0.022964 0.2375 0.071795 -0.043223 0.022212 0.17623 -0.0023331 -0.013395 -0.098755 -0.027978 0.21341 0.049056 -0.015273 0.050372 0.21606 -0.11933 0.69283 0.086864 0.10839 0.3757 0 0.49678 0.53138 0.16737 0.16059 0.15196 0.30234 0.63351 0.4175 -0.065824 0.21627 0.34386 0.22681 0.050533 -0.091893 0.1975 -0.13904 0.68876 0.12112 0.49469 0.31861 0.3667 0.12197 0.19037 0.15183 0.11644 0.009825 -0.090064 0.088133 -0.11415 0.4882 0.018998 0.076149 0.29176 0.76718 0.34302 0.42966 0.16243 0.058565 0.14155 0.27337 0.56031 0.3487 -0.061392 0.072548 0.24116 0.10943 0.030407 -0.074591 0.081958 -0.14234 0.52629 0.052866 0.18538 0.16734 0.2081 0.0975 0.016291 0.22912 0.14189 0.016208 -0.1238
0.14868 0.02345 0.043639 0.0090208 0.0033843 0.12312 0.13262 -0.019782 -0.0034292 0.21326 -0.036698 0.020732 -0.0073816 -0.024915 0.11797 0.12349 -0.034793 0.026647 0.27785 -0.014462 0.55075 -0.1558 0.14642 0.36616 0.49678 0 -0.028818 0.12335 0.23995 -0.094016 0.069164 0.48331 0.10642 -0.074979 0.43303 0.39714 0.47546 -0.14919 -0.032306 0.022813 0.098608 -0.044377 -0.071244 0.38293 0.21428 0.34109 0.19459 0.42553 0.026648 0.13397 -0.0075212 0.0793 0.16152 -0.0036704 0.33922 -0.18347 0.10075 0.27803 0.32606 0.5913 -0.11432 0.089523 0.13932 -0.088767 -0.0024948 0.35666 0.049381 -0.083997 0.28406 0.26993 0.33629 -0.1672 -0.04459 -0.0091935 0.028338 -0.066977 -0.096571 0.13288 0.048805 0.24711 0.14563 0.21852 0.050895 0.099741 -0.0096853 0.03377
0.10273 0.14214 0.077634 0.0088742 -0.0047676 0.33017 -0.0033099 0.054376 0.13042 0.13874 0.14862 0.079648 -0.0066676 0.016802 0.30866 -0.011811 0.077952 0.11953 -0.1605 0.011094 0.1739 0.16673 0.055716 0.08153 0.53138 -0.028818 0 0.062821 0.042279 0.16684 0.49049 0.20428 0.39237 0.087369 -0.23161 -0.052531 -0.263 0.19489 0.055994 0.42061 -0.12902 0.81664 0.45901 0.097524 0.23247 0.015382 0.0087443 -0.15651 0.12026 0.046016 0.13648 -0.019264 -0.15487 0.012184 0.055723 0.1327 0.056363 0.071788 0.34581 -0.045658 0.7744 0.083761 -0.019399 0.15364 0.46249 0.21483 0.31577 0.066454 -0.29698 -0.11711 -0.25186 0.2159 0.078679 0.29644 -0.10659 0.70938 0.34074 -0.025797 0.17339 -0.066684 0.022829 -0.16341 0.11992 0.060215 0.11321 -0.040666
0.012059 0.073668 -1.2666e-07 0.012528 -0.01344 0.15069 0.082808 0.01852 0.023754 -0.056413 0.05101 0.0060472 0.027914 -0.016478 0.142 0.041311 0.030388 0.024752 0.095908 0.01413 0.016058 0.2079 0.043462 0.58079 0.16737 0.12335 0.062821 0 0.057172 0.42634 0.1357 0.067341 0.082019 0.028734 0.025606 0.02216 0.038027 0.34271 -0.0011172 0.021688 0.043991 0.021948 0.078392 -0.059008 0.010206 0.29568 0.16946 -0.10875 0.033557 0.061418 0.11351 0.10683 0.15791 0.049962 0.00044865 0.21163 0.041638 0.58715 0.1172 0.19149 0.054366 0.96005 0.095019 0.34659 0.10322 0.093782 0.10578 0.025336 0.094193 0.010104 0.10456 0.32311 0.074169 0.024662 0.091352 0.053544 0.074031 -0.040737 0.026893 0.34477 0.13942 -0.021078 0.047321 0.059103 0.092058 0.10693
0.18362 0.1433 0.19062 0.15226 0.073852 0.088955 0.022427 0.024221 0.077062 0.19134 0.12777 0.18573 0.14653 0.036599 0.094158 0.022078 0.020695 0.097659 0.068788 0.21372 0.26498 0.040865 0.09571 0.10012 0.16059 0.23995 0.042279 0.057172 0 0.049238 0.056709 0.080231 0.056205 0.061407 0.41839 0.28993 0.46749 0.098244 0.031168 0.2604 0.12034 0.092427 0.20943 0.43044 0.28774 0.17582 0.09015 0.37877 -0.041202 0.055824 0.14459 0.33132 0.099936 0.20839 0.23176 0.02105 0.058189 0.07142 0.14766 0.166 0.0014517 0.05578 0.39747 0.036518 0.053715 0.07177 0.017578 0.038548 0.38204 0.23623 0.43895 0.087123 0.032819 0.20175 0.10749 0.078807 0.16937 0.27096 0.23153 0.080693 0.083874 0.28278 0.0016278 0.0046326 0.13258 0.32476
-0.010813 0.1296 0.028208 0.049295 0.0020504 0.13331 0.045333 0.010775 0.098389 0.013394 0.10522 0.0015584 0.041668 0.017537 0.11583 0.036053 0.033784 0.086686 0.060718 0.1784 -0.07422 0.92669 0.038961 0.5236 0.15196 -0.094016 0.16684 0.42634 0.049238 0 0.050631 -0.12764 0.23521 0.37464 -0.061343 -0.15984 -0.09673 0.92288 0.347 0.10372 0.2703 0.30389 0.090786 -0.0010758 0.077965 0.67739 0.1911 0.03986 -0.010289 0.010398 0.26434 0.26971 0.069027 0.15886 -0.16726 0.917 0.018571 0.52561 0.051918 -0.010824 0.21117 0.45481 0.025214 0.94323 0.019768 -0.14253 0.2462 0.33656 -0.053776 -0.20441 -0.10102 0.88727 0.38656 0.10835 0.29138 0.35479 0.092705 -0.058954 0.021578 0.6344 0.164 0.09601 -0.046681 -0.00025952 0.22299 0.24077
-0.14883 -0.037529 -0.010704 -0.030714 -0.022858 0.29749 0.16616 0.06329 0.018224 -0.027189 -0.066487 -0.049687 -0.068252 -0.028309 0.30366 0.13724 0.052178 0.01169 0.022454 -0.089272 0.11372 0.023906 0.093308 0.18678 0.30234 0.069164 0.49049 0.1357 0.056709 0.050631 0 0.35802 0.27386 -0.004015 -0.14579 0.077211 -0.09599 0.01632 0.02116 -0.016499 -0.057697 0.37014 0.3799 -0.21211 0.25036 -0.06817 0.1972 -0.28883 0.25661 0.18272 0.039523 -0.068748 -0.05419 -0.11524 -0.14709 0.011301 0.042033 0.19557 0.058044 0.025465 0.36067 0.15318 -0.082107 0.04599 0.55842 0.22973 0.22091 -0.010024 -0.32295 -0.093107 -0.25032 6.3569e-05 0.051642 -0.11667 -0.065718 0.19743 0.21775 -0.36541 0.023002 -0.086314 0.15841 -0.32664 0.21871 0.16646 0.032388 -0.10072
-0.093221 -0.13147 -0.073633 -0.16204 -0.037181 0.20695 0.16686 -0.058912 -0.060876 0.041687 -0.2063 -0.13631 -0.17402 -0.061454 0.16934 0.12628 -0.070101 -0.031731 0.58214 -0.28335 0.49337 -0.15337 0.10855 0.22802 0.63351 0.48331 0.20428 0.067341 0.080231 -0.12764 0.35802 0 0.15129 -0.24255 0.24348 0.5833 0.37813 -0.19829 -0.14817 -0.095524 -0.16407 0.22042 -0.020411 0.024575 0.31655 -0.11243 0.41268 0.083585 0.29212 0.28881 -0.067062 -0.19685 0.27155 -0.28978 0.20304 -0.1971 0.081939 0.1729 0.32672 0.3261 0.049289 0.066518 -0.032549 -0.1092 0.20648 0.76441 0.090697 -0.21722 -0.071775 0.41693 0.03995 -0.22356 -0.11729 -0.22134 -0.19491 -0.022628 -0.10823 -0.20703 0.05273 -0.13045 0.30503 -0.1857 0.32337 0.28257 -0.048114 -0.21639
0.01727 0.0063801 -0.031368 -0.026761 -0.015242 0.28019 0.072149 0.02141 0.062265 0.037732 0.0089072 -0.031676 -0.027614 -0.0010223 0.27619 0.097231 0.0093647 0.067199 0.0030954 0.014252 0.15595 0.16241 0.10219 0.3442 0.4175 0.10642 0.39237 0.082019 0.056205 0.23521 0.27386 0.15129 0 0.10273 -0.054305 -0.032539 -0.086184 0.14612 0.051924 0.068036 -0.038772 0.44528 0.21331 0.060669 0.1364 0.13776 0.15122 -0.06807 0.046146 0.096968 0.093193 0.044521 0.035661 0.0086064 0.11593 0.13309 0.069216 0.30006 0.31943 0.11003 0.39358 0.079953 0.02005 0.23287 0.28005 0.18469 0.45457 0.084523 -0.075088 -0.027799 -0.03771 0.12267 0.042489 0.053826 -0.026882 0.42406 0.16286 0.0057269 0.13986 0.088828 0.14188 -0.075866 0.087677 0.10849 0.062479 0.0090853
0.11565 0.1795 0.048459 0.19491 0.022549 0.075059 0.014599 0.049827 0.12029 0.19764 0.13372 0.035845 0.1661 0.063607 0.079332 0.019447 0.032892 0.097648 -0.039909 0.41751 -0.11347 0.3764 0.022212 0.072185 -0.065824 -0.074979 0.087369 0.028734 0.061407 0.37464 -0.004015 -0.24255 0.10273 0 0.1001 -0.22781 -0.034029 0.42958 0.5705 0.28864 0.62451 0.22239 0.11332 0.13821 0.34306 0.38265 0.1454 0.35221 -0.077854 -0.02132 0.3781 0.50554 -0.00036532 0.36508 -0.12637 0.35723 -0.0026963 0.06729 -0.091807 -0.074925 0.11432 0.022458 0.030883 0.34629 -0.026541 -0.2488 0.13794 0.81145 0.15264 -0.24235 0.03936 0.40607 0.49425 0.33848 0.56974 0.27749 0.092781 0.10854 0.27055 0.3019 0.14932 0.40963 -0.10785 -0.044622 0.33926 0.47438
0.066097 0.088112 0.21999 0.17094 0.070274 -0.021724 0.033105 -0.021282 0.026817 0.19309 0.012295 0.1871 0.14947 0.024392 -0.0245 0.018893 -0.020312 0.023622 0.50835 0.18747 0.55584 -0.094351 0.065352 0.13273 0.21627 0.43303 -0.23161 0.025606 0.41839 -0.061343 -0.14579 0.24348 -0.054305 0.1001 0 0.40693 0.85137 -0.027494 0.058855 0.070872 0.33636 -0.11936 -0.093909 0.53678 0.51031 0.2354 0.28718 0.6149 -0.043983 0.025961 0.13043 0.35722 0.30597 0.18459 0.35089 -0.11707 0.027507 0.070173 0.10455 0.21248 -0.29454 0.023617 0.28387 -0.061998 -0.18711 0.077707 -0.051401 0.088685 0.67165 0.28892 0.60782 -0.051387 0.061527 0.0088486 0.27683 -0.16246 -0.10787 0.20721 0.26835 0.13659 0.22785 0.4079 -0.034242 -0.017969 0.13007 0.31873
-0.067399 -0.079057 -0.010688 -0.091232 0.0066247 0.024276 0.076684 -0.079607 -0.06346 0.082535 -0.15302 -0.047219 -0.10633 -0.047162 -0.012983 0.041016 -0.077842 -0.05107 0.22124 -0.21509 0.46288 -0.16934 0.040639 0.060258 0.34386 0.39714 -0.052531 0.02216 0.28993 -0.15984 0.077211 0.5833 -0.032539 -0.22781 0.40693 0 0.623 -0.15885 -0.14921 -0.12556 -0.082117 -0.10379 -0.16682 0.1937 0.2008 -0.080137 0.047373 0.17069 0.1526 0.095266 -0.068137 -0.11547 0.0094977 -0.21317 0.17093 -0.18728 0.047769 0.030286 0.084255 0.19694 -0.21491 0.022054 0.11763 -0.15405 -0.024625 0.27388 -0.038612 -0.19687 0.10541 0.55296 0.23454 -0.17456 -0.11151 -0.22332 -0.10259 -0.29581 -0.23291 -0.14443 -0.11915 -0.13244 0.012421 -0.054134 0.12459 0.085449 -0.055179 -0.11785
0.0043621 -0.0061691 0.13704 0.06611 0.054939 -0.013617 0.080324 -0.071085 -0.018714 0.16761 -0.071511 0.11217 0.056957 -0.01041 -0.03728 0.055564 -0.059095 -0.0054174 0.55244 0.010179 0.5522 -0.14886 0.071544 0.10532 0.22681 0.47546 -0.263 0.038027 0.46749 -0.09673 -0.09599 0.37813 -0.086184 -0.034029 0.85137 0.623 0 -0.092318 -0.043775 -0.051842 0.22722 -0.24893 -0.20037 0.41649 0.34032 0.12888 0.2663 0.51269 0.028243 0.048209 0.028342 0.20346 0.31172 -0.029274 0.31061 -0.16562 0.053523 0.042566 0.0074326 0.2458 -0.35464 0.028526 0.28353 -0.10551 -0.17247 0.12018 -0.089637 -0.029732 0.52878 0.48782 0.60192 -0.11119 -0.0037405 -0.13793 0.14374 -0.33564 -0.22184 0.083072 0.01717 0.041467 0.19223 0.23012 -0.028249 0.0099272 0.048849 0.17238
0.10929 0.23822 0.091025 0.12689 0.04698 0.090893 -0.010085 0.048131 0.17338 0.12961 0.23822 0.085813 0.12731 0.062301 0.074503 -0.050343 0.047282 0.16243 -0.04814 0.2724 -0.11381 0.88558 0.016901 0.28379 0.050533 -0.14919 0.19489 0.34271 0.098244 0.92288 0.01632 -0.19829 0.14612 0.42958 -0.027494 -0.15885 -0.092318 0 0.419 0.23129 0.3369 0.3357 0.13521 0.040722 0.11157 0.57471 0.08856 0.11757 -0.048282 -0.028832 0.32265 0.35912 -0.020297 0.26198 -0.16087 0.84919 0.0079627 0.29382 0.0020967 -0.078487 0.24019 0.3968 0.081022 0.88294 0.010775 -0.20152 0.15338 0.39406 -0.0023498 -0.17512 -0.065314 0.96867 0.45027 0.24611 0.3699 0.3727 0.14921 0.02518 0.080607 0.52805 0.066108 0.23492 -0.061393 -0.05227 0.28809 0.34886
0.047509 0.13318 0.0038499 0.18015 0.070524 0.088642 0.047258 0.024162 0.099046 0.26414 0.061049 -0.0013432 0.11098 0.067914 0.079542 0.035041 0.0054477 0.083298 0.044926 0.33209 -0.04973 0.32408 0.039291 0.065122 -0.091893 -0.032306 0.055994 -0.0011172 0.031168 0.347 0.02116 -0.14817 0.051924 0.5705 0.058855 -0.14921 -0.043775 0.419 0 0.11161 0.8968 0.096852 0.033585 0.045241 0.3404 0.42526 0.2697 0.41857 -0.020351 0.027798 0.48845 0.60922 0.012428 0.28766 -0.1823 0.30204 -0.0025105 0.063316 -0.16256 -0.070902 0.03292 -0.00014963 -0.022235 0.32071 -0.016315 -0.22446 0.071813 0.50564 0.042357 -0.2253 -0.10716 0.38669 0.90034 0.13165 0.78889 0.10274 -0.00044671 -0.062047 0.16396 0.32999 0.2364 0.38213 -0.098554 -0.026027 0.41114 0.50634
0.36628 0.34556 0.20562 0.22754 0.097123 0.09789 -0.12356 0.071068 0.19388 0.31098 0.35925 0.2304 0.23247 0.094819 0.077868 -0.11152 0.069062 0.19084 -0.12366 0.43023 0.091301 0.085466 0.04306 -0.066523 0.1975 0.022813 0.42061 0.021688 0.2604 0.10372 -0.016499 -0.095524 0.068036 0.28864 0.070872 -0.12556 -0.051842 0.23129 0.11161 0 0.09367 0.53534 0.37296 0.4428 0.28616 0.16702 -0.079813 0.35591 -0.081087 -0.055792 0.20813 0.36137 -0.070724 0.39786 0.15956 0.087309 0.040314 -0.07008 0.24937 0.047353 0.42057 0.027367 0.24897 0.060671 0.088854 -0.00034769 0.032922 0.23322 0.18565 -0.080045 0.10464 0.24896 0.095352 0.70097 0.12066 0.51001 0.3482 0.43922 0.34519 0.070112 -0.056524 0.37951 -0.085945 -0.091751 0.20141 0.37805
0.051263 0.10753 0.070747 0.26893 0.085639 0.061706 0.06881 0.017111 0.066713 0.2666 0.057483 0.052212 0.21404 0.069584 0.066781 0.072031 -0.0052064 0.059289 0.14908 0.40871 0.098661 0.2749 0.051917 0.10786 -0.13904 0.098608 -0.12902 0.043991 0.12034 0.2703 -0.057697 -0.16407 -0.038772 0.62451 0.33636 -0.082117 0.22722 0.3369 0.8968 0.09367 0 -0.082424 -0.011581 0.13984 0.51787 0.49327 0.28783 0.55515 -0.054187 0.0035578 0.417 0.63608 0.11398 0.35703 -0.083354 0.24808 -0.00157 0.097511 -0.234 -0.0062051 -0.14566 0.05575 0.063299 0.25888 -0.11105 -0.26188 0.023355 0.58319 0.29903 -0.19621 0.081442 0.31051 0.81544 0.11631 0.91387 -0.0291 -0.037419 0.0094372 0.30594 0.428 0.25522 0.483 -0.12971 -0.041407 0.3408 0.55582
0.19381 0.19206 0.082939 0.041661 0.0093746 0.25893 -0.036822 0.04315 0.15059 0.21201 0.20167 0.067612 0.0232 0.043999 0.24152 -0.035396 0.071226 0.15491 -0.062472 0.092099 0.26324 0.33672 0.040903 0.10854 0.68876 -0.044377 0.81664 0.021948 0.092427 0.30389 0.37014 0.22042 0.44528 0.22239 -0.11936 -0.10379 -0.24893 0.3357 0.096852 0.53534 -0.082424 0 0.42386 0.3107 0.32354 0.19866 0.03958 0.058814 0.098759 0.044943 0.1428 0.070137 -0.029967 0.082685 0.18575 0.29513 0.053693 0.10004 0.54997 -0.016147 0.78798 0.079854 0.017345 0.28824 0.3845 0.30682 0.37119 0.1711 -0.174 -0.10543 -0.18551 0.33553 0.090178 0.43276 -0.05896 0.92537 0.35549 0.17812 0.32556 0.055645 0.061359 0.036574 0.15535 0.069958 0.13814 0.042402
0.10656 0.16833 0.17437 0.14098 0.058468 0.22213 0.0034186 0.11049 0.13928 0.093488 0.19711 0.17645 0.12491 0.058922 0.23 0.0089544 0.12219 0.13524 -0.14405 0.28732 -0.039062 0.078204 0.06206 0.04122 0.12112 -0.071244 0.45901 0.078392 0.20943 0.090786 0.3799 -0.020411 0.21331 0.11332 -0.093909 -0.16682 -0.20037 0.13521 0.033585 0.37296 -0.011581 0.42386 0 0.073823 0.35629 -0.013373 0.040933 -0.039857 0.032373 0.03635 0.16733 0.1974 -0.10064 0.27179 -0.050055 0.067662 0.042211 0.031727 0.065867 -0.045188 0.42667 0.083203 0.15894 0.068844 0.4091 0.054828 0.15504 0.094022 -0.070677 -0.17195 -0.093841 0.1286 0.030773 0.32293 0.011812 0.3706 0.58052 0.058786 0.33299 -0.057894 0.063532 0.012546 0.034429 0.040782 0.14621 0.1935
0.36276 0.21062 0.24748 0.16626 0.074628 -0.0019722 -0.1248 0.0031326 0.10156 0.42326 0.20253 0.22817 0.15068 0.048506 -0.024145 -0.1098 -0.0079331 0.12068 -0.0058228 0.26675 0.67585 -0.0077029 0.041423 -0.0047012 0.49469 0.38293 0.097524 -0.059008 0.43044 -0.0010758 -0.21211 0.024575 0.060669 0.13821 0.53678 0.1937 0.41649 0.040722 0.045241 0.4428 0.13984 0.3107 0.073823 0 0.44133 0.40606 -0.098943 0.64789 -0.12408 -0.095156 0.094358 0.2645 0.027946 0.24897 0.55258 -0.026377 0.039696 -0.035661 0.45432 0.228 0.054532 -0.040551 0.30398 -0.01993 -0.13325 0.089758 0.020612 0.11641 0.46633 0.20398 0.33517 0.050806 -0.0020011 0.39151 0.10541 0.29963 0.057366 0.71708 0.30428 0.22562 -0.069145 0.46257 -0.089113 -0.1286 0.082041 0.22282
0.035232 0.1527 0.1915 0.1744 0.066147 0.17333 0.068386 0.010877 0.073414 0.25675 0.076314 0.11596 0.13665 0.051825 0.1615 0.047427 0.02206 0.08002 0.18423 0.34192 0.38277 0.089201 0.070622 0.094182 0.31861 0.21428 0.23247 0.010206 0.28774 0.077965 0.25036 0.31655 0.1364 0.34306 0.51031 0.2008 0.34032 0.11157 0.3404 0.28616 0.51787 0.32354 0.35629 0.44133 0 0.30109 0.19665 0.46989 0.089533 0.062172 0.22252 0.3271 0.047646 0.26615 0.1064 0.041634 0.044706 0.067804 0.023642 0.10009 0.092595 0.027328 0.076785 0.072377 0.13341 0.09272 0.12087 0.33465 0.22575 -0.033513 0.078379 0.082664 0.29256 0.16682 0.43839 0.12187 0.18344 0.032192 0.54512 0.18341 0.18853 0.25572 0.08038 0.05148 0.19917 0.27992
0.16305 0.119 0.050647 0.11148 0.0067985 0.081768 0.029042 0.009478 0.052351 0.2398 0.079339 0.062523 0.096244 0.016566 0.077052 0.032852 0.0073243 0.058504 0.046314 0.26185 0.35481 0.65531 0.083443 0.49665 0.3667 0.34109 0.015382 0.29568 0.17582 0.67739 -0.06817 -0.11243 0.13776 0.38265 0.2354 -0.080137 0.12888 0.57471 0.42526 0.16702 0.49327 0.19866 -0.013373 0.40606 0.30109 0 0.063537 0.49837 -0.042811 -0.010948 0.16676 0.3571 0.050785 0.25196 0.16686 0.61743 0.050784 0.44506 0.2167 0.28946 0.06954 0.2531 0.11709 0.68024 -0.069619 -0.11524 0.15168 0.34099 0.25986 -0.11438 0.12053 0.56719 0.36199 0.19465 0.43553 0.29744 -0.0033639 0.22915 0.18511 0.94575 0.022569 0.41607 -0.057461 -0.03647 0.14672 0.30744
-0.17201 -0.11753 -0.060952 -0.027479 0.0067244 0.22479 0.23464 0.0026238 -0.00073149 -0.12134 -0.17125 -0.093911 -0.04924 -0.017195 0.21803 0.20273 0.0070627 0.015038 0.75298 0.04649 0.10291 0.15205 0.11115 0.3346 0.12197 0.19459 0.0087443 0.16946 0.09015 0.1911 0.1972 0.41268 0.15122 0.1454 0.28718 0.047373 0.2663 0.08856 0.2697 -0.079813 0.28783 0.03958 0.040933 -0.098943 0.19665 0.063537 0 0.11353 0.069573 0.23736 0.57633 0.31201 0.61225 0.036935 -0.05136 0.11593 0.077591 0.32097 -0.023121 0.107 -0.045242 0.15403 0.038143 0.17817 0.11759 0.22634 0.15787 0.18037 0.1334 -0.0083133 0.10722 0.029172 0.31573 -0.099338 0.29249 0.0079574 0.036986 -0.16921 0.090485 0.082616 0.86645 0.052616 0.047406 0.21227 0.48321 0.26034
0.342 0.22666 0.17536 0.25191 0.11009 -0.062832 -0.053841 0.0069285 0.11478 0.37415 0.22135 0.17704 0.23572 0.088516 -0.070931 -0.056626 -0.025124 0.14476 0.19294 0.39202 0.40929 0.010891 0.062312 -0.0044073 0.19037 0.42553 -0.15651 -0.10875 0.37877 0.03986 -0.28883 0.083585 -0.06807 0.35221 0.6149 0.17069 0.51269 0.11757 0.41857 0.35591 0.55515 0.058814 -0.039857 0.64789 0.46989 0.49837 0.11353 0 -0.086794 -0.039055 0.30142 0.58648 0.205 0.3849 0.37339 -0.00095148 0.023257 -0.066475 0.25377 0.28066 -0.14467 -0.080282 0.31132 0.020113 -0.26004 0.10673 -0.060386 0.28916 0.61425 0.19215 0.48532 0.1123 0.30529 0.33738 0.47485 0.1301 -0.01509 0.4903 0.41918 0.35689 0.10959 0.84612 -0.072176 -0.081252 0.23557 0.533
-0.093699 -0.054706 -0.05605 -0.071574 -0.0281 0.050075 0.039278 -0.010649 -0.039213 -0.026968 -0.091708 -0.087594 -0.086425 -0.043177 0.032998 0.038576 -0.012225 -0.04267 0.1128 -0.13518 0.022759 -0.022633 0.027454 0.066541 0.15183 0.026648 0.12026 0.033557 -0.041202 -0.010289 0.25661 0.29212 0.046146 -0.077854 -0.043983 0.1526 0.028243 -0.048282 -0.020351 -0.081087 -0.054187 0.098759 0.032373 -0.12408 0.089533 -0.042811 0.069573 -0.086794 0 0.087075 -0.070611 -0.12652 0.030536 -0.14666 -0.098985 -0.015325 0.0090612 0.063324 -0.017156 0.021497 0.0496 0.040171 -0.090605 -0.0093923 0.14557 0.1959 0.030076 -0.06307 -0.1525 0.07197 -0.11189 -0.042728 -0.0031093 -0.15672 -0.069033 -0.019262 -0.016495 -0.2391 -0.029805 -0.025275 0.05381 -0.17131 0.21028 0.087271 -0.041022 -0.14341
-0.065191 -0.066152 -0.047755 -0.025953 -0.023673 0.15534 0.13768 0.0005606 -0.023712 -0.0059588 -0.087803 -0.067831 -0.052081 -0.01484 0.13615 0.11039 -0.014661 0.025863 0.16995 -0.050348 0.017929 0.011664 0.10624 0.16033 0.11644 0.13397 0.046016 0.061418 0.055824 0.010398 0.18272 0.28881 0.096968 -0.02132 0.025961 0.095266 0.048209 -0.028832 0.027798 -0.055792 0.0035578 0.044943 0.03635 -0.095156 0.062172 -0.010948 0.23736 -0.039055 0.087075 0 0.032668 0.022561 0.095514 -0.074262 -0.048305 -0.001069 0.039018 0.13257 0.023372 0.10804 0.032211 0.051916 -0.02248 0.025012 0.14056 0.22059 0.069765 -0.020938 -0.034697 0.041438 -0.017198 -0.040718 0.015833 -0.097498 -0.017468 0.0081434 0.0060604 -0.14572 0.030089 -0.015668 0.20426 -0.083632 0.10249 0.17596 0.017124 0.0030536
0.028292 0.18146 0.079167 0.13338 0.064429 0.12176 0.018989 0.047681 0.13002 0.035086 0.17822 0.070806 0.12667 0.079998 0.10001 0.017046 0.041567 0.17322 0.18524 0.29289 -0.01012 0.19706 0.052159 0.10288 0.009825 -0.0075212 0.13648 0.11351 0.14459 0.26434 0.039523 -0.067062 0.093193 0.3781 0.13043 -0.068137 0.028342 0.32265 0.48845 0.20813 0.417 0.1428 0.16733 0.094358 0.22252 0.16676 0.57633 0.30142 -0.070611 0.032668 0 0.51213 0.24338 0.2993 -0.0032571 0.19715 0.039146 0.11301 0.024638 -0.025014 0.11245 0.11238 0.14101 0.2382 0.053075 -0.058421 0.10327 0.36459 0.18329 -0.069986 0.09625 0.29444 0.4582 0.24279 0.41399 0.18133 0.17438 0.079488 0.21906 0.15572 0.55144 0.3598 -0.043627 -0.0082424 0.67361 0.47267
0.21898 0.29288 0.18432 0.35695 0.14691 0.08849 0.038448 0.083527 0.18714 0.22331 0.28791 0.18983 0.32986 0.12787 0.091677 0.033097 0.06099 0.19679 0.11577 0.57835 -0.052416 0.22966 0.09956 0.1269 -0.090064 0.0793 -0.019264 0.10683 0.33132 0.26971 -0.068748 -0.19685 0.044521 0.50554 0.35722 -0.11547 0.20346 0.35912 0.60922 0.36137 0.63608 0.070137 0.1974 0.2645 0.3271 0.3571 0.31201 0.58648 -0.12652 0.022561 0.51213 0 0.17406 0.55146 -0.0017028 0.22002 0.057346 0.083288 -0.032598 0.052581 0.017022 0.11136 0.32342 0.23944 -0.046394 -0.15785 0.051815 0.46651 0.48403 -0.086948 0.32795 0.3494 0.5332 0.40431 0.60469 0.17818 0.21186 0.26023 0.358 0.30362 0.28264 0.63928 -0.12402 -0.03805 0.42286 0.78067
-0.028947 -0.11902 -0.01789 -0.01218 -0.0037541 0.030042 0.09478 -0.023885 -0.032751 -0.12623 -0.14271 -0.017283 0.013405 -0.015379 0.038197 0.10235 -0.019289 -0.0083437 0.69903 0.024986 0.083521 0.066085 0.023057 0.24919 0.088133 0.16152 -0.15487 0.15791 0.099936 0.069027 -0.05419 0.27155 0.035661 -0.00036532 0.30597 0.0094977 0.31172 -0.020297 0.012428 -0.070724 0.11398 -0.029967 -0.10064 0.027946 0.047646 0.050785 0.61225 0.205 0.030536 0.095514 0.24338 0.17406 0 0.028975 0.19952 0.066379 0.040695 0.27943 0.19678 0.22822 -0.15245 0.11404 0.12909 0.069471 -0.05425 0.42751 0.0481 0.023937 0.43896 0.18946 0.4771 -0.048558 0.063531 -0.043878 0.16041 0.030271 -0.049276 0.063699 0.245 0.040312 0.73099 0.21126 0.053393 0.16591 0.21312 0.16789
