0 0.33741 0.27084 0.28111 0.088045 -0.0117 -0.091995 0.063966 0.21217 0.72064 0.41995 0.3614 0.29657 0.11623 -0.0025614 -0.097314 0.043809 0.26678 -0.16708 0.23589 0.059045 -0.021422 0.022556 -0.05914 0.054057 0.1311 0.094409 0.033176 0.19141 0.0053961 -0.15689 -0.1259 0.01149 0.12301 0.095444 -0.066281 0.011056 0.12529 0.063464 0.36674 0.076149 0.1855 0.089272 0.36113 0.022179 0.18108 -0.18625 0.34762 -0.10502 -0.067445 0.035182 0.23279 -0.043361 0.27713 0.42376 -0.016561 0.034505 -0.079483 0.37373 0.25026 0.19547 0.0067423 0.32653 -0.03041 -0.028013 0.1223 0.024378 0.13455 0.39627 0.20232 0.30558 0.14027 0.066259 0.45255 0.17886 0.32191 0.17523 0.6 0.40119 0.19618 -0.13052 0.53695 -0.00076794 -0.085982 0.054895 0.28419
0.33741 0 0.25148 0.27544 0.11508 0.014243 -0.078855 0.072471 0.22248 0.35277 0.49006 0.268 0.25911 0.097346 -0.0037813 -0.094894 0.056151 0.20978 -0.10861 0.26228 0.050627 0.087627 0.020721 -0.050241 0.067988 0.050497 0.14408 0.082402 0.14852 0.13107 -0.030497 -0.10348 0.015312 0.17045 0.11965 -0.065807 0.012376 0.23411 0.13401 0.33392 0.12211 0.19498 0.15967 0.22041 0.16535 0.13119 -0.11277 0.2361 -0.044838 -0.05599 0.16792 0.29167 -0.11752 0.25541 0.067009 0.088475 0.017855 -0.072154 0.068286 0.0032887 0.1313 0.075029 0.13158 0.086111 -0.010914 -0.088597 -0.012326 0.1029 0.16051 -0.033645 0.073649 0.26601 0.083364 0.31502 0.098916 0.18711 0.15022 0.18845 0.16597 0.069157 -0.11943 0.2291 -0.049355 -0.072845 0.15427 0.26485
0.27084 0.25148 0 0.39204 0.1031 0.035867 -0.020539 0.14516 0.14643 0.2881 0.27338 0.57855 0.37824 0.068158 0.031858 -0.033487 0.11889 0.15675 -0.035171 0.20429 0.12349 0.001999 0.010647 -0.037142 0.035546 0.05133 0.085592 0.0092041 0.19712 0.027268 -0.0042124 -0.068886 -0.022848 0.052864 0.23203 -0.008362 0.13871 0.096484 0.010551 0.20401 0.077273 0.089613 0.17474 0.25709 0.19832 0.058534 -0.072711 0.18577 -0.052244 -0.049444 0.072686 0.18848 -0.03004 0.17676 0.11636 -0.012686 0.036136 -0.060746 0.033012 0.028811 0.068824 0.013389 0.16555 -0.0069836 0.0044351 -0.075101 -0.012124 0.026325 0.19858 -0.018904 0.1385 0.10409 -0.01196 0.20111 0.087444 0.078703 0.12609 0.17857 0.16143 0.0084325 -0.069628 0.18248 -0.062421 -0.054206 0.083872 0.17609
0.28111 0.27544 0.39204 0 0.1956 0.012409 -0.010136 0.10612 0.14367 0.25948 0.28415 0.37767 0.64629 0.12592 0.0060844 -0.017753 0.096262 0.15077 -0.050768 0.29814 -0.026778 0.034852 0.010514 -0.020382 -0.087126 0.013142 0.0082496 0.030589 0.14659 0.049931 -0.030634 -0.15526 -0.020793 0.19385 0.18086 -0.093285 0.060113 0.13177 0.19286 0.2103 0.28485 0.037143 0.12704 0.16165 0.16448 0.11711 -0.022161 0.25066 -0.069957 -0.02066 0.13517 0.35296 -0.014106 0.28393 0.022221 0.036397 0.013994 -0.037865 -0.043204 -0.014682 0.022485 0.032778 0.15131 0.027749 -0.023302 -0.12967 0.0078724 0.15539 0.26389 -0.057826 0.15074 0.14877 0.12733 0.25007 0.27104 0.07628 0.13191 0.18443 0.18846 0.093213 -0.036996 0.31322 -0.064693 -0.056811 0.13112 0.34899
0.088045 0.11508 0.1031 0.1956 0 -0.0040254 -0.019909 0.019731 0.057026 0.096687 0.10479 0.11404 0.16882 0.045241 -0.0047394 -0.0277 0.022101 0.062774 -0.0182 0.10695 0.0017085 0.0038448 0.01064 -0.013071 -0.01811 0.0028034 -0.0053256 -0.0092175 0.070934 0.0080621 -0.028659 -0.035077 -0.0099341 0.024319 0.071928 0.0016048 0.05073 0.053058 0.076825 0.09361 0.092528 0.011422 0.053902 0.073121 0.06576 0.016308 0.0055166 0.10958 -0.029431 -0.021645 0.063307 0.14473 -0.0071096 0.11293 -0.01304 -0.0023605 -0.013032 -0.033913 -0.033923 -0.01087 -0.00448 -0.0036366 0.063663 -0.0056443 -0.021989 -0.045043 -0.017279 0.028143 0.088662 -0.0095542 0.063123 0.054365 0.058782 0.079968 0.082247 0.0021366 0.026916 0.047113 0.052398 -0.0055064 -0.010045 0.10893 -0.038818 -0.02409 0.048109 0.13108
-0.0117 0.014243 0.035867 0.012409 -0.0040254 0 0.16711 0.02178 0.08846 0.060044 0.00024425 0.025384 0.0024353 -0.017378 0.43753 0.1668 0.041784 0.071097 0.065355 0.041921 0.14882 0.097163 0.13669 0.21708 0.24481 0.12771 0.34243 0.12515 0.083242 0.12001 0.30194 0.21057 0.27388 0.071832 -0.032161 0.021545 -0.02073 0.081843 0.088748 0.10103 0.054118 0.27123 0.2339 0.0022572 0.17818 0.077455 0.21489 -0.073338 0.057699 0.15133 0.11229 0.078209 0.02561 0.025075 0.0054229 0.074621 0.087604 0.20774 0.12668 0.088855 0.28915 0.13055 0.012857 0.10867 0.27535 0.13549 0.23409 0.067125 -0.11939 -0.055213 -0.097318 0.06026 0.093287 0.036991 0.046714 0.22207 0.1576 -0.091328 0.070896 0.043166 0.18239 -0.11359 0.052387 0.12232 0.096524 0.045205
-0.091995 -0.078855 -0.020539 -0.010136 -0.019909 0.16711 0 -0.0092411 -0.0074789 -0.039124 -0.10225 -0.045289 -0.029498 -0.024617 0.17371 0.25004 -0.0097862 -0.030275 0.15245 -0.039212 0.050398 0.027369 0.073887 0.17582 0.065318 0.13057 0.00074846 0.067157 0.01477 0.037545 0.16395 0.16828 0.068577 0.017691 0.02214 0.07603 0.072918 -0.013749 0.055414 -0.12078 0.068487 -0.036084 -1.1376e-05 -0.12683 0.061462 0.026845 0.23314 -0.06277 0.042298 0.13233 0.015217 0.027826 0.090095 -0.05036 -0.06785 0.017502 0.028319 0.15409 -0.039297 0.070678 -0.028782 0.05746 -0.025508 0.033773 0.08788 0.086145 0.054711 0.023088 -0.06219 -0.020979 -0.030323 -0.032054 0.057929 -0.13997 0.066875 -0.062364 -0.023484 -0.19044 -0.028589 0.032282 0.18821 -0.12739 0.02646 0.10932 0.00069707 -0.0077851
0.063966 0.072471 0.14516 0.10612 0.019731 0.02178 -0.0092411 0 0.052307 0.040578 0.076585 0.13014 0.10356 0.014346 0.034465 0.0024804 0.11051 0.066278 -0.033873 0.090603 -0.058468 0.021706 0.00019649 -0.0089386 -0.044268 -0.021782 0.056271 0.019296 0.025113 0.011899 0.06735 -0.057748 0.023248 0.047667 -0.026735 -0.082804 -0.076064 0.047955 0.022499 0.071279 0.014481 0.046371 0.12134 -0.00027899 0.010385 0.007377 0.0058551 -0.000591 -0.0027331 -0.00033451 0.045786 0.088097 -0.020613 0.075639 -0.038053 0.025231 -0.0042282 -0.0018521 -0.019072 0.0040726 0.071016 0.03327 0.03281 0.0034523 0.066361 -0.039243 0.0097831 0.044959 0.0033161 -0.081263 -0.013184 0.054175 0.014582 0.081188 0.034925 0.060835 0.10287 0.023106 0.035201 0.008441 0.013592 0.056984 -0.015621 0.00047177 0.056169 0.091047
0.21217 0.22248 0.14643 0.14367 0.057026 0.08846 -0.0074789 0.052307 0 0.22395 0.23075 0.13243 0.13748 0.048191 0.072952 -0.021302 0.050532 0.19827 -0.047113 0.1656 0.0099004 0.068396 0.018781 0.0061302 0.033343 0.011539 0.13167 0.023992 0.080083 0.09894 0.022708 -0.050533 0.065921 0.1207 0.042088 -0.05909 -0.010928 0.17593 0.095636 0.19429 0.073357 0.15493 0.13694 0.10518 0.077828 0.056014 -0.002179 0.11387 -0.0279 -0.019429 0.12336 0.18631 -0.034389 0.17166 0.046751 0.061664 0.030987 -0.011034 0.060623 0.021539 0.14629 0.017233 0.092616 0.085164 0.060406 -0.011438 0.03653 0.071807 0.087052 -0.032154 0.038905 0.18155 0.075269 0.18681 0.067461 0.17531 0.13745 0.10811 0.124 0.024314 -0.0016045 0.15172 -0.035262 -0.0040855 0.12395 0.17573
0.72064 0.35277 0.2881 0.25948 0.096687 0.060044 -0.039124 0.040578 0.22395 0 0.32376 0.28269 0.21847 0.10165 0.051929 -0.052081 0.033044 0.23111 -0.077881 0.22906 0.26834 0.0055928 0.050125 -0.07806 0.21966 0.22993 0.15145 -0.05496 0.20918 0.014107 -0.01295 0.050986 0.045602 0.1937 0.23459 0.095529 0.19417 0.13393 0.26312 0.31099 0.2724 0.24146 0.085937 0.46065 0.27412 0.25204 -0.13364 0.38762 -0.019968 -0.0045814 0.037266 0.22896 -0.15008 0.16982 0.13536 -0.002432 0.026474 -0.092371 0.11992 0.12815 0.10559 -0.027867 0.10223 0.0004632 -0.015848 0.0049581 0.030041 0.12992 0.14085 0.033784 0.052762 0.14911 0.15539 0.26271 0.16891 0.15611 0.053351 0.23191 0.094037 0.090034 -0.109 0.32847 -0.035088 -0.05622 0.059 0.19195
0.41995 0.49006 0.27338 0.28415 0.10479 0.00024425 -0.10225 0.076585 0.23075 0.32376 0 0.32815 0.30974 0.11345 -0.0097923 -0.10938 0.093863 0.25075 -0.19156 0.29122 -0.01559 0.068133 0.016786 -0.06772 0.014975 -0.014126 0.14519 0.06839 0.12857 0.11103 -0.061177 -0.18738 0.014173 0.12077 0.036089 -0.14555 -0.064406 0.2381 0.05583 0.34631 0.069487 0.19763 0.18546 0.19669 0.074194 0.094712 -0.16641 0.22056 -0.084502 -0.076293 0.16531 0.28445 -0.13768 0.30439 0.15752 0.080828 0.0092941 -0.094901 0.15564 0.0084366 0.19772 0.043663 0.19149 0.069813 -0.0022851 -0.060463 0.01034 0.12824 0.24417 -0.0041606 0.15398 0.27433 0.039514 0.40008 0.1105 0.26885 0.205 0.31403 0.27012 0.074924 -0.13832 0.31974 -0.035786 -0.10141 0.16908 0.30528
0.3614 0.268 0.57855 0.37767 0.11404 0.025384 -0.045289 0.13014 0.13243 0.28269 0.32815 0 0.40291 0.085015 0.025327 -0.034677 0.14576 0.15588 -0.079875 0.21084 0.063496 -0.024702 -0.0078638 -0.05385 7.3047e-05 0.029959 0.085003 0.020798 0.19037 0.0064572 -0.046051 -0.13588 -0.027711 0.036337 0.19593 -0.0483 0.10764 0.095684 0.005429 0.22711 0.06127 0.068018 0.17459 0.23097 0.11409 0.074093 -0.10128 0.18307 -0.083845 -0.069935 0.06794 0.19602 -0.028574 0.238 0.19041 -0.048172 0.022243 -0.073361 0.09147 0.061266 0.090728 -0.00054941 0.24025 -0.027036 0.0053533 -0.047985 0.0088165 0.039593 0.28248 0.054633 0.22981 0.1033 -0.045655 0.27033 0.078735 0.12301 0.18673 0.28967 0.23507 0.031643 -0.091367 0.24831 -0.054351 -0.05678 0.061511 0.21908
0.29657 0.25911 0.37824 0.64629 0.16882 0.0024353 -0.029498 0.10356 0.13748 0.21847 0.30974 0.40291 0 0.14484 0.0069459 -0.0090666 0.11785 0.16029 -0.056996 0.27012 -0.033945 0.032132 0.014798 -0.024626 -0.09175 0.0024495 -0.0040243 0.053858 0.13603 0.045685 -0.069487 -0.16464 -0.022599 0.16241 0.15158 -0.10959 0.046311 0.13128 0.11679 0.21743 0.2206 0.019292 0.10985 0.13776 0.12031 0.10261 -0.047962 0.22832 -0.085961 -0.047827 0.12651 0.32061 0.0087598 0.28945 0.03689 0.025553 0.015537 -0.023066 -0.03077 0.029857 0.0085296 0.046797 0.19046 0.023095 -0.036618 -0.11533 -0.0033001 0.15425 0.29573 -0.037203 0.18753 0.14834 0.11902 0.25246 0.29036 0.07567 0.12914 0.20591 0.19814 0.096707 -0.011034 0.32781 -0.085808 -0.047604 0.12775 0.37825
0.11623 0.097346 0.068158 0.12592 0.045241 -0.017378 -0.024617 0.014346 0.048191 0.10165 0.11345 0.085015 0.14484 0 -0.0090752 -0.027815 0.0064019 0.092668 -0.025955 0.13199 -0.039709 0.015142 0.01151 -0.021446 -0.02799 -0.019703 0.014252 -0.010509 0.032594 0.018621 -0.031849 -0.058256 -0.0010849 0.058809 0.025723 -0.044569 -0.0081127 0.061065 0.064759 0.089701 0.068834 0.040032 0.055991 0.045653 0.04945 0.018877 -0.017804 0.08367 -0.0418 -0.013015 0.075339 0.12403 -0.017512 0.10709 0.0042373 0.016542 0.0034247 -0.023563 -0.0026834 -0.010313 0.027254 -0.012216 0.033298 0.019511 -0.0099521 -0.031416 -0.0052799 0.068706 0.079196 -0.031866 0.057523 0.074261 0.068249 0.092767 0.087142 0.0501 0.070929 0.07081 0.09415 0.0059122 -0.015669 0.12208 -0.027952 -0.026982 0.064099 0.13626
-0.0025614 -0.0037813 0.031858 0.0060844 -0.0047394 0.43753 0.17371 0.034465 0.072952 0.051929 -0.0097923 0.025327 0.0069459 -0.0090752 0 0.21228 0.040424 0.068304 0.05021 0.035422 0.1356 0.082604 0.11049 0.22627 0.22828 0.12978 0.32584 0.12146 0.084339 0.099705 0.30837 0.17812 0.27061 0.070696 -0.038507 -0.011702 -0.046347 0.06288 0.072836 0.083734 0.053979 0.25884 0.24126 -0.020514 0.16184 0.072893 0.21117 -0.087561 0.046405 0.13144 0.091551 0.076164 0.034107 0.038951 0.054843 0.070269 0.10335 0.22131 0.15916 0.13173 0.30461 0.11001 0.053336 0.093872 0.26987 0.15796 0.2762 0.060863 -0.089787 -0.051479 -0.07591 0.053069 0.10079 0.063346 0.045429 0.24538 0.17733 -0.066604 0.094603 0.065436 0.20188 -0.091821 0.036201 0.14145 0.095703 0.070783
-0.097314 -0.094894 -0.033487 -0.017753 -0.0277 0.1668 0.25004 0.0024804 -0.021302 -0.052081 -0.10938 -0.034677 -0.0090666 -0.027815 0.21228 0 0.014507 -0.005469 0.11644 -0.035734 0.047685 0.024162 0.073503 0.16515 0.047466 0.1192 -0.0080288 0.021092 0.015043 0.028313 0.13577 0.12774 0.092262 0.018648 0.005797 0.043618 0.048311 -0.054148 0.038606 -0.10735 0.0681 -0.028497 0.0043984 -0.10738 0.043542 0.029527 0.2012 -0.065626 0.041669 0.10646 0.011458 0.023447 0.10075 -0.038291 -0.023502 0.012511 0.04191 0.17439 -0.0093342 0.1173 -0.025303 0.019819 -0.0035028 0.024388 0.098007 0.088995 0.0999 0.022029 -0.025123 -0.010784 0.0067232 -0.062888 0.057624 -0.12789 0.072637 -0.050816 -0.027461 -0.14451 -0.017269 0.038005 0.20716 -0.08931 0.026946 0.12982 0.0019104 0.018036
0.043809 0.056151 0.11889 0.096262 0.022101 0.041784 -0.0097862 0.11051 0.050532 0.033044 0.093863 0.14576 0.11785 0.0064019 0.040424 0.014507 0 0.067974 -0.021977 0.089003 -0.048335 0.028651 0.01667 -0.0055528 -0.018331 -0.0352 0.081324 0.033608 0.01659 0.031348 0.056992 -0.066803 0.0086472 0.030424 -0.02074 -0.080994 -0.061889 0.04692 0.0058072 0.063852 -0.0041657 0.073018 0.12355 -0.011305 0.018166 0.0015421 0.013178 -0.028585 -0.012938 -0.013985 0.043285 0.063647 -0.01157 0.076376 -0.037298 0.028404 0.0075048 0.016118 -0.019905 -0.014842 0.070162 0.029194 0.024758 0.019665 0.051002 -0.036269 0.022758 0.03452 -0.010365 -0.10237 -0.026938 0.049411 -0.0037152 0.072853 0.000555 0.073002 0.11705 0.019695 0.016695 0.0024563 0.021532 0.018003 -0.018111 -0.0029109 0.047106 0.070546
0.26678 0.20978 0.15675 0.15077 0.062774 0.071097 -0.030275 0.066278 0.19827 0.23111 0.25075 0.15588 0.16029 0.092668 0.068304 -0.005469 0.067974 0 -0.061626 0.16455 0.03765 0.052452 0.04281 0.011462 0.058998 0.032907 0.12353 0.02415 0.092618 0.091475 0.017506 -0.027391 0.071981 0.0917 0.03076 -0.053616 -0.0062859 0.16575 0.077498 0.18731 0.064508 0.15857 0.13682 0.1156 0.080979 0.059869 0.010303 0.13242 -0.03441 0.026505 0.16811 0.19275 -0.0059885 0.18315 0.10339 0.064191 0.027248 0.0096186 0.10933 0.042725 0.1509 0.026422 0.11728 0.079837 0.069022 0.021284 0.058286 0.11062 0.11976 0.013056 0.085959 0.18266 0.07415 0.2051 0.08605 0.19452 0.14314 0.15299 0.16425 0.054869 0.020775 0.1737 0.0019516 0.0022611 0.13568 0.21453
-0.16708 -0.10861 -0.035171 -0.050768 -0.0182 0.065355 0.15245 -0.033873 -0.047113 -0.077881 -0.19156 -0.079875 -0.056996 -0.025955 0.05021 0.11644 -0.021977 -0.061626 0 -0.027009 0.21795 0.049617 0.041061 0.26254 0.17577 0.25674 -0.17831 0.0798 0.074254 0.079716 0.0062231 0.53765 -0.0025895 0.0039575 0.48045 0.20202 0.54055 -0.038084 0.086476 -0.095953 0.18235 -0.078963 -0.13898 0.015666 0.17348 0.10533 0.72306 0.25161 0.099534 0.1516 0.17269 0.1429 0.64385 -0.038974 0.022708 0.030524 0.020161 0.22016 -0.00052517 0.17889 -0.21328 0.084003 0.0079965 0.073364 -0.068589 0.28965 0.022301 0.023157 0.2206 0.13997 0.24953 -0.068357 0.12814 -0.15701 0.14436 -0.15113 -0.12087 -0.098089 0.0051152 0.077947 0.60638 0.066587 0.04016 0.15603 0.17543 0.10749
0.23589 0.26228 0.20429 0.29814 0.10695 0.041921 -0.039212 0.090603 0.1656 0.22906 0.29122 0.21084 0.27012 0.13199 0.035422 -0.035734 0.089003 0.16455 -0.027009 0 -0.10455 0.17364 0.053962 0.023373 -0.11179 -0.014171 0.0082733 0.037453 0.20765 0.19676 -0.096003 -0.26565 0.0073708 0.38915 0.20536 -0.22248 0.015515 0.28885 0.32916 0.41401 0.39743 0.096634 0.27235 0.26074 0.32083 0.26972 0.051873 0.37449 -0.12746 -0.043392 0.28924 0.56707 0.033281 0.5843 -0.09537 0.18829 0.011719 0.008477 -0.10612 0.004927 0.055926 0.045164 0.17936 0.16781 -0.042401 -0.23338 0.026523 0.36862 0.30653 -0.23486 0.11759 0.28749 0.28423 0.44177 0.39558 0.16586 0.27366 0.24876 0.29857 0.22256 0.051977 0.46825 -0.15678 -0.079844 0.24039 0.55536
0.059045 0.050627 0.12349 -0.026778 0.0017085 0.14882 0.050398 -0.058468 0.0099004 0.26834 -0.01559 0.063496 -0.033945 -0.039709 0.1356 0.047685 -0.048335 0.03765 0.21795 -0.10455 0 -0.13429 0.07001 0.18265 0.72602 0.5649 0.20243 -0.07284 0.2861 -0.085704 0.11671 0.48338 0.17012 -0.078014 0.56392 0.46123 0.54782 -0.12142 -0.0015792 0.11277 0.12769 0.32451 -0.03612 0.70673 0.42515 0.39598 0.063107 0.46387 0.026982 0.0078489 -0.011676 -0.040646 0.027038 -0.11053 0.65092 -0.18943 0.062327 0.10556 0.53085 0.31008 0.069279 -0.039262 0.093015 -0.084587 0.05772 0.3051 0.12674 -0.065811 0.24877 0.3485 0.2071 -0.12482 0.009117 -0.01377 0.053349 0.1653 -0.11686 0.26723 0.093756 0.16826 0.051518 0.089957 0.076066 0.020858 0.001748 -0.098957
-0.021422 0.087627 0.001999 0.034852 0.0038448 0.097163 0.027369 0.021706 0.068396 0.0055928 0.068133 -0.024702 0.032132 0.015142 0.082604 0.024162 0.028651 0.052452 0.049617 0.17364 -0.13429 0 0.019531 0.33507 0.055071 -0.13066 0.1234 0.24543 0.035166 0.91996 0.0086415 -0.14156 0.15138 0.34875 -0.068191 -0.18662 -0.13455 0.87788 0.29176 0.08721 0.28593 0.27662 0.072347 -0.024334 0.081147 0.64321 0.18261 0.018417 -0.035346 0.018203 0.19586 0.23358 0.085065 0.16553 -0.23231 0.9733 0.0035419 0.38069 -0.056414 -0.073074 0.15941 0.31907 -0.0069856 0.91001 -0.010257 -0.17621 0.16244 0.32271 -0.088168 -0.24976 -0.14709 0.83956 0.34182 0.085646 0.30062 0.31462 0.086913 -0.07778 0.0016139 0.59485 0.1628 0.058989 -0.073572 0.019014 0.16288 0.21112
0.022556 0.020721 0.010647 0.010514 0.01064 0.13669 0.073887 0.00019649 0.018781 0.050125 0.016786 -0.0078638 0.014798 0.01151 0.11049 0.073503 0.01667 0.04281 0.041061 0.053962 0.07001 0.019531 0 0.16107 0.11198 0.14433 0.061331 0.035636 0.097146 0.043248 0.092889 0.10832 0.098997 0.031055 0.068803 0.038806 0.071295 0.025634 0.046341 0.044526 0.055241 0.047422 0.062384 0.044337 0.071298 0.09139 0.10763 0.063586 0.033171 0.10379 0.050068 0.10201 0.01679 0.024515 0.038575 0.0086615 0.055036 0.13139 0.075707 0.11643 0.060587 0.027813 0.06074 0.04214 0.085076 0.073576 0.085021 0.0091407 0.054022 0.013444 0.044588 0.018771 0.03707 0.035117 0.046697 0.060457 0.033521 -0.0046718 0.045715 0.075891 0.078584 0.037024 0.018112 0.050675 0.029763 0.090852
-0.05914 -0.050241 -0.037142 -0.020382 -0.013071 0.21708 0.17582 -0.0089386 0.0061302 -0.07806 -0.06772 -0.05385 -0.024626 -0.021446 0.22627 0.16515 -0.0055528 0.011462 0.26254 0.023373 0.18265 0.33507 0.16107 0 0.31241 0.3475 0.071631 0.53791 0.098219 0.51678 0.16919 0.20202 0.32388 0.10412 0.13075 0.034849 0.097115 0.28533 0.093321 -0.049954 0.14641 0.10124 0.04034 -0.020431 0.095326 0.51072 0.3374 0.0054743 0.065442 0.15201 0.11684 0.13443 0.24197 0.043567 0.048263 0.30314 0.10573 0.80782 0.18765 0.34868 0.073935 0.49918 0.070132 0.51628 0.13196 0.18404 0.34388 0.11463 0.11053 -0.028759 0.12811 0.21596 0.14713 -0.038415 0.18421 0.14584 0.039453 -0.074208 0.051266 0.51259 0.26793 -0.0029689 0.040891 0.13673 0.090045 0.097512
0.054057 0.067988 0.035546 -0.087126 -0.01811 0.24481 0.065318 -0.044268 0.033343 0.21966 0.014975 7.3047e-05 -0.09175 -0.02799 0.22828 0.047466 -0.018331 0.058998 0.17577 -0.11179 0.72602 0.055071 0.11198 0.31241 0 0.51824 0.54908 0.051138 0.17993 0.099622 0.32285 0.62891 0.4145 -0.031173 0.24675 0.36165 0.24952 0.011028 -0.057756 0.22047 -0.098252 0.71217 0.12736 0.53135 0.38343 0.37702 0.085415 0.23315 0.16265 0.10515 0.0040754 -0.087048 0.022335 -0.12737 0.50006 -0.026734 0.065689 0.22212 0.74166 0.31075 0.42676 0.049676 0.039428 0.086996 0.26829 0.51597 0.33143 -0.034222 0.036251 0.2278 0.063986 -0.0036543 -0.056913 0.068769 -0.11968 0.52781 0.042037 0.15247 0.16051 0.16768 0.057594 -0.015872 0.21428 0.131 0.020414 -0.13291
0.1311 0.050497 0.05133 0.013142 0.0028034 0.12771 0.13057 -0.021782 0.011539 0.22993 -0.014126 0.029959 0.0024495 -0.019703 0.12978 0.1192 -0.0352 0.032907 0.25674 -0.014171 0.5649 -0.13066 0.14433 0.3475 0.51824 0 -0.0082387 0.088138 0.25256 -0.073419 0.075192 0.44906 0.11609 -0.026531 0.44891 0.38987 0.47475 -0.11674 0.024939 0.033397 0.13702 -0.017963 -0.076019 0.39683 0.22777 0.39051 0.1671 0.42894 0.021693 0.11919 -0.00034833 0.096853 0.11664 -0.016677 0.33104 -0.16171 0.09066 0.25915 0.32413 0.56108 -0.10431 0.050123 0.13736 -0.070381 -0.0036121 0.29133 0.058528 -0.037671 0.26159 0.24847 0.31094 -0.13455 0.0036163 -0.011215 0.073513 -0.054342 -0.10872 0.11749 0.028747 0.26544 0.12443 0.20041 0.041418 0.084807 0.0043182 0.041053
0.094409 0.14408 0.085592 0.0082496 -0.0053256 0.34243 0.00074846 0.056271 0.13167 0.15145 0.14519 0.085003 -0.0040243 0.014252 0.32584 -0.0080288 0.081324 0.12353 -0.17831 0.0082733 0.20243 0.1234 0.061331 0.071631 0.54908 -0.0082387 0 0.018639 0.040097 0.11678 0.51183 0.22823 0.39402 0.069131 -0.23324 -0.038157 -0.24919 0.14849 0.034196 0.4176 -0.14343 0.82018 0.47417 0.10203 0.26176 -0.018977 -0.012963 -0.16284 0.14309 0.048396 0.11761 -0.036353 -0.16671 0.0063153 0.080857 0.078938 0.058142 0.054554 0.35521 -0.046155 0.77316 0.045418 -0.029957 0.10237 0.469 0.22861 0.31381 0.048878 -0.31713 -0.11713 -0.27449 0.17249 0.045012 0.27931 -0.14009 0.71577 0.34298 -0.041814 0.18051 -0.11559 0.0056429 -0.20915 0.12672 0.064188 0.097738 -0.063678
0.033176 0.082402 0.0092041 0.030589 -0.0092175 0.12515 0.067157 0.019296 0.023992 -0.05496 0.06839 0.020798 0.053858 -0.010509 0.12146 0.021092 0.033608 0.02415 0.0798 0.037453 -0.07284 0.24543 0.035636 0.53791 0.051138 0.088138 0.018639 0 0.054539 0.4131 0.095936 0.015869 0.045736 0.06023 -0.0085426 -0.014827 0.0067268 0.33102 0.010881 0.03377 0.07077 -0.030918 0.079301 -0.10198 -0.023158 0.30964 0.16108 -0.1201 0.011515 0.054309 0.11928 0.11482 0.14199 0.076592 -0.061196 0.25793 0.028996 0.55913 0.012423 0.1687 0.023755 0.95253 0.086949 0.34428 0.071422 0.050693 0.079355 0.060292 0.096639 -0.017512 0.097186 0.32115 0.094323 0.043031 0.14489 0.010962 0.07915 -0.061747 0.014139 0.3753 0.12496 0.014227 0.025123 0.047117 0.094123 0.12062
0.19141 0.14852 0.19712 0.14659 0.070934 0.083242 0.01477 0.025113 0.080083 0.20918 0.12857 0.19037 0.13603 0.032594 0.084339 0.015043 0.01659 0.092618 0.074254 0.20765 0.2861 0.035166 0.097146 0.098219 0.17993 0.25256 0.040097 0.054539 0 0.050802 0.05193 0.086901 0.054219 0.062478 0.43302 0.29487 0.47353 0.095374 0.02622 0.2601 0.11279 0.090122 0.19933 0.45242 0.29041 0.19048 0.066194 0.39938 -0.037954 0.050058 0.13181 0.32596 0.077748 0.19657 0.22656 0.019125 0.055958 0.067302 0.15326 0.16358 -0.009378 0.049718 0.39433 0.037388 0.04839 0.066242 0.014627 0.037901 0.36526 0.23494 0.42565 0.086366 0.027749 0.19615 0.09768 0.069449 0.15475 0.27381 0.21779 0.084996 0.058531 0.27903 0.0061792 -0.0054975 0.12014 0.30575
0.0053961 0.13107 0.027268 0.049931 0.0080621 0.12001 0.037545 0.011899 0.09894 0.014107 0.11103 0.0064572 0.045685 0.018621 0.099705 0.028313 0.031348 0.091475 0.079716 0.19676 -0.085704 0.91996 0.043248 0.51678 0.099622 -0.073419 0.11678 0.4131 0.050802 0 0.027234 -0.12438 0.21333 0.35876 -0.030997 -0.17141 -0.080118 0.91342 0.31929 0.10977 0.28617 0.24308 0.084266 -0.017783 0.074771 0.66183 0.21086 0.056147 -0.020823 0.012647 0.26778 0.27467 0.090249 0.17857 -0.16643 0.91067 0.012423 0.52881 0.002457 0.0053882 0.15761 0.46435 0.034213 0.92779 0.0048937 -0.13159 0.22921 0.3248 -0.0028146 -0.20802 -0.05981 0.8762 0.36256 0.1189 0.3109 0.30402 0.092158 -0.056037 0.026011 0.63403 0.17932 0.13524 -0.050168 0.0037513 0.22752 0.25147
-0.15689 -0.030497 -0.0042124 -0.030634 -0.028659 0.30194 0.16395 0.06735 0.022708 -0.01295 -0.061177 -0.046051 -0.069487 -0.031849 0.30837 0.13577 0.056992 0.017506 0.0062231 -0.096003 0.11671 0.0086415 0.092889 0.16919 0.32285 0.075192 0.51183 0.095936 0.05193 0.027234 0 0.38133 0.27718 -0.01848 -0.17172 0.08519 -0.097506 -0.0080731 0.0073125 -0.01235 -0.07889 0.40457 0.4017 -0.20512 0.26929 -0.10264 0.18526 -0.30343 0.28298 0.18145 0.025909 -0.089911 -0.05733 -0.12057 -0.14784 -0.0064831 0.037697 0.17279 0.067001 0.015943 0.37904 0.1225 -0.094479 0.022616 0.55678 0.24198 0.22266 -0.023471 -0.35851 -0.10244 -0.27949 -0.019229 0.030271 -0.12251 -0.10003 0.22206 0.23035 -0.38992 0.025488 -0.12836 0.14723 -0.36543 0.21781 0.16848 0.023605 -0.12867
-0.1259 -0.10348 -0.068886 -0.15526 -0.035077 0.21057 0.16828 -0.057748 -0.050533 0.050986 -0.18738 -0.13588 -0.16464 -0.058256 0.17812 0.12774 -0.066803 -0.027391 0.53765 -0.26565 0.48338 -0.14156 0.10832 0.20202 0.62891 0.44906 0.22823 0.015869 0.086901 -0.12438 0.38133 0 0.15665 -0.19313 0.20639 0.58526 0.37057 -0.20027 -0.11246 -0.072694 -0.13822 0.2687 0.0056644 0.047119 0.36991 -0.10235 0.36772 0.11362 0.31035 0.28021 -0.075838 -0.18946 0.2114 -0.28067 0.18223 -0.19293 0.073388 0.14453 0.31256 0.27402 0.062982 0.020819 -0.061682 -0.10913 0.20651 0.73443 0.092508 -0.17644 -0.12296 0.37354 -0.007734 -0.22187 -0.094111 -0.21613 -0.18224 0.001325 -0.099077 -0.24081 0.049494 -0.14499 0.26851 -0.21197 0.31161 0.26675 -0.049994 -0.21595
0.01149 0.015312 -0.022848 -0.020793 -0.0099341 0.27388 0.068577 0.023248 0.065921 0.045602 0.014173 -0.027711 -0.022599 -0.0010849 0.27061 0.092262 0.0086472 0.071981 -0.0025895 0.0073708 0.17012 0.15138 0.098997 0.32388 0.4145 0.11609 0.39402 0.045736 0.054219 0.21333 0.27718 0.15665 0 0.097799 -0.0458 -0.025212 -0.073168 0.13012 0.050969 0.069683 -0.031731 0.44589 0.21292 0.067134 0.1495 0.13688 0.14215 -0.066354 0.05924 0.092525 0.090312 0.036125 0.026539 -0.00050446 0.12074 0.1135 0.06739 0.27718 0.30419 0.10795 0.38521 0.050366 0.0095007 0.20721 0.27724 0.18357 0.43879 0.076537 -0.084731 -0.030043 -0.050081 0.10854 0.037342 0.045264 -0.026702 0.41588 0.15599 -0.0087907 0.1282 0.078184 0.13389 -0.085087 0.083848 0.1011 0.064472 -0.0049162
0.12301 0.17045 0.052864 0.19385 0.024319 0.071832 0.017691 0.047667 0.1207 0.1937 0.12077 0.036337 0.16241 0.058809 0.070696 0.018648 0.030424 0.0917 0.0039575 0.38915 -0.078014 0.34875 0.031055 0.10412 -0.031173 -0.026531 0.069131 0.06023 0.062478 0.35876 -0.01848 -0.19313 0.097799 0 0.1359 -0.2135 -0.0042412 0.41392 0.52373 0.27073 0.59282 0.20253 0.093289 0.14845 0.3214 0.37734 0.17014 0.34878 -0.069225 -0.012373 0.36277 0.48478 0.036803 0.34938 -0.1048 0.3241 0.0039663 0.08924 -0.070478 -0.034112 0.096792 0.055734 0.040175 0.32683 -0.028902 -0.20757 0.13295 0.77328 0.1804 -0.22763 0.057494 0.39416 0.45106 0.32712 0.53493 0.25685 0.085507 0.1325 0.24914 0.30707 0.16409 0.40826 -0.10035 -0.035513 0.31597 0.45427
0.095444 0.11965 0.23203 0.18086 0.071928 -0.032161 0.02214 -0.026735 0.042088 0.23459 0.036089 0.19593 0.15158 0.025723 -0.038507 0.005797 -0.02074 0.03076 0.48045 0.20536 0.56392 -0.068191 0.068803 0.13075 0.24675 0.44891 -0.23324 -0.0085426 0.43302 -0.030997 -0.17172 0.20639 -0.0458 0.1359 0 0.38085 0.84564 0.0067278 0.10472 0.10036 0.37183 -0.089354 -0.11766 0.57713 0.48975 0.31938 0.23237 0.68518 -0.064519 0.0061494 0.12844 0.38835 0.24972 0.19731 0.34872 -0.087473 0.029116 0.062922 0.12797 0.21206 -0.29427 -0.013838 0.28678 -0.036097 -0.2043 0.036238 -0.048074 0.11836 0.66938 0.26124 0.6009 -0.015611 0.097989 0.038593 0.31447 -0.14727 -0.121 0.24612 0.23987 0.19263 0.1801 0.46556 -0.055082 -0.034334 0.13017 0.3373
-0.066281 -0.065807 -0.008362 -0.093285 0.0016048 0.021545 0.07603 -0.082804 -0.05909 0.095529 -0.14555 -0.0483 -0.10959 -0.044569 -0.011702 0.043618 -0.080994 -0.053616 0.20202 -0.22248 0.46123 -0.18662 0.038806 0.034849 0.36165 0.38987 -0.038157 -0.014827 0.29487 -0.17141 0.08519 0.58526 -0.025212 -0.2135 0.38085 0 0.61323 -0.17142 -0.15131 -0.1174 -0.092403 -0.072673 -0.16179 0.20985 0.22388 -0.081565 0.0086775 0.19781 0.15033 0.084346 -0.083404 -0.12489 -0.027974 -0.22997 0.19389 -0.19921 0.041901 0.0021467 0.11779 0.17584 -0.19834 -0.018162 0.10727 -0.16576 -0.024642 0.26653 -0.041749 -0.19158 0.076789 0.55823 0.22268 -0.1845 -0.11896 -0.22075 -0.11463 -0.284 -0.23534 -0.13211 -0.092729 -0.14753 -0.021503 -0.069504 0.12034 0.071281 -0.068391 -0.13689
0.011056 0.012376 0.13871 0.060113 0.05073 -0.02073 0.072918 -0.076064 -0.010928 0.19417 -0.064406 0.10764 0.046311 -0.0081127 -0.046347 0.048311 -0.061889 -0.0062859 0.54055 0.015515 0.54782 -0.13455 0.071295 0.097115 0.24952 0.47475 -0.24919 0.0067268 0.47353 -0.080118 -0.097506 0.37057 -0.073168 -0.0042412 0.84564 0.61323 0 -0.079853 -0.024431 -0.034341 0.23431 -0.21683 -0.20598 0.43467 0.34732 0.17594 0.22114 0.55521 0.027844 0.034289 0.0159 0.20271 0.26646 -0.025247 0.28775 -0.14369 0.049613 0.034224 0.014322 0.23754 -0.34534 0.0053273 0.27514 -0.09112 -0.17503 0.096254 -0.083067 -0.011173 0.4993 0.45938 0.59528 -0.097544 0.0079229 -0.12554 0.1516 -0.32516 -0.22439 0.076563 0.0052162 0.07032 0.15344 0.24067 -0.030462 -0.0017173 0.038365 0.16239
0.12529 0.23411 0.096484 0.13177 0.053058 0.081843 -0.013749 0.047955 0.17593 0.13393 0.2381 0.095684 0.13128 0.061065 0.06288 -0.054148 0.04692 0.16575 -0.038084 0.28885 -0.12142 0.87788 0.025634 0.28533 0.011028 -0.11674 0.14849 0.33102 0.095374 0.91342 -0.0080731 -0.20027 0.13012 0.41392 0.0067278 -0.17142 -0.079853 0 0.39474 0.2347 0.35877 0.27797 0.12514 0.030048 0.10456 0.57096 0.094107 0.13632 -0.061361 -0.0255 0.31557 0.36455 -0.012821 0.28223 -0.15751 0.84313 0.0041994 0.30106 -0.032865 -0.052475 0.19071 0.40392 0.087013 0.8723 -0.0018174 -0.19121 0.14063 0.38387 0.045659 -0.18329 -0.031954 0.96605 0.43062 0.25472 0.39042 0.32902 0.14503 0.036124 0.086079 0.54024 0.072517 0.26659 -0.067842 -0.049091 0.28263 0.35645
0.063464 0.13401 0.010551 0.19286 0.076825 0.088748 0.055414 0.022499 0.095636 0.26312 0.05583 0.005429 0.11679 0.064759 0.072836 0.038606 0.0058072 0.077498 0.086476 0.32916 -0.0015792 0.29176 0.046341 0.093321 -0.057756 0.024939 0.034196 0.010881 0.02622 0.31929 0.0073125 -0.11246 0.050969 0.52373 0.10472 -0.15131 -0.024431 0.39474 0 0.1042 0.89167 0.093943 0.016962 0.068957 0.32826 0.42199 0.31072 0.41934 -0.015241 0.036684 0.48754 0.60527 0.058353 0.29045 -0.15464 0.2609 0.0048893 0.076616 -0.14038 -0.034264 0.014855 0.0094376 -0.020286 0.28744 -0.030815 -0.19806 0.072225 0.47308 0.079692 -0.22908 -0.088607 0.36058 0.89358 0.13946 0.78752 0.098028 -0.0035415 -0.035767 0.15571 0.32515 0.25645 0.38796 -0.096215 -0.017535 0.39982 0.50095
0.36674 0.33392 0.20401 0.2103 0.09361 0.10103 -0.12078 0.071279 0.19429 0.31099 0.34631 0.22711 0.21743 0.089701 0.083734 -0.10735 0.063852 0.18731 -0.095953 0.41401 0.11277 0.08721 0.044526 -0.049954 0.22047 0.033397 0.4176 0.03377 0.2601 0.10977 -0.01235 -0.072694 0.069683 0.27073 0.10036 -0.1174 -0.034341 0.2347 0.1042 0 0.083216 0.54641 0.36374 0.43902 0.28691 0.17598 -0.08357 0.35598 -0.073245 -0.0523 0.19703 0.35048 -0.07228 0.3814 0.17072 0.089897 0.044599 -0.061563 0.26506 0.063263 0.42274 0.033716 0.24385 0.067347 0.092884 0.024995 0.036123 0.22077 0.18196 -0.069167 0.10838 0.25263 0.08438 0.68993 0.10789 0.5242 0.3337 0.4404 0.34401 0.076191 -0.056101 0.37605 -0.079601 -0.082459 0.18908 0.36188
0.076149 0.12211 0.077273 0.28485 0.092528 0.054118 0.068487 0.014481 0.073357 0.2724 0.069487 0.06127 0.2206 0.068834 0.053979 0.0681 -0.0041657 0.064508 0.18235 0.39743 0.12769 0.28593 0.055241 0.14641 -0.098252 0.13702 -0.14343 0.07077 0.11279 0.28617 -0.07889 -0.13822 -0.031731 0.59282 0.37183 -0.092403 0.23431 0.35877 0.89167 0.083216 0 -0.075031 -0.038705 0.14304 0.47897 0.50982 0.3146 0.5463 -0.055898 0.013211 0.41778 0.63346 0.13802 0.35253 -0.073442 0.25536 0.0051775 0.12731 -0.20095 0.026811 -0.15043 0.075616 0.067703 0.26993 -0.12532 -0.24106 0.030259 0.56249 0.32079 -0.19354 0.095119 0.33057 0.82208 0.12326 0.91259 -0.023299 -0.047854 0.031482 0.27457 0.44631 0.26192 0.48524 -0.12377 -0.032366 0.33207 0.55104
0.1855 0.19498 0.089613 0.037143 0.011422 0.27123 -0.036084 0.046371 0.15493 0.24146 0.19763 0.068018 0.019292 0.040032 0.25884 -0.028497 0.073018 0.15857 -0.078963 0.096634 0.32451 0.27662 0.047422 0.10124 0.71217 -0.017963 0.82018 -0.030918 0.090122 0.24308 0.40457 0.2687 0.44589 0.20253 -0.089354 -0.072673 -0.21683 0.27797 0.093943 0.54641 -0.075031 0 0.43883 0.32577 0.37757 0.16538 0.022644 0.069868 0.13835 0.049367 0.12253 0.053447 -0.06599 0.078892 0.20792 0.22177 0.053279 0.086136 0.54286 -0.019243 0.77973 0.039713 -0.0024722 0.22644 0.39967 0.32366 0.36613 0.15479 -0.20007 -0.11107 -0.22409 0.28316 0.078255 0.4173 -0.074756 0.92039 0.35339 0.15387 0.32236 0.010532 0.0496 -0.0038474 0.16131 0.079393 0.13157 0.024343
0.089272 0.15967 0.17474 0.12704 0.053902 0.2339 -1.1376e-05 0.12134 0.13694 0.085937 0.18546 0.17459 0.10985 0.055991 0.24126 0.0043984 0.12355 0.13682 -0.13898 0.27235 -0.03612 0.072347 0.062384 0.04034 0.12736 -0.076019 0.47417 0.079301 0.19933 0.084266 0.4017 0.0056644 0.21292 0.093289 -0.11766 -0.16179 -0.20598 0.12514 0.016962 0.36374 -0.038705 0.43883 0 0.056566 0.35443 -0.041251 0.032818 -0.066951 0.052127 0.041282 0.15328 0.17544 -0.094174 0.25764 -0.062295 0.060991 0.044912 0.029344 0.061065 -0.052972 0.43656 0.085364 0.14004 0.062312 0.42243 0.077006 0.15855 0.078347 -0.11309 -0.17319 -0.11751 0.12317 0.010817 0.3074 -0.024457 0.38279 0.57707 0.03141 0.32117 -0.085412 0.061221 -0.025696 0.040563 0.047937 0.14072 0.16344
0.36113 0.22041 0.25709 0.16165 0.073121 0.0022572 -0.12683 -0.00027899 0.10518 0.46065 0.19669 0.23097 0.13776 0.045653 -0.020514 -0.10738 -0.011305 0.1156 0.015666 0.26074 0.70673 -0.024334 0.044337 -0.020431 0.53135 0.39683 0.10203 -0.10198 0.45242 -0.017783 -0.20512 0.047119 0.067134 0.14845 0.57713 0.20985 0.43467 0.030048 0.068957 0.43902 0.14304 0.32577 0.056566 0 0.47316 0.42171 -0.1086 0.66846 -0.12369 -0.090152 0.08535 0.26097 -0.0051842 0.22036 0.54737 -0.045409 0.03504 -0.057047 0.44794 0.2212 0.045812 -0.085101 0.2824 -0.037858 -0.13794 0.079031 0.022474 0.11782 0.43505 0.20248 0.31609 0.03972 0.015872 0.36982 0.10738 0.29619 0.033471 0.69741 0.28575 0.20688 -0.07835 0.44607 -0.084907 -0.12607 0.081657 0.20267
0.022179 0.16535 0.19832 0.16448 0.06576 0.17818 0.061462 0.010385 0.077828 0.27412 0.074194 0.11409 0.12031 0.04945 0.16184 0.043542 0.018166 0.080979 0.17348 0.32083 0.42515 0.081147 0.071298 0.095326 0.38343 0.22777 0.26176 -0.023158 0.29041 0.074771 0.26929 0.36991 0.1495 0.3214 0.48975 0.22388 0.34732 0.10456 0.32826 0.28691 0.47897 0.37757 0.35443 0.47316 0 0.29515 0.15992 0.48681 0.11568 0.063382 0.19093 0.30627 0.019664 0.23939 0.10843 0.029084 0.046932 0.05632 0.057937 0.086035 0.11394 0.0011321 0.043358 0.063554 0.13416 0.10439 0.12715 0.31696 0.15531 -0.044727 0.034108 0.082401 0.28112 0.1527 0.39562 0.14979 0.17598 0.026657 0.50992 0.15717 0.15925 0.2107 0.086166 0.048917 0.17759 0.24384
0.18108 0.13119 0.058534 0.11711 0.016308 0.077455 0.026845 0.007377 0.056014 0.25204 0.094712 0.074093 0.10261 0.018877 0.072893 0.029527 0.0015421 0.059869 0.10533 0.26972 0.39598 0.64321 0.09139 0.51072 0.37702 0.39051 -0.018977 0.30964 0.19048 0.66183 -0.10264 -0.10235 0.13688 0.37734 0.31938 -0.081565 0.17594 0.57096 0.42199 0.17598 0.50982 0.16538 -0.041251 0.42171 0.29515 0 0.088346 0.51373 -0.069043 -0.012686 0.1773 0.36197 0.079501 0.2532 0.20079 0.60251 0.04712 0.46989 0.2202 0.322 0.029825 0.27926 0.13118 0.66522 -0.096193 -0.1232 0.15429 0.34325 0.32326 -0.10322 0.16997 0.55798 0.36496 0.19409 0.4665 0.27284 -0.021168 0.24969 0.17079 0.93605 0.036516 0.43085 -0.072565 -0.036629 0.15449 0.31413
-0.18625 -0.11277 -0.072711 -0.022161 0.0055166 0.21489 0.23314 0.0058551 -0.002179 -0.13364 -0.16641 -0.10128 -0.047962 -0.017804 0.21117 0.2012 0.013178 0.010303 0.72306 0.051873 0.063107 0.18261 0.10763 0.3374 0.085415 0.1671 -0.012963 0.16108 0.066194 0.21086 0.18526 0.36772 0.14215 0.17014 0.23237 0.0086775 0.22114 0.094107 0.31072 -0.08357 0.3146 0.022644 0.032818 -0.1086 0.15992 0.088346 0 0.10799 0.065212 0.22115 0.56689 0.31617 0.57834 0.046899 -0.084668 0.14745 0.071896 0.32011 -0.055295 0.08449 -0.057494 0.13759 0.014133 0.19619 0.10853 0.19177 0.1569 0.20578 0.10439 -0.059185 0.059766 0.033208 0.34569 -0.092256 0.30878 -0.0025386 0.037602 -0.18011 0.052455 0.10898 0.84752 0.056744 0.025449 0.2007 0.46899 0.26105
0.34762 0.2361 0.18577 0.25066 0.10958 -0.073338 -0.06277 -0.000591 0.11387 0.38762 0.22056 0.18307 0.22832 0.08367 -0.087561 -0.065626 -0.028585 0.13242 0.25161 0.37449 0.46387 0.018417 0.063586 0.0054743 0.23315 0.42894 -0.16284 -0.1201 0.39938 0.056147 -0.30343 0.11362 -0.066354 0.34878 0.68518 0.19781 0.55521 0.13632 0.41934 0.35598 0.5463 0.069868 -0.066951 0.66846 0.48681 0.51373 0.10799 0 -0.091233 -0.042562 0.28727 0.57823 0.19416 0.36275 0.38289 0.0073926 0.024208 -0.055768 0.27627 0.28171 -0.15929 -0.093245 0.31663 0.035064 -0.26921 0.11191 -0.057077 0.29213 0.6254 0.22189 0.50006 0.13301 0.31289 0.32729 0.47612 0.12616 -0.03817 0.50239 0.40278 0.36343 0.091811 0.82614 -0.068947 -0.082711 0.22464 0.51408
-0.10502 -0.044838 -0.052244 -0.069957 -0.029431 0.057699 0.042298 -0.0027331 -0.0279 -0.019968 -0.084502 -0.083845 -0.085961 -0.0418 0.046405 0.041669 -0.012938 -0.03441 0.099534 -0.12746 0.026982 -0.035346 0.033171 0.065442 0.16265 0.021693 0.14309 0.011515 -0.037954 -0.020823 0.28298 0.31035 0.05924 -0.069225 -0.064519 0.15033 0.027844 -0.061361 -0.015241 -0.073245 -0.055898 0.13835 0.052127 -0.12369 0.11568 -0.069043 0.065212 -0.091233 0 0.092769 -0.072535 -0.12998 0.025589 -0.14755 -0.10094 -0.030386 0.0081715 0.056261 -0.0099779 0.013736 0.071351 0.020944 -0.10247 -0.02032 0.15705 0.19551 0.035416 -0.054966 -0.1761 0.04426 -0.13239 -0.056117 0.0033666 -0.15681 -0.076356 0.0087363 -0.0032216 -0.2642 -0.022649 -0.054768 0.057288 -0.19303 0.21231 0.088161 -0.038076 -0.14637
-0.067445 -0.05599 -0.049444 -0.02066 -0.021645 0.15133 0.13233 -0.00033451 -0.019429 -0.0045814 -0.076293 -0.069935 -0.047827 -0.013015 0.13144 0.10646 -0.013985 0.026505 0.1516 -0.043392 0.0078489 0.018203 0.10379 0.15201 0.10515 0.11919 0.048396 0.054309 0.050058 0.012647 0.18145 0.28021 0.092525 -0.012373 0.0061494 0.084346 0.034289 -0.0255 0.036684 -0.0523 0.013211 0.049367 0.041282 -0.090152 0.063382 -0.012686 0.22115 -0.042562 0.092769 0 0.029217 0.021399 0.08663 -0.063915 -0.057611 0.006243 0.039508 0.12481 0.015346 0.090468 0.028972 0.047046 -0.029988 0.028254 0.13448 0.20597 0.06664 -0.012919 -0.047561 0.021266 -0.032512 -0.034574 0.023895 -0.093415 -0.0075526 0.0076867 0.0070432 -0.14773 0.025011 -0.014823 0.18939 -0.085271 0.098152 0.16751 0.016968 0.0053435
0.035182 0.16792 0.072686 0.13517 0.063307 0.11229 0.015217 0.045786 0.12336 0.037266 0.16531 0.06794 0.12651 0.075339 0.091551 0.011458 0.043285 0.16811 0.17269 0.28924 -0.011676 0.19586 0.050068 0.11684 0.0040754 -0.00034833 0.11761 0.11928 0.13181 0.26778 0.025909 -0.075838 0.090312 0.36277 0.12844 -0.083404 0.0159 0.31557 0.48754 0.19703 0.41778 0.12253 0.15328 0.08535 0.19093 0.1773 0.56689 0.28727 -0.072535 0.029217 0 0.50364 0.23693 0.29684 0.00027483 0.19449 0.039324 0.12274 0.017978 -0.0077717 0.10069 0.10644 0.13485 0.23771 0.051125 -0.053283 0.10901 0.3525 0.18763 -0.078506 0.090977 0.28921 0.45416 0.24194 0.40888 0.17225 0.16462 0.084003 0.20142 0.1654 0.53598 0.36141 -0.047189 -0.0067879 0.64726 0.46064
0.23279 0.29167 0.18848 0.35296 0.14473 0.078209 0.027826 0.088097 0.18631 0.22896 0.28445 0.19602 0.32061 0.12403 0.076164 0.023447 0.063647 0.19275 0.1429 0.56707 -0.040646 0.23358 0.10201 0.13443 -0.087048 0.096853 -0.036353 0.11482 0.32596 0.27467 -0.089911 -0.18946 0.036125 0.48478 0.38835 -0.12489 0.20271 0.36455 0.60527 0.35048 0.63346 0.053447 0.17544 0.26097 0.30627 0.36197 0.31617 0.57823 -0.12998 0.021399 0.50364 0 0.17616 0.54034 -0.0097973 0.22779 0.057152 0.092172 -0.043504 0.068016 -0.00019973 0.11496 0.31892 0.24393 -0.059086 -0.1469 0.052595 0.45427 0.49332 -0.08738 0.32959 0.35384 0.53076 0.40446 0.6051 0.16015 0.1956 0.26534 0.33792 0.31585 0.2819 0.6447 -0.1325 -0.03073 0.41132 0.76807
-0.043361 -0.11752 -0.03004 -0.014106 -0.0071096 0.02561 0.090095 -0.020613 -0.034389 -0.15008 -0.13768 -0.028574 0.0087598 -0.017512 0.034107 0.10075 -0.01157 -0.0059885 0.64385 0.033281 0.027038 0.085065 0.01679 0.24197 0.022335 0.11664 -0.16671 0.14199 0.077748 0.090249 -0.05733 0.2114 0.026539 0.036803 0.24972 -0.027974 0.26646 -0.012821 0.058353 -0.07228 0.13802 -0.06599 -0.094174 -0.0051842 0.019664 0.079501 0.57834 0.19416 0.025589 0.08663 0.23693 0.17616 0 0.044221 0.15815 0.090966 0.034187 0.2678 0.13805 0.18931 -0.16069 0.090468 0.11316 0.084892 -0.043173 0.38254 0.036936 0.056132 0.39746 0.14203 0.43856 -0.042477 0.10478 -0.029605 0.18726 0.0025686 -0.045946 0.034534 0.21549 0.077462 0.70315 0.21618 0.034092 0.15655 0.21031 0.16742
