0,0.338538765907288,0.267610609531403,0.284446507692337,0.0878023505210876,-0.00434708362445235,-0.0893480703234673,0.0615973547101021,0.211869806051254,0.736386835575104,0.41687485575676,0.356597721576691,0.299301505088806,0.116233348846436,-0.00159200699999928,-0.101098157465458,0.0436122231185436,0.266944110393524,-0.155434593558311,0.238011166453362,0.0486647263169289,-0.0211215559393167,0.0225794110447168,-0.0626725032925606,0.072090856730938,0.1486846357584,0.102728508412838,0.0120594464242458,0.183620050549507,-0.0108128963038325,-0.148827895522118,-0.0932211056351662,0.0172696448862553,0.115651078522205,0.0660972446203232,-0.0673987343907356,0.00436209002509713,0.109289012849331,0.0475085414946079,0.366280883550644,0.0512631945312023,0.193805754184723,0.106558240950108,0.362757056951523,0.0352318175137043,0.163049146533012,-0.172012001276016,0.342000186443329,-0.0936988741159439,-0.0651907622814178,0.028292341157794,0.218978643417358,-0.0289466213434935,0.272333115339279,0.384850114583969,-0.0165040008723736,0.0347002409398556,-0.088886521756649,0.339839458465576,0.231211692094803,0.196555569767952,-0.0018175485311076,0.302156239748001,-0.0368454679846764,-0.0293418858200312,0.114964254200459,0.0241884868592024,0.129096031188965,0.362865030765533,0.17447167634964,0.27566322684288,0.123405866324902,0.0538249276578426,0.449667453765869,0.156045615673065,0.309951156377792,0.183699861168861,0.570960879325867,0.384207755327225,0.173735037446022,-0.131855472922325,0.518995881080627,-0.00829305499792099,-0.0820253044366837,0.0384759120643139,0.269781470298767
0.338538765907288,0,0.251213490962982,0.278622776269913,0.114834614098072,0.00474925665184855,-0.0835110992193222,0.0752264931797981,0.228095963597298,0.356027990579605,0.525768220424652,0.270478427410126,0.264958053827286,0.105222478508949,-0.0147612728178501,-0.101253598928452,0.0620687305927277,0.220102086663246,-0.124929524958134,0.280850797891617,0.0204150918871164,0.0976121798157692,0.016178086400032,-0.0716434121131897,0.0381761975586414,0.0234501026570797,0.142141774296761,0.073668472468853,0.143300279974937,0.129595562815666,-0.0375287309288979,-0.131466791033745,0.00638011749833822,0.179495975375175,0.0881118774414062,-0.0790567398071289,-0.00616905093193054,0.238220006227493,0.133175164461136,0.345559924840927,0.107528537511826,0.192055195569992,0.168334916234016,0.210623353719711,0.15269623696804,0.118995808064938,-0.117527529597282,0.226658314466476,-0.0547056496143341,-0.0661519542336464,0.181461289525032,0.292884558439255,-0.119024455547333,0.267956793308258,0.047060664743185,0.0938567370176315,0.00679083727300167,-0.0920643210411072,0.0515364669263363,-0.0234036128968,0.136685103178024,0.068824402987957,0.132824152708054,0.0856514275074005,-0.0180228725075722,-0.110013425350189,-0.0266838632524014,0.115209206938744,0.15211184322834,-0.0379289351403713,0.0747600421309471,0.268448770046234,0.0784720852971077,0.327662140130997,0.0868445560336113,0.190026760101318,0.162503883242607,0.181341633200645,0.15891931951046,0.0570145770907402,-0.129516243934631,0.219315439462662,-0.0563775189220905,-0.0858681723475456,0.16432623565197,0.27149024605751
0.267610609531403,0.251213490962982,0,0.41364711523056,0.114674367010593,0.0336072333157063,-0.00914458744227886,0.150011569261551,0.142255127429962,0.284297257661819,0.277855038642883,0.59869647026062,0.403094440698624,0.0712163671851158,0.026688339188695,-0.0280018206685781,0.127365812659264,0.154965922236443,-0.0363067537546158,0.209552854299545,0.102457746863365,0.00855761766433716,0.0110667487606406,-0.045532401651144,0.0165546834468842,0.0436388403177261,0.0776343792676926,-1.26659870147705e-07,0.190617173910141,0.0282080378383398,-0.0107038384303451,-0.0736329853534698,-0.0313675925135612,0.0484592095017433,0.219994336366653,-0.0106881996616721,0.137043982744217,0.0910251811146736,0.00384992314502597,0.205615967512131,0.0707472413778305,0.0829388201236725,0.174371629953384,0.247475251555443,0.191500216722488,0.0506471432745457,-0.0609523579478264,0.17536424100399,-0.0560502335429192,-0.0477553717792034,0.0791674107313156,0.184321165084839,-0.0178902093321085,0.180270433425903,0.103990912437439,-0.00734642893075943,0.0302932374179363,-0.0637581273913383,0.0173030234873295,0.0211053863167763,0.0599040910601616,0.00907637551426888,0.162533059716225,-0.00235679955221713,-0.00288892560638487,-0.0804737210273743,-0.0209929551929235,0.0257567502558231,0.202284052968025,-0.0243359636515379,0.146601289510727,0.0976970866322517,-0.0151862911880016,0.204698324203491,0.0871094465255737,0.0741687268018723,0.125572353601456,0.171151533722878,0.158227980136871,0.00751302624121308,-0.0588504187762737,0.180428698658943,-0.0653086006641388,-0.0561819151043892,0.0865215361118317,0.181211203336716
0.284446507692337,0.278622776269913,0.41364711523056,0,0.212502792477608,0.0105623006820679,-0.00746117485687137,0.11421774327755,0.143449142575264,0.264844834804535,0.286845117807388,0.395108073949814,0.662410378456116,0.134200409054756,0.00536414002999663,-0.019265303388238,0.101750805974007,0.149673327803612,-0.0641298592090607,0.310413151979446,-0.0423120819032192,0.0372320599853992,0.00983875710517168,-0.0330372452735901,-0.0939857810735703,0.0090207802131772,0.00887422170490026,0.0125284623354673,0.152264907956123,0.0492945499718189,-0.030714426189661,-0.162041336297989,-0.0267612617462873,0.194905996322632,0.170942291617393,-0.0912318751215935,0.066109724342823,0.126890361309052,0.180151015520096,0.227541238069534,0.268925726413727,0.0416609384119511,0.140975967049599,0.166260942816734,0.174397617578506,0.111482754349709,-0.0274789426475763,0.251908332109451,-0.0715737268328667,-0.025953333824873,0.133375629782677,0.356952697038651,-0.0121796643361449,0.294452160596848,0.0163437258452177,0.036524947732687,0.00526302726939321,-0.0494670160114765,-0.0505461655557156,-0.0222863126546144,0.0248334668576717,0.0209900736808777,0.158013895153999,0.0282123424112797,-0.0242404583841562,-0.139123409986496,0.00456679239869118,0.154636964201927,0.262642830610275,-0.0570440888404846,0.1600481569767,0.140083134174347,0.110346429049969,0.261432498693466,0.253508299589157,0.0808303281664848,0.145193323493004,0.183434560894966,0.195848733186722,0.0839393883943558,-0.0392979606986046,0.307266414165497,-0.0700206458568573,-0.0613966844975948,0.129592046141624,0.360459297895432
0.0878023505210876,0.114834614098072,0.114674367010593,0.212502792477608,0,-0.000159516930580139,-0.016447652131319,0.0216299835592508,0.0544317550957203,0.102005660533905,0.10604452341795,0.124088436365128,0.180881544947624,0.0480225495994091,-0.00151302828453481,-0.0257641635835171,0.0268794242292643,0.0611834488809109,-0.0194271802902222,0.109577849507332,-0.00167392415460199,0.00187549518886954,0.012185649946332,-0.0161173436790705,-0.0229641534388065,0.00338427186943591,-0.0047675734385848,-0.013439598493278,0.0738519132137299,0.00205039978027344,-0.022857591509819,-0.0371812172234058,-0.0152421621605754,0.0225487686693668,0.0702737793326378,0.006624695379287,0.0549392402172089,0.0469803921878338,0.0705238953232765,0.0971232727169991,0.0856386050581932,0.00937461387366056,0.0584678016602993,0.0746281147003174,0.0661471039056778,0.0067985150963068,0.00672444142401218,0.110087856650352,-0.0281002875417471,-0.0236730631440878,0.0644294917583466,0.146913304924965,-0.00375414080917835,0.116400688886642,-0.0210472550243139,-0.00481017306447029,-0.0152420653030276,-0.0394155234098434,-0.0418008714914322,-0.0136186834424734,-0.00679090525954962,-0.00433799251914024,0.0681457370519638,-0.0114309079945087,-0.019119018688798,-0.047939483076334,-0.0243017319589853,0.0241845361888409,0.087433822453022,-0.00690063228830695,0.0676070898771286,0.0485431030392647,0.0527506694197655,0.0811021700501442,0.0756377652287483,-0.00121778005268425,0.0310745742172003,0.0432050861418247,0.0510551556944847,-0.0159526858478785,-0.00477468967437744,0.103028491139412,-0.0422408692538738,-0.0235812403261662,0.0472892113029957,0.134284138679504
-0.00434708362445235,0.00474925665184855,0.0336072333157063,0.0105623006820679,-0.000159516930580139,0,0.172854781150818,0.0179683826863766,0.0818224921822548,0.0534140393137932,-0.0101034259423614,0.0222565028816462,0.00100287853274494,-0.0164359472692013,0.436391919851303,0.18026365339756,0.0395896248519421,0.0660737752914429,0.0749063491821289,0.0451604463160038,0.143274858593941,0.0975593104958534,0.133735373616219,0.233033508062363,0.237501636147499,0.123119182884693,0.33017161488533,0.150686874985695,0.088955394923687,0.133308038115501,0.297490298748016,0.206945568323135,0.280194103717804,0.0750588104128838,-0.0217244941741228,0.0242757257074118,-0.0136167798191309,0.090892992913723,0.0886423215270042,0.0978895872831345,0.0617058388888836,0.258930295705795,0.222133204340935,-0.0019721940625459,0.173330321907997,0.0817680954933167,0.224787548184395,-0.0628316178917885,0.0500753372907639,0.155344739556313,0.121759667992592,0.0884898081421852,0.0300423130393028,0.0335715264081955,0.0103798545897007,0.0821938365697861,0.0924884825944901,0.224783703684807,0.132101267576218,0.0978283584117889,0.282602936029434,0.154758468270302,0.0248253494501114,0.122060611844063,0.281421512365341,0.142708256840706,0.237087398767471,0.0700540915131569,-0.0995994433760643,-0.0415087081491947,-0.0718343630433083,0.0693980306386948,0.100842483341694,0.0373221263289452,0.0598421767354012,0.216061651706696,0.154931515455246,-0.0780426412820816,0.0832636058330536,0.0537858717143536,0.188986569643021,-0.0923054665327072,0.0549724251031876,0.124099373817444,0.103010199964046,0.0594109930098057
-0.0893480703234673,-0.0835110992193222,-0.00914458744227886,-0.00746117485687137,-0.016447652131319,0.172854781150818,0,-0.00785751454532146,-0.00629171635955572,-0.0439333617687225,-0.108817622065544,-0.0372903496026993,-0.0322577320039272,-0.0278412811458111,0.179979279637337,0.260432809591293,-0.00936593301594257,-0.0348694249987602,0.157062336802483,-0.0335271991789341,0.055582270026207,0.0262035671621561,0.0780603587627411,0.191035971045494,0.0717950686812401,0.132618948817253,-0.00330986268818378,0.0828080847859383,0.0224266145378351,0.0453328788280487,0.166160821914673,0.166855916380882,0.0721486285328865,0.0145993512123823,0.0331049598753452,0.0766844898462296,0.080323800444603,-0.0100847966969013,0.0472584739327431,-0.123557783663273,0.0688099712133408,-0.0368219129741192,0.00341858505271375,-0.12480416148901,0.0683856457471848,0.0290418025106192,0.234642848372459,-0.0538406632840633,0.0392781309783459,0.137683421373367,0.0189887918531895,0.0384478196501732,0.0947802439332008,-0.0469566285610199,-0.0522189065814018,0.0181233342736959,0.0308109931647778,0.167445063591003,-0.0264180731028318,0.0848316475749016,-0.0291940402239561,0.0733037516474724,-0.0178749542683363,0.0397694855928421,0.0937964394688606,0.0941102206707001,0.0610773600637913,0.023286459967494,-0.0453523546457291,-0.0123224472627044,-0.0116797797381878,-0.0262751244008541,0.0573764927685261,-0.136037841439247,0.0711032971739769,-0.055278517305851,-0.0190197192132473,-0.17987197637558,-0.0103724608197808,0.0377185866236687,0.189674720168114,-0.119401916861534,0.0279111675918102,0.110874027013779,0.00540902046486735,0.00439921161159873
0.0615973547101021,0.0752264931797981,0.150011569261551,0.11421774327755,0.0216299835592508,0.0179683826863766,-0.00785751454532146,0,0.0558264069259167,0.0428625792264938,0.0805637761950493,0.13282997906208,0.11019017547369,0.0143818836659193,0.0300467256456614,0.000318474136292934,0.109852656722069,0.0650700628757477,-0.0391271002590656,0.0915109664201736,-0.0593427531421185,0.0207579676061869,0.000993485213257372,-0.0100602842867374,-0.0432230345904827,-0.0197818726301193,0.0543759576976299,0.0185198988765478,0.0242212451994419,0.0107753947377205,0.0632902011275291,-0.0589119754731655,0.0214104261249304,0.0498265959322453,-0.0212824493646622,-0.079606868326664,-0.0710846707224846,0.0481310449540615,0.0241624545305967,0.0710681974887848,0.0171110145747662,0.0431501083076,0.110491707921028,0.00313264038413763,0.0108773605898023,0.00947796925902367,0.00262379040941596,0.00692851608619094,-0.0106488950550556,0.000560602115001529,0.0476805344223976,0.083527073264122,-0.0238847862929106,0.0760117247700691,-0.0371497198939323,0.0232350267469883,-0.00383014231920242,-0.00431688036769629,-0.019149137660861,0.00400401465594769,0.0645746961236,0.0332641340792179,0.0333053842186928,0.00352210435084999,0.0606264434754848,-0.0421102270483971,0.00915732141584158,0.0472423918545246,0.00472839269787073,-0.0807255357503891,-0.00880598276853561,0.0519926622509956,0.0140781374648213,0.0760788694024086,0.0330659598112106,0.0544304363429546,0.0969144925475121,0.0213627927005291,0.0354453437030315,0.00775844976305962,0.0110262278467417,0.0563153363764286,-0.013679513707757,0.0016267872415483,0.0558734722435474,0.0876150503754616
0.211869806051254,0.228095963597298,0.142255127429962,0.143449142575264,0.0544317550957203,0.0818224921822548,-0.00629171635955572,0.0558264069259167,0,0.226508870720863,0.241247460246086,0.132155522704124,0.135915502905846,0.0574294477701187,0.0697140097618103,-0.0232263281941414,0.0532206669449806,0.201971337199211,-0.0514341071248055,0.171532079577446,-0.00239660870283842,0.0697516947984695,0.0164790395647287,0.000972613401245326,0.022212216630578,-0.00342918699607253,0.130418911576271,0.0237538330256939,0.0770616009831429,0.0983890518546104,0.0182243399322033,-0.0608764886856079,0.0622651539742947,0.120292373001575,0.0268172696232796,-0.0634595081210136,-0.018713716417551,0.1733777821064,0.0990455970168114,0.193884462118149,0.0667129084467888,0.150594383478165,0.139283314347267,0.101559214293957,0.0734144449234009,0.0523506365716457,-0.000731494161300361,0.114783152937889,-0.0392125025391579,-0.0237115118652582,0.130018249154091,0.187138125300407,-0.0327510498464108,0.176936656236649,0.0419013239443302,0.0622997917234898,0.0229298770427704,-0.0171763431280851,0.0545156560838223,0.00864881463348866,0.150829151272774,0.0177706964313984,0.0927062630653381,0.086892805993557,0.0573277361690998,-0.0179586037993431,0.0319871082901955,0.0792228356003761,0.0857007429003716,-0.0332705341279507,0.0412616357207298,0.179429456591606,0.0754872709512711,0.189966008067131,0.0641898959875107,0.173298835754395,0.142670944333076,0.111168392002583,0.127166375517845,0.0207437090575695,-0.00391063140705228,0.153929755091667,-0.0359085872769356,-0.0104854088276625,0.125445201992989,0.182798355817795
0.736386835575104,0.356027990579605,0.284297257661819,0.264844834804535,0.102005660533905,0.0534140393137932,-0.0439333617687225,0.0428625792264938,0.226508870720863,0,0.333614081144333,0.282669752836227,0.228290602564812,0.102747045457363,0.0401595011353493,-0.0596494935452938,0.0369831807911396,0.236782789230347,-0.0809973478317261,0.240303739905357,0.209157913923264,0.0173056554049253,0.0456976480782032,-0.0914295166730881,0.176230251789093,0.213262334465981,0.138740956783295,-0.0564125068485737,0.191342115402222,0.0133939441293478,-0.0271888412535191,0.0416869558393955,0.0377319790422916,0.197640493512154,0.193091616034508,0.0825350806117058,0.167614206671715,0.129611700773239,0.264143645763397,0.310977220535278,0.266595155000687,0.21201103925705,0.0934884697198868,0.423263311386108,0.256752371788025,0.239795044064522,-0.121340148150921,0.374154567718506,-0.0269682817161083,-0.00595876341685653,0.035085815936327,0.223307177424431,-0.126225247979164,0.185174629092216,0.106830932199955,0.010788518935442,0.0261160749942064,-0.0964508205652237,0.0987040176987648,0.125586032867432,0.100159220397472,-0.02342214807868,0.102518260478973,0.00903839617967606,-0.0183292701840401,0.0173117760568857,0.0265906192362309,0.131514847278595,0.15088526904583,0.0345276072621346,0.0587119199335575,0.142159268260002,0.141595274209976,0.274963051080704,0.16210363805294,0.141369745135307,0.0696014165878296,0.227384880185127,0.10612715780735,0.102936364710331,-0.106944717466831,0.347749501466751,-0.0437606535851955,-0.0539752952754498,0.0500241443514824,0.197619661688805
0.41687485575676,0.525768220424652,0.277855038642883,0.286845117807388,0.10604452341795,-0.0101034259423614,-0.108817622065544,0.0805637761950493,0.241247460246086,0.333614081144333,0,0.33293092250824,0.315026819705963,0.119501560926437,-0.0277261771261692,-0.115495607256889,0.0993593260645866,0.261621981859207,-0.202657088637352,0.310886144638062,-0.0349173210561275,0.0768472775816917,0.00883929245173931,-0.0943590104579926,-0.00233311718329787,-0.0366979911923409,0.148617014288902,0.0510098524391651,0.127768322825432,0.105217464268208,-0.0664866641163826,-0.206302002072334,0.00890715979039669,0.133721068501472,0.0122954016551375,-0.153023093938828,-0.0715106055140495,0.238223239779472,0.0610489547252655,0.359254688024521,0.0574833378195763,0.201665863394737,0.19710648059845,0.202533528208733,0.0763144940137863,0.0793391168117523,-0.171245470643044,0.221346378326416,-0.0917083248496056,-0.0878032445907593,0.178220942616463,0.287910163402557,-0.14270855486393,0.317163556814194,0.133552059531212,0.0858831480145454,0.00184526084922254,-0.121661081910133,0.130430459976196,-0.0287697650492191,0.198893681168556,0.0321395918726921,0.185088142752647,0.0638231337070465,-0.0133338710293174,-0.0924637764692307,-0.00960806477814913,0.133553609251976,0.22731950879097,-0.0184903629124165,0.147069275379181,0.275710701942444,0.0421242378652096,0.409622311592102,0.0994927808642387,0.267112582921982,0.212645635008812,0.300780355930328,0.255179852247238,0.0545879267156124,-0.151075482368469,0.309233605861664,-0.0501148775219917,-0.115065351128578,0.179371669888496,0.31190213561058
0.356597721576691,0.270478427410126,0.59869647026062,0.395108073949814,0.124088436365128,0.0222565028816462,-0.0372903496026993,0.13282997906208,0.132155522704124,0.282669752836227,0.33293092250824,0,0.424895823001862,0.0902391672134399,0.0210961811244488,-0.0243726782500744,0.152316823601723,0.153960332274437,-0.0789597406983376,0.214346781373024,0.0527590699493885,-0.022184744477272,-0.00596092827618122,-0.0637068152427673,-0.0133951809257269,0.0207320582121611,0.0796477422118187,0.00604724604636431,0.18572610616684,0.00155837589409202,-0.0496869944036007,-0.136310443282127,-0.0316762886941433,0.0358449444174767,0.187095075845718,-0.0472188293933868,0.112167663872242,0.0858131423592567,-0.00134315632749349,0.230402037501335,0.0522116422653198,0.0676116943359375,0.176445141434669,0.2281693816185,0.115956597030163,0.0625232979655266,-0.0939105823636055,0.177040964365005,-0.0875936150550842,-0.0678310096263885,0.0708064958453178,0.189831629395485,-0.0172832384705544,0.24160535633564,0.17610128223896,-0.0433888807892799,0.0223689265549183,-0.0800535678863525,0.0708699002861977,0.0480803623795509,0.0836639031767845,-0.00704238191246986,0.230648621916771,-0.024054242298007,-0.00146130460780114,-0.0597212240099907,-0.00054982298752293,0.0403400287032127,0.282080233097076,0.0458709560334682,0.231989398598671,0.0931072980165482,-0.0497643947601318,0.270354568958282,0.0761678665876389,0.117138579487801,0.191002026200294,0.277532190084457,0.226565584540367,0.0235549621284008,-0.0829881727695465,0.238386243581772,-0.0601349584758282,-0.0580238662660122,0.0637221485376358,0.221820175647736
0.299301505088806,0.264958053827286,0.403094440698624,0.662410378456116,0.180881544947624,0.00100287853274494,-0.0322577320039272,0.11019017547369,0.135915502905846,0.228290602564812,0.315026819705963,0.424895823001862,0,0.152684569358826,0.00429218681529164,-0.0104076210409403,0.123735100030899,0.159734159708023,-0.068055771291256,0.289477914571762,-0.0439907535910606,0.0324560590088367,0.0130873396992683,-0.0421711951494217,-0.0987550839781761,-0.00738164316862822,-0.00666757579892874,0.0279141068458557,0.146529495716095,0.0416675731539726,-0.0682524666190147,-0.174024447798729,-0.0276141073554754,0.166103139519691,0.149465218186378,-0.106332331895828,0.0569569692015648,0.127312764525414,0.11097901314497,0.232466608285904,0.214035332202911,0.0232000704854727,0.124905347824097,0.150678023695946,0.136647149920464,0.096244104206562,-0.0492404922842979,0.235724747180939,-0.0864253714680672,-0.0520809292793274,0.1266710460186,0.329863369464874,0.0134048322215676,0.302771717309952,0.0265814308077097,0.0246385578066111,0.013198840431869,-0.039883553981781,-0.0485265515744686,0.0128590436652303,0.00766019802540541,0.0278578586876392,0.189381331205368,0.0206873435527086,-0.0400296784937382,-0.133600994944572,-0.0104385931044817,0.159684032201767,0.290897369384766,-0.0443341322243214,0.193827986717224,0.140352457761765,0.112470008432865,0.265553146600723,0.282301187515259,0.0756800398230553,0.140972897410393,0.201577797532082,0.20455214381218,0.0858690217137337,-0.012210302054882,0.322566568851471,-0.0931537002325058,-0.0565593689680099,0.13140869140625,0.388832598924637
0.116233348846436,0.105222478508949,0.0712163671851158,0.134200409054756,0.0480225495994091,-0.0164359472692013,-0.0278412811458111,0.0143818836659193,0.0574294477701187,0.102747045457363,0.119501560926437,0.0902391672134399,0.152684569358826,0,-0.00946984998881817,-0.031025804579258,0.00860129855573177,0.095855250954628,-0.0277721676975489,0.138502091169357,-0.0429847054183483,0.0204462967813015,0.0129403378814459,-0.0262594968080521,-0.0279782693833113,-0.0249152947217226,0.0168015267699957,-0.0164783000946045,0.0365985333919525,0.0175372678786516,-0.0283090993762016,-0.0614539198577404,-0.00102234224323183,0.0636066868901253,0.0243920385837555,-0.0471617579460144,-0.0104095404967666,0.0623008646070957,0.0679139420390129,0.0948190689086914,0.0695843249559402,0.0439990796148777,0.0589223280549049,0.0485056564211845,0.0518249534070492,0.0165657196193933,-0.0171954855322838,0.0885157883167267,-0.0431768260896206,-0.0148395653814077,0.0799975097179413,0.127865076065063,-0.0153787359595299,0.112063936889172,0.00244643515907228,0.0193234961479902,0.00308620976284146,-0.0272539798170328,-0.00453959964215755,-0.0156346708536148,0.032469991594553,-0.0159588064998388,0.0324096493422985,0.0201872382313013,-0.0120994560420513,-0.0371520929038525,-0.00720010092481971,0.0725977718830109,0.0808470472693443,-0.0339181013405323,0.0552513860166073,0.0746871903538704,0.071342796087265,0.0958979278802872,0.0875542163848877,0.0540579371154308,0.0746781229972839,0.0667423531413078,0.0964311063289642,0.00353649468161166,-0.0168147776275873,0.122163288295269,-0.0281216781586409,-0.0294898748397827,0.0699023082852364,0.143669307231903
-0.00159200699999928,-0.0147612728178501,0.026688339188695,0.00536414002999663,-0.00151302828453481,0.436391919851303,0.179979279637337,0.0300467256456614,0.0697140097618103,0.0401595011353493,-0.0277261771261692,0.0210961811244488,0.00429218681529164,-0.00946984998881817,0,0.222955629229546,0.0387091785669327,0.0631302669644356,0.0628340169787407,0.0465256124734879,0.128398090600967,0.0860035344958305,0.114495508372784,0.240858376026154,0.213410258293152,0.11797358840704,0.308664083480835,0.142000794410706,0.0941584855318069,0.115828156471252,0.303662300109863,0.169335782527924,0.27619343996048,0.0793316811323166,-0.0245004985481501,-0.0129833882674575,-0.0372796468436718,0.0745030120015144,0.0795420482754707,0.077868364751339,0.0667809844017029,0.241522565484047,0.229995310306549,-0.0241453386843204,0.161499992012978,0.0770518854260445,0.218031883239746,-0.0709310099482536,0.0329977534711361,0.136151507496834,0.100010812282562,0.0916766375303268,0.038197223097086,0.0500952862203121,0.058450635522604,0.0805288478732109,0.107556872069836,0.237528637051582,0.154353097081184,0.138810306787491,0.294495314359665,0.131953597068787,0.0630065351724625,0.109246715903282,0.266735196113586,0.156775698065758,0.282818019390106,0.0690465047955513,-0.0659839361906052,-0.0435178987681866,-0.0497199967503548,0.0645608231425285,0.113694503903389,0.0629358068108559,0.0643843114376068,0.234531119465828,0.174752816557884,-0.0526444502174854,0.111557461321354,0.0750507786870003,0.211032867431641,-0.0627472996711731,0.037098191678524,0.145190179347992,0.102996796369553,0.0876062661409378
-0.101098157465458,-0.101253598928452,-0.0280018206685781,-0.019265303388238,-0.0257641635835171,0.18026365339756,0.260432809591293,0.000318474136292934,-0.0232263281941414,-0.0596494935452938,-0.115495607256889,-0.0243726782500744,-0.0104076210409403,-0.031025804579258,0.222955629229546,0,0.0194396059960127,-0.011387619189918,0.120457261800766,-0.0281811114400625,0.0512607507407665,0.0234779007732868,0.0793044343590736,0.179821789264679,0.0490558594465256,0.123494863510132,-0.0118105690926313,0.0413108579814434,0.0220775548368692,0.0360533967614174,0.137239903211594,0.126277267932892,0.0972306728363037,0.0194472186267376,0.0188926514238119,0.0410160534083843,0.0555643662810326,-0.050342932343483,0.0350407175719738,-0.111522793769836,0.0720314159989357,-0.0353961475193501,0.00895435642451048,-0.109797790646553,0.0474269464612007,0.0328520014882088,0.202734380960464,-0.0566259697079659,0.0385758355259895,0.110385186970234,0.0170463975518942,0.0330972783267498,0.102353386580944,-0.033641591668129,-0.0127263758331537,0.0139876315370202,0.0485344156622887,0.191971123218536,-0.0052836537361145,0.127736121416092,-0.0308012645691633,0.0363497994840145,0.000385969848139212,0.0314993001520634,0.105911254882812,0.0953937172889709,0.103519089519978,0.0248124357312918,-0.00728237954899669,-0.00344527815468609,0.0273776538670063,-0.0593693926930428,0.0548886172473431,-0.126801460981369,0.0793105363845825,-0.0488486140966415,-0.0240812785923481,-0.136094078421593,0.000408998661441728,0.0423441752791405,0.209394991397858,-0.0791681036353111,0.0259931832551956,0.134400308132172,0.00522000063210726,0.0283209029585123
0.0436122231185436,0.0620687305927277,0.127365812659264,0.101750805974007,0.0268794242292643,0.0395896248519421,-0.00936593301594257,0.109852656722069,0.0532206669449806,0.0369831807911396,0.0993593260645866,0.152316823601723,0.123735100030899,0.00860129855573177,0.0387091785669327,0.0194396059960127,0,0.0703375786542892,-0.0295626427978277,0.0909274443984032,-0.0501631572842598,0.0319792442023754,0.0154211083427072,-0.00594245828688145,-0.0152732767164707,-0.03479278460145,0.0779523700475693,0.0303875245153904,0.0206949543207884,0.0337837375700474,0.0521778464317322,-0.0701011717319489,0.00936474930495024,0.0328922383487225,-0.0203121118247509,-0.0778422057628632,-0.0590946264564991,0.0472823157906532,0.00544771552085876,0.0690616890788078,-0.00520641403272748,0.0712263882160187,0.122192442417145,-0.00793309882283211,0.0220598056912422,0.00732432352378964,0.0070626912638545,-0.0251242276281118,-0.0122248083353043,-0.0146611109375954,0.0415673330426216,0.060989934951067,-0.0192889459431171,0.0787466466426849,-0.0360490642488003,0.0306427106261253,0.00394740235060453,0.0163773708045483,-0.0191673953086138,-0.0170696079730988,0.0667463093996048,0.0258239395916462,0.0265186540782452,0.0244517493993044,0.0471301004290581,-0.0437045879662037,0.0219410639256239,0.0392785593867302,-0.00855065602809191,-0.0999114140868187,-0.0256068557500839,0.0504675768315792,-0.00343670742586255,0.0741755291819572,0.000735900248400867,0.0705974474549294,0.118400759994984,0.0200361888855696,0.0182120371609926,0.00740966247394681,0.0162961613386869,0.0186171755194664,-0.0183771979063749,-0.00340192671865225,0.0454211942851543,0.0713088065385818
0.266944110393524,0.220102086663246,0.154965922236443,0.149673327803612,0.0611834488809109,0.0660737752914429,-0.0348694249987602,0.0650700628757477,0.201971337199211,0.236782789230347,0.261621981859207,0.153960332274437,0.159734159708023,0.095855250954628,0.0631302669644356,-0.011387619189918,0.0703375786542892,0,-0.0605072155594826,0.176228925585747,0.0280545484274626,0.0515793636441231,0.0346031449735165,0.0022117814514786,0.0503719598054886,0.0266472045332193,0.11952942609787,0.024751553311944,0.097658783197403,0.0866856575012207,0.0116895921528339,-0.0317306630313396,0.0671990290284157,0.0976479798555374,0.0236215870827436,-0.0510703399777412,-0.00541741866618395,0.162427634000778,0.08329838514328,0.190842613577843,0.0592891424894333,0.15491084754467,0.135244578123093,0.120676286518574,0.0800198912620544,0.0585044138133526,0.0150375654920936,0.144757091999054,-0.0426696799695492,0.0258630234748125,0.173216998577118,0.196789443492889,-0.00834374874830246,0.187675327062607,0.0969322994351387,0.0626903176307678,0.023139052093029,0.00204021576792002,0.1001340970397,0.0336946398019791,0.145656958222389,0.0310609377920628,0.114956878125668,0.076793946325779,0.0599063821136951,0.0123861934989691,0.0512791275978088,0.110282652080059,0.120921388268471,0.0135664651170373,0.0901005566120148,0.180004566907883,0.076728567481041,0.206401780247688,0.0836749523878098,0.188743725419044,0.140031337738037,0.154091238975525,0.162027180194855,0.0534055121243,0.0202900860458612,0.18410924077034,-0.00674827862530947,-0.00506371213123202,0.139716848731041,0.219820767641068
-0.155434593558311,-0.124929524958134,-0.0363067537546158,-0.0641298592090607,-0.0194271802902222,0.0749063491821289,0.157062336802483,-0.0391271002590656,-0.0514341071248055,-0.0809973478317261,-0.202657088637352,-0.0789597406983376,-0.068055771291256,-0.0277721676975489,0.0628340169787407,0.120457261800766,-0.0295626427978277,-0.0605072155594826,0,-0.0581450425088406,0.24066236615181,0.0320440754294395,0.0434235781431198,0.260313302278519,0.216059252619743,0.277848392724991,-0.160497844219208,0.0959078893065453,0.0687880963087082,0.0607175156474113,0.0224544163793325,0.582136273384094,0.00309543590992689,-0.0399088226258755,0.508350849151611,0.221241161227226,0.552442908287048,-0.0481395609676838,0.0449264645576477,-0.123662352561951,0.149084359407425,-0.0624724365770817,-0.144047677516937,-0.0058228331618011,0.184229835867882,0.0463135167956352,0.752984762191772,0.192940071225166,0.11279658973217,0.169953688979149,0.185239732265472,0.115769892930984,0.699028015136719,-0.0706377252936363,0.0557873100042343,0.00996380485594273,0.0255452618002892,0.223558396100998,0.0520880855619907,0.203469395637512,-0.194794416427612,0.0929777026176453,0.020197281613946,0.0561211444437504,-0.0532227233052254,0.360159873962402,0.0322964452207088,-0.00978241581469774,0.233150362968445,0.190424144268036,0.272890597581863,-0.083921916782856,0.101799957454205,-0.189845785498619,0.113700948655605,-0.123328886926174,-0.12800520658493,-0.0950717255473137,0.0494956709444523,0.0323291569948196,0.651626467704773,0.0242972560226917,0.0803841352462769,0.175200402736664,0.182028889656067,0.0836947858333588
0.238011166453362,0.280850797891617,0.209552854299545,0.310413151979446,0.109577849507332,0.0451604463160038,-0.0335271991789341,0.0915109664201736,0.171532079577446,0.240303739905357,0.310886144638062,0.214346781373024,0.289477914571762,0.138502091169357,0.0465256124734879,-0.0281811114400625,0.0909274443984032,0.176228925585747,-0.0581450425088406,0,-0.117878869175911,0.15880523622036,0.0485746413469315,0.0128969494253397,-0.119328156113625,-0.0144622726365924,0.0110944136977196,0.0141296088695526,0.213716983795166,0.178401991724968,-0.0892715007066727,-0.283347249031067,0.0142521020025015,0.417505025863647,0.187472432851791,-0.215086206793785,0.0101788183674216,0.272399306297302,0.332089871168137,0.430228710174561,0.40871074795723,0.092099167406559,0.287322074174881,0.2667495906353,0.341923832893372,0.261850982904434,0.0464898645877838,0.392018467187881,-0.135182425379753,-0.0503478161990643,0.292893439531326,0.578351378440857,0.0249863658100367,0.600155711174011,-0.09266097843647,0.165006071329117,0.00597667880356312,-0.00201498251408339,-0.101989395916462,0.000723383738659322,0.061308316886425,0.0192070249468088,0.190785571932793,0.148754224181175,-0.0421380549669266,-0.253052949905396,0.0261764619499445,0.385649055242538,0.30029308795929,-0.233840644359589,0.114506267011166,0.270315319299698,0.282335042953491,0.44885990023613,0.399038553237915,0.164769604802132,0.289307832717896,0.240246087312698,0.311893731355667,0.205156236886978,0.0499726757407188,0.463832378387451,-0.162900984287262,-0.091156966984272,0.249584048986435,0.568204343318939
0.0486647263169289,0.0204150918871164,0.102457746863365,-0.0423120819032192,-0.00167392415460199,0.143274858593941,0.055582270026207,-0.0593427531421185,-0.00239660870283842,0.209157913923264,-0.0349173210561275,0.0527590699493885,-0.0439907535910606,-0.0429847054183483,0.128398090600967,0.0512607507407665,-0.0501631572842598,0.0280545484274626,0.24066236615181,-0.117878869175911,0,-0.136587485671043,0.0698119774460793,0.213518559932709,0.69283401966095,0.550754189491272,0.173899084329605,0.0160584840923548,0.264977961778641,-0.0742199718952179,0.113720759749413,0.493368536233902,0.15595243871212,-0.113470502197742,0.555838227272034,0.462878823280334,0.55219841003418,-0.113813608884811,-0.0497302636504173,0.091301254928112,0.098661482334137,0.26323726773262,-0.0390620008111,0.67585015296936,0.38276618719101,0.35481458902359,0.102906435728073,0.409291565418243,0.022759310901165,0.0179289821535349,-0.0101195778697729,-0.052415668964386,0.0835212990641594,-0.102283790707588,0.660086750984192,-0.175911322236061,0.0686599165201187,0.141784012317657,0.508254051208496,0.328580170869827,0.0472206883132458,0.0430745743215084,0.115296170115471,-0.066419430077076,0.0644423887133598,0.355026185512543,0.121523849666119,-0.0928879156708717,0.291355490684509,0.380424529314041,0.246199086308479,-0.119200579822063,-0.0218713972717524,-0.0153426500037313,0.0360234193503857,0.130197376012802,-0.112032264471054,0.2847900390625,0.109814047813416,0.17685578763485,0.0825339034199715,0.100341409444809,0.0810197740793228,0.0294477641582489,-0.00734486570581794,-0.0913862958550453
-0.0211215559393167,0.0976121798157692,0.00855761766433716,0.0372320599853992,0.00187549518886954,0.0975593104958534,0.0262035671621561,0.0207579676061869,0.0697516947984695,0.0173056554049253,0.0768472775816917,-0.022184744477272,0.0324560590088367,0.0204462967813015,0.0860035344958305,0.0234779007732868,0.0319792442023754,0.0515793636441231,0.0320440754294395,0.15880523622036,-0.136587485671043,0,0.0115598104894161,0.310740649700165,0.0868637561798096,-0.155795365571976,0.166733339428902,0.207899928092957,0.0408647581934929,0.926688551902771,0.0239056013524532,-0.153366610407829,0.162407919764519,0.376399278640747,-0.0943506732583046,-0.169336706399918,-0.148860991001129,0.885576128959656,0.324082881212234,0.0854664370417595,0.274897277355194,0.336720377206802,0.0782041326165199,-0.00770292431116104,0.0892008095979691,0.655305743217468,0.152045711874962,0.0108907129615545,-0.0226332992315292,0.0116639696061611,0.197064861655235,0.229655966162682,0.0660849213600159,0.14466980099678,-0.244325295090675,0.976232707500458,0.00742382323369384,0.351193606853485,-0.023887874558568,-0.0947477295994759,0.208951339125633,0.263838261365891,-0.0108893467113376,0.91589879989624,-0.00429203687235713,-0.19343064725399,0.17078360915184,0.346174389123917,-0.139131546020508,-0.238909661769867,-0.176650017499924,0.85033392906189,0.364476352930069,0.0801621079444885,0.289545148611069,0.360326141119003,0.0831576883792877,-0.0876852497458458,0.00290154037065804,0.590282559394836,0.138478875160217,0.0311083272099495,-0.0684003159403801,0.0122525356709957,0.162961632013321,0.201994314789772
0.0225794110447168,0.016178086400032,0.0110667487606406,0.00983875710517168,0.012185649946332,0.133735373616219,0.0780603587627411,0.000993485213257372,0.0164790395647287,0.0456976480782032,0.00883929245173931,-0.00596092827618122,0.0130873396992683,0.0129403378814459,0.114495508372784,0.0793044343590736,0.0154211083427072,0.0346031449735165,0.0434235781431198,0.0485746413469315,0.0698119774460793,0.0115598104894161,0,0.165031254291534,0.108389310538769,0.146423012018204,0.0557162910699844,0.0434615015983582,0.0957097262144089,0.0389611609280109,0.0933084636926651,0.108553007245064,0.102189749479294,0.0222119707614183,0.0653515383601189,0.0406391732394695,0.0715441107749939,0.0169008113443851,0.0392910614609718,0.0430601462721825,0.0519174486398697,0.0409025512635708,0.0620598383247852,0.0414233841001987,0.0706220865249634,0.0834425240755081,0.111150100827217,0.0623120404779911,0.027454474940896,0.106238380074501,0.0521591193974018,0.0995598360896111,0.0230571422725916,0.0257377326488495,0.0388468541204929,0.00111395167186856,0.0530508272349834,0.138677671551704,0.0763454288244247,0.120432801544666,0.0561786107718945,0.0289665497839451,0.0607811845839024,0.0361949428915977,0.0858282819390297,0.076424241065979,0.0862450823187828,-0.0016382880276069,0.0577322505414486,0.0176606345921755,0.0508113019168377,0.00832442194223404,0.0316266529262066,0.0310494899749756,0.0435035452246666,0.0573605746030807,0.0372714214026928,-0.00549048883840442,0.0477440766990185,0.0723020806908607,0.0821184143424034,0.0390890836715698,0.016609150916338,0.0491751581430435,0.0301971882581711,0.0895820781588554
-0.0626725032925606,-0.0716434121131897,-0.045532401651144,-0.0330372452735901,-0.0161173436790705,0.233033508062363,0.191035971045494,-0.0100602842867374,0.000972613401245326,-0.0914295166730881,-0.0943590104579926,-0.0637068152427673,-0.0421711951494217,-0.0262594968080521,0.240858376026154,0.179821789264679,-0.00594245828688145,0.0022117814514786,0.260313302278519,0.0128969494253397,0.213518559932709,0.310740649700165,0.165031254291534,0,0.37570059299469,0.366156309843063,0.0815296098589897,0.580786824226379,0.100121229887009,0.523597896099091,0.186778500676155,0.228021875023842,0.34419658780098,0.0721848905086517,0.132730901241302,0.0602577179670334,0.105316407978535,0.283787041902542,0.0651219710707664,-0.0665225014090538,0.10785711556673,0.108535125851631,0.0412201471626759,-0.00470123160630465,0.0941821411252022,0.496653765439987,0.334596633911133,-0.00440732156857848,0.0665407404303551,0.16033011674881,0.10288067907095,0.126897111535072,0.249188452959061,0.0353784933686256,0.0820733308792114,0.282854318618774,0.119315020740032,0.833266258239746,0.260953545570374,0.381983280181885,0.0902974233031273,0.54326206445694,0.0813973546028137,0.525902569293976,0.155144482851028,0.222029492259026,0.365714311599731,0.0820167064666748,0.109311617910862,0.00117520056664944,0.142530083656311,0.211887076497078,0.119138166308403,-0.054183192551136,0.132275313138962,0.16400833427906,0.0372527614235878,-0.0483553931117058,0.0655377954244614,0.502976953983307,0.272020637989044,-0.0286108460277319,0.0627532601356506,0.145860716700554,0.0754944235086441,0.083720400929451
