0,0.33023738861084,0.267143845558167,0.279705315828323,0.086429588496685,-0.00897131767123938,-0.0903848260641098,0.0594788677990437,0.207093074917793,0.721100032329559,0.410288393497467,0.356747180223465,0.294390708208084,0.113234408199787,0.0007390909595415,-0.0955113247036934,0.041214432567358,0.262700259685516,-0.151626527309418,0.232921421527863,0.065589040517807,-0.0214403048157692,0.0226810313761234,-0.0559027679264545,0.06245481595397,0.13713450729847,0.0895905271172523,0.0262975767254829,0.186448276042938,0.000269874930381775,-0.157875701785088,-0.115507155656815,0.0114651853218675,0.129324018955231,0.0912603512406349,-0.0651351436972618,0.014665056951344,0.112520575523376,0.0683656632900238,0.361609190702438,0.0819647461175919,0.18201157450676,0.0894178673624992,0.361471801996231,0.0320921204984188,0.184125885367393,-0.177550971508026,0.350754618644714,-0.10454885661602,-0.0637710094451904,0.0311793629080057,0.227002948522568,-0.0361969321966171,0.274101316928864,0.416534543037415,-0.0179461091756821,0.0343159884214401,-0.0777931585907936,0.368951678276062,0.249716833233833,0.186937347054482,0.00391638511791825,0.319583028554916,-0.0321978479623795,-0.0330807939171791,0.122528426349163,0.022666621953249,0.143614411354065,0.389885008335114,0.194196686148643,0.29549965262413,0.13262052834034,0.0715583339333534,0.447869688272476,0.187183529138565,0.313225358724594,0.17107829451561,0.591858386993408,0.38999605178833,0.197252690792084,-0.124019153416157,0.529682874679565,-0.00803114008158445,-0.084703654050827,0.0485576279461384,0.277973115444183
0.33023738861084,0,0.247166067361832,0.26928186416626,0.112488158047199,0.0147979147732258,-0.0787976682186127,0.0723481997847557,0.221994370222092,0.347634822130203,0.489940732717514,0.263236552476883,0.254472315311432,0.0975902453064919,-0.00245890929363668,-0.0957357212901115,0.0554047822952271,0.210802093148232,-0.107283122837543,0.256844222545624,0.0453003756701946,0.0933366715908051,0.0189786851406097,-0.0525318123400211,0.0639506131410599,0.0431235991418362,0.141457661986351,0.0783646330237389,0.142303377389908,0.131660476326942,-0.0329172797501087,-0.109713174402714,0.0131957661360502,0.17863866686821,0.108358331024647,-0.0683096200227737,0.00783165544271469,0.231068730354309,0.137594893574715,0.331834018230438,0.119737021625042,0.192079216241837,0.157781049609184,0.212512269616127,0.159898892045021,0.127378880977631,-0.112666934728622,0.230629175901413,-0.04921805113554,-0.0551620982587337,0.165377303957939,0.285614043474197,-0.118993647396564,0.250369131565094,0.0641140341758728,0.0919140353798866,0.0152372661978006,-0.0748710632324219,0.0678440406918526,-0.00407866714522243,0.134064227342606,0.0710567533969879,0.12896104156971,0.0886874571442604,-0.0143441306427121,-0.0913820490241051,-0.0148555133491755,0.111402295529842,0.153562963008881,-0.0334022417664528,0.0723942518234253,0.265066653490067,0.0860227197408676,0.312083393335342,0.0983087196946144,0.186545193195343,0.14835624396801,0.185849890112877,0.162951201200485,0.0654666349291801,-0.119948349893093,0.221576392650604,-0.0528146736323833,-0.0742107778787613,0.153810620307922,0.259827315807343
0.267143845558167,0.247166067361832,0,0.395025908946991,0.105454280972481,0.0356810353696346,-0.0199960321187973,0.148489937186241,0.143006950616837,0.286750674247742,0.271270036697388,0.580780386924744,0.381748408079147,0.0675006285309792,0.0325092002749443,-0.0306270346045494,0.118546321988106,0.153974324464798,-0.031400490552187,0.201141178607941,0.118718802928925,0.00552375009283423,0.0115335984155536,-0.0373358987271786,0.0331061258912086,0.0489767491817474,0.0832290649414062,0.00717955036088824,0.191580235958099,0.026272252202034,-0.00797440111637115,-0.0721575170755386,-0.0254425816237926,0.053804337978363,0.225891530513763,-0.0127161033451557,0.135484009981155,0.0929163545370102,0.0101892957463861,0.201878532767296,0.079474002122879,0.0861899554729462,0.171679258346558,0.248315826058388,0.194530591368675,0.0606801919639111,-0.0730540603399277,0.183164939284325,-0.0532788708806038,-0.0475584603846073,0.0699716210365295,0.183474287390709,-0.0290176253765821,0.174105525016785,0.112395696341991,-0.0106061464175582,0.0344929099082947,-0.0611458420753479,0.031173475086689,0.0255793686956167,0.0686745494604111,0.0108082368969917,0.163428872823715,-0.00400534272193909,0.0020535895600915,-0.0762106105685234,-0.0154563151299953,0.0282262694090605,0.195905283093452,-0.0228264518082142,0.136564865708351,0.102642044425011,-0.0122529808431864,0.199794262647629,0.087614431977272,0.0788381770253181,0.123425371944904,0.174195274710655,0.155645668506622,0.00811196025460958,-0.0680286288261414,0.177383288741112,-0.0632573142647743,-0.0546242035925388,0.080897681415081,0.173469990491867
0.279705315828323,0.26928186416626,0.395025908946991,0,0.197951629757881,0.0125696836039424,-0.0075977249071002,0.110343150794506,0.140424385666847,0.259411960840225,0.278463006019592,0.378716588020325,0.64694356918335,0.124938972294331,0.00885910633951426,-0.0143743893131614,0.0965998321771622,0.148571103811264,-0.0519985072314739,0.295848101377487,-0.0302067212760448,0.0368239283561707,0.0107683343812823,-0.0212278738617897,-0.0872970372438431,0.013348032720387,0.00901603698730469,0.0247913245111704,0.147788837552071,0.0493097938597202,-0.0293045081198215,-0.158025532960892,-0.0203531812876463,0.196961104869843,0.174649029970169,-0.0924729034304619,0.0624547116458416,0.1282839179039,0.185310006141663,0.212481185793877,0.276197910308838,0.0384348556399345,0.130198568105698,0.155688151717186,0.160430580377579,0.116111196577549,-0.0271419957280159,0.244623839855194,-0.0708583518862724,-0.019614702090621,0.127368614077568,0.346640735864639,-0.0177075993269682,0.280161619186401,0.0175974238663912,0.0387758761644363,0.0113426018506289,-0.0360146723687649,-0.0428895838558674,-0.0138211930170655,0.026731301099062,0.0275249872356653,0.15310326218605,0.0297006666660309,-0.0221510678529739,-0.130815580487251,0.00896004680544138,0.157817199826241,0.2572301030159,-0.0600621402263641,0.152340933680534,0.146456390619278,0.119881391525269,0.248925611376762,0.263018012046814,0.0805100649595261,0.135313898324966,0.178536385297775,0.183171898126602,0.0896821543574333,-0.0400526337325573,0.304497897624969,-0.0665986016392708,-0.057588305324316,0.12458236515522,0.346037685871124
0.086429588496685,0.112488158047199,0.105454280972481,0.197951629757881,0,-0.00375793781131506,-0.0211136285215616,0.0211571715772152,0.0564951412379742,0.0971896201372147,0.103538811206818,0.115387387573719,0.170826077461243,0.0448554381728172,-0.00358685059472919,-0.0276603233069181,0.023274527862668,0.0622431859374046,-0.0152248572558165,0.10656813532114,0.000931102491449565,0.00397629337385297,0.010362378321588,-0.0115920444950461,-0.017427509650588,0.00378670217469335,-0.00634299265220761,-0.00926298461854458,0.0713279470801353,0.00795672181993723,-0.0276262629777193,-0.0342063158750534,-0.00923232827335596,0.0246983058750629,0.0710820779204369,0.00475430255755782,0.0526646114885807,0.0517363548278809,0.0723076313734055,0.0911998525261879,0.0887417122721672,0.0108602056279778,0.0565926395356655,0.0718124210834503,0.0655861422419548,0.0149480383843184,0.00581779843196273,0.107903264462948,-0.0286798551678658,-0.020543310791254,0.0623993277549744,0.14247065782547,-0.00823658611625433,0.111089125275612,-0.0157218724489212,-0.00241175759583712,-0.0133950961753726,-0.0326150096952915,-0.0341830886900425,-0.0117947375401855,-0.00272730714641511,-0.00280907470732927,0.0638540908694267,-0.00602729292586446,-0.0202436614781618,-0.044551283121109,-0.0177560336887836,0.0294836908578873,0.0856200531125069,-0.00744714308530092,0.0643218606710434,0.0538823418319225,0.054579570889473,0.0779532939195633,0.0791526138782501,0.00197107554413378,0.0280100647360086,0.0450858473777771,0.0515251941978931,-0.00740534951910377,-0.0104821743443608,0.10488810390234,-0.0407288372516632,-0.0251863393932581,0.0460046641528606,0.130368664860725
-0.00897131767123938,0.0147979147732258,0.0356810353696346,0.0125696836039424,-0.00375793781131506,0,0.164872646331787,0.0224942732602358,0.0872566923499107,0.0565952435135841,-0.00156958645675331,0.0243834145367146,0.00341664557345212,-0.0165251884609461,0.435196965932846,0.166843175888062,0.0397109128534794,0.0699713379144669,0.0676579922437668,0.0443748831748962,0.147854790091515,0.100840494036674,0.134321555495262,0.220599055290222,0.244884490966797,0.126357182860374,0.340989381074905,0.124519221484661,0.0882711559534073,0.125731334090233,0.297579109668732,0.207635715603828,0.274809539318085,0.0722194686532021,-0.0307184755802155,0.0237815491855145,-0.0205327849835157,0.088248685002327,0.0900273323059082,0.0991672948002815,0.0567299872636795,0.272630840539932,0.228268533945084,0.000986182712949812,0.176694959402084,0.0824632942676544,0.218237951397896,-0.0684124305844307,0.0565297082066536,0.150234431028366,0.118618108332157,0.0834725946187973,0.0335144959390163,0.0272606424987316,0.0126891285181046,0.0784197971224785,0.0888224616646767,0.211941793560982,0.128454208374023,0.0896435156464577,0.287515819072723,0.129455089569092,0.0176158864051104,0.114100784063339,0.272812992334366,0.137699395418167,0.234455406665802,0.0680281966924667,-0.109843708574772,-0.048385925590992,-0.0891527831554413,0.0639914497733116,0.0960410535335541,0.0394876524806023,0.0507985912263393,0.225931718945503,0.154913157224655,-0.0868971422314644,0.0794331803917885,0.0464410185813904,0.18593667447567,-0.102497272193432,0.0513294860720634,0.121572256088257,0.101312153041363,0.0526014901697636
-0.0903848260641098,-0.0787976682186127,-0.0199960321187973,-0.0075977249071002,-0.0211136285215616,0.164872646331787,0,-0.00947320275008678,-0.00775081617757678,-0.0421270318329334,-0.104090362787247,-0.0443160943686962,-0.0274292957037687,-0.0240537077188492,0.172180190682411,0.25141841173172,-0.011019947938621,-0.0317864678800106,0.152707010507584,-0.0391261950135231,0.046551551669836,0.0266597084701061,0.0737721621990204,0.178230181336403,0.0676960870623589,0.130454421043396,0.00218159263022244,0.0650365501642227,0.0156923066824675,0.0371358580887318,0.164510950446129,0.166069641709328,0.0696879327297211,0.0147853372618556,0.0224988777190447,0.0772910863161087,0.0704174265265465,-0.0144278034567833,0.0525030605494976,-0.121585234999657,0.0687157139182091,-0.0332861579954624,-0.000748269143514335,-0.127785637974739,0.0608530305325985,0.029502023011446,0.234684824943542,-0.0611423626542091,0.0464249737560749,0.133323922753334,0.0158747881650925,0.027927540242672,0.0933140963315964,-0.0501665584743023,-0.0623953342437744,0.0170327983796597,0.0258133001625538,0.156406939029694,-0.0335566438734531,0.0735659897327423,-0.0292960591614246,0.0549039766192436,-0.0225072633475065,0.0341592766344547,0.0887118950486183,0.0876802876591682,0.0561183430254459,0.0197660531848669,-0.0566859878599644,-0.0182777289301157,-0.026510164141655,-0.0342531837522984,0.0556272082030773,-0.136741042137146,0.0680191740393639,-0.0577480718493462,-0.0221551414579153,-0.18811047077179,-0.0206313040107489,0.0352966301143169,0.188869491219521,-0.122419267892838,0.0291100889444351,0.110348716378212,0.00189172441605479,-0.00372417410835624
0.0594788677990437,0.0723481997847557,0.148489937186241,0.110343150794506,0.0211571715772152,0.0224942732602358,-0.00947320275008678,0,0.0545953325927258,0.0390138328075409,0.0752898976206779,0.130609929561615,0.106731779873371,0.0154103897511959,0.0350392200052738,0.00294972187839448,0.109143614768982,0.0662350580096245,-0.0339229740202427,0.0922335311770439,-0.0587970577180386,0.0257121566683054,6.52903690934181e-05,-0.00877045560628176,-0.0451417826116085,-0.0231901314109564,0.0556677617132664,0.0194824263453484,0.0250875689089298,0.0136288171634078,0.0671969652175903,-0.0592690706253052,0.0232460200786591,0.0477845743298531,-0.0259926840662956,-0.0843509808182716,-0.0746152848005295,0.0493628345429897,0.0235779490321875,0.0705988630652428,0.0159485973417759,0.045793492347002,0.120428904891014,-0.0010087467962876,0.0110868122428656,0.0101402532309294,0.0048550246283412,0.000777944747824222,-0.00432772282510996,0.000951164111029357,0.0455396361649036,0.087622843682766,-0.0205412842333317,0.0751652121543884,-0.040098462253809,0.0275493264198303,-0.00272866222076118,-2.77254730463028e-05,-0.0226704627275467,0.00408113328740001,0.0691033750772476,0.0334622971713543,0.0324959717690945,0.00625052908435464,0.0650837048888206,-0.0412532761693001,0.0109981680288911,0.0466255806386471,0.00158359471242875,-0.0864207893610001,-0.0141235766932368,0.0562060587108135,0.0153527045622468,0.0787100419402122,0.0364641509950161,0.0586165226995945,0.100527673959732,0.019121715798974,0.0326977260410786,0.00985650811344385,0.0139296231791377,0.0568467117846012,-0.0174360312521458,0.00261355796828866,0.0578485541045666,0.0908636227250099
0.207093074917793,0.221994370222092,0.143006950616837,0.140424385666847,0.0564951412379742,0.0872566923499107,-0.00775081617757678,0.0545953325927258,0,0.220217853784561,0.229560077190399,0.131051868200302,0.1347865909338,0.0479626432061195,0.0720198154449463,-0.0211104247719049,0.0519903637468815,0.198915243148804,-0.0461816415190697,0.162978485226631,0.0079274233430624,0.0681705251336098,0.0176908802241087,0.00400643330067396,0.0316632241010666,0.00877907127141953,0.127545744180679,0.0226761195808649,0.0769987031817436,0.0970305055379868,0.0207166913896799,-0.0532991774380207,0.0654642283916473,0.12404453754425,0.0355680622160435,-0.0600866042077541,-0.0144805824384093,0.171500682830811,0.0983458906412125,0.190286949276924,0.0745716392993927,0.152280330657959,0.133979812264442,0.100778944790363,0.0752508267760277,0.0564885176718235,-0.00252331257797778,0.113149113953114,-0.0291731394827366,-0.0194347910583019,0.122750550508499,0.180945858359337,-0.0338430292904377,0.170130252838135,0.0444113239645958,0.0617683976888657,0.0291642434895039,-0.01278021838516,0.0589415095746517,0.0185432527214289,0.146260961890221,0.0161153115332127,0.0900833532214165,0.0847835093736649,0.0590646862983704,-0.0129437390714884,0.034774724394083,0.0780852660536766,0.0837290287017822,-0.0323658101260662,0.0375658422708511,0.17811693251133,0.075768880546093,0.184256449341774,0.0693437680602074,0.173256739974022,0.136522948741913,0.106546193361282,0.122467763721943,0.0231792833656073,-0.00146554119419307,0.149607390165329,-0.0376748032867908,-0.00529234297573566,0.123600147664547,0.173185795545578
0.721100032329559,0.347634822130203,0.286750674247742,0.259411960840225,0.0971896201372147,0.0565952435135841,-0.0421270318329334,0.0390138328075409,0.220217853784561,0,0.319577366113663,0.282479166984558,0.218817129731178,0.0990666449069977,0.0489453114569187,-0.054238572716713,0.0319723859429359,0.229498669505119,-0.0691669061779976,0.22761133313179,0.263722270727158,0.00810239184647799,0.0486608892679214,-0.080076165497303,0.216014489531517,0.229837223887444,0.14329406619072,-0.0580730475485325,0.203110069036484,0.0120321661233902,-0.022667745128274,0.048602644354105,0.0412080511450768,0.196460351347923,0.227423742413521,0.0943022891879082,0.188844546675682,0.126392364501953,0.263891369104385,0.308859318494797,0.276987642049789,0.231920301914215,0.0809008330106735,0.454828470945358,0.271446019411087,0.254243820905685,-0.129525050520897,0.390733301639557,-0.0233839545398951,-0.00582895614206791,0.0359402447938919,0.227666944265366,-0.145952060818672,0.170134261250496,0.135906785726547,-0.00140641094185412,0.0266601592302322,-0.0944679379463196,0.121134005486965,0.125896096229553,0.0984094366431236,-0.0310211163014174,0.101295754313469,0.00258692144416273,-0.0247505232691765,0.00220749923028052,0.0253157895058393,0.13484288752079,0.147286787629128,0.038149893283844,0.051073532551527,0.143901139497757,0.152086839079857,0.262671887874603,0.17131395637989,0.14776423573494,0.0508470349013805,0.238959208130836,0.0909839197993279,0.0933987870812416,-0.108833752572536,0.33155757188797,-0.045156542211771,-0.060417253524065,0.0539034195244312,0.191901564598083
0.410288393497467,0.489940732717514,0.271270036697388,0.278463006019592,0.103538811206818,-0.00156958645675331,-0.104090362787247,0.0752898976206779,0.229560077190399,0.319577366113663,0,0.324376225471497,0.303458571434021,0.111306346952915,-0.0104780048131943,-0.109099611639977,0.0949290245771408,0.252376168966293,-0.188033014535904,0.287147551774979,-0.0165077093988657,0.0744816437363625,0.0153874941170216,-0.0697900131344795,0.0121870627626777,-0.0202813781797886,0.143219828605652,0.0653782933950424,0.123224258422852,0.112239725887775,-0.0633203238248825,-0.190184846520424,0.0113424006849527,0.129368349909782,0.0272581297904253,-0.145647034049034,-0.063458651304245,0.235942155122757,0.0607049949467182,0.343768656253815,0.0685353428125381,0.193687468767166,0.185273677110672,0.19103541970253,0.0749638006091118,0.0909575745463371,-0.166582450270653,0.215223148465157,-0.0892997160553932,-0.0757540166378021,0.165682435035706,0.277319550514221,-0.141000866889954,0.299278736114502,0.151249349117279,0.0841043218970299,0.00630192598327994,-0.0977651998400688,0.15113028883934,-0.0012177632888779,0.197453126311302,0.0403256081044674,0.185056924819946,0.072129137814045,-0.00648837722837925,-0.0663338899612427,0.0048354915343225,0.137779325246811,0.235013857483864,-0.00685341376811266,0.1468386054039,0.275481194257736,0.0436531044542789,0.395817905664444,0.111003339290619,0.264565080404282,0.203327178955078,0.306021362543106,0.262975126504898,0.0702319443225861,-0.13888344168663,0.309934139251709,-0.0401004552841187,-0.102940395474434,0.169001504778862,0.300315082073212
0.356747180223465,0.263236552476883,0.580780386924744,0.378716588020325,0.115387387573719,0.0243834145367146,-0.0443160943686962,0.130609929561615,0.131051868200302,0.282479166984558,0.324376225471497,0,0.407990038394928,0.0853454172611237,0.0273623336106539,-0.0301799401640892,0.145903125405312,0.154636830091476,-0.0719761550426483,0.207904353737831,0.0652803033590317,-0.0216426383703947,-0.00678395060822368,-0.0553811900317669,0.000974343798588961,0.0299128089100122,0.0819390714168549,0.0175675302743912,0.185271516442299,0.00416521821171045,-0.0477334298193455,-0.134325116872787,-0.0312949605286121,0.0406961888074875,0.193528339266777,-0.0483831614255905,0.111330524086952,0.0911081433296204,0.00836156588047743,0.224197745323181,0.0652570575475693,0.0655012801289558,0.170871764421463,0.224980086088181,0.115815192461014,0.0768354088068008,-0.0985281765460968,0.182455465197563,-0.0842147618532181,-0.0668889060616493,0.0642808452248573,0.190179243683815,-0.0258824974298477,0.23517781496048,0.18380144238472,-0.0471159406006336,0.021842498332262,-0.0744969695806503,0.0847199261188507,0.0584826320409775,0.0880841538310051,-0.00342344003729522,0.234286621212959,-0.0255190413445234,0.000378499709768221,-0.0503796003758907,0.0058045438490808,0.0438586995005608,0.279241651296616,0.0496271103620529,0.227258607745171,0.100496888160706,-0.0411166474223137,0.266271442174911,0.0838951170444489,0.120060436427593,0.183038428425789,0.280201315879822,0.227054223418236,0.0317029729485512,-0.088502936065197,0.241707056760788,-0.056231927126646,-0.0543387830257416,0.0591246373951435,0.21584615111351
0.294390708208084,0.254472315311432,0.381748408079147,0.64694356918335,0.170826077461243,0.00341664557345212,-0.0274292957037687,0.106731779873371,0.1347865909338,0.218817129731178,0.303458571434021,0.407990038394928,0,0.144454300403595,0.0095852455124259,-0.00663328310474753,0.117993801832199,0.158639192581177,-0.0560565516352654,0.269895076751709,-0.0354623049497604,0.0340957082808018,0.0153816426172853,-0.025443721562624,-0.088874027132988,0.00040498559246771,-0.00249387510120869,0.0478875041007996,0.135537013411522,0.0435985699295998,-0.0658767819404602,-0.164474129676819,-0.0209952797740698,0.164608046412468,0.144917294383049,-0.107283130288124,0.0484743379056454,0.125607565045357,0.109964609146118,0.220281541347504,0.212182030081749,0.0239160005003214,0.11540749669075,0.132838577032089,0.121000304818153,0.101328559219837,-0.0513050071895123,0.221902742981911,-0.0862887874245644,-0.0455070808529854,0.117523163557053,0.3143170773983,0.00536080915480852,0.285304665565491,0.0303648766130209,0.0277193170040846,0.0142169101163745,-0.0236847512423992,-0.0304158944636583,0.028238020837307,0.0152090154588223,0.0425100885331631,0.187673225998878,0.0240558218210936,-0.0343730822205544,-0.115587189793587,-0.00212660199031234,0.155358746647835,0.284812062978745,-0.0416836030781269,0.185462608933449,0.144634172320366,0.110732048749924,0.253031939268112,0.281078606843948,0.0804438591003418,0.133363500237465,0.199070036411285,0.192620858550072,0.0928622856736183,-0.0121746268123388,0.316799402236938,-0.0872515514492989,-0.0487432889640331,0.122357733547688,0.37233766913414
0.113234408199787,0.0975902453064919,0.0675006285309792,0.124938972294331,0.0448554381728172,-0.0165251884609461,-0.0240537077188492,0.0154103897511959,0.0479626432061195,0.0990666449069977,0.111306346952915,0.0853454172611237,0.144454300403595,0,-0.00970445852726698,-0.0273073799908161,0.0060996888205409,0.0940175727009773,-0.0235122535377741,0.132241457700729,-0.0396965220570564,0.0171015895903111,0.0107849249616265,-0.0214064009487629,-0.0270600542426109,-0.019864896312356,0.0126337353140116,-0.0100848665460944,0.0314585827291012,0.0184151418507099,-0.0306766610592604,-0.0574307106435299,0.00094079104019329,0.0608036816120148,0.0238449778407812,-0.0443085022270679,-0.00894074607640505,0.0592080131173134,0.062323771417141,0.0876816809177399,0.0665613412857056,0.0396043546497822,0.0584260486066341,0.0428405292332172,0.0496278144419193,0.0175090450793505,-0.0178125165402889,0.0813065320253372,-0.0407851114869118,-0.0122247114777565,0.0732278227806091,0.12119160592556,-0.0159054845571518,0.106359384953976,0.00459084426984191,0.0176100805401802,0.00212693121284246,-0.0228139851242304,-0.000719164381735027,-0.0110251596197486,0.0287088267505169,-0.0115295462310314,0.0309524182230234,0.0202888790518045,-0.00840480159968138,-0.0301211625337601,-0.00484175654128194,0.0711746066808701,0.0788655579090118,-0.0335324369370937,0.0578439757227898,0.073584221303463,0.0672210529446602,0.0909958332777023,0.0872835665941238,0.050531305372715,0.0725425854325294,0.0674377307295799,0.0930859819054604,0.00580576714128256,-0.0141447503119707,0.118653766810894,-0.0268932078033686,-0.0265112593770027,0.0636130794882774,0.135237693786621
0.0007390909595415,-0.00245890929363668,0.0325092002749443,0.00885910633951426,-0.00358685059472919,0.435196965932846,0.172180190682411,0.0350392200052738,0.0720198154449463,0.0489453114569187,-0.0104780048131943,0.0273623336106539,0.0095852455124259,-0.00970445852726698,0,0.212990164756775,0.0423826985061169,0.0681534931063652,0.0498224496841431,0.0410677529871464,0.13279789686203,0.0857760459184647,0.108575545251369,0.229059845209122,0.226554080843925,0.128183588385582,0.323033392429352,0.121169418096542,0.0935650691390038,0.104249730706215,0.304961383342743,0.175502866506577,0.273294806480408,0.0718885958194733,-0.0372077822685242,-0.00975680537521839,-0.0455065481364727,0.0700795873999596,0.0768475607037544,0.0838960781693459,0.0579799525439739,0.259023249149323,0.238747403025627,-0.0201094262301922,0.162106662988663,0.0746034011244774,0.213398456573486,-0.083336815237999,0.0447292737662792,0.13069061934948,0.100016094744205,0.084676057100296,0.0394101589918137,0.0442716926336288,0.0607335902750492,0.0743154808878899,0.101676136255264,0.224707767367363,0.158727005124092,0.131573289632797,0.300673097372055,0.108020007610321,0.061682928353548,0.097756065428257,0.267847448587418,0.158103257417679,0.2758469581604,0.0608162954449654,-0.0788816660642624,-0.0445263087749481,-0.0680899322032928,0.0585887655615807,0.103752642869949,0.0659993588924408,0.0512645393610001,0.248344540596008,0.177295714616776,-0.0595920756459236,0.107637472450733,0.0653760507702827,0.206456303596497,-0.0793083533644676,0.0339093431830406,0.140483632683754,0.101825639605522,0.08057501912117
-0.0955113247036934,-0.0957357212901115,-0.0306270346045494,-0.0143743893131614,-0.0276603233069181,0.166843175888062,0.25141841173172,0.00294972187839448,-0.0211104247719049,-0.054238572716713,-0.109099611639977,-0.0301799401640892,-0.00663328310474753,-0.0273073799908161,0.212990164756775,0,0.015970055013895,-0.00626666285097599,0.115589082241058,-0.0327462032437325,0.0412042513489723,0.0251420475542545,0.0725152045488358,0.168074831366539,0.0446999482810497,0.117075741291046,-0.0066303457133472,0.0211028717458248,0.0172868799418211,0.031392578035593,0.135202988982201,0.123857922852039,0.0947350934147835,0.0171326212584972,0.00743375904858112,0.0409833304584026,0.045970406383276,-0.0501304157078266,0.0398076623678207,-0.106418453156948,0.069980263710022,-0.0274690128862858,0.00614532828330994,-0.109569422900677,0.0431589744985104,0.0325349271297455,0.204069748520851,-0.0652214586734772,0.0409270338714123,0.106693953275681,0.0148243298754096,0.0292496215552092,0.105484262108803,-0.0347629673779011,-0.0217552147805691,0.0142473541200161,0.0403154231607914,0.176331087946892,-0.00744418660178781,0.116030365228653,-0.0258574970066547,0.0176528692245483,0.00140638742595911,0.0261668674647808,0.099129430949688,0.0894575491547585,0.100233338773251,0.0211805272847414,-0.017686665058136,-0.010338494554162,0.0125806219875813,-0.0615187361836433,0.0564589649438858,-0.124455451965332,0.0753011554479599,-0.0459668189287186,-0.0261295139789581,-0.140835553407669,-0.00816643796861172,0.0408694073557854,0.211697354912758,-0.0828592553734779,0.0275446400046349,0.133308619260788,0.00359591073356569,0.0252746306359768
0.041214432567358,0.0554047822952271,0.118546321988106,0.0965998321771622,0.023274527862668,0.0397109128534794,-0.011019947938621,0.109143614768982,0.0519903637468815,0.0319723859429359,0.0949290245771408,0.145903125405312,0.117993801832199,0.0060996888205409,0.0423826985061169,0.015970055013895,0,0.0697096139192581,-0.0235463213175535,0.0907765775918961,-0.0491367094218731,0.030672088265419,0.0164132583886385,-0.00507210055366158,-0.0177077315747738,-0.0357504598796368,0.0797042101621628,0.0315752141177654,0.017685929313302,0.0324795804917812,0.0569940134882927,-0.0660926252603531,0.0099972989410162,0.0321476496756077,-0.0211772955954075,-0.0784523189067841,-0.0608548261225224,0.0478951781988144,0.00617138901725411,0.0656352490186691,-0.00462616188451648,0.0728256925940514,0.123713478446007,-0.0131720351055264,0.0191305372864008,0.00381725933402777,0.0120772765949368,-0.0281612686812878,-0.0141506027430296,-0.0144618032500148,0.0415668599307537,0.0611734762787819,-0.012403885833919,0.077177882194519,-0.0368019416928291,0.0316873751580715,0.00843143649399281,0.0178097169846296,-0.0202918294817209,-0.0147077552974224,0.0702346414327621,0.0271946731954813,0.0246654637157917,0.0219899956136942,0.0496141090989113,-0.0364784859120846,0.0237589459866285,0.0371502116322517,-0.0110613228753209,-0.102701812982559,-0.0245779119431973,0.0513504780828953,-0.0031206663697958,0.0728462561964989,0.00148008612450212,0.0738990679383278,0.115552417933941,0.0167091749608517,0.0171013157814741,0.00430778227746487,0.022341663017869,0.0182992536574602,-0.0162905566394329,-0.00302823539823294,0.0473966263234615,0.0712617784738541
0.262700259685516,0.210802093148232,0.153974324464798,0.148571103811264,0.0622431859374046,0.0699713379144669,-0.0317864678800106,0.0662350580096245,0.198915243148804,0.229498669505119,0.252376168966293,0.154636830091476,0.158639192581177,0.0940175727009773,0.0681534931063652,-0.00626666285097599,0.0697096139192581,0,-0.0593536123633385,0.16460457444191,0.0376974418759346,0.0532708428800106,0.039126630872488,0.0116378664970398,0.0612161941826344,0.0310264136642218,0.121032387018204,0.0250535793602467,0.0905874669551849,0.0920857042074203,0.0149164162576199,-0.0268201977014542,0.0709997937083244,0.0983099117875099,0.026005981490016,-0.0525937005877495,-0.00690506584942341,0.164359524846077,0.0805659741163254,0.185002014040947,0.0652073547244072,0.157245814800262,0.133610442280769,0.114936955273151,0.0810978636145592,0.0614586733281612,0.00940854754298925,0.133797317743301,-0.0357179865241051,0.0270691532641649,0.16590927541256,0.19031585752964,-0.00770826451480389,0.180539861321449,0.103499695658684,0.0643206462264061,0.0257642529904842,0.00983474869281054,0.11156714707613,0.0398943237960339,0.14986564218998,0.0271739959716797,0.116981595754623,0.0809622332453728,0.0656970590353012,0.0213771536946297,0.0576014518737793,0.115255780518055,0.117433108389378,0.0136048495769501,0.0832629650831223,0.182068020105362,0.0744221210479736,0.20143435895443,0.0859713554382324,0.193775147199631,0.141811832785606,0.15168359875679,0.166295737028122,0.054971668869257,0.0225889142602682,0.172318890690804,0.00160068226978183,0.00111563270911574,0.136218085885048,0.213425889611244
-0.151626527309418,-0.107283122837543,-0.031400490552187,-0.0519985072314739,-0.0152248572558165,0.0676579922437668,0.152707010507584,-0.0339229740202427,-0.0461816415190697,-0.0691669061779976,-0.188033014535904,-0.0719761550426483,-0.0560565516352654,-0.0235122535377741,0.0498224496841431,0.115589082241058,-0.0235463213175535,-0.0593536123633385,0,-0.0382210463285446,0.227709993720055,0.0366862341761589,0.0430687293410301,0.261260628700256,0.195502370595932,0.271619856357574,-0.16967186331749,0.0771712586283684,0.0777578204870224,0.0692702904343605,0.0142727615311742,0.561142563819885,0.00310234795324504,-0.0160128343850374,0.501645028591156,0.219711378216743,0.552226781845093,-0.0367689989507198,0.065544918179512,-0.101481840014458,0.172255337238312,-0.0688871517777443,-0.138193279504776,0.015803886577487,0.188962265849113,0.0899775698781013,0.730735301971436,0.251589953899384,0.114457175135612,0.156037732958794,0.169411420822144,0.130173578858376,0.660445749759674,-0.0432281531393528,0.0443220026791096,0.0197242330759764,0.0207486785948277,0.217599108815193,0.0257253311574459,0.189618960022926,-0.207201644778252,0.0798600763082504,0.015736810863018,0.0606205351650715,-0.0608234703540802,0.325776100158691,0.0238991249352694,5.22695481777191e-05,0.239669874310493,0.159553393721581,0.272137433290482,-0.0735314264893532,0.105267882347107,-0.165341332554817,0.130645647644997,-0.138403788208961,-0.120417967438698,-0.0934503972530365,0.0318875312805176,0.0607479922473431,0.61535507440567,0.0570641718804836,0.0584460869431496,0.164224714040756,0.169152989983559,0.0959321036934853
0.232921421527863,0.256844222545624,0.201141178607941,0.295848101377487,0.10656813532114,0.0443748831748962,-0.0391261950135231,0.0922335311770439,0.162978485226631,0.22761133313179,0.287147551774979,0.207904353737831,0.269895076751709,0.132241457700729,0.0410677529871464,-0.0327462032437325,0.0907765775918961,0.16460457444191,-0.0382210463285446,0,-0.111774109303951,0.176096230745316,0.0518116243183613,0.0247806925326586,-0.113405458629131,-0.0168988406658173,0.0122133800759912,0.0360310189425945,0.209230199456215,0.198015794157982,-0.0900011137127876,-0.274547129869461,0.011453989893198,0.398852229118347,0.198381677269936,-0.219935655593872,0.0102340430021286,0.288962960243225,0.329415321350098,0.415878802537918,0.399971634149551,0.0963598340749741,0.28233790397644,0.257550686597824,0.315566927194595,0.270831018686295,0.0461858436465263,0.372575700283051,-0.130622252821922,-0.0438794270157814,0.28735825419426,0.562654256820679,0.0248758085072041,0.583131790161133,-0.0981318280100822,0.190392673015594,0.00875064171850681,0.0107610840350389,-0.099571980535984,0.00913524907082319,0.0623617917299271,0.0417307056486607,0.186991542577744,0.170214787125587,-0.0361946597695351,-0.238028109073639,0.0301585141569376,0.375824302434921,0.30083230137825,-0.23701973259449,0.122208677232265,0.290162742137909,0.282547652721405,0.440736353397369,0.398447394371033,0.167367085814476,0.27994179725647,0.248021170496941,0.295925319194794,0.223079025745392,0.0501196570694447,0.467950373888016,-0.157738387584686,-0.0815058872103691,0.24024510383606,0.555563688278198
0.065589040517807,0.0453003756701946,0.118718802928925,-0.0302067212760448,0.000931102491449565,0.147854790091515,0.046551551669836,-0.0587970577180386,0.0079274233430624,0.263722270727158,-0.0165077093988657,0.0652803033590317,-0.0354623049497604,-0.0396965220570564,0.13279789686203,0.0412042513489723,-0.0491367094218731,0.0376974418759346,0.227709993720055,-0.111774109303951,0,-0.142765671014786,0.0675966292619705,0.183016985654831,0.720439732074738,0.562180459499359,0.199181169271469,-0.0646275654435158,0.276218295097351,-0.0912243500351906,0.10965621471405,0.480007857084274,0.163544997572899,-0.0892518684267998,0.546855747699738,0.464750379323959,0.53626024723053,-0.125005558133125,-0.0161344110965729,0.110164925456047,0.120644949376583,0.316855996847153,-0.0460774749517441,0.70235151052475,0.407699137926102,0.383002460002899,0.0636835023760796,0.456039726734161,0.0261343382298946,0.00872550718486309,-0.0143909594044089,-0.042310643941164,0.0306439530104399,-0.113378793001175,0.657406091690063,-0.194569200277328,0.0612805634737015,0.102694429457188,0.528027355670929,0.303339093923569,0.0645337253808975,-0.031049707904458,0.0954575762152672,-0.0888385772705078,0.0526148043572903,0.308795899152756,0.118280626833439,-0.077225498855114,0.256579548120499,0.367458701133728,0.198288321495056,-0.131897583603859,-0.00569014064967632,-0.00853358767926693,0.0461381450295448,0.158726543188095,-0.117449671030045,0.286272346973419,0.0922581776976585,0.161012977361679,0.0469157248735428,0.087520144879818,0.0678479373455048,0.0184314604848623,-0.00385687313973904,-0.0985572785139084
-0.0214403048157692,0.0933366715908051,0.00552375009283423,0.0368239283561707,0.00397629337385297,0.100840494036674,0.0266597084701061,0.0257121566683054,0.0681705251336098,0.00810239184647799,0.0744816437363625,-0.0216426383703947,0.0340957082808018,0.0171015895903111,0.0857760459184647,0.0251420475542545,0.030672088265419,0.0532708428800106,0.0366862341761589,0.176096230745316,-0.142765671014786,0,0.0189526174217463,0.31850802898407,0.0445795468986034,-0.139231696724892,0.130177214741707,0.251561969518661,0.0415787249803543,0.915773034095764,0.0119974864646792,-0.151927515864372,0.155249997973442,0.367587447166443,-0.0656958743929863,-0.181042030453682,-0.131700843572617,0.873956680297852,0.317050784826279,0.0913456603884697,0.296741843223572,0.285936683416367,0.0776823088526726,-0.0200112052261829,0.0867909044027328,0.633342266082764,0.183393031358719,0.0317759811878204,-0.0344210006296635,0.0126154338940978,0.210881620645523,0.242963954806328,0.081672839820385,0.163636460900307,-0.237393543124199,0.972546100616455,0.00523456977680326,0.364066362380981,-0.0644718632102013,-0.0811799392104149,0.160869240760803,0.319043844938278,-0.00664118118584156,0.904986262321472,-0.00784080196171999,-0.186774522066116,0.162048980593681,0.340803027153015,-0.0916201770305634,-0.24765457212925,-0.139719858765602,0.836584031581879,0.363213330507278,0.0862686783075333,0.312149822711945,0.314429104328156,0.0883476659655571,-0.0800493732094765,0.00531875714659691,0.581017136573792,0.169573277235031,0.0701311826705933,-0.072095975279808,0.0144534548744559,0.17823788523674,0.220919445157051
0.0226810313761234,0.0189786851406097,0.0115335984155536,0.0107683343812823,0.010362378321588,0.134321555495262,0.0737721621990204,6.52903690934181e-05,0.0176908802241087,0.0486608892679214,0.0153874941170216,-0.00678395060822368,0.0153816426172853,0.0107849249616265,0.108575545251369,0.0725152045488358,0.0164132583886385,0.039126630872488,0.0430687293410301,0.0518116243183613,0.0675966292619705,0.0189526174217463,0,0.158513203263283,0.110474430024624,0.140433311462402,0.059292022138834,0.033690195530653,0.0953973010182381,0.0424515567719936,0.0919121205806732,0.107146173715591,0.0973729565739632,0.0313249230384827,0.0645401179790497,0.0395810976624489,0.0684170797467232,0.0253554694354534,0.0474630855023861,0.041989903897047,0.0564694106578827,0.0450806617736816,0.0597461760044098,0.0420236699283123,0.070581279695034,0.0869129002094269,0.108654551208019,0.0622204206883907,0.0310222897678614,0.102740123867989,0.050913143903017,0.100914254784584,0.0197961535304785,0.0235408749431372,0.0381115898489952,0.00737712485715747,0.0520869344472885,0.129253044724464,0.075842522084713,0.112641148269176,0.0579924173653126,0.0239880718290806,0.0598145313560963,0.0415571108460426,0.0839790180325508,0.0743989869952202,0.0815430656075478,0.00896460190415382,0.0539411827921867,0.0164059549570084,0.0409109555184841,0.0163939464837313,0.0365720987319946,0.033087071031332,0.0477746948599815,0.0595338642597198,0.0324463397264481,-0.0037152620498091,0.0483599230647087,0.0724590420722961,0.0797103345394135,0.0362330302596092,0.0174767654389143,0.0511237569153309,0.0295336339622736,0.0894355997443199
-0.0559027679264545,-0.0525318123400211,-0.0373358987271786,-0.0212278738617897,-0.0115920444950461,0.220599055290222,0.178230181336403,-0.00877045560628176,0.00400643330067396,-0.080076165497303,-0.0697900131344795,-0.0553811900317669,-0.025443721562624,-0.0214064009487629,0.229059845209122,0.168074831366539,-0.00507210055366158,0.0116378664970398,0.261260628700256,0.0247806925326586,0.183016985654831,0.31850802898407,0.158513203263283,0,0.318140864372253,0.351016819477081,0.0755707323551178,0.535331964492798,0.104468911886215,0.509540557861328,0.173079892992973,0.200339987874031,0.330471217632294,0.101763807237148,0.132786497473717,0.0414679162204266,0.0980856791138649,0.277860373258591,0.0991949811577797,-0.0494442693889141,0.149255067110062,0.10509642213583,0.0423267111182213,-0.0140352435410023,0.0949919149279594,0.4972103536129,0.344963937997818,0.0182178784161806,0.0663471892476082,0.148431897163391,0.122263550758362,0.143995612859726,0.248341128230095,0.0454110577702522,0.0559174194931984,0.290170639753342,0.105473220348358,0.8088498711586,0.195220470428467,0.351185142993927,0.0747799724340439,0.496989578008652,0.0791463553905487,0.507610440254211,0.137301191687584,0.192757323384285,0.346282690763474,0.112168937921524,0.116506047546864,-0.0203167870640755,0.135079681873322,0.200416401028633,0.149699851870537,-0.0361997708678246,0.184530556201935,0.148050278425217,0.0397898554801941,-0.0643074885010719,0.0599610954523087,0.49448823928833,0.279452174901962,0.0041344934143126,0.0445819348096848,0.137709498405457,0.0944785848259926,0.106827042996883
