0 0.29597 0.23349 0.2604 0.080289 -0.030105 -0.09871 0.039908 0.18832 0.65514 0.38099 0.32931 0.2795 0.10316 -0.012466 -0.10301 0.0256 0.25023 -0.13798 0.24296 0.059712 -0.07657 0.023004 -0.080354 0.053685 0.14843 0.073598 -0.0095472 0.21223 -0.048929 -0.1699 -0.10123 0.016791 0.097302 0.099039 -0.057517 0.045249 0.075884 0.0071298 0.3609 0.057019 0.17555 0.078629 0.38859 0.03556 0.14219 -0.14153 0.39861 -0.10592 -0.053226 0.049737 0.23772 0.02628 0.2967 0.43887 -0.068554 0.046249 -0.10455 0.36946 0.25449 0.16841 -0.036089 0.33498 -0.085411 -0.048203 0.14003 0.025061 0.12138 0.44178 0.21356 0.34008 0.094107 0.021266 0.45451 0.16435 0.30855 0.16466 0.60426 0.41766 0.15961 -0.084935 0.56134 -0.0077135 -0.0836 0.044489 0.30059
0.29597 0 0.20444 0.22601 0.096188 0.015325 -0.073709 0.060122 0.20345 0.31646 0.46082 0.22214 0.21533 0.087822 0.00073892 -0.088392 0.048742 0.1959 -0.08866 0.24292 0.027969 0.077359 0.016891 -0.058018 0.026981 0.033031 0.11946 0.067761 0.13913 0.1175 -0.036528 -0.11448 0.022126 0.1663 0.098435 -0.079265 0.0067236 0.2076 0.13624 0.29905 0.12605 0.17264 0.14074 0.1858 0.15597 0.11579 -0.077102 0.2168 -0.055253 -0.045538 0.1627 0.27391 -0.093196 0.23736 0.046573 0.071628 0.01003 -0.080117 0.032534 -0.013406 0.10729 0.05112 0.11461 0.074267 -0.028993 -0.09991 -0.011987 0.10799 0.14972 -0.047249 0.06355 0.23905 0.089009 0.28846 0.099046 0.16408 0.12542 0.14596 0.13606 0.053427 -0.090722 0.19816 -0.065026 -0.067027 0.13678 0.25188
0.23349 0.20444 0 0.36916 0.11035 0.025315 -0.011507 0.13674 0.12463 0.25876 0.22672 0.55502 0.35561 0.057216 0.025205 -0.018147 0.11152 0.13726 -0.0055338 0.19945 0.11127 -0.014102 0.0019465 -0.04543 0.0059517 0.05254 0.05252 0.0044273 0.19543 0.0071503 -0.025021 -0.068726 -0.024631 0.038648 0.24117 -0.013327 0.15473 0.06192 -0.006537 0.17809 0.077041 0.059282 0.16108 0.24775 0.1933 0.049483 -0.043237 0.18418 -0.056187 -0.040473 0.060084 0.17948 -0.0020988 0.17564 0.10095 -0.033221 0.022718 -0.07017 -0.0028618 0.02283 0.033085 0.0076554 0.15329 -0.026113 -0.023755 -0.082147 -0.025733 0.018487 0.20193 -0.040258 0.14173 0.071056 -0.017955 0.17195 0.080457 0.045044 0.11189 0.16237 0.14095 0.0045899 -0.044373 0.17272 -0.075166 -0.052157 0.068782 0.17508
0.2604 0.22601 0.36916 0 0.19694 0.0016391 0.00076848 0.10274 0.12216 0.24218 0.23617 0.35681 0.60815 0.11573 -0.0031912 -0.0056555 0.085735 0.12797 -0.046896 0.27135 -0.045265 -0.00052893 0.0063299 -0.030179 -0.11781 0.022794 -0.021656 0.020367 0.13837 0.011802 -0.038878 -0.15774 -0.025794 0.16067 0.16354 -0.090395 0.077729 0.079132 0.1396 0.17683 0.25215 0.0014019 0.10548 0.13844 0.14187 0.095182 -0.0066479 0.22599 -0.07704 -0.013403 0.10418 0.3191 0.011445 0.26225 0.0012232 -0.0044475 0.009279 -0.044471 -0.077559 -0.0099938 -0.014367 0.027671 0.13769 -0.0090977 -0.037641 -0.14295 0.0086285 0.12574 0.24699 -0.065212 0.14706 0.097672 0.087673 0.21595 0.24292 0.033131 0.10836 0.1533 0.15164 0.077241 -0.020001 0.27649 -0.086149 -0.056983 0.098018 0.32695
0.080289 0.096188 0.11035 0.19694 0 -0.0030549 -0.014175 0.020369 0.048388 0.092379 0.08929 0.11128 0.1705 0.035311 -0.012921 -0.025227 0.021409 0.051032 -0.017642 0.098875 0.0005613 -0.0072102 0.0081946 -0.0070829 -0.022482 0.015803 -0.013483 -0.0035949 0.068479 -0.0039629 -0.022712 -0.032975 -0.017198 0.0047469 0.068664 0.0043655 0.059687 0.033277 0.047368 0.08269 0.075263 0.00068806 0.05562 0.068071 0.063869 0.0085129 0.010405 0.10086 -0.030298 -0.019034 0.049761 0.13555 -0.0026572 0.10885 -0.019251 -0.014617 -0.011775 -0.033833 -0.046152 -0.0047393 -0.01705 0.0044343 0.060053 -0.01827 -0.027824 -0.050039 -0.024899 0.01448 0.085295 -0.0027872 0.064603 0.036515 0.033171 0.065264 0.066862 -0.013727 0.021651 0.036791 0.042115 -0.014517 -0.0075132 0.094015 -0.044211 -0.027439 0.028638 0.12179
-0.030105 0.015325 0.025315 0.0016391 -0.0030549 0 0.16675 0.016641 0.076179 0.039184 -0.0013904 0.01418 -0.0074955 -0.02191 0.41362 0.17858 0.036276 0.061038 0.062494 0.036928 0.13535 0.096552 0.11343 0.21289 0.22281 0.12025 0.32636 0.11106 0.061336 0.11798 0.28909 0.18173 0.26258 0.06664 -0.043663 0.015698 -0.039933 0.082296 0.085285 0.078089 0.051725 0.25007 0.21253 -0.039591 0.14885 0.067878 0.21504 -0.11012 0.047165 0.13543 0.10626 0.066216 0.010442 0.016167 -0.013085 0.075607 0.085145 0.19793 0.10123 0.068108 0.27377 0.11702 -0.0052022 0.10623 0.26315 0.10218 0.21548 0.066816 -0.13807 -0.0789 -0.10403 0.059826 0.088491 0.019758 0.046436 0.19744 0.14584 -0.11852 0.033955 0.033828 0.17334 -0.13412 0.040048 0.107 0.083431 0.033745
-0.09871 -0.073709 -0.011507 0.00076848 -0.014175 0.16675 0 -0.0018361 -0.0015999 -0.040853 -0.096888 -0.039241 -0.016815 -0.023329 0.16678 0.24639 -0.0063448 -0.024222 0.14152 -0.041039 0.039119 0.031473 0.06384 0.18479 0.072101 0.13355 0.0024778 0.070218 -0.0058546 0.043997 0.17468 0.16285 0.066965 0.018491 0.0063124 0.076221 0.066387 -0.0077403 0.056351 -0.12347 0.066414 -0.039449 0.0031471 -0.15032 0.051787 0.029816 0.2253 -0.08599 0.057714 0.1192 0.0111 0.022079 0.084772 -0.058172 -0.075325 0.021263 0.02268 0.16233 -0.033872 0.070468 -0.024618 0.063543 -0.032343 0.03968 0.091979 0.080045 0.051535 0.02097 -0.077156 -0.025155 -0.03478 -0.025424 0.059877 -0.14298 0.068355 -0.060059 -0.023278 -0.19877 -0.032038 0.035212 0.17851 -0.14391 0.021829 0.099257 0.001313 -0.017471
0.039908 0.060122 0.13674 0.10274 0.020369 0.016641 -0.0018361 0 0.048215 0.025312 0.061869 0.12334 0.10134 0.013587 0.03212 0.0089232 0.091973 0.057363 -0.029566 0.083618 -0.062014 0.012141 -0.0052296 -0.015215 -0.056682 -0.027939 0.037617 0.013859 0.014584 0.0032464 0.055546 -0.064703 0.02647 0.045486 -0.02438 -0.086972 -0.071148 0.036457 0.027244 0.051265 0.024046 0.029435 0.10296 -0.014642 0.0044045 0.003384 0.013885 0.0017074 -0.0091659 0.00046724 0.035487 0.078389 -0.014815 0.067389 -0.047655 0.017445 -0.0095773 -0.0052092 -0.039533 -0.0009484 0.052646 0.031998 0.024279 0.0013564 0.050989 -0.052587 0.013478 0.046189 -0.0095476 -0.098473 -0.020312 0.043148 0.015404 0.05998 0.039962 0.042146 0.086073 0.0037516 0.013566 0.0053675 0.021548 0.049121 -0.025131 0.0029335 0.050371 0.084552
0.18832 0.20345 0.12463 0.12216 0.048388 0.076179 -0.0015999 0.048215 0 0.201 0.20633 0.11716 0.11694 0.040454 0.054696 -0.014223 0.039768 0.1729 -0.038584 0.15568 -0.0016083 0.040469 0.0085328 -0.0039232 0.012598 0.0049007 0.10352 0.011343 0.069378 0.067716 0.012834 -0.053087 0.053202 0.10757 0.03772 -0.056552 -0.012423 0.13786 0.082026 0.16184 0.064698 0.12666 0.12021 0.085027 0.07455 0.038944 0.012277 0.1042 -0.038682 -0.019008 0.10835 0.16771 -0.022442 0.16419 0.029277 0.027698 0.015139 -0.024835 0.032445 0.014595 0.11719 -0.0010819 0.077573 0.056501 0.044969 -0.022316 0.02439 0.069447 0.079546 -0.048977 0.034779 0.14146 0.063552 0.16034 0.062551 0.13971 0.11617 0.082266 0.1015 0.0046842 0.0059154 0.13666 -0.041554 -0.0067261 0.099758 0.16157
0.65514 0.31646 0.25876 0.24218 0.092379 0.039184 -0.040853 0.025312 0.201 0 0.28852 0.25374 0.20504 0.084996 0.035441 -0.054888 0.013229 0.21321 -0.032869 0.2326 0.26697 -0.021674 0.047069 -0.098793 0.20276 0.23558 0.11156 -0.079319 0.21962 -0.011942 -0.024501 0.075583 0.036552 0.15873 0.25645 0.10953 0.2223 0.10738 0.21572 0.29305 0.26631 0.19802 0.07329 0.45511 0.29762 0.22408 -0.084709 0.39646 -0.031519 0.0073279 0.036049 0.23149 -0.10676 0.17942 0.13556 -0.033838 0.031036 -0.12865 0.081588 0.10608 0.058402 -0.060508 0.098565 -0.029368 -0.043283 -0.0054469 0.024225 0.11117 0.19093 0.032393 0.07531 0.12009 0.11229 0.24246 0.15382 0.10721 0.03571 0.21872 0.07939 0.073219 -0.077719 0.33522 -0.057795 -0.064186 0.045396 0.20347
0.38099 0.46082 0.22672 0.23617 0.08929 -0.0013904 -0.096888 0.061869 0.20633 0.28852 0 0.28166 0.25974 0.094198 -0.01823 -0.10334 0.083723 0.22993 -0.16622 0.27044 -0.029173 0.054166 0.012348 -0.085206 -0.015399 -0.027345 0.12657 0.046474 0.12039 0.09576 -0.071916 -0.18726 0.023846 0.12496 0.016127 -0.14895 -0.05617 0.21353 0.073723 0.30989 0.074127 0.18653 0.16781 0.17476 0.076455 0.074802 -0.12336 0.21298 -0.085893 -0.064151 0.17437 0.26621 -0.10378 0.29027 0.137 0.064199 0.0058012 -0.10814 0.12335 -0.0041 0.17273 0.01983 0.17546 0.053968 -0.020005 -0.072856 0.0063935 0.14185 0.23227 -0.017849 0.14226 0.25348 0.058092 0.37045 0.1184 0.25111 0.17845 0.27269 0.24679 0.056235 -0.10318 0.29979 -0.04502 -0.091657 0.16155 0.29871
0.32931 0.22214 0.55502 0.35681 0.11128 0.01418 -0.039241 0.12334 0.11716 0.25374 0.28166 0 0.3854 0.078667 0.020848 -0.019564 0.13399 0.13623 -0.050765 0.19582 0.058702 -0.034637 -0.0098471 -0.063347 -0.02696 0.029484 0.050745 0.0049258 0.18033 -0.0088093 -0.064398 -0.13703 -0.028994 0.031101 0.2074 -0.046167 0.13018 0.064909 0.0056831 0.19678 0.068963 0.041577 0.14792 0.23126 0.10835 0.065951 -0.067005 0.1929 -0.093056 -0.063536 0.060541 0.18925 0.0061108 0.23333 0.18316 -0.060812 0.016244 -0.080053 0.059308 0.054211 0.05305 -0.018522 0.22606 -0.039605 -0.020023 -0.05667 0.0012781 0.039998 0.29311 0.042196 0.23806 0.070823 -0.039143 0.23581 0.085251 0.088875 0.16804 0.27634 0.22133 0.023095 -0.058178 0.24451 -0.069066 -0.052099 0.055345 0.22015
0.2795 0.21533 0.35561 0.60815 0.1705 -0.0074955 -0.016815 0.10134 0.11694 0.20504 0.25974 0.3854 0 0.13603 -0.0023331 0.0003555 0.11238 0.13593 -0.043721 0.24679 -0.047093 -0.0062773 0.010748 -0.039568 -0.11193 0.0086493 -0.03669 0.033343 0.13427 0.0042094 -0.071703 -0.15839 -0.021858 0.13916 0.13885 -0.099215 0.069678 0.075597 0.077108 0.18335 0.19979 -0.016231 0.088357 0.11928 0.10777 0.081875 -0.024574 0.21068 -0.084369 -0.035157 0.095469 0.29604 0.03775 0.268 0.012592 -0.01603 0.011346 -0.034142 -0.06495 0.029421 -0.025972 0.029421 0.16593 -0.016793 -0.045023 -0.12516 -0.0091329 0.12983 0.26674 -0.049817 0.17245 0.09223 0.085921 0.22027 0.26325 0.027097 0.10619 0.16818 0.15949 0.079747 0.0070566 0.29065 -0.10188 -0.050466 0.093626 0.3481
0.10316 0.087822 0.057216 0.11573 0.035311 -0.02191 -0.023329 0.013587 0.040454 0.084996 0.094198 0.078667 0.13603 0 -0.01315 -0.033001 0.0066783 0.079695 -0.019722 0.12225 -0.036624 0.0060083 0.010383 -0.023446 -0.028175 -0.018487 0.00037495 -0.013816 0.02715 0.0064449 -0.034726 -0.054823 -0.0058415 0.049458 0.021605 -0.044437 -0.0067094 0.041491 0.048868 0.069243 0.063336 0.029453 0.048321 0.034938 0.040067 0.016992 -0.012001 0.080211 -0.046558 -0.0082548 0.062561 0.11051 -0.0087253 0.096396 0.0086297 0.0017819 -0.0057988 -0.019316 -0.0044146 -0.0080567 0.017419 -0.01478 0.023991 0.0085897 -0.016511 -0.025574 -0.014162 0.062148 0.079231 -0.031752 0.05333 0.054834 0.054177 0.074251 0.078184 0.038473 0.059737 0.059202 0.090447 0.00026063 -0.0052485 0.11054 -0.025951 -0.02127 0.050789 0.12247
-0.012466 0.00073892 0.025205 -0.0031912 -0.012921 0.41362 0.16678 0.03212 0.054696 0.035441 -0.01823 0.020848 -0.0023331 -0.01315 0 0.21866 0.045637 0.054259 0.035766 0.032863 0.1142 0.084757 0.096333 0.21336 0.19802 0.11304 0.30232 0.10307 0.0616 0.1027 0.28967 0.14313 0.2519 0.069825 -0.063147 -0.027654 -0.080219 0.066221 0.075305 0.065117 0.057093 0.23462 0.21354 -0.056631 0.12538 0.067806 0.19494 -0.12569 0.028594 0.11404 0.079663 0.066139 0.014497 0.03205 0.031902 0.075467 0.096811 0.20375 0.12916 0.10821 0.29153 0.094809 0.029008 0.092883 0.25111 0.11033 0.25497 0.05813 -0.11186 -0.078675 -0.093148 0.060538 0.097497 0.040441 0.048576 0.22103 0.16944 -0.0815 0.056514 0.059428 0.18388 -0.11158 0.017769 0.1206 0.075422 0.058088
-0.10301 -0.088392 -0.018147 -0.0056555 -0.025227 0.17858 0.24639 0.0089232 -0.014223 -0.054888 -0.10334 -0.019564 0.0003555 -0.033001 0.21866 0 0.023142 -0.0084218 0.10634 -0.030257 0.04225 0.041221 0.066194 0.18071 0.05346 0.11791 -0.0012523 0.032481 -0.0024819 0.046981 0.1389 0.11472 0.095622 0.027197 -0.0058327 0.031508 0.035827 -0.038413 0.055917 -0.10699 0.077253 -0.026179 0.013983 -0.12398 0.031152 0.041779 0.2026 -0.085104 0.042154 0.10187 0.019293 0.029814 0.093216 -0.034319 -0.027115 0.025849 0.045395 0.18672 -9.9068e-05 0.1122 -0.014875 0.033627 -0.0066448 0.044064 0.10563 0.07736 0.095343 0.025337 -0.040965 -0.022514 -0.003137 -0.047354 0.067102 -0.12469 0.078831 -0.036367 -0.0191 -0.14399 -0.020239 0.044637 0.20746 -0.10181 0.024369 0.12059 0.0013741 0.019621
0.0256 0.048742 0.11152 0.085735 0.021409 0.036276 -0.0063448 0.091973 0.039768 0.013229 0.083723 0.13399 0.11238 0.0066783 0.045637 0.023142 0 0.063013 -0.021594 0.080368 -0.055134 0.023535 0.0090917 -0.0056281 -0.035191 -0.041988 0.067229 0.025752 0.015626 0.025337 0.053013 -0.067188 0.0096917 0.027557 -0.023709 -0.081279 -0.057918 0.032755 0.011802 0.046535 0.003988 0.055962 0.11788 -0.028469 0.010781 -0.0019905 0.020555 -0.035808 -0.0098047 -0.013299 0.035801 0.054248 -0.0069917 0.076998 -0.044137 0.02536 0.0019505 0.013511 -0.036533 -0.024224 0.056929 0.022647 0.013775 0.015689 0.037131 -0.04906 0.022644 0.03445 -0.020856 -0.10767 -0.031808 0.038652 0.0028716 0.054485 0.0078275 0.052902 0.11239 0.0010068 0.0051455 0.0020861 0.029252 0.010577 -0.015076 -0.0057351 0.040759 0.064498
0.25023 0.1959 0.13726 0.12797 0.051032 0.061038 -0.024222 0.057363 0.1729 0.21321 0.22993 0.13623 0.13593 0.079695 0.054259 -0.0084218 0.063013 0 -0.05048 0.15102 0.033137 0.030752 0.032117 0.0038139 0.041989 0.026934 0.10681 0.0068513 0.087653 0.06332 0.0068409 -0.033023 0.059862 0.079011 0.020349 -0.053348 -0.0066301 0.13679 0.071668 0.15686 0.057193 0.14117 0.11717 0.10406 0.076175 0.049151 0.018673 0.12881 -0.035778 0.030262 0.14232 0.1752 0.00040443 0.16933 0.09938 0.03775 0.017318 -0.005786 0.099387 0.031808 0.12842 0.0080625 0.10677 0.05143 0.055453 0.016199 0.051119 0.097884 0.11186 0.0027612 0.081083 0.1516 0.066984 0.17178 0.079317 0.17408 0.12746 0.13533 0.14948 0.040428 0.035935 0.16453 -0.0059629 -0.00024525 0.12056 0.19918
-0.13798 -0.08866 -0.0055338 -0.046896 -0.017642 0.062494 0.14152 -0.029566 -0.038584 -0.032869 -0.16622 -0.050765 -0.043721 -0.019722 0.035766 0.10634 -0.021594 -0.05048 0 -0.039144 0.22019 0.068712 0.024716 0.26012 0.19495 0.27374 -0.15554 0.085855 0.054051 0.091713 0.035488 0.56153 -0.023373 -0.035128 0.5007 0.18783 0.55996 -0.008986 0.03858 -0.12323 0.1463 -0.071705 -0.13359 -0.0093111 0.18583 0.057845 0.71614 0.14219 0.12085 0.14206 0.13043 0.10852 0.6386 -0.05337 0.025139 0.052872 0.012208 0.21358 0.022296 0.19674 -0.18998 0.094564 0.0079579 0.089235 -0.051667 0.34273 0.0049284 -0.0207 0.20235 0.17026 0.2841 -0.048708 0.099828 -0.19263 0.10759 -0.12805 -0.11994 -0.090596 0.039388 0.032816 0.59904 -0.023081 0.074987 0.14619 0.14779 0.071914
0.24296 0.24292 0.19945 0.27135 0.098875 0.036928 -0.041039 0.083618 0.15568 0.2326 0.27044 0.19582 0.24679 0.12225 0.032863 -0.030257 0.080368 0.15102 -0.039144 0 -0.08659 0.13441 0.042237 0.010075 -0.13645 -0.0088267 0.013178 0.026881 0.23226 0.1617 -0.097281 -0.29026 0.018097 0.34768 0.18829 -0.2152 0.031167 0.24833 0.2738 0.40133 0.38166 0.088436 0.28576 0.2673 0.31691 0.25843 0.060929 0.38043 -0.13993 -0.045597 0.26323 0.54727 0.071201 0.57084 -0.089744 0.14375 -3.7825e-05 -0.012023 -0.13344 0.00023628 0.039242 0.029889 0.18785 0.13259 -0.056388 -0.27434 0.024399 0.32883 0.28859 -0.245 0.11217 0.25526 0.2303 0.4274 0.37228 0.14046 0.267 0.22852 0.26419 0.20864 0.065199 0.43663 -0.17473 -0.094659 0.2083 0.53924
0.059712 0.027969 0.11127 -0.045265 0.0005613 0.13535 0.039119 -0.062014 -0.0016083 0.26697 -0.029173 0.058702 -0.047093 -0.036624 0.1142 0.04225 -0.055134 0.033137 0.22019 -0.08659 0 -0.12212 0.055304 0.21105 0.67045 0.54642 0.18764 -0.037056 0.26479 -0.060452 0.094103 0.46623 0.16074 -0.12323 0.54966 0.42019 0.53208 -0.098264 -0.064203 0.089012 0.075953 0.28622 -0.046354 0.65473 0.35522 0.35966 0.061323 0.41 0.020508 -0.00072682 -0.036809 -0.053578 0.017729 -0.10188 0.64707 -0.16409 0.056627 0.11954 0.4706 0.27987 0.054267 -0.023056 0.094732 -0.059584 0.040166 0.25869 0.11932 -0.10894 0.27782 0.32109 0.23187 -0.10806 -0.037164 -0.040164 0.003082 0.13983 -0.11542 0.25061 0.046357 0.15897 0.035513 0.056747 0.047083 0.0057143 -0.018759 -0.095964
-0.07657 0.077359 -0.014102 -0.00052893 -0.0072102 0.096552 0.031473 0.012141 0.040469 -0.021674 0.054166 -0.034637 -0.0062773 0.0060083 0.084757 0.041221 0.023535 0.030752 0.068712 0.13441 -0.12212 0 0.0084266 0.29327 0.024474 -0.13747 0.11509 0.15355 0.027418 0.90859 0.017192 -0.17074 0.15265 0.39381 -0.085513 -0.17532 -0.13563 0.84652 0.35368 0.033056 0.30755 0.25724 0.061104 -0.035272 0.077555 0.62618 0.18811 -0.023808 -0.03226 0.0091725 0.18859 0.20888 0.11839 0.11491 -0.2672 0.96628 -0.010043 0.33548 -0.11472 -0.1027 0.12574 0.20531 -0.045611 0.89513 -0.0083067 -0.21021 0.1627 0.35894 -0.1548 -0.27005 -0.194 0.80241 0.40232 0.031341 0.31927 0.2843 0.049144 -0.15079 -0.046067 0.5535 0.19215 -0.0013348 -0.079807 0.012793 0.15771 0.17875
0.023004 0.016891 0.0019465 0.0063299 0.0081946 0.11343 0.06384 -0.0052296 0.0085328 0.047069 0.012348 -0.0098471 0.010748 0.010383 0.096333 0.066194 0.0090917 0.032117 0.024716 0.042237 0.055304 0.0084266 0 0.14574 0.097982 0.13089 0.039554 0.019568 0.074075 0.029799 0.079191 0.092601 0.085443 0.029397 0.053463 0.034068 0.0626 0.014362 0.04121 0.027471 0.055196 0.023281 0.044314 0.028436 0.057513 0.079215 0.093834 0.048008 0.025165 0.090109 0.037481 0.081489 0.0094945 0.02382 0.028302 -0.0033711 0.043135 0.11676 0.061645 0.10501 0.040886 0.0014532 0.041656 0.026697 0.067059 0.054508 0.060787 -0.00095748 0.045442 0.014009 0.034345 0.0017004 0.028239 0.022536 0.042242 0.041027 0.017039 -0.0098114 0.033373 0.062748 0.063825 0.028686 0.013271 0.039686 0.014109 0.070702
-0.080354 -0.058018 -0.04543 -0.030179 -0.0070829 0.21289 0.18479 -0.015215 -0.0039232 -0.098793 -0.085206 -0.063347 -0.039568 -0.023446 0.21336 0.18071 -0.0056281 0.0038139 0.26012 0.010075 0.21105 0.29327 0.14574 0 0.33576 0.35644 0.070787 0.52111 0.081039 0.48738 0.1756 0.17818 0.31061 0.090263 0.11184 0.043188 0.10067 0.24951 0.10426 -0.076676 0.14866 0.083523 0.03599 -0.043662 0.059101 0.47524 0.34413 -0.01205 0.057822 0.14166 0.10179 0.116 0.27296 0.018279 0.042439 0.26473 0.11248 0.80917 0.18035 0.35882 0.06811 0.49161 0.055576 0.4876 0.14286 0.16088 0.32942 0.089629 0.067866 -0.039769 0.11907 0.17463 0.15031 -0.069873 0.17311 0.13137 0.029372 -0.095627 0.013589 0.46722 0.27671 -0.03295 0.028827 0.12405 0.07397 0.076926
0.053685 0.026981 0.0059517 -0.11781 -0.022482 0.22281 0.072101 -0.056682 0.012598 0.20276 -0.015399 -0.02696 -0.11193 -0.028175 0.19802 0.05346 -0.035191 0.041989 0.19495 -0.13645 0.67045 0.024474 0.097982 0.33576 0 0.51405 0.49459 0.05521 0.15604 0.09045 0.27071 0.62451 0.38685 -0.089603 0.24311 0.34665 0.23823 -0.0030134 -0.12719 0.1575 -0.16618 0.62602 0.085739 0.4666 0.30696 0.3042 0.091896 0.17448 0.15473 0.10238 -0.024608 -0.11657 0.031205 -0.13967 0.48928 -0.050088 0.062052 0.23921 0.72673 0.32726 0.39657 0.040739 0.039708 0.074035 0.23384 0.52064 0.32063 -0.097911 0.081438 0.2342 0.13307 -0.031143 -0.11203 0.020916 -0.18687 0.47017 0.022049 0.15079 0.11711 0.12863 0.067074 -0.039216 0.22504 0.12763 -0.0081622 -0.15379
0.14843 0.033031 0.05254 0.022794 0.015803 0.12025 0.13355 -0.027939 0.0049007 0.23558 -0.027345 0.029484 0.0086493 -0.018487 0.11304 0.11791 -0.041988 0.026934 0.27374 -0.0088267 0.54642 -0.13747 0.13089 0.35644 0.51405 0 0.00044382 0.086837 0.24501 -0.069692 0.064213 0.45553 0.10673 -0.054687 0.41924 0.37731 0.46562 -0.12829 0.00012626 0.042483 0.11672 -0.0097432 -0.07246 0.38024 0.22246 0.3354 0.18566 0.43512 0.028466 0.11607 -0.018481 0.092471 0.15729 -0.0062934 0.33188 -0.16466 0.095775 0.27298 0.32122 0.556 -0.092402 0.047805 0.14438 -0.075025 -0.011238 0.30401 0.045094 -0.071718 0.2799 0.25193 0.32226 -0.15032 -0.011427 0.0074006 0.053432 -0.040725 -0.097428 0.1316 0.046533 0.24246 0.13337 0.21903 0.030143 0.079315 -0.0048267 0.051203
0.073598 0.11946 0.05252 -0.021656 -0.013483 0.32636 0.0024778 0.037617 0.10352 0.11156 0.12657 0.050745 -0.03669 0.00037495 0.30232 -0.0012523 0.067229 0.10681 -0.15554 0.013178 0.18764 0.11509 0.039554 0.070787 0.49459 0.00044382 0 -0.0041605 0.029169 0.11059 0.45359 0.19283 0.37908 0.059133 -0.22386 -0.051639 -0.27274 0.14516 0.020826 0.37879 -0.14474 0.77461 0.43798 0.055436 0.21747 -0.0094556 0.0043578 -0.16829 0.10157 0.037383 0.10726 -0.032691 -0.16418 0.0069028 0.076988 0.072445 0.046331 0.044118 0.3203 -0.05226 0.74136 0.019018 -0.048907 0.097278 0.4144 0.18239 0.30102 0.04147 -0.28752 -0.13784 -0.24114 0.16563 0.037176 0.25141 -0.13056 0.68199 0.32185 -0.040441 0.1258 -0.10189 0.025056 -0.18441 0.098173 0.046058 0.083141 -0.058347
-0.0095472 0.067761 0.0044273 0.020367 -0.0035949 0.11106 0.070218 0.013859 0.011343 -0.079319 0.046474 0.0049258 0.033343 -0.013816 0.10307 0.032481 0.025752 0.0068513 0.085855 0.026881 -0.037056 0.15355 0.019568 0.52111 0.05521 0.086837 -0.0041605 0 0.029853 0.36126 0.096308 0.0029311 0.034739 0.058525 0.013548 0.00085923 0.033484 0.2609 0.028804 -0.0074163 0.085653 -0.082188 0.058608 -0.088055 -0.019355 0.2489 0.18546 -0.10534 0.0080082 0.05014 0.10195 0.088627 0.18708 0.045538 -0.06256 0.15181 0.016409 0.53924 -0.029187 0.15133 -0.025362 0.92858 0.051344 0.28462 0.061891 0.043945 0.069591 0.055981 0.084391 -0.029516 0.10129 0.24925 0.097327 0.0074861 0.14678 -0.046758 0.047195 -0.084827 -0.0034287 0.28639 0.15881 0.010487 0.011843 0.042225 0.090533 0.09954
0.21223 0.13913 0.19543 0.13837 0.068479 0.061336 -0.0058546 0.014584 0.069378 0.21962 0.12039 0.18033 0.13427 0.02715 0.0616 -0.0024819 0.015626 0.087653 0.054051 0.23226 0.26479 0.027418 0.074075 0.081039 0.15604 0.24501 0.029169 0.029853 0 0.028306 -0.0040134 0.032394 0.048808 0.049288 0.42677 0.27533 0.44917 0.080702 -0.0011482 0.27804 0.10152 0.08788 0.18958 0.46917 0.26973 0.18742 0.063723 0.4114 -0.061075 0.0264 0.12011 0.31842 0.089426 0.22345 0.23428 0.0038289 0.041236 0.046047 0.13671 0.16382 -0.019931 0.019535 0.39045 0.019953 -0.0054881 0.021013 0.0064854 0.018077 0.40118 0.22155 0.43883 0.074283 -0.0018702 0.21303 0.08831 0.067126 0.14396 0.3092 0.20287 0.080584 0.057343 0.29953 -0.027443 -0.025017 0.10699 0.31562
-0.048929 0.1175 0.0071503 0.011802 -0.0039629 0.11798 0.043997 0.0032464 0.067716 -0.011942 0.09576 -0.0088093 0.0042094 0.0064449 0.1027 0.046981 0.025337 0.06332 0.091713 0.1617 -0.060452 0.90859 0.029799 0.48738 0.09045 -0.069692 0.11059 0.36126 0.028306 0 0.033173 -0.15367 0.21322 0.38295 -0.061872 -0.17371 -0.086242 0.89733 0.36306 0.059713 0.2944 0.22481 0.070713 -0.029963 0.055566 0.65946 0.22083 0.01526 -0.02262 0.0098656 0.25561 0.24377 0.11642 0.12316 -0.19052 0.89598 -0.0015924 0.50308 -0.039543 -0.011786 0.12541 0.39323 -0.015299 0.91444 0.0060023 -0.16516 0.223 0.34126 -0.078942 -0.239 -0.11075 0.85134 0.40681 0.063572 0.31408 0.2761 0.058013 -0.11926 -0.039094 0.60825 0.21239 0.074916 -0.070097 -0.0037671 0.21111 0.21462
-0.1699 -0.036528 -0.025021 -0.038878 -0.022712 0.28909 0.17468 0.055546 0.012834 -0.024501 -0.071916 -0.064398 -0.071703 -0.034726 0.28967 0.1389 0.053013 0.0068409 0.035488 -0.097281 0.094103 0.017192 0.079191 0.1756 0.27071 0.064213 0.45359 0.096308 -0.0040134 0.033173 0 0.33852 0.24764 -0.00059752 -0.16032 0.064809 -0.12623 0.0036612 0.032804 -0.047221 -0.048602 0.33973 0.35313 -0.27146 0.22075 -0.082931 0.19318 -0.32689 0.23207 0.16957 0.015356 -0.085634 -0.074061 -0.13007 -0.16884 -0.0024442 0.031729 0.1677 0.027404 0.005305 0.33644 0.11795 -0.14334 0.025898 0.50709 0.19009 0.19961 -0.01308 -0.35889 -0.13197 -0.2778 -0.0098234 0.044792 -0.15951 -0.073055 0.16696 0.19395 -0.4034 -0.028505 -0.10121 0.14438 -0.35866 0.18383 0.15609 0.004355 -0.12492
-0.10123 -0.11448 -0.068726 -0.15774 -0.032975 0.18173 0.16285 -0.064703 -0.053087 0.075583 -0.18726 -0.13703 -0.15839 -0.054823 0.14313 0.11472 -0.067188 -0.033023 0.56153 -0.29026 0.46623 -0.17074 0.092601 0.17818 0.62451 0.45553 0.19283 0.0029311 0.032394 -0.15367 0.33852 0 0.10655 -0.25215 0.25529 0.58661 0.35419 -0.2057 -0.18402 -0.11101 -0.20251 0.21122 -0.03439 -0.030739 0.31878 -0.1693 0.33326 0.025277 0.31772 0.26504 -0.12813 -0.24037 0.17844 -0.30062 0.19294 -0.21736 0.063445 0.10951 0.32604 0.27841 0.044571 0.0034233 -0.06161 -0.13597 0.17712 0.74807 0.05204 -0.23369 -0.082708 0.42213 0.059441 -0.23286 -0.15458 -0.25116 -0.24124 -0.034719 -0.12043 -0.21383 0.049185 -0.19504 0.23363 -0.24528 0.34162 0.25369 -0.085294 -0.25382
0.016791 0.022126 -0.024631 -0.025794 -0.017198 0.26258 0.066965 0.02647 0.053202 0.036552 0.023846 -0.028994 -0.021858 -0.0058415 0.2519 0.095622 0.0096917 0.059862 -0.023373 0.018097 0.16074 0.15265 0.085443 0.31061 0.38685 0.10673 0.37908 0.034739 0.048808 0.21322 0.24764 0.10655 0 0.099088 -0.069782 -0.055536 -0.095235 0.14007 0.050754 0.066397 -0.032742 0.43727 0.2051 0.043052 0.11496 0.12433 0.12594 -0.074928 0.038655 0.081876 0.089444 0.034468 0.0092189 0.007556 0.10459 0.1227 0.064987 0.2579 0.28293 0.08824 0.37593 0.035539 0.0020098 0.19897 0.26386 0.12717 0.41584 0.072607 -0.10048 -0.06659 -0.050381 0.11423 0.031617 0.046037 -0.035416 0.41934 0.1616 -0.014413 0.098028 0.066119 0.11384 -0.094211 0.071651 0.081367 0.061172 -0.001277
0.097302 0.1663 0.038648 0.16067 0.0047469 0.06664 0.018491 0.045486 0.10757 0.15873 0.12496 0.031101 0.13916 0.049458 0.069825 0.027197 0.027557 0.079011 -0.035128 0.34768 -0.12323 0.39381 0.029397 0.090263 -0.089603 -0.054687 0.059133 0.058525 0.049288 0.38295 -0.00059752 -0.25215 0.099088 0 0.066991 -0.24157 -0.050371 0.42498 0.53484 0.22214 0.59174 0.17854 0.086827 0.097917 0.27717 0.38578 0.16491 0.26715 -0.081721 -0.026408 0.35504 0.46222 0.019888 0.30686 -0.13804 0.37599 -0.0049578 0.092879 -0.11722 -0.062704 0.076776 0.058466 0.0060928 0.35385 -0.029912 -0.2528 0.12697 0.76324 0.11101 -0.25345 0.0063926 0.39869 0.46854 0.27437 0.54314 0.22708 0.064287 0.066327 0.1937 0.32558 0.16261 0.32291 -0.10901 -0.036938 0.30724 0.42126
0.099039 0.098435 0.24117 0.16354 0.068664 -0.043663 0.0063124 -0.02438 0.03772 0.25645 0.016127 0.2074 0.13885 0.021605 -0.063147 -0.0058327 -0.023709 0.020349 0.5007 0.18829 0.54966 -0.085513 0.053463 0.11184 0.24311 0.41924 -0.22386 0.013548 0.42677 -0.061872 -0.16032 0.25529 -0.069782 0.066991 0 0.40974 0.84796 -0.020072 0.013652 0.089587 0.29012 -0.10884 -0.10103 0.55607 0.52448 0.23669 0.23916 0.62475 -0.041267 0.015735 0.080138 0.311 0.26926 0.178 0.31137 -0.10975 0.01734 0.042103 0.076935 0.19257 -0.31137 0.0018351 0.27245 -0.058457 -0.21004 0.043491 -0.070325 0.053163 0.64057 0.27531 0.58856 -0.038174 0.027909 0.0020442 0.23804 -0.19125 -0.13046 0.21203 0.23304 0.12592 0.1736 0.38157 -0.050731 -0.029827 0.091245 0.28898
-0.057517 -0.079265 -0.013327 -0.090395 0.0043655 0.015698 0.076221 -0.086972 -0.056552 0.10953 -0.14895 -0.046167 -0.099215 -0.044437 -0.027654 0.031508 -0.081279 -0.053348 0.18783 -0.2152 0.42019 -0.17532 0.034068 0.043188 0.34665 0.37731 -0.051639 0.00085923 0.27533 -0.17371 0.064809 0.58661 -0.055536 -0.24157 0.40974 0 0.59452 -0.16215 -0.17782 -0.12904 -0.12181 -0.11848 -0.1774 0.15436 0.21956 -0.10098 0.0019761 0.13893 0.15911 0.095297 -0.1035 -0.14343 -0.056604 -0.21448 0.1558 -0.1965 0.046431 0.015941 0.075519 0.17416 -0.21279 -0.0093477 0.10911 -0.16476 -0.044059 0.2448 -0.047777 -0.20842 0.12784 0.55585 0.24361 -0.18146 -0.13843 -0.23389 -0.12871 -0.30824 -0.24177 -0.16294 -0.10589 -0.15119 -0.033921 -0.080936 0.13312 0.071797 -0.079695 -0.13968
0.045249 0.0067236 0.15473 0.077729 0.059687 -0.039933 0.066387 -0.071148 -0.012423 0.2223 -0.05617 0.13018 0.069678 -0.0067094 -0.080219 0.035827 -0.057918 -0.0066301 0.55996 0.031167 0.53208 -0.13563 0.0626 0.10067 0.23823 0.46562 -0.27274 0.033484 0.44917 -0.086242 -0.12623 0.35419 -0.095235 -0.050371 0.84796 0.59452 0 -0.078132 -0.075615 -0.033971 0.20448 -0.26057 -0.2254 0.43208 0.32507 0.14641 0.2349 0.5299 0.021519 0.033394 -0.014089 0.18885 0.28522 -0.011268 0.29501 -0.15008 0.046804 0.033198 0.0050688 0.24669 -0.38064 0.017053 0.27158 -0.095728 -0.20453 0.086044 -0.097867 -0.051132 0.54209 0.46383 0.61515 -0.097743 -0.03334 -0.13083 0.13469 -0.35754 -0.24662 0.10863 0.0017973 0.055602 0.1563 0.23282 -0.055196 -0.0095009 0.014473 0.17572
0.075884 0.2076 0.06192 0.079132 0.033277 0.082296 -0.0077403 0.036457 0.13786 0.10738 0.21353 0.064909 0.075597 0.041491 0.066221 -0.038413 0.032755 0.13679 -0.008986 0.24833 -0.098264 0.84652 0.014362 0.24951 -0.0030134 -0.12829 0.14516 0.2609 0.080702 0.89733 0.0036612 -0.2057 0.14007 0.42498 -0.020072 -0.16215 -0.078132 0 0.40929 0.18043 0.3381 0.26471 0.11402 0.019184 0.10468 0.54872 0.11615 0.093163 -0.057378 -0.018104 0.29661 0.3185 0.030457 0.22726 -0.1687 0.8048 -0.012566 0.27393 -0.061526 -0.076942 0.16381 0.31146 0.044267 0.85286 -0.0015454 -0.21226 0.14512 0.38946 -0.015549 -0.20498 -0.07438 0.95321 0.45209 0.19465 0.37405 0.30547 0.11479 -0.030559 0.040023 0.49803 0.11713 0.20446 -0.079014 -0.046416 0.25793 0.31469
0.0071298 0.13624 -0.006537 0.1396 0.047368 0.085285 0.056351 0.027244 0.082026 0.21572 0.073723 0.0056831 0.077108 0.048868 0.075305 0.055917 0.011802 0.071668 0.03858 0.2738 -0.064203 0.35368 0.04121 0.10426 -0.12719 0.00012626 0.020826 0.028804 -0.0011482 0.36306 0.032804 -0.18402 0.050754 0.53484 0.013652 -0.17782 -0.075615 0.40929 0 0.05564 0.86851 0.050773 0.016126 -0.0011679 0.26467 0.46256 0.28035 0.30546 -0.023849 0.026676 0.46342 0.57333 0.024272 0.23359 -0.20655 0.32988 -0.010959 0.11052 -0.20725 -0.05673 -0.0058325 0.028635 -0.065922 0.34225 -0.016415 -0.24927 0.067098 0.48439 -0.013185 -0.25834 -0.15391 0.37155 0.8817 0.087303 0.7762 0.054924 -0.017711 -0.11822 0.079375 0.37304 0.25421 0.28992 -0.11681 -0.029719 0.36693 0.4644
0.3609 0.29905 0.17809 0.17683 0.08269 0.078089 -0.12347 0.051265 0.16184 0.29305 0.30989 0.19678 0.18335 0.069243 0.065117 -0.10699 0.046535 0.15686 -0.12323 0.40133 0.089012 0.033056 0.027471 -0.076676 0.1575 0.042483 0.37879 -0.0074163 0.27804 0.059713 -0.047221 -0.11101 0.066397 0.22214 0.089587 -0.12904 -0.033971 0.18043 0.05564 0 0.069685 0.49694 0.34176 0.43038 0.26533 0.15013 -0.079394 0.37831 -0.088924 -0.060648 0.16971 0.33344 -0.039422 0.37141 0.15914 0.038521 0.040138 -0.089272 0.21208 0.059693 0.37118 -0.013989 0.23557 0.019634 0.052519 -0.0223 0.024852 0.18105 0.2078 -0.087276 0.12634 0.209 0.05082 0.66912 0.099676 0.46545 0.30441 0.42114 0.29413 0.060326 -0.045887 0.37972 -0.095197 -0.091115 0.15589 0.34848
0.057019 0.12605 0.077041 0.25215 0.075263 0.051725 0.066414 0.024046 0.064698 0.26631 0.074127 0.068963 0.19979 0.063336 0.057093 0.077253 0.003988 0.057193 0.1463 0.38166 0.075953 0.30755 0.055196 0.14866 -0.16618 0.11672 -0.14474 0.085653 0.10152 0.2944 -0.048602 -0.20251 -0.032742 0.59174 0.29012 -0.12181 0.20448 0.3381 0.86851 0.069685 0 -0.1046 -0.020426 0.11481 0.45062 0.52876 0.30694 0.4699 -0.064013 -0.0035803 0.40115 0.61542 0.1486 0.32338 -0.12444 0.27718 -0.0091973 0.13653 -0.28107 0.00079457 -0.17131 0.09488 0.029808 0.28372 -0.11893 -0.30593 0.019432 0.56365 0.23745 -0.24429 0.025986 0.31255 0.80996 0.10305 0.90527 -0.060233 -0.05435 -0.044598 0.20527 0.47392 0.27178 0.40382 -0.16339 -0.047091 0.31493 0.53022
0.17555 0.17264 0.059282 0.0014019 0.00068806 0.25007 -0.039449 0.029435 0.12666 0.19802 0.18653 0.041577 -0.016231 0.029453 0.23462 -0.026179 0.055962 0.14117 -0.071705 0.088436 0.28622 0.25724 0.023281 0.083523 0.62602 -0.0097432 0.77461 -0.082188 0.08788 0.22481 0.33973 0.21122 0.43727 0.17854 -0.10884 -0.11848 -0.26057 0.26471 0.050773 0.49694 -0.1046 0 0.41256 0.28302 0.31543 0.15001 0.029315 0.063533 0.083603 0.032615 0.11536 0.049831 -0.03928 0.080838 0.19998 0.21208 0.038963 0.051499 0.48916 -0.023311 0.73947 -0.027487 -0.020584 0.2057 0.34844 0.26696 0.3607 0.13255 -0.17453 -0.14665 -0.17512 0.26694 0.048271 0.38589 -0.092885 0.89837 0.32943 0.15255 0.26939 -0.00010851 0.061235 0.012174 0.14514 0.046272 0.10739 0.016386
0.078629 0.14074 0.16108 0.10548 0.05562 0.21253 0.0031471 0.10296 0.12021 0.07329 0.16781 0.14792 0.088357 0.048321 0.21354 0.013983 0.11788 0.11717 -0.13359 0.28576 -0.046354 0.061104 0.044314 0.03599 0.085739 -0.07246 0.43798 0.058608 0.18958 0.070713 0.35313 -0.03439 0.2051 0.086827 -0.10103 -0.1774 -0.2254 0.11402 0.016126 0.34176 -0.020426 0.41256 0 0.029781 0.33966 -0.027954 0.036243 -0.061708 0.017485 0.024371 0.15045 0.1703 -0.092264 0.26833 -0.08088 0.048126 0.026066 0.014252 0.021163 -0.069013 0.40911 0.066164 0.1106 0.051291 0.36826 0.021615 0.14401 0.072003 -0.11137 -0.21804 -0.11531 0.11514 -0.00044156 0.28611 -0.014192 0.35171 0.56423 0.011089 0.2767 -0.079643 0.065524 -0.026856 0.015876 0.024321 0.11902 0.1606
0.38859 0.1858 0.24775 0.13844 0.068071 -0.039591 -0.15032 -0.014642 0.085027 0.45511 0.17476 0.23126 0.11928 0.034938 -0.056631 -0.12398 -0.028469 0.10406 -0.0093111 0.2673 0.65473 -0.035272 0.028436 -0.043662 0.4666 0.38024 0.055436 -0.088055 0.46917 -0.029963 -0.27146 -0.030739 0.043052 0.097917 0.55607 0.15436 0.43208 0.019184 -0.0011679 0.43038 0.11481 0.28302 0.029781 0 0.39919 0.38594 -0.12493 0.67407 -0.15088 -0.11311 0.068095 0.2564 0.036975 0.24218 0.5562 -0.057851 0.026635 -0.081491 0.41192 0.21004 -0.008436 -0.09608 0.32078 -0.054168 -0.2026 0.0098328 -0.0050625 0.075371 0.51031 0.19611 0.35673 0.022062 -0.033505 0.37901 0.087409 0.25475 0.015499 0.70891 0.24856 0.20091 -0.090656 0.47553 -0.12374 -0.15152 0.06068 0.22275
0.03556 0.15597 0.1933 0.14187 0.063869 0.14885 0.051787 0.0044045 0.07455 0.29762 0.076455 0.10835 0.10777 0.040067 0.12538 0.031152 0.010781 0.076175 0.18583 0.31691 0.35522 0.077555 0.057513 0.059101 0.30696 0.22246 0.21747 -0.019355 0.26973 0.055566 0.22075 0.31878 0.11496 0.27717 0.52448 0.21956 0.32507 0.10468 0.26467 0.26533 0.45062 0.31543 0.33966 0.39919 0 0.26857 0.14485 0.42361 0.094744 0.052579 0.16058 0.2833 -0.027924 0.24053 0.075493 0.026864 0.022096 0.0076918 -0.021978 0.052129 0.068279 -0.0045202 0.025332 0.04689 0.088664 0.034628 0.086079 0.27619 0.17219 -0.060791 0.048212 0.083039 0.21863 0.12071 0.35569 0.084552 0.1553 -0.0068801 0.46417 0.13804 0.11841 0.17033 0.076615 0.022469 0.1437 0.22206
0.14219 0.11579 0.049483 0.095182 0.0085129 0.067878 0.029816 0.003384 0.038944 0.22408 0.074802 0.065951 0.081875 0.016992 0.067806 0.041779 -0.0019905 0.049151 0.057845 0.25843 0.35966 0.62618 0.079215 0.47524 0.3042 0.3354 -0.0094556 0.2489 0.18742 0.65946 -0.082931 -0.1693 0.12433 0.38578 0.23669 -0.10098 0.14641 0.54872 0.46256 0.15013 0.52876 0.15001 -0.027954 0.38594 0.26857 0 0.099949 0.50136 -0.068308 -0.026045 0.18389 0.37022 0.11452 0.23801 0.12132 0.5912 0.035467 0.4512 0.10307 0.27921 0.01555 0.22201 0.098982 0.66034 -0.086857 -0.18791 0.14066 0.33855 0.23303 -0.15408 0.11175 0.53909 0.40774 0.17784 0.47809 0.24541 -0.023907 0.15572 0.11444 0.92537 0.06161 0.41439 -0.098894 -0.04616 0.15556 0.31716
-0.14153 -0.077102 -0.043237 -0.0066479 0.010405 0.21504 0.2253 0.013885 0.012277 -0.084709 -0.12336 -0.067005 -0.024574 -0.012001 0.19494 0.2026 0.020555 0.018673 0.71614 0.060929 0.061323 0.18811 0.093834 0.34413 0.091896 0.18566 0.0043578 0.18546 0.063723 0.22083 0.19318 0.33326 0.12594 0.16491 0.23916 0.0019761 0.2349 0.11615 0.28035 -0.079394 0.30694 0.029315 0.036243 -0.12493 0.14485 0.099949 0 0.059497 0.066273 0.20717 0.54733 0.30387 0.57096 0.044819 -0.093384 0.15466 0.063252 0.31662 -0.061996 0.087772 -0.043124 0.18165 0.0041749 0.20958 0.11285 0.16695 0.12615 0.18406 0.095972 -0.063058 0.093567 0.056098 0.31852 -0.096475 0.30289 0.00123 0.033389 -0.17957 0.027485 0.10764 0.82866 0.012867 0.030963 0.17832 0.45143 0.24756
0.39861 0.2168 0.18418 0.22599 0.10086 -0.11012 -0.08599 0.0017074 0.1042 0.39646 0.21298 0.1929 0.21068 0.080211 -0.12569 -0.085104 -0.035808 0.12881 0.14219 0.38043 0.41 -0.023808 0.048008 -0.01205 0.17448 0.43512 -0.16829 -0.10534 0.4114 0.01526 -0.32689 0.025277 -0.074928 0.26715 0.62475 0.13893 0.5299 0.093163 0.30546 0.37831 0.4699 0.063533 -0.061708 0.67407 0.42361 0.50136 0.059497 0 -0.11168 -0.07292 0.25566 0.56524 0.21593 0.38456 0.38753 -0.032761 0.0087445 -0.074068 0.24407 0.30258 -0.17603 -0.09316 0.33729 -0.0063341 -0.2937 0.048986 -0.082524 0.22044 0.64334 0.20301 0.52601 0.099746 0.22018 0.37247 0.41956 0.1131 -0.037532 0.53326 0.37958 0.3866 0.056576 0.81595 -0.10046 -0.10501 0.18391 0.51035
-0.10592 -0.055253 -0.056187 -0.07704 -0.030298 0.047165 0.057714 -0.0091659 -0.038682 -0.031519 -0.085893 -0.093056 -0.084369 -0.046558 0.028594 0.042154 -0.0098047 -0.035778 0.12085 -0.13993 0.020508 -0.03226 0.025165 0.057822 0.15473 0.028466 0.10157 0.0080082 -0.061075 -0.02262 0.23207 0.31772 0.038655 -0.081721 -0.041267 0.15911 0.021519 -0.057378 -0.023849 -0.088924 -0.064013 0.083603 0.017485 -0.15088 0.094744 -0.068308 0.066273 -0.11168 0 0.089797 -0.081854 -0.1347 0.010851 -0.15392 -0.091363 -0.030504 0.0029076 0.044183 -0.0039369 0.017771 0.044372 0.0159 -0.11346 -0.021244 0.12578 0.21686 0.016025 -0.064012 -0.15807 0.073337 -0.10399 -0.059689 -0.0065059 -0.17308 -0.087481 -0.021838 -0.032576 -0.24146 -0.01865 -0.049525 0.045896 -0.18152 0.22856 0.082878 -0.04652 -0.15812
-0.053226 -0.045538 -0.040473 -0.013403 -0.019034 0.13543 0.1192 0.00046724 -0.019008 0.0073279 -0.064151 -0.063536 -0.035157 -0.0082548 0.11404 0.10187 -0.013299 0.030262 0.14206 -0.045597 -0.00072682 0.0091725 0.090109 0.14166 0.10238 0.11607 0.037383 0.05014 0.0264 0.0098656 0.16957 0.26504 0.081876 -0.026408 0.015735 0.095297 0.033394 -0.018104 0.026676 -0.060648 -0.0035803 0.032615 0.024371 -0.11311 0.052579 -0.026045 0.20717 -0.07292 0.089797 0 0.021102 0.0063244 0.066664 -0.070028 -0.061116 -0.0018333 0.026202 0.11561 0.0091966 0.08505 0.028712 0.043817 -0.044189 0.020912 0.11881 0.19274 0.055137 -0.019807 -0.042897 0.028985 -0.017777 -0.033553 0.010087 -0.096318 -0.025781 -0.0018293 0.0021135 -0.14985 0.015651 -0.030234 0.17108 -0.1041 0.096234 0.14778 0.0061367 -0.012434
0.049737 0.1627 0.060084 0.10418 0.049761 0.10626 0.0111 0.035487 0.10835 0.036049 0.17437 0.060541 0.095469 0.062561 0.079663 0.019293 0.035801 0.14232 0.13043 0.26323 -0.036809 0.18859 0.037481 0.10179 -0.024608 -0.018481 0.10726 0.10195 0.12011 0.25561 0.015356 -0.12813 0.089444 0.35504 0.080138 -0.1035 -0.014089 0.29661 0.46342 0.16971 0.40115 0.11536 0.15045 0.068095 0.16058 0.18389 0.54733 0.25566 -0.081854 0.021102 0 0.47234 0.21351 0.27239 -0.0067808 0.18436 0.020239 0.11016 -0.0013043 -0.020875 0.088431 0.098121 0.11527 0.23154 0.039768 -0.087834 0.095325 0.34363 0.16416 -0.097879 0.074248 0.2674 0.43484 0.22316 0.40184 0.15889 0.15074 0.072918 0.17793 0.1705 0.53347 0.32914 -0.056762 -0.019758 0.62049 0.43387
0.23772 0.27391 0.17948 0.3191 0.13555 0.066216 0.022079 0.078389 0.16771 0.23149 0.26621 0.18925 0.29604 0.11051 0.066139 0.029814 0.054248 0.1752 0.10852 0.54727 -0.053578 0.20888 0.081489 0.116 -0.11657 0.092471 -0.032691 0.088627 0.31842 0.24377 -0.085634 -0.24037 0.034468 0.46222 0.311 -0.14343 0.18885 0.3185 0.57333 0.33344 0.61542 0.049831 0.1703 0.2564 0.2833 0.37022 0.30387 0.56524 -0.1347 0.0063244 0.47234 0 0.21043 0.52041 -0.029368 0.19858 0.049274 0.078015 -0.081607 0.068123 -0.015509 0.09206 0.29492 0.21769 -0.07033 -0.19802 0.039106 0.43186 0.45218 -0.12672 0.3014 0.31755 0.50003 0.38652 0.59326 0.13622 0.17451 0.23586 0.28757 0.31974 0.28152 0.61172 -0.1517 -0.044385 0.36776 0.74834
0.02628 -0.093196 -0.0020988 0.011445 -0.0026572 0.010442 0.084772 -0.014815 -0.022442 -0.10676 -0.10378 0.0061108 0.03775 -0.0087253 0.014497 0.093216 -0.0069917 0.00040443 0.6386 0.071201 0.017729 0.11839 0.0094945 0.27296 0.031205 0.15729 -0.16418 0.18708 0.089426 0.11642 -0.074061 0.17844 0.0092189 0.019888 0.26926 -0.056604 0.28522 0.030457 0.024272 -0.039422 0.1486 -0.03928 -0.092264 0.036975 -0.027924 0.11452 0.57096 0.21593 0.010851 0.066664 0.21351 0.21043 0 0.074327 0.16336 0.12442 0.036334 0.30174 0.15849 0.23332 -0.14861 0.14994 0.13409 0.12291 -0.059677 0.36573 0.026252 0.031039 0.44683 0.15271 0.48743 0.0025544 0.071987 -0.0013707 0.2102 0.047534 -0.03428 0.11874 0.21959 0.11291 0.69352 0.24527 0.031742 0.13119 0.18706 0.20624
