0,0.340929418802261,0.271845310926437,0.281349122524261,0.0857652425765991,-0.00848441570997238,-0.0893232524394989,0.063311755657196,0.211847364902496,0.730582118034363,0.419393092393875,0.358973473310471,0.295665562152863,0.114816136658192,0.000721895950846374,-0.0941172316670418,0.044308140873909,0.265806972980499,-0.157720297574997,0.235147878527641,0.066215768456459,-0.0228971932083368,0.0241822861135006,-0.0498547405004501,0.066127710044384,0.143104702234268,0.0974538251757622,0.0335772968828678,0.19006410241127,0.00434372993186116,-0.148770913481712,-0.108496151864529,0.010825714096427,0.123318143188953,0.0967761650681496,-0.0602135397493839,0.0122977420687675,0.117636926472187,0.0689444988965988,0.362080276012421,0.0836409255862236,0.183345437049866,0.0969346836209297,0.356310963630676,0.0422847047448158,0.184055775403976,-0.175866782665253,0.346502393484116,-0.100797265768051,-0.0667800903320312,0.0311081688851118,0.229914933443069,-0.050661463290453,0.278259038925171,0.416368365287781,-0.0203527472913265,0.0343318022787571,-0.0699465349316597,0.367574572563171,0.250659584999084,0.190670147538185,0.0142296245321631,0.323455065488815,-0.0249243304133415,-0.0288582276552916,0.12791720032692,0.0222994200885296,0.138959214091301,0.389710277318954,0.192504078149796,0.295636475086212,0.137578994035721,0.072957456111908,0.449083894491196,0.184841364622116,0.308247238397598,0.176590576767921,0.590387880802155,0.39294970035553,0.203075870871544,-0.131268247961998,0.525652706623077,0.000128628686070442,-0.0821811035275459,0.0497554764151573,0.279134124517441
0.340929418802261,0,0.25333634018898,0.276251167058945,0.112284064292908,0.0157345645129681,-0.0780990645289421,0.0731898173689842,0.222904562950134,0.355940908193588,0.49058735370636,0.269528955221176,0.26007741689682,0.0998810082674026,-0.00203605182468891,-0.0941469371318817,0.0568851307034492,0.210992962121964,-0.107621319591999,0.265799969434738,0.0540500953793526,0.0854156464338303,0.0220498461276293,-0.0443773008882999,0.0746165588498116,0.0541999414563179,0.146339073777199,0.0786107853055,0.150666430592537,0.126816600561142,-0.0270350724458694,-0.100066296756268,0.016516238451004,0.173230707645416,0.120152562856674,-0.065530501306057,0.0119666745886207,0.228703245520592,0.133452907204628,0.339668214321136,0.122458152472973,0.197615742683411,0.1655333340168,0.224602669477463,0.173222079873085,0.131023958325386,-0.108613483607769,0.242788314819336,-0.0463292002677917,-0.0561911314725876,0.167742118239403,0.293156504631042,-0.1257334202528,0.261114299297333,0.0679034292697906,0.0830579474568367,0.0183331705629826,-0.0695634037256241,0.0717413648962975,0.0042353505268693,0.132679432630539,0.0749207884073257,0.136837482452393,0.0863769128918648,-0.0124608781188726,-0.0871419683098793,-0.0127130979672074,0.105050519108772,0.164523258805275,-0.0358299985527992,0.0785255655646324,0.26183158159256,0.0820015370845795,0.320269405841827,0.0985127165913582,0.187204346060753,0.155202314257622,0.191554695367813,0.167613193392754,0.0704076588153839,-0.120908796787262,0.228116869926453,-0.0485423281788826,-0.071714922785759,0.155318349599838,0.267385423183441
0.271845310926437,0.25333634018898,0,0.393453657627106,0.0985844880342484,0.0357960946857929,-0.0213349238038063,0.148944646120071,0.143824443221092,0.289120763540268,0.274959713220596,0.580265641212463,0.380166232585907,0.0680507719516754,0.0315012075006962,-0.0329577066004276,0.11870065331459,0.156637817621231,-0.0326329842209816,0.203311592340469,0.124389551579952,0.00338505022227764,0.0116872480139136,-0.0349425300955772,0.039261482656002,0.0522698611021042,0.0847273394465446,0.00449104746803641,0.19497574865818,0.0265956073999405,-0.00177887454628944,-0.0664358362555504,-0.0205874927341938,0.0589567273855209,0.230745747685432,-0.00937200058251619,0.134705647826195,0.0930737853050232,0.0134122632443905,0.204924717545509,0.0859936997294426,0.093016006052494,0.174113884568214,0.254917770624161,0.21004730463028,0.0645603239536285,-0.0740829035639763,0.186297088861465,-0.0502206608653069,-0.0486782342195511,0.0709510147571564,0.187807396054268,-0.034745242446661,0.177212223410606,0.114326849579811,-0.0129510145634413,0.0367306582629681,-0.0588551685214043,0.0357555970549583,0.0281133353710175,0.068242609500885,0.0111424112692475,0.165711283683777,-0.000729796243831515,0.00273326528258622,-0.072770968079567,-0.0114101599901915,0.0320894904434681,0.199037149548531,-0.0227635707706213,0.138337105512619,0.104061745107174,-0.0102370101958513,0.202346593141556,0.0924232751131058,0.0810601189732552,0.124401181936264,0.175974667072296,0.163274258375168,0.0146641144528985,-0.0724559277296066,0.175924018025398,-0.0608103610575199,-0.0528531931340694,0.0807220861315727,0.174934938549995
0.281349122524261,0.276251167058945,0.393453657627106,0,0.189872726798058,0.012352941557765,-0.00898794084787369,0.108701162040234,0.141941204667091,0.259776026010513,0.282778024673462,0.375804930925369,0.648726761341095,0.125556021928787,0.00655032647773623,-0.0174022540450096,0.0958489552140236,0.148830115795135,-0.057817380875349,0.29973503947258,-0.0262957662343979,0.0349510237574577,0.0134262815117836,-0.0160129088908434,-0.08393245190382,0.017833149060607,0.0091867670416832,0.0282810404896736,0.147347882390022,0.0510093942284584,-0.0285849049687386,-0.155928075313568,-0.0206968877464533,0.197444349527359,0.180284157395363,-0.0938153937458992,0.0580477602779865,0.128898784518242,0.194538116455078,0.213533967733383,0.29028195142746,0.0386653169989586,0.129799231886864,0.162473127245903,0.17076563835144,0.120857797563076,-0.0210159085690975,0.252166360616684,-0.0678619667887688,-0.0221462547779083,0.135594204068184,0.354293018579483,-0.0244700834155083,0.286754608154297,0.0197436977177858,0.0369458831846714,0.0127344643697143,-0.0335498377680779,-0.042801309376955,-0.0116912797093391,0.0207398477941751,0.0322000235319138,0.154481738805771,0.0335178673267365,-0.0262704379856586,-0.131504327058792,0.00582675263285637,0.15871424973011,0.263757020235062,-0.0651635825634003,0.153828904032707,0.147869005799294,0.12787663936615,0.249849617481232,0.273195534944534,0.07520642131567,0.132620960474014,0.181268930435181,0.186640053987503,0.0977802202105522,-0.0376705750823021,0.308185696601868,-0.064676322042942,-0.0549438074231148,0.128341525793076,0.349485337734222
0.0857652425765991,0.112284064292908,0.0985844880342484,0.189872726798058,0,-0.00442594382911921,-0.0205134656280279,0.0187791176140308,0.0548400208353996,0.0957337692379951,0.10444737970829,0.108043476939201,0.16245624423027,0.0462518371641636,-0.00381615292280912,-0.0279706679284573,0.0187713168561459,0.0604923032224178,-0.0185958910733461,0.105506360530853,-0.00134417519439012,0.00413359655067325,0.0122987274080515,-0.0117987534031272,-0.0200595650821924,0.000615715922322124,-0.00657364772632718,-0.0105888480320573,0.069388173520565,0.00755306985229254,-0.0292435102164745,-0.0356352776288986,-0.0102842599153519,0.0267314910888672,0.0682921558618546,0.00142676942050457,0.0475703924894333,0.051584679633379,0.0774006173014641,0.0932198017835617,0.0933535471558571,0.0110772792249918,0.0537570267915726,0.0701550021767616,0.0658208355307579,0.0177258346229792,0.00651001324877143,0.108474269509315,-0.0292877778410912,-0.0228415559977293,0.0628256797790527,0.143515840172768,-0.0115305799990892,0.112373858690262,-0.0162187553942204,-0.00300716445781291,-0.0134985530748963,-0.0312030278146267,-0.035651009529829,-0.0115137323737144,-0.00519656948745251,-0.00275204563513398,0.0606803447008133,-0.00396129116415977,-0.0226556435227394,-0.0467109754681587,-0.0163963567465544,0.0309123732149601,0.0862222760915756,-0.0109556671231985,0.0621575266122818,0.0517214350402355,0.0594725534319878,0.0800566896796227,0.0831961780786514,0.00162387965247035,0.0256731081753969,0.0456241518259048,0.0508866906166077,-0.00290417135693133,-0.0107391923666,0.106729745864868,-0.0401768609881401,-0.0227362904697657,0.0475007928907871,0.129431486129761
-0.00848441570997238,0.0157345645129681,0.0357960946857929,0.012352941557765,-0.00442594382911921,0,0.165679186582565,0.0235022976994514,0.0871695429086685,0.0571060217916965,0.00216553942300379,0.0268607381731272,0.00522897113114595,-0.0161935985088348,0.435909956693649,0.16523177921772,0.043648287653923,0.071432001888752,0.0629151239991188,0.0412125363945961,0.138838425278664,0.104512140154839,0.137338131666183,0.221133708953857,0.240937203168869,0.124507941305637,0.339876741170883,0.129376649856567,0.0836551338434219,0.127620458602905,0.302687615156174,0.210352182388306,0.275416880846024,0.0756589844822884,-0.0350310914218426,0.0195603221654892,-0.0236994978040457,0.0902381390333176,0.0939865857362747,0.100674532353878,0.0520329102873802,0.270032435655594,0.231899604201317,0.000488990859594196,0.171147972345352,0.0834502279758453,0.213051065802574,-0.0708807110786438,0.0588932223618031,0.150491967797279,0.113822937011719,0.0787830278277397,0.0290723443031311,0.0268504470586777,0.00395869603380561,0.0832283943891525,0.0896465629339218,0.211731910705566,0.130888193845749,0.0898981988430023,0.289697855710983,0.132204741239548,0.0146638201549649,0.115556985139847,0.279957830905914,0.1377974152565,0.235597416758537,0.068766675889492,-0.116580799221992,-0.0530457869172096,-0.0930847749114037,0.0663894861936569,0.098595917224884,0.0416687987744808,0.0475011095404625,0.227064028382301,0.157130882143974,-0.0884803831577301,0.0756774321198463,0.0488895364105701,0.183787271380424,-0.105798542499542,0.0554443672299385,0.123381435871124,0.100225284695625,0.0510906763374805
-0.0893232524394989,-0.0780990645289421,-0.0213349238038063,-0.00898794084787369,-0.0205134656280279,0.165679186582565,0,-0.0104241752997041,-0.00822990201413631,-0.0405693724751472,-0.102456316351891,-0.0434398017823696,-0.0283298287540674,-0.0247821900993586,0.171847254037857,0.250734627246857,-0.0102552846074104,-0.03069475479424,0.149383828043938,-0.040775541216135,0.047231163829565,0.0286897756159306,0.0762944966554642,0.175124570727348,0.0606088154017925,0.128819718956947,-0.00275867199525237,0.0705696195363998,0.0148611096665263,0.0397891774773598,0.161190271377563,0.163074612617493,0.0702915340662003,0.0186132602393627,0.0207968968898058,0.0750463232398033,0.0700362771749496,-0.0113311503082514,0.0561539381742477,-0.122925169765949,0.0675215274095535,-0.0373972579836845,-0.00372737040743232,-0.124218039214611,0.0528397932648659,0.03103918582201,0.230555728077888,-0.0619970746338367,0.0425271056592464,0.13292022049427,0.0156204849481583,0.0281285140663385,0.0912984013557434,-0.0514053516089916,-0.0650873407721519,0.0214472264051437,0.0306212399154902,0.154181122779846,-0.037828478962183,0.0724702402949333,-0.0292244162410498,0.0586457476019859,-0.0259666107594967,0.036102119833231,0.0876287668943405,0.0834550336003304,0.0538400039076805,0.0219934284687042,-0.0596563220024109,-0.019627483561635,-0.0264012757688761,-0.0299487859010696,0.0602058134973049,-0.139657452702522,0.0677086114883423,-0.059877023100853,-0.0244573410600424,-0.18619978427887,-0.0271309148520231,0.0366338305175304,0.188472360372543,-0.121682837605476,0.0273398477584124,0.110352672636509,0.00172176596242934,-0.00501379277557135
0.063311755657196,0.0731898173689842,0.148944646120071,0.108701162040234,0.0187791176140308,0.0235022976994514,-0.0104241752997041,0,0.0518325679004192,0.0431733280420303,0.077785313129425,0.130822062492371,0.104937136173248,0.0148539384827018,0.0350400507450104,0.000784944568295032,0.110936507582664,0.0648762732744217,-0.0370112881064415,0.089875340461731,-0.056744646281004,0.0242519173771143,0.00160349393263459,-0.00753543479368091,-0.0380152985453606,-0.0197848305106163,0.0595722198486328,0.0185325276106596,0.026821244508028,0.013044630177319,0.0687222629785538,-0.0546484366059303,0.0249696467071772,0.0467372946441174,-0.0257103834301233,-0.0820285826921463,-0.0753904730081558,0.0493749529123306,0.0209779962897301,0.0734331458806992,0.0125288181006908,0.0509678646922112,0.122500114142895,0.00193324068095535,0.0143040409311652,0.00995909422636032,0.00376615393906832,-0.00138070015236735,-0.00304015260189772,-2.44863331317902e-05,0.0453237853944302,0.0875756591558456,-0.0244076531380415,0.0762801095843315,-0.0395739674568176,0.0264036785811186,-0.00400732923299074,8.47820192575455e-05,-0.0158450454473495,0.00486757420003414,0.0726860389113426,0.032882459461689,0.0320244170725346,0.00529996119439602,0.0666254237294197,-0.0365381948649883,0.0101950857788324,0.0441591888666153,0.00163151300512254,-0.0843262076377869,-0.0133268591016531,0.0564122311770916,0.0133449351415038,0.0817471817135811,0.0323046371340752,0.0628873482346535,0.104251459240913,0.0212663561105728,0.0360868871212006,0.00951791740953922,0.0113849015906453,0.054668340831995,-0.0152449123561382,7.67502933740616e-06,0.0559275969862938,0.0891829580068588
0.211847364902496,0.222904562950134,0.143824443221092,0.141941204667091,0.0548400208353996,0.0871695429086685,-0.00822990201413631,0.0518325679004192,0,0.224130138754845,0.228910878300667,0.131494075059891,0.13659080862999,0.0479395128786564,0.0743249356746674,-0.0216642934828997,0.0506686046719551,0.197885110974312,-0.0452910326421261,0.164840653538704,0.01028021145612,0.0688683465123177,0.0190143212676048,0.0105101875960827,0.0364004299044609,0.01187155675143,0.130224645137787,0.0241007599979639,0.0803847014904022,0.0985903739929199,0.0219229944050312,-0.0490927472710609,0.0664911344647408,0.119228199124336,0.0406915098428726,-0.0598556809127331,-0.0124386074021459,0.171831727027893,0.097208596765995,0.193824887275696,0.0748339667916298,0.154733121395111,0.137962087988853,0.103758506476879,0.0813629552721977,0.0590701885521412,-0.000825319264549762,0.115852765738964,-0.0287251081317663,-0.0209684744477272,0.121701948344707,0.186836376786232,-0.0378640033304691,0.17221288383007,0.0464011430740356,0.0625437945127487,0.0310461968183517,-0.00640211254358292,0.0632187947630882,0.0199504140764475,0.145769119262695,0.0190024599432945,0.0950658097863197,0.0881363898515701,0.0602008178830147,-0.0104765687137842,0.0377349145710468,0.0724781453609467,0.0888014435768127,-0.032768577337265,0.0411506742238998,0.179059252142906,0.0760936364531517,0.18633933365345,0.0688232779502869,0.175281971693039,0.139820113778114,0.109075985848904,0.12541463971138,0.0287810135632753,-0.00171149731613696,0.150032088160515,-0.0350361578166485,-0.00324903684668243,0.124504417181015,0.175157070159912
0.730582118034363,0.355940908193588,0.289120763540268,0.259776026010513,0.0957337692379951,0.0571060217916965,-0.0405693724751472,0.0431733280420303,0.224130138754845,0,0.325664222240448,0.282074928283691,0.217920139431953,0.100606642663479,0.0494820661842823,-0.0510540157556534,0.0354710072278976,0.231409072875977,-0.0677551478147507,0.234052374958992,0.265536218881607,-0.000284181209281087,0.0493087358772755,-0.0731816068291664,0.223503634333611,0.237570956349373,0.151257321238518,-0.0583041422069073,0.206515580415726,0.00770217785611749,-0.0133817177265882,0.0587317086756229,0.0440024808049202,0.197603225708008,0.232021898031235,0.0970221757888794,0.187613144516945,0.122722044587135,0.266499489545822,0.314203411340714,0.278418809175491,0.239883914589882,0.0882889181375504,0.461468279361725,0.284763187170029,0.254545986652374,-0.13018299639225,0.394928246736526,-0.0170560590922832,-0.00689096003770828,0.0342407673597336,0.227455139160156,-0.156827703118324,0.172694027423859,0.130331411957741,-0.0100794676691294,0.0263524949550629,-0.0865735560655594,0.122273094952106,0.130240470170975,0.103650711476803,-0.0271009728312492,0.10368774086237,0.000175869092345238,-0.019200162962079,0.00816534180194139,0.0275897234678268,0.133610516786575,0.140364184975624,0.0296299289911985,0.0492223352193832,0.140853777527809,0.154787123203278,0.265507072210312,0.170091152191162,0.15340967476368,0.0565576702356339,0.235464975237846,0.0951257795095444,0.0960657373070717,-0.116218857467175,0.32449871301651,-0.0379693806171417,-0.0537212342023849,0.0528306663036346,0.190113455057144
0.419393092393875,0.49058735370636,0.274959713220596,0.282778024673462,0.10444737970829,0.00216553942300379,-0.102456316351891,0.077785313129425,0.228910878300667,0.325664222240448,0,0.327958196401596,0.311025410890579,0.114208653569221,-0.00531419599428773,-0.10930871963501,0.0946929752826691,0.252489656209946,-0.191635683178902,0.293062895536423,-0.00932689197361469,0.0699603259563446,0.018310159444809,-0.0580752640962601,0.0241577364504337,-0.00771113485097885,0.149344265460968,0.0677203312516212,0.132992923259735,0.11206491291523,-0.0554403811693192,-0.18135792016983,0.0164307728409767,0.121380306780338,0.0385506488382816,-0.143771156668663,-0.0617592930793762,0.23673640191555,0.0548001155257225,0.349995583295822,0.0708823204040527,0.19969131052494,0.192296490073204,0.200718879699707,0.0847502499818802,0.0985943078994751,-0.160337820649147,0.226453170180321,-0.084955096244812,-0.0776230022311211,0.166167765855789,0.287172615528107,-0.146477401256561,0.30713015794754,0.156360730528831,0.0790846049785614,0.00970873795449734,-0.0877153873443604,0.158013015985489,0.00575586734339595,0.197003036737442,0.0460809804499149,0.194847837090492,0.0753840282559395,-0.00277055287733674,-0.0585692152380943,0.0115346657112241,0.132668003439903,0.245300009846687,-0.00593858677893877,0.154949173331261,0.274652063846588,0.0396098345518112,0.402318149805069,0.110903441905975,0.265584647655487,0.208984389901161,0.311764687299728,0.268066078424454,0.0795686095952988,-0.139017045497894,0.315059930086136,-0.036584060639143,-0.100651308894157,0.170288935303688,0.306565403938293
0.358973473310471,0.269528955221176,0.580265641212463,0.375804930925369,0.108043476939201,0.0268607381731272,-0.0434398017823696,0.130822062492371,0.131494075059891,0.282074928283691,0.327958196401596,0,0.402696847915649,0.0859354138374329,0.0285899247974157,-0.0332765467464924,0.147502616047859,0.155720412731171,-0.0774789899587631,0.208424389362335,0.0676442682743073,-0.0240553468465805,-0.00650858925655484,-0.0508690662682056,0.00544596835970879,0.0322752222418785,0.0870953723788261,0.0181733369827271,0.190298140048981,0.00692533142864704,-0.0412544161081314,-0.128835201263428,-0.0246609728783369,0.0403888411819935,0.192937254905701,-0.0493647381663322,0.106028608977795,0.0925882458686829,0.0081164101138711,0.226737007498741,0.0657933428883553,0.0722142234444618,0.178126707673073,0.227068975567818,0.127356693148613,0.0780891105532646,-0.0984201282262802,0.18121862411499,-0.0810389816761017,-0.0681157857179642,0.0673635601997375,0.194787561893463,-0.0334387123584747,0.23879286646843,0.187280252575874,-0.0472857877612114,0.0239399690181017,-0.0707055628299713,0.0917531028389931,0.0610102973878384,0.091272309422493,0.000382645957870409,0.240493521094322,-0.0206330716609955,0.0037736480589956,-0.0438441336154938,0.0100206322968006,0.0440152026712894,0.27851191163063,0.0487333126366138,0.225823551416397,0.103941701352596,-0.0429986976087093,0.270054161548615,0.0816481560468674,0.122460700571537,0.187993288040161,0.283307045698166,0.235046699643135,0.0371662266552448,-0.0923081487417221,0.23892268538475,-0.0532958954572678,-0.0534448511898518,0.0591389648616314,0.215703904628754
0.295665562152863,0.26007741689682,0.380166232585907,0.648726761341095,0.16245624423027,0.00522897113114595,-0.0283298287540674,0.104937136173248,0.13659080862999,0.217920139431953,0.311025410890579,0.402696847915649,0,0.145294174551964,0.00992629863321781,-0.00871375855058432,0.116494186222553,0.158154189586639,-0.0633013397455215,0.273285150527954,-0.035362783819437,0.0327076017856598,0.01661123521626,-0.0202508792281151,-0.0905540212988853,0.00401335395872593,-0.00349395605735481,0.0528034567832947,0.135417953133583,0.047225184738636,-0.0663722679018974,-0.166559457778931,-0.0209824703633785,0.169603452086449,0.150242507457733,-0.110881924629211,0.0431196354329586,0.130393281579018,0.122454576194286,0.22154775261879,0.227954462170601,0.0232322718948126,0.115293152630329,0.138010546565056,0.127346307039261,0.104969337582588,-0.0426793247461319,0.229674771428108,-0.0859622284770012,-0.0483883805572987,0.130390077829361,0.324737817049026,0.00130461272783577,0.293881684541702,0.0347830839455128,0.0265554431825876,0.0173457488417625,-0.018894337117672,-0.0309123881161213,0.0312150381505489,0.0105748157948256,0.0474629178643227,0.191036626696587,0.0296383071690798,-0.0391068011522293,-0.116800107061863,-0.00199981802143157,0.162445202469826,0.295618206262589,-0.0450644642114639,0.192230448126793,0.149483799934387,0.12350158393383,0.255669385194778,0.296227097511292,0.076067678630352,0.132276952266693,0.20357471704483,0.199817851185799,0.0999761745333672,-0.00747099006548524,0.324820786714554,-0.0858781039714813,-0.0467837974429131,0.129140809178352,0.381224095821381
0.114816136658192,0.0998810082674026,0.0680507719516754,0.125556021928787,0.0462518371641636,-0.0161935985088348,-0.0247821900993586,0.0148539384827018,0.0479395128786564,0.100606642663479,0.114208653569221,0.0859354138374329,0.145294174551964,0,-0.00842744205147028,-0.0277804248034954,0.0066864755935967,0.0920114740729332,-0.0274394433945417,0.13215346634388,-0.0430195406079292,0.0156475827097893,0.0111134042963386,-0.0185969267040491,-0.0282977297902107,-0.0190232302993536,0.0142528675496578,-0.00984934717416763,0.0340256132185459,0.0180316995829344,-0.0312354918569326,-0.0585594289004803,-0.000869530951604247,0.0600820183753967,0.0266595706343651,-0.0450070798397064,-0.00975361187011003,0.0603955648839474,0.0647587552666664,0.0898022800683975,0.0694601461291313,0.0390286669135094,0.0563350543379784,0.0439132824540138,0.0517136380076408,0.018036987632513,-0.0144660221412778,0.083408422768116,-0.0399091355502605,-0.0122974347323179,0.0768535360693932,0.124841555953026,-0.0187695808708668,0.107017651200294,0.00293277110904455,0.0159312523901463,0.00575009314343333,-0.0218315757811069,-0.00381988054141402,-0.00994391273707151,0.027415631338954,-0.00988401006907225,0.034003771841526,0.0208587851375341,-0.0100521966814995,-0.0313386991620064,-0.00493024569004774,0.0697435736656189,0.0800398513674736,-0.0327577777206898,0.0595537535846233,0.0746242329478264,0.0685375332832336,0.0932362377643585,0.0889430120587349,0.0500194951891899,0.0718387737870216,0.0669308006763458,0.0936796069145203,0.00687773106619716,-0.0141770271584392,0.12037181854248,-0.0253483206033707,-0.0247460808604956,0.064819298684597,0.136512830853462
0.000721895950846374,-0.00203605182468891,0.0315012075006962,0.00655032647773623,-0.00381615292280912,0.435909956693649,0.171847254037857,0.0350400507450104,0.0743249356746674,0.0494820661842823,-0.00531419599428773,0.0285899247974157,0.00992629863321781,-0.00842744205147028,0,0.210715010762215,0.0399042852222919,0.0701357945799828,0.051827147603035,0.0375607907772064,0.126648768782616,0.0899501368403435,0.110243193805218,0.23252671957016,0.224370405077934,0.129409462213516,0.322405368089676,0.126588582992554,0.0879440307617188,0.107744187116623,0.307987064123154,0.178838819265366,0.274716079235077,0.0760769098997116,-0.035863533616066,-0.0116923656314611,-0.0433446802198887,0.0725955218076706,0.081410139799118,0.0838184952735901,0.0552700497210026,0.255175173282623,0.240577101707458,-0.0196505524218082,0.155666530132294,0.0773946270346642,0.21505281329155,-0.0815884843468666,0.0461905486881733,0.135390251874924,0.0972070768475533,0.0815075859427452,0.0404287539422512,0.0428566820919514,0.0527778416872025,0.0783432424068451,0.105537131428719,0.225485891103745,0.162118270993233,0.132019534707069,0.30388543009758,0.111865155398846,0.0572321824729443,0.101171709597111,0.273330926895142,0.160249322652817,0.27814120054245,0.0669962540268898,-0.0840031430125237,-0.0484125129878521,-0.0688372552394867,0.0605605691671371,0.108346179127693,0.0683026984333992,0.0504871681332588,0.247208997607231,0.175414070487022,-0.0627598613500595,0.100684307515621,0.0697698444128036,0.206840455532074,-0.0797051414847374,0.0375200025737286,0.141469404101372,0.101568445563316,0.0789231657981873
-0.0941172316670418,-0.0941469371318817,-0.0329577066004276,-0.0174022540450096,-0.0279706679284573,0.16523177921772,0.250734627246857,0.000784944568295032,-0.0216642934828997,-0.0510540157556534,-0.10930871963501,-0.0332765467464924,-0.00871375855058432,-0.0277804248034954,0.210715010762215,0,0.0130414078012109,-0.00586461275815964,0.114484116435051,-0.0375723615288734,0.0419600047171116,0.026385486125946,0.0734676867723465,0.166980266571045,0.0411176234483719,0.119664035737514,-0.01057402882725,0.0270702205598354,0.0152104133740067,0.0316348485648632,0.134865164756775,0.125230461359024,0.0912960544228554,0.0195973385125399,0.00558388512581587,0.043742049485445,0.0481667332351208,-0.0502291992306709,0.0394029952585697,-0.110026746988297,0.0662540793418884,-0.0322742462158203,0.00177891924977303,-0.108303368091583,0.0363678298890591,0.032571267336607,0.199106067419052,-0.0655881017446518,0.0424550957977772,0.10799603164196,0.010447452776134,0.0228117853403091,0.102923169732094,-0.0396796725690365,-0.0247865747660398,0.0172303076833487,0.0417175032198429,0.176695957779884,-0.0105430707335472,0.118833623826504,-0.0260269250720739,0.0219085365533829,-0.0045450204052031,0.0267420932650566,0.099146768450737,0.0892487019300461,0.0984925702214241,0.023413211107254,-0.0220121201127768,-0.00645882962271571,0.0118789933621883,-0.0598696433007717,0.0579969175159931,-0.128523871302605,0.0730035603046417,-0.0514723844826221,-0.0294188652187586,-0.143935918807983,-0.0159120876342058,0.0419677011668682,0.207820817828178,-0.0844982266426086,0.0266684778034687,0.132257327437401,0.00302253291010857,0.0200587902218103
0.044308140873909,0.0568851307034492,0.11870065331459,0.0958489552140236,0.0187713168561459,0.043648287653923,-0.0102552846074104,0.110936507582664,0.0506686046719551,0.0354710072278976,0.0946929752826691,0.147502616047859,0.116494186222553,0.0066864755935967,0.0399042852222919,0.0130414078012109,0,0.0682447850704193,-0.0272476468235254,0.0893740281462669,-0.0476680137217045,0.030412882566452,0.0165122002363205,-0.0033476366661489,-0.0138346096500754,-0.0331047959625721,0.0819017067551613,0.0329865366220474,0.0175974052399397,0.032737985253334,0.055738165974617,-0.0670762956142426,0.0105727184563875,0.0291821584105492,-0.0218192506581545,-0.0808237642049789,-0.0635070875287056,0.0486878007650375,0.0052105993963778,0.0682237297296524,-0.00572496652603149,0.0763915330171585,0.125049561262131,-0.0102850124239922,0.0206037759780884,0.00421785842627287,0.0110591687262058,-0.0281920526176691,-0.0145202409476042,-0.0146351233124733,0.0426034741103649,0.0628907531499863,-0.015548056922853,0.0775735974311829,-0.0365966446697712,0.02994554489851,0.00871953368186951,0.0171962529420853,-0.015434430912137,-0.0130947967991233,0.070911668241024,0.0273112524300814,0.0252155289053917,0.0233371499925852,0.0496611669659615,-0.0344816707074642,0.0234709363430738,0.0334223695099354,-0.0107369385659695,-0.102385103702545,-0.0260871648788452,0.0515039414167404,-0.00465387757867575,0.073420375585556,0.000225111842155457,0.0750988647341728,0.115485019981861,0.0191740356385708,0.0192129574716091,0.00440770667046309,0.0190426334738731,0.0171681940555573,-0.0188604239374399,-0.00311946705915034,0.047219954431057,0.0697376802563667
0.265806972980499,0.210992962121964,0.156637817621231,0.148830115795135,0.0604923032224178,0.071432001888752,-0.03069475479424,0.0648762732744217,0.197885110974312,0.231409072875977,0.252489656209946,0.155720412731171,0.158154189586639,0.0920114740729332,0.0701357945799828,-0.00586461275815964,0.0682447850704193,0,-0.0615802705287933,0.167188882827759,0.0346384644508362,0.0554018318653107,0.0437543615698814,0.0153658455237746,0.060217097401619,0.0334019102156162,0.120755217969418,0.0255090743303299,0.0938261449337006,0.0937155485153198,0.0185052249580622,-0.0253865625709295,0.0717404782772064,0.09396643191576,0.0304131228476763,-0.0534457825124264,-0.00666316971182823,0.165582820773125,0.0816175267100334,0.190110325813293,0.0683946311473846,0.1578488945961,0.137784630060196,0.1157571002841,0.0840767323970795,0.0641821026802063,0.0138538554310799,0.13727480173111,-0.0348565429449081,0.0255345273762941,0.168553873896599,0.194632411003113,-0.0103012667968869,0.184865713119507,0.10062188655138,0.0666853412985802,0.0267336796969175,0.0148204350844026,0.108851417899132,0.0431318320333958,0.148207381367683,0.0283709559589624,0.117882020771503,0.0855696946382523,0.065116822719574,0.0209889952093363,0.0582859516143799,0.111789427697659,0.120795682072639,0.0110387429594994,0.0862513929605484,0.182928964495659,0.0778297483921051,0.205662131309509,0.0893180146813393,0.192908719182014,0.143691554665565,0.152454763650894,0.163240745663643,0.0600911974906921,0.0197018254548311,0.174326077103615,0.00131231849081814,0.00288875051774085,0.135410666465759,0.217162683606148
-0.157720297574997,-0.107621319591999,-0.0326329842209816,-0.057817380875349,-0.0185958910733461,0.0629151239991188,0.149383828043938,-0.0370112881064415,-0.0452910326421261,-0.0677551478147507,-0.191635683178902,-0.0774789899587631,-0.0633013397455215,-0.0274394433945417,0.051827147603035,0.114484116435051,-0.0272476468235254,-0.0615802705287933,0,-0.0426294095814228,0.245243385434151,0.0463201925158501,0.0420779697597027,0.253458261489868,0.202478319406509,0.265106320381165,-0.162566348910332,0.0853715687990189,0.0808855146169662,0.0761399567127228,0.0118671581149101,0.572196483612061,0.00014470936730504,-0.00621095485985279,0.504551768302917,0.249750673770905,0.56652420759201,-0.0264496896415949,0.0707084685564041,-0.096333310008049,0.163865625858307,-0.0596500337123871,-0.141585692763329,0.0175394825637341,0.198980301618576,0.0838012620806694,0.720263123512268,0.241048604249954,0.11461602896452,0.165542423725128,0.159680783748627,0.116378702223301,0.650830209255219,-0.0562042221426964,0.0430306270718575,0.0287784989923239,0.0212730634957552,0.213113695383072,0.02276243083179,0.185533240437508,-0.199507817625999,0.0898342058062553,0.00647267419844866,0.0668991357088089,-0.062674455344677,0.317731142044067,0.0223708376288414,0.00744612142443657,0.214846774935722,0.165607765316963,0.258869737386703,-0.0590152069926262,0.112611077725887,-0.17011833190918,0.12037019431591,-0.135698854923248,-0.124075457453728,-0.102621898055077,0.0220713298767805,0.061697855591774,0.606165647506714,0.0429586283862591,0.0542072653770447,0.167461335659027,0.163173764944077,0.0832126215100288
0.235147878527641,0.265799969434738,0.203311592340469,0.29973503947258,0.105506360530853,0.0412125363945961,-0.040775541216135,0.089875340461731,0.164840653538704,0.234052374958992,0.293062895536423,0.208424389362335,0.273285150527954,0.13215346634388,0.0375607907772064,-0.0375723615288734,0.0893740281462669,0.167188882827759,-0.0426294095814228,0,-0.11198715865612,0.180724069476128,0.0522728152573109,0.0296030212193727,-0.109220363199711,-0.0118440138176084,0.00798308383673429,0.0421874076128006,0.207147240638733,0.199761047959328,-0.096107080578804,-0.266989350318909,0.00764023000374436,0.394602984189987,0.205677136778831,-0.224133148789406,0.0105154067277908,0.293159425258636,0.330569118261337,0.422449499368668,0.403282791376114,0.0984211787581444,0.277687013149261,0.261983156204224,0.32980751991272,0.27452090382576,0.0563477985560894,0.380870282649994,-0.127280175685883,-0.0431552641093731,0.292962849140167,0.569750368595123,0.0136484783142805,0.592811167240143,-0.1029372215271,0.189325824379921,0.0128719983622432,0.0162979308515787,-0.106242023408413,0.0108062606304884,0.0535731017589569,0.0503267385065556,0.181536287069321,0.173882737755775,-0.0484418161213398,-0.237311512231827,0.0275750420987606,0.372876465320587,0.30764377117157,-0.238895520567894,0.123149268329144,0.292959153652191,0.286004781723022,0.443541377782822,0.400969177484512,0.162667140364647,0.277028113603592,0.244124218821526,0.295662820339203,0.226508006453514,0.0512981005012989,0.469356745481491,-0.157046005129814,-0.0802033171057701,0.242954388260841,0.558527231216431
0.066215768456459,0.0540500953793526,0.124389551579952,-0.0262957662343979,-0.00134417519439012,0.138838425278664,0.047231163829565,-0.056744646281004,0.01028021145612,0.265536218881607,-0.00932689197361469,0.0676442682743073,-0.035362783819437,-0.0430195406079292,0.126648768782616,0.0419600047171116,-0.0476680137217045,0.0346384644508362,0.245243385434151,-0.11198715865612,0,-0.14036563038826,0.0684016793966293,0.17652715742588,0.734269618988037,0.566438496112823,0.199983820319176,-0.074408046901226,0.284924864768982,-0.0885247960686684,0.115960292518139,0.497973501682281,0.163962796330452,-0.0732332468032837,0.565455794334412,0.472228676080704,0.547502040863037,-0.121743001043797,-0.00620251381769776,0.113215729594231,0.129683792591095,0.323099136352539,-0.0443718396127224,0.714796543121338,0.432545959949493,0.388629198074341,0.0529807396233082,0.469312787055969,0.032669935375452,0.00565064279362559,-0.0157702825963497,-0.0439640618860722,0.038492426276207,-0.118972256779671,0.659824252128601,-0.193549007177353,0.062142800539732,0.101131051778793,0.541679441928864,0.309700101613998,0.0676574856042862,-0.0335682965815067,0.0969177111983299,-0.085201233625412,0.055394072085619,0.323854029178619,0.120656780898571,-0.0668190717697144,0.259942442178726,0.362883716821671,0.210897162556648,-0.123692587018013,0.000432349712355062,-0.00790097191929817,0.0486957430839539,0.167202726006508,-0.121491946280003,0.291370719671249,0.110176049172878,0.170554026961327,0.0376747846603394,0.0915167704224586,0.0811178460717201,0.0216765161603689,-0.00567818991839886,-0.101941183209419
-0.0228971932083368,0.0854156464338303,0.00338505022227764,0.0349510237574577,0.00413359655067325,0.104512140154839,0.0286897756159306,0.0242519173771143,0.0688683465123177,-0.000284181209281087,0.0699603259563446,-0.0240553468465805,0.0327076017856598,0.0156475827097893,0.0899501368403435,0.026385486125946,0.030412882566452,0.0554018318653107,0.0463201925158501,0.180724069476128,-0.14036563038826,0,0.0219766721129417,0.361544847488403,0.0646586120128632,-0.127055302262306,0.127931177616119,0.286325812339783,0.0393809676170349,0.92196798324585,0.0112189613282681,-0.141794100403786,0.160045176744461,0.35403847694397,-0.0633187219500542,-0.186526983976364,-0.131869256496429,0.882660865783691,0.310456693172455,0.0921825394034386,0.293674796819687,0.285029023885727,0.07630804926157,-0.0245872307568789,0.0821316912770271,0.652399837970734,0.198565065860748,0.0311524942517281,-0.0311316847801208,0.020973289385438,0.211521670222282,0.24443219602108,0.0894940122961998,0.173657491803169,-0.227100878953934,0.974104583263397,0.00728009268641472,0.399916589260101,-0.0378521047532558,-0.065766803920269,0.16417483985424,0.35004261136055,-0.00560407713055611,0.912899434566498,-0.0112991202622652,-0.176123529672623,0.17213961482048,0.33333832025528,-0.0792124569416046,-0.248981609940529,-0.135872885584831,0.843338489532471,0.35884028673172,0.0895581617951393,0.316274881362915,0.326877534389496,0.0904188305139542,-0.0720974504947662,0.00930811930447817,0.602680027484894,0.178829789161682,0.0789349377155304,-0.0701292455196381,0.0186259094625711,0.176210984587669,0.224011287093163
0.0241822861135006,0.0220498461276293,0.0116872480139136,0.0134262815117836,0.0122987274080515,0.137338131666183,0.0762944966554642,0.00160349393263459,0.0190143212676048,0.0493087358772755,0.018310159444809,-0.00650858925655484,0.01661123521626,0.0111134042963386,0.110243193805218,0.0734676867723465,0.0165122002363205,0.0437543615698814,0.0420779697597027,0.0522728152573109,0.0684016793966293,0.0219766721129417,0,0.164183363318443,0.111235179007053,0.143747672438622,0.0620645061135292,0.0394771620631218,0.0982371717691422,0.0457266233861446,0.0939176827669144,0.106728337705135,0.099655494093895,0.033169612288475,0.067548505961895,0.038867712020874,0.0699590072035789,0.0286028273403645,0.0492631159722805,0.0460898652672768,0.0575714148581028,0.0489118658006191,0.0617450550198555,0.0443794913589954,0.0697037875652313,0.0923764184117317,0.108975887298584,0.065533846616745,0.0321850515902042,0.105815812945366,0.0513277612626553,0.10391753166914,0.0180258601903915,0.0252458304166794,0.0377907045185566,0.0108820768073201,0.0579699762165546,0.13551951944828,0.0762833505868912,0.116389460861683,0.061361026018858,0.0328829064965248,0.0606887452304363,0.0442820973694324,0.0861846432089806,0.0737397372722626,0.089068278670311,0.0108096869662404,0.0554783307015896,0.0120950918644667,0.0468555055558681,0.0205477867275476,0.0405692830681801,0.0371756739914417,0.0508473925292492,0.0625966191291809,0.0344570688903332,-0.00504739908501506,0.0474994406104088,0.0781853273510933,0.0809173062443733,0.0411369949579239,0.0184864234179258,0.0509214662015438,0.0326026976108551,0.093250073492527
-0.0498547405004501,-0.0443773008882999,-0.0349425300955772,-0.0160129088908434,-0.0117987534031272,0.221133708953857,0.175124570727348,-0.00753543479368091,0.0105101875960827,-0.0731816068291664,-0.0580752640962601,-0.0508690662682056,-0.0202508792281151,-0.0185969267040491,0.23252671957016,0.166980266571045,-0.0033476366661489,0.0153658455237746,0.253458261489868,0.0296030212193727,0.17652715742588,0.361544847488403,0.164183363318443,0,0.317546218633652,0.350066989660263,0.0798723623156548,0.558222532272339,0.10403898358345,0.538692235946655,0.17236453294754,0.197963759303093,0.332342982292175,0.110965996980667,0.129986211657524,0.0386156104505062,0.0984916761517525,0.318150162696838,0.105816721916199,-0.0428478792309761,0.150495603680611,0.117616571485996,0.0430237799882889,-0.0176552198827267,0.0963603258132935,0.525507211685181,0.340053498744965,0.0114847775548697,0.0687880739569664,0.152775973081589,0.126409694552422,0.141758471727371,0.242938652634621,0.0508586764335632,0.0558489151299,0.331385761499405,0.108976498246193,0.811805188655853,0.203894451260567,0.353024780750275,0.0876934081315994,0.516739964485168,0.0759487524628639,0.534831881523132,0.133329689502716,0.186858683824539,0.35278132557869,0.12464927136898,0.120632216334343,-0.0254863779991865,0.143389657139778,0.246454417705536,0.159106850624084,-0.0317371040582657,0.194619849324226,0.168132483959198,0.0403387099504471,-0.0698146596550941,0.0629497244954109,0.528318762779236,0.276741862297058,0.0120874885469675,0.0452195070683956,0.138195797801018,0.098524421453476,0.107756391167641
