0,0.33253076672554,0.26805168390274,0.281462341547012,0.0857320874929428,-0.014123278670013,-0.0922387093305588,0.0572138652205467,0.211579442024231,0.720789432525635,0.402318894863129,0.347874850034714,0.288932025432587,0.106435067951679,-0.00589594105258584,-0.098935604095459,0.0385521985590458,0.258457630872726,-0.162114694714546,0.24086107313633,0.074265830218792,-0.0723862871527672,0.0203654170036316,-0.0697365999221802,0.0844143703579903,0.149034649133682,0.0986670851707458,0.000231951475143433,0.18873143196106,-0.0455685369670391,-0.144337326288223,-0.0916846990585327,0.0165129452943802,0.0948070585727692,0.092982180416584,-0.0387019403278828,0.0236653219908476,0.0630788952112198,0.012162022292614,0.367388814687729,0.0367549993097782,0.194855362176895,0.102528236806393,0.386833250522614,0.073412612080574,0.150407195091248,-0.190176099538803,0.355659067630768,-0.0974828228354454,-0.060367539525032,0.0142451142892241,0.210992157459259,-0.0383251160383224,0.277184873819351,0.399061352014542,-0.0629487782716751,0.0303241666406393,-0.0989092811942101,0.34097284078598,0.224216654896736,0.184956014156342,-0.0195778142660856,0.305780500173569,-0.0791069865226746,-0.0303199049085379,0.100138083100319,0.0182297416031361,0.118180155754089,0.380085378885269,0.191201940178871,0.281712234020233,0.0861864537000656,0.02042599581182,0.442138254642487,0.145175233483315,0.302016139030457,0.173691794276237,0.574545502662659,0.394383937120438,0.166265591979027,-0.145939990878105,0.519460797309875,-0.0176273994147778,-0.0871591493487358,0.0306882616132498,0.256378293037415
0.33253076672554,0,0.24064464867115,0.260335147380829,0.1080272346735,0.00665170373395085,-0.0823962986469269,0.0654589608311653,0.217799633741379,0.342529743909836,0.484447836875916,0.25419282913208,0.242657780647278,0.0919869616627693,-0.0117815807461739,-0.0951289609074593,0.0521273240447044,0.211703419685364,-0.115339949727058,0.262309610843658,0.0342362634837627,0.075509786605835,0.0137854311615229,-0.0615595988929272,0.0536260940134525,0.0362374894320965,0.135963931679726,0.0669875591993332,0.139827936887741,0.11268562823534,-0.0340132005512714,-0.11853563785553,0.0103385495021939,0.156032711267471,0.100030973553658,-0.0674899071455002,0.00633750576525927,0.211301207542419,0.103167459368706,0.329787224531174,0.0864839479327202,0.187938764691353,0.156592890620232,0.219002783298492,0.163771450519562,0.110577173531055,-0.121188126504421,0.226509049534798,-0.054639782756567,-0.0573198907077312,0.149467676877975,0.271834045648575,-0.124243795871735,0.254561126232147,0.0542138703167439,0.0744116753339767,0.00859786849468946,-0.0925267934799194,0.0588437914848328,-0.00902275461703539,0.127885475754738,0.0632693022489548,0.128282904624939,0.0683832317590714,-0.0200326163321733,-0.100624449551105,-0.023902228102088,0.0934109836816788,0.15306331217289,-0.0285831112414598,0.0742206647992134,0.24439962208271,0.0531501322984695,0.313396871089935,0.0667035728693008,0.180461749434471,0.146524250507355,0.191984593868256,0.160453513264656,0.0559488087892532,-0.133729234337807,0.211271971464157,-0.0591357424855232,-0.0740890949964523,0.140512138605118,0.245641440153122
0.26805168390274,0.24064464867115,0,0.386591613292694,0.103301614522934,0.0240341499447823,-0.0197104811668396,0.144351497292519,0.134861752390862,0.279540121555328,0.260950088500977,0.571381986141205,0.369934499263763,0.0626102164387703,0.0234406087547541,-0.0231317076832056,0.114753648638725,0.148623839020729,-0.0377788096666336,0.209430456161499,0.116864234209061,-0.0168224908411503,0.0100396182388067,-0.0461901463568211,0.0326090343296528,0.0533429384231567,0.0763760134577751,-0.00485746283084154,0.192518725991249,0.00401665782555938,-0.0185211338102818,-0.0743844211101532,-0.0318278670310974,0.0404193289577961,0.229814887046814,-0.00413465732708573,0.138521820306778,0.0615298710763454,-0.0135431410744786,0.206628307700157,0.0651901364326477,0.0797513052821159,0.168045356869698,0.259011924266815,0.199026331305504,0.0559299997985363,-0.0820846706628799,0.193597093224525,-0.0545041710138321,-0.0467857159674168,0.0604384988546371,0.175343379378319,-0.0283404495567083,0.181920766830444,0.115898132324219,-0.030032554641366,0.0270095840096474,-0.0736527740955353,0.0256114490330219,0.0262120328843594,0.0604991726577282,0.00321120047010481,0.16316232085228,-0.0270807631313801,-0.00841038674116135,-0.0769154652953148,-0.0262945350259542,0.0142480367794633,0.203758001327515,-0.0156806688755751,0.1468585729599,0.0738721713423729,-0.0340578593313694,0.203034281730652,0.0762797892093658,0.0715973451733589,0.12461145222187,0.187647372484207,0.16966800391674,0.00914400070905685,-0.0754657387733459,0.19190602004528,-0.0670223236083984,-0.0608665831387043,0.0741157755255699,0.170617416501045
0.281462341547012,0.260335147380829,0.386591613292694,0,0.192700862884521,0.0088763702660799,-0.00589670101180673,0.109802842140198,0.13599519431591,0.262878805398941,0.268859177827835,0.368786364793777,0.625072836875916,0.119521491229534,0.0023899357765913,-0.014316089451313,0.0922251716256142,0.140842065215111,-0.0690362155437469,0.298948884010315,-0.0257284678518772,0.0135004315525293,0.0132067371159792,-0.0292992424219847,-0.0784821659326553,0.0259114801883698,0.00779763981699944,0.0134923597797751,0.152466475963593,0.0252231620252132,-0.0270092375576496,-0.150690659880638,-0.025654761120677,0.169587671756744,0.17778879404068,-0.0753742754459381,0.07423035800457,0.0997388064861298,0.138387247920036,0.221820592880249,0.239719420671463,0.0406560897827148,0.13293032348156,0.174402311444283,0.173375889658928,0.104724153876305,-0.0390521138906479,0.244327738881111,-0.0733081102371216,-0.0190610475838184,0.112095288932323,0.331411272287369,-0.0256716385483742,0.283749401569366,0.0111040808260441,0.0167392827570438,0.00822600815445185,-0.0437917113304138,-0.0455998107790947,-0.00513664586469531,0.0243086870759726,0.0218827500939369,0.150190725922585,0.00434166891500354,-0.0213647242635489,-0.132282018661499,0.00318239396438003,0.132204532623291,0.254921823740005,-0.046528548002243,0.154310345649719,0.118731386959553,0.0757100805640221,0.249827578663826,0.228034421801567,0.0734144225716591,0.134736612439156,0.183549791574478,0.188396602869034,0.0859932601451874,-0.0504572577774525,0.297691017389297,-0.0737824290990829,-0.0595832243561745,0.110029473900795,0.333464503288269
0.0857320874929428,0.1080272346735,0.103301614522934,0.192700862884521,0,-0.00316279265098274,-0.0184956435114145,0.0184705499559641,0.0560279525816441,0.0968102440237999,0.0955174490809441,0.1063397154212,0.164371326565742,0.036204170435667,-0.00359175680205226,-0.0242132339626551,0.0202051009982824,0.0569807179272175,-0.0179338753223419,0.110000520944595,0.000451879546744749,0.00211029523052275,0.00717300642281771,-0.0092845493927598,-0.0156658962368965,0.00685353204607964,-0.0040155490860343,-0.010000130161643,0.0723467394709587,0.00610802788287401,-0.0216071270406246,-0.0319232679903507,-0.0110025368630886,0.0191818047314882,0.0686814337968826,0.00708664255216718,0.0544641613960266,0.0427799858152866,0.0554543845355511,0.0938322022557259,0.0756259933114052,0.0171818397939205,0.0637785792350769,0.0744498372077942,0.0706893280148506,0.0131471250206232,0.00781837571412325,0.106717139482498,-0.0276294983923435,-0.0198806803673506,0.0560386888682842,0.136970669031143,-0.00883482955396175,0.114506721496582,-0.0168533865362406,-0.00528982654213905,-0.0118917291983962,-0.0311474110931158,-0.0329269729554653,-0.0110110230743885,-0.00117010285612196,-0.00218782876618207,0.0605885349214077,-0.00958273187279701,-0.0169439408928156,-0.0428812392055988,-0.0153735987842083,0.0277665313333273,0.0824381858110428,-0.001257254043594,0.0635555610060692,0.0439627133309841,0.0362708792090416,0.0789243653416634,0.0664624944329262,0.00730248773470521,0.0296553857624531,0.0460735782980919,0.0585237741470337,-0.00698154326528311,-0.0116002075374126,0.102807343006134,-0.0401066243648529,-0.022145789116621,0.0397311188280582,0.123324610292912
-0.014123278670013,0.00665170373395085,0.0240341499447823,0.0088763702660799,-0.00316279265098274,0,0.167632445693016,0.019993744790554,0.0799522027373314,0.0341841243207455,-0.00941097736358643,0.0180041044950485,0.000883877044543624,-0.0160113871097565,0.416942566633224,0.17145836353302,0.0348397120833397,0.0644930005073547,0.0779664888978004,0.0352610163390636,0.140890941023827,0.0955857783555984,0.123647041618824,0.22409850358963,0.22045710682869,0.116475626826286,0.322073012590408,0.120859012007713,0.0767500400543213,0.12245874106884,0.291608929634094,0.203801944851875,0.269427686929703,0.0739448666572571,-0.030094288289547,0.0233987756073475,-0.0201097317039967,0.0775196924805641,0.0956726893782616,0.0757160186767578,0.0704701542854309,0.246481463313103,0.210725098848343,-0.0212223809212446,0.155690297484398,0.0756811797618866,0.232719004154205,-0.0791067555546761,0.0608979649841785,0.145246863365173,0.11726488918066,0.0787800997495651,0.044336099177599,0.0182954538613558,0.0229050107300282,0.0781985074281693,0.0892091765999794,0.211722806096077,0.127288550138474,0.0850521773099899,0.270287543535233,0.125546872615814,0.0164395440369844,0.111850760877132,0.2684565782547,0.146870091557503,0.225960224866867,0.0731271430850029,-0.103751428425312,-0.0395140796899796,-0.0831741765141487,0.0567047968506813,0.099125549197197,0.0313124768435955,0.0590121708810329,0.212188765406609,0.138495981693268,-0.0882146880030632,0.0777455866336823,0.0400728546082973,0.19649001955986,-0.108127728104591,0.0681830495595932,0.121365554630756,0.0971920937299728,0.0497996844351292
-0.0922387093305588,-0.0823962986469269,-0.0197104811668396,-0.00589670101180673,-0.0184956435114145,0.167632445693016,0,-0.00681461067870259,-0.0108441803604364,-0.0534115023910999,-0.106704264879227,-0.0418542772531509,-0.0276368875056505,-0.0262994393706322,0.171672776341438,0.251532435417175,-0.00958458054810762,-0.0321613922715187,0.145304396748543,-0.0496569164097309,0.0429800264537334,0.026979174464941,0.0681704208254814,0.173060104250908,0.0563311092555523,0.119960114359856,0.000761953939218074,0.0658494085073471,0.0120061850175261,0.0349465757608414,0.15875943005085,0.162249639630318,0.0678852647542953,0.0224192794412374,0.0178570989519358,0.073303647339344,0.0670478194952011,-0.017960986122489,0.0608653910458088,-0.127879127860069,0.0795336589217186,-0.0394539348781109,-0.0035454910248518,-0.137192100286484,0.0534195192158222,0.0208995155990124,0.233411222696304,-0.0705192685127258,0.0538127273321152,0.125609368085861,0.02104208804667,0.025060597807169,0.0932030603289604,-0.0551045760512352,-0.057393129914999,0.0178952291607857,0.0304607171565294,0.153976812958717,-0.0344393961131573,0.0686606466770172,-0.0300228353589773,0.0554961003363132,-0.0236737933009863,0.0328795425593853,0.0866958275437355,0.0914640203118324,0.0507531352341175,0.0247746724635363,-0.0531925186514854,-0.0123380906879902,-0.0230675768107176,-0.0372036322951317,0.065521627664566,-0.139014020562172,0.0783003270626068,-0.0621727667748928,-0.0242739375680685,-0.184479027986526,-0.0171597544103861,0.026071960106492,0.19223165512085,-0.129683315753937,0.0373099595308304,0.104601107537746,0.0044671818614006,-0.0043238578364253
0.0572138652205467,0.0654589608311653,0.144351497292519,0.109802842140198,0.0184705499559641,0.019993744790554,-0.00681461067870259,0,0.0536477230489254,0.0388933569192886,0.0736535936594009,0.123987674713135,0.103715240955353,0.0176769848912954,0.0308575462549925,0.00677713239565492,0.0992705523967743,0.0587377138435841,-0.0431970879435539,0.0914667993783951,-0.0583412498235703,0.0187094993889332,8.31475481390953e-05,-0.0133289452642202,-0.0470436215400696,-0.0232620593160391,0.0469901151955128,0.013253927230835,0.0207652505487204,0.00424416502937675,0.0617078691720963,-0.0592521950602531,0.0220294538885355,0.0423175431787968,-0.0194768011569977,-0.0803813338279724,-0.0692836940288544,0.041751679033041,0.0191722251474857,0.0651112273335457,0.0170927233994007,0.0378092639148235,0.110948443412781,-0.000302258878946304,0.00743001792579889,0.00813049729913473,-0.000626912282314152,0.000564590038266033,-0.00707283848896623,-0.00141072645783424,0.0388956442475319,0.0800995528697968,-0.0246331971138716,0.073186956346035,-0.0411296226084232,0.02213847450912,-0.00435510138049722,-0.00326878996565938,-0.0268942881375551,0.00208227871917188,0.0607320219278336,0.0299714561551809,0.0302650779485703,0.000543007568921894,0.0637739077210426,-0.0443069860339165,0.00861118175089359,0.0444607771933079,0.00143020250834525,-0.0864427238702774,-0.0136052379384637,0.0494299493730068,0.00928398966789246,0.0707584321498871,0.0345554389059544,0.054199144244194,0.0940987393260002,0.0170822963118553,0.0268303751945496,0.00891230721026659,0.0106347016990185,0.0518863461911678,-0.0149956671521068,0.00164263776969165,0.0548620596528053,0.0868259519338608
0.211579442024231,0.217799633741379,0.134861752390862,0.13599519431591,0.0560279525816441,0.0799522027373314,-0.0108441803604364,0.0536477230489254,0,0.216206610202789,0.223578423261642,0.127448663115501,0.131928890943527,0.0430971533060074,0.0603249259293079,-0.0244680996984243,0.0488071292638779,0.188627824187279,-0.0443006195127964,0.168492317199707,0.00530310394242406,0.0542940720915794,0.0122675746679306,-0.00265923817642033,0.0290711503475904,0.00552422692999244,0.121854946017265,0.0143601428717375,0.0776288136839867,0.0791135206818581,0.0141874570399523,-0.0511140152812004,0.0579814575612545,0.111781619489193,0.0346082784235477,-0.0560417585074902,-0.0128450272604823,0.150657579302788,0.0868008956313133,0.191702634096146,0.0577867440879345,0.149679124355316,0.133643224835396,0.1048394292593,0.0792668685317039,0.0479864850640297,-4.71770763397217e-05,0.115571931004524,-0.0352576114237309,-0.0198731925338507,0.115731939673424,0.177877753973007,-0.0303028225898743,0.17219565808773,0.0401017069816589,0.0469435714185238,0.0251887068152428,-0.0214377883821726,0.0539780743420124,0.0169359054416418,0.140697866678238,0.00853926781564951,0.0899619162082672,0.0684464126825333,0.058442547917366,-0.0148905403912067,0.0274015590548515,0.0718518793582916,0.0823626443743706,-0.028798334300518,0.0401766523718834,0.15573950111866,0.0631828531622887,0.185078963637352,0.0563481561839581,0.167755216360092,0.138134643435478,0.108127824962139,0.123644709587097,0.0187457893043756,-0.00411575566977262,0.149265214800835,-0.0386405400931835,-0.00571571290493011,0.113632284104824,0.169080272316933
0.720789432525635,0.342529743909836,0.279540121555328,0.262878805398941,0.0968102440237999,0.0341841243207455,-0.0534115023910999,0.0388933569192886,0.216206610202789,0,0.32329598069191,0.2804334461689,0.221784457564354,0.0947028920054436,0.0319177694618702,-0.0599291175603867,0.0288498979061842,0.230563372373581,-0.0714128613471985,0.239218205213547,0.232306286692619,-0.0300443787127733,0.0405333116650581,-0.102149121463299,0.192279502749443,0.216059640049934,0.122691698372364,-0.066370315849781,0.20066986978054,-0.0214560199528933,-0.0400302298367023,0.037957452237606,0.0260075405240059,0.160131216049194,0.218665584921837,0.100200243294239,0.173866286873817,0.0899983495473862,0.205994337797165,0.310801416635513,0.231497213244438,0.219654157757759,0.0805732980370522,0.45062181353569,0.273153334856033,0.220225691795349,-0.149166718125343,0.388823747634888,-0.0267306547611952,-0.0123547296971083,0.0168346781283617,0.213612958788872,-0.147149160504341,0.183352515101433,0.135381400585175,-0.0354562625288963,0.0230130404233932,-0.121039859950542,0.109520509839058,0.112452864646912,0.0896158814430237,-0.037261601537466,0.106841810047626,-0.0332300812005997,-0.0382015146315098,-0.0082127321511507,0.00914682820439339,0.104792699217796,0.163891732692719,0.0492041632533073,0.068075068295002,0.106295548379421,0.101156361401081,0.264709919691086,0.135670885443687,0.141083315014839,0.0576744638383389,0.261399298906326,0.114677429199219,0.0757037177681923,-0.134432137012482,0.334856361150742,-0.0522344373166561,-0.0689449533820152,0.0405467860400677,0.180748105049133
0.402318894863129,0.484447836875916,0.260950088500977,0.268859177827835,0.0955174490809441,-0.00941097736358643,-0.106704264879227,0.0736535936594009,0.223578423261642,0.32329598069191,0,0.310310274362564,0.287957221269608,0.102575667202473,-0.0169437695294619,-0.110542014241219,0.0893127247691154,0.245001971721649,-0.194198116660118,0.294582843780518,-0.0160893965512514,0.0563288666307926,0.0132385194301605,-0.0815822705626488,0.0137228174135089,-0.0186252500861883,0.139491319656372,0.0478798039257526,0.122597835958004,0.0938147976994514,-0.0614238530397415,-0.184643909335136,0.00816308427602053,0.111623249948025,0.0291878134012222,-0.13212314248085,-0.054003644734621,0.211402073502541,0.0351075269281864,0.341562181711197,0.0430844910442829,0.193210422992706,0.188218250870705,0.209068104624748,0.0916343480348587,0.0741947069764137,-0.168876349925995,0.213339656591415,-0.0890156254172325,-0.0734720230102539,0.152833685278893,0.265141278505325,-0.142580345273018,0.299685686826706,0.13357475399971,0.0695057958364487,0.000939456454943866,-0.111396327614784,0.134423345327377,-0.00901276059448719,0.185149267315865,0.0301141440868378,0.17841437458992,0.0517392456531525,-0.00591865368187428,-0.0794554799795151,-0.00523405754938722,0.125438749790192,0.225877970457077,-0.00290247914381325,0.141222879290581,0.2551628947258,0.0125752724707127,0.390243619680405,0.0800368636846542,0.251758545637131,0.196605801582336,0.298723310232162,0.253272920846939,0.0590125359594822,-0.14545051753521,0.298686563968658,-0.0506539195775986,-0.103286564350128,0.156824827194214,0.284503996372223
0.347874850034714,0.25419282913208,0.571381986141205,0.368786364793777,0.1063397154212,0.0180041044950485,-0.0418542772531509,0.123987674713135,0.127448663115501,0.2804334461689,0.310310274362564,0,0.394211649894714,0.080728143453598,0.0199880544096231,-0.0233109891414642,0.140704482793808,0.147346407175064,-0.077183373272419,0.207894861698151,0.0720538422465324,-0.0456598810851574,-0.00744192069396377,-0.0672539845108986,0.0040619857609272,0.0366413667798042,0.0744064673781395,-0.00443743029609323,0.180293172597885,-0.0237003620713949,-0.0500789023935795,-0.130562603473663,-0.0368585996329784,0.0241560395807028,0.196987017989159,-0.0369626730680466,0.112496845424175,0.0540738888084888,-0.018151193857193,0.222968980669975,0.0483837760984898,0.0616117529571056,0.165950909256935,0.241541877388954,0.129315927624702,0.0651263073086739,-0.110217854380608,0.18990358710289,-0.0868903696537018,-0.0657739639282227,0.0491912104189396,0.174964338541031,-0.0301544237881899,0.234034553170204,0.180671766400337,-0.0669917389750481,0.0159514099359512,-0.0882303863763809,0.0695954486727715,0.0575229413807392,0.0752325132489204,-0.0174561478197575,0.223744541406631,-0.0509881749749184,-0.00794003903865814,-0.056429784744978,-0.00714382296428084,0.0313160270452499,0.274563163518906,0.050379291176796,0.222782880067825,0.0655744969844818,-0.0659568533301353,0.259294033050537,0.0698113664984703,0.105737507343292,0.177410736680031,0.280450791120529,0.232086330652237,0.0234247967600822,-0.0968408286571503,0.245021745562553,-0.0628985986113548,-0.0585898533463478,0.0511272437870502,0.205858558416367
0.288932025432587,0.242657780647278,0.369934499263763,0.625072836875916,0.164371326565742,0.000883877044543624,-0.0276368875056505,0.103715240955353,0.131928890943527,0.221784457564354,0.287957221269608,0.394211649894714,0,0.142324343323708,0.00285349949263036,-0.0100784096866846,0.115345105528831,0.149692729115486,-0.0740143656730652,0.275585144758224,-0.0304296649992466,0.00815722160041332,0.0155694214627147,-0.0433423742651939,-0.0799672827124596,0.00887338351458311,-0.0044119618833065,0.0254199784249067,0.140594646334648,0.0142101449891925,-0.0594463162124157,-0.15423472225666,-0.0255468562245369,0.144282922148705,0.145070314407349,-0.0890250355005264,0.0574554540216923,0.0899172946810722,0.0738100111484528,0.228002205491066,0.180470928549767,0.0260147005319595,0.118738070130348,0.146151840686798,0.13789875805378,0.0845881849527359,-0.0593727342784405,0.223468005657196,-0.0863313600420952,-0.0415701791644096,0.100049838423729,0.302000194787979,-0.00292876642197371,0.287290215492249,0.0204787086695433,0.00269529689103365,0.0100456001237035,-0.040014922618866,-0.0380674488842487,0.0291603691875935,0.0103627592325211,0.0267380401492119,0.178427547216415,-0.00796227809041739,-0.0290046241134405,-0.118461221456528,-0.0122235352173448,0.138881832361221,0.271242678165436,-0.0309641361236572,0.175819471478462,0.109391532838345,0.0751205533742905,0.254253089427948,0.250937670469284,0.0682496279478073,0.133138418197632,0.198117628693581,0.194229245185852,0.0827856659889221,-0.0213858541101217,0.308528393507004,-0.0918397158384323,-0.0530913434922695,0.110971853137016,0.357382893562317
0.106435067951679,0.0919869616627693,0.0626102164387703,0.119521491229534,0.036204170435667,-0.0160113871097565,-0.0262994393706322,0.0176769848912954,0.0430971533060074,0.0947028920054436,0.102575667202473,0.080728143453598,0.142324343323708,0,-0.0105385957285762,-0.0265919156372547,0.00962801557034254,0.0878236591815948,-0.0271344687789679,0.131983369588852,-0.0374509058892727,0.0102783581241965,0.00952304899692535,-0.0195566173642874,-0.0212889090180397,-0.0167025402188301,0.0107130017131567,-0.0113898376002908,0.0327661037445068,0.00912782363593578,-0.0284912455826998,-0.0549337714910507,-0.000510730722453445,0.0492753311991692,0.0228066518902779,-0.0373081229627132,-0.00670620147138834,0.0464888475835323,0.0475701838731766,0.0850550606846809,0.0553162060678005,0.0390403158962727,0.0554775893688202,0.0472645647823811,0.05049779266119,0.0158832129091024,-0.0194830484688282,0.0824906229972839,-0.0406508035957813,-0.00907278433442116,0.0646015480160713,0.115043878555298,-0.0153603060171008,0.107182659208775,0.00303286127746105,0.00880925636738539,-0.00067081383895129,-0.0191293675452471,7.26743601262569e-05,-0.00983968935906887,0.0246128514409065,-0.00973901711404324,0.0274260919541121,0.0110253747552633,-0.00869460124522448,-0.0291114076972008,-0.0061205979436636,0.0602303706109524,0.0766153410077095,-0.0301860775798559,0.0553156472742558,0.0620511062443256,0.0525275021791458,0.0877942740917206,0.0723142251372337,0.0470350235700607,0.0683792158961296,0.0663675218820572,0.0916401147842407,0.00553705543279648,-0.0136837549507618,0.114861622452736,-0.025288749486208,-0.0236838646233082,0.0590001679956913,0.127309381961823
-0.00589594105258584,-0.0117815807461739,0.0234406087547541,0.0023899357765913,-0.00359175680205226,0.416942566633224,0.171672776341438,0.0308575462549925,0.0603249259293079,0.0319177694618702,-0.0169437695294619,0.0199880544096231,0.00285349949263036,-0.0105385957285762,0,0.215618669986725,0.0374123714864254,0.0648440271615982,0.0541202276945114,0.0291367694735527,0.126626774668694,0.0811284482479095,0.100406087934971,0.224588349461555,0.198178544640541,0.114224575459957,0.300875753164291,0.119014769792557,0.0786440521478653,0.102169089019299,0.294461786746979,0.172540828585625,0.256428241729736,0.0759082213044167,-0.0386681891977787,-0.0111923851072788,-0.0449074767529964,0.0604863874614239,0.0835067182779312,0.0635196343064308,0.0715156644582748,0.226898193359375,0.219565883278847,-0.0386211834847927,0.139909088611603,0.0639663934707642,0.220670446753502,-0.0959841534495354,0.0405381470918655,0.125495463609695,0.094390831887722,0.0814238041639328,0.0455906763672829,0.0341751016676426,0.0638707876205444,0.075690321624279,0.102081291377544,0.222738683223724,0.149510025978088,0.124415621161461,0.282066434621811,0.109019324183464,0.0516353398561478,0.0971483960747719,0.259861826896667,0.160360515117645,0.261593669652939,0.0638932138681412,-0.0755297467112541,-0.0338925644755363,-0.0661823228001595,0.0555629022419453,0.105397500097752,0.0504116900265217,0.0577721111476421,0.226250886917114,0.157651871442795,-0.0636240988969803,0.0993927642703056,0.0567079149186611,0.213025823235512,-0.0874471664428711,0.045721884816885,0.136989936232567,0.0954233631491661,0.0781102553009987
-0.098935604095459,-0.0951289609074593,-0.0231317076832056,-0.014316089451313,-0.0242132339626551,0.17145836353302,0.251532435417175,0.00677713239565492,-0.0244680996984243,-0.0599291175603867,-0.110542014241219,-0.0233109891414642,-0.0100784096866846,-0.0265919156372547,0.215618669986725,0,0.0197104010730982,-0.00827688816934824,0.112570032477379,-0.0353383719921112,0.0382204465568066,0.0308381151407957,0.0701663419604301,0.167124107480049,0.0320631936192513,0.108397260308266,-0.00309796282090247,0.029525863006711,0.00945384800434113,0.0330132506787777,0.132216662168503,0.119257807731628,0.0912702828645706,0.0271331034600735,0.00555569911375642,0.0393131263554096,0.0477484688162804,-0.0467148795723915,0.0532425008714199,-0.109567999839783,0.0845714211463928,-0.0352116264402866,0.0048052566125989,-0.121593117713928,0.0367759093642235,0.0274195019155741,0.210260957479477,-0.0736848711967468,0.0439631603658199,0.104849182069302,0.0230645872652531,0.0281747542321682,0.106006994843483,-0.0361913032829762,-0.0223328210413456,0.0185807161033154,0.0411982201039791,0.18228280544281,-0.0136673515662551,0.109524846076965,-0.0230519585311413,0.0281646735966206,0.000628817768301815,0.0330614447593689,0.0991264954209328,0.0937512889504433,0.0929040536284447,0.0296143479645252,-0.0169390197843313,-0.00583496782928705,0.0124966083094478,-0.0541638843715191,0.0696612894535065,-0.125240966677666,0.086739607155323,-0.0482620187103748,-0.0231835599988699,-0.143344566226006,-0.00872221123427153,0.0318092033267021,0.218469768762589,-0.0953348949551582,0.0341874659061432,0.128314927220345,0.00814917497336864,0.0261650029569864
0.0385521985590458,0.0521273240447044,0.114753648638725,0.0922251716256142,0.0202051009982824,0.0348397120833397,-0.00958458054810762,0.0992705523967743,0.0488071292638779,0.0288498979061842,0.0893127247691154,0.140704482793808,0.115345105528831,0.00962801557034254,0.0374123714864254,0.0197104010730982,0,0.066196896135807,-0.0284413062036037,0.0916070938110352,-0.0464533157646656,0.0317927785217762,0.0140350982546806,-0.00760421669110656,-0.0231580045074224,-0.0335937030613422,0.073063351213932,0.0234805066138506,0.0161057487130165,0.0311708077788353,0.054173544049263,-0.0666880756616592,0.00493004079908133,0.0287031680345535,-0.0176894571632147,-0.0782956331968307,-0.0551688112318516,0.0417793095111847,0.00627489294856787,0.0621624030172825,-0.00259840837679803,0.0634770020842552,0.120990268886089,-0.0106971273198724,0.0136746512725949,0.00339239230379462,0.0102923270314932,-0.0245267897844315,-0.0116779878735542,-0.01228853687644,0.0366135723888874,0.0590623691678047,-0.0146350376307964,0.0773670002818108,-0.0317530259490013,0.0324187092483044,0.00721285305917263,0.0138255655765533,-0.0241408981382847,-0.0113041661679745,0.0589941628277302,0.0195753034204245,0.0248572491109371,0.0206630323082209,0.0431524254381657,-0.0434631928801537,0.0209045801311731,0.0342609398066998,-0.00804897118359804,-0.0956346169114113,-0.0218216180801392,0.0471825636923313,-0.00160772306844592,0.0682407990098,0.00247364630922675,0.0651275515556335,0.108151607215405,0.0162907224148512,0.0142703521996737,0.0071481429040432,0.0213662870228291,0.0219702273607254,-0.0138219743967056,-0.00720917899161577,0.0466922968626022,0.0709366425871849
0.258457630872726,0.211703419685364,0.148623839020729,0.140842065215111,0.0569807179272175,0.0644930005073547,-0.0321613922715187,0.0587377138435841,0.188627824187279,0.230563372373581,0.245001971721649,0.147346407175064,0.149692729115486,0.0878236591815948,0.0648440271615982,-0.00827688816934824,0.066196896135807,0,-0.0575465671718121,0.166694656014442,0.0374488569796085,0.0424749664962292,0.0358210131525993,0.00741063011810184,0.0614286847412586,0.0325616486370564,0.111250713467598,0.0162400472909212,0.0907849222421646,0.0758453086018562,0.0106795765459538,-0.0242346934974194,0.0633205771446228,0.0861346125602722,0.0293679460883141,-0.0426752492785454,0.00238293060101569,0.14631313085556,0.0723149105906487,0.181661024689674,0.0559527464210987,0.150968670845032,0.124823890626431,0.124562084674835,0.0821333602070808,0.0586179569363594,0.0128311803564429,0.14195092022419,-0.0300765037536621,0.0265926476567984,0.15122477710247,0.185786962509155,-0.00626316480338573,0.179765075445175,0.101993955671787,0.0516848415136337,0.0278355088084936,0.00710300402715802,0.109134994447231,0.043240237981081,0.140460893511772,0.0191412847489119,0.11367254704237,0.0639078915119171,0.0593384504318237,0.0199579652398825,0.0507638603448868,0.106382668018341,0.115484938025475,0.0172026101499796,0.0843299701809883,0.162490665912628,0.066795788705349,0.194111809134483,0.0771598443388939,0.183658793568611,0.131172522902489,0.153444528579712,0.161790013313293,0.0553340576589108,0.0267787482589483,0.178412348031998,-0.00204228423535824,0.00186735356692225,0.134741231799126,0.211726009845734
-0.162114694714546,-0.115339949727058,-0.0377788096666336,-0.0690362155437469,-0.0179338753223419,0.0779664888978004,0.145304396748543,-0.0431970879435539,-0.0443006195127964,-0.0714128613471985,-0.194198116660118,-0.077183373272419,-0.0740143656730652,-0.0271344687789679,0.0541202276945114,0.112570032477379,-0.0284413062036037,-0.0575465671718121,0,-0.076351709663868,0.270287364721298,0.0296415667980909,0.0447563640773296,0.252866446971893,0.255077421665192,0.290333032608032,-0.121509797871113,0.0650256350636482,0.0717897117137909,0.0559704340994358,0.0456479862332344,0.625248670578003,0.0154265519231558,-0.0370344631373882,0.489034533500671,0.263432681560516,0.56472384929657,-0.0380360893905163,0.0346897393465042,-0.105296663939953,0.124452970921993,-0.0346247516572475,-0.123600132763386,-0.0172151494771242,0.246875494718552,0.0360208936035633,0.704092860221863,0.207072302699089,0.147067084908485,0.169249266386032,0.146240100264549,0.0763182863593102,0.631442070007324,-0.071916289627552,0.0461811870336533,0.006549674551934,0.0190983433276415,0.20888440310955,0.0608413890004158,0.20670947432518,-0.172918543219566,0.0771031305193901,0.0147922653704882,0.0542263574898243,-0.0342340096831322,0.401792883872986,0.0239463578909636,-0.0240603554993868,0.190336167812347,0.186451867222786,0.27265128493309,-0.0734847858548164,0.0884915515780449,-0.187560811638832,0.0897382944822311,-0.117664456367493,-0.107238717377186,-0.123160563409328,0.0692387074232101,0.00816865731030703,0.585026621818542,-0.0125209996476769,0.0953612774610519,0.180156394839287,0.152473643422127,0.0437483973801136
0.24086107313633,0.262309610843658,0.209430456161499,0.298948884010315,0.110000520944595,0.0352610163390636,-0.0496569164097309,0.0914667993783951,0.168492317199707,0.239218205213547,0.294582843780518,0.207894861698151,0.275585144758224,0.131983369588852,0.0291367694735527,-0.0353383719921112,0.0916070938110352,0.166694656014442,-0.076351709663868,0,-0.114075839519501,0.162036493420601,0.0496322065591812,0.011231018230319,-0.1204549446702,-0.00749434065073729,0.0128822047263384,0.0216850526630878,0.229759708046913,0.178396046161652,-0.0953542292118073,-0.289949744939804,0.011177483946085,0.385662734508514,0.204863578081131,-0.223366960883141,0.0282319951802492,0.277367383241653,0.30273100733757,0.443340599536896,0.382118374109268,0.103574305772781,0.290856808423996,0.290238678455353,0.33569997549057,0.26515781879425,0.0510838031768799,0.398162841796875,-0.145161986351013,-0.0437823943793774,0.293322145938873,0.574380040168762,0.0160836204886436,0.606759071350098,-0.114254914224148,0.168267384171486,0.00548586156219244,-0.0126335192471743,-0.123152263462543,0.00216040015220642,0.0579494088888168,0.0327632986009121,0.195773139595985,0.146403253078461,-0.0436183288693428,-0.269377738237381,0.0185603573918343,0.365724921226501,0.305621325969696,-0.234224945306778,0.133009180426598,0.278419762849808,0.25838229060173,0.462835311889648,0.387975782155991,0.161111235618591,0.285588681697845,0.255535840988159,0.291214764118195,0.225786745548248,0.0507450923323631,0.480630546808243,-0.176437050104141,-0.0936195552349091,0.250334322452545,0.565869569778442
0.074265830218792,0.0342362634837627,0.116864234209061,-0.0257284678518772,0.000451879546744749,0.140890941023827,0.0429800264537334,-0.0583412498235703,0.00530310394242406,0.232306286692619,-0.0160893965512514,0.0720538422465324,-0.0304296649992466,-0.0374509058892727,0.126626774668694,0.0382204465568066,-0.0464533157646656,0.0374488569796085,0.270287364721298,-0.114075839519501,0,-0.137989163398743,0.0586833618581295,0.196873471140862,0.715540289878845,0.535775065422058,0.211409226059914,-0.0260942447930574,0.268599212169647,-0.0697832927107811,0.0996309146285057,0.484198361635208,0.159974187612534,-0.0994579643011093,0.548841118812561,0.461812317371368,0.508989155292511,-0.114412792026997,-0.0462516583502293,0.102836430072784,0.100297778844833,0.332751840353012,-0.0256551038473845,0.662423491477966,0.418220162391663,0.371327459812164,0.0585191771388054,0.433414459228516,0.0419530868530273,0.00865768734365702,-0.016542661935091,-0.0479845255613327,0.0571643821895123,-0.11541336774826,0.666918039321899,-0.181251183152199,0.0591198578476906,0.125315248966217,0.524731516838074,0.287694662809372,0.088112436234951,0.00685200560837984,0.114922635257244,-0.0643885284662247,0.0556854344904423,0.330338299274445,0.116909429430962,-0.0905465707182884,0.27786859869957,0.365280210971832,0.225617855787277,-0.112134985625744,-0.024544470012188,-0.00520766852423549,0.0371241830289364,0.189036101102829,-0.101931922137737,0.293096274137497,0.137174844741821,0.161977007985115,0.0383557789027691,0.0874154418706894,0.0785845443606377,0.0156247587874532,-0.0127802630886436,-0.094346858561039
-0.0723862871527672,0.075509786605835,-0.0168224908411503,0.0135004315525293,0.00211029523052275,0.0955857783555984,0.026979174464941,0.0187094993889332,0.0542940720915794,-0.0300443787127733,0.0563288666307926,-0.0456598810851574,0.00815722160041332,0.0102783581241965,0.0811284482479095,0.0308381151407957,0.0317927785217762,0.0424749664962292,0.0296415667980909,0.162036493420601,-0.137989163398743,0,0.0139277158305049,0.307222723960876,0.0493022464215755,-0.126831501722336,0.126620337367058,0.221302166581154,0.042054794728756,0.903691947460175,0.0248424578458071,-0.152492746710777,0.154597759246826,0.383074760437012,-0.068718783557415,-0.172869443893433,-0.127789065241814,0.862138688564301,0.349068313837051,0.0628937035799026,0.301814675331116,0.290640830993652,0.0690970346331596,-0.0269672926515341,0.0854476019740105,0.62491762638092,0.197571218013763,0.0202341470867395,-0.0324203856289387,0.0172382444143295,0.208574131131172,0.236169517040253,0.0823149457573891,0.145553320646286,-0.248126998543739,0.966257095336914,0.0064745107665658,0.333200305700302,-0.0679006725549698,-0.0822911560535431,0.151041135191917,0.286298125982285,-0.0162460710853338,0.892839312553406,0.00201008375734091,-0.184527903795242,0.15732903778553,0.360595911741257,-0.12391571700573,-0.237693548202515,-0.157715052366257,0.812183499336243,0.388432323932648,0.0522967129945755,0.3141028881073,0.308352410793304,0.0739801004528999,-0.106462568044662,-0.0133997844532132,0.563234269618988,0.182314857840538,0.0485473722219467,-0.0701951012015343,0.0195575505495071,0.178614720702171,0.202191203832626
0.0203654170036316,0.0137854311615229,0.0100396182388067,0.0132067371159792,0.00717300642281771,0.123647041618824,0.0681704208254814,8.31475481390953e-05,0.0122675746679306,0.0405333116650581,0.0132385194301605,-0.00744192069396377,0.0155694214627147,0.00952304899692535,0.100406087934971,0.0701663419604301,0.0140350982546806,0.0358210131525993,0.0447563640773296,0.0496322065591812,0.0586833618581295,0.0139277158305049,0,0.153045862913132,0.101485215127468,0.132466360926628,0.0471532195806503,0.0301251225173473,0.0852576866745949,0.0378091856837273,0.0847087353467941,0.100897006690502,0.0909990295767784,0.0333725586533546,0.0610663928091526,0.0389211438596249,0.0653402656316757,0.0204065386205912,0.0448931008577347,0.0339498296380043,0.0594275370240211,0.0341507978737354,0.0529625043272972,0.0348559468984604,0.0679607838392258,0.0825943127274513,0.110636062920094,0.0532332174479961,0.0303725693374872,0.0975899770855904,0.0485542379319668,0.0926902890205383,0.0254123844206333,0.0217743776738644,0.0329150259494781,0.00426709931343794,0.0471808612346649,0.128687009215355,0.0662668645381927,0.108466640114784,0.0497636757791042,0.018958605825901,0.0519236922264099,0.0382949449121952,0.0782877579331398,0.0730252489447594,0.0727356001734734,0.0104311052709818,0.0556506440043449,0.0179334487766027,0.0429585985839367,0.0099391145631671,0.0346779748797417,0.0322054587304592,0.0536920800805092,0.0524842999875546,0.027214054018259,-0.00347616290673614,0.0501581355929375,0.0716958343982697,0.0774574428796768,0.0366831794381142,0.0212760977447033,0.0476612113416195,0.0258446913212538,0.0824690982699394
-0.0697365999221802,-0.0615595988929272,-0.0461901463568211,-0.0292992424219847,-0.0092845493927598,0.22409850358963,0.173060104250908,-0.0133289452642202,-0.00265923817642033,-0.102149121463299,-0.0815822705626488,-0.0672539845108986,-0.0433423742651939,-0.0195566173642874,0.224588349461555,0.167124107480049,-0.00760421669110656,0.00741063011810184,0.252866446971893,0.011231018230319,0.196873471140862,0.307222723960876,0.153045862913132,0,0.343989819288254,0.358745038509369,0.0915058255195618,0.518102407455444,0.094607375562191,0.501369416713715,0.180068865418434,0.215090274810791,0.333868026733398,0.0950824469327927,0.129809528589249,0.0477537214756012,0.105183884501457,0.277870833873749,0.11086843162775,-0.0591858178377151,0.147074699401855,0.116411671042442,0.04662861302495,-0.0264097731560469,0.100144319236279,0.464826881885529,0.352615773677826,-0.00207384000532329,0.0717371329665184,0.148073315620422,0.11918868124485,0.132545247673988,0.257027894258499,0.0319517143070698,0.0660995170474052,0.2807497382164,0.112414501607418,0.794396817684174,0.214529573917389,0.341234683990479,0.0952037200331688,0.483259201049805,0.0767348855733871,0.505197882652283,0.147004216909409,0.215087294578552,0.34169614315033,0.108530707657337,0.0992002040147781,-0.00838970206677914,0.135183423757553,0.201836377382278,0.15652397274971,-0.0495214276015759,0.170523956418037,0.16698782145977,0.0444952994585037,-0.0684893280267715,0.0681814625859261,0.453680843114853,0.286405324935913,-0.0246295761317015,0.0564155094325542,0.137099504470825,0.091162234544754,0.0908431261777878
