0,0.331413298845291,0.267815679311752,0.281883269548416,0.0875435769557953,-0.00776485865935683,-0.0904653295874596,0.0603887028992176,0.209073945879936,0.725367188453674,0.412724196910858,0.357960909605026,0.298249751329422,0.114463895559311,-9.94885340332985e-05,-0.0965978652238846,0.0417774356901646,0.26512822508812,-0.152560532093048,0.233775168657303,0.0566826686263084,-0.0190194752067327,0.0222331248223782,-0.0588790625333786,0.0547768287360668,0.134871304035187,0.0898207724094391,0.0232581794261932,0.183666497468948,0.000126820057630539,-0.157979145646095,-0.11224102973938,0.0114914113655686,0.129859879612923,0.0827464014291763,-0.068261556327343,0.0104945842176676,0.115245394408703,0.0677822157740593,0.361490786075592,0.0795659199357033,0.181853339076042,0.0929788127541542,0.356102764606476,0.02962451800704,0.177559986710548,-0.176420092582703,0.347039222717285,-0.102555587887764,-0.064314678311348,0.0327065400779247,0.225975170731544,-0.0330080725252628,0.273950159549713,0.409465104341507,-0.0148599883541465,0.0341882891952991,-0.0810379832983017,0.357834100723267,0.244544327259064,0.188230082392693,0.00421162461861968,0.316574096679688,-0.0309637263417244,-0.0328944660723209,0.120965011417866,0.0213314723223448,0.141743868589401,0.384274989366531,0.190910592675209,0.293605804443359,0.134375303983688,0.0707421153783798,0.448208302259445,0.184291705489159,0.311544388532639,0.17365437746048,0.586286544799805,0.388417840003967,0.19309875369072,-0.123636610805988,0.5284224152565,-0.00650616502389312,-0.0836237743496895,0.0475831963121891,0.278364151716232
0.331413298845291,0,0.247857630252838,0.271939426660538,0.113546051084995,0.0129183754324913,-0.0789512619376183,0.0734577924013138,0.22312206029892,0.349495768547058,0.499293655157089,0.26501601934433,0.257800966501236,0.0995805040001869,-0.00511625502258539,-0.0969092026352882,0.0578402541577816,0.213117927312851,-0.111241839826107,0.260984599590302,0.037731658667326,0.0962195917963982,0.0186301376670599,-0.0570450872182846,0.0544083490967751,0.0375464484095573,0.141093418002129,0.0779766440391541,0.141043335199356,0.132548779249191,-0.034545786678791,-0.113609164953232,0.0117778135463595,0.18064059317112,0.102512344717979,-0.0715124681591988,0.00334944063797593,0.234656974673271,0.139307588338852,0.333672791719437,0.119349151849747,0.190861061215401,0.160478577017784,0.208712115883827,0.157297104597092,0.124908842146397,-0.113311097025871,0.228023245930672,-0.0495137460529804,-0.057420127093792,0.170762628316879,0.286694049835205,-0.118927538394928,0.253658026456833,0.059400774538517,0.0946854203939438,0.0139424540102482,-0.0774481594562531,0.0616429597139359,-0.00909683760255575,0.134221106767654,0.0717038065195084,0.129210695624352,0.0898167863488197,-0.0146682029590011,-0.0947139263153076,-0.0172272231429815,0.11300951987505,0.151983931660652,-0.0351639986038208,0.0713857784867287,0.267905056476593,0.0859834104776382,0.315456509590149,0.0979592874646187,0.185748070478439,0.151403442025185,0.182309478521347,0.162005618214607,0.063407763838768,-0.120855629444122,0.220797687768936,-0.0530935786664486,-0.0760792344808578,0.156426176428795,0.263049304485321
0.267815679311752,0.247857630252838,0,0.400329977273941,0.10956459492445,0.0349907353520393,-0.0175139289349318,0.148602217435837,0.14356841146946,0.287196606397629,0.274164348840714,0.585684180259705,0.387836217880249,0.06893040984869,0.0309279039502144,-0.030103012919426,0.121200695633888,0.155277147889137,-0.0315236449241638,0.201986029744148,0.113309167325497,0.00684068305417895,0.011143833398819,-0.0391191802918911,0.0272745359688997,0.0466257855296135,0.0808542892336845,0.00623915623873472,0.18987475335598,0.0279443450272083,-0.00971132703125477,-0.0712350830435753,-0.026926351711154,0.0530613772571087,0.223536089062691,-0.0128160556778312,0.135897696018219,0.0949003621935844,0.0105360085144639,0.201639354228973,0.0781935155391693,0.0851269438862801,0.172590896487236,0.246110394597054,0.191697642207146,0.0573816075921059,-0.0680292323231697,0.180685833096504,-0.053705308586359,-0.0476147308945656,0.0746456831693649,0.184432446956635,-0.0255795866250992,0.175755441188812,0.110201694071293,-0.00922868121415377,0.0339434929192066,-0.0602897368371487,0.0278507545590401,0.0249159839004278,0.0666304007172585,0.0110474722459912,0.163568660616875,-0.00222928496077657,0.000386364728910848,-0.0758214369416237,-0.0163412932306528,0.0278240367770195,0.197008356451988,-0.022871682420373,0.139209747314453,0.103997342288494,-0.011072164401412,0.200727060437202,0.0877434685826302,0.0776454880833626,0.12397526204586,0.172486022114754,0.155073508620262,0.00793606135994196,-0.0636597573757172,0.177661001682281,-0.0635283216834068,-0.0534288100898266,0.0837769582867622,0.176202982664108
0.281883269548416,0.271939426660538,0.400329977273941,0,0.20422425866127,0.0124918576329947,-0.00791036989539862,0.111035026609898,0.141304284334183,0.262082189321518,0.282180070877075,0.383066862821579,0.6519695520401,0.127320975065231,0.0087771313264966,-0.0155671443790197,0.0985064432024956,0.150437965989113,-0.0548734627664089,0.298731774091721,-0.033445343375206,0.037867646664381,0.0104078119620681,-0.023465046659112,-0.0910796821117401,0.0120670190081,0.00931220315396786,0.0223516877740622,0.148340001702309,0.0500725544989109,-0.030710194259882,-0.158405914902687,-0.0216134432703257,0.198405146598816,0.173197254538536,-0.0929106026887894,0.0626300349831581,0.129922568798065,0.187356472015381,0.216468915343285,0.276613771915436,0.0397090800106525,0.132827639579773,0.157001554965973,0.164239227771759,0.115576326847076,-0.0264933835715055,0.245931178331375,-0.0706624761223793,-0.0204984489828348,0.131335094571114,0.350753277540207,-0.0162471104413271,0.283647805452347,0.0188349969685078,0.0388117246329784,0.0102958288043737,-0.0383036807179451,-0.0461314581334591,-0.0162428859621286,0.0266844891011715,0.0265739485621452,0.155314683914185,0.0304291676729918,-0.0228710304945707,-0.131897836923599,0.00860472116619349,0.159152030944824,0.259194880723953,-0.0592719055712223,0.153395265340805,0.147186502814293,0.120277218520641,0.252995043992996,0.262414753437042,0.081074520945549,0.137150853872299,0.179868310689926,0.18629090487957,0.0882928594946861,-0.0389892943203449,0.30596911907196,-0.0662115141749382,-0.0578344389796257,0.127003312110901,0.350884824991226
0.0875435769557953,0.113546051084995,0.10956459492445,0.20422425866127,0,-0.00235191662795842,-0.0187651608139277,0.0223643034696579,0.0572922229766846,0.0992216095328331,0.105571419000626,0.119629390537739,0.176356747746468,0.0458473339676857,-0.0028314758092165,-0.0269788801670074,0.0248177032917738,0.0632245540618896,-0.015683988109231,0.107139527797699,0.000620408856775612,0.00233820918947458,0.0115677239373326,-0.0127479070797563,-0.0195551086217165,0.00392097467556596,-0.0057854619808495,-0.0109046064317226,0.0718356668949127,0.00585446925833821,-0.0263890586793423,-0.0344321243464947,-0.0106800301000476,0.0242999959737062,0.0718294978141785,0.00468264007940888,0.0538559667766094,0.0505072474479675,0.0739943757653236,0.0930940359830856,0.0900732576847076,0.00997031945735216,0.0575103312730789,0.0720330625772476,0.0661041513085365,0.012358414940536,0.00690693873912096,0.108781717717648,-0.0287230219691992,-0.0203761644661427,0.0642436295747757,0.144802734255791,-0.006102095823735,0.111936055123806,-0.0161449704319239,-0.0037530018016696,-0.0139553975313902,-0.0342695713043213,-0.0364658273756504,-0.011973774060607,-0.00400410033762455,-0.00373551831580698,0.0664503872394562,-0.00737958680838346,-0.0199192147701979,-0.0443907342851162,-0.0196323096752167,0.0279008895158768,0.0869994908571243,-0.00754120899364352,0.0660030096769333,0.0527470745146275,0.0559048876166344,0.0786174610257149,0.0799561142921448,0.000311135314404964,0.0287928320467472,0.04438691213727,0.0515468530356884,-0.0102629158645868,-0.00770816300064325,0.105046294629574,-0.0406450442969799,-0.0246487818658352,0.0475195795297623,0.132506713271141
-0.00776485865935683,0.0129183754324913,0.0349907353520393,0.0124918576329947,-0.00235191662795842,0,0.166666522622108,0.0213096477091312,0.086613692343235,0.0571937076747417,-0.00348246190696955,0.0235198996961117,0.00284945894964039,-0.0164358522742987,0.437373846769333,0.170196041464806,0.0402872376143932,0.06977828592062,0.0694896355271339,0.0447747595608234,0.148220300674438,0.0986787229776382,0.134438216686249,0.223358824849129,0.24679034948349,0.126109808683395,0.340137839317322,0.130571499466896,0.0898305773735046,0.126868352293968,0.298620045185089,0.208625450730324,0.276674658060074,0.0732307881116867,-0.0271659158170223,0.0252833012491465,-0.0165874231606722,0.0879533141851425,0.0904470905661583,0.101139225065708,0.0581954009830952,0.270179361104965,0.228240966796875,0.00190673908218741,0.178016260266304,0.0819258242845535,0.220742970705032,-0.06508769094944,0.0545424036681652,0.152716726064682,0.119729898869991,0.0855541974306107,0.0319775380194187,0.0292690861970186,0.0103062940761447,0.0776256620883942,0.0896361321210861,0.215779438614845,0.130829587578773,0.0917493626475334,0.287587434053421,0.135694429278374,0.0202791020274162,0.115892000496387,0.275572836399078,0.138344243168831,0.235895395278931,0.0679036006331444,-0.107198469340801,-0.0466162264347076,-0.083820529282093,0.0642474070191383,0.0981365740299225,0.039431307464838,0.0532253757119179,0.224027469754219,0.156403675675392,-0.0852669253945351,0.0807182490825653,0.0481692254543304,0.187441989779472,-0.098969042301178,0.0507720522582531,0.123146593570709,0.102240167558193,0.0555856749415398
-0.0904653295874596,-0.0789512619376183,-0.0175139289349318,-0.00791036989539862,-0.0187651608139277,0.166666522622108,0,-0.0088196899741888,-0.00675338506698608,-0.0419718995690346,-0.104705028235912,-0.0428705662488937,-0.0288999564945698,-0.0243735983967781,0.174581095576286,0.253405749797821,-0.00999026652425528,-0.0322501249611378,0.154345497488976,-0.0357055030763149,0.0498675294220448,0.0263060498982668,0.0753380805253983,0.181673258543015,0.070385754108429,0.131430983543396,0.00154267123434693,0.0692490711808205,0.018872594460845,0.0394677370786667,0.166222497820854,0.167033672332764,0.0705658048391342,0.0138532537966967,0.0271081775426865,0.0777343288064003,0.0747207179665565,-0.0139176174998283,0.0504849031567574,-0.120065957307816,0.068061538040638,-0.033319391310215,0.00130631332285702,-0.125189110636711,0.064674511551857,0.030377646908164,0.235634565353394,-0.0575750954449177,0.0445011183619499,0.135216906666756,0.0170503426343203,0.0321795381605625,0.0942158326506615,-0.0486838705837727,-0.0611382648348808,0.0166382193565369,0.0267001539468765,0.159466162323952,-0.0318697802722454,0.0766909494996071,-0.0286491960287094,0.0596712008118629,-0.0202872883528471,0.0359702296555042,0.0908756479620934,0.0893176347017288,0.0575868599116802,0.0200484432280064,-0.0533626973628998,-0.0173953920602798,-0.0221170820295811,-0.0327178239822388,0.0554881021380424,-0.136202946305275,0.068077877163887,-0.0563327819108963,-0.0202184896916151,-0.186391204595566,-0.0180220119655132,0.0363432243466377,0.189624801278114,-0.120264783501625,0.0281113646924496,0.110866621136665,0.0035756507422775,-0.000785533164162189
0.0603887028992176,0.0734577924013138,0.148602217435837,0.111035026609898,0.0223643034696579,0.0213096477091312,-0.0088196899741888,0,0.0546125136315823,0.0400074385106564,0.0767434239387512,0.131975620985031,0.10789392888546,0.0148595683276653,0.0342283360660076,0.00279675447382033,0.11037103831768,0.0664472281932831,-0.0340423472225666,0.0918205454945564,-0.0586058422923088,0.024457523599267,0.000525176466908306,-0.00879859365522861,-0.0450203455984592,-0.0221560504287481,0.0557243488729,0.0196599178016186,0.0246054921299219,0.0134424408897758,0.0656197667121887,-0.0591003261506557,0.0225968416780233,0.0491217002272606,-0.0248784050345421,-0.0831214115023613,-0.0734813660383224,0.0494419708848,0.0242705084383488,0.0711853355169296,0.0165505055338144,0.0455834195017815,0.118401631712914,-0.000264471396803856,0.0114158159121871,0.00972678139805794,0.00497549120336771,0.0023245457559824,-0.00580363068729639,0.00136888690758497,0.0469736345112324,0.0867062211036682,-0.0204615537077188,0.0755887404084206,-0.0388378538191319,0.0267880968749523,-0.00299607985652983,-0.00031756516546011,-0.0212483461946249,0.00381586933508515,0.0684765577316284,0.033756747841835,0.0331645123660564,0.00597075186669827,0.0637228041887283,-0.0410693064332008,0.0105093717575073,0.0470984913408756,0.00278815487399697,-0.0846593528985977,-0.0124508207663894,0.0557044297456741,0.0158459488302469,0.0785782560706139,0.0358944423496723,0.057927742600441,0.0999816134572029,0.0199248567223549,0.0335525684058666,0.00936762150377035,0.0137920090928674,0.0572943538427353,-0.0167446248233318,0.00223616976290941,0.0575720630586147,0.0907291173934937
0.209073945879936,0.22312206029892,0.14356841146946,0.141304284334183,0.0572922229766846,0.086613692343235,-0.00675338506698608,0.0546125136315823,0,0.223038107156754,0.233049809932709,0.132429182529449,0.136252507567406,0.0504280775785446,0.0722994804382324,-0.0212523844093084,0.0524428002536297,0.201070979237556,-0.0472955144941807,0.164322882890701,0.00488453591242433,0.0691440626978874,0.0178194250911474,0.00361089152283967,0.0284589640796185,0.00602133199572563,0.128557339310646,0.0233514085412025,0.0766788870096207,0.0984507501125336,0.0206479728221893,-0.0544695034623146,0.0652036368846893,0.124522976577282,0.0327675230801105,-0.062306709587574,-0.0164333749562502,0.173524841666222,0.0989900454878807,0.191183686256409,0.0734240561723709,0.151785805821419,0.136093005537987,0.100271493196487,0.0739514157176018,0.0542478486895561,-0.00163219356909394,0.112897887825966,-0.0309938453137875,-0.0198536906391382,0.125330701470375,0.182627946138382,-0.0328344888985157,0.171903043985367,0.0444144792854786,0.0624364092946053,0.0280287228524685,-0.0133248558267951,0.0584947727620602,0.0165278799831867,0.147839173674583,0.0174607131630182,0.0911044031381607,0.0863768830895424,0.0591693259775639,-0.0130506213754416,0.0347630381584167,0.0782852843403816,0.0849050655961037,-0.032693162560463,0.0390417352318764,0.180881947278976,0.0751984268426895,0.186270460486412,0.0686831250786781,0.173457503318787,0.138456419110298,0.107850924134254,0.123978942632675,0.0218258965760469,-0.00125873018987477,0.15071514248848,-0.0370529219508171,-0.00557142775505781,0.12443683296442,0.176447540521622
0.725367188453674,0.349495768547058,0.287196606397629,0.262082189321518,0.0992216095328331,0.0571937076747417,-0.0419718995690346,0.0400074385106564,0.223038107156754,0,0.322932720184326,0.283423602581024,0.223024323582649,0.100444607436657,0.0481140799820423,-0.0555416084825993,0.0339161194860935,0.232219874858856,-0.071396142244339,0.230155363678932,0.24871326982975,0.0141057949513197,0.0481132827699184,-0.0838377848267555,0.201339840888977,0.221618190407753,0.142975628376007,-0.0596362613141537,0.198835328221321,0.0156413167715073,-0.0227677207440138,0.0468242466449738,0.0411435961723328,0.20070393383503,0.217505633831024,0.0889935716986656,0.183433413505554,0.130871087312698,0.269299983978271,0.308287799358368,0.279526352882385,0.227093189954758,0.0852391496300697,0.443328857421875,0.266993969678879,0.250781983137131,-0.125169739127159,0.385447919368744,-0.0255809295922518,-0.0048433062620461,0.0386233739554882,0.227835431694984,-0.140628233551979,0.174429222941399,0.127981722354889,0.00579452468082309,0.0267412196844816,-0.0941229909658432,0.113282933831215,0.126756072044373,0.099104717373848,-0.0297508183866739,0.100972883403301,0.00792599096894264,-0.0213175006210804,0.00589383998885751,0.026843735948205,0.136640295386314,0.146228492259979,0.0359157733619213,0.0532504394650459,0.147861808538437,0.15413074195385,0.265991449356079,0.173733234405518,0.145892336964607,0.055745929479599,0.232971161603928,0.0942529588937759,0.0977483689785004,-0.104019694030285,0.335728824138641,-0.0442106537520885,-0.0578869022428989,0.055425088852644,0.195219501852989
0.412724196910858,0.499293655157089,0.274164348840714,0.282180070877075,0.105571419000626,-0.00348246190696955,-0.104705028235912,0.0767434239387512,0.233049809932709,0.322932720184326,0,0.32760488986969,0.308028191328049,0.114044904708862,-0.0153671475127339,-0.110547780990601,0.0960641428828239,0.255865842103958,-0.192065998911858,0.291147857904434,-0.0231528095901012,0.0764727219939232,0.0144287766888738,-0.0747758075594902,0.00335217313840985,-0.0258765090256929,0.142780095338821,0.062689021229744,0.122480973601341,0.11205842345953,-0.0666047558188438,-0.195491254329681,0.0108112515881658,0.132884874939919,0.0225317291915417,-0.149232119321823,-0.0672341585159302,0.23881421983242,0.0635484904050827,0.347523957490921,0.0690369084477425,0.194127097725868,0.187292948365211,0.190937474370003,0.0725950002670288,0.0873196423053741,-0.168211117386818,0.21588259935379,-0.0900187641382217,-0.0783503726124763,0.171112343668938,0.280616909265518,-0.141031846404076,0.304082244634628,0.147697269916534,0.0863132923841476,0.0054393014870584,-0.102298349142075,0.144270405173302,-0.00857176911085844,0.197395518422127,0.0393184795975685,0.185481145977974,0.0720497369766235,-0.00962536875158548,-0.0720482990145683,0.00226908153854311,0.137574002146721,0.234118744730949,-0.0104021998122334,0.146825700998306,0.278155356645584,0.0451125539839268,0.399961769580841,0.111099079251289,0.265090942382812,0.205577492713928,0.304662138223648,0.260958850383759,0.0660365149378777,-0.140991151332855,0.311167389154434,-0.0422083549201488,-0.105456419289112,0.172185495495796,0.304612547159195
0.357960909605026,0.26501601934433,0.585684180259705,0.383066862821579,0.119629390537739,0.0235198996961117,-0.0428705662488937,0.131975620985031,0.132429182529449,0.283423602581024,0.32760488986969,0,0.41307607293129,0.0873052850365639,0.025102935731411,-0.0289505831897259,0.14879022538662,0.156234964728355,-0.0738926008343697,0.208685457706451,0.0597478523850441,-0.021004730835557,-0.0071714585646987,-0.05758997797966,-0.00489610433578491,0.0265755597501993,0.0807288885116577,0.0157570950686932,0.183915749192238,0.00467106560245156,-0.0500027053058147,-0.133946999907494,-0.0316511988639832,0.0395959801971912,0.190595969557762,-0.0481869876384735,0.111283890902996,0.0926433205604553,0.00777559308335185,0.225829243659973,0.0625346451997757,0.0657444000244141,0.172444432973862,0.22366526722908,0.113649748265743,0.0721838027238846,-0.096195787191391,0.180730313062668,-0.0848967358469963,-0.0670574679970741,0.0679428055882454,0.191097244620323,-0.0235533323138952,0.236770555377007,0.181778997182846,-0.0455652549862862,0.021866075694561,-0.0748571529984474,0.0819242969155312,0.0551703535020351,0.087542749941349,-0.00296876556240022,0.233755022287369,-0.0240148324519396,-3.70275229215622e-05,-0.0511650219559669,0.00454697385430336,0.0427637360990047,0.279999196529388,0.0489837005734444,0.228626906871796,0.10105799138546,-0.0419233068823814,0.267703682184219,0.0818657577037811,0.119739428162575,0.185265377163887,0.279569029808044,0.22560054063797,0.0299272798001766,-0.085200235247612,0.241318672895432,-0.0565988533198833,-0.0540781691670418,0.0616255812346935,0.218053907155991
0.298249751329422,0.257800966501236,0.387836217880249,0.6519695520401,0.176356747746468,0.00284945894964039,-0.0288999564945698,0.10789392888546,0.136252507567406,0.223024323582649,0.308028191328049,0.41307607293129,0,0.147054076194763,0.00848190858960152,-0.00743241887539625,0.120030611753464,0.160608023405075,-0.0588191263377666,0.273481696844101,-0.0368827916681767,0.0343909524381161,0.0148646831512451,-0.0281713791191578,-0.092893548309803,-0.00128420279361308,-0.00245298515073955,0.0441849827766418,0.138196885585785,0.0444805361330509,-0.0675265863537788,-0.165712550282478,-0.0216781888157129,0.166380390524864,0.146364897489548,-0.10670455545187,0.0506931841373444,0.128262475132942,0.111968226730824,0.223974764347076,0.214073240756989,0.0239539910107851,0.117832690477371,0.136384561657906,0.125967606902122,0.0999177098274231,-0.0510291755199432,0.225214347243309,-0.0854628384113312,-0.0462020374834538,0.121974170207977,0.319208920001984,0.00708254892379045,0.289271771907806,0.0317338816821575,0.0275456085801125,0.0141961462795734,-0.0259362198412418,-0.0356330499053001,0.0246582850813866,0.0138071291148663,0.0403404273092747,0.189061418175697,0.0244317948818207,-0.0362366959452629,-0.118504993617535,-0.00322043988853693,0.157559379935265,0.287689507007599,-0.041118435561657,0.188033372163773,0.146237909793854,0.112881518900394,0.25708669424057,0.28234076499939,0.0798949375748634,0.135026142001152,0.200043395161629,0.196397975087166,0.0909110531210899,-0.0120431361719966,0.319073379039764,-0.0874210074543953,-0.0495147854089737,0.12540765106678,0.377965539693832
0.114463895559311,0.0995805040001869,0.06893040984869,0.127320975065231,0.0458473339676857,-0.0164358522742987,-0.0243735983967781,0.0148595683276653,0.0504280775785446,0.100444607436657,0.114044904708862,0.0873052850365639,0.147054076194763,0,-0.00959225557744503,-0.0282206274569035,0.00641983328387141,0.0958665460348129,-0.0245576463639736,0.132636144757271,-0.0408917479217052,0.0173407886177301,0.0114148613065481,-0.0227533746510744,-0.02864252589643,-0.0208518877625465,0.0130736548453569,-0.0113159781321883,0.031975332647562,0.0181955937296152,-0.0299572609364986,-0.0583500750362873,0.000307310372591019,0.0619476512074471,0.0240301117300987,-0.0449639149010181,-0.00952129438519478,0.0605984516441822,0.0642428398132324,0.0892036929726601,0.0672236233949661,0.0400520637631416,0.0591045692563057,0.0430044457316399,0.0502302385866642,0.0162983275949955,-0.0173270460218191,0.082157589495182,-0.0408761315047741,-0.012604565359652,0.0757332146167755,0.123046144843102,-0.0162031166255474,0.107461132109165,0.00451547559350729,0.017508540302515,0.0022850267123431,-0.0241470821201801,-0.00267891585826874,-0.0117885218933225,0.0295102056115866,-0.0126694506034255,0.0318192429840565,0.0199148114770651,-0.00917094014585018,-0.031318437308073,-0.00542070809751749,0.0718580782413483,0.0794847905635834,-0.0330425761640072,0.0573748759925365,0.0740317180752754,0.0689381808042526,0.0924310237169266,0.0882555097341537,0.0510030575096607,0.0738281309604645,0.0674318298697472,0.0941107124090195,0.00413495907559991,-0.0146633256226778,0.120118983089924,-0.0268630404025316,-0.0262155793607235,0.0654810220003128,0.137736290693283
-9.94885340332985e-05,-0.00511625502258539,0.0309279039502144,0.0087771313264966,-0.0028314758092165,0.437373846769333,0.174581095576286,0.0342283360660076,0.0722994804382324,0.0481140799820423,-0.0153671475127339,0.025102935731411,0.00848190858960152,-0.00959225557744503,0,0.21570211648941,0.0415530800819397,0.0674508661031723,0.0532933734357357,0.0420201122760773,0.134039506316185,0.0851449519395828,0.110597528517246,0.232571572065353,0.227957829833031,0.126425698399544,0.320908039808273,0.125733211636543,0.0952061712741852,0.106588236987591,0.306478142738342,0.175229653716087,0.276077121496201,0.0734385922551155,-0.0320480354130268,-0.00877512060105801,-0.0402781069278717,0.0703501552343369,0.0773737132549286,0.0836982727050781,0.0600305646657944,0.256243735551834,0.237553596496582,-0.0193917695432901,0.16449385881424,0.0758308321237564,0.215017020702362,-0.0788595154881477,0.0418705120682716,0.133445650339127,0.0996413454413414,0.0860796421766281,0.0396422371268272,0.0456485338509083,0.0586219988763332,0.0743167623877525,0.102795585989952,0.228603526949883,0.159745842218399,0.133685141801834,0.300288677215576,0.113716632127762,0.0615828968584538,0.100592233240604,0.268507570028305,0.157081767916679,0.2795789539814,0.0630395784974098,-0.0759779065847397,-0.0443936362862587,-0.0625984370708466,0.0589132606983185,0.106769494712353,0.0645427256822586,0.055036049336195,0.246276661753654,0.17755700647831,-0.0597118586301804,0.107988446950912,0.0684041380882263,0.207713633775711,-0.0748668238520622,0.0327210985124111,0.142365157604218,0.102265141904354,0.0818958207964897
-0.0965978652238846,-0.0969092026352882,-0.030103012919426,-0.0155671443790197,-0.0269788801670074,0.170196041464806,0.253405749797821,0.00279675447382033,-0.0212523844093084,-0.0555416084825993,-0.110547780990601,-0.0289505831897259,-0.00743241887539625,-0.0282206274569035,0.21570211648941,0,0.0170137770473957,-0.00741769187152386,0.117047511041164,-0.0306782927364111,0.0457184948027134,0.0245837848633528,0.0744658634066582,0.17184117436409,0.0490423664450645,0.119777888059616,-0.00762840081006289,0.0248321406543255,0.0207827147096395,0.0326301157474518,0.137047857046127,0.125318020582199,0.0961335524916649,0.0166164431720972,0.0126033378764987,0.0424539931118488,0.0501868762075901,-0.0512973852455616,0.0371586196124554,-0.10626620054245,0.0699155926704407,-0.0280765928328037,0.00763379829004407,-0.107421241700649,0.0468171238899231,0.0339115634560585,0.203819662332535,-0.0617209486663342,0.0412805862724781,0.108021222054958,0.014881712384522,0.0314170606434345,0.104456424713135,-0.0340060889720917,-0.0204852353781462,0.01400944031775,0.0419454947113991,0.179626703262329,-0.0065400255843997,0.120225630700588,-0.0273401327431202,0.0212785396724939,0.00163779442664236,0.0274567119777203,0.101099990308285,0.0900507643818855,0.101757079362869,0.0216796956956387,-0.0145556125789881,-0.00939906481653452,0.0167352687567472,-0.0622982569038868,0.0554874204099178,-0.124863058328629,0.0758461281657219,-0.0463173426687717,-0.0251027978956699,-0.140459313988686,-0.00587552646175027,0.0420507714152336,0.210654318332672,-0.0809846222400665,0.0266768429428339,0.133859902620316,0.00380161148495972,0.026366101577878
0.0417774356901646,0.0578402541577816,0.121200695633888,0.0985064432024956,0.0248177032917738,0.0402872376143932,-0.00999026652425528,0.11037103831768,0.0524428002536297,0.0339161194860935,0.0960641428828239,0.14879022538662,0.120030611753464,0.00641983328387141,0.0415530800819397,0.0170137770473957,0,0.070419080555439,-0.024237833917141,0.0900971218943596,-0.048859640955925,0.0311438515782356,0.0168391428887844,-0.00474434439092875,-0.0168729536235332,-0.0356382690370083,0.0800156742334366,0.032237596809864,0.0185101591050625,0.033418707549572,0.05585827678442,-0.0666636675596237,0.0101929539814591,0.0329628176987171,-0.0208139196038246,-0.077295646071434,-0.0600567273795605,0.0490057952702045,0.00665558502078056,0.0675878301262856,-0.0044966391287744,0.0730970874428749,0.123719766736031,-0.0121174138039351,0.0208203122019768,0.00411035679280758,0.0116841262206435,-0.0279487147927284,-0.0137564968317747,-0.0143288811668754,0.0431704744696617,0.0619397461414337,-0.0131091326475143,0.0775417238473892,-0.0369579382240772,0.0313837416470051,0.00723373098298907,0.0178708620369434,-0.019597202539444,-0.0153194423764944,0.0705899298191071,0.0276523362845182,0.025418471544981,0.0231495928019285,0.0494249798357487,-0.0370290949940681,0.0230934917926788,0.0380002371966839,-0.0103989103808999,-0.101997062563896,-0.0248388629406691,0.0522847473621368,-0.0031693815253675,0.0736219733953476,0.000792741600889713,0.0735708102583885,0.117256157100201,0.0174357760697603,0.0177945457398891,0.0041751847602427,0.0219155792146921,0.0175020415335894,-0.016427194699645,-0.00232541421428323,0.0477239452302456,0.072139747440815
0.26512822508812,0.213117927312851,0.155277147889137,0.150437965989113,0.0632245540618896,0.06977828592062,-0.0322501249611378,0.0664472281932831,0.201070979237556,0.232219874858856,0.255865842103958,0.156234964728355,0.160608023405075,0.0958665460348129,0.0674508661031723,-0.00741769187152386,0.070419080555439,0,-0.0601201392710209,0.16750031709671,0.0352786555886269,0.0532439909875393,0.038609005510807,0.00976422149688005,0.058277815580368,0.0294697340577841,0.122157990932465,0.0249431319534779,0.0923721492290497,0.0922231301665306,0.0146189946681261,-0.0274694170802832,0.0711941868066788,0.0992825478315353,0.0248974598944187,-0.0526741668581963,-0.00717914430424571,0.16587133705616,0.0817749500274658,0.188220158219337,0.0648600235581398,0.157464787364006,0.13580459356308,0.115939751267433,0.0812742114067078,0.0594454817473888,0.0105556463822722,0.135652244091034,-0.0375874191522598,0.0273344442248344,0.169725254178047,0.192527189850807,-0.00751353055238724,0.183024361729622,0.1023960262537,0.0643120035529137,0.025294641032815,0.00797716528177261,0.108617313206196,0.0378099121153355,0.150269642472267,0.0285074189305305,0.11740642786026,0.0811449959874153,0.0652487874031067,0.0195859856903553,0.0563262030482292,0.114304013550282,0.119016379117966,0.0138042261824012,0.0858863219618797,0.183469355106354,0.0751266926527023,0.204467982053757,0.0863712877035141,0.193658351898193,0.143198281526566,0.152495086193085,0.166768029332161,0.0531131289899349,0.0217311009764671,0.175300121307373,-0.000722342054359615,8.25878232717514e-05,0.137464538216591,0.216088518500328
-0.152560532093048,-0.111241839826107,-0.0315236449241638,-0.0548734627664089,-0.015683988109231,0.0694896355271339,0.154345497488976,-0.0340423472225666,-0.0472955144941807,-0.071396142244339,-0.192065998911858,-0.0738926008343697,-0.0588191263377666,-0.0245576463639736,0.0532933734357357,0.117047511041164,-0.024237833917141,-0.0601201392710209,0,-0.0406152792274952,0.23175847530365,0.0326071456074715,0.0433319583535194,0.262324035167694,0.202382639050484,0.275524735450745,-0.170439019799232,0.080440416932106,0.0814341381192207,0.0643708482384682,0.0177011340856552,0.567045748233795,0.00151501898653805,-0.0220911800861359,0.509031057357788,0.21960423886776,0.555378198623657,-0.044025581330061,0.0613887794315815,-0.107454270124435,0.167177528142929,-0.0701858252286911,-0.139443397521973,0.0161162298172712,0.189829036593437,0.0802125409245491,0.74020528793335,0.246267348527908,0.114217922091484,0.158985957503319,0.176516711711884,0.129944697022438,0.671602785587311,-0.0476908273994923,0.0475487969815731,0.0145379304885864,0.0220204871147871,0.219628900289536,0.0309420637786388,0.194896504282951,-0.205778166651726,0.080589160323143,0.0186363477259874,0.057745523750782,-0.0578742288053036,0.333790808916092,0.0256012622267008,-0.00187372195068747,0.24411828815937,0.168614745140076,0.27600434422493,-0.0804841071367264,0.103919394314289,-0.171212956309319,0.12681657075882,-0.138447478413582,-0.122162006795406,-0.0910490825772285,0.0381394140422344,0.0519482158124447,0.627377331256866,0.053034320473671,0.0633354038000107,0.16643500328064,0.175024256110191,0.0949984043836594
0.233775168657303,0.260984599590302,0.201986029744148,0.298731774091721,0.107139527797699,0.0447747595608234,-0.0357055030763149,0.0918205454945564,0.164322882890701,0.230155363678932,0.291147857904434,0.208685457706451,0.273481696844101,0.132636144757271,0.0420201122760773,-0.0306782927364111,0.0900971218943596,0.16750031709671,-0.0406152792274952,0,-0.112262241542339,0.170700281858444,0.0518668703734875,0.0236950516700745,-0.117167092859745,-0.0133152967318892,0.0118078552186489,0.0329544618725777,0.209318399429321,0.193179339170456,-0.089665025472641,-0.272665977478027,0.0129534620791674,0.404559046030045,0.19603605568409,-0.216114863753319,0.0120136504992843,0.284885108470917,0.329823970794678,0.41765633225441,0.402167230844498,0.0942364111542702,0.282725840806961,0.258675754070282,0.323113441467285,0.266219675540924,0.0473260283470154,0.375035881996155,-0.129554376006126,-0.0437197647988796,0.289945811033249,0.565668642520905,0.0266682710498571,0.584859311580658,-0.0949338749051094,0.183672800660133,0.0090066771954298,0.00969297811388969,-0.103154465556145,0.00967978965491056,0.0608762614428997,0.0377045497298241,0.187684625387192,0.165135100483894,-0.0365238189697266,-0.237171247601509,0.0303796716034412,0.377854883670807,0.30177241563797,-0.233402371406555,0.119471900165081,0.285152494907379,0.2816301882267,0.442224442958832,0.398098945617676,0.165516316890717,0.280985414981842,0.246234834194183,0.299672484397888,0.215227782726288,0.0514754503965378,0.465821385383606,-0.157076507806778,-0.081341490149498,0.24284291267395,0.557722985744476
0.0566826686263084,0.037731658667326,0.113309167325497,-0.033445343375206,0.000620408856775612,0.148220300674438,0.0498675294220448,-0.0586058422923088,0.00488453591242433,0.24871326982975,-0.0231528095901012,0.0597478523850441,-0.0368827916681767,-0.0408917479217052,0.134039506316185,0.0457184948027134,-0.048859640955925,0.0352786555886269,0.23175847530365,-0.112262241542339,0,-0.142666816711426,0.068829819560051,0.187558680772781,0.715226054191589,0.556360304355621,0.193198457360268,-0.0500492267310619,0.2742800116539,-0.0906669348478317,0.111578457057476,0.485421776771545,0.162144467234612,-0.0951644331216812,0.54718279838562,0.463561773300171,0.541999161243439,-0.126523196697235,-0.0205797720700502,0.103459015488625,0.116769626736641,0.30378332734108,-0.0419793203473091,0.69649076461792,0.401233166456223,0.373966991901398,0.0781623348593712,0.446832418441772,0.0229298248887062,0.013212732039392,-0.0129071194678545,-0.0447378605604172,0.0432413034141064,-0.109572783112526,0.656049787998199,-0.192067176103592,0.0632316991686821,0.111193515360355,0.525777995586395,0.309598952531815,0.0600139573216438,-0.0161120351403952,0.0993524342775345,-0.0855036601424217,0.0571179315447807,0.321013659238815,0.120455175638199,-0.0812542289495468,0.261303931474686,0.369716644287109,0.21073117852211,-0.133768811821938,-0.00608639372512698,-0.012496062554419,0.0447592958807945,0.151024773716927,-0.115117803215981,0.279938012361526,0.0949779748916626,0.165047705173492,0.0617006421089172,0.0885026603937149,0.0696218758821487,0.0226759370416403,-0.0028614541515708,-0.0974786952137947
-0.0190194752067327,0.0962195917963982,0.00684068305417895,0.037867646664381,0.00233820918947458,0.0986787229776382,0.0263060498982668,0.024457523599267,0.0691440626978874,0.0141057949513197,0.0764727219939232,-0.021004730835557,0.0343909524381161,0.0173407886177301,0.0851449519395828,0.0245837848633528,0.0311438515782356,0.0532439909875393,0.0326071456074715,0.170700281858444,-0.142666816711426,0,0.0178688764572144,0.321376919746399,0.0491235107183456,-0.139787450432777,0.136170357465744,0.244372457265854,0.0412964597344398,0.920296788215637,0.0139389783143997,-0.154731974005699,0.157424062490463,0.370809257030487,-0.0740535855293274,-0.177339151501656,-0.136642336845398,0.878397166728973,0.314843118190765,0.0902094841003418,0.289867788553238,0.292401790618896,0.0756754130125046,-0.0162877012044191,0.0865334272384644,0.64085465669632,0.170508533716202,0.0258710253983736,-0.030333049595356,0.0122945522889495,0.205285906791687,0.238415479660034,0.0747900456190109,0.157944992184639,-0.241556733846664,0.974161148071289,0.00553118856623769,0.368744134902954,-0.0635445937514305,-0.0804559960961342,0.168835520744324,0.310513257980347,-0.00740411644801497,0.909310698509216,-0.00879001896828413,-0.192319631576538,0.166447877883911,0.341294825077057,-0.102262206375599,-0.2470942735672,-0.149669080972672,0.841639935970306,0.359070509672165,0.0861023962497711,0.305696547031403,0.320025205612183,0.0859536305069923,-0.0806060284376144,0.000948762230109423,0.583397030830383,0.156788811087608,0.06263717263937,-0.0725093483924866,0.0141967162489891,0.171715423464775,0.215869873762131
0.0222331248223782,0.0186301376670599,0.011143833398819,0.0104078119620681,0.0115677239373326,0.134438216686249,0.0753380805253983,0.000525176466908306,0.0178194250911474,0.0481132827699184,0.0144287766888738,-0.0071714585646987,0.0148646831512451,0.0114148613065481,0.110597528517246,0.0744658634066582,0.0168391428887844,0.038609005510807,0.0433319583535194,0.0518668703734875,0.068829819560051,0.0178688764572144,0,0.160778865218163,0.110836438834667,0.142534971237183,0.0586474165320396,0.0369197390973568,0.0964666828513145,0.0421551465988159,0.0927168875932693,0.107559464871883,0.0986323431134224,0.0298966001719236,0.0655450746417046,0.0400629155337811,0.0696495994925499,0.0238931886851788,0.0470183864235878,0.0425476543605328,0.0561440363526344,0.0436739400029182,0.0605923421680927,0.0424405112862587,0.0708349570631981,0.0871515050530434,0.10949270427227,0.0638191998004913,0.0304738953709602,0.103805027902126,0.0514889098703861,0.101933889091015,0.0208348222076893,0.0240574795752764,0.0383308865129948,0.00610826956108212,0.0524302683770657,0.131547212600708,0.0762931331992149,0.114855743944645,0.0573595836758614,0.0264293234795332,0.060901515185833,0.04098154976964,0.0845755487680435,0.0749134421348572,0.0829702317714691,0.00662903441116214,0.054552186280489,0.0166911967098713,0.0432561561465263,0.0151673136278987,0.036807619035244,0.0324704796075821,0.0474579818546772,0.058896005153656,0.0337820053100586,-0.00446117529645562,0.0473404675722122,0.0728602856397629,0.0811647996306419,0.0376098267734051,0.016920967027545,0.0510557927191257,0.03003497608006,0.0905282869935036
-0.0588790625333786,-0.0570450872182846,-0.0391191802918911,-0.023465046659112,-0.0127479070797563,0.223358824849129,0.181673258543015,-0.00879859365522861,0.00361089152283967,-0.0838377848267555,-0.0747758075594902,-0.05758997797966,-0.0281713791191578,-0.0227533746510744,0.232571572065353,0.17184117436409,-0.00474434439092875,0.00976422149688005,0.262324035167694,0.0236950516700745,0.187558680772781,0.321376919746399,0.160778865218163,0,0.325811266899109,0.355701088905334,0.0747878402471542,0.551665663719177,0.10494627058506,0.517030417919159,0.176728129386902,0.205236405134201,0.33227077126503,0.0969435125589371,0.132587179541588,0.0434969291090965,0.0993928387761116,0.279845327138901,0.0918070301413536,-0.0520293526351452,0.139574646949768,0.103114783763885,0.041760329157114,-0.00922698620706797,0.0945938006043434,0.499788641929626,0.342317223548889,0.013850755058229,0.0660973861813545,0.151896879076958,0.117244608700275,0.141189977526665,0.250064760446548,0.0438874959945679,0.0589823946356773,0.291889131069183,0.108104333281517,0.817598819732666,0.20438925921917,0.361921787261963,0.0763292238116264,0.513725280761719,0.0805835202336311,0.515516102313995,0.14126592874527,0.19642086327076,0.352167397737503,0.105810642242432,0.115341193974018,-0.0174464546144009,0.13674296438694,0.203313320875168,0.143045261502266,-0.0384920164942741,0.173984885215759,0.149956703186035,0.0388319082558155,-0.0611968226730824,0.0594962537288666,0.499440670013428,0.276831924915314,-0.000544631795492023,0.0478772930800915,0.139849916100502,0.0896054580807686,0.103455297648907
