0,0.330103486776352,0.273726642131805,0.288015425205231,0.0896333381533623,-0.01163175329566,-0.0910681858658791,0.0590166933834553,0.210656151175499,0.717227935791016,0.410826295614243,0.362659841775894,0.299150884151459,0.11538915336132,-0.0052430690266192,-0.100600317120552,0.0409328751266003,0.265240967273712,-0.159779623150826,0.239911377429962,0.0621668621897697,-0.0469009391963482,0.0226213708519936,-0.0656864643096924,0.0585533156991005,0.142121121287346,0.0818244740366936,0.0188734252005816,0.186801046133041,-0.0250525083392859,-0.163943827152252,-0.123400993645191,0.00969361327588558,0.125973165035248,0.0956008061766624,-0.0654851123690605,0.0201228875666857,0.0954208672046661,0.0553461201488972,0.373732596635818,0.0770059376955032,0.174556851387024,0.0865689665079117,0.377347648143768,0.0324684977531433,0.17093700170517,-0.183898523449898,0.363952308893204,-0.106211625039577,-0.0660315454006195,0.0289239659905434,0.228090837597847,-0.0283475555479527,0.276427060365677,0.420654714107513,-0.0364494100213051,0.0357664376497269,-0.0917342752218246,0.364258974790573,0.254394590854645,0.181027442216873,-0.00972653832286596,0.320471733808517,-0.0596723705530167,-0.0330106951296329,0.114144347608089,0.0210337731987238,0.139703065156937,0.402316868305206,0.201983571052551,0.30705201625824,0.114032261073589,0.0561069771647453,0.456807971000671,0.181933969259262,0.311692148447037,0.174379512667656,0.598308563232422,0.402863264083862,0.178662583231926,-0.121725551784039,0.543148875236511,-0.00613498454913497,-0.0888334289193153,0.0452535524964333,0.278330743312836
0.330103486776352,0,0.24437540769577,0.266940593719482,0.111987568438053,0.0120505494996905,-0.0797902271151543,0.0725644156336784,0.223346397280693,0.347475588321686,0.492059946060181,0.261602103710175,0.251123309135437,0.0945176482200623,-0.0072939433157444,-0.0982428640127182,0.0547495670616627,0.21198944747448,-0.112998276948929,0.257300823926926,0.0385172814130783,0.0838424265384674,0.0175555795431137,-0.0661331862211227,0.0551110096275806,0.0329730212688446,0.136334791779518,0.0719209164381027,0.141433745622635,0.125006034970284,-0.0345805734395981,-0.11786188185215,0.00836064200848341,0.177882254123688,0.106231033802032,-0.0687439292669296,0.00957994256168604,0.227590754628181,0.134800910949707,0.331966459751129,0.119063891470432,0.18660195171833,0.155263036489487,0.209363713860512,0.159988597035408,0.115384481847286,-0.117031544446945,0.226872906088829,-0.0491982251405716,-0.0564690604805946,0.163983106613159,0.284219026565552,-0.116354763507843,0.247551932930946,0.0634779185056686,0.0879252105951309,0.0122438697144389,-0.0864431783556938,0.061417531222105,-0.0119420420378447,0.130563750863075,0.0643783137202263,0.126936927437782,0.0777089670300484,-0.0122053530067205,-0.0972873792052269,-0.0207205154001713,0.110668808221817,0.152069240808487,-0.0295285098254681,0.0711019411683083,0.26215597987175,0.081524059176445,0.311527341604233,0.0945685505867004,0.185112431645393,0.147558391094208,0.183298528194427,0.16473326086998,0.0531910695135593,-0.120985448360443,0.219989061355591,-0.0524552576243877,-0.0780912712216377,0.152048245072365,0.256739228963852
0.273726642131805,0.24437540769577,0,0.400935441255569,0.112509906291962,0.033710390329361,-0.0175164081156254,0.145587384700775,0.142295718193054,0.290999501943588,0.271766543388367,0.582467317581177,0.385218024253845,0.0665162652730942,0.0300467945635319,-0.0278908759355545,0.12094846367836,0.154947802424431,-0.0349700786173344,0.206615895032883,0.121603168547153,-0.00950522255152464,0.0109518887475133,-0.0458623915910721,0.0293894931674004,0.0520723126828671,0.0778379887342453,0.000417456001741812,0.195200949907303,0.0114495782181621,-0.0148606477305293,-0.0754680931568146,-0.0332001931965351,0.0504129566252232,0.235916331410408,-0.0052252234891057,0.147085577249527,0.0802783966064453,0.0103045478463173,0.206367045640945,0.0811335071921349,0.0757115408778191,0.170259490609169,0.258129507303238,0.192352056503296,0.0503827109932899,-0.0715017691254616,0.188513666391373,-0.0555746965110302,-0.0477731674909592,0.0700671598315239,0.183257758617401,-0.0287861283868551,0.177256003022194,0.119383737444878,-0.0226195082068443,0.030977189540863,-0.0715199857950211,0.0254570115357637,0.0270893946290016,0.0616809204220772,0.00289870356209576,0.168899446725845,-0.0223025027662516,-0.00204366352409124,-0.0802876353263855,-0.0228364374488592,0.0244978722184896,0.20195384323597,-0.0187896713614464,0.144528672099113,0.0880965813994408,-0.0120471324771643,0.203583061695099,0.0886143147945404,0.0720863863825798,0.125357747077942,0.184016704559326,0.161750167608261,-0.00392045546323061,-0.0650796741247177,0.185627847909927,-0.0653127506375313,-0.0581309609115124,0.0826519876718521,0.173660546541214
0.288015425205231,0.266940593719482,0.400935441255569,0,0.204820036888123,0.0134181631729007,-0.00656140130013227,0.109302796423435,0.143295273184776,0.271314829587936,0.279624134302139,0.386020451784134,0.646389842033386,0.12627986073494,0.0082970205694437,-0.0147736743092537,0.0960313454270363,0.151907593011856,-0.0562633909285069,0.302503108978271,-0.0260326061397791,0.0238457266241312,0.00959394872188568,-0.0372054874897003,-0.0880239084362984,0.0104732727631927,0.00366559601388872,0.0139207039028406,0.152581498026848,0.0332278832793236,-0.0322675853967667,-0.15848034620285,-0.0279528759419918,0.195815026760101,0.184187471866608,-0.0861922949552536,0.0741955488920212,0.118166886270046,0.184591099619865,0.217636942863464,0.281266063451767,0.0315744280815125,0.130737632513046,0.166328877210617,0.169262573122978,0.104835279285908,-0.0326733775436878,0.248580724000931,-0.0754706114530563,-0.0197811480611563,0.125227957963943,0.349808424711227,-0.0111891003325582,0.284770220518112,0.0275488030165434,0.0270151030272245,0.00896108709275723,-0.0490343645215034,-0.0452519208192825,-0.0160270985215902,0.0237913113087416,0.0168797038495541,0.156605124473572,0.0106854271143675,-0.0205174703150988,-0.132499366998672,0.00668357312679291,0.157106399536133,0.268345534801483,-0.0524291321635246,0.15820087492466,0.135140791535378,0.117331676185131,0.253774911165237,0.264162212610245,0.075876921415329,0.136884972453117,0.189065635204315,0.196204364299774,0.0746178776025772,-0.0406697951257229,0.312161326408386,-0.0694455206394196,-0.0594586469233036,0.12380425632,0.35017865896225
0.0896333381533623,0.111987568438053,0.112509906291962,0.204820036888123,0,-0.00213710637763143,-0.0179434195160866,0.0225469283759594,0.0575521662831306,0.102138005197048,0.101028636097908,0.121277280151844,0.175806671380997,0.0446338579058647,-0.00428570713847876,-0.0258960258215666,0.0261399317532778,0.0639965757727623,-0.0158440284430981,0.109499283134937,0.00438144616782665,-0.00229494762606919,0.00914906337857246,-0.0164576470851898,-0.016096156090498,0.0039218538440764,-0.00559544702991843,-0.0102294934913516,0.0740028247237206,0.000410896696848795,-0.0234914589673281,-0.0332014299929142,-0.012541719712317,0.0222888514399529,0.0749298855662346,0.00576472422108054,0.0577411726117134,0.0452716089785099,0.0719149857759476,0.0917067900300026,0.0879930332303047,0.0101828183978796,0.0584901459515095,0.0742340087890625,0.0689097717404366,0.00859616417437792,0.00694809481501579,0.109145171940327,-0.0284973569214344,-0.0203912556171417,0.0609814301133156,0.144722044467926,-0.00370767782442272,0.112872280180454,-0.0120006427168846,-0.00739095220342278,-0.012432754971087,-0.0381587333977222,-0.0346723422408104,-0.0110734105110168,-0.00340566015802324,-0.00377467344515026,0.0675434023141861,-0.0153723740950227,-0.0168605111539364,-0.04223807528615,-0.0213485285639763,0.0240391623228788,0.0882708504796028,-0.00359092792496085,0.0664096474647522,0.0488327108323574,0.0505688227713108,0.0779237598180771,0.0765776336193085,0.00233569880947471,0.0297988001257181,0.046235341578722,0.0563133396208286,-0.0151939177885652,-0.00480723846703768,0.105553038418293,-0.0382253602147102,-0.024696309119463,0.04568762332201,0.130788117647171
-0.01163175329566,0.0120505494996905,0.033710390329361,0.0134181631729007,-0.00213710637763143,0,0.169036269187927,0.0212562158703804,0.0876000076532364,0.0562483370304108,-0.00435589672997594,0.0227467883378267,0.00317232450470328,-0.0174783617258072,0.434268862009048,0.16944719851017,0.038103062659502,0.0665050372481346,0.0780951231718063,0.0433654002845287,0.156632035970688,0.0938166007399559,0.13262502849102,0.222237378358841,0.243898555636406,0.128360986709595,0.342048496007919,0.12236562371254,0.091466911137104,0.11985482275486,0.298720806837082,0.214792221784592,0.278809279203415,0.0686264485120773,-0.024583924561739,0.034248162060976,-0.0119504248723388,0.0792121738195419,0.0874729230999947,0.0962924584746361,0.0582135915756226,0.2731913626194,0.22930870950222,0.000684480997733772,0.183850333094597,0.0746597126126289,0.229305490851402,-0.0637380108237267,0.0568445660173893,0.153548359870911,0.119269974529743,0.0866048112511635,0.0371215157210827,0.0234251078218222,0.0147742135450244,0.0730175003409386,0.0907163619995117,0.211670085787773,0.127307891845703,0.091775007545948,0.286896049976349,0.130352601408958,0.0170155670493841,0.110314257442951,0.273052424192429,0.146753653883934,0.235404998064041,0.0662470161914825,-0.10930585116148,-0.04582429677248,-0.089227095246315,0.0562164075672626,0.0953113660216331,0.0305344723165035,0.0510747730731964,0.22109092772007,0.152440771460533,-0.0895706042647362,0.0786551684141159,0.0413724072277546,0.191320642828941,-0.104359656572342,0.0476011000573635,0.123701803386211,0.100494675338268,0.0510120987892151
-0.0910681858658791,-0.0797902271151543,-0.0175164081156254,-0.00656140130013227,-0.0179434195160866,0.169036269187927,0,-0.00770640559494495,-0.00755264982581139,-0.0421638265252113,-0.104986660182476,-0.0415754802525043,-0.0278992727398872,-0.0240219663828611,0.174826964735985,0.252365231513977,-0.0111248316243291,-0.0345502234995365,0.156598493456841,-0.0413296222686768,0.0479804053902626,0.0290903616696596,0.0750086829066277,0.183181345462799,0.0723198056221008,0.12913952767849,0.00793399196118116,0.0683480426669121,0.0190549828112125,0.0360600762069225,0.168004676699638,0.171351343393326,0.0728748887777328,0.0104105472564697,0.0222740415483713,0.0795305445790291,0.0730752199888229,-0.0156441312283278,0.049237348139286,-0.123384051024914,0.0641142502427101,-0.0300487838685513,0.00527533097192645,-0.132804334163666,0.0698216333985329,0.0256245452910662,0.240039274096489,-0.063656248152256,0.04513069242239,0.135898143053055,0.0185439046472311,0.0291399545967579,0.095060907304287,-0.0501410365104675,-0.0605549216270447,0.0171540547162294,0.0253249499946833,0.159335866570473,-0.0307369045913219,0.0711416155099869,-0.0241211913526058,0.061607263982296,-0.0207706429064274,0.0359053239226341,0.0917235612869263,0.0956118926405907,0.0578258782625198,0.0165739711374044,-0.0596828125417233,-0.017394594848156,-0.0259469822049141,-0.0338828228414059,0.0538632906973362,-0.13872666656971,0.0658811032772064,-0.0564396977424622,-0.0200489666312933,-0.190559148788452,-0.0174307264387608,0.0321700051426888,0.192426666617393,-0.129355326294899,0.0274176932871342,0.111434504389763,0.00304112117737532,-0.00563478097319603
0.0590166933834553,0.0725644156336784,0.145587384700775,0.109302796423435,0.0225469283759594,0.0212562158703804,-0.00770640559494495,0,0.0561988689005375,0.038290724158287,0.0762331560254097,0.130155399441719,0.105152852833271,0.0138956271111965,0.0342687778174877,0.00560222566127777,0.106330744922161,0.0669627636671066,-0.0346192382276058,0.0930665656924248,-0.0599985606968403,0.0177884381264448,7.06491991877556e-05,-0.0124897556379437,-0.0511019118130207,-0.0254948791116476,0.0508624017238617,0.0161909833550453,0.0260295644402504,0.00595502182841301,0.0656882897019386,-0.0619962401688099,0.023048784583807,0.0477466881275177,-0.022423230111599,-0.0829751193523407,-0.0726037696003914,0.0437972135841846,0.0262472108006477,0.0699600428342819,0.0184074863791466,0.0388037078082561,0.117657423019409,-0.00256054103374481,0.0107600800693035,0.00544232735410333,0.00640552304685116,0.00191658549010754,-0.00608042115345597,0.00140447076410055,0.0458387918770313,0.0885976180434227,-0.0195439606904984,0.0751406997442245,-0.0417685210704803,0.0223273150622845,-0.00305949407629669,-0.00423962576314807,-0.0274805407971144,0.00256677158176899,0.0633397996425629,0.0291821137070656,0.0335560627281666,0.000844572961796075,0.0650778785347939,-0.0424157418310642,0.0102993929758668,0.0469932034611702,0.00192467286251485,-0.0859294608235359,-0.0120606301352382,0.049601137638092,0.0170408338308334,0.0765196084976196,0.0379322469234467,0.0527128204703331,0.0977200567722321,0.017664747312665,0.0323582664132118,0.00512692425400019,0.0170218106359243,0.058385144919157,-0.0194282401353121,0.00394356762990355,0.0587835721671581,0.0927364155650139
0.210656151175499,0.223346397280693,0.142295718193054,0.143295273184776,0.0575521662831306,0.0876000076532364,-0.00755264982581139,0.0561988689005375,0,0.224354416131973,0.232507064938545,0.131500601768494,0.135092318058014,0.0480901710689068,0.0686166360974312,-0.0190283413976431,0.0546327568590641,0.200124755501747,-0.04704599827528,0.168602645397186,0.00337478728033602,0.0644077509641647,0.0160880144685507,-0.00364114413969219,0.0259420890361071,0.00454589771106839,0.125815197825432,0.017517602071166,0.0769803747534752,0.0927493199706078,0.0186978876590729,-0.0575021207332611,0.0621466711163521,0.131067156791687,0.0375725775957108,-0.0599341280758381,-0.0113545674830675,0.170972540974617,0.103314489126205,0.195327520370483,0.0775931403040886,0.151128858327866,0.132880836725235,0.103389427065849,0.0765699222683907,0.0519900023937225,-3.66661697626114e-05,0.118344992399216,-0.0326993986964226,-0.0158496890217066,0.124216005206108,0.184392288327217,-0.0318336933851242,0.172891467809677,0.0438769720494747,0.0587207525968552,0.0265412759035826,-0.0207630302757025,0.0537984035909176,0.0175373703241348,0.146831631660461,0.0111751668155193,0.0907345861196518,0.0792266353964806,0.0584880821406841,-0.0164752844721079,0.0317688845098019,0.0820562094449997,0.0850498676300049,-0.0319177471101284,0.0387969017028809,0.177492037415504,0.0772630721330643,0.188863977789879,0.0704789981245995,0.172566488385201,0.13695316016674,0.108353480696678,0.126408696174622,0.0175393298268318,0.000396391347749159,0.157083258032799,-0.0374708473682404,-0.00699837179854512,0.123045921325684,0.176195532083511
0.717227935791016,0.347475588321686,0.290999501943588,0.271314829587936,0.102138005197048,0.0562483370304108,-0.0421638265252113,0.038290724158287,0.224354416131973,0,0.322412759065628,0.287738651037216,0.225922957062721,0.100897528231144,0.0481282062828541,-0.0566799454391003,0.0315134413540363,0.233134761452675,-0.0824022367596626,0.236282497644424,0.256284117698669,-0.00886247307062149,0.0492196418344975,-0.0924592912197113,0.203867107629776,0.230097338557243,0.136376678943634,-0.0674839839339256,0.206079617142677,-0.00193258875515312,-0.0276388451457024,0.0413388907909393,0.0399180389940739,0.193951442837715,0.231108531355858,0.0985148549079895,0.191532745957375,0.11872373521328,0.265606105327606,0.316114366054535,0.284430205821991,0.221414044499397,0.0820849165320396,0.457233101129532,0.274760633707047,0.241750851273537,-0.131574481725693,0.398534685373306,-0.0296570137143135,-0.00417472328990698,0.032121442258358,0.233351722359657,-0.140079334378242,0.177080452442169,0.141393601894379,-0.0126370126381516,0.0276184380054474,-0.108157962560654,0.117328844964504,0.133621290326118,0.0962596982717514,-0.0420339703559875,0.107092790305614,-0.0150212859734893,-0.0221654046326876,0.00399614963680506,0.0254311598837376,0.132254049181938,0.160883918404579,0.047602653503418,0.0595939420163631,0.134249553084373,0.147973418235779,0.270185649394989,0.174208909273148,0.145942717790604,0.0533239394426346,0.248843058943748,0.105818450450897,0.0835388749837875,-0.104667022824287,0.347512066364288,-0.0437563024461269,-0.063446544110775,0.0550987012684345,0.195823028683662
0.410826295614243,0.492059946060181,0.271766543388367,0.279624134302139,0.101028636097908,-0.00435589672997594,-0.104986660182476,0.0762331560254097,0.232507064938545,0.322412759065628,0,0.324675798416138,0.301238626241684,0.109592154622078,-0.0194313954561949,-0.109274089336395,0.0954476371407509,0.251684784889221,-0.192916080355644,0.288383781909943,-0.0231018494814634,0.0596316531300545,0.0153409615159035,-0.0882206112146378,0.00182113971095532,-0.0281927231699228,0.134791031479836,0.0556599646806717,0.121187038719654,0.0986738875508308,-0.0681817010045052,-0.200846940279007,0.00449085189029574,0.129323497414589,0.0284523647278547,-0.146014019846916,-0.0589040257036686,0.225628226995468,0.0573122650384903,0.34454619884491,0.0663129687309265,0.186016723513603,0.181741461157799,0.195385336875916,0.0741543248295784,0.07671969383955,-0.172327026724815,0.215902522206306,-0.0894238725304604,-0.0764699876308441,0.16437990963459,0.277063637971878,-0.13700532913208,0.299594908952713,0.148920103907585,0.0761451423168182,0.00368889048695564,-0.114584602415562,0.141872778534889,-0.00867063831537962,0.189460471272469,0.0300426539033651,0.181695491075516,0.0536996833980083,-0.00995994172990322,-0.0774555504322052,-0.00386955891735852,0.133589580655098,0.237252503633499,-0.00691189989447594,0.149332016706467,0.266957819461823,0.0378072150051594,0.39485964179039,0.105996683239937,0.26028510928154,0.201401680707932,0.306007325649261,0.263684213161469,0.0532001033425331,-0.140706226229668,0.314624279737473,-0.0410920046269894,-0.105309680104256,0.166686773300171,0.298801392316818
0.362659841775894,0.261602103710175,0.582467317581177,0.386020451784134,0.121277280151844,0.0227467883378267,-0.0415754802525043,0.130155399441719,0.131500601768494,0.287738651037216,0.324675798416138,0,0.412838667631149,0.0846432894468307,0.0222290102392435,-0.0285816267132759,0.147115260362625,0.156751349568367,-0.0754353553056717,0.213086545467377,0.0646926462650299,-0.036941297352314,-0.00704214721918106,-0.0653689205646515,-0.0050525926053524,0.0315627381205559,0.0717636197805405,0.00796046387404203,0.185254245996475,-0.0133974840864539,-0.0558977127075195,-0.140751197934151,-0.0394095741212368,0.0391979292035103,0.203887209296227,-0.042938519269228,0.120325833559036,0.0755602791905403,0.00858383439481258,0.228746563196182,0.0662473738193512,0.0527440942823887,0.167322680354118,0.237712070345879,0.112685352563858,0.0664886310696602,-0.101681485772133,0.18874716758728,-0.0885610431432724,-0.0680221617221832,0.0622413717210293,0.190289184451103,-0.0248481351882219,0.236389726400375,0.189005836844444,-0.059431716799736,0.0191616676747799,-0.0855021923780441,0.0783933103084564,0.0594714768230915,0.0783096849918365,-0.0155914574861526,0.236776441335678,-0.0443933010101318,-0.00362903438508511,-0.0581446401774883,0.0019354255637154,0.0418488048017025,0.287979185581207,0.0549242272973061,0.2373978048563,0.082766517996788,-0.0433078035712242,0.268198758363724,0.0846670567989349,0.112740576267242,0.183397695422173,0.291614264249802,0.231374323368073,0.0178159922361374,-0.085195928812027,0.251256138086319,-0.0579469501972198,-0.0574984736740589,0.05942003428936,0.218452855944633
0.299150884151459,0.251123309135437,0.385218024253845,0.646389842033386,0.175806671380997,0.00317232450470328,-0.0278992727398872,0.105152852833271,0.135092318058014,0.225922957062721,0.301238626241684,0.412838667631149,0,0.146169200539589,0.00601336034014821,-0.0079037556424737,0.119069635868073,0.160342767834663,-0.0596287660300732,0.275156229734421,-0.0312204882502556,0.0197901632636786,0.0128781497478485,-0.0415238477289677,-0.0903018265962601,-0.00211554346606135,-0.0088485311716795,0.034979198127985,0.139248803257942,0.0247895959764719,-0.0683804899454117,-0.166780054569244,-0.0282123517245054,0.161961853504181,0.152953952550888,-0.102630369365215,0.0583154000341892,0.110886856913567,0.107325419783592,0.225148916244507,0.214749217033386,0.0138990664854646,0.113210536539555,0.144067585468292,0.126041784882545,0.0908087342977524,-0.0569904707372189,0.224387958645821,-0.0896529778838158,-0.0462886057794094,0.113192662596703,0.31576532125473,0.0130386678501964,0.289236158132553,0.0375010035932064,0.0139427687972784,0.0101032005622983,-0.0379131808876991,-0.0345912054181099,0.0241254195570946,0.00722592230886221,0.029415225610137,0.190650537610054,0.00199432065710425,-0.0325496010482311,-0.120180740952492,-0.00697222491726279,0.153583601117134,0.294138193130493,-0.0367471873760223,0.189447686076164,0.129626482725143,0.108981609344482,0.257836818695068,0.282750278711319,0.0735335201025009,0.133950904011726,0.20732007920742,0.200337812304497,0.078949511051178,-0.013683701865375,0.32365220785141,-0.0885332599282265,-0.0541596636176109,0.123054981231689,0.375074177980423
0.11538915336132,0.0945176482200623,0.0665162652730942,0.12627986073494,0.0446338579058647,-0.0174783617258072,-0.0240219663828611,0.0138956271111965,0.0480901710689068,0.100897528231144,0.109592154622078,0.0846432894468307,0.146169200539589,0,-0.00968823488801718,-0.0287638884037733,0.0045830518938601,0.0932597145438194,-0.022858913987875,0.134090214967728,-0.0380795001983643,0.0099355997517705,0.00917266309261322,-0.0251644533127546,-0.0272112786769867,-0.0204693078994751,0.00929778255522251,-0.0136042619124055,0.0312828533351421,0.0104037579149008,-0.0321735814213753,-0.0590022690594196,-0.00114814238622785,0.0591155365109444,0.023887425661087,-0.0442749634385109,-0.00749067077413201,0.0533537939190865,0.0602243766188622,0.0901169925928116,0.0659210681915283,0.0375443249940872,0.0569431036710739,0.047995749861002,0.0499500185251236,0.0148136345669627,-0.0196247454732656,0.0825939849019051,-0.0421491786837578,-0.0127754118293524,0.0709584429860115,0.121846050024033,-0.0143245588988066,0.109751187264919,0.00762549554929137,0.0118189975619316,0.000390472792787477,-0.0281674340367317,-0.000230530742555857,-0.0104336701333523,0.0259277522563934,-0.0155443204566836,0.031875804066658,0.011753992177546,-0.00727694621309638,-0.0296130906790495,-0.00608010264113545,0.0688310191035271,0.0817989185452461,-0.0307741705328226,0.0584396384656429,0.0680041909217834,0.0623854547739029,0.0919165536761284,0.0846471339464188,0.0480578914284706,0.0741321370005608,0.0722125545144081,0.0959521979093552,0.000556232349481434,-0.0142039293423295,0.121735863387585,-0.0289950389415026,-0.0274325050413609,0.0644865557551384,0.137589782476425
-0.0052430690266192,-0.0072939433157444,0.0300467945635319,0.0082970205694437,-0.00428570713847876,0.434268862009048,0.174826964735985,0.0342687778174877,0.0686166360974312,0.0481282062828541,-0.0194313954561949,0.0222290102392435,0.00601336034014821,-0.00968823488801718,0,0.214084327220917,0.0413565561175346,0.0642982348799706,0.0590675510466099,0.0352892205119133,0.140045538544655,0.079603374004364,0.111176662147045,0.230382353067398,0.225102350115776,0.129256144165993,0.323531359434128,0.120601326227188,0.0959562361240387,0.0979558750987053,0.308526009321213,0.183319762349129,0.274621695280075,0.0692302286624908,-0.0354686491191387,-0.00192956614773721,-0.0401111394166946,0.0597242265939713,0.0743125975131989,0.0791521668434143,0.0595414973795414,0.258606791496277,0.237143099308014,-0.022478373721242,0.168961808085442,0.068997822701931,0.218257024884224,-0.0791522115468979,0.0413070991635323,0.13285718858242,0.0957439690828323,0.0826531574130058,0.041705884039402,0.036425918340683,0.0607123449444771,0.0701306685805321,0.102590925991535,0.224606826901436,0.156772121787071,0.136310234665871,0.30085563659668,0.110747039318085,0.0580417588353157,0.0934536382555962,0.270344585180283,0.166661381721497,0.276305317878723,0.0567764937877655,-0.0813756361603737,-0.0413432121276855,-0.0700454711914062,0.0495910234749317,0.10259447991848,0.0571095980703831,0.0512754581868649,0.243218988180161,0.17410483956337,-0.0640262290835381,0.104770645499229,0.0613119229674339,0.209844291210175,-0.0820838510990143,0.0333415754139423,0.14413557946682,0.0965832099318504,0.0766813158988953
-0.100600317120552,-0.0982428640127182,-0.0278908759355545,-0.0147736743092537,-0.0258960258215666,0.16944719851017,0.252365231513977,0.00560222566127777,-0.0190283413976431,-0.0566799454391003,-0.109274089336395,-0.0285816267132759,-0.0079037556424737,-0.0287638884037733,0.214084327220917,0,0.0188606008887291,-0.00794165674597025,0.120678104460239,-0.0312990285456181,0.0440041236579418,0.0308659859001637,0.072111502289772,0.171636775135994,0.0488475859165192,0.115678437054157,-0.000270366668701172,0.0253846999257803,0.0207589827477932,0.0334319584071636,0.140136450529099,0.13022568821907,0.0977492034435272,0.0146554121747613,0.00723915779963136,0.0430101864039898,0.0491090714931488,-0.049415722489357,0.0380268692970276,-0.108149312436581,0.0700908228754997,-0.0243826303631067,0.0120270103216171,-0.114286504685879,0.0486278310418129,0.0317999720573425,0.210411846637726,-0.0660504773259163,0.0404779724776745,0.10836074501276,0.0204079318791628,0.0281531754881144,0.107843190431595,-0.0361796803772449,-0.020648704841733,0.0161245036870241,0.0392884761095047,0.179941609501839,-0.00651997700333595,0.113491021096706,-0.0216909125447273,0.0252592321485281,-0.000731490436010063,0.0316781178116798,0.103062771260738,0.0947550386190414,0.100918963551521,0.0193037986755371,-0.0214679762721062,-0.0124524878337979,0.0110571524128318,-0.059000626206398,0.0559585057199001,-0.127767607569695,0.0747230798006058,-0.0466117933392525,-0.0232998877763748,-0.146457374095917,-0.00792545545846224,0.0393916070461273,0.216314300894737,-0.0894161611795425,0.0256495270878077,0.134317830204964,0.00629796180874109,0.0246150940656662
0.0409328751266003,0.0547495670616627,0.12094846367836,0.0960313454270363,0.0261399317532778,0.038103062659502,-0.0111248316243291,0.106330744922161,0.0546327568590641,0.0315134413540363,0.0954476371407509,0.147115260362625,0.119069635868073,0.0045830518938601,0.0413565561175346,0.0188606008887291,0,0.0697884410619736,-0.0245729442685843,0.0929069519042969,-0.0493074208498001,0.028425931930542,0.0174645408987999,-0.0081890057772398,-0.0214493311941624,-0.0397358871996403,0.0774930343031883,0.0271688178181648,0.0194038208574057,0.0304256789386272,0.0566079318523407,-0.0689258426427841,0.00948646292090416,0.0320157185196877,-0.0165823809802532,-0.0784642919898033,-0.0576541945338249,0.0451474860310555,0.00651073828339577,0.0644394978880882,-0.00446772482246161,0.0678695663809776,0.123443454504013,-0.0118843335658312,0.0183879416435957,0.00194855022709817,0.010797425173223,-0.0264274068176746,-0.0141814136877656,-0.0131667042151093,0.0409384928643703,0.0619165822863579,-0.010913104750216,0.0772101283073425,-0.0353828407824039,0.029508214443922,0.00590914115309715,0.0140177346765995,-0.023571303114295,-0.0177771225571632,0.0648688301444054,0.0234349854290485,0.0268224012106657,0.0178048200905323,0.0492816492915154,-0.0418653637170792,0.0207095630466938,0.0360565595328808,-0.00884847436100245,-0.102381005883217,-0.0224320609122515,0.0496973060071468,-0.00400910340249538,0.0740516483783722,-0.00109102157875896,0.0699229091405869,0.11715666949749,0.0173192396759987,0.0157906543463469,0.00116279104258865,0.0212112814188004,0.0186990201473236,-0.0171350166201591,-0.00420160917565227,0.0482544973492622,0.0714470446109772
0.265240967273712,0.21198944747448,0.154947802424431,0.151907593011856,0.0639965757727623,0.0665050372481346,-0.0345502234995365,0.0669627636671066,0.200124755501747,0.233134761452675,0.251684784889221,0.156751349568367,0.160342767834663,0.0932597145438194,0.0642982348799706,-0.00794165674597025,0.0697884410619736,0,-0.0590958595275879,0.168319702148438,0.036447249352932,0.0423991568386555,0.036814421415329,0.0047441404312849,0.0571404956281185,0.0317130126059055,0.116637945175171,0.0193060208112001,0.0917307734489441,0.0809007734060287,0.012034684419632,-0.0308196842670441,0.0648223087191582,0.0956590622663498,0.0293574817478657,-0.0501717999577522,-0.000714447232894599,0.15616837143898,0.0781793147325516,0.18580736219883,0.0642801076173782,0.151217848062515,0.130257934331894,0.122262418270111,0.0813716575503349,0.0563061907887459,0.00971740391105413,0.140201762318611,-0.0359773859381676,0.0284201763570309,0.162913054227829,0.191088378429413,-0.00572431925684214,0.182449281215668,0.106418177485466,0.0560767576098442,0.024825232103467,0.00062330620130524,0.107565745711327,0.0408656187355518,0.146118193864822,0.0218179803341627,0.115099057555199,0.0673126429319382,0.0650397390127182,0.0173000246286392,0.0532225109636784,0.113903142511845,0.12091152369976,0.01406813506037,0.0878468379378319,0.174484759569168,0.0697503536939621,0.202213451266289,0.083914615213871,0.189057186245918,0.138996481895447,0.154922768473625,0.166869908571243,0.0484670363366604,0.0244540255516768,0.180516347289085,-0.00180042337160558,-0.000887757865712047,0.135844066739082,0.213029026985168
-0.159779623150826,-0.112998276948929,-0.0349700786173344,-0.0562633909285069,-0.0158440284430981,0.0780951231718063,0.156598493456841,-0.0346192382276058,-0.04704599827528,-0.0824022367596626,-0.192916080355644,-0.0754353553056717,-0.0596287660300732,-0.022858913987875,0.0590675510466099,0.120678104460239,-0.0245729442685843,-0.0590958595275879,0,-0.0446249209344387,0.214688181877136,0.0447652749717236,0.043138150125742,0.280612081289291,0.198995262384415,0.274092823266983,-0.155796855688095,0.0904749184846878,0.0727954730391502,0.072386845946312,0.0293746665120125,0.569875001907349,0.0125762484967709,-0.027469614520669,0.485956937074661,0.198604375123978,0.538419008255005,-0.0389879085123539,0.0621122233569622,-0.116313345730305,0.161789923906326,-0.0626945272088051,-0.13291198015213,-0.00689173024147749,0.182367742061615,0.0880732014775276,0.742731928825378,0.231672331690788,0.122486919164658,0.156370535492897,0.18172524869442,0.130498200654984,0.660667181015015,-0.048315092921257,0.0397113375365734,0.0215941239148378,0.0210849232971668,0.232274800539017,0.0307217501103878,0.193439960479736,-0.191735655069351,0.0930974334478378,0.0159817412495613,0.069497674703598,-0.0464836359024048,0.339847475290298,0.0301410965621471,-0.00487264851108193,0.221446305513382,0.164928838610649,0.263524770736694,-0.0775432586669922,0.109581805765629,-0.175583332777023,0.132963821291924,-0.129596158862114,-0.116447240114212,-0.10410875082016,0.0370935350656509,0.0652264282107353,0.626157104969025,0.0401384979486465,0.0701506435871124,0.166884362697601,0.177628070116043,0.0925379022955894
0.239911377429962,0.257300823926926,0.206615895032883,0.302503108978271,0.109499283134937,0.0433654002845287,-0.0413296222686768,0.0930665656924248,0.168602645397186,0.236282497644424,0.288383781909943,0.213086545467377,0.275156229734421,0.134090214967728,0.0352892205119133,-0.0312990285456181,0.0929069519042969,0.168319702148438,-0.0446249209344387,0,-0.107035920023918,0.154647260904312,0.0522524118423462,0.00412984285503626,-0.113804802298546,-0.0238000992685556,0.00654970156028867,0.0228725932538509,0.212273567914963,0.179069578647614,-0.0887517407536507,-0.281528234481812,0.00704463478177786,0.400587022304535,0.19737645983696,-0.218147948384285,0.0185039192438126,0.278096973896027,0.326212704181671,0.41453692317009,0.399680554866791,0.0854455903172493,0.282094776630402,0.265184223651886,0.323347687721252,0.25459361076355,0.0353545136749744,0.364408791065216,-0.133346676826477,-0.0428454615175724,0.283170700073242,0.562479615211487,0.0393509827554226,0.58315908908844,-0.0893147513270378,0.172375351190567,0.00654981890693307,-0.0122787626460195,-0.100506573915482,-0.00291831558570266,0.0598762594163418,0.0267919208854437,0.187987312674522,0.14664351940155,-0.0284829139709473,-0.245392322540283,0.0233634319156408,0.375065594911575,0.306310266256332,-0.238858059048653,0.12355075776577,0.279751002788544,0.276812434196472,0.442043483257294,0.393734395503998,0.162222132086754,0.287841945886612,0.25567352771759,0.3057541847229,0.205905944108963,0.0484915710985661,0.466073840856552,-0.157642483711243,-0.0860089361667633,0.23715204000473,0.557317972183228
0.0621668621897697,0.0385172814130783,0.121603168547153,-0.0260326061397791,0.00438144616782665,0.156632035970688,0.0479804053902626,-0.0599985606968403,0.00337478728033602,0.256284117698669,-0.0231018494814634,0.0646926462650299,-0.0312204882502556,-0.0380795001983643,0.140045538544655,0.0440041236579418,-0.0493074208498001,0.036447249352932,0.214688181877136,-0.107035920023918,0,-0.140871837735176,0.0676634684205055,0.194534912705421,0.703414261341095,0.568170189857483,0.198474287986755,-0.0428440310060978,0.27864682674408,-0.0898289084434509,0.109274439513683,0.478261649608612,0.164092302322388,-0.100288242101669,0.554564476013184,0.472565680742264,0.536305606365204,-0.123820051550865,-0.0185002442449331,0.110300168395042,0.125857636332512,0.312026977539062,-0.0372742377221584,0.693194985389709,0.404062658548355,0.383446425199509,0.0767144709825516,0.462211191654205,0.0269682183861732,0.013329952955246,-0.0185735393315554,-0.0416066013276577,0.0257092006504536,-0.107164457440376,0.659004211425781,-0.190799579024315,0.0609320998191833,0.114577978849411,0.520704209804535,0.318479180335999,0.0619595274329185,-0.01032436452806,0.100309386849403,-0.0846864283084869,0.0541308373212814,0.310816377401352,0.119065962731838,-0.0812948793172836,0.25920644402504,0.37663808465004,0.197723299264908,-0.133281961083412,0.00188598188105971,-0.0123451324179769,0.0558759197592735,0.160479202866554,-0.117534711956978,0.282624453306198,0.0999216809868813,0.164837956428528,0.0577364191412926,0.0949953272938728,0.0684897527098656,0.017331950366497,-0.00477178441360593,-0.0979993268847466
-0.0469009391963482,0.0838424265384674,-0.00950522255152464,0.0238457266241312,-0.00229494762606919,0.0938166007399559,0.0290903616696596,0.0177884381264448,0.0644077509641647,-0.00886247307062149,0.0596316531300545,-0.036941297352314,0.0197901632636786,0.0099355997517705,0.079603374004364,0.0308659859001637,0.028425931930542,0.0423991568386555,0.0447652749717236,0.154647260904312,-0.140871837735176,0,0.0178609639406204,0.297968745231628,0.0465389750897884,-0.149751111865044,0.122138656675816,0.218262672424316,0.0362789928913116,0.914996564388275,0.0180754717439413,-0.148878946900368,0.15094630420208,0.37372624874115,-0.0716693326830864,-0.167180106043816,-0.125680208206177,0.86797022819519,0.315412104129791,0.0630966797471046,0.286951452493668,0.274035960435867,0.0697538182139397,-0.0304571967571974,0.0904737487435341,0.623448610305786,0.175117865204811,0.00685364659875631,-0.0302292704582214,0.0141495913267136,0.195146411657333,0.225963070988655,0.0914022848010063,0.136237382888794,-0.253132432699203,0.971700429916382,-0.000591994205024093,0.344785898923874,-0.0805314853787422,-0.103387020528316,0.152061805129051,0.281507223844528,-0.021955318748951,0.902331948280334,-0.00758700119331479,-0.191661834716797,0.155653432011604,0.344457924365997,-0.117713056504726,-0.246625110507011,-0.159952521324158,0.828987956047058,0.365420430898666,0.0535304471850395,0.297988384962082,0.292660623788834,0.0771151036024094,-0.108522184193134,-0.0129879210144281,0.57157838344574,0.161881148815155,0.0369260311126709,-0.0694298595190048,0.0151017094030976,0.164687559008598,0.197707965970039
0.0226213708519936,0.0175555795431137,0.0109518887475133,0.00959394872188568,0.00914906337857246,0.13262502849102,0.0750086829066277,7.06491991877556e-05,0.0160880144685507,0.0492196418344975,0.0153409615159035,-0.00704214721918106,0.0128781497478485,0.00917266309261322,0.111176662147045,0.072111502289772,0.0174645408987999,0.036814421415329,0.043138150125742,0.0522524118423462,0.0676634684205055,0.0178609639406204,0,0.158268868923187,0.114089511334896,0.1409000903368,0.0576658956706524,0.0322509929537773,0.0969424471259117,0.0418863669037819,0.0911817103624344,0.111578978598118,0.0975384563207626,0.028071565553546,0.0642572566866875,0.040106326341629,0.0686019062995911,0.0234690867364407,0.0450492240488529,0.0411985255777836,0.0534321665763855,0.0450856387615204,0.0612036399543285,0.0416234731674194,0.0742362141609192,0.086109846830368,0.112119026482105,0.0614908151328564,0.0329727306962013,0.103940531611443,0.0510168820619583,0.101568877696991,0.0218760054558516,0.0219495575875044,0.0398353040218353,0.00482876179739833,0.049219835549593,0.129447981715202,0.0752518475055695,0.114594459533691,0.0586330331861973,0.021263500675559,0.0600139237940311,0.0398156717419624,0.0855343714356422,0.0778867602348328,0.0794849619269371,0.00613491935655475,0.0527578927576542,0.0162997301667929,0.0405171774327755,0.0137144112959504,0.0344320721924305,0.0334858670830727,0.0442919805645943,0.0606225021183491,0.0347807891666889,-0.00400359136983752,0.0500022731721401,0.0717285946011543,0.0805748030543327,0.0338224694132805,0.0197793338447809,0.0504298284649849,0.0271705817431211,0.0886901840567589
-0.0656864643096924,-0.0661331862211227,-0.0458623915910721,-0.0372054874897003,-0.0164576470851898,0.222237378358841,0.183181345462799,-0.0124897556379437,-0.00364114413969219,-0.0924592912197113,-0.0882206112146378,-0.0653689205646515,-0.0415238477289677,-0.0251644533127546,0.230382353067398,0.171636775135994,-0.0081890057772398,0.0047441404312849,0.280612081289291,0.00412984285503626,0.194534912705421,0.297968745231628,0.158268868923187,0,0.346966594457626,0.357740372419357,0.0762659683823586,0.540944337844849,0.102475449442863,0.495896637439728,0.181169643998146,0.224965512752533,0.334367245435715,0.0786337479948997,0.140687331557274,0.0566449053585529,0.110000915825367,0.255148351192474,0.0748909190297127,-0.0699752792716026,0.123361833393574,0.094069205224514,0.0399467088282108,-0.0211715400218964,0.0969880744814873,0.478988498449326,0.351460993289948,-0.000343631953001022,0.0695545524358749,0.154286190867424,0.109045341610909,0.126693189144135,0.26650395989418,0.0263828374445438,0.0642967373132706,0.26646876335144,0.107434205710888,0.814308702945709,0.214788049459457,0.355739772319794,0.0732211768627167,0.505542516708374,0.0753840729594231,0.500897824764252,0.143135815858841,0.215194419026375,0.346621811389923,0.0908942073583603,0.10800139605999,-0.00766798481345177,0.134676352143288,0.179512366652489,0.134326189756393,-0.0579028725624084,0.158412501215935,0.136444449424744,0.0365236364305019,-0.0703213140368462,0.0558532774448395,0.476973235607147,0.280654698610306,-0.0231963135302067,0.0494012907147408,0.142547190189362,0.0803321972489357,0.0854663029313087
