0 0.3301 0.27373 0.28802 0.089633 -0.011632 -0.091068 0.059017 0.21066 0.71723 0.41083 0.36266 0.29915 0.11539 -0.0052431 -0.1006 0.040933 0.26524 -0.15978 0.23991 0.062167 -0.046901 0.022621 -0.065686 0.058553 0.14212 0.081824 0.018873 0.1868 -0.025053 -0.16394 -0.1234 0.0096936 0.12597 0.095601 -0.065485 0.020123 0.095421 0.055346 0.37373 0.077006 0.17456 0.086569 0.37735 0.032468 0.17094 -0.1839 0.36395 -0.10621 -0.066032 0.028924 0.22809 -0.028348 0.27643 0.42065 -0.036449 0.035766 -0.091734 0.36426 0.25439 0.18103 -0.0097265 0.32047 -0.059672 -0.033011 0.11414 0.021034 0.1397 0.40232 0.20198 0.30705 0.11403 0.056107 0.45681 0.18193 0.31169 0.17438 0.59831 0.40286 0.17866 -0.12173 0.54315 -0.006135 -0.088833 0.045254 0.27833
0.3301 0 0.24438 0.26694 0.11199 0.012051 -0.07979 0.072564 0.22335 0.34748 0.49206 0.2616 0.25112 0.094518 -0.0072939 -0.098243 0.05475 0.21199 -0.113 0.2573 0.038517 0.083842 0.017556 -0.066133 0.055111 0.032973 0.13633 0.071921 0.14143 0.12501 -0.034581 -0.11786 0.0083606 0.17788 0.10623 -0.068744 0.0095799 0.22759 0.1348 0.33197 0.11906 0.1866 0.15526 0.20936 0.15999 0.11538 -0.11703 0.22687 -0.049198 -0.056469 0.16398 0.28422 -0.11635 0.24755 0.063478 0.087925 0.012244 -0.086443 0.061418 -0.011942 0.13056 0.064378 0.12694 0.077709 -0.012205 -0.097287 -0.020721 0.11067 0.15207 -0.029529 0.071102 0.26216 0.081524 0.31153 0.094569 0.18511 0.14756 0.1833 0.16473 0.053191 -0.12099 0.21999 -0.052455 -0.078091 0.15205 0.25674
0.27373 0.24438 0 0.40094 0.11251 0.03371 -0.017516 0.14559 0.1423 0.291 0.27177 0.58247 0.38522 0.066516 0.030047 -0.027891 0.12095 0.15495 -0.03497 0.20662 0.1216 -0.0095052 0.010952 -0.045862 0.029389 0.052072 0.077838 0.00041746 0.1952 0.01145 -0.014861 -0.075468 -0.0332 0.050413 0.23592 -0.0052252 0.14709 0.080278 0.010305 0.20637 0.081134 0.075712 0.17026 0.25813 0.19235 0.050383 -0.071502 0.18851 -0.055575 -0.047773 0.070067 0.18326 -0.028786 0.17726 0.11938 -0.02262 0.030977 -0.07152 0.025457 0.027089 0.061681 0.0028987 0.1689 -0.022303 -0.0020437 -0.080288 -0.022836 0.024498 0.20195 -0.01879 0.14453 0.088097 -0.012047 0.20358 0.088614 0.072086 0.12536 0.18402 0.16175 -0.0039205 -0.06508 0.18563 -0.065313 -0.058131 0.082652 0.17366
0.28802 0.26694 0.40094 0 0.20482 0.013418 -0.0065614 0.1093 0.1433 0.27131 0.27962 0.38602 0.64639 0.12628 0.008297 -0.014774 0.096031 0.15191 -0.056263 0.3025 -0.026033 0.023846 0.0095939 -0.037205 -0.088024 0.010473 0.0036656 0.013921 0.15258 0.033228 -0.032268 -0.15848 -0.027953 0.19582 0.18419 -0.086192 0.074196 0.11817 0.18459 0.21764 0.28127 0.031574 0.13074 0.16633 0.16926 0.10484 -0.032673 0.24858 -0.075471 -0.019781 0.12523 0.34981 -0.011189 0.28477 0.027549 0.027015 0.0089611 -0.049034 -0.045252 -0.016027 0.023791 0.01688 0.15661 0.010685 -0.020517 -0.1325 0.0066836 0.15711 0.26835 -0.052429 0.1582 0.13514 0.11733 0.25377 0.26416 0.075877 0.13688 0.18907 0.1962 0.074618 -0.04067 0.31216 -0.069446 -0.059459 0.1238 0.35018
0.089633 0.11199 0.11251 0.20482 0 -0.0021371 -0.017943 0.022547 0.057552 0.10214 0.10103 0.12128 0.17581 0.044634 -0.0042857 -0.025896 0.02614 0.063997 -0.015844 0.1095 0.0043814 -0.0022949 0.0091491 -0.016458 -0.016096 0.0039219 -0.0055954 -0.010229 0.074003 0.0004109 -0.023491 -0.033201 -0.012542 0.022289 0.07493 0.0057647 0.057741 0.045272 0.071915 0.091707 0.087993 0.010183 0.05849 0.074234 0.06891 0.0085962 0.0069481 0.10915 -0.028497 -0.020391 0.060981 0.14472 -0.0037077 0.11287 -0.012001 -0.007391 -0.012433 -0.038159 -0.034672 -0.011073 -0.0034057 -0.0037747 0.067543 -0.015372 -0.016861 -0.042238 -0.021349 0.024039 0.088271 -0.0035909 0.06641 0.048833 0.050569 0.077924 0.076578 0.0023357 0.029799 0.046235 0.056313 -0.015194 -0.0048072 0.10555 -0.038225 -0.024696 0.045688 0.13079
-0.011632 0.012051 0.03371 0.013418 -0.0021371 0 0.16904 0.021256 0.0876 0.056248 -0.0043559 0.022747 0.0031723 -0.017478 0.43427 0.16945 0.038103 0.066505 0.078095 0.043365 0.15663 0.093817 0.13263 0.22224 0.2439 0.12836 0.34205 0.12237 0.091467 0.11985 0.29872 0.21479 0.27881 0.068626 -0.024584 0.034248 -0.01195 0.079212 0.087473 0.096292 0.058214 0.27319 0.22931 0.00068448 0.18385 0.07466 0.22931 -0.063738 0.056845 0.15355 0.11927 0.086605 0.037122 0.023425 0.014774 0.073018 0.090716 0.21167 0.12731 0.091775 0.2869 0.13035 0.017016 0.11031 0.27305 0.14675 0.2354 0.066247 -0.10931 -0.045824 -0.089227 0.056216 0.095311 0.030534 0.051075 0.22109 0.15244 -0.089571 0.078655 0.041372 0.19132 -0.10436 0.047601 0.1237 0.10049 0.051012
-0.091068 -0.07979 -0.017516 -0.0065614 -0.017943 0.16904 0 -0.0077064 -0.0075526 -0.042164 -0.10499 -0.041575 -0.027899 -0.024022 0.17483 0.25237 -0.011125 -0.03455 0.1566 -0.04133 0.04798 0.02909 0.075009 0.18318 0.07232 0.12914 0.007934 0.068348 0.019055 0.03606 0.168 0.17135 0.072875 0.010411 0.022274 0.079531 0.073075 -0.015644 0.049237 -0.12338 0.064114 -0.030049 0.0052753 -0.1328 0.069822 0.025625 0.24004 -0.063656 0.045131 0.1359 0.018544 0.02914 0.095061 -0.050141 -0.060555 0.017154 0.025325 0.15934 -0.030737 0.071142 -0.024121 0.061607 -0.020771 0.035905 0.091724 0.095612 0.057826 0.016574 -0.059683 -0.017395 -0.025947 -0.033883 0.053863 -0.13873 0.065881 -0.05644 -0.020049 -0.19056 -0.017431 0.03217 0.19243 -0.12936 0.027418 0.11143 0.0030411 -0.0056348
0.059017 0.072564 0.14559 0.1093 0.022547 0.021256 -0.0077064 0 0.056199 0.038291 0.076233 0.13016 0.10515 0.013896 0.034269 0.0056022 0.10633 0.066963 -0.034619 0.093067 -0.059999 0.017788 7.0649e-05 -0.01249 -0.051102 -0.025495 0.050862 0.016191 0.02603 0.005955 0.065688 -0.061996 0.023049 0.047747 -0.022423 -0.082975 -0.072604 0.043797 0.026247 0.06996 0.018407 0.038804 0.11766 -0.0025605 0.01076 0.0054423 0.0064055 0.0019166 -0.0060804 0.0014045 0.045839 0.088598 -0.019544 0.075141 -0.041769 0.022327 -0.0030595 -0.0042396 -0.027481 0.0025668 0.06334 0.029182 0.033556 0.00084457 0.065078 -0.042416 0.010299 0.046993 0.0019247 -0.085929 -0.012061 0.049601 0.017041 0.07652 0.037932 0.052713 0.09772 0.017665 0.032358 0.0051269 0.017022 0.058385 -0.019428 0.0039436 0.058784 0.092736
0.21066 0.22335 0.1423 0.1433 0.057552 0.0876 -0.0075526 0.056199 0 0.22435 0.23251 0.1315 0.13509 0.04809 0.068617 -0.019028 0.054633 0.20012 -0.047046 0.1686 0.0033748 0.064408 0.016088 -0.0036411 0.025942 0.0045459 0.12582 0.017518 0.07698 0.092749 0.018698 -0.057502 0.062147 0.13107 0.037573 -0.059934 -0.011355 0.17097 0.10331 0.19533 0.077593 0.15113 0.13288 0.10339 0.07657 0.05199 -3.6666e-05 0.11834 -0.032699 -0.01585 0.12422 0.18439 -0.031834 0.17289 0.043877 0.058721 0.026541 -0.020763 0.053798 0.017537 0.14683 0.011175 0.090735 0.079227 0.058488 -0.016475 0.031769 0.082056 0.08505 -0.031918 0.038797 0.17749 0.077263 0.18886 0.070479 0.17257 0.13695 0.10835 0.12641 0.017539 0.00039639 0.15708 -0.037471 -0.0069984 0.12305 0.1762
0.71723 0.34748 0.291 0.27131 0.10214 0.056248 -0.042164 0.038291 0.22435 0 0.32241 0.28774 0.22592 0.1009 0.048128 -0.05668 0.031513 0.23313 -0.082402 0.23628 0.25628 -0.0088625 0.04922 -0.092459 0.20387 0.2301 0.13638 -0.067484 0.20608 -0.0019326 -0.027639 0.041339 0.039918 0.19395 0.23111 0.098515 0.19153 0.11872 0.26561 0.31611 0.28443 0.22141 0.082085 0.45723 0.27476 0.24175 -0.13157 0.39853 -0.029657 -0.0041747 0.032121 0.23335 -0.14008 0.17708 0.14139 -0.012637 0.027618 -0.10816 0.11733 0.13362 0.09626 -0.042034 0.10709 -0.015021 -0.022165 0.0039961 0.025431 0.13225 0.16088 0.047603 0.059594 0.13425 0.14797 0.27019 0.17421 0.14594 0.053324 0.24884 0.10582 0.083539 -0.10467 0.34751 -0.043756 -0.063447 0.055099 0.19582
0.41083 0.49206 0.27177 0.27962 0.10103 -0.0043559 -0.10499 0.076233 0.23251 0.32241 0 0.32468 0.30124 0.10959 -0.019431 -0.10927 0.095448 0.25168 -0.19292 0.28838 -0.023102 0.059632 0.015341 -0.088221 0.0018211 -0.028193 0.13479 0.05566 0.12119 0.098674 -0.068182 -0.20085 0.0044909 0.12932 0.028452 -0.14601 -0.058904 0.22563 0.057312 0.34455 0.066313 0.18602 0.18174 0.19539 0.074154 0.07672 -0.17233 0.2159 -0.089424 -0.07647 0.16438 0.27706 -0.13701 0.29959 0.14892 0.076145 0.0036889 -0.11458 0.14187 -0.0086706 0.18946 0.030043 0.1817 0.0537 -0.0099599 -0.077456 -0.0038696 0.13359 0.23725 -0.0069119 0.14933 0.26696 0.037807 0.39486 0.106 0.26029 0.2014 0.30601 0.26368 0.0532 -0.14071 0.31462 -0.041092 -0.10531 0.16669 0.2988
0.36266 0.2616 0.58247 0.38602 0.12128 0.022747 -0.041575 0.13016 0.1315 0.28774 0.32468 0 0.41284 0.084643 0.022229 -0.028582 0.14712 0.15675 -0.075435 0.21309 0.064693 -0.036941 -0.0070421 -0.065369 -0.0050526 0.031563 0.071764 0.0079605 0.18525 -0.013397 -0.055898 -0.14075 -0.03941 0.039198 0.20389 -0.042939 0.12033 0.07556 0.0085838 0.22875 0.066247 0.052744 0.16732 0.23771 0.11269 0.066489 -0.10168 0.18875 -0.088561 -0.068022 0.062241 0.19029 -0.024848 0.23639 0.18901 -0.059432 0.019162 -0.085502 0.078393 0.059471 0.07831 -0.015591 0.23678 -0.044393 -0.003629 -0.058145 0.0019354 0.041849 0.28798 0.054924 0.2374 0.082767 -0.043308 0.2682 0.084667 0.11274 0.1834 0.29161 0.23137 0.017816 -0.085196 0.25126 -0.057947 -0.057498 0.05942 0.21845
0.29915 0.25112 0.38522 0.64639 0.17581 0.0031723 -0.027899 0.10515 0.13509 0.22592 0.30124 0.41284 0 0.14617 0.0060134 -0.0079038 0.11907 0.16034 -0.059629 0.27516 -0.03122 0.01979 0.012878 -0.041524 -0.090302 -0.0021155 -0.0088485 0.034979 0.13925 0.02479 -0.06838 -0.16678 -0.028212 0.16196 0.15295 -0.10263 0.058315 0.11089 0.10733 0.22515 0.21475 0.013899 0.11321 0.14407 0.12604 0.090809 -0.05699 0.22439 -0.089653 -0.046289 0.11319 0.31577 0.013039 0.28924 0.037501 0.013943 0.010103 -0.037913 -0.034591 0.024125 0.0072259 0.029415 0.19065 0.0019943 -0.03255 -0.12018 -0.0069722 0.15358 0.29414 -0.036747 0.18945 0.12963 0.10898 0.25784 0.28275 0.073534 0.13395 0.20732 0.20034 0.07895 -0.013684 0.32365 -0.088533 -0.05416 0.12305 0.37507
0.11539 0.094518 0.066516 0.12628 0.044634 -0.017478 -0.024022 0.013896 0.04809 0.1009 0.10959 0.084643 0.14617 0 -0.0096882 -0.028764 0.0045831 0.09326 -0.022859 0.13409 -0.03808 0.0099356 0.0091727 -0.025164 -0.027211 -0.020469 0.0092978 -0.013604 0.031283 0.010404 -0.032174 -0.059002 -0.0011481 0.059116 0.023887 -0.044275 -0.0074907 0.053354 0.060224 0.090117 0.065921 0.037544 0.056943 0.047996 0.04995 0.014814 -0.019625 0.082594 -0.042149 -0.012775 0.070958 0.12185 -0.014325 0.10975 0.0076255 0.011819 0.00039047 -0.028167 -0.00023053 -0.010434 0.025928 -0.015544 0.031876 0.011754 -0.0072769 -0.029613 -0.0060801 0.068831 0.081799 -0.030774 0.05844 0.068004 0.062385 0.091917 0.084647 0.048058 0.074132 0.072213 0.095952 0.00055623 -0.014204 0.12174 -0.028995 -0.027433 0.064487 0.13759
-0.0052431 -0.0072939 0.030047 0.008297 -0.0042857 0.43427 0.17483 0.034269 0.068617 0.048128 -0.019431 0.022229 0.0060134 -0.0096882 0 0.21408 0.041357 0.064298 0.059068 0.035289 0.14005 0.079603 0.11118 0.23038 0.2251 0.12926 0.32353 0.1206 0.095956 0.097956 0.30853 0.18332 0.27462 0.06923 -0.035469 -0.0019296 -0.040111 0.059724 0.074313 0.079152 0.059541 0.25861 0.23714 -0.022478 0.16896 0.068998 0.21826 -0.079152 0.041307 0.13286 0.095744 0.082653 0.041706 0.036426 0.060712 0.070131 0.10259 0.22461 0.15677 0.13631 0.30086 0.11075 0.058042 0.093454 0.27034 0.16666 0.27631 0.056776 -0.081376 -0.041343 -0.070045 0.049591 0.10259 0.05711 0.051275 0.24322 0.1741 -0.064026 0.10477 0.061312 0.20984 -0.082084 0.033342 0.14414 0.096583 0.076681
-0.1006 -0.098243 -0.027891 -0.014774 -0.025896 0.16945 0.25237 0.0056022 -0.019028 -0.05668 -0.10927 -0.028582 -0.0079038 -0.028764 0.21408 0 0.018861 -0.0079417 0.12068 -0.031299 0.044004 0.030866 0.072112 0.17164 0.048848 0.11568 -0.00027037 0.025385 0.020759 0.033432 0.14014 0.13023 0.097749 0.014655 0.0072392 0.04301 0.049109 -0.049416 0.038027 -0.10815 0.070091 -0.024383 0.012027 -0.11429 0.048628 0.0318 0.21041 -0.06605 0.040478 0.10836 0.020408 0.028153 0.10784 -0.03618 -0.020649 0.016125 0.039288 0.17994 -0.00652 0.11349 -0.021691 0.025259 -0.00073149 0.031678 0.10306 0.094755 0.10092 0.019304 -0.021468 -0.012452 0.011057 -0.059001 0.055959 -0.12777 0.074723 -0.046612 -0.0233 -0.14646 -0.0079255 0.039392 0.21631 -0.089416 0.02565 0.13432 0.006298 0.024615
0.040933 0.05475 0.12095 0.096031 0.02614 0.038103 -0.011125 0.10633 0.054633 0.031513 0.095448 0.14712 0.11907 0.0045831 0.041357 0.018861 0 0.069788 -0.024573 0.092907 -0.049307 0.028426 0.017465 -0.008189 -0.021449 -0.039736 0.077493 0.027169 0.019404 0.030426 0.056608 -0.068926 0.0094865 0.032016 -0.016582 -0.078464 -0.057654 0.045147 0.0065107 0.064439 -0.0044677 0.06787 0.12344 -0.011884 0.018388 0.0019486 0.010797 -0.026427 -0.014181 -0.013167 0.040938 0.061917 -0.010913 0.07721 -0.035383 0.029508 0.0059091 0.014018 -0.023571 -0.017777 0.064869 0.023435 0.026822 0.017805 0.049282 -0.041865 0.02071 0.036057 -0.0088485 -0.10238 -0.022432 0.049697 -0.0040091 0.074052 -0.001091 0.069923 0.11716 0.017319 0.015791 0.0011628 0.021211 0.018699 -0.017135 -0.0042016 0.048254 0.071447
0.26524 0.21199 0.15495 0.15191 0.063997 0.066505 -0.03455 0.066963 0.20012 0.23313 0.25168 0.15675 0.16034 0.09326 0.064298 -0.0079417 0.069788 0 -0.059096 0.16832 0.036447 0.042399 0.036814 0.0047441 0.05714 0.031713 0.11664 0.019306 0.091731 0.080901 0.012035 -0.03082 0.064822 0.095659 0.029357 -0.050172 -0.00071445 0.15617 0.078179 0.18581 0.06428 0.15122 0.13026 0.12226 0.081372 0.056306 0.0097174 0.1402 -0.035977 0.02842 0.16291 0.19109 -0.0057243 0.18245 0.10642 0.056077 0.024825 0.00062331 0.10757 0.040866 0.14612 0.021818 0.1151 0.067313 0.06504 0.0173 0.053223 0.1139 0.12091 0.014068 0.087847 0.17448 0.06975 0.20221 0.083915 0.18906 0.139 0.15492 0.16687 0.048467 0.024454 0.18052 -0.0018004 -0.00088776 0.13584 0.21303
-0.15978 -0.113 -0.03497 -0.056263 -0.015844 0.078095 0.1566 -0.034619 -0.047046 -0.082402 -0.19292 -0.075435 -0.059629 -0.022859 0.059068 0.12068 -0.024573 -0.059096 0 -0.044625 0.21469 0.044765 0.043138 0.28061 0.199 0.27409 -0.1558 0.090475 0.072795 0.072387 0.029375 0.56988 0.012576 -0.02747 0.48596 0.1986 0.53842 -0.038988 0.062112 -0.11631 0.16179 -0.062695 -0.13291 -0.0068917 0.18237 0.088073 0.74273 0.23167 0.12249 0.15637 0.18173 0.1305 0.66067 -0.048315 0.039711 0.021594 0.021085 0.23227 0.030722 0.19344 -0.19174 0.093097 0.015982 0.069498 -0.046484 0.33985 0.030141 -0.0048726 0.22145 0.16493 0.26352 -0.077543 0.10958 -0.17558 0.13296 -0.1296 -0.11645 -0.10411 0.037094 0.065226 0.62616 0.040138 0.070151 0.16688 0.17763 0.092538
0.23991 0.2573 0.20662 0.3025 0.1095 0.043365 -0.04133 0.093067 0.1686 0.23628 0.28838 0.21309 0.27516 0.13409 0.035289 -0.031299 0.092907 0.16832 -0.044625 0 -0.10704 0.15465 0.052252 0.0041298 -0.1138 -0.0238 0.0065497 0.022873 0.21227 0.17907 -0.088752 -0.28153 0.0070446 0.40059 0.19738 -0.21815 0.018504 0.2781 0.32621 0.41454 0.39968 0.085446 0.28209 0.26518 0.32335 0.25459 0.035355 0.36441 -0.13335 -0.042845 0.28317 0.56248 0.039351 0.58316 -0.089315 0.17238 0.0065498 -0.012279 -0.10051 -0.0029183 0.059876 0.026792 0.18799 0.14664 -0.028483 -0.24539 0.023363 0.37507 0.30631 -0.23886 0.12355 0.27975 0.27681 0.44204 0.39373 0.16222 0.28784 0.25567 0.30575 0.20591 0.048492 0.46607 -0.15764 -0.086009 0.23715 0.55732
0.062167 0.038517 0.1216 -0.026033 0.0043814 0.15663 0.04798 -0.059999 0.0033748 0.25628 -0.023102 0.064693 -0.03122 -0.03808 0.14005 0.044004 -0.049307 0.036447 0.21469 -0.10704 0 -0.14087 0.067663 0.19453 0.70341 0.56817 0.19847 -0.042844 0.27865 -0.089829 0.10927 0.47826 0.16409 -0.10029 0.55456 0.47257 0.53631 -0.12382 -0.0185 0.1103 0.12586 0.31203 -0.037274 0.69319 0.40406 0.38345 0.076714 0.46221 0.026968 0.01333 -0.018574 -0.041607 0.025709 -0.10716 0.659 -0.1908 0.060932 0.11458 0.5207 0.31848 0.06196 -0.010324 0.10031 -0.084686 0.054131 0.31082 0.11907 -0.081295 0.25921 0.37664 0.19772 -0.13328 0.001886 -0.012345 0.055876 0.16048 -0.11753 0.28262 0.099922 0.16484 0.057736 0.094995 0.06849 0.017332 -0.0047718 -0.097999
-0.046901 0.083842 -0.0095052 0.023846 -0.0022949 0.093817 0.02909 0.017788 0.064408 -0.0088625 0.059632 -0.036941 0.01979 0.0099356 0.079603 0.030866 0.028426 0.042399 0.044765 0.15465 -0.14087 0 0.017861 0.29797 0.046539 -0.14975 0.12214 0.21826 0.036279 0.915 0.018075 -0.14888 0.15095 0.37373 -0.071669 -0.16718 -0.12568 0.86797 0.31541 0.063097 0.28695 0.27404 0.069754 -0.030457 0.090474 0.62345 0.17512 0.0068536 -0.030229 0.01415 0.19515 0.22596 0.091402 0.13624 -0.25313 0.9717 -0.00059199 0.34479 -0.080531 -0.10339 0.15206 0.28151 -0.021955 0.90233 -0.007587 -0.19166 0.15565 0.34446 -0.11771 -0.24663 -0.15995 0.82899 0.36542 0.05353 0.29799 0.29266 0.077115 -0.10852 -0.012988 0.57158 0.16188 0.036926 -0.06943 0.015102 0.16469 0.19771
0.022621 0.017556 0.010952 0.0095939 0.0091491 0.13263 0.075009 7.0649e-05 0.016088 0.04922 0.015341 -0.0070421 0.012878 0.0091727 0.11118 0.072112 0.017465 0.036814 0.043138 0.052252 0.067663 0.017861 0 0.15827 0.11409 0.1409 0.057666 0.032251 0.096942 0.041886 0.091182 0.11158 0.097538 0.028072 0.064257 0.040106 0.068602 0.023469 0.045049 0.041199 0.053432 0.045086 0.061204 0.041623 0.074236 0.08611 0.11212 0.061491 0.032973 0.10394 0.051017 0.10157 0.021876 0.02195 0.039835 0.0048288 0.04922 0.12945 0.075252 0.11459 0.058633 0.021264 0.060014 0.039816 0.085534 0.077887 0.079485 0.0061349 0.052758 0.0163 0.040517 0.013714 0.034432 0.033486 0.044292 0.060623 0.034781 -0.0040036 0.050002 0.071729 0.080575 0.033822 0.019779 0.05043 0.027171 0.08869
-0.065686 -0.066133 -0.045862 -0.037205 -0.016458 0.22224 0.18318 -0.01249 -0.0036411 -0.092459 -0.088221 -0.065369 -0.041524 -0.025164 0.23038 0.17164 -0.008189 0.0047441 0.28061 0.0041298 0.19453 0.29797 0.15827 0 0.34697 0.35774 0.076266 0.54094 0.10248 0.4959 0.18117 0.22497 0.33437 0.078634 0.14069 0.056645 0.11 0.25515 0.074891 -0.069975 0.12336 0.094069 0.039947 -0.021172 0.096988 0.47899 0.35146 -0.00034363 0.069555 0.15429 0.10905 0.12669 0.2665 0.026383 0.064297 0.26647 0.10743 0.81431 0.21479 0.35574 0.073221 0.50554 0.075384 0.5009 0.14314 0.21519 0.34662 0.090894 0.108 -0.007668 0.13468 0.17951 0.13433 -0.057903 0.15841 0.13644 0.036524 -0.070321 0.055853 0.47697 0.28065 -0.023196 0.049401 0.14255 0.080332 0.085466
0.058553 0.055111 0.029389 -0.088024 -0.016096 0.2439 0.07232 -0.051102 0.025942 0.20387 0.0018211 -0.0050526 -0.090302 -0.027211 0.2251 0.048848 -0.021449 0.05714 0.199 -0.1138 0.70341 0.046539 0.11409 0.34697 0 0.53397 0.52035 0.094374 0.17882 0.11112 0.29321 0.61916 0.41483 -0.041772 0.25877 0.36622 0.2576 0.010297 -0.063365 0.19633 -0.08472 0.67891 0.10753 0.52373 0.35865 0.38419 0.11919 0.25961 0.15207 0.11211 0.0048726 -0.074074 0.047891 -0.12093 0.50698 -0.025104 0.067056 0.25238 0.7409 0.34124 0.40139 0.085605 0.050154 0.096839 0.24687 0.52244 0.33587 -0.04536 0.075235 0.25279 0.094244 -0.0095835 -0.056542 0.05628 -0.10654 0.50504 0.027104 0.17356 0.16228 0.18923 0.090734 0.021894 0.20593 0.12906 0.017371 -0.12369
0.14212 0.032973 0.052072 0.010473 0.0039219 0.12836 0.12914 -0.025495 0.0045459 0.2301 -0.028193 0.031563 -0.0021155 -0.020469 0.12926 0.11568 -0.039736 0.031713 0.27409 -0.0238 0.56817 -0.14975 0.1409 0.35774 0.53397 0 -0.0054525 0.08891 0.24999 -0.08812 0.069624 0.47356 0.12138 -0.059704 0.44016 0.40663 0.4671 -0.13495 -0.0050373 0.031171 0.11843 -0.015909 -0.073603 0.40138 0.2365 0.36013 0.18745 0.43049 0.02618 0.12833 -0.0086464 0.087098 0.13471 -0.015072 0.35424 -0.18407 0.090142 0.26248 0.34586 0.57037 -0.10336 0.049406 0.14341 -0.086949 -0.0066277 0.32609 0.056161 -0.069767 0.27342 0.27219 0.31157 -0.15744 -0.021259 -0.00755 0.052688 -0.049948 -0.10456 0.13854 0.05326 0.23922 0.1389 0.20116 0.046278 0.091352 -0.0053388 0.033202
0.081824 0.13633 0.077838 0.0036656 -0.0055954 0.34205 0.007934 0.050862 0.12582 0.13638 0.13479 0.071764 -0.0088485 0.0092978 0.32353 -0.00027037 0.077493 0.11664 -0.1558 0.0065497 0.19847 0.12214 0.057666 0.076266 0.52035 -0.0054525 0 0.024608 0.041926 0.12386 0.49523 0.21997 0.39226 0.078477 -0.22544 -0.025572 -0.23688 0.14834 0.058324 0.40165 -0.12074 0.80446 0.45826 0.085853 0.25717 -0.020157 0.016393 -0.14614 0.13172 0.051854 0.12582 -0.027869 -0.15204 0.00065584 0.076031 0.090984 0.058805 0.061398 0.3368 -0.037465 0.76211 0.051359 -0.034371 0.11105 0.45629 0.225 0.31445 0.058923 -0.30584 -0.10488 -0.26173 0.17325 0.071616 0.26296 -0.11729 0.70171 0.32514 -0.047985 0.16937 -0.10886 0.034585 -0.18994 0.11329 0.06213 0.10331 -0.056683
0.018873 0.071921 0.00041746 0.013921 -0.010229 0.12237 0.068348 0.016191 0.017518 -0.067484 0.05566 0.0079605 0.034979 -0.013604 0.1206 0.025385 0.027169 0.019306 0.090475 0.022873 -0.042844 0.21826 0.032251 0.54094 0.094374 0.08891 0.024608 0 0.050542 0.41052 0.10519 0.03766 0.05583 0.041189 0.0036085 -0.00079249 0.019358 0.31751 -0.00821 0.021092 0.050387 -0.024964 0.072601 -0.085269 -0.012949 0.28119 0.16482 -0.11408 0.011969 0.052196 0.1111 0.10229 0.16043 0.054615 -0.034811 0.2244 0.025697 0.55337 0.042302 0.15699 0.021433 0.94768 0.081025 0.33479 0.084914 0.073072 0.083029 0.041563 0.095246 -0.0045234 0.098857 0.3036 0.070807 0.027513 0.11655 0.013687 0.072186 -0.053519 0.01536 0.33078 0.13289 -0.00044618 0.032431 0.047869 0.093061 0.10367
0.1868 0.14143 0.1952 0.15258 0.074003 0.091467 0.019055 0.02603 0.07698 0.20608 0.12119 0.18525 0.13925 0.031283 0.095956 0.020759 0.019404 0.091731 0.072795 0.21227 0.27865 0.036279 0.096942 0.10248 0.17882 0.24999 0.041926 0.050542 0 0.047363 0.059834 0.077479 0.059948 0.068801 0.4283 0.29945 0.47033 0.096493 0.042382 0.25998 0.13392 0.091602 0.21247 0.43869 0.29593 0.18868 0.075201 0.40117 -0.036982 0.054737 0.12752 0.33083 0.086431 0.19924 0.23591 0.019233 0.051842 0.068877 0.15489 0.16593 -0.0055706 0.04672 0.39687 0.034141 0.056851 0.06108 0.018879 0.045439 0.37057 0.23815 0.42552 0.082722 0.046159 0.19487 0.12015 0.077976 0.16288 0.27441 0.23216 0.081707 0.069998 0.28547 0.0022409 -0.0014925 0.12208 0.31281
-0.025053 0.12501 0.01145 0.033228 0.0004109 0.11985 0.03606 0.005955 0.092749 -0.0019326 0.098674 -0.013397 0.02479 0.010404 0.097956 0.033432 0.030426 0.080901 0.072387 0.17907 -0.089829 0.915 0.041886 0.4959 0.11112 -0.08812 0.12386 0.41052 0.047363 0 0.035363 -0.12942 0.22143 0.37933 -0.036785 -0.15507 -0.071434 0.91061 0.34156 0.090437 0.28486 0.24102 0.076883 -0.021172 0.079838 0.64898 0.20659 0.046574 -0.020687 0.010685 0.26587 0.26946 0.09337 0.1506 -0.18142 0.90568 0.0097352 0.50828 -0.010511 -0.020237 0.15806 0.44807 0.020221 0.92525 0.0078344 -0.14508 0.22787 0.3403 -0.033464 -0.20322 -0.078089 0.87122 0.38517 0.091395 0.30277 0.28747 0.082299 -0.079409 0.0071628 0.61817 0.17971 0.11258 -0.049473 -0.0016528 0.22702 0.23997
-0.16394 -0.034581 -0.014861 -0.032268 -0.023491 0.29872 0.168 0.065688 0.018698 -0.027639 -0.068182 -0.055898 -0.06838 -0.032174 0.30853 0.14014 0.056608 0.012035 0.029375 -0.088752 0.10927 0.018075 0.091182 0.18117 0.29321 0.069624 0.49523 0.10519 0.059834 0.035363 0 0.37084 0.27393 -0.017967 -0.15857 0.083961 -0.092228 -0.0029987 0.021894 -0.024752 -0.060248 0.38904 0.39083 -0.21519 0.25492 -0.089755 0.20424 -0.28719 0.26693 0.18222 0.035246 -0.070696 -0.041785 -0.11749 -0.14397 0.0036941 0.041543 0.1863 0.054353 0.022671 0.36343 0.13279 -0.090787 0.034236 0.54328 0.24754 0.22075 -0.020388 -0.34093 -0.09645 -0.26451 -0.014935 0.045445 -0.13154 -0.081649 0.21222 0.21367 -0.38192 0.023514 -0.1101 0.16769 -0.34417 0.20128 0.17302 0.027851 -0.1091
-0.1234 -0.11786 -0.075468 -0.15848 -0.033201 0.21479 0.17135 -0.061996 -0.057502 0.041339 -0.20085 -0.14075 -0.16678 -0.059002 0.18332 0.13023 -0.068926 -0.03082 0.56988 -0.28153 0.47826 -0.14888 0.11158 0.22497 0.61916 0.47356 0.21997 0.03766 0.077479 -0.12942 0.37084 0 0.15899 -0.226 0.22448 0.58315 0.37696 -0.20463 -0.12532 -0.10068 -0.14137 0.24846 -0.0086049 0.012283 0.34882 -0.11484 0.41542 0.1134 0.31285 0.28616 -0.073776 -0.19753 0.23065 -0.28693 0.19486 -0.1999 0.07524 0.16489 0.31933 0.29813 0.054799 0.043816 -0.054519 -0.10906 0.20082 0.75456 0.094016 -0.20486 -0.10485 0.40156 0.010926 -0.23176 -0.10171 -0.2365 -0.18639 -0.01015 -0.11309 -0.24448 0.056921 -0.14649 0.30214 -0.21784 0.32058 0.27847 -0.055127 -0.22457
0.0096936 0.0083606 -0.0332 -0.027953 -0.012542 0.27881 0.072875 0.023049 0.062147 0.039918 0.0044909 -0.03941 -0.028212 -0.0011481 0.27462 0.097749 0.0094865 0.064822 0.012576 0.0070446 0.16409 0.15095 0.097538 0.33437 0.41483 0.12138 0.39226 0.05583 0.059948 0.22143 0.27393 0.15899 0 0.103 -0.043696 -0.017828 -0.070078 0.13101 0.060802 0.060562 -0.022141 0.44482 0.20971 0.065214 0.14907 0.13482 0.1588 -0.056807 0.0535 0.095461 0.096588 0.045254 0.045981 -0.00046182 0.124 0.12301 0.067697 0.2877 0.31173 0.11322 0.38455 0.059441 0.012416 0.22047 0.27545 0.19144 0.44628 0.082166 -0.07739 -0.022854 -0.043838 0.10763 0.048073 0.039854 -0.018028 0.41667 0.15322 -0.0053402 0.13277 0.082063 0.14712 -0.076169 0.079828 0.10105 0.066648 0.0018985
0.12597 0.17788 0.050413 0.19582 0.022289 0.068626 0.010411 0.047747 0.13107 0.19395 0.12932 0.039198 0.16196 0.059116 0.06923 0.014655 0.032016 0.095659 -0.02747 0.40059 -0.10029 0.37373 0.028072 0.078634 -0.041772 -0.059704 0.078477 0.041189 0.068801 0.37933 -0.017967 -0.226 0.103 0 0.12075 -0.22219 -0.015716 0.43534 0.53452 0.28362 0.59797 0.21431 0.10297 0.15782 0.32852 0.37741 0.14366 0.34387 -0.078891 -0.023291 0.37445 0.49678 0.020305 0.35384 -0.10627 0.35625 2.0336e-05 0.069513 -0.071296 -0.057159 0.11275 0.034007 0.042975 0.34376 -0.024337 -0.22782 0.13439 0.78593 0.17567 -0.23009 0.055265 0.41587 0.46083 0.33523 0.53858 0.27391 0.09609 0.1411 0.26457 0.31169 0.14334 0.41751 -0.10168 -0.044738 0.32897 0.46515
0.095601 0.10623 0.23592 0.18419 0.07493 -0.024584 0.022274 -0.022423 0.037573 0.23111 0.028452 0.20389 0.15295 0.023887 -0.035469 0.0072392 -0.016582 0.029357 0.48596 0.19738 0.55456 -0.071669 0.064257 0.14069 0.25877 0.44016 -0.22544 0.0036085 0.4283 -0.036785 -0.15857 0.22448 -0.043696 0.12075 0 0.39585 0.84235 0.0039281 0.085356 0.091993 0.35725 -0.091579 -0.10019 0.5627 0.50026 0.29372 0.24716 0.66316 -0.046867 0.013698 0.12077 0.37003 0.26184 0.19796 0.3575 -0.093743 0.024808 0.065982 0.13587 0.20707 -0.28735 -0.0028045 0.29015 -0.041397 -0.18796 0.055249 -0.048638 0.10768 0.6633 0.28408 0.60024 -0.024438 0.082106 0.031408 0.30133 -0.14101 -0.10427 0.24566 0.2681 0.16727 0.18998 0.44118 -0.040485 -0.031514 0.12602 0.32703
-0.065485 -0.068744 -0.0052252 -0.086192 0.0057647 0.034248 0.079531 -0.082975 -0.059934 0.098515 -0.14601 -0.042939 -0.10263 -0.044275 -0.0019296 0.04301 -0.078464 -0.050172 0.1986 -0.21815 0.47257 -0.16718 0.040106 0.056645 0.36622 0.40663 -0.025572 -0.00079249 0.29945 -0.15507 0.083961 0.58315 -0.017828 -0.22219 0.39585 0 0.61221 -0.15394 -0.1444 -0.11816 -0.073642 -0.067662 -0.16023 0.20737 0.22215 -0.069188 0.035058 0.20542 0.15232 0.091661 -0.079061 -0.11741 -0.040175 -0.21861 0.1929 -0.19004 0.042749 0.022778 0.10716 0.18841 -0.19392 0.0008423 0.11522 -0.14902 -0.022943 0.25836 -0.031447 -0.19457 0.087828 0.56097 0.21529 -0.17523 -0.10663 -0.224 -0.09762 -0.27725 -0.23757 -0.1379 -0.10104 -0.13898 -0.0055785 -0.064072 0.12566 0.075801 -0.061393 -0.13137
0.020123 0.0095799 0.14709 0.074196 0.057741 -0.01195 0.073075 -0.072604 -0.011355 0.19153 -0.058904 0.12033 0.058315 -0.0074907 -0.040111 0.049109 -0.057654 -0.00071445 0.53842 0.018504 0.53631 -0.12568 0.068602 0.11 0.2576 0.4671 -0.23688 0.019358 0.47033 -0.071434 -0.092228 0.37696 -0.070078 -0.015716 0.84235 0.61221 0 -0.066971 -0.023822 -0.038174 0.23899 -0.21177 -0.19053 0.42181 0.35077 0.16271 0.24458 0.54812 0.038065 0.042511 0.015323 0.20512 0.26495 -0.016981 0.30307 -0.13957 0.049715 0.04321 0.029209 0.23449 -0.33419 0.01882 0.28573 -0.082564 -0.16273 0.11441 -0.079059 -0.017377 0.50491 0.4749 0.59125 -0.090172 0.0095418 -0.12437 0.16113 -0.30648 -0.21055 0.089512 0.036458 0.062465 0.16785 0.24032 -0.020882 0.0039401 0.041685 0.17054
0.095421 0.22759 0.080278 0.11817 0.045272 0.079212 -0.015644 0.043797 0.17097 0.11872 0.22563 0.07556 0.11089 0.053354 0.059724 -0.049416 0.045147 0.15617 -0.038988 0.2781 -0.12382 0.86797 0.023469 0.25515 0.010297 -0.13495 0.14834 0.31751 0.096493 0.91061 -0.0029987 -0.20463 0.13101 0.43534 0.0039281 -0.15394 -0.066971 0 0.41545 0.22101 0.3623 0.27454 0.1196 0.033859 0.11325 0.55265 0.092041 0.13259 -0.058755 -0.025703 0.31551 0.35913 -0.0047501 0.25932 -0.16916 0.83033 0.00096427 0.27328 -0.05231 -0.078281 0.18807 0.37745 0.076902 0.86555 0.0027836 -0.20768 0.13612 0.40138 0.021605 -0.17712 -0.043648 0.96416 0.44799 0.23034 0.38404 0.31611 0.13642 0.013839 0.071893 0.51446 0.077451 0.25407 -0.066945 -0.051409 0.28494 0.34794
0.055346 0.1348 0.010305 0.18459 0.071915 0.087473 0.049237 0.026247 0.10331 0.26561 0.057312 0.0085838 0.10733 0.060224 0.074313 0.038027 0.0065107 0.078179 0.062112 0.32621 -0.0185 0.31541 0.045049 0.074891 -0.063365 -0.0050373 0.058324 -0.00821 0.042382 0.34156 0.021894 -0.12532 0.060802 0.53452 0.085356 -0.1444 -0.023822 0.41545 0 0.11015 0.88556 0.10533 0.035014 0.071017 0.34496 0.42742 0.2785 0.41008 -0.017027 0.030798 0.49128 0.60745 0.036218 0.28388 -0.16301 0.28829 -0.0028673 0.065479 -0.14965 -0.058603 0.034801 -0.011339 -0.017319 0.30845 -0.011946 -0.20515 0.077971 0.47912 0.061569 -0.21929 -0.096863 0.38122 0.88428 0.13732 0.77678 0.10438 0.0059845 -0.041722 0.16593 0.33248 0.23358 0.38622 -0.097806 -0.02672 0.40001 0.50017
0.37373 0.33197 0.20637 0.21764 0.091707 0.096292 -0.12338 0.06996 0.19533 0.31611 0.34455 0.22875 0.22515 0.090117 0.079152 -0.10815 0.064439 0.18581 -0.11631 0.41454 0.1103 0.063097 0.041199 -0.069975 0.19633 0.031171 0.40165 0.021092 0.25998 0.090437 -0.024752 -0.10068 0.060562 0.28362 0.091993 -0.11816 -0.038174 0.22101 0.11015 0 0.098738 0.52752 0.36077 0.44305 0.28144 0.1643 -0.09938 0.36382 -0.081299 -0.055433 0.1916 0.3487 -0.066146 0.38253 0.18607 0.076884 0.045764 -0.077405 0.26146 0.065578 0.41427 0.018521 0.24923 0.045662 0.092042 0.0059872 0.028457 0.22941 0.19794 -0.062222 0.11333 0.24468 0.092126 0.69114 0.12578 0.5143 0.33675 0.45603 0.34808 0.067084 -0.061172 0.3902 -0.081928 -0.089961 0.18846 0.36536
0.077006 0.11906 0.081134 0.28127 0.087993 0.058214 0.064114 0.018407 0.077593 0.28443 0.066313 0.066247 0.21475 0.065921 0.059541 0.070091 -0.0044677 0.06428 0.16179 0.39968 0.12586 0.28695 0.053432 0.12336 -0.08472 0.11843 -0.12074 0.050387 0.13392 0.28486 -0.060248 -0.14137 -0.022141 0.59797 0.35725 -0.073642 0.23899 0.3623 0.88556 0.098738 0 -0.063577 -0.014789 0.15946 0.50829 0.50401 0.28764 0.54159 -0.055715 0.008219 0.41993 0.63785 0.12824 0.35197 -0.06333 0.25561 -0.0025371 0.10295 -0.19595 0.0045673 -0.13261 0.055858 0.077303 0.26602 -0.10381 -0.2414 0.031315 0.56763 0.30435 -0.17813 0.084243 0.33084 0.81155 0.13375 0.90623 -0.013387 -0.030034 0.035172 0.29318 0.43712 0.24101 0.48046 -0.12259 -0.04055 0.33331 0.55194
0.17456 0.1866 0.075712 0.031574 0.010183 0.27319 -0.030049 0.038804 0.15113 0.22141 0.18602 0.052744 0.013899 0.037544 0.25861 -0.024383 0.06787 0.15122 -0.062695 0.085446 0.31203 0.27404 0.045086 0.094069 0.67891 -0.015909 0.80446 -0.024964 0.091602 0.24102 0.38904 0.24846 0.44482 0.21431 -0.091579 -0.067662 -0.21177 0.27454 0.10533 0.52752 -0.063577 0 0.42752 0.30937 0.36752 0.15557 0.040565 0.079068 0.12742 0.047989 0.12507 0.055117 -0.037629 0.065193 0.20906 0.23835 0.054778 0.08418 0.52671 -0.0096053 0.76744 0.040922 -0.0035891 0.22388 0.3903 0.31972 0.36513 0.16498 -0.19139 -0.093979 -0.20578 0.28447 0.096907 0.3966 -0.06228 0.91201 0.34053 0.14973 0.31731 0.011666 0.07262 0.0041543 0.15223 0.071641 0.1308 0.021998
0.086569 0.15526 0.17026 0.13074 0.05849 0.22931 0.0052753 0.11766 0.13288 0.082085 0.18174 0.16732 0.11321 0.056943 0.23714 0.012027 0.12344 0.13026 -0.13291 0.28209 -0.037274 0.069754 0.061204 0.039947 0.10753 -0.073603 0.45826 0.072601 0.21247 0.076883 0.39083 -0.0086049 0.20971 0.10297 -0.10019 -0.16023 -0.19053 0.1196 0.035014 0.36077 -0.014789 0.42752 0 0.053085 0.3485 -0.03317 0.03963 -0.04948 0.04431 0.042751 0.15617 0.18626 -0.085343 0.2617 -0.05576 0.062223 0.045259 0.027871 0.055883 -0.046812 0.42651 0.082297 0.14619 0.055368 0.41671 0.070925 0.15365 0.088257 -0.094109 -0.17927 -0.097697 0.11792 0.027341 0.30534 -0.0020623 0.37798 0.57345 0.036081 0.3227 -0.07992 0.071884 -0.0050711 0.029908 0.046605 0.13874 0.17996
0.37735 0.20936 0.25813 0.16633 0.074234 0.00068448 -0.1328 -0.0025605 0.10339 0.45723 0.19539 0.23771 0.14407 0.047996 -0.022478 -0.11429 -0.011884 0.12226 -0.0068917 0.26518 0.69319 -0.030457 0.041623 -0.021172 0.52373 0.40138 0.085853 -0.085269 0.43869 -0.021172 -0.21519 0.012283 0.065214 0.15782 0.5627 0.20737 0.42181 0.033859 0.071017 0.44305 0.15946 0.30937 0.053085 0 0.45175 0.41955 -0.12762 0.66722 -0.13103 -0.09495 0.077748 0.26312 0.0013098 0.23075 0.56587 -0.049069 0.035325 -0.059859 0.46179 0.23375 0.041175 -0.077303 0.29415 -0.045278 -0.13629 0.062967 0.019121 0.12587 0.46242 0.21511 0.32183 0.040242 0.019547 0.38222 0.12884 0.29582 0.043026 0.71623 0.29995 0.216 -0.088209 0.46932 -0.083748 -0.13685 0.079593 0.2137
0.032468 0.15999 0.19235 0.16926 0.06891 0.18385 0.069822 0.01076 0.07657 0.27476 0.074154 0.11269 0.12604 0.04995 0.16896 0.048628 0.018388 0.081372 0.18237 0.32335 0.40406 0.090474 0.074236 0.096988 0.35865 0.2365 0.25717 -0.012949 0.29593 0.079838 0.25492 0.34882 0.14907 0.32852 0.50026 0.22215 0.35077 0.11325 0.34496 0.28144 0.50829 0.36752 0.3485 0.45175 0 0.30723 0.18623 0.49589 0.10983 0.062549 0.20156 0.32186 0.020354 0.24547 0.131 0.040236 0.045951 0.056494 0.060946 0.09463 0.11348 0.010272 0.058471 0.071057 0.12978 0.10942 0.12677 0.32433 0.17932 -0.031146 0.051443 0.086988 0.29591 0.15425 0.41884 0.15111 0.16938 0.035569 0.52084 0.17406 0.17561 0.23565 0.08476 0.047559 0.1828 0.26271
0.17094 0.11538 0.050383 0.10484 0.0085962 0.07466 0.025625 0.0054423 0.05199 0.24175 0.07672 0.066489 0.090809 0.014814 0.068998 0.0318 0.0019486 0.056306 0.088073 0.25459 0.38345 0.62345 0.08611 0.47899 0.38419 0.36013 -0.020157 0.28119 0.18868 0.64898 -0.089755 -0.11484 0.13482 0.37741 0.29372 -0.069188 0.16271 0.55265 0.42742 0.1643 0.50401 0.15557 -0.03317 0.41955 0.30723 0 0.078144 0.49562 -0.061963 -0.016791 0.17066 0.36048 0.088818 0.2421 0.19118 0.58378 0.040674 0.43521 0.21738 0.29587 0.02635 0.23895 0.12144 0.64961 -0.08283 -0.1261 0.14179 0.34408 0.30264 -0.097566 0.14833 0.53921 0.3719 0.18617 0.45726 0.25216 -0.014022 0.24525 0.17386 0.93206 0.034363 0.42287 -0.065415 -0.042576 0.14705 0.30745
-0.1839 -0.11703 -0.071502 -0.032673 0.0069481 0.22931 0.24004 0.0064055 -3.6666e-05 -0.13157 -0.17233 -0.10168 -0.05699 -0.019625 0.21826 0.21041 0.010797 0.0097174 0.74273 0.035355 0.076714 0.17512 0.11212 0.35146 0.11919 0.18745 0.016393 0.16482 0.075201 0.20659 0.20424 0.41542 0.1588 0.14366 0.24716 0.035058 0.24458 0.092041 0.2785 -0.09938 0.28764 0.040565 0.03963 -0.12762 0.18623 0.078144 0 0.101 0.081657 0.2333 0.56795 0.30166 0.59979 0.032317 -0.070232 0.13765 0.073045 0.33178 -0.03269 0.09535 -0.039184 0.14977 0.021 0.19632 0.12987 0.23791 0.16125 0.17856 0.10116 -0.034804 0.075578 0.028659 0.31645 -0.11287 0.28771 0.0079578 0.041204 -0.19775 0.075254 0.10147 0.84984 0.027205 0.048249 0.21442 0.46167 0.24266
0.36395 0.22687 0.18851 0.24858 0.10915 -0.063738 -0.063656 0.0019166 0.11834 0.39853 0.2159 0.18875 0.22439 0.082594 -0.079152 -0.06605 -0.026427 0.1402 0.23167 0.36441 0.46221 0.0068536 0.061491 -0.00034363 0.25961 0.43049 -0.14614 -0.11408 0.40117 0.046574 -0.28719 0.1134 -0.056807 0.34387 0.66316 0.20542 0.54812 0.13259 0.41008 0.36382 0.54159 0.079068 -0.04948 0.66722 0.49589 0.49562 0.101 0 -0.084537 -0.040452 0.28529 0.57126 0.21435 0.36488 0.4111 -0.0011875 0.021718 -0.063215 0.31128 0.28629 -0.13874 -0.095461 0.32499 0.021397 -0.2481 0.12798 -0.053875 0.28863 0.62241 0.24405 0.49993 0.12967 0.30697 0.33741 0.47179 0.14063 -0.016659 0.51567 0.4328 0.35287 0.0938 0.81716 -0.052483 -0.082089 0.22247 0.50756
-0.10621 -0.049198 -0.055575 -0.075471 -0.028497 0.056845 0.045131 -0.0060804 -0.032699 -0.029657 -0.089424 -0.088561 -0.089653 -0.042149 0.041307 0.040478 -0.014181 -0.035977 0.12249 -0.13335 0.026968 -0.030229 0.032973 0.069555 0.15207 0.02618 0.13172 0.011969 -0.036982 -0.020687 0.26693 0.31285 0.0535 -0.078891 -0.046867 0.15232 0.038065 -0.058755 -0.017027 -0.081299 -0.055715 0.12742 0.04431 -0.13103 0.10983 -0.061963 0.081657 -0.084537 0 0.093512 -0.073167 -0.13012 0.03346 -0.14765 -0.097447 -0.027226 0.0078902 0.058974 -0.012037 0.014987 0.062451 0.025769 -0.098924 -0.016963 0.14376 0.20474 0.031288 -0.060217 -0.17129 0.058807 -0.11893 -0.055847 0.0011251 -0.16369 -0.07968 0.0023205 -0.013964 -0.25813 -0.017585 -0.045558 0.064494 -0.18969 0.20916 0.090305 -0.040037 -0.15055
-0.066032 -0.056469 -0.047773 -0.019781 -0.020391 0.15355 0.1359 0.0014045 -0.01585 -0.0041747 -0.07647 -0.068022 -0.046289 -0.012775 0.13286 0.10836 -0.013167 0.02842 0.15637 -0.042845 0.01333 0.01415 0.10394 0.15429 0.11211 0.12833 0.051854 0.052196 0.054737 0.010685 0.18222 0.28616 0.095461 -0.023291 0.013698 0.091661 0.042511 -0.025703 0.030798 -0.055433 0.008219 0.047989 0.042751 -0.09495 0.062549 -0.016791 0.2333 -0.040452 0.093512 0 0.035137 0.02726 0.08809 -0.064948 -0.055011 0.0018809 0.038773 0.12616 0.019312 0.096181 0.032643 0.046934 -0.025314 0.027459 0.13496 0.21531 0.066766 -0.021168 -0.040854 0.028903 -0.023877 -0.037201 0.017666 -0.096779 -0.014609 0.0081418 0.0063199 -0.15153 0.027972 -0.01845 0.19605 -0.087196 0.1025 0.17111 0.017476 0.0062457
0.028924 0.16398 0.070067 0.12523 0.060981 0.11927 0.018544 0.045839 0.12422 0.032121 0.16438 0.062241 0.11319 0.070958 0.095744 0.020408 0.040938 0.16291 0.18173 0.28317 -0.018574 0.19515 0.051017 0.10905 0.0048726 -0.0086464 0.12582 0.1111 0.12752 0.26587 0.035246 -0.073776 0.096588 0.37445 0.12077 -0.079061 0.015323 0.31551 0.49128 0.1916 0.41993 0.12507 0.15617 0.077748 0.20156 0.17066 0.56795 0.28529 -0.073167 0.035137 0 0.49754 0.2494 0.28715 -0.00036431 0.19914 0.038039 0.12095 0.015554 -0.016047 0.1082 0.10119 0.13176 0.23756 0.061521 -0.052744 0.11009 0.3623 0.17627 -0.078819 0.083635 0.28702 0.4559 0.23101 0.41373 0.17142 0.1658 0.072409 0.20882 0.16175 0.54554 0.35707 -0.042302 -0.0022275 0.64985 0.45583
0.22809 0.28422 0.18326 0.34981 0.14472 0.086605 0.02914 0.088598 0.18439 0.23335 0.27706 0.19029 0.31577 0.12185 0.082653 0.028153 0.061917 0.19109 0.1305 0.56248 -0.041607 0.22596 0.10157 0.12669 -0.074074 0.087098 -0.027869 0.10229 0.33083 0.26946 -0.070696 -0.19753 0.045254 0.49678 0.37003 -0.11741 0.20512 0.35913 0.60745 0.3487 0.63785 0.055117 0.18626 0.26312 0.32186 0.36048 0.30166 0.57126 -0.13012 0.02726 0.49754 0 0.18728 0.53645 0.0017592 0.22338 0.052973 0.085179 -0.029944 0.062102 0.012169 0.10264 0.32154 0.237 -0.035648 -0.14877 0.057124 0.4652 0.48738 -0.084919 0.32794 0.35102 0.53195 0.39973 0.60826 0.1657 0.20902 0.26392 0.35437 0.31138 0.28057 0.64175 -0.12124 -0.034143 0.40909 0.76887
-0.028348 -0.11635 -0.028786 -0.011189 -0.0037077 0.037122 0.095061 -0.019544 -0.031834 -0.14008 -0.13701 -0.024848 0.013039 -0.014325 0.041706 0.10784 -0.010913 -0.0057243 0.66067 0.039351 0.025709 0.091402 0.021876 0.2665 0.047891 0.13471 -0.15204 0.16043 0.086431 0.09337 -0.041785 0.23065 0.045981 0.020305 0.26184 -0.040175 0.26495 -0.0047501 0.036218 -0.066146 0.12824 -0.037629 -0.085343 0.0013098 0.020354 0.088818 0.59979 0.21435 0.03346 0.08809 0.2494 0.18728 0 0.04859 0.17084 0.094957 0.037479 0.29167 0.17325 0.20563 -0.14554 0.11045 0.12394 0.094546 -0.028657 0.40022 0.050216 0.038402 0.40834 0.14325 0.44725 -0.036243 0.083821 -0.028394 0.1899 0.034852 -0.03418 0.043466 0.2234 0.089118 0.7183 0.21983 0.050067 0.16252 0.21321 0.17658
