0 0.33021 0.2671 0.28002 0.08664 -0.0091384 -0.090449 0.059374 0.20696 0.72079 0.41023 0.35673 0.29498 0.11327 0.00075454 -0.095416 0.04101 0.26282 -0.15054 0.23352 0.066127 -0.021736 0.022578 -0.055977 0.062817 0.13764 0.088947 0.02637 0.18721 -7.1093e-05 -0.15838 -0.11454 0.011512 0.12956 0.091443 -0.064572 0.015256 0.11263 0.068758 0.36152 0.082954 0.18182 0.089332 0.36219 0.032663 0.18417 -0.17695 0.35181 -0.10454 -0.063383 0.031828 0.22783 -0.034674 0.27516 0.41646 -0.018194 0.034308 -0.07795 0.36858 0.24975 0.18623 0.0040537 0.32003 -0.032355 -0.033834 0.12288 0.022276 0.14427 0.39058 0.19387 0.29582 0.13287 0.072072 0.44816 0.18824 0.31241 0.17094 0.59177 0.38965 0.19702 -0.12388 0.53009 -0.0088842 -0.084378 0.048815 0.27915
0.33021 0 0.24683 0.26887 0.11238 0.014672 -0.078741 0.072128 0.22161 0.34752 0.48986 0.26293 0.25421 0.097735 -0.0022901 -0.095673 0.055338 0.21064 -0.10688 0.25664 0.045323 0.093419 0.018901 -0.052258 0.063752 0.043163 0.14125 0.078914 0.14223 0.13161 -0.033327 -0.1096 0.013316 0.17855 0.1079 -0.068419 0.0075163 0.23114 0.13745 0.33145 0.11957 0.19202 0.15753 0.2124 0.15961 0.12748 -0.11247 0.23043 -0.049387 -0.05512 0.16538 0.28539 -0.1187 0.25046 0.064088 0.091868 0.015213 -0.0747 0.067782 -0.0039138 0.13366 0.071375 0.12894 0.088701 -0.014923 -0.091326 -0.01493 0.11135 0.15357 -0.03354 0.072249 0.26509 0.085673 0.31194 0.098189 0.18609 0.14813 0.18571 0.16238 0.065569 -0.12011 0.22128 -0.053367 -0.074111 0.15356 0.25995
0.2671 0.24683 0 0.3951 0.10566 0.035334 -0.020001 0.14858 0.14285 0.28665 0.27111 0.58088 0.38193 0.067466 0.032262 -0.030514 0.11865 0.15395 -0.031157 0.20126 0.11883 0.0054678 0.011376 -0.037342 0.032879 0.049053 0.08261 0.007744 0.1917 0.026154 -0.0084105 -0.071834 -0.025401 0.053492 0.22585 -0.012823 0.13534 0.092897 0.0094697 0.20149 0.079097 0.085832 0.17154 0.2484 0.19442 0.060668 -0.073204 0.18305 -0.053424 -0.047651 0.069955 0.18337 -0.028698 0.17446 0.11247 -0.01075 0.034328 -0.061215 0.031174 0.025569 0.068147 0.011173 0.16342 -0.0040143 0.0014852 -0.07598 -0.015794 0.028068 0.19638 -0.022842 0.13672 0.10272 -0.012879 0.19976 0.087384 0.078311 0.12332 0.17434 0.15526 0.0081798 -0.068529 0.17735 -0.063641 -0.054464 0.080658 0.1738
0.28002 0.26887 0.3951 0 0.19835 0.012007 -0.0078703 0.11043 0.14011 0.25942 0.27823 0.37874 0.64689 0.12481 0.0085093 -0.014306 0.096578 0.14836 -0.052093 0.29536 -0.030395 0.036008 0.010713 -0.021103 -0.087682 0.013941 0.0084503 0.025135 0.14767 0.04859 -0.029803 -0.15788 -0.020441 0.19608 0.1739 -0.092429 0.062155 0.12748 0.18377 0.21199 0.27499 0.037963 0.1296 0.15566 0.15968 0.11602 -0.027556 0.24452 -0.070857 -0.019825 0.12677 0.34571 -0.017662 0.2799 0.017664 0.037807 0.011313 -0.036227 -0.04278 -0.01343 0.025995 0.027756 0.15314 0.029112 -0.022664 -0.13066 0.0085919 0.157 0.25702 -0.059644 0.15226 0.14575 0.11844 0.24843 0.26227 0.079827 0.13501 0.17857 0.18237 0.089602 -0.040663 0.3041 -0.066984 -0.057701 0.12394 0.34575
0.08664 0.11238 0.10566 0.19835 0 -0.0038279 -0.021117 0.021203 0.056414 0.097311 0.10356 0.11548 0.17125 0.044845 -0.0036789 -0.027664 0.023285 0.062162 -0.015337 0.10641 0.0010421 0.0037253 0.01018 -0.011535 -0.017409 0.0040725 -0.0063991 -0.0091736 0.071193 0.007701 -0.02775 -0.034069 -0.0093907 0.024288 0.070896 0.004878 0.052754 0.051613 0.071645 0.091189 0.088414 0.010733 0.056516 0.072057 0.06551 0.014892 0.0053961 0.10783 -0.028784 -0.020644 0.062185 0.1423 -0.0083907 0.11111 -0.015651 -0.0028795 -0.013424 -0.032741 -0.034204 -0.011715 -0.0029507 -0.0027983 0.06393 -0.0062227 -0.020432 -0.044729 -0.0179 0.029317 0.085565 -0.0071981 0.06449 0.053736 0.053963 0.077844 0.078857 0.0015771 0.027931 0.045205 0.051165 -0.0075626 -0.011053 0.10471 -0.040996 -0.025435 0.045661 0.13027
-0.0091384 0.014672 0.035334 0.012007 -0.0038279 0 0.16465 0.02235 0.086982 0.055975 -0.0017216 0.024013 0.0029859 -0.016699 0.435 0.16712 0.03955 0.069849 0.066961 0.043927 0.14737 0.10074 0.13413 0.22041 0.24457 0.12615 0.34074 0.12463 0.087527 0.12572 0.29737 0.20681 0.27451 0.071908 -0.031406 0.02304 -0.021228 0.088311 0.089774 0.098797 0.056134 0.27198 0.22789 -0.00012903 0.17577 0.082354 0.21778 -0.069431 0.056198 0.14979 0.11837 0.082834 0.032762 0.027041 0.012598 0.078276 0.088796 0.21194 0.12834 0.089336 0.28731 0.1295 0.01728 0.1141 0.27296 0.13715 0.23415 0.067705 -0.11031 -0.048441 -0.089115 0.064051 0.095739 0.039486 0.050476 0.2256 0.15509 -0.087158 0.079096 0.046426 0.18561 -0.10271 0.051327 0.12116 0.101 0.052166
-0.090449 -0.078741 -0.020001 -0.0078703 -0.021117 0.16465 0 -0.0094742 -0.0076239 -0.042323 -0.10418 -0.044501 -0.027442 -0.02416 0.17192 0.25137 -0.010883 -0.031747 0.15225 -0.039133 0.046183 0.02669 0.073454 0.17809 0.067469 0.13058 0.0019834 0.06481 0.014932 0.037282 0.16463 0.1657 0.069385 0.014939 0.022087 0.076974 0.070357 -0.014419 0.05263 -0.12168 0.068801 -0.033568 -0.0011162 -0.12816 0.060291 0.029813 0.23448 -0.061274 0.046533 0.13286 0.015755 0.027751 0.092973 -0.050499 -0.062493 0.0171 0.025676 0.1564 -0.033599 0.073788 -0.029414 0.054602 -0.022809 0.034266 0.088877 0.08744 0.056048 0.019879 -0.056892 -0.018133 -0.026582 -0.034181 0.055866 -0.13682 0.068275 -0.05776 -0.022343 -0.18832 -0.020761 0.035661 0.1888 -0.12218 0.029244 0.11019 0.0019697 -0.003963
0.059374 0.072128 0.14858 0.11043 0.021203 0.02235 -0.0094742 0 0.054454 0.039025 0.075163 0.13063 0.1069 0.015383 0.035006 0.0029129 0.10902 0.066129 -0.033806 0.091983 -0.058664 0.025726 -3.5995e-05 -0.0088887 -0.045161 -0.02309 0.055482 0.01943 0.02484 0.013624 0.067065 -0.059196 0.023247 0.047663 -0.026027 -0.084339 -0.074559 0.049398 0.023469 0.070226 0.015875 0.045588 0.12007 -0.0011547 0.011063 0.010178 0.0047872 0.00089965 -0.0043464 0.00081749 0.045296 0.087275 -0.020467 0.075068 -0.039923 0.027523 -0.0027649 -0.00017644 -0.022756 0.0041162 0.06892 0.03346 0.032428 0.0063012 0.064875 -0.041366 0.010991 0.046544 0.001433 -0.08644 -0.014231 0.056291 0.015141 0.078479 0.036406 0.058317 0.10038 0.019079 0.032452 0.0098187 0.01368 0.056682 -0.017527 0.0024353 0.057651 0.090754
0.20696 0.22161 0.14285 0.14011 0.056414 0.086982 -0.0076239 0.054454 0 0.22004 0.22921 0.13108 0.1346 0.047859 0.071788 -0.021082 0.051654 0.19876 -0.046094 0.16258 0.0080395 0.067508 0.017564 0.004135 0.031628 0.0089124 0.12711 0.022849 0.076875 0.096432 0.020494 -0.053148 0.065343 0.12363 0.035345 -0.060207 -0.014711 0.1709 0.098019 0.18964 0.074328 0.15177 0.13386 0.10049 0.075075 0.05633 -0.0025896 0.11295 -0.029254 -0.019673 0.12248 0.18063 -0.033698 0.17011 0.044518 0.061029 0.028853 -0.012875 0.058905 0.018535 0.14573 0.016037 0.089915 0.084214 0.058824 -0.01285 0.03461 0.077828 0.083801 -0.032391 0.037518 0.17748 0.075418 0.18375 0.069321 0.17262 0.13637 0.10645 0.12214 0.022986 -0.0015909 0.14935 -0.037973 -0.0051487 0.12332 0.17309
0.72079 0.34752 0.28665 0.25942 0.097311 0.055975 -0.042323 0.039025 0.22004 0 0.31949 0.2825 0.21916 0.099038 0.048293 -0.054345 0.031682 0.22945 -0.068311 0.22815 0.26318 0.0080689 0.048392 -0.080479 0.21477 0.22959 0.14178 -0.057496 0.20335 0.011928 -0.023546 0.048496 0.040541 0.19637 0.22783 0.094077 0.18922 0.12656 0.26382 0.30842 0.27765 0.23038 0.080225 0.45464 0.27122 0.25392 -0.12905 0.39086 -0.02378 -0.0058831 0.036417 0.22828 -0.1449 0.17101 0.13559 -0.0014668 0.026535 -0.095005 0.12014 0.1254 0.096912 -0.031003 0.10157 0.002579 -0.02592 0.0016796 0.024714 0.1353 0.14884 0.037854 0.051853 0.14403 0.15181 0.26281 0.17207 0.14606 0.050468 0.23906 0.090353 0.093617 -0.10888 0.33263 -0.046079 -0.06051 0.05389 0.19312
0.41023 0.48986 0.27111 0.27823 0.10356 -0.0017216 -0.10418 0.075163 0.22921 0.31949 0 0.32414 0.30321 0.11126 -0.010519 -0.10918 0.094826 0.25235 -0.18765 0.28694 -0.016246 0.074497 0.01513 -0.069617 0.012464 -0.020323 0.14347 0.065759 0.12318 0.11224 -0.063489 -0.18976 0.011853 0.12918 0.026643 -0.1458 -0.063843 0.23626 0.060618 0.34347 0.068392 0.19423 0.18528 0.19094 0.075166 0.090981 -0.16649 0.21515 -0.089439 -0.075679 0.16583 0.27707 -0.14073 0.29935 0.15136 0.083979 0.0063088 -0.097755 0.15131 -0.0012067 0.19742 0.040745 0.18509 0.072205 -0.0065309 -0.066135 0.0047704 0.13809 0.23474 -0.0070018 0.14644 0.27578 0.043511 0.39567 0.11096 0.26468 0.20334 0.30578 0.26274 0.070175 -0.13922 0.30942 -0.040393 -0.10283 0.16892 0.30039
0.35673 0.26293 0.58088 0.37874 0.11548 0.024013 -0.044501 0.13063 0.13108 0.2825 0.32414 0 0.40821 0.085446 0.027274 -0.02997 0.14592 0.15445 -0.071609 0.20781 0.065748 -0.021781 -0.0068733 -0.055431 0.0011052 0.030048 0.081612 0.017878 0.18539 0.0039401 -0.048061 -0.13394 -0.031209 0.040522 0.1936 -0.04828 0.11157 0.091097 0.0078684 0.2239 0.065146 0.065512 0.17067 0.22528 0.11598 0.076854 -0.098669 0.18263 -0.084364 -0.066949 0.064145 0.19008 -0.02532 0.23548 0.18413 -0.047333 0.021903 -0.074485 0.084904 0.058561 0.087716 -0.0031817 0.23436 -0.025528 3.5406e-05 -0.050105 0.0054605 0.043914 0.2797 0.049697 0.22743 0.1005 -0.04154 0.26617 0.083893 0.11964 0.18295 0.28035 0.22684 0.031664 -0.088824 0.24167 -0.056613 -0.054151 0.059028 0.21599
0.29498 0.25421 0.38193 0.64689 0.17125 0.0029859 -0.027442 0.1069 0.1346 0.21916 0.30321 0.40821 0 0.14447 0.0093565 -0.0065269 0.11812 0.15838 -0.055944 0.26949 -0.035235 0.033207 0.015356 -0.025472 -0.088674 0.0011059 -0.0029003 0.04804 0.13561 0.04282 -0.066133 -0.16394 -0.020811 0.16389 0.14449 -0.10695 0.048595 0.1248 0.10853 0.21978 0.21117 0.023696 0.11498 0.13319 0.12062 0.10131 -0.051637 0.22211 -0.08613 -0.045609 0.11689 0.3137 0.0052569 0.28504 0.030666 0.026725 0.014276 -0.024001 -0.030123 0.028618 0.014694 0.042478 0.18751 0.023343 -0.034715 -0.11519 -0.0023542 0.15461 0.28423 -0.04137 0.18513 0.14394 0.10926 0.25255 0.28018 0.079832 0.13299 0.19903 0.19176 0.092743 -0.012921 0.31633 -0.087594 -0.048652 0.12151 0.37181
0.11327 0.097735 0.067466 0.12481 0.044845 -0.016699 -0.02416 0.015383 0.047859 0.099038 0.11126 0.085446 0.14447 0 -0.0099979 -0.027471 0.0060818 0.094022 -0.023485 0.13211 -0.039788 0.017187 0.01081 -0.021434 -0.027003 -0.019719 0.012482 -0.010077 0.031425 0.018292 -0.03072 -0.05735 0.00089843 0.060726 0.023791 -0.04419 -0.009022 0.059161 0.062151 0.087234 0.066556 0.039542 0.058309 0.042639 0.049365 0.017562 -0.01785 0.081462 -0.040776 -0.012164 0.073198 0.12103 -0.015794 0.10612 0.0046197 0.017346 0.0018913 -0.022722 -0.00072896 -0.011097 0.028649 -0.011507 0.030847 0.020255 -0.0086821 -0.030052 -0.0051304 0.071227 0.078934 -0.033537 0.05777 0.073482 0.067204 0.090629 0.087401 0.050418 0.072366 0.067309 0.092873 0.0057187 -0.014236 0.11854 -0.026997 -0.026495 0.063366 0.13505
0.00075454 -0.0022901 0.032262 0.0085093 -0.0036789 0.435 0.17192 0.035006 0.071788 0.048293 -0.010519 0.027274 0.0093565 -0.0099979 0 0.21315 0.042583 0.067819 0.048907 0.040942 0.13217 0.085871 0.1083 0.22875 0.22597 0.1277 0.32271 0.12113 0.092809 0.10454 0.30463 0.1744 0.27296 0.071789 -0.037954 -0.010879 -0.046639 0.070451 0.076907 0.083541 0.057805 0.2585 0.23847 -0.021222 0.16111 0.074711 0.21284 -0.084195 0.044333 0.1302 0.09985 0.084392 0.038555 0.044382 0.060547 0.074375 0.10142 0.22445 0.1583 0.13096 0.30059 0.10782 0.061164 0.097867 0.26779 0.15693 0.27552 0.060684 -0.079284 -0.044941 -0.068537 0.059062 0.10362 0.06586 0.051075 0.2481 0.17753 -0.059743 0.10728 0.065523 0.20587 -0.07949 0.033526 0.1399 0.10165 0.080236
-0.095416 -0.095673 -0.030514 -0.014306 -0.027664 0.16712 0.25137 0.0029129 -0.021082 -0.054345 -0.10918 -0.02997 -0.0065269 -0.027471 0.21315 0 0.016018 -0.0063241 0.11523 -0.032843 0.041011 0.025307 0.072584 0.16821 0.04453 0.11715 -0.0068035 0.020996 0.016765 0.031759 0.13517 0.12325 0.094877 0.017237 0.0072576 0.040475 0.045555 -0.050075 0.040089 -0.10647 0.070092 -0.027714 0.0060427 -0.1098 0.042578 0.032997 0.2041 -0.065364 0.040817 0.10655 0.014712 0.02942 0.10509 -0.034843 -0.021748 0.014523 0.040491 0.17643 -0.0073502 0.11609 -0.025873 0.017493 0.0012801 0.026352 0.099333 0.088962 0.10032 0.021265 -0.017911 -0.010416 0.012238 -0.061529 0.056781 -0.12434 0.075605 -0.045801 -0.026191 -0.1408 -0.008282 0.041366 0.21182 -0.082526 0.027799 0.13301 0.0034814 0.025198
0.04101 0.055338 0.11865 0.096578 0.023285 0.03955 -0.010883 0.10902 0.051654 0.031682 0.094826 0.14592 0.11812 0.0060818 0.042583 0.016018 0 0.069792 -0.023592 0.090429 -0.049124 0.030577 0.016361 -0.0050725 -0.017725 -0.035659 0.079504 0.031671 0.017801 0.032271 0.057126 -0.065879 0.010014 0.031988 -0.021429 -0.078415 -0.060749 0.047758 0.0060539 0.06541 -0.0046932 0.072643 0.12362 -0.013588 0.018991 0.0038114 0.011937 -0.028409 -0.014128 -0.014658 0.041419 0.060866 -0.01242 0.077214 -0.036788 0.031578 0.0084405 0.017777 -0.020292 -0.014622 0.070178 0.027115 0.024482 0.021939 0.04955 -0.036363 0.023779 0.037124 -0.011286 -0.10268 -0.024682 0.051221 -0.0031821 0.072541 0.0015999 0.073654 0.11558 0.016509 0.01696 0.0043437 0.022249 0.018107 -0.01617 -0.0030948 0.047084 0.07123
0.26282 0.21064 0.15395 0.14836 0.062162 0.069849 -0.031747 0.066129 0.19876 0.22945 0.25235 0.15445 0.15838 0.094022 0.067819 -0.0063241 0.069792 0 -0.059205 0.16444 0.037891 0.052855 0.038931 0.01155 0.06143 0.031033 0.12108 0.02505 0.090568 0.091768 0.014782 -0.026531 0.070999 0.098202 0.02572 -0.05272 -0.0072883 0.16421 0.080437 0.18472 0.064968 0.15746 0.13356 0.11477 0.081163 0.061327 0.0094149 0.13373 -0.035701 0.02708 0.16571 0.19018 -0.0076477 0.18046 0.10365 0.063835 0.025614 0.0097004 0.11185 0.039751 0.14974 0.027105 0.11701 0.080669 0.065509 0.021676 0.057463 0.11515 0.11741 0.013667 0.083153 0.18193 0.074252 0.20114 0.085878 0.1938 0.14184 0.1517 0.1663 0.054788 0.022346 0.17227 0.0014675 0.0012347 0.13614 0.21344
-0.15054 -0.10688 -0.031157 -0.052093 -0.015337 0.066961 0.15225 -0.033806 -0.046094 -0.068311 -0.18765 -0.071609 -0.055944 -0.023485 0.048907 0.11523 -0.023592 -0.059205 0 -0.037796 0.22729 0.037412 0.042712 0.26035 0.19414 0.27111 -0.17068 0.07645 0.077394 0.070037 0.01347 0.56012 0.0020404 -0.015782 0.50252 0.21857 0.55311 -0.036127 0.065527 -0.10119 0.17265 -0.069651 -0.13851 0.016529 0.18782 0.090102 0.73054 0.2503 0.11413 0.15525 0.16911 0.13055 0.66049 -0.042708 0.044274 0.020567 0.020584 0.21714 0.025702 0.18941 -0.20795 0.079123 0.015888 0.061236 -0.06141 0.32548 0.023351 0.00027319 0.24122 0.15985 0.27335 -0.073058 0.10553 -0.16525 0.13117 -0.13832 -0.12086 -0.091898 0.031951 0.06077 0.61568 0.057434 0.058248 0.1636 0.16915 0.096474
0.23352 0.25664 0.20126 0.29536 0.10641 0.043927 -0.039133 0.091983 0.16258 0.22815 0.28694 0.20781 0.26949 0.13211 0.040942 -0.032843 0.090429 0.16444 -0.037796 0 -0.11073 0.17524 0.051594 0.025135 -0.1134 -0.015725 0.01177 0.036297 0.20994 0.19736 -0.09063 -0.27421 0.011579 0.39794 0.19817 -0.21937 0.010337 0.28835 0.32774 0.41576 0.39949 0.096151 0.28203 0.25823 0.3152 0.27079 0.046234 0.37346 -0.13063 -0.043989 0.28686 0.5623 0.025103 0.58281 -0.097554 0.18929 0.0085805 0.010846 -0.099153 0.0098709 0.061716 0.041819 0.18744 0.16945 -0.037033 -0.23812 0.029983 0.37502 0.30065 -0.23633 0.12188 0.28969 0.28061 0.44039 0.39784 0.16674 0.27932 0.24851 0.29479 0.22277 0.049513 0.46765 -0.1582 -0.081642 0.2396 0.55511
0.066127 0.045323 0.11883 -0.030395 0.0010421 0.14737 0.046183 -0.058664 0.0080395 0.26318 -0.016246 0.065748 -0.035235 -0.039788 0.13217 0.041011 -0.049124 0.037891 0.22729 -0.11073 0 -0.14281 0.067466 0.18285 0.71973 0.56077 0.19903 -0.06412 0.27631 -0.091019 0.1092 0.47909 0.16332 -0.089556 0.54687 0.46356 0.53608 -0.12493 -0.016761 0.11043 0.11967 0.31639 -0.045965 0.70173 0.40668 0.38118 0.063517 0.45416 0.025747 0.0082578 -0.013835 -0.041663 0.030924 -0.11211 0.65754 -0.19415 0.061304 0.10256 0.52748 0.30257 0.064397 -0.03122 0.096431 -0.088715 0.052585 0.30835 0.11809 -0.077328 0.25875 0.36735 0.19981 -0.13195 -0.006396 -0.0073065 0.045396 0.15833 -0.1168 0.28663 0.092696 0.16022 0.046926 0.087724 0.06712 0.018111 -0.0036364 -0.097465
-0.021736 0.093419 0.0054678 0.036008 0.0037253 0.10074 0.02669 0.025726 0.067508 0.0080689 0.074497 -0.021781 0.033207 0.017187 0.085871 0.025307 0.030577 0.052855 0.037412 0.17524 -0.14281 0 0.018705 0.31935 0.04454 -0.13831 0.13004 0.25047 0.041524 0.91569 0.011834 -0.15231 0.15532 0.36776 -0.06633 -0.18139 -0.13226 0.87339 0.31777 0.09096 0.297 0.28615 0.077003 -0.019897 0.085503 0.6346 0.18354 0.031607 -0.034394 0.01242 0.21085 0.24256 0.081798 0.16258 -0.23759 0.97248 0.0051797 0.3649 -0.064046 -0.080423 0.16043 0.31886 -0.0067919 0.90486 -0.0079935 -0.18693 0.16218 0.34082 -0.092752 -0.24819 -0.14037 0.83597 0.3636 0.085734 0.31236 0.31492 0.08743 -0.080395 0.0040009 0.58177 0.17025 0.069394 -0.07226 0.014616 0.17795 0.22046
0.022578 0.018901 0.011376 0.010713 0.01018 0.13413 0.073454 -3.5995e-05 0.017564 0.048392 0.01513 -0.0068733 0.015356 0.01081 0.1083 0.072584 0.016361 0.038931 0.042712 0.051594 0.067466 0.018705 0 0.15839 0.11016 0.1403 0.058987 0.033379 0.09507 0.042115 0.091774 0.10683 0.097175 0.031337 0.06439 0.039532 0.06846 0.02512 0.047304 0.041619 0.056452 0.044596 0.059496 0.041664 0.070202 0.086755 0.10835 0.061957 0.030832 0.10239 0.050668 0.10057 0.019406 0.023593 0.03811 0.0071334 0.051982 0.12899 0.07583 0.11239 0.057627 0.02356 0.059529 0.041293 0.08378 0.073954 0.081175 0.0086514 0.05398 0.016684 0.040935 0.016209 0.036282 0.032921 0.047652 0.059213 0.032131 -0.003866 0.048053 0.072226 0.079413 0.036303 0.017257 0.050895 0.029471 0.089121
-0.055977 -0.052258 -0.037342 -0.021103 -0.011535 0.22041 0.17809 -0.0088887 0.004135 -0.080479 -0.069617 -0.055431 -0.025472 -0.021434 0.22875 0.16821 -0.0050725 0.01155 0.26035 0.025135 0.18285 0.31935 0.15839 0 0.31768 0.3508 0.075395 0.53446 0.10397 0.51027 0.17295 0.19863 0.33015 0.10224 0.13192 0.040383 0.097366 0.2785 0.1 -0.049239 0.14982 0.10561 0.042244 -0.014361 0.093867 0.49803 0.3451 0.018315 0.066162 0.14798 0.12254 0.14419 0.24812 0.045758 0.055987 0.29123 0.10554 0.80894 0.19546 0.35143 0.074968 0.49645 0.079135 0.50822 0.13744 0.1916 0.3462 0.1125 0.11601 -0.02064 0.13478 0.201 0.15007 -0.035782 0.18505 0.14889 0.039763 -0.064191 0.059737 0.49513 0.27972 0.0047434 0.044563 0.13735 0.094696 0.1072
0.062817 0.063752 0.032879 -0.087682 -0.017409 0.24457 0.067469 -0.045161 0.031628 0.21477 0.012464 0.0011052 -0.088674 -0.027003 0.22597 0.04453 -0.017725 0.06143 0.19414 -0.1134 0.71973 0.04454 0.11016 0.31768 0 0.51539 0.5339 0.063969 0.17838 0.096666 0.3081 0.63039 0.40923 -0.035423 0.24327 0.35748 0.24789 0.0072146 -0.062867 0.20926 -0.099989 0.69872 0.11231 0.52737 0.37069 0.36586 0.097679 0.23934 0.15837 0.10693 0.0080449 -0.078875 0.040894 -0.12302 0.50811 -0.033841 0.066881 0.22341 0.74684 0.3102 0.4138 0.061215 0.045564 0.081859 0.25645 0.52305 0.32774 -0.040046 0.060547 0.24436 0.076319 -0.013047 -0.062696 0.067307 -0.12221 0.51891 0.037933 0.1694 0.16912 0.16073 0.06932 -0.0023766 0.20899 0.12821 0.01882 -0.12447
0.13764 0.043163 0.049053 0.013941 0.0040725 0.12615 0.13058 -0.02309 0.0089124 0.22959 -0.020323 0.030048 0.0011059 -0.019719 0.1277 0.11715 -0.035659 0.031033 0.27111 -0.015725 0.56077 -0.13831 0.1403 0.3508 0.51539 0 -0.0093019 0.080956 0.24773 -0.080446 0.066586 0.45297 0.1133 -0.038039 0.43659 0.39051 0.46803 -0.12642 0.018259 0.036155 0.13895 -0.021228 -0.077927 0.40037 0.22366 0.37666 0.17924 0.43428 0.021073 0.12063 -0.00085242 0.098122 0.13237 -0.012705 0.33634 -0.16946 0.088719 0.25793 0.3294 0.56105 -0.10583 0.042717 0.14221 -0.079447 -0.010656 0.30593 0.050864 -0.04999 0.26851 0.25863 0.30974 -0.14781 -0.0032133 -0.0032998 0.073667 -0.058199 -0.10627 0.13239 0.034706 0.25756 0.13288 0.21045 0.035179 0.087018 0.0024592 0.045661
0.088947 0.14125 0.08261 0.0084503 -0.0063991 0.34074 0.0019834 0.055482 0.12711 0.14178 0.14347 0.081612 -0.0029003 0.012482 0.32271 -0.0068035 0.079504 0.12108 -0.17068 0.01177 0.19903 0.13004 0.058987 0.075395 0.5339 -0.0093019 0 0.026607 0.044747 0.12453 0.49753 0.21701 0.38889 0.079593 -0.22816 -0.041912 -0.24603 0.15317 0.048859 0.40877 -0.13195 0.8106 0.45884 0.094265 0.25853 -0.010123 -0.0066769 -0.15523 0.13255 0.04597 0.12288 -0.027316 -0.15867 0.010004 0.082481 0.088088 0.058415 0.060736 0.33874 -0.048553 0.7644 0.05202 -0.029801 0.11211 0.45509 0.21281 0.31069 0.060021 -0.30292 -0.1137 -0.2672 0.1781 0.058687 0.27537 -0.12878 0.70783 0.3321 -0.041781 0.17865 -0.10441 0.010406 -0.19524 0.11776 0.058 0.099798 -0.0537
0.02637 0.078914 0.007744 0.025135 -0.0091736 0.12463 0.06481 0.01943 0.022849 -0.057496 0.065759 0.017878 0.04804 -0.010077 0.12113 0.020996 0.031671 0.02505 0.07645 0.036297 -0.06412 0.25047 0.033379 0.53446 0.063969 0.080956 0.026607 0 0.052315 0.42265 0.10331 0.020933 0.04955 0.05441 -0.0034428 -0.012354 0.0076636 0.34474 0.014111 0.033538 0.069536 -0.016151 0.078677 -0.091062 -0.020017 0.29389 0.16623 -0.10698 0.015936 0.051601 0.1243 0.11509 0.14781 0.072054 -0.051899 0.25553 0.026071 0.55008 0.020222 0.1591 0.028422 0.95055 0.087589 0.3525 0.078155 0.063127 0.079665 0.054938 0.093231 -0.012905 0.096959 0.33192 0.090766 0.04154 0.13831 0.023735 0.078493 -0.053405 0.018571 0.34992 0.13696 0.011942 0.030853 0.048242 0.10273 0.12219
0.18721 0.14223 0.1917 0.14767 0.071193 0.087527 0.014932 0.02484 0.076875 0.20335 0.12318 0.18539 0.13561 0.031425 0.092809 0.016765 0.017801 0.090568 0.077394 0.20994 0.27631 0.041524 0.09507 0.10397 0.17838 0.24773 0.044747 0.052315 0 0.055619 0.052779 0.077873 0.059996 0.068997 0.42467 0.28724 0.46384 0.098483 0.036011 0.2623 0.12564 0.096051 0.20437 0.43989 0.28977 0.19205 0.071354 0.39769 -0.035421 0.049792 0.13173 0.32779 0.085606 0.19975 0.22739 0.024337 0.052674 0.071195 0.15661 0.16347 -0.00094117 0.048022 0.39684 0.043598 0.051115 0.066329 0.019594 0.043947 0.37015 0.2329 0.42572 0.08822 0.036603 0.1988 0.10992 0.076973 0.15906 0.27213 0.22247 0.087249 0.066472 0.28113 -0.0002508 -0.0018094 0.12065 0.31124
-7.1093e-05 0.13161 0.026154 0.04859 0.007701 0.12572 0.037282 0.013624 0.096432 0.011928 0.11224 0.0039401 0.04282 0.018292 0.10454 0.031759 0.032271 0.091768 0.070037 0.19736 -0.091019 0.91569 0.042115 0.51027 0.096666 -0.080446 0.12453 0.42265 0.055619 0 0.031052 -0.13367 0.22115 0.37673 -0.029134 -0.16584 -0.075895 0.91135 0.34458 0.11261 0.29908 0.24902 0.085663 -0.013656 0.079232 0.65411 0.21595 0.069827 -0.021641 0.010093 0.28081 0.28469 0.090529 0.17639 -0.16721 0.90627 0.014008 0.52066 -0.0029009 -0.00090792 0.15913 0.46533 0.035975 0.92489 0.0079185 -0.13888 0.23156 0.3418 -0.0067071 -0.2055 -0.055796 0.87172 0.38409 0.11724 0.32266 0.30234 0.091878 -0.057102 0.027598 0.62237 0.19125 0.14255 -0.050474 -0.00017655 0.24039 0.26306
-0.15838 -0.033327 -0.0084105 -0.029803 -0.02775 0.29737 0.16463 0.067065 0.020494 -0.023546 -0.063489 -0.048061 -0.066133 -0.03072 0.30463 0.13517 0.057126 0.014782 0.01347 -0.09063 0.1092 0.011834 0.091774 0.17295 0.3081 0.066586 0.49753 0.10331 0.052779 0.031052 0 0.36802 0.27187 -0.016448 -0.1646 0.076584 -0.09783 -0.0045429 0.01552 -0.020193 -0.068898 0.3922 0.38908 -0.21404 0.26161 -0.093398 0.18925 -0.29833 0.27399 0.17722 0.030144 -0.079954 -0.04343 -0.11639 -0.14026 -0.0025991 0.037495 0.17798 0.060912 0.015476 0.36735 0.12521 -0.092899 0.026315 0.5477 0.23562 0.21963 -0.022064 -0.34245 -0.097114 -0.26905 -0.018172 0.035991 -0.12387 -0.091529 0.21997 0.2199 -0.38431 0.036247 -0.11785 0.15302 -0.35242 0.21338 0.16547 0.026126 -0.11808
-0.11454 -0.1096 -0.071834 -0.15788 -0.034069 0.20681 0.1657 -0.059196 -0.053148 0.048496 -0.18976 -0.13394 -0.16394 -0.05735 0.1744 0.12325 -0.065879 -0.026531 0.56012 -0.27421 0.47909 -0.15231 0.10683 0.19863 0.63039 0.45297 0.21701 0.020933 0.077873 -0.13367 0.36802 0 0.14867 -0.21225 0.21604 0.58251 0.36606 -0.20437 -0.12764 -0.088156 -0.14615 0.25219 -0.0095886 0.03425 0.35822 -0.11424 0.38214 0.10342 0.31363 0.27941 -0.078686 -0.19896 0.23905 -0.28319 0.19725 -0.20204 0.0726 0.14368 0.31965 0.27468 0.053169 0.026975 -0.0595 -0.11636 0.19633 0.7415 0.087006 -0.19691 -0.1007 0.39055 0.000655 -0.22962 -0.10782 -0.22442 -0.19152 -0.0037474 -0.10818 -0.23212 0.061577 -0.1505 0.27724 -0.21547 0.31965 0.26808 -0.05705 -0.22219
0.011512 0.013316 -0.025401 -0.020441 -0.0093907 0.27451 0.069385 0.023247 0.065343 0.040541 0.011853 -0.031209 -0.020811 0.00089843 0.27296 0.094877 0.010014 0.070999 0.0020404 0.011579 0.16332 0.15532 0.097175 0.33015 0.40923 0.1133 0.38889 0.04955 0.059996 0.22115 0.27187 0.14867 0 0.10568 -0.047772 -0.026291 -0.075454 0.1331 0.06061 0.067517 -0.022283 0.44389 0.21075 0.064229 0.14708 0.14274 0.148 -0.060374 0.053346 0.093305 0.095999 0.046474 0.036305 0.0053359 0.12113 0.1219 0.068731 0.28314 0.304 0.10664 0.38079 0.055089 0.015089 0.2161 0.27403 0.18044 0.44263 0.084672 -0.074715 -0.026987 -0.044272 0.1096 0.045649 0.048796 -0.016792 0.41708 0.15699 -0.0047952 0.13493 0.083727 0.14075 -0.07386 0.078833 0.10128 0.069264 0.0071711
0.12956 0.17855 0.053492 0.19608 0.024288 0.071908 0.014939 0.047663 0.12363 0.19637 0.12918 0.040522 0.16389 0.060726 0.071789 0.017237 0.031988 0.098202 -0.015782 0.39794 -0.089556 0.36776 0.031337 0.10224 -0.035423 -0.038039 0.079593 0.05441 0.068997 0.37673 -0.016448 -0.21225 0.10568 0 0.13073 -0.21777 -0.0096686 0.43376 0.53121 0.28119 0.59599 0.21786 0.10054 0.15466 0.31671 0.38507 0.16059 0.35121 -0.074358 -0.017487 0.37216 0.49206 0.026104 0.35385 -0.10233 0.34865 0.00027439 0.089288 -0.063496 -0.037826 0.10794 0.048961 0.045653 0.34266 -0.026117 -0.21786 0.13764 0.7777 0.17967 -0.22886 0.065694 0.41287 0.45527 0.33454 0.53725 0.2738 0.092059 0.14359 0.25704 0.3152 0.15862 0.41693 -0.10176 -0.03967 0.32748 0.46247
0.091443 0.1079 0.22585 0.1739 0.070896 -0.031406 0.022087 -0.026027 0.035345 0.22783 0.026643 0.1936 0.14449 0.023791 -0.037954 0.0072576 -0.021429 0.02572 0.50252 0.19817 0.54687 -0.06633 0.06439 0.13192 0.24327 0.43659 -0.22816 -0.0034428 0.42467 -0.029134 -0.1646 0.21604 -0.047772 0.13073 0 0.38877 0.84374 0.0064205 0.095973 0.097076 0.37238 -0.087649 -0.10952 0.56161 0.49558 0.30316 0.25072 0.66969 -0.05149 0.012178 0.12553 0.37436 0.26955 0.19353 0.33952 -0.083148 0.023509 0.062874 0.13178 0.20618 -0.28965 -0.008005 0.2852 -0.031782 -0.1981 0.052018 -0.051146 0.11268 0.66722 0.26756 0.60159 -0.018284 0.086217 0.033329 0.31048 -0.14584 -0.11253 0.23869 0.25048 0.1835 0.1926 0.45039 -0.048497 -0.028658 0.12702 0.32978
-0.064572 -0.068419 -0.012823 -0.092429 0.004878 0.02304 0.076974 -0.084339 -0.060207 0.094077 -0.1458 -0.04828 -0.10695 -0.04419 -0.010879 0.040475 -0.078415 -0.05272 0.21857 -0.21937 0.46356 -0.18139 0.039532 0.040383 0.35748 0.39051 -0.041912 -0.012354 0.28724 -0.16584 0.076584 0.58251 -0.026291 -0.21777 0.38877 0 0.60999 -0.16599 -0.14818 -0.12376 -0.07974 -0.083857 -0.17145 0.20076 0.21645 -0.081087 0.024696 0.1922 0.149 0.085537 -0.082379 -0.12205 -0.016083 -0.22478 0.19272 -0.1962 0.040776 0.0087444 0.11132 0.174 -0.20107 -0.014618 0.10657 -0.15915 -0.031653 0.26033 -0.041475 -0.19727 0.091783 0.55925 0.21711 -0.18131 -0.11616 -0.22527 -0.10669 -0.28714 -0.24092 -0.13039 -0.10024 -0.14281 -0.013727 -0.06592 0.12085 0.071321 -0.068393 -0.1325
0.015256 0.0075163 0.13534 0.062155 0.052754 -0.021228 0.070357 -0.074559 -0.014711 0.18922 -0.063843 0.11157 0.048595 -0.009022 -0.046639 0.045555 -0.060749 -0.0072883 0.55311 0.010337 0.53608 -0.13226 0.06846 0.097366 0.24789 0.46803 -0.24603 0.0076636 0.46384 -0.075895 -0.09783 0.36606 -0.075454 -0.0096686 0.84374 0.60999 0 -0.075086 -0.022579 -0.039631 0.24424 -0.21882 -0.20638 0.42293 0.3403 0.16919 0.23308 0.55212 0.038221 0.036223 0.015014 0.19759 0.2794 -0.025288 0.29513 -0.14224 0.04633 0.033467 0.027775 0.23689 -0.34146 0.0050883 0.27931 -0.08592 -0.17318 0.1046 -0.084592 -0.01921 0.51057 0.47082 0.59724 -0.095634 0.0062918 -0.12766 0.15819 -0.31925 -0.22197 0.084306 0.016565 0.067761 0.16164 0.24329 -0.027219 0.000393 0.036728 0.1639
0.11263 0.23114 0.092897 0.12748 0.051613 0.088311 -0.014419 0.049398 0.1709 0.12656 0.23626 0.091097 0.1248 0.059161 0.070451 -0.050075 0.047758 0.16421 -0.036127 0.28835 -0.12493 0.87339 0.02512 0.2785 0.0072146 -0.12642 0.15317 0.34474 0.098483 0.91135 -0.0045429 -0.20437 0.1331 0.43376 0.0064205 -0.16599 -0.075086 0 0.42029 0.23767 0.37422 0.28421 0.12698 0.032713 0.11134 0.56217 0.10216 0.14761 -0.059829 -0.026677 0.32822 0.37069 -0.0071598 0.27744 -0.15995 0.83552 0.0052173 0.29426 -0.041083 -0.060995 0.19089 0.40893 0.087489 0.86936 -0.00031375 -0.19826 0.14074 0.40219 0.03963 -0.18224 -0.031754 0.96493 0.4517 0.25223 0.40325 0.32857 0.14517 0.031068 0.084195 0.52556 0.086431 0.27076 -0.070624 -0.050954 0.29465 0.36497
0.068758 0.13745 0.0094697 0.18377 0.071645 0.089774 0.05263 0.023469 0.098019 0.26382 0.060618 0.0078684 0.10853 0.062151 0.076907 0.040089 0.0060539 0.080437 0.065527 0.32774 -0.016761 0.31777 0.047304 0.1 -0.062867 0.018259 0.048859 0.014111 0.036011 0.34458 0.01552 -0.12764 0.06061 0.53121 0.095973 -0.14818 -0.022579 0.42029 0 0.11218 0.88781 0.1042 0.022928 0.070743 0.31828 0.43765 0.30056 0.41762 -0.021155 0.033257 0.49339 0.60598 0.04561 0.28932 -0.15514 0.29159 0.00096139 0.084876 -0.13622 -0.034989 0.02774 0.0090968 -0.014244 0.31379 -0.021452 -0.20453 0.080776 0.48098 0.075893 -0.22416 -0.076505 0.38424 0.89302 0.14449 0.78322 0.11198 0.0015725 -0.027324 0.15989 0.34573 0.25199 0.40075 -0.096613 -0.022607 0.40715 0.50485
0.36152 0.33145 0.20149 0.21199 0.091189 0.098797 -0.12168 0.070226 0.18964 0.30842 0.34347 0.2239 0.21978 0.087234 0.083541 -0.10647 0.06541 0.18472 -0.10119 0.41576 0.11043 0.09096 0.041619 -0.049239 0.20926 0.036155 0.40877 0.033538 0.2623 0.11261 -0.020193 -0.088156 0.067517 0.28119 0.097076 -0.12376 -0.039631 0.23767 0.11218 0 0.09743 0.53538 0.36315 0.44326 0.28686 0.18464 -0.090547 0.36548 -0.080462 -0.054043 0.1952 0.3503 -0.074981 0.3832 0.17007 0.095433 0.042967 -0.056882 0.2582 0.064766 0.41486 0.036132 0.24331 0.071497 0.085037 0.006546 0.033684 0.23129 0.18615 -0.077829 0.10819 0.25728 0.092281 0.68864 0.12539 0.5146 0.3315 0.44403 0.33492 0.087826 -0.061395 0.38501 -0.089286 -0.087802 0.18791 0.36619
0.082954 0.11957 0.079097 0.27499 0.088414 0.056134 0.068801 0.015875 0.074328 0.27765 0.068392 0.065146 0.21117 0.066556 0.057805 0.070092 -0.0046932 0.064968 0.17265 0.39949 0.11967 0.297 0.056452 0.14982 -0.099989 0.13895 -0.13195 0.069536 0.12564 0.29908 -0.068898 -0.14615 -0.022283 0.59599 0.37238 -0.07974 0.24424 0.37422 0.88781 0.09743 0 -0.064925 -0.028641 0.15308 0.47858 0.51954 0.31143 0.55062 -0.059265 0.0093932 0.42189 0.63626 0.13133 0.35297 -0.070573 0.26959 0.0016374 0.12642 -0.19443 0.029197 -0.14115 0.072201 0.077929 0.28236 -0.11672 -0.24216 0.035814 0.56517 0.31734 -0.18541 0.1121 0.3433 0.8149 0.13138 0.90941 -0.0136 -0.040268 0.042687 0.27759 0.45633 0.25966 0.49494 -0.12435 -0.035325 0.33844 0.55528
0.18182 0.19202 0.085832 0.037963 0.010733 0.27198 -0.033568 0.045588 0.15177 0.23038 0.19423 0.065512 0.023696 0.039542 0.2585 -0.027714 0.072643 0.15746 -0.069651 0.096151 0.31639 0.28615 0.044596 0.10561 0.69872 -0.021228 0.8106 -0.016151 0.096051 0.24902 0.3922 0.25219 0.44389 0.21786 -0.087649 -0.083857 -0.21882 0.28421 0.1042 0.53538 -0.064925 0 0.42844 0.31941 0.37249 0.17503 0.029837 0.077277 0.12522 0.045421 0.12975 0.063108 -0.049986 0.07996 0.21301 0.23601 0.054118 0.092104 0.5365 -0.019494 0.77223 0.052961 -0.0011095 0.2339 0.38855 0.30791 0.36479 0.1714 -0.18356 -0.11113 -0.21255 0.29123 0.090374 0.40998 -0.062473 0.91881 0.34548 0.15695 0.32356 0.022986 0.055858 0.0088646 0.1514 0.072264 0.13162 0.033602
0.089332 0.15753 0.17154 0.1296 0.056516 0.22789 -0.0011162 0.12007 0.13386 0.080225 0.18528 0.17067 0.11498 0.058309 0.23847 0.0060427 0.12362 0.13356 -0.13851 0.28203 -0.045965 0.077003 0.059496 0.042244 0.11231 -0.077927 0.45884 0.078677 0.20437 0.085663 0.38908 -0.0095886 0.21075 0.10054 -0.10952 -0.17145 -0.20638 0.12698 0.022928 0.36315 -0.028641 0.42844 0 0.049353 0.34991 -0.031201 0.032099 -0.058479 0.04346 0.037308 0.15578 0.18235 -0.090394 0.26524 -0.058353 0.066097 0.043763 0.03351 0.0541 -0.04881 0.42802 0.084708 0.14414 0.06463 0.41488 0.067785 0.15666 0.086372 -0.099202 -0.17738 -0.10582 0.12557 0.015012 0.30919 -0.013047 0.38073 0.57524 0.034822 0.32515 -0.077194 0.061817 -0.012666 0.036612 0.044141 0.1386 0.17597
0.36219 0.2124 0.2484 0.15566 0.072057 -0.00012903 -0.12816 -0.0011547 0.10049 0.45464 0.19094 0.22528 0.13319 0.042639 -0.021222 -0.1098 -0.013588 0.11477 0.016529 0.25823 0.70173 -0.019897 0.041664 -0.014361 0.52737 0.40037 0.094265 -0.091062 0.43989 -0.013656 -0.21404 0.03425 0.064229 0.15466 0.56161 0.20076 0.42293 0.032713 0.070743 0.44326 0.15308 0.31941 0.049353 0 0.45184 0.42809 -0.11465 0.67242 -0.12907 -0.091776 0.084856 0.26373 -0.005577 0.21951 0.55012 -0.041409 0.034883 -0.053023 0.45437 0.22493 0.041614 -0.076019 0.28581 -0.032808 -0.14786 0.075228 0.019351 0.1258 0.44583 0.20481 0.31488 0.042095 0.01767 0.37712 0.11925 0.28912 0.032581 0.71014 0.26941 0.22039 -0.082638 0.45778 -0.095433 -0.12988 0.080192 0.20986
0.032663 0.15961 0.19442 0.15968 0.06551 0.17577 0.060291 0.011063 0.075075 0.27122 0.075166 0.11598 0.12062 0.049365 0.16111 0.042578 0.018991 0.081163 0.18782 0.3152 0.40668 0.085503 0.070202 0.093867 0.37069 0.22366 0.25853 -0.020017 0.28977 0.079232 0.26161 0.35822 0.14708 0.31671 0.49558 0.21645 0.3403 0.11134 0.31828 0.28686 0.47858 0.37249 0.34991 0.45184 0 0.29356 0.17263 0.47881 0.11493 0.059167 0.19405 0.30384 0.032422 0.24065 0.11743 0.034602 0.044805 0.055378 0.064271 0.084137 0.11498 0.0019923 0.052949 0.069242 0.1312 0.10704 0.12406 0.31047 0.17324 -0.037118 0.047689 0.08692 0.26637 0.15416 0.3898 0.15494 0.17395 0.03571 0.52162 0.15853 0.165 0.21307 0.091577 0.046445 0.17415 0.24551
0.18417 0.12748 0.060668 0.11602 0.014892 0.082354 0.029813 0.010178 0.05633 0.25392 0.090981 0.076854 0.10131 0.017562 0.074711 0.032997 0.0038114 0.061327 0.090102 0.27079 0.38118 0.6346 0.086755 0.49803 0.36586 0.37666 -0.010123 0.29389 0.19205 0.65411 -0.093398 -0.11424 0.14274 0.38507 0.30316 -0.081087 0.16919 0.56217 0.43765 0.18464 0.51954 0.17503 -0.031201 0.42809 0.29356 0 0.096805 0.52472 -0.066745 -0.013579 0.1901 0.37727 0.078745 0.25607 0.18872 0.59667 0.045697 0.45261 0.21134 0.31365 0.035011 0.26167 0.13219 0.65475 -0.087467 -0.12417 0.15045 0.35013 0.3109 -0.10415 0.1724 0.54639 0.37696 0.20382 0.47449 0.27093 -0.012804 0.2582 0.17103 0.93453 0.050287 0.44693 -0.075965 -0.039513 0.16591 0.32941
-0.17695 -0.11247 -0.073204 -0.027556 0.0053961 0.21778 0.23448 0.0047872 -0.0025896 -0.12905 -0.16649 -0.098669 -0.051637 -0.01785 0.21284 0.2041 0.011937 0.0094149 0.73054 0.046234 0.063517 0.18354 0.10835 0.3451 0.097679 0.17924 -0.0066769 0.16623 0.071354 0.21595 0.18925 0.38214 0.148 0.16059 0.25072 0.024696 0.23308 0.10216 0.30056 -0.090547 0.31143 0.029837 0.032099 -0.11465 0.17263 0.096805 0 0.11359 0.074259 0.22478 0.56139 0.30915 0.58675 0.044014 -0.073329 0.15054 0.072128 0.33015 -0.040768 0.095649 -0.056455 0.14708 0.019145 0.20139 0.11283 0.20752 0.1593 0.19374 0.11536 -0.047312 0.078379 0.037694 0.33151 -0.10093 0.30362 0.0054215 0.034807 -0.18364 0.071903 0.11735 0.84914 0.055577 0.038704 0.20753 0.46164 0.25596
0.35181 0.23043 0.18305 0.24452 0.10783 -0.069431 -0.061274 0.00089965 0.11295 0.39086 0.21515 0.18263 0.22211 0.081462 -0.084195 -0.065364 -0.028409 0.13373 0.2503 0.37346 0.45416 0.031607 0.061957 0.018315 0.23934 0.43428 -0.15523 -0.10698 0.39769 0.069827 -0.29833 0.10342 -0.060374 0.35121 0.66969 0.1922 0.55212 0.14761 0.41762 0.36548 0.55062 0.077277 -0.058479 0.67242 0.47881 0.52472 0.11359 0 -0.091924 -0.041974 0.29118 0.58028 0.19785 0.3653 0.38006 0.023257 0.021585 -0.046561 0.29047 0.28888 -0.15094 -0.082115 0.32275 0.0499 -0.26691 0.11021 -0.053937 0.29606 0.62478 0.22289 0.50621 0.14538 0.31184 0.33526 0.4819 0.13091 -0.029567 0.51159 0.39784 0.38141 0.093212 0.82909 -0.075051 -0.082553 0.22847 0.5181
-0.10454 -0.049387 -0.053424 -0.070857 -0.028784 0.056198 0.046533 -0.0043464 -0.029254 -0.02378 -0.089439 -0.084364 -0.08613 -0.040776 0.044333 0.040817 -0.014128 -0.035701 0.11413 -0.13063 0.025747 -0.034394 0.030832 0.066162 0.15837 0.021073 0.13255 0.015936 -0.035421 -0.021641 0.27399 0.31363 0.053346 -0.074358 -0.05149 0.149 0.038221 -0.059829 -0.021155 -0.080462 -0.059265 0.12522 0.04346 -0.12907 0.11493 -0.066745 0.074259 -0.091924 0 0.09389 -0.075428 -0.13113 0.036862 -0.14792 -0.098769 -0.030526 0.008519 0.058776 -0.014218 0.013413 0.062991 0.02708 -0.10061 -0.019905 0.15249 0.19759 0.031834 -0.061617 -0.16907 0.054162 -0.12344 -0.055118 -0.0027552 -0.16375 -0.080912 0.0018933 -0.010944 -0.26305 -0.017887 -0.051969 0.060966 -0.19419 0.21751 0.088801 -0.041169 -0.14893
-0.063383 -0.05512 -0.047651 -0.019825 -0.020644 0.14979 0.13286 0.00081749 -0.019673 -0.0058831 -0.075679 -0.066949 -0.045609 -0.012164 0.1302 0.10655 -0.014658 0.02708 0.15525 -0.043989 0.0082578 0.01242 0.10239 0.14798 0.10693 0.12063 0.04597 0.051601 0.049792 0.010093 0.17722 0.27941 0.093305 -0.017487 0.012178 0.085537 0.036223 -0.026677 0.033257 -0.054043 0.0093932 0.045421 0.037308 -0.091776 0.059167 -0.013579 0.22478 -0.041974 0.09389 0 0.0303 0.022643 0.091896 -0.065526 -0.051761 0.0017264 0.039242 0.12131 0.019732 0.091135 0.026412 0.043783 -0.026392 0.025157 0.13198 0.20648 0.066064 -0.017564 -0.037333 0.026256 -0.02474 -0.037144 0.019167 -0.091271 -0.012321 0.0090922 0.0052823 -0.14434 0.029963 -0.016918 0.19152 -0.082023 0.10449 0.16758 0.015493 0.0068411
0.031828 0.16538 0.069955 0.12677 0.062185 0.11837 0.015755 0.045296 0.12248 0.036417 0.16583 0.064145 0.11689 0.073198 0.09985 0.014712 0.041419 0.16571 0.16911 0.28686 -0.013835 0.21085 0.050668 0.12254 0.0080449 -0.00085242 0.12288 0.1243 0.13173 0.28081 0.030144 -0.078686 0.095999 0.37216 0.12553 -0.082379 0.015014 0.32822 0.49339 0.1952 0.42189 0.12975 0.15578 0.084856 0.19405 0.1901 0.56139 0.29118 -0.075428 0.0303 0 0.50035 0.2281 0.29334 0.0010726 0.21095 0.038825 0.13249 0.022292 -0.0067925 0.10554 0.11655 0.13292 0.25304 0.052922 -0.054878 0.11339 0.36093 0.17965 -0.080849 0.089023 0.30102 0.4582 0.23787 0.41389 0.17737 0.16302 0.080254 0.20214 0.17893 0.53403 0.36079 -0.045556 -0.0050021 0.64924 0.45847
0.22783 0.28539 0.18337 0.34571 0.1423 0.082834 0.027751 0.087275 0.18063 0.22828 0.27707 0.19008 0.3137 0.12103 0.084392 0.02942 0.060866 0.19018 0.13055 0.5623 -0.041663 0.24256 0.10057 0.14419 -0.078875 0.098122 -0.027316 0.11509 0.32779 0.28469 -0.079954 -0.19896 0.046474 0.49206 0.37436 -0.12205 0.19759 0.37069 0.60598 0.3503 0.63626 0.063108 0.18235 0.26373 0.30384 0.37727 0.30915 0.58028 -0.13113 0.022643 0.50035 0 0.16499 0.53628 -0.00844 0.23812 0.053244 0.10131 -0.031536 0.073043 0.0086024 0.116 0.32156 0.25569 -0.049766 -0.14996 0.060927 0.46116 0.48501 -0.090115 0.33071 0.36161 0.53139 0.4017 0.60955 0.16713 0.1996 0.2639 0.33363 0.32943 0.27808 0.646 -0.13028 -0.032603 0.4097 0.76889
-0.034674 -0.1187 -0.028698 -0.017662 -0.0083907 0.032762 0.092973 -0.020467 -0.033698 -0.1449 -0.14073 -0.02532 0.0052569 -0.015794 0.038555 0.10509 -0.01242 -0.0076477 0.66049 0.025103 0.030924 0.081798 0.019406 0.24812 0.040894 0.13237 -0.15867 0.14781 0.085606 0.090529 -0.04343 0.23905 0.036305 0.026104 0.26955 -0.016083 0.2794 -0.0071598 0.04561 -0.074981 0.13133 -0.049986 -0.090394 -0.005577 0.032422 0.078745 0.58675 0.19785 0.036862 0.091896 0.2281 0.16499 0 0.03884 0.17226 0.088363 0.035271 0.27747 0.16777 0.20177 -0.15307 0.095545 0.12093 0.085139 -0.031492 0.41218 0.04238 0.042833 0.41296 0.15509 0.45607 -0.040089 0.087211 -0.039467 0.18063 0.019011 -0.041481 0.034302 0.23375 0.078169 0.7116 0.20137 0.05366 0.16608 0.19821 0.15499
