0 0.33464 0.2747 0.28607 0.090932 -0.016147 -0.094546 0.064144 0.2131 0.72421 0.42002 0.36621 0.30543 0.11825 -0.0082741 -0.10019 0.0451 0.27081 -0.1726 0.23727 0.053129 -0.026314 0.01802 -0.070954 0.037099 0.12163 0.079741 0.02887 0.18235 -0.0012549 -0.17155 -0.13522 0.0057166 0.11976 0.078886 -0.0812 0.0020462 0.12473 0.048605 0.3645 0.06396 0.17607 0.08875 0.356 0.004529 0.17137 -0.20065 0.3383 -0.10923 -0.070203 0.030477 0.22394 -0.051131 0.27714 0.42308 -0.020635 0.03133 -0.087476 0.36654 0.25076 0.18804 -0.00080485 0.3234 -0.036399 -0.035479 0.11602 0.019449 0.12809 0.39523 0.19865 0.3076 0.14287 0.05389 0.45341 0.17162 0.3178 0.17516 0.60058 0.39911 0.18833 -0.13744 0.53244 -0.0088835 -0.089131 0.047634 0.27749
0.33464 0 0.2512 0.27278 0.11562 0.014957 -0.079738 0.074073 0.22516 0.35484 0.49788 0.26659 0.25746 0.09842 -0.0056411 -0.09832 0.057971 0.21294 -0.11704 0.26271 0.044574 0.09249 0.018299 -0.059656 0.054758 0.038227 0.14152 0.079314 0.14414 0.13386 -0.03532 -0.11291 0.011792 0.17522 0.10636 -0.07326 0.006999 0.24133 0.134 0.33424 0.11527 0.1901 0.16237 0.20981 0.15633 0.12152 -0.1201 0.22372 -0.046195 -0.058547 0.16901 0.285 -0.12251 0.2522 0.060812 0.092813 0.013971 -0.079969 0.057616 -0.0085738 0.13181 0.070152 0.12659 0.087446 -0.014175 -0.097197 -0.017396 0.10583 0.14998 -0.037529 0.069111 0.27488 0.081965 0.31375 0.092439 0.18361 0.1527 0.17895 0.16128 0.058359 -0.12516 0.21852 -0.055294 -0.077456 0.15288 0.25949
0.2747 0.2512 0 0.4026 0.11181 0.033326 -0.0176 0.14841 0.14921 0.29426 0.27892 0.58872 0.38902 0.069176 0.029357 -0.031607 0.12162 0.15997 -0.037695 0.20772 0.1187 0.0018058 0.0093743 -0.043413 0.022499 0.043896 0.078651 0.0081722 0.19482 0.026966 -0.013404 -0.076052 -0.02748 0.048284 0.22801 -0.01524 0.14159 0.10418 0.0033844 0.20318 0.072085 0.083576 0.17565 0.25232 0.18921 0.051989 -0.072985 0.17529 -0.054615 -0.051264 0.073935 0.18569 -0.030758 0.1792 0.11521 -0.013454 0.033904 -0.065049 0.024648 0.024739 0.064244 0.0085863 0.16622 -0.0082102 -0.0012928 -0.082767 -0.015787 0.021522 0.19949 -0.023481 0.14332 0.11118 -0.016887 0.19938 0.08103 0.076463 0.12591 0.17711 0.15718 0.0003003 -0.067653 0.17479 -0.066854 -0.056377 0.085053 0.17486
0.28607 0.27278 0.4026 0 0.20597 0.011578 -0.0092458 0.10645 0.14627 0.26692 0.28553 0.38648 0.65035 0.12631 0.0067861 -0.016636 0.099509 0.15492 -0.061033 0.29995 -0.029093 0.028751 0.007741 -0.031737 -0.097769 0.0065996 0.0052505 0.02197 0.14732 0.042997 -0.03602 -0.16125 -0.024783 0.19109 0.17402 -0.095719 0.06501 0.13251 0.18322 0.21225 0.27282 0.034414 0.13168 0.15679 0.1614 0.1071 -0.032222 0.23901 -0.07212 -0.021882 0.12971 0.34918 -0.018415 0.28144 0.025364 0.029459 0.010126 -0.047903 -0.049877 -0.02193 0.022624 0.021925 0.15459 0.019646 -0.026241 -0.1352 0.0065627 0.15095 0.26267 -0.058042 0.15628 0.1489 0.118 0.25025 0.25949 0.07492 0.13501 0.18377 0.18827 0.078096 -0.043657 0.30483 -0.069253 -0.060166 0.12638 0.34757
0.090932 0.11562 0.11181 0.20597 0 -0.0025396 -0.019198 0.021736 0.05963 0.10046 0.1082 0.12265 0.17861 0.045201 -0.0039259 -0.027649 0.025727 0.066117 -0.020104 0.11093 0.00091108 -0.00023148 0.011822 -0.017538 -0.021883 0.0015081 -0.0043844 -0.011818 0.070379 0.0042435 -0.027645 -0.03709 -0.012028 0.022455 0.070744 0.0011313 0.052396 0.052289 0.075117 0.094804 0.089627 0.010253 0.058632 0.07131 0.065524 0.010396 0.003185 0.10735 -0.029312 -0.020643 0.064688 0.14593 -0.0073621 0.1121 -0.01279 -0.0058428 -0.015047 -0.038703 -0.037423 -0.013742 -0.0034908 -0.0075497 0.067883 -0.0094905 -0.021212 -0.046725 -0.019676 0.024842 0.087398 -0.0085736 0.064902 0.053668 0.057161 0.079357 0.079653 0.0011319 0.029036 0.045551 0.052401 -0.012289 -0.0095349 0.10612 -0.039983 -0.027474 0.049591 0.13264
-0.016147 0.014957 0.033326 0.011578 -0.0025396 0 0.16892 0.019169 0.08865 0.059929 -0.0043847 0.020413 0.0016965 -0.018054 0.43861 0.16984 0.038785 0.070259 0.071516 0.044487 0.15188 0.10379 0.13408 0.22332 0.24804 0.12918 0.34158 0.1265 0.089918 0.12774 0.30033 0.21106 0.27612 0.073578 -0.02364 0.02531 -0.015564 0.087098 0.092996 0.1041 0.062227 0.27061 0.22902 0.005216 0.18179 0.086736 0.22219 -0.062495 0.055672 0.15446 0.1192 0.086715 0.029473 0.026704 0.0029447 0.081322 0.088526 0.21422 0.12301 0.08908 0.2884 0.13464 0.014959 0.11833 0.27453 0.13387 0.23458 0.069583 -0.1132 -0.05677 -0.095156 0.064027 0.097853 0.034529 0.054415 0.22076 0.15472 -0.095645 0.06792 0.051721 0.18862 -0.10217 0.04836 0.12324 0.10051 0.050812
-0.094546 -0.079738 -0.0176 -0.0092458 -0.019198 0.16892 0 -0.0091602 -0.0060747 -0.039975 -0.10491 -0.044326 -0.029832 -0.024145 0.17678 0.25644 -0.010229 -0.031186 0.15893 -0.037415 0.052498 0.030137 0.073581 0.18401 0.07097 0.13373 0.0028195 0.068059 0.020809 0.040344 0.1684 0.17241 0.069777 0.015285 0.030131 0.079427 0.078146 -0.016382 0.053907 -0.11957 0.071752 -0.034377 -0.00080855 -0.12385 0.070727 0.034375 0.24086 -0.054182 0.043687 0.13634 0.017022 0.034455 0.096065 -0.050607 -0.06782 0.018568 0.025745 0.16132 -0.0373 0.076149 -0.030131 0.059767 -0.023345 0.037081 0.092236 0.090119 0.055524 0.022679 -0.057443 -0.020568 -0.027421 -0.035424 0.0567 -0.14039 0.070466 -0.060974 -0.024168 -0.1925 -0.025806 0.037806 0.19177 -0.12101 0.026232 0.11069 0.0012762 -0.0036783
0.064144 0.074073 0.14841 0.10645 0.021736 0.019169 -0.0091602 0 0.053396 0.04037 0.075719 0.13455 0.10482 0.012676 0.033673 0.0019674 0.11086 0.067962 -0.032812 0.090484 -0.057883 0.021763 0.0007536 -0.010472 -0.048296 -0.02364 0.054042 0.020537 0.024228 0.011677 0.063338 -0.060819 0.021624 0.0464 -0.026137 -0.084429 -0.074098 0.04911 0.021621 0.07119 0.013925 0.044706 0.11797 -0.0012283 0.0085126 0.0072278 0.0040422 -0.00046626 -0.0045204 0.00058842 0.047264 0.086423 -0.018072 0.074803 -0.038117 0.024985 -0.0049883 -0.0028499 -0.02287 0.0028147 0.068894 0.032536 0.033386 0.0027653 0.064161 -0.042472 0.0092739 0.043124 0.0038369 -0.084454 -0.01203 0.054727 0.013692 0.079431 0.03334 0.057975 0.10118 0.020933 0.032237 0.0081435 0.013326 0.057309 -0.017706 0.00078429 0.056328 0.089791
0.2131 0.22516 0.14921 0.14627 0.05963 0.08865 -0.0060747 0.053396 0 0.22745 0.23594 0.1362 0.13969 0.049093 0.073309 -0.022365 0.052295 0.2038 -0.049854 0.16954 0.0058428 0.070483 0.016575 0.0018064 0.02693 0.006242 0.13135 0.022385 0.079548 0.10247 0.021022 -0.053986 0.065504 0.12239 0.034923 -0.06355 -0.01329 0.18239 0.096377 0.19708 0.071617 0.1553 0.13958 0.102 0.073588 0.050794 -0.0046848 0.1121 -0.029499 -0.018858 0.12773 0.18583 -0.035215 0.17488 0.044821 0.06297 0.028718 -0.015726 0.055979 0.017205 0.15032 0.014719 0.092176 0.087505 0.060084 -0.014323 0.035854 0.075882 0.08482 -0.034644 0.038295 0.18933 0.073167 0.18987 0.06437 0.17682 0.13875 0.10714 0.12466 0.018258 -0.0027813 0.15135 -0.038655 -0.006453 0.12554 0.17698
0.72421 0.35484 0.29426 0.26692 0.10046 0.059929 -0.039975 0.04037 0.22745 0 0.32723 0.28801 0.22741 0.10266 0.048297 -0.05637 0.036332 0.23382 -0.081824 0.23406 0.25961 0.017079 0.047511 -0.079698 0.20417 0.22229 0.1441 -0.051867 0.2049 0.022902 -0.019698 0.042423 0.04215 0.19749 0.22353 0.088388 0.19134 0.14507 0.25945 0.31121 0.27405 0.23236 0.086838 0.45103 0.26438 0.25569 -0.13342 0.37786 -0.028442 -0.0049222 0.038482 0.22762 -0.15121 0.17646 0.13043 0.0086898 0.024703 -0.092043 0.11036 0.13125 0.10083 -0.028124 0.09895 0.011152 -0.018176 -0.0039734 0.030636 0.13078 0.14181 0.029838 0.054786 0.16141 0.14771 0.26689 0.16692 0.15137 0.052729 0.22527 0.090792 0.097245 -0.10729 0.33067 -0.044778 -0.062196 0.05785 0.18994
0.42002 0.49788 0.27892 0.28553 0.1082 -0.0043847 -0.10491 0.075719 0.23594 0.32723 0 0.33089 0.30897 0.11294 -0.018355 -0.11171 0.095931 0.25799 -0.20044 0.29266 -0.022496 0.068091 0.013332 -0.079947 -0.0033377 -0.027427 0.13838 0.064608 0.12093 0.10912 -0.07301 -0.20143 0.0077826 0.12504 0.023504 -0.15554 -0.070594 0.24222 0.05596 0.34943 0.062419 0.19068 0.18757 0.1887 0.06291 0.080322 -0.17811 0.21128 -0.088456 -0.081123 0.16906 0.27959 -0.14592 0.30457 0.15417 0.079485 0.0069375 -0.10731 0.14379 -0.0047794 0.1961 0.03628 0.18768 0.065723 -0.01067 -0.072613 0.0026981 0.12553 0.23763 -0.010999 0.15107 0.28173 0.036826 0.40222 0.10204 0.26591 0.20931 0.30928 0.26519 0.057946 -0.14773 0.31126 -0.042118 -0.10682 0.16743 0.30206
0.36621 0.26659 0.58872 0.38648 0.12265 0.020413 -0.044326 0.13455 0.1362 0.28801 0.33089 0 0.4152 0.08665 0.020128 -0.032492 0.14999 0.16048 -0.082631 0.21397 0.059573 -0.027456 -0.010201 -0.062089 -0.013772 0.021762 0.074296 0.017143 0.18458 0.0012754 -0.058596 -0.14417 -0.034504 0.031602 0.19339 -0.054321 0.11115 0.099159 -0.00091323 0.22628 0.056059 0.06001 0.17209 0.22768 0.10477 0.066576 -0.10565 0.17509 -0.088045 -0.073512 0.066212 0.19191 -0.030715 0.23902 0.18846 -0.052091 0.01972 -0.079634 0.080304 0.054498 0.084063 -0.0072457 0.2381 -0.032211 -0.0033252 -0.058928 0.003428 0.032997 0.28371 0.048752 0.23329 0.10585 -0.050573 0.26891 0.074764 0.1185 0.18573 0.28918 0.22855 0.022691 -0.090819 0.24185 -0.059686 -0.05833 0.06026 0.2173
0.30543 0.25746 0.38902 0.65035 0.17861 0.0016965 -0.029832 0.10482 0.13969 0.22741 0.30897 0.4152 0 0.14641 0.005982 -0.0077411 0.12209 0.16618 -0.066823 0.27287 -0.033061 0.024174 0.013078 -0.036633 -0.10028 -0.006203 -0.0069418 0.044401 0.13789 0.036348 -0.074083 -0.16931 -0.024331 0.1561 0.14513 -0.1105 0.051727 0.13031 0.10334 0.22095 0.20538 0.016141 0.11522 0.13497 0.11808 0.089461 -0.060767 0.21731 -0.087399 -0.047974 0.11954 0.31592 0.002091 0.2878 0.040509 0.015896 0.013066 -0.033695 -0.036182 0.022761 0.0082645 0.035021 0.19315 0.012857 -0.040924 -0.12021 -0.0074324 0.1475 0.2929 -0.036456 0.19369 0.14813 0.10682 0.25587 0.2755 0.074815 0.13342 0.20809 0.19853 0.080088 -0.020495 0.31932 -0.089746 -0.050026 0.12231 0.37449
0.11825 0.09842 0.069176 0.12631 0.045201 -0.018054 -0.024145 0.012676 0.049093 0.10266 0.11294 0.08665 0.14641 0 -0.010015 -0.028686 0.0057981 0.095998 -0.026467 0.1317 -0.041379 0.013132 0.0096944 -0.025682 -0.032868 -0.021424 0.011585 -0.011669 0.029517 0.015946 -0.031236 -0.060828 -0.0021272 0.057311 0.021697 -0.047015 -0.010282 0.061268 0.06079 0.088995 0.062937 0.038335 0.058555 0.042011 0.047604 0.012588 -0.020823 0.079181 -0.042204 -0.013899 0.074752 0.12189 -0.01836 0.10763 0.0050681 0.013873 0.00047101 -0.027992 -0.003832 -0.012122 0.028289 -0.014781 0.03258 0.015604 -0.0093022 -0.03228 -0.0059461 0.068443 0.078943 -0.032362 0.05763 0.073787 0.065764 0.092394 0.08365 0.049207 0.07421 0.071361 0.094473 0.00010036 -0.017675 0.121 -0.02776 -0.026726 0.063896 0.13604
-0.0082741 -0.0056411 0.029357 0.0067861 -0.0039259 0.43861 0.17678 0.033673 0.073309 0.048297 -0.018355 0.020128 0.005982 -0.010015 0 0.2205 0.040055 0.068256 0.055353 0.038333 0.13558 0.089421 0.11049 0.23363 0.22929 0.12983 0.32251 0.12265 0.091935 0.10824 0.30895 0.17642 0.27425 0.074551 -0.030117 -0.011181 -0.04198 0.067653 0.077987 0.085386 0.063518 0.25726 0.23562 -0.019757 0.16531 0.081817 0.21522 -0.076047 0.04182 0.13198 0.095279 0.082831 0.040426 0.039802 0.053321 0.077386 0.10184 0.22825 0.15565 0.1347 0.30239 0.11345 0.054472 0.10312 0.26996 0.15495 0.28043 0.064021 -0.08213 -0.053882 -0.073471 0.057293 0.10697 0.059854 0.056293 0.2455 0.17459 -0.07043 0.094396 0.073608 0.20797 -0.079091 0.030168 0.14335 0.098465 0.076606
-0.10019 -0.09832 -0.031607 -0.016636 -0.027649 0.16984 0.25644 0.0019674 -0.022365 -0.05637 -0.11171 -0.032492 -0.0077411 -0.028686 0.2205 0 0.016414 -0.0063314 0.12027 -0.033115 0.048772 0.028186 0.07461 0.17398 0.051464 0.12222 -0.0086948 0.019408 0.022023 0.032043 0.14176 0.12779 0.097492 0.020265 0.013094 0.043013 0.050219 -0.055896 0.040493 -0.10904 0.07463 -0.027046 0.0045608 -0.10727 0.049769 0.039891 0.20718 -0.059512 0.042343 0.10806 0.013173 0.02988 0.10818 -0.037706 -0.023309 0.017021 0.041042 0.18069 -0.00625 0.12152 -0.027605 0.018598 -0.0014042 0.0283 0.10256 0.090782 0.10412 0.024937 -0.017875 -0.013526 0.010831 -0.067074 0.059637 -0.13027 0.081165 -0.048382 -0.028266 -0.14616 -0.01274 0.046469 0.21309 -0.080606 0.028786 0.13442 0.00056761 0.024315
0.0451 0.057971 0.12162 0.099509 0.025727 0.038785 -0.010229 0.11086 0.052295 0.036332 0.095931 0.14999 0.12209 0.0057981 0.040055 0.016414 0 0.072542 -0.024901 0.091184 -0.049713 0.030118 0.017112 -0.0075767 -0.021449 -0.038708 0.081157 0.033125 0.015137 0.032895 0.053803 -0.069998 0.007898 0.032043 -0.022385 -0.081396 -0.062658 0.051063 0.005161 0.068397 -0.0056521 0.073155 0.12264 -0.013496 0.017766 0.00074149 0.010461 -0.031435 -0.013775 -0.016813 0.04486 0.062897 -0.010932 0.078167 -0.03855 0.030546 0.0062997 0.014944 -0.02177 -0.017597 0.071063 0.028784 0.024368 0.020484 0.050416 -0.039035 0.022612 0.035006 -0.011556 -0.10548 -0.027147 0.053284 -0.0048727 0.075968 -0.0012984 0.072876 0.11912 0.018541 0.016414 0.0010277 0.021677 0.016202 -0.017759 -0.0035346 0.048517 0.071549
0.27081 0.21294 0.15997 0.15492 0.066117 0.070259 -0.031186 0.067962 0.2038 0.23382 0.25799 0.16048 0.16618 0.095998 0.068256 -0.0063314 0.072542 0 -0.065795 0.16972 0.035178 0.051611 0.038417 0.006908 0.054992 0.028594 0.12536 0.025419 0.093529 0.093195 0.015771 -0.03101 0.070849 0.094691 0.024063 -0.058656 -0.010397 0.17188 0.075905 0.19353 0.060315 0.15958 0.1401 0.11432 0.078388 0.054667 0.0050068 0.13043 -0.03812 0.026491 0.17205 0.19486 -0.0091226 0.18739 0.10539 0.063349 0.026204 0.0033805 0.10867 0.038634 0.15445 0.024782 0.12047 0.080699 0.069267 0.019234 0.056432 0.10771 0.12107 0.013047 0.088275 0.18994 0.070207 0.20888 0.082743 0.19771 0.14784 0.15466 0.17013 0.048549 0.018062 0.17484 -0.0011113 0.00094544 0.13641 0.21622
-0.1726 -0.11704 -0.037695 -0.061033 -0.020104 0.071516 0.15893 -0.032812 -0.049854 -0.081824 -0.20044 -0.082631 -0.066823 -0.026467 0.055353 0.12027 -0.024901 -0.065795 0 -0.038843 0.22968 0.048156 0.044802 0.27927 0.19775 0.27616 -0.17849 0.084274 0.083611 0.078798 0.019767 0.55948 0.0031725 -0.011037 0.5056 0.21817 0.56002 -0.040667 0.074819 -0.11722 0.17943 -0.078862 -0.14516 0.023281 0.18934 0.10719 0.74981 0.25547 0.10754 0.15854 0.18217 0.13638 0.6711 -0.048846 0.03165 0.028632 0.022659 0.23522 0.015836 0.19229 -0.21433 0.088155 0.014445 0.07406 -0.059864 0.31559 0.029518 0.0099094 0.23316 0.15653 0.2576 -0.07706 0.11677 -0.1766 0.13884 -0.15088 -0.12911 -0.10238 0.014855 0.076735 0.63388 0.0551 0.054086 0.16516 0.17809 0.097253
0.23727 0.26271 0.20772 0.29995 0.11093 0.044487 -0.037415 0.090484 0.16954 0.23406 0.29266 0.21397 0.27287 0.1317 0.038333 -0.033115 0.091184 0.16972 -0.038843 0 -0.10059 0.16214 0.052583 0.013768 -0.12359 -0.015652 0.0098207 0.03165 0.21082 0.18939 -0.094544 -0.27292 0.0089869 0.39316 0.20056 -0.22174 0.024278 0.28893 0.32262 0.41928 0.39403 0.091001 0.28777 0.26578 0.32559 0.25672 0.042337 0.37113 -0.12747 -0.043488 0.29253 0.57003 0.033676 0.59002 -0.090413 0.17839 0.0094367 -0.0014678 -0.10963 0.0026085 0.056616 0.033958 0.18307 0.159 -0.03977 -0.24017 0.026322 0.36765 0.30784 -0.23385 0.12747 0.2874 0.27775 0.44739 0.3891 0.16219 0.28417 0.25203 0.30651 0.20538 0.047266 0.46696 -0.15915 -0.082508 0.24431 0.55964
0.053129 0.044574 0.1187 -0.029093 0.00091108 0.15188 0.052498 -0.057883 0.0058428 0.25961 -0.022496 0.059573 -0.033061 -0.041379 0.13558 0.048772 -0.049713 0.035178 0.22968 -0.10059 0 -0.12752 0.071871 0.19345 0.72398 0.5641 0.19843 -0.062917 0.29097 -0.078733 0.11686 0.48643 0.17203 -0.093043 0.56601 0.45629 0.55109 -0.11565 -0.017457 0.10914 0.12275 0.31959 -0.034301 0.71095 0.41792 0.39725 0.081273 0.45906 0.014295 0.01173 -0.011595 -0.041237 0.0333 -0.10236 0.65534 -0.18233 0.062545 0.11557 0.52691 0.31556 0.06462 -0.032708 0.10021 -0.076202 0.060574 0.30716 0.12803 -0.0788 0.25617 0.35291 0.20881 -0.12682 -0.00038388 -0.017609 0.050808 0.16136 -0.11777 0.26193 0.088267 0.17312 0.07002 0.081071 0.063596 0.020054 0.0026865 -0.10239
-0.026314 0.09249 0.0018058 0.028751 -0.00023148 0.10379 0.030137 0.021763 0.070483 0.017079 0.068091 -0.027456 0.024174 0.013132 0.089421 0.028186 0.030118 0.051611 0.048156 0.16214 -0.12752 0 0.020607 0.32649 0.052527 -0.12693 0.1287 0.2383 0.037305 0.921 0.016951 -0.14017 0.15413 0.36753 -0.072177 -0.17591 -0.12894 0.87395 0.30666 0.082684 0.28578 0.28084 0.07275 -0.017251 0.091783 0.63513 0.17289 0.020775 -0.025837 0.020104 0.19153 0.22747 0.088528 0.14841 -0.24183 0.97411 0.0043095 0.3741 -0.067912 -0.07721 0.16253 0.31421 -0.011849 0.90964 -0.0073457 -0.1836 0.16332 0.33348 -0.11091 -0.25098 -0.15651 0.83619 0.35104 0.078348 0.29365 0.3069 0.082918 -0.08625 -0.0065051 0.57953 0.153 0.053678 -0.069826 0.019977 0.15735 0.20283
0.01802 0.018299 0.0093743 0.007741 0.011822 0.13408 0.073581 0.0007536 0.016575 0.047511 0.013332 -0.010201 0.013078 0.0096944 0.11049 0.07461 0.017112 0.038417 0.044802 0.052583 0.071871 0.020607 0 0.16086 0.11124 0.14367 0.059726 0.035399 0.097903 0.044285 0.09348 0.10823 0.096895 0.029999 0.068349 0.036833 0.071667 0.024757 0.047806 0.043063 0.055356 0.043401 0.060692 0.043917 0.071396 0.092452 0.10895 0.064908 0.030375 0.10144 0.05166 0.10241 0.01866 0.023129 0.036894 0.0083643 0.051062 0.1317 0.073545 0.11579 0.056772 0.025797 0.059741 0.044145 0.083082 0.071763 0.082161 0.0081833 0.051763 0.013302 0.040872 0.016855 0.03805 0.032103 0.047215 0.056921 0.032094 -0.0079103 0.042771 0.07609 0.080679 0.036407 0.014771 0.049104 0.030145 0.089131
-0.070954 -0.059656 -0.043413 -0.031737 -0.017538 0.22332 0.18401 -0.010472 0.0018064 -0.079698 -0.079947 -0.062089 -0.036633 -0.025682 0.23363 0.17398 -0.0075767 0.006908 0.27927 0.013768 0.19345 0.32649 0.16086 0 0.32336 0.36256 0.073563 0.54733 0.10196 0.51884 0.18164 0.2169 0.33152 0.1009 0.13682 0.040699 0.10198 0.27323 0.089777 -0.057199 0.1393 0.10186 0.036513 -0.01266 0.10033 0.50969 0.34586 0.012573 0.071986 0.15751 0.10989 0.13243 0.25727 0.034556 0.048221 0.29714 0.10502 0.81917 0.19694 0.35787 0.072594 0.5121 0.070094 0.51889 0.14079 0.19667 0.35125 0.10753 0.10527 -0.026711 0.12233 0.19686 0.14597 -0.047151 0.17651 0.14274 0.031419 -0.081401 0.045206 0.50992 0.27529 -0.0050333 0.047229 0.14177 0.082167 0.092175
0.037099 0.054758 0.022499 -0.097769 -0.021883 0.24804 0.07097 -0.048296 0.02693 0.20417 -0.0033377 -0.013772 -0.10028 -0.032868 0.22929 0.051464 -0.021449 0.054992 0.19775 -0.12359 0.72398 0.052527 0.11124 0.32336 0 0.51752 0.54744 0.053146 0.17844 0.099203 0.32232 0.6451 0.4169 -0.04263 0.24509 0.36129 0.24406 0.00254 -0.066575 0.20626 -0.10596 0.70862 0.12071 0.52572 0.37828 0.36241 0.10665 0.23071 0.15782 0.11451 0.002457 -0.098709 0.030498 -0.13275 0.48873 -0.027108 0.064924 0.2354 0.7377 0.31675 0.42404 0.056016 0.035058 0.088214 0.27362 0.53073 0.33345 -0.049795 0.030001 0.22911 0.051459 -0.018715 -0.058907 0.054845 -0.12528 0.52247 0.035601 0.13 0.1555 0.16177 0.080965 -0.023025 0.21244 0.13599 0.017657 -0.14723
0.12163 0.038227 0.043896 0.0065996 0.0015081 0.12918 0.13373 -0.02364 0.006242 0.22229 -0.027427 0.021762 -0.006203 -0.021424 0.12983 0.12222 -0.038708 0.028594 0.27616 -0.015652 0.5641 -0.12693 0.14367 0.36256 0.51752 0 -0.014386 0.095507 0.2513 -0.067484 0.073839 0.46082 0.11404 -0.037621 0.44787 0.38972 0.47248 -0.12173 0.014034 0.030783 0.13427 -0.025591 -0.079994 0.40051 0.22947 0.39757 0.18597 0.43307 0.020676 0.12534 0.0010774 0.093618 0.13059 -0.014619 0.32955 -0.15878 0.088589 0.27209 0.32375 0.57259 -0.11272 0.058821 0.13443 -0.064482 -0.0066025 0.30106 0.059162 -0.049412 0.26249 0.2479 0.31178 -0.14413 -0.0041922 -0.013717 0.070234 -0.061012 -0.11347 0.1072 0.026641 0.2729 0.14291 0.20009 0.03738 0.088743 0.00012989 0.036131
0.079741 0.14152 0.078651 0.0052505 -0.0043844 0.34158 0.0028195 0.054042 0.13135 0.1441 0.13838 0.074296 -0.0069418 0.011585 0.32251 -0.0086948 0.081157 0.12536 -0.17849 0.0098207 0.19843 0.1287 0.059726 0.073563 0.54744 -0.014386 0 0.021136 0.04487 0.12193 0.50405 0.22113 0.39563 0.065241 -0.22934 -0.040754 -0.2544 0.1549 0.034933 0.42213 -0.14266 0.82065 0.46955 0.097632 0.25903 -0.019755 -0.013049 -0.15797 0.13526 0.047801 0.1183 -0.037302 -0.16985 0.0049749 0.060817 0.086085 0.056203 0.056835 0.33451 -0.052453 0.77301 0.051238 -0.036365 0.10913 0.46516 0.2169 0.31284 0.044568 -0.31977 -0.12921 -0.28548 0.17875 0.047679 0.27472 -0.13849 0.71111 0.33887 -0.058428 0.1655 -0.11216 0.009222 -0.20374 0.11708 0.061773 0.098402 -0.066466
0.02887 0.079314 0.0081722 0.02197 -0.011818 0.1265 0.068059 0.020537 0.022385 -0.051867 0.064608 0.017143 0.044401 -0.011669 0.12265 0.019408 0.033125 0.025419 0.084274 0.03165 -0.062917 0.2383 0.035399 0.54733 0.053146 0.095507 0.021136 0 0.049662 0.41964 0.099571 0.023224 0.046817 0.052378 -0.004832 -0.0087145 0.0062475 0.33703 0.0013954 0.030205 0.062546 -0.027086 0.077339 -0.089468 -0.018211 0.30774 0.15521 -0.11547 0.018284 0.052342 0.11255 0.10852 0.14956 0.066963 -0.059585 0.24691 0.0268 0.56666 0.018742 0.16379 0.026209 0.95594 0.081489 0.35077 0.074196 0.055427 0.07954 0.050559 0.090787 -0.018284 0.090347 0.327 0.079482 0.038932 0.13074 0.012301 0.072839 -0.059737 0.0083049 0.36859 0.11895 0.0094111 0.026231 0.045974 0.088153 0.11265
0.18235 0.14414 0.19482 0.14732 0.070379 0.089918 0.020809 0.024228 0.079548 0.2049 0.12093 0.18458 0.13789 0.029517 0.091935 0.022023 0.015137 0.093529 0.083611 0.21082 0.29097 0.037305 0.097903 0.10196 0.17844 0.2513 0.04487 0.049662 0 0.05246 0.05713 0.087239 0.05876 0.063676 0.43935 0.29737 0.48153 0.099647 0.031358 0.25783 0.12203 0.093342 0.20498 0.45055 0.29881 0.18952 0.076838 0.39945 -0.035009 0.054053 0.13376 0.33129 0.084082 0.19682 0.2262 0.019489 0.053576 0.071367 0.14883 0.16572 -0.0071469 0.048314 0.39471 0.039984 0.053288 0.066115 0.018955 0.038066 0.36918 0.23621 0.4326 0.087395 0.034469 0.19131 0.1049 0.07077 0.15497 0.26473 0.22353 0.080233 0.073488 0.27612 0.0039672 -0.002021 0.12373 0.30947
-0.0012549 0.13386 0.026966 0.042997 0.0042435 0.12774 0.040344 0.011677 0.10247 0.022902 0.10912 0.0012754 0.036348 0.015946 0.10824 0.032043 0.032895 0.093195 0.078798 0.18939 -0.078733 0.921 0.044285 0.51884 0.099203 -0.067484 0.12193 0.41964 0.05246 0 0.035391 -0.12227 0.22131 0.37581 -0.034627 -0.16486 -0.075484 0.91304 0.33466 0.10712 0.28744 0.24523 0.082369 -0.0074486 0.082741 0.65783 0.20375 0.062999 -0.013396 0.014146 0.26659 0.27392 0.093975 0.16705 -0.17186 0.9125 0.013988 0.5314 -0.0040582 0.0047017 0.16322 0.46741 0.032061 0.93049 0.010976 -0.13561 0.23413 0.33455 -0.02262 -0.20991 -0.069696 0.87412 0.37404 0.11449 0.30651 0.29811 0.088966 -0.060267 0.018971 0.62438 0.17323 0.13319 -0.048216 0.0050573 0.22513 0.25056
-0.17155 -0.03532 -0.013404 -0.03602 -0.027645 0.30033 0.1684 0.063338 0.021022 -0.019698 -0.07301 -0.058596 -0.074083 -0.031236 0.30895 0.14176 0.053803 0.015771 0.019767 -0.094544 0.11686 0.016951 0.09348 0.18164 0.32232 0.073839 0.50405 0.099571 0.05713 0.035391 0 0.38094 0.27859 -0.019306 -0.15225 0.091435 -0.090357 -0.0027472 0.014795 -0.015775 -0.066851 0.39495 0.3906 -0.20592 0.27523 -0.092968 0.20016 -0.29078 0.27777 0.18225 0.029718 -0.082765 -0.047435 -0.12323 -0.16686 0.0006809 0.036173 0.1834 0.04644 0.014282 0.36653 0.12954 -0.10154 0.03286 0.55444 0.23597 0.22373 -0.020096 -0.3537 -0.11189 -0.28462 -0.016662 0.038369 -0.13673 -0.087713 0.20581 0.21772 -0.4062 0.010235 -0.11711 0.16046 -0.35488 0.21177 0.16994 0.02425 -0.123
-0.13522 -0.11291 -0.076052 -0.16125 -0.03709 0.21106 0.17241 -0.060819 -0.053986 0.042423 -0.20143 -0.14417 -0.16931 -0.060828 0.17642 0.12779 -0.069998 -0.03101 0.55948 -0.27292 0.48643 -0.14017 0.10823 0.2169 0.6451 0.46082 0.22113 0.023224 0.087239 -0.12227 0.38094 0 0.15685 -0.21167 0.22899 0.60248 0.37311 -0.19986 -0.1248 -0.087508 -0.13642 0.26139 -0.0079617 0.046624 0.37467 -0.092862 0.3969 0.12812 0.31292 0.28399 -0.071779 -0.19545 0.22086 -0.28378 0.17259 -0.192 0.07362 0.16045 0.30938 0.28578 0.056977 0.032954 -0.064239 -0.10291 0.2083 0.73993 0.093537 -0.19106 -0.1139 0.38254 -0.016022 -0.2245 -0.10369 -0.23206 -0.17867 -0.0091129 -0.11259 -0.25037 0.044612 -0.1302 0.29292 -0.21128 0.31475 0.26995 -0.048725 -0.22379
0.0057166 0.011792 -0.02748 -0.024783 -0.012028 0.27612 0.069777 0.021624 0.065504 0.04215 0.0077826 -0.034504 -0.024331 -0.0021272 0.27425 0.097492 0.007898 0.070849 0.0031725 0.0089869 0.17203 0.15413 0.096895 0.33152 0.4169 0.11404 0.39563 0.046817 0.05876 0.22131 0.27859 0.15685 0 0.10032 -0.04486 -0.031827 -0.077376 0.13114 0.05505 0.070878 -0.03065 0.4501 0.21377 0.068144 0.15214 0.13549 0.14804 -0.060613 0.057545 0.09418 0.092546 0.040918 0.034134 0.00011635 0.11801 0.12 0.066567 0.28389 0.30496 0.10566 0.38847 0.051296 0.009321 0.21622 0.27966 0.18466 0.44701 0.078912 -0.085327 -0.035511 -0.055247 0.1076 0.043015 0.044123 -0.023713 0.41929 0.1561 -0.015286 0.13205 0.078604 0.14017 -0.079681 0.082642 0.10267 0.066984 -0.0026824
0.11976 0.17522 0.048284 0.19109 0.022455 0.073578 0.015285 0.0464 0.12239 0.19749 0.12504 0.031602 0.1561 0.057311 0.074551 0.020265 0.032043 0.094691 -0.011037 0.39316 -0.093043 0.36753 0.029999 0.1009 -0.04263 -0.037621 0.065241 0.052378 0.063676 0.37581 -0.019306 -0.21167 0.10032 0 0.13014 -0.21674 -0.0036192 0.4243 0.5462 0.27339 0.60532 0.19657 0.088422 0.14854 0.31966 0.38984 0.16034 0.35507 -0.072813 -0.014048 0.3679 0.49404 0.02997 0.34663 -0.12033 0.34579 0.0036189 0.09008 -0.085697 -0.043999 0.093534 0.051211 0.038046 0.34349 -0.033226 -0.23385 0.13827 0.79152 0.17248 -0.23897 0.0514 0.40234 0.47286 0.32494 0.54935 0.25158 0.081749 0.1236 0.23793 0.31506 0.15354 0.41902 -0.10385 -0.039421 0.32165 0.46291
0.078886 0.10636 0.22801 0.17402 0.070744 -0.02364 0.030131 -0.026137 0.034923 0.22353 0.023504 0.19339 0.14513 0.021697 -0.030117 0.013094 -0.022385 0.024063 0.5056 0.20056 0.56601 -0.072177 0.068349 0.13682 0.24509 0.44787 -0.22934 -0.004832 0.43935 -0.034627 -0.15225 0.22899 -0.04486 0.13014 0 0.39336 0.85884 0.0037601 0.099112 0.083971 0.37117 -0.097829 -0.11191 0.56997 0.50208 0.30752 0.26772 0.66902 -0.053701 0.013508 0.13419 0.38361 0.26548 0.1928 0.3481 -0.093248 0.02752 0.067688 0.12432 0.21389 -0.2963 -0.009844 0.29015 -0.038716 -0.19096 0.05012 -0.04569 0.11513 0.66872 0.2745 0.61074 -0.026902 0.098056 0.022993 0.3108 -0.15655 -0.11902 0.22495 0.24892 0.17955 0.21227 0.44608 -0.045866 -0.029854 0.13696 0.33217
-0.0812 -0.07326 -0.01524 -0.095719 0.0011313 0.02531 0.079427 -0.084429 -0.06355 0.088388 -0.15554 -0.054321 -0.1105 -0.047015 -0.011181 0.043013 -0.081396 -0.058656 0.21817 -0.22174 0.45629 -0.17591 0.036833 0.040699 0.36129 0.38972 -0.040754 -0.0087145 0.29737 -0.16486 0.091435 0.60248 -0.031827 -0.21674 0.39336 0 0.61933 -0.16633 -0.14704 -0.12381 -0.083622 -0.081162 -0.16572 0.20841 0.24011 -0.078468 0.036586 0.20544 0.15212 0.091273 -0.078525 -0.12378 -0.023852 -0.22597 0.16827 -0.19256 0.039903 0.013384 0.092458 0.18018 -0.20895 -0.0048103 0.1005 -0.1565 -0.022737 0.26766 -0.044236 -0.18767 0.074213 0.55863 0.21695 -0.18164 -0.11242 -0.22952 -0.1044 -0.29804 -0.24217 -0.1532 -0.104 -0.14258 0.0014086 -0.065985 0.12003 0.076285 -0.063274 -0.13724
0.0020462 0.006999 0.14159 0.06501 0.052396 -0.015564 0.078146 -0.074098 -0.01329 0.19134 -0.070594 0.11115 0.051727 -0.010282 -0.04198 0.050219 -0.062658 -0.010397 0.56002 0.024278 0.55109 -0.12894 0.071667 0.10198 0.24406 0.47248 -0.2544 0.0062475 0.48153 -0.075484 -0.090357 0.37311 -0.077376 -0.0036192 0.85884 0.61933 0 -0.074646 -0.012708 -0.041721 0.25522 -0.22825 -0.2076 0.44685 0.3585 0.17866 0.25939 0.55728 0.028659 0.035892 0.029334 0.21741 0.2834 -0.021171 0.28274 -0.14007 0.048902 0.036816 0.0027793 0.2367 -0.35476 0.0044792 0.28011 -0.085546 -0.17474 0.089874 -0.082486 -0.005521 0.51021 0.46274 0.59681 -0.097411 0.021787 -0.1339 0.16972 -0.33619 -0.22908 0.067933 0.0078852 0.070692 0.18668 0.24159 -0.031518 -0.00051514 0.051305 0.17493
0.12473 0.24133 0.10418 0.13251 0.052289 0.087098 -0.016382 0.04911 0.18239 0.14507 0.24222 0.099159 0.13031 0.061268 0.067653 -0.055896 0.051063 0.17188 -0.040667 0.28893 -0.11565 0.87395 0.024757 0.27323 0.00254 -0.12173 0.1549 0.33703 0.099647 0.91304 -0.0027472 -0.19986 0.13114 0.4243 0.0037601 -0.16633 -0.074646 0 0.4033 0.23839 0.35584 0.27891 0.13185 0.040961 0.11674 0.55351 0.083112 0.13852 -0.055337 -0.025957 0.31862 0.3639 -0.014884 0.27862 -0.15809 0.83782 0.0036935 0.29155 -0.043351 -0.059709 0.19949 0.40326 0.087221 0.86955 0.0035744 -0.19573 0.14024 0.38683 0.029978 -0.18482 -0.036203 0.96726 0.4339 0.25552 0.37894 0.32452 0.14943 0.036806 0.086747 0.51656 0.06425 0.26211 -0.066634 -0.05044 0.28392 0.35669
0.048605 0.134 0.0033844 0.18322 0.075117 0.092996 0.053907 0.021621 0.096377 0.25945 0.05596 -0.00091323 0.10334 0.06079 0.077987 0.040493 0.005161 0.075905 0.074819 0.32262 -0.017457 0.30666 0.047806 0.089777 -0.066575 0.014034 0.034933 0.0013954 0.031358 0.33466 0.014795 -0.1248 0.05505 0.5462 0.099112 -0.14704 -0.012708 0.4033 0 0.10246 0.89632 0.081923 0.013239 0.061299 0.32953 0.42979 0.29953 0.42498 -0.015948 0.0372 0.49003 0.6082 0.052811 0.27769 -0.17056 0.279 0.0034584 0.077864 -0.15588 -0.04415 0.013708 0.0036444 -0.018934 0.30466 -0.027462 -0.21979 0.07941 0.49027 0.067197 -0.23236 -0.093892 0.36539 0.90061 0.12907 0.79192 0.084782 -0.0075072 -0.051598 0.14034 0.32901 0.2448 0.39712 -0.097897 -0.020717 0.40154 0.5031
0.3645 0.33424 0.20318 0.21225 0.094804 0.1041 -0.11957 0.07119 0.19708 0.31121 0.34943 0.22628 0.22095 0.088995 0.085386 -0.10904 0.068397 0.19353 -0.11722 0.41928 0.10914 0.082684 0.043063 -0.057199 0.20626 0.030783 0.42213 0.030205 0.25783 0.10712 -0.015775 -0.087508 0.070878 0.27339 0.083971 -0.12381 -0.041721 0.23839 0.10246 0 0.080412 0.54624 0.37508 0.43642 0.27951 0.16702 -0.098083 0.35263 -0.078762 -0.052889 0.20042 0.34945 -0.082087 0.38683 0.16606 0.087971 0.044645 -0.068251 0.25717 0.062044 0.4292 0.027607 0.2442 0.062246 0.094525 0.013629 0.036095 0.21682 0.1759 -0.075164 0.1071 0.25729 0.084201 0.69606 0.10564 0.52508 0.34228 0.438 0.34285 0.067148 -0.063521 0.3763 -0.089177 -0.086233 0.1932 0.36351
0.06396 0.11527 0.072085 0.27282 0.089627 0.062227 0.071752 0.013925 0.071617 0.27405 0.062419 0.056059 0.20538 0.062937 0.063518 0.07463 -0.0056521 0.060315 0.17943 0.39403 0.12275 0.28578 0.055356 0.1393 -0.10596 0.13427 -0.14266 0.062546 0.12203 0.28744 -0.066851 -0.13642 -0.03065 0.60532 0.37117 -0.083622 0.25522 0.35584 0.89632 0.080412 0 -0.08981 -0.036176 0.14233 0.49181 0.51324 0.31123 0.54782 -0.053336 0.015352 0.4168 0.63557 0.13814 0.34127 -0.080676 0.25601 0.0044404 0.12358 -0.21388 0.02334 -0.15589 0.069594 0.073115 0.27239 -0.12071 -0.25315 0.034194 0.57243 0.30918 -0.19404 0.094991 0.32205 0.82677 0.1134 0.91463 -0.040176 -0.047992 0.016278 0.26512 0.44371 0.2558 0.4865 -0.12667 -0.032308 0.33093 0.55203
0.17607 0.1901 0.083576 0.034414 0.010253 0.27061 -0.034377 0.044706 0.1553 0.23236 0.19068 0.06001 0.016141 0.038335 0.25726 -0.027046 0.073155 0.15958 -0.078862 0.091001 0.31959 0.28084 0.043401 0.10186 0.70862 -0.025591 0.82065 -0.027086 0.093342 0.24523 0.39495 0.26139 0.4501 0.19657 -0.097829 -0.081162 -0.22825 0.27891 0.081923 0.54624 -0.08981 0 0.43905 0.31989 0.3666 0.15755 0.017264 0.068701 0.133 0.05003 0.1198 0.045402 -0.061019 0.07259 0.19626 0.23019 0.052202 0.086228 0.5352 -0.022319 0.78303 0.044066 -0.0052885 0.22732 0.39704 0.32225 0.36767 0.143 -0.20497 -0.11656 -0.2305 0.2836 0.072645 0.41318 -0.086381 0.92123 0.35246 0.14354 0.31787 0.0074426 0.050073 -0.0073263 0.15906 0.077007 0.12753 0.015161
0.08875 0.16237 0.17565 0.13168 0.058632 0.22902 -0.00080855 0.11797 0.13958 0.086838 0.18757 0.17209 0.11522 0.058555 0.23562 0.0045608 0.12264 0.1401 -0.14516 0.28777 -0.034301 0.07275 0.060692 0.036513 0.12071 -0.079994 0.46955 0.077339 0.20498 0.082369 0.3906 -0.0079617 0.21377 0.088422 -0.11191 -0.16572 -0.2076 0.13185 0.013239 0.37508 -0.036176 0.43905 0 0.059012 0.358 -0.041586 0.025497 -0.0584 0.046822 0.036663 0.1548 0.18133 -0.093513 0.2685 -0.062673 0.062205 0.043026 0.023179 0.053409 -0.057148 0.43708 0.085335 0.13993 0.060131 0.41729 0.068255 0.1531 0.072167 -0.10142 -0.18141 -0.1143 0.13041 0.0066373 0.31391 -0.021465 0.3838 0.58162 0.034923 0.32801 -0.086488 0.059814 -0.016625 0.033511 0.044671 0.14102 0.17156
0.356 0.20981 0.25232 0.15679 0.07131 0.005216 -0.12385 -0.0012283 0.102 0.45103 0.1887 0.22768 0.13497 0.042011 -0.019757 -0.10727 -0.013496 0.11432 0.023281 0.26578 0.71095 -0.017251 0.043917 -0.01266 0.52572 0.40051 0.097632 -0.089468 0.45055 -0.0074486 -0.20592 0.046624 0.068144 0.14854 0.56997 0.20841 0.44685 0.040961 0.061299 0.43642 0.14233 0.31989 0.059012 0 0.46037 0.426 -0.10566 0.65932 -0.12792 -0.087454 0.086437 0.25789 -0.0008449 0.22569 0.55692 -0.036554 0.03626 -0.049602 0.45298 0.23167 0.043042 -0.077529 0.28955 -0.029001 -0.13807 0.081672 0.023764 0.11238 0.44047 0.21031 0.3322 0.045156 0.011733 0.37013 0.10426 0.29349 0.032277 0.69765 0.28697 0.21196 -0.069809 0.43721 -0.09083 -0.12915 0.083019 0.20082
0.004529 0.15633 0.18921 0.1614 0.065524 0.18179 0.070727 0.0085126 0.073588 0.26438 0.06291 0.10477 0.11808 0.047604 0.16531 0.049769 0.017766 0.078388 0.18934 0.32559 0.41792 0.091783 0.071396 0.10033 0.37828 0.22947 0.25903 -0.018211 0.29881 0.082741 0.27523 0.37467 0.15214 0.31966 0.50208 0.24011 0.3585 0.11674 0.32953 0.27951 0.49181 0.3666 0.358 0.46037 0 0.29907 0.18952 0.48683 0.11959 0.067569 0.20012 0.31181 0.033065 0.24127 0.087456 0.039795 0.045677 0.063639 0.0354 0.086293 0.10445 0.0090386 0.041816 0.073985 0.13638 0.09824 0.12902 0.31758 0.15832 -0.047845 0.031978 0.088796 0.28547 0.14018 0.40506 0.13278 0.17006 -0.00033901 0.50478 0.16319 0.18183 0.21105 0.087911 0.050971 0.18568 0.24656
0.17137 0.12152 0.051989 0.1071 0.010396 0.086736 0.034375 0.0072278 0.050794 0.25569 0.080322 0.066576 0.089461 0.012588 0.081817 0.039891 0.00074149 0.054667 0.10719 0.25672 0.39725 0.63513 0.092452 0.50969 0.36241 0.39757 -0.019755 0.30774 0.18952 0.65783 -0.092968 -0.092862 0.13549 0.38984 0.30752 -0.078468 0.17866 0.55351 0.42979 0.16702 0.51324 0.15755 -0.041586 0.426 0.29907 0 0.088824 0.51918 -0.057417 -0.0065726 0.16798 0.35911 0.083421 0.23795 0.19292 0.59717 0.04687 0.47188 0.21305 0.33155 0.024611 0.28122 0.12678 0.66058 -0.09136 -0.12346 0.1525 0.34611 0.30121 -0.10526 0.16225 0.53784 0.37311 0.18959 0.46275 0.25844 -0.028008 0.23864 0.16138 0.93873 0.036437 0.43553 -0.069836 -0.033032 0.14248 0.30861
-0.20065 -0.1201 -0.072985 -0.032222 0.003185 0.22219 0.24086 0.0040422 -0.0046848 -0.13342 -0.17811 -0.10565 -0.060767 -0.020823 0.21522 0.20718 0.010461 0.0050068 0.74981 0.042337 0.081273 0.17289 0.10895 0.34586 0.10665 0.18597 -0.013049 0.15521 0.076838 0.20375 0.20016 0.3969 0.14804 0.16034 0.26772 0.036586 0.25939 0.083112 0.29953 -0.098083 0.31123 0.017264 0.025497 -0.10566 0.18952 0.088824 0 0.12053 0.075972 0.23352 0.56877 0.31096 0.60763 0.033113 -0.089346 0.13865 0.072701 0.32513 -0.055993 0.091084 -0.064833 0.13662 0.016547 0.19114 0.11687 0.20765 0.15911 0.19681 0.10833 -0.047436 0.071328 0.017246 0.33652 -0.11623 0.3058 -0.018286 0.027612 -0.1999 0.05181 0.10387 0.85804 0.048996 0.032704 0.21141 0.46863 0.25369
0.3383 0.22372 0.17529 0.23901 0.10735 -0.062495 -0.054182 -0.00046626 0.1121 0.37786 0.21128 0.17509 0.21731 0.079181 -0.076047 -0.059512 -0.031435 0.13043 0.25547 0.37113 0.45906 0.020775 0.064908 0.012573 0.23071 0.43307 -0.15797 -0.11547 0.39945 0.062999 -0.29078 0.12812 -0.060613 0.35507 0.66902 0.20544 0.55728 0.13852 0.42498 0.35263 0.54782 0.068701 -0.0584 0.65932 0.48683 0.51918 0.12053 0 -0.081939 -0.033765 0.29634 0.57986 0.20237 0.36087 0.38922 0.011802 0.025846 -0.050041 0.28826 0.2977 -0.15601 -0.094588 0.32097 0.039956 -0.25964 0.12521 -0.049081 0.29465 0.61876 0.23767 0.50927 0.12939 0.32309 0.32901 0.47599 0.12705 -0.033269 0.49069 0.41438 0.36559 0.10938 0.82733 -0.060561 -0.075145 0.23037 0.51524
-0.10923 -0.046195 -0.054615 -0.07212 -0.029312 0.055672 0.043687 -0.0045204 -0.029499 -0.028442 -0.088456 -0.088045 -0.087399 -0.042204 0.04182 0.042343 -0.013775 -0.03812 0.10754 -0.12747 0.014295 -0.025837 0.030375 0.071986 0.15782 0.020676 0.13526 0.018284 -0.035009 -0.013396 0.27777 0.31292 0.057545 -0.072813 -0.053701 0.15212 0.028659 -0.055337 -0.015948 -0.078762 -0.053336 0.133 0.046822 -0.12792 0.11959 -0.057417 0.075972 -0.081939 0 0.092523 -0.069888 -0.1256 0.034939 -0.14485 -0.11595 -0.022488 0.0065551 0.064439 -0.023865 0.014989 0.062721 0.031731 -0.10422 -0.011164 0.15275 0.19434 0.03263 -0.05307 -0.17212 0.044476 -0.1302 -0.051016 0.0014434 -0.16325 -0.072507 0.0023855 -0.0099361 -0.26897 -0.021953 -0.041425 0.065885 -0.18222 0.21435 0.08809 -0.036669 -0.14322
-0.070203 -0.058547 -0.051264 -0.021882 -0.020643 0.15446 0.13634 0.00058842 -0.018858 -0.0049222 -0.081123 -0.073512 -0.047974 -0.013899 0.13198 0.10806 -0.016813 0.026491 0.15854 -0.043488 0.01173 0.020104 0.10144 0.15751 0.11451 0.12534 0.047801 0.052342 0.054053 0.014146 0.18225 0.28399 0.09418 -0.014048 0.013508 0.091273 0.035892 -0.025957 0.0372 -0.052889 0.015352 0.05003 0.036663 -0.087454 0.067569 -0.0065726 0.23352 -0.033765 0.092523 0 0.034308 0.026774 0.092835 -0.066038 -0.059743 0.0079847 0.038514 0.12902 0.015434 0.095285 0.028409 0.048336 -0.030919 0.030711 0.13533 0.20861 0.067661 -0.012427 -0.04475 0.025083 -0.033422 -0.036635 0.023276 -0.09455 -0.0049552 0.0078451 0.0032625 -0.15089 0.023292 -0.00911 0.20016 -0.079688 0.10016 0.16944 0.021638 0.0075728
0.030477 0.16901 0.073935 0.12971 0.064688 0.1192 0.017022 0.047264 0.12773 0.038482 0.16906 0.066212 0.11954 0.074752 0.095279 0.013173 0.04486 0.17205 0.18217 0.29253 -0.011595 0.19153 0.05166 0.10989 0.002457 0.0010774 0.1183 0.11255 0.13376 0.26659 0.029718 -0.071779 0.092546 0.3679 0.13419 -0.078525 0.029334 0.31862 0.49003 0.20042 0.4168 0.1198 0.1548 0.086437 0.20012 0.16798 0.56877 0.29634 -0.069888 0.034308 0 0.50615 0.24626 0.2963 -0.0041076 0.1915 0.039908 0.11604 0.010211 -0.011633 0.10176 0.099555 0.13883 0.23591 0.052969 -0.054923 0.11005 0.3552 0.18432 -0.077676 0.095931 0.29005 0.45494 0.23906 0.40651 0.16558 0.16808 0.075724 0.20174 0.1519 0.54305 0.36248 -0.047468 -0.0049228 0.65713 0.46339
0.22394 0.285 0.18569 0.34918 0.14593 0.086715 0.034455 0.086423 0.18583 0.22762 0.27959 0.19191 0.31592 0.12189 0.082831 0.02988 0.062897 0.19486 0.13638 0.57003 -0.041237 0.22747 0.10241 0.13243 -0.098709 0.093618 -0.037302 0.10852 0.33129 0.27392 -0.082765 -0.19545 0.040918 0.49404 0.38361 -0.12378 0.21741 0.3639 0.6082 0.34945 0.63557 0.045402 0.18133 0.25789 0.31181 0.35911 0.31096 0.57986 -0.1256 0.026774 0.50615 0 0.18034 0.5396 -0.006641 0.22275 0.055582 0.089427 -0.049231 0.065836 -0.0014769 0.1084 0.32349 0.24296 -0.054087 -0.15277 0.057116 0.46072 0.49412 -0.085453 0.34176 0.35254 0.53506 0.40289 0.60573 0.15364 0.19905 0.25838 0.34332 0.30553 0.28411 0.64692 -0.13137 -0.03137 0.41418 0.77452
-0.051131 -0.12251 -0.030758 -0.018415 -0.0073621 0.029473 0.096065 -0.018072 -0.035215 -0.15121 -0.14592 -0.030715 0.002091 -0.01836 0.040426 0.10818 -0.010932 -0.0091226 0.6711 0.033676 0.0333 0.088528 0.01866 0.25727 0.030498 0.13059 -0.16985 0.14956 0.084082 0.093975 -0.047435 0.22086 0.034134 0.02997 0.26548 -0.023852 0.2834 -0.014884 0.052811 -0.082087 0.13814 -0.061019 -0.093513 -0.0008449 0.033065 0.083421 0.60763 0.20237 0.034939 0.092835 0.24626 0.18034 0 0.041473 0.14705 0.095719 0.036486 0.28219 0.13664 0.19475 -0.16591 0.096875 0.11246 0.089216 -0.038007 0.3884 0.043221 0.048686 0.40792 0.14119 0.43909 -0.048871 0.096161 -0.044499 0.18848 0.0026098 -0.047475 0.023656 0.21335 0.077649 0.72353 0.21002 0.040469 0.16299 0.21447 0.16922
