0,0.342663079500198,0.274804085493088,0.28329473733902,0.0841199904680252,-0.0032025866676122,-0.0886202231049538,0.0621176660060883,0.212383180856705,0.721560001373291,0.419363290071487,0.361064553260803,0.295110464096069,0.111399382352829,0.00133531086612493,-0.097531221807003,0.0463565401732922,0.266620874404907,-0.145806923508644,0.235011413693428,0.0784016251564026,-0.0400508418679237,0.0281897988170385,-0.0571275018155575,0.0923464745283127,0.146162152290344,0.107916623353958,0.00723619060590863,0.194759592413902,-0.0161464940756559,-0.146853342652321,-0.101193964481354,0.0182321891188622,0.114990070462227,0.0956204906105995,-0.0494850873947144,0.0258263889700174,0.0919752344489098,0.044547576457262,0.373045474290848,0.064677968621254,0.202198848128319,0.0964746922254562,0.376144796609879,0.0437318906188011,0.170391708612442,-0.166075512766838,0.355572372674942,-0.096749521791935,-0.0614341534674168,0.0329614691436291,0.224773928523064,-0.0229014754295349,0.271636426448822,0.416983097791672,-0.0341991372406483,0.036119569092989,-0.0868487134575844,0.378921687602997,0.246171087026596,0.201644077897072,-0.0143150445073843,0.322216808795929,-0.0517366528511047,-0.0228242538869381,0.124846071004868,0.0271971002221107,0.125130623579025,0.385367631912231,0.204086303710938,0.295832395553589,0.105470396578312,0.0477172322571278,0.446926355361938,0.166385799646378,0.326607346534729,0.175881057977676,0.591757655143738,0.39796581864357,0.178709581494331,-0.117933601140976,0.527249932289124,-0.0016158246435225,-0.0828865990042686,0.0482301451265812,0.270932525396347
0.342663079500198,0,0.255694299936295,0.279892295598984,0.113419681787491,0.0127195836976171,-0.0810829028487206,0.0742364898324013,0.226543337106705,0.356090039014816,0.496185034513474,0.274017959833145,0.263922661542892,0.0964737311005592,-0.00751951802521944,-0.0983536392450333,0.0587028451263905,0.215235188603401,-0.10825427621603,0.263049423694611,0.0459912270307541,0.0784969329833984,0.0192260164767504,-0.064006969332695,0.061993595212698,0.0387344062328339,0.140509083867073,0.0664050579071045,0.149266481399536,0.118135020136833,-0.0345433875918388,-0.112913943827152,0.00993764866143465,0.165620520710945,0.117583647370338,-0.0619182884693146,0.0167804677039385,0.223118305206299,0.120196916162968,0.336893230676651,0.109528452157974,0.19206514954567,0.158214285969734,0.220027521252632,0.16468071937561,0.114877015352249,-0.112303487956524,0.23304708302021,-0.048767477273941,-0.0556880533695221,0.163953959941864,0.286348730325699,-0.113189555704594,0.254400104284286,0.0668762102723122,0.0788193121552467,0.014102041721344,-0.086599163711071,0.0663986653089523,-0.00855144113302231,0.13302831351757,0.0632142573595047,0.135580494999886,0.073503315448761,-0.012956352904439,-0.0959535390138626,-0.0186211355030537,0.0954117551445961,0.162618592381477,-0.0282844472676516,0.0803501754999161,0.256103485822678,0.0673506259918213,0.314301431179047,0.086564689874649,0.186504140496254,0.151160255074501,0.194245398044586,0.16717840731144,0.0515810213983059,-0.120433032512665,0.225940898060799,-0.0510958693921566,-0.0771254673600197,0.154004648327827,0.258937120437622
0.274804085493088,0.255694299936295,0,0.397970914840698,0.104403950273991,0.0321208648383617,-0.0186707880347967,0.148891508579254,0.14418551325798,0.293658763170242,0.276435494422913,0.581685483455658,0.385162711143494,0.0678947791457176,0.0263689551502466,-0.031313594430685,0.12196496874094,0.15653133392334,-0.0258791353553534,0.214102298021317,0.121234051883221,-0.00560994353145361,0.0107941180467606,-0.0441743060946465,0.0319144539535046,0.0524834021925926,0.0819650515913963,-0.00802494119852781,0.200633108615875,0.0153296533972025,-0.0117434393614531,-0.0735585615038872,-0.031161442399025,0.0463215671479702,0.237801238894463,-0.00305500417016447,0.148054406046867,0.0812442526221275,0.00118252949323505,0.212209075689316,0.0755182355642319,0.0858983546495438,0.174397140741348,0.258686304092407,0.19788384437561,0.050163809210062,-0.0650913342833519,0.193379148840904,-0.0561337880790234,-0.0466073378920555,0.0747560858726501,0.18814717233181,-0.0206738039851189,0.183952301740646,0.113890171051025,-0.020106291398406,0.0319451987743378,-0.0704132542014122,0.0263909492641687,0.0255285482853651,0.0652655437588692,0.00184726133011281,0.171165019273758,-0.018567306920886,0.00073611072730273,-0.0782792344689369,-0.0194353461265564,0.0195933636277914,0.205507725477219,-0.0206848885864019,0.146739795804024,0.0877982676029205,-0.0233423784375191,0.205806568264961,0.0843746215105057,0.076249472796917,0.128335356712341,0.18253780901432,0.16328039765358,-0.0010798117145896,-0.0612840428948402,0.189897641539574,-0.0670097693800926,-0.0583779476583004,0.0891951248049736,0.179728642106056
0.28329473733902,0.279892295598984,0.397970914840698,0,0.197316661477089,0.0128084933385253,-0.007517971098423,0.113296739757061,0.147420629858971,0.265239685773849,0.286433458328247,0.381542295217514,0.646562457084656,0.126505076885223,0.00555097870528698,-0.017465541139245,0.0980442017316818,0.153703823685646,-0.0460561066865921,0.30955496430397,-0.023059718310833,0.0307778622955084,0.0122862011194229,-0.0299579426646233,-0.0836374908685684,0.00913603138178587,0.00879140011966228,0.0149512123316526,0.159388244152069,0.0417240113019943,-0.0292925648391247,-0.15452016890049,-0.0256555881351233,0.192349269986153,0.1869225949049,-0.0812526568770409,0.0751221850514412,0.121027864515781,0.1781937032938,0.223585218191147,0.277668327093124,0.0408537872135639,0.139670878648758,0.167620196938515,0.174174472689629,0.106548994779587,-0.0193661339581013,0.255179554224014,-0.0727449581027031,-0.0188401248306036,0.135381817817688,0.355351120233536,-0.00959190353751183,0.292494565248489,0.0166453588753939,0.0343335345387459,0.00925542414188385,-0.0459321439266205,-0.04540004581213,-0.0182934775948524,0.0256972275674343,0.0216363184154034,0.15666189789772,0.018858402967453,-0.0194010902196169,-0.13203701376915,0.00426896195858717,0.152872294187546,0.26429882645607,-0.056085079908371,0.15854999423027,0.13790687918663,0.110274061560631,0.256878286600113,0.26015630364418,0.0809187889099121,0.141381978988647,0.185041666030884,0.194198444485664,0.0788353011012077,-0.0339284129440784,0.312123417854309,-0.0715678110718727,-0.0594935715198517,0.132716134190559,0.35301461815834
0.0841199904680252,0.113419681787491,0.104403950273991,0.197316661477089,0,-0.00154695345554501,-0.0175989009439945,0.0204054843634367,0.0565305687487125,0.0976322218775749,0.100521430373192,0.113755628466606,0.167998626828194,0.045671071857214,-0.00457718269899487,-0.0262831505388021,0.0245399475097656,0.0632602199912071,-0.0138502009212971,0.108335398137569,0.00367208034731448,0.00234914547763765,0.00903909467160702,-0.0141405472531915,-0.0158227812498808,0.00340369902551174,-0.00452819466590881,-0.0119242304936051,0.0737820863723755,0.00737084820866585,-0.0250081270933151,-0.0330073833465576,-0.0111675262451172,0.0240240171551704,0.0733673870563507,0.00659275101497769,0.0558160208165646,0.0487429313361645,0.0703111588954926,0.0935293510556221,0.0888681337237358,0.0115888258442283,0.0577808022499084,0.0731907784938812,0.0692148804664612,0.0107031865045428,0.00920454692095518,0.110568426549435,-0.0272223465144634,-0.0201622527092695,0.0623682700097561,0.144488960504532,-0.00434848247095942,0.112910412251949,-0.0171784777194262,-0.00268261879682541,-0.0118322093039751,-0.0351522862911224,-0.0349327847361565,-0.0121405413374305,-0.00306011433713138,-0.00335333356633782,0.0652987733483315,-0.00994358118623495,-0.0182435270398855,-0.0432302094995975,-0.0203662030398846,0.0261912047863007,0.0858074948191643,-0.0061047556810081,0.0645474717020988,0.050811268389225,0.0521380603313446,0.0785152986645699,0.0766064003109932,0.00180326297413558,0.031556461006403,0.0438213050365448,0.0536121428012848,-0.0118157034739852,-0.00682250177487731,0.105883330106735,-0.0390364825725555,-0.0221416000276804,0.0453919060528278,0.129872605204582
-0.0032025866676122,0.0127195836976171,0.0321208648383617,0.0128084933385253,-0.00154695345554501,0,0.169036254286766,0.0207227766513824,0.0879023671150208,0.0582918785512447,-0.00176896154880524,0.0231574196368456,0.00408756686374545,-0.0176991652697325,0.438264489173889,0.171348184347153,0.0396974571049213,0.0697227045893669,0.0706598460674286,0.0446545742452145,0.147868394851685,0.0967246741056442,0.136028960347176,0.223861366510391,0.237658739089966,0.127916544675827,0.339962244033813,0.130090847611427,0.0866202935576439,0.123283341526985,0.302378535270691,0.208501800894737,0.279417812824249,0.0749327912926674,-0.0280845314264297,0.0223618671298027,-0.0196835566312075,0.0842489451169968,0.0928201526403427,0.0970146059989929,0.0617664121091366,0.270410001277924,0.232240051031113,-0.00302108027972281,0.178008481860161,0.0804896652698517,0.222388982772827,-0.0699489116668701,0.0549395568668842,0.152675896883011,0.116295352578163,0.0860347226262093,0.0346868894994259,0.0299869552254677,0.0178395453840494,0.0767898038029671,0.0897027924656868,0.212684452533722,0.128728240728378,0.093924455344677,0.28847199678421,0.133329004049301,0.0219313688576221,0.112036734819412,0.276894688606262,0.144600227475166,0.235902100801468,0.068821556866169,-0.104014694690704,-0.0449174493551254,-0.0850769206881523,0.0625842362642288,0.100721560418606,0.0394693836569786,0.0539566650986671,0.225295647978783,0.157047778367996,-0.0828654766082764,0.084577701985836,0.048333253711462,0.187995806336403,-0.10313692688942,0.0545491464436054,0.1237553358078,0.0991649702191353,0.0558463111519814
-0.0886202231049538,-0.0810829028487206,-0.0186707880347967,-0.007517971098423,-0.0175989009439945,0.169036254286766,0,-0.00726271886378527,-0.00743031222373247,-0.0421133786439896,-0.104348905384541,-0.0425277724862099,-0.0279607065021992,-0.0259601622819901,0.174423158168793,0.254455536603928,-0.00920476485043764,-0.0320844613015652,0.150927379727364,-0.0395511239767075,0.0475993044674397,0.0271028857678175,0.074721060693264,0.178410097956657,0.0629363283514977,0.130644947290421,0.00184016558341682,0.071768693625927,0.0155183961614966,0.0384156405925751,0.164886340498924,0.169952854514122,0.0705141499638557,0.0171887073665857,0.0213742628693581,0.0756489709019661,0.071202889084816,-0.0116639565676451,0.0552673004567623,-0.122314535081387,0.07126584649086,-0.038319893181324,0.00249641994014382,-0.134196445345879,0.0661219656467438,0.0235844030976295,0.234327584505081,-0.0650122463703156,0.0448604859411716,0.135746017098427,0.0172479394823313,0.0280648283660412,0.0908541157841682,-0.0487992987036705,-0.0598868392407894,0.0168518777936697,0.0297129079699516,0.156963586807251,-0.0362249128520489,0.073175460100174,-0.0290172975510359,0.0610408894717693,-0.0205635167658329,0.0358761921525002,0.0911408737301826,0.0938635766506195,0.0559917576611042,0.0223813019692898,-0.0555568337440491,-0.0150579446926713,-0.0230810530483723,-0.0301844254136086,0.0603665970265865,-0.136435404419899,0.0716205462813377,-0.0620116963982582,-0.0204426217824221,-0.188770398497581,-0.0153165953233838,0.0317138805985451,0.189037904143333,-0.125738337635994,0.031059792265296,0.111748866736889,0.00130977784283459,-0.00215850071981549
0.0621176660060883,0.0742364898324013,0.148891508579254,0.113296739757061,0.0204054843634367,0.0207227766513824,-0.00726271886378527,0,0.0577690824866295,0.0415284335613251,0.0792116597294807,0.131489962339401,0.110422737896442,0.0169729702174664,0.032747745513916,0.00389460544101894,0.11017220467329,0.0678193643689156,-0.0366440266370773,0.0967907682061195,-0.0607281774282455,0.0218060091137886,-0.000257682986557484,-0.0107546905055642,-0.0482510440051556,-0.0240105353295803,0.0545971728861332,0.0155103383585811,0.0281580965965986,0.00968269724398851,0.0660984367132187,-0.061250202357769,0.0221006777137518,0.0489050783216953,-0.0225611850619316,-0.0805278196930885,-0.0721993818879128,0.0467992536723614,0.0244910400360823,0.0738161504268646,0.0181564912199974,0.0445061139762402,0.122377090156078,0.000147942453622818,0.0119765745475888,0.00909509975463152,0.00690213451161981,0.00279568764381111,-0.00510859163478017,-0.000818889413494617,0.048457995057106,0.089889295399189,-0.0197737142443657,0.0796060785651207,-0.0429100506007671,0.0255790911614895,-0.00435305619612336,-0.00247593456879258,-0.0254512969404459,0.00273217889480293,0.0670812204480171,0.0306056682020426,0.0345210023224354,0.00284347380511463,0.0663944855332375,-0.0422538630664349,0.0102241476997733,0.0471622608602047,0.00362011441029608,-0.087009958922863,-0.011192237958312,0.0523337163031101,0.0146823832765222,0.0797933489084244,0.0373864695429802,0.058332733809948,0.101825922727585,0.0192894134670496,0.0345815308392048,0.00775265414267778,0.0159079749137163,0.0579576827585697,-0.0184040870517492,0.00125265656970441,0.0610590204596519,0.0933714956045151
0.212383180856705,0.226543337106705,0.14418551325798,0.147420629858971,0.0565305687487125,0.0879023671150208,-0.00743031222373247,0.0577690824866295,0,0.223701670765877,0.233385026454926,0.133309334516525,0.139085173606873,0.0492462702095509,0.0700913965702057,-0.019893404096365,0.0540890470147133,0.200915604829788,-0.044236283749342,0.170363754034042,0.00508432369679213,0.0617702044546604,0.0193295385688543,-0.00279757776297629,0.0272022318094969,0.00330807734280825,0.130042850971222,0.0167958755046129,0.0797738283872604,0.089397981762886,0.0194500479847193,-0.0558048896491528,0.0652731508016586,0.120089255273342,0.0387746319174767,-0.0550662949681282,-0.00922620762139559,0.166521906852722,0.0948225408792496,0.198000684380531,0.0689326450228691,0.153463006019592,0.138250604271889,0.102701596915722,0.0794170796871185,0.048865582793951,0.00380840920843184,0.11398807913065,-0.033102922141552,-0.0188088174909353,0.126400783658028,0.1840540766716,-0.0288972333073616,0.172970920801163,0.0415470004081726,0.0559682324528694,0.0276191979646683,-0.0191636439412832,0.0544223450124264,0.0152464890852571,0.147570982575417,0.0113754430785775,0.0949714481830597,0.076543465256691,0.0590264201164246,-0.0163490641862154,0.0318627133965492,0.0746324434876442,0.0838075801730156,-0.0312132854014635,0.0395917445421219,0.171194836497307,0.0722724348306656,0.188643783330917,0.0643179342150688,0.173051431775093,0.13983291387558,0.107253521680832,0.126026287674904,0.0170928705483675,0.00294972467236221,0.152704387903214,-0.0375043824315071,-0.00734478328377008,0.125385329127312,0.177030712366104
0.721560001373291,0.356090039014816,0.293658763170242,0.265239685773849,0.0976322218775749,0.0582918785512447,-0.0421133786439896,0.0415284335613251,0.223701670765877,0,0.329629927873611,0.289770662784576,0.224137932062149,0.0991060882806778,0.0488668978214264,-0.0566676557064056,0.0351592414081097,0.236951932311058,-0.0592960976064205,0.229919001460075,0.265707015991211,-0.00979368109256029,0.0497778691351414,-0.0881152004003525,0.226458013057709,0.23372358083725,0.148492336273193,-0.0756285712122917,0.209022551774979,-0.00469307322055101,-0.0203033648431301,0.0518286004662514,0.0422176010906696,0.185635775327682,0.235283076763153,0.103001862764359,0.197089284658432,0.109605178236961,0.24666140973568,0.314378798007965,0.26337519288063,0.239443644881248,0.0849499851465225,0.459317833185196,0.276391327381134,0.237875685095787,-0.12066812813282,0.39378222823143,-0.0217603072524071,-0.00402044644579291,0.0342626646161079,0.222128644585609,-0.128946587443352,0.171501591801643,0.147572904825211,-0.0168397333472967,0.0257700700312853,-0.107196696102619,0.133797317743301,0.12563356757164,0.10705441236496,-0.0445849895477295,0.108150489628315,-0.0177180245518684,-0.0186899062246084,0.0154295908287168,0.024169597774744,0.119601249694824,0.153621062636375,0.0529220812022686,0.064644917845726,0.121759846806526,0.13450576364994,0.261420667171478,0.155941754579544,0.159909650683403,0.0585916340351105,0.249136552214622,0.108564279973507,0.0776309743523598,-0.102048143744469,0.331056088209152,-0.0385681167244911,-0.057755883783102,0.0537641681730747,0.18672339618206
0.419363290071487,0.496185034513474,0.276435494422913,0.286433458328247,0.100521430373192,-0.00176896154880524,-0.104348905384541,0.0792116597294807,0.233385026454926,0.329629927873611,0,0.330625474452972,0.310684770345688,0.110489875078201,-0.0126126315444708,-0.109918773174286,0.0986069142818451,0.254255533218384,-0.186392948031425,0.292041778564453,-0.0123778181150556,0.0590210258960724,0.0191298890858889,-0.0819782614707947,0.017830828204751,-0.021267706528306,0.146809592843056,0.0478169359266758,0.130688637495041,0.0965024009346962,-0.0589234121143818,-0.186159804463387,0.00995964184403419,0.116024985909462,0.0368363559246063,-0.134035885334015,-0.0526416935026646,0.22276097536087,0.046015240252018,0.348497331142426,0.0576847605407238,0.198826104402542,0.187172055244446,0.202965915203094,0.0818507820367813,0.0775783210992813,-0.162593588232994,0.219450414180756,-0.0859649330377579,-0.0743629932403564,0.162534102797508,0.278091162443161,-0.131201073527336,0.303211092948914,0.14983905851841,0.0720154941082001,0.00773440347984433,-0.109341368079185,0.150382325053215,-0.0030761188827455,0.197541922330856,0.0272776149213314,0.189070135354996,0.0545356087386608,-0.00319057377055287,-0.0697530135512352,0.00190359866246581,0.121470868587494,0.238562598824501,-0.00285818218253553,0.151158303022385,0.260846555233002,0.0266643334180117,0.3973768055439,0.0983443260192871,0.26538935303688,0.20445117354393,0.310043424367905,0.265024781227112,0.0562643855810165,-0.135705187916756,0.314584165811539,-0.0417856052517891,-0.10310285538435,0.169667899608612,0.299906939268112
0.361064553260803,0.274017959833145,0.581685483455658,0.381542295217514,0.113755628466606,0.0231574196368456,-0.0425277724862099,0.131489962339401,0.133309334516525,0.289770662784576,0.330625474452972,0,0.406698077917099,0.0840207561850548,0.0239040944725275,-0.0322939865291119,0.146762952208519,0.154299825429916,-0.0682753548026085,0.217979997396469,0.0694169402122498,-0.0330347940325737,-0.00523965014144778,-0.0632004141807556,0.00339697301387787,0.0321082174777985,0.0843020156025887,-0.00139287952333689,0.193993300199509,-0.00732810236513615,-0.0485610775649548,-0.13371117413044,-0.0331600829958916,0.0347005128860474,0.20165491104126,-0.0388648025691509,0.119549661874771,0.0772085413336754,-0.00106211716774851,0.234436735510826,0.0603952594101429,0.0698812007904053,0.176422446966171,0.238084450364113,0.121930159628391,0.0639646872878075,-0.0933392941951752,0.192289963364601,-0.0859083086252213,-0.0660305172204971,0.0683313086628914,0.192954957485199,-0.0208624806255102,0.242297112941742,0.185498535633087,-0.0568894259631634,0.0197691172361374,-0.0846872329711914,0.0830313488841057,0.0556550174951553,0.0869003757834435,-0.0178400427103043,0.238687545061111,-0.0391088575124741,0.00133404799271375,-0.0539604462683201,0.00308742420747876,0.0363704413175583,0.283169478178024,0.0525032952427864,0.232322379946709,0.0847804173827171,-0.052797582000494,0.269755989313126,0.076746977865696,0.122159913182259,0.185364633798599,0.285062879323959,0.233567118644714,0.0165564306080341,-0.0853687301278114,0.24903030693531,-0.0599569976329803,-0.057320736348629,0.0639206171035767,0.220410853624344
0.295110464096069,0.263922661542892,0.385162711143494,0.646562457084656,0.167998626828194,0.00408756686374545,-0.0279607065021992,0.110422737896442,0.139085173606873,0.224137932062149,0.310684770345688,0.406698077917099,0,0.145417615771294,0.00618015229701996,-0.011459612287581,0.120155595242977,0.161673903465271,-0.0526948794722557,0.286643952131271,-0.0304764155298471,0.0286802873015404,0.0174094997346401,-0.0361449606716633,-0.0885668694972992,-0.00411464087665081,-0.00491278897970915,0.0318010114133358,0.148635551333427,0.0349096804857254,-0.0652635022997856,-0.164621874690056,-0.0267898607999086,0.163753643631935,0.157404974102974,-0.0979589000344276,0.0600270070135593,0.117520652711391,0.108015187084675,0.231630966067314,0.218018993735313,0.0226170066744089,0.123140417039394,0.146331831812859,0.134958773851395,0.0930911153554916,-0.0436950735747814,0.234213948249817,-0.0862116068601608,-0.0445618629455566,0.126266092061996,0.324936866760254,0.0148301851004362,0.298376053571701,0.0232641287147999,0.0226871557533741,0.0122518427670002,-0.0342009663581848,-0.0396506153047085,0.0205161981284618,0.00959722883999348,0.0311909914016724,0.192397654056549,0.0139382369816303,-0.032364908605814,-0.122736692428589,-0.00841124914586544,0.1532351821661,0.291335821151733,-0.0421661920845509,0.190029174089432,0.133792102336884,0.106376454234123,0.259650975465775,0.284320622682571,0.0771104544401169,0.137072533369064,0.202653989195824,0.200741499662399,0.0825379937887192,-0.00559951085597277,0.325974851846695,-0.0908453762531281,-0.0540820062160492,0.133253857493401,0.382653325796127
0.111399382352829,0.0964737311005592,0.0678947791457176,0.126505076885223,0.045671071857214,-0.0176991652697325,-0.0259601622819901,0.0169729702174664,0.0492462702095509,0.0991060882806778,0.110489875078201,0.0840207561850548,0.145417615771294,0,-0.00807000976055861,-0.0281374566257,0.00777854397892952,0.0927610918879509,-0.0223775561898947,0.133553549647331,-0.0370684638619423,0.0136346602812409,0.0109942574054003,-0.0232147537171841,-0.0254901945590973,-0.0226192399859428,0.0136141562834382,-0.0153994346037507,0.0342965945601463,0.0142869558185339,-0.0306739546358585,-0.056363869458437,0.00029450561851263,0.0583282560110092,0.0234032087028027,-0.0436583571135998,-0.00781269371509552,0.054149828851223,0.0598208345472813,0.091083288192749,0.0650950372219086,0.0418495461344719,0.0581231042742729,0.0483230352401733,0.0502438694238663,0.0164688490331173,-0.0162297803908587,0.0829153433442116,-0.0409443229436874,-0.0112947970628738,0.0722259357571602,0.121787384152412,-0.0139214973896742,0.108204528689384,0.00195662793703377,0.0159683302044868,0.00259908963926136,-0.0243983063846827,-0.00190503522753716,-0.012868270277977,0.0276683941483498,-0.0143281277269125,0.0302778538316488,0.016467334702611,-0.00929251033812761,-0.031529638916254,-0.00454582972452044,0.0669519379734993,0.0765630602836609,-0.0357232727110386,0.0540678128600121,0.0691637098789215,0.0614780187606812,0.0906982421875,0.0822186842560768,0.0506254434585571,0.0715907067060471,0.0687010362744331,0.0923449620604515,0.00283837853930891,-0.012474300339818,0.118663921952248,-0.0275328941643238,-0.028977869078517,0.0648305118083954,0.136426210403442
0.00133531086612493,-0.00751951802521944,0.0263689551502466,0.00555097870528698,-0.00457718269899487,0.438264489173889,0.174423158168793,0.032747745513916,0.0700913965702057,0.0488668978214264,-0.0126126315444708,0.0239040944725275,0.00618015229701996,-0.00807000976055861,0,0.21453446149826,0.0418059192597866,0.0668043866753578,0.053765382617712,0.0376160852611065,0.130556017160416,0.0838703960180283,0.112993322312832,0.232338935136795,0.217887729406357,0.127103224396706,0.321280866861343,0.127490371465683,0.08750119805336,0.103513322770596,0.309594511985779,0.177842289209366,0.27579727768898,0.0750812515616417,-0.0399172864854336,-0.0126854693517089,-0.0467397123575211,0.0662964135408401,0.0786741077899933,0.079267680644989,0.0606712214648724,0.25511845946312,0.241210862994194,-0.0285751931369305,0.162048429250717,0.0743038058280945,0.21628911793232,-0.0858312994241714,0.0430770367383957,0.134564206004143,0.0952420085668564,0.0832807570695877,0.0407838448882103,0.0422801598906517,0.061108835041523,0.0749812200665474,0.106582678854465,0.227470204234123,0.155725568532944,0.136001840233803,0.303484797477722,0.114985950291157,0.0594894029200077,0.0978786647319794,0.2720747590065,0.166308864951134,0.279861599206924,0.062221385538578,-0.0776975452899933,-0.04326106980443,-0.0675824582576752,0.0549987964332104,0.107993006706238,0.0638279989361763,0.0520142614841461,0.246209591627121,0.177485197782516,-0.0594250001013279,0.108836136758327,0.0677622258663177,0.209570020437241,-0.0843647420406342,0.0405525714159012,0.143797025084496,0.0959356278181076,0.0793789550662041
-0.097531221807003,-0.0983536392450333,-0.031313594430685,-0.017465541139245,-0.0262831505388021,0.171348184347153,0.254455536603928,0.00389460544101894,-0.019893404096365,-0.0566676557064056,-0.109918773174286,-0.0322939865291119,-0.011459612287581,-0.0281374566257,0.21453446149826,0,0.0180960576981306,-0.00573298009112477,0.117535911500454,-0.0318320244550705,0.0416955687105656,0.0300115961581469,0.0741163641214371,0.16985285282135,0.0404791422188282,0.115307115018368,-0.00426985695958138,0.0301171392202377,0.0139813749119639,0.0357015170156956,0.137626498937607,0.130087852478027,0.0964415073394775,0.0218927785754204,0.00495501980185509,0.0412298105657101,0.0461022071540356,-0.0453692860901356,0.0450471453368664,-0.107611395418644,0.0753360241651535,-0.0309834573417902,0.00998868979513645,-0.116563536226749,0.0458264574408531,0.0277041848748922,0.207393810153008,-0.0672183483839035,0.040170356631279,0.109495759010315,0.017809996381402,0.0281963013112545,0.105980701744556,-0.0325825288891792,-0.0226312801241875,0.0178300123661757,0.0424497909843922,0.179555386304855,-0.0116154011338949,0.115974590182304,-0.0235715359449387,0.0257559269666672,-0.00152923236601055,0.0322743989527225,0.104311965405941,0.0977814197540283,0.101031236350536,0.0269415862858295,-0.0206999909132719,-0.0085013210773468,0.0129808504134417,-0.0545733869075775,0.0636506676673889,-0.123363882303238,0.0796753242611885,-0.0474691689014435,-0.0227129328995943,-0.145470708608627,-0.00407652836292982,0.0371458604931831,0.21406278014183,-0.0872749239206314,0.0271500311791897,0.134230688214302,0.00558346137404442,0.0252336859703064
0.0463565401732922,0.0587028451263905,0.12196496874094,0.0980442017316818,0.0245399475097656,0.0396974571049213,-0.00920476485043764,0.11017220467329,0.0540890470147133,0.0351592414081097,0.0986069142818451,0.146762952208519,0.120155595242977,0.00777854397892952,0.0418059192597866,0.0180960576981306,0,0.069050706923008,-0.0248818043619394,0.0954830646514893,-0.0495125241577625,0.0306546278297901,0.0177217945456505,-0.00646926276385784,-0.0192000474780798,-0.0379165560007095,0.0800430625677109,0.0289671681821346,0.0200247038155794,0.0328259132802486,0.0563202872872353,-0.068687342107296,0.0090798195451498,0.0307613611221313,-0.017650717869401,-0.0800313726067543,-0.0589885413646698,0.0473452843725681,0.00808329973369837,0.067608617246151,-0.00264207785949111,0.0728590413928032,0.125763967633247,-0.00808603502810001,0.0180757436901331,0.00550139183178544,0.0131567530333996,-0.0239695459604263,-0.0146618485450745,-0.0125728836283088,0.0433572009205818,0.065386101603508,-0.0128572983667254,0.0802847295999527,-0.0366123504936695,0.0325263403356075,0.00637289462611079,0.0154294474050403,-0.0217542201280594,-0.0161799937486649,0.0675143972039223,0.0256250742822886,0.0272830352187157,0.0218865629285574,0.0508166961371899,-0.0429723598062992,0.0220165029168129,0.0354231707751751,-0.00687897903844714,-0.104039087891579,-0.0251288320869207,0.0517743676900864,-0.00389027502387762,0.0758173167705536,0.00232512084767222,0.0744951143860817,0.119543649256229,0.0199714489281178,0.0163217782974243,0.00517846923321486,0.0201340895146132,0.0223017632961273,-0.01897993683815,-0.00545329600572586,0.0502572581171989,0.0736435428261757
0.266620874404907,0.215235188603401,0.15653133392334,0.153703823685646,0.0632602199912071,0.0697227045893669,-0.0320844613015652,0.0678193643689156,0.200915604829788,0.236951932311058,0.254255533218384,0.154299825429916,0.161673903465271,0.0927610918879509,0.0668043866753578,-0.00573298009112477,0.069050706923008,0,-0.0549537725746632,0.16759680211544,0.0408072173595428,0.0453287847340107,0.0414694994688034,0.00646131811663508,0.0599739700555801,0.0317916981875896,0.120911188423634,0.0158372726291418,0.0948554202914238,0.0821413919329643,0.0145516349002719,-0.0265738107264042,0.0691787004470825,0.0936771109700203,0.034644640982151,-0.0455180816352367,0.00273785623721778,0.154184758663177,0.0768238231539726,0.186566561460495,0.0621723271906376,0.156829163432121,0.133106380701065,0.121900476515293,0.0841461792588234,0.0572083331644535,0.017027834430337,0.140291005373001,-0.0356310866773129,0.0281861275434494,0.164021849632263,0.193172261118889,-0.000794827763456851,0.181878954172134,0.100148037075996,0.0580259971320629,0.0245266575366259,0.0038075961638242,0.105754293501377,0.0377597399055958,0.150337800383568,0.0207059811800718,0.114133246243,0.0694164782762527,0.0659264400601387,0.0172981657087803,0.0555293262004852,0.109379462897778,0.118878059089184,0.0125040337443352,0.086076445877552,0.171626225113869,0.0708980709314346,0.203759267926216,0.0820253416895866,0.190745949745178,0.140212833881378,0.151959910988808,0.164093315601349,0.0495426058769226,0.0276619046926498,0.176372438669205,0.000544270442333072,-0.00131857499945909,0.138912290334702,0.213770180940628
-0.145806923508644,-0.10825427621603,-0.0258791353553534,-0.0460561066865921,-0.0138502009212971,0.0706598460674286,0.150927379727364,-0.0366440266370773,-0.044236283749342,-0.0592960976064205,-0.186392948031425,-0.0682753548026085,-0.0526948794722557,-0.0223775561898947,0.053765382617712,0.117535911500454,-0.0248818043619394,-0.0549537725746632,0,-0.0394295826554298,0.228406921029091,0.0410868003964424,0.0413418672978878,0.264727801084518,0.194878429174423,0.274145066738129,-0.157415598630905,0.0867573097348213,0.0713555961847305,0.0731312856078148,0.0217183027416468,0.569567918777466,0.00894660316407681,-0.0137172639369965,0.489110171794891,0.202529728412628,0.54105532169342,-0.0295220818370581,0.0694208294153214,-0.103121414780617,0.176736056804657,-0.0641553476452827,-0.135509595274925,0.00556891597807407,0.196307435631752,0.0866989940404892,0.721747815608978,0.232879504561424,0.119097575545311,0.161939695477486,0.169228613376617,0.129500031471252,0.652326166629791,-0.0467725098133087,0.0457592494785786,0.021092027425766,0.0207502767443657,0.217353776097298,0.0204920284450054,0.184893518686295,-0.197894707322121,0.0915655940771103,0.0129760662093759,0.0668264627456665,-0.0546534955501556,0.338340818881989,0.0243667997419834,0.00749952811747789,0.224667027592659,0.162063851952553,0.270426005125046,-0.0629803985357285,0.116614177823067,-0.164482414722443,0.137578099966049,-0.128520160913467,-0.117344051599503,-0.0976870283484459,0.0428693182766438,0.062358420342207,0.608005821704865,0.0508214347064495,0.0667732283473015,0.16648156940937,0.171151012182236,0.0958000347018242
0.235011413693428,0.263049423694611,0.214102298021317,0.30955496430397,0.108335398137569,0.0446545742452145,-0.0395511239767075,0.0967907682061195,0.170363754034042,0.229919001460075,0.292041778564453,0.217979997396469,0.286643952131271,0.133553549647331,0.0376160852611065,-0.0318320244550705,0.0954830646514893,0.16759680211544,-0.0394295826554298,0,-0.107523486018181,0.163459748029709,0.0533684864640236,0.0117447730153799,-0.118834458291531,-0.0304167848080397,0.0121941491961479,0.0280484687536955,0.222497120499611,0.182892248034477,-0.0853395164012909,-0.282097369432449,0.00682394811883569,0.388419777154922,0.201921820640564,-0.210919603705406,0.0190960727632046,0.278873205184937,0.315783828496933,0.422222703695297,0.393965631723404,0.0917794480919838,0.288079559803009,0.258233457803726,0.325743138790131,0.257873147726059,0.0497554019093513,0.372239500284195,-0.134219512343407,-0.0426451154053211,0.288522928953171,0.565668225288391,0.0373151004314423,0.590642333030701,-0.104181878268719,0.179257765412331,0.0100026084110141,-0.0045548640191555,-0.112531155347824,-0.00936685316264629,0.0621747821569443,0.0389207005500793,0.190866813063622,0.153310671448708,-0.0311365630477667,-0.247928559780121,0.0204845760017633,0.363784998655319,0.30095300078392,-0.241211548447609,0.125522688031197,0.279644548892975,0.268755465745926,0.445932626724243,0.392434120178223,0.160736873745918,0.28871962428093,0.243553221225739,0.302424669265747,0.210865333676338,0.0564022399485111,0.46406877040863,-0.162353202700615,-0.0858249142765999,0.244022399187088,0.55825001001358
0.0784016251564026,0.0459912270307541,0.121234051883221,-0.023059718310833,0.00367208034731448,0.147868394851685,0.0475993044674397,-0.0607281774282455,0.00508432369679213,0.265707015991211,-0.0123778181150556,0.0694169402122498,-0.0304764155298471,-0.0370684638619423,0.130556017160416,0.0416955687105656,-0.0495125241577625,0.0408072173595428,0.228406921029091,-0.107523486018181,0,-0.139954671263695,0.0685651004314423,0.19567833840847,0.709656834602356,0.57668936252594,0.18574395775795,-0.0595666542649269,0.274637520313263,-0.0859642401337624,0.0992688611149788,0.462020486593246,0.163831174373627,-0.0769428834319115,0.565415740013123,0.450797706842422,0.541662037372589,-0.119024515151978,-0.00860228389501572,0.104512453079224,0.140469536185265,0.311712026596069,-0.0496617779135704,0.698638796806335,0.394000947475433,0.402871578931808,0.0727297067642212,0.468749284744263,0.0238968003541231,0.00870404206216335,-0.0105019109323621,-0.0284904167056084,0.0467215701937675,-0.105893507599831,0.672840237617493,-0.187257155776024,0.0604666173458099,0.111588813364506,0.533985257148743,0.317262500524521,0.0602289885282516,-0.0289945378899574,0.10795059800148,-0.0815178006887436,0.0480720028281212,0.307828366756439,0.121039628982544,-0.0663806274533272,0.294200271368027,0.372564733028412,0.228731170296669,-0.124217264354229,0.00884041283279657,-0.0101453196257353,0.066107802093029,0.16805075109005,-0.120724387466908,0.305625110864639,0.109661251306534,0.184966430068016,0.0533451810479164,0.117778301239014,0.0804039686918259,0.0162090882658958,-0.00202749809250236,-0.0805616527795792
-0.0400508418679237,0.0784969329833984,-0.00560994353145361,0.0307778622955084,0.00234914547763765,0.0967246741056442,0.0271028857678175,0.0218060091137886,0.0617702044546604,-0.00979368109256029,0.0590210258960724,-0.0330347940325737,0.0286802873015404,0.0136346602812409,0.0838703960180283,0.0300115961581469,0.0306546278297901,0.0453287847340107,0.0410868003964424,0.163459748029709,-0.139954671263695,0,0.0148564064875245,0.317199349403381,0.0488581620156765,-0.15263532102108,0.131814196705818,0.241279467940331,0.0341576412320137,0.916328489780426,0.0188179407268763,-0.143393978476524,0.154616042971611,0.358221083879471,-0.0787558406591415,-0.172962173819542,-0.135568991303444,0.874052286148071,0.312210440635681,0.0715919360518456,0.285831302404404,0.285141885280609,0.0726967081427574,-0.0336580574512482,0.0837456732988358,0.629762649536133,0.182115539908409,0.0066790203563869,-0.0297200363129377,0.0163973122835159,0.190572366118431,0.227622553706169,0.0909666046500206,0.147305682301521,-0.250203996896744,0.971880853176117,0.00273586600087583,0.359558373689651,-0.0680743381381035,-0.0915018618106842,0.169178932905197,0.302361309528351,-0.0202209856361151,0.905313551425934,-0.00261351326480508,-0.181884795427322,0.159288570284843,0.333865582942963,-0.115094780921936,-0.252300530672073,-0.158107802271843,0.835245728492737,0.359505891799927,0.0672838464379311,0.303070068359375,0.30690136551857,0.0831238254904747,-0.0987796112895012,-0.00482255779206753,0.576085329055786,0.164511948823929,0.0438618808984756,-0.0733048990368843,0.0131081715226173,0.160726100206375,0.199621707201004
0.0281897988170385,0.0192260164767504,0.0107941180467606,0.0122862011194229,0.00903909467160702,0.136028960347176,0.074721060693264,-0.000257682986557484,0.0193295385688543,0.0497778691351414,0.0191298890858889,-0.00523965014144778,0.0174094997346401,0.0109942574054003,0.112993322312832,0.0741163641214371,0.0177217945456505,0.0414694994688034,0.0413418672978878,0.0533684864640236,0.0685651004314423,0.0148564064875245,0,0.160299226641655,0.111604757606983,0.140915617346764,0.0605008825659752,0.0362171865999699,0.0990799590945244,0.0406166762113571,0.0935614109039307,0.109502173960209,0.101614192128181,0.0273355003446341,0.0669084563851357,0.0405452363193035,0.069958783686161,0.0235219299793243,0.0426140874624252,0.0460219122469425,0.0549087189137936,0.0480613000690937,0.0633190870285034,0.0427366569638252,0.0739727318286896,0.0845990106463432,0.112560652196407,0.0616286061704159,0.0328474678099155,0.10548397898674,0.0539800636470318,0.103602766990662,0.0235426295548677,0.0247578229755163,0.0424107313156128,0.00422156509011984,0.055216696113348,0.129220336675644,0.0767355635762215,0.117244012653828,0.0630670189857483,0.0235707126557827,0.0648414194583893,0.0388480685651302,0.0860015004873276,0.0779011845588684,0.0841320902109146,0.00606923177838326,0.0592660307884216,0.0189420897513628,0.0496232472360134,0.0141265830025077,0.0336997732520103,0.0369250513613224,0.0466514490544796,0.0623458735644817,0.0367378108203411,-0.00025979382917285,0.0559958145022392,0.0713986977934837,0.0812502279877663,0.03792929276824,0.0224493928253651,0.0525973476469517,0.0313379354774952,0.0922431200742722
-0.0571275018155575,-0.064006969332695,-0.0441743060946465,-0.0299579426646233,-0.0141405472531915,0.223861366510391,0.178410097956657,-0.0107546905055642,-0.00279757776297629,-0.0881152004003525,-0.0819782614707947,-0.0632004141807556,-0.0361449606716633,-0.0232147537171841,0.232338935136795,0.16985285282135,-0.00646926276385784,0.00646131811663508,0.264727801084518,0.0117447730153799,0.19567833840847,0.317199349403381,0.160299226641655,0,0.33622208237648,0.346781075000763,0.0848577171564102,0.545616745948792,0.0952871218323708,0.512653648853302,0.179749622941017,0.219632402062416,0.338849753141403,0.0877578184008598,0.128503918647766,0.0472770035266876,0.0998001024127007,0.279215425252914,0.0881310999393463,-0.0619950778782368,0.135567799210548,0.107352577149868,0.0430913344025612,-0.021131869405508,0.0959865972399712,0.494778037071228,0.34472393989563,1.82688236236572e-05,0.0716840252280235,0.152980223298073,0.1122877150774,0.132279887795448,0.252431333065033,0.03366394713521,0.0579568706452847,0.289181083440781,0.109104044735432,0.812430381774902,0.20416496694088,0.35144105553627,0.0877939984202385,0.506109595298767,0.0729651600122452,0.518556773662567,0.146479949355125,0.208129435777664,0.348913699388504,0.101005598902702,0.109531179070473,-0.0139688225463033,0.132607206702232,0.212120622396469,0.142613515257835,-0.0462587587535381,0.167176023125648,0.153240874409676,0.0413469262421131,-0.0674593076109886,0.0596529357135296,0.495692610740662,0.276009976863861,-0.0171450898051262,0.0504448227584362,0.140048339962959,0.0834487751126289,0.09267458319664
