0,0.334635823965073,0.2746961414814,0.286066442728043,0.0909322947263718,-0.0161474086344242,-0.0945460125803947,0.0641444772481918,0.213096976280212,0.724212884902954,0.420021623373032,0.366208612918854,0.305432140827179,0.118253692984581,-0.00827413704246283,-0.100190922617912,0.0451002046465874,0.270812153816223,-0.172597080469131,0.237266317009926,0.0531285963952541,-0.0263139642775059,0.0180198233574629,-0.0709543153643608,0.0370986312627792,0.121632993221283,0.0797406062483788,0.0288701914250851,0.182346761226654,-0.00125493411906064,-0.171552777290344,-0.135219648480415,0.00571656692773104,0.119755864143372,0.0788860693573952,-0.0811998024582863,0.00204622279852629,0.124730214476585,0.048605278134346,0.364502519369125,0.0639598444104195,0.176066532731056,0.0887497141957283,0.355998605489731,0.00452902028337121,0.171369507908821,-0.200648710131645,0.338297367095947,-0.109225131571293,-0.0702028274536133,0.0304773654788733,0.223940774798393,-0.0511314384639263,0.277138024568558,0.423076570034027,-0.0206348784267902,0.0313300378620625,-0.0874756947159767,0.366542994976044,0.250758856534958,0.188036844134331,-0.000804852519650012,0.323398500680923,-0.0363990627229214,-0.0354794338345528,0.116021387279034,0.0194485355168581,0.128085315227509,0.395233750343323,0.198649913072586,0.307603567838669,0.142869427800179,0.0538895651698112,0.453406810760498,0.17162398993969,0.317800998687744,0.175156712532043,0.600578427314758,0.399107128381729,0.188328757882118,-0.137435644865036,0.532435774803162,-0.00888354424387217,-0.0891309380531311,0.047633983194828,0.27749240398407
0.334635823965073,0,0.251204252243042,0.272782027721405,0.115616016089916,0.0149572137743235,-0.0797383114695549,0.0740734562277794,0.225163891911507,0.354841351509094,0.497884631156921,0.266594171524048,0.257456660270691,0.0984203964471817,-0.00564113119617105,-0.0983204543590546,0.0579713210463524,0.212944835424423,-0.117043480277061,0.262713998556137,0.0445743091404438,0.0924900844693184,0.0182994287461042,-0.0596555955708027,0.0547580495476723,0.0382266007363796,0.141517996788025,0.0793142095208168,0.14414219558239,0.133855551481247,-0.0353196673095226,-0.112910628318787,0.0117916883900762,0.175222352147102,0.106360681355,-0.0732599869370461,0.00699895760044456,0.241325348615646,0.134003520011902,0.334242790937424,0.115274220705032,0.19010403752327,0.162372842431068,0.20980978012085,0.156327053904533,0.121520884335041,-0.120100580155849,0.223720788955688,-0.0461949296295643,-0.0585466846823692,0.169010326266289,0.284996092319489,-0.122508846223354,0.252196222543716,0.0608119145035744,0.0928126946091652,0.0139710903167725,-0.0799690634012222,0.0576163902878761,-0.00857375003397465,0.131805986166,0.0701515898108482,0.126586154103279,0.0874457508325577,-0.0141754942014813,-0.0971974655985832,-0.0173957273364067,0.105834901332855,0.14997735619545,-0.0375290177762508,0.0691107884049416,0.274876773357391,0.0819645151495934,0.313745379447937,0.092438779771328,0.183614760637283,0.152700632810593,0.178945049643517,0.161282524466515,0.0583587177097797,-0.125161752104759,0.218517556786537,-0.0552943609654903,-0.0774564146995544,0.152875423431396,0.259491175413132
0.2746961414814,0.251204252243042,0,0.402595430612564,0.111806869506836,0.0333263725042343,-0.0176000725477934,0.148410901427269,0.149206280708313,0.294260889291763,0.278917998075485,0.588716387748718,0.389018088579178,0.0691757947206497,0.0293565504252911,-0.0316069833934307,0.12162222713232,0.159968838095665,-0.0376947149634361,0.207716882228851,0.118698507547379,0.00180578033905476,0.00937427673488855,-0.0434129126369953,0.0224987436085939,0.0438955835998058,0.0786505863070488,0.00817219447344542,0.194816082715988,0.0269658863544464,-0.0134035721421242,-0.0760522484779358,-0.027479549869895,0.0482835099101067,0.228006958961487,-0.0152399996295571,0.141593381762505,0.104184746742249,0.00338438735343516,0.203182145953178,0.0720845013856888,0.0835758671164513,0.175647631287575,0.252316385507584,0.189210057258606,0.0519889108836651,-0.0729851871728897,0.175290495157242,-0.0546147152781487,-0.0512637197971344,0.0739349499344826,0.185691595077515,-0.0307576283812523,0.17920258641243,0.115207515656948,-0.0134543953463435,0.0339039489626884,-0.0650485754013062,0.0246477406471968,0.0247388929128647,0.0642441809177399,0.00858629215508699,0.166221469640732,-0.0082101933658123,-0.00129284081049263,-0.0827671587467194,-0.0157867502421141,0.021521620452404,0.199488431215286,-0.0234809014946222,0.143317610025406,0.111176282167435,-0.016886617988348,0.199376344680786,0.0810297206044197,0.0764625072479248,0.125913426280022,0.177109956741333,0.157176837325096,0.000300300307571888,-0.0676532387733459,0.174786403775215,-0.066853791475296,-0.0563771016895771,0.085053414106369,0.174856752157211
0.286066442728043,0.272782027721405,0.402595430612564,0,0.205969214439392,0.011577527038753,-0.00924584362655878,0.106453895568848,0.146270498633385,0.26691672205925,0.285531759262085,0.386482387781143,0.650354027748108,0.126314550638199,0.00678614247590303,-0.0166355259716511,0.0995086133480072,0.15491971373558,-0.0610330700874329,0.299952238798141,-0.0290928296744823,0.0287508592009544,0.00774099072441459,-0.0317371003329754,-0.09776920825243,0.00659962836652994,0.00525054382160306,0.0219698008149862,0.147318109869957,0.0429972931742668,-0.0360196940600872,-0.161251872777939,-0.0247828755527735,0.191091895103455,0.174021512269974,-0.0957188680768013,0.0650098025798798,0.132506996393204,0.183224871754646,0.212250232696533,0.272816807031631,0.0344136580824852,0.131676405668259,0.156789854168892,0.161396101117134,0.107099145650864,-0.0322223864495754,0.239009574055672,-0.0721198916435242,-0.0218815729022026,0.129706621170044,0.349180996417999,-0.0184153411537409,0.281441330909729,0.0253642350435257,0.0294587276875973,0.0101256519556046,-0.0479031912982464,-0.0498766861855984,-0.0219295136630535,0.0226242858916521,0.0219249185174704,0.154592543840408,0.0196457710117102,-0.0262412168085575,-0.135195583105087,0.00656270049512386,0.150948151946068,0.262671113014221,-0.0580416098237038,0.156281068921089,0.148897737264633,0.118002131581306,0.250252306461334,0.259492456912994,0.0749196335673332,0.135012671351433,0.183768421411514,0.188265189528465,0.0780964642763138,-0.0436569787561893,0.304830402135849,-0.0692526623606682,-0.0601659193634987,0.126376077532768,0.347568869590759
0.0909322947263718,0.115616016089916,0.111806869506836,0.205969214439392,0,-0.00253959023393691,-0.0191984567791224,0.0217361301183701,0.0596301034092903,0.100464142858982,0.108198240399361,0.122647494077682,0.178610682487488,0.0452007055282593,-0.00392591906711459,-0.0276492536067963,0.025726905092597,0.0661172121763229,-0.0201044101268053,0.110932528972626,0.000911077251657844,-0.000231482554227114,0.0118218595162034,-0.0175375211983919,-0.0218831896781921,0.00150809506885707,-0.0043843574821949,-0.0118180634453893,0.0703794285655022,0.00424354011192918,-0.0276447329670191,-0.037089716643095,-0.0120280459523201,0.022454833611846,0.0707441419363022,0.00113125378265977,0.0523958131670952,0.0522886402904987,0.0751170739531517,0.0948037207126617,0.089627243578434,0.0102526722475886,0.0586323626339436,0.0713096112012863,0.065523661673069,0.0103955073282123,0.00318497279658914,0.107352577149868,-0.0293116141110659,-0.0206430461257696,0.0646877512335777,0.145933389663696,-0.00736205466091633,0.112103253602982,-0.012789910659194,-0.00584282400086522,-0.0150470351800323,-0.0387029536068439,-0.037422738969326,-0.0137420790269971,-0.00349081656895578,-0.00754967611283064,0.0678829029202461,-0.00949049461632967,-0.0212122369557619,-0.0467250347137451,-0.0196760036051273,0.0248420760035515,0.0873978137969971,-0.00857364851981401,0.0649015307426453,0.0536675900220871,0.0571607202291489,0.0793568417429924,0.0796525701880455,0.00113193551078439,0.0290356762707233,0.0455511845648289,0.0524005331099033,-0.0122892810031772,-0.00953487027436495,0.106122046709061,-0.0399833619594574,-0.0274736527353525,0.0495910830795765,0.132636547088623
-0.0161474086344242,0.0149572137743235,0.0333263725042343,0.011577527038753,-0.00253959023393691,0,0.168920204043388,0.0191693101078272,0.0886500999331474,0.0599287115037441,-0.0043847132474184,0.0204126331955194,0.0016965267714113,-0.0180538222193718,0.438610643148422,0.169844746589661,0.0387852229177952,0.0702590346336365,0.0715159624814987,0.0444872081279755,0.151880398392677,0.103792443871498,0.134081065654755,0.223321869969368,0.248039320111275,0.129184141755104,0.341578423976898,0.126500815153122,0.0899180620908737,0.12773808836937,0.300330758094788,0.211063399910927,0.276117622852325,0.0735783725976944,-0.0236403103917837,0.0253098607063293,-0.0155643448233604,0.0870981961488724,0.0929960831999779,0.104103334248066,0.0622268170118332,0.270613878965378,0.229022517800331,0.00521596055477858,0.18179389834404,0.0867359414696693,0.222191333770752,-0.0624952651560307,0.0556724816560745,0.154463246464729,0.119197070598602,0.0867149233818054,0.0294726360589266,0.0267038103193045,0.00294466712512076,0.081322193145752,0.0885259285569191,0.214223638176918,0.123010568320751,0.0890800952911377,0.288404852151871,0.134638845920563,0.0149588650092483,0.118327885866165,0.274532943964005,0.133869051933289,0.234583556652069,0.0695827007293701,-0.113196231424809,-0.0567696690559387,-0.0951556861400604,0.064026728272438,0.097853422164917,0.0345293432474136,0.0544147565960884,0.220761522650719,0.154719263315201,-0.0956454947590828,0.0679202750325203,0.0517210885882378,0.188617557287216,-0.102171912789345,0.0483604520559311,0.123235084116459,0.100510723888874,0.0508117042481899
-0.0945460125803947,-0.0797383114695549,-0.0176000725477934,-0.00924584362655878,-0.0191984567791224,0.168920204043388,0,-0.00916023459285498,-0.00607471354305744,-0.0399747155606747,-0.104905620217323,-0.0443264842033386,-0.0298319719731808,-0.0241447277367115,0.176782682538033,0.256437480449677,-0.0102292941883206,-0.0311863124370575,0.158930748701096,-0.0374154523015022,0.052498135715723,0.0301371663808823,0.0735807493329048,0.184013888239861,0.0709703639149666,0.13372591137886,0.00281951203942299,0.0680589452385902,0.020808657631278,0.040343951433897,0.168395504355431,0.172410517930984,0.0697766840457916,0.0152849182486534,0.030131284147501,0.0794271007180214,0.0781462043523788,-0.0163823384791613,0.0539072342216969,-0.119573175907135,0.0717515349388123,-0.0343772210180759,-0.000808546144980937,-0.123849384486675,0.0707273632287979,0.0343747995793819,0.240856051445007,-0.0541823208332062,0.0436871610581875,0.136336639523506,0.0170216150581837,0.0344554036855698,0.0960652902722359,-0.0506067462265491,-0.0678198337554932,0.0185680724680424,0.0257447361946106,0.161322310566902,-0.037300206720829,0.0761491805315018,-0.0301312059164047,0.0597667917609215,-0.0233447048813105,0.0370805338025093,0.09223622828722,0.0901192501187325,0.0555237717926502,0.0226785317063332,-0.0574434064328671,-0.020568422973156,-0.0274214036762714,-0.035424005240202,0.0566999986767769,-0.140390992164612,0.0704663470387459,-0.0609743557870388,-0.0241676066070795,-0.192501083016396,-0.0258063059300184,0.0378062091767788,0.191767752170563,-0.121010757982731,0.026231674477458,0.110685668885708,0.001276163617149,-0.0036783164832741
0.0641444772481918,0.0740734562277794,0.148410901427269,0.106453895568848,0.0217361301183701,0.0191693101078272,-0.00916023459285498,0,0.0533956289291382,0.0403704047203064,0.0757186263799667,0.134547263383865,0.104820914566517,0.0126758012920618,0.0336727984249592,0.00196736236102879,0.110855244100094,0.0679621994495392,-0.0328122489154339,0.0904843434691429,-0.0578833483159542,0.0217625293880701,0.00075359910260886,-0.010472253896296,-0.0482956916093826,-0.0236402321606874,0.0540424957871437,0.0205365791916847,0.0242284294217825,0.0116765275597572,0.063338428735733,-0.0608187578618526,0.0216238219290972,0.046400111168623,-0.02613665163517,-0.0844291895627975,-0.0740978643298149,0.0491097532212734,0.021621435880661,0.0711897164583206,0.0139250569045544,0.0447062738239765,0.117974378168583,-0.00122834125068039,0.00851261895149946,0.00722781103104353,0.00404224777594209,-0.000466260797111318,-0.00452040508389473,0.000588422582950443,0.0472641959786415,0.0864226371049881,-0.0180719271302223,0.0748029053211212,-0.0381174460053444,0.0249847657978535,-0.00498825265094638,-0.00284986267797649,-0.0228697080165148,0.00281474040821195,0.068894274532795,0.032535508275032,0.033386193215847,0.00276531605049968,0.0641613602638245,-0.0424723625183105,0.00927390810102224,0.0431244969367981,0.00383689813315868,-0.084453783929348,-0.0120296441018581,0.0547269061207771,0.0136918080970645,0.0794307664036751,0.0333404615521431,0.0579745844006538,0.101181767880917,0.0209328532218933,0.0322373397648335,0.00814352091401815,0.0133259436115623,0.0573085471987724,-0.0177057106047869,0.00078429450513795,0.0563279762864113,0.0897912308573723
0.213096976280212,0.225163891911507,0.149206280708313,0.146270498633385,0.0596301034092903,0.0886500999331474,-0.00607471354305744,0.0533956289291382,0,0.22745355963707,0.235941231250763,0.136195465922356,0.13968613743782,0.0490925386548042,0.0733090713620186,-0.022364966571331,0.0522951222956181,0.203801974654198,-0.0498541593551636,0.169536277651787,0.00584275322034955,0.0704834386706352,0.0165751818567514,0.00180643040221184,0.0269302986562252,0.00624202098697424,0.131352558732033,0.0223845336586237,0.0795479789376259,0.102467879652977,0.0210218150168657,-0.0539863593876362,0.0655044913291931,0.122393801808357,0.0349234938621521,-0.0635497942566872,-0.0132901500910521,0.182394415140152,0.0963766053318977,0.197083741426468,0.0716174393892288,0.155301675200462,0.139580905437469,0.10199960321188,0.0735881924629211,0.050793893635273,-0.00468483474105597,0.112096168100834,-0.0294987987726927,-0.0188583582639694,0.127726256847382,0.185833021998405,-0.035214938223362,0.174877643585205,0.0448206663131714,0.0629701092839241,0.0287184137851,-0.0157256722450256,0.0559791848063469,0.0172054618597031,0.150317594408989,0.0147193381562829,0.0921757444739342,0.0875045657157898,0.0600841827690601,-0.0143227707594633,0.0358536429703236,0.0758819431066513,0.0848195925354958,-0.0346439704298973,0.0382945127785206,0.189333647489548,0.0731667578220367,0.189866915345192,0.0643695667386055,0.176819041371346,0.138747304677963,0.107136845588684,0.124658659100533,0.0182582978159189,-0.00278131128288805,0.151351541280746,-0.0386552773416042,-0.00645299721509218,0.125541850924492,0.176982238888741
0.724212884902954,0.354841351509094,0.294260889291763,0.26691672205925,0.100464142858982,0.0599287115037441,-0.0399747155606747,0.0403704047203064,0.22745355963707,0,0.327230483293533,0.288010954856873,0.227406680583954,0.102663293480873,0.0482969731092453,-0.0563698671758175,0.0363316014409065,0.233822330832481,-0.0818238258361816,0.234063416719437,0.259608924388885,0.0170786585658789,0.0475108586251736,-0.0796983167529106,0.204173848032951,0.222285345196724,0.14410001039505,-0.0518669784069061,0.204899698495865,0.0229020491242409,-0.0196980722248554,0.0424225442111492,0.0421503894031048,0.197489693760872,0.22352921962738,0.0883879959583282,0.191337779164314,0.145074442028999,0.259447127580643,0.311214566230774,0.274054437875748,0.232362449169159,0.086837537586689,0.451029151678085,0.264381617307663,0.255691587924957,-0.13341648876667,0.377856224775314,-0.0284418296068907,-0.00492215575650334,0.0384824499487877,0.227616921067238,-0.151208475232124,0.176457151770592,0.130432724952698,0.00868975184857845,0.0247026327997446,-0.0920430421829224,0.110359668731689,0.131250277161598,0.100833252072334,-0.0281236860901117,0.0989500507712364,0.0111516639590263,-0.0181763451546431,-0.00397336622700095,0.0306363087147474,0.130784541368484,0.141814559698105,0.0298380516469479,0.0547855012118816,0.161412790417671,0.147706583142281,0.26688739657402,0.166919350624084,0.151366978883743,0.0527293458580971,0.225274413824081,0.0907923728227615,0.0972447618842125,-0.107291005551815,0.330674856901169,-0.0447776727378368,-0.0621956586837769,0.0578503422439098,0.1899394094944
0.420021623373032,0.497884631156921,0.278917998075485,0.285531759262085,0.108198240399361,-0.0043847132474184,-0.104905620217323,0.0757186263799667,0.235941231250763,0.327230483293533,0,0.330893903970718,0.308971673250198,0.112941600382328,-0.0183551963418722,-0.111714489758015,0.0959305390715599,0.257985085248947,-0.20044219493866,0.292657285928726,-0.0224962159991264,0.0680914893746376,0.0133317159488797,-0.0799471363425255,-0.00333772855810821,-0.0274273883551359,0.138381987810135,0.0646082013845444,0.120934821665287,0.109124734997749,-0.0730097964406013,-0.20143087208271,0.0077826245687902,0.125040218234062,0.0235036239027977,-0.155536755919456,-0.0705942362546921,0.242216631770134,0.0559596382081509,0.349434107542038,0.062418770045042,0.190683588385582,0.18756827712059,0.188701435923576,0.0629103407263756,0.0803222507238388,-0.178105369210243,0.211284130811691,-0.0884557589888573,-0.081122912466526,0.169062897562981,0.279587775468826,-0.145922243595123,0.304573118686676,0.154165685176849,0.0794846788048744,0.00693753408268094,-0.107314117252827,0.143785625696182,-0.00477936957031488,0.196104019880295,0.0362798012793064,0.187683761119843,0.0657228827476501,-0.0106697166338563,-0.0726134404540062,0.00269806291908026,0.125534877181053,0.237625762820244,-0.0109991021454334,0.151069357991219,0.281733959913254,0.0368260219693184,0.4022156894207,0.102040611207485,0.265910238027573,0.209305718541145,0.309280842542648,0.265190660953522,0.0579463131725788,-0.147730201482773,0.311264604330063,-0.0421175844967365,-0.106821700930595,0.167427405714989,0.302064597606659
0.366208612918854,0.266594171524048,0.588716387748718,0.386482387781143,0.122647494077682,0.0204126331955194,-0.0443264842033386,0.134547263383865,0.136195465922356,0.288010954856873,0.330893903970718,0,0.415201842784882,0.0866501405835152,0.0201279334723949,-0.0324923507869244,0.14998684823513,0.160482600331306,-0.0826312378048897,0.213971108198166,0.0595725513994694,-0.0274560675024986,-0.0102011216804385,-0.0620891004800797,-0.0137723265215755,0.0217624958604574,0.0742959603667259,0.0171427056193352,0.184584707021713,0.00127536803483963,-0.0585963875055313,-0.144166484475136,-0.034503523260355,0.0316023379564285,0.19339294731617,-0.0543212965130806,0.111150942742825,0.0991588607430458,-0.000913228606805205,0.226277619600296,0.0560586117208004,0.0600095205008984,0.172093823552132,0.227676227688789,0.104767993092537,0.0665756836533546,-0.105645269155502,0.175091817975044,-0.0880450233817101,-0.0735121667385101,0.0662120506167412,0.191908538341522,-0.0307147912681103,0.23902416229248,0.188463181257248,-0.0520911552011967,0.0197202153503895,-0.0796342939138412,0.0803040638566017,0.054497629404068,0.0840628668665886,-0.0072456831112504,0.238104626536369,-0.0322105921804905,-0.00332523114047945,-0.0589280277490616,0.00342802004888654,0.0329966060817242,0.283709645271301,0.0487521849572659,0.233287006616592,0.10584568977356,-0.0505732968449593,0.268913269042969,0.0747638195753098,0.118496581912041,0.185730487108231,0.289181798696518,0.228549212217331,0.0226913001388311,-0.0908187031745911,0.24184986948967,-0.0596863515675068,-0.058330487459898,0.0602602325379848,0.217303186655045
0.305432140827179,0.257456660270691,0.389018088579178,0.650354027748108,0.178610682487488,0.0016965267714113,-0.0298319719731808,0.104820914566517,0.13968613743782,0.227406680583954,0.308971673250198,0.415201842784882,0,0.146412387490273,0.00598197989165783,-0.00774111598730087,0.122085332870483,0.166177093982697,-0.0668232589960098,0.272869378328323,-0.0330608263611794,0.0241737309843302,0.0130784716457129,-0.0366334244608879,-0.100279413163662,-0.00620304187759757,-0.00694184564054012,0.0444009006023407,0.137888595461845,0.0363477356731892,-0.0740833133459091,-0.169311940670013,-0.0243313144892454,0.156095027923584,0.145131677389145,-0.110497049987316,0.0517269447445869,0.130306527018547,0.103341303765774,0.220945969223976,0.20538093149662,0.0161410998553038,0.115217812359333,0.134966269135475,0.118084535002708,0.0894605964422226,-0.0607672296464443,0.217314541339874,-0.0873987376689911,-0.04797438159585,0.119544610381126,0.315922111272812,0.0020910061430186,0.28780072927475,0.0405085831880569,0.0158958993852139,0.0130660105496645,-0.0336952619254589,-0.0361818820238113,0.0227607525885105,0.00826447922736406,0.0350210666656494,0.193145677447319,0.0128572965040803,-0.0409241020679474,-0.120214410126209,-0.00743243098258972,0.147503897547722,0.292903363704681,-0.0364563874900341,0.193691104650497,0.148126363754272,0.106824032962322,0.255867838859558,0.275495231151581,0.0748147740960121,0.133421838283539,0.208089396357536,0.198529183864594,0.0800875276327133,-0.0204945374280214,0.319324821233749,-0.0897463113069534,-0.0500263571739197,0.122313126921654,0.374489575624466
0.118253692984581,0.0984203964471817,0.0691757947206497,0.126314550638199,0.0452007055282593,-0.0180538222193718,-0.0241447277367115,0.0126758012920618,0.0490925386548042,0.102663293480873,0.112941600382328,0.0866501405835152,0.146412387490273,0,-0.0100149251520634,-0.0286860018968582,0.00579805392771959,0.0959979295730591,-0.0264669824391603,0.131699219346046,-0.0413789339363575,0.0131318680942059,0.00969442911446095,-0.0256818048655987,-0.0328682772815228,-0.0214236043393612,0.0115854432806373,-0.0116685619577765,0.0295173805207014,0.0159464236348867,-0.031236169859767,-0.060828473418951,-0.00212723622098565,0.0573107488453388,0.0216967388987541,-0.0470148622989655,-0.0102820731699467,0.0612678378820419,0.0607896745204926,0.0889952406287193,0.0629373490810394,0.0383350476622581,0.0585554838180542,0.042010847479105,0.0476037338376045,0.0125880409032106,-0.0208229161798954,0.0791814923286438,-0.0422040075063705,-0.0138987926766276,0.0747523680329323,0.121892496943474,-0.0183597803115845,0.107633240520954,0.00506810611113906,0.0138731189072132,0.000471011706395075,-0.0279924944043159,-0.00383199960924685,-0.012122237123549,0.0282890107482672,-0.0147810699418187,0.0325800068676472,0.0156042817980051,-0.00930223613977432,-0.0322801247239113,-0.00594611652195454,0.0684430673718452,0.0789429470896721,-0.0323617421090603,0.0576301477849483,0.0737872719764709,0.0657639876008034,0.0923944637179375,0.0836495980620384,0.0492073893547058,0.0742103606462479,0.0713609680533409,0.0944727882742882,0.000100355595350266,-0.017675019800663,0.121001176536083,-0.0277596991509199,-0.0267261527478695,0.0638960972428322,0.136041149497032
-0.00827413704246283,-0.00564113119617105,0.0293565504252911,0.00678614247590303,-0.00392591906711459,0.438610643148422,0.176782682538033,0.0336727984249592,0.0733090713620186,0.0482969731092453,-0.0183551963418722,0.0201279334723949,0.00598197989165783,-0.0100149251520634,0,0.220497637987137,0.0400550328195095,0.0682558193802834,0.0553531013429165,0.0383334942162037,0.135584324598312,0.089421272277832,0.110488049685955,0.233634576201439,0.229291871190071,0.129826426506042,0.322509080171585,0.122648060321808,0.0919354408979416,0.108237013220787,0.308948189020157,0.176418170332909,0.274249881505966,0.0745510533452034,-0.0301166195422411,-0.0111807715147734,-0.0419802032411098,0.0676529034972191,0.0779874101281166,0.0853863433003426,0.0635182186961174,0.257257044315338,0.235622763633728,-0.0197568535804749,0.165312081575394,0.0818172246217728,0.215215072035789,-0.0760471522808075,0.0418197624385357,0.131979987025261,0.0952785983681679,0.0828313305974007,0.0404261462390423,0.0398022569715977,0.0533208921551704,0.077386312186718,0.101835161447525,0.228252604603767,0.15565051138401,0.134698614478111,0.302386701107025,0.113445416092873,0.0544718913733959,0.103122636675835,0.269961953163147,0.154953449964523,0.280430346727371,0.0640208423137665,-0.0821304470300674,-0.0538818761706352,-0.0734710916876793,0.057293426245451,0.10696554929018,0.0598540678620338,0.0562928877770901,0.245501220226288,0.174594536423683,-0.0704299807548523,0.0943960696458817,0.0736078992486,0.207968011498451,-0.0790911763906479,0.0301683694124222,0.143347710371017,0.098465234041214,0.0766060054302216
-0.100190922617912,-0.0983204543590546,-0.0316069833934307,-0.0166355259716511,-0.0276492536067963,0.169844746589661,0.256437480449677,0.00196736236102879,-0.022364966571331,-0.0563698671758175,-0.111714489758015,-0.0324923507869244,-0.00774111598730087,-0.0286860018968582,0.220497637987137,0,0.0164136774837971,-0.00633139070123434,0.120271846652031,-0.0331149101257324,0.0487722977995872,0.0281858202069998,0.0746101960539818,0.173982113599777,0.0514637492597103,0.122223176062107,-0.00869484897702932,0.019408468157053,0.0220229737460613,0.032043069601059,0.141758635640144,0.127787619829178,0.0974917039275169,0.0202651359140873,0.0130943302065134,0.043013259768486,0.0502187199890614,-0.0558964386582375,0.040493231266737,-0.109035901725292,0.0746303647756577,-0.0270463395863771,0.00456075975671411,-0.107271127402782,0.0497693903744221,0.0398910567164421,0.207184880971909,-0.0595116540789604,0.0423434376716614,0.108058966696262,0.0131730260327458,0.0298802591860294,0.108179315924644,-0.0377063304185867,-0.0233094524592161,0.0170210432261229,0.0410421788692474,0.180690184235573,-0.0062499581836164,0.121521897614002,-0.0276048053056002,0.018597574904561,-0.00140421371906996,0.0282999575138092,0.102561928331852,0.0907818451523781,0.104123458266258,0.0249368790537119,-0.0178750399500132,-0.0135262981057167,0.0108314054086804,-0.0670736357569695,0.0596365854144096,-0.130270585417747,0.0811647325754166,-0.0483815260231495,-0.0282661858946085,-0.146160677075386,-0.0127397822216153,0.0464689210057259,0.213090598583221,-0.0806059911847115,0.0287858955562115,0.134423732757568,0.000567609386052936,0.024314982816577
0.0451002046465874,0.0579713210463524,0.12162222713232,0.0995086133480072,0.025726905092597,0.0387852229177952,-0.0102292941883206,0.110855244100094,0.0522951222956181,0.0363316014409065,0.0959305390715599,0.14998684823513,0.122085332870483,0.00579805392771959,0.0400550328195095,0.0164136774837971,0,0.072542279958725,-0.0249011609703302,0.091183640062809,-0.0497130304574966,0.0301180332899094,0.0171119291335344,-0.00757671287283301,-0.0214490629732609,-0.0387078747153282,0.0811566188931465,0.0331248417496681,0.0151374731212854,0.032894890755415,0.053802527487278,-0.0699981078505516,0.00789795257151127,0.0320434980094433,-0.0223849974572659,-0.0813963413238525,-0.0626577883958817,0.0510627701878548,0.00516097620129585,0.0683968216180801,-0.00565206026658416,0.0731548070907593,0.122641161084175,-0.0134961800649762,0.0177661962807178,0.000741490046493709,0.0104614794254303,-0.0314347073435783,-0.013774873688817,-0.0168133974075317,0.044859517365694,0.0628970190882683,-0.0109315980225801,0.0781665593385696,-0.0385499335825443,0.0305460188537836,0.00629966100677848,0.0149444965645671,-0.0217695310711861,-0.0175970550626516,0.0710625573992729,0.0287844762206078,0.0243682768195868,0.0204840432852507,0.0504163503646851,-0.0390346758067608,0.0226123500615358,0.0350062809884548,-0.0115561103448272,-0.105483986437321,-0.0271471738815308,0.0532839894294739,-0.00487273884937167,0.0759677961468697,-0.00129835796542466,0.072876051068306,0.119124680757523,0.0185414645820856,0.0164135340601206,0.0010277108522132,0.0216771904379129,0.0162017550319433,-0.0177588276565075,-0.00353457615710795,0.0485169626772404,0.071548618376255
0.270812153816223,0.212944835424423,0.159968838095665,0.15491971373558,0.0661172121763229,0.0702590346336365,-0.0311863124370575,0.0679621994495392,0.203801974654198,0.233822330832481,0.257985085248947,0.160482600331306,0.166177093982697,0.0959979295730591,0.0682558193802834,-0.00633139070123434,0.072542279958725,0,-0.0657950341701508,0.16972316801548,0.0351783521473408,0.0516114048659801,0.0384169891476631,0.00690801069140434,0.0549919866025448,0.028593547642231,0.125359863042831,0.0254189688712358,0.0935285240411758,0.0931950882077217,0.015770997852087,-0.0310097690671682,0.0708489343523979,0.0946914330124855,0.0240630004554987,-0.0586557649075985,-0.0103967245668173,0.171880036592484,0.0759049952030182,0.193530485033989,0.0603151693940163,0.159583374857903,0.140102088451385,0.114323690533638,0.078388012945652,0.0546667315065861,0.00500684697180986,0.13042725622654,-0.0381202735006809,0.0264911577105522,0.172048896551132,0.194862306118011,-0.00912264734506607,0.187392011284828,0.105387680232525,0.0633486285805702,0.0262043997645378,0.00338045158423483,0.108668871223927,0.0386342070996761,0.154446721076965,0.0247822497040033,0.120465293526649,0.0806990414857864,0.0692670941352844,0.0192339103668928,0.0564319938421249,0.10771432518959,0.121071845293045,0.0130470851436257,0.0882750451564789,0.189937978982925,0.070207417011261,0.208878338336945,0.0827430486679077,0.197705119848251,0.147843390703201,0.154660820960999,0.170127362012863,0.0485492274165154,0.0180619303137064,0.174843773245811,-0.00111131696030498,0.000945435545872897,0.136405259370804,0.216221436858177
-0.172597080469131,-0.117043480277061,-0.0376947149634361,-0.0610330700874329,-0.0201044101268053,0.0715159624814987,0.158930748701096,-0.0328122489154339,-0.0498541593551636,-0.0818238258361816,-0.20044219493866,-0.0826312378048897,-0.0668232589960098,-0.0264669824391603,0.0553531013429165,0.120271846652031,-0.0249011609703302,-0.0657950341701508,0,-0.0388430990278721,0.229680508375168,0.0481555834412575,0.0448018275201321,0.279266029596329,0.197748929262161,0.276159644126892,-0.178485348820686,0.0842737182974815,0.0836110413074493,0.0787983313202858,0.0197673439979553,0.559481859207153,0.00317254196852446,-0.0110366074368358,0.505596935749054,0.218167752027512,0.560024261474609,-0.0406666398048401,0.074818529188633,-0.117218315601349,0.179432988166809,-0.0788619816303253,-0.145164594054222,0.0232808534055948,0.189338639378548,0.107188008725643,0.749813497066498,0.255471140146255,0.107540719211102,0.158538222312927,0.182169184088707,0.136384472250938,0.671102166175842,-0.0488456822931767,0.0316499285399914,0.0286324787884951,0.0226591508835554,0.235224559903145,0.0158363413065672,0.192291125655174,-0.214332699775696,0.0881554484367371,0.0144454026594758,0.0740596950054169,-0.0598635375499725,0.31559032201767,0.0295177586376667,0.00990938395261765,0.233164876699448,0.156534910202026,0.257600724697113,-0.0770603567361832,0.116774797439575,-0.17660066485405,0.138842537999153,-0.150875866413116,-0.129113927483559,-0.102378368377686,0.0148553866893053,0.0767349749803543,0.6338751912117,0.0551004484295845,0.0540864504873753,0.165159657597542,0.178087309002876,0.0972525104880333
0.237266317009926,0.262713998556137,0.207716882228851,0.299952238798141,0.110932528972626,0.0444872081279755,-0.0374154523015022,0.0904843434691429,0.169536277651787,0.234063416719437,0.292657285928726,0.213971108198166,0.272869378328323,0.131699219346046,0.0383334942162037,-0.0331149101257324,0.091183640062809,0.16972316801548,-0.0388430990278721,0,-0.100587122142315,0.162142127752304,0.0525834672152996,0.0137683916836977,-0.123593047261238,-0.0156520139425993,0.00982065871357918,0.0316503010690212,0.210821926593781,0.189389452338219,-0.0945441126823425,-0.272917419672012,0.00898692104965448,0.393156409263611,0.200563132762909,-0.221736267209053,0.0242783986032009,0.288929343223572,0.322619885206223,0.419279664754868,0.394028872251511,0.0910005420446396,0.287769377231598,0.265777587890625,0.325588226318359,0.256721556186676,0.042337279766798,0.371129125356674,-0.12746773660183,-0.0434884838759899,0.292528241872787,0.57003265619278,0.0336757563054562,0.590016186237335,-0.0904133468866348,0.178393095731735,0.00943666882812977,-0.00146784901153296,-0.109631538391113,0.00260850158520043,0.0566157847642899,0.0339576527476311,0.183071151375771,0.158999443054199,-0.0397697724401951,-0.240165635943413,0.0263221766799688,0.36765268445015,0.307843327522278,-0.233849197626114,0.127474263310432,0.287402242422104,0.277752935886383,0.447388023138046,0.389104187488556,0.162186667323112,0.284169703722,0.252032369375229,0.306505501270294,0.205379664897919,0.0472664870321751,0.466958492994308,-0.159146055579185,-0.082507997751236,0.244308158755302,0.559638261795044
0.0531285963952541,0.0445743091404438,0.118698507547379,-0.0290928296744823,0.000911077251657844,0.151880398392677,0.052498135715723,-0.0578833483159542,0.00584275322034955,0.259608924388885,-0.0224962159991264,0.0595725513994694,-0.0330608263611794,-0.0413789339363575,0.135584324598312,0.0487722977995872,-0.0497130304574966,0.0351783521473408,0.229680508375168,-0.100587122142315,0,-0.12751904129982,0.0718709006905556,0.193451449275017,0.723982453346252,0.564099013805389,0.198434457182884,-0.062916986644268,0.29097118973732,-0.0787325799465179,0.116855897009373,0.486431956291199,0.17202977836132,-0.0930434912443161,0.566010415554047,0.456291556358337,0.551085472106934,-0.115647688508034,-0.0174568295478821,0.109140902757645,0.122748196125031,0.319585382938385,-0.0343013666570187,0.7109534740448,0.417918831110001,0.397248327732086,0.0812729969620705,0.459061294794083,0.0142954345792532,0.0117301000282168,-0.0115953842177987,-0.0412367843091488,0.0333002656698227,-0.102359749376774,0.655336678028107,-0.182328134775162,0.0625452920794487,0.115570247173309,0.526912927627563,0.315562307834625,0.0646203458309174,-0.0327080525457859,0.10020948946476,-0.0762023627758026,0.0605742409825325,0.307157635688782,0.128025993704796,-0.0788004174828529,0.256166458129883,0.352914601564407,0.208806306123734,-0.126816287636757,-0.000383883685572073,-0.017609192058444,0.050808023661375,0.161358699202538,-0.117767065763474,0.261926412582397,0.0882674157619476,0.173118323087692,0.0700201317667961,0.081071101129055,0.0635963305830956,0.0200541205704212,0.00268647586926818,-0.102386675775051
-0.0263139642775059,0.0924900844693184,0.00180578033905476,0.0287508592009544,-0.000231482554227114,0.103792443871498,0.0301371663808823,0.0217625293880701,0.0704834386706352,0.0170786585658789,0.0680914893746376,-0.0274560675024986,0.0241737309843302,0.0131318680942059,0.089421272277832,0.0281858202069998,0.0301180332899094,0.0516114048659801,0.0481555834412575,0.162142127752304,-0.12751904129982,0,0.0206073950976133,0.326488614082336,0.0525267384946346,-0.126933962106705,0.128703817725182,0.238296285271645,0.0373049862682819,0.921004712581635,0.0169513300061226,-0.140174612402916,0.154126793146133,0.367532074451447,-0.0721768513321877,-0.17591293156147,-0.128935500979424,0.873946011066437,0.306658029556274,0.0826840326189995,0.285779356956482,0.28084471821785,0.0727495551109314,-0.0172514226287603,0.0917832255363464,0.635133326053619,0.172892823815346,0.0207749977707863,-0.0258372146636248,0.0201035682111979,0.191526919603348,0.227473691105843,0.0885280296206474,0.148406088352203,-0.241825252771378,0.974114656448364,0.00430951127782464,0.374103605747223,-0.0679120570421219,-0.0772098898887634,0.162531673908234,0.31421160697937,-0.0118487104773521,0.909641325473785,-0.00734569877386093,-0.183602586388588,0.16331572830677,0.333477556705475,-0.110907085239887,-0.250977963209152,-0.156509935855865,0.836194932460785,0.351036578416824,0.0783475339412689,0.293653905391693,0.306903421878815,0.0829175114631653,-0.0862502977252007,-0.00650505302473903,0.579526484012604,0.153000771999359,0.0536784827709198,-0.0698262155056,0.0199768859893084,0.157349362969398,0.202827453613281
0.0180198233574629,0.0182994287461042,0.00937427673488855,0.00774099072441459,0.0118218595162034,0.134081065654755,0.0735807493329048,0.00075359910260886,0.0165751818567514,0.0475108586251736,0.0133317159488797,-0.0102011216804385,0.0130784716457129,0.00969442911446095,0.110488049685955,0.0746101960539818,0.0171119291335344,0.0384169891476631,0.0448018275201321,0.0525834672152996,0.0718709006905556,0.0206073950976133,0,0.160862609744072,0.111235797405243,0.143667757511139,0.0597258619964123,0.0353988222777843,0.0979031175374985,0.0442848652601242,0.0934798568487167,0.108227923512459,0.096894696354866,0.029999015852809,0.0683493390679359,0.0368327721953392,0.0716669484972954,0.0247568003833294,0.0478059463202953,0.0430627204477787,0.0553559884428978,0.0434009842574596,0.0606915988028049,0.0439168214797974,0.0713955983519554,0.0924524888396263,0.108952730894089,0.0649077370762825,0.0303745865821838,0.101435549557209,0.0516602285206318,0.102406874299049,0.0186600126326084,0.0231288205832243,0.0368938557803631,0.00836431328207254,0.0510619170963764,0.131695538759232,0.0735447481274605,0.115790605545044,0.0567716509103775,0.0257966406643391,0.0597409754991531,0.0441452823579311,0.0830815359950066,0.0717629417777061,0.0821611881256104,0.00818333774805069,0.0517634488642216,0.013302244246006,0.0408715792000294,0.0168549884110689,0.0380498804152012,0.0321034640073776,0.047214575111866,0.0569214001297951,0.0320935174822807,-0.00791033264249563,0.0427706576883793,0.0760898143053055,0.0806792750954628,0.0364073142409325,0.0147707834839821,0.0491038076579571,0.030145013704896,0.0891313627362251
-0.0709543153643608,-0.0596555955708027,-0.0434129126369953,-0.0317371003329754,-0.0175375211983919,0.223321869969368,0.184013888239861,-0.010472253896296,0.00180643040221184,-0.0796983167529106,-0.0799471363425255,-0.0620891004800797,-0.0366334244608879,-0.0256818048655987,0.233634576201439,0.173982113599777,-0.00757671287283301,0.00690801069140434,0.279266029596329,0.0137683916836977,0.193451449275017,0.326488614082336,0.160862609744072,0,0.323361337184906,0.362564951181412,0.0735631361603737,0.547328770160675,0.10195966809988,0.518843770027161,0.181637644767761,0.21689572930336,0.331515431404114,0.100900739431381,0.136820390820503,0.0406988449394703,0.101982690393925,0.273226976394653,0.0897773653268814,-0.0571986176073551,0.139304086565971,0.101862765848637,0.0365132428705692,-0.0126597750931978,0.100329533219337,0.509691298007965,0.345858305692673,0.0125731630250812,0.0719855427742004,0.157506927847862,0.10988899320364,0.132434874773026,0.257265388965607,0.0345564000308514,0.0482205078005791,0.297138512134552,0.105022042989731,0.819170713424683,0.196942731738091,0.35787296295166,0.0725941956043243,0.512096166610718,0.0700941905379295,0.51888519525528,0.140788674354553,0.196670562028885,0.351254969835281,0.107533156871796,0.105266764760017,-0.0267109759151936,0.12233067303896,0.196864187717438,0.145969554781914,-0.0471514314413071,0.176513686776161,0.142735287547112,0.0314189977943897,-0.0814005732536316,0.0452059172093868,0.509917736053467,0.275288879871368,-0.00503332773223519,0.0472291149199009,0.141769424080849,0.0821671187877655,0.0921754315495491
