0,0.359111934900284,0.283853709697723,0.289376705884933,0.0800462961196899,-0.0235364325344563,-0.10757227987051,0.0690341368317604,0.219576045870781,0.73621928691864,0.453248411417007,0.379466950893402,0.30991068482399,0.109846815466881,-0.0164136812090874,-0.0959962159395218,0.0487283989787102,0.275446116924286,-0.174716144800186,0.228053912520409,0.0713764131069183,0.0600340664386749,0.0095669636502862,-0.103933796286583,0.0237041562795639,0.108807541429996,0.0828305631875992,-0.00973070226609707,0.201825678348541,0.039592370390892,-0.173221945762634,-0.152590200304985,-0.0179350879043341,0.103701181709766,0.0972887799143791,-0.0495460219681263,0.029495395720005,0.174436792731285,0.0423831008374691,0.350229918956757,0.073074109852314,0.188752561807632,0.0877960175275803,0.331983357667923,0.0386501774191856,0.123629286885262,-0.179512798786163,0.296733230352402,-0.103567823767662,-0.0703219026327133,0.0682044848799706,0.225316196680069,-0.0755787119269371,0.28868493437767,0.403443574905396,0.0495550893247128,0.0367286242544651,-0.125558659434319,0.339830935001373,0.215391173958778,0.181085854768753,-0.0151477456092834,0.335681468248367,-0.00364586687646806,-0.0394097603857517,0.094478540122509,0.00158913305494934,0.127186954021454,0.374217331409454,0.201269343495369,0.283724635839462,0.189056530594826,0.0493471473455429,0.437257409095764,0.163609653711319,0.312433153390884,0.178702995181084,0.575967133045197,0.375883936882019,0.152997076511383,-0.140435203909874,0.475027531385422,-0.0170878637582064,-0.0848887637257576,0.0732318982481956,0.278236985206604
0.359111934900284,0,0.298144608736038,0.306711673736572,0.127342239022255,0.00190054206177592,-0.094084233045578,0.0834484398365021,0.241242453455925,0.387994766235352,0.534682810306549,0.305213391780853,0.292328774929047,0.114876113831997,-0.0145716099068522,-0.115623071789742,0.0632448941469193,0.234660401940346,-0.117127873003483,0.275557339191437,0.0770614817738533,0.11249940097332,0.0229208450764418,-0.0845173448324203,0.0727094858884811,0.0592379122972488,0.150868639349937,0.07244523614645,0.170633286237717,0.133310079574585,-0.0366268306970596,-0.0904238298535347,-0.00210163625888526,0.124462641775608,0.134102135896683,-0.0447387807071209,0.0281285922974348,0.258607715368271,0.0815000608563423,0.357109159231186,0.0796101614832878,0.213600143790245,0.183797001838684,0.237576693296432,0.192348316311836,0.082504890859127,-0.125606641173363,0.224189803004265,-0.0476799160242081,-0.0627160593867302,0.194340437650681,0.281322300434113,-0.143982008099556,0.281420588493347,0.0679154023528099,0.103431060910225,0.0260428693145514,-0.111287400126457,0.0662150010466576,-0.0223822761327028,0.138418599963188,0.0596698485314846,0.133867800235748,0.0860114917159081,-0.0134945707395673,-0.0977718532085419,-0.0232058856636286,0.0653538182377815,0.153564050793648,-0.0253212712705135,0.0668743401765823,0.291932642459869,0.0303132999688387,0.323247104883194,0.0541279353201389,0.185662746429443,0.173007428646088,0.187750861048698,0.166051268577576,0.014287581667304,-0.151157438755035,0.197739511728287,-0.043045949190855,-0.0794732049107552,0.168212786316872,0.26322278380394
0.283853709697723,0.298144608736038,0,0.408477216959,0.11247980594635,0.033211138099432,-0.0411630682647228,0.151415660977364,0.167037457227707,0.328992903232574,0.313935518264771,0.613645732402802,0.401606768369675,0.0776603296399117,0.015821473672986,-0.0536473542451859,0.12606717646122,0.162191778421402,-0.0529484376311302,0.229553610086441,0.116436570882797,0.0420449823141098,0.00294772046618164,-0.0714521706104279,0.0242111813277006,0.0445196591317654,0.0919321551918983,0.00747503014281392,0.210013717412949,0.0495690032839775,-0.00797727331519127,-0.084177628159523,-0.0432196818292141,0.0331325009465218,0.220888182520866,-0.0179584342986345,0.127622455358505,0.136320754885674,-0.0325964838266373,0.232887163758278,0.0572128966450691,0.105323858559132,0.204433187842369,0.253970235586166,0.208662822842598,0.025561336427927,-0.0835592225193977,0.174465835094452,-0.0565452054142952,-0.0697684735059738,0.110978707671165,0.192373037338257,-0.0549484752118587,0.206633627414703,0.085619643330574,0.0195807386189699,0.0372177101671696,-0.0910914465785027,0.011354586109519,-0.00314843910746276,0.0698616430163383,0.0190632082521915,0.160795286297798,0.00873288698494434,0.00330586079508066,-0.094134233891964,-0.0252482127398252,0.0178548321127892,0.186074882745743,-0.0354384444653988,0.122183993458748,0.147673785686493,-0.0514160320162773,0.217126339673996,0.0564203150570393,0.0753619521856308,0.156147643923759,0.15668036043644,0.137589693069458,-0.019916694611311,-0.0897196754813194,0.155477628111839,-0.0649480372667313,-0.0645371153950691,0.103900246322155,0.185178890824318
0.289376705884933,0.306711673736572,0.408477216959,0,0.211916372179985,0.0129346577450633,-0.0160202719271183,0.114252611994743,0.155490040779114,0.280095666646957,0.315343230962753,0.390710592269897,0.669690549373627,0.137719959020615,-0.00252129579894245,-0.0200440250337124,0.108220376074314,0.161214739084244,-0.0396750718355179,0.321575969457626,-0.0278596989810467,0.081843800842762,0.00414427137002349,-0.0210031419992447,-0.110234141349792,0.0224282927811146,0.00233444198966026,0.0202101282775402,0.166086971759796,0.0750846639275551,-0.0402791611850262,-0.17194639146328,-0.0177066847681999,0.198667570948601,0.185190454125404,-0.106118313968182,0.0605871342122555,0.162862509489059,0.171303361654282,0.230326250195503,0.284425586462021,0.0542009882628918,0.143978014588356,0.159526273608208,0.192138493061066,0.114811010658741,-0.00410470645874739,0.273884445428848,-0.0768414288759232,-0.0321599766612053,0.164258942008018,0.365652471780777,-0.0373012647032738,0.316198885440826,0.00846821907907724,0.0737744718790054,0.0145794106647372,-0.047464556992054,-0.057800155133009,-0.0224143601953983,0.0214969869703054,0.0304372515529394,0.154221877455711,0.0520002730190754,-0.0341387093067169,-0.147001802921295,0.00207586004398763,0.163332581520081,0.245603293180466,-0.0713719949126244,0.137935936450958,0.178195983171463,0.110649451613426,0.271277189254761,0.26927649974823,0.0867382884025574,0.154020816087723,0.176329731941223,0.178669795393944,0.0867960378527641,-0.0339771546423435,0.305635124444962,-0.0714185386896133,-0.0624703653156757,0.155411303043365,0.363162785768509
0.0800462961196899,0.127342239022255,0.11247980594635,0.211916372179985,0,0.00255203247070312,-0.0200213138014078,0.0256071127951145,0.0626741573214531,0.0940157100558281,0.109941720962524,0.119601242244244,0.18315164744854,0.0443807579576969,-0.00378359714522958,-0.0287641044706106,0.0266105085611343,0.0597227327525616,-0.0199445150792599,0.110093906521797,-6.74203038215637e-05,0.0190507266670465,0.0127183152362704,-0.0122728580608964,-0.0171686671674252,0.0153593998402357,-0.00914671085774899,-0.0136833181604743,0.079627513885498,0.0237862933427095,-0.0275293383747339,-0.0382767915725708,0.00124335871078074,0.0218008551746607,0.0732372775673866,0.00332551053725183,0.0492154210805893,0.0645187944173813,0.0621983110904694,0.0963313281536102,0.0918048992753029,0.011192325502634,0.0616869628429413,0.07602858543396,0.071846604347229,0.0123504213988781,0.0018575896974653,0.113505423069,-0.0362419039011002,-0.0188312102109194,0.0750498324632645,0.149126395583153,-0.0263557024300098,0.121143855154514,-0.0218853130936623,0.0118512641638517,-0.0186590868979692,-0.0327289663255215,-0.0369442626833916,-0.0228451769798994,-0.00608798395842314,-0.00879716593772173,0.0612100511789322,0.00796276982873678,-0.0262312274426222,-0.055376548320055,-0.0194498840719461,0.0271166022866964,0.0765227973461151,-0.0155239254236221,0.0540417581796646,0.0669513717293739,0.0494893416762352,0.0821680650115013,0.0734759569168091,-0.00724815810099244,0.0355059280991554,0.0410178415477276,0.0440099574625492,-0.010604677721858,-0.0263699684292078,0.0972835943102837,-0.047406405210495,-0.0269317850470543,0.0510744005441666,0.13620999455452
-0.0235364325344563,0.00190054206177592,0.033211138099432,0.0129346577450633,0.00255203247070312,0,0.179934114217758,0.0240734964609146,0.0926798805594444,0.0537386760115623,-0.012601763010025,0.0175100117921829,-0.000647848821245134,-0.0236819759011269,0.464357495307922,0.1867615878582,0.040194183588028,0.0694463774561882,0.0811231136322021,0.0516477078199387,0.140457198023796,0.0698907151818275,0.143677458167076,0.225636720657349,0.256386071443558,0.133690863847733,0.353477120399475,0.131117284297943,0.0890723913908005,0.103648856282234,0.316948980093002,0.218508869409561,0.269219160079956,0.0775604471564293,-0.0258785616606474,0.0327447578310966,-0.0181423872709274,0.0661095380783081,0.089685894548893,0.104663215577602,0.0499513372778893,0.252734780311584,0.237008556723595,-0.00351979630067945,0.170264706015587,0.0799990519881248,0.210662439465523,-0.0607286877930164,0.0549127049744129,0.156820997595787,0.106854908168316,0.081829734146595,0.0516392327845097,0.0270260833203793,-0.00729890447109938,0.0447163917124271,0.0920489728450775,0.218544349074364,0.109257839620113,0.0951064974069595,0.290750682353973,0.132912397384644,0.0181476697325706,0.0916943326592445,0.287331879138947,0.118908196687698,0.235015094280243,0.0672718062996864,-0.108197413384914,-0.0434975549578667,-0.0823686122894287,0.0421093590557575,0.0957132056355476,0.0400706715881824,0.0494947470724583,0.196238487958908,0.159278377890587,-0.0930511131882668,0.0579075813293457,0.0483228266239166,0.186129122972488,-0.0872695744037628,0.0466998033225536,0.130649462342262,0.0978647395968437,0.0568885207176208
-0.10757227987051,-0.094084233045578,-0.0411630682647228,-0.0160202719271183,-0.0200213138014078,0.179934114217758,0,-0.0120951076969504,-0.00515576731413603,-0.055178128182888,-0.120470970869064,-0.0643743872642517,-0.037066575139761,-0.0288966856896877,0.189126297831535,0.269256860017776,-0.0107582565397024,-0.0324509963393211,0.162262752652168,-0.0255230255424976,0.0314068198204041,-0.00336139556020498,0.0788933262228966,0.178034856915474,0.049973338842392,0.127885416150093,-0.00562818814069033,0.0507123991847038,-0.0068392432294786,0.018467465415597,0.170698404312134,0.168446823954582,0.0689893364906311,0.0353840179741383,0.0210104994475842,0.061902966350317,0.0623583570122719,-0.0352008454501629,0.075645923614502,-0.12468709051609,0.0964343175292015,-0.0546759180724621,-0.0134773310273886,-0.148437589406967,0.0526317320764065,0.0376417338848114,0.237440809607506,-0.0503824315965176,0.045550387352705,0.134073808789253,8.44039022922516e-05,0.0318362265825272,0.118517205119133,-0.0537139251828194,-0.0821545198559761,-0.0139230219647288,0.0267416592687368,0.164384230971336,-0.0542538203299046,0.0884968340396881,-0.0441433228552341,0.038829118013382,-0.0422457158565521,0.0164327993988991,0.093915194272995,0.0777271613478661,0.0550056397914886,0.0371094606816769,-0.0602285452187061,-0.0317121706902981,-0.0284191519021988,-0.056037176400423,0.0827710852026939,-0.137204304337502,0.0930719822645187,-0.0730085149407387,-0.0325428806245327,-0.200527608394623,-0.0273110046982765,0.0391227863729,0.200012996792793,-0.095446415245533,0.0223938394337893,0.115296900272369,-0.00708692753687501,8.39736312627792e-05
0.0690341368317604,0.0834484398365021,0.151415660977364,0.114252611994743,0.0256071127951145,0.0240734964609146,-0.0120951076969504,0,0.0592904388904572,0.052912212908268,0.0822479501366615,0.140468642115593,0.116179220378399,0.0176432188600302,0.0331056863069534,0.00327134691178799,0.118236348032951,0.0722452998161316,-0.0311613921076059,0.107864491641521,-0.0543480031192303,0.0394594073295593,0.000575237849261612,-0.014963393099606,-0.0458418428897858,-0.0250410679727793,0.065971277654171,0.0237684696912766,0.0282153412699699,0.0276072863489389,0.0663448572158813,-0.0607783831655979,0.0163873080164194,0.0514469183981419,-0.0337630547583103,-0.0890909507870674,-0.0769345536828041,0.0613426230847836,0.0160068180412054,0.0774188563227654,0.0131877427920699,0.0571022443473339,0.135240152478218,-0.00170880393125117,0.0212769042700529,0.00802911072969437,0.00735187530517578,-1.97491608560085e-05,-0.00110793253406882,-0.00425549456849694,0.0567889697849751,0.090795986354351,-0.0216183885931969,0.092472180724144,-0.0396414324641228,0.0433201342821121,-0.00186204141937196,-0.00372493686154485,-0.0234090536832809,-0.00268051819875836,0.0846430063247681,0.0401216074824333,0.0336073338985443,0.0180490724742413,0.0667266473174095,-0.0483262911438942,0.0133442226797342,0.0468487553298473,-0.00942160841077566,-0.0878127291798592,-0.0253504570573568,0.0676565393805504,0.00796615611761808,0.0895239636301994,0.0316163338720798,0.0687277838587761,0.121034562587738,0.01830187253654,0.0290766190737486,0.00887548364698887,0.0105028757825494,0.0521383844316006,-0.0128845851868391,-0.0102383187040687,0.0647434443235397,0.0925530344247818
0.219576045870781,0.241242453455925,0.167037457227707,0.155490040779114,0.0626741573214531,0.0926798805594444,-0.00515576731413603,0.0592904388904572,0,0.23887699842453,0.254356622695923,0.145505383610725,0.155854657292366,0.0547532141208649,0.0767427384853363,-0.0208922531455755,0.0451598837971687,0.212863966822624,-0.0419323667883873,0.170768067240715,0.0280818436294794,0.0780045092105865,0.0260197408497334,0.00782732106745243,0.0371934175491333,0.0164475906640291,0.129689678549767,0.0320138335227966,0.0898776352405548,0.107057444751263,0.0234397128224373,-0.0403429679572582,0.0627957731485367,0.0907130390405655,0.0447814390063286,-0.0395127572119236,0.00186410697642714,0.189873099327087,0.0705933421850204,0.203101217746735,0.0586410723626614,0.153538107872009,0.143169149756432,0.112275458872318,0.0888882577419281,0.0376194305717945,-0.00342203467153013,0.107877254486084,-0.0253569409251213,-0.0221986696124077,0.136335641145706,0.181957080960274,-0.0367689467966557,0.178095996379852,0.0477885119616985,0.0678560808300972,0.0361793860793114,-0.0157544761896133,0.059758372604847,0.0159959588199854,0.145570993423462,0.0229002293199301,0.0997511520981789,0.0886617377400398,0.059799212962389,-0.0142423398792744,0.0390905514359474,0.059800460934639,0.0893958359956741,-0.0188701096922159,0.0461817383766174,0.195804730057716,0.0592677742242813,0.18891716003418,0.0558807365596294,0.165594488382339,0.152109757065773,0.111316576600075,0.11959832161665,0.00315018347464502,-0.00816800724714994,0.133954122662544,-0.038778081536293,0.00198180438019335,0.134950250387192,0.179272681474686
0.73621928691864,0.387994766235352,0.328992903232574,0.280095666646957,0.0940157100558281,0.0537386760115623,-0.055178128182888,0.052912212908268,0.23887699842453,0,0.35997685790062,0.314529299736023,0.245120525360107,0.1032545119524,0.0311398208141327,-0.0687052384018898,0.0381293818354607,0.243077099323273,-0.104894295334816,0.237053737044334,0.293571263551712,0.0687753409147263,0.0397414788603783,-0.140649139881134,0.218269571661949,0.199861794710159,0.157283127307892,-0.0846428275108337,0.226986676454544,0.0342261046171188,-0.0147232580929995,0.0234773140400648,0.0148301813751459,0.164215505123138,0.238210961222649,0.102126605808735,0.205024778842926,0.188018471002579,0.204174980521202,0.327223539352417,0.232092574238777,0.252275705337524,0.11487241089344,0.473297625780106,0.295198738574982,0.180924668908119,-0.141951814293861,0.348767191171646,-0.0117461942136288,-0.0192938894033432,0.0722183957695961,0.222730323672295,-0.177421614527702,0.184207782149315,0.120955146849155,0.0469275563955307,0.021389938890934,-0.154897958040237,0.0767376944422722,0.0724088698625565,0.0926486700773239,-0.0493058450520039,0.0962091609835625,0.00931928120553493,-0.0248334370553493,-0.0436420291662216,-0.00562850013375282,0.101738631725311,0.133620262145996,0.0299174729734659,0.0503452979028225,0.202081471681595,0.100583739578724,0.262674540281296,0.134131878614426,0.138306826353073,0.0735421180725098,0.21189658343792,0.0774035602807999,0.0209833085536957,-0.129143461585045,0.2811578810215,-0.051444161683321,-0.0657528266310692,0.0721254050731659,0.190757051110268
0.453248411417007,0.534682810306549,0.313935518264771,0.315343230962753,0.109941720962524,-0.012601763010025,-0.120470970869064,0.0822479501366615,0.254356622695923,0.35997685790062,0,0.366800487041473,0.343544363975525,0.122535794973373,-0.0205504037439823,-0.127145901322365,0.0974116921424866,0.276591867208481,-0.183654978871346,0.301995247602463,0.0143016148358583,0.103661835193634,0.00879318453371525,-0.0929853916168213,0.0115417717024684,-0.0109265772625804,0.147293284535408,0.0578151755034924,0.142098814249039,0.120006553828716,-0.0698455423116684,-0.175979226827621,0.00296489964239299,0.084856890141964,0.0497266612946987,-0.121885523200035,-0.0434014685451984,0.264319121837616,0.0217527225613594,0.360442340373993,0.0356756038963795,0.216547638177872,0.20135809481144,0.201054841279984,0.0987183153629303,0.0529151670634747,-0.170630618929863,0.219719767570496,-0.0893161296844482,-0.0905508622527122,0.19789931178093,0.27193483710289,-0.163947403430939,0.333045125007629,0.177192851901054,0.108929313719273,0.0160794630646706,-0.124654449522495,0.159953892230988,-0.00375247467309237,0.209122359752655,0.0387933515012264,0.202553927898407,0.0799807161092758,-0.00961113721132278,-0.0604532659053802,-0.0038226880133152,0.0963536500930786,0.250202238559723,0.0185970347374678,0.156093120574951,0.305662661790848,0.00587206287309527,0.416872084140778,0.0775062590837479,0.271433025598526,0.228360742330551,0.323600858449936,0.275901347398758,0.0400103107094765,-0.163075149059296,0.291346102952957,-0.0335887707769871,-0.11286685615778,0.191468492150307,0.303714454174042
0.379466950893402,0.305213391780853,0.613645732402802,0.390710592269897,0.119601242244244,0.0175100117921829,-0.0643743872642517,0.140468642115593,0.145505383610725,0.314529299736023,0.366800487041473,0,0.422623932361603,0.0929924920201302,0.0157899428158998,-0.0498135387897491,0.151556193828583,0.157511681318283,-0.0847381353378296,0.232835859060287,0.0646228939294815,0.0233196876943111,-0.0128440698608756,-0.0779109597206116,-0.00811664294451475,0.0291723925620317,0.0923506915569305,0.0205724891275167,0.197685390710831,0.0421788394451141,-0.0492120757699013,-0.150441735982895,-0.0447871349751949,0.0248353257775307,0.19073323905468,-0.052200973033905,0.104677021503448,0.147117257118225,-0.0213099457323551,0.249994724988937,0.0549434497952461,0.0907561779022217,0.193152382969856,0.223424032330513,0.125948786735535,0.0442971624433994,-0.0948978886008263,0.178840860724449,-0.0892021507024765,-0.0848208367824554,0.104885078966618,0.196088895201683,-0.0394836999475956,0.268715709447861,0.179250180721283,-0.00737853907048702,0.018444811925292,-0.0883349999785423,0.0913462564349174,0.0383952222764492,0.0980630218982697,0.00903427135199308,0.248870506882668,-0.001248988090083,0.00321148824878037,-0.0619165524840355,-0.0108584221452475,0.0351947396993637,0.279366165399551,0.0505892150104046,0.215449690818787,0.155439078807831,-0.0711417868733406,0.288075566291809,0.0566638298332691,0.134620293974876,0.212002530694008,0.27426353096962,0.225966349244118,0.00790321361273527,-0.103790178894997,0.22216109931469,-0.0638620257377625,-0.0696311295032501,0.0834659188985825,0.227287352085114
0.30991068482399,0.292328774929047,0.401606768369675,0.669690549373627,0.18315164744854,-0.000647848821245134,-0.037066575139761,0.116179220378399,0.155854657292366,0.245120525360107,0.343544363975525,0.422623932361603,0,0.152097687125206,0.00690618762746453,-0.0204462539404631,0.132616207003593,0.173282876610756,-0.0422755777835846,0.301239669322968,-0.0293694604188204,0.0816886350512505,0.0142139494419098,-0.0266793128103018,-0.111096724867821,0.0163279380649328,-0.00782071705907583,0.0396185703575611,0.160314127802849,0.0767863765358925,-0.077431321144104,-0.168535053730011,-0.0191476941108704,0.164825245738029,0.168903231620789,-0.116304256021976,0.0564320273697376,0.172377377748489,0.0956644415855408,0.235630795359612,0.230951711535454,0.0387654229998589,0.133657574653625,0.143018782138824,0.158953592181206,0.100761570036411,-0.0244351644068956,0.253374725580215,-0.0928549841046333,-0.0559107437729836,0.161762475967407,0.337423622608185,-0.0154348388314247,0.322475969791412,0.0240559093654156,0.0656182616949081,0.0190598331391811,-0.0305863488465548,-0.0443455837666988,0.0211474541574717,0.00876353774219751,0.0409933738410473,0.195722922682762,0.0542271286249161,-0.045021053403616,-0.128737449645996,-0.0108299553394318,0.152542799711227,0.278182089328766,-0.0484463348984718,0.180621773004532,0.187594190239906,0.0867375656962395,0.275131374597549,0.275441974401474,0.0881561487913132,0.153446391224861,0.198821365833282,0.195338606834412,0.0870445743203163,-0.0104643758386374,0.314672648906708,-0.0902294814586639,-0.0527959614992142,0.154905050992966,0.396408557891846
0.109846815466881,0.114876113831997,0.0776603296399117,0.137719959020615,0.0443807579576969,-0.0236819759011269,-0.0288966856896877,0.0176432188600302,0.0547532141208649,0.1032545119524,0.122535794973373,0.0929924920201302,0.152097687125206,0,-0.0122442254796624,-0.0299080573022366,0.0163434874266386,0.106086231768131,-0.0257115829735994,0.126891240477562,-0.0333394184708595,0.0357422940433025,0.0103974565863609,-0.0293658450245857,-0.0347489789128304,-0.022585591301322,0.0113728316500783,-0.0125125842168927,0.0326245613396168,0.034593902528286,-0.0349971987307072,-0.0569799430668354,-0.00230592070147395,0.0491294078528881,0.0214193742722273,-0.0451572798192501,-0.00652108294889331,0.075679250061512,0.0595976263284683,0.0875759944319725,0.0639971718192101,0.0418321192264557,0.060808215290308,0.0279731750488281,0.0514580644667149,0.0112274000421166,-0.0165318604558706,0.0819398537278175,-0.0433018170297146,-0.0195421166718006,0.0799709334969521,0.119194865226746,-0.0271917395293713,0.108560189604759,-0.00214452343061566,0.0368064679205418,-0.000258255749940872,-0.0246848315000534,-0.0111921597272158,-0.0206348989158869,0.0285479500889778,-0.0100848544389009,0.0299339406192303,0.0361030399799347,-0.021696675568819,-0.0347650572657585,-0.00675265956670046,0.0652510598301888,0.0611600130796432,-0.0346067547798157,0.0421362482011318,0.0890631601214409,0.0637730732560158,0.0897864475846291,0.0733473151922226,0.052373506128788,0.0761200338602066,0.0560890845954418,0.0777944326400757,-0.00263562751933932,-0.0173854809254408,0.0998432859778404,-0.0260226279497147,-0.0247427616268396,0.0642162561416626,0.133542358875275
-0.0164136812090874,-0.0145716099068522,0.015821473672986,-0.00252129579894245,-0.00378359714522958,0.464357495307922,0.189126297831535,0.0331056863069534,0.0767427384853363,0.0311398208141327,-0.0205504037439823,0.0157899428158998,0.00690618762746453,-0.0122442254796624,0,0.236782386898994,0.0462301336228848,0.0679972544312477,0.0618461146950722,0.0439714603126049,0.115829452872276,0.0497149974107742,0.119613371789455,0.229184433817863,0.219635784626007,0.122528448700905,0.316940784454346,0.122562862932682,0.082270935177803,0.0809458941221237,0.321295261383057,0.179062440991402,0.272979736328125,0.0862556248903275,-0.0343407541513443,0.000230490695685148,-0.0453646257519722,0.0403971672058105,0.084282398223877,0.0779833644628525,0.0609508343040943,0.230703219771385,0.233194619417191,-0.0429177507758141,0.152041777968407,0.0766043290495872,0.20767916738987,-0.0787899345159531,0.0493305176496506,0.132969737052917,0.0852556973695755,0.0867180451750755,0.058037307113409,0.0418307855725288,0.039939284324646,0.036979153752327,0.112393662333488,0.233635902404785,0.134182617068291,0.139410004019737,0.293507009744644,0.114893779158592,0.0606282465159893,0.0717508569359779,0.276082336902618,0.138776645064354,0.285713911056519,0.0663720592856407,-0.0726801007986069,-0.0386902205646038,-0.0634931623935699,0.0273439437150955,0.116198524832726,0.0507217571139336,0.0606456324458122,0.214053556323051,0.177916795015335,-0.0695999413728714,0.092096708714962,0.0686746537685394,0.212916657328606,-0.0652257427573204,0.0329507179558277,0.148360773921013,0.0917795300483704,0.0792384669184685
-0.0959962159395218,-0.115623071789742,-0.0536473542451859,-0.0200440250337124,-0.0287641044706106,0.1867615878582,0.269256860017776,0.00327134691178799,-0.0208922531455755,-0.0687052384018898,-0.127145901322365,-0.0498135387897491,-0.0204462539404631,-0.0299080573022366,0.236782386898994,0,0.0203191228210926,-0.00745953945443034,0.126405254006386,-0.0282031372189522,0.0319535583257675,-0.0123842265456915,0.0802592635154724,0.175462856888771,0.03347347676754,0.119630008935928,-0.0117929046973586,0.00979980174452066,-0.000169421546161175,0.0077595878392458,0.142166554927826,0.119792364537716,0.0993812084197998,0.0443420447409153,0.00612981896847486,0.0220186579972506,0.032950509339571,-0.0788260102272034,0.0729565471410751,-0.105707667768002,0.101591490209103,-0.0409412272274494,-0.00810412038117647,-0.115943744778633,0.0360539965331554,0.0428061001002789,0.207290321588516,-0.0443308539688587,0.0317356288433075,0.107886150479317,-0.00566415302455425,0.0360751263797283,0.124014057219028,-0.0291439108550549,-0.0290001407265663,-0.0195749327540398,0.0448567233979702,0.181063547730446,-0.0161768905818462,0.13924665749073,-0.0372067578136921,0.00586686516180634,-0.00885636266320944,0.00102572061587125,0.101736642420292,0.0839853584766388,0.108166009187698,0.0459777489304543,-0.0224452223628759,-0.0193934962153435,0.0150480465963483,-0.0995808392763138,0.098174087703228,-0.122825592756271,0.112574651837349,-0.0506128743290901,-0.0435842126607895,-0.139233082532883,-0.0121924262493849,0.0490477867424488,0.226499289274216,-0.0459854044020176,0.0191045720130205,0.147031351923943,-0.00234701228328049,0.0319874174892902
0.0487283989787102,0.0632448941469193,0.12606717646122,0.108220376074314,0.0266105085611343,0.040194183588028,-0.0107582565397024,0.118236348032951,0.0451598837971687,0.0381293818354607,0.0974116921424866,0.151556193828583,0.132616207003593,0.0163434874266386,0.0462301336228848,0.0203191228210926,0,0.0728294998407364,-0.0226922053843737,0.0978809297084808,-0.0537101998925209,0.0355020314455032,0.0121135041117668,-0.00266231247223914,-0.0269682053476572,-0.0383584387600422,0.0865015238523483,0.0396730341017246,0.0134821487590671,0.0322590619325638,0.065576545894146,-0.0619158111512661,0.00297384383156896,0.0320709645748138,-0.0412262044847012,-0.0787938758730888,-0.0630503669381142,0.0479637645184994,0.00678784353658557,0.0669037625193596,-0.0018242885125801,0.0767748132348061,0.138279736042023,-0.0239078551530838,0.0296437777578831,0.00219887145794928,0.0183873102068901,-0.0272477362304926,-0.00886426586657763,-0.0164890065789223,0.0475869402289391,0.0626963824033737,-0.0173419434577227,0.0822758898139,-0.0542586445808411,0.0379701405763626,0.00605286890640855,0.0165824461728334,-0.0323884710669518,-0.0130973504856229,0.0786297023296356,0.0406683534383774,0.0201163832098246,0.0231909174472094,0.0599851049482822,-0.0383206643164158,0.020520992577076,0.0428598783910275,-0.0303170215338469,-0.105869673192501,-0.0398511700332165,0.052826602011919,0.00109344022348523,0.073684997856617,0.00831649079918861,0.0723398178815842,0.128024816513062,0.00417398288846016,0.0131442928686738,0.00722728855907917,0.0223348252475262,0.0145138250663877,-0.00573713006451726,-0.00038215980748646,0.0535508170723915,0.0774697065353394
0.275446116924286,0.234660401940346,0.162191778421402,0.161214739084244,0.0597227327525616,0.0694463774561882,-0.0324509963393211,0.0722452998161316,0.212863966822624,0.243077099323273,0.276591867208481,0.157511681318283,0.173282876610756,0.106086231768131,0.0679972544312477,-0.00745953945443034,0.0728294998407364,0,-0.045673631131649,0.172222629189491,0.0545047335326672,0.0811938121914864,0.0456779897212982,0.00708486745133996,0.065253458917141,0.0241469591856003,0.131582900881767,0.0179117321968079,0.101844295859337,0.115227170288563,0.021342009305954,-0.0155991474166512,0.0766041949391365,0.0852232575416565,0.0388760380446911,-0.0457507744431496,0.00517795654013753,0.191280156373978,0.0756495520472527,0.190550401806831,0.0622170642018318,0.174842283129692,0.15155328810215,0.102894224226475,0.0969041287899017,0.0449066609144211,0.016844542697072,0.12549489736557,-0.0363819897174835,0.0226526372134686,0.19541697204113,0.194702789187431,-0.0123730096966028,0.194370776414871,0.0955085605382919,0.0891387537121773,0.0257174614816904,0.00151153258047998,0.106396995484829,0.0207806639373302,0.156896486878395,0.0270163007080555,0.123176865279675,0.0999367386102676,0.074874110519886,0.0251231957226992,0.0578709729015827,0.102694489061832,0.110349580645561,0.0213797334581614,0.08065015822649,0.204815700650215,0.0730251893401146,0.204943120479584,0.0736401006579399,0.203391924500465,0.162318617105484,0.145810291171074,0.169459298253059,0.0363338217139244,0.0184177160263062,0.145684152841568,0.0183574315160513,-0.00434472458437085,0.157947242259979,0.218284964561462
-0.174716144800186,-0.117127873003483,-0.0529484376311302,-0.0396750718355179,-0.0199445150792599,0.0811231136322021,0.162262752652168,-0.0311613921076059,-0.0419323667883873,-0.104894295334816,-0.183654978871346,-0.0847381353378296,-0.0422755777835846,-0.0257115829735994,0.0618461146950722,0.126405254006386,-0.0226922053843737,-0.045673631131649,0,0.00645214831456542,0.160113364458084,0.0381566919386387,0.0417737811803818,0.307886272668839,0.162864610552788,0.252761512994766,-0.170193076133728,0.0917947143316269,0.0665761306881905,0.0988918989896774,0.0214186180382967,0.524198889732361,0.0162494275718927,0.0289338938891888,0.463605284690857,0.111104622483253,0.514059662818909,-0.0462087467312813,0.119795426726341,-0.0945140346884727,0.2137840539217,-0.063406802713871,-0.118209205567837,0.0099017545580864,0.118436135351658,0.135624304413795,0.744109869003296,0.244436576962471,0.0728993788361549,0.155650094151497,0.187633991241455,0.188335999846458,0.716977596282959,0.00218373001553118,0.0339672304689884,0.0253795981407166,0.0258029848337173,0.266636610031128,0.0286681726574898,0.203968182206154,-0.188960522413254,0.0814952775835991,0.0202468410134315,0.0871267765760422,-0.043312069028616,0.34376585483551,0.052198052406311,0.0553690008819103,0.276172310113907,0.126300558447838,0.318818777799606,-0.0786653310060501,0.160249695181847,-0.132771521806717,0.17665596306324,-0.095833495259285,-0.101276822388172,-0.0587129630148411,0.0483154393732548,0.102500177919865,0.652218818664551,0.145399317145348,0.0321622788906097,0.172470405697823,0.191969230771065,0.165822744369507
0.228053912520409,0.275557339191437,0.229553610086441,0.321575969457626,0.110093906521797,0.0516477078199387,-0.0255230255424976,0.107864491641521,0.170768067240715,0.237053737044334,0.301995247602463,0.232835859060287,0.301239669322968,0.126891240477562,0.0439714603126049,-0.0282031372189522,0.0978809297084808,0.172222629189491,0.00645214831456542,0,-0.068196028470993,0.205068483948708,0.0525621436536312,0.0471501015126705,-0.119473107159138,0.00864583719521761,0.0245540030300617,0.036373745650053,0.241669088602066,0.209792390465736,-0.0779573768377304,-0.25049552321434,0.0181177780032158,0.368200391530991,0.218463554978371,-0.205378338694572,0.0259543918073177,0.277517557144165,0.294288247823715,0.442275941371918,0.368096202611923,0.144295960664749,0.312917739152908,0.248142570257187,0.368730127811432,0.261026710271835,0.0966106280684471,0.414051711559296,-0.12912155687809,-0.0452184118330479,0.321721225976944,0.571295380592346,0.0144136603921652,0.605968475341797,-0.106237098574638,0.215987905859947,0.00847814790904522,0.0330026559531689,-0.121399946510792,0.00844900123775005,0.0713196992874146,0.0588125735521317,0.192927017807961,0.181251987814903,-0.0357590466737747,-0.224972277879715,0.0373097993433475,0.35392165184021,0.257158249616623,-0.227351278066635,0.0968493223190308,0.277951121330261,0.249228820204735,0.452109485864639,0.352472901344299,0.180167779326439,0.31575408577919,0.220238476991653,0.274105459451675,0.199317455291748,0.063356414437294,0.442155748605728,-0.154034987092018,-0.0774028450250626,0.262273550033569,0.553590297698975
0.0713764131069183,0.0770614817738533,0.116436570882797,-0.0278596989810467,-6.74203038215637e-05,0.140457198023796,0.0314068198204041,-0.0543480031192303,0.0280818436294794,0.293571263551712,0.0143016148358583,0.0646228939294815,-0.0293694604188204,-0.0333394184708595,0.115829452872276,0.0319535583257675,-0.0537101998925209,0.0545047335326672,0.160113364458084,-0.068196028470993,0,-0.108316771686077,0.0758747458457947,0.157618463039398,0.747642040252686,0.547494888305664,0.214840918779373,-0.0933539867401123,0.317346602678299,-0.0701806396245956,0.109277546405792,0.460160315036774,0.17499665915966,-0.0731290206313133,0.576451897621155,0.473077893257141,0.547258615493774,-0.0624212473630905,-0.021370742470026,0.153136223554611,0.122520856559277,0.343197196722031,-0.0104717630892992,0.738048911094666,0.422787308692932,0.325442016124725,0.0394064970314503,0.416427224874496,0.0186491031199694,0.00541245704516768,0.026749461889267,0.0156006002798676,0.0414918810129166,-0.0688987970352173,0.662467658519745,-0.171883165836334,0.0697999224066734,0.0792481824755669,0.533746242523193,0.256207883358002,0.089898444712162,-0.0655636787414551,0.118876434862614,-0.0800190940499306,0.0611098259687424,0.267402619123459,0.130713507533073,-0.0647856444120407,0.357021421194077,0.34376984834671,0.261561036109924,-0.070805050432682,-0.0043973564170301,0.023085318505764,0.0644908398389816,0.178504645824432,-0.0856936946511269,0.317114263772964,0.130633741617203,0.132168531417847,0.0435075722634792,0.135817781090736,0.0528333410620689,0.00111876404844224,0.0380850434303284,-0.0277569014579058
0.0600340664386749,0.11249940097332,0.0420449823141098,0.081843800842762,0.0190507266670465,0.0698907151818275,-0.00336139556020498,0.0394594073295593,0.0780045092105865,0.0687753409147263,0.103661835193634,0.0233196876943111,0.0816886350512505,0.0357422940433025,0.0497149974107742,-0.0123842265456915,0.0355020314455032,0.0811938121914864,0.0381566919386387,0.205068483948708,-0.108316771686077,0,0.0100368205457926,0.33960810303688,0.0399584323167801,-0.12406825274229,0.139793664216995,0.243285268545151,0.0581310875713825,0.930901706218719,-0.0274009983986616,-0.153046637773514,0.184546619653702,0.280102670192719,-0.0404477268457413,-0.195958241820335,-0.118127658963203,0.893259227275848,0.226238191127777,0.136136218905449,0.235764726996422,0.333901792764664,0.0965238064527512,0.0183543879538774,0.0861298218369484,0.704684853553772,0.130167737603188,0.0937965512275696,-0.0506746917963028,0.00151577522046864,0.21127587556839,0.251266092061996,0.0451452694833279,0.223134279251099,-0.179190784692764,0.978047549724579,-0.00174653262365609,0.379736840724945,-0.00922521110624075,-0.0359398983418941,0.219813331961632,0.325888603925705,0.0348707661032677,0.923390686511993,-0.0107214665040374,-0.165408834815025,0.19437563419342,0.264500558376312,-0.0485845431685448,-0.22004559636116,-0.095646470785141,0.86553430557251,0.252275198698044,0.143683150410652,0.248434007167816,0.398094952106476,0.122961595654488,0.00625616637989879,0.035020112991333,0.625266194343567,0.116306766867638,0.116714417934418,-0.0891699120402336,-0.0021871926728636,0.169527441263199,0.240090906620026
0.0095669636502862,0.0229208450764418,0.00294772046618164,0.00414427137002349,0.0127183152362704,0.143677458167076,0.0788933262228966,0.000575237849261612,0.0260197408497334,0.0397414788603783,0.00879318453371525,-0.0128440698608756,0.0142139494419098,0.0103974565863609,0.119613371789455,0.0802592635154724,0.0121135041117668,0.0456779897212982,0.0417737811803818,0.0525621436536312,0.0758747458457947,0.0100368205457926,0,0.167748808860779,0.113793537020683,0.136902287602425,0.0704185888171196,0.0352790914475918,0.0978710502386093,0.0317045263946056,0.10530947893858,0.114568442106247,0.109455324709415,0.0324201323091984,0.0659749805927277,0.0453464575111866,0.0715582966804504,0.0184438433498144,0.0481638386845589,0.0479773543775082,0.0542228817939758,0.0440266206860542,0.0709812343120575,0.0312904268503189,0.0786516070365906,0.0764177739620209,0.10665038973093,0.0572908185422421,0.034536212682724,0.1058179885149,0.0541625395417213,0.10874617099762,0.0235422067344189,0.0285624004900455,0.0421011969447136,-0.000327124260365963,0.0560119450092316,0.137327283620834,0.0844459384679794,0.120525032281876,0.060785349458456,0.0240966696292162,0.0686833336949348,0.0335287414491177,0.0924592092633247,0.0805203020572662,0.0878073945641518,0.00773853529244661,0.0530931055545807,0.0309081692248583,0.0456232130527496,0.0125403134152293,0.0448254160583019,0.024605318903923,0.0461587868630886,0.056772742420435,0.037164893001318,-0.00596404215320945,0.052393339574337,0.0641153752803802,0.081007294356823,0.0328276269137859,0.0181893613189459,0.0593988671898842,0.0350262224674225,0.092812106013298
-0.103933796286583,-0.0845173448324203,-0.0714521706104279,-0.0210031419992447,-0.0122728580608964,0.225636720657349,0.178034856915474,-0.014963393099606,0.00782732106745243,-0.140649139881134,-0.0929853916168213,-0.0779109597206116,-0.0266793128103018,-0.0293658450245857,0.229184433817863,0.175462856888771,-0.00266231247223914,0.00708486745133996,0.307886272668839,0.0471501015126705,0.157618463039398,0.33960810303688,0.167748808860779,0,0.243213877081871,0.348325967788696,0.0639196485280991,0.53166127204895,0.0891662687063217,0.535113453865051,0.167391613125801,0.183674827218056,0.351974457502365,0.108599320054054,0.129050701856613,-0.00795895233750343,0.0767128691077232,0.27830958366394,0.143591344356537,-0.0530002638697624,0.180358439683914,0.092534989118576,0.0329434238374233,-0.031679842621088,0.071575939655304,0.537610173225403,0.362636566162109,0.0488531664013863,0.0572844184935093,0.159473657608032,0.136555820703506,0.17841100692749,0.29491862654686,0.0658701360225677,0.0367876403033733,0.320484012365341,0.100311607122421,0.836984395980835,0.165534615516663,0.379510253667831,0.0777023583650589,0.499686628580093,0.0739390924572945,0.540056347846985,0.151150360703468,0.185928598046303,0.371290534734726,0.11917483061552,0.118233129382133,-0.0273263789713383,0.133350536227226,0.203052178025246,0.178288385272026,-0.0263000167906284,0.207925662398338,0.16083437204361,0.0419113114476204,-0.0542655475437641,0.0586041733622551,0.522137105464935,0.314567148685455,0.0428430773317814,0.0326368473470211,0.147974029183388,0.115691855549812,0.142572224140167
