0 0.34266 0.2748 0.28329 0.08412 -0.0032026 -0.08862 0.062118 0.21238 0.72156 0.41936 0.36106 0.29511 0.1114 0.0013353 -0.097531 0.046357 0.26662 -0.14581 0.23501 0.078402 -0.040051 0.02819 -0.057128 0.092346 0.14616 0.10792 0.0072362 0.19476 -0.016146 -0.14685 -0.10119 0.018232 0.11499 0.09562 -0.049485 0.025826 0.091975 0.044548 0.37305 0.064678 0.2022 0.096475 0.37614 0.043732 0.17039 -0.16608 0.35557 -0.09675 -0.061434 0.032961 0.22477 -0.022901 0.27164 0.41698 -0.034199 0.03612 -0.086849 0.37892 0.24617 0.20164 -0.014315 0.32222 -0.051737 -0.022824 0.12485 0.027197 0.12513 0.38537 0.20409 0.29583 0.10547 0.047717 0.44693 0.16639 0.32661 0.17588 0.59176 0.39797 0.17871 -0.11793 0.52725 -0.0016158 -0.082887 0.04823 0.27093
0.34266 0 0.25569 0.27989 0.11342 0.01272 -0.081083 0.074236 0.22654 0.35609 0.49619 0.27402 0.26392 0.096474 -0.0075195 -0.098354 0.058703 0.21524 -0.10825 0.26305 0.045991 0.078497 0.019226 -0.064007 0.061994 0.038734 0.14051 0.066405 0.14927 0.11814 -0.034543 -0.11291 0.0099376 0.16562 0.11758 -0.061918 0.01678 0.22312 0.1202 0.33689 0.10953 0.19207 0.15821 0.22003 0.16468 0.11488 -0.1123 0.23305 -0.048767 -0.055688 0.16395 0.28635 -0.11319 0.2544 0.066876 0.078819 0.014102 -0.086599 0.066399 -0.0085514 0.13303 0.063214 0.13558 0.073503 -0.012956 -0.095954 -0.018621 0.095412 0.16262 -0.028284 0.08035 0.2561 0.067351 0.3143 0.086565 0.1865 0.15116 0.19425 0.16718 0.051581 -0.12043 0.22594 -0.051096 -0.077125 0.154 0.25894
0.2748 0.25569 0 0.39797 0.1044 0.032121 -0.018671 0.14889 0.14419 0.29366 0.27644 0.58169 0.38516 0.067895 0.026369 -0.031314 0.12196 0.15653 -0.025879 0.2141 0.12123 -0.0056099 0.010794 -0.044174 0.031914 0.052483 0.081965 -0.0080249 0.20063 0.01533 -0.011743 -0.073559 -0.031161 0.046322 0.2378 -0.003055 0.14805 0.081244 0.0011825 0.21221 0.075518 0.085898 0.1744 0.25869 0.19788 0.050164 -0.065091 0.19338 -0.056134 -0.046607 0.074756 0.18815 -0.020674 0.18395 0.11389 -0.020106 0.031945 -0.070413 0.026391 0.025529 0.065266 0.0018473 0.17117 -0.018567 0.00073611 -0.078279 -0.019435 0.019593 0.20551 -0.020685 0.14674 0.087798 -0.023342 0.20581 0.084375 0.076249 0.12834 0.18254 0.16328 -0.0010798 -0.061284 0.1899 -0.06701 -0.058378 0.089195 0.17973
0.28329 0.27989 0.39797 0 0.19732 0.012808 -0.007518 0.1133 0.14742 0.26524 0.28643 0.38154 0.64656 0.12651 0.005551 -0.017466 0.098044 0.1537 -0.046056 0.30955 -0.02306 0.030778 0.012286 -0.029958 -0.083637 0.009136 0.0087914 0.014951 0.15939 0.041724 -0.029293 -0.15452 -0.025656 0.19235 0.18692 -0.081253 0.075122 0.12103 0.17819 0.22359 0.27767 0.040854 0.13967 0.16762 0.17417 0.10655 -0.019366 0.25518 -0.072745 -0.01884 0.13538 0.35535 -0.0095919 0.29249 0.016645 0.034334 0.0092554 -0.045932 -0.0454 -0.018293 0.025697 0.021636 0.15666 0.018858 -0.019401 -0.13204 0.004269 0.15287 0.2643 -0.056085 0.15855 0.13791 0.11027 0.25688 0.26016 0.080919 0.14138 0.18504 0.1942 0.078835 -0.033928 0.31212 -0.071568 -0.059494 0.13272 0.35301
0.08412 0.11342 0.1044 0.19732 0 -0.001547 -0.017599 0.020405 0.056531 0.097632 0.10052 0.11376 0.168 0.045671 -0.0045772 -0.026283 0.02454 0.06326 -0.01385 0.10834 0.0036721 0.0023491 0.0090391 -0.014141 -0.015823 0.0034037 -0.0045282 -0.011924 0.073782 0.0073708 -0.025008 -0.033007 -0.011168 0.024024 0.073367 0.0065928 0.055816 0.048743 0.070311 0.093529 0.088868 0.011589 0.057781 0.073191 0.069215 0.010703 0.0092045 0.11057 -0.027222 -0.020162 0.062368 0.14449 -0.0043485 0.11291 -0.017178 -0.0026826 -0.011832 -0.035152 -0.034933 -0.012141 -0.0030601 -0.0033533 0.065299 -0.0099436 -0.018244 -0.04323 -0.020366 0.026191 0.085807 -0.0061048 0.064547 0.050811 0.052138 0.078515 0.076606 0.0018033 0.031556 0.043821 0.053612 -0.011816 -0.0068225 0.10588 -0.039036 -0.022142 0.045392 0.12987
-0.0032026 0.01272 0.032121 0.012808 -0.001547 0 0.16904 0.020723 0.087902 0.058292 -0.001769 0.023157 0.0040876 -0.017699 0.43826 0.17135 0.039697 0.069723 0.07066 0.044655 0.14787 0.096725 0.13603 0.22386 0.23766 0.12792 0.33996 0.13009 0.08662 0.12328 0.30238 0.2085 0.27942 0.074933 -0.028085 0.022362 -0.019684 0.084249 0.09282 0.097015 0.061766 0.27041 0.23224 -0.0030211 0.17801 0.08049 0.22239 -0.069949 0.05494 0.15268 0.1163 0.086035 0.034687 0.029987 0.01784 0.07679 0.089703 0.21268 0.12873 0.093924 0.28847 0.13333 0.021931 0.11204 0.27689 0.1446 0.2359 0.068822 -0.10401 -0.044917 -0.085077 0.062584 0.10072 0.039469 0.053957 0.2253 0.15705 -0.082865 0.084578 0.048333 0.188 -0.10314 0.054549 0.12376 0.099165 0.055846
-0.08862 -0.081083 -0.018671 -0.007518 -0.017599 0.16904 0 -0.0072627 -0.0074303 -0.042113 -0.10435 -0.042528 -0.027961 -0.02596 0.17442 0.25446 -0.0092048 -0.032084 0.15093 -0.039551 0.047599 0.027103 0.074721 0.17841 0.062936 0.13064 0.0018402 0.071769 0.015518 0.038416 0.16489 0.16995 0.070514 0.017189 0.021374 0.075649 0.071203 -0.011664 0.055267 -0.12231 0.071266 -0.03832 0.0024964 -0.1342 0.066122 0.023584 0.23433 -0.065012 0.04486 0.13575 0.017248 0.028065 0.090854 -0.048799 -0.059887 0.016852 0.029713 0.15696 -0.036225 0.073175 -0.029017 0.061041 -0.020564 0.035876 0.091141 0.093864 0.055992 0.022381 -0.055557 -0.015058 -0.023081 -0.030184 0.060367 -0.13644 0.071621 -0.062012 -0.020443 -0.18877 -0.015317 0.031714 0.18904 -0.12574 0.03106 0.11175 0.0013098 -0.0021585
0.062118 0.074236 0.14889 0.1133 0.020405 0.020723 -0.0072627 0 0.057769 0.041528 0.079212 0.13149 0.11042 0.016973 0.032748 0.0038946 0.11017 0.067819 -0.036644 0.096791 -0.060728 0.021806 -0.00025768 -0.010755 -0.048251 -0.024011 0.054597 0.01551 0.028158 0.0096827 0.066098 -0.06125 0.022101 0.048905 -0.022561 -0.080528 -0.072199 0.046799 0.024491 0.073816 0.018156 0.044506 0.12238 0.00014794 0.011977 0.0090951 0.0069021 0.0027957 -0.0051086 -0.00081889 0.048458 0.089889 -0.019774 0.079606 -0.04291 0.025579 -0.0043531 -0.0024759 -0.025451 0.0027322 0.067081 0.030606 0.034521 0.0028435 0.066394 -0.042254 0.010224 0.047162 0.0036201 -0.08701 -0.011192 0.052334 0.014682 0.079793 0.037386 0.058333 0.10183 0.019289 0.034582 0.0077527 0.015908 0.057958 -0.018404 0.0012527 0.061059 0.093371
0.21238 0.22654 0.14419 0.14742 0.056531 0.087902 -0.0074303 0.057769 0 0.2237 0.23339 0.13331 0.13909 0.049246 0.070091 -0.019893 0.054089 0.20092 -0.044236 0.17036 0.0050843 0.06177 0.01933 -0.0027976 0.027202 0.0033081 0.13004 0.016796 0.079774 0.089398 0.01945 -0.055805 0.065273 0.12009 0.038775 -0.055066 -0.0092262 0.16652 0.094823 0.198 0.068933 0.15346 0.13825 0.1027 0.079417 0.048866 0.0038084 0.11399 -0.033103 -0.018809 0.1264 0.18405 -0.028897 0.17297 0.041547 0.055968 0.027619 -0.019164 0.054422 0.015246 0.14757 0.011375 0.094971 0.076543 0.059026 -0.016349 0.031863 0.074632 0.083808 -0.031213 0.039592 0.17119 0.072272 0.18864 0.064318 0.17305 0.13983 0.10725 0.12603 0.017093 0.0029497 0.1527 -0.037504 -0.0073448 0.12539 0.17703
0.72156 0.35609 0.29366 0.26524 0.097632 0.058292 -0.042113 0.041528 0.2237 0 0.32963 0.28977 0.22414 0.099106 0.048867 -0.056668 0.035159 0.23695 -0.059296 0.22992 0.26571 -0.0097937 0.049778 -0.088115 0.22646 0.23372 0.14849 -0.075629 0.20902 -0.0046931 -0.020303 0.051829 0.042218 0.18564 0.23528 0.103 0.19709 0.10961 0.24666 0.31438 0.26338 0.23944 0.08495 0.45932 0.27639 0.23788 -0.12067 0.39378 -0.02176 -0.0040204 0.034263 0.22213 -0.12895 0.1715 0.14757 -0.01684 0.02577 -0.1072 0.1338 0.12563 0.10705 -0.044585 0.10815 -0.017718 -0.01869 0.01543 0.02417 0.1196 0.15362 0.052922 0.064645 0.12176 0.13451 0.26142 0.15594 0.15991 0.058592 0.24914 0.10856 0.077631 -0.10205 0.33106 -0.038568 -0.057756 0.053764 0.18672
0.41936 0.49619 0.27644 0.28643 0.10052 -0.001769 -0.10435 0.079212 0.23339 0.32963 0 0.33063 0.31068 0.11049 -0.012613 -0.10992 0.098607 0.25426 -0.18639 0.29204 -0.012378 0.059021 0.01913 -0.081978 0.017831 -0.021268 0.14681 0.047817 0.13069 0.096502 -0.058923 -0.18616 0.0099596 0.11602 0.036836 -0.13404 -0.052642 0.22276 0.046015 0.3485 0.057685 0.19883 0.18717 0.20297 0.081851 0.077578 -0.16259 0.21945 -0.085965 -0.074363 0.16253 0.27809 -0.1312 0.30321 0.14984 0.072015 0.0077344 -0.10934 0.15038 -0.0030761 0.19754 0.027278 0.18907 0.054536 -0.0031906 -0.069753 0.0019036 0.12147 0.23856 -0.0028582 0.15116 0.26085 0.026664 0.39738 0.098344 0.26539 0.20445 0.31004 0.26502 0.056264 -0.13571 0.31458 -0.041786 -0.1031 0.16967 0.29991
0.36106 0.27402 0.58169 0.38154 0.11376 0.023157 -0.042528 0.13149 0.13331 0.28977 0.33063 0 0.4067 0.084021 0.023904 -0.032294 0.14676 0.1543 -0.068275 0.21798 0.069417 -0.033035 -0.0052397 -0.0632 0.003397 0.032108 0.084302 -0.0013929 0.19399 -0.0073281 -0.048561 -0.13371 -0.03316 0.034701 0.20165 -0.038865 0.11955 0.077209 -0.0010621 0.23444 0.060395 0.069881 0.17642 0.23808 0.12193 0.063965 -0.093339 0.19229 -0.085908 -0.066031 0.068331 0.19295 -0.020862 0.2423 0.1855 -0.056889 0.019769 -0.084687 0.083031 0.055655 0.0869 -0.01784 0.23869 -0.039109 0.001334 -0.05396 0.0030874 0.03637 0.28317 0.052503 0.23232 0.08478 -0.052798 0.26976 0.076747 0.12216 0.18536 0.28506 0.23357 0.016556 -0.085369 0.24903 -0.059957 -0.057321 0.063921 0.22041
0.29511 0.26392 0.38516 0.64656 0.168 0.0040876 -0.027961 0.11042 0.13909 0.22414 0.31068 0.4067 0 0.14542 0.0061802 -0.01146 0.12016 0.16167 -0.052695 0.28664 -0.030476 0.02868 0.017409 -0.036145 -0.088567 -0.0041146 -0.0049128 0.031801 0.14864 0.03491 -0.065264 -0.16462 -0.02679 0.16375 0.1574 -0.097959 0.060027 0.11752 0.10802 0.23163 0.21802 0.022617 0.12314 0.14633 0.13496 0.093091 -0.043695 0.23421 -0.086212 -0.044562 0.12627 0.32494 0.01483 0.29838 0.023264 0.022687 0.012252 -0.034201 -0.039651 0.020516 0.0095972 0.031191 0.1924 0.013938 -0.032365 -0.12274 -0.0084112 0.15324 0.29134 -0.042166 0.19003 0.13379 0.10638 0.25965 0.28432 0.07711 0.13707 0.20265 0.20074 0.082538 -0.0055995 0.32597 -0.090845 -0.054082 0.13325 0.38265
0.1114 0.096474 0.067895 0.12651 0.045671 -0.017699 -0.02596 0.016973 0.049246 0.099106 0.11049 0.084021 0.14542 0 -0.00807 -0.028137 0.0077785 0.092761 -0.022378 0.13355 -0.037068 0.013635 0.010994 -0.023215 -0.02549 -0.022619 0.013614 -0.015399 0.034297 0.014287 -0.030674 -0.056364 0.00029451 0.058328 0.023403 -0.043658 -0.0078127 0.05415 0.059821 0.091083 0.065095 0.04185 0.058123 0.048323 0.050244 0.016469 -0.01623 0.082915 -0.040944 -0.011295 0.072226 0.12179 -0.013921 0.1082 0.0019566 0.015968 0.0025991 -0.024398 -0.001905 -0.012868 0.027668 -0.014328 0.030278 0.016467 -0.0092925 -0.03153 -0.0045458 0.066952 0.076563 -0.035723 0.054068 0.069164 0.061478 0.090698 0.082219 0.050625 0.071591 0.068701 0.092345 0.0028384 -0.012474 0.11866 -0.027533 -0.028978 0.064831 0.13643
0.0013353 -0.0075195 0.026369 0.005551 -0.0045772 0.43826 0.17442 0.032748 0.070091 0.048867 -0.012613 0.023904 0.0061802 -0.00807 0 0.21453 0.041806 0.066804 0.053765 0.037616 0.13056 0.08387 0.11299 0.23234 0.21789 0.1271 0.32128 0.12749 0.087501 0.10351 0.30959 0.17784 0.2758 0.075081 -0.039917 -0.012685 -0.04674 0.066296 0.078674 0.079268 0.060671 0.25512 0.24121 -0.028575 0.16205 0.074304 0.21629 -0.085831 0.043077 0.13456 0.095242 0.083281 0.040784 0.04228 0.061109 0.074981 0.10658 0.22747 0.15573 0.136 0.30348 0.11499 0.059489 0.097879 0.27207 0.16631 0.27986 0.062221 -0.077698 -0.043261 -0.067582 0.054999 0.10799 0.063828 0.052014 0.24621 0.17749 -0.059425 0.10884 0.067762 0.20957 -0.084365 0.040553 0.1438 0.095936 0.079379
-0.097531 -0.098354 -0.031314 -0.017466 -0.026283 0.17135 0.25446 0.0038946 -0.019893 -0.056668 -0.10992 -0.032294 -0.01146 -0.028137 0.21453 0 0.018096 -0.005733 0.11754 -0.031832 0.041696 0.030012 0.074116 0.16985 0.040479 0.11531 -0.0042699 0.030117 0.013981 0.035702 0.13763 0.13009 0.096442 0.021893 0.004955 0.04123 0.046102 -0.045369 0.045047 -0.10761 0.075336 -0.030983 0.0099887 -0.11656 0.045826 0.027704 0.20739 -0.067218 0.04017 0.1095 0.01781 0.028196 0.10598 -0.032583 -0.022631 0.01783 0.04245 0.17956 -0.011615 0.11597 -0.023572 0.025756 -0.0015292 0.032274 0.10431 0.097781 0.10103 0.026942 -0.0207 -0.0085013 0.012981 -0.054573 0.063651 -0.12336 0.079675 -0.047469 -0.022713 -0.14547 -0.0040765 0.037146 0.21406 -0.087275 0.02715 0.13423 0.0055835 0.025234
0.046357 0.058703 0.12196 0.098044 0.02454 0.039697 -0.0092048 0.11017 0.054089 0.035159 0.098607 0.14676 0.12016 0.0077785 0.041806 0.018096 0 0.069051 -0.024882 0.095483 -0.049513 0.030655 0.017722 -0.0064693 -0.0192 -0.037917 0.080043 0.028967 0.020025 0.032826 0.05632 -0.068687 0.0090798 0.030761 -0.017651 -0.080031 -0.058989 0.047345 0.0080833 0.067609 -0.0026421 0.072859 0.12576 -0.008086 0.018076 0.0055014 0.013157 -0.02397 -0.014662 -0.012573 0.043357 0.065386 -0.012857 0.080285 -0.036612 0.032526 0.0063729 0.015429 -0.021754 -0.01618 0.067514 0.025625 0.027283 0.021887 0.050817 -0.042972 0.022017 0.035423 -0.006879 -0.10404 -0.025129 0.051774 -0.0038903 0.075817 0.0023251 0.074495 0.11954 0.019971 0.016322 0.0051785 0.020134 0.022302 -0.01898 -0.0054533 0.050257 0.073644
0.26662 0.21524 0.15653 0.1537 0.06326 0.069723 -0.032084 0.067819 0.20092 0.23695 0.25426 0.1543 0.16167 0.092761 0.066804 -0.005733 0.069051 0 -0.054954 0.1676 0.040807 0.045329 0.041469 0.0064613 0.059974 0.031792 0.12091 0.015837 0.094855 0.082141 0.014552 -0.026574 0.069179 0.093677 0.034645 -0.045518 0.0027379 0.15418 0.076824 0.18657 0.062172 0.15683 0.13311 0.1219 0.084146 0.057208 0.017028 0.14029 -0.035631 0.028186 0.16402 0.19317 -0.00079483 0.18188 0.10015 0.058026 0.024527 0.0038076 0.10575 0.03776 0.15034 0.020706 0.11413 0.069416 0.065926 0.017298 0.055529 0.10938 0.11888 0.012504 0.086076 0.17163 0.070898 0.20376 0.082025 0.19075 0.14021 0.15196 0.16409 0.049543 0.027662 0.17637 0.00054427 -0.0013186 0.13891 0.21377
-0.14581 -0.10825 -0.025879 -0.046056 -0.01385 0.07066 0.15093 -0.036644 -0.044236 -0.059296 -0.18639 -0.068275 -0.052695 -0.022378 0.053765 0.11754 -0.024882 -0.054954 0 -0.03943 0.22841 0.041087 0.041342 0.26473 0.19488 0.27415 -0.15742 0.086757 0.071356 0.073131 0.021718 0.56957 0.0089466 -0.013717 0.48911 0.20253 0.54106 -0.029522 0.069421 -0.10312 0.17674 -0.064155 -0.13551 0.0055689 0.19631 0.086699 0.72175 0.23288 0.1191 0.16194 0.16923 0.1295 0.65233 -0.046773 0.045759 0.021092 0.02075 0.21735 0.020492 0.18489 -0.19789 0.091566 0.012976 0.066826 -0.054653 0.33834 0.024367 0.0074995 0.22467 0.16206 0.27043 -0.06298 0.11661 -0.16448 0.13758 -0.12852 -0.11734 -0.097687 0.042869 0.062358 0.60801 0.050821 0.066773 0.16648 0.17115 0.0958
0.23501 0.26305 0.2141 0.30955 0.10834 0.044655 -0.039551 0.096791 0.17036 0.22992 0.29204 0.21798 0.28664 0.13355 0.037616 -0.031832 0.095483 0.1676 -0.03943 0 -0.10752 0.16346 0.053368 0.011745 -0.11883 -0.030417 0.012194 0.028048 0.2225 0.18289 -0.08534 -0.2821 0.0068239 0.38842 0.20192 -0.21092 0.019096 0.27887 0.31578 0.42222 0.39397 0.091779 0.28808 0.25823 0.32574 0.25787 0.049755 0.37224 -0.13422 -0.042645 0.28852 0.56567 0.037315 0.59064 -0.10418 0.17926 0.010003 -0.0045549 -0.11253 -0.0093669 0.062175 0.038921 0.19087 0.15331 -0.031137 -0.24793 0.020485 0.36378 0.30095 -0.24121 0.12552 0.27964 0.26876 0.44593 0.39243 0.16074 0.28872 0.24355 0.30242 0.21087 0.056402 0.46407 -0.16235 -0.085825 0.24402 0.55825
0.078402 0.045991 0.12123 -0.02306 0.0036721 0.14787 0.047599 -0.060728 0.0050843 0.26571 -0.012378 0.069417 -0.030476 -0.037068 0.13056 0.041696 -0.049513 0.040807 0.22841 -0.10752 0 -0.13995 0.068565 0.19568 0.70966 0.57669 0.18574 -0.059567 0.27464 -0.085964 0.099269 0.46202 0.16383 -0.076943 0.56542 0.4508 0.54166 -0.11902 -0.0086023 0.10451 0.14047 0.31171 -0.049662 0.69864 0.394 0.40287 0.07273 0.46875 0.023897 0.008704 -0.010502 -0.02849 0.046722 -0.10589 0.67284 -0.18726 0.060467 0.11159 0.53399 0.31726 0.060229 -0.028995 0.10795 -0.081518 0.048072 0.30783 0.12104 -0.066381 0.2942 0.37256 0.22873 -0.12422 0.0088404 -0.010145 0.066108 0.16805 -0.12072 0.30563 0.10966 0.18497 0.053345 0.11778 0.080404 0.016209 -0.0020275 -0.080562
-0.040051 0.078497 -0.0056099 0.030778 0.0023491 0.096725 0.027103 0.021806 0.06177 -0.0097937 0.059021 -0.033035 0.02868 0.013635 0.08387 0.030012 0.030655 0.045329 0.041087 0.16346 -0.13995 0 0.014856 0.3172 0.048858 -0.15264 0.13181 0.24128 0.034158 0.91633 0.018818 -0.14339 0.15462 0.35822 -0.078756 -0.17296 -0.13557 0.87405 0.31221 0.071592 0.28583 0.28514 0.072697 -0.033658 0.083746 0.62976 0.18212 0.006679 -0.02972 0.016397 0.19057 0.22762 0.090967 0.14731 -0.2502 0.97188 0.0027359 0.35956 -0.068074 -0.091502 0.16918 0.30236 -0.020221 0.90531 -0.0026135 -0.18188 0.15929 0.33387 -0.11509 -0.2523 -0.15811 0.83525 0.35951 0.067284 0.30307 0.3069 0.083124 -0.09878 -0.0048226 0.57609 0.16451 0.043862 -0.073305 0.013108 0.16073 0.19962
0.02819 0.019226 0.010794 0.012286 0.0090391 0.13603 0.074721 -0.00025768 0.01933 0.049778 0.01913 -0.0052397 0.017409 0.010994 0.11299 0.074116 0.017722 0.041469 0.041342 0.053368 0.068565 0.014856 0 0.1603 0.1116 0.14092 0.060501 0.036217 0.09908 0.040617 0.093561 0.1095 0.10161 0.027336 0.066908 0.040545 0.069959 0.023522 0.042614 0.046022 0.054909 0.048061 0.063319 0.042737 0.073973 0.084599 0.11256 0.061629 0.032847 0.10548 0.05398 0.1036 0.023543 0.024758 0.042411 0.0042216 0.055217 0.12922 0.076736 0.11724 0.063067 0.023571 0.064841 0.038848 0.086002 0.077901 0.084132 0.0060692 0.059266 0.018942 0.049623 0.014127 0.0337 0.036925 0.046651 0.062346 0.036738 -0.00025979 0.055996 0.071399 0.08125 0.037929 0.022449 0.052597 0.031338 0.092243
-0.057128 -0.064007 -0.044174 -0.029958 -0.014141 0.22386 0.17841 -0.010755 -0.0027976 -0.088115 -0.081978 -0.0632 -0.036145 -0.023215 0.23234 0.16985 -0.0064693 0.0064613 0.26473 0.011745 0.19568 0.3172 0.1603 0 0.33622 0.34678 0.084858 0.54562 0.095287 0.51265 0.17975 0.21963 0.33885 0.087758 0.1285 0.047277 0.0998 0.27922 0.088131 -0.061995 0.13557 0.10735 0.043091 -0.021132 0.095987 0.49478 0.34472 1.8269e-05 0.071684 0.15298 0.11229 0.13228 0.25243 0.033664 0.057957 0.28918 0.1091 0.81243 0.20416 0.35144 0.087794 0.50611 0.072965 0.51856 0.14648 0.20813 0.34891 0.10101 0.10953 -0.013969 0.13261 0.21212 0.14261 -0.046259 0.16718 0.15324 0.041347 -0.067459 0.059653 0.49569 0.27601 -0.017145 0.050445 0.14005 0.083449 0.092675
0.092346 0.061994 0.031914 -0.083637 -0.015823 0.23766 0.062936 -0.048251 0.027202 0.22646 0.017831 0.003397 -0.088567 -0.02549 0.21789 0.040479 -0.0192 0.059974 0.19488 -0.11883 0.70966 0.048858 0.1116 0.33622 0 0.53669 0.52459 0.089273 0.16999 0.10751 0.29271 0.61024 0.4113 -0.041198 0.25908 0.35258 0.25225 0.012463 -0.067599 0.20079 -0.090786 0.68788 0.10424 0.53154 0.35221 0.39672 0.093187 0.2522 0.15585 0.1028 0.0016355 -0.075945 0.058626 -0.12302 0.5323 -0.021481 0.068671 0.23903 0.75501 0.34041 0.4109 0.077546 0.058159 0.095152 0.24649 0.52613 0.33382 -0.044351 0.10037 0.25836 0.10675 -0.0041754 -0.060451 0.069187 -0.11146 0.52186 0.030489 0.20568 0.17423 0.2039 0.066423 0.023449 0.2213 0.12758 0.012849 -0.11807
0.14616 0.038734 0.052483 0.009136 0.0034037 0.12792 0.13064 -0.024011 0.0033081 0.23372 -0.021268 0.032108 -0.0041146 -0.022619 0.1271 0.11531 -0.037917 0.031792 0.27415 -0.030417 0.57669 -0.15264 0.14092 0.34678 0.53669 0 -0.0021118 0.083201 0.25084 -0.091422 0.075145 0.47368 0.11844 -0.057767 0.43798 0.40611 0.47394 -0.13403 -0.014338 0.029078 0.1099 -0.014655 -0.075377 0.39644 0.2312 0.35633 0.17651 0.42912 0.032071 0.12577 -0.011359 0.08108 0.13393 -0.02428 0.34899 -0.18401 0.090452 0.25553 0.34339 0.56753 -0.10118 0.044364 0.14576 -0.087871 -0.0019322 0.32576 0.052211 -0.069132 0.27114 0.27742 0.32196 -0.15276 -0.02645 -0.012625 0.042112 -0.051481 -0.10588 0.13554 0.045196 0.23844 0.12663 0.19292 0.054322 0.091907 -0.0073407 0.029561
0.10792 0.14051 0.081965 0.0087914 -0.0045282 0.33996 0.0018402 0.054597 0.13004 0.14849 0.14681 0.084302 -0.0049128 0.013614 0.32128 -0.0042699 0.080043 0.12091 -0.15742 0.012194 0.18574 0.13181 0.060501 0.084858 0.52459 -0.0021118 0 0.031116 0.038424 0.13308 0.49755 0.21571 0.39575 0.084812 -0.21903 -0.042547 -0.24143 0.15648 0.056306 0.4032 -0.12427 0.80852 0.45814 0.09478 0.2524 -0.0013657 0.012428 -0.14907 0.13334 0.049517 0.12495 -0.022591 -0.1441 0.012035 0.098044 0.099086 0.059038 0.067115 0.35345 -0.03157 0.76816 0.055178 -0.025351 0.12018 0.45801 0.22828 0.31989 0.063038 -0.28986 -0.11054 -0.25048 0.17999 0.066872 0.27823 -0.11895 0.71376 0.33274 -0.019047 0.18541 -0.089468 0.030544 -0.18002 0.12183 0.060649 0.10346 -0.045984
0.0072362 0.066405 -0.0080249 0.014951 -0.011924 0.13009 0.071769 0.01551 0.016796 -0.075629 0.047817 -0.0013929 0.031801 -0.015399 0.12749 0.030117 0.028967 0.015837 0.086757 0.028048 -0.059567 0.24128 0.036217 0.54562 0.089273 0.083201 0.031116 0 0.046274 0.42131 0.11097 0.036902 0.063009 0.049219 -0.0062022 -0.013116 0.002578 0.32564 0.012481 0.022762 0.065472 -0.011201 0.07946 -0.098844 -0.015437 0.30206 0.17516 -0.11679 0.016806 0.057793 0.11175 0.11263 0.15499 0.060239 -0.063596 0.2475 0.031274 0.56092 0.027123 0.1605 0.02907 0.9469 0.075566 0.35304 0.087894 0.067433 0.088666 0.052575 0.079274 -0.023906 0.082058 0.31406 0.092934 0.026893 0.13061 0.024434 0.077575 -0.072366 0.0064877 0.35441 0.14016 0.0012009 0.028204 0.053393 0.092529 0.11058
0.19476 0.14927 0.20063 0.15939 0.073782 0.08662 0.015518 0.028158 0.079774 0.20902 0.13069 0.19399 0.14864 0.034297 0.087501 0.013981 0.020025 0.094855 0.071356 0.2225 0.27464 0.034158 0.09908 0.095287 0.16999 0.25084 0.038424 0.046274 0 0.044724 0.049664 0.068566 0.05437 0.064419 0.43224 0.28926 0.46538 0.090032 0.029064 0.26986 0.12703 0.093003 0.21295 0.44939 0.29189 0.19017 0.073284 0.40522 -0.04384 0.052892 0.13477 0.34023 0.089042 0.2119 0.23475 0.018896 0.054669 0.061233 0.15252 0.16242 -0.0067692 0.043936 0.40608 0.030652 0.049829 0.055304 0.012944 0.040461 0.3843 0.22965 0.43776 0.081324 0.031278 0.20844 0.11486 0.078242 0.16856 0.28435 0.23165 0.086246 0.065054 0.29739 -0.0032992 -0.0052367 0.126 0.3246
-0.016146 0.11814 0.01533 0.041724 0.0073708 0.12328 0.038416 0.0096827 0.089398 -0.0046931 0.096502 -0.0073281 0.03491 0.014287 0.10351 0.035702 0.032826 0.082141 0.073131 0.18289 -0.085964 0.91633 0.040617 0.51265 0.10751 -0.091422 0.13308 0.42131 0.044724 0 0.039076 -0.12451 0.22405 0.36758 -0.04198 -0.15877 -0.081435 0.91345 0.34293 0.093249 0.29034 0.25064 0.08049 -0.027395 0.075436 0.6532 0.21514 0.045883 -0.016866 0.0112 0.26121 0.26972 0.09574 0.15874 -0.18047 0.90638 0.012464 0.5189 -0.0038328 -0.01108 0.17349 0.45953 0.019547 0.92651 0.014239 -0.1353 0.23161 0.33461 -0.028038 -0.2097 -0.076365 0.87641 0.38452 0.10001 0.31402 0.29924 0.086887 -0.074063 0.015276 0.62251 0.18372 0.12004 -0.050811 -0.0023647 0.22286 0.24012
-0.14685 -0.034543 -0.011743 -0.029293 -0.025008 0.30238 0.16489 0.066098 0.01945 -0.020303 -0.058923 -0.048561 -0.065264 -0.030674 0.30959 0.13763 0.05632 0.014552 0.021718 -0.08534 0.099269 0.018818 0.093561 0.17975 0.29271 0.075145 0.49755 0.11097 0.049664 0.039076 0 0.36369 0.27732 -0.0042791 -0.15817 0.069884 -0.099239 0.00089057 0.02879 -0.022726 -0.056704 0.38859 0.39216 -0.21563 0.25374 -0.082851 0.19849 -0.2966 0.27245 0.18144 0.036387 -0.069798 -0.044119 -0.11087 -0.13026 0.0071948 0.04326 0.18651 0.066435 0.02743 0.37174 0.13262 -0.086323 0.036028 0.54992 0.24503 0.22608 -0.0096656 -0.32973 -0.097422 -0.25815 -0.010164 0.050716 -0.11567 -0.075995 0.22577 0.22475 -0.36753 0.037588 -0.10309 0.16502 -0.3403 0.21265 0.1722 0.03092 -0.10356
-0.10119 -0.11291 -0.073559 -0.15452 -0.033007 0.2085 0.16995 -0.06125 -0.055805 0.051829 -0.18616 -0.13371 -0.16462 -0.056364 0.17784 0.13009 -0.068687 -0.026574 0.56957 -0.2821 0.46202 -0.14339 0.1095 0.21963 0.61024 0.47368 0.21571 0.036902 0.068566 -0.12451 0.36369 0 0.15778 -0.2086 0.22388 0.55935 0.36849 -0.19979 -0.11723 -0.099857 -0.13562 0.25143 -0.014822 0.017035 0.34406 -0.10597 0.40158 0.099809 0.30908 0.28419 -0.071257 -0.19211 0.25041 -0.28431 0.21897 -0.19054 0.07485 0.15996 0.33367 0.29981 0.054384 0.039514 -0.05089 -0.10614 0.19647 0.76002 0.094309 -0.18868 -0.082638 0.396 0.028948 -0.22559 -0.093777 -0.22348 -0.17973 0.0085616 -0.10837 -0.22074 0.076993 -0.13658 0.29478 -0.19793 0.32846 0.28087 -0.053872 -0.21377
0.018232 0.0099376 -0.031161 -0.025656 -0.011168 0.27942 0.070514 0.022101 0.065273 0.042218 0.0099596 -0.03316 -0.02679 0.00029451 0.2758 0.096442 0.0090798 0.069179 0.0089466 0.0068239 0.16383 0.15462 0.10161 0.33885 0.4113 0.11844 0.39575 0.063009 0.05437 0.22405 0.27732 0.15778 0 0.10141 -0.047146 -0.022508 -0.072545 0.13722 0.057273 0.062145 -0.026263 0.44543 0.21155 0.062069 0.14437 0.14309 0.15526 -0.064952 0.056817 0.096379 0.096845 0.042938 0.045698 0.0013948 0.12797 0.12639 0.069573 0.29174 0.31248 0.1139 0.39 0.06537 0.017739 0.2241 0.2816 0.19234 0.45023 0.079501 -0.07057 -0.02144 -0.038358 0.1147 0.043917 0.045771 -0.021739 0.42306 0.15764 0.0016766 0.13328 0.091231 0.14647 -0.07989 0.086716 0.10345 0.066156 0.0045209
0.11499 0.16562 0.046322 0.19235 0.024024 0.074933 0.017189 0.048905 0.12009 0.18564 0.11602 0.034701 0.16375 0.058328 0.075081 0.021893 0.030761 0.093677 -0.013717 0.38842 -0.076943 0.35822 0.027336 0.087758 -0.041198 -0.057767 0.084812 0.049219 0.064419 0.36758 -0.0042791 -0.2086 0.10141 0 0.11795 -0.20981 -0.011667 0.42818 0.53117 0.27529 0.59788 0.21165 0.10689 0.13918 0.33239 0.35898 0.1577 0.33403 -0.069586 -0.01472 0.36313 0.47878 0.026278 0.34173 -0.10439 0.33841 0.0012546 0.077043 -0.073411 -0.057829 0.11347 0.045646 0.039089 0.33351 -0.014305 -0.20909 0.1323 0.77938 0.16045 -0.22252 0.050759 0.4098 0.46076 0.32826 0.53887 0.26187 0.095769 0.12622 0.26331 0.29305 0.15822 0.39147 -0.099738 -0.037685 0.32218 0.45033
0.09562 0.11758 0.2378 0.18692 0.073367 -0.028085 0.021374 -0.022561 0.038775 0.23528 0.036836 0.20165 0.1574 0.023403 -0.039917 0.004955 -0.017651 0.034645 0.48911 0.20192 0.56542 -0.078756 0.066908 0.1285 0.25908 0.43798 -0.21903 -0.0062022 0.43224 -0.04198 -0.15817 0.22388 -0.047146 0.11795 0 0.3972 0.84168 -0.00080564 0.074872 0.10399 0.35481 -0.08009 -0.096955 0.56474 0.50383 0.28316 0.23613 0.66476 -0.0501 0.015246 0.12262 0.37302 0.26361 0.19502 0.35083 -0.098285 0.024415 0.05554 0.13537 0.19699 -0.28279 -0.0077235 0.29277 -0.046757 -0.19042 0.05429 -0.054945 0.10068 0.66744 0.28125 0.60568 -0.021379 0.072311 0.036832 0.29382 -0.13896 -0.10523 0.23927 0.2648 0.16031 0.17899 0.44264 -0.043068 -0.028024 0.12725 0.33009
-0.049485 -0.061918 -0.003055 -0.081253 0.0065928 0.022362 0.075649 -0.080528 -0.055066 0.103 -0.13404 -0.038865 -0.097959 -0.043658 -0.012685 0.04123 -0.080031 -0.045518 0.20253 -0.21092 0.4508 -0.17296 0.040545 0.047277 0.35258 0.40611 -0.042547 -0.013116 0.28926 -0.15877 0.069884 0.55935 -0.022508 -0.20981 0.3972 0 0.60542 -0.15946 -0.14832 -0.11171 -0.074338 -0.076607 -0.16935 0.21116 0.20369 -0.070607 0.01554 0.20007 0.1423 0.085076 -0.073965 -0.10929 -0.023443 -0.21162 0.20477 -0.18813 0.0435 0.0094447 0.11804 0.18513 -0.20034 -0.01504 0.12092 -0.15439 -0.034827 0.25761 -0.038122 -0.1889 0.11119 0.55671 0.23418 -0.1747 -0.1119 -0.21051 -0.10296 -0.27138 -0.23673 -0.11554 -0.091286 -0.13727 -0.016282 -0.047752 0.12662 0.073047 -0.061809 -0.1181
0.025826 0.01678 0.14805 0.075122 0.055816 -0.019684 0.071203 -0.072199 -0.0092262 0.19709 -0.052642 0.11955 0.060027 -0.0078127 -0.04674 0.046102 -0.058989 0.0027379 0.54106 0.019096 0.54166 -0.13557 0.069959 0.0998 0.25225 0.47394 -0.24143 0.002578 0.46538 -0.081435 -0.099239 0.36849 -0.072545 -0.011667 0.84168 0.60542 0 -0.075967 -0.032621 -0.033118 0.23816 -0.21223 -0.19699 0.42524 0.35048 0.15394 0.22733 0.54742 0.031744 0.041923 0.016003 0.20609 0.2688 -0.018434 0.309 -0.1477 0.047378 0.028939 0.02742 0.2317 -0.33729 0.0037455 0.28113 -0.09347 -0.16795 0.11149 -0.08532 -0.017879 0.51137 0.47291 0.601 -0.094045 0.0021207 -0.1203 0.15483 -0.30989 -0.21231 0.091507 0.031434 0.052643 0.15169 0.24883 -0.021026 0.0026825 0.039788 0.17227
0.091975 0.22312 0.081244 0.12103 0.048743 0.084249 -0.011664 0.046799 0.16652 0.10961 0.22276 0.077209 0.11752 0.05415 0.066296 -0.045369 0.047345 0.15418 -0.029522 0.27887 -0.11902 0.87405 0.023522 0.27922 0.012463 -0.13403 0.15648 0.32564 0.090032 0.91345 0.00089057 -0.19979 0.13722 0.42818 -0.00080564 -0.15946 -0.075967 0 0.41868 0.21973 0.36489 0.2864 0.11949 0.02217 0.10679 0.56381 0.1085 0.1302 -0.055849 -0.024384 0.30932 0.3591 0.0044574 0.26219 -0.17244 0.83752 0.003135 0.29131 -0.047264 -0.071281 0.19804 0.3876 0.073221 0.8716 0.0029745 -0.20184 0.13917 0.39748 0.021018 -0.18743 -0.048039 0.96449 0.4518 0.23195 0.39503 0.32521 0.13698 0.0093338 0.069079 0.52672 0.086437 0.25392 -0.070948 -0.052423 0.2806 0.34511
0.044548 0.1202 0.0011825 0.17819 0.070311 0.09282 0.055267 0.024491 0.094823 0.24666 0.046015 -0.0010621 0.10802 0.059821 0.078674 0.045047 0.0080833 0.076824 0.069421 0.31578 -0.0086023 0.31221 0.042614 0.088131 -0.067599 -0.014338 0.056306 0.012481 0.029064 0.34293 0.02879 -0.11723 0.057273 0.53117 0.074872 -0.14832 -0.032621 0.41868 0 0.10158 0.88018 0.10096 0.032305 0.045891 0.33237 0.41321 0.29295 0.39331 -0.012148 0.038099 0.483 0.58979 0.043946 0.27619 -0.16002 0.28698 0.00044124 0.078381 -0.14353 -0.056019 0.037311 0.0074226 -0.024257 0.30897 -0.0070988 -0.18943 0.07717 0.48129 0.050754 -0.22025 -0.094477 0.38511 0.88724 0.13328 0.77347 0.10541 0.007513 -0.049998 0.16916 0.32243 0.24991 0.35937 -0.089434 -0.017301 0.39543 0.48647
0.37305 0.33689 0.21221 0.22359 0.093529 0.097015 -0.12231 0.073816 0.198 0.31438 0.3485 0.23444 0.23163 0.091083 0.079268 -0.10761 0.067609 0.18657 -0.10312 0.42222 0.10451 0.071592 0.046022 -0.061995 0.20079 0.029078 0.4032 0.022762 0.26986 0.093249 -0.022726 -0.099857 0.062145 0.27529 0.10399 -0.11171 -0.033118 0.21973 0.10158 0 0.096389 0.52928 0.36117 0.44219 0.28519 0.16982 -0.079659 0.36523 -0.081754 -0.053289 0.19853 0.35718 -0.061443 0.39085 0.17566 0.077713 0.042879 -0.071331 0.24894 0.060492 0.40963 0.028014 0.25242 0.051056 0.085 -0.0025659 0.029457 0.22265 0.19986 -0.074434 0.11969 0.24016 0.082798 0.69025 0.12425 0.51023 0.33421 0.45158 0.34261 0.074177 -0.05113 0.39325 -0.089866 -0.088608 0.19327 0.371
0.064678 0.10953 0.075518 0.27767 0.088868 0.061766 0.071266 0.018156 0.068933 0.26338 0.057685 0.060395 0.21802 0.065095 0.060671 0.075336 -0.0026421 0.062172 0.17674 0.39397 0.14047 0.28583 0.054909 0.13557 -0.090786 0.1099 -0.12427 0.065472 0.12703 0.29034 -0.056704 -0.13562 -0.026263 0.59788 0.35481 -0.074338 0.23816 0.36489 0.88018 0.096389 0 -0.066708 -0.017963 0.13678 0.49943 0.49316 0.30257 0.53595 -0.052125 0.014456 0.41257 0.62482 0.13394 0.34745 -0.073029 0.25768 0.00031844 0.11556 -0.19647 0.0016473 -0.13176 0.070462 0.069342 0.27154 -0.101 -0.22852 0.029683 0.56814 0.30087 -0.1789 0.099393 0.33599 0.80965 0.12971 0.90721 -0.013875 -0.031291 0.022196 0.29763 0.42969 0.2568 0.46638 -0.11886 -0.03409 0.33006 0.54219
0.2022 0.19207 0.085898 0.040854 0.011589 0.27041 -0.03832 0.044506 0.15346 0.23944 0.19883 0.069881 0.022617 0.04185 0.25512 -0.030983 0.072859 0.15683 -0.064155 0.091779 0.31171 0.28514 0.048061 0.10735 0.68788 -0.014655 0.80852 -0.011201 0.093003 0.25064 0.38859 0.25143 0.44543 0.21165 -0.08009 -0.076607 -0.21223 0.2864 0.10096 0.52928 -0.066708 0 0.42479 0.32233 0.36404 0.17779 0.040376 0.075168 0.12745 0.047525 0.1267 0.065131 -0.03364 0.080134 0.23361 0.24156 0.053775 0.091921 0.53614 -0.0052291 0.77153 0.054658 0.0088571 0.23463 0.38721 0.31719 0.3687 0.15956 -0.16527 -0.1028 -0.19346 0.2924 0.086431 0.41221 -0.061586 0.91747 0.34708 0.1837 0.32692 0.032957 0.066266 0.019028 0.15523 0.06922 0.13115 0.035368
0.096475 0.15821 0.1744 0.13967 0.057781 0.23224 0.0024964 0.12238 0.13825 0.08495 0.18717 0.17642 0.12314 0.058123 0.24121 0.0099887 0.12576 0.13311 -0.13551 0.28808 -0.049662 0.072697 0.063319 0.043091 0.10424 -0.075377 0.45814 0.07946 0.21295 0.08049 0.39216 -0.014822 0.21155 0.10689 -0.096955 -0.16935 -0.19699 0.11949 0.032305 0.36117 -0.017963 0.42479 0 0.058633 0.34728 -0.026076 0.04419 -0.049204 0.041004 0.040674 0.1603 0.1948 -0.085376 0.27135 -0.050649 0.065501 0.048704 0.032852 0.059136 -0.043162 0.42782 0.089233 0.1539 0.060091 0.4175 0.067001 0.15876 0.091177 -0.085043 -0.1805 -0.095679 0.11767 0.026016 0.31229 -0.00046381 0.37989 0.5786 0.047128 0.32765 -0.070234 0.076038 0.0021462 0.030628 0.045083 0.14486 0.18895
0.37614 0.22003 0.25869 0.16762 0.073191 -0.0030211 -0.1342 0.00014794 0.1027 0.45932 0.20297 0.23808 0.14633 0.048323 -0.028575 -0.11656 -0.008086 0.1219 0.0055689 0.25823 0.69864 -0.033658 0.042737 -0.021132 0.53154 0.39644 0.09478 -0.098844 0.44939 -0.027395 -0.21563 0.017035 0.062069 0.13918 0.56474 0.21116 0.42524 0.02217 0.045891 0.44219 0.13678 0.32233 0.058633 0 0.44886 0.41358 -0.11806 0.66329 -0.13033 -0.092745 0.080679 0.26026 0.010603 0.22552 0.5624 -0.054191 0.034013 -0.061917 0.4647 0.22062 0.047103 -0.084358 0.30016 -0.048299 -0.13809 0.0704 0.016121 0.10837 0.4608 0.21578 0.33291 0.032138 -0.00070759 0.37485 0.10954 0.30011 0.043438 0.71541 0.2934 0.21077 -0.087602 0.46351 -0.089396 -0.1344 0.078882 0.21091
0.043732 0.16468 0.19788 0.17417 0.069215 0.17801 0.066122 0.011977 0.079417 0.27639 0.081851 0.12193 0.13496 0.050244 0.16205 0.045826 0.018076 0.084146 0.19631 0.32574 0.394 0.083746 0.073973 0.095987 0.35221 0.2312 0.2524 -0.015437 0.29189 0.075436 0.25374 0.34406 0.14437 0.33239 0.50383 0.20369 0.35048 0.10679 0.33237 0.28519 0.49943 0.36404 0.34728 0.44886 0 0.29685 0.17988 0.48783 0.10315 0.062666 0.20001 0.31708 0.039142 0.24934 0.13997 0.034468 0.04581 0.054614 0.068523 0.089892 0.11046 0.0078861 0.064905 0.065371 0.12945 0.1162 0.12152 0.32293 0.19298 -0.029198 0.068946 0.083182 0.28441 0.16405 0.41338 0.15376 0.17816 0.048201 0.53638 0.16512 0.17559 0.23506 0.089387 0.048779 0.1825 0.26492
0.17039 0.11488 0.050164 0.10655 0.010703 0.08049 0.023584 0.0090951 0.048866 0.23788 0.077578 0.063965 0.093091 0.016469 0.074304 0.027704 0.0055014 0.057208 0.086699 0.25787 0.40287 0.62976 0.084599 0.49478 0.39672 0.35633 -0.0013657 0.30206 0.19017 0.6532 -0.082851 -0.10597 0.14309 0.35898 0.28316 -0.070607 0.15394 0.56381 0.41321 0.16982 0.49316 0.17779 -0.026076 0.41358 0.29685 0 0.082713 0.50024 -0.060366 -0.013772 0.1686 0.35562 0.086747 0.24249 0.18583 0.58952 0.043079 0.44622 0.22451 0.29428 0.048394 0.25417 0.12251 0.65573 -0.073126 -0.11673 0.14826 0.32611 0.29378 -0.099807 0.15422 0.55257 0.35487 0.18834 0.4474 0.26942 -0.0060319 0.24412 0.17263 0.93129 0.03383 0.41058 -0.067373 -0.041542 0.14721 0.30383
-0.16608 -0.1123 -0.065091 -0.019366 0.0092045 0.22239 0.23433 0.0069021 0.0038084 -0.12067 -0.16259 -0.093339 -0.043695 -0.01623 0.21629 0.20739 0.013157 0.017028 0.72175 0.049755 0.07273 0.18212 0.11256 0.34472 0.093187 0.17651 0.012428 0.17516 0.073284 0.21514 0.19849 0.40158 0.15526 0.1577 0.23613 0.01554 0.22733 0.1085 0.29295 -0.079659 0.30257 0.040376 0.04419 -0.11806 0.17988 0.082713 0 0.10216 0.076294 0.23078 0.56838 0.31375 0.58579 0.049307 -0.066155 0.14742 0.073759 0.32661 -0.042088 0.091142 -0.039953 0.1566 0.021595 0.20051 0.12323 0.22664 0.15796 0.19242 0.10991 -0.04462 0.079497 0.049771 0.32824 -0.087769 0.29932 0.015784 0.047644 -0.17635 0.085844 0.10469 0.84404 0.050441 0.04605 0.2112 0.46634 0.25936
0.35557 0.23305 0.19338 0.25518 0.11057 -0.069949 -0.065012 0.0027957 0.11399 0.39378 0.21945 0.19229 0.23421 0.082915 -0.085831 -0.067218 -0.02397 0.14029 0.23288 0.37224 0.46875 0.006679 0.061629 1.8269e-05 0.2522 0.42912 -0.14907 -0.11679 0.40522 0.045883 -0.2966 0.099809 -0.064952 0.33403 0.66476 0.20007 0.54742 0.1302 0.39331 0.36523 0.53595 0.075168 -0.049204 0.66329 0.48783 0.50024 0.10216 0 -0.094879 -0.038013 0.28482 0.56984 0.20394 0.36679 0.39089 -0.003677 0.017938 -0.065289 0.28861 0.27512 -0.14495 -0.093162 0.3249 0.020119 -0.25873 0.10722 -0.06327 0.27641 0.62561 0.22278 0.50789 0.12661 0.28777 0.33517 0.46709 0.13325 -0.019346 0.50903 0.41891 0.3558 0.08648 0.82277 -0.069322 -0.085084 0.22199 0.50826
-0.09675 -0.048767 -0.056134 -0.072745 -0.027222 0.05494 0.04486 -0.0051086 -0.033103 -0.02176 -0.085965 -0.085908 -0.086212 -0.040944 0.043077 0.04017 -0.014662 -0.035631 0.1191 -0.13422 0.023897 -0.02972 0.032847 0.071684 0.15585 0.032071 0.13334 0.016806 -0.04384 -0.016866 0.27245 0.30908 0.056817 -0.069586 -0.0501 0.1423 0.031744 -0.055849 -0.012148 -0.081754 -0.052125 0.12745 0.041004 -0.13033 0.10315 -0.060366 0.076294 -0.094879 0 0.095324 -0.072234 -0.13022 0.037603 -0.14983 -0.085521 -0.025752 0.0072129 0.060023 -0.0012685 0.020746 0.066227 0.026938 -0.10058 -0.015772 0.14796 0.20424 0.035697 -0.054081 -0.1629 0.052057 -0.11887 -0.052254 0.006566 -0.15782 -0.073578 0.0098204 -0.01155 -0.25172 -0.018759 -0.04451 0.063591 -0.18923 0.21228 0.089952 -0.040792 -0.14825
-0.061434 -0.055688 -0.046607 -0.01884 -0.020162 0.15268 0.13575 -0.00081889 -0.018809 -0.0040204 -0.074363 -0.066031 -0.044562 -0.011295 0.13456 0.1095 -0.012573 0.028186 0.16194 -0.042645 0.008704 0.016397 0.10548 0.15298 0.1028 0.12577 0.049517 0.057793 0.052892 0.0112 0.18144 0.28419 0.096379 -0.01472 0.015246 0.085076 0.041923 -0.024384 0.038099 -0.053289 0.014456 0.047525 0.040674 -0.092745 0.062666 -0.013772 0.23078 -0.038013 0.095324 0 0.034945 0.027601 0.093359 -0.062327 -0.046921 0.0054159 0.04156 0.12582 0.02147 0.095718 0.033577 0.049741 -0.024089 0.027146 0.13466 0.21665 0.068777 -0.0135 -0.035691 0.030792 -0.018345 -0.035293 0.025724 -0.091032 -0.0080529 0.012112 0.0056463 -0.14353 0.034538 -0.016724 0.19753 -0.079286 0.10563 0.17063 0.0177 0.010472
0.032961 0.16395 0.074756 0.13538 0.062368 0.1163 0.017248 0.048458 0.1264 0.034263 0.16253 0.068331 0.12627 0.072226 0.095242 0.01781 0.043357 0.16402 0.16923 0.28852 -0.010502 0.19057 0.05398 0.11229 0.0016355 -0.011359 0.12495 0.11175 0.13477 0.26121 0.036387 -0.071257 0.096845 0.36313 0.12262 -0.073965 0.016003 0.30932 0.483 0.19853 0.41257 0.1267 0.1603 0.080679 0.20001 0.1686 0.56838 0.28482 -0.072234 0.034945 0 0.49983 0.23869 0.29421 -0.0015951 0.1936 0.03965 0.1218 0.014392 -0.018768 0.10777 0.10569 0.13463 0.23243 0.058602 -0.054376 0.10732 0.35477 0.18194 -0.076495 0.091443 0.28469 0.44798 0.23772 0.40611 0.17021 0.16815 0.078665 0.20897 0.15917 0.53979 0.35459 -0.042566 -0.0038415 0.64899 0.45909
0.22477 0.28635 0.18815 0.35535 0.14449 0.086035 0.028065 0.089889 0.18405 0.22213 0.27809 0.19295 0.32494 0.12179 0.083281 0.028196 0.065386 0.19317 0.1295 0.56567 -0.02849 0.22762 0.1036 0.13228 -0.075945 0.08108 -0.022591 0.11263 0.34023 0.26972 -0.069798 -0.19211 0.042938 0.47878 0.37302 -0.10929 0.20609 0.3591 0.58979 0.35718 0.62482 0.065131 0.1948 0.26026 0.31708 0.35562 0.31375 0.56984 -0.13022 0.027601 0.49983 0 0.1815 0.54066 -0.0072206 0.22361 0.057259 0.088997 -0.035796 0.056949 0.015564 0.1153 0.3267 0.23744 -0.037269 -0.14938 0.052448 0.4477 0.48676 -0.086965 0.33545 0.35058 0.51546 0.40518 0.59828 0.16759 0.21398 0.25996 0.35106 0.30986 0.28377 0.63708 -0.1283 -0.032319 0.41119 0.76634
-0.022901 -0.11319 -0.020674 -0.0095919 -0.0043485 0.034687 0.090854 -0.019774 -0.028897 -0.12895 -0.1312 -0.020862 0.01483 -0.013921 0.040784 0.10598 -0.012857 -0.00079483 0.65233 0.037315 0.046722 0.090967 0.023543 0.25243 0.058626 0.13393 -0.1441 0.15499 0.089042 0.09574 -0.044119 0.25041 0.045698 0.026278 0.26361 -0.023443 0.2688 0.0044574 0.043946 -0.061443 0.13394 -0.03364 -0.085376 0.010603 0.039142 0.086747 0.58579 0.20394 0.037603 0.093359 0.23869 0.1815 0 0.048126 0.17862 0.094698 0.036361 0.28081 0.16603 0.20229 -0.14409 0.10845 0.12144 0.094566 -0.033971 0.41098 0.04674 0.046932 0.40322 0.14885 0.44403 -0.026064 0.094788 -0.024363 0.18853 0.033902 -0.034431 0.045829 0.23587 0.083063 0.70822 0.22342 0.046606 0.1649 0.20937 0.17261
