0,0.322799831628799,0.254556357860565,0.278125792741776,0.081899106502533,-0.0325594320893288,-0.104814581573009,0.0540308207273483,0.202248200774193,0.703874289989471,0.415704548358917,0.352807402610779,0.297644466161728,0.114522650837898,-0.016943670809269,-0.10499319434166,0.0350486785173416,0.261005312204361,-0.181842967867851,0.241169437766075,0.0324380956590176,-0.013946034014225,0.0145964482799172,-0.0904670506715775,0.0171594470739365,0.119800329208374,0.0696060881018639,0.00338869728147984,0.183100640773773,0.00422598700970411,-0.185667634010315,-0.150673404335976,-0.00508562568575144,0.118595786392689,0.0754618793725967,-0.0859151557087898,0.00137864705175161,0.123300775885582,0.072997510433197,0.350136250257492,0.0828839614987373,0.156736940145493,0.0798048079013824,0.340352714061737,0.0109199620783329,0.160891875624657,-0.149409338831902,0.339127629995346,-0.113268345594406,-0.0794188305735588,0.0708087235689163,0.245379865169525,-0.00945091061294079,0.301879853010178,0.427239507436752,-0.011793821118772,0.041629321873188,-0.104609698057175,0.364450186491013,0.243845820426941,0.176847070455551,-0.0212074909359217,0.326681613922119,-0.0345684215426445,-0.051858589053154,0.124102219939232,0.0127783427014947,0.144501999020576,0.414048701524734,0.191943019628525,0.318599462509155,0.138615146279335,0.0723150968551636,0.452919453382492,0.185992300510406,0.315646827220917,0.175139382481575,0.60129189491272,0.410431891679764,0.197632983326912,-0.100068733096123,0.53231954574585,-0.00894643738865852,-0.0877975448966026,0.0682481676340103,0.299393624067307
0.322799831628799,0,0.252982914447784,0.271199852228165,0.106183178722858,0.011577308177948,-0.0817109420895576,0.0719043537974358,0.222791895270348,0.360245585441589,0.498896658420563,0.258606135845184,0.25630584359169,0.104591250419617,-0.00767698604613543,-0.0969103053212166,0.0559013150632381,0.20869517326355,-0.113100081682205,0.268993943929672,0.0467863865196705,0.0939883589744568,0.0211611874401569,-0.0593953914940357,0.0520039610564709,0.0512392520904541,0.13693530857563,0.0777529180049896,0.15158885717392,0.127567738294601,-0.02888916246593,-0.10261869430542,0.0159241836518049,0.162307992577553,0.107620179653168,-0.0759945139288902,0.0068292748183012,0.225954756140709,0.141309633851051,0.331298589706421,0.122000947594643,0.190856412053108,0.166673853993416,0.203894689679146,0.179950445890427,0.121445417404175,-0.0807118862867355,0.220258384943008,-0.0445395559072495,-0.0602459982037544,0.190235987305641,0.288616716861725,-0.123382180929184,0.265320271253586,0.0439667142927647,0.0864746049046516,0.0188828594982624,-0.0846025869250298,0.043342761695385,-0.0118067292496562,0.120729319751263,0.0617792159318924,0.1190579906106,0.0841190293431282,-0.0189712047576904,-0.100392520427704,-0.0190928280353546,0.0997813567519188,0.141376838088036,-0.0520254373550415,0.0581648498773575,0.257312089204788,0.0885064676403999,0.306581556797028,0.0863153040409088,0.175104662775993,0.151119232177734,0.150284066796303,0.143600523471832,0.053470503538847,-0.107777252793312,0.192229524254799,-0.0492431558668613,-0.0726298913359642,0.156606271862984,0.26555335521698
0.254556357860565,0.252982914447784,0,0.391352236270905,0.107006408274174,0.0226294044405222,-0.0247496273368597,0.141170650720596,0.148131594061852,0.295102655887604,0.269061625003815,0.590200662612915,0.379342198371887,0.0723604708909988,0.0133152389898896,-0.0399956181645393,0.114072009921074,0.149236768484116,-0.0285863429307938,0.209791019558907,0.116560697555542,0.0100369900465012,-0.000273706391453743,-0.0574040375649929,0.00454003969207406,0.0484004020690918,0.0648367032408714,0.00989025458693504,0.200451835989952,0.023200461640954,-0.0176413916051388,-0.0790295675396919,-0.0283875428140163,0.0392545610666275,0.237706586718559,-0.0191173758357763,0.152034938335419,0.0905211046338081,-0.00299808592535555,0.192656219005585,0.0746252611279488,0.0721108615398407,0.169326350092888,0.255325883626938,0.206144914031029,0.0561409667134285,-0.0589534305036068,0.167225316166878,-0.0524524040520191,-0.0646980404853821,0.0772471651434898,0.186557948589325,-0.0293915420770645,0.178624734282494,0.0807964652776718,-0.0077016563154757,0.0305517576634884,-0.0810048282146454,-0.0120327435433865,0.00634105643257499,0.0417705103754997,0.0115382913500071,0.148469120264053,-0.0121936677023768,-0.0177050996571779,-0.103863082826138,-0.0249241515994072,0.0178564302623272,0.182955294847488,-0.0500006377696991,0.131511241197586,0.100418455898762,-0.0226760786026716,0.177798300981522,0.0686071738600731,0.051957082003355,0.118444330990314,0.146833300590515,0.125445425510406,0.00670290598645806,-0.0654963403940201,0.150762140750885,-0.0651954412460327,-0.0595114603638649,0.0824258401989937,0.174658611416817
0.278125792741776,0.271199852228165,0.391352236270905,0,0.195936068892479,0.00141015835106373,-0.00563937053084373,0.0991447120904922,0.138561800122261,0.270953208208084,0.275047779083252,0.374462604522705,0.640394330024719,0.127456337213516,-0.00662346230819821,-0.0168668832629919,0.0885344222187996,0.142309218645096,-0.056240651756525,0.290846586227417,-0.0374908335506916,0.0222575645893812,0.00199643359519541,-0.0331812500953674,-0.121516197919846,0.0233718696981668,-0.0101188356056809,0.0167938116937876,0.138606458902359,0.0291226208209991,-0.0420267805457115,-0.166871160268784,-0.0275491047650576,0.184171721339226,0.165034487843513,-0.101554647088051,0.0729339793324471,0.104834988713264,0.184529781341553,0.194535970687866,0.282429724931717,0.0138313127681613,0.106560975313187,0.144997209310532,0.165296196937561,0.10622788220644,0.00334836775436997,0.251725971698761,-0.0687412396073341,-0.0299120433628559,0.135111540555954,0.344135612249374,-0.0162211153656244,0.275506108999252,0.000105276703834534,0.018833888694644,0.0137853547930717,-0.0575655214488506,-0.0801777839660645,-0.0195634365081787,-0.00821219012141228,0.0218916367739439,0.135842099785805,0.00816327892243862,-0.0457541346549988,-0.150714248418808,-0.003398222848773,0.147758036851883,0.238915055990219,-0.0751001238822937,0.147533014416695,0.121396236121655,0.119367875158787,0.23222990334034,0.257555961608887,0.0440763048827648,0.116948038339615,0.152228236198425,0.159637063741684,0.0813198089599609,-0.0193067379295826,0.287156492471695,-0.0691408514976501,-0.0595825500786304,0.123245254158974,0.33968910574913
0.081899106502533,0.106183178722858,0.107006408274174,0.195936068892479,0,-0.00843046233057976,-0.0205325577408075,0.0217250529676676,0.0508433170616627,0.0976267457008362,0.0984938889741898,0.110938504338264,0.16502645611763,0.0452681854367256,-0.0145516293123364,-0.0333779789507389,0.0143741052597761,0.0533095262944698,-0.0260681752115488,0.103837870061398,-0.00471076788380742,-0.00241065816953778,0.0118173416703939,-0.0179629344493151,-0.0290613938122988,0.00460855010896921,-0.0131414569914341,-0.0140564665198326,0.070778951048851,-0.00219433684833348,-0.0299440044909716,-0.0434211678802967,-0.0137159796431661,0.0171647742390633,0.0644486546516418,-0.00191487791016698,0.0516474582254887,0.0406801104545593,0.0637773647904396,0.0860582888126373,0.083514004945755,0.00222527142614126,0.0515525154769421,0.0719299241900444,0.0657165348529816,0.0103637259453535,0.00653857085853815,0.108035869896412,-0.0338843837380409,-0.0250221136957407,0.0609764494001865,0.139813512563705,-0.0165632385760546,0.113656662404537,-0.0220995023846626,-0.00894144363701344,-0.0132940672338009,-0.0397082567214966,-0.0461440831422806,-0.0134665835648775,-0.0186530090868473,-0.00520005682483315,0.0591903403401375,-0.0123678836971521,-0.029874961823225,-0.0555531196296215,-0.0218601636588573,0.0203591547906399,0.0794813707470894,-0.0123571716248989,0.0602491125464439,0.0425583012402058,0.043927688151598,0.0767656043171883,0.0707563459873199,-0.0121216522529721,0.0214503053575754,0.0392996147274971,0.0417713895440102,-0.0104374494403601,-0.0149337435141206,0.095844142138958,-0.0430453047156334,-0.0263297390192747,0.0366511195898056,0.12548702955246
-0.0325594320893288,0.011577308177948,0.0226294044405222,0.00141015835106373,-0.00843046233057976,0,0.182302668690681,0.0217542573809624,0.0848974362015724,0.0488338023424149,-0.00982504244893789,0.00901342835277319,-0.00995429512113333,-0.0226215142756701,0.44130539894104,0.183406963944435,0.0361813418567181,0.0646147206425667,0.078843392431736,0.0438567213714123,0.136666685342789,0.0924439802765846,0.131593987345695,0.230871468782425,0.248644888401031,0.132150441408157,0.348515599966049,0.124019756913185,0.0701342523097992,0.119792573153973,0.309145480394363,0.217725604772568,0.276276141405106,0.0753956437110901,-0.0441002063453197,0.0283479671925306,-0.0299228820949793,0.0830813720822334,0.0874053165316582,0.0973934531211853,0.0467832013964653,0.258266925811768,0.226428061723709,-0.0282291937619448,0.164425954222679,0.0770946741104126,0.212446630001068,-0.0854809582233429,0.0549052730202675,0.147910788655281,0.10519877076149,0.0639351084828377,0.0164848417043686,0.0185104943811893,-0.0252101942896843,0.0705695822834969,0.0890737399458885,0.2144695520401,0.104541808366776,0.0809630453586578,0.292541116476059,0.126523673534393,-0.0035257434938103,0.102880418300629,0.286086946725845,0.107392199337482,0.237726792693138,0.0699541941285133,-0.14348566532135,-0.0695212930440903,-0.116107508540154,0.0584281980991364,0.0941086411476135,0.0230874884873629,0.0490940548479557,0.196807831525803,0.144741415977478,-0.122718937695026,0.027588713914156,0.0438549853861332,0.17457477748394,-0.115038938820362,0.0350326523184776,0.123325571417809,0.0859870240092278,0.0327352210879326
-0.104814581573009,-0.0817109420895576,-0.0247496273368597,-0.00563937053084373,-0.0205325577408075,0.182302668690681,0,-0.00558687886223197,0.00125340675003827,-0.0452096574008465,-0.103738911449909,-0.049810104072094,-0.024590689688921,-0.0265706870704889,0.183229461312294,0.261146068572998,-0.00914728082716465,-0.0236710552126169,0.162807568907738,-0.0342151150107384,0.0451919287443161,0.0302024055272341,0.0770047903060913,0.194209143519402,0.0728970617055893,0.13538134098053,0.00888674054294825,0.0695479661226273,0.000770671118516475,0.0444503724575043,0.177718088030815,0.178703784942627,0.0773465931415558,0.0285925418138504,0.0141439279541373,0.0726273581385612,0.0725988745689392,-0.00628893449902534,0.0585290938615799,-0.121562637388706,0.0740972682833672,-0.0307325478643179,0.00221119844354689,-0.144761115312576,0.0550491288304329,0.0339868515729904,0.23426665365696,-0.0653613731265068,0.05349987372756,0.133387267589569,0.00601485185325146,0.0261327065527439,0.0934154614806175,-0.0531663037836552,-0.0778276175260544,0.0208180006593466,0.0276138875633478,0.169232860207558,-0.0398622415959835,0.0814934745430946,-0.0232264641672373,0.0591331347823143,-0.0378702655434608,0.0416920036077499,0.0990533456206322,0.0823570713400841,0.0603370480239391,0.0287787821143866,-0.0696067065000534,-0.0276427902281284,-0.0341718979179859,-0.0242358222603798,0.0700051188468933,-0.143158569931984,0.0790266841650009,-0.0542267486453056,-0.0239669103175402,-0.201489716768265,-0.0325735807418823,0.0420898012816906,0.186035364866257,-0.121257245540619,0.0193343535065651,0.114094294607639,-0.00469841528683901,-0.0125643145292997
0.0540308207273483,0.0719043537974358,0.141170650720596,0.0991447120904922,0.0217250529676676,0.0217542573809624,-0.00558687886223197,0,0.0510484799742699,0.0387540310621262,0.0695118606090546,0.126848503947258,0.103014409542084,0.0136063564568758,0.029550839215517,0.000613932439591736,0.100739635527134,0.060915369540453,-0.0283330027014017,0.0881003588438034,-0.0576788820326328,0.0250653009861708,-0.000644042040221393,-0.0129834366962314,-0.0455691926181316,-0.0219088159501553,0.0522670038044453,0.0168299879878759,0.0222493372857571,0.0123528568074107,0.0609151273965836,-0.0545625574886799,0.0262606926262379,0.0466272607445717,-0.0272417571395636,-0.0812259316444397,-0.066064327955246,0.0464793220162392,0.0227430313825607,0.063068225979805,0.0155645404011011,0.0448604077100754,0.112535506486893,-0.00863606762140989,0.0144098252058029,0.00652836309745908,0.010292511433363,0.00212108809500933,-0.00507411174476147,-0.000120705924928188,0.0454080812633038,0.0790296941995621,-0.0205295123159885,0.0775120630860329,-0.0398028790950775,0.0274156015366316,-0.00206567696295679,-0.00428758282214403,-0.0264682099223137,0.00229041185230017,0.0675368010997772,0.0315097831189632,0.0256056003272533,0.008468396961689,0.0584897808730602,-0.04748460277915,0.0113637568429112,0.0457653552293777,-0.0111191151663661,-0.0876745209097862,-0.0208926759660244,0.0538266450166702,0.0130799999460578,0.0730267390608788,0.0316223241388798,0.0514722838997841,0.10009690374136,0.00992993824183941,0.0225062016397715,0.00767035456374288,0.0114329075440764,0.0497048497200012,-0.0147665021941066,-0.00225597899407148,0.0537899881601334,0.0808155760169029
0.202248200774193,0.222791895270348,0.148131594061852,0.138561800122261,0.0508433170616627,0.0848974362015724,0.00125340675003827,0.0510484799742699,0,0.224531695246696,0.231177017092705,0.130903720855713,0.135307371616364,0.0503130964934826,0.0700901746749878,-0.0173775106668472,0.0385811813175678,0.189861506223679,-0.0437288545072079,0.166517868638039,0.00726887816563249,0.063311293721199,0.0176788717508316,0.00823976937681437,0.0238364227116108,0.011480781249702,0.120541229844093,0.0268955398350954,0.0788349285721779,0.0915209725499153,0.0205779206007719,-0.045907735824585,0.0633999779820442,0.114535696804523,0.0346226245164871,-0.0572142042219639,-0.010903736576438,0.163930311799049,0.0918533876538277,0.18359312415123,0.0693151950836182,0.139976888895035,0.137733355164528,0.0918792709708214,0.0840925574302673,0.0513458847999573,0.0134636461734772,0.105018727481365,-0.0326518528163433,-0.0180906429886818,0.126975879073143,0.183240279555321,-0.0340604186058044,0.174602478742599,0.0314186215400696,0.0546678975224495,0.0273961741477251,-0.0116492658853531,0.041118185967207,0.0159484837204218,0.133966192603111,0.0148355346173048,0.0849908739328384,0.0785029381513596,0.054709043353796,-0.0204197075217962,0.0359535962343216,0.0709174871444702,0.0773584991693497,-0.0448287837207317,0.0360981747508049,0.169028267264366,0.0727700144052505,0.177657708525658,0.0609728544950485,0.155491396784782,0.135173335671425,0.08648531883955,0.106883719563484,0.0153183406218886,0.00565399369224906,0.132462233304977,-0.0437461510300636,-0.00539517868310213,0.120632521808147,0.173587217926979
0.703874289989471,0.360245585441589,0.295102655887604,0.270953208208084,0.0976267457008362,0.0488338023424149,-0.0452096574008465,0.0387540310621262,0.224531695246696,0,0.322270214557648,0.272600769996643,0.229254648089409,0.101634860038757,0.0423013120889664,-0.0623772032558918,0.0260862354189157,0.228334277868271,-0.0628581643104553,0.256377696990967,0.277085602283478,0.0324425064027309,0.0433659069240093,-0.102198652923107,0.203823983669281,0.230121657252312,0.146527990698814,-0.0728215128183365,0.216381326317787,0.0281825643032789,-0.0136897061020136,0.0543257221579552,0.0398010686039925,0.197383210062981,0.242676243185997,0.0812652483582497,0.197335332632065,0.155520558357239,0.27779546380043,0.313848346471786,0.292862385511398,0.229255884885788,0.10077378898859,0.468832463026047,0.316499173641205,0.250086963176727,-0.0890708491206169,0.375561445951462,-0.0228123012930155,-0.013370031490922,0.071150578558445,0.248798206448555,-0.131533101201057,0.194799900054932,0.103670716285706,0.0182731989771128,0.0296111572533846,-0.121044382452965,0.0685941874980927,0.0963342189788818,0.0853121429681778,-0.0467392429709435,0.0869144797325134,0.00800751894712448,-0.0344399884343147,-0.0181258656084538,0.0174596030265093,0.136772200465202,0.137755334377289,-0.0110560320317745,0.0412217453122139,0.16810117661953,0.157032251358032,0.261601895093918,0.167223185300827,0.136443167924881,0.0579670704901218,0.198018133640289,0.0682071000337601,0.0885579511523247,-0.0814433172345161,0.313575088977814,-0.0525845140218735,-0.0609152987599373,0.0729053467512131,0.210004836320877
0.415704548358917,0.498896658420563,0.269061625003815,0.275047779083252,0.0984938889741898,-0.00982504244893789,-0.103738911449909,0.0695118606090546,0.231177017092705,0.322270214557648,0,0.316756516695023,0.299881398677826,0.112402610480785,-0.0217534136027098,-0.111030355095863,0.0844930037856102,0.247371003031731,-0.195471689105034,0.292029976844788,-0.0263928975909948,0.0699248239398003,0.0105399424210191,-0.0807237923145294,-0.00926883053034544,-0.0213333982974291,0.133013516664505,0.0627833306789398,0.120389446616173,0.105796337127686,-0.069059245288372,-0.19704282283783,0.0127011453732848,0.114959925413132,0.0159511771053076,-0.152664512395859,-0.070247620344162,0.227621391415596,0.0671711415052414,0.33458423614502,0.0636908784508705,0.191424816846848,0.185176581144333,0.175429970026016,0.0791264772415161,0.0812757909297943,-0.136673986911774,0.210907891392708,-0.0876779705286026,-0.0874805003404617,0.193641409277916,0.279097646474838,-0.138115048408508,0.315912574529648,0.147220075130463,0.0785710290074348,0.0114879878237844,-0.105315424501896,0.138018637895584,-0.0030129870865494,0.180757433176041,0.0344723574817181,0.182030543684959,0.0655755326151848,-0.0153384581208229,-0.0715083032846451,0.00186524318996817,0.130181163549423,0.234666436910629,-0.0149600971490145,0.150377511978149,0.264989912509918,0.0511717386543751,0.394243389368057,0.104722261428833,0.258095026016235,0.205861210823059,0.290378153324127,0.256966680288315,0.0686510503292084,-0.126490548253059,0.292040318250656,-0.0346365123987198,-0.107273958623409,0.177526280283928,0.30738490819931
0.352807402610779,0.258606135845184,0.590200662612915,0.374462604522705,0.110938504338264,0.00901342835277319,-0.049810104072094,0.126848503947258,0.130903720855713,0.272600769996643,0.316756516695023,0,0.401374667882919,0.0936031937599182,0.00851946044713259,-0.0387112013995647,0.14104950428009,0.14667797088623,-0.0697924643754959,0.208111077547073,0.0527828261256218,-0.019589364528656,-0.0152699407190084,-0.0653280764818192,-0.0320437774062157,0.0296202898025513,0.0585648827254772,0.0209016446024179,0.18564173579216,0.00708501087501645,-0.0623670145869255,-0.149977743625641,-0.0330804847180843,0.0254496615380049,0.196360573172569,-0.0564634054899216,0.121446952223778,0.0897908583283424,0.00154846778605133,0.21084164083004,0.0626891627907753,0.045710351318121,0.156260475516319,0.220149710774422,0.107113420963287,0.0705393403768539,-0.075431801378727,0.170554906129837,-0.0914746075868607,-0.085508793592453,0.0757933929562569,0.19290779531002,-0.0138541627675295,0.241022020578384,0.17088221013546,-0.041987881064415,0.0205477625131607,-0.0847869366407394,0.0598934218287468,0.047449067234993,0.0621445029973984,-0.0048447553999722,0.229393824934959,-0.0266349483281374,-0.0179334804415703,-0.0705510228872299,-0.000715698930434883,0.0357885546982288,0.279154300689697,0.037444245070219,0.233095347881317,0.098561204969883,-0.049913477152586,0.246635600924492,0.0665058493614197,0.0964608192443848,0.178760066628456,0.269667148590088,0.212509587407112,0.0277038309723139,-0.0761615186929703,0.222918689250946,-0.0629811361432076,-0.0622854493558407,0.0634569674730301,0.21686065196991
0.297644466161728,0.25630584359169,0.379342198371887,0.640394330024719,0.16502645611763,-0.00995429512113333,-0.024590689688921,0.103014409542084,0.135307371616364,0.229254648089409,0.299881398677826,0.401374667882919,0,0.144397854804993,-0.00357180717401206,-0.00940494239330292,0.114300191402435,0.151106864213943,-0.0602666810154915,0.263021409511566,-0.0460648909211159,0.0173128247261047,0.0109517620876431,-0.0386089757084846,-0.11923635751009,0.00827162154018879,-0.0246925447136164,0.0374351739883423,0.137334197759628,0.0226886924356222,-0.0795021504163742,-0.166515946388245,-0.029293354600668,0.159311681985855,0.14013309776783,-0.110209695994854,0.0628858581185341,0.108872473239899,0.115233972668648,0.199233561754227,0.223003104329109,-0.00139737268909812,0.0945032313466072,0.119719907641411,0.124129094183445,0.0886276215314865,-0.0181969329714775,0.22907829284668,-0.0857713595032692,-0.053014948964119,0.12823398411274,0.315674662590027,0.00999989174306393,0.285282373428345,0.0193147659301758,0.00483144773170352,0.0168551001697779,-0.0387259908020496,-0.0577729344367981,0.028652761131525,-0.0148859480395913,0.029807923361659,0.172243565320969,0.00295634660869837,-0.0525660924613476,-0.124592661857605,-0.0149290282279253,0.155247494578362,0.271421551704407,-0.0523017793893814,0.187506929039955,0.123628310859203,0.113784961402416,0.236670792102814,0.275540173053741,0.0493581108748913,0.117671884596348,0.174021020531654,0.180278241634369,0.0832310989499092,0.0109324641525745,0.303289175033569,-0.0839295387268066,-0.0475411973893642,0.12457437813282,0.366972267627716
0.114522650837898,0.104591250419617,0.0723604708909988,0.127456337213516,0.0452681854367256,-0.0226215142756701,-0.0265706870704889,0.0136063564568758,0.0503130964934826,0.101634860038757,0.112402610480785,0.0936031937599182,0.144397854804993,0,-0.0126386387273669,-0.0328125543892384,0.00845930259674788,0.0926141440868378,-0.0295651461929083,0.129277914762497,-0.0441372245550156,0.0168942529708147,0.0087848287075758,-0.0282847825437784,-0.0401891879737377,-0.0234579686075449,0.00702163111418486,-0.0125909149646759,0.0315443351864815,0.0212214104831219,-0.0371216125786304,-0.0620069801807404,-0.00388316437602043,0.0554619431495667,0.0191782098263502,-0.0473874546587467,-0.00701900105923414,0.0624881237745285,0.0631454363465309,0.0812841504812241,0.0678278580307961,0.033166129142046,0.0526243634521961,0.0334297306835651,0.047869835048914,0.0162104498594999,-0.00965064112097025,0.0864775851368904,-0.0459270514547825,-0.0168699882924557,0.0797782391309738,0.122612230479717,-0.0163046978414059,0.103719256818295,0.000243707560002804,0.0165305100381374,-3.49646434187889e-05,-0.0269477777183056,-0.0154357766732574,-0.0141951022669673,0.0194788631051779,-0.0134302284568548,0.0270992051810026,0.0205526854842901,-0.0181095600128174,-0.035237941890955,-0.013506923802197,0.0669403895735741,0.0730891823768616,-0.0361794978380203,0.0548908151686192,0.0758493691682816,0.0654282346367836,0.086225651204586,0.0819126665592194,0.0453600324690342,0.0674607753753662,0.0571535676717758,0.0895754098892212,-0.000231897458434105,-0.00396352307870984,0.114859901368618,-0.0244879871606827,-0.0285873655229807,0.0648864135146141,0.1341353058815
-0.016943670809269,-0.00767698604613543,0.0133152389898896,-0.00662346230819821,-0.0145516293123364,0.44130539894104,0.183229461312294,0.029550839215517,0.0700901746749878,0.0423013120889664,-0.0217534136027098,0.00851946044713259,-0.00357180717401206,-0.0126386387273669,0,0.22979810833931,0.0389383733272552,0.0653092488646507,0.0602193735539913,0.036620132625103,0.121493652462959,0.0737684294581413,0.106250934302807,0.231386199593544,0.22060438990593,0.129656508564949,0.317225694656372,0.114734701812267,0.0680892467498779,0.0969797521829605,0.310042202472687,0.175134152173996,0.267641842365265,0.084122322499752,-0.0459217801690102,-0.00859465543180704,-0.0594561621546745,0.0584810562431812,0.075165331363678,0.0776046812534332,0.0563178360462189,0.240136280655861,0.224957942962646,-0.0484660156071186,0.143876478075981,0.0725751668214798,0.200485855340958,-0.0947403088212013,0.0336685031652451,0.122916288673878,0.0825208649039268,0.0638585984706879,0.0276792291551828,0.0388860441744328,0.0321237482130527,0.0633147284388542,0.103385478258133,0.222700923681259,0.140641465783119,0.122587308287621,0.303295373916626,0.10437086969614,0.0361477360129356,0.0826046168804169,0.269132524728775,0.125667154788971,0.280191361904144,0.0699665546417236,-0.108123265206814,-0.0646911486983299,-0.0939382761716843,0.0492304936051369,0.101652145385742,0.0449209846556187,0.0541342385113239,0.217927441000938,0.164806440472603,-0.0826573669910431,0.0594075135886669,0.06732577085495,0.195670589804649,-0.087857648730278,0.0137349376454949,0.136259347200394,0.0838813111186028,0.0630698129534721
-0.10499319434166,-0.0969103053212166,-0.0399956181645393,-0.0168668832629919,-0.0333779789507389,0.183406963944435,0.261146068572998,0.000613932439591736,-0.0173775106668472,-0.0623772032558918,-0.111030355095863,-0.0387112013995647,-0.00940494239330292,-0.0328125543892384,0.22979810833931,0,0.0195422321557999,-0.00522840488702059,0.127465665340424,-0.0357263199985027,0.0473035387694836,0.0241175070405006,0.0793411359190941,0.182638570666313,0.0558590404689312,0.126392871141434,-0.00217358977533877,0.0241067931056023,0.00121422240044922,0.0306275524199009,0.147329032421112,0.130342602729797,0.100860968232155,0.0345260947942734,0.00346948765218258,0.0318526662886143,0.0448121950030327,-0.0527036525309086,0.0545810647308826,-0.112673580646515,0.0830152034759521,-0.0247702598571777,0.00489682424813509,-0.11674228310585,0.0340374670922756,0.0411578826606274,0.201813295483589,-0.0601712688803673,0.0416770614683628,0.106115847826004,0.00552797550335526,0.0230583921074867,0.10192546993494,-0.0430188402533531,-0.0229001622647047,0.0108364401385188,0.0439737103879452,0.190188825130463,0.00155771535355598,0.131360247731209,-0.0175110884010792,0.0229421742260456,-0.00781788770109415,0.0275313705205917,0.1098972260952,0.087531104683876,0.106118105351925,0.0342519991099834,-0.032919030636549,-0.0127741992473602,0.00469295959919691,-0.066727377474308,0.0761859938502312,-0.130415618419647,0.0926171019673347,-0.0413539595901966,-0.0333618633449078,-0.139311358332634,-0.0208986438810825,0.0492980778217316,0.209930703043938,-0.0732905119657516,0.0242930855602026,0.138557404279709,-0.00568308541551232,0.0182926263660192
0.0350486785173416,0.0559013150632381,0.114072009921074,0.0885344222187996,0.0143741052597761,0.0361813418567181,-0.00914728082716465,0.100739635527134,0.0385811813175678,0.0260862354189157,0.0844930037856102,0.14104950428009,0.114300191402435,0.00845930259674788,0.0389383733272552,0.0195422321557999,0,0.065700851380825,-0.0253441240638494,0.0834497734904289,-0.0557393655180931,0.0278974454849958,0.00948969833552837,-0.00338728446513414,-0.029163857921958,-0.0378726422786713,0.0751378908753395,0.0308409128338099,0.010557466186583,0.0263894964009523,0.0537669435143471,-0.0644126981496811,0.00925416685640812,0.0271728932857513,-0.0337981693446636,-0.0777386128902435,-0.0635276362299919,0.0378933995962143,0.0083326306194067,0.0543740540742874,-0.00218016956932843,0.0637012645602226,0.123756028711796,-0.0308508090674877,0.0230065975338221,0.000521734298672527,0.0145703833550215,-0.0343730598688126,-0.00778710376471281,-0.0179122649133205,0.0381654091179371,0.0513904243707657,-0.0182286985218525,0.0764135718345642,-0.0487449616193771,0.0267724916338921,0.00225298199802637,0.0141037628054619,-0.0314065515995026,-0.0198778212070465,0.0652210265398026,0.0281010624021292,0.0134102879092097,0.0155292423442006,0.048207975924015,-0.0429754741489887,0.0235987287014723,0.0326021425426006,-0.0290496069937944,-0.106082439422607,-0.0390043705701828,0.0391582846641541,0.000746504287235439,0.0567218214273453,0.00436187814921141,0.0541333854198456,0.114100925624371,0.000170014798641205,0.0100702913478017,0.00269260630011559,0.0212907455861568,0.0100089190527797,-0.0129823908209801,-0.000958590477239341,0.0391326136887074,0.0620595142245293
0.261005312204361,0.20869517326355,0.149236768484116,0.142309218645096,0.0533095262944698,0.0646147206425667,-0.0236710552126169,0.060915369540453,0.189861506223679,0.228334277868271,0.247371003031731,0.14667797088623,0.151106864213943,0.0926141440868378,0.0653092488646507,-0.00522840488702059,0.065700851380825,0,-0.0614684708416462,0.16510346531868,0.0299838725477457,0.0543367564678192,0.040755819529295,0.00734719820320606,0.0452820509672165,0.0242269244045019,0.114846035838127,0.0192282907664776,0.0890730246901512,0.0900810658931732,0.0138100041076541,-0.0329024903476238,0.066078782081604,0.0847389623522758,0.0215255860239267,-0.0573571845889091,-0.00734769925475121,0.161870032548904,0.07828089594841,0.175594374537468,0.0605950579047203,0.148152217268944,0.133601784706116,0.0955850258469582,0.0834606438875198,0.0548880994319916,0.0168709140270948,0.119802758097649,-0.0399243235588074,0.0218955930322409,0.167595908045769,0.187748655676842,-0.0101735992357135,0.183351218700409,0.0863231122493744,0.0637088567018509,0.0209522396326065,0.00282490998506546,0.0953688621520996,0.0328634865581989,0.135693028569221,0.0204985644668341,0.110317274928093,0.0789293423295021,0.0623996071517467,0.0114461267367005,0.0543895289301872,0.109196215867996,0.106872260570526,-4.00915741920471e-05,0.0771601796150208,0.176914766430855,0.0753794834017754,0.190628901124001,0.0767693519592285,0.180872574448586,0.139894530177116,0.133100539445877,0.149555757641792,0.0499146915972233,0.0299723464995623,0.152991726994514,-0.000140699557960033,-0.000799987290520221,0.133693739771843,0.208701252937317
-0.181842967867851,-0.113100081682205,-0.0285863429307938,-0.056240651756525,-0.0260681752115488,0.078843392431736,0.162807568907738,-0.0283330027014017,-0.0437288545072079,-0.0628581643104553,-0.195471689105034,-0.0697924643754959,-0.0602666810154915,-0.0295651461929083,0.0602193735539913,0.127465665340424,-0.0253441240638494,-0.0614684708416462,0,-0.0419531613588333,0.242771551012993,0.0495395138859749,0.0370049141347408,0.283983498811722,0.208458289504051,0.263235926628113,-0.149188786745071,0.0897567123174667,0.0796197429299355,0.0854463577270508,0.043915830552578,0.586754977703094,-0.00692629301920533,-0.0061863730661571,0.508601307868958,0.223805978894234,0.590323686599731,-0.0323398075997829,0.0690620467066765,-0.116796657443047,0.162274703383446,-0.0545783452689648,-0.122743010520935,-0.000133056193590164,0.193589881062508,0.067854180932045,0.738135814666748,0.16003230214119,0.12335430085659,0.169002160429955,0.122564904391766,0.109805978834629,0.673539161682129,-0.0660166963934898,-0.00232428917661309,0.0342049188911915,0.0201513525098562,0.236209124326706,0.010728882625699,0.182818382978439,-0.18135529756546,0.0982189700007439,0.00619960250332952,0.0806669965386391,-0.0378557182848454,0.332439005374908,0.0249067842960358,0.0105388714000583,0.186216965317726,0.163359791040421,0.249399989843369,-0.065207414329052,0.130944222211838,-0.185483917593956,0.123421184718609,-0.13435760140419,-0.11537392437458,-0.127941876649857,0.0161363631486893,0.0508478619158268,0.62241530418396,-0.00964206364005804,0.0627058669924736,0.169858679175377,0.13407202064991,0.0724211484193802
0.241169437766075,0.268993943929672,0.209791019558907,0.290846586227417,0.103837870061398,0.0438567213714123,-0.0342151150107384,0.0881003588438034,0.166517868638039,0.256377696990967,0.292029976844788,0.208111077547073,0.263021409511566,0.129277914762497,0.036620132625103,-0.0357263199985027,0.0834497734904289,0.16510346531868,-0.0419531613588333,0,-0.0970391109585762,0.162635460495949,0.0492831468582153,0.0197986643761396,-0.132776141166687,-0.00260401819832623,0.0129722394049168,0.0205084700137377,0.227675676345825,0.1819798797369,-0.101144075393677,-0.278049468994141,0.00988155975937843,0.376718133687973,0.186493650078773,-0.232760608196259,0.0352683365345001,0.257769465446472,0.312094420194626,0.434266746044159,0.387584209442139,0.107733324170113,0.293843865394592,0.266363531351089,0.359493464231491,0.27946874499321,0.086133100092411,0.414389759302139,-0.125104054808617,-0.051313616335392,0.303037315607071,0.578839302062988,0.0228567477315664,0.603970885276794,-0.113529480993748,0.170453399419785,0.00284208613447845,0.00656770961359143,-0.13271227478981,0.00856137927621603,0.0449473299086094,0.033650241792202,0.177412644028664,0.15499821305275,-0.0566639341413975,-0.263631612062454,0.0241154115647078,0.352691978216171,0.26403084397316,-0.257152140140533,0.112434923648834,0.257341802120209,0.259512305259705,0.447814375162125,0.363018602132797,0.157835841178894,0.285599261522293,0.214154422283173,0.276985943317413,0.214968949556351,0.068078801035881,0.451105743646622,-0.151979595422745,-0.08742705732584,0.237701863050461,0.554613471031189
0.0324380956590176,0.0467863865196705,0.116560697555542,-0.0374908335506916,-0.00471076788380742,0.136666685342789,0.0451919287443161,-0.0576788820326328,0.00726887816563249,0.277085602283478,-0.0263928975909948,0.0527828261256218,-0.0460648909211159,-0.0441372245550156,0.121493652462959,0.0473035387694836,-0.0557393655180931,0.0299838725477457,0.242771551012993,-0.0970391109585762,0,-0.117259830236435,0.0671226382255554,0.186954513192177,0.72592556476593,0.562925219535828,0.212301820516586,-0.0703107491135597,0.288689613342285,-0.0676649436354637,0.116600431501865,0.498382061719894,0.172643110156059,-0.0924653559923172,0.582792639732361,0.445159405469894,0.536947906017303,-0.0907020941376686,-0.0271541755646467,0.113271817564964,0.108064956963062,0.318288058042526,-0.0350571908056736,0.71625804901123,0.428562164306641,0.358959227800369,0.0548861213028431,0.367845803499222,0.0247096065431833,-0.00451567117124796,-0.0175418369472027,-0.0420847870409489,0.0383813194930553,-0.110767796635628,0.646342158317566,-0.170587345957756,0.0676927044987679,0.10405133664608,0.481870353221893,0.265938878059387,0.0725762471556664,-0.0543822050094604,0.0967594981193542,-0.0767310187220573,0.0460819825530052,0.280720174312592,0.132520243525505,-0.0867779925465584,0.268640875816345,0.310805171728134,0.197332099080086,-0.102740034461021,-0.00071635830681771,-0.0312143433839083,0.0424101650714874,0.148143798112869,-0.117906481027603,0.267243921756744,0.0577524192631245,0.15802626311779,0.0454711355268955,0.0356154814362526,0.037606418132782,0.00727509241551161,0.0013523279922083,-0.0948637053370476
-0.013946034014225,0.0939883589744568,0.0100369900465012,0.0222575645893812,-0.00241065816953778,0.0924439802765846,0.0302024055272341,0.0250653009861708,0.063311293721199,0.0324425064027309,0.0699248239398003,-0.019589364528656,0.0173128247261047,0.0168942529708147,0.0737684294581413,0.0241175070405006,0.0278974454849958,0.0543367564678192,0.0495395138859749,0.162635460495949,-0.117259830236435,0,0.0137964794412255,0.360487163066864,0.0650097578763962,-0.127510398626328,0.139438956975937,0.223265439271927,0.0443207658827305,0.937148928642273,0.0104159964248538,-0.152579814195633,0.162437289953232,0.338603734970093,-0.0773724541068077,-0.193774461746216,-0.121774449944496,0.896121323108673,0.293076664209366,0.0840421468019485,0.269561797380447,0.287574261426926,0.0818358436226845,-0.0261812712997198,0.0974627956748009,0.693906545639038,0.170433968305588,0.033919919282198,-0.0299339722841978,0.0136997103691101,0.199052691459656,0.219095006585121,0.0487530194222927,0.15820124745369,-0.238705843687057,0.979452252388,-0.00211800215765834,0.410226494073868,-0.0462890341877937,-0.0617084838449955,0.18613588809967,0.300628483295441,-0.016598004847765,0.931270599365234,-0.00509778084233403,-0.196228176355362,0.178152620792389,0.311225533485413,-0.132839128375053,-0.261491894721985,-0.171724200248718,0.866907715797424,0.337842673063278,0.0802983716130257,0.284605443477631,0.348274618387222,0.0853755176067352,-0.105497509241104,-0.0172135978937149,0.618472576141357,0.148863434791565,0.0442922115325928,-0.0646729469299316,0.00844920054078102,0.15399481356144,0.193608209490776
0.0145964482799172,0.0211611874401569,-0.000273706391453743,0.00199643359519541,0.0118173416703939,0.131593987345695,0.0770047903060913,-0.000644042040221393,0.0176788717508316,0.0433659069240093,0.0105399424210191,-0.0152699407190084,0.0109517620876431,0.0087848287075758,0.106250934302807,0.0793411359190941,0.00948969833552837,0.040755819529295,0.0370049141347408,0.0492831468582153,0.0671226382255554,0.0137964794412255,0,0.167841359972954,0.105997703969479,0.142613783478737,0.0547721274197102,0.0309251211583614,0.0858174785971642,0.0336758941411972,0.0928444862365723,0.106941729784012,0.0975243896245956,0.03276402130723,0.0628083273768425,0.0356647595763206,0.0694320499897003,0.0178199987858534,0.044875830411911,0.0390530824661255,0.0540191866457462,0.0358824729919434,0.0602919049561024,0.0283901859074831,0.0643991082906723,0.0855404958128929,0.101657122373581,0.0513101890683174,0.0311579834669828,0.10059355199337,0.0454453341662884,0.0958736315369606,0.0132348760962486,0.0266011580824852,0.027731541544199,0.00309611996635795,0.0510212816298008,0.137014597654343,0.0657677128911018,0.112742267549038,0.0507313422858715,0.0160751137882471,0.0501924194395542,0.0322143658995628,0.0805803090333939,0.0627055466175079,0.0780517607927322,0.00886544212698936,0.0456258989870548,0.0102540357038379,0.0382944233715534,0.00942490436136723,0.0396730192005634,0.0251763686537743,0.0470917113125324,0.0498217083513737,0.0260632820427418,-0.0151467137038708,0.034134529531002,0.0708102658390999,0.0737432613968849,0.0316591747105122,0.0141167854890227,0.0456163436174393,0.0211068913340569,0.082520067691803
-0.0904670506715775,-0.0593953914940357,-0.0574040375649929,-0.0331812500953674,-0.0179629344493151,0.230871468782425,0.194209143519402,-0.0129834366962314,0.00823976937681437,-0.102198652923107,-0.0807237923145294,-0.0653280764818192,-0.0386089757084846,-0.0282847825437784,0.231386199593544,0.182638570666313,-0.00338728446513414,0.00734719820320606,0.283983498811722,0.0197986643761396,0.186954513192177,0.360487163066864,0.167841359972954,0,0.319001823663712,0.345991402864456,0.0925926938652992,0.542411267757416,0.0915478318929672,0.539637386798859,0.192094355821609,0.200387880206108,0.331518530845642,0.103499568998814,0.113640978932381,0.0282142125070095,0.0940831229090691,0.315410584211349,0.119674332439899,-0.0616067200899124,0.155489057302475,0.11361862719059,0.0497810952365398,-0.0572453252971172,0.0853773355484009,0.519806385040283,0.355911463499069,0.00178106315433979,0.0721514374017715,0.156287103891373,0.119525484740734,0.128455221652985,0.250393360853195,0.03531289473176,0.0284719951450825,0.333385974168777,0.105825811624527,0.82885468006134,0.178426861763,0.360260963439941,0.105297207832336,0.504069924354553,0.0598563775420189,0.534621059894562,0.157013401389122,0.17093114554882,0.350939989089966,0.103362165391445,0.0662082657217979,-0.0405270978808403,0.110348753631115,0.242059752345085,0.164644494652748,-0.0540512204170227,0.189744278788567,0.16950187087059,0.0398403033614159,-0.10576805472374,0.0344879701733589,0.511479258537292,0.291943252086639,-0.015727985650301,0.0342461317777634,0.136889085173607,0.0905175432562828,0.084919847548008
