0 0.35911 0.28385 0.28938 0.080046 -0.023536 -0.10757 0.069034 0.21958 0.73622 0.45325 0.37947 0.30991 0.10985 -0.016414 -0.095996 0.048728 0.27545 -0.17472 0.22805 0.071376 0.060034 0.009567 -0.10393 0.023704 0.10881 0.082831 -0.0097307 0.20183 0.039592 -0.17322 -0.15259 -0.017935 0.1037 0.097289 -0.049546 0.029495 0.17444 0.042383 0.35023 0.073074 0.18875 0.087796 0.33198 0.03865 0.12363 -0.17951 0.29673 -0.10357 -0.070322 0.068204 0.22532 -0.075579 0.28868 0.40344 0.049555 0.036729 -0.12556 0.33983 0.21539 0.18109 -0.015148 0.33568 -0.0036459 -0.03941 0.094479 0.0015891 0.12719 0.37422 0.20127 0.28372 0.18906 0.049347 0.43726 0.16361 0.31243 0.1787 0.57597 0.37588 0.153 -0.14044 0.47503 -0.017088 -0.084889 0.073232 0.27824
0.35911 0 0.29814 0.30671 0.12734 0.0019005 -0.094084 0.083448 0.24124 0.38799 0.53468 0.30521 0.29233 0.11488 -0.014572 -0.11562 0.063245 0.23466 -0.11713 0.27556 0.077061 0.1125 0.022921 -0.084517 0.072709 0.059238 0.15087 0.072445 0.17063 0.13331 -0.036627 -0.090424 -0.0021016 0.12446 0.1341 -0.044739 0.028129 0.25861 0.0815 0.35711 0.07961 0.2136 0.1838 0.23758 0.19235 0.082505 -0.12561 0.22419 -0.04768 -0.062716 0.19434 0.28132 -0.14398 0.28142 0.067915 0.10343 0.026043 -0.11129 0.066215 -0.022382 0.13842 0.05967 0.13387 0.086011 -0.013495 -0.097772 -0.023206 0.065354 0.15356 -0.025321 0.066874 0.29193 0.030313 0.32325 0.054128 0.18566 0.17301 0.18775 0.16605 0.014288 -0.15116 0.19774 -0.043046 -0.079473 0.16821 0.26322
0.28385 0.29814 0 0.40848 0.11248 0.033211 -0.041163 0.15142 0.16704 0.32899 0.31394 0.61365 0.40161 0.07766 0.015821 -0.053647 0.12607 0.16219 -0.052948 0.22955 0.11644 0.042045 0.0029477 -0.071452 0.024211 0.04452 0.091932 0.007475 0.21001 0.049569 -0.0079773 -0.084178 -0.04322 0.033133 0.22089 -0.017958 0.12762 0.13632 -0.032596 0.23289 0.057213 0.10532 0.20443 0.25397 0.20866 0.025561 -0.083559 0.17447 -0.056545 -0.069768 0.11098 0.19237 -0.054948 0.20663 0.08562 0.019581 0.037218 -0.091091 0.011355 -0.0031484 0.069862 0.019063 0.1608 0.0087329 0.0033059 -0.094134 -0.025248 0.017855 0.18607 -0.035438 0.12218 0.14767 -0.051416 0.21713 0.05642 0.075362 0.15615 0.15668 0.13759 -0.019917 -0.08972 0.15548 -0.064948 -0.064537 0.1039 0.18518
0.28938 0.30671 0.40848 0 0.21192 0.012935 -0.01602 0.11425 0.15549 0.2801 0.31534 0.39071 0.66969 0.13772 -0.0025213 -0.020044 0.10822 0.16121 -0.039675 0.32158 -0.02786 0.081844 0.0041443 -0.021003 -0.11023 0.022428 0.0023344 0.02021 0.16609 0.075085 -0.040279 -0.17195 -0.017707 0.19867 0.18519 -0.10612 0.060587 0.16286 0.1713 0.23033 0.28443 0.054201 0.14398 0.15953 0.19214 0.11481 -0.0041047 0.27388 -0.076841 -0.03216 0.16426 0.36565 -0.037301 0.3162 0.0084682 0.073774 0.014579 -0.047465 -0.0578 -0.022414 0.021497 0.030437 0.15422 0.052 -0.034139 -0.147 0.0020759 0.16333 0.2456 -0.071372 0.13794 0.1782 0.11065 0.27128 0.26928 0.086738 0.15402 0.17633 0.17867 0.086796 -0.033977 0.30564 -0.071419 -0.06247 0.15541 0.36316
0.080046 0.12734 0.11248 0.21192 0 0.002552 -0.020021 0.025607 0.062674 0.094016 0.10994 0.1196 0.18315 0.044381 -0.0037836 -0.028764 0.026611 0.059723 -0.019945 0.11009 -6.742e-05 0.019051 0.012718 -0.012273 -0.017169 0.015359 -0.0091467 -0.013683 0.079628 0.023786 -0.027529 -0.038277 0.0012434 0.021801 0.073237 0.0033255 0.049215 0.064519 0.062198 0.096331 0.091805 0.011192 0.061687 0.076029 0.071847 0.01235 0.0018576 0.11351 -0.036242 -0.018831 0.07505 0.14913 -0.026356 0.12114 -0.021885 0.011851 -0.018659 -0.032729 -0.036944 -0.022845 -0.006088 -0.0087972 0.06121 0.0079628 -0.026231 -0.055377 -0.01945 0.027117 0.076523 -0.015524 0.054042 0.066951 0.049489 0.082168 0.073476 -0.0072482 0.035506 0.041018 0.04401 -0.010605 -0.02637 0.097284 -0.047406 -0.026932 0.051074 0.13621
-0.023536 0.0019005 0.033211 0.012935 0.002552 0 0.17993 0.024073 0.09268 0.053739 -0.012602 0.01751 -0.00064785 -0.023682 0.46436 0.18676 0.040194 0.069446 0.081123 0.051648 0.14046 0.069891 0.14368 0.22564 0.25639 0.13369 0.35348 0.13112 0.089072 0.10365 0.31695 0.21851 0.26922 0.07756 -0.025879 0.032745 -0.018142 0.06611 0.089686 0.10466 0.049951 0.25273 0.23701 -0.0035198 0.17026 0.079999 0.21066 -0.060729 0.054913 0.15682 0.10685 0.08183 0.051639 0.027026 -0.0072989 0.044716 0.092049 0.21854 0.10926 0.095106 0.29075 0.13291 0.018148 0.091694 0.28733 0.11891 0.23502 0.067272 -0.1082 -0.043498 -0.082369 0.042109 0.095713 0.040071 0.049495 0.19624 0.15928 -0.093051 0.057908 0.048323 0.18613 -0.08727 0.0467 0.13065 0.097865 0.056889
-0.10757 -0.094084 -0.041163 -0.01602 -0.020021 0.17993 0 -0.012095 -0.0051558 -0.055178 -0.12047 -0.064374 -0.037067 -0.028897 0.18913 0.26926 -0.010758 -0.032451 0.16226 -0.025523 0.031407 -0.0033614 0.078893 0.17803 0.049973 0.12789 -0.0056282 0.050712 -0.0068392 0.018467 0.1707 0.16845 0.068989 0.035384 0.02101 0.061903 0.062358 -0.035201 0.075646 -0.12469 0.096434 -0.054676 -0.013477 -0.14844 0.052632 0.037642 0.23744 -0.050382 0.04555 0.13407 8.4404e-05 0.031836 0.11852 -0.053714 -0.082155 -0.013923 0.026742 0.16438 -0.054254 0.088497 -0.044143 0.038829 -0.042246 0.016433 0.093915 0.077727 0.055006 0.037109 -0.060229 -0.031712 -0.028419 -0.056037 0.082771 -0.1372 0.093072 -0.073009 -0.032543 -0.20053 -0.027311 0.039123 0.20001 -0.095446 0.022394 0.1153 -0.0070869 8.3974e-05
0.069034 0.083448 0.15142 0.11425 0.025607 0.024073 -0.012095 0 0.05929 0.052912 0.082248 0.14047 0.11618 0.017643 0.033106 0.0032713 0.11824 0.072245 -0.031161 0.10786 -0.054348 0.039459 0.00057524 -0.014963 -0.045842 -0.025041 0.065971 0.023768 0.028215 0.027607 0.066345 -0.060778 0.016387 0.051447 -0.033763 -0.089091 -0.076935 0.061343 0.016007 0.077419 0.013188 0.057102 0.13524 -0.0017088 0.021277 0.0080291 0.0073519 -1.9749e-05 -0.0011079 -0.0042555 0.056789 0.090796 -0.021618 0.092472 -0.039641 0.04332 -0.001862 -0.0037249 -0.023409 -0.0026805 0.084643 0.040122 0.033607 0.018049 0.066727 -0.048326 0.013344 0.046849 -0.0094216 -0.087813 -0.02535 0.067657 0.0079662 0.089524 0.031616 0.068728 0.12103 0.018302 0.029077 0.0088755 0.010503 0.052138 -0.012885 -0.010238 0.064743 0.092553
0.21958 0.24124 0.16704 0.15549 0.062674 0.09268 -0.0051558 0.05929 0 0.23888 0.25436 0.14551 0.15585 0.054753 0.076743 -0.020892 0.04516 0.21286 -0.041932 0.17077 0.028082 0.078005 0.02602 0.0078273 0.037193 0.016448 0.12969 0.032014 0.089878 0.10706 0.02344 -0.040343 0.062796 0.090713 0.044781 -0.039513 0.0018641 0.18987 0.070593 0.2031 0.058641 0.15354 0.14317 0.11228 0.088888 0.037619 -0.003422 0.10788 -0.025357 -0.022199 0.13634 0.18196 -0.036769 0.1781 0.047789 0.067856 0.036179 -0.015754 0.059758 0.015996 0.14557 0.0229 0.099751 0.088662 0.059799 -0.014242 0.039091 0.0598 0.089396 -0.01887 0.046182 0.1958 0.059268 0.18892 0.055881 0.16559 0.15211 0.11132 0.1196 0.0031502 -0.008168 0.13395 -0.038778 0.0019818 0.13495 0.17927
0.73622 0.38799 0.32899 0.2801 0.094016 0.053739 -0.055178 0.052912 0.23888 0 0.35998 0.31453 0.24512 0.10325 0.03114 -0.068705 0.038129 0.24308 -0.10489 0.23705 0.29357 0.068775 0.039741 -0.14065 0.21827 0.19986 0.15728 -0.084643 0.22699 0.034226 -0.014723 0.023477 0.01483 0.16422 0.23821 0.10213 0.20502 0.18802 0.20417 0.32722 0.23209 0.25228 0.11487 0.4733 0.2952 0.18092 -0.14195 0.34877 -0.011746 -0.019294 0.072218 0.22273 -0.17742 0.18421 0.12096 0.046928 0.02139 -0.1549 0.076738 0.072409 0.092649 -0.049306 0.096209 0.0093193 -0.024833 -0.043642 -0.0056285 0.10174 0.13362 0.029917 0.050345 0.20208 0.10058 0.26267 0.13413 0.13831 0.073542 0.2119 0.077404 0.020983 -0.12914 0.28116 -0.051444 -0.065753 0.072125 0.19076
0.45325 0.53468 0.31394 0.31534 0.10994 -0.012602 -0.12047 0.082248 0.25436 0.35998 0 0.3668 0.34354 0.12254 -0.02055 -0.12715 0.097412 0.27659 -0.18365 0.302 0.014302 0.10366 0.0087932 -0.092985 0.011542 -0.010927 0.14729 0.057815 0.1421 0.12001 -0.069846 -0.17598 0.0029649 0.084857 0.049727 -0.12189 -0.043401 0.26432 0.021753 0.36044 0.035676 0.21655 0.20136 0.20105 0.098718 0.052915 -0.17063 0.21972 -0.089316 -0.090551 0.1979 0.27193 -0.16395 0.33305 0.17719 0.10893 0.016079 -0.12465 0.15995 -0.0037525 0.20912 0.038793 0.20255 0.079981 -0.0096111 -0.060453 -0.0038227 0.096354 0.2502 0.018597 0.15609 0.30566 0.0058721 0.41687 0.077506 0.27143 0.22836 0.3236 0.2759 0.04001 -0.16308 0.29135 -0.033589 -0.11287 0.19147 0.30371
0.37947 0.30521 0.61365 0.39071 0.1196 0.01751 -0.064374 0.14047 0.14551 0.31453 0.3668 0 0.42262 0.092992 0.01579 -0.049814 0.15156 0.15751 -0.084738 0.23284 0.064623 0.02332 -0.012844 -0.077911 -0.0081166 0.029172 0.092351 0.020572 0.19769 0.042179 -0.049212 -0.15044 -0.044787 0.024835 0.19073 -0.052201 0.10468 0.14712 -0.02131 0.24999 0.054943 0.090756 0.19315 0.22342 0.12595 0.044297 -0.094898 0.17884 -0.089202 -0.084821 0.10489 0.19609 -0.039484 0.26872 0.17925 -0.0073785 0.018445 -0.088335 0.091346 0.038395 0.098063 0.0090343 0.24887 -0.001249 0.0032115 -0.061917 -0.010858 0.035195 0.27937 0.050589 0.21545 0.15544 -0.071142 0.28808 0.056664 0.13462 0.212 0.27426 0.22597 0.0079032 -0.10379 0.22216 -0.063862 -0.069631 0.083466 0.22729
0.30991 0.29233 0.40161 0.66969 0.18315 -0.00064785 -0.037067 0.11618 0.15585 0.24512 0.34354 0.42262 0 0.1521 0.0069062 -0.020446 0.13262 0.17328 -0.042276 0.30124 -0.029369 0.081689 0.014214 -0.026679 -0.1111 0.016328 -0.0078207 0.039619 0.16031 0.076786 -0.077431 -0.16854 -0.019148 0.16483 0.1689 -0.1163 0.056432 0.17238 0.095664 0.23563 0.23095 0.038765 0.13366 0.14302 0.15895 0.10076 -0.024435 0.25337 -0.092855 -0.055911 0.16176 0.33742 -0.015435 0.32248 0.024056 0.065618 0.01906 -0.030586 -0.044346 0.021147 0.0087635 0.040993 0.19572 0.054227 -0.045021 -0.12874 -0.01083 0.15254 0.27818 -0.048446 0.18062 0.18759 0.086738 0.27513 0.27544 0.088156 0.15345 0.19882 0.19534 0.087045 -0.010464 0.31467 -0.090229 -0.052796 0.15491 0.39641
0.10985 0.11488 0.07766 0.13772 0.044381 -0.023682 -0.028897 0.017643 0.054753 0.10325 0.12254 0.092992 0.1521 0 -0.012244 -0.029908 0.016343 0.10609 -0.025712 0.12689 -0.033339 0.035742 0.010397 -0.029366 -0.034749 -0.022586 0.011373 -0.012513 0.032625 0.034594 -0.034997 -0.05698 -0.0023059 0.049129 0.021419 -0.045157 -0.0065211 0.075679 0.059598 0.087576 0.063997 0.041832 0.060808 0.027973 0.051458 0.011227 -0.016532 0.08194 -0.043302 -0.019542 0.079971 0.11919 -0.027192 0.10856 -0.0021445 0.036806 -0.00025826 -0.024685 -0.011192 -0.020635 0.028548 -0.010085 0.029934 0.036103 -0.021697 -0.034765 -0.0067527 0.065251 0.06116 -0.034607 0.042136 0.089063 0.063773 0.089786 0.073347 0.052374 0.07612 0.056089 0.077794 -0.0026356 -0.017385 0.099843 -0.026023 -0.024743 0.064216 0.13354
-0.016414 -0.014572 0.015821 -0.0025213 -0.0037836 0.46436 0.18913 0.033106 0.076743 0.03114 -0.02055 0.01579 0.0069062 -0.012244 0 0.23678 0.04623 0.067997 0.061846 0.043971 0.11583 0.049715 0.11961 0.22918 0.21964 0.12253 0.31694 0.12256 0.082271 0.080946 0.3213 0.17906 0.27298 0.086256 -0.034341 0.00023049 -0.045365 0.040397 0.084282 0.077983 0.060951 0.2307 0.23319 -0.042918 0.15204 0.076604 0.20768 -0.07879 0.049331 0.13297 0.085256 0.086718 0.058037 0.041831 0.039939 0.036979 0.11239 0.23364 0.13418 0.13941 0.29351 0.11489 0.060628 0.071751 0.27608 0.13878 0.28571 0.066372 -0.07268 -0.03869 -0.063493 0.027344 0.1162 0.050722 0.060646 0.21405 0.17792 -0.0696 0.092097 0.068675 0.21292 -0.065226 0.032951 0.14836 0.09178 0.079238
-0.095996 -0.11562 -0.053647 -0.020044 -0.028764 0.18676 0.26926 0.0032713 -0.020892 -0.068705 -0.12715 -0.049814 -0.020446 -0.029908 0.23678 0 0.020319 -0.0074595 0.12641 -0.028203 0.031954 -0.012384 0.080259 0.17546 0.033473 0.11963 -0.011793 0.0097998 -0.00016942 0.0077596 0.14217 0.11979 0.099381 0.044342 0.0061298 0.022019 0.032951 -0.078826 0.072957 -0.10571 0.10159 -0.040941 -0.0081041 -0.11594 0.036054 0.042806 0.20729 -0.044331 0.031736 0.10789 -0.0056642 0.036075 0.12401 -0.029144 -0.029 -0.019575 0.044857 0.18106 -0.016177 0.13925 -0.037207 0.0058669 -0.0088564 0.0010257 0.10174 0.083985 0.10817 0.045978 -0.022445 -0.019393 0.015048 -0.099581 0.098174 -0.12283 0.11257 -0.050613 -0.043584 -0.13923 -0.012192 0.049048 0.2265 -0.045985 0.019105 0.14703 -0.002347 0.031987
0.048728 0.063245 0.12607 0.10822 0.026611 0.040194 -0.010758 0.11824 0.04516 0.038129 0.097412 0.15156 0.13262 0.016343 0.04623 0.020319 0 0.072829 -0.022692 0.097881 -0.05371 0.035502 0.012114 -0.0026623 -0.026968 -0.038358 0.086502 0.039673 0.013482 0.032259 0.065577 -0.061916 0.0029738 0.032071 -0.041226 -0.078794 -0.06305 0.047964 0.0067878 0.066904 -0.0018243 0.076775 0.13828 -0.023908 0.029644 0.0021989 0.018387 -0.027248 -0.0088643 -0.016489 0.047587 0.062696 -0.017342 0.082276 -0.054259 0.03797 0.0060529 0.016582 -0.032388 -0.013097 0.07863 0.040668 0.020116 0.023191 0.059985 -0.038321 0.020521 0.04286 -0.030317 -0.10587 -0.039851 0.052827 0.0010934 0.073685 0.0083165 0.07234 0.12802 0.004174 0.013144 0.0072273 0.022335 0.014514 -0.0057371 -0.00038216 0.053551 0.07747
0.27545 0.23466 0.16219 0.16121 0.059723 0.069446 -0.032451 0.072245 0.21286 0.24308 0.27659 0.15751 0.17328 0.10609 0.067997 -0.0074595 0.072829 0 -0.045674 0.17222 0.054505 0.081194 0.045678 0.0070849 0.065253 0.024147 0.13158 0.017912 0.10184 0.11523 0.021342 -0.015599 0.076604 0.085223 0.038876 -0.045751 0.005178 0.19128 0.07565 0.19055 0.062217 0.17484 0.15155 0.10289 0.096904 0.044907 0.016845 0.12549 -0.036382 0.022653 0.19542 0.1947 -0.012373 0.19437 0.095509 0.089139 0.025717 0.0015115 0.1064 0.020781 0.1569 0.027016 0.12318 0.099937 0.074874 0.025123 0.057871 0.10269 0.11035 0.02138 0.08065 0.20482 0.073025 0.20494 0.07364 0.20339 0.16232 0.14581 0.16946 0.036334 0.018418 0.14568 0.018357 -0.0043447 0.15795 0.21828
-0.17472 -0.11713 -0.052948 -0.039675 -0.019945 0.081123 0.16226 -0.031161 -0.041932 -0.10489 -0.18365 -0.084738 -0.042276 -0.025712 0.061846 0.12641 -0.022692 -0.045674 0 0.0064521 0.16011 0.038157 0.041774 0.30789 0.16286 0.25276 -0.17019 0.091795 0.066576 0.098892 0.021419 0.5242 0.016249 0.028934 0.46361 0.1111 0.51406 -0.046209 0.1198 -0.094514 0.21378 -0.063407 -0.11821 0.0099018 0.11844 0.13562 0.74411 0.24444 0.072899 0.15565 0.18763 0.18834 0.71698 0.0021837 0.033967 0.02538 0.025803 0.26664 0.028668 0.20397 -0.18896 0.081495 0.020247 0.087127 -0.043312 0.34377 0.052198 0.055369 0.27617 0.1263 0.31882 -0.078665 0.16025 -0.13277 0.17666 -0.095833 -0.10128 -0.058713 0.048315 0.1025 0.65222 0.1454 0.032162 0.17247 0.19197 0.16582
0.22805 0.27556 0.22955 0.32158 0.11009 0.051648 -0.025523 0.10786 0.17077 0.23705 0.302 0.23284 0.30124 0.12689 0.043971 -0.028203 0.097881 0.17222 0.0064521 0 -0.068196 0.20507 0.052562 0.04715 -0.11947 0.0086458 0.024554 0.036374 0.24167 0.20979 -0.077957 -0.2505 0.018118 0.3682 0.21846 -0.20538 0.025954 0.27752 0.29429 0.44228 0.3681 0.1443 0.31292 0.24814 0.36873 0.26103 0.096611 0.41405 -0.12912 -0.045218 0.32172 0.5713 0.014414 0.60597 -0.10624 0.21599 0.0084781 0.033003 -0.1214 0.008449 0.07132 0.058813 0.19293 0.18125 -0.035759 -0.22497 0.03731 0.35392 0.25716 -0.22735 0.096849 0.27795 0.24923 0.45211 0.35247 0.18017 0.31575 0.22024 0.27411 0.19932 0.063356 0.44216 -0.15403 -0.077403 0.26227 0.55359
0.071376 0.077061 0.11644 -0.02786 -6.742e-05 0.14046 0.031407 -0.054348 0.028082 0.29357 0.014302 0.064623 -0.029369 -0.033339 0.11583 0.031954 -0.05371 0.054505 0.16011 -0.068196 0 -0.10832 0.075875 0.15762 0.74764 0.54749 0.21484 -0.093354 0.31735 -0.070181 0.10928 0.46016 0.175 -0.073129 0.57645 0.47308 0.54726 -0.062421 -0.021371 0.15314 0.12252 0.3432 -0.010472 0.73805 0.42279 0.32544 0.039406 0.41643 0.018649 0.0054125 0.026749 0.015601 0.041492 -0.068899 0.66247 -0.17188 0.0698 0.079248 0.53375 0.25621 0.089898 -0.065564 0.11888 -0.080019 0.06111 0.2674 0.13071 -0.064786 0.35702 0.34377 0.26156 -0.070805 -0.0043974 0.023085 0.064491 0.1785 -0.085694 0.31711 0.13063 0.13217 0.043508 0.13582 0.052833 0.0011188 0.038085 -0.027757
0.060034 0.1125 0.042045 0.081844 0.019051 0.069891 -0.0033614 0.039459 0.078005 0.068775 0.10366 0.02332 0.081689 0.035742 0.049715 -0.012384 0.035502 0.081194 0.038157 0.20507 -0.10832 0 0.010037 0.33961 0.039958 -0.12407 0.13979 0.24329 0.058131 0.9309 -0.027401 -0.15305 0.18455 0.2801 -0.040448 -0.19596 -0.11813 0.89326 0.22624 0.13614 0.23576 0.3339 0.096524 0.018354 0.08613 0.70468 0.13017 0.093797 -0.050675 0.0015158 0.21128 0.25127 0.045145 0.22313 -0.17919 0.97805 -0.0017465 0.37974 -0.0092252 -0.03594 0.21981 0.32589 0.034871 0.92339 -0.010721 -0.16541 0.19438 0.2645 -0.048585 -0.22005 -0.095646 0.86553 0.25228 0.14368 0.24843 0.39809 0.12296 0.0062562 0.03502 0.62527 0.11631 0.11671 -0.08917 -0.0021872 0.16953 0.24009
0.009567 0.022921 0.0029477 0.0041443 0.012718 0.14368 0.078893 0.00057524 0.02602 0.039741 0.0087932 -0.012844 0.014214 0.010397 0.11961 0.080259 0.012114 0.045678 0.041774 0.052562 0.075875 0.010037 0 0.16775 0.11379 0.1369 0.070419 0.035279 0.097871 0.031705 0.10531 0.11457 0.10946 0.03242 0.065975 0.045346 0.071558 0.018444 0.048164 0.047977 0.054223 0.044027 0.070981 0.03129 0.078652 0.076418 0.10665 0.057291 0.034536 0.10582 0.054163 0.10875 0.023542 0.028562 0.042101 -0.00032712 0.056012 0.13733 0.084446 0.12053 0.060785 0.024097 0.068683 0.033529 0.092459 0.08052 0.087807 0.0077385 0.053093 0.030908 0.045623 0.01254 0.044825 0.024605 0.046159 0.056773 0.037165 -0.005964 0.052393 0.064115 0.081007 0.032828 0.018189 0.059399 0.035026 0.092812
-0.10393 -0.084517 -0.071452 -0.021003 -0.012273 0.22564 0.17803 -0.014963 0.0078273 -0.14065 -0.092985 -0.077911 -0.026679 -0.029366 0.22918 0.17546 -0.0026623 0.0070849 0.30789 0.04715 0.15762 0.33961 0.16775 0 0.24321 0.34833 0.06392 0.53166 0.089166 0.53511 0.16739 0.18367 0.35197 0.1086 0.12905 -0.007959 0.076713 0.27831 0.14359 -0.053 0.18036 0.092535 0.032943 -0.03168 0.071576 0.53761 0.36264 0.048853 0.057284 0.15947 0.13656 0.17841 0.29492 0.06587 0.036788 0.32048 0.10031 0.83698 0.16553 0.37951 0.077702 0.49969 0.073939 0.54006 0.15115 0.18593 0.37129 0.11917 0.11823 -0.027326 0.13335 0.20305 0.17829 -0.0263 0.20793 0.16083 0.041911 -0.054266 0.058604 0.52214 0.31457 0.042843 0.032637 0.14797 0.11569 0.14257
0.023704 0.072709 0.024211 -0.11023 -0.017169 0.25639 0.049973 -0.045842 0.037193 0.21827 0.011542 -0.0081166 -0.1111 -0.034749 0.21964 0.033473 -0.026968 0.065253 0.16286 -0.11947 0.74764 0.039958 0.11379 0.24321 0 0.48818 0.56324 0.051805 0.20049 0.055138 0.34804 0.65294 0.3923 -0.087627 0.28293 0.42091 0.28114 0.029238 -0.091752 0.21691 -0.14228 0.69385 0.13924 0.54774 0.38392 0.23491 0.062994 0.13375 0.17939 0.1173 0.015754 -0.08609 0.063347 -0.14985 0.49157 -0.054317 0.073333 0.15742 0.72965 0.25015 0.43732 0.043703 0.051107 0.042207 0.28877 0.53051 0.30941 -0.088827 0.10126 0.27881 0.10041 0.0015277 -0.073643 0.046374 -0.14498 0.49066 0.057445 0.16382 0.1925 0.053028 0.048123 -0.052958 0.2209 0.12665 0.03344 -0.11738
0.10881 0.059238 0.04452 0.022428 0.015359 0.13369 0.12789 -0.025041 0.016448 0.19986 -0.010927 0.029172 0.016328 -0.022586 0.12253 0.11963 -0.038358 0.024147 0.25276 0.0086458 0.54749 -0.12407 0.1369 0.34833 0.48818 0 -0.021519 0.073816 0.26338 -0.074127 0.07819 0.4164 0.098781 -0.011095 0.46062 0.37219 0.46034 -0.1071 0.035878 0.03586 0.16337 -0.048055 -0.068522 0.3985 0.2168 0.37512 0.16491 0.43137 0.02193 0.11642 0.015414 0.14288 0.16876 0.011254 0.32439 -0.14239 0.090175 0.27362 0.31622 0.57942 -0.12746 0.034702 0.15965 -0.071019 -0.0031922 0.28224 0.044505 -0.025957 0.30934 0.26162 0.33563 -0.13085 0.02586 0.0035488 0.11899 -0.074626 -0.10907 0.13148 0.048899 0.27253 0.13375 0.24996 0.0098745 0.086387 0.017879 0.082256
0.082831 0.15087 0.091932 0.0023344 -0.0091467 0.35348 -0.0056282 0.065971 0.12969 0.15728 0.14729 0.092351 -0.0078207 0.011373 0.31694 -0.011793 0.086502 0.13158 -0.17019 0.024554 0.21484 0.13979 0.070419 0.06392 0.56324 -0.021519 0 0.044764 0.046543 0.12815 0.52224 0.22991 0.38799 0.054499 -0.21604 -0.026428 -0.23295 0.17427 0.019999 0.41113 -0.16447 0.80432 0.47937 0.10507 0.25042 -0.020999 -0.021623 -0.19258 0.15038 0.054128 0.13438 -0.035971 -0.1628 0.0042327 0.035177 0.079094 0.054674 0.043554 0.3054 -0.081108 0.77363 0.076541 -0.039352 0.10949 0.47004 0.16909 0.30596 0.029456 -0.30825 -0.13715 -0.26585 0.1982 0.036308 0.26682 -0.15564 0.68951 0.35742 -0.047264 0.13679 -0.10975 -0.016593 -0.21238 0.12633 0.052323 0.10955 -0.049135
-0.0097307 0.072445 0.007475 0.02021 -0.013683 0.13112 0.050712 0.023768 0.032014 -0.084643 0.057815 0.020572 0.039619 -0.012513 0.12256 0.0097998 0.039673 0.017912 0.091795 0.036374 -0.093354 0.24329 0.035279 0.53166 0.051805 0.073816 0.044764 0 0.050774 0.42605 0.12455 0.043443 0.057626 0.022968 -0.018632 -0.029518 -0.0063883 0.34978 -0.0060814 0.042149 0.014878 -0.015307 0.1023 -0.1072 -0.021266 0.28022 0.14726 -0.1249 0.033105 0.057604 0.12874 0.096724 0.12935 0.060247 -0.1021 0.25428 0.020187 0.54086 0.0070464 0.15752 0.04756 0.96079 0.090187 0.35771 0.1058 0.082624 0.069685 0.029488 0.027323 -0.0031042 0.065956 0.33696 0.068214 0.032711 0.070387 0.017344 0.10365 -0.068116 0.010935 0.31857 0.12349 -0.046948 0.025724 0.05826 0.10717 0.10542
0.20183 0.17063 0.21001 0.16609 0.079628 0.089072 -0.0068392 0.028215 0.089878 0.22699 0.1421 0.19769 0.16031 0.032625 0.082271 -0.00016942 0.013482 0.10184 0.066576 0.24167 0.31735 0.058131 0.097871 0.089166 0.20049 0.26338 0.046543 0.050774 0 0.064992 0.021851 0.073931 0.065523 0.061918 0.47405 0.31079 0.49503 0.11253 0.014375 0.29869 0.11288 0.11244 0.2149 0.49996 0.32954 0.18796 0.078972 0.40869 -0.054958 0.033796 0.17472 0.35732 0.075176 0.23752 0.23367 0.044898 0.055445 0.053127 0.15874 0.14618 0.0021681 0.040252 0.42492 0.047933 0.044804 0.053367 0.024924 0.029745 0.39947 0.25135 0.43782 0.1048 0.018211 0.2207 0.091072 0.079499 0.17806 0.29684 0.2208 0.076279 0.067903 0.29748 -0.014618 -0.01251 0.14859 0.34872
0.039592 0.13331 0.049569 0.075085 0.023786 0.10365 0.018467 0.027607 0.10706 0.034226 0.12001 0.042179 0.076786 0.034594 0.080946 0.0077596 0.032259 0.11523 0.098892 0.20979 -0.070181 0.9309 0.031705 0.53511 0.055138 -0.074127 0.12815 0.42605 0.064992 0 0.012765 -0.12294 0.25464 0.28955 -0.015349 -0.17512 -0.06096 0.92653 0.26755 0.12229 0.23241 0.27808 0.10018 -0.0083985 0.067399 0.69577 0.18582 0.10772 -0.022995 0.010841 0.28327 0.28309 0.073916 0.21067 -0.13295 0.91901 0.0063128 0.55103 0.018815 0.03897 0.20453 0.48827 0.063636 0.94189 0.021537 -0.11213 0.266 0.27037 0.014023 -0.17751 -0.025434 0.89496 0.29144 0.14164 0.25995 0.35474 0.12225 -0.0077963 0.041606 0.64099 0.16248 0.16372 -0.059419 0.0024196 0.23848 0.2722
-0.17322 -0.036627 -0.0079773 -0.040279 -0.027529 0.31695 0.1707 0.066345 0.02344 -0.014723 -0.069846 -0.049212 -0.077431 -0.034997 0.3213 0.14217 0.065577 0.021342 0.021419 -0.077957 0.10928 -0.027401 0.10531 0.16739 0.34804 0.07819 0.52224 0.12455 0.021851 0.012765 0 0.39572 0.27245 -0.0018638 -0.17428 0.091954 -0.084363 -0.016524 0.021931 -0.02639 -0.079171 0.37198 0.40165 -0.22748 0.26934 -0.10402 0.18802 -0.32089 0.3045 0.18851 0.025215 -0.10272 -0.028807 -0.13006 -0.19149 -0.03614 0.03888 0.16772 0.029848 0.017301 0.37023 0.14486 -0.12976 -0.0035022 0.574 0.20858 0.21669 -0.024161 -0.36501 -0.11447 -0.27805 -0.02812 0.039249 -0.14001 -0.091539 0.17238 0.22146 -0.41506 -0.0036982 -0.12501 0.1454 -0.35152 0.21685 0.1717 0.028723 -0.13201
-0.15259 -0.090424 -0.084178 -0.17195 -0.038277 0.21851 0.16845 -0.060778 -0.040343 0.023477 -0.17598 -0.15044 -0.16854 -0.05698 0.17906 0.11979 -0.061916 -0.015599 0.5242 -0.2505 0.46016 -0.15305 0.11457 0.18367 0.65294 0.4164 0.22991 0.043443 0.073931 -0.12294 0.39572 0 0.14699 -0.19938 0.21001 0.56164 0.3874 -0.17431 -0.13268 -0.089481 -0.17449 0.24037 0.016996 0.051525 0.31793 -0.15114 0.36454 -0.012229 0.31726 0.28971 -0.066741 -0.18789 0.29473 -0.28058 0.17373 -0.20215 0.083617 0.11838 0.32412 0.24309 0.068742 0.024792 -0.061082 -0.11582 0.22785 0.73686 0.091576 -0.19708 -0.058043 0.35806 0.071462 -0.20654 -0.10334 -0.22734 -0.19473 -0.0042379 -0.087679 -0.20925 0.065818 -0.18186 0.29055 -0.20678 0.29766 0.28327 -0.036335 -0.19503
-0.017935 -0.0021016 -0.04322 -0.017707 0.0012434 0.26922 0.068989 0.016387 0.062796 0.01483 0.0029649 -0.044787 -0.019148 -0.0023059 0.27298 0.099381 0.0029738 0.076604 0.016249 0.018118 0.175 0.18455 0.10946 0.35197 0.3923 0.098781 0.38799 0.057626 0.065523 0.25464 0.27245 0.14699 0 0.097893 -0.03061 -0.02003 -0.064042 0.15901 0.065925 0.060081 -0.013842 0.43511 0.20494 0.049288 0.14583 0.16524 0.15509 -0.061443 0.05485 0.10051 0.10421 0.053748 0.049434 0.012947 0.09903 0.13944 0.066201 0.31621 0.27527 0.10077 0.38003 0.078458 0.01551 0.24647 0.27813 0.15843 0.46108 0.076595 -0.063052 -0.029367 -0.043298 0.13018 0.055152 0.040067 -0.008438 0.40543 0.15892 -0.012592 0.11966 0.1065 0.1503 -0.071491 0.072321 0.10572 0.077457 0.02492
0.1037 0.12446 0.033133 0.19867 0.021801 0.07756 0.035384 0.051447 0.090713 0.16422 0.084857 0.024835 0.16483 0.049129 0.086256 0.044342 0.032071 0.085223 0.028934 0.3682 -0.073129 0.2801 0.03242 0.1086 -0.087627 -0.011095 0.054499 0.022968 0.061918 0.28955 -0.0018638 -0.19938 0.097893 0 0.13979 -0.21302 -0.011408 0.32945 0.56429 0.25534 0.63059 0.17878 0.086373 0.099921 0.33699 0.39292 0.19312 0.41552 -0.067609 -0.012013 0.33221 0.47946 0.047907 0.33574 -0.101 0.25372 -0.0015653 0.10452 -0.092969 -0.015692 0.075419 0.033184 0.035941 0.27016 -0.020753 -0.19704 0.14173 0.7906 0.16299 -0.21984 0.060845 0.30122 0.49968 0.32049 0.58916 0.22526 0.070693 0.10773 0.23525 0.31637 0.18643 0.45675 -0.10976 -0.032433 0.2878 0.44791
0.097289 0.1341 0.22089 0.18519 0.073237 -0.025879 0.02101 -0.033763 0.044781 0.23821 0.049727 0.19073 0.1689 0.021419 -0.034341 0.0061298 -0.041226 0.038876 0.46361 0.21846 0.57645 -0.040448 0.065975 0.12905 0.28293 0.46062 -0.21604 -0.018632 0.47405 -0.015349 -0.17428 0.21001 -0.03061 0.13979 0 0.3619 0.85113 0.029737 0.099345 0.14812 0.39089 -0.043981 -0.11079 0.59634 0.5279 0.29395 0.27549 0.69443 -0.082199 0.0030508 0.17835 0.44341 0.28572 0.23628 0.38347 -0.064503 0.027092 0.070045 0.17801 0.2166 -0.27793 -0.021706 0.32618 -0.015892 -0.19231 0.078221 -0.033656 0.12977 0.72558 0.29996 0.63818 0.0013079 0.10512 0.065653 0.33926 -0.10679 -0.10398 0.27308 0.27873 0.19087 0.23424 0.50636 -0.059792 -0.022955 0.18031 0.40397
-0.049546 -0.044739 -0.017958 -0.10612 0.0033255 0.032745 0.061903 -0.089091 -0.039513 0.10213 -0.12189 -0.052201 -0.1163 -0.045157 0.00023049 0.022019 -0.078794 -0.045751 0.1111 -0.20538 0.47308 -0.19596 0.045346 -0.007959 0.42091 0.37219 -0.026428 -0.029518 0.31079 -0.17512 0.091954 0.56164 -0.02003 -0.21302 0.3619 0 0.59822 -0.14467 -0.17504 -0.090514 -0.11965 -0.074361 -0.15426 0.28169 0.19987 -0.11434 -0.032506 0.12229 0.1577 0.069338 -0.069907 -0.10669 -0.020715 -0.21918 0.22674 -0.19769 0.060034 -0.037475 0.17046 0.1507 -0.17981 -0.059674 0.13111 -0.175 -0.011819 0.23823 -0.042575 -0.20712 0.14572 0.57284 0.23847 -0.15555 -0.13713 -0.194 -0.13803 -0.26947 -0.23405 -0.073799 -0.060364 -0.15523 -0.047833 -0.059303 0.11241 0.063798 -0.059166 -0.11182
0.029495 0.028129 0.12762 0.060587 0.049215 -0.018142 0.062358 -0.076935 0.0018641 0.20502 -0.043401 0.10468 0.056432 -0.0065211 -0.045365 0.032951 -0.06305 0.005178 0.51406 0.025954 0.54726 -0.11813 0.071558 0.076713 0.28114 0.46034 -0.23295 -0.0063883 0.49503 -0.06096 -0.084363 0.3874 -0.064042 -0.011408 0.85113 0.59822 0 -0.046202 -0.032865 -0.0028708 0.21587 -0.18687 -0.19571 0.45484 0.3507 0.14432 0.24496 0.53875 0.024205 0.033028 0.061545 0.23722 0.30319 0.010205 0.32591 -0.12642 0.056536 0.020342 0.088197 0.23002 -0.32489 -0.019983 0.30718 -0.072904 -0.1548 0.14185 -0.074486 -0.021915 0.56494 0.49856 0.64496 -0.070594 0.0077625 -0.09721 0.14406 -0.2862 -0.19899 0.12659 0.068297 0.050844 0.19274 0.28379 -0.040613 0.012953 0.072044 0.21477
0.17444 0.25861 0.13632 0.16286 0.064519 0.06611 -0.035201 0.061343 0.18987 0.18802 0.26432 0.14712 0.17238 0.075679 0.040397 -0.078826 0.047964 0.19128 -0.046209 0.27752 -0.062421 0.89326 0.018444 0.27831 0.029238 -0.1071 0.17427 0.34978 0.11253 0.92653 -0.016524 -0.17431 0.15901 0.32945 0.029737 -0.14467 -0.046202 0 0.30329 0.24558 0.26696 0.3245 0.14204 0.052816 0.11989 0.57403 0.053804 0.16039 -0.056118 -0.032051 0.33499 0.34629 -0.061888 0.29406 -0.10051 0.85227 -0.00032971 0.29233 0.0078874 -0.038655 0.2399 0.4283 0.12267 0.8882 0.0026123 -0.16525 0.1647 0.30587 0.06235 -0.13304 -0.0065592 0.97555 0.32861 0.26044 0.30355 0.36955 0.17935 0.078715 0.096574 0.50835 0.024752 0.24071 -0.075983 -0.057494 0.29348 0.34927
0.042383 0.0815 -0.032596 0.1713 0.062198 0.089686 0.075646 0.016007 0.070593 0.20417 0.021753 -0.02131 0.095664 0.059598 0.084282 0.072957 0.0067878 0.07565 0.1198 0.29429 -0.021371 0.22624 0.048164 0.14359 -0.091752 0.035878 0.019999 -0.0060814 0.014375 0.26755 0.021931 -0.13268 0.065925 0.56429 0.099345 -0.17504 -0.032865 0.30329 0 0.096316 0.8873 0.078563 0.0043554 0.019629 0.29439 0.46533 0.3304 0.49376 -0.015808 0.046314 0.45632 0.59654 0.10383 0.28298 -0.11416 0.20257 0.00058304 0.13756 -0.11448 0.014263 0.0077915 0.0051407 -0.015391 0.2495 -0.016559 -0.1731 0.10024 0.51416 0.088081 -0.20909 -0.039271 0.26474 0.91049 0.15069 0.80321 0.10819 -0.009061 -0.015248 0.17413 0.37134 0.28966 0.46003 -0.094336 -0.0054872 0.37425 0.50338
0.35023 0.35711 0.23289 0.23033 0.096331 0.10466 -0.12469 0.077419 0.2031 0.32722 0.36044 0.24999 0.23563 0.087576 0.077983 -0.10571 0.066904 0.19055 -0.094514 0.44228 0.15314 0.13614 0.047977 -0.053 0.21691 0.03586 0.41113 0.042149 0.29869 0.12229 -0.02639 -0.089481 0.060081 0.25534 0.14812 -0.090514 -0.0028708 0.24558 0.096316 0 0.084895 0.56641 0.38145 0.4606 0.34457 0.17178 -0.053731 0.37462 -0.079153 -0.061152 0.23566 0.3667 -0.11838 0.411 0.13021 0.1228 0.043892 -0.061747 0.21694 0.031199 0.41704 0.04958 0.24964 0.083641 0.080237 -0.043339 0.03379 0.21902 0.16609 -0.095414 0.099308 0.26038 0.075646 0.69514 0.090433 0.51483 0.35091 0.42022 0.30684 0.074617 -0.065789 0.36364 -0.096342 -0.099036 0.21928 0.37895
0.073074 0.07961 0.057213 0.28443 0.091805 0.049951 0.096434 0.013188 0.058641 0.23209 0.035676 0.054943 0.23095 0.063997 0.060951 0.10159 -0.0018243 0.062217 0.21378 0.3681 0.12252 0.23576 0.054223 0.18036 -0.14228 0.16337 -0.16447 0.014878 0.11288 0.23241 -0.079171 -0.17449 -0.013842 0.63059 0.39089 -0.11965 0.21587 0.26696 0.8873 0.084895 0 -0.081646 -0.055432 0.1164 0.47179 0.54272 0.34372 0.64077 -0.068054 0.011123 0.39252 0.63788 0.17185 0.36151 -0.014063 0.20902 -0.00092515 0.16898 -0.17179 0.085672 -0.16641 0.027582 0.080274 0.22883 -0.12511 -0.2127 0.056215 0.59848 0.34781 -0.17323 0.15279 0.23426 0.8278 0.13769 0.92985 -0.0062886 -0.060351 0.055312 0.31103 0.4701 0.3114 0.5679 -0.13657 -0.025944 0.32013 0.5656
0.18875 0.2136 0.10532 0.054201 0.011192 0.25273 -0.054676 0.057102 0.15354 0.25228 0.21655 0.090756 0.038765 0.041832 0.2307 -0.040941 0.076775 0.17484 -0.063407 0.1443 0.3432 0.3339 0.044027 0.092535 0.69385 -0.048055 0.80432 -0.015307 0.11244 0.27808 0.37198 0.24037 0.43511 0.17878 -0.043981 -0.074361 -0.18687 0.3245 0.078563 0.56641 -0.081646 0 0.44218 0.34516 0.35694 0.16977 0.03186 0.05157 0.11436 0.048607 0.16702 0.087781 -0.080676 0.11773 0.16891 0.25158 0.047447 0.063653 0.48389 -0.069178 0.77907 0.067152 -0.0027193 0.25711 0.37663 0.23817 0.36486 0.14528 -0.15816 -0.14528 -0.19512 0.32577 0.062399 0.43771 -0.075401 0.91891 0.37815 0.18711 0.27785 0.024086 0.031428 0.010177 0.14519 0.055875 0.16289 0.073379
0.087796 0.1838 0.20443 0.14398 0.061687 0.23701 -0.013477 0.13524 0.14317 0.11487 0.20136 0.19315 0.13366 0.060808 0.23319 -0.0081041 0.13828 0.15155 -0.11821 0.31292 -0.010472 0.096524 0.070981 0.032943 0.13924 -0.068522 0.47937 0.1023 0.2149 0.10018 0.40165 0.016996 0.20494 0.086373 -0.11079 -0.15426 -0.19571 0.14204 0.0043554 0.38145 -0.055432 0.44218 0 0.064848 0.38212 -0.029604 0.039131 -0.056923 0.043979 0.035899 0.18002 0.17507 -0.10147 0.28045 -0.097682 0.081287 0.039217 0.025736 0.014647 -0.067762 0.44104 0.11189 0.12557 0.076624 0.42555 0.038912 0.1534 0.071579 -0.13659 -0.18921 -0.13043 0.15041 -0.0058187 0.30881 -0.045766 0.36082 0.60947 0.0091038 0.27902 -0.081022 0.043447 -0.034928 0.047239 0.03855 0.16082 0.17374
0.33198 0.23758 0.25397 0.15953 0.076029 -0.0035198 -0.14844 -0.0017088 0.11228 0.4733 0.20105 0.22342 0.14302 0.027973 -0.042918 -0.11594 -0.023908 0.10289 0.0099018 0.24814 0.73805 0.018354 0.03129 -0.03168 0.54774 0.3985 0.10507 -0.1072 0.49996 -0.0083985 -0.22748 0.051525 0.049288 0.099921 0.59634 0.28169 0.45484 0.052816 0.019629 0.4606 0.1164 0.34516 0.064848 0 0.50095 0.33701 -0.096797 0.63471 -0.1219 -0.08214 0.12138 0.27101 -0.029731 0.22458 0.52306 -0.012514 0.033175 -0.064127 0.4354 0.17564 0.033758 -0.076269 0.304 -0.019237 -0.15961 0.071941 0.014422 0.092463 0.4406 0.22276 0.30378 0.057004 -0.0047106 0.36754 0.080533 0.2783 0.033929 0.67157 0.23393 0.16133 -0.073909 0.41283 -0.093941 -0.13358 0.10642 0.22501
0.03865 0.19235 0.20866 0.19214 0.071847 0.17026 0.052632 0.021277 0.088888 0.2952 0.098718 0.12595 0.15895 0.051458 0.15204 0.036054 0.029644 0.096904 0.11844 0.36873 0.42279 0.08613 0.078652 0.071576 0.38392 0.2168 0.25042 -0.021266 0.32954 0.067399 0.26934 0.31793 0.14583 0.33699 0.5279 0.19987 0.3507 0.11989 0.29439 0.34457 0.47179 0.35694 0.38212 0.50095 0 0.27938 0.1614 0.49707 0.091381 0.053339 0.23034 0.34799 0.031086 0.30139 0.097766 0.026419 0.04728 0.036737 0.036458 0.057042 0.097171 -0.00035736 0.065584 0.051697 0.12571 0.050214 0.12083 0.32593 0.236 -0.048235 0.11196 0.087615 0.25515 0.19621 0.40152 0.12315 0.21561 0.071195 0.51949 0.14524 0.15855 0.28077 0.069782 0.034737 0.20398 0.3053
0.12363 0.082505 0.025561 0.11481 0.01235 0.079999 0.037642 0.0080291 0.037619 0.18092 0.052915 0.044297 0.10076 0.011227 0.076604 0.042806 0.0021989 0.044907 0.13562 0.26103 0.32544 0.70468 0.076418 0.53761 0.23491 0.37512 -0.020999 0.28022 0.18796 0.69577 -0.10402 -0.15114 0.16524 0.39292 0.29395 -0.11434 0.14432 0.57403 0.46533 0.17178 0.54272 0.16977 -0.029604 0.33701 0.27938 0 0.14668 0.54888 -0.074642 0.0020283 0.20649 0.39198 0.091184 0.268 0.12572 0.6784 0.038053 0.51646 0.1424 0.34338 0.042114 0.27668 0.1326 0.7094 -0.077016 -0.12637 0.17814 0.36841 0.27508 -0.1112 0.16006 0.55942 0.40126 0.20905 0.50812 0.29347 -0.0091872 0.20181 0.15791 0.94356 0.10296 0.45753 -0.092584 -0.023547 0.17921 0.34272
-0.17951 -0.12561 -0.083559 -0.0041047 0.0018576 0.21066 0.23744 0.0073519 -0.003422 -0.14195 -0.17063 -0.094898 -0.024435 -0.016532 0.20768 0.20729 0.018387 0.016845 0.74411 0.096611 0.039406 0.13017 0.10665 0.36264 0.062994 0.16491 -0.021623 0.14726 0.078972 0.18582 0.18802 0.36454 0.15509 0.19312 0.27549 -0.032506 0.24496 0.053804 0.3304 -0.053731 0.34372 0.03186 0.039131 -0.096797 0.1614 0.14668 0 0.19103 0.044215 0.22513 0.5746 0.36571 0.61933 0.099533 -0.054103 0.10171 0.07361 0.33973 -0.04706 0.10674 -0.051013 0.13305 0.038545 0.17708 0.11418 0.21486 0.17911 0.22003 0.1615 -0.041377 0.13219 -0.004347 0.36047 -0.055453 0.3348 0.02778 0.050251 -0.12307 0.095671 0.1491 0.86601 0.16644 0.015154 0.22259 0.49336 0.32683
0.29673 0.22419 0.17447 0.27388 0.11351 -0.060729 -0.050382 -1.9749e-05 0.10788 0.34877 0.21972 0.17884 0.25337 0.08194 -0.07879 -0.044331 -0.027248 0.12549 0.24444 0.41405 0.41643 0.093797 0.057291 0.048853 0.13375 0.43137 -0.19258 -0.1249 0.40869 0.10772 -0.32089 -0.012229 -0.061443 0.41552 0.69443 0.12229 0.53875 0.16039 0.49376 0.37462 0.64077 0.05157 -0.056923 0.63471 0.49707 0.54888 0.19103 0 -0.1279 -0.043803 0.34899 0.65374 0.18839 0.42394 0.34709 0.075068 0.019269 0.0037664 0.20774 0.28592 -0.17552 -0.094461 0.33139 0.10038 -0.26729 0.039017 -0.028958 0.37139 0.65365 0.1581 0.50877 0.14172 0.3913 0.37061 0.57806 0.12916 -0.020388 0.48343 0.39565 0.42954 0.16015 0.87238 -0.12075 -0.086123 0.27583 0.59568
-0.10357 -0.04768 -0.056545 -0.076841 -0.036242 0.054913 0.04555 -0.0011079 -0.025357 -0.011746 -0.089316 -0.089202 -0.092855 -0.043302 0.049331 0.031736 -0.0088643 -0.036382 0.072899 -0.12912 0.018649 -0.050675 0.034536 0.057284 0.17939 0.02193 0.15038 0.033105 -0.054958 -0.022995 0.3045 0.31726 0.05485 -0.067609 -0.082199 0.1577 0.024205 -0.056118 -0.015808 -0.079153 -0.068054 0.11436 0.043979 -0.1219 0.091381 -0.074642 0.044215 -0.1279 0 0.097687 -0.084099 -0.14038 0.019018 -0.15845 -0.11819 -0.046137 0.0074724 0.046161 -0.026217 0.00599 0.071036 0.033027 -0.12005 -0.030344 0.17584 0.17831 0.023324 -0.062631 -0.18245 0.038055 -0.13641 -0.048089 0.0024363 -0.16058 -0.084234 -0.014864 -0.0098916 -0.26738 -0.044738 -0.066269 0.050866 -0.18582 0.22647 0.086702 -0.037037 -0.15526
-0.070322 -0.062716 -0.069768 -0.03216 -0.018831 0.15682 0.13407 -0.0042555 -0.022199 -0.019294 -0.090551 -0.084821 -0.055911 -0.019542 0.13297 0.10789 -0.016489 0.022653 0.15565 -0.045218 0.0054125 0.0015158 0.10582 0.15947 0.1173 0.11642 0.054128 0.057604 0.033796 0.010841 0.18851 0.28971 0.10051 -0.012013 0.0030508 0.069338 0.033028 -0.032051 0.046314 -0.061152 0.011123 0.048607 0.035899 -0.08214 0.053339 0.0020283 0.22513 -0.043803 0.097687 0 0.020213 0.015121 0.11622 -0.070453 -0.045503 -0.0087558 0.041682 0.1283 0.030728 0.093029 0.032328 0.044772 -0.0332 0.018051 0.14593 0.21246 0.082623 -0.018368 -0.038477 0.024051 -0.01531 -0.043524 0.026151 -0.094416 -0.010173 0.015204 0.0024633 -0.12555 0.037565 -0.0072143 0.20084 -0.067232 0.090583 0.18262 0.011313 0.0091173
0.068204 0.19434 0.11098 0.16426 0.07505 0.10685 8.4404e-05 0.056789 0.13634 0.072218 0.1979 0.10489 0.16176 0.079971 0.085256 -0.0056642 0.047587 0.19542 0.18763 0.32172 0.026749 0.21128 0.054163 0.13656 0.015754 0.015414 0.13438 0.12874 0.17472 0.28327 0.025215 -0.066741 0.10421 0.33221 0.17835 -0.069907 0.061545 0.33499 0.45632 0.23566 0.39252 0.16702 0.18002 0.12138 0.23034 0.20649 0.5746 0.34899 -0.084099 0.020213 0 0.52944 0.21755 0.34715 0.040396 0.19653 0.040127 0.1337 0.04161 -0.0027192 0.11771 0.12792 0.17092 0.25405 0.059652 -0.045322 0.12868 0.33546 0.22146 -0.043066 0.13923 0.30911 0.42451 0.27793 0.38038 0.20509 0.20201 0.12725 0.22667 0.18167 0.527 0.38096 -0.040203 -0.011602 0.6816 0.49732
0.22532 0.28132 0.19237 0.36565 0.14913 0.08183 0.031836 0.090796 0.18196 0.22273 0.27193 0.19609 0.33742 0.11919 0.086718 0.036075 0.062696 0.1947 0.18834 0.5713 0.015601 0.25127 0.10875 0.17841 -0.08609 0.14288 -0.035971 0.096724 0.35732 0.28309 -0.10272 -0.18789 0.053748 0.47946 0.44341 -0.10669 0.23722 0.34629 0.59654 0.3667 0.63788 0.087781 0.17507 0.27101 0.34799 0.39198 0.36571 0.65374 -0.14038 0.015121 0.52944 0 0.17878 0.56578 0.03113 0.24374 0.055433 0.13939 -0.020327 0.10338 -0.0023781 0.11059 0.33857 0.25923 -0.061089 -0.12908 0.082395 0.4576 0.50414 -0.056448 0.35312 0.32905 0.53484 0.41802 0.61275 0.18279 0.21523 0.27638 0.33668 0.33754 0.31677 0.66881 -0.13926 -0.018858 0.43393 0.79309
-0.075579 -0.14398 -0.054948 -0.037301 -0.026356 0.051639 0.11852 -0.021618 -0.036769 -0.17742 -0.16395 -0.039484 -0.015435 -0.027192 0.058037 0.12401 -0.017342 -0.012373 0.71698 0.014414 0.041492 0.045145 0.023542 0.29492 0.063347 0.16876 -0.1628 0.12935 0.075176 0.073916 -0.028807 0.29473 0.049434 0.047907 0.28572 -0.020715 0.30319 -0.061888 0.10383 -0.11838 0.17185 -0.080676 -0.10147 -0.029731 0.031086 0.091184 0.61933 0.18839 0.019018 0.11622 0.21755 0.17878 0 0.034397 0.17422 0.056913 0.031451 0.30287 0.16298 0.23443 -0.15007 0.080619 0.12345 0.071304 -0.011667 0.47801 0.058026 0.065067 0.40153 0.1848 0.45905 -0.096628 0.138 -0.076881 0.18821 0.0048424 -0.046514 0.020948 0.25151 0.076189 0.74503 0.19532 0.035346 0.19029 0.20613 0.162
