0 0.33141 0.26782 0.28188 0.087544 -0.0077649 -0.090465 0.060389 0.20907 0.72537 0.41272 0.35796 0.29825 0.11446 -9.9489e-05 -0.096598 0.041777 0.26513 -0.15256 0.23378 0.056683 -0.019019 0.022233 -0.058879 0.054777 0.13487 0.089821 0.023258 0.18367 0.00012682 -0.15798 -0.11224 0.011491 0.12986 0.082746 -0.068262 0.010495 0.11525 0.067782 0.36149 0.079566 0.18185 0.092979 0.3561 0.029625 0.17756 -0.17642 0.34704 -0.10256 -0.064315 0.032707 0.22598 -0.033008 0.27395 0.40947 -0.01486 0.034188 -0.081038 0.35783 0.24454 0.18823 0.0042116 0.31657 -0.030964 -0.032894 0.12097 0.021331 0.14174 0.38427 0.19091 0.29361 0.13438 0.070742 0.44821 0.18429 0.31154 0.17365 0.58629 0.38842 0.1931 -0.12364 0.52842 -0.0065062 -0.083624 0.047583 0.27836
0.33141 0 0.24786 0.27194 0.11355 0.012918 -0.078951 0.073458 0.22312 0.3495 0.49929 0.26502 0.2578 0.099581 -0.0051163 -0.096909 0.05784 0.21312 -0.11124 0.26098 0.037732 0.09622 0.01863 -0.057045 0.054408 0.037546 0.14109 0.077977 0.14104 0.13255 -0.034546 -0.11361 0.011778 0.18064 0.10251 -0.071512 0.0033494 0.23466 0.13931 0.33367 0.11935 0.19086 0.16048 0.20871 0.1573 0.12491 -0.11331 0.22802 -0.049514 -0.05742 0.17076 0.28669 -0.11893 0.25366 0.059401 0.094685 0.013942 -0.077448 0.061643 -0.0090968 0.13422 0.071704 0.12921 0.089817 -0.014668 -0.094714 -0.017227 0.11301 0.15198 -0.035164 0.071386 0.26791 0.085983 0.31546 0.097959 0.18575 0.1514 0.18231 0.16201 0.063408 -0.12086 0.2208 -0.053094 -0.076079 0.15643 0.26305
0.26782 0.24786 0 0.40033 0.10956 0.034991 -0.017514 0.1486 0.14357 0.2872 0.27416 0.58568 0.38784 0.06893 0.030928 -0.030103 0.1212 0.15528 -0.031524 0.20199 0.11331 0.0068407 0.011144 -0.039119 0.027275 0.046626 0.080854 0.0062392 0.18987 0.027944 -0.0097113 -0.071235 -0.026926 0.053061 0.22354 -0.012816 0.1359 0.0949 0.010536 0.20164 0.078194 0.085127 0.17259 0.24611 0.1917 0.057382 -0.068029 0.18069 -0.053705 -0.047615 0.074646 0.18443 -0.02558 0.17576 0.1102 -0.0092287 0.033943 -0.06029 0.027851 0.024916 0.06663 0.011047 0.16357 -0.0022293 0.00038636 -0.075821 -0.016341 0.027824 0.19701 -0.022872 0.13921 0.104 -0.011072 0.20073 0.087743 0.077645 0.12398 0.17249 0.15507 0.0079361 -0.06366 0.17766 -0.063528 -0.053429 0.083777 0.1762
0.28188 0.27194 0.40033 0 0.20422 0.012492 -0.0079104 0.11104 0.1413 0.26208 0.28218 0.38307 0.65197 0.12732 0.0087771 -0.015567 0.098506 0.15044 -0.054873 0.29873 -0.033445 0.037868 0.010408 -0.023465 -0.09108 0.012067 0.0093122 0.022352 0.14834 0.050073 -0.03071 -0.15841 -0.021613 0.19841 0.1732 -0.092911 0.06263 0.12992 0.18736 0.21647 0.27661 0.039709 0.13283 0.157 0.16424 0.11558 -0.026493 0.24593 -0.070662 -0.020498 0.13134 0.35075 -0.016247 0.28365 0.018835 0.038812 0.010296 -0.038304 -0.046131 -0.016243 0.026684 0.026574 0.15531 0.030429 -0.022871 -0.1319 0.0086047 0.15915 0.25919 -0.059272 0.1534 0.14719 0.12028 0.253 0.26241 0.081075 0.13715 0.17987 0.18629 0.088293 -0.038989 0.30597 -0.066212 -0.057834 0.127 0.35088
0.087544 0.11355 0.10956 0.20422 0 -0.0023519 -0.018765 0.022364 0.057292 0.099222 0.10557 0.11963 0.17636 0.045847 -0.0028315 -0.026979 0.024818 0.063225 -0.015684 0.10714 0.00062041 0.0023382 0.011568 -0.012748 -0.019555 0.003921 -0.0057855 -0.010905 0.071836 0.0058545 -0.026389 -0.034432 -0.01068 0.0243 0.071829 0.0046826 0.053856 0.050507 0.073994 0.093094 0.090073 0.0099703 0.05751 0.072033 0.066104 0.012358 0.0069069 0.10878 -0.028723 -0.020376 0.064244 0.1448 -0.0061021 0.11194 -0.016145 -0.003753 -0.013955 -0.03427 -0.036466 -0.011974 -0.0040041 -0.0037355 0.06645 -0.0073796 -0.019919 -0.044391 -0.019632 0.027901 0.086999 -0.0075412 0.066003 0.052747 0.055905 0.078617 0.079956 0.00031114 0.028793 0.044387 0.051547 -0.010263 -0.0077082 0.10505 -0.040645 -0.024649 0.04752 0.13251
-0.0077649 0.012918 0.034991 0.012492 -0.0023519 0 0.16667 0.02131 0.086614 0.057194 -0.0034825 0.02352 0.0028495 -0.016436 0.43737 0.1702 0.040287 0.069778 0.06949 0.044775 0.14822 0.098679 0.13444 0.22336 0.24679 0.12611 0.34014 0.13057 0.089831 0.12687 0.29862 0.20863 0.27667 0.073231 -0.027166 0.025283 -0.016587 0.087953 0.090447 0.10114 0.058195 0.27018 0.22824 0.0019067 0.17802 0.081926 0.22074 -0.065088 0.054542 0.15272 0.11973 0.085554 0.031978 0.029269 0.010306 0.077626 0.089636 0.21578 0.13083 0.091749 0.28759 0.13569 0.020279 0.11589 0.27557 0.13834 0.2359 0.067904 -0.1072 -0.046616 -0.083821 0.064247 0.098137 0.039431 0.053225 0.22403 0.1564 -0.085267 0.080718 0.048169 0.18744 -0.098969 0.050772 0.12315 0.10224 0.055586
-0.090465 -0.078951 -0.017514 -0.0079104 -0.018765 0.16667 0 -0.0088197 -0.0067534 -0.041972 -0.10471 -0.042871 -0.0289 -0.024374 0.17458 0.25341 -0.0099903 -0.03225 0.15435 -0.035706 0.049868 0.026306 0.075338 0.18167 0.070386 0.13143 0.0015427 0.069249 0.018873 0.039468 0.16622 0.16703 0.070566 0.013853 0.027108 0.077734 0.074721 -0.013918 0.050485 -0.12007 0.068062 -0.033319 0.0013063 -0.12519 0.064675 0.030378 0.23563 -0.057575 0.044501 0.13522 0.01705 0.03218 0.094216 -0.048684 -0.061138 0.016638 0.0267 0.15947 -0.03187 0.076691 -0.028649 0.059671 -0.020287 0.03597 0.090876 0.089318 0.057587 0.020048 -0.053363 -0.017395 -0.022117 -0.032718 0.055488 -0.1362 0.068078 -0.056333 -0.020218 -0.18639 -0.018022 0.036343 0.18962 -0.12026 0.028111 0.11087 0.0035757 -0.00078553
0.060389 0.073458 0.1486 0.11104 0.022364 0.02131 -0.0088197 0 0.054613 0.040007 0.076743 0.13198 0.10789 0.01486 0.034228 0.0027968 0.11037 0.066447 -0.034042 0.091821 -0.058606 0.024458 0.00052518 -0.0087986 -0.04502 -0.022156 0.055724 0.01966 0.024605 0.013442 0.06562 -0.0591 0.022597 0.049122 -0.024878 -0.083121 -0.073481 0.049442 0.024271 0.071185 0.016551 0.045583 0.1184 -0.00026447 0.011416 0.0097268 0.0049755 0.0023245 -0.0058036 0.0013689 0.046974 0.086706 -0.020462 0.075589 -0.038838 0.026788 -0.0029961 -0.00031757 -0.021248 0.0038159 0.068477 0.033757 0.033165 0.0059708 0.063723 -0.041069 0.010509 0.047098 0.0027882 -0.084659 -0.012451 0.055704 0.015846 0.078578 0.035894 0.057928 0.099982 0.019925 0.033553 0.0093676 0.013792 0.057294 -0.016745 0.0022362 0.057572 0.090729
0.20907 0.22312 0.14357 0.1413 0.057292 0.086614 -0.0067534 0.054613 0 0.22304 0.23305 0.13243 0.13625 0.050428 0.072299 -0.021252 0.052443 0.20107 -0.047296 0.16432 0.0048845 0.069144 0.017819 0.0036109 0.028459 0.0060213 0.12856 0.023351 0.076679 0.098451 0.020648 -0.05447 0.065204 0.12452 0.032768 -0.062307 -0.016433 0.17352 0.09899 0.19118 0.073424 0.15179 0.13609 0.10027 0.073951 0.054248 -0.0016322 0.1129 -0.030994 -0.019854 0.12533 0.18263 -0.032834 0.1719 0.044414 0.062436 0.028029 -0.013325 0.058495 0.016528 0.14784 0.017461 0.091104 0.086377 0.059169 -0.013051 0.034763 0.078285 0.084905 -0.032693 0.039042 0.18088 0.075198 0.18627 0.068683 0.17346 0.13846 0.10785 0.12398 0.021826 -0.0012587 0.15072 -0.037053 -0.0055714 0.12444 0.17645
0.72537 0.3495 0.2872 0.26208 0.099222 0.057194 -0.041972 0.040007 0.22304 0 0.32293 0.28342 0.22302 0.10044 0.048114 -0.055542 0.033916 0.23222 -0.071396 0.23016 0.24871 0.014106 0.048113 -0.083838 0.20134 0.22162 0.14298 -0.059636 0.19884 0.015641 -0.022768 0.046824 0.041144 0.2007 0.21751 0.088994 0.18343 0.13087 0.2693 0.30829 0.27953 0.22709 0.085239 0.44333 0.26699 0.25078 -0.12517 0.38545 -0.025581 -0.0048433 0.038623 0.22784 -0.14063 0.17443 0.12798 0.0057945 0.026741 -0.094123 0.11328 0.12676 0.099105 -0.029751 0.10097 0.007926 -0.021318 0.0058938 0.026844 0.13664 0.14623 0.035916 0.05325 0.14786 0.15413 0.26599 0.17373 0.14589 0.055746 0.23297 0.094253 0.097748 -0.10402 0.33573 -0.044211 -0.057887 0.055425 0.19522
0.41272 0.49929 0.27416 0.28218 0.10557 -0.0034825 -0.10471 0.076743 0.23305 0.32293 0 0.3276 0.30803 0.11404 -0.015367 -0.11055 0.096064 0.25587 -0.19207 0.29115 -0.023153 0.076473 0.014429 -0.074776 0.0033522 -0.025877 0.14278 0.062689 0.12248 0.11206 -0.066605 -0.19549 0.010811 0.13288 0.022532 -0.14923 -0.067234 0.23881 0.063548 0.34752 0.069037 0.19413 0.18729 0.19094 0.072595 0.08732 -0.16821 0.21588 -0.090019 -0.07835 0.17111 0.28062 -0.14103 0.30408 0.1477 0.086313 0.0054393 -0.1023 0.14427 -0.0085718 0.1974 0.039318 0.18548 0.07205 -0.0096254 -0.072048 0.0022691 0.13757 0.23412 -0.010402 0.14683 0.27816 0.045113 0.39996 0.1111 0.26509 0.20558 0.30466 0.26096 0.066037 -0.14099 0.31117 -0.042208 -0.10546 0.17219 0.30461
0.35796 0.26502 0.58568 0.38307 0.11963 0.02352 -0.042871 0.13198 0.13243 0.28342 0.3276 0 0.41308 0.087305 0.025103 -0.028951 0.14879 0.15623 -0.073893 0.20869 0.059748 -0.021005 -0.0071715 -0.05759 -0.0048961 0.026576 0.080729 0.015757 0.18392 0.0046711 -0.050003 -0.13395 -0.031651 0.039596 0.1906 -0.048187 0.11128 0.092643 0.0077756 0.22583 0.062535 0.065744 0.17244 0.22367 0.11365 0.072184 -0.096196 0.18073 -0.084897 -0.067057 0.067943 0.1911 -0.023553 0.23677 0.18178 -0.045565 0.021866 -0.074857 0.081924 0.05517 0.087543 -0.0029688 0.23376 -0.024015 -3.7028e-05 -0.051165 0.004547 0.042764 0.28 0.048984 0.22863 0.10106 -0.041923 0.2677 0.081866 0.11974 0.18527 0.27957 0.2256 0.029927 -0.0852 0.24132 -0.056599 -0.054078 0.061626 0.21805
0.29825 0.2578 0.38784 0.65197 0.17636 0.0028495 -0.0289 0.10789 0.13625 0.22302 0.30803 0.41308 0 0.14705 0.0084819 -0.0074324 0.12003 0.16061 -0.058819 0.27348 -0.036883 0.034391 0.014865 -0.028171 -0.092894 -0.0012842 -0.002453 0.044185 0.1382 0.044481 -0.067527 -0.16571 -0.021678 0.16638 0.14636 -0.1067 0.050693 0.12826 0.11197 0.22397 0.21407 0.023954 0.11783 0.13638 0.12597 0.099918 -0.051029 0.22521 -0.085463 -0.046202 0.12197 0.31921 0.0070825 0.28927 0.031734 0.027546 0.014196 -0.025936 -0.035633 0.024658 0.013807 0.04034 0.18906 0.024432 -0.036237 -0.1185 -0.0032204 0.15756 0.28769 -0.041118 0.18803 0.14624 0.11288 0.25709 0.28234 0.079895 0.13503 0.20004 0.1964 0.090911 -0.012043 0.31907 -0.087421 -0.049515 0.12541 0.37797
0.11446 0.099581 0.06893 0.12732 0.045847 -0.016436 -0.024374 0.01486 0.050428 0.10044 0.11404 0.087305 0.14705 0 -0.0095923 -0.028221 0.0064198 0.095867 -0.024558 0.13264 -0.040892 0.017341 0.011415 -0.022753 -0.028643 -0.020852 0.013074 -0.011316 0.031975 0.018196 -0.029957 -0.05835 0.00030731 0.061948 0.02403 -0.044964 -0.0095213 0.060598 0.064243 0.089204 0.067224 0.040052 0.059105 0.043004 0.05023 0.016298 -0.017327 0.082158 -0.040876 -0.012605 0.075733 0.12305 -0.016203 0.10746 0.0045155 0.017509 0.002285 -0.024147 -0.0026789 -0.011789 0.02951 -0.012669 0.031819 0.019915 -0.0091709 -0.031318 -0.0054207 0.071858 0.079485 -0.033043 0.057375 0.074032 0.068938 0.092431 0.088256 0.051003 0.073828 0.067432 0.094111 0.004135 -0.014663 0.12012 -0.026863 -0.026216 0.065481 0.13774
-9.9489e-05 -0.0051163 0.030928 0.0087771 -0.0028315 0.43737 0.17458 0.034228 0.072299 0.048114 -0.015367 0.025103 0.0084819 -0.0095923 0 0.2157 0.041553 0.067451 0.053293 0.04202 0.13404 0.085145 0.1106 0.23257 0.22796 0.12643 0.32091 0.12573 0.095206 0.10659 0.30648 0.17523 0.27608 0.073439 -0.032048 -0.0087751 -0.040278 0.07035 0.077374 0.083698 0.060031 0.25624 0.23755 -0.019392 0.16449 0.075831 0.21502 -0.07886 0.041871 0.13345 0.099641 0.08608 0.039642 0.045649 0.058622 0.074317 0.1028 0.2286 0.15975 0.13369 0.30029 0.11372 0.061583 0.10059 0.26851 0.15708 0.27958 0.06304 -0.075978 -0.044394 -0.062598 0.058913 0.10677 0.064543 0.055036 0.24628 0.17756 -0.059712 0.10799 0.068404 0.20771 -0.074867 0.032721 0.14237 0.10227 0.081896
-0.096598 -0.096909 -0.030103 -0.015567 -0.026979 0.1702 0.25341 0.0027968 -0.021252 -0.055542 -0.11055 -0.028951 -0.0074324 -0.028221 0.2157 0 0.017014 -0.0074177 0.11705 -0.030678 0.045718 0.024584 0.074466 0.17184 0.049042 0.11978 -0.0076284 0.024832 0.020783 0.03263 0.13705 0.12532 0.096134 0.016616 0.012603 0.042454 0.050187 -0.051297 0.037159 -0.10627 0.069916 -0.028077 0.0076338 -0.10742 0.046817 0.033912 0.20382 -0.061721 0.041281 0.10802 0.014882 0.031417 0.10446 -0.034006 -0.020485 0.014009 0.041945 0.17963 -0.00654 0.12023 -0.02734 0.021279 0.0016378 0.027457 0.1011 0.090051 0.10176 0.02168 -0.014556 -0.0093991 0.016735 -0.062298 0.055487 -0.12486 0.075846 -0.046317 -0.025103 -0.14046 -0.0058755 0.042051 0.21065 -0.080985 0.026677 0.13386 0.0038016 0.026366
0.041777 0.05784 0.1212 0.098506 0.024818 0.040287 -0.0099903 0.11037 0.052443 0.033916 0.096064 0.14879 0.12003 0.0064198 0.041553 0.017014 0 0.070419 -0.024238 0.090097 -0.04886 0.031144 0.016839 -0.0047443 -0.016873 -0.035638 0.080016 0.032238 0.01851 0.033419 0.055858 -0.066664 0.010193 0.032963 -0.020814 -0.077296 -0.060057 0.049006 0.0066556 0.067588 -0.0044966 0.073097 0.12372 -0.012117 0.02082 0.0041104 0.011684 -0.027949 -0.013756 -0.014329 0.04317 0.06194 -0.013109 0.077542 -0.036958 0.031384 0.0072337 0.017871 -0.019597 -0.015319 0.07059 0.027652 0.025418 0.02315 0.049425 -0.037029 0.023093 0.038 -0.010399 -0.102 -0.024839 0.052285 -0.0031694 0.073622 0.00079274 0.073571 0.11726 0.017436 0.017795 0.0041752 0.021916 0.017502 -0.016427 -0.0023254 0.047724 0.07214
0.26513 0.21312 0.15528 0.15044 0.063225 0.069778 -0.03225 0.066447 0.20107 0.23222 0.25587 0.15623 0.16061 0.095867 0.067451 -0.0074177 0.070419 0 -0.06012 0.1675 0.035279 0.053244 0.038609 0.0097642 0.058278 0.02947 0.12216 0.024943 0.092372 0.092223 0.014619 -0.027469 0.071194 0.099283 0.024897 -0.052674 -0.0071791 0.16587 0.081775 0.18822 0.06486 0.15746 0.1358 0.11594 0.081274 0.059445 0.010556 0.13565 -0.037587 0.027334 0.16973 0.19253 -0.0075135 0.18302 0.1024 0.064312 0.025295 0.0079772 0.10862 0.03781 0.15027 0.028507 0.11741 0.081145 0.065249 0.019586 0.056326 0.1143 0.11902 0.013804 0.085886 0.18347 0.075127 0.20447 0.086371 0.19366 0.1432 0.1525 0.16677 0.053113 0.021731 0.1753 -0.00072234 8.2588e-05 0.13746 0.21609
-0.15256 -0.11124 -0.031524 -0.054873 -0.015684 0.06949 0.15435 -0.034042 -0.047296 -0.071396 -0.19207 -0.073893 -0.058819 -0.024558 0.053293 0.11705 -0.024238 -0.06012 0 -0.040615 0.23176 0.032607 0.043332 0.26232 0.20238 0.27552 -0.17044 0.08044 0.081434 0.064371 0.017701 0.56705 0.001515 -0.022091 0.50903 0.2196 0.55538 -0.044026 0.061389 -0.10745 0.16718 -0.070186 -0.13944 0.016116 0.18983 0.080213 0.74021 0.24627 0.11422 0.15899 0.17652 0.12994 0.6716 -0.047691 0.047549 0.014538 0.02202 0.21963 0.030942 0.1949 -0.20578 0.080589 0.018636 0.057746 -0.057874 0.33379 0.025601 -0.0018737 0.24412 0.16861 0.276 -0.080484 0.10392 -0.17121 0.12682 -0.13845 -0.12216 -0.091049 0.038139 0.051948 0.62738 0.053034 0.063335 0.16644 0.17502 0.094998
0.23378 0.26098 0.20199 0.29873 0.10714 0.044775 -0.035706 0.091821 0.16432 0.23016 0.29115 0.20869 0.27348 0.13264 0.04202 -0.030678 0.090097 0.1675 -0.040615 0 -0.11226 0.1707 0.051867 0.023695 -0.11717 -0.013315 0.011808 0.032954 0.20932 0.19318 -0.089665 -0.27267 0.012953 0.40456 0.19604 -0.21611 0.012014 0.28489 0.32982 0.41766 0.40217 0.094236 0.28273 0.25868 0.32311 0.26622 0.047326 0.37504 -0.12955 -0.04372 0.28995 0.56567 0.026668 0.58486 -0.094934 0.18367 0.0090067 0.009693 -0.10315 0.0096798 0.060876 0.037705 0.18768 0.16514 -0.036524 -0.23717 0.03038 0.37785 0.30177 -0.2334 0.11947 0.28515 0.28163 0.44222 0.3981 0.16552 0.28099 0.24623 0.29967 0.21523 0.051475 0.46582 -0.15708 -0.081341 0.24284 0.55772
0.056683 0.037732 0.11331 -0.033445 0.00062041 0.14822 0.049868 -0.058606 0.0048845 0.24871 -0.023153 0.059748 -0.036883 -0.040892 0.13404 0.045718 -0.04886 0.035279 0.23176 -0.11226 0 -0.14267 0.06883 0.18756 0.71523 0.55636 0.1932 -0.050049 0.27428 -0.090667 0.11158 0.48542 0.16214 -0.095164 0.54718 0.46356 0.542 -0.12652 -0.02058 0.10346 0.11677 0.30378 -0.041979 0.69649 0.40123 0.37397 0.078162 0.44683 0.02293 0.013213 -0.012907 -0.044738 0.043241 -0.10957 0.65605 -0.19207 0.063232 0.11119 0.52578 0.3096 0.060014 -0.016112 0.099352 -0.085504 0.057118 0.32101 0.12046 -0.081254 0.2613 0.36972 0.21073 -0.13377 -0.0060864 -0.012496 0.044759 0.15102 -0.11512 0.27994 0.094978 0.16505 0.061701 0.088503 0.069622 0.022676 -0.0028615 -0.097479
-0.019019 0.09622 0.0068407 0.037868 0.0023382 0.098679 0.026306 0.024458 0.069144 0.014106 0.076473 -0.021005 0.034391 0.017341 0.085145 0.024584 0.031144 0.053244 0.032607 0.1707 -0.14267 0 0.017869 0.32138 0.049124 -0.13979 0.13617 0.24437 0.041296 0.9203 0.013939 -0.15473 0.15742 0.37081 -0.074054 -0.17734 -0.13664 0.8784 0.31484 0.090209 0.28987 0.2924 0.075675 -0.016288 0.086533 0.64085 0.17051 0.025871 -0.030333 0.012295 0.20529 0.23842 0.07479 0.15794 -0.24156 0.97416 0.0055312 0.36874 -0.063545 -0.080456 0.16884 0.31051 -0.0074041 0.90931 -0.00879 -0.19232 0.16645 0.34129 -0.10226 -0.24709 -0.14967 0.84164 0.35907 0.086102 0.3057 0.32003 0.085954 -0.080606 0.00094876 0.5834 0.15679 0.062637 -0.072509 0.014197 0.17172 0.21587
0.022233 0.01863 0.011144 0.010408 0.011568 0.13444 0.075338 0.00052518 0.017819 0.048113 0.014429 -0.0071715 0.014865 0.011415 0.1106 0.074466 0.016839 0.038609 0.043332 0.051867 0.06883 0.017869 0 0.16078 0.11084 0.14253 0.058647 0.03692 0.096467 0.042155 0.092717 0.10756 0.098632 0.029897 0.065545 0.040063 0.06965 0.023893 0.047018 0.042548 0.056144 0.043674 0.060592 0.042441 0.070835 0.087152 0.10949 0.063819 0.030474 0.10381 0.051489 0.10193 0.020835 0.024057 0.038331 0.0061083 0.05243 0.13155 0.076293 0.11486 0.05736 0.026429 0.060902 0.040982 0.084576 0.074913 0.08297 0.006629 0.054552 0.016691 0.043256 0.015167 0.036808 0.03247 0.047458 0.058896 0.033782 -0.0044612 0.04734 0.07286 0.081165 0.03761 0.016921 0.051056 0.030035 0.090528
-0.058879 -0.057045 -0.039119 -0.023465 -0.012748 0.22336 0.18167 -0.0087986 0.0036109 -0.083838 -0.074776 -0.05759 -0.028171 -0.022753 0.23257 0.17184 -0.0047443 0.0097642 0.26232 0.023695 0.18756 0.32138 0.16078 0 0.32581 0.3557 0.074788 0.55167 0.10495 0.51703 0.17673 0.20524 0.33227 0.096944 0.13259 0.043497 0.099393 0.27985 0.091807 -0.052029 0.13957 0.10311 0.04176 -0.009227 0.094594 0.49979 0.34232 0.013851 0.066097 0.1519 0.11724 0.14119 0.25006 0.043887 0.058982 0.29189 0.1081 0.8176 0.20439 0.36192 0.076329 0.51373 0.080584 0.51552 0.14127 0.19642 0.35217 0.10581 0.11534 -0.017446 0.13674 0.20331 0.14305 -0.038492 0.17398 0.14996 0.038832 -0.061197 0.059496 0.49944 0.27683 -0.00054463 0.047877 0.13985 0.089605 0.10346
0.054777 0.054408 0.027275 -0.09108 -0.019555 0.24679 0.070386 -0.04502 0.028459 0.20134 0.0033522 -0.0048961 -0.092894 -0.028643 0.22796 0.049042 -0.016873 0.058278 0.20238 -0.11717 0.71523 0.049124 0.11084 0.32581 0 0.50641 0.53964 0.080877 0.17458 0.10188 0.31361 0.63795 0.41313 -0.042756 0.23406 0.3568 0.24503 0.0087567 -0.065911 0.20378 -0.10888 0.69981 0.11953 0.51644 0.36355 0.35446 0.11006 0.22533 0.15638 0.11359 0.0071108 -0.08783 0.053727 -0.12477 0.49641 -0.026973 0.068725 0.23719 0.75015 0.31397 0.42082 0.081873 0.045803 0.089976 0.26774 0.53473 0.33406 -0.046835 0.053174 0.2417 0.079004 -0.01142 -0.061017 0.065256 -0.12734 0.52188 0.043811 0.15981 0.16875 0.16231 0.082392 -0.0073722 0.21237 0.13514 0.018404 -0.13058
0.13487 0.037546 0.046626 0.012067 0.003921 0.12611 0.13143 -0.022156 0.0060213 0.22162 -0.025877 0.026576 -0.0012842 -0.020852 0.12643 0.11978 -0.035638 0.02947 0.27552 -0.013315 0.55636 -0.13979 0.14253 0.3557 0.50641 0 -0.018334 0.092776 0.24531 -0.081188 0.066378 0.45858 0.11124 -0.04277 0.43719 0.38994 0.46991 -0.13178 0.012037 0.030416 0.1352 -0.031998 -0.077472 0.39507 0.21826 0.37563 0.18499 0.43388 0.020317 0.12456 -0.00012349 0.096256 0.13958 -0.010004 0.33552 -0.17021 0.091474 0.26371 0.32388 0.57046 -0.11218 0.057218 0.13982 -0.07845 -0.009525 0.31488 0.05203 -0.054666 0.27171 0.2592 0.31639 -0.15262 -0.0077278 -0.006625 0.068623 -0.064177 -0.10611 0.12787 0.034184 0.26248 0.13825 0.21358 0.038289 0.090404 0.001026 0.044136
0.089821 0.14109 0.080854 0.0093122 -0.0057855 0.34014 0.0015427 0.055724 0.12856 0.14298 0.14278 0.080729 -0.002453 0.013074 0.32091 -0.0076284 0.080016 0.12216 -0.17044 0.011808 0.1932 0.13617 0.058647 0.074788 0.53964 -0.018334 0 0.032425 0.045633 0.13075 0.49773 0.21579 0.39222 0.079455 -0.22989 -0.044374 -0.24955 0.16108 0.04944 0.41453 -0.13293 0.81569 0.46276 0.094525 0.25559 -0.010701 -0.0018362 -0.15702 0.12878 0.048708 0.12631 -0.028503 -0.15698 0.010765 0.069947 0.095835 0.057844 0.063178 0.34342 -0.051004 0.76925 0.059062 -0.027226 0.11903 0.45997 0.21463 0.31304 0.05854 -0.30442 -0.11628 -0.26523 0.18529 0.062851 0.28034 -0.12497 0.71028 0.33777 -0.041597 0.17898 -0.10129 0.015113 -0.19148 0.11561 0.06071 0.10326 -0.052683
0.023258 0.077977 0.0062392 0.022352 -0.010905 0.13057 0.069249 0.01966 0.023351 -0.059636 0.062689 0.015757 0.044185 -0.011316 0.12573 0.024832 0.032238 0.024943 0.08044 0.032954 -0.050049 0.24437 0.03692 0.55167 0.080877 0.092776 0.032425 0 0.053688 0.42911 0.10981 0.028141 0.05646 0.04897 0.00044517 -0.0059943 0.010801 0.34752 0.010377 0.031717 0.063143 -0.011959 0.078496 -0.084668 -0.014743 0.29953 0.16517 -0.10808 0.02009 0.054153 0.12191 0.11368 0.1504 0.068023 -0.043854 0.24949 0.029036 0.56554 0.036152 0.17056 0.034233 0.95447 0.09014 0.3578 0.082814 0.066058 0.086532 0.048648 0.093789 -0.011067 0.096825 0.33544 0.085789 0.038917 0.12907 0.027729 0.077192 -0.051026 0.017687 0.35541 0.13498 0.0056536 0.032865 0.049372 0.099783 0.11999
0.18367 0.14104 0.18987 0.14834 0.071836 0.089831 0.018873 0.024605 0.076679 0.19884 0.12248 0.18392 0.1382 0.031975 0.095206 0.020783 0.01851 0.092372 0.081434 0.20932 0.27428 0.041296 0.096467 0.10495 0.17458 0.24531 0.045633 0.053688 0 0.054513 0.057093 0.083374 0.060513 0.069522 0.42477 0.28993 0.46909 0.098289 0.038654 0.25857 0.12647 0.095015 0.20611 0.43529 0.29036 0.18745 0.08077 0.3933 -0.035316 0.053603 0.13522 0.32887 0.090884 0.19987 0.22656 0.02339 0.054205 0.07343 0.1532 0.16509 -0.00053847 0.051728 0.39655 0.043191 0.055367 0.071549 0.021289 0.043868 0.37089 0.2343 0.42999 0.087601 0.039725 0.19711 0.11132 0.076334 0.16057 0.26735 0.22501 0.084856 0.076237 0.27958 0.0031083 0.0019109 0.12409 0.31427
0.00012682 0.13255 0.027944 0.050073 0.0058545 0.12687 0.039468 0.013442 0.098451 0.015641 0.11206 0.0046711 0.044481 0.018196 0.10659 0.03263 0.033419 0.092223 0.064371 0.19318 -0.090667 0.9203 0.042155 0.51703 0.10188 -0.081188 0.13075 0.42911 0.054513 0 0.034944 -0.13379 0.22432 0.37747 -0.038311 -0.16386 -0.08137 0.91523 0.34163 0.11125 0.29063 0.25587 0.086158 -0.0094977 0.078366 0.66064 0.20551 0.062349 -0.017645 0.010669 0.27519 0.28067 0.082667 0.17288 -0.17039 0.91086 0.015365 0.52954 0.00093183 0.0010595 0.16773 0.46862 0.034256 0.9309 0.0095933 -0.14234 0.23748 0.33989 -0.016308 -0.20589 -0.066251 0.87699 0.38063 0.11782 0.31517 0.3096 0.092067 -0.056428 0.024231 0.6251 0.17994 0.13512 -0.050321 0.00065721 0.23498 0.25917
-0.15798 -0.034546 -0.0097113 -0.03071 -0.026389 0.29862 0.16622 0.06562 0.020648 -0.022768 -0.066605 -0.050003 -0.067527 -0.029957 0.30648 0.13705 0.055858 0.014619 0.017701 -0.089665 0.11158 0.013939 0.092717 0.17673 0.31361 0.066378 0.49773 0.10981 0.057093 0.034944 0 0.3694 0.27372 -0.014277 -0.15724 0.079297 -0.094183 -0.00070057 0.017427 -0.017568 -0.066863 0.3898 0.38939 -0.21153 0.26464 -0.090315 0.19596 -0.29368 0.27086 0.18111 0.033761 -0.077142 -0.041927 -0.11546 -0.14771 -0.00041826 0.038849 0.18348 0.061801 0.017808 0.36596 0.13285 -0.089775 0.031454 0.55219 0.23738 0.22119 -0.019257 -0.33884 -0.096567 -0.26492 -0.014987 0.041021 -0.12335 -0.085406 0.2144 0.22133 -0.38314 0.035127 -0.11318 0.15835 -0.34674 0.21339 0.16852 0.029106 -0.11367
-0.11224 -0.11361 -0.071235 -0.15841 -0.034432 0.20863 0.16703 -0.0591 -0.05447 0.046824 -0.19549 -0.13395 -0.16571 -0.05835 0.17523 0.12532 -0.066664 -0.027469 0.56705 -0.27267 0.48542 -0.15473 0.10756 0.20524 0.63795 0.45858 0.21579 0.028141 0.083374 -0.13379 0.3694 0 0.15028 -0.21853 0.22494 0.58314 0.37067 -0.20508 -0.12927 -0.089241 -0.14601 0.24799 -0.0086453 0.034772 0.35392 -0.11193 0.39507 0.11097 0.30869 0.28297 -0.074535 -0.19657 0.24959 -0.28215 0.19488 -0.2025 0.075061 0.15034 0.32388 0.2867 0.05492 0.034443 -0.052515 -0.1147 0.20293 0.74702 0.088627 -0.20007 -0.094928 0.39525 0.010628 -0.22961 -0.10699 -0.22429 -0.1887 -0.0077893 -0.10608 -0.22825 0.063396 -0.14487 0.28933 -0.20525 0.31868 0.27203 -0.052517 -0.22006
0.011491 0.011778 -0.026926 -0.021613 -0.01068 0.27667 0.070566 0.022597 0.065204 0.041144 0.010811 -0.031651 -0.021678 0.00030731 0.27608 0.096134 0.010193 0.071194 0.001515 0.012953 0.16214 0.15742 0.098632 0.33227 0.41313 0.11124 0.39222 0.05646 0.060513 0.22432 0.27372 0.15028 0 0.10529 -0.048647 -0.027949 -0.077171 0.1358 0.058937 0.068766 -0.026128 0.44619 0.21318 0.064983 0.14746 0.13982 0.14886 -0.062233 0.05214 0.095234 0.095158 0.045959 0.035189 0.0062665 0.11752 0.124 0.06882 0.28763 0.3072 0.10695 0.3851 0.061388 0.016306 0.22009 0.27645 0.18098 0.44805 0.084186 -0.076272 -0.028616 -0.043947 0.11242 0.046223 0.049785 -0.018611 0.42003 0.15919 -0.0049451 0.13711 0.08346 0.14062 -0.074721 0.079802 0.10381 0.067807 0.007246
0.12986 0.18064 0.053061 0.19841 0.0243 0.073231 0.013853 0.049122 0.12452 0.2007 0.13288 0.039596 0.16638 0.061948 0.073439 0.016616 0.032963 0.099283 -0.022091 0.40456 -0.095164 0.37081 0.029897 0.096944 -0.042756 -0.04277 0.079455 0.04897 0.069522 0.37747 -0.014277 -0.21853 0.10529 0 0.12712 -0.21825 -0.012734 0.43418 0.54208 0.28616 0.60411 0.21769 0.10284 0.15393 0.32559 0.3889 0.15399 0.3568 -0.074497 -0.017601 0.37483 0.49943 0.018384 0.35827 -0.10998 0.35047 0.00033885 0.085965 -0.073173 -0.043564 0.10709 0.042687 0.044345 0.34469 -0.027115 -0.22823 0.13932 0.78916 0.17752 -0.2329 0.059946 0.4116 0.46529 0.3388 0.54672 0.27317 0.091722 0.13618 0.25856 0.31348 0.15171 0.42179 -0.10439 -0.041291 0.32992 0.46959
0.082746 0.10251 0.22354 0.1732 0.071829 -0.027166 0.027108 -0.024878 0.032768 0.21751 0.022532 0.1906 0.14636 0.02403 -0.032048 0.012603 -0.020814 0.024897 0.50903 0.19604 0.54718 -0.074054 0.065545 0.13259 0.23406 0.43719 -0.22989 0.00044517 0.42477 -0.038311 -0.15724 0.22494 -0.048647 0.12712 0 0.39089 0.84766 -0.004772 0.093488 0.088264 0.36798 -0.097849 -0.10675 0.55594 0.49729 0.28901 0.26644 0.66072 -0.048607 0.01532 0.12989 0.3748 0.27918 0.19146 0.3438 -0.092595 0.025313 0.065671 0.12186 0.20984 -0.29184 -0.0015096 0.285 -0.03938 -0.19285 0.059696 -0.049291 0.11059 0.66987 0.27196 0.60506 -0.030173 0.087297 0.026925 0.30681 -0.15209 -0.11188 0.2288 0.25335 0.17339 0.20822 0.44248 -0.042979 -0.025784 0.13156 0.32983
-0.068262 -0.071512 -0.012816 -0.092911 0.0046826 0.025283 0.077734 -0.083121 -0.062307 0.088994 -0.14923 -0.048187 -0.1067 -0.044964 -0.0087751 0.042454 -0.077296 -0.052674 0.2196 -0.21611 0.46356 -0.17734 0.040063 0.043497 0.3568 0.38994 -0.044374 -0.0059943 0.28993 -0.16386 0.079297 0.58314 -0.027949 -0.21825 0.39089 0 0.61281 -0.16498 -0.1446 -0.12494 -0.077538 -0.087382 -0.1688 0.20158 0.21178 -0.078538 0.034608 0.19485 0.14945 0.088027 -0.07746 -0.1181 -0.0094016 -0.22143 0.18663 -0.19246 0.042492 0.013633 0.10609 0.17998 -0.20387 -0.0056367 0.10939 -0.15627 -0.027019 0.26341 -0.040021 -0.19349 0.092355 0.55814 0.22278 -0.1797 -0.11126 -0.22455 -0.10199 -0.28993 -0.23868 -0.13446 -0.10462 -0.13852 -0.0014732 -0.061054 0.12068 0.074894 -0.063019 -0.12737
0.010495 0.0033494 0.1359 0.06263 0.053856 -0.016587 0.074721 -0.073481 -0.016433 0.18343 -0.067234 0.11128 0.050693 -0.0095213 -0.040278 0.050187 -0.060057 -0.0071791 0.55538 0.012014 0.542 -0.13664 0.06965 0.099393 0.24503 0.46991 -0.24955 0.010801 0.46909 -0.08137 -0.094183 0.37067 -0.077171 -0.012734 0.84766 0.61281 0 -0.081054 -0.020855 -0.04393 0.24407 -0.22534 -0.20394 0.42518 0.34146 0.16236 0.24774 0.54703 0.035439 0.038968 0.022052 0.20317 0.28723 -0.02608 0.29957 -0.14766 0.049328 0.036058 0.0217 0.23958 -0.34405 0.0078867 0.28258 -0.08977 -0.16937 0.10861 -0.083291 -0.018243 0.51381 0.47324 0.59795 -0.10122 0.011077 -0.131 0.15931 -0.32395 -0.22115 0.081556 0.0189 0.062541 0.17599 0.24008 -0.025139 0.0032104 0.044053 0.16828
0.11525 0.23466 0.0949 0.12992 0.050507 0.087953 -0.013918 0.049442 0.17352 0.13087 0.23881 0.092643 0.12826 0.060598 0.07035 -0.051297 0.049006 0.16587 -0.044026 0.28489 -0.12652 0.8784 0.023893 0.27985 0.0087567 -0.13178 0.16108 0.34752 0.098289 0.91523 -0.00070057 -0.20508 0.1358 0.43418 -0.004772 -0.16498 -0.081054 0 0.41843 0.23711 0.3647 0.29066 0.12932 0.03469 0.1109 0.56293 0.093644 0.13883 -0.056401 -0.027268 0.32623 0.36731 -0.015545 0.27478 -0.16236 0.84119 0.0056441 0.29783 -0.039312 -0.062867 0.20093 0.40903 0.086601 0.87386 0.0021112 -0.20016 0.14516 0.39968 0.030067 -0.18157 -0.0394 0.96668 0.44802 0.25348 0.39504 0.33432 0.14686 0.031642 0.083318 0.52341 0.0764 0.26382 -0.068499 -0.051004 0.29189 0.36158
0.067782 0.13931 0.010536 0.18736 0.073994 0.090447 0.050485 0.024271 0.09899 0.2693 0.063548 0.0077756 0.11197 0.064243 0.077374 0.037159 0.0066556 0.081775 0.061389 0.32982 -0.02058 0.31484 0.047018 0.091807 -0.065911 0.012037 0.04944 0.010377 0.038654 0.34163 0.017427 -0.12927 0.058937 0.54208 0.093488 -0.1446 -0.020855 0.41843 0 0.11682 0.89196 0.10178 0.025065 0.071923 0.32961 0.43634 0.28955 0.4228 -0.018229 0.032787 0.49324 0.61051 0.035296 0.28946 -0.16086 0.2878 0.0010159 0.079599 -0.1441 -0.039599 0.027478 0.00566 -0.012736 0.31123 -0.02114 -0.21105 0.079922 0.48747 0.072557 -0.22259 -0.08189 0.3817 0.89607 0.14487 0.78685 0.10693 0.0014964 -0.032846 0.1609 0.33921 0.24222 0.40182 -0.097973 -0.022886 0.40826 0.50805
0.36149 0.33367 0.20164 0.21647 0.093094 0.10114 -0.12007 0.071185 0.19118 0.30829 0.34752 0.22583 0.22397 0.089204 0.083698 -0.10627 0.067588 0.18822 -0.10745 0.41766 0.10346 0.090209 0.042548 -0.052029 0.20378 0.030416 0.41453 0.031717 0.25857 0.11125 -0.017568 -0.089241 0.068766 0.28616 0.088264 -0.12494 -0.04393 0.23711 0.11682 0 0.099919 0.53796 0.367 0.43906 0.28639 0.17844 -0.085614 0.36184 -0.080862 -0.053027 0.20224 0.35346 -0.072943 0.38644 0.1657 0.09454 0.043172 -0.058242 0.25542 0.059664 0.41958 0.035397 0.24452 0.069748 0.089024 0.0077857 0.035081 0.23295 0.18508 -0.078722 0.10641 0.25617 0.09633 0.69292 0.12671 0.51584 0.33737 0.44133 0.3397 0.080691 -0.055694 0.38418 -0.087826 -0.086551 0.19338 0.37025
0.079566 0.11935 0.078194 0.27661 0.090073 0.058195 0.068062 0.016551 0.073424 0.27953 0.069037 0.062535 0.21407 0.067224 0.060031 0.069916 -0.0044966 0.06486 0.16718 0.40217 0.11677 0.28987 0.056144 0.13957 -0.10888 0.1352 -0.13293 0.063143 0.12647 0.29063 -0.066863 -0.14601 -0.026128 0.60411 0.36798 -0.077538 0.24407 0.3647 0.89196 0.099919 0 -0.07094 -0.025439 0.15602 0.49078 0.51575 0.30195 0.55635 -0.055361 0.0088927 0.42195 0.63987 0.12297 0.35373 -0.070743 0.26099 0.0015575 0.11895 -0.20679 0.026239 -0.1443 0.067463 0.077328 0.27488 -0.11669 -0.2477 0.034241 0.57102 0.31643 -0.1864 0.10483 0.33354 0.81707 0.13198 0.91174 -0.020309 -0.039899 0.037421 0.28212 0.44923 0.25338 0.49803 -0.12491 -0.036236 0.33955 0.55817
0.18185 0.19086 0.085127 0.039709 0.0099703 0.27018 -0.033319 0.045583 0.15179 0.22709 0.19413 0.065744 0.023954 0.040052 0.25624 -0.028077 0.073097 0.15746 -0.070186 0.094236 0.30378 0.2924 0.043674 0.10311 0.69981 -0.031998 0.81569 -0.011959 0.095015 0.25587 0.3898 0.24799 0.44619 0.21769 -0.097849 -0.087382 -0.22534 0.29066 0.10178 0.53796 -0.07094 0 0.43182 0.31484 0.36478 0.17018 0.033249 0.069826 0.12094 0.048403 0.13166 0.059717 -0.044608 0.079752 0.19908 0.24448 0.053885 0.09282 0.54053 -0.023713 0.77922 0.057845 0.0023433 0.24138 0.3916 0.31045 0.36713 0.16754 -0.18572 -0.11128 -0.20935 0.29608 0.090275 0.41527 -0.063664 0.92109 0.35121 0.15685 0.32643 0.021977 0.059266 0.0090256 0.15161 0.074971 0.1331 0.032445
0.092979 0.16048 0.17259 0.13283 0.05751 0.22824 0.0013063 0.1184 0.13609 0.085239 0.18729 0.17244 0.11783 0.059105 0.23755 0.0076338 0.12372 0.1358 -0.13944 0.28273 -0.041979 0.075675 0.060592 0.04176 0.11953 -0.077472 0.46276 0.078496 0.20611 0.086158 0.38939 -0.0086453 0.21318 0.10284 -0.10675 -0.1688 -0.20394 0.12932 0.025065 0.367 -0.025439 0.43182 0 0.055219 0.35482 -0.031578 0.036236 -0.054909 0.041558 0.039335 0.15948 0.18467 -0.090366 0.26732 -0.058666 0.065532 0.043612 0.032909 0.059233 -0.049555 0.43058 0.08454 0.14796 0.065295 0.41653 0.067856 0.15659 0.086462 -0.093474 -0.17568 -0.10484 0.12694 0.017753 0.31274 -0.0087485 0.38095 0.57769 0.040308 0.32981 -0.077553 0.064711 -0.0086931 0.035376 0.046573 0.14103 0.17913
0.3561 0.20871 0.24611 0.157 0.072033 0.0019067 -0.12519 -0.00026447 0.10027 0.44333 0.19094 0.22367 0.13638 0.043004 -0.019392 -0.10742 -0.012117 0.11594 0.016116 0.25868 0.69649 -0.016288 0.042441 -0.009227 0.51644 0.39507 0.094525 -0.084668 0.43529 -0.0094977 -0.21153 0.034772 0.064983 0.15393 0.55594 0.20158 0.42518 0.03469 0.071923 0.43906 0.15602 0.31484 0.055219 0 0.44842 0.42464 -0.10525 0.66701 -0.12768 -0.090433 0.08916 0.26402 0.0046432 0.2249 0.55053 -0.036956 0.036191 -0.045026 0.45222 0.22744 0.043203 -0.06698 0.287 -0.027853 -0.14208 0.081418 0.022178 0.1243 0.44693 0.20457 0.31918 0.043625 0.019202 0.37723 0.1196 0.29005 0.036338 0.70911 0.27597 0.2235 -0.07271 0.45717 -0.090893 -0.12776 0.082765 0.21249
0.029625 0.1573 0.1917 0.16424 0.066104 0.17802 0.064675 0.011416 0.073951 0.26699 0.072595 0.11365 0.12597 0.05023 0.16449 0.046817 0.02082 0.081274 0.18983 0.32311 0.40123 0.086533 0.070835 0.094594 0.36355 0.21826 0.25559 -0.014743 0.29036 0.078366 0.26464 0.35392 0.14746 0.32559 0.49729 0.21178 0.34146 0.1109 0.32961 0.28639 0.49078 0.36478 0.35482 0.44842 0 0.2942 0.18588 0.48112 0.11104 0.064267 0.20304 0.31152 0.040712 0.24741 0.10809 0.037111 0.045716 0.061035 0.055324 0.088884 0.11172 0.0083096 0.058379 0.070715 0.13672 0.10808 0.1267 0.31932 0.18298 -0.037933 0.052675 0.085013 0.28003 0.15707 0.40585 0.14845 0.17807 0.031088 0.52872 0.16301 0.17899 0.22413 0.089886 0.051652 0.18406 0.25543
0.17756 0.12491 0.057382 0.11558 0.012358 0.081926 0.030378 0.0097268 0.054248 0.25078 0.08732 0.072184 0.099918 0.016298 0.075831 0.033912 0.0041104 0.059445 0.080213 0.26622 0.37397 0.64085 0.087152 0.49979 0.35446 0.37563 -0.010701 0.29953 0.18745 0.66064 -0.090315 -0.11193 0.13982 0.3889 0.28901 -0.078538 0.16236 0.56293 0.43634 0.17844 0.51575 0.17018 -0.031578 0.42464 0.2942 0 0.083651 0.51817 -0.060168 -0.012905 0.18058 0.37099 0.067082 0.25133 0.18354 0.60228 0.046511 0.45541 0.2007 0.31687 0.035051 0.26548 0.12817 0.66116 -0.086374 -0.12623 0.15183 0.34965 0.29831 -0.10654 0.1582 0.5482 0.37394 0.201 0.46693 0.26828 -0.015441 0.24952 0.16699 0.93878 0.037583 0.44192 -0.07155 -0.038183 0.15735 0.32291
-0.17642 -0.11331 -0.068029 -0.026493 0.0069069 0.22074 0.23563 0.0049755 -0.0016322 -0.12517 -0.16821 -0.096196 -0.051029 -0.017327 0.21502 0.20382 0.011684 0.010556 0.74021 0.047326 0.078162 0.17051 0.10949 0.34232 0.11006 0.18499 -0.0018362 0.16517 0.08077 0.20551 0.19596 0.39507 0.14886 0.15399 0.26644 0.034608 0.24774 0.093644 0.28955 -0.085614 0.30195 0.033249 0.036236 -0.10525 0.18588 0.083651 0 0.11784 0.076918 0.23071 0.56746 0.31103 0.59696 0.041741 -0.068488 0.13677 0.074025 0.32641 -0.037215 0.098339 -0.052872 0.14582 0.02658 0.19157 0.11807 0.21515 0.15915 0.18805 0.12151 -0.035925 0.087179 0.029327 0.32405 -0.10023 0.29682 0.0049158 0.037778 -0.18079 0.078831 0.10091 0.85554 0.054131 0.040725 0.2105 0.46939 0.25701
0.34704 0.22802 0.18069 0.24593 0.10878 -0.065088 -0.057575 0.0023245 0.1129 0.38545 0.21588 0.18073 0.22521 0.082158 -0.07886 -0.061721 -0.027949 0.13565 0.24627 0.37504 0.44683 0.025871 0.063819 0.013851 0.22533 0.43388 -0.15702 -0.10808 0.3933 0.062349 -0.29368 0.11097 -0.062233 0.3568 0.66072 0.19485 0.54703 0.13883 0.4228 0.36184 0.55635 0.069826 -0.054909 0.66701 0.48112 0.51817 0.11784 0 -0.085993 -0.039222 0.29589 0.58216 0.20264 0.36652 0.38235 0.015996 0.023275 -0.050991 0.27735 0.2901 -0.15201 -0.082355 0.31921 0.042086 -0.26295 0.11632 -0.053298 0.29821 0.62134 0.2207 0.50118 0.13468 0.31492 0.33458 0.48309 0.12684 -0.027436 0.50352 0.40419 0.37264 0.10211 0.83316 -0.069186 -0.079659 0.23116 0.52131
-0.10256 -0.049514 -0.053705 -0.070662 -0.028723 0.054542 0.044501 -0.0058036 -0.030994 -0.025581 -0.090019 -0.084897 -0.085463 -0.040876 0.041871 0.041281 -0.013756 -0.037587 0.11422 -0.12955 0.02293 -0.030333 0.030474 0.066097 0.15638 0.020317 0.12878 0.02009 -0.035316 -0.017645 0.27086 0.30869 0.05214 -0.074497 -0.048607 0.14945 0.035439 -0.056401 -0.018229 -0.080862 -0.055361 0.12094 0.041558 -0.12768 0.11104 -0.060168 0.076918 -0.085993 0 0.092241 -0.072537 -0.12774 0.038159 -0.14574 -0.10224 -0.025666 0.0087177 0.060852 -0.015717 0.015616 0.059675 0.030959 -0.098176 -0.015602 0.15057 0.19655 0.031074 -0.0601 -0.1635 0.056652 -0.12004 -0.051475 -6.8075e-05 -0.16181 -0.074696 -0.00212 -0.01128 -0.25763 -0.017667 -0.044559 0.063247 -0.18526 0.21547 0.08879 -0.039579 -0.14471
-0.064315 -0.05742 -0.047615 -0.020498 -0.020376 0.15272 0.13522 0.0013689 -0.019854 -0.0048433 -0.07835 -0.067057 -0.046202 -0.012605 0.13345 0.10802 -0.014329 0.027334 0.15899 -0.04372 0.013213 0.012295 0.10381 0.1519 0.11359 0.12456 0.048708 0.054153 0.053603 0.010669 0.18111 0.28297 0.095234 -0.017601 0.01532 0.088027 0.038968 -0.027268 0.032787 -0.053027 0.0088927 0.048403 0.039335 -0.090433 0.064267 -0.012905 0.23071 -0.039222 0.092241 0 0.032027 0.023805 0.094677 -0.066686 -0.051289 0.0015745 0.039605 0.12471 0.022405 0.094945 0.03015 0.046834 -0.024416 0.026089 0.1364 0.21142 0.067862 -0.017506 -0.037759 0.029243 -0.023378 -0.03776 0.01932 -0.092586 -0.012632 0.010724 0.0070872 -0.14508 0.032093 -0.016587 0.1973 -0.082367 0.10297 0.17055 0.01783 0.0072581
0.032707 0.17076 0.074646 0.13134 0.064244 0.11973 0.01705 0.046974 0.12533 0.038623 0.17111 0.067943 0.12197 0.075733 0.099641 0.014882 0.04317 0.16973 0.17652 0.28995 -0.012907 0.20529 0.051489 0.11724 0.0071108 -0.00012349 0.12631 0.12191 0.13522 0.27519 0.033761 -0.074535 0.095158 0.37483 0.12989 -0.07746 0.022052 0.32623 0.49324 0.20224 0.42195 0.13166 0.15948 0.08916 0.20304 0.18058 0.56746 0.29589 -0.072537 0.032027 0 0.50618 0.23468 0.29643 -0.00022558 0.20428 0.039656 0.12667 0.018742 -0.011182 0.10703 0.11385 0.13721 0.24684 0.054433 -0.055199 0.11142 0.36264 0.1832 -0.077096 0.093246 0.29757 0.45804 0.24174 0.41401 0.1772 0.16794 0.080606 0.20676 0.16671 0.54132 0.36259 -0.045577 -0.0052481 0.65871 0.46537
0.22598 0.28669 0.18443 0.35075 0.1448 0.085554 0.03218 0.086706 0.18263 0.22784 0.28062 0.1911 0.31921 0.12305 0.08608 0.031417 0.06194 0.19253 0.12994 0.56567 -0.044738 0.23842 0.10193 0.14119 -0.08783 0.096256 -0.028503 0.11368 0.32887 0.28067 -0.077142 -0.19657 0.045959 0.49943 0.3748 -0.1181 0.20317 0.36731 0.61051 0.35346 0.63987 0.059717 0.18467 0.26402 0.31152 0.37099 0.31103 0.58216 -0.12774 0.023805 0.50618 0 0.16795 0.53939 -0.0060257 0.23211 0.054747 0.097902 -0.03905 0.069665 0.0077191 0.11547 0.32288 0.25131 -0.048779 -0.15099 0.060148 0.466 0.48846 -0.08793 0.3319 0.35752 0.53497 0.40383 0.61112 0.16593 0.20165 0.26272 0.33995 0.31989 0.28142 0.647 -0.12789 -0.032224 0.41481 0.77396
-0.033008 -0.11893 -0.02558 -0.016247 -0.0061021 0.031978 0.094216 -0.020462 -0.032834 -0.14063 -0.14103 -0.023553 0.0070825 -0.016203 0.039642 0.10446 -0.013109 -0.0075135 0.6716 0.026668 0.043241 0.07479 0.020835 0.25006 0.053727 0.13958 -0.15698 0.1504 0.090884 0.082667 -0.041927 0.24959 0.035189 0.018384 0.27918 -0.0094016 0.28723 -0.015545 0.035296 -0.072943 0.12297 -0.044608 -0.090366 0.0046432 0.040712 0.067082 0.59696 0.20264 0.038159 0.094677 0.23468 0.16795 0 0.037891 0.17676 0.080577 0.036811 0.2766 0.17103 0.207 -0.15195 0.099041 0.12334 0.078367 -0.032972 0.41827 0.043574 0.036698 0.4209 0.16331 0.46153 -0.047857 0.078813 -0.040307 0.17202 0.02145 -0.041404 0.041256 0.23954 0.062095 0.71881 0.20422 0.055685 0.16715 0.20526 0.15851
