0,0.33047953248024,0.26849564909935,0.277357339859009,0.0842547342181206,-0.00327225076034665,-0.0873339921236038,0.0611581057310104,0.206589937210083,0.724277257919312,0.407384246587753,0.354961156845093,0.293825387954712,0.110672503709793,0.00580476270988584,-0.0925906226038933,0.0431559979915619,0.26090195775032,-0.136923119425774,0.227231532335281,0.0683065950870514,-0.0295354407280684,0.0255422871559858,-0.0467113107442856,0.0779160633683205,0.143054589629173,0.110381200909615,0.0366382449865341,0.194836601614952,-0.0010393779957667,-0.14001527428627,-0.0822692438960075,0.0168651323765516,0.122706770896912,0.0862687081098557,-0.0480199903249741,0.0162337943911552,0.109208010137081,0.0692160576581955,0.359060198068619,0.0773946419358253,0.195493012666702,0.0995972380042076,0.352127075195312,0.0510097853839397,0.175244599580765,-0.152815699577332,0.344809085130692,-0.0899667888879776,-0.0595408342778683,0.0388326942920685,0.227849334478378,-0.00984806381165981,0.272648334503174,0.411347568035126,-0.0238534677773714,0.03462228551507,-0.0689725875854492,0.369163483381271,0.241251140832901,0.200116276741028,0.0213871505111456,0.320344686508179,-0.032528780400753,-0.0205810628831387,0.144436120986938,0.0240516625344753,0.136965796351433,0.378566265106201,0.196409940719604,0.292710512876511,0.123280018568039,0.0718764364719391,0.443852454423904,0.176149412989616,0.315294235944748,0.177895098924637,0.580700635910034,0.398548811674118,0.191625490784645,-0.111554145812988,0.524132370948792,0.00747303338721395,-0.0725154653191566,0.054915327578783,0.276626348495483
0.33047953248024,0,0.252494722604752,0.274835109710693,0.111494019627571,0.0165587570518255,-0.0766556188464165,0.071603536605835,0.217636227607727,0.347453564405441,0.489597767591476,0.2678003013134,0.259102284908295,0.100546836853027,-0.00193359737750143,-0.0903788581490517,0.0579451806843281,0.208064243197441,-0.0950687825679779,0.261510372161865,0.0486785024404526,0.0848354995250702,0.0218851938843727,-0.0416968502104282,0.0641881227493286,0.051529236137867,0.142342612147331,0.0852132886648178,0.1505097001791,0.126085922122002,-0.0292337257415056,-0.0963983833789825,0.0164133366197348,0.173633813858032,0.115929432213306,-0.063932366669178,0.0107462555170059,0.224461153149605,0.138310551643372,0.332249671220779,0.12471566349268,0.192296281456947,0.161258578300476,0.21612910926342,0.173031017184258,0.133015409111977,-0.0947653725743294,0.237289592623711,-0.0444610081613064,-0.0531924553215504,0.173507735133171,0.292474627494812,-0.107326664030552,0.258176922798157,0.061358243227005,0.0831174924969673,0.015909219160676,-0.0653072819113731,0.0663875415921211,0.0017172081861645,0.127553716301918,0.0829895064234734,0.133819252252579,0.0853452458977699,-0.0138373384252191,-0.0848716348409653,-0.0119122667238116,0.104711152613163,0.160427019000053,-0.0359192974865437,0.0769782736897469,0.254907965660095,0.0833154916763306,0.313044279813766,0.0982551202178001,0.181018769741058,0.151395961642265,0.18344883620739,0.162724986672401,0.0698958411812782,-0.107531331479549,0.225800842046738,-0.0475423075258732,-0.0694698095321655,0.158350065350533,0.267166912555695
0.26849564909935,0.252494722604752,0,0.392261922359467,0.101683907210827,0.0294626336544752,-0.0221820063889027,0.147360920906067,0.140656754374504,0.286835104227066,0.272203594446182,0.580413222312927,0.381766676902771,0.0694228708744049,0.0241662506014109,-0.0329962149262428,0.119529962539673,0.156018123030663,-0.0193350985646248,0.203131631016731,0.117501400411129,0.00390146183781326,0.011157195083797,-0.0325502380728722,0.032558374106884,0.0523756518959999,0.0783127695322037,0.00812874920666218,0.195645809173584,0.0275650098919868,-0.0081959730014205,-0.0608100555837154,-0.0230799447745085,0.0510835982859135,0.230583727359772,-0.00775690842419863,0.13704639673233,0.0898082405328751,0.00669274525716901,0.201540097594261,0.0763205215334892,0.0893712788820267,0.173044621944427,0.251889526844025,0.204998478293419,0.0627079904079437,-0.0620460845530033,0.18837134540081,-0.0521170347929001,-0.0506291724741459,0.0760188698768616,0.188088923692703,-0.0182997044175863,0.179158389568329,0.108666077256203,-0.0123912328854203,0.0344499535858631,-0.0568456202745438,0.0305701345205307,0.0251868218183517,0.0610363334417343,0.018661430105567,0.162255942821503,-0.000141571159474552,-0.00226954906247556,-0.0710204839706421,-0.0150550110265613,0.0249325130134821,0.199971348047256,-0.0235707852989435,0.139562577009201,0.100255638360977,-0.0177259016782045,0.200433611869812,0.0836899057030678,0.0749149918556213,0.123230710625648,0.172238126397133,0.157343283295631,0.0174403712153435,-0.0641336962580681,0.179966911673546,-0.060841903090477,-0.0512750148773193,0.0851356610655785,0.177860632538795
0.277357339859009,0.274835109710693,0.392261922359467,0,0.196317985653877,0.00855980347841978,-0.0114255864173174,0.10772467404604,0.138462021946907,0.256521254777908,0.279034405946732,0.37318229675293,0.645722448825836,0.125863626599312,0.00235715438611805,-0.0185978561639786,0.0946914330124855,0.146633103489876,-0.0441630333662033,0.296344935894012,-0.0289867781102657,0.0301634166389704,0.0125031508505344,-0.0128111476078629,-0.086209312081337,0.0241896919906139,0.00510242534801364,0.0311605557799339,0.148720756173134,0.0489655993878841,-0.0325386971235275,-0.147700652480125,-0.0221350286155939,0.189566731452942,0.174675032496452,-0.0893862545490265,0.0612826570868492,0.121480159461498,0.18824876844883,0.213828593492508,0.28161284327507,0.0368821509182453,0.126155242323875,0.161389634013176,0.171699479222298,0.123649246990681,-0.0111710028722882,0.25670525431633,-0.0670262053608894,-0.0231357701122761,0.135905638337135,0.353030025959015,-0.0108648492023349,0.286207973957062,0.0149725982919335,0.0319230295717716,0.0125123811885715,-0.0334511883556843,-0.0445328094065189,-0.0113498540595174,0.0158988162875175,0.0384386479854584,0.152329713106155,0.0306316576898098,-0.0299623683094978,-0.127705127000809,0.00412081554532051,0.15100933611393,0.257849216461182,-0.059649296104908,0.151156276464462,0.138566449284554,0.118677422404289,0.248698428273201,0.26308274269104,0.0721540972590446,0.130501806735992,0.178221702575684,0.182619214057922,0.0986012518405914,-0.028982887044549,0.308579355478287,-0.063886746764183,-0.0544185154139996,0.129848510026932,0.349264919757843
0.0842547342181206,0.111494019627571,0.101683907210827,0.196317985653877,0,-0.00289819319732487,-0.0189340654760599,0.0202639736235142,0.0537361986935139,0.0947780087590218,0.100766345858574,0.110541477799416,0.166367158293724,0.0452935695648193,-0.00420355750247836,-0.0262559279799461,0.0192175675183535,0.0589782521128654,-0.0138513837009668,0.101666323840618,0.000826492730993778,0.00072530226316303,0.0118254693225026,-0.00801721680909395,-0.0194458141922951,0.00522629078477621,-0.00806251354515553,-0.00934854708611965,0.0698276981711388,0.00483900075778365,-0.0287830624729395,-0.0323469638824463,-0.0117550883442163,0.022698225453496,0.0686443448066711,0.00398652721196413,0.0522441789507866,0.0466822348535061,0.0738760009407997,0.093567781150341,0.0926396250724792,0.00827542599290609,0.0522205121815205,0.0717121288180351,0.0674910172820091,0.0164360348135233,0.00940760038793087,0.109916344285011,-0.0284939557313919,-0.0211480278521776,0.0619392581284046,0.142606943845749,-0.00605289964005351,0.111094571650028,-0.0174676962196827,-0.00709486659616232,-0.012568537145853,-0.0301032606512308,-0.0357633195817471,-0.0103786010295153,-0.00959524419158697,-0.000139955431222916,0.0618731267750263,-0.00704331882297993,-0.0241036247462034,-0.0446618534624577,-0.0181340035051107,0.0268581863492727,0.0852978676557541,-0.00957366731017828,0.0638217777013779,0.0471008941531181,0.0547419376671314,0.0775372758507729,0.0799355432391167,-0.00357911223545671,0.0251763500273228,0.0435565263032913,0.0489170737564564,-0.00530908768996596,-0.00834207329899073,0.105857163667679,-0.0388370156288147,-0.0204501878470182,0.0446455031633377,0.128026112914085
-0.00327225076034665,0.0165587570518255,0.0294626336544752,0.00855980347841978,-0.00289819319732487,0,0.166657209396362,0.0214706435799599,0.0858622118830681,0.05504335090518,0.00279084523208439,0.0226938594132662,0.00013716658577323,-0.0171394273638725,0.433073997497559,0.168150335550308,0.0414475426077843,0.0707947462797165,0.0522975698113441,0.038573682308197,0.134742423892021,0.09919822961092,0.134610459208488,0.219007268548012,0.236724436283112,0.11982648819685,0.337187707424164,0.131228223443031,0.0772279277443886,0.125120505690575,0.303128510713577,0.201531633734703,0.275985062122345,0.0698899626731873,-0.037905640900135,0.0167802162468433,-0.0271210949867964,0.0871269479393959,0.0851308703422546,0.0972457528114319,0.0457474663853645,0.260864764451981,0.231144085526466,-0.00837970059365034,0.162929490208626,0.0767131745815277,0.203394636511803,-0.0805917233228683,0.0514589175581932,0.147499442100525,0.109477341175079,0.074841670691967,0.0156389120966196,0.0285351686179638,0.00750854285433888,0.0787907093763351,0.0885929986834526,0.21125665307045,0.131864860653877,0.0890379324555397,0.286886751651764,0.132164984941483,0.0171686913818121,0.111985132098198,0.28331458568573,0.132349982857704,0.233512535691261,0.063174232840538,-0.11310289055109,-0.0470815412700176,-0.0864513590931892,0.0663420408964157,0.0921130105853081,0.0422791950404644,0.0438055358827114,0.220683112740517,0.160598456859589,-0.0816989839076996,0.0750532671809196,0.0478023588657379,0.174060672521591,-0.109919607639313,0.0554054379463196,0.119468085467815,0.0955850332975388,0.049797959625721
-0.0873339921236038,-0.0766556188464165,-0.0221820063889027,-0.0114255864173174,-0.0189340654760599,0.166657209396362,0,-0.00918504688888788,-0.00591221638023853,-0.0419255830347538,-0.10022696107626,-0.0472441613674164,-0.0307245161384344,-0.02721375413239,0.17049752175808,0.251013815402985,-0.00769249070435762,-0.0281574837863445,0.142733380198479,-0.038365013897419,0.048133809119463,0.0295434650033712,0.0742464363574982,0.175613060593605,0.0623346380889416,0.130137994885445,-0.00431847758591175,0.0720468536019325,0.0114621091634035,0.0444830469787121,0.162008136510849,0.163980051875114,0.0697224661707878,0.0151381492614746,0.0197866298258305,0.0744126290082932,0.0721366554498672,-0.00677129812538624,0.0516771115362644,-0.120622634887695,0.0621299929916859,-0.0399833768606186,-0.0015557004371658,-0.127868741750717,0.0496647953987122,0.0280666183680296,0.224441692233086,-0.0666696056723595,0.040395624935627,0.131330341100693,0.0129653327167034,0.0283376723527908,0.0814151242375374,-0.0494767054915428,-0.0624488182365894,0.0221951249986887,0.0305148512125015,0.155239894986153,-0.0364070050418377,0.0780338123440742,-0.0281082168221474,0.0609931759536266,-0.0242561157792807,0.0391142852604389,0.0908751487731934,0.0855539888143539,0.055567279458046,0.0195675380527973,-0.0559652559459209,-0.015841132029891,-0.0237200185656548,-0.0235769338905811,0.0584040842950344,-0.13809809088707,0.0658199787139893,-0.059019323438406,-0.021068811416626,-0.183034479618073,-0.0240391902625561,0.0373476594686508,0.180889278650284,-0.124041698873043,0.028039613738656,0.108106419444084,0.000766870391089469,-0.00599571969360113
0.0611581057310104,0.071603536605835,0.147360920906067,0.10772467404604,0.0202639736235142,0.0214706435799599,-0.00918504688888788,0,0.0512394830584526,0.0408625639975071,0.0782113671302795,0.12969234585762,0.105315819382668,0.0161274243146181,0.0341894142329693,0.000899499049410224,0.10964822769165,0.0633600726723671,-0.034553088247776,0.0887201130390167,-0.0599767416715622,0.0259214639663696,0.00138851907104254,-0.00735968910157681,-0.0419583544135094,-0.0193705391138792,0.0576277412474155,0.0193739645183086,0.0240028388798237,0.0150648932904005,0.0670153126120567,-0.0553242862224579,0.0238417461514473,0.0488650649785995,-0.0254519917070866,-0.0799078047275543,-0.073761984705925,0.0505042746663094,0.0250237304717302,0.0715053901076317,0.0161198507994413,0.048763569444418,0.120978161692619,-0.00123687775339931,0.0137601289898157,0.011024946346879,0.00706990761682391,0.000925114087294787,-0.00432632304728031,0.000184799544513226,0.0462402254343033,0.0866468995809555,-0.0205761324614286,0.0773814171552658,-0.0404755957424641,0.0280546117573977,-0.00433812569826841,-0.00028850045055151,-0.0176151841878891,0.00393332866951823,0.0695395767688751,0.0344340652227402,0.0318383947014809,0.00804468989372253,0.0653489008545876,-0.0380818881094456,0.00983239151537418,0.0466205105185509,0.000443231518147513,-0.082953542470932,-0.0130264321342111,0.0565686635673046,0.0144741693511605,0.0814507901668549,0.0332966186106205,0.0612160302698612,0.103563144803047,0.0197317805141211,0.0362683832645416,0.0101948697119951,0.0133277587592602,0.0545660816133022,-0.013953298330307,-3.64705920219421e-05,0.0577122271060944,0.0883802324533463
0.206589937210083,0.217636227607727,0.140656754374504,0.138462021946907,0.0537361986935139,0.0858622118830681,-0.00591221638023853,0.0512394830584526,0,0.218217477202415,0.22489632666111,0.13089956343174,0.134325355291367,0.0486507788300514,0.0714899152517319,-0.0202864017337561,0.0468148030340672,0.19427278637886,-0.0401609539985657,0.160409942269325,0.0102756060659885,0.0627939477562904,0.0212748274207115,0.0109057351946831,0.0325116775929928,0.0100432559847832,0.127560019493103,0.0265808664262295,0.0794742926955223,0.0919759348034859,0.0211838353425264,-0.0460838675498962,0.0657560452818871,0.113278821110725,0.0386273190379143,-0.0581897050142288,-0.0117720942944288,0.163352862000465,0.0936057269573212,0.187582194805145,0.0694606751203537,0.147530183196068,0.138151943683624,0.100548543035984,0.0812009125947952,0.0552324429154396,0.006086356472224,0.112958170473576,-0.0310380551964045,-0.0223084073513746,0.12200777977705,0.184191554784775,-0.0271121226251125,0.169970154762268,0.0456882789731026,0.0570068508386612,0.0290981307625771,-0.00637412210926414,0.0616703517735004,0.0173720046877861,0.141100957989693,0.0211412236094475,0.092935748398304,0.0818329229950905,0.0572005771100521,-0.00687243975698948,0.0364457964897156,0.0697320178151131,0.0872613117098808,-0.0313964150846004,0.0427143648266792,0.169640153646469,0.0721704885363579,0.182623699307442,0.0642537772655487,0.168450459837914,0.138331025838852,0.10742799192667,0.123779766261578,0.0256003774702549,0.00418050400912762,0.146862775087357,-0.0344786494970322,-0.00226096506230533,0.124269232153893,0.17410783469677
0.724277257919312,0.347453564405441,0.286835104227066,0.256521254777908,0.0947780087590218,0.05504335090518,-0.0419255830347538,0.0408625639975071,0.218217477202415,0,0.316595762968063,0.28001081943512,0.216647878289223,0.0984431654214859,0.0462571531534195,-0.0547606125473976,0.0344651341438293,0.226808711886406,-0.0439731925725937,0.224805742502213,0.262260764837265,-0.00362240173853934,0.0475860498845577,-0.0747605934739113,0.217280864715576,0.232157811522484,0.149699419736862,-0.0550389252603054,0.207865968346596,0.00594820687547326,-0.0137477982789278,0.074687771499157,0.0415490008890629,0.194279685616493,0.231154352426529,0.101335540413857,0.191187351942062,0.116159804165363,0.264385670423508,0.303853929042816,0.274107724428177,0.233212560415268,0.0850210189819336,0.451523125171661,0.288316965103149,0.246077999472618,-0.112770527601242,0.392033129930496,-0.0153371999040246,-0.00289869518019259,0.0367302969098091,0.221302807331085,-0.127846106886864,0.165704488754272,0.122231990098953,-0.0127148283645511,0.0258277654647827,-0.0864725187420845,0.11605391651392,0.124063208699226,0.0965155139565468,-0.0168095901608467,0.0969195812940598,-0.00144466094207019,-0.0215466152876616,0.0193867608904839,0.0254003293812275,0.129108458757401,0.138297379016876,0.0309353694319725,0.0518850013613701,0.131378754973412,0.146722167730331,0.255123436450958,0.160107627511024,0.14210744202137,0.0535119883716106,0.222351521253586,0.0910163447260857,0.0932463631033897,-0.103297866880894,0.324784904718399,-0.0357033051550388,-0.0484997890889645,0.0520563237369061,0.185775876045227
0.407384246587753,0.489597767591476,0.272203594446182,0.279034405946732,0.100766345858574,0.00279084523208439,-0.10022696107626,0.0782113671302795,0.22489632666111,0.316595762968063,0,0.324003368616104,0.307041525840759,0.113010235130787,-0.00460502225905657,-0.10606437921524,0.0932027474045753,0.249409601092339,-0.179280653595924,0.288098454475403,-0.0133204143494368,0.069425493478775,0.0173445828258991,-0.0573049895465374,0.0192154981195927,-0.0107665723189712,0.149232730269432,0.0691566690802574,0.131056308746338,0.110269293189049,-0.0546731129288673,-0.175651475787163,0.0208907295018435,0.125414997339249,0.0303133223205805,-0.140806272625923,-0.0630276575684547,0.229981869459152,0.0646016597747803,0.343873381614685,0.0742614790797234,0.200720056891441,0.188676953315735,0.193497940897942,0.087152399122715,0.0994857996702194,-0.147616505622864,0.222306728363037,-0.0822015702724457,-0.0751481503248215,0.171179816126823,0.285755664110184,-0.124913670122623,0.303248167037964,0.147257462143898,0.0797838494181633,0.00893862918019295,-0.0854990929365158,0.151940405368805,-0.000837631348986179,0.193901047110558,0.0513882413506508,0.18872931599617,0.0727489739656448,-0.00259970664046705,-0.0574156232178211,0.0116686169058084,0.137114733457565,0.236381679773331,-0.0081996088847518,0.149792537093163,0.265220195055008,0.0450604222714901,0.396772027015686,0.111624650657177,0.264167606830597,0.205062493681908,0.300771266222,0.262176662683487,0.0780628025531769,-0.125787109136581,0.312633872032166,-0.035689078271389,-0.0986043214797974,0.174571469426155,0.306087702512741
0.354961156845093,0.2678003013134,0.580413222312927,0.37318229675293,0.110541477799416,0.0226938594132662,-0.0472441613674164,0.12969234585762,0.13089956343174,0.28001081943512,0.324003368616104,0,0.401250422000885,0.0860696732997894,0.0246292520314455,-0.0337360687553883,0.147358536720276,0.152792155742645,-0.0637899562716484,0.205885097384453,0.0663055554032326,-0.0252547599375248,-0.00542674772441387,-0.0500055961310863,0.00382379256188869,0.0329871401190758,0.0853942483663559,0.0190292540937662,0.191335037350655,0.00635554641485214,-0.0454120747745037,-0.121403656899929,-0.0248327273875475,0.0353949889540672,0.191287517547607,-0.0458158403635025,0.109355732798576,0.0884622633457184,0.0022615825291723,0.224893391132355,0.0573742240667343,0.0745176821947098,0.17654749751091,0.227357462048531,0.127703547477722,0.0734271928668022,-0.0889419987797737,0.18434901535511,-0.0818331763148308,-0.0677562206983566,0.0713745728135109,0.193421855568886,-0.0152370575815439,0.240370631217957,0.185987547039986,-0.0479458756744862,0.0236886218190193,-0.0707849785685539,0.0912014469504356,0.0557650104165077,0.0875190421938896,0.00447269063442945,0.235589280724525,-0.0208052098751068,0.00219440856017172,-0.0387336984276772,0.00643001450225711,0.0394893176853657,0.279244780540466,0.0504807867109776,0.226069763302803,0.0977169051766396,-0.0497188605368137,0.269099295139313,0.0721225440502167,0.122280158102512,0.187236353754997,0.28138855099678,0.232848107814789,0.0337487049400806,-0.0837298408150673,0.240255177021027,-0.0532326810061932,-0.0525908395648003,0.0635740235447884,0.216786563396454
0.293825387954712,0.259102284908295,0.381766676902771,0.645722448825836,0.166367158293724,0.00013716658577323,-0.0307245161384344,0.105315819382668,0.134325355291367,0.216647878289223,0.307041525840759,0.401250422000885,0,0.147958844900131,0.00596072385087609,-0.00829309038817883,0.115793742239475,0.155941247940063,-0.0497855767607689,0.271443456411362,-0.0346504077315331,0.0284617785364389,0.0181598458439112,-0.0181971024721861,-0.0894815847277641,0.0092844320461154,-0.0064237886108458,0.0534760765731335,0.140307173132896,0.0453476570546627,-0.0694007053971291,-0.156825140118599,-0.0209402274340391,0.164301335811615,0.148955836892128,-0.104238882660866,0.0517580099403858,0.124160259962082,0.118105314671993,0.220431432127953,0.222803115844727,0.0212571937590837,0.112944558262825,0.139987245202065,0.131985306739807,0.107279039919376,-0.0332599952816963,0.23812535405159,-0.0819699987769127,-0.0504312701523304,0.131921544671059,0.325991123914719,0.0146957654505968,0.293816566467285,0.0296353287994862,0.0218212436884642,0.0161814838647842,-0.0182563345879316,-0.0340668372809887,0.0310144070535898,0.00457423040643334,0.0515747852623463,0.187668353319168,0.0274574365466833,-0.0411040894687176,-0.11407308280468,-0.00597871141508222,0.157286301255226,0.289852499961853,-0.0417226925492287,0.190225005149841,0.141023442149162,0.118011482059956,0.251782953739166,0.289637744426727,0.0717608854174614,0.12916773557663,0.199422851204872,0.195236295461655,0.101738162338734,-7.03632831573486e-05,0.326765149831772,-0.0844322741031647,-0.0477423295378685,0.131220832467079,0.381074219942093
0.110672503709793,0.100546836853027,0.0694228708744049,0.125863626599312,0.0452935695648193,-0.0171394273638725,-0.02721375413239,0.0161274243146181,0.0486507788300514,0.0984431654214859,0.113010235130787,0.0860696732997894,0.147958844900131,0,-0.00777092762291431,-0.0278514251112938,0.00820554699748755,0.0931158363819122,-0.0225473344326019,0.131164789199829,-0.0413540303707123,0.0157660208642483,0.0105955991894007,-0.0181719101965427,-0.027504013851285,-0.0173625834286213,0.0153188267722726,-0.00965916644781828,0.0350816398859024,0.0181167852133512,-0.029807772487402,-0.053536880761385,-0.000928816094528884,0.0591493472456932,0.0264596194028854,-0.0423575341701508,-0.00682622287422419,0.0599128045141697,0.065045952796936,0.0885820388793945,0.0692572519183159,0.0399342179298401,0.0557717569172382,0.0435834378004074,0.0521268844604492,0.0198170635849237,-0.0121958442032337,0.0857903137803078,-0.0392305888235569,-0.00996609404683113,0.0771386846899986,0.123256199061871,-0.0131814479827881,0.105324022471905,0.00119672378059477,0.0150742679834366,0.00587294483557343,-0.0207873918116093,-0.00650699343532324,-0.0102480556815863,0.0263102259486914,-0.0085693933069706,0.03227923437953,0.0203808508813381,-0.0123522588983178,-0.0300535466521978,-0.00819734297692776,0.0682506635785103,0.0784339085221291,-0.0332031100988388,0.057073749601841,0.0731746330857277,0.0690921992063522,0.0907635390758514,0.0869904384016991,0.0476845391094685,0.0698616728186607,0.0645155906677246,0.0921263247728348,0.00633880496025085,-0.0109691908583045,0.120385520160198,-0.0255447756499052,-0.0235894788056612,0.0661213845014572,0.136773243546486
0.00580476270988584,-0.00193359737750143,0.0241662506014109,0.00235715438611805,-0.00420355750247836,0.433073997497559,0.17049752175808,0.0341894142329693,0.0714899152517319,0.0462571531534195,-0.00460502225905657,0.0246292520314455,0.00596072385087609,-0.00777092762291431,0,0.21417698264122,0.0395437963306904,0.0681051686406136,0.0368271991610527,0.0359212569892406,0.120718352496624,0.0865914896130562,0.109406068921089,0.227170705795288,0.215915992856026,0.120016649365425,0.318532437086105,0.126321151852608,0.0769181028008461,0.106479719281197,0.307572484016418,0.165403619408607,0.273600608110428,0.0707480758428574,-0.0428001582622528,-0.0184619687497616,-0.0518819838762283,0.0715912207961082,0.0735301375389099,0.0788208544254303,0.0495923161506653,0.24516861140728,0.239659368991852,-0.0310240350663662,0.147688999772072,0.0744065269827843,0.201008945703506,-0.0926529616117477,0.0386816672980785,0.130265235900879,0.0895769521594048,0.0766154900193214,0.0245052464306355,0.0460146330296993,0.0554841905832291,0.0752457082271576,0.103995233774185,0.224408105015755,0.159649565815926,0.129970580339432,0.302710592746735,0.110882245004177,0.0535517297685146,0.0997265726327896,0.273862719535828,0.149680778384209,0.279149293899536,0.0618415214121342,-0.0820697471499443,-0.0464970171451569,-0.0664654448628426,0.0620873048901558,0.101389601826668,0.0668437778949738,0.0446082763373852,0.23999696969986,0.180179536342621,-0.0566705428063869,0.0988124310970306,0.070876881480217,0.194581642746925,-0.0856142714619637,0.0357120037078857,0.137911528348923,0.0959500819444656,0.0743200555443764
-0.0925906226038933,-0.0903788581490517,-0.0329962149262428,-0.0185978561639786,-0.0262559279799461,0.168150335550308,0.251013815402985,0.000899499049410224,-0.0202864017337561,-0.0547606125473976,-0.10606437921524,-0.0337360687553883,-0.00829309038817883,-0.0278514251112938,0.21417698264122,0,0.0149415517225862,-0.00624692114070058,0.10717049986124,-0.0353180840611458,0.0445629209280014,0.0269714221358299,0.0767372399568558,0.167409390211105,0.0431917756795883,0.120366707444191,-0.01200055424124,0.0283211432397366,0.0119991842657328,0.0351973623037338,0.135344952344894,0.122173935174942,0.0939342156052589,0.0186982415616512,0.00696468958631158,0.040958046913147,0.0475552640855312,-0.0474176816642284,0.0374341309070587,-0.108994856476784,0.0640138909220695,-0.0359422191977501,0.00490132719278336,-0.109409943223,0.0336702316999435,0.0303407665342093,0.191723048686981,-0.0688528940081596,0.0387706719338894,0.106799453496933,0.00776490336284041,0.0247713401913643,0.090863473713398,-0.0361664816737175,-0.0210912935435772,0.0185507107526064,0.0454175807535648,0.177769184112549,-0.0086169820278883,0.123493209481239,-0.0253331214189529,0.022907130420208,-0.00226996629498899,0.0291773658245802,0.103912331163883,0.0890791341662407,0.0995205938816071,0.0228585600852966,-0.0193907022476196,-0.00346764270216227,0.015171617269516,-0.0555269159376621,0.0587770752608776,-0.124079197645187,0.0734485313296318,-0.0498374328017235,-0.0260080695152283,-0.137787759304047,-0.0109601002186537,0.0418729335069656,0.199131056666374,-0.0859072580933571,0.025963556021452,0.130053818225861,0.000522883550729603,0.0203544832766056
0.0431559979915619,0.0579451806843281,0.119529962539673,0.0946914330124855,0.0192175675183535,0.0414475426077843,-0.00769249070435762,0.10964822769165,0.0468148030340672,0.0344651341438293,0.0932027474045753,0.147358536720276,0.115793742239475,0.00820554699748755,0.0395437963306904,0.0149415517225862,0,0.0665722340345383,-0.02485934458673,0.0857142433524132,-0.0471016950905323,0.0320777632296085,0.0172511097043753,-0.00147714919876307,-0.014753513969481,-0.0318548455834389,0.0797933116555214,0.0369084924459457,0.0181783009320498,0.0350142121315002,0.0571892820298672,-0.0651211068034172,0.00982877425849438,0.0279446747153997,-0.0229661520570517,-0.0792362615466118,-0.0602366477251053,0.0498377420008183,0.00760318990796804,0.0659129843115807,-0.00349169014953077,0.0747902616858482,0.124030128121376,-0.0130223287269473,0.0208860356360674,0.00842166598886251,0.011850954964757,-0.0284576341509819,-0.0129936141893268,-0.0147554166615009,0.042382825165987,0.0620329305529594,-0.0147147495299578,0.0774218961596489,-0.0364441387355328,0.0313150361180305,0.0070722927339375,0.0187952574342489,-0.0166485793888569,-0.0132919810712337,0.0699201226234436,0.0315021760761738,0.0238411258906126,0.0268317572772503,0.0494224727153778,-0.0357885956764221,0.0236308835446835,0.0345917642116547,-0.0124139059334993,-0.101207204163074,-0.0277800709009171,0.0513228215277195,-0.00322543736547232,0.0694839954376221,0.0014717624289915,0.0727041959762573,0.117233276367188,0.0178990364074707,0.0171296373009682,0.00818303227424622,0.0192553084343672,0.0162977073341608,-0.017814040184021,-0.00196890742518008,0.0458860993385315,0.0685557946562767
0.26090195775032,0.208064243197441,0.156018123030663,0.146633103489876,0.0589782521128654,0.0707947462797165,-0.0281574837863445,0.0633600726723671,0.19427278637886,0.226808711886406,0.249409601092339,0.152792155742645,0.155941247940063,0.0931158363819122,0.0681051686406136,-0.00624692114070058,0.0665722340345383,0,-0.0565814338624477,0.162577286362648,0.0361083298921585,0.0509900487959385,0.0432783402502537,0.0144029157236218,0.0589496307075024,0.0336252376437187,0.121119596064091,0.0263166725635529,0.0937961041927338,0.088960587978363,0.0169982761144638,-0.0221649575978518,0.070948600769043,0.0907590612769127,0.0287397615611553,-0.049342580139637,-0.00648444378748536,0.159440070390701,0.08038429915905,0.185397908091545,0.0637714564800262,0.156916156411171,0.135017231106758,0.113459281623363,0.0844582691788673,0.0634692832827568,0.0189776960760355,0.135039567947388,-0.0359517447650433,0.0253587067127228,0.167229145765305,0.193781018257141,-0.000670298817567527,0.180086717009544,0.0983931720256805,0.0618338845670223,0.0257598794996738,0.0144447106868029,0.108378030359745,0.0400454998016357,0.145956709980965,0.031287495046854,0.115105986595154,0.0797035321593285,0.064683772623539,0.023423757404089,0.0563935860991478,0.107272155582905,0.119188077747822,0.0130989803001285,0.0875111445784569,0.17542739212513,0.0757561400532722,0.202152565121651,0.0852895006537437,0.188875555992126,0.140875339508057,0.151078805327415,0.161038354039192,0.0583496652543545,0.0263969041407108,0.17324110865593,0.00266875536181033,0.00276833074167371,0.135396748781204,0.214804261922836
-0.136923119425774,-0.0950687825679779,-0.0193350985646248,-0.0441630333662033,-0.0138513837009668,0.0522975698113441,0.142733380198479,-0.034553088247776,-0.0401609539985657,-0.0439731925725937,-0.179280653595924,-0.0637899562716484,-0.0497855767607689,-0.0225473344326019,0.0368271991610527,0.10717049986124,-0.02485934458673,-0.0565814338624477,0,-0.0255367010831833,0.244951516389847,0.0391899608075619,0.0415809899568558,0.236286178231239,0.188914686441422,0.264881253242493,-0.17785182595253,0.0752064660191536,0.0926454812288284,0.0701368004083633,-0.00239147339016199,0.554929375648499,-0.0148171558976173,-0.0105864172801375,0.528120875358582,0.239747613668442,0.581572413444519,-0.0280067082494497,0.0597133040428162,-0.0864532887935638,0.171344891190529,-0.0816873461008072,-0.14140211045742,0.0396704711019993,0.202125027775764,0.0733737200498581,0.714396238327026,0.244745135307312,0.103816777467728,0.159146666526794,0.160730749368668,0.131776914000511,0.648502469062805,-0.0430070050060749,0.0375514328479767,0.0192471724003553,0.0187647920101881,0.194878652691841,0.00540618179365993,0.180381059646606,-0.211945697665215,0.080267459154129,0.0194274932146072,0.0599236004054546,-0.0727109611034393,0.306161373853683,0.0125814769417048,0.00759752187877893,0.239085808396339,0.172152280807495,0.274231791496277,-0.0583784841001034,0.107529863715172,-0.161786675453186,0.126917853951454,-0.149436667561531,-0.124851249158382,-0.0808310732245445,0.0268122237175703,0.0527154691517353,0.598533034324646,0.0505795776844025,0.0421452261507511,0.155410677194595,0.168096542358398,0.0973685532808304
0.227231532335281,0.261510372161865,0.203131631016731,0.296344935894012,0.101666323840618,0.038573682308197,-0.038365013897419,0.0887201130390167,0.160409942269325,0.224805742502213,0.288098454475403,0.205885097384453,0.271443456411362,0.131164789199829,0.0359212569892406,-0.0353180840611458,0.0857142433524132,0.162577286362648,-0.0255367010831833,0,-0.111486472189426,0.171562790870667,0.0522598996758461,0.0364296212792397,-0.115915983915329,-0.00326798018068075,0.000879966421052814,0.0438717529177666,0.21329490840435,0.191560998558998,-0.103097550570965,-0.26288691163063,0.00833964161574841,0.385072022676468,0.201849237084389,-0.216832458972931,0.0196248944848776,0.280517250299454,0.32079353928566,0.417359977960587,0.40139040350914,0.0924338847398758,0.266734212636948,0.255835652351379,0.334661602973938,0.279289275407791,0.066637247800827,0.388993203639984,-0.128225341439247,-0.0463892892003059,0.289597004652023,0.571385502815247,0.0297580286860466,0.589292705059052,-0.105993345379829,0.178833544254303,0.0100336214527488,0.0187335275113583,-0.113197505474091,0.014134262688458,0.0444714799523354,0.0537913627922535,0.181612685322762,0.164389476180077,-0.0587370246648788,-0.237065941095352,0.0248752273619175,0.36299467086792,0.299752682447433,-0.235256552696228,0.121197290718555,0.278407752513885,0.271265596151352,0.437811285257339,0.395033955574036,0.153954163193703,0.265940189361572,0.235886216163635,0.29027059674263,0.225935816764832,0.0613358914852142,0.468574583530426,-0.157653093338013,-0.0798569098114967,0.24154657125473,0.556327164173126
0.0683065950870514,0.0486785024404526,0.117501400411129,-0.0289867781102657,0.000826492730993778,0.134742423892021,0.048133809119463,-0.0599767416715622,0.0102756060659885,0.262260764837265,-0.0133204143494368,0.0663055554032326,-0.0346504077315331,-0.0413540303707123,0.120718352496624,0.0445629209280014,-0.0471016950905323,0.0361083298921585,0.244951516389847,-0.111486472189426,0,-0.137892484664917,0.0712907239794731,0.184315949678421,0.730867624282837,0.560144901275635,0.191490054130554,-0.0648310035467148,0.286759495735168,-0.0825324356555939,0.103807099163532,0.496140092611313,0.159745812416077,-0.0759579613804817,0.572675168514252,0.468712657690048,0.550727009773254,-0.119582556188107,-0.0154382092878222,0.105206310749054,0.115127094089985,0.311534732580185,-0.0503159128129482,0.713070213794708,0.418731302022934,0.378588289022446,0.0649664029479027,0.464566707611084,0.0290901605039835,0.00518751610070467,-0.00669900514185429,-0.0411801300942898,0.0570261627435684,-0.112667970359325,0.661330699920654,-0.186125978827477,0.0641235187649727,0.110671035945415,0.531424283981323,0.301583766937256,0.0565391816198826,-0.0257322005927563,0.105043068528175,-0.0774173140525818,0.0481121875345707,0.320843011140823,0.1220962703228,-0.0699943378567696,0.286197394132614,0.363701373338699,0.229983478784561,-0.121786214411259,8.68402421474457e-05,-0.0119551587849855,0.0443446971476078,0.154177114367485,-0.125217080116272,0.294360369443893,0.101408936083317,0.174693316221237,0.0496690943837166,0.104426838457584,0.079230822622776,0.0202726032584906,0.00038828092510812,-0.0896571651101112
-0.0295354407280684,0.0848354995250702,0.00390146183781326,0.0301634166389704,0.00072530226316303,0.09919822961092,0.0295434650033712,0.0259214639663696,0.0627939477562904,-0.00362240173853934,0.069425493478775,-0.0252547599375248,0.0284617785364389,0.0157660208642483,0.0865914896130562,0.0269714221358299,0.0320777632296085,0.0509900487959385,0.0391899608075619,0.171562790870667,-0.137892484664917,0,0.0159758646041155,0.357347220182419,0.0696301758289337,-0.130154013633728,0.135265544056892,0.260757684707642,0.0345523804426193,0.92234593629837,0.0138355763629079,-0.148121044039726,0.160199657082558,0.348329722881317,-0.0814901664853096,-0.191100150346756,-0.143942788243294,0.881184160709381,0.297640472650528,0.0892852023243904,0.283915400505066,0.291334539651871,0.0748196765780449,-0.0265736281871796,0.081860788166523,0.657294988632202,0.182399749755859,0.010267942212522,-0.0288768839091063,0.0167613141238689,0.194431394338608,0.230687856674194,0.0671051219105721,0.160815998911858,-0.235169038176537,0.973909020423889,0.0063405828550458,0.396369606256485,-0.0418852567672729,-0.0653654336929321,0.174113139510155,0.322095543146133,-0.0117807630449533,0.912443101406097,-0.00760059151798487,-0.179477423429489,0.170879304409027,0.325821191072464,-0.103808261454105,-0.256794482469559,-0.155228823423386,0.842699289321899,0.342749208211899,0.0857086330652237,0.301901996135712,0.330695033073425,0.08750831335783,-0.0791729837656021,0.00312103610485792,0.60166209936142,0.164775520563126,0.0506706275045872,-0.0691644325852394,0.0176666006445885,0.161555886268616,0.207813084125519
0.0255422871559858,0.0218851938843727,0.011157195083797,0.0125031508505344,0.0118254693225026,0.134610459208488,0.0742464363574982,0.00138851907104254,0.0212748274207115,0.0475860498845577,0.0173445828258991,-0.00542674772441387,0.0181598458439112,0.0105955991894007,0.109406068921089,0.0767372399568558,0.0172511097043753,0.0432783402502537,0.0415809899568558,0.0522598996758461,0.0712907239794731,0.0159758646041155,0,0.164459854364395,0.110000357031822,0.144956454634666,0.0596530884504318,0.0374367386102676,0.0989014506340027,0.0405872836709023,0.0924705490469933,0.108049906790257,0.0998877957463264,0.0296941436827183,0.0702975988388062,0.0427583456039429,0.0741310566663742,0.0236080307513475,0.0442242920398712,0.0469128340482712,0.0559321567416191,0.0444546602666378,0.0609769374132156,0.0444197729229927,0.0697006955742836,0.0879700779914856,0.108683690428734,0.0645159557461739,0.0302784070372581,0.10509592294693,0.0507798045873642,0.103341192007065,0.0184873342514038,0.0280184745788574,0.0395738482475281,0.00571585306897759,0.0586584135890007,0.134549617767334,0.076459713280201,0.118891976773739,0.0597739778459072,0.0290036667138338,0.0609802678227425,0.0388839803636074,0.0850747600197792,0.0751653760671616,0.0868021622300148,0.00499220238998532,0.0600275881588459,0.0169411227107048,0.0535641722381115,0.0170727036893368,0.0350698232650757,0.0376096181571484,0.0475770719349384,0.0589020922780037,0.0332291461527348,-0.00240037497133017,0.0479843616485596,0.0741130709648132,0.0806488543748856,0.0424090884625912,0.0194016750901937,0.0513888075947762,0.0330500304698944,0.0931669324636459
-0.0467113107442856,-0.0416968502104282,-0.0325502380728722,-0.0128111476078629,-0.00801721680909395,0.219007268548012,0.175613060593605,-0.00735968910157681,0.0109057351946831,-0.0747605934739113,-0.0573049895465374,-0.0500055961310863,-0.0181971024721861,-0.0181719101965427,0.227170705795288,0.167409390211105,-0.00147714919876307,0.0144029157236218,0.236286178231239,0.0364296212792397,0.184315949678421,0.357347220182419,0.164459854364395,0,0.318853259086609,0.337279319763184,0.0794332325458527,0.539634227752686,0.0982997342944145,0.534666419029236,0.170123398303986,0.194548308849335,0.329194933176041,0.104177288711071,0.120341718196869,0.0335558019578457,0.094645619392395,0.314696699380875,0.0974131897091866,-0.0389002487063408,0.144062384963036,0.116709001362324,0.0488798506557941,-0.012616197578609,0.0955639258027077,0.510975062847137,0.331450998783112,0.00279961922205985,0.0644273608922958,0.149062126874924,0.122256904840469,0.141674116253853,0.228140294551849,0.0556549206376076,0.0542652606964111,0.325616836547852,0.109480552375317,0.809894204139709,0.197352692484856,0.35314604640007,0.0926919281482697,0.495092988014221,0.078908808529377,0.53097140789032,0.14107109606266,0.182000726461411,0.348603248596191,0.115094438195229,0.111787185072899,-0.0228270925581455,0.136349201202393,0.246547356247902,0.148653745651245,-0.02614507637918,0.181596174836159,0.169234231114388,0.047710295766592,-0.0542302876710892,0.069911427795887,0.514680743217468,0.267246425151825,0.000273579731583595,0.0458474457263947,0.132156148552895,0.0966552495956421,0.107133612036705
