0 0.33538 0.2726 0.28162 0.085992 -0.01347 -0.091782 0.060815 0.20768 0.72211 0.41412 0.35614 0.29983 0.11503 -0.0037655 -0.096795 0.042831 0.26474 -0.15027 0.24094 0.050741 -0.01908 0.02199 -0.061292 0.049817 0.13123 0.09029 0.016278 0.18663 -0.0039302 -0.15908 -0.11029 0.0058977 0.12453 0.072876 -0.069863 0.0037547 0.11497 0.062995 0.36472 0.073529 0.18083 0.096223 0.35418 0.0273 0.18356 -0.17857 0.34423 -0.098761 -0.06652 0.028042 0.22379 -0.024124 0.27866 0.40007 -0.014696 0.028761 -0.079751 0.34472 0.2326 0.18671 -0.0011459 0.30958 -0.026426 -0.03578 0.11956 0.0187 0.14196 0.37265 0.17735 0.28182 0.13952 0.070204 0.451 0.18186 0.30562 0.17274 0.58002 0.37802 0.20173 -0.13066 0.5211 -0.011112 -0.084857 0.044597 0.27458
0.33538 0 0.25284 0.27275 0.11384 0.014089 -0.079432 0.074608 0.22377 0.35194 0.50491 0.26666 0.25718 0.10274 -0.0027626 -0.097767 0.059456 0.21599 -0.10846 0.26968 0.034288 0.10353 0.017056 -0.048507 0.053633 0.034183 0.14852 0.080058 0.14505 0.13902 -0.034892 -0.11572 0.012573 0.17765 0.098038 -0.075257 0.0016562 0.24486 0.13681 0.34395 0.11458 0.19856 0.16634 0.21084 0.1569 0.1299 -0.1119 0.22681 -0.049068 -0.059335 0.17646 0.29041 -0.11641 0.26271 0.055181 0.10107 0.014245 -0.071642 0.058001 -0.0093456 0.14131 0.072654 0.13217 0.099946 -0.01401 -0.096963 -0.015123 0.11716 0.14989 -0.04051 0.06763 0.28198 0.082263 0.32473 0.089607 0.19216 0.15905 0.18073 0.15966 0.069569 -0.12552 0.21872 -0.058155 -0.076477 0.1617 0.26587
0.2726 0.25284 0 0.40565 0.107 0.032481 -0.018397 0.15274 0.1445 0.28741 0.2786 0.5931 0.39192 0.07059 0.02763 -0.03137 0.12446 0.15605 -0.034098 0.2041 0.10798 0.0066265 0.0091282 -0.041979 0.02003 0.040883 0.0816 0.0017202 0.19262 0.027036 -0.013411 -0.073675 -0.025852 0.044811 0.21852 -0.02201 0.13007 0.098393 -0.0020613 0.20651 0.067944 0.091188 0.17598 0.24689 0.19051 0.054393 -0.075546 0.17995 -0.053747 -0.048768 0.07062 0.18474 -0.024275 0.18018 0.10836 -0.0092764 0.032764 -0.062858 0.022563 0.019008 0.067924 0.0050143 0.16132 0.00071648 -0.0012852 -0.078853 -0.015535 0.023735 0.19553 -0.027626 0.13438 0.11185 -0.026078 0.2047 0.074666 0.082392 0.12735 0.17428 0.15414 0.005506 -0.072843 0.17172 -0.064249 -0.05561 0.08125 0.1757
0.28162 0.27275 0.40565 0 0.20097 0.0056612 -0.0091674 0.11327 0.14276 0.25988 0.281 0.38529 0.65629 0.12637 0.004724 -0.015794 0.098946 0.1505 -0.055185 0.29622 -0.041849 0.034724 0.0097217 -0.023162 -0.097438 0.0046988 0.0081616 0.022931 0.14684 0.047638 -0.032681 -0.1615 -0.02427 0.18691 0.1645 -0.098179 0.058143 0.12866 0.16622 0.21666 0.25683 0.040156 0.13139 0.15334 0.15369 0.111 -0.03127 0.2382 -0.068022 -0.02289 0.1252 0.34571 -0.012958 0.28163 0.014359 0.035037 0.0092192 -0.041335 -0.049975 -0.021434 0.024058 0.02374 0.15519 0.031009 -0.025082 -0.13103 0.0060831 0.14924 0.25519 -0.059819 0.14838 0.15055 0.097212 0.24939 0.24323 0.079209 0.13807 0.17727 0.17936 0.084326 -0.047532 0.29753 -0.069482 -0.059275 0.11886 0.34482
0.085992 0.11384 0.107 0.20097 0 -0.0059741 -0.020294 0.020447 0.056937 0.097145 0.106 0.1159 0.17194 0.047179 -0.0047209 -0.029354 0.025344 0.06444 -0.017351 0.10862 -0.0042018 0.0054717 0.011871 -0.011645 -0.022345 0.00194 -0.0058982 -0.0099412 0.071571 0.00796 -0.028992 -0.035303 -0.01184 0.022462 0.066451 0.0021768 0.052105 0.054428 0.067388 0.093392 0.083005 0.010249 0.05609 0.071094 0.061914 0.013217 0.0018504 0.1067 -0.029434 -0.020915 0.062855 0.14414 -0.0068915 0.11269 -0.018962 -0.0011644 -0.014628 -0.034292 -0.038729 -0.014885 -0.0031702 -0.0037147 0.066152 -0.0038319 -0.021582 -0.045893 -0.019114 0.02572 0.086585 -0.007769 0.064715 0.057511 0.049334 0.079351 0.073615 0.00015322 0.028951 0.044376 0.048233 -0.0090526 -0.011593 0.10286 -0.045024 -0.026316 0.045322 0.13165
-0.01347 0.014089 0.032481 0.0056612 -0.0059741 0 0.16845 0.020641 0.088375 0.051312 -0.0030448 0.020338 -0.0010354 -0.017809 0.44811 0.17504 0.041242 0.072939 0.056409 0.041577 0.14397 0.11059 0.13971 0.22598 0.25319 0.12407 0.35007 0.1318 0.084221 0.13755 0.30878 0.20726 0.28243 0.081713 -0.038348 0.010657 -0.030249 0.098121 0.099569 0.098953 0.059967 0.2787 0.23147 -0.0064218 0.1785 0.084294 0.21837 -0.077234 0.055714 0.15513 0.12191 0.084114 0.019081 0.030258 0.0062504 0.09093 0.08985 0.21609 0.1363 0.090502 0.29794 0.1364 0.019282 0.1253 0.28825 0.13886 0.2394 0.072562 -0.11905 -0.054924 -0.090751 0.073282 0.10611 0.040582 0.053585 0.23941 0.16255 -0.089464 0.084755 0.049797 0.18721 -0.10588 0.055013 0.12182 0.10463 0.054073
-0.091782 -0.079432 -0.018397 -0.0091674 -0.020294 0.16845 0 -0.010835 -0.0056067 -0.043964 -0.10965 -0.046062 -0.028372 -0.028204 0.17557 0.25784 -0.0092877 -0.030739 0.14668 -0.037935 0.047794 0.029392 0.07234 0.17976 0.069818 0.13102 0.0027311 0.066274 0.013064 0.043943 0.16627 0.16041 0.072156 0.017939 0.021668 0.06917 0.068602 -0.011183 0.056554 -0.12742 0.074982 -0.03217 -0.0025845 -0.12851 0.05843 0.031213 0.23327 -0.060082 0.042744 0.13262 0.015394 0.0309 0.090644 -0.050635 -0.062046 0.021939 0.025295 0.158 -0.028548 0.077067 -0.027507 0.055003 -0.021081 0.04089 0.094156 0.086533 0.059984 0.023084 -0.05528 -0.01998 -0.025436 -0.029073 0.061825 -0.14207 0.073286 -0.052626 -0.022902 -0.18879 -0.019633 0.037698 0.19025 -0.11786 0.029058 0.10903 0.00085357 -0.00040625
0.060815 0.074608 0.15274 0.11327 0.020447 0.020641 -0.010835 0 0.05414 0.041676 0.078933 0.13391 0.10853 0.014609 0.03398 0.00049621 0.11145 0.066413 -0.034775 0.08996 -0.057058 0.027202 0.0012 -0.0076435 -0.040478 -0.022579 0.059355 0.020682 0.026843 0.015162 0.067785 -0.057279 0.022336 0.047448 -0.026825 -0.084522 -0.073471 0.05238 0.022742 0.074142 0.012789 0.049912 0.11881 0.0022133 0.013835 0.012104 0.0010664 0.00293 -0.0043559 0.00075971 0.046939 0.086531 -0.023518 0.076655 -0.038756 0.02844 -0.0046798 0.0020867 -0.020643 0.003044 0.071085 0.035719 0.034536 0.0083078 0.066163 -0.040991 0.010562 0.046192 0.0013908 -0.084804 -0.016042 0.060364 0.013098 0.079446 0.0316 0.060031 0.10237 0.021751 0.035027 0.010053 0.0099489 0.05505 -0.016022 1.4464e-05 0.056914 0.090529
0.20768 0.22377 0.1445 0.14276 0.056937 0.088375 -0.0056067 0.05414 0 0.22113 0.23308 0.13524 0.13553 0.052177 0.07476 -0.02288 0.048865 0.20307 -0.047954 0.16702 0.0039983 0.069229 0.017388 0.0049012 0.028483 0.0027959 0.13024 0.02444 0.079101 0.099363 0.021412 -0.056327 0.067337 0.11615 0.030857 -0.067867 -0.018321 0.17701 0.097269 0.1912 0.070688 0.15351 0.14225 0.097916 0.075401 0.056243 -0.0030555 0.11212 -0.03111 -0.022528 0.1287 0.18638 -0.031122 0.17649 0.043236 0.063674 0.026737 -0.013546 0.056894 0.011856 0.14919 0.016561 0.092498 0.089367 0.062314 -0.01329 0.037524 0.078179 0.08308 -0.03527 0.037247 0.18501 0.07412 0.18761 0.06525 0.17426 0.14102 0.1059 0.12513 0.02396 -0.0046026 0.14795 -0.037415 -0.0067906 0.13041 0.1785
0.72211 0.35194 0.28741 0.25988 0.097145 0.051312 -0.043964 0.041676 0.22113 0 0.32514 0.28014 0.22074 0.10198 0.041578 -0.057649 0.035151 0.22906 -0.069134 0.23723 0.23753 0.023588 0.045049 -0.076839 0.18447 0.21752 0.13803 -0.058417 0.19961 0.020295 -0.029107 0.03752 0.035322 0.19996 0.20814 0.076745 0.17215 0.13394 0.26717 0.31192 0.2771 0.22471 0.082002 0.4423 0.25413 0.2631 -0.12324 0.38608 -0.025738 -0.010354 0.039069 0.22739 -0.13718 0.1798 0.118 0.014318 0.022018 -0.095236 0.093901 0.11245 0.096564 -0.032909 0.09684 0.018268 -0.028611 -0.0077122 0.023331 0.14053 0.1403 0.019418 0.04419 0.1552 0.15147 0.27247 0.16798 0.14544 0.056637 0.23163 0.079073 0.11047 -0.11229 0.33275 -0.049959 -0.06262 0.051233 0.19472
0.41412 0.50491 0.2786 0.281 0.106 -0.0030448 -0.10965 0.078933 0.23308 0.32514 0 0.32946 0.30653 0.11623 -0.012657 -0.11339 0.098381 0.25933 -0.18734 0.29488 -0.023492 0.080132 0.014076 -0.069831 0.0080581 -0.027742 0.15587 0.063546 0.12727 0.11399 -0.062566 -0.1895 0.01339 0.12755 0.013576 -0.15024 -0.070885 0.2453 0.057123 0.3568 0.059207 0.20317 0.19548 0.18947 0.077541 0.08497 -0.16661 0.20935 -0.0877 -0.078805 0.17238 0.27906 -0.1376 0.30563 0.14321 0.087863 0.0057207 -0.10082 0.14161 -0.01317 0.20581 0.040057 0.18545 0.077813 -0.0031722 -0.067797 0.0049487 0.13408 0.2243 -0.012711 0.13853 0.28694 0.040502 0.40594 0.099538 0.26905 0.21232 0.2986 0.25967 0.065191 -0.14723 0.29968 -0.042014 -0.10656 0.17367 0.30219
0.35614 0.26666 0.5931 0.38529 0.1159 0.020338 -0.046062 0.13391 0.13524 0.28014 0.32946 0 0.41399 0.087125 0.022595 -0.030561 0.15138 0.15617 -0.074999 0.20828 0.055678 -0.023385 -0.0072965 -0.062799 -0.012196 0.017407 0.083975 0.0077501 0.1855 -0.00048009 -0.052521 -0.13479 -0.033302 0.029945 0.18429 -0.054555 0.10727 0.095453 -0.0072457 0.22999 0.050376 0.071169 0.1757 0.22133 0.11389 0.065867 -0.10501 0.17703 -0.083422 -0.068667 0.063329 0.18786 -0.022984 0.23941 0.1773 -0.047972 0.021379 -0.07959 0.071945 0.045845 0.086717 -0.012785 0.23275 -0.023959 -0.00052373 -0.054229 -0.00024448 0.035938 0.27346 0.042477 0.22142 0.10797 -0.056714 0.26837 0.067673 0.12018 0.18644 0.27596 0.22215 0.023303 -0.09558 0.23012 -0.057676 -0.05625 0.056934 0.21269
0.29983 0.25718 0.39192 0.65629 0.17194 -0.0010354 -0.028372 0.10853 0.13553 0.22074 0.30653 0.41399 0 0.14733 0.0039447 -0.0070645 0.12145 0.16101 -0.058373 0.27067 -0.045538 0.026203 0.014233 -0.031589 -0.096151 -0.0078661 -0.0040988 0.039884 0.13638 0.036841 -0.068334 -0.16751 -0.023615 0.15577 0.13532 -0.11024 0.047799 0.12443 0.093216 0.22131 0.19484 0.024788 0.11738 0.13242 0.11518 0.091944 -0.056201 0.21729 -0.082675 -0.046986 0.11472 0.31304 0.0093613 0.28666 0.028053 0.019653 0.014236 -0.031185 -0.038503 0.01836 0.012386 0.033961 0.18711 0.019949 -0.038355 -0.11527 -0.0057267 0.14912 0.2796 -0.038513 0.1813 0.14418 0.091037 0.25175 0.26238 0.077262 0.13361 0.19653 0.18863 0.085048 -0.022689 0.30963 -0.089899 -0.050767 0.11416 0.36814
0.11503 0.10274 0.07059 0.12637 0.047179 -0.017809 -0.028204 0.014609 0.052177 0.10198 0.11623 0.087125 0.14733 0 -0.011574 -0.029334 0.0070891 0.095005 -0.02491 0.13333 -0.043182 0.018798 0.011849 -0.021579 -0.029324 -0.022468 0.014392 -0.01151 0.033172 0.019404 -0.031563 -0.058315 0.00032927 0.058745 0.020934 -0.047611 -0.011064 0.06339 0.059785 0.090546 0.062637 0.04148 0.058157 0.042774 0.046926 0.017361 -0.018011 0.082748 -0.042482 -0.011833 0.076076 0.12434 -0.014046 0.1059 0.0021008 0.017739 0.00081871 -0.024325 -0.0032646 -0.014743 0.030209 -0.012402 0.031743 0.023082 -0.010766 -0.032163 -0.00519 0.070334 0.079523 -0.035127 0.054858 0.077295 0.064251 0.093857 0.083169 0.051602 0.071933 0.065705 0.090973 0.0061382 -0.016983 0.1193 -0.028537 -0.026561 0.064765 0.13696
-0.0037655 -0.0027626 0.02763 0.004724 -0.0047209 0.44811 0.17557 0.03398 0.07476 0.041578 -0.012657 0.022595 0.0039447 -0.011574 0 0.22188 0.041711 0.069448 0.042307 0.041933 0.12767 0.094848 0.11308 0.23616 0.23378 0.12458 0.32948 0.12604 0.089049 0.11814 0.31506 0.17433 0.28125 0.081683 -0.043846 -0.023043 -0.056531 0.081687 0.090055 0.080208 0.064165 0.26459 0.24224 -0.028167 0.1633 0.076738 0.21321 -0.087686 0.042157 0.13474 0.10481 0.088985 0.028206 0.05081 0.05336 0.0865 0.10414 0.22952 0.16426 0.12794 0.31111 0.11169 0.061447 0.11054 0.28143 0.15884 0.28248 0.068499 -0.087291 -0.05419 -0.069619 0.070814 0.11598 0.067192 0.056399 0.26028 0.18442 -0.062339 0.11231 0.067054 0.20699 -0.078505 0.036373 0.13948 0.10651 0.084852
-0.096795 -0.097767 -0.03137 -0.015794 -0.029354 0.17504 0.25784 0.00049621 -0.02288 -0.057649 -0.11339 -0.030561 -0.0070645 -0.029334 0.22188 0 0.014444 -0.0089872 0.10957 -0.034324 0.041109 0.025895 0.073772 0.17172 0.047892 0.11866 -0.0067944 0.024387 0.01375 0.035999 0.13761 0.11767 0.099893 0.021534 0.0047271 0.034613 0.039741 -0.04961 0.042966 -0.11479 0.072469 -0.029268 0.0034121 -0.11399 0.037263 0.033522 0.20125 -0.067814 0.040434 0.10709 0.013373 0.029324 0.099363 -0.035619 -0.022261 0.018976 0.043009 0.17822 -0.0023259 0.11996 -0.02386 0.018628 0.0010773 0.029846 0.10331 0.087077 0.10479 0.023368 -0.016821 -0.012013 0.01134 -0.060928 0.06021 -0.13086 0.080047 -0.043163 -0.027155 -0.1418 -0.0074533 0.042184 0.21112 -0.07968 0.030924 0.12884 0.00083344 0.024624
0.042831 0.059456 0.12446 0.098946 0.025344 0.041242 -0.0092877 0.11145 0.048865 0.035151 0.098381 0.15138 0.12145 0.0070891 0.041711 0.014444 0 0.0706 -0.028237 0.089015 -0.048141 0.031702 0.015129 -0.0043409 -0.013775 -0.034251 0.080811 0.033647 0.020409 0.033427 0.053736 -0.066576 0.01013 0.031753 -0.02313 -0.077296 -0.060355 0.05055 0.0052143 0.070238 -0.0045043 0.074493 0.12417 -0.0093688 0.020085 0.0063269 0.0074306 -0.027905 -0.014744 -0.015774 0.042953 0.061103 -0.017966 0.077451 -0.036949 0.032028 0.0089755 0.020294 -0.017445 -0.013231 0.072486 0.027996 0.026138 0.024609 0.050026 -0.035252 0.024753 0.035926 -0.010403 -0.098816 -0.027613 0.053437 -0.0054864 0.075383 -0.0010845 0.074587 0.11846 0.020422 0.017507 0.0058805 0.017198 0.016268 -0.017258 -0.0030494 0.046983 0.071204
0.26474 0.21599 0.15605 0.1505 0.06444 0.072939 -0.030739 0.066413 0.20307 0.22906 0.25933 0.15617 0.16101 0.095005 0.069448 -0.0089872 0.0706 0 -0.059545 0.16893 0.03224 0.055548 0.038233 0.012007 0.05801 0.028151 0.12419 0.028612 0.09459 0.093378 0.013353 -0.02877 0.072359 0.10127 0.022466 -0.059817 -0.010892 0.17018 0.082392 0.19288 0.063468 0.16116 0.1381 0.11337 0.081487 0.062972 0.012319 0.13697 -0.037908 0.026258 0.17232 0.1966 -0.0062029 0.18659 0.098633 0.06693 0.023191 0.008115 0.10823 0.034734 0.153 0.029136 0.11906 0.085465 0.063348 0.019676 0.05736 0.11047 0.11765 0.0085913 0.0831 0.18909 0.076777 0.207 0.085734 0.19604 0.14627 0.15001 0.16571 0.058791 0.018198 0.17703 -0.0015755 -0.0010661 0.14152 0.21856
-0.15027 -0.10846 -0.034098 -0.055185 -0.017351 0.056409 0.14668 -0.034775 -0.047954 -0.069134 -0.18734 -0.074999 -0.058373 -0.02491 0.042307 0.10957 -0.028237 -0.059545 0 -0.028995 0.22078 0.057546 0.040222 0.25574 0.18075 0.26581 -0.18563 0.078801 0.07891 0.085328 -0.0020104 0.53788 -0.0052863 -0.0070845 0.51289 0.20922 0.55494 -0.018661 0.075152 -0.10519 0.19386 -0.075329 -0.14665 0.020858 0.17339 0.09346 0.73714 0.24928 0.10501 0.15123 0.1821 0.14261 0.67177 -0.037783 0.042162 0.039026 0.02022 0.2203 0.025397 0.18976 -0.21562 0.082324 0.023299 0.077547 -0.076829 0.30927 0.022162 0.0088767 0.26289 0.15385 0.27728 -0.058403 0.11721 -0.17091 0.14539 -0.13365 -0.12903 -0.088118 0.029017 0.066022 0.63181 0.071567 0.0562 0.15781 0.17481 0.10907
0.24094 0.26968 0.2041 0.29622 0.10862 0.041577 -0.037935 0.08996 0.16702 0.23723 0.29488 0.20828 0.27067 0.13333 0.041933 -0.034324 0.089015 0.16893 -0.028995 0 -0.11027 0.17571 0.050067 0.028 -0.11712 -0.011343 0.013978 0.037192 0.21529 0.19895 -0.093062 -0.26633 0.013681 0.3961 0.19889 -0.21697 0.02503 0.29633 0.31693 0.42757 0.39956 0.097562 0.28515 0.26655 0.32672 0.26953 0.050403 0.3891 -0.1258 -0.045244 0.29235 0.56892 0.035193 0.59047 -0.097186 0.18506 0.010698 0.011177 -0.10643 0.011293 0.05847 0.043234 0.18921 0.17197 -0.043245 -0.23348 0.031979 0.37533 0.30974 -0.22378 0.11751 0.29768 0.26777 0.44432 0.39352 0.15839 0.27675 0.24483 0.29763 0.21882 0.046962 0.47044 -0.16197 -0.080114 0.24306 0.56036
0.050741 0.034288 0.10798 -0.041849 -0.0042018 0.14397 0.047794 -0.057058 0.0039983 0.23753 -0.023492 0.055678 -0.045538 -0.043182 0.12767 0.041109 -0.048141 0.03224 0.22078 -0.11027 0 -0.13818 0.067975 0.1803 0.70186 0.54652 0.19524 -0.069567 0.27347 -0.089781 0.11688 0.49023 0.15836 -0.088826 0.54106 0.44297 0.52504 -0.12378 -0.02034 0.10053 0.1124 0.30818 -0.040009 0.69397 0.39324 0.3563 0.073362 0.43519 0.027354 0.012406 -0.012887 -0.052732 0.038046 -0.10679 0.65644 -0.1876 0.059231 0.095514 0.52151 0.29125 0.063402 -0.042616 0.097428 -0.083581 0.058417 0.32212 0.11594 -0.076983 0.25068 0.34652 0.20781 -0.12942 -0.012428 -0.0040514 0.028411 0.16407 -0.11104 0.28472 0.095224 0.1496 0.049855 0.073502 0.067617 0.018951 -0.0091567 -0.10084
-0.01908 0.10353 0.0066265 0.034724 0.0054717 0.11059 0.029392 0.027202 0.069229 0.023588 0.080132 -0.023385 0.026203 0.018798 0.094848 0.025895 0.031702 0.055548 0.057546 0.17571 -0.13818 0 0.020717 0.33777 0.073427 -0.12076 0.14288 0.26547 0.044903 0.91625 0.020974 -0.1348 0.16577 0.37455 -0.069499 -0.17607 -0.12284 0.8683 0.32967 0.096383 0.29992 0.29862 0.076029 -0.013982 0.09048 0.64206 0.19069 0.034416 -0.027261 0.0178 0.22253 0.24797 0.083126 0.1583 -0.24741 0.97165 0.010849 0.38269 -0.044009 -0.057975 0.16873 0.33026 -0.0072182 0.90346 -0.0044582 -0.17738 0.16985 0.34693 -0.10162 -0.23949 -0.15292 0.82903 0.36552 0.089669 0.31188 0.31558 0.083285 -0.089278 -0.0047505 0.58337 0.17001 0.065666 -0.070891 0.019272 0.1808 0.22102
0.02199 0.017056 0.0091282 0.0097217 0.011871 0.13971 0.07234 0.0012 0.017388 0.045049 0.014076 -0.0072965 0.014233 0.011849 0.11308 0.073772 0.015129 0.038233 0.040222 0.050067 0.067975 0.020717 0 0.1624 0.11036 0.14179 0.062115 0.038564 0.096484 0.044221 0.095637 0.10671 0.10122 0.029149 0.061888 0.036464 0.068424 0.026666 0.048336 0.043197 0.05546 0.048067 0.060959 0.041293 0.069158 0.087472 0.10702 0.062516 0.030089 0.10263 0.052814 0.10039 0.018422 0.026251 0.038791 0.0090498 0.053088 0.13177 0.079291 0.11119 0.061905 0.028156 0.061259 0.043981 0.087192 0.075109 0.085841 0.0079315 0.053418 0.016779 0.04226 0.019731 0.036373 0.034317 0.046076 0.062927 0.034251 -0.0053576 0.047844 0.073191 0.080346 0.039301 0.016423 0.049596 0.032096 0.091343
-0.061292 -0.048507 -0.041979 -0.023162 -0.011645 0.22598 0.17976 -0.0076435 0.0049012 -0.076839 -0.069831 -0.062799 -0.031589 -0.021579 0.23616 0.17172 -0.0043409 0.012007 0.25574 0.028 0.1803 0.33777 0.1624 0 0.33343 0.36236 0.080975 0.55135 0.099221 0.53021 0.18167 0.20184 0.33499 0.11027 0.11989 0.029568 0.091885 0.29683 0.10689 -0.049873 0.15002 0.11632 0.041528 -0.014851 0.088325 0.50542 0.34297 0.01439 0.071997 0.15288 0.12472 0.14438 0.24834 0.048987 0.04764 0.31151 0.1059 0.81636 0.21123 0.36687 0.080285 0.51294 0.075685 0.52702 0.14212 0.19602 0.35467 0.11789 0.10644 -0.026518 0.12584 0.22246 0.15043 -0.03746 0.18233 0.15952 0.036302 -0.069942 0.052864 0.50793 0.27904 0.0082227 0.050856 0.13678 0.094031 0.10702
0.049817 0.053633 0.02003 -0.097438 -0.022345 0.25319 0.069818 -0.040478 0.028483 0.18447 0.0080581 -0.012196 -0.096151 -0.029324 0.23378 0.047892 -0.013775 0.05801 0.18075 -0.11712 0.70186 0.073427 0.11036 0.33343 0 0.49686 0.5509 0.070496 0.16707 0.11957 0.33128 0.63359 0.41755 -0.032593 0.21179 0.32714 0.20272 0.023393 -0.058474 0.20614 -0.11537 0.70664 0.13188 0.49512 0.36602 0.35567 0.10519 0.2021 0.16365 0.1116 0.009991 -0.091433 0.044196 -0.11526 0.49189 -6.517e-05 0.067372 0.24342 0.75269 0.30549 0.4418 0.071078 0.044973 0.10804 0.28502 0.5396 0.33849 -0.029599 0.037744 0.21028 0.071588 0.0038997 -0.057643 0.084705 -0.13614 0.54511 0.058317 0.15921 0.18578 0.16718 0.076643 -0.019525 0.22232 0.13283 0.018712 -0.12774
0.13123 0.034183 0.040883 0.0046988 0.00194 0.12407 0.13102 -0.022579 0.0027959 0.21752 -0.027742 0.017407 -0.0078661 -0.022468 0.12458 0.11866 -0.034251 0.028151 0.26581 -0.011343 0.54652 -0.12076 0.14179 0.36236 0.49686 0 -0.014431 0.095575 0.24308 -0.065605 0.069717 0.45325 0.10601 -0.039763 0.4163 0.37319 0.45141 -0.12053 0.013688 0.029113 0.13529 -0.020492 -0.076866 0.38334 0.20931 0.3828 0.18548 0.42306 0.024647 0.12466 -0.00063379 0.086498 0.14458 -0.0053747 0.32427 -0.15045 0.08687 0.26956 0.32559 0.56179 -0.10577 0.060595 0.13895 -0.061062 -0.0088257 0.3135 0.050331 -0.050216 0.25487 0.24325 0.3001 -0.13951 -0.0093302 -0.0020296 0.06542 -0.053396 -0.10559 0.12393 0.02867 0.2742 0.13596 0.20592 0.037054 0.089472 -0.003849 0.036775
0.09029 0.14852 0.0816 0.0081616 -0.0058982 0.35007 0.0027311 0.059355 0.13024 0.13803 0.15587 0.083975 -0.0040988 0.014392 0.32948 -0.0067944 0.080811 0.12419 -0.18563 0.013978 0.19524 0.14288 0.062115 0.080975 0.5509 -0.014431 0 0.031214 0.045145 0.13397 0.50619 0.21577 0.397 0.087297 -0.23202 -0.056996 -0.26222 0.1652 0.05332 0.42062 -0.13597 0.8146 0.46693 0.097113 0.2696 -0.00092099 -0.013975 -0.15936 0.13315 0.044067 0.12765 -0.025225 -0.17778 0.019929 0.071771 0.10356 0.059384 0.065569 0.34757 -0.051956 0.77534 0.055492 -0.026253 0.12332 0.47001 0.20902 0.31391 0.068646 -0.30404 -0.13141 -0.26347 0.19108 0.063898 0.29948 -0.13046 0.72278 0.34682 -0.03901 0.1955 -0.094971 0.0011704 -0.19321 0.12276 0.056005 0.10851 -0.046138
0.016278 0.080058 0.0017202 0.022931 -0.0099412 0.1318 0.066274 0.020682 0.02444 -0.058417 0.063546 0.0077501 0.039884 -0.01151 0.12604 0.024387 0.033647 0.028612 0.078801 0.037192 -0.069567 0.26547 0.038564 0.55135 0.070496 0.095575 0.031214 0 0.048089 0.43561 0.11054 0.01887 0.05332 0.04936 -0.0030504 -0.016775 0.0033552 0.35455 0.020603 0.038384 0.07109 -0.0085448 0.080837 -0.09174 -0.027886 0.30058 0.16744 -0.10511 0.02325 0.05701 0.12736 0.12259 0.15464 0.07271 -0.065966 0.26876 0.030889 0.56811 0.023013 0.17699 0.035343 0.95144 0.083235 0.36972 0.080708 0.061261 0.083278 0.051203 0.087678 -0.022641 0.087731 0.34591 0.095051 0.043027 0.13377 0.027244 0.07785 -0.069012 0.0048997 0.36024 0.13862 0.010881 0.033666 0.050325 0.10286 0.12815
0.18663 0.14505 0.19262 0.14684 0.071571 0.084221 0.013064 0.026843 0.079101 0.19961 0.12727 0.1855 0.13638 0.033172 0.089049 0.01375 0.020409 0.09459 0.07891 0.21529 0.27347 0.044903 0.096484 0.099221 0.16707 0.24308 0.045145 0.048089 0 0.057905 0.048918 0.089168 0.058197 0.064328 0.42506 0.28286 0.46246 0.10476 0.030365 0.26746 0.11857 0.096665 0.20663 0.4395 0.28686 0.18289 0.074933 0.39473 -0.033627 0.051799 0.13814 0.33034 0.092176 0.20645 0.22597 0.026221 0.055209 0.067661 0.15064 0.16009 -0.00036733 0.046711 0.39724 0.046876 0.048016 0.072896 0.017262 0.041471 0.37835 0.23498 0.42935 0.097585 0.026483 0.20629 0.098292 0.079432 0.161 0.27116 0.22197 0.081528 0.069034 0.28024 -0.0011254 -0.0032497 0.12383 0.31544
-0.0039302 0.13902 0.027036 0.047638 0.00796 0.13755 0.043943 0.015162 0.099363 0.020295 0.11399 -0.00048009 0.036841 0.019404 0.11814 0.035999 0.033427 0.093378 0.085328 0.19895 -0.089781 0.91625 0.044221 0.53021 0.11957 -0.065605 0.13397 0.43561 0.057905 0 0.040419 -0.11807 0.23018 0.38277 -0.037251 -0.165 -0.073632 0.90914 0.35774 0.11508 0.30253 0.25812 0.087077 -0.011618 0.079067 0.65936 0.22363 0.071627 -0.013128 0.014557 0.28977 0.29163 0.092177 0.1759 -0.17661 0.9056 0.020236 0.53978 0.016293 0.017836 0.16507 0.47379 0.034048 0.92555 0.014194 -0.12812 0.24016 0.34549 -0.018154 -0.2054 -0.071289 0.86813 0.38978 0.11873 0.32424 0.30386 0.089927 -0.066332 0.019744 0.62539 0.19256 0.14022 -0.050359 0.0055549 0.24423 0.26632
-0.15908 -0.034892 -0.013411 -0.032681 -0.028992 0.30878 0.16627 0.067785 0.021412 -0.029107 -0.062566 -0.052521 -0.068334 -0.031563 0.31506 0.13761 0.053736 0.013353 -0.0020104 -0.093062 0.11688 0.020974 0.095637 0.18167 0.33128 0.069717 0.50619 0.11054 0.048918 0.040419 0 0.36327 0.28114 -0.0023079 -0.16338 0.067013 -0.11118 0.0060362 0.025829 -0.017295 -0.064811 0.39951 0.39223 -0.2108 0.27166 -0.082542 0.19136 -0.30386 0.27093 0.1766 0.036671 -0.077272 -0.059335 -0.11347 -0.14397 0.0097969 0.039529 0.18503 0.080244 0.017554 0.38114 0.12824 -0.088203 0.036385 0.56411 0.22907 0.22846 -0.0092056 -0.34076 -0.10337 -0.26697 -0.0084199 0.046466 -0.11425 -0.08901 0.23932 0.2304 -0.37914 0.049059 -0.10979 0.15364 -0.34914 0.224 0.16127 0.032017 -0.11417
-0.11029 -0.11572 -0.073675 -0.1615 -0.035303 0.20726 0.16041 -0.057279 -0.056327 0.03752 -0.1895 -0.13479 -0.16751 -0.058315 0.17433 0.11767 -0.066576 -0.02877 0.53788 -0.26633 0.49023 -0.1348 0.10671 0.20184 0.63359 0.45325 0.21577 0.01887 0.089168 -0.11807 0.36327 0 0.14998 -0.20483 0.23377 0.57866 0.34987 -0.18882 -0.11988 -0.0812 -0.14323 0.25611 -0.0064735 0.045009 0.36094 -0.095671 0.38675 0.1107 0.30146 0.28148 -0.069269 -0.19266 0.24514 -0.27213 0.20563 -0.18258 0.073351 0.14724 0.33015 0.28152 0.065815 0.023144 -0.046833 -0.10016 0.20001 0.74047 0.086758 -0.18868 -0.084387 0.37985 0.02396 -0.21503 -0.10047 -0.20887 -0.19034 0.022459 -0.098629 -0.21418 0.079029 -0.13388 0.28538 -0.19792 0.32106 0.26126 -0.05005 -0.21337
0.0058977 0.012573 -0.025852 -0.02427 -0.01184 0.28243 0.072156 0.022336 0.067337 0.035322 0.01339 -0.033302 -0.023615 0.00032927 0.28125 0.099893 0.01013 0.072359 -0.0052863 0.013681 0.15836 0.16577 0.10122 0.33499 0.41755 0.10601 0.397 0.05332 0.058197 0.23018 0.28114 0.14998 0 0.1105 -0.057253 -0.04165 -0.084398 0.14061 0.060884 0.071004 -0.028001 0.45316 0.21813 0.057651 0.15102 0.13852 0.14678 -0.07056 0.058964 0.092856 0.097173 0.047667 0.027817 0.0088633 0.11184 0.13199 0.068658 0.28862 0.30976 0.1006 0.38972 0.056855 0.018393 0.22498 0.2839 0.18048 0.45176 0.090975 -0.081595 -0.039526 -0.04663 0.11845 0.047179 0.055402 -0.020757 0.42945 0.16272 -0.0074896 0.14195 0.081741 0.13895 -0.077883 0.083581 0.1013 0.070626 0.010215
0.12453 0.17765 0.044811 0.18691 0.022462 0.081713 0.017939 0.047448 0.11615 0.19996 0.12755 0.029945 0.15577 0.058745 0.081683 0.021534 0.031753 0.10127 -0.0070845 0.3961 -0.088826 0.37455 0.029149 0.11027 -0.032593 -0.039763 0.087297 0.04936 0.064328 0.38277 -0.0023079 -0.20483 0.1105 0 0.11362 -0.21367 -0.014002 0.43152 0.54546 0.27503 0.6051 0.22323 0.10244 0.14015 0.32204 0.38257 0.16891 0.33884 -0.067335 -0.0091703 0.37244 0.48958 0.026468 0.34421 -0.12044 0.35442 0.00034641 0.097871 -0.074473 -0.043893 0.10869 0.048658 0.036367 0.34985 -0.020445 -0.21948 0.14402 0.78644 0.15717 -0.23328 0.044068 0.40726 0.47176 0.31805 0.54905 0.26838 0.089056 0.11463 0.24688 0.30806 0.16419 0.39816 -0.10263 -0.033226 0.3267 0.45954
0.072876 0.098038 0.21852 0.1645 0.066451 -0.038348 0.021668 -0.026825 0.030857 0.20814 0.013576 0.18429 0.13532 0.020934 -0.043846 0.0047271 -0.02313 0.022466 0.51289 0.19889 0.54106 -0.069499 0.061888 0.11989 0.21179 0.4163 -0.23202 -0.0030504 0.42506 -0.037251 -0.16338 0.23377 -0.057253 0.11362 0 0.39931 0.84955 0.00072528 0.077512 0.082043 0.36337 -0.097583 -0.10624 0.54356 0.49335 0.27046 0.26492 0.6503 -0.042898 0.019196 0.1265 0.36029 0.29204 0.18637 0.32703 -0.088373 0.019659 0.054479 0.10517 0.18741 -0.29656 -0.0054732 0.28139 -0.036852 -0.20656 0.058342 -0.056039 0.099661 0.66602 0.27889 0.59244 -0.021482 0.067351 0.014845 0.29056 -0.16284 -0.11786 0.20894 0.23911 0.16123 0.20529 0.4245 -0.047501 -0.024821 0.12121 0.31685
-0.069863 -0.075257 -0.02201 -0.098179 0.0021768 0.010657 0.06917 -0.084522 -0.067867 0.076745 -0.15024 -0.054555 -0.11024 -0.047611 -0.023043 0.034613 -0.077296 -0.059817 0.20922 -0.21697 0.44297 -0.17607 0.036464 0.029568 0.32714 0.37319 -0.056996 -0.016775 0.28286 -0.165 0.067013 0.57866 -0.04165 -0.21367 0.39931 0 0.60072 -0.16464 -0.14591 -0.12724 -0.082537 -0.098105 -0.17427 0.18847 0.20331 -0.096815 0.031102 0.18132 0.14484 0.091212 -0.080886 -0.12759 -0.0027821 -0.21949 0.17976 -0.18832 0.036302 8.5744e-05 0.097581 0.16618 -0.21175 -0.018618 0.10655 -0.15751 -0.040792 0.26506 -0.053122 -0.19396 0.098951 0.55096 0.23181 -0.17819 -0.11754 -0.21769 -0.11351 -0.28554 -0.23601 -0.13074 -0.10006 -0.15066 -0.0073122 -0.063326 0.11811 0.073229 -0.07137 -0.13122
0.0037547 0.0016562 0.13007 0.058143 0.052105 -0.030249 0.068602 -0.073471 -0.018321 0.17215 -0.070885 0.10727 0.047799 -0.011064 -0.056531 0.039741 -0.060355 -0.010892 0.55494 0.02503 0.52504 -0.12284 0.068424 0.091885 0.20272 0.45141 -0.26222 0.0033552 0.46246 -0.073632 -0.11118 0.34987 -0.084398 -0.014002 0.84955 0.60072 0 -0.068643 -0.030167 -0.041161 0.24828 -0.23484 -0.20623 0.41488 0.32509 0.15399 0.24413 0.54274 0.025656 0.034912 0.021639 0.20457 0.3047 -0.016358 0.28248 -0.13298 0.04299 0.027872 -0.0056768 0.223 -0.35359 0.0016833 0.27934 -0.080345 -0.18914 0.085908 -0.090192 -0.01993 0.52043 0.46701 0.60082 -0.088166 -0.0026755 -0.13067 0.15342 -0.33148 -0.22417 0.067694 0.0016756 0.055045 0.1723 0.236 -0.037356 -0.0020231 0.033922 0.17042
0.11497 0.24486 0.098393 0.12866 0.054428 0.098121 -0.011183 0.05238 0.17701 0.13394 0.2453 0.095453 0.12443 0.06339 0.081687 -0.04961 0.05055 0.17018 -0.018661 0.29633 -0.12378 0.8683 0.026666 0.29683 0.023393 -0.12053 0.1652 0.35455 0.10476 0.90914 0.0060362 -0.18882 0.14061 0.43152 0.00072528 -0.16464 -0.068643 0 0.42435 0.24562 0.36779 0.29628 0.13391 0.03461 0.1157 0.56008 0.11134 0.15248 -0.052725 -0.023292 0.34326 0.38041 0.00058728 0.28277 -0.16725 0.82809 0.0091031 0.31406 -0.026548 -0.047802 0.19959 0.41496 0.088045 0.86766 0.006809 -0.18545 0.14879 0.39946 0.031978 -0.17868 -0.039333 0.9643 0.45036 0.25919 0.3959 0.32894 0.15045 0.021622 0.081652 0.52075 0.088302 0.26662 -0.067603 -0.045781 0.3022 0.37094
0.062995 0.13681 -0.0020613 0.16622 0.067388 0.099569 0.056554 0.022742 0.097269 0.26717 0.057123 -0.0072457 0.093216 0.059785 0.090055 0.042966 0.0052143 0.082392 0.075152 0.31693 -0.02034 0.32967 0.048336 0.10689 -0.058474 0.013688 0.05332 0.020603 0.030365 0.35774 0.025829 -0.11988 0.060884 0.54546 0.077512 -0.14591 -0.030167 0.42435 0 0.097201 0.88377 0.10208 0.019577 0.05597 0.31397 0.4343 0.30108 0.40048 -0.015583 0.041067 0.48819 0.59851 0.036161 0.27349 -0.17177 0.30566 0.0053253 0.090988 -0.13835 -0.032174 0.030966 0.020011 -0.02078 0.32887 -0.01402 -0.19954 0.085847 0.48851 0.050015 -0.22603 -0.10127 0.38688 0.89395 0.11832 0.78383 0.10484 -0.0033614 -0.052909 0.14223 0.34236 0.25011 0.38104 -0.092683 -0.013772 0.40486 0.49628
0.36472 0.34395 0.20651 0.21666 0.093392 0.098953 -0.12742 0.074142 0.1912 0.31192 0.3568 0.22999 0.22131 0.090546 0.080208 -0.11479 0.070238 0.19288 -0.10519 0.42757 0.10053 0.096383 0.043197 -0.049873 0.20614 0.029113 0.42062 0.038384 0.26746 0.11508 -0.017295 -0.0812 0.071004 0.27503 0.082043 -0.12724 -0.041161 0.24562 0.097201 0 0.082792 0.54061 0.37594 0.4458 0.2892 0.17907 -0.089904 0.36104 -0.078331 -0.054264 0.20156 0.35343 -0.072279 0.39359 0.15942 0.097206 0.040027 -0.060937 0.24402 0.052945 0.41864 0.043683 0.24386 0.074424 0.083815 0.0019515 0.0322 0.2292 0.1856 -0.084179 0.10332 0.26673 0.076475 0.70169 0.10413 0.51458 0.34115 0.43934 0.33088 0.084772 -0.068141 0.37499 -0.093934 -0.090053 0.19332 0.36871
0.073529 0.11458 0.067944 0.25683 0.083005 0.059967 0.074982 0.012789 0.070688 0.2771 0.059207 0.050376 0.19484 0.062637 0.064165 0.072469 -0.0045043 0.063468 0.19386 0.39956 0.1124 0.29992 0.05546 0.15002 -0.11537 0.13529 -0.13597 0.07109 0.11857 0.30253 -0.064811 -0.14323 -0.028001 0.6051 0.36337 -0.082537 0.24828 0.36779 0.88377 0.082792 0 -0.075144 -0.03544 0.14681 0.47723 0.51394 0.31875 0.54293 -0.054674 0.014683 0.41624 0.62942 0.13642 0.34093 -0.090945 0.27181 0.0028475 0.1262 -0.21403 0.026499 -0.1492 0.076749 0.069036 0.28866 -0.11889 -0.24529 0.035792 0.56872 0.30076 -0.1914 0.088475 0.33731 0.81041 0.10269 0.90962 -0.03265 -0.052741 0.017689 0.25817 0.44959 0.26221 0.4857 -0.12943 -0.028271 0.32986 0.54762
0.18083 0.19856 0.091188 0.040156 0.010249 0.2787 -0.03217 0.049912 0.15351 0.22471 0.20317 0.071169 0.024788 0.04148 0.26459 -0.029268 0.074493 0.16116 -0.075329 0.097562 0.30818 0.29862 0.048067 0.11632 0.70664 -0.020492 0.8146 -0.0085448 0.096665 0.25812 0.39951 0.25611 0.45316 0.22323 -0.097583 -0.098105 -0.23484 0.29628 0.10208 0.54061 -0.075144 0 0.43608 0.31557 0.38209 0.18047 0.029496 0.067442 0.12608 0.044963 0.13991 0.065956 -0.057226 0.089068 0.19697 0.2499 0.053689 0.10119 0.53973 -0.019967 0.77776 0.05861 0.00085311 0.24497 0.39744 0.30444 0.37035 0.18081 -0.17914 -0.12779 -0.20566 0.30116 0.087306 0.42944 -0.070063 0.92183 0.35445 0.15553 0.3372 0.031931 0.050643 0.011495 0.15251 0.07318 0.14102 0.040658
0.096223 0.16634 0.17598 0.13139 0.05609 0.23147 -0.0025845 0.11881 0.14225 0.082002 0.19548 0.1757 0.11738 0.058157 0.24224 0.0034121 0.12417 0.1381 -0.14665 0.28515 -0.040009 0.076029 0.060959 0.041528 0.13188 -0.076866 0.46693 0.080837 0.20663 0.087077 0.39223 -0.0064735 0.21813 0.10244 -0.10624 -0.17427 -0.20623 0.13391 0.019577 0.37594 -0.03544 0.43608 0 0.062488 0.36738 -0.029821 0.029696 -0.057436 0.044622 0.032594 0.16221 0.18654 -0.099451 0.27618 -0.048282 0.066333 0.046065 0.03125 0.068557 -0.048422 0.43658 0.082531 0.15347 0.066338 0.41959 0.068179 0.16103 0.090058 -0.082914 -0.17114 -0.098092 0.1343 0.011305 0.32316 -0.019963 0.39276 0.58382 0.05055 0.34488 -0.0761 0.058168 -0.010917 0.038429 0.039344 0.14945 0.18005
0.35418 0.21084 0.24689 0.15334 0.071094 -0.0064218 -0.12851 0.0022133 0.097916 0.4423 0.18947 0.22133 0.13242 0.042774 -0.028167 -0.11399 -0.0093688 0.11337 0.020858 0.26655 0.69397 -0.013982 0.041293 -0.014851 0.49512 0.38334 0.097113 -0.09174 0.4395 -0.011618 -0.2108 0.045009 0.057651 0.14015 0.54356 0.18847 0.41488 0.03461 0.05597 0.4458 0.14681 0.31557 0.062488 0 0.44039 0.41716 -0.10535 0.66379 -0.12275 -0.091512 0.088208 0.25808 0.0074352 0.22818 0.54187 -0.037452 0.030742 -0.055522 0.43052 0.20612 0.039482 -0.073811 0.28124 -0.027197 -0.15348 0.079391 0.015462 0.11844 0.43901 0.19482 0.30336 0.049103 -0.0021126 0.38463 0.10086 0.28413 0.033687 0.70467 0.25628 0.21508 -0.079821 0.44472 -0.10258 -0.12992 0.076565 0.20643
0.0273 0.1569 0.19051 0.15369 0.061914 0.1785 0.05843 0.013835 0.075401 0.25413 0.077541 0.11389 0.11518 0.046926 0.1633 0.037263 0.020085 0.081487 0.17339 0.32672 0.39324 0.09048 0.069158 0.088325 0.36602 0.20931 0.2696 -0.027886 0.28686 0.079067 0.27166 0.36094 0.15102 0.32204 0.49335 0.20331 0.32509 0.1157 0.31397 0.2892 0.47723 0.38209 0.36738 0.44039 0 0.27808 0.18127 0.46766 0.11335 0.061776 0.20284 0.30132 0.033177 0.25412 0.10603 0.04211 0.042845 0.049759 0.058574 0.076326 0.13097 -0.008565 0.059359 0.072892 0.14582 0.10601 0.12695 0.31724 0.18331 -0.047776 0.052225 0.091693 0.25787 0.1626 0.38365 0.17549 0.19064 0.029525 0.53937 0.14555 0.17023 0.2101 0.09176 0.045238 0.1801 0.24579
0.18356 0.1299 0.054393 0.111 0.013217 0.084294 0.031213 0.012104 0.056243 0.2631 0.08497 0.065867 0.091944 0.017361 0.076738 0.033522 0.0063269 0.062972 0.09346 0.26953 0.3563 0.64206 0.087472 0.50542 0.35567 0.3828 -0.00092099 0.30058 0.18289 0.65936 -0.082542 -0.095671 0.13852 0.38257 0.27046 -0.096815 0.15399 0.56008 0.4343 0.17907 0.51394 0.18047 -0.029821 0.41716 0.27808 0 0.10093 0.52501 -0.054795 -0.0056067 0.1917 0.37334 0.081262 0.25321 0.16498 0.60413 0.047021 0.45521 0.20635 0.32373 0.040867 0.26643 0.12481 0.65722 -0.086641 -0.10715 0.1502 0.34664 0.28137 -0.10998 0.14489 0.54428 0.36441 0.20292 0.46269 0.2678 -0.017893 0.24404 0.15233 0.93476 0.047168 0.44957 -0.072256 -0.032438 0.15959 0.32483
-0.17857 -0.1119 -0.075546 -0.03127 0.0018504 0.21837 0.23327 0.0010664 -0.0030555 -0.12324 -0.16661 -0.10501 -0.056201 -0.018011 0.21321 0.20125 0.0074306 0.012319 0.73714 0.050403 0.073362 0.19069 0.10702 0.34297 0.10519 0.18548 -0.013975 0.16744 0.074933 0.22363 0.19136 0.38675 0.14678 0.16891 0.26492 0.031102 0.24413 0.11134 0.30108 -0.089904 0.31875 0.029496 0.029696 -0.10535 0.18127 0.10093 0 0.12211 0.075979 0.2293 0.56448 0.31579 0.58887 0.043382 -0.079049 0.15602 0.072453 0.33078 -0.037217 0.10193 -0.061408 0.15043 0.022855 0.20947 0.11047 0.20727 0.16021 0.19975 0.12626 -0.040784 0.078057 0.046983 0.33549 -0.10787 0.31112 0.0017701 0.030342 -0.1902 0.072128 0.11882 0.85338 0.065962 0.041223 0.20682 0.46483 0.26142
0.34423 0.22681 0.17995 0.2382 0.1067 -0.077234 -0.060082 0.00293 0.11212 0.38608 0.20935 0.17703 0.21729 0.082748 -0.087686 -0.067814 -0.027905 0.13697 0.24928 0.3891 0.43519 0.034416 0.062516 0.01439 0.2021 0.42306 -0.15936 -0.10511 0.39473 0.071627 -0.30386 0.1107 -0.07056 0.33884 0.6503 0.18132 0.54274 0.15248 0.40048 0.36104 0.54293 0.067442 -0.057436 0.66379 0.46766 0.52501 0.12211 0 -0.090269 -0.037081 0.29689 0.57961 0.21445 0.37087 0.36799 0.022497 0.019223 -0.055647 0.25736 0.27723 -0.15854 -0.076092 0.31563 0.054015 -0.27798 0.10983 -0.059578 0.28516 0.61694 0.20959 0.49122 0.1508 0.2877 0.33206 0.46897 0.11683 -0.036846 0.49817 0.38187 0.38388 0.099731 0.8289 -0.081678 -0.079853 0.22571 0.52004
-0.098761 -0.049068 -0.053747 -0.068022 -0.029434 0.055714 0.042744 -0.0043559 -0.03111 -0.025738 -0.0877 -0.083422 -0.082675 -0.042482 0.042157 0.040434 -0.014744 -0.037908 0.10501 -0.1258 0.027354 -0.027261 0.030089 0.071997 0.16365 0.024647 0.13315 0.02325 -0.033627 -0.013128 0.27093 0.30146 0.058964 -0.067335 -0.042898 0.14484 0.025656 -0.052725 -0.015583 -0.078331 -0.054674 0.12608 0.044622 -0.12275 0.11335 -0.054795 0.075979 -0.090269 0 0.091228 -0.068806 -0.12263 0.031959 -0.14223 -0.098686 -0.020457 0.0091416 0.062082 -0.0097481 0.016835 0.070361 0.030981 -0.093729 -0.013034 0.15668 0.19065 0.037015 -0.057293 -0.15725 0.050271 -0.11169 -0.047164 0.001863 -0.15779 -0.07432 0.0099784 -0.0062692 -0.25235 -0.010982 -0.041574 0.061154 -0.18222 0.21746 0.086028 -0.035575 -0.1393
-0.06652 -0.059335 -0.048768 -0.02289 -0.020915 0.15513 0.13262 0.00075971 -0.022528 -0.010354 -0.078805 -0.068667 -0.046986 -0.011833 0.13474 0.10709 -0.015774 0.026258 0.15123 -0.045244 0.012406 0.0178 0.10263 0.15288 0.1116 0.12466 0.044067 0.05701 0.051799 0.014557 0.1766 0.28148 0.092856 -0.0091703 0.019196 0.091212 0.034912 -0.023292 0.041067 -0.054264 0.014683 0.044963 0.032594 -0.091512 0.061776 -0.0056067 0.2293 -0.037081 0.091228 0 0.032528 0.024035 0.094072 -0.066043 -0.050288 0.0078518 0.038342 0.12605 0.023231 0.09555 0.027756 0.04875 -0.026038 0.030399 0.13411 0.21114 0.06578 -0.010192 -0.032351 0.029752 -0.017764 -0.033863 0.028202 -0.091169 -0.0063982 0.011946 0.0056772 -0.14477 0.03512 -0.01193 0.20018 -0.07507 0.10854 0.16719 0.017719 0.008744
0.028042 0.17646 0.07062 0.1252 0.062855 0.12191 0.015394 0.046939 0.1287 0.039069 0.17238 0.063329 0.11472 0.076076 0.10481 0.013373 0.042953 0.17232 0.1821 0.29235 -0.012887 0.22253 0.052814 0.12472 0.009991 -0.00063379 0.12765 0.12736 0.13814 0.28977 0.036671 -0.069269 0.097173 0.37244 0.1265 -0.080886 0.021639 0.34326 0.48819 0.20156 0.41624 0.13991 0.16221 0.088208 0.20284 0.1917 0.56448 0.29689 -0.068806 0.032528 0 0.50832 0.22471 0.29783 -0.0094821 0.21895 0.039381 0.13371 0.020088 -0.0084613 0.10728 0.12224 0.1335 0.26413 0.053361 -0.051471 0.11395 0.36145 0.17746 -0.081756 0.085041 0.31736 0.45645 0.23958 0.40811 0.17985 0.16673 0.070498 0.20045 0.1794 0.53406 0.36108 -0.046827 -0.0055564 0.65806 0.46455
0.22379 0.29041 0.18474 0.34571 0.14414 0.084114 0.0309 0.086531 0.18638 0.22739 0.27906 0.18786 0.31304 0.12434 0.088985 0.029324 0.061103 0.1966 0.14261 0.56892 -0.052732 0.24797 0.10039 0.14438 -0.091433 0.086498 -0.025225 0.12259 0.33034 0.29163 -0.077272 -0.19266 0.047667 0.48958 0.36029 -0.12759 0.20457 0.38041 0.59851 0.35343 0.62942 0.065956 0.18654 0.25808 0.30132 0.37334 0.31579 0.57961 -0.12263 0.024035 0.50832 0 0.17836 0.53976 -0.019007 0.23853 0.055749 0.098916 -0.046285 0.063784 0.0044501 0.12309 0.32066 0.2633 -0.052951 -0.14688 0.062097 0.45865 0.48203 -0.087683 0.31833 0.37165 0.52139 0.39892 0.60097 0.16222 0.19733 0.25024 0.32438 0.32221 0.2791 0.6437 -0.13378 -0.031217 0.41347 0.77238
-0.024124 -0.11641 -0.024275 -0.012958 -0.0068915 0.019081 0.090644 -0.023518 -0.031122 -0.13718 -0.1376 -0.022984 0.0093613 -0.014046 0.028206 0.099363 -0.017966 -0.0062029 0.67177 0.035193 0.038046 0.083126 0.018422 0.24834 0.044196 0.14458 -0.17778 0.15464 0.092176 0.092177 -0.059335 0.24514 0.027817 0.026468 0.29204 -0.0027821 0.3047 0.00058728 0.036161 -0.072279 0.13642 -0.057226 -0.099451 0.0074352 0.033177 0.081262 0.58887 0.21445 0.031959 0.094072 0.22471 0.17836 0 0.047735 0.17355 0.08655 0.037277 0.27921 0.16089 0.21089 -0.16936 0.10427 0.12854 0.084608 -0.054193 0.41163 0.037818 0.043638 0.44829 0.16893 0.47314 -0.03434 0.079005 -0.0398 0.18615 0.011062 -0.051298 0.039047 0.23933 0.077781 0.71099 0.22569 0.056826 0.15988 0.19215 0.1689
