0,0.344129830598831,0.278203755617142,0.283905476331711,0.0846420079469681,-0.00482859881594777,-0.0892212837934494,0.0667490065097809,0.21522468328476,0.732065498828888,0.419783174991608,0.36040785908699,0.300501078367233,0.112456500530243,-0.00134427391458303,-0.0985657572746277,0.0488177724182606,0.267849385738373,-0.140914931893349,0.234460800886154,0.0719970241189003,-0.0374737232923508,0.0260999482125044,-0.0545202754437923,0.0873599722981453,0.145815759897232,0.119109019637108,0.0198541190475225,0.196027457714081,-0.00800042692571878,-0.140052542090416,-0.0819054394960403,0.0192743130028248,0.0979609712958336,0.0728408172726631,-0.0493415631353855,0.0144224371761084,0.111245781183243,0.0308826640248299,0.364446401596069,0.0471479967236519,0.206455931067467,0.108589462935925,0.362264901399612,0.0452678650617599,0.169548124074936,-0.17156757414341,0.341718882322311,-0.0883899331092834,-0.0627889484167099,0.0294943302869797,0.219618231058121,0.00668048812076449,0.27281329035759,0.410185903310776,-0.0329468697309494,0.0333193689584732,-0.0806590393185616,0.369653671979904,0.23704294860363,0.213676005601883,0.00167883024550974,0.310650110244751,-0.0382234901189804,-0.0204851757735014,0.135179087519646,0.0272410567849874,0.110755607485771,0.361564040184021,0.193274915218353,0.285250753164291,0.119363583624363,0.0402074083685875,0.443858057260513,0.145010963082314,0.325903624296188,0.179415002465248,0.581933975219727,0.401198834180832,0.183709129691124,-0.130987927317619,0.520844161510468,0.0101673975586891,-0.0768440514802933,0.043158482760191,0.265773564577103
0.344129830598831,0,0.260746389627457,0.283543080091476,0.114806920289993,0.0149580277502537,-0.0780554488301277,0.0746360644698143,0.223257809877396,0.357427448034286,0.509828448295593,0.276810884475708,0.266091138124466,0.100500531494617,-0.00562521954998374,-0.0949269235134125,0.0640271455049515,0.217238262295723,-0.10041818022728,0.275022923946381,0.0452945567667484,0.0830728784203529,0.0214990023523569,-0.0521315708756447,0.0601811148226261,0.0388738848268986,0.153522670269012,0.0766730904579163,0.155300512909889,0.123483069241047,-0.0289741065353155,-0.104347214102745,0.0177983045578003,0.166693776845932,0.111041411757469,-0.063912071287632,0.0121722668409348,0.235695153474808,0.122119285166264,0.340723633766174,0.109571352601051,0.200314462184906,0.169442877173424,0.219039723277092,0.17094424366951,0.123253338038921,-0.103947065770626,0.234481364488602,-0.0451538674533367,-0.059402946382761,0.183054551482201,0.29674106836319,-0.0967474579811096,0.2665955722332,0.0618446171283722,0.0796653553843498,0.0131293963640928,-0.074496366083622,0.0624729245901108,-0.00513059599325061,0.140186041593552,0.0754786282777786,0.138102620840073,0.080834224820137,-0.00877769384533167,-0.0909696444869041,-0.0122853759676218,0.10243533551693,0.159970715641975,-0.0363474264740944,0.0804533362388611,0.264812052249908,0.0669668540358543,0.321089029312134,0.0852335691452026,0.192012563347816,0.160098314285278,0.184279829263687,0.16812264919281,0.0596789978444576,-0.115600973367691,0.22803458571434,-0.0479237176477909,-0.0763447508215904,0.163989096879959,0.269236505031586
0.278203755617142,0.260746389627457,0,0.405154138803482,0.107074022293091,0.0315380655229092,-0.0143257007002831,0.152085453271866,0.145457834005356,0.295805126428604,0.280044823884964,0.590660572052002,0.393101811408997,0.0709753111004829,0.0219660010188818,-0.0328525677323341,0.125859811902046,0.157980054616928,-0.0179567039012909,0.215094149112701,0.124299511313438,-0.0059244348667562,0.0129520129412413,-0.0409000664949417,0.0336290597915649,0.0555674023926258,0.0832946971058846,-0.00405058450996876,0.200384616851807,0.0212922487407923,-0.00702865933999419,-0.0584074445068836,-0.0230009183287621,0.0403458029031754,0.234130874276161,-0.0026973532512784,0.146029934287071,0.092056468129158,-0.00915717426687479,0.207179620862007,0.0675868541002274,0.0958971753716469,0.176520705223083,0.261055201292038,0.207394450902939,0.0501069463789463,-0.0544115416705608,0.193089082837105,-0.0526900701224804,-0.0496725924313068,0.0772761851549149,0.192473635077477,-0.00984343886375427,0.186217933893204,0.117926478385925,-0.0218621734529734,0.0318479388952255,-0.0640497505664825,0.0296576172113419,0.0251419302076101,0.0644143670797348,0.00611520372331142,0.165464997291565,-0.0100074950605631,0.000377385847968981,-0.0729304254055023,-0.0130342794582248,0.0162070635706186,0.206227540969849,-0.0213410165160894,0.145937919616699,0.0978948697447777,-0.032146193087101,0.205024033784866,0.0753354355692863,0.0797151699662209,0.125593349337578,0.177732691168785,0.166941121220589,0.00603101495653391,-0.0599491260945797,0.181964337825775,-0.0603376068174839,-0.0524676628410816,0.0880201905965805,0.181692361831665
0.283905476331711,0.283543080091476,0.405154138803482,0,0.203017398715019,0.0101981218904257,-0.010974264703691,0.114164501428604,0.14662691950798,0.263111501932144,0.287783980369568,0.38613361120224,0.650110125541687,0.12761826813221,0.00111198984086514,-0.0192204676568508,0.0987175852060318,0.153811156749725,-0.0356803499162197,0.306343376636505,-0.0246378295123577,0.0245649311691523,0.013805765658617,-0.0223857015371323,-0.0873938277363777,0.0132521269842982,0.0094189178198576,0.0226556789129972,0.155299052596092,0.0426402017474174,-0.0309986472129822,-0.14446833729744,-0.0251805745065212,0.185229882597923,0.180122271180153,-0.0835743099451065,0.0708167403936386,0.12363338470459,0.17099417746067,0.224003225564957,0.269471138715744,0.0409379415214062,0.137427061796188,0.168004259467125,0.177529320120811,0.109932698309422,-0.0108716823160648,0.253810107707977,-0.0680993869900703,-0.0250770319253206,0.142457157373428,0.358336538076401,0.00594251230359077,0.293716341257095,0.0256901662796736,0.0229647681117058,0.0089445486664772,-0.0463624820113182,-0.0457435511052608,-0.0195902325212955,0.0197741258889437,0.0271259732544422,0.156727313995361,0.02281285636127,-0.025654936209321,-0.127065539360046,0.00181137199979275,0.14533431828022,0.264917820692062,-0.0565120615065098,0.156705319881439,0.138965472579002,0.102490223944187,0.256277769804001,0.25193053483963,0.0759004056453705,0.137626349925995,0.181600317358971,0.191044896841049,0.0825859010219574,-0.0302185881882906,0.307579070329666,-0.066174291074276,-0.0573684088885784,0.133958384394646,0.355111956596375
0.0846420079469681,0.114806920289993,0.107074022293091,0.203017398715019,0,-0.0012780309189111,-0.0160553175956011,0.0208509285002947,0.0545045807957649,0.0969032943248749,0.101641818881035,0.115021519362926,0.168785080313683,0.047224260866642,-0.00290640746243298,-0.0244913548231125,0.0236450526863337,0.0629033967852592,-0.0125182485207915,0.106281995773315,0.00353285600431263,-0.000760074064601213,0.00936228781938553,-0.0117046153172851,-0.0193903390318155,0.00456247478723526,-0.00172642443794757,-0.0126035483554006,0.0716580078005791,0.00299830106087029,-0.0252844132483006,-0.0305212512612343,-0.0128147173672915,0.0204204600304365,0.0704033002257347,0.00628400128334761,0.0570564046502113,0.048296146094799,0.0670011639595032,0.0952931344509125,0.0862063765525818,0.00853601284325123,0.0528124198317528,0.0725677162408829,0.0660742819309235,0.0093317199498415,0.0069263894110918,0.1095300167799,-0.0266951248049736,-0.0232041012495756,0.0623387768864632,0.145097643136978,0.00140994321554899,0.113088853657246,-0.0168532896786928,-0.00825442560017109,-0.0119876656681299,-0.0357771702110767,-0.0387352779507637,-0.0133779877796769,-0.00744295818731189,-0.00513617554679513,0.0645909309387207,-0.0107113337144256,-0.0207720510661602,-0.0438105203211308,-0.0221556480973959,0.0203589200973511,0.086905762553215,-0.00861739367246628,0.0673754215240479,0.049309965223074,0.0497300215065479,0.0777483135461807,0.0735515803098679,-0.00380807486362755,0.0290518216788769,0.0407271087169647,0.0480843521654606,-0.0137962931767106,-0.00533042009919882,0.10245168954134,-0.0385186672210693,-0.0213125497102737,0.0449615307152271,0.128533005714417
-0.00482859881594777,0.0149580277502537,0.0315380655229092,0.0101981218904257,-0.0012780309189111,0,0.172241166234016,0.0165786314755678,0.0863228216767311,0.0593787580728531,0.00039670240948908,0.0246848072856665,3.81912104785442e-05,-0.0155809819698334,0.439183235168457,0.176570653915405,0.0424281470477581,0.0736976265907288,0.0514192022383213,0.0388321988284588,0.139043867588043,0.0971542075276375,0.137684181332588,0.2273039072752,0.24010194838047,0.1195138245821,0.339976072311401,0.142649471759796,0.079940989613533,0.128445625305176,0.306107848882675,0.200987949967384,0.284118115901947,0.0788496434688568,-0.0290895402431488,0.0120117133483291,-0.0215678177773952,0.089639775454998,0.094007819890976,0.0969534888863564,0.0575887747108936,0.265263020992279,0.23140749335289,-0.00944196898490191,0.17518438398838,0.0760907381772995,0.208685457706451,-0.0793621987104416,0.0537792555987835,0.150231778621674,0.114237599074841,0.0819275677204132,0.00495470175519586,0.0330177508294582,0.00455889664590359,0.0796214118599892,0.0890915840864182,0.216807097196579,0.128880798816681,0.0865782499313354,0.290830135345459,0.142782226204872,0.0216870401054621,0.116287723183632,0.289660930633545,0.138564348220825,0.238080322742462,0.0668924525380135,-0.107827387750149,-0.0504807122051716,-0.0790858641266823,0.0713922381401062,0.101215712726116,0.0359085947275162,0.052646279335022,0.223035231232643,0.163349002599716,-0.0836631879210472,0.0848634541034698,0.0475866384804249,0.180737495422363,-0.110139802098274,0.0552799962460995,0.122039772570133,0.0999658554792404,0.0553849264979362
-0.0892212837934494,-0.0780554488301277,-0.0143257007002831,-0.010974264703691,-0.0160553175956011,0.172241166234016,0,-0.00959430821239948,-0.00492517184466124,-0.0405613258481026,-0.103852353990078,-0.0411375984549522,-0.0304101649671793,-0.0290373452007771,0.174724191427231,0.258303105831146,-0.0068243220448494,-0.0306826736778021,0.143808260560036,-0.0374015644192696,0.0500862561166286,0.0256342366337776,0.0762505531311035,0.175656110048294,0.0601734071969986,0.127077460289001,-0.00376957072876394,0.0727573782205582,0.0156883466988802,0.0435917750000954,0.160211175680161,0.161680713295937,0.0696633085608482,0.0223257783800364,0.0257808342576027,0.0653705969452858,0.0745070725679398,-0.00994056928902864,0.0583724975585938,-0.12105268239975,0.0728456974029541,-0.0394604429602623,-0.0012576833833009,-0.126346111297607,0.057674627751112,0.0227451417595148,0.22858852148056,-0.0626763105392456,0.035484854131937,0.132968470454216,0.0196753069758415,0.0356450490653515,0.0793688371777534,-0.0503645837306976,-0.0576885230839252,0.0186959877610207,0.0329773277044296,0.156069397926331,-0.0346668437123299,0.0785323455929756,-0.0297228619456291,0.0596632622182369,-0.0186236128211021,0.0370907634496689,0.0929517075419426,0.0915853977203369,0.0580079220235348,0.0286433473229408,-0.0473056770861149,-0.0164355617016554,-0.015581488609314,-0.023692337796092,0.0650787055492401,-0.138355955481529,0.0729906857013702,-0.0590512193739414,-0.0213850885629654,-0.18218831717968,-0.018689913675189,0.0314417965710163,0.188007056713104,-0.120322860777378,0.0253122430294752,0.107017911970615,0.00486477743834257,0.00161468470469117
0.0667490065097809,0.0746360644698143,0.152085453271866,0.114164501428604,0.0208509285002947,0.0165786314755678,-0.00959430821239948,0,0.0527215749025345,0.047205526381731,0.0820897966623306,0.134259298443794,0.109299823641777,0.0165268387645483,0.0297679174691439,-0.00196739681996405,0.110345117747784,0.0657102391123772,-0.0368598662316799,0.0926805287599564,-0.0577060915529728,0.0180791392922401,0.00209003104828298,-0.0097346119582653,-0.0410738289356232,-0.0195679645985365,0.0594480521976948,0.0161567162722349,0.0271083246916533,0.00805895496159792,0.0652081742882729,-0.0553522035479546,0.0210970174521208,0.0459019765257835,-0.0231473408639431,-0.0763092860579491,-0.0705387219786644,0.0463520735502243,0.0198461897671223,0.0757653564214706,0.0145075926557183,0.0494560040533543,0.119295693933964,0.00375677924603224,0.0167509317398071,0.00789900962263346,0.00392618449404836,0.00214919354766607,-0.00451305229216814,-0.00183597742579877,0.0487651266157627,0.0873561426997185,-0.0224633440375328,0.0801121890544891,-0.0370913110673428,0.0204428508877754,-0.00598434312269092,-0.00236587994731963,-0.0172069892287254,0.00221989047713578,0.0696335434913635,0.0306640025228262,0.0332178138196468,0.000721405609510839,0.0642040818929672,-0.0384160615503788,0.00815991777926683,0.0424966998398304,0.00457424437627196,-0.0807816758751869,-0.0107811167836189,0.0505752563476562,0.00900165643543005,0.0820301845669746,0.0292287487536669,0.0598264150321484,0.102917708456516,0.0228309594094753,0.0414242036640644,0.00548414327204227,0.0109968287870288,0.0530135631561279,-0.0121895913034678,-0.00144408631604165,0.0564026460051537,0.0886683017015457
0.21522468328476,0.223257809877396,0.145457834005356,0.14662691950798,0.0545045807957649,0.0863228216767311,-0.00492517184466124,0.0527215749025345,0,0.225326612591743,0.234894797205925,0.137286126613617,0.138306483626366,0.0524897649884224,0.0736648961901665,-0.0218631215393543,0.0507527776062489,0.202395439147949,-0.0428929664194584,0.168428421020508,0.00868782494217157,0.0581624768674374,0.021359596401453,0.00519198924303055,0.0299104042351246,0.00403428683057427,0.136326894164085,0.0269323848187923,0.0827861502766609,0.090081661939621,0.022223798558116,-0.0504503287374973,0.0675942152738571,0.103993952274323,0.0375574342906475,-0.0576900690793991,-0.0099793691188097,0.169851213693619,0.0838591381907463,0.191445305943489,0.0600732043385506,0.152862772345543,0.146439760923386,0.100163199007511,0.081937812268734,0.0480256788432598,0.0028232503682375,0.111269198358059,-0.0333330109715462,-0.0236318204551935,0.128261387348175,0.187971919775009,-0.0234236549586058,0.174285843968391,0.0499086678028107,0.0515639446675777,0.0245807114988565,-0.0148694003000855,0.0610109716653824,0.0128342872485518,0.150888353586197,0.0195062272250652,0.0972785428166389,0.0787670314311981,0.0603147372603416,-0.00878090783953667,0.0378196761012077,0.0664895847439766,0.0870633199810982,-0.0292154829949141,0.0459426194429398,0.175069034099579,0.0629525706171989,0.186225041747093,0.0556802190840244,0.173315078020096,0.141647323966026,0.109952837228775,0.131332010030746,0.0198375228792429,-0.000475039676530287,0.148457109928131,-0.0318147204816341,-0.00609680823981762,0.12430389970541,0.179430574178696
0.732065498828888,0.357427448034286,0.295805126428604,0.263111501932144,0.0969032943248749,0.0593787580728531,-0.0405613258481026,0.047205526381731,0.225326612591743,0,0.327793747186661,0.288206666707993,0.223918989300728,0.0982277393341064,0.0445926859974861,-0.0575869791209698,0.0417144969105721,0.23355433344841,-0.0502574853599072,0.22666934132576,0.259134590625763,-0.0105099501088262,0.047235120087862,-0.0724036768078804,0.218939453363419,0.233392849564552,0.162190526723862,-0.0612377896904945,0.207226008176804,0.000112706795334816,-0.00784968864172697,0.0722550600767136,0.0467862784862518,0.179738253355026,0.217542514204979,0.0985968932509422,0.188467666506767,0.115310549736023,0.236730337142944,0.303944438695908,0.248497918248177,0.238697305321693,0.0950980484485626,0.444722145795822,0.278315395116806,0.240392699837685,-0.11112729460001,0.383196920156479,-0.0113574787974358,-0.00455284584313631,0.0320055969059467,0.210713773965836,-0.106504708528519,0.170616492629051,0.1335169672966,-0.0192331615835428,0.0244446974247694,-0.0912324860692024,0.123011194169521,0.124088600277901,0.116350181400776,-0.0289990343153477,0.101107440888882,-0.00881120469421148,-0.00869692210108042,0.0319740287959576,0.0279269777238369,0.111580349504948,0.135289236903191,0.0389007143676281,0.063064344227314,0.125184565782547,0.122877418994904,0.260039895772934,0.135968595743179,0.158313930034637,0.0661820471286774,0.226722538471222,0.113660261034966,0.0904655829071999,-0.106938160955906,0.31896561384201,-0.0244911182671785,-0.0470003113150597,0.0454647354781628,0.178468406200409
0.419783174991608,0.509828448295593,0.280044823884964,0.287783980369568,0.101641818881035,0.00039670240948908,-0.103852353990078,0.0820897966623306,0.234894797205925,0.327793747186661,0,0.332639843225479,0.313711434602737,0.115551732480526,-0.00999040435999632,-0.10930660367012,0.100354164838791,0.25816884636879,-0.179368942975998,0.299851149320602,-0.0157110169529915,0.0635039210319519,0.0179091356694698,-0.0718850716948509,0.0205086302012205,-0.0231127496808767,0.162341505289078,0.0566841773688793,0.139288574457169,0.102551825344563,-0.0531233996152878,-0.178610026836395,0.0222524367272854,0.118260070681572,0.0251733027398586,-0.137478291988373,-0.0617177523672581,0.235893815755844,0.0485279895365238,0.352148979902267,0.0568774603307247,0.210980400443077,0.197471022605896,0.198039412498474,0.0882590040564537,0.0817652121186256,-0.157731175422668,0.219753995537758,-0.0803813934326172,-0.0793710052967072,0.171496599912643,0.289241284132004,-0.11276213824749,0.310198098421097,0.147848054766655,0.0720579996705055,0.00870447605848312,-0.101332701742649,0.148230344057083,-0.0089061064645648,0.206826895475388,0.0396152809262276,0.190004393458366,0.0619860552251339,0.00205089617520571,-0.0634084343910217,0.0100393341854215,0.122582867741585,0.23119443655014,-0.00752014480531216,0.148128628730774,0.268701136112213,0.0317123606801033,0.401145458221436,0.0954668670892715,0.274060904979706,0.211573004722595,0.301105916500092,0.266478031873703,0.0595036447048187,-0.136625409126282,0.311580657958984,-0.0402122475206852,-0.100509166717529,0.177815675735474,0.309438467025757
0.36040785908699,0.276810884475708,0.590660572052002,0.38613361120224,0.115021519362926,0.0246848072856665,-0.0411375984549522,0.134259298443794,0.137286126613617,0.288206666707993,0.332639843225479,0,0.410277187824249,0.0867803543806076,0.0207914989441633,-0.032611470669508,0.151197701692581,0.156319722533226,-0.0650300234556198,0.216302216053009,0.0722435861825943,-0.0348324216902256,-0.00290314224548638,-0.0582137815654278,0.00451579038053751,0.0274346396327019,0.0915534198284149,0.00282824039459229,0.195473983883858,-0.00348861888051033,-0.0462276786565781,-0.121453270316124,-0.0242391284555197,0.0268027242273092,0.192263662815094,-0.0417053997516632,0.114677235484123,0.0875894501805305,-0.0143853146582842,0.234129413962364,0.0494046583771706,0.0844656527042389,0.183010801672935,0.234435796737671,0.132667183876038,0.0585038959980011,-0.0884095653891563,0.187446296215057,-0.0796333104372025,-0.0685166791081429,0.070451132953167,0.194941341876984,-0.00837315246462822,0.243644163012505,0.191153034567833,-0.0592336431145668,0.0238424465060234,-0.0791994258761406,0.0876706019043922,0.050360269844532,0.0927299410104752,-0.0113735590130091,0.235724583268166,-0.0300678592175245,0.00602029170840979,-0.0478631444275379,0.00572352390736341,0.0292003583163023,0.281008869409561,0.0494298860430717,0.225803047418594,0.0956439524888992,-0.062944658100605,0.269780248403549,0.061763022094965,0.129005938768387,0.189719498157501,0.281936883926392,0.238144502043724,0.0184029433876276,-0.0848728865385056,0.238617971539497,-0.0525292977690697,-0.0554456487298012,0.06263068318367,0.217700704932213
0.300501078367233,0.266091138124466,0.393101811408997,0.650110125541687,0.168785080313683,3.81912104785442e-05,-0.0304101649671793,0.109299823641777,0.138306483626366,0.223918989300728,0.313711434602737,0.410277187824249,0,0.148993968963623,0.00252670818008482,-0.00934476591646671,0.122721388936043,0.160209968686104,-0.0448852218687534,0.284350126981735,-0.0290314331650734,0.0200483277440071,0.0171909686177969,-0.0294208433479071,-0.0944768637418747,-0.00390251516364515,-0.00543221831321716,0.0364358052611351,0.148999452590942,0.0365540161728859,-0.0705809220671654,-0.157332047820091,-0.0255279485136271,0.156803011894226,0.153508514165878,-0.100145064294338,0.0588044561445713,0.123975746333599,0.104792475700378,0.227665469050407,0.215435415506363,0.0207894034683704,0.121998660266399,0.149869069457054,0.137569904327393,0.0937694609165192,-0.0353369079530239,0.237806990742683,-0.0826823636889458,-0.0519611388444901,0.135207951068878,0.331749260425568,0.0297930594533682,0.301430493593216,0.0375180542469025,0.0130394194275141,0.016760379076004,-0.0327733233571053,-0.0422370098531246,0.0172885395586491,0.00365960551425815,0.033908274024725,0.191808298230171,0.0178657583892345,-0.0409727469086647,-0.11964001506567,-0.00998022686690092,0.150639593601227,0.294350147247314,-0.0406648069620132,0.191680952906609,0.138467773795128,0.104289829730988,0.256210654973984,0.279722541570663,0.0720077976584435,0.13296315073967,0.202287793159485,0.200251594185829,0.0868762880563736,-0.00741391442716122,0.324371755123138,-0.0853932574391365,-0.0506611205637455,0.133188650012016,0.385353714227676
0.112456500530243,0.100500531494617,0.0709753111004829,0.12761826813221,0.047224260866642,-0.0155809819698334,-0.0290373452007771,0.0165268387645483,0.0524897649884224,0.0982277393341064,0.115551732480526,0.0867803543806076,0.148993968963623,0,-0.00709749851375818,-0.0294125415384769,0.0106098288670182,0.0933559089899063,-0.0218659620732069,0.132713556289673,-0.0412470065057278,0.0162166096270084,0.0109139904379845,-0.0222419612109661,-0.027491070330143,-0.0253023393452168,0.0194874033331871,-0.0141107495874166,0.0364978536963463,0.0176330730319023,-0.0255505200475454,-0.0545243434607983,-0.000123034231364727,0.0579154305160046,0.0217738728970289,-0.0461921170353889,-0.00942337978631258,0.0621225275099277,0.0632382556796074,0.0907195582985878,0.0644305944442749,0.0439159534871578,0.0561135150492191,0.044732641428709,0.0492490231990814,0.0169719289988279,-0.0119716441258788,0.082349069416523,-0.0397148653864861,-0.0119762467220426,0.0773557350039482,0.124169938266277,-0.00887658074498177,0.105942271649837,0.000236921943724155,0.0153160067275167,0.00554094649851322,-0.023269547149539,-0.00604249583557248,-0.0155660705640912,0.030505632981658,-0.012691025622189,0.0317864082753658,0.0208246968686581,-0.0100692315027118,-0.0336074754595757,-0.0073349867016077,0.0667558386921883,0.0759986490011215,-0.0361947268247604,0.0516157820820808,0.0727022886276245,0.0650306418538094,0.0922918915748596,0.0804264098405838,0.0506122410297394,0.0696091204881668,0.0630243048071861,0.0895346850156784,0.00311608728952706,-0.0134779559448361,0.1190524995327,-0.0271366629749537,-0.0268495287746191,0.0666947141289711,0.138058036565781
-0.00134427391458303,-0.00562521954998374,0.0219660010188818,0.00111198984086514,-0.00290640746243298,0.439183235168457,0.174724191427231,0.0297679174691439,0.0736648961901665,0.0445926859974861,-0.00999040435999632,0.0207914989441633,0.00252670818008482,-0.00709749851375818,0,0.219944044947624,0.0383640192449093,0.0695189088582993,0.0400084108114243,0.0379196368157864,0.120601981878281,0.0882718712091446,0.113938860595226,0.233600229024887,0.215541332960129,0.113935254514217,0.317337423563004,0.133319720625877,0.0778404250741005,0.113540932536125,0.307194352149963,0.161635175347328,0.280833750963211,0.0816455855965614,-0.0386722199618816,-0.0259598400443792,-0.0516042336821556,0.0763172432780266,0.0865407511591911,0.0749498605728149,0.0612137094140053,0.248458042740822,0.239535272121429,-0.0323490984737873,0.156810149550438,0.0747411623597145,0.206684917211533,-0.0895463973283768,0.0404952690005302,0.132385417819023,0.0967793241143227,0.0825195237994194,0.0153230261057615,0.047646202147007,0.0518437027931213,0.0791877806186676,0.108413964509964,0.228976234793663,0.154046684503555,0.126838594675064,0.305703639984131,0.118993781507015,0.0530932024121284,0.107208363711834,0.277507603168488,0.155415162444115,0.285917967557907,0.068341538310051,-0.0795750543475151,-0.052340317517519,-0.0619598962366581,0.0655978918075562,0.113032631576061,0.0601929686963558,0.0529365167021751,0.243437111377716,0.182323038578033,-0.0579966567456722,0.109044089913368,0.069661870598793,0.20195235311985,-0.0845391303300858,0.0372956916689873,0.142715215682983,0.0989572554826736,0.0795511975884438
-0.0985657572746277,-0.0949269235134125,-0.0328525677323341,-0.0192204676568508,-0.0244913548231125,0.176570653915405,0.258303105831146,-0.00196739681996405,-0.0218631215393543,-0.0575869791209698,-0.10930660367012,-0.032611470669508,-0.00934476591646671,-0.0294125415384769,0.219944044947624,0,0.0163581054657698,-0.00736706983298063,0.111047878861427,-0.0364064909517765,0.045474898070097,0.0261102840304375,0.0803004801273346,0.170968666672707,0.0414933823049068,0.118297897279263,-0.0121791800484061,0.0353392399847507,0.0122648952528834,0.0356862731277943,0.135136544704437,0.123236984014511,0.0951417610049248,0.0284973587840796,0.0101347463205457,0.0350647531449795,0.046029806137085,-0.049042597413063,0.0445688590407372,-0.112758360803127,0.0743145346641541,-0.0366991758346558,0.00490216398611665,-0.115202464163303,0.0358612611889839,0.0259009581059217,0.197236970067024,-0.0687253549695015,0.0378643572330475,0.108826480805874,0.014766639098525,0.0257202200591564,0.0903272032737732,-0.0364631377160549,-0.0189323257654905,0.0185255669057369,0.0488762930035591,0.180733039975166,-0.0110863791778684,0.121289812028408,-0.0278180483728647,0.0272463485598564,-0.00300955609418452,0.0296419467777014,0.106010466814041,0.0947337001562119,0.10109107196331,0.0305091049522161,-0.0135280676186085,-0.0066055404022336,0.0188475474715233,-0.0558164417743683,0.064973957836628,-0.12993186712265,0.0818691328167915,-0.0497043840587139,-0.0256271939724684,-0.142717033624649,-0.00867631752043962,0.0369750410318375,0.205828428268433,-0.0853792801499367,0.0253845993429422,0.127864047884941,0.0020566126331687,0.0228946339339018
0.0488177724182606,0.0640271455049515,0.125859811902046,0.0987175852060318,0.0236450526863337,0.0424281470477581,-0.0068243220448494,0.110345117747784,0.0507527776062489,0.0417144969105721,0.100354164838791,0.151197701692581,0.122721388936043,0.0106098288670182,0.0383640192449093,0.0163581054657698,0,0.0670181885361671,-0.0279525984078646,0.0887864455580711,-0.0451452471315861,0.0284095238894224,0.0175623074173927,-0.00566746480762959,-0.0123020643368363,-0.0330515205860138,0.0803830027580261,0.0336534082889557,0.0226984489709139,0.0309504643082619,0.0526466965675354,-0.0665554031729698,0.0114017063751817,0.0256035123020411,-0.0204619690775871,-0.0778643414378166,-0.0569622032344341,0.0491924472153187,0.00323330704122782,0.0716164335608482,-0.00553137948736548,0.0757221877574921,0.124442346394062,-0.00716217001900077,0.0213054250925779,0.00494414614513516,0.00763778435066342,-0.0268445555120707,-0.0131756933405995,-0.0141818122938275,0.0449008867144585,0.0651379227638245,-0.0183285158127546,0.0782858729362488,-0.0339933522045612,0.0262230057269335,0.00467711267992854,0.0168337989598513,-0.0167162325233221,-0.0163352899253368,0.0709133371710777,0.0290205515921116,0.0274883266538382,0.0228779837489128,0.0499975234270096,-0.0380420349538326,0.022935139015317,0.0306452978402376,-0.00651132874190807,-0.0975750088691711,-0.0277934446930885,0.0512204356491566,-0.00882641319185495,0.0748645439743996,-0.00134692632127553,0.0733687654137611,0.119965113699436,0.0235980004072189,0.0203666053712368,0.00418235454708338,0.0155387679114938,0.0171628203243017,-0.0206129141151905,-0.00145719002466649,0.0455016233026981,0.0697708874940872
0.267849385738373,0.217238262295723,0.157980054616928,0.153811156749725,0.0629033967852592,0.0736976265907288,-0.0306826736778021,0.0657102391123772,0.202395439147949,0.23355433344841,0.25816884636879,0.156319722533226,0.160209968686104,0.0933559089899063,0.0695189088582993,-0.00736706983298063,0.0670181885361671,0,-0.0582230947911739,0.171113550662994,0.0370349325239658,0.0447517372667789,0.041217178106308,0.00937499944120646,0.0564144812524319,0.0308037772774696,0.128084316849709,0.0246170368045568,0.097887247800827,0.0842091366648674,0.0151211060583591,-0.0273636803030968,0.0750357285141945,0.0861771926283836,0.0305579695850611,-0.0501349121332169,-0.00357188819907606,0.160209804773331,0.0703562274575233,0.189675465226173,0.0547725148499012,0.161959916353226,0.140519455075264,0.118255510926247,0.0855233371257782,0.0585633404552937,0.0151222189888358,0.140031725168228,-0.0382053926587105,0.0220477171242237,0.169397786259651,0.198105186223984,0.00251789134927094,0.186314940452576,0.100738830864429,0.0550885424017906,0.0267245601862669,0.00521028554067016,0.104937948286533,0.0352225191891193,0.153958201408386,0.0292380433529615,0.118387743830681,0.074034258723259,0.0645098015666008,0.018478000536561,0.0572059154510498,0.0961263328790665,0.122685328125954,0.0129197994247079,0.0929692983627319,0.177676409482956,0.0682540163397789,0.206341132521629,0.0785199105739594,0.192200377583504,0.142612740397453,0.15483894944191,0.165041729807854,0.0523459576070309,0.0189057439565659,0.180445164442062,-0.0022927017416805,-0.0014322604984045,0.137045800685883,0.217534348368645
-0.140914931893349,-0.10041818022728,-0.0179567039012909,-0.0356803499162197,-0.0125182485207915,0.0514192022383213,0.143808260560036,-0.0368598662316799,-0.0428929664194584,-0.0502574853599072,-0.179368942975998,-0.0650300234556198,-0.0448852218687534,-0.0218659620732069,0.0400084108114243,0.111047878861427,-0.0279525984078646,-0.0582230947911739,0,-0.0149831343442202,0.227344825863838,0.0491884872317314,0.0417429693043232,0.238341987133026,0.157083049416542,0.258262813091278,-0.188248157501221,0.0781484395265579,0.0843178480863571,0.0694861710071564,-0.00879916362464428,0.528964757919312,-0.0193700399249792,0.00203796941787004,0.53113067150116,0.193957284092903,0.561989724636078,-0.0309854689985514,0.0821737423539162,-0.0944604948163033,0.206264108419418,-0.0881547555327415,-0.1521115899086,0.0317227393388748,0.174036577343941,0.0795601606369019,0.733228921890259,0.248852699995041,0.091379426419735,0.153489112854004,0.183476641774178,0.152848303318024,0.663025617599487,-0.0405925996601582,0.0413091368973255,0.0260617639869452,0.0216420497745275,0.194973483681679,-0.00100143591407686,0.174863755702972,-0.220292747020721,0.0794228240847588,0.024242389947176,0.0629433020949364,-0.0833043456077576,0.298649281263351,0.0089871296659112,0.0249368622899055,0.271541237831116,0.15255668759346,0.284075558185577,-0.0574732385575771,0.129554435610771,-0.156324043869972,0.152881383895874,-0.141197234392166,-0.135585084557533,-0.0776862949132919,0.0181797314435244,0.0582570359110832,0.627591013908386,0.0788708627223969,0.0364148057997227,0.148605182766914,0.182302966713905,0.120845928788185
0.234460800886154,0.275022923946381,0.215094149112701,0.306343376636505,0.106281995773315,0.0388321988284588,-0.0374015644192696,0.0926805287599564,0.168428421020508,0.22666934132576,0.299851149320602,0.216302216053009,0.284350126981735,0.132713556289673,0.0379196368157864,-0.0364064909517765,0.0887864455580711,0.171113550662994,-0.0149831343442202,0,-0.107563450932503,0.157873824238777,0.0519933812320232,0.0219272058457136,-0.1254663169384,-0.0224491152912378,0.0101611139252782,0.0350162647664547,0.22224372625351,0.18092392385006,-0.0949045941233635,-0.261441677808762,0.00736174918711185,0.377658396959305,0.191919535398483,-0.2081458568573,0.0206210874021053,0.279184639453888,0.302828192710876,0.424755424261093,0.388687670230865,0.0909171849489212,0.280398666858673,0.258477360010147,0.335479259490967,0.255523979663849,0.0593455135822296,0.378317147493362,-0.129049673676491,-0.0511569157242775,0.293299436569214,0.571885585784912,0.0573940053582191,0.591548442840576,-0.0899653136730194,0.166965052485466,0.0131246978417039,0.00439844420179725,-0.112234599888325,-0.00339385168626904,0.0539723113179207,0.0451122112572193,0.185459479689598,0.153876587748528,-0.0489385761320591,-0.235330536961555,0.0199330262839794,0.351375758647919,0.303252309560776,-0.232280537486076,0.11025021225214,0.277129709720612,0.257340401411057,0.445600420236588,0.381171822547913,0.157259911298752,0.275665283203125,0.232693642377853,0.296918332576752,0.20474699139595,0.055782962590456,0.4559525847435,-0.15844601392746,-0.0833555608987808,0.24670322239399,0.555561423301697
0.0719970241189003,0.0452945567667484,0.124299511313438,-0.0246378295123577,0.00353285600431263,0.139043867588043,0.0500862561166286,-0.0577060915529728,0.00868782494217157,0.259134590625763,-0.0157110169529915,0.0722435861825943,-0.0290314331650734,-0.0412470065057278,0.120601981878281,0.045474898070097,-0.0451452471315861,0.0370349325239658,0.227344825863838,-0.107563450932503,0,-0.140767782926559,0.0726544782519341,0.195218339562416,0.706294894218445,0.561717450618744,0.179399192333221,-0.0430723205208778,0.274958163499832,-0.0852973535656929,0.109919652342796,0.481747567653656,0.159163936972618,-0.0809500440955162,0.579023659229279,0.450488477945328,0.560262978076935,-0.113970823585987,-0.0222398526966572,0.0896983295679092,0.121119357645512,0.290549457073212,-0.042281836271286,0.699130654335022,0.413753181695938,0.368474811315536,0.0869926139712334,0.459940940141678,0.0348700545728207,0.0118321077898145,-0.0119524737820029,-0.045109149068594,0.066524900496006,-0.0983682200312614,0.657739520072937,-0.183593392372131,0.0617684200406075,0.110647648572922,0.521373152732849,0.309335619211197,0.0551105886697769,-0.0170071050524712,0.114042110741138,-0.0789774358272552,0.055968351662159,0.323693871498108,0.120371431112289,-0.0746673718094826,0.285837531089783,0.359942048788071,0.25382924079895,-0.116847909986973,-0.00893711391836405,-0.0189827270805836,0.0369087606668472,0.150220707058907,-0.117896407842636,0.291378766298294,0.128131583333015,0.17021133005619,0.0585579946637154,0.105653196573257,0.0868400856852531,0.0204765070229769,-0.00607290538027883,-0.0897295251488686
-0.0374737232923508,0.0830728784203529,-0.0059244348667562,0.0245649311691523,-0.000760074064601213,0.0971542075276375,0.0256342366337776,0.0180791392922401,0.0581624768674374,-0.0105099501088262,0.0635039210319519,-0.0348324216902256,0.0200483277440071,0.0162166096270084,0.0882718712091446,0.0261102840304375,0.0284095238894224,0.0447517372667789,0.0491884872317314,0.157873824238777,-0.140767782926559,0,0.0114686414599419,0.343152612447739,0.0620000511407852,-0.148710802197456,0.142973527312279,0.261609762907028,0.0287576597183943,0.927497923374176,0.0181603990495205,-0.142616644501686,0.149732202291489,0.352141797542572,-0.0965244397521019,-0.18401500582695,-0.150490090250969,0.878594636917114,0.313594937324524,0.0758045241236687,0.280013263225555,0.290311068296432,0.0629714131355286,-0.032578457146883,0.0667095705866814,0.643210649490356,0.171217113733292,-0.0146520454436541,-0.0257310066372156,0.0137423267588019,0.190538555383682,0.222008943557739,0.0661732777953148,0.1421088129282,-0.243915662169456,0.974850475788116,0.00792673509567976,0.388780206441879,-0.0462856218218803,-0.0776431187987328,0.182553052902222,0.313597083091736,-0.0156998708844185,0.916377305984497,-0.00802206713706255,-0.177047684788704,0.161829188466072,0.326022326946259,-0.118248917162418,-0.250134378671646,-0.174117520451546,0.840691208839417,0.350616872310638,0.0764429792761803,0.294633895158768,0.326337456703186,0.0740668699145317,-0.0925414264202118,-0.0173137299716473,0.583183884620667,0.151648491621017,0.027905372902751,-0.0768072679638863,0.0144608672708273,0.15445601940155,0.195629313588142
0.0260999482125044,0.0214990023523569,0.0129520129412413,0.013805765658617,0.00936228781938553,0.137684181332588,0.0762505531311035,0.00209003104828298,0.021359596401453,0.047235120087862,0.0179091356694698,-0.00290314224548638,0.0171909686177969,0.0109139904379845,0.113938860595226,0.0803004801273346,0.0175623074173927,0.041217178106308,0.0417429693043232,0.0519933812320232,0.0726544782519341,0.0114686414599419,0,0.167641907930374,0.109325990080833,0.148531883955002,0.059723325073719,0.0431846342980862,0.102350272238255,0.0377662852406502,0.0931535959243774,0.108805924654007,0.103803910315037,0.0244656708091497,0.0701719522476196,0.0428968705236912,0.0774343684315681,0.021179461851716,0.0399322621524334,0.0507562533020973,0.055116381496191,0.0459346882998943,0.061663705855608,0.0429077930748463,0.0708734393119812,0.0847087651491165,0.108753941953182,0.0681425184011459,0.0315030291676521,0.106381542980671,0.0548139102756977,0.104581341147423,0.0224056076258421,0.0297318641096354,0.0441954396665096,0.00137994717806578,0.0604252144694328,0.133056983351707,0.0778737738728523,0.121762380003929,0.0626840144395828,0.0295744687318802,0.0656295940279961,0.0365967117249966,0.0840870887041092,0.0766816139221191,0.0873247236013412,0.00184169295243919,0.0633686855435371,0.0215345025062561,0.0619045197963715,0.0160460378974676,0.0301754996180534,0.0386648736894131,0.0442538857460022,0.0595610402524471,0.0365417413413525,-0.0028707068413496,0.0507239624857903,0.0703377276659012,0.0805242508649826,0.0456746630370617,0.0176903624087572,0.0519026406109333,0.0356002449989319,0.0965758934617043
-0.0545202754437923,-0.0521315708756447,-0.0409000664949417,-0.0223857015371323,-0.0117046153172851,0.2273039072752,0.175656110048294,-0.0097346119582653,0.00519198924303055,-0.0724036768078804,-0.0718850716948509,-0.0582137815654278,-0.0294208433479071,-0.0222419612109661,0.233600229024887,0.170968666672707,-0.00566746480762959,0.00937499944120646,0.238341987133026,0.0219272058457136,0.195218339562416,0.343152612447739,0.167641907930374,0,0.338593721389771,0.344673544168472,0.084211640059948,0.559493899345398,0.0913692712783813,0.53100311756134,0.178650602698326,0.220645979046822,0.334375023841858,0.0940892770886421,0.117401897907257,0.0386748686432838,0.0926833525300026,0.301881104707718,0.0850775167346001,-0.0494436956942081,0.128299579024315,0.116656400263309,0.0413517467677593,-0.0164163429290056,0.0916884541511536,0.500563383102417,0.324509382247925,-0.0102804219350219,0.0744394809007645,0.154552891850471,0.104438818991184,0.127978265285492,0.221922114491463,0.0427705384790897,0.0628377348184586,0.312878251075745,0.115348160266876,0.819011747837067,0.220613524317741,0.361629635095596,0.093909740447998,0.513770461082458,0.0775747001171112,0.530426025390625,0.149243757128716,0.204089045524597,0.350372552871704,0.102070674300194,0.10892229527235,-0.0175780579447746,0.128994017839432,0.240370094776154,0.133663222193718,-0.040460504591465,0.156090006232262,0.168507158756256,0.0390590205788612,-0.0631230473518372,0.0596031583845615,0.506991267204285,0.256057232618332,-0.016840236261487,0.0527670979499817,0.137173354625702,0.0769082009792328,0.0921202450990677
