0 0.32833 0.26551 0.27649 0.084447 -0.013521 -0.094402 0.05893 0.20583 0.71703 0.41102 0.35672 0.29295 0.11151 -0.0033456 -0.097433 0.040668 0.26243 -0.15673 0.22682 0.062003 -0.018778 0.021646 -0.060915 0.05375 0.13092 0.085948 0.022072 0.18522 0.0013339 -0.1619 -0.12071 0.0090164 0.12484 0.087323 -0.067541 0.0099915 0.11399 0.058311 0.358 0.073728 0.17911 0.085993 0.35442 0.025563 0.17946 -0.1832 0.34229 -0.1061 -0.06464 0.029523 0.22061 -0.04554 0.27149 0.42039 -0.016102 0.033232 -0.081125 0.3715 0.24954 0.1863 0.00085833 0.3229 -0.033123 -0.03293 0.12357 0.02156 0.13772 0.39002 0.19982 0.29697 0.13383 0.063387 0.44563 0.17932 0.31392 0.16995 0.59302 0.39187 0.19725 -0.12881 0.52503 -0.005097 -0.085917 0.04499 0.27234
0.32833 0 0.2493 0.27007 0.11306 0.014269 -0.080485 0.073263 0.22301 0.34795 0.49167 0.26499 0.25587 0.098514 -0.0031515 -0.097029 0.055324 0.21159 -0.10743 0.254 0.045259 0.095967 0.019337 -0.054096 0.059961 0.04419 0.14007 0.079202 0.14286 0.13311 -0.034189 -0.10833 0.012463 0.1742 0.10975 -0.068531 0.0081989 0.23332 0.13305 0.33004 0.11668 0.19086 0.15783 0.20921 0.16152 0.12606 -0.11478 0.22656 -0.049686 -0.054377 0.16331 0.28207 -0.12053 0.24925 0.064443 0.093852 0.015176 -0.07598 0.065921 -0.0059361 0.13322 0.071017 0.12825 0.090287 -0.014806 -0.090951 -0.014808 0.10655 0.15262 -0.033509 0.070679 0.26775 0.081995 0.31016 0.095012 0.18456 0.14845 0.18205 0.16293 0.063315 -0.12235 0.21764 -0.051991 -0.073486 0.15067 0.25648
0.26551 0.2493 0 0.3954 0.10631 0.033912 -0.022265 0.14915 0.1445 0.28849 0.27342 0.58389 0.38229 0.067999 0.029729 -0.032585 0.11821 0.15437 -0.031716 0.20054 0.11542 0.0095506 0.010076 -0.03885 0.028191 0.04738 0.080065 0.0082718 0.19177 0.030063 -0.010082 -0.074269 -0.027726 0.051461 0.22524 -0.014458 0.1349 0.098419 0.0050943 0.20114 0.075739 0.084824 0.17285 0.24497 0.19403 0.060198 -0.07425 0.18063 -0.054484 -0.049102 0.07081 0.1819 -0.030449 0.17516 0.10858 -0.0074409 0.034158 -0.061263 0.026939 0.023123 0.066195 0.013066 0.16188 -0.0010856 0.00037221 -0.078633 -0.016499 0.025796 0.19331 -0.025094 0.13536 0.10806 -0.016088 0.19774 0.083223 0.076289 0.12461 0.16973 0.15235 0.0084824 -0.069018 0.17439 -0.064761 -0.055794 0.080922 0.17124
0.27649 0.27007 0.3954 0 0.19946 0.012056 -0.0083707 0.10924 0.14111 0.2574 0.27919 0.3787 0.64751 0.12553 0.0078349 -0.01461 0.096914 0.14894 -0.048712 0.29517 -0.032444 0.041132 0.0096875 -0.019774 -0.092963 0.01287 0.0070506 0.026139 0.14778 0.052862 -0.030557 -0.15854 -0.019684 0.19604 0.17345 -0.094634 0.062345 0.13195 0.18438 0.21063 0.2769 0.036942 0.13068 0.15062 0.16438 0.11705 -0.024393 0.24438 -0.071449 -0.018948 0.12758 0.34705 -0.018978 0.28068 0.014826 0.042502 0.010879 -0.03475 -0.047295 -0.016304 0.025132 0.029454 0.15214 0.032689 -0.023204 -0.13233 0.0099246 0.15709 0.2538 -0.06172 0.14923 0.14981 0.11993 0.24865 0.26271 0.078441 0.13482 0.17477 0.18217 0.090847 -0.039127 0.30235 -0.06766 -0.05757 0.12451 0.34459
0.084447 0.11306 0.10631 0.19946 0 -0.0029185 -0.020452 0.021101 0.057132 0.095934 0.1041 0.11651 0.1732 0.0441 -0.0040957 -0.027661 0.023082 0.062069 -0.01529 0.106 0.00021079 0.0045369 0.011428 -0.010572 -0.018787 0.0057701 -0.0070743 -0.0083678 0.072123 0.0093515 -0.027611 -0.03467 -0.0088206 0.023569 0.071136 0.0040533 0.052518 0.052254 0.07236 0.091281 0.089782 0.0095658 0.057554 0.070228 0.066634 0.015191 0.0059357 0.10781 -0.029016 -0.019395 0.062984 0.143 -0.0091755 0.11048 -0.016881 -0.0011229 -0.014367 -0.032033 -0.035386 -0.012367 -0.0035887 -0.0022857 0.064556 -0.0048176 -0.021608 -0.04528 -0.017424 0.028785 0.085181 -0.008536 0.063161 0.05426 0.055507 0.077653 0.079768 4.257e-05 0.027897 0.043462 0.050706 -0.0071013 -0.011452 0.10406 -0.040691 -0.025124 0.045507 0.13061
-0.013521 0.014269 0.033912 0.012056 -0.0029185 0 0.16694 0.022012 0.087764 0.055256 -0.0024333 0.022531 0.0030771 -0.017226 0.43924 0.16974 0.040015 0.070227 0.069736 0.046683 0.14535 0.10315 0.13468 0.2214 0.24437 0.12695 0.34224 0.1249 0.088908 0.12811 0.30122 0.20693 0.27516 0.075826 -0.029284 0.024496 -0.019725 0.089436 0.094197 0.099902 0.061068 0.2721 0.22925 0.00027191 0.17649 0.08431 0.22116 -0.066357 0.05799 0.1524 0.11969 0.087341 0.037423 0.028122 0.0069702 0.080008 0.089016 0.21289 0.12282 0.08907 0.28801 0.13063 0.016866 0.11592 0.27327 0.13288 0.23405 0.071668 -0.10975 -0.050772 -0.089391 0.064888 0.10001 0.038858 0.054655 0.22436 0.15532 -0.090374 0.07432 0.048316 0.189 -0.10058 0.050421 0.12294 0.10332 0.055906
-0.094402 -0.080485 -0.022265 -0.0083707 -0.020452 0.16694 0 -0.0098046 -0.0077456 -0.043585 -0.1055 -0.047219 -0.028749 -0.023995 0.1748 0.25431 -0.010717 -0.031345 0.15572 -0.036825 0.046978 0.026653 0.073984 0.18019 0.068527 0.13145 0.0024574 0.06572 0.015484 0.038675 0.16761 0.16829 0.070121 0.016316 0.024127 0.07841 0.072446 -0.014474 0.055286 -0.12173 0.071888 -0.034836 -0.0010186 -0.12882 0.06207 0.03009 0.23763 -0.059048 0.048513 0.13448 0.015276 0.030427 0.097228 -0.050239 -0.067123 0.016332 0.025913 0.15874 -0.037955 0.073982 -0.030525 0.055969 -0.024516 0.034775 0.08947 0.085671 0.056313 0.021286 -0.058317 -0.02045 -0.028074 -0.034983 0.058308 -0.13848 0.070192 -0.059179 -0.023043 -0.19098 -0.02351 0.034992 0.19095 -0.12174 0.027292 0.11004 0.0025657 -0.0028497
0.05893 0.073263 0.14915 0.10924 0.021101 0.022012 -0.0098046 0 0.055423 0.037352 0.074725 0.13186 0.10691 0.014995 0.035069 0.0030318 0.10963 0.066407 -0.03261 0.092542 -0.060581 0.027841 2.0435e-05 -0.0085211 -0.047753 -0.024562 0.055467 0.021901 0.024169 0.015902 0.067247 -0.060589 0.022617 0.048382 -0.027613 -0.08587 -0.075326 0.051018 0.02325 0.069902 0.016022 0.046595 0.12202 -0.0032903 0.010799 0.010844 0.0050051 -0.00074178 -0.0041789 0.0016617 0.045587 0.087433 -0.019261 0.076128 -0.041088 0.030227 -0.0040726 0.00074137 -0.023684 0.0032887 0.070464 0.036192 0.032709 0.0079958 0.065501 -0.042567 0.011752 0.046766 0.00047396 -0.088397 -0.015565 0.05763 0.015001 0.078595 0.036519 0.060062 0.10247 0.01795 0.031805 0.011742 0.013964 0.056647 -0.017553 0.0018227 0.057499 0.090175
0.20583 0.22301 0.1445 0.14111 0.057132 0.087764 -0.0077456 0.055423 0 0.21981 0.23113 0.13205 0.13647 0.0481 0.072623 -0.021079 0.051196 0.19933 -0.046294 0.16253 0.0078703 0.070426 0.018709 0.0052401 0.030588 0.0094265 0.12636 0.023711 0.077025 0.099597 0.020669 -0.051933 0.065677 0.12069 0.035836 -0.058952 -0.014016 0.17399 0.095643 0.19009 0.073231 0.15153 0.13438 0.10002 0.076156 0.056323 -0.0038232 0.1115 -0.029027 -0.019493 0.12226 0.18047 -0.03347 0.17031 0.044217 0.06336 0.030267 -0.011443 0.058884 0.019004 0.14548 0.017173 0.090357 0.086773 0.058794 -0.012522 0.036016 0.076985 0.083546 -0.032088 0.037833 0.18036 0.074337 0.18448 0.068024 0.17255 0.13673 0.10514 0.12213 0.02318 -0.0029479 0.14838 -0.038125 -0.0044064 0.12295 0.17232
0.71703 0.34795 0.28849 0.2574 0.095934 0.055256 -0.043585 0.037352 0.21981 0 0.31949 0.28264 0.21791 0.09819 0.046691 -0.056518 0.030939 0.22806 -0.071081 0.22192 0.26752 0.013478 0.048561 -0.083455 0.21623 0.2277 0.14138 -0.059751 0.20449 0.015243 -0.021661 0.049117 0.038671 0.1933 0.22844 0.096387 0.19094 0.13078 0.25437 0.306 0.26941 0.23082 0.08056 0.45455 0.272 0.25213 -0.13329 0.38306 -0.022843 -0.0054721 0.033618 0.22079 -0.15131 0.16516 0.13431 0.00206 0.025298 -0.096759 0.11555 0.12319 0.094084 -0.030937 0.098402 0.0042475 -0.02516 -0.0016251 0.023875 0.12889 0.14215 0.038501 0.049466 0.14796 0.14425 0.25759 0.16339 0.14323 0.04738 0.23047 0.085187 0.090857 -0.11128 0.32197 -0.044654 -0.06184 0.050389 0.18417
0.41102 0.49167 0.27342 0.27919 0.1041 -0.0024333 -0.1055 0.074725 0.23113 0.31949 0 0.32724 0.30468 0.11162 -0.011887 -0.11049 0.094294 0.25408 -0.1872 0.28436 -0.017707 0.077255 0.015226 -0.071028 0.00588 -0.020226 0.14119 0.064761 0.12186 0.11364 -0.066449 -0.19006 0.010561 0.12724 0.027194 -0.14687 -0.064884 0.2376 0.058421 0.34296 0.066906 0.19332 0.18498 0.18608 0.074185 0.08976 -0.16832 0.2129 -0.090595 -0.076594 0.16511 0.27428 -0.14241 0.30015 0.15445 0.08685 0.0067127 -0.098499 0.15207 -0.00089832 0.1985 0.039414 0.18656 0.07388 -0.0087093 -0.063877 0.0059875 0.13293 0.23707 -0.0051814 0.14776 0.27784 0.04069 0.39719 0.10869 0.26492 0.2047 0.30561 0.2649 0.069809 -0.14068 0.30875 -0.039105 -0.10379 0.16634 0.29778
0.35672 0.26499 0.58389 0.3787 0.11651 0.022531 -0.047219 0.13186 0.13205 0.28264 0.32724 0 0.40837 0.085371 0.024975 -0.032518 0.14602 0.15459 -0.072765 0.20726 0.060634 -0.016212 -0.0081133 -0.056288 -0.0049315 0.028146 0.07912 0.018715 0.18401 0.0095757 -0.050955 -0.13792 -0.03317 0.03846 0.19195 -0.050989 0.10882 0.097889 0.0052224 0.22329 0.062859 0.064452 0.17043 0.22138 0.11374 0.077025 -0.099064 0.18013 -0.086348 -0.06866 0.065925 0.18903 -0.027828 0.23705 0.18204 -0.042534 0.020054 -0.073765 0.083323 0.05547 0.086593 -0.0015037 0.2345 -0.021347 -0.0013555 -0.052847 0.0045923 0.041804 0.2785 0.048212 0.22621 0.10717 -0.043687 0.26689 0.080363 0.11998 0.18341 0.2789 0.22611 0.033557 -0.089781 0.23987 -0.057833 -0.056263 0.059486 0.21507
0.29295 0.25587 0.38229 0.64751 0.1732 0.0030771 -0.028749 0.10691 0.13647 0.21791 0.30468 0.40837 0 0.14473 0.0089139 -0.0077284 0.11853 0.16032 -0.053456 0.27007 -0.038198 0.038488 0.015444 -0.024135 -0.094623 0.00018221 -0.0047047 0.049655 0.13621 0.04795 -0.068034 -0.16523 -0.020211 0.16388 0.14388 -0.10913 0.048504 0.13098 0.10846 0.21937 0.21294 0.022236 0.11555 0.12758 0.12448 0.10239 -0.050088 0.2221 -0.08687 -0.045042 0.11918 0.31464 0.0036357 0.28676 0.027411 0.031146 0.013751 -0.021152 -0.034028 0.027501 0.013647 0.044477 0.18825 0.027976 -0.036251 -0.11663 -0.0024096 0.15439 0.28247 -0.043376 0.18396 0.14902 0.11053 0.25352 0.28036 0.078925 0.13366 0.1965 0.19275 0.09437 -0.012416 0.31596 -0.08802 -0.04895 0.12227 0.37208
0.11151 0.098514 0.067999 0.12553 0.0441 -0.017226 -0.023995 0.014995 0.0481 0.09819 0.11162 0.085371 0.14473 0 -0.0089527 -0.027131 0.0073003 0.095611 -0.022707 0.13046 -0.039256 0.017347 0.010895 -0.021858 -0.028887 -0.019316 0.011949 -0.010631 0.030401 0.019166 -0.031088 -0.057138 0.00089934 0.059409 0.023056 -0.045159 -0.0088209 0.059876 0.061239 0.087695 0.065629 0.039184 0.059028 0.039786 0.050343 0.016799 -0.018154 0.080587 -0.041642 -0.011968 0.072456 0.12034 -0.016707 0.10629 0.0047809 0.018428 0.0016681 -0.022637 -0.0014717 -0.010705 0.028874 -0.011761 0.030336 0.020407 -0.0097272 -0.02892 -0.0047196 0.070582 0.07744 -0.033961 0.056457 0.073728 0.066776 0.090891 0.085411 0.050416 0.073381 0.066411 0.093319 0.0053016 -0.014695 0.11831 -0.026265 -0.02569 0.062482 0.13436
-0.0033456 -0.0031515 0.029729 0.0078349 -0.0040957 0.43924 0.1748 0.035069 0.072623 0.046691 -0.011887 0.024975 0.0089139 -0.0089527 0 0.21767 0.042294 0.069044 0.051823 0.042351 0.13001 0.087221 0.10925 0.22993 0.22598 0.12715 0.32351 0.12069 0.092731 0.10587 0.30839 0.17451 0.27484 0.075446 -0.036013 -0.0091195 -0.044088 0.070021 0.079843 0.084294 0.061576 0.25882 0.23828 -0.022338 0.16221 0.076908 0.21531 -0.081805 0.046423 0.13206 0.099942 0.087758 0.044049 0.044355 0.055907 0.075464 0.10268 0.2269 0.1545 0.13213 0.30089 0.10935 0.060616 0.099131 0.2688 0.15453 0.27863 0.064013 -0.078067 -0.046308 -0.068008 0.058246 0.10747 0.064332 0.055213 0.24804 0.1778 -0.062603 0.10368 0.067877 0.20991 -0.077405 0.032946 0.14153 0.10299 0.082391
-0.097433 -0.097029 -0.032585 -0.01461 -0.027661 0.16974 0.25431 0.0030318 -0.021079 -0.056518 -0.11049 -0.032518 -0.0077284 -0.027131 0.21767 0 0.016821 -0.0057644 0.11767 -0.031239 0.041485 0.024148 0.073144 0.17106 0.04609 0.11807 -0.0065234 0.02021 0.017377 0.031792 0.13824 0.12437 0.096724 0.020522 0.0078886 0.041861 0.047539 -0.051124 0.04392 -0.10625 0.073901 -0.027074 0.0056429 -0.10963 0.044543 0.032818 0.20579 -0.063225 0.042343 0.10716 0.01356 0.032211 0.10884 -0.033884 -0.025245 0.013458 0.040371 0.17861 -0.0095568 0.11828 -0.026739 0.01772 0.0014213 0.02618 0.10018 0.088646 0.10185 0.025351 -0.018426 -0.01168 0.013148 -0.063887 0.061494 -0.1254 0.079261 -0.045465 -0.026885 -0.14182 -0.0091548 0.040401 0.21447 -0.081454 0.026197 0.13479 0.0039653 0.027767
0.040668 0.055324 0.11821 0.096914 0.023082 0.040015 -0.010717 0.10963 0.051196 0.030939 0.094294 0.14602 0.11853 0.0073003 0.042294 0.016821 0 0.069589 -0.022404 0.090533 -0.050951 0.032411 0.016043 -0.0040754 -0.020504 -0.036931 0.080435 0.033647 0.014634 0.03437 0.05715 -0.06697 0.009137 0.033251 -0.023735 -0.079275 -0.062332 0.049099 0.0080112 0.065033 -0.0028255 0.073694 0.12428 -0.016243 0.019181 0.0050484 0.013855 -0.02938 -0.013419 -0.014583 0.042472 0.062066 -0.01126 0.077759 -0.039414 0.034028 0.007677 0.019023 -0.021613 -0.014362 0.071262 0.030124 0.022877 0.023949 0.050513 -0.037015 0.024245 0.038516 -0.013661 -0.10442 -0.026804 0.052582 -0.00098558 0.072528 0.0029664 0.074809 0.11719 0.014624 0.016178 0.0061491 0.023495 0.017847 -0.014969 -0.0028433 0.047993 0.071287
0.26243 0.21159 0.15437 0.14894 0.062069 0.070227 -0.031345 0.066407 0.19933 0.22806 0.25408 0.15459 0.16032 0.095611 0.069044 -0.0057644 0.069589 0 -0.059045 0.16323 0.037449 0.056683 0.039882 0.01245 0.059681 0.030615 0.1218 0.025141 0.090543 0.095534 0.015512 -0.026271 0.072162 0.097417 0.025464 -0.053578 -0.0078165 0.16808 0.080174 0.18496 0.065644 0.15818 0.13479 0.11083 0.081662 0.061557 0.0090489 0.13123 -0.036641 0.027712 0.16774 0.19028 -0.0077943 0.18101 0.10343 0.067537 0.025376 0.010469 0.11194 0.038744 0.15099 0.027272 0.11771 0.083701 0.067848 0.022987 0.058636 0.1126 0.11734 0.014599 0.083628 0.18494 0.074413 0.20136 0.085758 0.19525 0.14377 0.15012 0.16802 0.054884 0.022238 0.16957 0.0037693 0.0002314 0.13658 0.21294
-0.15673 -0.10743 -0.031716 -0.048712 -0.01529 0.069736 0.15572 -0.03261 -0.046294 -0.071081 -0.1872 -0.072765 -0.053456 -0.022707 0.051823 0.11767 -0.022404 -0.059045 0 -0.032001 0.22536 0.037533 0.043856 0.26649 0.19519 0.27228 -0.17339 0.079504 0.078755 0.07156 0.01547 0.55605 0.002906 -0.0074493 0.49995 0.21434 0.55259 -0.036991 0.077034 -0.10287 0.18318 -0.074841 -0.13734 0.020058 0.18889 0.095013 0.73427 0.25484 0.11076 0.1561 0.17598 0.13877 0.66592 -0.038903 0.037454 0.020114 0.021742 0.22227 0.015659 0.19025 -0.20957 0.0814 0.015306 0.063199 -0.0603 0.321 0.024998 0.0091844 0.23864 0.15368 0.27349 -0.074849 0.11585 -0.16677 0.1391 -0.1441 -0.12018 -0.095365 0.029379 0.06349 0.61982 0.061057 0.053743 0.16445 0.17687 0.10438
0.22682 0.254 0.20054 0.29517 0.106 0.046683 -0.036825 0.092542 0.16253 0.22192 0.28436 0.20726 0.27007 0.13046 0.042351 -0.031239 0.090533 0.16323 -0.032001 0 -0.11145 0.17843 0.052577 0.03067 -0.11975 -0.013755 0.012685 0.039503 0.21056 0.20076 -0.088072 -0.27185 0.013719 0.39645 0.19876 -0.21943 0.01394 0.28832 0.3275 0.41402 0.39915 0.09617 0.28539 0.25055 0.32331 0.27304 0.051292 0.3762 -0.13093 -0.042163 0.28833 0.56314 0.027793 0.58471 -0.098674 0.19326 0.0085072 0.01597 -0.10628 0.010132 0.06181 0.046327 0.18737 0.17285 -0.036603 -0.23568 0.032489 0.37392 0.29709 -0.23731 0.12217 0.28863 0.28223 0.44001 0.39639 0.16423 0.2821 0.24074 0.29666 0.22484 0.053657 0.46819 -0.15845 -0.079286 0.23975 0.5548
0.062003 0.045259 0.11542 -0.032444 0.00021079 0.14535 0.046978 -0.060581 0.0078703 0.26752 -0.017707 0.060634 -0.038198 -0.039256 0.13001 0.041485 -0.050951 0.037449 0.22536 -0.11145 0 -0.13826 0.069068 0.18094 0.72335 0.56478 0.19426 -0.074326 0.28324 -0.089439 0.10697 0.48053 0.16238 -0.089913 0.55432 0.46711 0.54101 -0.12099 -0.017565 0.10823 0.11723 0.31611 -0.048971 0.70833 0.40277 0.384 0.065516 0.45544 0.021619 0.010159 -0.010787 -0.039607 0.032569 -0.11533 0.65526 -0.19261 0.061414 0.10133 0.52376 0.29877 0.059098 -0.039733 0.094 -0.087671 0.049629 0.30107 0.1179 -0.079603 0.26243 0.36484 0.20446 -0.12965 -0.0046422 -0.014601 0.044457 0.15447 -0.12156 0.28003 0.081189 0.1613 0.051286 0.085635 0.065863 0.016896 0.00067479 -0.095977
-0.018778 0.095967 0.0095506 0.041132 0.0045369 0.10315 0.026653 0.027841 0.070426 0.013478 0.077255 -0.016212 0.038488 0.017347 0.087221 0.024148 0.032411 0.056683 0.037533 0.17843 -0.13826 0 0.019272 0.31752 0.040577 -0.13713 0.13293 0.24423 0.042056 0.91618 0.012722 -0.15114 0.15939 0.36583 -0.067782 -0.18436 -0.13133 0.87404 0.31211 0.096636 0.29546 0.2867 0.082595 -0.01889 0.094119 0.63635 0.17936 0.036183 -0.033413 0.014561 0.20748 0.24425 0.08122 0.16972 -0.235 0.97283 0.0045981 0.36171 -0.068297 -0.077518 0.16654 0.31189 -0.0038795 0.90527 -0.0038103 -0.18455 0.16584 0.33823 -0.09229 -0.24937 -0.14062 0.83676 0.35573 0.092409 0.30787 0.31398 0.093605 -0.077191 0.010022 0.57813 0.16356 0.072847 -0.072139 0.015306 0.17461 0.22152
0.021646 0.019337 0.010076 0.0096875 0.011428 0.13468 0.073984 2.0435e-05 0.018709 0.048561 0.015226 -0.0081133 0.015444 0.010895 0.10925 0.073144 0.016043 0.039882 0.043856 0.052577 0.069068 0.019272 0 0.16051 0.11157 0.14018 0.05987 0.034936 0.096243 0.043434 0.093444 0.10799 0.09849 0.03247 0.065847 0.040351 0.069642 0.025855 0.048821 0.042743 0.057371 0.044643 0.059857 0.042253 0.071862 0.087811 0.1095 0.063484 0.030432 0.10269 0.051426 0.1023 0.020596 0.024114 0.036822 0.0078791 0.052647 0.13135 0.075023 0.11346 0.057553 0.025113 0.060374 0.042582 0.083291 0.073667 0.082608 0.01006 0.053564 0.016777 0.040641 0.016646 0.038484 0.031754 0.048649 0.05815 0.03181 -0.004798 0.047448 0.073059 0.080427 0.036192 0.017061 0.051806 0.030494 0.089384
-0.060915 -0.054096 -0.03885 -0.019774 -0.010572 0.2214 0.18019 -0.0085211 0.0052401 -0.083455 -0.071028 -0.056288 -0.024135 -0.021858 0.22993 0.17106 -0.0040754 0.01245 0.26649 0.03067 0.18094 0.31752 0.16051 0 0.30819 0.35054 0.074201 0.53274 0.10498 0.50986 0.17415 0.19775 0.3318 0.10551 0.13197 0.036064 0.097278 0.27395 0.1052 -0.046712 0.15495 0.10208 0.043623 -0.012718 0.096471 0.49742 0.34687 0.026102 0.066164 0.15009 0.12449 0.15128 0.25522 0.048634 0.048337 0.29053 0.10532 0.81029 0.18169 0.35137 0.073639 0.4938 0.079234 0.50778 0.13986 0.18898 0.3481 0.11434 0.11537 -0.024389 0.13263 0.19617 0.1547 -0.033747 0.18768 0.14483 0.041343 -0.06536 0.058261 0.49273 0.2824 0.008033 0.041064 0.13806 0.098212 0.11271
0.05375 0.059961 0.028191 -0.092963 -0.018787 0.24437 0.068527 -0.047753 0.030588 0.21623 0.00588 -0.0049315 -0.094623 -0.028887 0.22598 0.04609 -0.020504 0.059681 0.19519 -0.11975 0.72335 0.040577 0.11157 0.30819 0 0.51907 0.53309 0.0518 0.17909 0.085964 0.31154 0.6386 0.40558 -0.040308 0.25314 0.36751 0.2537 -0.00041313 -0.064476 0.20528 -0.10108 0.69719 0.10715 0.53296 0.37015 0.35576 0.098532 0.23424 0.16007 0.11053 0.0069588 -0.083297 0.044104 -0.13413 0.50173 -0.041063 0.066254 0.21519 0.7395 0.3069 0.40795 0.050865 0.041022 0.07303 0.25734 0.52374 0.32476 -0.048309 0.061038 0.24822 0.075684 -0.022296 -0.061083 0.056783 -0.12329 0.51209 0.031989 0.15986 0.15964 0.14917 0.072861 -0.012405 0.21282 0.13016 0.020127 -0.12855
0.13092 0.04419 0.04738 0.01287 0.0057701 0.12695 0.13145 -0.024562 0.0094265 0.2277 -0.020226 0.028146 0.00018221 -0.019316 0.12715 0.11807 -0.036931 0.030615 0.27228 -0.013755 0.56478 -0.13713 0.14018 0.35054 0.51907 0 -0.010498 0.080019 0.25213 -0.078877 0.066221 0.45073 0.11322 -0.036563 0.4422 0.38878 0.46959 -0.12491 0.0163 0.03573 0.13626 -0.022386 -0.078662 0.40545 0.22438 0.37804 0.17801 0.43599 0.01856 0.12036 0.00096113 0.10106 0.13278 -0.014869 0.33289 -0.16831 0.088077 0.25889 0.32461 0.55913 -0.10869 0.042012 0.14105 -0.078171 -0.011643 0.29718 0.052183 -0.051108 0.27031 0.25717 0.30888 -0.14726 -0.0027749 -0.0069632 0.071471 -0.060256 -0.10931 0.12903 0.029919 0.25634 0.13253 0.2051 0.030507 0.084869 0.0050198 0.045312
0.085948 0.14007 0.080065 0.0070506 -0.0070743 0.34224 0.0024574 0.055467 0.12636 0.14138 0.14119 0.07912 -0.0047047 0.011949 0.32351 -0.0065234 0.080435 0.1218 -0.17339 0.012685 0.19426 0.13293 0.05987 0.074201 0.53309 -0.010498 0 0.024455 0.041176 0.12362 0.5005 0.21444 0.38961 0.0792 -0.22709 -0.04239 -0.24755 0.15175 0.048638 0.41153 -0.12956 0.81284 0.45992 0.095233 0.25378 -0.008842 -0.0072248 -0.15781 0.13546 0.047634 0.12356 -0.026784 -0.15555 0.008593 0.073415 0.089124 0.05747 0.059872 0.33348 -0.049393 0.76527 0.053175 -0.033211 0.11198 0.45686 0.20786 0.31121 0.057459 -0.30483 -0.11854 -0.26914 0.1769 0.058619 0.27534 -0.12571 0.70951 0.33372 -0.044637 0.1706 -0.10391 0.011566 -0.19628 0.12011 0.059009 0.10044 -0.052416
0.022072 0.079202 0.0082718 0.026139 -0.0083678 0.1249 0.06572 0.021901 0.023711 -0.059751 0.064761 0.018715 0.049655 -0.010631 0.12069 0.02021 0.033647 0.025141 0.079504 0.039503 -0.074326 0.24423 0.034936 0.53274 0.0518 0.080019 0.024455 0 0.049379 0.41749 0.10462 0.019689 0.04855 0.05486 -0.0083564 -0.018563 0.0032832 0.33359 0.0157 0.035929 0.069693 -0.023281 0.08177 -0.095696 -0.01997 0.29084 0.16712 -0.10787 0.016092 0.052955 0.12393 0.11627 0.14907 0.074524 -0.066366 0.25137 0.025473 0.54981 0.0050508 0.15769 0.027356 0.94957 0.085227 0.34679 0.080635 0.059378 0.077119 0.055965 0.085659 -0.019865 0.090971 0.32144 0.090342 0.042302 0.13694 0.014768 0.080555 -0.059911 0.014598 0.34604 0.13559 0.0095652 0.025335 0.048289 0.1021 0.12226
0.18522 0.14286 0.19177 0.14778 0.072123 0.088908 0.015484 0.024169 0.077025 0.20449 0.12186 0.18401 0.13621 0.030401 0.092731 0.017377 0.014634 0.090543 0.078755 0.21056 0.28324 0.042056 0.096243 0.10498 0.17909 0.25213 0.041176 0.049379 0 0.055086 0.049501 0.076621 0.060797 0.071322 0.43335 0.29097 0.47001 0.09673 0.036008 0.26307 0.12735 0.092634 0.20163 0.44777 0.29415 0.19719 0.070636 0.40348 -0.039778 0.050256 0.13312 0.33108 0.084063 0.19972 0.22855 0.025015 0.051632 0.071914 0.1551 0.16319 -0.0052178 0.045528 0.39902 0.04379 0.048128 0.062816 0.02095 0.044427 0.37352 0.23477 0.4293 0.086778 0.038026 0.19683 0.11052 0.071668 0.1559 0.27196 0.22087 0.089539 0.066461 0.28554 -0.0028675 -0.002842 0.12101 0.31356
0.0013339 0.13311 0.030063 0.052862 0.0093515 0.12811 0.038675 0.015902 0.099597 0.015243 0.11364 0.0095757 0.04795 0.019166 0.10587 0.031792 0.03437 0.095534 0.07156 0.20076 -0.089439 0.91618 0.043434 0.50986 0.085964 -0.078877 0.12362 0.41749 0.055086 0 0.033149 -0.13299 0.22435 0.37518 -0.030106 -0.16781 -0.075055 0.91168 0.3408 0.11512 0.29884 0.24419 0.089357 -0.014054 0.084844 0.65454 0.21393 0.074791 -0.02034 0.011999 0.27927 0.2872 0.091687 0.18179 -0.16773 0.90653 0.013211 0.52103 -0.012124 0.0032196 0.16171 0.46052 0.038423 0.92448 0.012478 -0.13717 0.23442 0.33958 -0.0057023 -0.20614 -0.055066 0.87197 0.37854 0.12179 0.32078 0.2962 0.096884 -0.056135 0.031318 0.61911 0.18729 0.14807 -0.050768 0.0022378 0.23895 0.26529
-0.1619 -0.034189 -0.010082 -0.030557 -0.027611 0.30122 0.16761 0.067247 0.020669 -0.021661 -0.066449 -0.050955 -0.068034 -0.031088 0.30839 0.13824 0.05715 0.015512 0.01547 -0.088072 0.10697 0.012722 0.093444 0.17415 0.31154 0.066221 0.5005 0.10462 0.049501 0.033149 0 0.36934 0.27264 -0.01283 -0.16399 0.081716 -0.096222 -0.0040553 0.020983 -0.019532 -0.063634 0.39548 0.39071 -0.21295 0.26348 -0.095814 0.1932 -0.29884 0.2803 0.17981 0.031468 -0.077658 -0.038532 -0.11766 -0.15298 -0.0017255 0.037335 0.1797 0.05266 0.013929 0.36733 0.12968 -0.098206 0.027788 0.55035 0.23062 0.22172 -0.019671 -0.34633 -0.10345 -0.27318 -0.017838 0.040934 -0.12734 -0.085558 0.21948 0.22026 -0.391 0.026771 -0.1208 0.15791 -0.35346 0.21284 0.16756 0.027269 -0.11649
-0.12071 -0.10833 -0.074269 -0.15854 -0.03467 0.20693 0.16829 -0.060589 -0.051933 0.049117 -0.19006 -0.13792 -0.16523 -0.057138 0.17451 0.12437 -0.06697 -0.026271 0.55605 -0.27185 0.48053 -0.15114 0.10799 0.19775 0.6386 0.45073 0.21444 0.019689 0.076621 -0.13299 0.36934 0 0.14733 -0.20908 0.22064 0.58652 0.36973 -0.2034 -0.12473 -0.087743 -0.14145 0.25561 -0.011619 0.04455 0.35484 -0.11551 0.3827 0.10227 0.31637 0.28149 -0.075592 -0.19713 0.24258 -0.28519 0.18849 -0.20194 0.073705 0.14215 0.31781 0.27065 0.050929 0.02597 -0.064112 -0.11492 0.19601 0.73912 0.086882 -0.19567 -0.099983 0.38553 0.0027096 -0.23021 -0.10539 -0.22826 -0.1871 -0.003483 -0.11132 -0.23469 0.054101 -0.15334 0.28051 -0.21766 0.31761 0.26947 -0.052873 -0.22098
0.0090164 0.012463 -0.027726 -0.019684 -0.0088206 0.27516 0.070121 0.022617 0.065677 0.038671 0.010561 -0.03317 -0.020211 0.00089934 0.27484 0.096724 0.009137 0.072162 0.002906 0.013719 0.16238 0.15939 0.09849 0.3318 0.40558 0.11322 0.38961 0.04855 0.060797 0.22435 0.27264 0.14733 0 0.1063 -0.045416 -0.027184 -0.07464 0.13542 0.062868 0.068737 -0.018879 0.44368 0.21053 0.064732 0.14679 0.14508 0.14895 -0.058776 0.053608 0.094838 0.097606 0.049529 0.038967 0.0065662 0.11744 0.12447 0.069136 0.28539 0.29857 0.10713 0.38064 0.055974 0.015191 0.21954 0.27454 0.179 0.44542 0.084255 -0.073495 -0.028221 -0.044569 0.11105 0.048187 0.049665 -0.013892 0.41671 0.15757 -0.0064015 0.13197 0.085496 0.14303 -0.071933 0.07856 0.10126 0.071064 0.010413
0.12484 0.1742 0.051461 0.19604 0.023569 0.075826 0.016316 0.048382 0.12069 0.1933 0.12724 0.03846 0.16388 0.059409 0.075446 0.020522 0.033251 0.097417 -0.0074493 0.39645 -0.089913 0.36583 0.03247 0.10551 -0.040308 -0.036563 0.0792 0.05486 0.071322 0.37518 -0.01283 -0.20908 0.1063 0 0.13095 -0.21584 -0.0051632 0.42974 0.53396 0.27976 0.59856 0.21222 0.10099 0.14968 0.32379 0.38432 0.16644 0.35588 -0.072291 -0.013711 0.3679 0.49327 0.033876 0.35234 -0.10614 0.34561 0.0017966 0.092082 -0.071474 -0.036958 0.10611 0.051468 0.046577 0.34186 -0.024337 -0.21659 0.13976 0.78091 0.17632 -0.22916 0.064386 0.40711 0.45994 0.33206 0.54157 0.26568 0.091818 0.13779 0.25327 0.31326 0.16338 0.4178 -0.10288 -0.036897 0.32354 0.46288
0.087323 0.10975 0.22524 0.17345 0.071136 -0.029284 0.024127 -0.027613 0.035836 0.22844 0.027194 0.19195 0.14388 0.023056 -0.036013 0.0078886 -0.023735 0.025464 0.49995 0.19876 0.55432 -0.067782 0.065847 0.13197 0.25314 0.4422 -0.22709 -0.0083564 0.43335 -0.030106 -0.16399 0.22064 -0.045416 0.13095 0 0.39212 0.84794 0.0062953 0.094482 0.10082 0.36894 -0.085575 -0.11046 0.56698 0.50136 0.30524 0.25071 0.67464 -0.056092 0.012604 0.12892 0.38023 0.26688 0.19383 0.34188 -0.086382 0.023628 0.063841 0.13381 0.20598 -0.29031 -0.012307 0.28788 -0.032709 -0.19724 0.053418 -0.048597 0.11222 0.66877 0.27118 0.60566 -0.020049 0.089162 0.031765 0.30719 -0.149 -0.11409 0.23595 0.25108 0.1827 0.19668 0.45367 -0.052358 -0.028468 0.133 0.33401
-0.067541 -0.068531 -0.014458 -0.094634 0.0040533 0.024496 0.07841 -0.08587 -0.058952 0.096387 -0.14687 -0.050989 -0.10913 -0.045159 -0.0091195 0.041861 -0.079275 -0.053578 0.21434 -0.21943 0.46711 -0.18436 0.040351 0.036064 0.36751 0.38878 -0.04239 -0.018563 0.29097 -0.16781 0.081716 0.58652 -0.027184 -0.21584 0.39212 0 0.6139 -0.16767 -0.14802 -0.12279 -0.082373 -0.082176 -0.17185 0.20905 0.21851 -0.085084 0.024744 0.18746 0.15036 0.087311 -0.080716 -0.12244 -0.015928 -0.22863 0.18694 -0.19829 0.042658 0.0061567 0.11068 0.16962 -0.20245 -0.019619 0.10347 -0.16038 -0.030127 0.25694 -0.041673 -0.19609 0.091439 0.55887 0.2174 -0.18254 -0.11475 -0.22881 -0.10805 -0.28968 -0.24383 -0.13802 -0.10292 -0.14749 -0.011462 -0.070956 0.11908 0.072456 -0.065674 -0.13414
0.0099915 0.0081989 0.1349 0.062345 0.052518 -0.019725 0.072446 -0.075326 -0.014016 0.19094 -0.064884 0.10882 0.048504 -0.0088209 -0.044088 0.047539 -0.062332 -0.0078165 0.55259 0.01394 0.54101 -0.13133 0.069642 0.097278 0.2537 0.46959 -0.24755 0.0032832 0.47001 -0.075055 -0.096222 0.36973 -0.07464 -0.0051632 0.84794 0.6139 0 -0.074395 -0.01731 -0.037127 0.24599 -0.2195 -0.20735 0.43026 0.34886 0.17057 0.23725 0.55591 0.034371 0.037786 0.020739 0.20323 0.28093 -0.023662 0.29221 -0.14209 0.047013 0.034288 0.025059 0.23401 -0.34421 0.002066 0.27803 -0.084392 -0.17302 0.10357 -0.083724 -0.015111 0.51108 0.46902 0.59861 -0.095967 0.014294 -0.13066 0.16133 -0.32503 -0.22298 0.078142 0.017373 0.067524 0.16889 0.24573 -0.031221 0.0010381 0.043294 0.16835
0.11399 0.23332 0.098419 0.13195 0.052254 0.089436 -0.014474 0.051018 0.17399 0.13078 0.2376 0.097889 0.13098 0.059876 0.070021 -0.051124 0.049099 0.16808 -0.036991 0.28832 -0.12099 0.87404 0.025855 0.27395 -0.00041313 -0.12491 0.15175 0.33359 0.09673 0.91168 -0.0040553 -0.2034 0.13542 0.42974 0.0062953 -0.16767 -0.074395 0 0.41367 0.23778 0.37134 0.27842 0.12835 0.031792 0.1175 0.56087 0.097448 0.14934 -0.059605 -0.025405 0.32456 0.36856 -0.010148 0.28014 -0.15798 0.83633 0.0039037 0.29043 -0.047363 -0.059404 0.19199 0.39779 0.089159 0.86917 0.0012753 -0.19685 0.14205 0.39736 0.03965 -0.18238 -0.032921 0.96551 0.44324 0.25329 0.39847 0.32183 0.14784 0.030801 0.087915 0.52076 0.079543 0.27152 -0.071528 -0.050626 0.29059 0.36224
0.058311 0.13305 0.0050943 0.18438 0.07236 0.094197 0.055286 0.02325 0.095643 0.25437 0.058421 0.0052224 0.10846 0.061239 0.079843 0.04392 0.0080112 0.080174 0.077034 0.3275 -0.017565 0.31211 0.048821 0.1052 -0.064476 0.0163 0.048638 0.0157 0.036008 0.3408 0.020983 -0.12473 0.062868 0.53396 0.094482 -0.14802 -0.01731 0.41367 0 0.11167 0.88947 0.099367 0.024913 0.064124 0.32402 0.43367 0.30842 0.42091 -0.016204 0.038309 0.49037 0.60751 0.058091 0.2887 -0.15865 0.28564 0.0022898 0.090585 -0.14309 -0.034712 0.027015 0.011957 -0.01549 0.31005 -0.018568 -0.20355 0.084139 0.48459 0.073017 -0.22551 -0.076421 0.3757 0.89481 0.14309 0.78576 0.1058 0.0036533 -0.035056 0.15882 0.33924 0.25837 0.39604 -0.096398 -0.018526 0.40333 0.50558
0.358 0.33004 0.20114 0.21063 0.091281 0.099902 -0.12173 0.069902 0.19009 0.306 0.34296 0.22329 0.21937 0.087695 0.084294 -0.10625 0.065033 0.18496 -0.10287 0.41402 0.10823 0.096636 0.042743 -0.046712 0.20528 0.03573 0.41153 0.035929 0.26307 0.11512 -0.019532 -0.087743 0.068737 0.27976 0.10082 -0.12279 -0.037127 0.23778 0.11167 0 0.096472 0.53908 0.36433 0.43996 0.29125 0.18838 -0.087369 0.36678 -0.081062 -0.051349 0.19705 0.34997 -0.079055 0.38358 0.16664 0.099746 0.042164 -0.055554 0.25423 0.064712 0.41789 0.03852 0.24364 0.075142 0.085182 0.0050959 0.035742 0.22907 0.18326 -0.079161 0.11026 0.25727 0.093208 0.68954 0.12408 0.51601 0.33233 0.43909 0.33608 0.091644 -0.059831 0.38717 -0.089769 -0.085669 0.18839 0.36519
0.073728 0.11668 0.075739 0.2769 0.089782 0.061068 0.071888 0.016022 0.073231 0.26941 0.066906 0.062859 0.21294 0.065629 0.061576 0.073901 -0.0028255 0.065644 0.18318 0.39915 0.11723 0.29546 0.057371 0.15495 -0.10108 0.13626 -0.12956 0.069693 0.12735 0.29884 -0.063634 -0.14145 -0.018879 0.59856 0.36894 -0.082373 0.24599 0.37134 0.88947 0.096472 0 -0.067626 -0.025549 0.14258 0.48514 0.51649 0.32072 0.55375 -0.05631 0.014278 0.42065 0.63841 0.13998 0.35345 -0.075545 0.26723 0.0024714 0.13231 -0.20187 0.029224 -0.13993 0.073049 0.077082 0.28168 -0.11342 -0.24005 0.040216 0.56846 0.31291 -0.18888 0.10924 0.33805 0.8195 0.12974 0.91168 -0.018032 -0.037992 0.032163 0.27781 0.45214 0.26863 0.49273 -0.12665 -0.031739 0.33784 0.55684
0.17911 0.19086 0.084824 0.036942 0.0095658 0.2721 -0.034836 0.046595 0.15153 0.23082 0.19332 0.064452 0.022236 0.039184 0.25882 -0.027074 0.073694 0.15818 -0.074841 0.09617 0.31611 0.2867 0.044643 0.10208 0.69719 -0.022386 0.81284 -0.023281 0.092634 0.24419 0.39548 0.25561 0.44368 0.21222 -0.085575 -0.082176 -0.2195 0.27842 0.099367 0.53908 -0.067626 0 0.43168 0.3201 0.37214 0.17166 0.02855 0.072005 0.1297 0.049108 0.12857 0.060195 -0.05188 0.079182 0.20575 0.23328 0.05319 0.087085 0.53003 -0.021364 0.77328 0.049638 -0.0045904 0.22917 0.39143 0.3071 0.36568 0.16312 -0.18765 -0.11521 -0.21547 0.28542 0.086342 0.41063 -0.064931 0.91891 0.34903 0.15408 0.31789 0.01998 0.055515 0.0023292 0.15727 0.074125 0.13006 0.031234
0.085993 0.15783 0.17285 0.13068 0.057554 0.22925 -0.0010186 0.12202 0.13438 0.08056 0.18498 0.17043 0.11555 0.059028 0.23828 0.0056429 0.12428 0.13479 -0.13734 0.28539 -0.048971 0.082595 0.059857 0.043623 0.10715 -0.078662 0.45992 0.08177 0.20163 0.089357 0.39071 -0.011619 0.21053 0.10099 -0.11046 -0.17185 -0.20735 0.12835 0.024913 0.36433 -0.025549 0.43168 0 0.049122 0.35097 -0.028288 0.034078 -0.056318 0.04402 0.037252 0.15785 0.18408 -0.086757 0.26827 -0.065911 0.072038 0.043027 0.034456 0.047349 -0.050627 0.42896 0.089712 0.14011 0.069109 0.4145 0.06332 0.15706 0.086156 -0.10243 -0.18296 -0.10801 0.12783 0.016563 0.309 -0.010033 0.38215 0.57807 0.030266 0.31972 -0.075175 0.06439 -0.010573 0.036758 0.044902 0.13956 0.17675
0.35442 0.20921 0.24497 0.15062 0.070228 0.00027191 -0.12882 -0.0032903 0.10002 0.45455 0.18608 0.22138 0.12758 0.039786 -0.022338 -0.10963 -0.016243 0.11083 0.020058 0.25055 0.70833 -0.01889 0.042253 -0.012718 0.53296 0.40545 0.095233 -0.095696 0.44777 -0.014054 -0.21295 0.04455 0.064732 0.14968 0.56698 0.20905 0.43026 0.031792 0.064124 0.43996 0.14258 0.3201 0.049122 0 0.45769 0.42808 -0.1111 0.66939 -0.13038 -0.087139 0.085069 0.2578 -0.0095992 0.21173 0.55177 -0.043089 0.033809 -0.051927 0.45512 0.22429 0.039418 -0.079494 0.28619 -0.032914 -0.14673 0.080745 0.020547 0.11862 0.44003 0.20889 0.3164 0.039166 0.01505 0.36859 0.10835 0.28564 0.027987 0.70107 0.26615 0.22019 -0.079959 0.45024 -0.093105 -0.12909 0.07947 0.20288
0.025563 0.16152 0.19403 0.16438 0.066634 0.17649 0.06207 0.010799 0.076156 0.272 0.074185 0.11374 0.12448 0.050343 0.16221 0.044543 0.019181 0.081662 0.18889 0.32331 0.40277 0.094119 0.071862 0.096471 0.37015 0.22438 0.25378 -0.01997 0.29415 0.084844 0.26348 0.35484 0.14679 0.32379 0.50136 0.21851 0.34886 0.1175 0.32402 0.29125 0.48514 0.37214 0.35097 0.45769 0 0.29957 0.17879 0.48725 0.11477 0.062027 0.19964 0.31498 0.041622 0.24655 0.10583 0.040894 0.045229 0.058471 0.053577 0.081301 0.1082 0.0049914 0.048542 0.075037 0.1277 0.096883 0.12545 0.31617 0.17319 -0.043642 0.050399 0.090887 0.2755 0.15441 0.39924 0.15051 0.17302 0.029615 0.51323 0.16274 0.1735 0.22153 0.088622 0.046667 0.18047 0.25585
0.17946 0.12606 0.060198 0.11705 0.015191 0.08431 0.03009 0.010844 0.056323 0.25213 0.08976 0.077025 0.10239 0.016799 0.076908 0.032818 0.0050484 0.061557 0.095013 0.27304 0.384 0.63635 0.087811 0.49742 0.35576 0.37804 -0.008842 0.29084 0.19719 0.65454 -0.095814 -0.11551 0.14508 0.38432 0.30524 -0.085084 0.17057 0.56087 0.43367 0.18838 0.51649 0.17166 -0.028288 0.42808 0.29957 0 0.097589 0.53205 -0.069052 -0.012886 0.18764 0.37966 0.077585 0.25811 0.18678 0.59941 0.044688 0.45457 0.199 0.31672 0.036826 0.25836 0.13497 0.65535 -0.085799 -0.12941 0.15323 0.34692 0.31086 -0.10533 0.17033 0.5445 0.37371 0.20753 0.46874 0.26714 -0.010588 0.25606 0.17189 0.93407 0.048251 0.44617 -0.078209 -0.038807 0.1634 0.33055
-0.1832 -0.11478 -0.07425 -0.024393 0.0059357 0.22116 0.23763 0.0050051 -0.0038232 -0.13329 -0.16832 -0.099064 -0.050088 -0.018154 0.21531 0.20579 0.013855 0.0090489 0.73427 0.051292 0.065516 0.17936 0.1095 0.34687 0.098532 0.17801 -0.0072248 0.16712 0.070636 0.21393 0.1932 0.3827 0.14895 0.16644 0.25071 0.024744 0.23725 0.097448 0.30842 -0.087369 0.32072 0.02855 0.034078 -0.1111 0.17879 0.097589 0 0.12185 0.075198 0.22805 0.56684 0.31712 0.59587 0.048094 -0.078863 0.14706 0.072503 0.33055 -0.04756 0.094176 -0.056577 0.14664 0.0191 0.19973 0.11506 0.2062 0.16005 0.19994 0.11307 -0.050812 0.078079 0.03201 0.33845 -0.10026 0.31012 0.0024357 0.037599 -0.18399 0.072114 0.11551 0.85159 0.061011 0.035375 0.21022 0.46816 0.26233
0.34229 0.22656 0.18063 0.24438 0.10781 -0.066357 -0.059048 -0.00074178 0.1115 0.38306 0.2129 0.18013 0.2221 0.080587 -0.081805 -0.063225 -0.02938 0.13123 0.25484 0.3762 0.45544 0.036183 0.063484 0.026102 0.23424 0.43599 -0.15781 -0.10787 0.40348 0.074791 -0.29884 0.10227 -0.058776 0.35588 0.67464 0.18746 0.55591 0.14934 0.42091 0.36678 0.55375 0.072005 -0.056318 0.66939 0.48725 0.53205 0.12185 0 -0.096044 -0.039775 0.29457 0.5844 0.19621 0.3669 0.37818 0.024932 0.021422 -0.039232 0.28139 0.28967 -0.15333 -0.084957 0.32454 0.054331 -0.26544 0.10549 -0.049597 0.29933 0.62616 0.21897 0.50832 0.14355 0.31768 0.33606 0.48426 0.1253 -0.02865 0.50389 0.40041 0.38745 0.10049 0.82975 -0.078082 -0.081535 0.23016 0.52072
-0.1061 -0.049686 -0.054484 -0.071449 -0.029016 0.05799 0.048513 -0.0041789 -0.029027 -0.022843 -0.090595 -0.086348 -0.08687 -0.041642 0.046423 0.042343 -0.013419 -0.036641 0.11076 -0.13093 0.021619 -0.033413 0.030432 0.066164 0.16007 0.01856 0.13546 0.016092 -0.039778 -0.02034 0.2803 0.31637 0.053608 -0.072291 -0.056092 0.15036 0.034371 -0.059605 -0.016204 -0.081062 -0.05631 0.1297 0.04402 -0.13038 0.11477 -0.069052 0.075198 -0.096044 0 0.096748 -0.074441 -0.1312 0.038295 -0.14924 -0.10648 -0.03039 0.0080245 0.059405 -0.017962 0.011634 0.064293 0.028316 -0.10471 -0.01943 0.15593 0.19695 0.032133 -0.058774 -0.17393 0.049387 -0.12789 -0.055629 0.0016855 -0.16509 -0.077154 0.0040269 -0.010756 -0.26737 -0.020555 -0.054459 0.064844 -0.19436 0.22002 0.089727 -0.039496 -0.14853
-0.06464 -0.054377 -0.049102 -0.018948 -0.019395 0.1524 0.13448 0.0016617 -0.019493 -0.0054721 -0.076594 -0.06866 -0.045042 -0.011968 0.13206 0.10716 -0.014583 0.027712 0.1561 -0.042163 0.010159 0.014561 0.10269 0.15009 0.11053 0.12036 0.047634 0.052955 0.050256 0.011999 0.17981 0.28149 0.094838 -0.013711 0.012604 0.087311 0.037786 -0.025405 0.038309 -0.051349 0.014278 0.049108 0.037252 -0.087139 0.062027 -0.012886 0.22805 -0.039775 0.096748 0 0.03273 0.025745 0.097006 -0.064477 -0.054122 0.0039465 0.039827 0.1228 0.019054 0.090865 0.027709 0.046119 -0.027939 0.026545 0.13286 0.20677 0.067643 -0.014052 -0.037927 0.023911 -0.02488 -0.035994 0.023169 -0.09084 -0.0080915 0.011266 0.0046978 -0.14392 0.029578 -0.016285 0.19589 -0.080365 0.10214 0.16881 0.018695 0.0099375
0.029523 0.16331 0.07081 0.12758 0.062984 0.11969 0.015276 0.045587 0.12226 0.033618 0.16511 0.065925 0.11918 0.072456 0.099942 0.01356 0.042472 0.16774 0.17598 0.28833 -0.010787 0.20748 0.051426 0.12449 0.0069588 0.00096113 0.12356 0.12393 0.13312 0.27927 0.031468 -0.075592 0.097606 0.3679 0.12892 -0.080716 0.020739 0.32456 0.49037 0.19705 0.42065 0.12857 0.15785 0.085069 0.19964 0.18764 0.56684 0.29457 -0.074441 0.03273 0 0.50111 0.2337 0.2964 0.0026939 0.20699 0.038691 0.13314 0.020474 -0.0067026 0.10694 0.11494 0.13569 0.25092 0.054578 -0.051424 0.11609 0.35851 0.18208 -0.07797 0.093281 0.29679 0.45441 0.23863 0.41034 0.1753 0.16687 0.080724 0.20476 0.1741 0.53708 0.36081 -0.044747 -0.0031287 0.65174 0.4597
0.22061 0.28207 0.1819 0.34705 0.143 0.087341 0.030427 0.087433 0.18047 0.22079 0.27428 0.18903 0.31464 0.12034 0.087758 0.032211 0.062066 0.19028 0.13877 0.56314 -0.039607 0.24425 0.1023 0.15128 -0.083297 0.10106 -0.026784 0.11627 0.33108 0.2872 -0.077658 -0.19713 0.049529 0.49327 0.38023 -0.12244 0.20323 0.36856 0.60751 0.34997 0.63841 0.060195 0.18408 0.2578 0.31498 0.37966 0.31712 0.5844 -0.1312 0.025745 0.50111 0 0.16855 0.53919 -0.0067445 0.23968 0.053788 0.10918 -0.036001 0.075481 0.0096924 0.11789 0.32386 0.25825 -0.048726 -0.14695 0.066222 0.46358 0.48693 -0.089633 0.33459 0.358 0.53467 0.40223 0.61101 0.1636 0.20255 0.25924 0.33998 0.33097 0.28431 0.64804 -0.13201 -0.029318 0.4101 0.77047
-0.04554 -0.12053 -0.030449 -0.018978 -0.0091755 0.037423 0.097228 -0.019261 -0.03347 -0.15131 -0.14241 -0.027828 0.0036357 -0.016707 0.044049 0.10884 -0.01126 -0.0077943 0.66592 0.027793 0.032569 0.08122 0.020596 0.25522 0.044104 0.13278 -0.15555 0.14907 0.084063 0.091687 -0.038532 0.24258 0.038967 0.033876 0.26688 -0.015928 0.28093 -0.010148 0.058091 -0.079055 0.13998 -0.05188 -0.086757 -0.0095992 0.041622 0.077585 0.59587 0.19621 0.038295 0.097006 0.2337 0.16855 0 0.039784 0.16265 0.088418 0.035167 0.28151 0.15611 0.20171 -0.15131 0.097187 0.11873 0.086544 -0.027118 0.41549 0.044093 0.050851 0.40176 0.15132 0.44923 -0.044743 0.099536 -0.044747 0.18546 0.014 -0.038194 0.023332 0.23497 0.076865 0.71691 0.19368 0.052297 0.17003 0.20572 0.15663
