0,0.303702384233475,0.235830500721931,0.263390153646469,0.0797378346323967,-0.0210896041244268,-0.108422815799713,0.0387176461517811,0.199596628546715,0.669283866882324,0.380981713533401,0.325749635696411,0.277569830417633,0.0918301120400429,-0.00903762318193913,-0.103171914815903,0.0236240774393082,0.251097947359085,-0.150886610150337,0.230234891176224,0.0747618824243546,-0.0890117213129997,0.0245974808931351,-0.099818080663681,0.0306318886578083,0.147168040275574,0.0773279294371605,-0.0268926806747913,0.209562033414841,-0.0650086179375648,-0.15282529592514,-0.085456408560276,0.0177809149026871,0.0855397954583168,0.113325908780098,-0.0308622028678656,0.0631538331508636,0.0511063449084759,-0.0132774841040373,0.349635273218155,0.0411891005933285,0.181410744786263,0.0927067175507545,0.388866275548935,0.089001253247261,0.101819515228271,-0.140708580613136,0.385854929685593,-0.100487478077412,-0.0516684129834175,0.0591154024004936,0.224942177534103,-0.0276165325194597,0.282590061426163,0.416051596403122,-0.0860867127776146,0.0419101491570473,-0.137091815471649,0.311042249202728,0.211361348628998,0.159020185470581,-0.0487722456455231,0.326463788747787,-0.111118741333485,-0.0416970327496529,0.107758805155754,0.0174899622797966,0.111517027020454,0.416106551885605,0.214917585253716,0.313317805528641,0.0715404078364372,-0.00732296844944358,0.428688555955887,0.12873275578022,0.292142868041992,0.167927205562592,0.571834862232208,0.40788272023201,0.125019624829292,-0.104387402534485,0.54957389831543,-0.0126869501546025,-0.0853486731648445,0.0437030754983425,0.275709480047226
0.303702384233475,0,0.211003035306931,0.237107366323471,0.0991075560450554,0.0090154092758894,-0.0862032920122147,0.0642174780368805,0.212758630514145,0.321724563837051,0.470667213201523,0.230622783303261,0.224189445376396,0.0871516987681389,-0.00970795750617981,-0.0970624685287476,0.0455270111560822,0.210880845785141,-0.0978505611419678,0.240081489086151,0.0331260226666927,0.069222666323185,0.0192579608410597,-0.0797828584909439,0.0107242045924067,0.0323600247502327,0.109986536204815,0.0672063753008842,0.141244813799858,0.102629415690899,-0.0385285280644894,-0.10684597492218,0.0127170197665691,0.149400532245636,0.104513220489025,-0.0730637237429619,0.0112911080941558,0.194153338670731,0.103956632316113,0.29873913526535,0.102144733071327,0.164378643035889,0.145827606320381,0.195628762245178,0.17534564435482,0.0935888066887856,-0.0811981707811356,0.213991925120354,-0.0546984784305096,-0.0491614304482937,0.165301755070686,0.256191074848175,-0.117230139672756,0.24044968187809,0.0512213110923767,0.0613449700176716,0.00518835801631212,-0.103792361915112,0.0264974627643824,-0.0309067778289318,0.102956384420395,0.0502725169062614,0.116314508020878,0.0597818568348885,-0.0309114400297403,-0.101981475949287,-0.0179417729377747,0.0886998027563095,0.151205509901047,-0.0325134210288525,0.067343644797802,0.225932165980339,0.0545227229595184,0.28843230009079,0.0751840025186539,0.154416114091873,0.128438532352448,0.155507892370224,0.152786895632744,0.0316870957612991,-0.106587149202824,0.191409930586815,-0.0555636994540691,-0.0648208633065224,0.132078945636749,0.237549990415573
0.235830500721931,0.211003035306931,0,0.370782554149628,0.114200964570045,0.0202343445271254,-0.0249118488281965,0.138390958309174,0.127377361059189,0.260481864213943,0.234060034155846,0.552262365818024,0.354395866394043,0.0592759773135185,0.0196850765496492,-0.0150038944557309,0.108938008546829,0.138079047203064,-0.0198647361248732,0.198105826973915,0.101119376718998,-0.0172032043337822,0.00479915086179972,-0.0564761199057102,-0.000325437635183334,0.0525316186249256,0.05362768471241,0.00238179531879723,0.1916833370924,-0.00156175962183625,-0.0308540388941765,-0.0745804011821747,-0.0375069603323936,0.031334538012743,0.2314073741436,-0.0110602304339409,0.146690353751183,0.0494775660336018,-0.0185570083558559,0.187177032232285,0.0705126374959946,0.059413094073534,0.16947977244854,0.243164375424385,0.194445595145226,0.0462618730962276,-0.0382370427250862,0.198464259505272,-0.0544510222971439,-0.0436785407364368,0.0795620679855347,0.17582081258297,-0.0147103760391474,0.181183740496635,0.100868470966816,-0.0360441841185093,0.0181540586054325,-0.0782153084874153,-0.00492105400189757,0.0115687791258097,0.0340533368289471,0.0073816142976284,0.152440071105957,-0.0323643982410431,-0.0270303897559643,-0.078811801970005,-0.0345316529273987,0.0106082996353507,0.200311869382858,-0.0316488891839981,0.14681114256382,0.0613981820642948,-0.026397941634059,0.178804323077202,0.074231281876564,0.0429050512611866,0.121449023485184,0.164517059922218,0.15038038790226,0.00466014118865132,-0.0397645756602287,0.18867900967598,-0.0716494843363762,-0.0556378774344921,0.0787490233778954,0.175809368491173
0.263390153646469,0.237107366323471,0.370782554149628,0,0.204595148563385,0.00939852278679609,4.36939299106598e-05,0.113758705556393,0.124529428780079,0.255206704139709,0.247791588306427,0.357579857110977,0.608029961585999,0.117720909416676,0.00331066199578345,-0.00100085197482258,0.0922703742980957,0.133499935269356,-0.0545938611030579,0.283710896968842,-0.0270777102559805,0.00352472369559109,0.0101500730961561,-0.0284521766006947,-0.110442139208317,0.0421173125505447,-0.012363038957119,0.0124401850625873,0.152847677469254,0.00968229863792658,-0.0344292633235455,-0.149417355656624,-0.0188555829226971,0.155681490898132,0.18634007871151,-0.082603856921196,0.0908650904893875,0.0724339038133621,0.130572274327278,0.191642805933952,0.248689502477646,0.0188049450516701,0.127091780304909,0.15474297106266,0.182716995477676,0.0985946878790855,0.00196028989739716,0.245242282748222,-0.0759802758693695,-0.00930491834878922,0.11825842410326,0.330738544464111,-0.0190218333154917,0.276768267154694,0.00887578725814819,0.000272358069196343,0.0126513494178653,-0.0397588834166527,-0.0819432213902473,-0.0038655933458358,-0.00274342019110918,0.0232846941798925,0.143885225057602,-0.0104759987443686,-0.033671110868454,-0.144951164722443,0.0116848265752196,0.121830299496651,0.24921353161335,-0.0586733222007751,0.148317188024521,0.0887046530842781,0.0758479386568069,0.229323849081993,0.230500459671021,0.0425314083695412,0.119583651423454,0.154210418462753,0.172153607010841,0.0822169557213783,-0.02153898216784,0.28071254491806,-0.0810643807053566,-0.0525523275136948,0.105834789574146,0.331444978713989
0.0797378346323967,0.0991075560450554,0.114200964570045,0.204595148563385,0,0.00156336894724518,-0.0139179788529873,0.026217132806778,0.0582468248903751,0.0939517021179199,0.0935759618878365,0.111438222229481,0.180427864193916,0.0300122294574976,-0.0102212466299534,-0.0183519795536995,0.021058451384306,0.0504395700991154,-0.017007227987051,0.101610869169235,0.00533471675589681,-0.00365745928138494,0.0100639024749398,-0.000241079367697239,-0.016270412132144,0.0240192469209433,-0.0126487463712692,-0.000453755230410025,0.0769947618246078,0.00221526529639959,-0.017155509442091,-0.0298571046441793,-0.00933147221803665,0.00346801988780499,0.0780991762876511,0.00437404541298747,0.0616488866508007,0.0319584757089615,0.0489911884069443,0.0863484665751457,0.0798831880092621,0.00954154040664434,0.0694231241941452,0.0705973505973816,0.075984925031662,0.0140422051772475,0.0229834150522947,0.108424834907055,-0.0346325747668743,-0.0138598084449768,0.0641678050160408,0.139665141701698,-0.00860651675611734,0.111745581030846,-0.0146206021308899,-0.00887854490429163,-0.0106525029987097,-0.0280907694250345,-0.0392070338129997,-0.00429458636790514,-0.0129262804985046,0.00735203549265862,0.0643208101391792,-0.014505228959024,-0.0244770403951406,-0.0449001230299473,-0.0184023771435022,0.0194664727896452,0.086224153637886,-0.00136060279328376,0.0655451267957687,0.0342902950942516,0.0307209379971027,0.0702212974429131,0.0647477060556412,-0.00490751164034009,0.025628050789237,0.0393334254622459,0.054732158780098,-0.00602360162883997,-0.00563194323331118,0.0988041311502457,-0.0399473123252392,-0.024124464020133,0.0351884663105011,0.124698132276535
-0.0210896041244268,0.0090154092758894,0.0202343445271254,0.00939852278679609,0.00156336894724518,0,0.174041077494621,0.0192414801567793,0.074400432407856,0.0344174206256866,-0.0088701918721199,0.0108267394825816,-0.00139077100902796,-0.0189896542578936,0.408564060926437,0.181286081671715,0.0354797579348087,0.0568259321153164,0.0973450019955635,0.0445946417748928,0.138841822743416,0.089936301112175,0.108739756047726,0.226685434579849,0.219557628035545,0.122120037674904,0.316425323486328,0.103874862194061,0.0736061409115791,0.119863994419575,0.292653828859329,0.189446628093719,0.256965160369873,0.080823540687561,-0.0187185611575842,0.0362034626305103,-0.0131165105849504,0.0690060034394264,0.104287467896938,0.0750162079930305,0.0822436511516571,0.23245607316494,0.199456840753555,-0.0247797295451164,0.139803692698479,0.079053558409214,0.242556020617485,-0.0842456892132759,0.0578406825661659,0.143291965126991,0.107153937220573,0.0887248516082764,0.0585071407258511,0.0185203310102224,-0.00508967228233814,0.0733700916171074,0.0882894247770309,0.209849402308464,0.100317679345608,0.0815719440579414,0.25540092587471,0.11687058955431,0.007387216668576,0.108385547995567,0.250115126371384,0.106770403683186,0.209946721792221,0.0791249722242355,-0.106079578399658,-0.0594900846481323,-0.0799410715699196,0.0498453080654144,0.110994376242161,0.0207156408578157,0.077438086271286,0.181526854634285,0.127508714795113,-0.0992893502116203,0.03418854996562,0.0406968854367733,0.200418308377266,-0.112012259662151,0.0509793125092983,0.119034267961979,0.0932576134800911,0.0598414018750191
-0.108422815799713,-0.0862032920122147,-0.0249118488281965,4.36939299106598e-05,-0.0139179788529873,0.174041077494621,0,-0.00103099609259516,-0.00585649907588959,-0.0569786913692951,-0.109460674226284,-0.0448164157569408,-0.0216980371624231,-0.0208327732980251,0.173596575856209,0.254487574100494,-0.00555762881413102,-0.0288818497210741,0.148756295442581,-0.0385842025279999,0.0403690971434116,0.0266253836452961,0.0691642910242081,0.194073215126991,0.0709648430347443,0.125686436891556,-0.000617418379988521,0.073503240942955,-0.000802414317149669,0.0425818935036659,0.17063170671463,0.164696112275124,0.0675992518663406,0.0242592506110668,0.0197722166776657,0.0773259550333023,0.0691912174224854,-0.0195107385516167,0.0655256137251854,-0.127420336008072,0.0830823853611946,-0.0458943247795105,-0.000768102530855685,-0.149585232138634,0.052431657910347,0.0359037443995476,0.232110857963562,-0.0853360295295715,0.0671234950423241,0.123633064329624,0.00896637886762619,0.0299096535891294,0.104101240634918,-0.0545751266181469,-0.0735384970903397,0.0173808038234711,0.0290413480252028,0.175724640488625,-0.0418476723134518,0.0785165056586266,-0.0335404761135578,0.0707833170890808,-0.0340513065457344,0.039768248796463,0.0847782641649246,0.0777147188782692,0.0448660142719746,0.0227075032889843,-0.0612006783485413,-0.0281158816069365,-0.0279517937451601,-0.0399347990751266,0.0709530040621758,-0.148326396942139,0.0883684456348419,-0.0681647136807442,-0.0261921752244234,-0.189314663410187,-0.0306559316813946,0.0386057570576668,0.19141498208046,-0.144792750477791,0.0259470995515585,0.101116552948952,-0.000188330188393593,-0.00689557800069451
0.0387176461517811,0.0642174780368805,0.138390958309174,0.113758705556393,0.026217132806778,0.0192414801567793,-0.00103099609259516,0,0.0530231557786465,0.0288044940680265,0.0648398697376251,0.126290246844292,0.108403846621513,0.0199533216655254,0.0344753749668598,0.0185156706720591,0.093560054898262,0.0601143129169941,-0.0301413238048553,0.0869904458522797,-0.0615934953093529,0.0176873113960028,-0.0036835502833128,-0.0127837173640728,-0.0617562793195248,-0.0266505014151335,0.0342961549758911,0.0156807899475098,0.0179038010537624,0.0072482586838305,0.0529528819024563,-0.0656900182366371,0.0274144355207682,0.0529807843267918,-0.0157786216586828,-0.0848821178078651,-0.0635583624243736,0.0388931296765804,0.0283081568777561,0.0544887147843838,0.0333531573414803,0.0255895406007767,0.10862635076046,-0.0122823650017381,0.00619373843073845,0.00659799203276634,0.0152044342830777,0.00109964422881603,-0.00923946127295494,0.00378970941528678,0.0397158451378345,0.0805012732744217,-0.0131067726761103,0.0720682591199875,-0.0478843934834003,0.0247235894203186,-0.00724464282393456,-0.00198416807688773,-0.0435407124459743,-0.00458130612969398,0.0509330332279205,0.0343490839004517,0.0250379741191864,0.00680102687329054,0.0508085787296295,-0.0565413907170296,0.0142892692238092,0.0536339841783047,-0.00781460572034121,-0.0978786796331406,-0.018195228651166,0.0466080233454704,0.0190793909132481,0.0600278899073601,0.0480523891746998,0.0440961122512817,0.0908913910388947,0.00124506209976971,0.0118126580491662,0.0118910195305943,0.0248750615864992,0.0522208102047443,-0.0237936712801456,0.00520200515165925,0.0564742125570774,0.0890383273363113
0.199596628546715,0.212758630514145,0.127377361059189,0.124529428780079,0.0582468248903751,0.074400432407856,-0.00585649907588959,0.0530231557786465,0,0.208828568458557,0.217173188924789,0.118926085531712,0.126377284526825,0.0394119508564472,0.0522163063287735,-0.018607459962368,0.0407923236489296,0.175694942474365,-0.0339656434953213,0.161517769098282,0.00693062413483858,0.0460269935429096,0.0123529937118292,-0.00109146488830447,0.0147780114784837,0.0135888485237956,0.0973354056477547,0.0122643420472741,0.0762354731559753,0.0694214180111885,0.00879858620464802,-0.0406563393771648,0.0514498129487038,0.113269418478012,0.0464259795844555,-0.0446317903697491,-0.00286375125870109,0.135474622249603,0.0777522251009941,0.173103734850883,0.0648225545883179,0.126411080360413,0.120556637644768,0.102090202271938,0.0866283476352692,0.0394716113805771,0.0196992270648479,0.114516355097294,-0.0333162359893322,-0.0145175727084279,0.113533414900303,0.172416135668755,-0.0194509271532297,0.167426094412804,0.0302472915500402,0.0306804943829775,0.0204651933163404,-0.0223972089588642,0.0349556468427181,0.0192367881536484,0.113728418946266,0.00290810619480908,0.0827988609671593,0.0571803189814091,0.0428939051926136,-0.0198347382247448,0.0246490407735109,0.0712602436542511,0.086943730711937,-0.0379117429256439,0.0475764609873295,0.138380810618401,0.0582234002649784,0.169654190540314,0.0635221004486084,0.134336084127426,0.121867299079895,0.0941633805632591,0.108825154602528,0.00357436551712453,0.0073412680067122,0.143750086426735,-0.0431009978055954,-0.0051309228874743,0.10139923542738,0.165467038750648
0.669283866882324,0.321724563837051,0.260481864213943,0.255206704139709,0.0939517021179199,0.0344174206256866,-0.0569786913692951,0.0288044940680265,0.208828568458557,0,0.305938154459,0.263259410858154,0.21775609254837,0.0818580836057663,0.0362554080784321,-0.0630479976534843,0.0151420431211591,0.224269509315491,-0.0642546713352203,0.229740232229233,0.244174152612686,-0.0152049316093326,0.047113299369812,-0.135667577385902,0.169364929199219,0.199036851525307,0.117637678980827,-0.0800736248493195,0.213832646608353,-0.01514514349401,-0.0282944887876511,0.0485944338142872,0.0321052186191082,0.142073482275009,0.235308527946472,0.106592319905758,0.199426144361496,0.107244372367859,0.17250669002533,0.299013465642929,0.227336704730988,0.216259121894836,0.0932760536670685,0.442017465829849,0.30569663643837,0.18510639667511,-0.100253202021122,0.385855942964554,-0.0343953333795071,-0.00169143755920231,0.0478251986205578,0.224845468997955,-0.138348087668419,0.186274155974388,0.145305186510086,-0.0333515927195549,0.0302300117909908,-0.151657313108444,0.0777154713869095,0.0939350873231888,0.0660874620079994,-0.0508025288581848,0.109454251825809,-0.0382158346474171,-0.0428092256188393,-0.0146033586934209,0.0177167411893606,0.0901030972599983,0.191921308636665,0.0517244637012482,0.0897844880819321,0.120440140366554,0.0734851211309433,0.246373355388641,0.128314107656479,0.121823690831661,0.052416730672121,0.234965041279793,0.110145896673203,0.0386840142309666,-0.0873954594135284,0.333132863044739,-0.0585692003369331,-0.070431187748909,0.0545549318194389,0.200017064809799
0.380981713533401,0.470667213201523,0.234060034155846,0.247791588306427,0.0935759618878365,-0.0088701918721199,-0.109460674226284,0.0648398697376251,0.217173188924789,0.305938154459,0,0.288249999284744,0.263885289430618,0.0923938974738121,-0.0255532283335924,-0.111502707004547,0.0767433345317841,0.235075742006302,-0.166425719857216,0.273390382528305,-0.0139303915202618,0.0483302809298038,0.0148239433765411,-0.0966934040188789,-0.0360863879323006,-0.01712416857481,0.105917751789093,0.0431338958442211,0.122889846563339,0.0881733149290085,-0.0816445276141167,-0.180559903383255,0.0105269346386194,0.113941945135593,0.0405834019184113,-0.13169826567173,-0.0310530755668879,0.198587372899055,0.0560829937458038,0.307265847921371,0.0658347085118294,0.170199617743492,0.168011605739594,0.195317685604095,0.0978004559874535,0.0615003742277622,-0.124347202479839,0.219749867916107,-0.0889325365424156,-0.0674884617328644,0.185606673359871,0.253790318965912,-0.125979229807854,0.29489853978157,0.139793440699577,0.0626284927129745,-0.0029802736826241,-0.120390862226486,0.10373617708683,-0.017550565302372,0.154898881912231,0.0197937916964293,0.173297628760338,0.0447872839868069,-0.0356142595410347,-0.0847398564219475,0.000343749299645424,0.130767002701759,0.23865807056427,-0.00575614301487803,0.144272238016129,0.244864895939827,0.0288790985941887,0.370404958724976,0.0987179279327393,0.226972430944443,0.178814902901649,0.275653511285782,0.248110949993134,0.0470117144286633,-0.111931964755058,0.301864176988602,-0.0485391318798065,-0.095615454018116,0.164572358131409,0.284350275993347
0.325749635696411,0.230622783303261,0.552262365818024,0.357579857110977,0.111438222229481,0.0108267394825816,-0.0448164157569408,0.126290246844292,0.118926085531712,0.263259410858154,0.288249999284744,0,0.385047107934952,0.0779346898198128,0.0192766599357128,-0.0148075362667441,0.137077808380127,0.137536287307739,-0.0570761077105999,0.191377431154251,0.0579871833324432,-0.0382947139441967,-0.0106180654838681,-0.0743131935596466,-0.0314403772354126,0.0398024208843708,0.045183353126049,-0.000752825173549354,0.171509355306625,-0.0140500953420997,-0.066783994436264,-0.135602384805679,-0.0385587476193905,0.0239649005234241,0.205753996968269,-0.0379812009632587,0.124099031090736,0.0513904541730881,-0.00247751781716943,0.200699582695961,0.0682050809264183,0.0411998480558395,0.152306318283081,0.234685763716698,0.123293474316597,0.0585688650608063,-0.0561356544494629,0.206833124160767,-0.0911076366901398,-0.0622810982167721,0.0767154768109322,0.182098433375359,-0.0103470860049129,0.232332989573479,0.171802327036858,-0.0626981779932976,0.00812013447284698,-0.0903951451182365,0.0469166077673435,0.0425113365054131,0.0477865971624851,-0.0167489405721426,0.21368096768856,-0.0474441610276699,-0.0266758240759373,-0.0610842183232307,-0.00552006810903549,0.0381043814122677,0.281359702348709,0.0404480434954166,0.226891830563545,0.0583332739770412,-0.046542514115572,0.238320022821426,0.0809743404388428,0.0808695629239082,0.168046936392784,0.269117087125778,0.222559556365013,0.0214790627360344,-0.0534838512539864,0.257170706987381,-0.0722040459513664,-0.0552641749382019,0.0675383880734444,0.221155911684036
0.277569830417633,0.224189445376396,0.354395866394043,0.608029961585999,0.180427864193916,-0.00139077100902796,-0.0216980371624231,0.108403846621513,0.126377284526825,0.21775609254837,0.263885289430618,0.385047107934952,0,0.141308084130287,0.00650125695392489,-0.00350268976762891,0.114919230341911,0.137358874082565,-0.0517771728336811,0.259682893753052,-0.029464041814208,-0.00486499536782503,0.0142286205664277,-0.0406711399555206,-0.107393346726894,0.0285300686955452,-0.0304840672761202,0.0246043615043163,0.150249630212784,0.0015079218428582,-0.066494807600975,-0.144061729311943,-0.016891747713089,0.136037856340408,0.164619922637939,-0.0873079225420952,0.0824232399463654,0.0662485361099243,0.0682701244950294,0.198016107082367,0.196878045797348,-0.00311211892403662,0.107465170323849,0.131026819348335,0.155454263091087,0.0773058980703354,-0.0177651289850473,0.228067144751549,-0.084457203745842,-0.0256883278489113,0.108543120324612,0.302622020244598,0.00785986520349979,0.277362376451492,0.0138479182496667,-0.0163928307592869,0.00847833137959242,-0.0329044163227081,-0.0746143907308578,0.0333568640053272,-0.0189803671091795,0.0247530937194824,0.168193146586418,-0.0208592247217894,-0.0411903001368046,-0.126294657588005,-0.00638291053473949,0.12934735417366,0.267688512802124,-0.0454149693250656,0.172147616744041,0.0818526595830917,0.0750156864523888,0.230449602007866,0.247569352388382,0.0286685395985842,0.120429255068302,0.16558626294136,0.180770859122276,0.0758104622364044,0.00998038053512573,0.291256159543991,-0.0985342785716057,-0.0501007214188576,0.108271181583405,0.35187304019928
0.0918301120400429,0.0871516987681389,0.0592759773135185,0.117720909416676,0.0300122294574976,-0.0189896542578936,-0.0208327732980251,0.0199533216655254,0.0394119508564472,0.0818580836057663,0.0923938974738121,0.0779346898198128,0.141308084130287,0,-0.0113260857760906,-0.0273470319807529,0.0138153312727809,0.0850024968385696,-0.0214026849716902,0.116069473326206,-0.0276118796318769,0.00501879397779703,0.00798272527754307,-0.0218293070793152,-0.0281088221818209,-0.00962829682976007,-0.00826694909483194,-0.0110882166773081,0.0309500340372324,0.00617915904149413,-0.0343460328876972,-0.0494304336607456,-0.00517132831737399,0.0412160381674767,0.0281075276434422,-0.0363406911492348,-0.00234490120783448,0.0358079820871353,0.0378034822642803,0.0682699307799339,0.0564476810395718,0.025090329349041,0.0512166768312454,0.0343983992934227,0.0503991395235062,0.0138040194287896,-0.0109767336398363,0.080133244395256,-0.043003112077713,-0.00597764318808913,0.061265155673027,0.10694994777441,-0.0178370140492916,0.102395668625832,0.0109190242365003,0.00258597708307207,-0.00773718114942312,-0.0140881380066276,-0.00968945771455765,-0.00202862359583378,0.0132335023954511,-0.0104725994169712,0.0253068543970585,0.00455308146774769,-0.0178437083959579,-0.0217204168438911,-0.0112543189898133,0.0553219430148602,0.0773428827524185,-0.0256065130233765,0.0553429238498211,0.0497938059270382,0.0453804098069668,0.0739398077130318,0.065592385828495,0.0351838991045952,0.0657559931278229,0.0546043142676353,0.0934125855565071,0.00143680814653635,-0.00390187255106866,0.10761433839798,-0.0171134043484926,-0.014304818585515,0.0512334182858467,0.118061654269695
-0.00903762318193913,-0.00970795750617981,0.0196850765496492,0.00331066199578345,-0.0102212466299534,0.408564060926437,0.173596575856209,0.0344753749668598,0.0522163063287735,0.0362554080784321,-0.0255532283335924,0.0192766599357128,0.00650125695392489,-0.0113260857760906,0,0.226900294423103,0.0423351302742958,0.0568853728473186,0.0679368749260902,0.0338468924164772,0.125145375728607,0.0762397721409798,0.0947791039943695,0.219816252589226,0.192568212747574,0.109093584120274,0.287929564714432,0.0989522859454155,0.0714842975139618,0.0973867848515511,0.287419527769089,0.154888346791267,0.240766331553459,0.0806128680706024,-0.0313640274107456,-0.00202096672728658,-0.0435245335102081,0.0481267459690571,0.0849395990371704,0.0612553246319294,0.0830181613564491,0.212494656443596,0.189643040299416,-0.0394324399530888,0.122622452676296,0.0766287744045258,0.216826155781746,-0.108783937990665,0.0390075594186783,0.121606007218361,0.0762627795338631,0.082997240126133,0.0605076178908348,0.0285109616816044,0.0377933979034424,0.0723193287849426,0.101020976901054,0.221251681447029,0.123452991247177,0.124438799917698,0.265058875083923,0.103603944182396,0.0333928428590298,0.0918115675449371,0.235123828053474,0.113139912486076,0.251442760229111,0.0670625641942024,-0.0793608799576759,-0.0546675287187099,-0.0696178823709488,0.0455421730875969,0.110650442540646,0.0275226589292288,0.077420599758625,0.197369039058685,0.145489513874054,-0.0686069577932358,0.0538738258183002,0.0677830651402473,0.213627740740776,-0.0968651473522186,0.026221776381135,0.128420248627663,0.079888254404068,0.073660172522068
-0.103171914815903,-0.0970624685287476,-0.0150038944557309,-0.00100085197482258,-0.0183519795536995,0.181286081671715,0.254487574100494,0.0185156706720591,-0.018607459962368,-0.0630479976534843,-0.111502707004547,-0.0148075362667441,-0.00350268976762891,-0.0273470319807529,0.226900294423103,0,0.0307723470032215,-0.00849933177232742,0.114415273070335,-0.0212631430476904,0.047642569988966,0.0362415611743927,0.0663461238145828,0.194106072187424,0.0514427572488785,0.117730759084225,-0.000842802051920444,0.0327607728540897,0.00530347274616361,0.0465792007744312,0.136358365416527,0.112730927765369,0.0933625474572182,0.0417762845754623,0.0150824282318354,0.033777941018343,0.0546670407056808,-0.0424666926264763,0.076595313847065,-0.10404396802187,0.107229620218277,-0.0292510874569416,0.00348952854983509,-0.118305169045925,0.0411778166890144,0.0486416518688202,0.210281744599342,-0.0775511041283607,0.0469925552606583,0.103489391505718,0.0167528558522463,0.0446091927587986,0.112872056663036,-0.021473815664649,-0.028083149343729,0.0196951329708099,0.0457936301827431,0.202758133411407,-0.0149657456204295,0.120465911924839,-0.0253909640014172,0.0413981936872005,-0.00149432825855911,0.0451982319355011,0.0947994589805603,0.0716944113373756,0.0934857800602913,0.0418717488646507,-0.0221437513828278,-0.0239846259355545,0.0130071323364973,-0.0539267100393772,0.0930951312184334,-0.124237865209579,0.108892872929573,-0.0412716493010521,-0.0254392120987177,-0.137813493609428,-0.0173116009682417,0.046224307268858,0.221938818693161,-0.100299440324306,0.0217269062995911,0.131106972694397,0.00529846036806703,0.0411058701574802
0.0236240774393082,0.0455270111560822,0.108938008546829,0.0922703742980957,0.021058451384306,0.0354797579348087,-0.00555762881413102,0.093560054898262,0.0407923236489296,0.0151420431211591,0.0767433345317841,0.137077808380127,0.114919230341911,0.0138153312727809,0.0423351302742958,0.0307723470032215,0,0.0624372214078903,-0.0200772471725941,0.0828273370862007,-0.0479733236134052,0.0295458342880011,0.0117041245102882,0.000747669371776283,-0.040131937712431,-0.0372254066169262,0.0632665976881981,0.026518939062953,0.0107079055160284,0.030989145860076,0.057289145886898,-0.0655535310506821,0.0068466542288661,0.0298466328531504,-0.017923766747117,-0.0761700868606567,-0.0544984638690948,0.0333640463650227,0.0160925984382629,0.0463858246803284,0.0109155178070068,0.0508021786808968,0.119822882115841,-0.0229667145758867,0.0132801020517945,0.0027481778524816,0.0273921545594931,-0.0302221532911062,-0.00513767870143056,-0.00883357506245375,0.0396855026483536,0.0588127747178078,-0.00441712606698275,0.0765093043446541,-0.0389620624482632,0.0325632616877556,-7.50347971916199e-05,0.0158656127750874,-0.0397464409470558,-0.0181532818824053,0.0508149601519108,0.023212930187583,0.0164115019142628,0.0204002186655998,0.0359073095023632,-0.0554036945104599,0.0188101083040237,0.0405451990664005,-0.0188892036676407,-0.105609230697155,-0.0278673861175776,0.0398782566189766,0.00939497072249651,0.0525537505745888,0.0130333676934242,0.0499172657728195,0.108131743967533,-0.00319029809907079,0.000750770675949752,0.00965357013046741,0.0324058905243874,0.0165251530706882,-0.00962483510375023,-0.00769256614148617,0.0496436692774296,0.0700016096234322
0.251097947359085,0.210880845785141,0.138079047203064,0.133499935269356,0.0504395700991154,0.0568259321153164,-0.0288818497210741,0.0601143129169941,0.175694942474365,0.224269509315491,0.235075742006302,0.137536287307739,0.137358874082565,0.0850024968385696,0.0568853728473186,-0.00849933177232742,0.0624372214078903,0,-0.044227346777916,0.160191863775253,0.0457194671034813,0.0412752255797386,0.0346556082367897,0.00936403311789036,0.0457270294427872,0.0295578092336655,0.0998619124293327,0.00422929879277945,0.0902248322963715,0.0740138739347458,0.00537136616185308,-0.0215229485183954,0.0592865981161594,0.0745484605431557,0.0379800572991371,-0.0384184904396534,0.0128630753606558,0.143068730831146,0.0731993243098259,0.163289681077003,0.0671570226550102,0.139308199286461,0.11642200499773,0.120878979563713,0.0858511552214622,0.0513227432966232,0.0261714123189449,0.143050104379654,-0.0272824894636869,0.0313329808413982,0.155053421854973,0.176659405231476,-0.00227305642329156,0.173010289669037,0.101251475512981,0.0463286824524403,0.0191763434559107,-0.000788803969044238,0.0953367426991463,0.0307628009468317,0.122955195605755,0.011462114751339,0.110415562987328,0.0581213645637035,0.0514394827187061,0.0152568044140935,0.0495493113994598,0.102877296507359,0.115262404084206,0.0136646674945951,0.0869833379983902,0.155371069908142,0.0641012340784073,0.174220621585846,0.0784310102462769,0.168655455112457,0.128447964787483,0.141532123088837,0.1548802703619,0.0405051670968533,0.0406960658729076,0.16779200732708,-0.0041211973875761,-0.00247927056625485,0.13194365799427,0.206776767969131
-0.150886610150337,-0.0978505611419678,-0.0198647361248732,-0.0545938611030579,-0.017007227987051,0.0973450019955635,0.148756295442581,-0.0301413238048553,-0.0339656434953213,-0.0642546713352203,-0.166425719857216,-0.0570761077105999,-0.0517771728336811,-0.0214026849716902,0.0679368749260902,0.114415273070335,-0.0200772471725941,-0.044227346777916,0,-0.069765068590641,0.254300534725189,0.0135957393795252,0.0378268100321293,0.293147891759872,0.30115333199501,0.309538960456848,-0.0971039310097694,0.0863749086856842,0.0612185522913933,0.0538353137671947,0.0955371484160423,0.635369896888733,0.0133884726092219,-0.054752092808485,0.479611068964005,0.239280581474304,0.534055948257446,-0.0429999716579914,0.00987118855118752,-0.124766111373901,0.0923615843057632,-0.027929000556469,-0.0930934920907021,-0.04405777156353,0.248943582177162,0.0158291570842266,0.6969034075737,0.143189877271652,0.149375706911087,0.166538283228874,0.117553532123566,0.077177882194519,0.633583068847656,-0.0634383410215378,0.0328726470470428,-0.00464295037090778,0.0189509019255638,0.237996727228165,0.0830869972705841,0.237020567059517,-0.134117484092712,0.0917581394314766,0.0144008900970221,0.0533268488943577,0.00834207236766815,0.429995238780975,0.0303392056375742,-0.042761392891407,0.181503087282181,0.205022022128105,0.308885335922241,-0.0844844132661819,0.0712214931845665,-0.201739743351936,0.0718108415603638,-0.100941434502602,-0.0849266275763512,-0.108153328299522,0.110567353665829,-0.0151691986247897,0.572604537010193,-0.0563422664999962,0.113388262689114,0.177972972393036,0.143187806010246,0.0416958592832088
0.230234891176224,0.240081489086151,0.198105826973915,0.283710896968842,0.101610869169235,0.0445946417748928,-0.0385842025279999,0.0869904458522797,0.161517769098282,0.229740232229233,0.273390382528305,0.191377431154251,0.259682893753052,0.116069473326206,0.0338468924164772,-0.0212631430476904,0.0828273370862007,0.160191863775253,-0.069765068590641,0,-0.0843021273612976,0.138220235705376,0.0477727986872196,0.0271229632198811,-0.14762057363987,0.0183037742972374,0.0198342185467482,0.0298168007284403,0.250505983829498,0.163416147232056,-0.0831966176629066,-0.281356155872345,0.035877350717783,0.350663095712662,0.20699280500412,-0.205020412802696,0.0493483878672123,0.246875658631325,0.262922465801239,0.412581950426102,0.367452353239059,0.0974950790405273,0.305989563465118,0.2657690346241,0.351177453994751,0.263854622840881,0.0844446569681168,0.398550510406494,-0.146570533514023,-0.0297794677317142,0.293041527271271,0.553135216236115,0.0303214974701405,0.588142991065979,-0.0956872552633286,0.147757366299629,0.0022381404414773,0.00340155698359013,-0.16173055768013,0.00829227641224861,0.0448258519172668,0.0411401726305485,0.205554515123367,0.133430227637291,-0.0458339378237724,-0.277939975261688,0.0365587808191776,0.331123381853104,0.282509118318558,-0.229796096682549,0.129475221037865,0.250640213489532,0.217005237936974,0.43501228094101,0.353210479021072,0.139336317777634,0.292394995689392,0.200959086418152,0.27648514509201,0.216306149959564,0.0764838010072708,0.445812225341797,-0.174593195319176,-0.0861029773950577,0.235692009329796,0.547118782997131
0.0747618824243546,0.0331260226666927,0.101119376718998,-0.0270777102559805,0.00533471675589681,0.138841822743416,0.0403690971434116,-0.0615934953093529,0.00693062413483858,0.244174152612686,-0.0139303915202618,0.0579871833324432,-0.029464041814208,-0.0276118796318769,0.125145375728607,0.047642569988966,-0.0479733236134052,0.0457194671034813,0.254300534725189,-0.0843021273612976,0,-0.114051818847656,0.0539951100945473,0.201956689357758,0.679263174533844,0.506482064723969,0.217563584446907,-0.0181123279035091,0.257258206605911,-0.045489028096199,0.091503232717514,0.460505396127701,0.161871865391731,-0.123161613941193,0.521516084671021,0.430799335241318,0.504305481910706,-0.0802345275878906,-0.0589836612343788,0.101507231593132,0.0750034525990486,0.33102947473526,-0.0165273230522871,0.629476964473724,0.365847259759903,0.354930758476257,0.0809862911701202,0.424307972192764,0.0124367503449321,0.00937391817569733,-0.0114063443616033,-0.0262333750724792,0.0641237497329712,-0.0964721143245697,0.65152895450592,-0.159146293997765,0.0648342147469521,0.132745116949081,0.489299535751343,0.256291598081589,0.0882730931043625,0.00874167773872614,0.106183618307114,-0.0423864461481571,0.0525325872004032,0.288782954216003,0.127423703670502,-0.120823003351688,0.306989938020706,0.336580097675323,0.260108798742294,-0.0837198570370674,-0.0244419761002064,-0.025356836616993,0.0343406461179256,0.176344722509384,-0.0914937555789948,0.275008946657181,0.100942060351372,0.145564556121826,0.0710025876760483,0.0968835353851318,0.0591597519814968,0.0130880558863282,0.0074053043499589,-0.0568063482642174
-0.0890117213129997,0.069222666323185,-0.0172032043337822,0.00352472369559109,-0.00365745928138494,0.089936301112175,0.0266253836452961,0.0176873113960028,0.0460269935429096,-0.0152049316093326,0.0483302809298038,-0.0382947139441967,-0.00486499536782503,0.00501879397779703,0.0762397721409798,0.0362415611743927,0.0295458342880011,0.0412752255797386,0.0135957393795252,0.138220235705376,-0.114051818847656,0,0.0116986175999045,0.293778330087662,0.0044130077585578,-0.115998581051826,0.10867952555418,0.111327074468136,0.0455080457031727,0.90225213766098,0.0342990979552269,-0.166714906692505,0.179485872387886,0.390307426452637,-0.0783736780285835,-0.150926738977432,-0.122239112854004,0.849908292293549,0.334266662597656,0.0212823785841465,0.278842210769653,0.236895427107811,0.0762869790196419,-0.0402282997965813,0.100298710167408,0.644513010978699,0.154236897826195,-0.0350081287324429,-0.0264006834477186,0.0233378689736128,0.185854196548462,0.202590376138687,0.0590250268578529,0.126064404845238,-0.256945878267288,0.963531494140625,-0.00809842254966497,0.326786994934082,-0.137766569852829,-0.079079195857048,0.121694780886173,0.184608623385429,-0.0337288901209831,0.890492796897888,0.0144739961251616,-0.216613799333572,0.178217470645905,0.355341523885727,-0.165559738874435,-0.237927600741386,-0.181385815143585,0.796469688415527,0.375935435295105,0.0132606895640492,0.287124931812286,0.272353231906891,0.0703989267349243,-0.162001684308052,-0.0373938716948032,0.557288646697998,0.156937077641487,-0.0190159697085619,-0.0683286711573601,0.0148041108623147,0.160140156745911,0.167796492576599
0.0245974808931351,0.0192579608410597,0.00479915086179972,0.0101500730961561,0.0100639024749398,0.108739756047726,0.0691642910242081,-0.0036835502833128,0.0123529937118292,0.047113299369812,0.0148239433765411,-0.0106180654838681,0.0142286205664277,0.00798272527754307,0.0947791039943695,0.0663461238145828,0.0117041245102882,0.0346556082367897,0.0378268100321293,0.0477727986872196,0.0539951100945473,0.0116986175999045,0,0.147849828004837,0.0982592478394508,0.125887796282768,0.038059301674366,0.0224944595247507,0.0733670592308044,0.0327141955494881,0.0807645097374916,0.093334287405014,0.0841426104307175,0.0438070222735405,0.0590999312698841,0.0365657322108746,0.0658595114946365,0.0169976260513067,0.0576057136058807,0.0293896235525608,0.0694613680243492,0.0192689374089241,0.0489337965846062,0.0329749025404453,0.0683872476220131,0.0817230120301247,0.112316876649857,0.0518601350486279,0.0270940735936165,0.0917204171419144,0.0445766225457191,0.0934820845723152,0.0257711801677942,0.0254523959010839,0.025024751201272,9.28184017539024e-05,0.0430771559476852,0.126194000244141,0.0550372898578644,0.107094071805477,0.0338462963700294,0.0071969642303884,0.0422937013208866,0.0295275673270226,0.0665315240621567,0.0626951977610588,0.0610585808753967,0.0107538495212793,0.0465010516345501,0.0165921300649643,0.0328868664801121,0.000683374586515129,0.0435332022607327,0.0201209485530853,0.0590583980083466,0.0377540551126003,0.0206746309995651,-0.00518103083595634,0.0435033179819584,0.0669463202357292,0.0761371031403542,0.0292341932654381,0.0161113832145929,0.0466621927917004,0.0195386465638876,0.0757467597723007
-0.099818080663681,-0.0797828584909439,-0.0564761199057102,-0.0284521766006947,-0.000241079367697239,0.226685434579849,0.194073215126991,-0.0127837173640728,-0.00109146488830447,-0.135667577385902,-0.0966934040188789,-0.0743131935596466,-0.0406711399555206,-0.0218293070793152,0.219816252589226,0.194106072187424,0.000747669371776283,0.00936403311789036,0.293147891759872,0.0271229632198811,0.201956689357758,0.293778330087662,0.147849828004837,0,0.303898751735687,0.351552754640579,0.0878425240516663,0.488487869501114,0.0913110971450806,0.490168809890747,0.187335923314095,0.195354402065277,0.321420341730118,0.109314531087875,0.122100502252579,0.033849760890007,0.109972961246967,0.240999609231949,0.153997480869293,-0.0751376897096634,0.170465156435966,0.0792548060417175,0.049273855984211,-0.0359979905188084,0.0848242118954659,0.4427110850811,0.376659452915192,-0.00959070026874542,0.0593094043433666,0.153076469898224,0.11558210849762,0.147417962551117,0.317678183317184,0.0280450470745564,0.0440177917480469,0.267405301332474,0.11687857657671,0.800686538219452,0.150645688176155,0.35395535826683,0.0812873244285583,0.462613940238953,0.0697646513581276,0.491560816764832,0.159287646412849,0.180800914764404,0.334665775299072,0.111275389790535,0.0700002387166023,-0.0327891185879707,0.133602395653725,0.159900143742561,0.196059137582779,-0.0693461820483208,0.190276071429253,0.138858705759048,0.0473517440259457,-0.0844100639224052,0.0438809022307396,0.414412319660187,0.32068344950676,-0.0478671193122864,0.0393663868308067,0.140053078532219,0.0949730426073074,0.102801322937012
