0 0.33048 0.2685 0.27736 0.084255 -0.0032723 -0.087334 0.061158 0.20659 0.72428 0.40738 0.35496 0.29383 0.11067 0.0058048 -0.092591 0.043156 0.2609 -0.13692 0.22723 0.068307 -0.029535 0.025542 -0.046711 0.077916 0.14305 0.11038 0.036638 0.19484 -0.0010394 -0.14002 -0.082269 0.016865 0.12271 0.086269 -0.04802 0.016234 0.10921 0.069216 0.35906 0.077395 0.19549 0.099597 0.35213 0.05101 0.17524 -0.15282 0.34481 -0.089967 -0.059541 0.038833 0.22785 -0.0098481 0.27265 0.41135 -0.023853 0.034622 -0.068973 0.36916 0.24125 0.20012 0.021387 0.32034 -0.032529 -0.020581 0.14444 0.024052 0.13697 0.37857 0.19641 0.29271 0.12328 0.071876 0.44385 0.17615 0.31529 0.1779 0.5807 0.39855 0.19163 -0.11155 0.52413 0.007473 -0.072515 0.054915 0.27663
0.33048 0 0.25249 0.27484 0.11149 0.016559 -0.076656 0.071604 0.21764 0.34745 0.4896 0.2678 0.2591 0.10055 -0.0019336 -0.090379 0.057945 0.20806 -0.095069 0.26151 0.048679 0.084835 0.021885 -0.041697 0.064188 0.051529 0.14234 0.085213 0.15051 0.12609 -0.029234 -0.096398 0.016413 0.17363 0.11593 -0.063932 0.010746 0.22446 0.13831 0.33225 0.12472 0.1923 0.16126 0.21613 0.17303 0.13302 -0.094765 0.23729 -0.044461 -0.053192 0.17351 0.29247 -0.10733 0.25818 0.061358 0.083117 0.015909 -0.065307 0.066388 0.0017172 0.12755 0.08299 0.13382 0.085345 -0.013837 -0.084872 -0.011912 0.10471 0.16043 -0.035919 0.076978 0.25491 0.083315 0.31304 0.098255 0.18102 0.1514 0.18345 0.16272 0.069896 -0.10753 0.2258 -0.047542 -0.06947 0.15835 0.26717
0.2685 0.25249 0 0.39226 0.10168 0.029463 -0.022182 0.14736 0.14066 0.28684 0.2722 0.58041 0.38177 0.069423 0.024166 -0.032996 0.11953 0.15602 -0.019335 0.20313 0.1175 0.0039015 0.011157 -0.03255 0.032558 0.052376 0.078313 0.0081287 0.19565 0.027565 -0.008196 -0.06081 -0.02308 0.051084 0.23058 -0.0077569 0.13705 0.089808 0.0066927 0.20154 0.076321 0.089371 0.17304 0.25189 0.205 0.062708 -0.062046 0.18837 -0.052117 -0.050629 0.076019 0.18809 -0.0183 0.17916 0.10867 -0.012391 0.03445 -0.056846 0.03057 0.025187 0.061036 0.018661 0.16226 -0.00014157 -0.0022695 -0.07102 -0.015055 0.024933 0.19997 -0.023571 0.13956 0.10026 -0.017726 0.20043 0.08369 0.074915 0.12323 0.17224 0.15734 0.01744 -0.064134 0.17997 -0.060842 -0.051275 0.085136 0.17786
0.27736 0.27484 0.39226 0 0.19632 0.0085598 -0.011426 0.10772 0.13846 0.25652 0.27903 0.37318 0.64572 0.12586 0.0023572 -0.018598 0.094691 0.14663 -0.044163 0.29634 -0.028987 0.030163 0.012503 -0.012811 -0.086209 0.02419 0.0051024 0.031161 0.14872 0.048966 -0.032539 -0.1477 -0.022135 0.18957 0.17468 -0.089386 0.061283 0.12148 0.18825 0.21383 0.28161 0.036882 0.12616 0.16139 0.1717 0.12365 -0.011171 0.25671 -0.067026 -0.023136 0.13591 0.35303 -0.010865 0.28621 0.014973 0.031923 0.012512 -0.033451 -0.044533 -0.01135 0.015899 0.038439 0.15233 0.030632 -0.029962 -0.12771 0.0041208 0.15101 0.25785 -0.059649 0.15116 0.13857 0.11868 0.2487 0.26308 0.072154 0.1305 0.17822 0.18262 0.098601 -0.028983 0.30858 -0.063887 -0.054419 0.12985 0.34926
0.084255 0.11149 0.10168 0.19632 0 -0.0028982 -0.018934 0.020264 0.053736 0.094778 0.10077 0.11054 0.16637 0.045294 -0.0042036 -0.026256 0.019218 0.058978 -0.013851 0.10167 0.00082649 0.0007253 0.011825 -0.0080172 -0.019446 0.0052263 -0.0080625 -0.0093485 0.069828 0.004839 -0.028783 -0.032347 -0.011755 0.022698 0.068644 0.0039865 0.052244 0.046682 0.073876 0.093568 0.09264 0.0082754 0.052221 0.071712 0.067491 0.016436 0.0094076 0.10992 -0.028494 -0.021148 0.061939 0.14261 -0.0060529 0.11109 -0.017468 -0.0070949 -0.012569 -0.030103 -0.035763 -0.010379 -0.0095952 -0.00013996 0.061873 -0.0070433 -0.024104 -0.044662 -0.018134 0.026858 0.085298 -0.0095737 0.063822 0.047101 0.054742 0.077537 0.079936 -0.0035791 0.025176 0.043557 0.048917 -0.0053091 -0.0083421 0.10586 -0.038837 -0.02045 0.044646 0.12803
-0.0032723 0.016559 0.029463 0.0085598 -0.0028982 0 0.16666 0.021471 0.085862 0.055043 0.0027908 0.022694 0.00013717 -0.017139 0.43307 0.16815 0.041448 0.070795 0.052298 0.038574 0.13474 0.099198 0.13461 0.21901 0.23672 0.11983 0.33719 0.13123 0.077228 0.12512 0.30313 0.20153 0.27599 0.06989 -0.037906 0.01678 -0.027121 0.087127 0.085131 0.097246 0.045747 0.26086 0.23114 -0.0083797 0.16293 0.076713 0.20339 -0.080592 0.051459 0.1475 0.10948 0.074842 0.015639 0.028535 0.0075085 0.078791 0.088593 0.21126 0.13186 0.089038 0.28689 0.13216 0.017169 0.11199 0.28331 0.13235 0.23351 0.063174 -0.1131 -0.047082 -0.086451 0.066342 0.092113 0.042279 0.043806 0.22068 0.1606 -0.081699 0.075053 0.047802 0.17406 -0.10992 0.055405 0.11947 0.095585 0.049798
-0.087334 -0.076656 -0.022182 -0.011426 -0.018934 0.16666 0 -0.009185 -0.0059122 -0.041926 -0.10023 -0.047244 -0.030725 -0.027214 0.1705 0.25101 -0.0076925 -0.028157 0.14273 -0.038365 0.048134 0.029543 0.074246 0.17561 0.062335 0.13014 -0.0043185 0.072047 0.011462 0.044483 0.16201 0.16398 0.069722 0.015138 0.019787 0.074413 0.072137 -0.0067713 0.051677 -0.12062 0.06213 -0.039983 -0.0015557 -0.12787 0.049665 0.028067 0.22444 -0.06667 0.040396 0.13133 0.012965 0.028338 0.081415 -0.049477 -0.062449 0.022195 0.030515 0.15524 -0.036407 0.078034 -0.028108 0.060993 -0.024256 0.039114 0.090875 0.085554 0.055567 0.019568 -0.055965 -0.015841 -0.02372 -0.023577 0.058404 -0.1381 0.06582 -0.059019 -0.021069 -0.18303 -0.024039 0.037348 0.18089 -0.12404 0.02804 0.10811 0.00076687 -0.0059957
0.061158 0.071604 0.14736 0.10772 0.020264 0.021471 -0.009185 0 0.051239 0.040863 0.078211 0.12969 0.10532 0.016127 0.034189 0.0008995 0.10965 0.06336 -0.034553 0.08872 -0.059977 0.025921 0.0013885 -0.0073597 -0.041958 -0.019371 0.057628 0.019374 0.024003 0.015065 0.067015 -0.055324 0.023842 0.048865 -0.025452 -0.079908 -0.073762 0.050504 0.025024 0.071505 0.01612 0.048764 0.12098 -0.0012369 0.01376 0.011025 0.0070699 0.00092511 -0.0043263 0.0001848 0.04624 0.086647 -0.020576 0.077381 -0.040476 0.028055 -0.0043381 -0.0002885 -0.017615 0.0039333 0.06954 0.034434 0.031838 0.0080447 0.065349 -0.038082 0.0098324 0.046621 0.00044323 -0.082954 -0.013026 0.056569 0.014474 0.081451 0.033297 0.061216 0.10356 0.019732 0.036268 0.010195 0.013328 0.054566 -0.013953 -3.6471e-05 0.057712 0.08838
0.20659 0.21764 0.14066 0.13846 0.053736 0.085862 -0.0059122 0.051239 0 0.21822 0.2249 0.1309 0.13433 0.048651 0.07149 -0.020286 0.046815 0.19427 -0.040161 0.16041 0.010276 0.062794 0.021275 0.010906 0.032512 0.010043 0.12756 0.026581 0.079474 0.091976 0.021184 -0.046084 0.065756 0.11328 0.038627 -0.05819 -0.011772 0.16335 0.093606 0.18758 0.069461 0.14753 0.13815 0.10055 0.081201 0.055232 0.0060864 0.11296 -0.031038 -0.022308 0.12201 0.18419 -0.027112 0.16997 0.045688 0.057007 0.029098 -0.0063741 0.06167 0.017372 0.1411 0.021141 0.092936 0.081833 0.057201 -0.0068724 0.036446 0.069732 0.087261 -0.031396 0.042714 0.16964 0.07217 0.18262 0.064254 0.16845 0.13833 0.10743 0.12378 0.0256 0.0041805 0.14686 -0.034479 -0.002261 0.12427 0.17411
0.72428 0.34745 0.28684 0.25652 0.094778 0.055043 -0.041926 0.040863 0.21822 0 0.3166 0.28001 0.21665 0.098443 0.046257 -0.054761 0.034465 0.22681 -0.043973 0.22481 0.26226 -0.0036224 0.047586 -0.074761 0.21728 0.23216 0.1497 -0.055039 0.20787 0.0059482 -0.013748 0.074688 0.041549 0.19428 0.23115 0.10134 0.19119 0.11616 0.26439 0.30385 0.27411 0.23321 0.085021 0.45152 0.28832 0.24608 -0.11277 0.39203 -0.015337 -0.0028987 0.03673 0.2213 -0.12785 0.1657 0.12223 -0.012715 0.025828 -0.086473 0.11605 0.12406 0.096516 -0.01681 0.09692 -0.0014447 -0.021547 0.019387 0.0254 0.12911 0.1383 0.030935 0.051885 0.13138 0.14672 0.25512 0.16011 0.14211 0.053512 0.22235 0.091016 0.093246 -0.1033 0.32478 -0.035703 -0.0485 0.052056 0.18578
0.40738 0.4896 0.2722 0.27903 0.10077 0.0027908 -0.10023 0.078211 0.2249 0.3166 0 0.324 0.30704 0.11301 -0.004605 -0.10606 0.093203 0.24941 -0.17928 0.2881 -0.01332 0.069425 0.017345 -0.057305 0.019215 -0.010767 0.14923 0.069157 0.13106 0.11027 -0.054673 -0.17565 0.020891 0.12541 0.030313 -0.14081 -0.063028 0.22998 0.064602 0.34387 0.074261 0.20072 0.18868 0.1935 0.087152 0.099486 -0.14762 0.22231 -0.082202 -0.075148 0.17118 0.28576 -0.12491 0.30325 0.14726 0.079784 0.0089386 -0.085499 0.15194 -0.00083763 0.1939 0.051388 0.18873 0.072749 -0.0025997 -0.057416 0.011669 0.13711 0.23638 -0.0081996 0.14979 0.26522 0.04506 0.39677 0.11162 0.26417 0.20506 0.30077 0.26218 0.078063 -0.12579 0.31263 -0.035689 -0.098604 0.17457 0.30609
0.35496 0.2678 0.58041 0.37318 0.11054 0.022694 -0.047244 0.12969 0.1309 0.28001 0.324 0 0.40125 0.08607 0.024629 -0.033736 0.14736 0.15279 -0.06379 0.20589 0.066306 -0.025255 -0.0054267 -0.050006 0.0038238 0.032987 0.085394 0.019029 0.19134 0.0063555 -0.045412 -0.1214 -0.024833 0.035395 0.19129 -0.045816 0.10936 0.088462 0.0022616 0.22489 0.057374 0.074518 0.17655 0.22736 0.1277 0.073427 -0.088942 0.18435 -0.081833 -0.067756 0.071375 0.19342 -0.015237 0.24037 0.18599 -0.047946 0.023689 -0.070785 0.091201 0.055765 0.087519 0.0044727 0.23559 -0.020805 0.0021944 -0.038734 0.00643 0.039489 0.27924 0.050481 0.22607 0.097717 -0.049719 0.2691 0.072123 0.12228 0.18724 0.28139 0.23285 0.033749 -0.08373 0.24026 -0.053233 -0.052591 0.063574 0.21679
0.29383 0.2591 0.38177 0.64572 0.16637 0.00013717 -0.030725 0.10532 0.13433 0.21665 0.30704 0.40125 0 0.14796 0.0059607 -0.0082931 0.11579 0.15594 -0.049786 0.27144 -0.03465 0.028462 0.01816 -0.018197 -0.089482 0.0092844 -0.0064238 0.053476 0.14031 0.045348 -0.069401 -0.15683 -0.02094 0.1643 0.14896 -0.10424 0.051758 0.12416 0.11811 0.22043 0.2228 0.021257 0.11294 0.13999 0.13199 0.10728 -0.03326 0.23813 -0.08197 -0.050431 0.13192 0.32599 0.014696 0.29382 0.029635 0.021821 0.016181 -0.018256 -0.034067 0.031014 0.0045742 0.051575 0.18767 0.027457 -0.041104 -0.11407 -0.0059787 0.15729 0.28985 -0.041723 0.19023 0.14102 0.11801 0.25178 0.28964 0.071761 0.12917 0.19942 0.19524 0.10174 -7.0363e-05 0.32677 -0.084432 -0.047742 0.13122 0.38107
0.11067 0.10055 0.069423 0.12586 0.045294 -0.017139 -0.027214 0.016127 0.048651 0.098443 0.11301 0.08607 0.14796 0 -0.0077709 -0.027851 0.0082055 0.093116 -0.022547 0.13116 -0.041354 0.015766 0.010596 -0.018172 -0.027504 -0.017363 0.015319 -0.0096592 0.035082 0.018117 -0.029808 -0.053537 -0.00092882 0.059149 0.02646 -0.042358 -0.0068262 0.059913 0.065046 0.088582 0.069257 0.039934 0.055772 0.043583 0.052127 0.019817 -0.012196 0.08579 -0.039231 -0.0099661 0.077139 0.12326 -0.013181 0.10532 0.0011967 0.015074 0.0058729 -0.020787 -0.006507 -0.010248 0.02631 -0.0085694 0.032279 0.020381 -0.012352 -0.030054 -0.0081973 0.068251 0.078434 -0.033203 0.057074 0.073175 0.069092 0.090764 0.08699 0.047685 0.069862 0.064516 0.092126 0.0063388 -0.010969 0.12039 -0.025545 -0.023589 0.066121 0.13677
0.0058048 -0.0019336 0.024166 0.0023572 -0.0042036 0.43307 0.1705 0.034189 0.07149 0.046257 -0.004605 0.024629 0.0059607 -0.0077709 0 0.21418 0.039544 0.068105 0.036827 0.035921 0.12072 0.086591 0.10941 0.22717 0.21592 0.12002 0.31853 0.12632 0.076918 0.10648 0.30757 0.1654 0.2736 0.070748 -0.0428 -0.018462 -0.051882 0.071591 0.07353 0.078821 0.049592 0.24517 0.23966 -0.031024 0.14769 0.074407 0.20101 -0.092653 0.038682 0.13027 0.089577 0.076615 0.024505 0.046015 0.055484 0.075246 0.104 0.22441 0.15965 0.12997 0.30271 0.11088 0.053552 0.099727 0.27386 0.14968 0.27915 0.061842 -0.08207 -0.046497 -0.066465 0.062087 0.10139 0.066844 0.044608 0.24 0.18018 -0.056671 0.098812 0.070877 0.19458 -0.085614 0.035712 0.13791 0.09595 0.07432
-0.092591 -0.090379 -0.032996 -0.018598 -0.026256 0.16815 0.25101 0.0008995 -0.020286 -0.054761 -0.10606 -0.033736 -0.0082931 -0.027851 0.21418 0 0.014942 -0.0062469 0.10717 -0.035318 0.044563 0.026971 0.076737 0.16741 0.043192 0.12037 -0.012001 0.028321 0.011999 0.035197 0.13534 0.12217 0.093934 0.018698 0.0069647 0.040958 0.047555 -0.047418 0.037434 -0.10899 0.064014 -0.035942 0.0049013 -0.10941 0.03367 0.030341 0.19172 -0.068853 0.038771 0.1068 0.0077649 0.024771 0.090863 -0.036166 -0.021091 0.018551 0.045418 0.17777 -0.008617 0.12349 -0.025333 0.022907 -0.00227 0.029177 0.10391 0.089079 0.099521 0.022859 -0.019391 -0.0034676 0.015172 -0.055527 0.058777 -0.12408 0.073449 -0.049837 -0.026008 -0.13779 -0.01096 0.041873 0.19913 -0.085907 0.025964 0.13005 0.00052288 0.020354
0.043156 0.057945 0.11953 0.094691 0.019218 0.041448 -0.0076925 0.10965 0.046815 0.034465 0.093203 0.14736 0.11579 0.0082055 0.039544 0.014942 0 0.066572 -0.024859 0.085714 -0.047102 0.032078 0.017251 -0.0014771 -0.014754 -0.031855 0.079793 0.036908 0.018178 0.035014 0.057189 -0.065121 0.0098288 0.027945 -0.022966 -0.079236 -0.060237 0.049838 0.0076032 0.065913 -0.0034917 0.07479 0.12403 -0.013022 0.020886 0.0084217 0.011851 -0.028458 -0.012994 -0.014755 0.042383 0.062033 -0.014715 0.077422 -0.036444 0.031315 0.0070723 0.018795 -0.016649 -0.013292 0.06992 0.031502 0.023841 0.026832 0.049422 -0.035789 0.023631 0.034592 -0.012414 -0.10121 -0.02778 0.051323 -0.0032254 0.069484 0.0014718 0.072704 0.11723 0.017899 0.01713 0.008183 0.019255 0.016298 -0.017814 -0.0019689 0.045886 0.068556
0.2609 0.20806 0.15602 0.14663 0.058978 0.070795 -0.028157 0.06336 0.19427 0.22681 0.24941 0.15279 0.15594 0.093116 0.068105 -0.0062469 0.066572 0 -0.056581 0.16258 0.036108 0.05099 0.043278 0.014403 0.05895 0.033625 0.12112 0.026317 0.093796 0.088961 0.016998 -0.022165 0.070949 0.090759 0.02874 -0.049343 -0.0064844 0.15944 0.080384 0.1854 0.063771 0.15692 0.13502 0.11346 0.084458 0.063469 0.018978 0.13504 -0.035952 0.025359 0.16723 0.19378 -0.0006703 0.18009 0.098393 0.061834 0.02576 0.014445 0.10838 0.040045 0.14596 0.031287 0.11511 0.079704 0.064684 0.023424 0.056394 0.10727 0.11919 0.013099 0.087511 0.17543 0.075756 0.20215 0.08529 0.18888 0.14088 0.15108 0.16104 0.05835 0.026397 0.17324 0.0026688 0.0027683 0.1354 0.2148
-0.13692 -0.095069 -0.019335 -0.044163 -0.013851 0.052298 0.14273 -0.034553 -0.040161 -0.043973 -0.17928 -0.06379 -0.049786 -0.022547 0.036827 0.10717 -0.024859 -0.056581 0 -0.025537 0.24495 0.03919 0.041581 0.23629 0.18891 0.26488 -0.17785 0.075206 0.092645 0.070137 -0.0023915 0.55493 -0.014817 -0.010586 0.52812 0.23975 0.58157 -0.028007 0.059713 -0.086453 0.17134 -0.081687 -0.1414 0.03967 0.20213 0.073374 0.7144 0.24475 0.10382 0.15915 0.16073 0.13178 0.6485 -0.043007 0.037551 0.019247 0.018765 0.19488 0.0054062 0.18038 -0.21195 0.080267 0.019427 0.059924 -0.072711 0.30616 0.012581 0.0075975 0.23909 0.17215 0.27423 -0.058378 0.10753 -0.16179 0.12692 -0.14944 -0.12485 -0.080831 0.026812 0.052715 0.59853 0.05058 0.042145 0.15541 0.1681 0.097369
0.22723 0.26151 0.20313 0.29634 0.10167 0.038574 -0.038365 0.08872 0.16041 0.22481 0.2881 0.20589 0.27144 0.13116 0.035921 -0.035318 0.085714 0.16258 -0.025537 0 -0.11149 0.17156 0.05226 0.03643 -0.11592 -0.003268 0.00087997 0.043872 0.21329 0.19156 -0.1031 -0.26289 0.0083396 0.38507 0.20185 -0.21683 0.019625 0.28052 0.32079 0.41736 0.40139 0.092434 0.26673 0.25584 0.33466 0.27929 0.066637 0.38899 -0.12823 -0.046389 0.2896 0.57139 0.029758 0.58929 -0.10599 0.17883 0.010034 0.018734 -0.1132 0.014134 0.044471 0.053791 0.18161 0.16439 -0.058737 -0.23707 0.024875 0.36299 0.29975 -0.23526 0.1212 0.27841 0.27127 0.43781 0.39503 0.15395 0.26594 0.23589 0.29027 0.22594 0.061336 0.46857 -0.15765 -0.079857 0.24155 0.55633
0.068307 0.048679 0.1175 -0.028987 0.00082649 0.13474 0.048134 -0.059977 0.010276 0.26226 -0.01332 0.066306 -0.03465 -0.041354 0.12072 0.044563 -0.047102 0.036108 0.24495 -0.11149 0 -0.13789 0.071291 0.18432 0.73087 0.56014 0.19149 -0.064831 0.28676 -0.082532 0.10381 0.49614 0.15975 -0.075958 0.57268 0.46871 0.55073 -0.11958 -0.015438 0.10521 0.11513 0.31153 -0.050316 0.71307 0.41873 0.37859 0.064966 0.46457 0.02909 0.0051875 -0.006699 -0.04118 0.057026 -0.11267 0.66133 -0.18613 0.064124 0.11067 0.53142 0.30158 0.056539 -0.025732 0.10504 -0.077417 0.048112 0.32084 0.1221 -0.069994 0.2862 0.3637 0.22998 -0.12179 8.684e-05 -0.011955 0.044345 0.15418 -0.12522 0.29436 0.10141 0.17469 0.049669 0.10443 0.079231 0.020273 0.00038828 -0.089657
-0.029535 0.084835 0.0039015 0.030163 0.0007253 0.099198 0.029543 0.025921 0.062794 -0.0036224 0.069425 -0.025255 0.028462 0.015766 0.086591 0.026971 0.032078 0.05099 0.03919 0.17156 -0.13789 0 0.015976 0.35735 0.06963 -0.13015 0.13527 0.26076 0.034552 0.92235 0.013836 -0.14812 0.1602 0.34833 -0.08149 -0.1911 -0.14394 0.88118 0.29764 0.089285 0.28392 0.29133 0.07482 -0.026574 0.081861 0.65729 0.1824 0.010268 -0.028877 0.016761 0.19443 0.23069 0.067105 0.16082 -0.23517 0.97391 0.0063406 0.39637 -0.041885 -0.065365 0.17411 0.3221 -0.011781 0.91244 -0.0076006 -0.17948 0.17088 0.32582 -0.10381 -0.25679 -0.15523 0.8427 0.34275 0.085709 0.3019 0.3307 0.087508 -0.079173 0.003121 0.60166 0.16478 0.050671 -0.069164 0.017667 0.16156 0.20781
0.025542 0.021885 0.011157 0.012503 0.011825 0.13461 0.074246 0.0013885 0.021275 0.047586 0.017345 -0.0054267 0.01816 0.010596 0.10941 0.076737 0.017251 0.043278 0.041581 0.05226 0.071291 0.015976 0 0.16446 0.11 0.14496 0.059653 0.037437 0.098901 0.040587 0.092471 0.10805 0.099888 0.029694 0.070298 0.042758 0.074131 0.023608 0.044224 0.046913 0.055932 0.044455 0.060977 0.04442 0.069701 0.08797 0.10868 0.064516 0.030278 0.1051 0.05078 0.10334 0.018487 0.028018 0.039574 0.0057159 0.058658 0.13455 0.07646 0.11889 0.059774 0.029004 0.06098 0.038884 0.085075 0.075165 0.086802 0.0049922 0.060028 0.016941 0.053564 0.017073 0.03507 0.03761 0.047577 0.058902 0.033229 -0.0024004 0.047984 0.074113 0.080649 0.042409 0.019402 0.051389 0.03305 0.093167
-0.046711 -0.041697 -0.03255 -0.012811 -0.0080172 0.21901 0.17561 -0.0073597 0.010906 -0.074761 -0.057305 -0.050006 -0.018197 -0.018172 0.22717 0.16741 -0.0014771 0.014403 0.23629 0.03643 0.18432 0.35735 0.16446 0 0.31885 0.33728 0.079433 0.53963 0.0983 0.53467 0.17012 0.19455 0.32919 0.10418 0.12034 0.033556 0.094646 0.3147 0.097413 -0.0389 0.14406 0.11671 0.04888 -0.012616 0.095564 0.51098 0.33145 0.0027996 0.064427 0.14906 0.12226 0.14167 0.22814 0.055655 0.054265 0.32562 0.10948 0.80989 0.19735 0.35315 0.092692 0.49509 0.078909 0.53097 0.14107 0.182 0.3486 0.11509 0.11179 -0.022827 0.13635 0.24655 0.14865 -0.026145 0.1816 0.16923 0.04771 -0.05423 0.069911 0.51468 0.26725 0.00027358 0.045847 0.13216 0.096655 0.10713
0.077916 0.064188 0.032558 -0.086209 -0.019446 0.23672 0.062335 -0.041958 0.032512 0.21728 0.019215 0.0038238 -0.089482 -0.027504 0.21592 0.043192 -0.014754 0.05895 0.18891 -0.11592 0.73087 0.06963 0.11 0.31885 0 0.5004 0.55281 0.068425 0.17054 0.11564 0.31579 0.63513 0.40991 -0.033449 0.24177 0.36099 0.23116 0.029179 -0.070467 0.21899 -0.12163 0.71818 0.12626 0.52328 0.36881 0.36895 0.075446 0.2254 0.16069 0.10278 0.00608 -0.09199 0.056838 -0.12193 0.50997 -0.0051308 0.070035 0.23281 0.76294 0.30117 0.43489 0.073155 0.049439 0.10417 0.27285 0.52648 0.33204 -0.036603 0.059093 0.23514 0.079054 0.0132 -0.065405 0.085596 -0.13257 0.5427 0.049403 0.18268 0.17765 0.17778 0.050088 -0.0073003 0.22362 0.13259 0.019714 -0.12844
0.14305 0.051529 0.052376 0.02419 0.0052263 0.11983 0.13014 -0.019371 0.010043 0.23216 -0.010767 0.032987 0.0092844 -0.017363 0.12002 0.12037 -0.031855 0.033625 0.26488 -0.003268 0.56014 -0.13015 0.14496 0.33728 0.5004 0 -0.01723 0.087775 0.2577 -0.076049 0.068962 0.46021 0.10345 -0.025281 0.44435 0.39537 0.48213 -0.11894 0.017897 0.038018 0.13971 -0.029234 -0.077853 0.40015 0.22336 0.3681 0.1696 0.43879 0.023989 0.11802 0.0029467 0.10046 0.12942 -0.0067695 0.32227 -0.15956 0.093568 0.25108 0.30682 0.5608 -0.10967 0.055877 0.14492 -0.072558 -0.0069161 0.30227 0.046284 -0.041348 0.27622 0.25661 0.3292 -0.13205 0.0022921 -0.0029491 0.073744 -0.064843 -0.10789 0.13028 0.029722 0.25773 0.12246 0.21936 0.039664 0.083264 0.0074803 0.050937
0.11038 0.14234 0.078313 0.0051024 -0.0080625 0.33719 -0.0043185 0.057628 0.12756 0.1497 0.14923 0.085394 -0.0064238 0.015319 0.31853 -0.012001 0.079793 0.12112 -0.17785 0.00087997 0.19149 0.13527 0.059653 0.079433 0.55281 -0.01723 0 0.028666 0.030388 0.12894 0.50986 0.22413 0.39431 0.071308 -0.23473 -0.053528 -0.26212 0.1586 0.027471 0.41721 -0.15778 0.82554 0.47275 0.088715 0.25032 -0.00028098 -0.0167 -0.17035 0.13144 0.047904 0.11456 -0.040978 -0.15209 0.010626 0.090105 0.093122 0.0578 0.065678 0.37757 -0.045841 0.77771 0.055661 -0.027541 0.11488 0.47665 0.22835 0.31452 0.050764 -0.30821 -0.11734 -0.26501 0.17852 0.038743 0.29559 -0.1433 0.72378 0.35016 -0.026511 0.19014 -0.090418 0.0014725 -0.2042 0.12765 0.064725 0.096417 -0.059625
0.036638 0.085213 0.0081287 0.031161 -0.0093485 0.13123 0.072047 0.019374 0.026581 -0.055039 0.069157 0.019029 0.053476 -0.0096592 0.12632 0.028321 0.036908 0.026317 0.075206 0.043872 -0.064831 0.26076 0.037437 0.53963 0.068425 0.087775 0.028666 0 0.051629 0.42348 0.10189 0.018029 0.05318 0.053547 -0.0034545 -0.018547 0.0090197 0.35462 0.022475 0.039581 0.073336 -0.013138 0.08327 -0.09244 -0.019924 0.3097 0.17689 -0.10935 0.018474 0.049757 0.1279 0.12367 0.14452 0.083833 -0.054859 0.27033 0.033614 0.55602 0.029034 0.17711 0.0369 0.95364 0.094565 0.3531 0.073803 0.055207 0.086139 0.057646 0.09645 -0.017965 0.10043 0.34413 0.10122 0.050728 0.14623 0.033867 0.084179 -0.045596 0.02496 0.3802 0.14193 0.019775 0.031208 0.044327 0.10253 0.13238
0.19484 0.15051 0.19565 0.14872 0.069828 0.077228 0.011462 0.024003 0.079474 0.20787 0.13106 0.19134 0.14031 0.035082 0.076918 0.011999 0.018178 0.093796 0.092645 0.21329 0.28676 0.034552 0.098901 0.0983 0.17054 0.2577 0.030388 0.051629 0 0.048698 0.036656 0.10073 0.047263 0.057838 0.44124 0.29773 0.47728 0.093676 0.019301 0.26488 0.11188 0.082987 0.18965 0.45568 0.29339 0.18535 0.081992 0.40434 -0.037751 0.049146 0.142 0.33173 0.096491 0.20814 0.2256 0.016038 0.058547 0.067061 0.146 0.16597 -0.017467 0.049493 0.4007 0.036712 0.028607 0.07259 0.0095779 0.032187 0.3818 0.23492 0.43948 0.087267 0.018796 0.20392 0.093472 0.060181 0.15098 0.27884 0.21369 0.085636 0.070324 0.28641 0.0031771 -0.0028309 0.12672 0.31593
-0.0010394 0.12609 0.027565 0.048966 0.004839 0.12512 0.044483 0.015065 0.091976 0.0059482 0.11027 0.0063555 0.045348 0.018117 0.10648 0.035197 0.035014 0.088961 0.070137 0.19156 -0.082532 0.92235 0.040587 0.53467 0.11564 -0.076049 0.12894 0.42348 0.048698 0 0.035643 -0.12506 0.21923 0.35568 -0.045487 -0.17426 -0.090383 0.91711 0.32177 0.10752 0.28017 0.2575 0.088701 -0.017371 0.077431 0.66795 0.21341 0.042269 -0.013535 0.013674 0.26473 0.26756 0.075676 0.17215 -0.16334 0.91132 0.016379 0.54003 0.01961 0.011897 0.17065 0.46311 0.029427 0.9311 0.011605 -0.12938 0.23365 0.32504 -0.017522 -0.21336 -0.071183 0.87855 0.36208 0.11526 0.30825 0.31968 0.094418 -0.051991 0.032725 0.63416 0.18344 0.12141 -0.04538 0.0033425 0.22472 0.24444
-0.14002 -0.029234 -0.008196 -0.032539 -0.028783 0.30313 0.16201 0.067015 0.021184 -0.013748 -0.054673 -0.045412 -0.069401 -0.029808 0.30757 0.13534 0.057189 0.016998 -0.0023915 -0.1031 0.10381 0.013836 0.092471 0.17012 0.31579 0.068962 0.50986 0.10189 0.036656 0.035643 0 0.37093 0.2754 -0.010002 -0.17196 0.075444 -0.10744 0.00065077 0.0096283 -0.022109 -0.08345 0.38999 0.3977 -0.23106 0.25695 -0.092723 0.17831 -0.31673 0.27296 0.1819 0.024035 -0.095835 -0.059043 -0.12346 -0.14245 -0.00044591 0.040606 0.17951 0.077688 0.020573 0.37991 0.12435 -0.09582 0.030754 0.57184 0.23612 0.22514 -0.01909 -0.35392 -0.095309 -0.27539 -0.013385 0.033843 -0.11897 -0.09593 0.21997 0.232 -0.38725 0.031874 -0.11325 0.1406 -0.36664 0.21717 0.16844 0.022316 -0.1287
-0.082269 -0.096398 -0.06081 -0.1477 -0.032347 0.20153 0.16398 -0.055324 -0.046084 0.074688 -0.17565 -0.1214 -0.15683 -0.053537 0.1654 0.12217 -0.065121 -0.022165 0.55493 -0.26289 0.49614 -0.14812 0.10805 0.19455 0.63513 0.46021 0.22413 0.018029 0.10073 -0.12506 0.37093 0 0.14615 -0.19524 0.24038 0.5887 0.37808 -0.19161 -0.12599 -0.066792 -0.14904 0.25422 0.00085205 0.06351 0.36111 -0.10488 0.36118 0.11731 0.29802 0.28229 -0.07324 -0.1879 0.24902 -0.27759 0.21073 -0.19461 0.074964 0.13935 0.33117 0.28732 0.063486 0.023512 -0.041362 -0.11176 0.20691 0.74257 0.08645 -0.18232 -0.08182 0.40269 0.020785 -0.21346 -0.10224 -0.20186 -0.18313 0.0033598 -0.09563 -0.20278 0.067831 -0.13856 0.26304 -0.18638 0.30673 0.26511 -0.047279 -0.20811
0.016865 0.016413 -0.02308 -0.022135 -0.011755 0.27599 0.069722 0.023842 0.065756 0.041549 0.020891 -0.024833 -0.02094 -0.00092882 0.2736 0.093934 0.0098288 0.070949 -0.014817 0.0083396 0.15975 0.1602 0.099888 0.32919 0.40991 0.10345 0.39431 0.05318 0.047263 0.21923 0.2754 0.14615 0 0.097813 -0.058677 -0.034837 -0.085857 0.13895 0.04731 0.069575 -0.040474 0.44574 0.21579 0.056978 0.14056 0.14008 0.13652 -0.075639 0.055083 0.091864 0.087933 0.036083 0.022806 0.0048845 0.11677 0.12261 0.071136 0.28398 0.30552 0.10491 0.3888 0.056989 0.015244 0.21177 0.28404 0.17636 0.44172 0.076748 -0.081495 -0.03152 -0.044455 0.11715 0.033617 0.053998 -0.030914 0.42107 0.16162 -0.00049812 0.13443 0.081855 0.12979 -0.08559 0.084346 0.1044 0.062735 0.0013773
0.12271 0.17363 0.051084 0.18957 0.022698 0.06989 0.015138 0.048865 0.11328 0.19428 0.12541 0.035395 0.1643 0.059149 0.070748 0.018698 0.027945 0.090759 -0.010586 0.38507 -0.075958 0.34833 0.029694 0.10418 -0.033449 -0.025281 0.071308 0.053547 0.057838 0.35568 -0.010002 -0.19524 0.097813 0 0.12417 -0.20982 -0.010008 0.41342 0.52575 0.26897 0.59404 0.20283 0.090368 0.14218 0.32279 0.38111 0.16451 0.33728 -0.06429 -0.011064 0.35266 0.47652 0.018511 0.34023 -0.10268 0.32174 0.0014879 0.09063 -0.069699 -0.031943 0.093576 0.048901 0.035222 0.32468 -0.02659 -0.20602 0.13185 0.77748 0.17004 -0.22472 0.059035 0.39128 0.44878 0.31935 0.53247 0.25381 0.07946 0.12688 0.25316 0.30169 0.16022 0.392 -0.098676 -0.034167 0.30882 0.44409
0.086269 0.11593 0.23058 0.17468 0.068644 -0.037906 0.019787 -0.025452 0.038627 0.23115 0.030313 0.19129 0.14896 0.02646 -0.0428 0.0069647 -0.022966 0.02874 0.52812 0.20185 0.57268 -0.08149 0.070298 0.12034 0.24177 0.44435 -0.23473 -0.0034545 0.44124 -0.045487 -0.17196 0.24038 -0.058677 0.12417 0 0.39854 0.85324 -0.0084587 0.081351 0.096077 0.35843 -0.09914 -0.12055 0.57393 0.51166 0.28079 0.25682 0.66829 -0.045644 0.01434 0.12789 0.37382 0.2798 0.1854 0.33349 -0.10327 0.027148 0.056673 0.10431 0.20588 -0.30045 0.0027241 0.28693 -0.04628 -0.21557 0.056305 -0.056603 0.10238 0.67063 0.26807 0.60354 -0.025615 0.081497 0.021369 0.29405 -0.16497 -0.12907 0.22764 0.23323 0.16942 0.19858 0.4415 -0.044692 -0.025542 0.12878 0.32693
-0.04802 -0.063932 -0.0077569 -0.089386 0.0039865 0.01678 0.074413 -0.079908 -0.05819 0.10134 -0.14081 -0.045816 -0.10424 -0.042358 -0.018462 0.040958 -0.079236 -0.049343 0.23975 -0.21683 0.46871 -0.1911 0.042758 0.033556 0.36099 0.39537 -0.053528 -0.018547 0.29773 -0.17426 0.075444 0.5887 -0.034837 -0.20982 0.39854 0 0.61198 -0.1739 -0.14958 -0.11704 -0.08645 -0.094107 -0.1725 0.2205 0.20757 -0.085665 0.017289 0.20105 0.14845 0.083755 -0.073654 -0.11734 0.0036293 -0.22656 0.20043 -0.20121 0.045557 0.0030205 0.1235 0.18211 -0.20832 -0.017901 0.11986 -0.16834 -0.034103 0.27396 -0.044218 -0.19483 0.10703 0.56248 0.2273 -0.18364 -0.11712 -0.21673 -0.11022 -0.28951 -0.23967 -0.11445 -0.099594 -0.14084 -0.011989 -0.053033 0.11955 0.072547 -0.063706 -0.12424
0.016234 0.010746 0.13705 0.061283 0.052244 -0.027121 0.072137 -0.073762 -0.011772 0.19119 -0.063028 0.10936 0.051758 -0.0068262 -0.051882 0.047555 -0.060237 -0.0064844 0.58157 0.019625 0.55073 -0.14394 0.074131 0.094646 0.23116 0.48213 -0.26212 0.0090197 0.47728 -0.090383 -0.10744 0.37808 -0.085857 -0.010008 0.85324 0.61198 0 -0.086586 -0.035736 -0.039148 0.23453 -0.23542 -0.21645 0.42642 0.34609 0.154 0.24292 0.55157 0.033209 0.038072 0.024789 0.20532 0.30417 -0.025456 0.29068 -0.15545 0.049749 0.031768 0.0011517 0.24322 -0.35519 0.013575 0.27765 -0.099125 -0.18854 0.10279 -0.090146 -0.022014 0.5171 0.46565 0.6052 -0.10142 0.0019802 -0.1327 0.1491 -0.33834 -0.23235 0.07879 -0.0010304 0.058043 0.17116 0.24314 -0.030019 0.0013244 0.042807 0.16846
0.10921 0.22446 0.089808 0.12148 0.046682 0.087127 -0.0067713 0.050504 0.16335 0.11616 0.22998 0.088462 0.12416 0.059913 0.071591 -0.047418 0.049838 0.15944 -0.028007 0.28052 -0.11958 0.88118 0.023608 0.3147 0.029179 -0.11894 0.1586 0.35462 0.093676 0.91711 0.00065077 -0.19161 0.13895 0.41342 -0.0084587 -0.1739 -0.086586 0 0.3989 0.22853 0.35335 0.28991 0.12742 0.022374 0.1111 0.57974 0.11315 0.12253 -0.05246 -0.024086 0.31554 0.3578 -0.010385 0.27323 -0.16033 0.84491 0.0062096 0.32599 -0.018846 -0.049476 0.19927 0.41909 0.080562 0.87678 -0.0011598 -0.18739 0.14822 0.38514 0.030813 -0.19205 -0.043094 0.96575 0.4306 0.24825 0.39073 0.33673 0.14449 0.02836 0.082053 0.54444 0.086993 0.25241 -0.063085 -0.046522 0.28076 0.34964
0.069216 0.13831 0.0066927 0.18825 0.073876 0.085131 0.051677 0.025024 0.093606 0.26439 0.064602 0.0022616 0.11811 0.065046 0.07353 0.037434 0.0076032 0.080384 0.059713 0.32079 -0.015438 0.29764 0.044224 0.097413 -0.070467 0.017897 0.027471 0.022475 0.019301 0.32177 0.0096283 -0.12599 0.04731 0.52575 0.081351 -0.14958 -0.035736 0.3989 0 0.099905 0.89303 0.080875 0.010809 0.057001 0.31306 0.43262 0.29961 0.39898 -0.013142 0.035066 0.47516 0.59728 0.02462 0.27888 -0.15216 0.26594 0.0020368 0.081535 -0.14192 -0.027748 0.0097008 0.015678 -0.022381 0.29185 -0.029082 -0.20074 0.07058 0.47379 0.07508 -0.22232 -0.081763 0.36464 0.8956 0.12929 0.78713 0.089822 -0.0095074 -0.031218 0.15601 0.3328 0.25283 0.37773 -0.092412 -0.016362 0.39342 0.49308
0.35906 0.33225 0.20154 0.21383 0.093568 0.097246 -0.12062 0.071505 0.18758 0.30385 0.34387 0.22489 0.22043 0.088582 0.078821 -0.10899 0.065913 0.1854 -0.086453 0.41736 0.10521 0.089285 0.046913 -0.0389 0.21899 0.038018 0.41721 0.039581 0.26488 0.10752 -0.022109 -0.066792 0.069575 0.26897 0.096077 -0.11704 -0.039148 0.22853 0.099905 0 0.086765 0.54463 0.36017 0.43886 0.29803 0.18234 -0.060277 0.36889 -0.074012 -0.050956 0.2065 0.3593 -0.054893 0.39098 0.15797 0.089129 0.041606 -0.048485 0.26096 0.062819 0.40942 0.048094 0.24022 0.067998 0.076656 0.021884 0.034041 0.22076 0.18575 -0.082902 0.11208 0.24452 0.076741 0.69696 0.10908 0.51373 0.33337 0.43579 0.3367 0.082851 -0.038158 0.38296 -0.078925 -0.080147 0.19626 0.36973
0.077395 0.12472 0.076321 0.28161 0.09264 0.045747 0.06213 0.01612 0.069461 0.27411 0.074261 0.057374 0.2228 0.069257 0.049592 0.064014 -0.0034917 0.063771 0.17134 0.40139 0.11513 0.28392 0.055932 0.14406 -0.12163 0.13971 -0.15778 0.073336 0.11188 0.28017 -0.08345 -0.14904 -0.040474 0.59404 0.35843 -0.08645 0.23453 0.35335 0.89303 0.086765 0 -0.093704 -0.048725 0.14598 0.47453 0.5167 0.31036 0.5477 -0.050004 0.0070854 0.40858 0.63031 0.11048 0.34811 -0.084491 0.24951 0.0031178 0.12525 -0.22313 0.031476 -0.16433 0.078134 0.062568 0.2672 -0.1357 -0.25061 0.022703 0.56049 0.32084 -0.19614 0.11027 0.32723 0.81823 0.11151 0.91345 -0.042406 -0.060537 0.033473 0.26703 0.45079 0.26393 0.49199 -0.12452 -0.034797 0.32856 0.54893
0.19549 0.1923 0.089371 0.036882 0.0082754 0.26086 -0.039983 0.048764 0.14753 0.23321 0.20072 0.074518 0.021257 0.039934 0.24517 -0.035942 0.07479 0.15692 -0.081687 0.092434 0.31153 0.29133 0.044455 0.11671 0.71818 -0.029234 0.82554 -0.013138 0.082987 0.2575 0.38999 0.25422 0.44574 0.20283 -0.09914 -0.094107 -0.23542 0.28991 0.080875 0.54463 -0.093704 0 0.43499 0.31417 0.36442 0.18636 0.021672 0.063478 0.12078 0.048307 0.12452 0.053416 -0.046122 0.089445 0.21489 0.23922 0.052385 0.10066 0.56564 -0.020845 0.78542 0.058591 -0.000218 0.24268 0.39498 0.3138 0.36567 0.15525 -0.18729 -0.12144 -0.2124 0.28955 0.061515 0.43418 -0.083842 0.92728 0.35937 0.17342 0.33334 0.032585 0.042674 -4.3988e-05 0.15625 0.077324 0.12875 0.02816
0.099597 0.16126 0.17304 0.12616 0.052221 0.23114 -0.0015557 0.12098 0.13815 0.085021 0.18868 0.17655 0.11294 0.055772 0.23966 0.0049013 0.12403 0.13502 -0.1414 0.26673 -0.050316 0.07482 0.060977 0.04888 0.12626 -0.077853 0.47275 0.08327 0.18965 0.088701 0.3977 0.00085205 0.21579 0.090368 -0.12055 -0.1725 -0.21645 0.12742 0.010809 0.36017 -0.048725 0.43499 0 0.041361 0.35473 -0.027347 0.039498 -0.07128 0.038793 0.038936 0.1564 0.17589 -0.090362 0.26463 -0.056532 0.063362 0.044775 0.039392 0.074818 -0.046444 0.43508 0.086906 0.1427 0.069308 0.42265 0.075769 0.16277 0.075895 -0.10881 -0.17311 -0.11812 0.12323 0.0025728 0.3156 -0.02785 0.38324 0.58316 0.036545 0.32542 -0.070099 0.064323 -0.024835 0.039637 0.049947 0.13899 0.16756
0.35213 0.21613 0.25189 0.16139 0.071712 -0.0083797 -0.12787 -0.0012369 0.10055 0.45152 0.1935 0.22736 0.13999 0.043583 -0.031024 -0.10941 -0.013022 0.11346 0.03967 0.25584 0.71307 -0.026574 0.04442 -0.012616 0.52328 0.40015 0.088715 -0.09244 0.45568 -0.017371 -0.23106 0.06351 0.056978 0.14218 0.57393 0.2205 0.42642 0.022374 0.057001 0.43886 0.14598 0.31417 0.041361 0 0.47288 0.41458 -0.092935 0.68424 -0.12027 -0.093069 0.093539 0.26489 0.016584 0.22373 0.54594 -0.049266 0.035394 -0.046144 0.44175 0.21531 0.026443 -0.065333 0.28845 -0.032182 -0.16926 0.088174 0.015621 0.11461 0.45194 0.20294 0.31986 0.033441 0.0045799 0.37054 0.10445 0.27598 0.020231 0.70775 0.27211 0.21311 -0.069411 0.45968 -0.086316 -0.1259 0.08395 0.21031
0.05101 0.17303 0.205 0.1717 0.067491 0.16293 0.049665 0.01376 0.081201 0.28832 0.087152 0.1277 0.13199 0.052127 0.14769 0.03367 0.020886 0.084458 0.20213 0.33466 0.41873 0.081861 0.069701 0.095564 0.36881 0.22336 0.25032 -0.019924 0.29339 0.077431 0.25695 0.36111 0.14056 0.32279 0.51166 0.20757 0.34609 0.1111 0.31306 0.29803 0.47453 0.36442 0.35473 0.47288 0 0.29691 0.16785 0.48932 0.099701 0.06115 0.19881 0.3124 0.044858 0.25516 0.11453 0.029044 0.044683 0.061753 0.061219 0.093963 0.10381 0.0072715 0.058934 0.070115 0.12662 0.10357 0.12082 0.311 0.18913 -0.040501 0.057804 0.087331 0.26136 0.16697 0.38984 0.14984 0.18093 0.049464 0.5256 0.16753 0.16155 0.22415 0.079588 0.048139 0.18018 0.25399
0.17524 0.13302 0.062708 0.12365 0.016436 0.076713 0.028067 0.011025 0.055232 0.24608 0.099486 0.073427 0.10728 0.019817 0.074407 0.030341 0.0084217 0.063469 0.073374 0.27929 0.37859 0.65729 0.08797 0.51098 0.36895 0.3681 -0.00028098 0.3097 0.18535 0.66795 -0.092723 -0.10488 0.14008 0.38111 0.28079 -0.085665 0.154 0.57974 0.43262 0.18234 0.5167 0.18636 -0.027347 0.41458 0.29691 0 0.090462 0.51293 -0.054099 -0.011715 0.18214 0.36707 0.050633 0.25871 0.17643 0.61335 0.048867 0.46815 0.19983 0.30803 0.050899 0.27775 0.12533 0.67243 -0.091079 -0.12436 0.15699 0.34684 0.29577 -0.11992 0.16079 0.56858 0.37282 0.19879 0.46749 0.289 -0.011884 0.24623 0.17596 0.93992 0.038249 0.43759 -0.065849 -0.036896 0.16278 0.32175
-0.15282 -0.094765 -0.062046 -0.011171 0.0094076 0.20339 0.22444 0.0070699 0.0060864 -0.11277 -0.14762 -0.088942 -0.03326 -0.012196 0.20101 0.19172 0.011851 0.018978 0.7144 0.066637 0.064966 0.1824 0.10868 0.33145 0.075446 0.1696 -0.0167 0.17689 0.081992 0.21341 0.17831 0.36118 0.13652 0.16451 0.25682 0.017289 0.24292 0.11315 0.29961 -0.060277 0.31036 0.021672 0.039498 -0.092935 0.16785 0.090462 0 0.10854 0.063616 0.21992 0.5693 0.32669 0.56716 0.060631 -0.071595 0.14424 0.073078 0.31606 -0.052833 0.094096 -0.057051 0.15138 0.032032 0.19491 0.10436 0.18597 0.15108 0.19997 0.13187 -0.037108 0.093104 0.051324 0.33803 -0.074929 0.3108 0.0034025 0.042819 -0.15109 0.077178 0.1105 0.8504 0.069152 0.028942 0.19473 0.47583 0.27615
0.34481 0.23729 0.18837 0.25671 0.10992 -0.080592 -0.06667 0.00092511 0.11296 0.39203 0.22231 0.18435 0.23813 0.08579 -0.092653 -0.068853 -0.028458 0.13504 0.24475 0.38899 0.46457 0.010268 0.064516 0.0027996 0.2254 0.43879 -0.17035 -0.10935 0.40434 0.042269 -0.31673 0.11731 -0.075639 0.33728 0.66829 0.20105 0.55157 0.12253 0.39898 0.36889 0.5477 0.063478 -0.07128 0.68424 0.48932 0.51293 0.10854 0 -0.083447 -0.043681 0.2845 0.5816 0.18549 0.36962 0.36538 -0.0056279 0.02027 -0.059402 0.24724 0.27967 -0.1706 -0.075991 0.31385 0.025088 -0.29271 0.10173 -0.068369 0.2806 0.62725 0.20431 0.50325 0.12483 0.2915 0.32951 0.46981 0.10673 -0.044416 0.507 0.39123 0.36037 0.089235 0.83941 -0.074216 -0.084054 0.22482 0.51926
-0.089967 -0.044461 -0.052117 -0.067026 -0.028494 0.051459 0.040396 -0.0043263 -0.031038 -0.015337 -0.082202 -0.081833 -0.08197 -0.039231 0.038682 0.038771 -0.012994 -0.035952 0.10382 -0.12823 0.02909 -0.028877 0.030278 0.064427 0.16069 0.023989 0.13144 0.018474 -0.037751 -0.013535 0.27296 0.29802 0.055083 -0.06429 -0.045644 0.14845 0.033209 -0.05246 -0.013142 -0.074012 -0.050004 0.12078 0.038793 -0.12027 0.099701 -0.054099 0.063616 -0.083447 0 0.087701 -0.069978 -0.12475 0.031282 -0.14632 -0.090785 -0.021755 0.0076132 0.06107 -0.0048636 0.017837 0.064578 0.02837 -0.095851 -0.014218 0.15332 0.1918 0.034695 -0.055048 -0.15662 0.05349 -0.11923 -0.047103 0.0057465 -0.15267 -0.067428 0.0029319 -0.0096021 -0.2491 -0.02612 -0.038481 0.054652 -0.18055 0.21174 0.084854 -0.037506 -0.13981
-0.059541 -0.053192 -0.050629 -0.023136 -0.021148 0.1475 0.13133 0.0001848 -0.022308 -0.0028987 -0.075148 -0.067756 -0.050431 -0.0099661 0.13027 0.1068 -0.014755 0.025359 0.15915 -0.046389 0.0051875 0.016761 0.1051 0.14906 0.10278 0.11802 0.047904 0.049757 0.049146 0.013674 0.1819 0.28229 0.091864 -0.011064 0.01434 0.083755 0.038072 -0.024086 0.035066 -0.050956 0.0070854 0.048307 0.038936 -0.093069 0.06115 -0.011715 0.21992 -0.043681 0.087701 0 0.024637 0.017732 0.094352 -0.070057 -0.050877 0.0064816 0.03958 0.12411 0.021509 0.094058 0.033151 0.041407 -0.027998 0.028249 0.13895 0.21216 0.069641 -0.013505 -0.042958 0.029937 -0.024107 -0.033029 0.024092 -0.090747 -0.010657 0.01375 0.0088311 -0.14182 0.03204 -0.015294 0.18908 -0.082844 0.099636 0.16678 0.012385 0.0033909
0.038833 0.17351 0.076019 0.13591 0.061939 0.10948 0.012965 0.04624 0.12201 0.03673 0.17118 0.071375 0.13192 0.077139 0.089577 0.0077649 0.042383 0.16723 0.16073 0.2896 -0.006699 0.19443 0.05078 0.12226 0.00608 0.0029467 0.11456 0.1279 0.142 0.26473 0.024035 -0.07324 0.087933 0.35266 0.12789 -0.073654 0.024789 0.31554 0.47516 0.2065 0.40858 0.12452 0.1564 0.093539 0.19881 0.18214 0.5693 0.2845 -0.069978 0.024637 0 0.50813 0.21888 0.30178 0.004976 0.18914 0.039538 0.12731 0.024356 -0.0063279 0.096214 0.11823 0.14201 0.23398 0.043363 -0.053977 0.10392 0.34367 0.19618 -0.070475 0.10596 0.28834 0.44218 0.24787 0.40204 0.17059 0.16633 0.097755 0.20915 0.16874 0.5378 0.35664 -0.043857 -0.0094308 0.65349 0.46494
0.22785 0.29247 0.18809 0.35303 0.14261 0.074842 0.028338 0.086647 0.18419 0.2213 0.28576 0.19342 0.32599 0.12326 0.076615 0.024771 0.062033 0.19378 0.13178 0.57139 -0.04118 0.23069 0.10334 0.14167 -0.09199 0.10046 -0.040978 0.12367 0.33173 0.26756 -0.095835 -0.1879 0.036083 0.47652 0.37382 -0.11734 0.20532 0.3578 0.59728 0.3593 0.63031 0.053416 0.17589 0.26489 0.3124 0.36707 0.32669 0.5816 -0.12475 0.017732 0.50813 0 0.16153 0.54647 -0.015643 0.21834 0.057524 0.097172 -0.05046 0.070072 -0.0071841 0.12674 0.32166 0.23789 -0.072889 -0.15226 0.049359 0.44494 0.49351 -0.089362 0.33882 0.34876 0.51878 0.40403 0.6005 0.15306 0.19322 0.26771 0.33316 0.31518 0.28844 0.64516 -0.12969 -0.032816 0.41536 0.7723
-0.0098481 -0.10733 -0.0183 -0.010865 -0.0060529 0.015639 0.081415 -0.020576 -0.027112 -0.12785 -0.12491 -0.015237 0.014696 -0.013181 0.024505 0.090863 -0.014715 -0.0006703 0.6485 0.029758 0.057026 0.067105 0.018487 0.22814 0.056838 0.12942 -0.15209 0.14452 0.096491 0.075676 -0.059043 0.24902 0.022806 0.018511 0.2798 0.0036293 0.30417 -0.010385 0.02462 -0.054893 0.11048 -0.046122 -0.090362 0.016584 0.044858 0.050633 0.56716 0.18549 0.031282 0.094352 0.21888 0.16153 0 0.044933 0.1951 0.071133 0.035494 0.25371 0.17687 0.21113 -0.14127 0.092868 0.13205 0.069038 -0.039336 0.43091 0.033604 0.038317 0.42886 0.1932 0.47857 -0.038994 0.075966 -0.021618 0.16117 0.027622 -0.038148 0.069494 0.26573 0.050572 0.69771 0.20248 0.046066 0.16195 0.19587 0.15379
