0 0.34413 0.2782 0.28391 0.084642 -0.0048286 -0.089221 0.066749 0.21522 0.73207 0.41978 0.36041 0.3005 0.11246 -0.0013443 -0.098566 0.048818 0.26785 -0.14091 0.23446 0.071997 -0.037474 0.0261 -0.05452 0.08736 0.14582 0.11911 0.019854 0.19603 -0.0080004 -0.14005 -0.081905 0.019274 0.097961 0.072841 -0.049342 0.014422 0.11125 0.030883 0.36445 0.047148 0.20646 0.10859 0.36226 0.045268 0.16955 -0.17157 0.34172 -0.08839 -0.062789 0.029494 0.21962 0.0066805 0.27281 0.41019 -0.032947 0.033319 -0.080659 0.36965 0.23704 0.21368 0.0016788 0.31065 -0.038223 -0.020485 0.13518 0.027241 0.11076 0.36156 0.19327 0.28525 0.11936 0.040207 0.44386 0.14501 0.3259 0.17942 0.58193 0.4012 0.18371 -0.13099 0.52084 0.010167 -0.076844 0.043158 0.26577
0.34413 0 0.26075 0.28354 0.11481 0.014958 -0.078055 0.074636 0.22326 0.35743 0.50983 0.27681 0.26609 0.1005 -0.0056252 -0.094927 0.064027 0.21724 -0.10042 0.27502 0.045295 0.083073 0.021499 -0.052132 0.060181 0.038874 0.15352 0.076673 0.1553 0.12348 -0.028974 -0.10435 0.017798 0.16669 0.11104 -0.063912 0.012172 0.2357 0.12212 0.34072 0.10957 0.20031 0.16944 0.21904 0.17094 0.12325 -0.10395 0.23448 -0.045154 -0.059403 0.18305 0.29674 -0.096747 0.2666 0.061845 0.079665 0.013129 -0.074496 0.062473 -0.0051306 0.14019 0.075479 0.1381 0.080834 -0.0087777 -0.09097 -0.012285 0.10244 0.15997 -0.036347 0.080453 0.26481 0.066967 0.32109 0.085234 0.19201 0.1601 0.18428 0.16812 0.059679 -0.1156 0.22803 -0.047924 -0.076345 0.16399 0.26924
0.2782 0.26075 0 0.40515 0.10707 0.031538 -0.014326 0.15209 0.14546 0.29581 0.28004 0.59066 0.3931 0.070975 0.021966 -0.032853 0.12586 0.15798 -0.017957 0.21509 0.1243 -0.0059244 0.012952 -0.0409 0.033629 0.055567 0.083295 -0.0040506 0.20038 0.021292 -0.0070287 -0.058407 -0.023001 0.040346 0.23413 -0.0026974 0.14603 0.092056 -0.0091572 0.20718 0.067587 0.095897 0.17652 0.26106 0.20739 0.050107 -0.054412 0.19309 -0.05269 -0.049673 0.077276 0.19247 -0.0098434 0.18622 0.11793 -0.021862 0.031848 -0.06405 0.029658 0.025142 0.064414 0.0061152 0.16546 -0.010007 0.00037739 -0.07293 -0.013034 0.016207 0.20623 -0.021341 0.14594 0.097895 -0.032146 0.20502 0.075335 0.079715 0.12559 0.17773 0.16694 0.006031 -0.059949 0.18196 -0.060338 -0.052468 0.08802 0.18169
0.28391 0.28354 0.40515 0 0.20302 0.010198 -0.010974 0.11416 0.14663 0.26311 0.28778 0.38613 0.65011 0.12762 0.001112 -0.01922 0.098718 0.15381 -0.03568 0.30634 -0.024638 0.024565 0.013806 -0.022386 -0.087394 0.013252 0.0094189 0.022656 0.1553 0.04264 -0.030999 -0.14447 -0.025181 0.18523 0.18012 -0.083574 0.070817 0.12363 0.17099 0.224 0.26947 0.040938 0.13743 0.168 0.17753 0.10993 -0.010872 0.25381 -0.068099 -0.025077 0.14246 0.35834 0.0059425 0.29372 0.02569 0.022965 0.0089445 -0.046362 -0.045744 -0.01959 0.019774 0.027126 0.15673 0.022813 -0.025655 -0.12707 0.0018114 0.14533 0.26492 -0.056512 0.15671 0.13897 0.10249 0.25628 0.25193 0.0759 0.13763 0.1816 0.19104 0.082586 -0.030219 0.30758 -0.066174 -0.057368 0.13396 0.35511
0.084642 0.11481 0.10707 0.20302 0 -0.001278 -0.016055 0.020851 0.054505 0.096903 0.10164 0.11502 0.16879 0.047224 -0.0029064 -0.024491 0.023645 0.062903 -0.012518 0.10628 0.0035329 -0.00076007 0.0093623 -0.011705 -0.01939 0.0045625 -0.0017264 -0.012604 0.071658 0.0029983 -0.025284 -0.030521 -0.012815 0.02042 0.070403 0.006284 0.057056 0.048296 0.067001 0.095293 0.086206 0.008536 0.052812 0.072568 0.066074 0.0093317 0.0069264 0.10953 -0.026695 -0.023204 0.062339 0.1451 0.0014099 0.11309 -0.016853 -0.0082544 -0.011988 -0.035777 -0.038735 -0.013378 -0.007443 -0.0051362 0.064591 -0.010711 -0.020772 -0.043811 -0.022156 0.020359 0.086906 -0.0086174 0.067375 0.04931 0.04973 0.077748 0.073552 -0.0038081 0.029052 0.040727 0.048084 -0.013796 -0.0053304 0.10245 -0.038519 -0.021313 0.044962 0.12853
-0.0048286 0.014958 0.031538 0.010198 -0.001278 0 0.17224 0.016579 0.086323 0.059379 0.0003967 0.024685 3.8191e-05 -0.015581 0.43918 0.17657 0.042428 0.073698 0.051419 0.038832 0.13904 0.097154 0.13768 0.2273 0.2401 0.11951 0.33998 0.14265 0.079941 0.12845 0.30611 0.20099 0.28412 0.07885 -0.02909 0.012012 -0.021568 0.08964 0.094008 0.096953 0.057589 0.26526 0.23141 -0.009442 0.17518 0.076091 0.20869 -0.079362 0.053779 0.15023 0.11424 0.081928 0.0049547 0.033018 0.0045589 0.079621 0.089092 0.21681 0.12888 0.086578 0.29083 0.14278 0.021687 0.11629 0.28966 0.13856 0.23808 0.066892 -0.10783 -0.050481 -0.079086 0.071392 0.10122 0.035909 0.052646 0.22304 0.16335 -0.083663 0.084863 0.047587 0.18074 -0.11014 0.05528 0.12204 0.099966 0.055385
-0.089221 -0.078055 -0.014326 -0.010974 -0.016055 0.17224 0 -0.0095943 -0.0049252 -0.040561 -0.10385 -0.041138 -0.03041 -0.029037 0.17472 0.2583 -0.0068243 -0.030683 0.14381 -0.037402 0.050086 0.025634 0.076251 0.17566 0.060173 0.12708 -0.0037696 0.072757 0.015688 0.043592 0.16021 0.16168 0.069663 0.022326 0.025781 0.065371 0.074507 -0.0099406 0.058372 -0.12105 0.072846 -0.03946 -0.0012577 -0.12635 0.057675 0.022745 0.22859 -0.062676 0.035485 0.13297 0.019675 0.035645 0.079369 -0.050365 -0.057689 0.018696 0.032977 0.15607 -0.034667 0.078532 -0.029723 0.059663 -0.018624 0.037091 0.092952 0.091585 0.058008 0.028643 -0.047306 -0.016436 -0.015581 -0.023692 0.065079 -0.13836 0.072991 -0.059051 -0.021385 -0.18219 -0.01869 0.031442 0.18801 -0.12032 0.025312 0.10702 0.0048648 0.0016147
0.066749 0.074636 0.15209 0.11416 0.020851 0.016579 -0.0095943 0 0.052722 0.047206 0.08209 0.13426 0.1093 0.016527 0.029768 -0.0019674 0.11035 0.06571 -0.03686 0.092681 -0.057706 0.018079 0.00209 -0.0097346 -0.041074 -0.019568 0.059448 0.016157 0.027108 0.008059 0.065208 -0.055352 0.021097 0.045902 -0.023147 -0.076309 -0.070539 0.046352 0.019846 0.075765 0.014508 0.049456 0.1193 0.0037568 0.016751 0.007899 0.0039262 0.0021492 -0.0045131 -0.001836 0.048765 0.087356 -0.022463 0.080112 -0.037091 0.020443 -0.0059843 -0.0023659 -0.017207 0.0022199 0.069634 0.030664 0.033218 0.00072141 0.064204 -0.038416 0.0081599 0.042497 0.0045742 -0.080782 -0.010781 0.050575 0.0090017 0.08203 0.029229 0.059826 0.10292 0.022831 0.041424 0.0054841 0.010997 0.053014 -0.01219 -0.0014441 0.056403 0.088668
0.21522 0.22326 0.14546 0.14663 0.054505 0.086323 -0.0049252 0.052722 0 0.22533 0.23489 0.13729 0.13831 0.05249 0.073665 -0.021863 0.050753 0.2024 -0.042893 0.16843 0.0086878 0.058162 0.02136 0.005192 0.02991 0.0040343 0.13633 0.026932 0.082786 0.090082 0.022224 -0.05045 0.067594 0.10399 0.037557 -0.05769 -0.0099794 0.16985 0.083859 0.19145 0.060073 0.15286 0.14644 0.10016 0.081938 0.048026 0.0028233 0.11127 -0.033333 -0.023632 0.12826 0.18797 -0.023424 0.17429 0.049909 0.051564 0.024581 -0.014869 0.061011 0.012834 0.15089 0.019506 0.097279 0.078767 0.060315 -0.0087809 0.03782 0.06649 0.087063 -0.029215 0.045943 0.17507 0.062953 0.18623 0.05568 0.17332 0.14165 0.10995 0.13133 0.019838 -0.00047504 0.14846 -0.031815 -0.0060968 0.1243 0.17943
0.73207 0.35743 0.29581 0.26311 0.096903 0.059379 -0.040561 0.047206 0.22533 0 0.32779 0.28821 0.22392 0.098228 0.044593 -0.057587 0.041714 0.23355 -0.050257 0.22667 0.25913 -0.01051 0.047235 -0.072404 0.21894 0.23339 0.16219 -0.061238 0.20723 0.00011271 -0.0078497 0.072255 0.046786 0.17974 0.21754 0.098597 0.18847 0.11531 0.23673 0.30394 0.2485 0.2387 0.095098 0.44472 0.27832 0.24039 -0.11113 0.3832 -0.011357 -0.0045528 0.032006 0.21071 -0.1065 0.17062 0.13352 -0.019233 0.024445 -0.091232 0.12301 0.12409 0.11635 -0.028999 0.10111 -0.0088112 -0.0086969 0.031974 0.027927 0.11158 0.13529 0.038901 0.063064 0.12518 0.12288 0.26004 0.13597 0.15831 0.066182 0.22672 0.11366 0.090466 -0.10694 0.31897 -0.024491 -0.047 0.045465 0.17847
0.41978 0.50983 0.28004 0.28778 0.10164 0.0003967 -0.10385 0.08209 0.23489 0.32779 0 0.33264 0.31371 0.11555 -0.0099904 -0.10931 0.10035 0.25817 -0.17937 0.29985 -0.015711 0.063504 0.017909 -0.071885 0.020509 -0.023113 0.16234 0.056684 0.13929 0.10255 -0.053123 -0.17861 0.022252 0.11826 0.025173 -0.13748 -0.061718 0.23589 0.048528 0.35215 0.056877 0.21098 0.19747 0.19804 0.088259 0.081765 -0.15773 0.21975 -0.080381 -0.079371 0.1715 0.28924 -0.11276 0.3102 0.14785 0.072058 0.0087045 -0.10133 0.14823 -0.0089061 0.20683 0.039615 0.19 0.061986 0.0020509 -0.063408 0.010039 0.12258 0.23119 -0.0075201 0.14813 0.2687 0.031712 0.40115 0.095467 0.27406 0.21157 0.30111 0.26648 0.059504 -0.13663 0.31158 -0.040212 -0.10051 0.17782 0.30944
0.36041 0.27681 0.59066 0.38613 0.11502 0.024685 -0.041138 0.13426 0.13729 0.28821 0.33264 0 0.41028 0.08678 0.020791 -0.032611 0.1512 0.15632 -0.06503 0.2163 0.072244 -0.034832 -0.0029031 -0.058214 0.0045158 0.027435 0.091553 0.0028282 0.19547 -0.0034886 -0.046228 -0.12145 -0.024239 0.026803 0.19226 -0.041705 0.11468 0.087589 -0.014385 0.23413 0.049405 0.084466 0.18301 0.23444 0.13267 0.058504 -0.08841 0.18745 -0.079633 -0.068517 0.070451 0.19494 -0.0083732 0.24364 0.19115 -0.059234 0.023842 -0.079199 0.087671 0.05036 0.09273 -0.011374 0.23572 -0.030068 0.0060203 -0.047863 0.0057235 0.0292 0.28101 0.04943 0.2258 0.095644 -0.062945 0.26978 0.061763 0.12901 0.18972 0.28194 0.23814 0.018403 -0.084873 0.23862 -0.052529 -0.055446 0.062631 0.2177
0.3005 0.26609 0.3931 0.65011 0.16879 3.8191e-05 -0.03041 0.1093 0.13831 0.22392 0.31371 0.41028 0 0.14899 0.0025267 -0.0093448 0.12272 0.16021 -0.044885 0.28435 -0.029031 0.020048 0.017191 -0.029421 -0.094477 -0.0039025 -0.0054322 0.036436 0.149 0.036554 -0.070581 -0.15733 -0.025528 0.1568 0.15351 -0.10015 0.058804 0.12398 0.10479 0.22767 0.21544 0.020789 0.122 0.14987 0.13757 0.093769 -0.035337 0.23781 -0.082682 -0.051961 0.13521 0.33175 0.029793 0.30143 0.037518 0.013039 0.01676 -0.032773 -0.042237 0.017289 0.0036596 0.033908 0.19181 0.017866 -0.040973 -0.11964 -0.0099802 0.15064 0.29435 -0.040665 0.19168 0.13847 0.10429 0.25621 0.27972 0.072008 0.13296 0.20229 0.20025 0.086876 -0.0074139 0.32437 -0.085393 -0.050661 0.13319 0.38535
0.11246 0.1005 0.070975 0.12762 0.047224 -0.015581 -0.029037 0.016527 0.05249 0.098228 0.11555 0.08678 0.14899 0 -0.0070975 -0.029413 0.01061 0.093356 -0.021866 0.13271 -0.041247 0.016217 0.010914 -0.022242 -0.027491 -0.025302 0.019487 -0.014111 0.036498 0.017633 -0.025551 -0.054524 -0.00012303 0.057915 0.021774 -0.046192 -0.0094234 0.062123 0.063238 0.09072 0.064431 0.043916 0.056114 0.044733 0.049249 0.016972 -0.011972 0.082349 -0.039715 -0.011976 0.077356 0.12417 -0.0088766 0.10594 0.00023692 0.015316 0.0055409 -0.02327 -0.0060425 -0.015566 0.030506 -0.012691 0.031786 0.020825 -0.010069 -0.033607 -0.007335 0.066756 0.075999 -0.036195 0.051616 0.072702 0.065031 0.092292 0.080426 0.050612 0.069609 0.063024 0.089535 0.0031161 -0.013478 0.11905 -0.027137 -0.02685 0.066695 0.13806
-0.0013443 -0.0056252 0.021966 0.001112 -0.0029064 0.43918 0.17472 0.029768 0.073665 0.044593 -0.0099904 0.020791 0.0025267 -0.0070975 0 0.21994 0.038364 0.069519 0.040008 0.03792 0.1206 0.088272 0.11394 0.2336 0.21554 0.11394 0.31734 0.13332 0.07784 0.11354 0.30719 0.16164 0.28083 0.081646 -0.038672 -0.02596 -0.051604 0.076317 0.086541 0.07495 0.061214 0.24846 0.23954 -0.032349 0.15681 0.074741 0.20668 -0.089546 0.040495 0.13239 0.096779 0.08252 0.015323 0.047646 0.051844 0.079188 0.10841 0.22898 0.15405 0.12684 0.3057 0.11899 0.053093 0.10721 0.27751 0.15542 0.28592 0.068342 -0.079575 -0.05234 -0.06196 0.065598 0.11303 0.060193 0.052937 0.24344 0.18232 -0.057997 0.10904 0.069662 0.20195 -0.084539 0.037296 0.14272 0.098957 0.079551
-0.098566 -0.094927 -0.032853 -0.01922 -0.024491 0.17657 0.2583 -0.0019674 -0.021863 -0.057587 -0.10931 -0.032611 -0.0093448 -0.029413 0.21994 0 0.016358 -0.0073671 0.11105 -0.036406 0.045475 0.02611 0.0803 0.17097 0.041493 0.1183 -0.012179 0.035339 0.012265 0.035686 0.13514 0.12324 0.095142 0.028497 0.010135 0.035065 0.04603 -0.049043 0.044569 -0.11276 0.074315 -0.036699 0.0049022 -0.1152 0.035861 0.025901 0.19724 -0.068725 0.037864 0.10883 0.014767 0.02572 0.090327 -0.036463 -0.018932 0.018526 0.048876 0.18073 -0.011086 0.12129 -0.027818 0.027246 -0.0030096 0.029642 0.10601 0.094734 0.10109 0.030509 -0.013528 -0.0066055 0.018848 -0.055816 0.064974 -0.12993 0.081869 -0.049704 -0.025627 -0.14272 -0.0086763 0.036975 0.20583 -0.085379 0.025385 0.12786 0.0020566 0.022895
0.048818 0.064027 0.12586 0.098718 0.023645 0.042428 -0.0068243 0.11035 0.050753 0.041714 0.10035 0.1512 0.12272 0.01061 0.038364 0.016358 0 0.067018 -0.027953 0.088786 -0.045145 0.02841 0.017562 -0.0056675 -0.012302 -0.033052 0.080383 0.033653 0.022698 0.03095 0.052647 -0.066555 0.011402 0.025604 -0.020462 -0.077864 -0.056962 0.049192 0.0032333 0.071616 -0.0055314 0.075722 0.12444 -0.0071622 0.021305 0.0049441 0.0076378 -0.026845 -0.013176 -0.014182 0.044901 0.065138 -0.018329 0.078286 -0.033993 0.026223 0.0046771 0.016834 -0.016716 -0.016335 0.070913 0.029021 0.027488 0.022878 0.049998 -0.038042 0.022935 0.030645 -0.0065113 -0.097575 -0.027793 0.05122 -0.0088264 0.074865 -0.0013469 0.073369 0.11997 0.023598 0.020367 0.0041824 0.015539 0.017163 -0.020613 -0.0014572 0.045502 0.069771
0.26785 0.21724 0.15798 0.15381 0.062903 0.073698 -0.030683 0.06571 0.2024 0.23355 0.25817 0.15632 0.16021 0.093356 0.069519 -0.0073671 0.067018 0 -0.058223 0.17111 0.037035 0.044752 0.041217 0.009375 0.056414 0.030804 0.12808 0.024617 0.097887 0.084209 0.015121 -0.027364 0.075036 0.086177 0.030558 -0.050135 -0.0035719 0.16021 0.070356 0.18968 0.054773 0.16196 0.14052 0.11826 0.085523 0.058563 0.015122 0.14003 -0.038205 0.022048 0.1694 0.19811 0.0025179 0.18631 0.10074 0.055089 0.026725 0.0052103 0.10494 0.035223 0.15396 0.029238 0.11839 0.074034 0.06451 0.018478 0.057206 0.096126 0.12269 0.01292 0.092969 0.17768 0.068254 0.20634 0.07852 0.1922 0.14261 0.15484 0.16504 0.052346 0.018906 0.18045 -0.0022927 -0.0014323 0.13705 0.21753
-0.14091 -0.10042 -0.017957 -0.03568 -0.012518 0.051419 0.14381 -0.03686 -0.042893 -0.050257 -0.17937 -0.06503 -0.044885 -0.021866 0.040008 0.11105 -0.027953 -0.058223 0 -0.014983 0.22734 0.049188 0.041743 0.23834 0.15708 0.25826 -0.18825 0.078148 0.084318 0.069486 -0.0087992 0.52896 -0.01937 0.002038 0.53113 0.19396 0.56199 -0.030985 0.082174 -0.09446 0.20626 -0.088155 -0.15211 0.031723 0.17404 0.07956 0.73323 0.24885 0.091379 0.15349 0.18348 0.15285 0.66303 -0.040593 0.041309 0.026062 0.021642 0.19497 -0.0010014 0.17486 -0.22029 0.079423 0.024242 0.062943 -0.083304 0.29865 0.0089871 0.024937 0.27154 0.15256 0.28408 -0.057473 0.12955 -0.15632 0.15288 -0.1412 -0.13559 -0.077686 0.01818 0.058257 0.62759 0.078871 0.036415 0.14861 0.1823 0.12085
0.23446 0.27502 0.21509 0.30634 0.10628 0.038832 -0.037402 0.092681 0.16843 0.22667 0.29985 0.2163 0.28435 0.13271 0.03792 -0.036406 0.088786 0.17111 -0.014983 0 -0.10756 0.15787 0.051993 0.021927 -0.12547 -0.022449 0.010161 0.035016 0.22224 0.18092 -0.094905 -0.26144 0.0073617 0.37766 0.19192 -0.20815 0.020621 0.27918 0.30283 0.42476 0.38869 0.090917 0.2804 0.25848 0.33548 0.25552 0.059346 0.37832 -0.12905 -0.051157 0.2933 0.57189 0.057394 0.59155 -0.089965 0.16697 0.013125 0.0043984 -0.11223 -0.0033939 0.053972 0.045112 0.18546 0.15388 -0.048939 -0.23533 0.019933 0.35138 0.30325 -0.23228 0.11025 0.27713 0.25734 0.4456 0.38117 0.15726 0.27567 0.23269 0.29692 0.20475 0.055783 0.45595 -0.15845 -0.083356 0.2467 0.55556
0.071997 0.045295 0.1243 -0.024638 0.0035329 0.13904 0.050086 -0.057706 0.0086878 0.25913 -0.015711 0.072244 -0.029031 -0.041247 0.1206 0.045475 -0.045145 0.037035 0.22734 -0.10756 0 -0.14077 0.072654 0.19522 0.70629 0.56172 0.1794 -0.043072 0.27496 -0.085297 0.10992 0.48175 0.15916 -0.08095 0.57902 0.45049 0.56026 -0.11397 -0.02224 0.089698 0.12112 0.29055 -0.042282 0.69913 0.41375 0.36847 0.086993 0.45994 0.03487 0.011832 -0.011952 -0.045109 0.066525 -0.098368 0.65774 -0.18359 0.061768 0.11065 0.52137 0.30934 0.055111 -0.017007 0.11404 -0.078977 0.055968 0.32369 0.12037 -0.074667 0.28584 0.35994 0.25383 -0.11685 -0.0089371 -0.018983 0.036909 0.15022 -0.1179 0.29138 0.12813 0.17021 0.058558 0.10565 0.08684 0.020477 -0.0060729 -0.08973
-0.037474 0.083073 -0.0059244 0.024565 -0.00076007 0.097154 0.025634 0.018079 0.058162 -0.01051 0.063504 -0.034832 0.020048 0.016217 0.088272 0.02611 0.02841 0.044752 0.049188 0.15787 -0.14077 0 0.011469 0.34315 0.062 -0.14871 0.14297 0.26161 0.028758 0.9275 0.01816 -0.14262 0.14973 0.35214 -0.096524 -0.18402 -0.15049 0.87859 0.31359 0.075805 0.28001 0.29031 0.062971 -0.032578 0.06671 0.64321 0.17122 -0.014652 -0.025731 0.013742 0.19054 0.22201 0.066173 0.14211 -0.24392 0.97485 0.0079267 0.38878 -0.046286 -0.077643 0.18255 0.3136 -0.0157 0.91638 -0.0080221 -0.17705 0.16183 0.32602 -0.11825 -0.25013 -0.17412 0.84069 0.35062 0.076443 0.29463 0.32634 0.074067 -0.092541 -0.017314 0.58318 0.15165 0.027905 -0.076807 0.014461 0.15446 0.19563
0.0261 0.021499 0.012952 0.013806 0.0093623 0.13768 0.076251 0.00209 0.02136 0.047235 0.017909 -0.0029031 0.017191 0.010914 0.11394 0.0803 0.017562 0.041217 0.041743 0.051993 0.072654 0.011469 0 0.16764 0.10933 0.14853 0.059723 0.043185 0.10235 0.037766 0.093154 0.10881 0.1038 0.024466 0.070172 0.042897 0.077434 0.021179 0.039932 0.050756 0.055116 0.045935 0.061664 0.042908 0.070873 0.084709 0.10875 0.068143 0.031503 0.10638 0.054814 0.10458 0.022406 0.029732 0.044195 0.0013799 0.060425 0.13306 0.077874 0.12176 0.062684 0.029574 0.06563 0.036597 0.084087 0.076682 0.087325 0.0018417 0.063369 0.021535 0.061905 0.016046 0.030175 0.038665 0.044254 0.059561 0.036542 -0.0028707 0.050724 0.070338 0.080524 0.045675 0.01769 0.051903 0.0356 0.096576
-0.05452 -0.052132 -0.0409 -0.022386 -0.011705 0.2273 0.17566 -0.0097346 0.005192 -0.072404 -0.071885 -0.058214 -0.029421 -0.022242 0.2336 0.17097 -0.0056675 0.009375 0.23834 0.021927 0.19522 0.34315 0.16764 0 0.33859 0.34467 0.084212 0.55949 0.091369 0.531 0.17865 0.22065 0.33438 0.094089 0.1174 0.038675 0.092683 0.30188 0.085078 -0.049444 0.1283 0.11666 0.041352 -0.016416 0.091688 0.50056 0.32451 -0.01028 0.074439 0.15455 0.10444 0.12798 0.22192 0.042771 0.062838 0.31288 0.11535 0.81901 0.22061 0.36163 0.09391 0.51377 0.077575 0.53043 0.14924 0.20409 0.35037 0.10207 0.10892 -0.017578 0.12899 0.24037 0.13366 -0.040461 0.15609 0.16851 0.039059 -0.063123 0.059603 0.50699 0.25606 -0.01684 0.052767 0.13717 0.076908 0.09212
0.08736 0.060181 0.033629 -0.087394 -0.01939 0.2401 0.060173 -0.041074 0.02991 0.21894 0.020509 0.0045158 -0.094477 -0.027491 0.21554 0.041493 -0.012302 0.056414 0.15708 -0.12547 0.70629 0.062 0.10933 0.33859 0 0.50011 0.56313 0.09959 0.156 0.11327 0.32562 0.62462 0.4227 -0.060129 0.22541 0.34764 0.22128 0.024898 -0.093221 0.20509 -0.15001 0.71265 0.13638 0.50409 0.36704 0.35158 0.065884 0.21227 0.18169 0.10959 -0.014772 -0.11216 0.050763 -0.12036 0.49835 -0.0050207 0.070947 0.25396 0.76068 0.31752 0.456 0.099368 0.055201 0.10236 0.29161 0.54391 0.34167 -0.061689 0.043317 0.23684 0.093561 0.0088324 -0.084413 0.084875 -0.16242 0.54576 0.06153 0.17976 0.20719 0.17468 0.042795 -0.010423 0.23738 0.13738 0.0011429 -0.14525
0.14582 0.038874 0.055567 0.013252 0.0045625 0.11951 0.12708 -0.019568 0.0040343 0.23339 -0.023113 0.027435 -0.0039025 -0.025302 0.11394 0.1183 -0.033052 0.030804 0.25826 -0.022449 0.56172 -0.14871 0.14853 0.34467 0.50011 0 -0.019505 0.093872 0.24757 -0.094137 0.075698 0.47979 0.099212 -0.055986 0.43175 0.40721 0.47821 -0.13865 -0.021172 0.022405 0.10675 -0.035448 -0.077251 0.38393 0.22021 0.35165 0.16572 0.43539 0.037754 0.12324 -0.013617 0.070643 0.13496 -0.017266 0.32699 -0.17609 0.097179 0.24942 0.31624 0.57668 -0.11368 0.060288 0.14491 -0.087547 -0.00073083 0.33003 0.042871 -0.069579 0.26144 0.2675 0.32858 -0.1504 -0.034391 -0.017685 0.027901 -0.071782 -0.10882 0.11905 0.039407 0.24258 0.11636 0.20108 0.059465 0.089956 -0.015775 0.024275
0.11911 0.15352 0.083295 0.0094189 -0.0017264 0.33998 -0.0037696 0.059448 0.13633 0.16219 0.16234 0.091553 -0.0054322 0.019487 0.31734 -0.012179 0.080383 0.12808 -0.18825 0.010161 0.1794 0.14297 0.059723 0.084212 0.56313 -0.019505 0 0.041548 0.040617 0.14485 0.51553 0.22919 0.41194 0.072203 -0.22328 -0.055462 -0.2567 0.17689 0.026394 0.42287 -0.16446 0.83061 0.48149 0.097439 0.27429 -0.0085124 -0.014742 -0.16658 0.14702 0.053213 0.11854 -0.034445 -0.17364 0.019261 0.069645 0.10492 0.057673 0.070173 0.3686 -0.048634 0.79018 0.064663 -0.02231 0.12837 0.48595 0.23905 0.32507 0.047766 -0.30668 -0.12125 -0.24991 0.195 0.040786 0.30177 -0.14627 0.73028 0.36319 -0.024805 0.21877 -0.091614 0.0033156 -0.19732 0.13208 0.069464 0.10179 -0.055428
0.019854 0.076673 -0.0040506 0.022656 -0.012604 0.14265 0.072757 0.016157 0.026932 -0.061238 0.056684 0.0028282 0.036436 -0.014111 0.13332 0.035339 0.033653 0.024617 0.078148 0.035016 -0.043072 0.26161 0.043185 0.55949 0.09959 0.093872 0.041548 0 0.04948 0.43545 0.10871 0.031641 0.067486 0.048168 -0.0065586 -0.01627 -0.0026122 0.35853 0.018283 0.036115 0.064058 0.0022375 0.081163 -0.087405 -0.018433 0.31258 0.1661 -0.12143 0.023418 0.055697 0.11642 0.11714 0.14417 0.070731 -0.044112 0.26719 0.040287 0.57748 0.058753 0.18259 0.046838 0.95551 0.083656 0.36788 0.080532 0.061969 0.094639 0.051563 0.087932 -0.029315 0.079663 0.3499 0.10055 0.044578 0.12804 0.044247 0.078052 -0.053131 0.0064711 0.37746 0.13048 0.004299 0.027304 0.050072 0.091042 0.12177
0.19603 0.1553 0.20038 0.1553 0.071658 0.079941 0.015688 0.027108 0.082786 0.20723 0.13929 0.19547 0.149 0.036498 0.07784 0.012265 0.022698 0.097887 0.084318 0.22224 0.27496 0.028758 0.10235 0.091369 0.156 0.24757 0.040617 0.04948 0 0.042529 0.045715 0.096208 0.048047 0.048704 0.4307 0.28948 0.47218 0.094487 0.011318 0.26391 0.10658 0.089664 0.20196 0.44382 0.29226 0.16902 0.084954 0.39308 -0.038373 0.054171 0.14036 0.33405 0.10298 0.21235 0.22487 0.011692 0.06242 0.05904 0.1373 0.15939 -0.0087066 0.049916 0.39737 0.028477 0.037282 0.06626 0.0066182 0.026769 0.382 0.2281 0.43892 0.090043 0.011065 0.20821 0.087405 0.070927 0.15847 0.26934 0.22146 0.071977 0.073067 0.28415 0.0027684 -0.0011322 0.12852 0.31829
-0.0080004 0.12348 0.021292 0.04264 0.0029983 0.12845 0.043592 0.008059 0.090082 0.00011271 0.10255 -0.0034886 0.036554 0.017633 0.11354 0.035686 0.03095 0.084209 0.069486 0.18092 -0.085297 0.9275 0.037766 0.531 0.11327 -0.094137 0.14485 0.43545 0.042529 0 0.039713 -0.12189 0.21835 0.35624 -0.062311 -0.17405 -0.10398 0.91844 0.33849 0.096914 0.27798 0.26693 0.08043 -0.023258 0.06029 0.66027 0.20097 0.02332 -0.010549 0.0074161 0.25942 0.26286 0.069524 0.16103 -0.16912 0.91676 0.019416 0.53837 0.024828 -0.00073218 0.18862 0.46489 0.024381 0.93657 0.013868 -0.12876 0.23434 0.32376 -0.031543 -0.21278 -0.092164 0.88275 0.37412 0.10924 0.30131 0.33041 0.086129 -0.058671 0.013096 0.62363 0.16747 0.10217 -0.052845 0.00018035 0.21619 0.23683
-0.14005 -0.028974 -0.0070287 -0.030999 -0.025284 0.30611 0.16021 0.065208 0.022224 -0.0078497 -0.053123 -0.046228 -0.070581 -0.025551 0.30719 0.13514 0.052647 0.015121 -0.0087992 -0.094905 0.10992 0.01816 0.093154 0.17865 0.32562 0.075698 0.51553 0.10871 0.045715 0.039713 0 0.36853 0.28697 0.0025241 -0.14581 0.068555 -0.096159 0.0062854 0.018682 -0.016028 -0.071944 0.39733 0.39424 -0.21293 0.27831 -0.08646 0.18496 -0.30345 0.27727 0.18378 0.030158 -0.082939 -0.082647 -0.11753 -0.1458 0.0042748 0.042644 0.18627 0.071381 0.019489 0.38497 0.12918 -0.087383 0.033325 0.57067 0.23735 0.22989 -0.0062568 -0.33315 -0.099355 -0.25597 -0.0066745 0.04209 -0.11365 -0.083829 0.22186 0.23753 -0.37472 0.045749 -0.106 0.14516 -0.35464 0.21681 0.16939 0.02665 -0.1153
-0.081905 -0.10435 -0.058407 -0.14447 -0.030521 0.20099 0.16168 -0.055352 -0.05045 0.072255 -0.17861 -0.12145 -0.15733 -0.054524 0.16164 0.12324 -0.066555 -0.027364 0.52896 -0.26144 0.48175 -0.14262 0.10881 0.22065 0.62462 0.47979 0.22919 0.031641 0.096208 -0.12189 0.36853 0 0.15788 -0.19899 0.25593 0.56487 0.37806 -0.19083 -0.11758 -0.074185 -0.14085 0.25556 -0.0029343 0.051532 0.36033 -0.092529 0.38653 0.13841 0.30291 0.28952 -0.06625 -0.18107 0.23441 -0.27051 0.19405 -0.18701 0.075017 0.15852 0.32035 0.30771 0.067665 0.036539 -0.033399 -0.1073 0.20852 0.75101 0.089499 -0.1788 -0.067921 0.39051 0.054156 -0.21125 -0.095095 -0.19455 -0.17617 0.00881 -0.093011 -0.20528 0.085213 -0.11932 0.28145 -0.15657 0.30433 0.27085 -0.046915 -0.19989
0.019274 0.017798 -0.023001 -0.025181 -0.012815 0.28412 0.069663 0.021097 0.067594 0.046786 0.022252 -0.024239 -0.025528 -0.00012303 0.28083 0.095142 0.011402 0.075036 -0.01937 0.0073617 0.15916 0.14973 0.1038 0.33438 0.4227 0.099212 0.41194 0.067486 0.048047 0.21835 0.28697 0.15788 0 0.092718 -0.059175 -0.036853 -0.087283 0.13936 0.039069 0.074054 -0.054701 0.46228 0.22386 0.057756 0.15075 0.12047 0.13545 -0.083201 0.0671 0.094616 0.087026 0.034486 0.016261 0.0037395 0.11894 0.11629 0.069337 0.28694 0.31719 0.098439 0.40899 0.060929 0.019559 0.21056 0.29866 0.19139 0.45469 0.070508 -0.085816 -0.030967 -0.043566 0.11787 0.028499 0.052948 -0.044782 0.43593 0.17034 0.0016001 0.14893 0.067731 0.12683 -0.097632 0.092684 0.10616 0.060562 -0.0022875
0.097961 0.16669 0.040346 0.18523 0.02042 0.07885 0.022326 0.045902 0.10399 0.17974 0.11826 0.026803 0.1568 0.057915 0.081646 0.028497 0.025604 0.086177 0.002038 0.37766 -0.08095 0.35214 0.024466 0.094089 -0.060129 -0.055986 0.072203 0.048168 0.048704 0.35624 0.0025241 -0.19899 0.092718 0 0.10356 -0.20915 -0.021808 0.40538 0.56381 0.26058 0.61844 0.19606 0.096171 0.11156 0.32179 0.36156 0.1735 0.31638 -0.063696 -0.010109 0.36828 0.47688 0.017821 0.32853 -0.11858 0.32744 -0.00057353 0.087996 -0.09813 -0.064906 0.09255 0.046896 0.022324 0.32827 -0.02003 -0.21581 0.12908 0.79247 0.14668 -0.23199 0.030272 0.38488 0.49089 0.30639 0.56079 0.24278 0.078833 0.085783 0.23871 0.2803 0.17089 0.36602 -0.10568 -0.033453 0.32548 0.44836
0.072841 0.11104 0.23413 0.18012 0.070403 -0.02909 0.025781 -0.023147 0.037557 0.21754 0.025173 0.19226 0.15351 0.021774 -0.038672 0.010135 -0.020462 0.030558 0.53113 0.19192 0.57902 -0.096524 0.070172 0.1174 0.22541 0.43175 -0.22328 -0.0065586 0.4307 -0.062311 -0.14581 0.25593 -0.059175 0.10356 0 0.40998 0.85307 -0.020627 0.064771 0.073867 0.34111 -0.10403 -0.1066 0.54759 0.50716 0.23377 0.28321 0.63768 -0.040975 0.019369 0.12871 0.35423 0.29944 0.17273 0.34536 -0.11786 0.026028 0.044992 0.098182 0.19307 -0.29165 -0.0033939 0.28533 -0.063218 -0.19652 0.066636 -0.060046 0.089044 0.66102 0.27957 0.59271 -0.035131 0.06375 0.0067584 0.26438 -0.16375 -0.12688 0.19532 0.23555 0.12333 0.21135 0.39927 -0.038355 -0.022641 0.12586 0.30646
-0.049342 -0.063912 -0.0026974 -0.083574 0.006284 0.012012 0.065371 -0.076309 -0.05769 0.098597 -0.13748 -0.041705 -0.10015 -0.046192 -0.02596 0.035065 -0.077864 -0.050135 0.19396 -0.20815 0.45049 -0.18402 0.042897 0.038675 0.34764 0.40721 -0.055462 -0.01627 0.28948 -0.17405 0.068555 0.56487 -0.036853 -0.20915 0.40998 0 0.60762 -0.17005 -0.15375 -0.10795 -0.085103 -0.093833 -0.16794 0.22522 0.20347 -0.089327 0.016474 0.21848 0.14525 0.085935 -0.069233 -0.11011 -0.011128 -0.20988 0.18015 -0.19526 0.040832 -0.00036336 0.1 0.18971 -0.21577 -0.016026 0.12156 -0.1696 -0.041626 0.26434 -0.05101 -0.18605 0.11301 0.5447 0.2568 -0.17757 -0.12111 -0.19912 -0.11596 -0.28601 -0.23269 -0.11079 -0.098741 -0.1485 -0.010778 -0.037082 0.1187 0.071551 -0.06142 -0.11502
0.014422 0.012172 0.14603 0.070817 0.057056 -0.021568 0.074507 -0.070539 -0.0099794 0.18847 -0.061718 0.11468 0.058804 -0.0094234 -0.051604 0.04603 -0.056962 -0.0035719 0.56199 0.020621 0.56026 -0.15049 0.077434 0.092683 0.22128 0.47821 -0.2567 -0.0026122 0.47218 -0.10398 -0.096159 0.37806 -0.087283 -0.021808 0.85307 0.60762 0 -0.09297 -0.0435 -0.048763 0.23106 -0.23551 -0.20758 0.42435 0.33745 0.12 0.25767 0.53344 0.02337 0.043455 0.022715 0.20674 0.30835 -0.030546 0.29872 -0.16308 0.050191 0.0152 -0.0098679 0.22691 -0.35359 -0.0034505 0.27993 -0.11158 -0.1812 0.10488 -0.096478 -0.023687 0.51617 0.46108 0.59894 -0.10225 -0.0086292 -0.13208 0.13145 -0.33603 -0.23202 0.067226 -0.0074371 0.022623 0.17464 0.22045 -0.034626 0.00051014 0.03819 0.16586
0.11125 0.2357 0.092056 0.12363 0.048296 0.08964 -0.0099406 0.046352 0.16985 0.11531 0.23589 0.087589 0.12398 0.062123 0.076317 -0.049043 0.049192 0.16021 -0.030985 0.27918 -0.11397 0.87859 0.021179 0.30188 0.024898 -0.13865 0.17689 0.35853 0.094487 0.91844 0.0062854 -0.19083 0.13936 0.40538 -0.020627 -0.17005 -0.09297 0 0.39992 0.22448 0.3345 0.30283 0.12927 0.020662 0.10073 0.5594 0.099952 0.10955 -0.049192 -0.028854 0.31705 0.35845 -0.013917 0.26855 -0.15733 0.84244 0.0079302 0.31556 -0.016003 -0.063334 0.21972 0.41261 0.079147 0.87825 0.0055426 -0.18867 0.14589 0.37425 0.020127 -0.18701 -0.050577 0.96739 0.43005 0.24682 0.36774 0.34637 0.14271 0.02276 0.071929 0.52135 0.069368 0.23515 -0.062699 -0.049621 0.27933 0.34577
0.030883 0.12212 -0.0091572 0.17099 0.067001 0.094008 0.058372 0.019846 0.083859 0.23673 0.048528 -0.014385 0.10479 0.063238 0.086541 0.044569 0.0032333 0.070356 0.082174 0.30283 -0.02224 0.31359 0.039932 0.085078 -0.093221 -0.021172 0.026394 0.018283 0.011318 0.33849 0.018682 -0.11758 0.039069 0.56381 0.064771 -0.15375 -0.0435 0.39992 0 0.082041 0.89077 0.067064 0.011525 0.020996 0.31287 0.41441 0.3035 0.37505 -0.01313 0.033449 0.48476 0.58747 0.025371 0.25709 -0.16438 0.28655 0.0020581 0.076142 -0.15761 -0.056355 0.0086985 0.017941 -0.028341 0.30929 -0.022906 -0.18928 0.065052 0.50223 0.053981 -0.22343 -0.1024 0.36874 0.90082 0.10466 0.79142 0.079483 -0.012055 -0.067746 0.14212 0.31973 0.26673 0.34401 -0.093433 -0.013124 0.40475 0.48713
0.36445 0.34072 0.20718 0.224 0.095293 0.096953 -0.12105 0.075765 0.19145 0.30394 0.35215 0.23413 0.22767 0.09072 0.07495 -0.11276 0.071616 0.18968 -0.09446 0.42476 0.089698 0.075805 0.050756 -0.049444 0.20509 0.022405 0.42287 0.036115 0.26391 0.096914 -0.016028 -0.074185 0.074054 0.26058 0.073867 -0.10795 -0.048763 0.22448 0.082041 0 0.069064 0.53729 0.37215 0.43085 0.28609 0.15884 -0.069391 0.34761 -0.073024 -0.052823 0.20545 0.36034 -0.039511 0.39909 0.15508 0.07641 0.039173 -0.05983 0.2449 0.046687 0.41808 0.043631 0.24435 0.05527 0.085657 0.012941 0.034915 0.20762 0.18075 -0.083204 0.10419 0.24035 0.062714 0.69938 0.092332 0.51406 0.34465 0.43028 0.34581 0.062796 -0.048603 0.37425 -0.078436 -0.080679 0.19845 0.3699
0.047148 0.10957 0.067587 0.26947 0.086206 0.057589 0.072846 0.014508 0.060073 0.2485 0.056877 0.049405 0.21544 0.064431 0.061214 0.074315 -0.0055314 0.054773 0.20626 0.38869 0.12112 0.28001 0.055116 0.1283 -0.15001 0.10675 -0.16446 0.064058 0.10658 0.27798 -0.071944 -0.14085 -0.054701 0.61844 0.34111 -0.085103 0.23106 0.3345 0.89077 0.069064 0 -0.11737 -0.044382 0.12098 0.47452 0.49331 0.31713 0.52463 -0.055871 0.0044136 0.41614 0.6215 0.13368 0.33242 -0.077706 0.24969 0.0035441 0.11128 -0.23347 0.002521 -0.17297 0.071711 0.059873 0.26803 -0.12832 -0.24176 0.012931 0.57751 0.30987 -0.19424 0.091044 0.31284 0.81986 0.093398 0.91397 -0.055777 -0.061908 0.0028324 0.25889 0.42553 0.27534 0.4584 -0.12772 -0.035343 0.33549 0.54346
0.20646 0.20031 0.095897 0.040938 0.008536 0.26526 -0.03946 0.049456 0.15286 0.2387 0.21098 0.084466 0.020789 0.043916 0.24846 -0.036699 0.075722 0.16196 -0.088155 0.090917 0.29055 0.29031 0.045935 0.11666 0.71265 -0.035448 0.83061 0.0022375 0.089664 0.26693 0.39733 0.25556 0.46228 0.19606 -0.10403 -0.093833 -0.23551 0.30283 0.067064 0.53729 -0.11737 0 0.44244 0.31424 0.36679 0.16446 0.015841 0.044496 0.13751 0.053286 0.12201 0.053221 -0.051411 0.090489 0.20751 0.24266 0.05158 0.10118 0.55251 -0.024196 0.79604 0.062818 0.014646 0.24832 0.4096 0.32456 0.37605 0.14019 -0.18178 -0.11267 -0.19242 0.29863 0.051969 0.43437 -0.10002 0.92631 0.37078 0.17892 0.35968 0.020453 0.037205 0.0025029 0.1623 0.078529 0.1295 0.025146
0.10859 0.16944 0.17652 0.13743 0.052812 0.23141 -0.0012577 0.1193 0.14644 0.095098 0.19747 0.18301 0.122 0.056114 0.23954 0.0049022 0.12444 0.14052 -0.15211 0.2804 -0.042282 0.062971 0.061664 0.041352 0.13638 -0.077251 0.48149 0.081163 0.20196 0.08043 0.39424 -0.0029343 0.22386 0.096171 -0.1066 -0.16794 -0.20758 0.12927 0.011525 0.37215 -0.044382 0.44244 0 0.067013 0.37086 -0.034823 0.031335 -0.059858 0.045397 0.038162 0.15834 0.18447 -0.1028 0.27382 -0.048183 0.052095 0.04966 0.033189 0.076434 -0.050561 0.44524 0.085771 0.15071 0.05967 0.41993 0.070001 0.16473 0.076326 -0.087262 -0.17139 -0.10932 0.12356 0.0062214 0.32205 -0.021341 0.38659 0.58785 0.051542 0.34519 -0.07254 0.058621 -0.010534 0.035319 0.04786 0.14657 0.17607
0.36226 0.21904 0.26106 0.168 0.072568 -0.009442 -0.12635 0.0037568 0.10016 0.44472 0.19804 0.23444 0.14987 0.044733 -0.032349 -0.1152 -0.0071622 0.11826 0.031723 0.25848 0.69913 -0.032578 0.042908 -0.016416 0.50409 0.38393 0.097439 -0.087405 0.44382 -0.023258 -0.21293 0.051532 0.057756 0.11156 0.54759 0.22522 0.42435 0.020662 0.020996 0.43085 0.12098 0.31424 0.067013 0 0.45759 0.39364 -0.097463 0.66113 -0.11232 -0.093982 0.083104 0.25029 0.050643 0.23109 0.54902 -0.049479 0.035068 -0.053902 0.44504 0.20949 0.047335 -0.066421 0.28881 -0.038235 -0.14498 0.084326 0.015083 0.085355 0.43693 0.20781 0.31856 0.033101 -0.024751 0.36787 0.072905 0.29255 0.036067 0.69931 0.29364 0.19372 -0.075529 0.44278 -0.071194 -0.12715 0.07574 0.19623
0.045268 0.17094 0.20739 0.17753 0.066074 0.17518 0.057675 0.016751 0.081938 0.27832 0.088259 0.13267 0.13757 0.049249 0.15681 0.035861 0.021305 0.085523 0.17404 0.33548 0.41375 0.06671 0.070873 0.091688 0.36704 0.22021 0.27429 -0.018433 0.29226 0.06029 0.27831 0.36033 0.15075 0.32179 0.50716 0.20347 0.33745 0.10073 0.31287 0.28609 0.47452 0.36679 0.37086 0.45759 0 0.26452 0.18226 0.47154 0.10707 0.064312 0.20489 0.30117 0.027698 0.25538 0.11343 0.019157 0.04304 0.054178 0.048955 0.081787 0.12239 0.0054886 0.06692 0.053187 0.14731 0.1137 0.1195 0.30912 0.19544 -0.041279 0.062109 0.07931 0.26488 0.1639 0.39104 0.14997 0.19609 0.02595 0.5385 0.14406 0.16883 0.21164 0.077174 0.052217 0.18874 0.24746
0.16955 0.12325 0.050107 0.10993 0.0093317 0.076091 0.022745 0.007899 0.048026 0.24039 0.081765 0.058504 0.093769 0.016972 0.074741 0.025901 0.0049441 0.058563 0.07956 0.25552 0.36847 0.64321 0.084709 0.50056 0.35158 0.35165 -0.0085124 0.31258 0.16902 0.66027 -0.08646 -0.092529 0.12047 0.36156 0.23377 -0.089327 0.12 0.5594 0.41441 0.15884 0.49331 0.16446 -0.034823 0.39364 0.26452 0 0.062883 0.49016 -0.047997 -0.014275 0.15838 0.34015 0.061604 0.23894 0.18101 0.60217 0.049285 0.45568 0.21675 0.29674 0.048655 0.26847 0.11773 0.66423 -0.083911 -0.10568 0.14323 0.32191 0.2625 -0.11612 0.11731 0.54959 0.3523 0.18323 0.43621 0.27619 -0.020286 0.23114 0.15307 0.9376 0.013164 0.41023 -0.059185 -0.037468 0.13629 0.29434
-0.17157 -0.10395 -0.054412 -0.010872 0.0069264 0.20869 0.22859 0.0039262 0.0028233 -0.11113 -0.15773 -0.08841 -0.035337 -0.011972 0.20668 0.19724 0.0076378 0.015122 0.73323 0.059346 0.086993 0.17122 0.10875 0.32451 0.065884 0.16572 -0.014742 0.1661 0.084954 0.20097 0.18496 0.38653 0.13545 0.1735 0.28321 0.016474 0.25767 0.099952 0.3035 -0.069391 0.31713 0.015841 0.031335 -0.097463 0.18226 0.062883 0 0.10478 0.067763 0.22536 0.57071 0.32328 0.57185 0.045766 -0.066773 0.13201 0.0748 0.30618 -0.066796 0.087274 -0.063117 0.14482 0.032952 0.18316 0.10287 0.20686 0.14593 0.20382 0.14478 -0.032927 0.094152 0.046493 0.3452 -0.08791 0.3167 -0.0090391 0.03444 -0.17054 0.070859 0.082187 0.8553 0.059584 0.027334 0.19886 0.47942 0.27349
0.34172 0.23448 0.19309 0.25381 0.10953 -0.079362 -0.062676 0.0021492 0.11127 0.3832 0.21975 0.18745 0.23781 0.082349 -0.089546 -0.068725 -0.026845 0.14003 0.24885 0.37832 0.45994 -0.014652 0.068143 -0.01028 0.21227 0.43539 -0.16658 -0.12143 0.39308 0.02332 -0.30345 0.13841 -0.083201 0.31638 0.63768 0.21848 0.53344 0.10955 0.37505 0.34761 0.52463 0.044496 -0.059858 0.66113 0.47154 0.49016 0.10478 0 -0.082993 -0.037911 0.28688 0.5643 0.22513 0.36192 0.38731 -0.025791 0.0218 -0.083052 0.25633 0.27729 -0.16597 -0.093507 0.31392 0.0033592 -0.2787 0.12008 -0.074927 0.25334 0.61058 0.20721 0.48507 0.10832 0.27103 0.3224 0.43933 0.10907 -0.041609 0.49314 0.40002 0.33264 0.092611 0.82938 -0.061937 -0.081428 0.22337 0.50622
-0.08839 -0.045154 -0.05269 -0.068099 -0.026695 0.053779 0.035485 -0.0045131 -0.033333 -0.011357 -0.080381 -0.079633 -0.082682 -0.039715 0.040495 0.037864 -0.013176 -0.038205 0.091379 -0.12905 0.03487 -0.025731 0.031503 0.074439 0.18169 0.037754 0.14702 0.023418 -0.038373 -0.010549 0.27727 0.30291 0.0671 -0.063696 -0.040975 0.14525 0.02337 -0.049192 -0.01313 -0.073024 -0.055871 0.13751 0.045397 -0.11232 0.10707 -0.047997 0.067763 -0.082993 0 0.091335 -0.066 -0.12575 0.016285 -0.14693 -0.088467 -0.019856 0.0079616 0.066142 0.0068114 0.025376 0.076293 0.032214 -0.093922 -0.012565 0.159 0.20245 0.040272 -0.05359 -0.15415 0.058094 -0.11363 -0.043646 0.0028772 -0.14932 -0.070287 0.014561 -0.003068 -0.24258 -0.016455 -0.033707 0.054175 -0.18074 0.20762 0.087759 -0.037226 -0.14072
-0.062789 -0.059403 -0.049673 -0.025077 -0.023204 0.15023 0.13297 -0.001836 -0.023632 -0.0045528 -0.079371 -0.068517 -0.051961 -0.011976 0.13239 0.10883 -0.014182 0.022048 0.15349 -0.051157 0.011832 0.013742 0.10638 0.15455 0.10959 0.12324 0.053213 0.055697 0.054171 0.0074161 0.18378 0.28952 0.094616 -0.010109 0.019369 0.085935 0.043455 -0.028854 0.033449 -0.052823 0.0044136 0.053286 0.038162 -0.093982 0.064312 -0.014275 0.22536 -0.037911 0.091335 0 0.026145 0.016214 0.083018 -0.072048 -0.046054 0.0010521 0.039902 0.12757 0.025602 0.099563 0.038377 0.047327 -0.026239 0.021686 0.13936 0.22527 0.068202 -0.010901 -0.039746 0.040241 -0.01815 -0.039613 0.022262 -0.091195 -0.013052 0.014067 0.0079953 -0.14366 0.035449 -0.017494 0.19321 -0.080567 0.099644 0.16874 0.013266 0.00025226
0.029494 0.18305 0.077276 0.14246 0.062339 0.11424 0.019675 0.048765 0.12826 0.032006 0.1715 0.070451 0.13521 0.077356 0.096779 0.014767 0.044901 0.1694 0.18348 0.2933 -0.011952 0.19054 0.054814 0.10444 -0.014772 -0.013617 0.11854 0.11642 0.14036 0.25942 0.030158 -0.06625 0.087026 0.36828 0.12871 -0.069233 0.022715 0.31705 0.48476 0.20545 0.41614 0.12201 0.15834 0.083104 0.20489 0.15838 0.57071 0.28688 -0.066 0.026145 0 0.51668 0.2348 0.29964 -0.0068944 0.18502 0.040042 0.11305 0.0052601 -0.025249 0.096447 0.10979 0.13916 0.22982 0.045017 -0.058188 0.098712 0.35666 0.19563 -0.07436 0.096481 0.29179 0.45713 0.2426 0.41138 0.16437 0.16676 0.077975 0.20748 0.14664 0.54378 0.35873 -0.045009 -0.010301 0.6637 0.47463
0.21962 0.29674 0.19247 0.35834 0.1451 0.081928 0.035645 0.087356 0.18797 0.21071 0.28924 0.19494 0.33175 0.12417 0.08252 0.02572 0.065138 0.19811 0.15285 0.57189 -0.045109 0.22201 0.10458 0.12798 -0.11216 0.070643 -0.034445 0.11714 0.33405 0.26286 -0.082939 -0.18107 0.034486 0.47688 0.35423 -0.11011 0.20674 0.35845 0.58747 0.36034 0.6215 0.053221 0.18447 0.25029 0.30117 0.34015 0.32328 0.5643 -0.12575 0.016214 0.51668 0 0.19871 0.54103 -0.0064009 0.20967 0.060885 0.080174 -0.053941 0.046595 0.00019741 0.1196 0.32216 0.23203 -0.059027 -0.15036 0.044563 0.44182 0.48728 -0.088984 0.32467 0.35062 0.51386 0.40392 0.59016 0.16125 0.19737 0.25037 0.32825 0.28629 0.28935 0.63223 -0.12777 -0.034087 0.42246 0.77213
0.0066805 -0.096747 -0.0098434 0.0059425 0.0014099 0.0049547 0.079369 -0.022463 -0.023424 -0.1065 -0.11276 -0.0083732 0.029793 -0.0088766 0.015323 0.090327 -0.018329 0.0025179 0.66303 0.057394 0.066525 0.066173 0.022406 0.22192 0.050763 0.13496 -0.17364 0.14417 0.10298 0.069524 -0.082647 0.23441 0.016261 0.017821 0.29944 -0.011128 0.30835 -0.013917 0.025371 -0.039511 0.13368 -0.051411 -0.1028 0.050643 0.027698 0.061604 0.57185 0.22513 0.016285 0.083018 0.2348 0.19871 0 0.062094 0.20707 0.064863 0.038302 0.24765 0.1591 0.21249 -0.16631 0.094714 0.13723 0.063024 -0.073225 0.4049 0.028682 0.040671 0.47426 0.17419 0.48552 -0.035527 0.075782 -0.0042104 0.17823 0.022537 -0.052157 0.093281 0.23985 0.048813 0.69546 0.26379 0.020949 0.14559 0.2075 0.19609
