0,0.335381478071213,0.272599846124649,0.281619608402252,0.0859922170639038,-0.0134695749729872,-0.0917816609144211,0.0608145222067833,0.207679852843285,0.722108125686646,0.414122641086578,0.356139123439789,0.29983252286911,0.115033306181431,-0.00376552809029818,-0.0967951864004135,0.0428305976092815,0.264743089675903,-0.150267362594604,0.240940049290657,0.0507410503923893,-0.0190795343369246,0.0219900757074356,-0.0612923800945282,0.0498165600001812,0.131234914064407,0.0902896448969841,0.0162780173122883,0.186634451150894,-0.00393018731847405,-0.159083485603333,-0.110286727547646,0.00589769566431642,0.124529913067818,0.0728762671351433,-0.0698629468679428,0.00375466514378786,0.114971220493317,0.0629945769906044,0.364719390869141,0.0735291764140129,0.180829346179962,0.0962231010198593,0.354184508323669,0.0272999349981546,0.183562949299812,-0.178569734096527,0.344234436750412,-0.098761297762394,-0.066520057618618,0.0280416794121265,0.223785579204559,-0.0241239238530397,0.278658270835876,0.40007022023201,-0.0146961454302073,0.0287608578801155,-0.0797514766454697,0.344719290733337,0.232596933841705,0.186711996793747,-0.00114593608304858,0.309580057859421,-0.0264264196157455,-0.0357802212238312,0.119556099176407,0.0187000259757042,0.141960203647614,0.37265008687973,0.177347138524055,0.28182253241539,0.139521941542625,0.0702038928866386,0.451003223657608,0.181864812970161,0.305618911981583,0.172738164663315,0.580019235610962,0.37801730632782,0.201731383800507,-0.130660936236382,0.521099448204041,-0.0111124226823449,-0.0848565772175789,0.0445973873138428,0.274581730365753
0.335381478071213,0,0.252840906381607,0.272750705480576,0.113836668431759,0.0140886669978499,-0.0794317945837975,0.0746077448129654,0.223774790763855,0.351944297552109,0.504912614822388,0.266659379005432,0.257177382707596,0.102744780480862,-0.00276255002245307,-0.0977673977613449,0.0594556853175163,0.215989172458649,-0.108457528054714,0.269676387310028,0.0342884361743927,0.103534087538719,0.0170562155544758,-0.0485074259340763,0.0536330975592136,0.034183245152235,0.148524016141891,0.0800583586096764,0.145053699612617,0.139016672968864,-0.0348919592797756,-0.115721471607685,0.0125725353136659,0.177648931741714,0.098037987947464,-0.0752568915486336,0.001656225300394,0.244863212108612,0.136812135577202,0.343954861164093,0.114583499729633,0.198556542396545,0.166342258453369,0.210840344429016,0.156896218657494,0.129902899265289,-0.111901432275772,0.226813301444054,-0.0490683875977993,-0.059334859251976,0.176457867026329,0.290406256914139,-0.11641251295805,0.262711465358734,0.0551811121404171,0.10107459127903,0.0142452884465456,-0.0716417729854584,0.0580013059079647,-0.00934560038149357,0.14131398499012,0.0726539120078087,0.132168427109718,0.099946491420269,-0.0140096293762326,-0.0969626978039742,-0.015122702345252,0.117161378264427,0.149892166256905,-0.0405101552605629,0.0676298663020134,0.281976252794266,0.0822633504867554,0.324734061956406,0.0896071866154671,0.192155689001083,0.159048318862915,0.18073382973671,0.15965773165226,0.0695692300796509,-0.125523447990417,0.218715667724609,-0.0581547804176807,-0.0764767602086067,0.161695718765259,0.265872269868851
0.272599846124649,0.252840906381607,0,0.405651688575745,0.107004456222057,0.03248081356287,-0.018396707251668,0.152741551399231,0.14449705183506,0.287410289049149,0.278604716062546,0.593104183673859,0.391921877861023,0.0705904364585876,0.027629679068923,-0.0313700586557388,0.124456815421581,0.156052559614182,-0.0340976901352406,0.204097986221313,0.107983805239201,0.00662649422883987,0.00912822131067514,-0.0419794395565987,0.0200297124683857,0.040883157402277,0.0815995335578918,0.00172019947785884,0.192618802189827,0.0270363036543131,-0.0134109845384955,-0.073674850165844,-0.0258521195501089,0.0448110923171043,0.218515276908875,-0.0220097098499537,0.130072548985481,0.0983934998512268,-0.00206128018908203,0.206507802009583,0.0679435655474663,0.0911884754896164,0.175978109240532,0.246889621019363,0.190511882305145,0.0543927624821663,-0.0755462571978569,0.179947659373283,-0.0537471808493137,-0.0487679429352283,0.0706197917461395,0.184737220406532,-0.0242746192961931,0.180176869034767,0.108359254896641,-0.00927636213600636,0.0327637605369091,-0.062858022749424,0.0225632004439831,0.0190079752355814,0.0679243505001068,0.00501431431621313,0.161321952939034,0.000716480892151594,-0.0012851741630584,-0.0788532346487045,-0.0155349504202604,0.0237352456897497,0.19553031027317,-0.0276261493563652,0.134383901953697,0.111848928034306,-0.0260780621320009,0.204699203372002,0.0746657475829124,0.0823919698596001,0.127348959445953,0.174276635050774,0.154140487313271,0.00550600793212652,-0.0728433206677437,0.171722367405891,-0.0642486438155174,-0.0556100457906723,0.0812501385807991,0.175700053572655
0.281619608402252,0.272750705480576,0.405651688575745,0,0.200970277190208,0.00566118955612183,-0.00916736572980881,0.113270536065102,0.142757028341293,0.259883493185043,0.281000882387161,0.385287135839462,0.656291365623474,0.126367807388306,0.00472404155880213,-0.0157935842871666,0.0989462286233902,0.150499731302261,-0.0551849268376827,0.296224743127823,-0.0418488346040249,0.0347240120172501,0.00972171779721975,-0.0231618657708168,-0.0974379479885101,0.00469881948083639,0.00816164817661047,0.0229310486465693,0.146838188171387,0.0476383566856384,-0.0326810777187347,-0.161503031849861,-0.0242696274071932,0.186908736824989,0.164498746395111,-0.0981790870428085,0.0581432431936264,0.128661617636681,0.166224181652069,0.216657266020775,0.256828039884567,0.040155541151762,0.131389945745468,0.153336197137833,0.153690308332443,0.111003026366234,-0.0312704592943192,0.238199263811111,-0.0680218935012817,-0.0228902865201235,0.125195398926735,0.345711380243301,-0.0129578551277518,0.281627625226974,0.0143588576465845,0.0350372903048992,0.00921921245753765,-0.0413354933261871,-0.0499745979905128,-0.0214339066296816,0.0240582320839167,0.0237399265170097,0.155188873410225,0.0310088265687227,-0.0250818431377411,-0.131031572818756,0.00608305493369699,0.14924293756485,0.255188018083572,-0.0598191879689693,0.148381143808365,0.150551408529282,0.0972121059894562,0.249388054013252,0.243226259946823,0.0792085006833076,0.138068556785583,0.177269548177719,0.179359272122383,0.0843260884284973,-0.0475320927798748,0.297525137662888,-0.0694818943738937,-0.0592752732336521,0.11886490881443,0.344822436571121
0.0859922170639038,0.113836668431759,0.107004456222057,0.200970277190208,0,-0.00597410416230559,-0.0202935934066772,0.020447164773941,0.0569366775453091,0.0971445813775063,0.106004126369953,0.115896008908749,0.17194277048111,0.0471787340939045,-0.00472091929987073,-0.0293541308492422,0.0253440998494625,0.0644401460886002,-0.0173513684421778,0.108624830842018,-0.00420177867636085,0.005471748765558,0.0118709653615952,-0.0116445142775774,-0.0223452318459749,0.00194004492368549,-0.00589823024347425,-0.00994117930531502,0.0715712606906891,0.00795995630323887,-0.028992285951972,-0.0353033468127251,-0.0118404114618897,0.0224615912884474,0.0664508417248726,0.00217678141780198,0.0521045029163361,0.054427694529295,0.0673880651593208,0.0933923348784447,0.0830046534538269,0.0102494973689318,0.0560896433889866,0.0710938274860382,0.0619140788912773,0.0132167674601078,0.00185043155215681,0.106704510748386,-0.0294343344867229,-0.0209152288734913,0.0628549307584763,0.144144266843796,-0.00689145736396313,0.112685717642307,-0.0189621597528458,-0.00116442458238453,-0.0146283730864525,-0.0342923477292061,-0.038728516548872,-0.0148848751559854,-0.003170236479491,-0.00371470930986106,0.0661516487598419,-0.00383189017884433,-0.0215822607278824,-0.0458929538726807,-0.0191143117845058,0.025720464065671,0.0865848064422607,-0.00776899885386229,0.0647152289748192,0.0575113706290722,0.0493344441056252,0.0793509110808372,0.0736150220036507,0.000153223983943462,0.0289512518793344,0.0443757511675358,0.0482332780957222,-0.00905256997793913,-0.0115926554426551,0.102859206497669,-0.045023862272501,-0.026315713301301,0.0453222393989563,0.131652355194092
-0.0134695749729872,0.0140886669978499,0.03248081356287,0.00566118955612183,-0.00597410416230559,0,0.168445318937302,0.0206414666026831,0.0883746296167374,0.0513122975826263,-0.0030448455363512,0.0203380677849054,-0.00103541382122785,-0.0178091395646334,0.44810739159584,0.175044924020767,0.0412424206733704,0.0729386582970619,0.0564093627035618,0.0415767133235931,0.143973723053932,0.110591225326061,0.139708608388901,0.225982919335365,0.253185361623764,0.124065019190311,0.350068360567093,0.131799414753914,0.0842205658555031,0.137545615434647,0.308777242898941,0.20725890994072,0.282427847385406,0.0817133784294128,-0.0383478365838528,0.0106569984927773,-0.0302489548921585,0.0981208086013794,0.0995687618851662,0.0989531874656677,0.0599668920040131,0.278698176145554,0.231472387909889,-0.00642184633761644,0.178504124283791,0.084294319152832,0.218368634581566,-0.0772342011332512,0.0557135045528412,0.155132785439491,0.121914468705654,0.0841139405965805,0.0190807990729809,0.0302579142153263,0.00625041546300054,0.0909299701452255,0.0898500755429268,0.216091990470886,0.136297598481178,0.0905022025108337,0.297939896583557,0.136399745941162,0.0192817449569702,0.125297740101814,0.288249462842941,0.13886471092701,0.239403501152992,0.072561614215374,-0.119047030806541,-0.0549240037798882,-0.0907507091760635,0.0732816308736801,0.106109231710434,0.0405816398561001,0.0535854920744896,0.239413604140282,0.162549033761024,-0.0894635319709778,0.0847545266151428,0.0497967638075352,0.187207624316216,-0.105878107249737,0.0550133995711803,0.121818356215954,0.104633018374443,0.0540726967155933
-0.0917816609144211,-0.0794317945837975,-0.018396707251668,-0.00916736572980881,-0.0202935934066772,0.168445318937302,0,-0.0108354045078158,-0.00560673791915178,-0.0439644902944565,-0.109647072851658,-0.0460617914795876,-0.0283721666783094,-0.0282038319855928,0.17556793987751,0.257841050624847,-0.0092876898124814,-0.0307393744587898,0.146681919693947,-0.0379348285496235,0.0477941371500492,0.0293918550014496,0.0723402500152588,0.179756417870522,0.0698182359337807,0.131024733185768,0.00273108365945518,0.0662743076682091,0.013063658028841,0.0439431108534336,0.166269704699516,0.16040925681591,0.0721556097269058,0.0179392751306295,0.0216682702302933,0.0691698864102364,0.0686019584536552,-0.0111827738583088,0.0565540194511414,-0.12742193043232,0.0749821737408638,-0.0321696847677231,-0.00258454284630716,-0.128509983420372,0.0584297403693199,0.0312133058905602,0.233266890048981,-0.0600821934640408,0.042744055390358,0.132621899247169,0.0153935384005308,0.0308996755629778,0.0906436443328857,-0.0506353564560413,-0.0620463490486145,0.0219391956925392,0.0252948887646198,0.158003851771355,-0.0285479724407196,0.0770669355988503,-0.0275066569447517,0.0550026074051857,-0.0210808049887419,0.0408897958695889,0.0941557064652443,0.0865327268838882,0.059983603656292,0.023083508014679,-0.0552797205746174,-0.0199797488749027,-0.0254355352371931,-0.0290729664266109,0.0618246607482433,-0.142073944211006,0.0732859671115875,-0.0526258647441864,-0.0229015424847603,-0.188788563013077,-0.0196333024650812,0.0376978144049644,0.190251365303993,-0.117859452962875,0.0290575604885817,0.109025999903679,0.000853566220030189,-0.000406254053814337
0.0608145222067833,0.0746077448129654,0.152741551399231,0.113270536065102,0.020447164773941,0.0206414666026831,-0.0108354045078158,0,0.0541400834918022,0.041675865650177,0.0789331048727036,0.13390925526619,0.108529828488827,0.0146085629239678,0.0339801460504532,0.000496206746902317,0.111449152231216,0.0664125084877014,-0.0347751677036285,0.0899597927927971,-0.057058073580265,0.0272021628916264,0.00120000576134771,-0.00764350173994899,-0.0404777154326439,-0.0225793588906527,0.0593545883893967,0.0206817761063576,0.0268434248864651,0.0151620069518685,0.0677847489714622,-0.057278860360384,0.0223356410861015,0.0474475957453251,-0.0268253311514854,-0.0845219194889069,-0.0734711512923241,0.0523795783519745,0.0227424614131451,0.0741419643163681,0.012788993306458,0.0499115511775017,0.118813864886761,0.00221330113708973,0.0138352774083614,0.012103509157896,0.00106644036713988,0.002930021379143,-0.00435594702139497,0.000759708520490676,0.0469390265643597,0.0865313708782196,-0.0235176347196102,0.0766546726226807,-0.0387558005750179,0.0284400451928377,-0.00467982282862067,0.00208671274594963,-0.0206427369266748,0.00304402131587267,0.0710845962166786,0.035718809813261,0.0345355346798897,0.00830783788114786,0.0661626309156418,-0.0409911833703518,0.0105617623776197,0.0461917668581009,0.00139084854163229,-0.0848037749528885,-0.0160416215658188,0.0603640489280224,0.0130978468805552,0.0794462338089943,0.0316000021994114,0.0600305609405041,0.102366164326668,0.0217512007802725,0.0350272655487061,0.0100534856319427,0.00994888506829739,0.0550497844815254,-0.0160223692655563,1.4464370906353e-05,0.056914210319519,0.0905286148190498
0.207679852843285,0.223774790763855,0.14449705183506,0.142757028341293,0.0569366775453091,0.0883746296167374,-0.00560673791915178,0.0541400834918022,0,0.221131846308708,0.233075335621834,0.135238140821457,0.135528683662415,0.0521769225597382,0.0747598111629486,-0.022879833355546,0.0488651506602764,0.203073546290398,-0.0479541905224323,0.167015388607979,0.00399830285459757,0.0692293792963028,0.017387755215168,0.00490122195333242,0.02848338522017,0.00279587716795504,0.130239263176918,0.0244398694485426,0.0791007280349731,0.0993632823228836,0.0214119385927916,-0.0563269294798374,0.067336805164814,0.116147868335247,0.0308571700006723,-0.0678665488958359,-0.0183212272822857,0.177007302641869,0.0972687974572182,0.191203117370605,0.0706882998347282,0.153512462973595,0.142245411872864,0.097916416823864,0.0754013061523438,0.0562430359423161,-0.00305548286996782,0.112121373414993,-0.0311095975339413,-0.0225278679281473,0.128698498010635,0.186375096440315,-0.031122088432312,0.176485627889633,0.0432359501719475,0.0636737048625946,0.0267366208136082,-0.0135464780032635,0.0568935871124268,0.0118559831753373,0.149188101291656,0.0165614932775497,0.0924975648522377,0.0893668010830879,0.0623137056827545,-0.0132899153977633,0.0375241562724113,0.0781788229942322,0.08307995647192,-0.0352700538933277,0.0372468046844006,0.18501441180706,0.0741201788187027,0.18761245906353,0.0652499124407768,0.174259141087532,0.141022622585297,0.10590174049139,0.125129193067551,0.0239601470530033,-0.00460262130945921,0.147952064871788,-0.037414938211441,-0.00679064635187387,0.130406603217125,0.178502053022385
0.722108125686646,0.351944297552109,0.287410289049149,0.259883493185043,0.0971445813775063,0.0513122975826263,-0.0439644902944565,0.041675865650177,0.221131846308708,0,0.325144708156586,0.280137717723846,0.220743805170059,0.101982846856117,0.0415776297450066,-0.0576487258076668,0.0351508297026157,0.229055255651474,-0.0691344738006592,0.237230986356735,0.237531155347824,0.0235877260565758,0.0450494103133678,-0.0768394693732262,0.184473767876625,0.217518344521523,0.138034045696259,-0.058416660875082,0.199608162045479,0.0202946439385414,-0.0291065741330385,0.0375204011797905,0.0353222414851189,0.199963122606277,0.208141565322876,0.076744519174099,0.172146528959274,0.133941978216171,0.26716735959053,0.311916351318359,0.277096837759018,0.224709421396255,0.0820017158985138,0.442302107810974,0.254127651453018,0.263099193572998,-0.123242579400539,0.386077612638474,-0.0257379934191704,-0.0103539302945137,0.0390692017972469,0.22739152610302,-0.137175247073174,0.179796814918518,0.117995113134384,0.0143176596611738,0.022018114104867,-0.0952356308698654,0.0939006209373474,0.112445004284382,0.0965636596083641,-0.0329090990126133,0.0968401730060577,0.0182681083679199,-0.0286111775785685,-0.00771218910813332,0.0233307424932718,0.14053176343441,0.140302732586861,0.0194176807999611,0.0441900417208672,0.15520104765892,0.151470556855202,0.272465437650681,0.167984187602997,0.145443126559258,0.0566370487213135,0.231626912951469,0.0790732726454735,0.110472269356251,-0.112286083400249,0.332753241062164,-0.049959160387516,-0.0626201331615448,0.0512326173484325,0.194722175598145
0.414122641086578,0.504912614822388,0.278604716062546,0.281000882387161,0.106004126369953,-0.0030448455363512,-0.109647072851658,0.0789331048727036,0.233075335621834,0.325144708156586,0,0.329460114240646,0.306528866291046,0.116229511797428,-0.0126574765890837,-0.113394670188427,0.0983811244368553,0.259331732988358,-0.187342867255211,0.29488343000412,-0.0234921406954527,0.0801316276192665,0.0140762692317367,-0.0698313340544701,0.00805806089192629,-0.0277418941259384,0.155874744057655,0.0635457038879395,0.127268299460411,0.113990515470505,-0.0625661611557007,-0.189497396349907,0.0133898118510842,0.127552792429924,0.0135762114077806,-0.150237143039703,-0.0708849728107452,0.245299234986305,0.0571230687201023,0.356795936822891,0.0592071674764156,0.203168526291847,0.19547800719738,0.189469620585442,0.0775408893823624,0.0849703848361969,-0.166611224412918,0.209347322583199,-0.0876996070146561,-0.0788047537207603,0.172381967306137,0.279055863618851,-0.137598320841789,0.305626511573792,0.14320582151413,0.0878630727529526,0.00572068430483341,-0.100821502506733,0.141609966754913,-0.0131703149527311,0.205810263752937,0.0400565378367901,0.185452297329903,0.077813096344471,-0.00317224720492959,-0.0677972510457039,0.00494867051020265,0.134077787399292,0.224296823143959,-0.0127113917842507,0.138533145189285,0.28693899512291,0.0405015386641026,0.405944287776947,0.099538080394268,0.269050091505051,0.212315455079079,0.298597753047943,0.259671568870544,0.0651909485459328,-0.147231668233871,0.299676775932312,-0.0420139320194721,-0.106557205319405,0.173668444156647,0.302185893058777
0.356139123439789,0.266659379005432,0.593104183673859,0.385287135839462,0.115896008908749,0.0203380677849054,-0.0460617914795876,0.13390925526619,0.135238140821457,0.280137717723846,0.329460114240646,0,0.413990050554276,0.0871254876255989,0.0225953180342913,-0.0305608864873648,0.151375651359558,0.156165048480034,-0.0749993175268173,0.208279892802238,0.0556779466569424,-0.023385277017951,-0.00729653052985668,-0.0627991333603859,-0.0121964747086167,0.0174068957567215,0.0839747190475464,0.00775010278448462,0.185498863458633,-0.000480094196973369,-0.0525209568440914,-0.134791821241379,-0.0333021767437458,0.0299449898302555,0.184290751814842,-0.0545549169182777,0.107274368405342,0.0954529717564583,-0.00724570453166962,0.229989737272263,0.0503761954605579,0.0711694583296776,0.17569588124752,0.221327036619186,0.113891251385212,0.0658666491508484,-0.105007380247116,0.177033469080925,-0.0834222808480263,-0.0686667189002037,0.0633293986320496,0.187863871455193,-0.0229841992259026,0.239413872361183,0.177296742796898,-0.0479720160365105,0.0213790144771338,-0.0795904695987701,0.071944534778595,0.0458452254533768,0.0867170691490173,-0.0127847464755177,0.232751548290253,-0.023958982899785,-0.00052372639765963,-0.0542293377220631,-0.000244475901126862,0.0359377786517143,0.273460030555725,0.0424773022532463,0.221417725086212,0.107968010008335,-0.0567141063511372,0.268369644880295,0.0676726922392845,0.120184414088726,0.186440080404282,0.275961697101593,0.222146779298782,0.0233032945543528,-0.0955801606178284,0.230123221874237,-0.0576763451099396,-0.0562495701014996,0.0569340959191322,0.212694630026817
0.29983252286911,0.257177382707596,0.391921877861023,0.656291365623474,0.17194277048111,-0.00103541382122785,-0.0283721666783094,0.108529828488827,0.135528683662415,0.220743805170059,0.306528866291046,0.413990050554276,0,0.147329464554787,0.00394474947825074,-0.00706453621387482,0.121451675891876,0.161011278629303,-0.0583731718361378,0.270672410726547,-0.0455377548933029,0.0262032859027386,0.0142326522618532,-0.031588964164257,-0.0961508899927139,-0.00786613579839468,-0.0040988065302372,0.0398844070732594,0.136382043361664,0.0368413999676704,-0.0683337152004242,-0.167514845728874,-0.0236153155565262,0.155768275260925,0.135318994522095,-0.110237203538418,0.047799002379179,0.124431021511555,0.0932163298130035,0.221308887004852,0.194842621684074,0.0247879419475794,0.117384903132915,0.132419869303703,0.115182682871819,0.0919435098767281,-0.0562006644904613,0.217285692691803,-0.0826751887798309,-0.0469859279692173,0.114719361066818,0.313043504953384,0.00936133973300457,0.286660462617874,0.0280531998723745,0.0196527168154716,0.0142355104908347,-0.0311849359422922,-0.0385025888681412,0.0183604452759027,0.0123862810432911,0.0339606218039989,0.187107369303703,0.0199488755315542,-0.0383553430438042,-0.115266084671021,-0.00572665315121412,0.14912024140358,0.279601365327835,-0.0385132990777493,0.181297868490219,0.144181862473488,0.0910374075174332,0.251747786998749,0.262380242347717,0.077262319624424,0.133614435791969,0.196528479456902,0.188633799552917,0.0850484520196915,-0.0226891431957483,0.309633642435074,-0.0898994356393814,-0.0507665909826756,0.114160478115082,0.368135541677475
0.115033306181431,0.102744780480862,0.0705904364585876,0.126367807388306,0.0471787340939045,-0.0178091395646334,-0.0282038319855928,0.0146085629239678,0.0521769225597382,0.101982846856117,0.116229511797428,0.0871254876255989,0.147329464554787,0,-0.0115737291052938,-0.0293341409415007,0.0070890816859901,0.0950047001242638,-0.024909844622016,0.133333891630173,-0.0431820303201675,0.0187980923801661,0.01184933912009,-0.0215785149484873,-0.0293239485472441,-0.0224677659571171,0.0143923619762063,-0.0115095507353544,0.0331716313958168,0.0194036085158587,-0.031563438475132,-0.0583147294819355,0.000329269096255302,0.0587450191378593,0.0209343768656254,-0.0476112924516201,-0.0110635850578547,0.063390389084816,0.0597851127386093,0.0905461609363556,0.0626369789242744,0.0414799451828003,0.0581571981310844,0.0427744872868061,0.0469260215759277,0.0173607971519232,-0.0180113986134529,0.0827480629086494,-0.0424822568893433,-0.0118330037221313,0.0760757997632027,0.124336667358875,-0.0140464454889297,0.105895474553108,0.00210077664814889,0.0177392493933439,0.000818713393528014,-0.024324607104063,-0.0032646032050252,-0.014742523431778,0.0302090235054493,-0.0124015528708696,0.0317425057291985,0.0230820439755917,-0.0107662295922637,-0.032162569463253,-0.00518997013568878,0.0703338533639908,0.0795230343937874,-0.0351274758577347,0.0548577159643173,0.077295295894146,0.0642508640885353,0.0938568115234375,0.0831690803170204,0.0516023449599743,0.0719329342246056,0.0657052993774414,0.0909732282161713,0.00613822508603334,-0.016983387991786,0.119299948215485,-0.0285366587340832,-0.0265610162168741,0.0647650957107544,0.136956498026848
-0.00376552809029818,-0.00276255002245307,0.027629679068923,0.00472404155880213,-0.00472091929987073,0.44810739159584,0.17556793987751,0.0339801460504532,0.0747598111629486,0.0415776297450066,-0.0126574765890837,0.0225953180342913,0.00394474947825074,-0.0115737291052938,0,0.221877157688141,0.0417111590504646,0.0694477781653404,0.0423068068921566,0.0419325530529022,0.127671420574188,0.094848170876503,0.113080106675625,0.236163750290871,0.233782291412354,0.12457699328661,0.329479426145554,0.12603971362114,0.0890491530299187,0.118144690990448,0.315060704946518,0.174325451254845,0.281250834465027,0.0816827714443207,-0.0438455045223236,-0.0230428148061037,-0.0565314441919327,0.0816865414381027,0.0900545492768288,0.0802084431052208,0.0641647502779961,0.264590889215469,0.242243096232414,-0.0281672812998295,0.163297683000565,0.0767379477620125,0.213212057948112,-0.0876862779259682,0.0421567745506763,0.134742915630341,0.104809507727623,0.0889852494001389,0.0282061155885458,0.0508103035390377,0.0533603355288506,0.0865004882216454,0.10413796454668,0.229518502950668,0.164256498217583,0.127942204475403,0.311112195253372,0.111689865589142,0.0614469237625599,0.110540047287941,0.281428337097168,0.158837661147118,0.282475233078003,0.0684993639588356,-0.0872913300991058,-0.0541902184486389,-0.0696188360452652,0.0708140954375267,0.11598014831543,0.0671924948692322,0.0563986152410507,0.260279446840286,0.184422701597214,-0.0623388439416885,0.112305328249931,0.0670536756515503,0.206993490457535,-0.0785049945116043,0.0363725870847702,0.139476552605629,0.106512077152729,0.0848517790436745
-0.0967951864004135,-0.0977673977613449,-0.0313700586557388,-0.0157935842871666,-0.0293541308492422,0.175044924020767,0.257841050624847,0.000496206746902317,-0.022879833355546,-0.0576487258076668,-0.113394670188427,-0.0305608864873648,-0.00706453621387482,-0.0293341409415007,0.221877157688141,0,0.0144440634176135,-0.00898721069097519,0.109569549560547,-0.0343239307403564,0.0411092489957809,0.0258947350084782,0.0737716257572174,0.171715453267097,0.0478919818997383,0.118663214147091,-0.00679441308602691,0.0243870969861746,0.0137499095872045,0.0359994955360889,0.137614876031876,0.117668561637402,0.0998929291963577,0.021533515304327,0.00472706137225032,0.0346131138503551,0.039740789681673,-0.0496097765862942,0.0429655276238918,-0.114787764847279,0.0724685937166214,-0.0292679890990257,0.00341213052161038,-0.113990671932697,0.0372632667422295,0.0335224755108356,0.201246082782745,-0.0678141042590141,0.0404343195259571,0.107087336480618,0.0133731188252568,0.0293240435421467,0.0993634760379791,-0.0356189571321011,-0.0222609061747789,0.0189762394875288,0.0430088341236115,0.178219527006149,-0.00232586916536093,0.119963116943836,-0.0238596331328154,0.0186281763017178,0.00107729947194457,0.0298459529876709,0.103307463228703,0.0870772302150726,0.104793220758438,0.0233680717647076,-0.0168211348354816,-0.0120134679600596,0.0113397128880024,-0.0609282366931438,0.0602099187672138,-0.130860477685928,0.0800471976399422,-0.0431633777916431,-0.0271554086357355,-0.141798362135887,-0.00745333079248667,0.0421840250492096,0.211119920015335,-0.0796797499060631,0.0309243258088827,0.128844991326332,0.000833436672110111,0.0246238615363836
0.0428305976092815,0.0594556853175163,0.124456815421581,0.0989462286233902,0.0253440998494625,0.0412424206733704,-0.0092876898124814,0.111449152231216,0.0488651506602764,0.0351508297026157,0.0983811244368553,0.151375651359558,0.121451675891876,0.0070890816859901,0.0417111590504646,0.0144440634176135,0,0.0705996230244637,-0.0282366462051868,0.0890145674347878,-0.0481407530605793,0.0317020788788795,0.0151289505884051,-0.0043409070931375,-0.0137748131528497,-0.0342513732612133,0.0808111801743507,0.033647183328867,0.0204093791544437,0.0334269963204861,0.053736113011837,-0.0665757581591606,0.0101297590881586,0.0317533686757088,-0.0231297835707664,-0.0772962868213654,-0.0603554211556911,0.0505503639578819,0.00521434424445033,0.0702384933829308,-0.00450428249314427,0.0744931846857071,0.124168932437897,-0.00936881359666586,0.0200847536325455,0.00632687332108617,0.00743056647479534,-0.0279053784906864,-0.0147438729181886,-0.0157735757529736,0.0429534278810024,0.061102606356144,-0.0179655179381371,0.077450692653656,-0.0369491539895535,0.0320279970765114,0.00897545274347067,0.0202939379960299,-0.0174446310847998,-0.0132311582565308,0.0724861547350883,0.0279963780194521,0.0261378064751625,0.0246090851724148,0.0500261671841145,-0.0352524593472481,0.0247531365603209,0.0359264351427555,-0.010403155349195,-0.0988162979483604,-0.0276129189878702,0.0534371398389339,-0.00548635795712471,0.0753831714391708,-0.00108446506783366,0.0745874717831612,0.118464574217796,0.0204216483980417,0.0175072550773621,0.00588050344958901,0.0171981323510408,0.0162679497152567,-0.017258282750845,-0.00304938736371696,0.0469828248023987,0.0712039470672607
0.264743089675903,0.215989172458649,0.156052559614182,0.150499731302261,0.0644401460886002,0.0729386582970619,-0.0307393744587898,0.0664125084877014,0.203073546290398,0.229055255651474,0.259331732988358,0.156165048480034,0.161011278629303,0.0950047001242638,0.0694477781653404,-0.00898721069097519,0.0705996230244637,0,-0.059544712305069,0.168931066989899,0.0322396941483021,0.0555475726723671,0.0382329858839512,0.0120073836296797,0.0580102242529392,0.0281505603343248,0.124192863702774,0.0286117475479841,0.0945897400379181,0.0933775156736374,0.0133526381105185,-0.0287696700543165,0.0723589137196541,0.101265452802181,0.0224659703671932,-0.0598167888820171,-0.0108917187899351,0.170180559158325,0.0823923423886299,0.192880049347878,0.0634682402014732,0.161164700984955,0.13809971511364,0.113373257219791,0.0814865976572037,0.0629718750715256,0.0123186288401484,0.13697062432766,-0.0379076153039932,0.0262579005211592,0.172317340970039,0.196604043245316,-0.00620293850079179,0.186591058969498,0.0986333116889,0.0669295489788055,0.0231911856681108,0.0081150233745575,0.10822719335556,0.0347337052226067,0.153002500534058,0.0291358307003975,0.119062297046185,0.085465133190155,0.0633475407958031,0.0196760892868042,0.0573598220944405,0.110465675592422,0.117647275328636,0.00859131757169962,0.0831004157662392,0.18908628821373,0.076776959002018,0.207002446055412,0.0857340767979622,0.196037486195564,0.146273851394653,0.150005668401718,0.165706321597099,0.0587911866605282,0.0181983467191458,0.177033498883247,-0.00157549942377955,-0.00106611440423876,0.141517579555511,0.218558788299561
-0.150267362594604,-0.108457528054714,-0.0340976901352406,-0.0551849268376827,-0.0173513684421778,0.0564093627035618,0.146681919693947,-0.0347751677036285,-0.0479541905224323,-0.0691344738006592,-0.187342867255211,-0.0749993175268173,-0.0583731718361378,-0.024909844622016,0.0423068068921566,0.109569549560547,-0.0282366462051868,-0.059544712305069,0,-0.0289953146129847,0.220776259899139,0.0575459413230419,0.0402223318815231,0.255736231803894,0.180751785635948,0.265805393457413,-0.185626208782196,0.0788014605641365,0.0789097622036934,0.0853283852338791,-0.00201038923114538,0.537881970405579,-0.00528625631704926,-0.00708445580676198,0.512888252735138,0.209222957491875,0.554942488670349,-0.0186611767858267,0.0751519426703453,-0.105187959969044,0.19386413693428,-0.0753289088606834,-0.146648287773132,0.0208584293723106,0.173391759395599,0.0934601500630379,0.737137198448181,0.249276638031006,0.1050064265728,0.151229083538055,0.182100027799606,0.14260695874691,0.67177402973175,-0.0377825424075127,0.0421620793640614,0.0390257611870766,0.020219761878252,0.220303058624268,0.0253970865160227,0.189758822321892,-0.215624302625656,0.0823244526982307,0.0232993774116039,0.0775467231869698,-0.0768294110894203,0.309271425008774,0.0221620909869671,0.00887673534452915,0.262894093990326,0.153854072093964,0.277283787727356,-0.0584028027951717,0.117208018898964,-0.170907065272331,0.14538611471653,-0.133649066090584,-0.129028871655464,-0.0881175100803375,0.0290165767073631,0.066021628677845,0.631805062294006,0.0715665817260742,0.0561995320022106,0.157810613512993,0.174805104732513,0.109071142971516
0.240940049290657,0.269676387310028,0.204097986221313,0.296224743127823,0.108624830842018,0.0415767133235931,-0.0379348285496235,0.0899597927927971,0.167015388607979,0.237230986356735,0.29488343000412,0.208279892802238,0.270672410726547,0.133333891630173,0.0419325530529022,-0.0343239307403564,0.0890145674347878,0.168931066989899,-0.0289953146129847,0,-0.110269099473953,0.175705298781395,0.0500668026506901,0.0279997121542692,-0.117122903466225,-0.0113434102386236,0.0139780966565013,0.0371918939054012,0.215293124318123,0.198954537510872,-0.093062050640583,-0.266328126192093,0.0136805949732661,0.396097332239151,0.198887586593628,-0.216968715190887,0.0250297617167234,0.296329230070114,0.316933810710907,0.427569806575775,0.399556189775467,0.0975616425275803,0.285148918628693,0.266546815633774,0.326716899871826,0.269530206918716,0.0504026226699352,0.389100700616837,-0.125799626111984,-0.0452442318201065,0.29234716296196,0.568917691707611,0.0351928696036339,0.590470850467682,-0.0971856489777565,0.185060605406761,0.0106977606192231,0.0111773861572146,-0.106426544487476,0.0112932100892067,0.0584697239100933,0.0432335250079632,0.189212277531624,0.171972662210464,-0.0432450585067272,-0.233482375741005,0.0319791994988918,0.375332087278366,0.309743583202362,-0.223782777786255,0.117506764829159,0.297683566808701,0.267774254083633,0.4443219602108,0.393523424863815,0.158393070101738,0.276752859354019,0.24482923746109,0.297627002000809,0.218823835253716,0.0469619669020176,0.470438987016678,-0.161967173218727,-0.0801142752170563,0.243064910173416,0.560355544090271
0.0507410503923893,0.0342884361743927,0.107983805239201,-0.0418488346040249,-0.00420177867636085,0.143973723053932,0.0477941371500492,-0.057058073580265,0.00399830285459757,0.237531155347824,-0.0234921406954527,0.0556779466569424,-0.0455377548933029,-0.0431820303201675,0.127671420574188,0.0411092489957809,-0.0481407530605793,0.0322396941483021,0.220776259899139,-0.110269099473953,0,-0.138182044029236,0.0679746940732002,0.180299550294876,0.701864898204803,0.546515703201294,0.195243239402771,-0.0695674642920494,0.273470312356949,-0.0897807329893112,0.116882234811783,0.490232318639755,0.158355757594109,-0.0888260900974274,0.541057288646698,0.442969590425491,0.525042057037354,-0.123775281012058,-0.0203403457999229,0.100530609488487,0.112395338714123,0.308180958032608,-0.0400086529552937,0.693966627120972,0.393239706754684,0.356299012899399,0.0733615010976791,0.435190439224243,0.0273537952452898,0.0124060194939375,-0.0128872878849506,-0.0527318306267262,0.0380464196205139,-0.106789529323578,0.656437277793884,-0.187604740262032,0.0592310465872288,0.0955140367150307,0.52150559425354,0.291249603033066,0.0634024813771248,-0.042616244405508,0.0974283665418625,-0.0835805237293243,0.0584174022078514,0.32211622595787,0.115937031805515,-0.0769830644130707,0.250683069229126,0.346519768238068,0.20781321823597,-0.129422947764397,-0.0124275768175721,-0.00405140221118927,0.0284111797809601,0.164074793457985,-0.111036323010921,0.284723997116089,0.09522395581007,0.14959591627121,0.0498550534248352,0.0735016837716103,0.0676172897219658,0.018950529396534,-0.00915670674294233,-0.100836537778378
-0.0190795343369246,0.103534087538719,0.00662649422883987,0.0347240120172501,0.005471748765558,0.110591225326061,0.0293918550014496,0.0272021628916264,0.0692293792963028,0.0235877260565758,0.0801316276192665,-0.023385277017951,0.0262032859027386,0.0187980923801661,0.094848170876503,0.0258947350084782,0.0317020788788795,0.0555475726723671,0.0575459413230419,0.175705298781395,-0.138182044029236,0,0.020717091858387,0.337773978710175,0.0734272226691246,-0.120760090649128,0.142883971333504,0.265471369028091,0.0449030883610249,0.91625040769577,0.0209740661084652,-0.134803012013435,0.165774047374725,0.374546676874161,-0.0694988071918488,-0.176067516207695,-0.122844025492668,0.868298411369324,0.329671382904053,0.0963833853602409,0.299924075603485,0.298624813556671,0.0760291218757629,-0.0139823043718934,0.090479776263237,0.642059326171875,0.190692529082298,0.0344161801040173,-0.0272610541433096,0.0178000349551439,0.222529038786888,0.247968420386314,0.0831260606646538,0.158304244279861,-0.247413575649261,0.971652209758759,0.0108491545543075,0.382694184780121,-0.0440094694495201,-0.0579752139747143,0.168733075261116,0.330255508422852,-0.00721823843196034,0.903460443019867,-0.00445822486653924,-0.177379846572876,0.169850096106529,0.34692645072937,-0.101615875959396,-0.239493295550346,-0.152916178107262,0.829028189182281,0.365521520376205,0.0896691679954529,0.311879396438599,0.315577119588852,0.0832854956388474,-0.0892776474356651,-0.00475051207467914,0.583367943763733,0.17000986635685,0.0656659975647926,-0.0708906948566437,0.0192721541970968,0.18080373108387,0.221020326018333
0.0219900757074356,0.0170562155544758,0.00912822131067514,0.00972171779721975,0.0118709653615952,0.139708608388901,0.0723402500152588,0.00120000576134771,0.017387755215168,0.0450494103133678,0.0140762692317367,-0.00729653052985668,0.0142326522618532,0.01184933912009,0.113080106675625,0.0737716257572174,0.0151289505884051,0.0382329858839512,0.0402223318815231,0.0500668026506901,0.0679746940732002,0.020717091858387,0,0.162403404712677,0.110363222658634,0.141787961125374,0.0621148906648159,0.0385643392801285,0.0964837297797203,0.044221043586731,0.0956365242600441,0.106705397367477,0.101219572126865,0.0291485916823149,0.0618883445858955,0.0364635549485683,0.0684239268302917,0.0266657322645187,0.048336461186409,0.043196514248848,0.0554597675800323,0.048066895455122,0.0609591379761696,0.0412933044135571,0.0691578388214111,0.0874717980623245,0.107019789516926,0.0625158324837685,0.0300885085016489,0.102627620100975,0.0528137497603893,0.100387863814831,0.0184218268841505,0.0262506119906902,0.0387906990945339,0.00904982723295689,0.0530878566205502,0.131773099303246,0.0792912244796753,0.111186750233173,0.0619047060608864,0.0281559340655804,0.061258852481842,0.0439806170761585,0.0871916264295578,0.0751092955470085,0.0858414471149445,0.00793152768164873,0.0534176044166088,0.0167790558189154,0.0422601029276848,0.0197307206690311,0.0363725796341896,0.0343169160187244,0.0460763648152351,0.0629270225763321,0.0342506729066372,-0.00535764219239354,0.0478440932929516,0.0731906592845917,0.0803459212183952,0.0393005982041359,0.016423063352704,0.0495962090790272,0.0320964828133583,0.0913430750370026
-0.0612923800945282,-0.0485074259340763,-0.0419794395565987,-0.0231618657708168,-0.0116445142775774,0.225982919335365,0.179756417870522,-0.00764350173994899,0.00490122195333242,-0.0768394693732262,-0.0698313340544701,-0.0627991333603859,-0.031588964164257,-0.0215785149484873,0.236163750290871,0.171715453267097,-0.0043409070931375,0.0120073836296797,0.255736231803894,0.0279997121542692,0.180299550294876,0.337773978710175,0.162403404712677,0,0.333430588245392,0.362356811761856,0.0809750109910965,0.55135041475296,0.0992209985852242,0.53021240234375,0.181667596101761,0.201840460300446,0.334990322589874,0.110268972814083,0.119891278445721,0.0295675415545702,0.0918851941823959,0.296833395957947,0.10688828676939,-0.0498733855783939,0.150022566318512,0.116319671273232,0.0415282659232616,-0.0148508697748184,0.0883251950144768,0.505419731140137,0.342969089746475,0.0143902329728007,0.0719965770840645,0.15287783741951,0.124724335968494,0.144379794597626,0.248335093259811,0.048987127840519,0.0476397983729839,0.311514496803284,0.10589786618948,0.816363871097565,0.21123418211937,0.366869509220123,0.0802851021289825,0.51294332742691,0.075684517621994,0.527022361755371,0.142121493816376,0.196016848087311,0.354669332504272,0.117888860404491,0.106440782546997,-0.0265182517468929,0.125835955142975,0.222463473677635,0.150428041815758,-0.0374604389071465,0.182325080037117,0.159517645835876,0.0363016910851002,-0.0699420794844627,0.0528641752898693,0.507933616638184,0.279043942689896,0.00822271872311831,0.0508562289178371,0.136784464120865,0.0940308049321175,0.107019655406475
