0,0.323037981987,0.259684503078461,0.25812554359436,0.0800329074263573,-0.00569185521453619,-0.0797416269779205,0.0573542378842831,0.206675499677658,0.709151864051819,0.404627412557602,0.350712805986404,0.273291230201721,0.106036052107811,0.0083492286503315,-0.082721434533596,0.0381207726895809,0.255753368139267,-0.172210812568665,0.223415538668633,0.0794536545872688,-0.0156082082539797,0.0254239197820425,-0.0381591767072678,0.0710759088397026,0.151608720421791,0.0970981493592262,0.0622280240058899,0.202168628573418,0.00723928213119507,-0.149544075131416,-0.125634551048279,0.0107053490355611,0.107704006135464,0.105390012264252,-0.0412186980247498,0.0266398675739765,0.111277177929878,0.0627415627241135,0.356534093618393,0.0832977145910263,0.196120798587799,0.0782866925001144,0.364774912595749,0.036335788667202,0.202791050076485,-0.16422264277935,0.338561922311783,-0.102760285139084,-0.0631291791796684,0.0195920057594776,0.226158544421196,-0.0435124225914478,0.26338592171669,0.430528074502945,-0.01329087279737,0.042355228215456,-0.0599390789866447,0.393171310424805,0.263377994298935,0.190243288874626,0.0217328947037458,0.328484117984772,-0.0305371154099703,-0.0258581582456827,0.127078115940094,0.0361547768115997,0.13318894803524,0.39217683672905,0.207064688205719,0.299473762512207,0.124593175947666,0.0710801854729652,0.439085960388184,0.182953074574471,0.32851380109787,0.164066731929779,0.597058713436127,0.395358771085739,0.212027460336685,-0.11212296038866,0.517171800136566,0.00205327291041613,-0.0783399194478989,0.0439248904585838,0.274704903364182
0.323037981987,0,0.250724256038666,0.266180485486984,0.114782489836216,0.0228531379252672,-0.0686168745160103,0.0715351104736328,0.220689758658409,0.340597927570343,0.472987413406372,0.265101671218872,0.253069639205933,0.0952367931604385,0.00769455265253782,-0.0869313180446625,0.0495936423540115,0.206776529550552,-0.0938962176442146,0.25142914056778,0.0690251588821411,0.0810066908597946,0.0233727768063545,-0.0272642206400633,0.0836361199617386,0.0766069516539574,0.139165267348289,0.082737110555172,0.158651411533356,0.130861863493919,-0.0265376456081867,-0.0877312868833542,0.0229897145181894,0.157429471611977,0.139910861849785,-0.055833850055933,0.03204345703125,0.219974234700203,0.136153027415276,0.322413206100464,0.134009823203087,0.195493921637535,0.151228278875351,0.225358173251152,0.175919026136398,0.136744573712349,-0.0914087221026421,0.24168948829174,-0.0466822236776352,-0.0494942367076874,0.159510478377342,0.288162678480148,-0.105241134762764,0.2500961124897,0.0757241249084473,0.0824337154626846,0.0256311539560556,-0.0544368252158165,0.0814801007509232,0.0156339406967163,0.12638333439827,0.068933479487896,0.135198801755905,0.0874052494764328,-0.011037228628993,-0.0734799355268478,0.000355094642145559,0.0969118475914001,0.175072357058525,-0.0293718706816435,0.0848963558673859,0.252327084541321,0.0897750928997993,0.300831139087677,0.107469826936722,0.189261242747307,0.143107891082764,0.187759652733803,0.169466108083725,0.0707337334752083,-0.10296294093132,0.227039411664009,-0.0502909906208515,-0.0652112886309624,0.141690760850906,0.25902271270752
0.259684503078461,0.250724256038666,0,0.376740843057632,0.100589089095592,0.0426793023943901,-0.0174245405942202,0.141005352139473,0.146666914224625,0.282577723264694,0.268574923276901,0.582093000411987,0.365430176258087,0.0660931840538979,0.037565041333437,-0.0341261997818947,0.115965269505978,0.152203500270844,-0.0332020223140717,0.20107789337635,0.139012396335602,0.0117489630356431,0.0128363212570548,-0.0223697628825903,0.0460042022168636,0.0695464313030243,0.0880327075719833,0.0142741622403264,0.209065422415733,0.036714218556881,0.000425970152718946,-0.0647860020399094,-0.0197617989033461,0.0456878133118153,0.243921756744385,-0.00485397409647703,0.151329919695854,0.0968671962618828,0.0125721553340554,0.196523278951645,0.0846483483910561,0.0957335606217384,0.171676635742188,0.260792374610901,0.212800115346909,0.0677751749753952,-0.0654464736580849,0.184470906853676,-0.0520469546318054,-0.0499194227159023,0.0671338066458702,0.184934541583061,-0.0281132683157921,0.174783423542976,0.118401192128658,-0.00409783842042089,0.0377718694508076,-0.05288465321064,0.0363629087805748,0.0297898687422276,0.0688691139221191,0.013150891289115,0.166251122951508,0.000757062807679176,0.00453372951596975,-0.0745631083846092,-0.00645630666986108,0.0271146111190319,0.200328290462494,-0.0163529366254807,0.140973433852196,0.105711609125137,-0.00587271293625236,0.190751418471336,0.0890501216053963,0.0814938694238663,0.125525042414665,0.175788477063179,0.161352843046188,0.0135998092591763,-0.0691064596176147,0.172399923205376,-0.0564249008893967,-0.056882981210947,0.079373762011528,0.172233104705811
0.25812554359436,0.266180485486984,0.376740843057632,0,0.187588170170784,0.0189140494912863,-0.000874088844284415,0.100900061428547,0.141922280192375,0.243463516235352,0.275276154279709,0.365688264369965,0.639711797237396,0.123480588197708,0.0135645102709532,-0.010752254165709,0.0917676612734795,0.144131526350975,-0.0348951816558838,0.290835052728653,-0.0228539295494556,0.0528450943529606,0.0117006739601493,-0.000110998749732971,-0.0841865316033363,0.0216369181871414,0.00306474533863366,0.0387554056942463,0.144579336047173,0.0647850185632706,-0.0281715337187052,-0.154409155249596,-0.0178016573190689,0.191330015659332,0.19078853726387,-0.0964940786361694,0.075339749455452,0.137601375579834,0.20453804731369,0.189750984311104,0.304818987846375,0.0352212376892567,0.114625200629234,0.150981172919273,0.172790378332138,0.136987298727036,0.00400958303362131,0.259852021932602,-0.0730326175689697,-0.0204657595604658,0.131705120205879,0.353233963251114,0.000505896226968616,0.278117388486862,0.0167882293462753,0.0520358048379421,0.0188241936266422,-0.019267687574029,-0.0393226109445095,-0.0090293763205409,0.0169314965605736,0.0340928956866264,0.15155753493309,0.0430961363017559,-0.0227631274610758,-0.131252244114876,0.0148308100178838,0.156051427125931,0.27036240696907,-0.0582880489528179,0.159147754311562,0.152978211641312,0.146217972040176,0.236181557178497,0.293548196554184,0.0762558281421661,0.123133271932602,0.177019655704498,0.18920610845089,0.112312942743301,-0.0160133335739374,0.317053973674774,-0.069591335952282,-0.051972396671772,0.132156729698181,0.347739785909653
0.0800329074263573,0.114782489836216,0.100589089095592,0.187588170170784,0,-0.00599794555455446,-0.0211355276405811,0.0169389061629772,0.0534441471099854,0.0885399132966995,0.0974016487598419,0.106240056455135,0.164113998413086,0.0425101965665817,-0.00594934122636914,-0.0240923445671797,0.015212113969028,0.0573781691491604,-0.0149489277973771,0.100961603224277,0.00562423607334495,0.0107567068189383,0.0120884049683809,-0.00531031517311931,-0.0125287072733045,0.0070461668074131,-0.00831019412726164,-0.00939914863556623,0.0704468339681625,0.0154757108539343,-0.0291416104882956,-0.0354274064302444,-0.00789091642946005,0.0209506172686815,0.073974534869194,0.00266374764032662,0.052790928632021,0.0545508451759815,0.0717457756400108,0.0849611237645149,0.0923942476511002,0.0110033778473735,0.0479529798030853,0.0708197727799416,0.0690573155879974,0.0207786615937948,0.00919584184885025,0.108614362776279,-0.030167680233717,-0.0232868772000074,0.0607099868357182,0.141152873635292,-0.00841626897454262,0.109236069023609,-0.0113513423129916,0.00298414705321193,-0.0112950811162591,-0.0255293194204569,-0.0282656606286764,-0.00854124967008829,-0.00574024626985192,-0.00600529974326491,0.0583342984318733,0.00130157289095223,-0.0259367600083351,-0.044932197779417,-0.0117034884169698,0.0285765659064054,0.0901356264948845,-0.00694599654525518,0.0623013898730278,0.0545725859701633,0.0586328580975533,0.0730426833033562,0.0821026340126991,0.00335919996723533,0.0225463379174471,0.0457877740263939,0.0534044578671455,-0.000526714080478996,-0.0107617015019059,0.104751154780388,-0.03730658441782,-0.0217808447778225,0.0410929657518864,0.126706376671791
-0.00569185521453619,0.0228531379252672,0.0426793023943901,0.0189140494912863,-0.00599794555455446,0,0.167485445737839,0.0223079118877649,0.0934171602129936,0.0742105171084404,0.01196014508605,0.0345247201621532,0.0102667137980461,-0.0160997398197651,0.442364782094955,0.167733371257782,0.0472682453691959,0.079255536198616,0.0595969371497631,0.0452727079391479,0.154907077550888,0.0848327428102493,0.138784795999527,0.214120298624039,0.244177117943764,0.126954600214958,0.350906819105148,0.101977162063122,0.0877498611807823,0.110017664730549,0.30853483080864,0.211118519306183,0.275743305683136,0.0706342607736588,-0.0326579324901104,0.0276474598795176,-0.0281425211578608,0.0761056691408157,0.0839285999536514,0.106283344328403,0.0478595718741417,0.272104948759079,0.241285890340805,0.0126989828422666,0.183701515197754,0.0680084079504013,0.199402183294296,-0.0741205662488937,0.066754475235939,0.152274966239929,0.110027737915516,0.0795497596263885,0.0227818433195353,0.0285500641912222,0.00688167614862323,0.0646422281861305,0.0858173295855522,0.195095181465149,0.117028847336769,0.0872809737920761,0.295482307672501,0.106549978256226,0.0138762574642897,0.0949687957763672,0.284208178520203,0.131210893392563,0.237284719944,0.0712542310357094,-0.122681051492691,-0.0631068050861359,-0.102037608623505,0.0541533716022968,0.0850874707102776,0.0390793085098267,0.0437251664698124,0.216306701302528,0.160729765892029,-0.0884064510464668,0.0658074617385864,0.0284481309354305,0.172598317265511,-0.110204719007015,0.0517182014882565,0.118841789662838,0.103971607983112,0.0479111224412918
-0.0797416269779205,-0.0686168745160103,-0.0174245405942202,-0.000874088844284415,-0.0211355276405811,0.167485445737839,0,-0.0105755114927888,-0.00325343362055719,-0.0267086084932089,-0.0905634164810181,-0.0415367297828197,-0.0159932076931,-0.0219877194613218,0.170942738652229,0.24519656598568,-0.0112538486719131,-0.023982685059309,0.148156851530075,-0.0346384420990944,0.0382270142436028,0.0228841751813889,0.0742949545383453,0.173821911215782,0.0538913123309612,0.123081937432289,0.00264474237337708,0.0592264160513878,0.00802246201783419,0.0337785743176937,0.16284941136837,0.162230253219604,0.0683202371001244,0.019284226000309,0.015782605856657,0.0719146803021431,0.0674797594547272,-0.00742695527151227,0.0566788911819458,-0.115602694451809,0.0698030591011047,-0.0401712581515312,-0.00454313540831208,-0.134031057357788,0.0513056367635727,0.0240161195397377,0.220272362232208,-0.0649676024913788,0.0444975458085537,0.124553494155407,0.0134440120309591,0.0268080309033394,0.0907046422362328,-0.0465580075979233,-0.0752170905470848,0.0148156573995948,0.0256201140582561,0.150678291916847,-0.0453238151967525,0.0720534548163414,-0.0223590787500143,0.0472310110926628,-0.0247253067791462,0.0302003510296345,0.0875314027070999,0.0780988335609436,0.051812931895256,0.0241250544786453,-0.0628315880894661,-0.0258804205805063,-0.0306952651590109,-0.0265089143067598,0.0560957007110119,-0.135180741548538,0.066871665418148,-0.0649581924080849,-0.0246099196374416,-0.188451394438744,-0.0339458547532558,0.0302484035491943,0.178646624088287,-0.119870625436306,0.0232362598180771,0.10449605435133,0.00112587166950107,-0.00498374504968524
0.0573542378842831,0.0715351104736328,0.141005352139473,0.100900061428547,0.0169389061629772,0.0223079118877649,-0.0105755114927888,0,0.0499394498765469,0.0343885608017445,0.0751788392663002,0.128535240888596,0.0966160148382187,0.0151506690308452,0.0387722067534924,0.00390174868516624,0.112363062798977,0.0620413795113564,-0.0305790137499571,0.0891995429992676,-0.0601034462451935,0.0231671258807182,0.000186133198440075,-0.00582179054617882,-0.0411818325519562,-0.0244894493371248,0.0605708435177803,0.0230191629379988,0.0269099492579699,0.0141300745308399,0.0729422122240067,-0.0560806281864643,0.0266989096999168,0.0443847179412842,-0.0331737771630287,-0.088364951312542,-0.0815665125846863,0.0456816516816616,0.0204140096902847,0.0694965571165085,0.0088126715272665,0.0537506267428398,0.126533061265945,-0.00520518375560641,0.0124517288058996,0.00625808443874121,0.0100269550457597,-0.0058475686237216,0.00297631742432714,-0.000620958337094635,0.0427189581096172,0.0869655311107635,-0.0211935322731733,0.0757461711764336,-0.0415306948125362,0.0292697176337242,-0.00485847238451242,0.000841039058286697,-0.0208805575966835,0.00499385921284556,0.0788836479187012,0.0378052219748497,0.0306788273155689,0.00583502929657698,0.0718474164605141,-0.0402590297162533,0.0141267394647002,0.0464529879391193,-0.00496875774115324,-0.0869930684566498,-0.0217353738844395,0.053643848747015,0.0141675844788551,0.0818595141172409,0.031486738473177,0.0670138821005821,0.105953194200993,0.0181713532656431,0.031917329877615,0.0106841055676341,0.015277068130672,0.0508933253586292,-0.0123852081596851,0.00219393265433609,0.0551651753485203,0.0855966508388519
0.206675499677658,0.220689758658409,0.146666914224625,0.141922280192375,0.0534441471099854,0.0934171602129936,-0.00325343362055719,0.0499394498765469,0,0.219231233000755,0.228013128042221,0.132850468158722,0.136256188154221,0.04739960283041,0.0799674913287163,-0.0188451763242483,0.0441285036504269,0.195868492126465,-0.0382525585591793,0.161040768027306,0.0255056377500296,0.0662742182612419,0.0230475459247828,0.0240991003811359,0.047401275485754,0.0250983126461506,0.130640760064125,0.0259732324630022,0.0869738832116127,0.100414983928204,0.0277970600873232,-0.0397353954613209,0.0685828253626823,0.116138584911823,0.0555765181779861,-0.0477039031684399,0.00135810964275151,0.170123621821404,0.0932254120707512,0.193238034844398,0.0775551795959473,0.157879084348679,0.133237108588219,0.108650766313076,0.08695138245821,0.0627443194389343,0.00699852174147964,0.117259308695793,-0.0270759593695402,-0.0161805897951126,0.115624725818634,0.18541207909584,-0.0266254898160696,0.168144732713699,0.0547965727746487,0.061120081692934,0.0355871729552746,0.00241339579224586,0.0683507993817329,0.0308903679251671,0.144364297389984,0.0136155961081386,0.0936359614133835,0.0882557854056358,0.0591928288340569,-0.00406443141400814,0.0456389747560024,0.0683066174387932,0.0933035463094711,-0.0262585002928972,0.0445080809295177,0.173871859908104,0.0801421031355858,0.179954841732979,0.0709092542529106,0.176189124584198,0.132485672831535,0.10850939899683,0.124573938548565,0.0280384924262762,0.00367452600039542,0.151165053248405,-0.0379050634801388,0.000936899974476546,0.119908936321735,0.170503586530685
0.709151864051819,0.340597927570343,0.282577723264694,0.243463516235352,0.0885399132966995,0.0742105171084404,-0.0267086084932089,0.0343885608017445,0.219231233000755,0,0.309533715248108,0.27558633685112,0.201235622167587,0.0968906655907631,0.0605072192847729,-0.0394492857158184,0.0272439513355494,0.219938188791275,-0.0948371887207031,0.213816672563553,0.291810721158981,0.0151447579264641,0.0553994625806808,-0.0465499088168144,0.247563824057579,0.254179447889328,0.155890390276909,-0.0346541814506054,0.21464903652668,0.0216418709605932,-0.00674329930916429,0.045903068035841,0.0518568977713585,0.176103606820107,0.236379057168961,0.0951913520693779,0.181180015206337,0.12446803599596,0.254603534936905,0.301423519849777,0.268429577350616,0.255178779363632,0.0776907131075859,0.466618239879608,0.271214306354523,0.275008648633957,-0.11603456735611,0.370176166296005,-0.0185290034860373,-0.00143436342477798,0.022564560174942,0.224504560232162,-0.157959744334221,0.156982198357582,0.145440340042114,0.00288569205440581,0.0329947769641876,-0.0730063691735268,0.139018729329109,0.133303850889206,0.110146693885326,-0.0188115127384663,0.0985578969120979,0.00202312972396612,-0.0136095900088549,-0.000731021049432456,0.0375852733850479,0.125257328152657,0.140217036008835,0.0256526656448841,0.0412511117756367,0.137577340006828,0.154100582003593,0.250290900468826,0.170247957110405,0.173717796802521,0.0472039096057415,0.237875863909721,0.0808119922876358,0.100395560264587,-0.101709358394146,0.310474634170532,-0.0329349599778652,-0.0508732460439205,0.0440703667700291,0.185602381825447
0.404627412557602,0.472987413406372,0.268574923276901,0.275276154279709,0.0974016487598419,0.01196014508605,-0.0905634164810181,0.0751788392663002,0.228013128042221,0.309533715248108,0,0.324801325798035,0.302678644657135,0.108313828706741,0.00667677959427238,-0.0969477072358131,0.0884989202022552,0.241012543439865,-0.172609731554985,0.279343694448471,-0.00131306727416813,0.0657712295651436,0.0218892190605402,-0.0423764660954475,0.0304336696863174,0.0133431125432253,0.144904479384422,0.070615366101265,0.136933341622353,0.113132007420063,-0.0496567822992802,-0.1675755828619,0.0251216199249029,0.108629778027534,0.0515625737607479,-0.13260506093502,-0.0435235090553761,0.226645097136497,0.0599947348237038,0.329135239124298,0.0756978020071983,0.200699493288994,0.180313691496849,0.191132113337517,0.0867392793297768,0.101793363690376,-0.140525385737419,0.221689313650131,-0.0817795842885971,-0.0722783878445625,0.158167108893394,0.279184907674789,-0.125567242503166,0.295755803585052,0.165343210101128,0.0801764354109764,0.0172870922833681,-0.0718969628214836,0.170976936817169,0.0251586269587278,0.194169014692307,0.0416145883500576,0.195771351456642,0.0742539390921593,0.00283304019831121,-0.0387531742453575,0.0247336961328983,0.12706446647644,0.254884868860245,0.00617505190894008,0.165305227041245,0.26237091422081,0.0498596578836441,0.389267563819885,0.117420308291912,0.27185645699501,0.20001620054245,0.307934492826462,0.278606802225113,0.0816935896873474,-0.115691304206848,0.310764044523239,-0.0299555696547031,-0.0933594480156898,0.160738959908485,0.298815339803696
0.350712805986404,0.265101671218872,0.582093000411987,0.365688264369965,0.106240056455135,0.0345247201621532,-0.0415367297828197,0.128535240888596,0.132850468158722,0.27558633685112,0.324801325798035,0,0.389094680547714,0.0800671651959419,0.0363048873841763,-0.0343171805143356,0.13799387216568,0.15239779651165,-0.0726736932992935,0.204012051224709,0.078137993812561,-0.01314452663064,-0.00201257783919573,-0.0341569595038891,0.0168108008801937,0.0475379303097725,0.0933508053421974,0.0314571931958199,0.199200317263603,0.0186624098569155,-0.0351334735751152,-0.129941537976265,-0.0199306700378656,0.0278972368687391,0.205181792378426,-0.0420600138604641,0.119518578052521,0.100419916212559,0.00747706228867173,0.216941699385643,0.0676862522959709,0.080251581966877,0.173462554812431,0.232239350676537,0.131096690893173,0.0831796377897263,-0.0883238166570663,0.176906123757362,-0.080194279551506,-0.0713616162538528,0.0656788870692253,0.192047089338303,-0.0217437669634819,0.232748880982399,0.200172752141953,-0.0369200371205807,0.0268940571695566,-0.0599046014249325,0.105939961969852,0.0681519955396652,0.0954344123601913,0.00141178630292416,0.247353211045265,-0.0161864310503006,0.0128939198330045,-0.0396305248141289,0.016403554007411,0.0379980467259884,0.284039884805679,0.0630343928933144,0.231837302446365,0.110117621719837,-0.0390944667160511,0.260041505098343,0.0805051252245903,0.13263837993145,0.188829928636551,0.289462566375732,0.243019342422485,0.0353131331503391,-0.0839287862181664,0.231943100690842,-0.0491239763796329,-0.0549504980444908,0.0606377869844437,0.212613254785538
0.273291230201721,0.253069639205933,0.365430176258087,0.639711797237396,0.164113998413086,0.0102667137980461,-0.0159932076931,0.0966160148382187,0.136256188154221,0.201235622167587,0.302678644657135,0.389094680547714,0,0.142844423651695,0.0141011634841561,-0.00642064912244678,0.113625347614288,0.155052304267883,-0.0338704846799374,0.266457587480545,-0.0297131687402725,0.0518058203160763,0.0194032471626997,-0.00421823840588331,-0.0865446627140045,0.0158260595053434,-0.00835977029055357,0.0628090351819992,0.13800173997879,0.0647553876042366,-0.0674365684390068,-0.162225231528282,-0.0188755262643099,0.159812986850739,0.166837602853775,-0.112513512372971,0.0620271191000938,0.142342329025269,0.131593361496925,0.201537773013115,0.245487779378891,0.0193228330463171,0.0995209962129593,0.13104510307312,0.129051521420479,0.123388350009918,-0.0139372954145074,0.240015804767609,-0.0893988385796547,-0.0473645441234112,0.130826830863953,0.324307560920715,0.0260688215494156,0.286520302295685,0.0303953066468239,0.0428615882992744,0.0207076575607061,-0.00205634441226721,-0.0268119983375072,0.0339054353535175,0.00296612153761089,0.0457547307014465,0.191774398088455,0.0436480827629566,-0.0368883013725281,-0.119054608047009,0.00608443329110742,0.154059365391731,0.304968774318695,-0.0402490496635437,0.1955596357584,0.159266442060471,0.137952342629433,0.239918082952499,0.308783739805222,0.0788700953125954,0.119275458157063,0.199247002601624,0.200757548213005,0.112645909190178,0.0121489092707634,0.33052259683609,-0.0860497206449509,-0.0450586043298244,0.132129430770874,0.380393385887146
0.106036052107811,0.0952367931604385,0.0660931840538979,0.123480588197708,0.0425101965665817,-0.0160997398197651,-0.0219877194613218,0.0151506690308452,0.04739960283041,0.0968906655907631,0.108313828706741,0.0800671651959419,0.142844423651695,0,-0.00478438846766949,-0.0244823712855577,0.00728692812845111,0.0859344601631165,-0.0186219997704029,0.127531573176384,-0.0330250412225723,0.0201717615127563,0.0112886028364301,-0.0150082306936383,-0.025598980486393,-0.0140212876722217,0.00806556083261967,-0.00891530886292458,0.0330986939370632,0.0214471034705639,-0.0309760011732578,-0.0554967671632767,0.000335139222443104,0.0524071902036667,0.0303583759814501,-0.0437942110002041,-0.00358111085370183,0.0592710413038731,0.0692916437983513,0.0826819241046906,0.0737520307302475,0.0380645021796227,0.0515259057283401,0.0407300107181072,0.052549920976162,0.0237607937306166,-0.00856509804725647,0.0892332568764687,-0.0460491478443146,-0.0142530612647533,0.0714900493621826,0.121912822127342,-0.0118994964286685,0.104117684066296,0.00346363172866404,0.0218998212367296,0.00490393443033099,-0.0146772153675556,-0.00203778175637126,-0.00747848628088832,0.0251016560941935,-0.0113641694188118,0.0318205133080482,0.0240206569433212,-0.00910136103630066,-0.0268748644739389,-0.00343940919265151,0.0668560490012169,0.0813317373394966,-0.0329176373779774,0.0554370358586311,0.0733958408236504,0.0720363110303879,0.0852487236261368,0.0880692526698112,0.047282986342907,0.0667143911123276,0.0638206005096436,0.0929980576038361,0.00999946612864733,-0.00675112102180719,0.118144929409027,-0.027402488514781,-0.0211933255195618,0.0595211014151573,0.133254766464233
0.0083492286503315,0.00769455265253782,0.037565041333437,0.0135645102709532,-0.00594934122636914,0.442364782094955,0.170942738652229,0.0387722067534924,0.0799674913287163,0.0605072192847729,0.00667677959427238,0.0363048873841763,0.0141011634841561,-0.00478438846766949,0,0.216474041342735,0.0413831621408463,0.0760111957788467,0.0466517172753811,0.0397525541484356,0.1368438154459,0.0684237256646156,0.112087428569794,0.222502961754799,0.223678112030029,0.127951875329018,0.331732034683228,0.0977367013692856,0.0854240283370018,0.0900570228695869,0.313597112894058,0.17643079161644,0.27499258518219,0.0779822170734406,-0.0397943109273911,-0.00942118372768164,-0.058973141014576,0.0571008585393429,0.0789902955293655,0.089845634996891,0.0577938370406628,0.259169042110443,0.247710600495338,-0.014614406041801,0.163612648844719,0.0651233941316605,0.198407649993896,-0.0851217731833458,0.0553386695683002,0.129033967852592,0.0941988974809647,0.0824871733784676,0.0321592763066292,0.042217668145895,0.0565095543861389,0.060067430138588,0.106766134500504,0.20818617939949,0.151368960738182,0.12683866918087,0.310802072286606,0.0829213261604309,0.0544536933302879,0.0817396342754364,0.277523458003998,0.154285848140717,0.276346862316132,0.0647283345460892,-0.0921681895852089,-0.0563589483499527,-0.0823460891842842,0.0454475097358227,0.101733736693859,0.0641072988510132,0.0472158826887608,0.242686569690704,0.183406606316566,-0.0606780536472797,0.0927941799163818,0.0508781932294369,0.197193488478661,-0.0896288529038429,0.0395975597202778,0.135027438402176,0.102016560733318,0.0760601535439491
-0.082721434533596,-0.0869313180446625,-0.0341261997818947,-0.010752254165709,-0.0240923445671797,0.167733371257782,0.24519656598568,0.00390174868516624,-0.0188451763242483,-0.0394492857158184,-0.0969477072358131,-0.0343171805143356,-0.00642064912244678,-0.0244823712855577,0.216474041342735,0,0.0146745974197984,0.00103717262391001,0.117279388010502,-0.0326711572706699,0.0377702601253986,0.0217184219509363,0.0774886757135391,0.158099219202995,0.0358785390853882,0.111412115395069,-0.00200662575662136,0.00807684566825628,0.00944018643349409,0.0242403037846088,0.135797366499901,0.122648902237415,0.0912139490246773,0.0303285587579012,0.00146520405542105,0.0359303131699562,0.0401171296834946,-0.0486629083752632,0.0544411726295948,-0.0979105234146118,0.0766512900590897,-0.0290234088897705,0.00341422739438713,-0.110871098935604,0.0357519239187241,0.0275565944612026,0.195323288440704,-0.0638484284281731,0.0427123121917248,0.104741051793098,0.0134077109396458,0.0282395072281361,0.101308099925518,-0.0329684726893902,-0.0294179581105709,0.00956626981496811,0.0435918569564819,0.165660008788109,-0.0142465829849243,0.114886112511158,-0.0150063987821341,0.00440432270988822,-0.00121392996516079,0.0199970323592424,0.0996141582727432,0.0832726955413818,0.0994760170578957,0.0280929952859879,-0.0294778812676668,-0.0169481541961432,0.00195507635362446,-0.0579418130218983,0.0663970410823822,-0.121510446071625,0.0784643813967705,-0.0477402657270432,-0.0315975584089756,-0.141555979847908,-0.0233766827732325,0.0325797609984875,0.204241678118706,-0.0798603072762489,0.0261877831071615,0.128058463335037,0.00819406192749739,0.0255511552095413
0.0381207726895809,0.0495936423540115,0.115965269505978,0.0917676612734795,0.015212113969028,0.0472682453691959,-0.0112538486719131,0.112363062798977,0.0441285036504269,0.0272439513355494,0.0884989202022552,0.13799387216568,0.113625347614288,0.00728692812845111,0.0413831621408463,0.0146745974197984,0,0.0681062713265419,-0.0222144145518541,0.0879613682627678,-0.0468776822090149,0.0280622746795416,0.0172015037387609,-0.0035371242556721,-0.0177056957036257,-0.0333635918796062,0.0829364731907845,0.0349856987595558,0.0143427085131407,0.0291561055928469,0.064802810549736,-0.0639828070998192,0.00925061665475368,0.0265893097966909,-0.0255846194922924,-0.0803354009985924,-0.0628784894943237,0.0416496805846691,0.00652535120025277,0.0550924427807331,-0.00545369181782007,0.0754072293639183,0.125395596027374,-0.0147192692384124,0.0198441445827484,0.000611732655670494,0.0135295726358891,-0.0283810701221228,-0.00642949435859919,-0.0128509812057018,0.0363909788429737,0.0596618615090847,-0.012011369690299,0.0726002752780914,-0.0416444502770901,0.0284729730337858,0.0083584301173687,0.0185302887111902,-0.022465793415904,-0.0167613979429007,0.0710862576961517,0.0319914296269417,0.0203504879027605,0.0189530681818724,0.0555310063064098,-0.038866963237524,0.0247218068689108,0.0367587730288506,-0.0180389937013388,-0.108001179993153,-0.0326432697474957,0.0441546142101288,-0.00027172639966011,0.065331906080246,-8.24024900794029e-05,0.0742468684911728,0.116081684827805,0.0083701154217124,0.0101725701242685,0.00420665228739381,0.0200672578066587,0.0148469740524888,-0.0109181003645062,-0.000885752728208899,0.0451099649071693,0.0674456208944321
0.255753368139267,0.206776529550552,0.152203500270844,0.144131526350975,0.0573781691491604,0.079255536198616,-0.023982685059309,0.0620413795113564,0.195868492126465,0.219938188791275,0.241012543439865,0.15239779651165,0.155052304267883,0.0859344601631165,0.0760111957788467,0.00103717262391001,0.0681062713265419,0,-0.0511726513504982,0.15722918510437,0.0455467589199543,0.0555736720561981,0.048369973897934,0.0270234737545252,0.0680703818798065,0.0426977090537548,0.126406192779541,0.0259538274258375,0.0930258333683014,0.0945015698671341,0.0237691849470139,-0.0186872370541096,0.0749212503433228,0.0782425925135612,0.0356620289385319,-0.0499430820345879,0.00149613223038614,0.161852583289146,0.0799758806824684,0.178393095731735,0.0689854398369789,0.160451769828796,0.137353464961052,0.10907107591629,0.0881480425596237,0.0676415413618088,0.0222239661961794,0.134938359260559,-0.0308992844074965,0.0301297791302204,0.160972207784653,0.188884884119034,-0.00252128602005541,0.176008313894272,0.107021056115627,0.068957731127739,0.0311718937009573,0.021912569180131,0.118215166032314,0.0464507304131985,0.148081138730049,0.0240343697369099,0.121472850441933,0.0880894213914871,0.0761134549975395,0.0336174108088017,0.0675073936581612,0.108369089663029,0.121611855924129,0.0155187472701073,0.0880625396966934,0.178783282637596,0.0797147080302238,0.195930868387222,0.0878971517086029,0.196722254157066,0.140924677252769,0.149624034762383,0.16714058816433,0.0583736598491669,0.0305163748562336,0.167003154754639,0.00801404565572739,0.00589097756892443,0.131829515099525,0.209361240267754
-0.172210812568665,-0.0938962176442146,-0.0332020223140717,-0.0348951816558838,-0.0149489277973771,0.0595969371497631,0.148156851530075,-0.0305790137499571,-0.0382525585591793,-0.0948371887207031,-0.172609731554985,-0.0726736932992935,-0.0338704846799374,-0.0186219997704029,0.0466517172753811,0.117279388010502,-0.0222144145518541,-0.0511726513504982,0,-0.00908017717301846,0.164124935865402,0.0847626924514771,0.0337483659386635,0.274723410606384,0.115534164011478,0.214555785059929,-0.186066031455994,0.0816195532679558,0.0559424720704556,0.117331333458424,-0.00248258979991078,0.486587166786194,-0.0040338896214962,0.0381867438554764,0.455125600099564,0.12923638522625,0.529576420783997,0.00248344196006656,0.127797037363052,-0.0972086563706398,0.217982277274132,-0.0881779417395592,-0.131101071834564,-0.0240959990769625,0.140924885869026,0.122775137424469,0.729797005653381,0.226552978157997,0.0773977339267731,0.140611976385117,0.193434745073318,0.180462092161179,0.648175597190857,-0.014912192709744,-0.000707509811036289,0.0636926293373108,0.0196431558579206,0.234048396348953,-0.0371352396905422,0.160541772842407,-0.208543688058853,0.0869631096720695,0.00817870441824198,0.109624452888966,-0.0688172802329063,0.25176790356636,0.0234114453196526,0.0476484037935734,0.238198384642601,0.108359962701797,0.259078145027161,-0.031332366168499,0.168837353587151,-0.147920832037926,0.177861303091049,-0.141080394387245,-0.108747079968452,-0.0982460752129555,0.00749990530312061,0.105925552546978,0.621267437934875,0.0906845927238464,0.0246201250702143,0.148052915930748,0.190769746899605,0.148828774690628
0.223415538668633,0.25142914056778,0.20107789337635,0.290835052728653,0.100961603224277,0.0452727079391479,-0.0346384420990944,0.0891995429992676,0.161040768027306,0.213816672563553,0.279343694448471,0.204012051224709,0.266457587480545,0.127531573176384,0.0397525541484356,-0.0326711572706699,0.0879613682627678,0.15722918510437,-0.00908017717301846,0,-0.0879179537296295,0.183020308613777,0.0529233068227768,0.0420105643570423,-0.103574998676777,-0.0105127319693565,0.00850078370422125,0.0367822647094727,0.214612439274788,0.20489713549614,-0.0978661775588989,-0.263361692428589,0.00852771103382111,0.357789844274521,0.210951521992683,-0.231315344572067,0.0332953669130802,0.285226434469223,0.323213934898376,0.404309004545212,0.391783773899078,0.105641439557076,0.267929404973984,0.252811461687088,0.322308361530304,0.276780098676682,0.0821140483021736,0.402391493320465,-0.130990564823151,-0.0469269379973412,0.287252068519592,0.563295483589172,0.0503451749682426,0.577937364578247,-0.0904980301856995,0.199580490589142,0.015562848187983,0.0244225636124611,-0.090227447450161,0.00931922160089016,0.0566470734775066,0.0489804670214653,0.183115929365158,0.179720655083656,-0.0476874299347401,-0.22764977812767,0.0323215313255787,0.34924504160881,0.315587252378464,-0.232435405254364,0.127478942275047,0.285516887903214,0.283531069755554,0.436020880937576,0.390937209129333,0.170758903026581,0.274510562419891,0.24539677798748,0.300457656383514,0.234729543328285,0.0778755024075508,0.478937983512878,-0.156747788190842,-0.0809653922915459,0.235643625259399,0.549875795841217
0.0794536545872688,0.0690251588821411,0.139012396335602,-0.0228539295494556,0.00562423607334495,0.154907077550888,0.0382270142436028,-0.0601034462451935,0.0255056377500296,0.291810721158981,-0.00131306727416813,0.078137993812561,-0.0297131687402725,-0.0330250412225723,0.1368438154459,0.0377702601253986,-0.0468776822090149,0.0455467589199543,0.164124935865402,-0.0879179537296295,0,-0.106981478631496,0.075198583304882,0.190395325422287,0.740170001983643,0.57696807384491,0.231346502900124,-0.0923823714256287,0.300725847482681,-0.0538410022854805,0.125150561332703,0.477389246225357,0.191467806696892,-0.076789490878582,0.560059189796448,0.461053282022476,0.512870192527771,-0.0866195112466812,-0.00713705830276012,0.133663773536682,0.118673659861088,0.363844513893127,-0.0250092688947916,0.715467929840088,0.429880112409592,0.406047463417053,0.0417547971010208,0.421126157045364,0.017157070338726,0.00874847359955311,-0.0110803293064237,-0.0306991022080183,0.00317064253613353,-0.0961782708764076,0.658366441726685,-0.169686049222946,0.064089260995388,0.101174339652061,0.541897714138031,0.293021321296692,0.108685731887817,-0.0682070925831795,0.0969959869980812,-0.0643053576350212,0.0636054575443268,0.292205542325974,0.138392761349678,-0.0639223605394363,0.247662872076035,0.330594539642334,0.191505417227745,-0.0933888107538223,0.000292524695396423,-0.00124568794853985,0.0447699725627899,0.207128450274467,-0.104373551905155,0.290093243122101,0.092844545841217,0.16337825357914,0.0342179127037525,0.0702423378825188,0.074984148144722,0.0160720925778151,0.00269214157015085,-0.0826293379068375
-0.0156082082539797,0.0810066908597946,0.0117489630356431,0.0528450943529606,0.0107567068189383,0.0848327428102493,0.0228841751813889,0.0231671258807182,0.0662742182612419,0.0151447579264641,0.0657712295651436,-0.01314452663064,0.0518058203160763,0.0201717615127563,0.0684237256646156,0.0217184219509363,0.0280622746795416,0.0555736720561981,0.0847626924514771,0.183020308613777,-0.106981478631496,0,0.0152024812996387,0.337130457162857,0.0347641184926033,-0.133242800831795,0.0908022522926331,0.234265521168709,0.0358396992087364,0.917386412620544,-0.00907069258391857,-0.143180519342422,0.144672974944115,0.328644096851349,-0.0280941165983677,-0.187838822603226,-0.096539169549942,0.878031730651855,0.280851513147354,0.0766883492469788,0.296908855438232,0.224815219640732,0.0665987953543663,-0.00733941607177258,0.090843990445137,0.63584578037262,0.186015918850899,0.0478062592446804,-0.0499586686491966,0.00938839837908745,0.196942076086998,0.245169773697853,0.1045146510005,0.173526987433434,-0.214488849043846,0.969622671604156,0.000954789749812335,0.374991834163666,-0.0674062073230743,-0.0742079764604568,0.124332524836063,0.31106373667717,0.000764102733228356,0.907015264034271,-0.0170642137527466,-0.181670859456062,0.159456506371498,0.307649821043015,-0.0455920323729515,-0.237429305911064,-0.127628684043884,0.845428764820099,0.324706107378006,0.0785022377967834,0.295435726642609,0.273013383150101,0.0862581804394722,-0.0662121996283531,0.0108724106103182,0.58482813835144,0.167037352919579,0.0768634602427483,-0.080012783408165,0.0101420460268855,0.165268883109093,0.217652276158333
0.0254239197820425,0.0233727768063545,0.0128363212570548,0.0117006739601493,0.0120884049683809,0.138784795999527,0.0742949545383453,0.000186133198440075,0.0230475459247828,0.0553994625806808,0.0218892190605402,-0.00201257783919573,0.0194032471626997,0.0112886028364301,0.112087428569794,0.0774886757135391,0.0172015037387609,0.048369973897934,0.0337483659386635,0.0529233068227768,0.075198583304882,0.0152024812996387,0,0.159764692187309,0.114696688950062,0.140276744961739,0.0646872520446777,0.0269176624715328,0.0994747877120972,0.0397802367806435,0.096949614584446,0.109373442828655,0.102613337337971,0.0317954011261463,0.0670371428132057,0.0414606854319572,0.0708419308066368,0.0241204313933849,0.0480614751577377,0.0459618009626865,0.0553262867033482,0.0497098825871944,0.0638723149895668,0.0436718948185444,0.075364388525486,0.0860229432582855,0.103101201355457,0.0600301250815392,0.0363403558731079,0.102122232317924,0.0482523441314697,0.101658716797829,0.0161894261837006,0.0269857961684465,0.0392582789063454,0.00418809382244945,0.0575932562351227,0.126038745045662,0.0766404941678047,0.11217062920332,0.0655826553702354,0.015313807874918,0.0649687945842743,0.037234116345644,0.0915044248104095,0.0781237855553627,0.0854328721761703,0.0123106557875872,0.051109679043293,0.0186710935086012,0.0411207526922226,0.016921678557992,0.0361094772815704,0.0323022603988647,0.0467618182301521,0.0621140711009502,0.0325254872441292,-0.00561869237571955,0.0492740198969841,0.0672295242547989,0.0729786083102226,0.0338736772537231,0.0231510773301125,0.0504025928676128,0.0311369840055704,0.0906251147389412
-0.0381591767072678,-0.0272642206400633,-0.0223697628825903,-0.000110998749732971,-0.00531031517311931,0.214120298624039,0.173821911215782,-0.00582179054617882,0.0240991003811359,-0.0465499088168144,-0.0423764660954475,-0.0341569595038891,-0.00421823840588331,-0.0150082306936383,0.222502961754799,0.158099219202995,-0.0035371242556721,0.0270234737545252,0.274723410606384,0.0420105643570423,0.190395325422287,0.337130457162857,0.159764692187309,0,0.290338218212128,0.334368854761124,0.0751992091536522,0.486039280891418,0.106769844889641,0.511623442173004,0.170348629355431,0.193714514374733,0.323544949293137,0.112358130514622,0.148154452443123,0.0348616316914558,0.107417568564415,0.305280953645706,0.116306491196156,-0.0428629070520401,0.174305632710457,0.0952892303466797,0.0446466542780399,-0.010063880123198,0.108619943261147,0.514010429382324,0.337737679481506,0.038899153470993,0.0645570680499077,0.147390335798264,0.135090664029121,0.157676175236702,0.252563536167145,0.0584466233849525,0.040056511759758,0.305764555931091,0.102915562689304,0.800576865673065,0.168046623468399,0.336986929178238,0.0809474438428879,0.443384081125259,0.0743413791060448,0.512990474700928,0.133313551545143,0.17388179898262,0.346434205770493,0.12513642013073,0.126828849315643,-0.0268449559807777,0.127251878380775,0.234007865190506,0.16078382730484,-0.0348456762731075,0.203533306717873,0.141759991645813,0.0475023314356804,-0.0708699077367783,0.0607181079685688,0.50469583272934,0.268951714038849,0.0208595786243677,0.0372943505644798,0.132266148924828,0.112303331494331,0.119567908346653
