0,0.328330278396606,0.265505760908127,0.276485860347748,0.0844470784068108,-0.0135213509202003,-0.0944023802876472,0.0589303374290466,0.205831483006477,0.717031478881836,0.4110207259655,0.356724858283997,0.292947202920914,0.111509136855602,-0.00334563152864575,-0.0974331945180893,0.0406681410968304,0.262432724237442,-0.156725585460663,0.226824685931206,0.0620025731623173,-0.0187775325030088,0.0216461513191462,-0.0609151124954224,0.0537497214972973,0.130919873714447,0.0859481245279312,0.022071709856391,0.185222923755646,0.00133389153052121,-0.161900177598,-0.120709776878357,0.00901644676923752,0.124835103750229,0.0873231515288353,-0.0675405636429787,0.00999150704592466,0.113992296159267,0.0583111569285393,0.35800302028656,0.0737276747822762,0.179109841585159,0.0859927758574486,0.354420930147171,0.0255627352744341,0.179464742541313,-0.183196544647217,0.342285722494125,-0.106100894510746,-0.0646402090787888,0.0295226257294416,0.220613151788712,-0.0455403551459312,0.271485686302185,0.42038756608963,-0.0161020811647177,0.0332319103181362,-0.0811251699924469,0.371495246887207,0.249535143375397,0.186296477913857,0.000858329003676772,0.322902888059616,-0.0331231728196144,-0.032929502427578,0.123569071292877,0.0215601250529289,0.137724757194519,0.390017032623291,0.199818566441536,0.296966075897217,0.133834272623062,0.0633867904543877,0.445632785558701,0.17931704223156,0.31392177939415,0.169950887560844,0.593024611473083,0.391869276762009,0.197247207164764,-0.128807961940765,0.525032937526703,-0.00509699108079076,-0.0859174579381943,0.0449899807572365,0.272336214780807
0.328330278396606,0,0.249295368790627,0.270067512989044,0.11306120455265,0.0142685975879431,-0.0804854780435562,0.0732630267739296,0.223007544875145,0.347950220108032,0.491668254137039,0.264994740486145,0.255868464708328,0.0985138863325119,-0.00315152457915246,-0.0970292463898659,0.0553240180015564,0.211589083075523,-0.107428520917892,0.254004031419754,0.0452592670917511,0.0959668681025505,0.0193373188376427,-0.0540960878133774,0.0599610097706318,0.0441897064447403,0.140073150396347,0.0792016908526421,0.14286082983017,0.133107990026474,-0.0341892056167126,-0.108329050242901,0.012463410384953,0.174202382564545,0.109751127660275,-0.0685305818915367,0.0081988787278533,0.233318448066711,0.133054882287979,0.330035716295242,0.116680070757866,0.190858587622643,0.157830461859703,0.209210500121117,0.161524191498756,0.126063510775566,-0.114775814116001,0.226555481553078,-0.0496860109269619,-0.0543772466480732,0.163306891918182,0.282074511051178,-0.120530292391777,0.249253004789352,0.0644429847598076,0.0938515961170197,0.0151758780702949,-0.0759801045060158,0.0659210681915283,-0.00593605544418097,0.133220434188843,0.0710168406367302,0.12825146317482,0.0902872905135155,-0.014805874787271,-0.0909512937068939,-0.014807915315032,0.106551185250282,0.152615830302238,-0.0335088782012463,0.0706791877746582,0.267749100923538,0.0819946601986885,0.310159057378769,0.0950120761990547,0.184561505913734,0.148453086614609,0.182047069072723,0.162933826446533,0.0633152797818184,-0.122352913022041,0.217636227607727,-0.0519912913441658,-0.0734857022762299,0.15067283809185,0.256478190422058
0.265505760908127,0.249295368790627,0,0.395395934581757,0.106314115226269,0.0339116714894772,-0.0222653914242983,0.149153262376785,0.144499227404594,0.288491874933243,0.273418545722961,0.5838902592659,0.382286339998245,0.0679986104369164,0.0297285467386246,-0.0325850807130337,0.118206776678562,0.154369905591011,-0.031716164201498,0.200541898608208,0.115415789186954,0.00955061614513397,0.010075656697154,-0.0388503894209862,0.0281906481832266,0.0473804548382759,0.0800650268793106,0.0082717714831233,0.191769033670425,0.0300634410232306,-0.0100823817774653,-0.074268750846386,-0.0277255848050117,0.0514606907963753,0.225241452455521,-0.0144577976316214,0.134897902607918,0.0984187126159668,0.00509430887177587,0.201136201620102,0.0757392570376396,0.0848242044448853,0.172851219773293,0.244973406195641,0.19402588903904,0.0601981990039349,-0.074250265955925,0.180628567934036,-0.0544840767979622,-0.0491015464067459,0.0708095133304596,0.181895673274994,-0.0304488223046064,0.175155311822891,0.108581498265266,-0.00744086457416415,0.0341579653322697,-0.0612630769610405,0.0269389264285564,0.0231231842190027,0.0661946758627892,0.0130657833069563,0.161875367164612,-0.00108555459883064,0.000372211419744417,-0.0786329880356789,-0.0164985209703445,0.0257964842021465,0.193314880132675,-0.025093998759985,0.135363444685936,0.108062013983727,-0.0160882398486137,0.197738856077194,0.083223395049572,0.0762894749641418,0.124611586332321,0.169727832078934,0.152346819639206,0.00848241336643696,-0.0690181329846382,0.174387261271477,-0.0647608786821365,-0.0557944364845753,0.0809224843978882,0.171239361166954
0.276485860347748,0.270067512989044,0.395395934581757,0,0.199460223317146,0.0120564177632332,-0.00837069004774094,0.109237968921661,0.141109436750412,0.257400631904602,0.279186218976974,0.37870180606842,0.647513270378113,0.125530391931534,0.00783493090420961,-0.0146098714321852,0.0969141498208046,0.148940891027451,-0.0487121418118477,0.295168429613113,-0.0324437618255615,0.0411323979496956,0.00968747120350599,-0.0197743847966194,-0.0929633602499962,0.0128704039379954,0.00705058313906193,0.0261389203369617,0.147784158587456,0.0528615079820156,-0.0305573102086782,-0.158538624644279,-0.0196841899305582,0.196038365364075,0.173451915383339,-0.0946343839168549,0.06234510242939,0.131954789161682,0.184377953410149,0.210625842213631,0.276899486780167,0.0369421392679214,0.130684196949005,0.150619104504585,0.164375066757202,0.11705207824707,-0.0243929997086525,0.244375720620155,-0.0714494958519936,-0.0189483184367418,0.127575129270554,0.347052067518234,-0.0189775452017784,0.280675977468491,0.0148260006681085,0.042502474039793,0.0108785582706332,-0.0347499586641788,-0.0472951382398605,-0.0163035243749619,0.0251316092908382,0.02945426851511,0.15213742852211,0.0326890088617802,-0.0232041720300913,-0.13232584297657,0.00992460455745459,0.157092466950417,0.253795981407166,-0.0617200545966625,0.149229183793068,0.149808272719383,0.119931727647781,0.248649671673775,0.262711197137833,0.0784409865736961,0.134819686412811,0.174766436219215,0.182171180844307,0.0908471271395683,-0.0391269028186798,0.302346706390381,-0.0676603093743324,-0.0575698129832745,0.124505989253521,0.344589710235596
0.0844470784068108,0.11306120455265,0.106314115226269,0.199460223317146,0,-0.00291852932423353,-0.0204520728439093,0.0211013145744801,0.0571319237351418,0.0959340929985046,0.104103356599808,0.116514898836613,0.17320491373539,0.0441002659499645,-0.00409567775204778,-0.0276614408940077,0.0230815708637238,0.0620685070753098,-0.0152898216620088,0.10600022226572,0.00021078810095787,0.0045368941500783,0.0114282285794616,-0.0105719547718763,-0.0187866818159819,0.00577009934931993,-0.00707428110763431,-0.00836779735982418,0.0721227899193764,0.00935154128819704,-0.0276109259575605,-0.0346697382628918,-0.00882062781602144,0.0235694441944361,0.0711359083652496,0.0040532760322094,0.0525184459984303,0.0522544085979462,0.0723596140742302,0.0912805050611496,0.0897823944687843,0.00956584140658379,0.0575543306767941,0.0702284574508667,0.0666342377662659,0.0151905538514256,0.00593570154160261,0.10781441628933,-0.0290164761245251,-0.0193949826061726,0.0629837140440941,0.143004223704338,-0.00917552690953016,0.110478773713112,-0.0168805252760649,-0.0011229389347136,-0.0143669964745641,-0.0320325493812561,-0.0353857018053532,-0.0123666664585471,-0.00358870485797524,-0.00228571495972574,0.0645563825964928,-0.00481762364506721,-0.0216078534722328,-0.0452798493206501,-0.0174238849431276,0.0287846829742193,0.0851805284619331,-0.00853604450821877,0.0631607249379158,0.0542596019804478,0.0555073134601116,0.0776533111929893,0.0797679573297501,4.25698235630989e-05,0.0278973933309317,0.043462336063385,0.0507060922682285,-0.00710126850754023,-0.0114523461088538,0.104056343436241,-0.0406909510493279,-0.0251244474202394,0.0455068908631802,0.130609437823296
-0.0135213509202003,0.0142685975879431,0.0339116714894772,0.0120564177632332,-0.00291852932423353,0,0.166940167546272,0.0220116898417473,0.0877643376588821,0.0552555210888386,-0.00243333796970546,0.0225305669009686,0.0030771023593843,-0.0172258354723454,0.439241826534271,0.169737339019775,0.0400154553353786,0.0702265352010727,0.0697359964251518,0.0466832704842091,0.145352378487587,0.103145636618137,0.134681150317192,0.221404924988747,0.244366019964218,0.126952797174454,0.342243283987045,0.124904118478298,0.0889075919985771,0.128106281161308,0.301219671964645,0.206925883889198,0.275164067745209,0.075825609266758,-0.0292842723429203,0.02449612878263,-0.0197250936180353,0.0894362032413483,0.0941973850131035,0.0999017953872681,0.0610678717494011,0.272097736597061,0.229251384735107,0.000271910801529884,0.176490217447281,0.0843096897006035,0.221160054206848,-0.0663566663861275,0.0579899549484253,0.152396619319916,0.119690917432308,0.0873412489891052,0.0374234467744827,0.0281219854950905,0.006970155518502,0.0800076350569725,0.0890162363648415,0.212886899709702,0.122818127274513,0.0890703350305557,0.288006395101547,0.13063246011734,0.0168662052601576,0.115917906165123,0.273265719413757,0.132878914475441,0.234054118394852,0.0716677457094193,-0.109745383262634,-0.0507719293236732,-0.0893909558653831,0.0648884102702141,0.100005112588406,0.0388580001890659,0.0546545945107937,0.224362418055534,0.155321434140205,-0.0903742164373398,0.074319951236248,0.0483164750039577,0.189003735780716,-0.100577615201473,0.0504207946360111,0.122938938438892,0.103321567177773,0.0559057220816612
-0.0944023802876472,-0.0804854780435562,-0.0222653914242983,-0.00837069004774094,-0.0204520728439093,0.166940167546272,0,-0.00980458874255419,-0.00774557469412684,-0.043584767729044,-0.105495572090149,-0.0472190007567406,-0.0287486054003239,-0.0239950325340033,0.174802213907242,0.254306793212891,-0.0107165006920695,-0.0313453637063503,0.155717819929123,-0.036825355142355,0.0469776429235935,0.0266526993364096,0.0739844813942909,0.180194303393364,0.0685271546244621,0.131451442837715,0.00245740334503353,0.0657200962305069,0.015484425239265,0.0386749319732189,0.167612463235855,0.168286859989166,0.0701208487153053,0.0163159221410751,0.0241273418068886,0.0784097090363503,0.0724455118179321,-0.0144737549126148,0.0552858933806419,-0.121732361614704,0.0718881189823151,-0.0348362699151039,-0.00101862533483654,-0.128822833299637,0.0620696283876896,0.0300901252776384,0.237627595663071,-0.0590481609106064,0.0485133454203606,0.134476289153099,0.0152757782489061,0.030426874756813,0.0972283482551575,-0.0502390936017036,-0.0671230033040047,0.0163319520652294,0.0259134322404861,0.158743381500244,-0.0379553586244583,0.0739822164177895,-0.0305254440754652,0.0559690147638321,-0.0245156846940517,0.0347751043736935,0.0894704312086105,0.0856712237000465,0.056313082575798,0.0212858226150274,-0.0583171434700489,-0.0204504337161779,-0.028073862195015,-0.0349834486842155,0.0583083368837833,-0.138478204607964,0.0701916068792343,-0.0591792427003384,-0.0230427905917168,-0.190984115004539,-0.0235096458345652,0.0349920652806759,0.190953135490417,-0.121740892529488,0.0272919181734324,0.110042534768581,0.00256567075848579,-0.00284967920742929
0.0589303374290466,0.0732630267739296,0.149153262376785,0.109237968921661,0.0211013145744801,0.0220116898417473,-0.00980458874255419,0,0.0554231181740761,0.0373519547283649,0.0747252851724625,0.131861880421638,0.106908410787582,0.0149949146434665,0.0350688882172108,0.00303180143237114,0.109630800783634,0.0664070546627045,-0.0326098091900349,0.0925418958067894,-0.0605806186795235,0.0278405882418156,2.04350799322128e-05,-0.00852106045931578,-0.0477531962096691,-0.0245615150779486,0.0554671697318554,0.0219014156609774,0.0241686925292015,0.0159023720771074,0.0672468990087509,-0.0605885796248913,0.0226168837398291,0.0483820289373398,-0.0276126507669687,-0.0858698934316635,-0.0753263458609581,0.0510177984833717,0.0232497379183769,0.0699021816253662,0.0160218682140112,0.0465952567756176,0.122017562389374,-0.00329031539149582,0.0107991127297282,0.0108435861766338,0.0050050588324666,-0.000741776428185403,-0.00417894776910543,0.00166174059268087,0.045586671680212,0.0874333903193474,-0.0192609596997499,0.0761282667517662,-0.0410879887640476,0.0302268918603659,-0.00407263450324535,0.000741370837204158,-0.0236843228340149,0.00328870094381273,0.070464164018631,0.0361923053860664,0.032709289342165,0.00799582153558731,0.0655006170272827,-0.042567316442728,0.0117517095059156,0.0467663258314133,0.000473961437819526,-0.0883974805474281,-0.0155653106048703,0.0576302148401737,0.0150014758110046,0.0785949304699898,0.0365188233554363,0.0600615628063679,0.102471582591534,0.0179504752159119,0.0318052731454372,0.0117418980225921,0.0139644369482994,0.0566465854644775,-0.0175529103726149,0.00182267639320344,0.0574994310736656,0.0901750400662422
0.205831483006477,0.223007544875145,0.144499227404594,0.141109436750412,0.0571319237351418,0.0877643376588821,-0.00774557469412684,0.0554231181740761,0,0.219807043671608,0.23113040626049,0.132051542401314,0.136465072631836,0.0481004267930984,0.072623074054718,-0.0210788678377867,0.0511959493160248,0.199325978755951,-0.0462939850986004,0.162531703710556,0.0078702662140131,0.0704255104064941,0.0187093373388052,0.00524011114612222,0.0305881220847368,0.00942653976380825,0.126360297203064,0.023710697889328,0.0770247429609299,0.0995969474315643,0.0206687767058611,-0.0519326664507389,0.0656765773892403,0.120687782764435,0.0358357541263103,-0.0589524693787098,-0.0140157490968704,0.173993244767189,0.0956432819366455,0.190092816948891,0.0732310637831688,0.151527866721153,0.134376481175423,0.100019678473473,0.0761560201644897,0.0563230589032173,-0.00382324308156967,0.111499667167664,-0.0290272161364555,-0.0194929800927639,0.122258871793747,0.180471584200859,-0.0334701724350452,0.170308783650398,0.044217225164175,0.0633599534630775,0.030267296358943,-0.0114425141364336,0.058884009718895,0.0190035328269005,0.145475089550018,0.0171731263399124,0.0903571471571922,0.0867734476923943,0.0587941519916058,-0.012521511875093,0.0360161960124969,0.0769845321774483,0.0835459008812904,-0.0320878736674786,0.0378330647945404,0.18036188185215,0.0743365734815598,0.184482038021088,0.068024255335331,0.17254613339901,0.136731177568436,0.105136349797249,0.122132338583469,0.0231795348227024,-0.00294785830192268,0.148384869098663,-0.0381253696978092,-0.0044063706882298,0.122948184609413,0.172324106097221
0.717031478881836,0.347950220108032,0.288491874933243,0.257400631904602,0.0959340929985046,0.0552555210888386,-0.043584767729044,0.0373519547283649,0.219807043671608,0,0.319494932889938,0.282644689083099,0.217905253171921,0.0981900244951248,0.0466910526156425,-0.0565182529389858,0.0309389438480139,0.228058978915215,-0.0710807889699936,0.221919178962708,0.267520546913147,0.0134778311476111,0.048561092466116,-0.0834551081061363,0.216229379177094,0.227695852518082,0.141378283500671,-0.0597512573003769,0.204490661621094,0.0152427591383457,-0.0216613095253706,0.0491166934370995,0.0386711284518242,0.193299427628517,0.228435456752777,0.0963874161243439,0.190938487648964,0.130782186985016,0.254371464252472,0.306000769138336,0.269406825304031,0.230815455317497,0.0805599391460419,0.45454666018486,0.27200049161911,0.252128481864929,-0.133285731077194,0.383063822984695,-0.0228425785899162,-0.00547212222591043,0.0336181819438934,0.220792293548584,-0.151308417320251,0.165163367986679,0.134311735630035,0.00205999752506614,0.0252984017133713,-0.0967591255903244,0.115551471710205,0.123187392950058,0.0940840244293213,-0.030937422066927,0.0984023883938789,0.00424753362312913,-0.0251596290618181,-0.00162511924281716,0.0238749701529741,0.128894060850143,0.142148360610008,0.0385007821023464,0.0494663193821907,0.147964507341385,0.144253298640251,0.257590055465698,0.163393408060074,0.143227845430374,0.0473802499473095,0.230467289686203,0.0851867198944092,0.0908574238419533,-0.111280992627144,0.321968048810959,-0.0446542017161846,-0.0618401505053043,0.0503889881074429,0.184173136949539
0.4110207259655,0.491668254137039,0.273418545722961,0.279186218976974,0.104103356599808,-0.00243333796970546,-0.105495572090149,0.0747252851724625,0.23113040626049,0.319494932889938,0,0.327240258455276,0.304675370454788,0.111622005701065,-0.011887370608747,-0.110491245985031,0.0942936316132545,0.254077851772308,-0.187199324369431,0.284359216690063,-0.0177072435617447,0.0772548019886017,0.0152255147695541,-0.0710284039378166,0.00588000472635031,-0.0202263221144676,0.141187161207199,0.0647605955600739,0.121857598423958,0.113641873002052,-0.0664492025971413,-0.190061569213867,0.0105609577149153,0.127239733934402,0.0271944850683212,-0.146866783499718,-0.0648844167590141,0.23760461807251,0.0584206245839596,0.342955470085144,0.0669062733650208,0.193319648504257,0.184982553124428,0.186078786849976,0.0741847157478333,0.0897598639130592,-0.168319433927536,0.212896645069122,-0.0905952975153923,-0.0765940696001053,0.165106415748596,0.274278879165649,-0.142412468791008,0.300147235393524,0.154453381896019,0.0868499428033829,0.00671269977465272,-0.0984985008835793,0.152066811919212,-0.000898323720321059,0.198503941297531,0.0394139513373375,0.186559110879898,0.0738801583647728,-0.00870930217206478,-0.0638765171170235,0.00598745699971914,0.132930487394333,0.237068504095078,-0.00518141686916351,0.147760480642319,0.277840137481689,0.0406896248459816,0.397193402051926,0.108691282570362,0.264920711517334,0.204704597592354,0.305607795715332,0.264903903007507,0.0698088631033897,-0.140682533383369,0.308754324913025,-0.0391048230230808,-0.103785842657089,0.166341125965118,0.297775655984879
0.356724858283997,0.264994740486145,0.5838902592659,0.37870180606842,0.116514898836613,0.0225305669009686,-0.0472190007567406,0.131861880421638,0.132051542401314,0.282644689083099,0.327240258455276,0,0.408372223377228,0.0853714495897293,0.0249753594398499,-0.0325183942914009,0.146019116044044,0.15458656847477,-0.0727645084261894,0.207258224487305,0.0606336891651154,-0.0162124428898096,-0.00811334513127804,-0.0562876798212528,-0.00493149366229773,0.0281455777585506,0.0791203007102013,0.0187145937234163,0.184012174606323,0.0095756882801652,-0.0509551055729389,-0.137918904423714,-0.0331698320806026,0.038459800183773,0.191948875784874,-0.0509887896478176,0.108823016285896,0.0978894755244255,0.00522238109260798,0.223287492990494,0.0628588572144508,0.0644515827298164,0.170432284474373,0.221380293369293,0.11373670399189,0.0770245492458344,-0.0990637317299843,0.180133640766144,-0.0863476172089577,-0.068659596145153,0.065924696624279,0.189028918743134,-0.0278281383216381,0.23705019056797,0.182041078805923,-0.0425336211919785,0.0200544781982899,-0.0737646073102951,0.0833228453993797,0.0554698258638382,0.0865933075547218,-0.00150367966853082,0.234495848417282,-0.0213468614965677,-0.00135547120589763,-0.0528470575809479,0.00459229201078415,0.0418039932847023,0.278500378131866,0.0482115410268307,0.226213574409485,0.10717411339283,-0.0436871759593487,0.266888499259949,0.0803632065653801,0.119983986020088,0.183412238955498,0.278896987438202,0.2261131554842,0.0335571207106113,-0.0897809714078903,0.239865556359291,-0.0578325912356377,-0.0562631748616695,0.0594857037067413,0.215066388249397
0.292947202920914,0.255868464708328,0.382286339998245,0.647513270378113,0.17320491373539,0.0030771023593843,-0.0287486054003239,0.106908410787582,0.136465072631836,0.217905253171921,0.304675370454788,0.408372223377228,0,0.144727110862732,0.00891394540667534,-0.00772838946431875,0.118530057370663,0.160321593284607,-0.0534561835229397,0.270073235034943,-0.03819839656353,0.0384882278740406,0.015443648211658,-0.0241353027522564,-0.094622902572155,0.000182208605110645,-0.00470467563718557,0.0496547929942608,0.136206045746803,0.0479496121406555,-0.0680344700813293,-0.165231928229332,-0.0202110223472118,0.163882374763489,0.143884018063545,-0.109129868447781,0.0485037453472614,0.130983859300613,0.108456544578075,0.219373896718025,0.212936908006668,0.0222363173961639,0.115551769733429,0.127579256892204,0.124475635588169,0.102385364472866,-0.0500882752239704,0.222099632024765,-0.0868697836995125,-0.0450421534478664,0.119179770350456,0.31464409828186,0.00363567727617919,0.286761164665222,0.0274109281599522,0.031145641580224,0.0137511687353253,-0.0211517121642828,-0.0340276062488556,0.0275006517767906,0.0136466808617115,0.0444772765040398,0.188248425722122,0.0279761478304863,-0.0362507589161396,-0.116631001234055,-0.00240955874323845,0.154387205839157,0.282473295927048,-0.0433760844171047,0.183955177664757,0.149016141891479,0.110534779727459,0.253520518541336,0.280360013246536,0.0789250209927559,0.133658230304718,0.196503832936287,0.192749366164207,0.0943696349859238,-0.0124155161902308,0.315956711769104,-0.0880204662680626,-0.0489498972892761,0.122267708182335,0.372079223394394
0.111509136855602,0.0985138863325119,0.0679986104369164,0.125530391931534,0.0441002659499645,-0.0172258354723454,-0.0239950325340033,0.0149949146434665,0.0481004267930984,0.0981900244951248,0.111622005701065,0.0853714495897293,0.144727110862732,0,-0.00895273219794035,-0.0271309185773134,0.0073002940043807,0.0956112369894981,-0.0227070488035679,0.130464911460876,-0.0392559021711349,0.0173468552529812,0.0108951348811388,-0.0218582022935152,-0.028886528685689,-0.0193156506866217,0.0119492197409272,-0.0106309782713652,0.0304008144885302,0.0191663764417171,-0.0310875177383423,-0.0571379251778126,0.000899337464943528,0.0594087988138199,0.0230561140924692,-0.0451593846082687,-0.00882087927311659,0.0598764456808567,0.061238631606102,0.0876950770616531,0.0656293109059334,0.0391842760145664,0.0590284913778305,0.0397861413657665,0.0503428280353546,0.0167985484004021,-0.0181541536003351,0.0805871859192848,-0.0416423976421356,-0.011967970058322,0.0724561810493469,0.120344325900078,-0.0167072080075741,0.106292352080345,0.00478094350546598,0.0184279605746269,0.00166808988433331,-0.0226366203278303,-0.0014716744190082,-0.0107048861682415,0.0288736410439014,-0.0117610292509198,0.0303360428661108,0.0204070750623941,-0.00972715113312006,-0.0289197601377964,-0.00471958750858903,0.0705818831920624,0.07744000852108,-0.0339607372879982,0.0564569756388664,0.0737281367182732,0.0667760744690895,0.090890571475029,0.0854111537337303,0.0504158586263657,0.0733814984560013,0.0664108917117119,0.0933191701769829,0.0053015616722405,-0.0146946599707007,0.118306890130043,-0.0262645240873098,-0.0256903823465109,0.0624823793768883,0.134355187416077
-0.00334563152864575,-0.00315152457915246,0.0297285467386246,0.00783493090420961,-0.00409567775204778,0.439241826534271,0.174802213907242,0.0350688882172108,0.072623074054718,0.0466910526156425,-0.011887370608747,0.0249753594398499,0.00891394540667534,-0.00895273219794035,0,0.217666283249855,0.0422936789691448,0.06904386729002,0.0518232509493828,0.0423505865037441,0.130010649561882,0.0872210040688515,0.109247148036957,0.229934468865395,0.225980773568153,0.127152189612389,0.323505967855453,0.120693184435368,0.0927306637167931,0.105873361229897,0.308388859033585,0.174513131380081,0.274835348129272,0.0754458010196686,-0.0360129363834858,-0.00911946315318346,-0.0440884903073311,0.0700211748480797,0.0798434540629387,0.0842937454581261,0.0615758821368217,0.258815765380859,0.238283887505531,-0.0223379265516996,0.162206202745438,0.0769082754850388,0.215306878089905,-0.0818045139312744,0.0464233495295048,0.132059380412102,0.0999415963888168,0.0877582132816315,0.0440488234162331,0.0443550013005733,0.0559069477021694,0.0754636228084564,0.102679558098316,0.226895391941071,0.154499799013138,0.132125735282898,0.300892353057861,0.109345838427544,0.0606164671480656,0.0991313606500626,0.268799424171448,0.154527798295021,0.278631448745728,0.0640129745006561,-0.0780667215585709,-0.0463083200156689,-0.0680078342556953,0.0582460649311543,0.107466138899326,0.064331978559494,0.0552134364843369,0.248039677739143,0.177803725004196,-0.0626028627157211,0.10368026047945,0.0678767412900925,0.20990614593029,-0.0774053409695625,0.0329459235072136,0.141528382897377,0.102991320192814,0.0823908224701881
-0.0974331945180893,-0.0970292463898659,-0.0325850807130337,-0.0146098714321852,-0.0276614408940077,0.169737339019775,0.254306793212891,0.00303180143237114,-0.0210788678377867,-0.0565182529389858,-0.110491245985031,-0.0325183942914009,-0.00772838946431875,-0.0271309185773134,0.217666283249855,0,0.0168214775621891,-0.00576444482430816,0.117674566805363,-0.0312392469495535,0.0414848439395428,0.0241476017981768,0.0731441378593445,0.171062335371971,0.0460898876190186,0.118070542812347,-0.00652343453839421,0.0202101748436689,0.0173770915716887,0.0317920707166195,0.138242617249489,0.124365121126175,0.0967238321900368,0.0205217618495226,0.00788864493370056,0.0418606512248516,0.0475391820073128,-0.0511238425970078,0.0439200811088085,-0.106247819960117,0.0739009156823158,-0.0270740203559399,0.00564289791509509,-0.109633944928646,0.0445427112281322,0.0328183323144913,0.205791354179382,-0.0632252395153046,0.0423434302210808,0.107163049280643,0.0135598154738545,0.0322105437517166,0.10883717238903,-0.0338837243616581,-0.0252453126013279,0.0134578887373209,0.0403713099658489,0.178606569766998,-0.00955682527273893,0.118281170725822,-0.0267387144267559,0.0177204180508852,0.00142127368599176,0.0261803772300482,0.100177995860577,0.0886457711458206,0.101853646337986,0.0253507252782583,-0.0184262115508318,-0.0116798225790262,0.0131479948759079,-0.0638865306973457,0.0614937171339989,-0.125403597950935,0.0792611837387085,-0.0454646423459053,-0.0268848147243261,-0.141820967197418,-0.00915477983653545,0.0404008030891418,0.214466512203217,-0.0814536362886429,0.0261973273009062,0.134792193770409,0.00396532658487558,0.0277665480971336
0.0406681410968304,0.0553240180015564,0.118206776678562,0.0969141498208046,0.0230815708637238,0.0400154553353786,-0.0107165006920695,0.109630800783634,0.0511959493160248,0.0309389438480139,0.0942936316132545,0.146019116044044,0.118530057370663,0.0073002940043807,0.0422936789691448,0.0168214775621891,0,0.069589376449585,-0.0224037207663059,0.0905332565307617,-0.0509513914585114,0.0324111096560955,0.0160433445125818,-0.00407542940229177,-0.0205035116523504,-0.0369311422109604,0.0804348513484001,0.0336467437446117,0.0146337021142244,0.0343702919781208,0.0571502186357975,-0.0669701918959618,0.00913702696561813,0.0332508347928524,-0.0237352550029755,-0.0792754739522934,-0.0623319260776043,0.0490987226366997,0.00801117159426212,0.065032884478569,-0.0028254771605134,0.0736939013004303,0.12428392469883,-0.0162428226321936,0.0191811677068472,0.00504837557673454,0.0138552961871028,-0.0293798297643661,-0.0134191913530231,-0.0145833175629377,0.0424720160663128,0.0620662160217762,-0.0112598882988095,0.077758900821209,-0.0394136235117912,0.0340284034609795,0.00767696276307106,0.0190231837332249,-0.0216128006577492,-0.0143616488203406,0.0712615847587585,0.0301244463771582,0.0228767469525337,0.0239490866661072,0.0505127236247063,-0.0370150953531265,0.024244612082839,0.038516279309988,-0.0136606320738792,-0.104424871504307,-0.0268037468194962,0.0525819212198257,-0.000985576421953738,0.072527602314949,0.00296637485735118,0.0748085081577301,0.117187470197678,0.0146242249757051,0.0161779262125492,0.00614906894043088,0.023495152592659,0.0178470071405172,-0.0149694439023733,-0.00284332386218011,0.0479932837188244,0.071287028491497
0.262432724237442,0.211589083075523,0.154369905591011,0.148940891027451,0.0620685070753098,0.0702265352010727,-0.0313453637063503,0.0664070546627045,0.199325978755951,0.228058978915215,0.254077851772308,0.15458656847477,0.160321593284607,0.0956112369894981,0.06904386729002,-0.00576444482430816,0.069589376449585,0,-0.0590451993048191,0.16323210299015,0.037449486553669,0.0566826499998569,0.0398821122944355,0.0124503085389733,0.0596807561814785,0.0306149050593376,0.121795684099197,0.025140592828393,0.0905428156256676,0.0955337733030319,0.015512210316956,-0.026271004229784,0.0721616446971893,0.0974172651767731,0.025463979691267,-0.0535776242613792,-0.00781651679426432,0.168076708912849,0.0801737532019615,0.184961080551147,0.0656435489654541,0.15817679464817,0.134787291288376,0.110831320285797,0.0816617384552956,0.0615572184324265,0.00904886983335018,0.131230279803276,-0.0366412438452244,0.0277118682861328,0.167744129896164,0.19028152525425,-0.00779428752139211,0.181012630462646,0.103430308401585,0.0675371736288071,0.0253758653998375,0.010469282977283,0.111942194402218,0.0387441329658031,0.150986567139626,0.0272719170898199,0.117712303996086,0.0837007239460945,0.0678478628396988,0.0229868143796921,0.0586356669664383,0.112597040832043,0.117344468832016,0.0145987318828702,0.0836282148957253,0.184937030076981,0.0744128227233887,0.201359376311302,0.0857576951384544,0.195253029465675,0.143767103552818,0.150124073028564,0.168020069599152,0.0548838637769222,0.0222379676997662,0.169567048549652,0.0037693080957979,0.000231401063501835,0.136578768491745,0.212941974401474
-0.156725585460663,-0.107428520917892,-0.031716164201498,-0.0487121418118477,-0.0152898216620088,0.0697359964251518,0.155717819929123,-0.0326098091900349,-0.0462939850986004,-0.0710807889699936,-0.187199324369431,-0.0727645084261894,-0.0534561835229397,-0.0227070488035679,0.0518232509493828,0.117674566805363,-0.0224037207663059,-0.0590451993048191,0,-0.0320005193352699,0.22535651922226,0.0375326983630657,0.0438560619950294,0.266490489244461,0.195186421275139,0.272280514240265,-0.173394054174423,0.0795041546225548,0.0787547156214714,0.0715595260262489,0.0154701629653573,0.556053996086121,0.00290599442087114,-0.00744925066828728,0.499950230121613,0.21434211730957,0.552588403224945,-0.0369911715388298,0.0770339891314507,-0.102866478264332,0.183180510997772,-0.0748406276106834,-0.137339532375336,0.020058449357748,0.188885509967804,0.0950129106640816,0.73426616191864,0.254840552806854,0.110759757459164,0.156098484992981,0.17597933113575,0.138765186071396,0.66592013835907,-0.0389027670025826,0.0374535620212555,0.0201138164848089,0.0217420514672995,0.222271710634232,0.015658563002944,0.190246880054474,-0.209568664431572,0.0813999995589256,0.0153058348223567,0.0631994530558586,-0.0602997168898582,0.321001201868057,0.024997528642416,0.00918435584753752,0.238637536764145,0.15367802977562,0.273494213819504,-0.0748488456010818,0.115848563611507,-0.1667650192976,0.139100089669228,-0.144100084900856,-0.120184272527695,-0.095365472137928,0.0293785519897938,0.0634897276759148,0.619820237159729,0.0610569342970848,0.0537431575357914,0.164454460144043,0.1768718957901,0.104380570352077
0.226824685931206,0.254004031419754,0.200541898608208,0.295168429613113,0.10600022226572,0.0466832704842091,-0.036825355142355,0.0925418958067894,0.162531703710556,0.221919178962708,0.284359216690063,0.207258224487305,0.270073235034943,0.130464911460876,0.0423505865037441,-0.0312392469495535,0.0905332565307617,0.16323210299015,-0.0320005193352699,0,-0.111445479094982,0.178429424762726,0.0525766462087631,0.0306697450578213,-0.119753055274487,-0.0137554779648781,0.0126845370978117,0.0395026579499245,0.21056404709816,0.200759544968605,-0.0880716741085052,-0.271845072507858,0.0137190474197268,0.396452397108078,0.198756948113441,-0.219431966543198,0.0139395240694284,0.288315445184708,0.32749804854393,0.414015710353851,0.399153858423233,0.0961702540516853,0.285385549068451,0.25054943561554,0.323307007551193,0.273041009902954,0.0512923486530781,0.376199036836624,-0.130932003259659,-0.0421627871692181,0.288333714008331,0.563141465187073,0.027792677283287,0.584712624549866,-0.0986743941903114,0.193261429667473,0.00850722938776016,0.0159696433693171,-0.106276802718639,0.0101323053240776,0.0618102699518204,0.0463267788290977,0.187367841601372,0.172849670052528,-0.0366027317941189,-0.235675171017647,0.0324887223541737,0.373917877674103,0.297091454267502,-0.23731042444706,0.122167810797691,0.288634300231934,0.282227456569672,0.440014362335205,0.396393656730652,0.164228960871696,0.282099097967148,0.240742802619934,0.296659290790558,0.224841579794884,0.0536573491990566,0.468191772699356,-0.15845113992691,-0.079285629093647,0.239747226238251,0.55480432510376
0.0620025731623173,0.0452592670917511,0.115415789186954,-0.0324437618255615,0.00021078810095787,0.145352378487587,0.0469776429235935,-0.0605806186795235,0.0078702662140131,0.267520546913147,-0.0177072435617447,0.0606336891651154,-0.03819839656353,-0.0392559021711349,0.130010649561882,0.0414848439395428,-0.0509513914585114,0.037449486553669,0.22535651922226,-0.111445479094982,0,-0.138262063264847,0.0690683200955391,0.180943071842194,0.723352074623108,0.564781069755554,0.19426403939724,-0.074325866997242,0.283242911100388,-0.0894390940666199,0.106972485780716,0.480529606342316,0.162379115819931,-0.0899133607745171,0.554324388504028,0.467111736536026,0.541005074977875,-0.120989948511124,-0.0175648368895054,0.10823380202055,0.117230914533138,0.316105335950851,-0.0489711724221706,0.708332061767578,0.402774959802628,0.383999913930893,0.0655155405402184,0.455438524484634,0.0216194149106741,0.0101590314880013,-0.0107872588559985,-0.0396066829562187,0.0325688570737839,-0.115333236753941,0.655262410640717,-0.192610517144203,0.0614144317805767,0.101330511271954,0.523763179779053,0.298772752285004,0.0590983182191849,-0.0397327095270157,0.0940004885196686,-0.0876705572009087,0.049629420042038,0.301066905260086,0.117895692586899,-0.0796030536293983,0.26243269443512,0.364838838577271,0.20445704460144,-0.129653140902519,-0.00464219227433205,-0.0146012157201767,0.0444565042853355,0.154472574591637,-0.121557138860226,0.2800253033638,0.0811892151832581,0.161299079656601,0.0512857250869274,0.0856348127126694,0.0658634603023529,0.0168956723064184,0.000674785464070737,-0.0959767773747444
-0.0187775325030088,0.0959668681025505,0.00955061614513397,0.0411323979496956,0.0045368941500783,0.103145636618137,0.0266526993364096,0.0278405882418156,0.0704255104064941,0.0134778311476111,0.0772548019886017,-0.0162124428898096,0.0384882278740406,0.0173468552529812,0.0872210040688515,0.0241476017981768,0.0324111096560955,0.0566826499998569,0.0375326983630657,0.178429424762726,-0.138262063264847,0,0.0192715246230364,0.317517966032028,0.0405770093202591,-0.137134030461311,0.132927760481834,0.244227811694145,0.0420562438666821,0.916184902191162,0.0127223618328571,-0.151141941547394,0.159394115209579,0.36582538485527,-0.0677820071578026,-0.184358671307564,-0.131327837705612,0.874039053916931,0.312106817960739,0.0966362804174423,0.29546195268631,0.286703050136566,0.0825954899191856,-0.0188901070505381,0.0941193625330925,0.636351704597473,0.179363772273064,0.0361828915774822,-0.0334126800298691,0.0145614137873054,0.207483246922493,0.244253471493721,0.0812196061015129,0.169720351696014,-0.23499521613121,0.972825527191162,0.00459808483719826,0.361708402633667,-0.0682970806956291,-0.0775179862976074,0.166538119316101,0.311886131763458,-0.00387954129837453,0.905272662639618,-0.00381030165590346,-0.184551939368248,0.165838941931725,0.33823174238205,-0.0922901406884193,-0.249369904398918,-0.140618234872818,0.836759090423584,0.355729222297668,0.0924089774489403,0.307873487472534,0.313981562852859,0.0936049744486809,-0.0771913230419159,0.010021535679698,0.578133106231689,0.163561522960663,0.0728465169668198,-0.072139285504818,0.0153057519346476,0.174611359834671,0.221517041325569
0.0216461513191462,0.0193373188376427,0.010075656697154,0.00968747120350599,0.0114282285794616,0.134681150317192,0.0739844813942909,2.04350799322128e-05,0.0187093373388052,0.048561092466116,0.0152255147695541,-0.00811334513127804,0.015443648211658,0.0108951348811388,0.109247148036957,0.0731441378593445,0.0160433445125818,0.0398821122944355,0.0438560619950294,0.0525766462087631,0.0690683200955391,0.0192715246230364,0,0.160511255264282,0.111571542918682,0.140176698565483,0.0598703101277351,0.0349361672997475,0.0962433740496635,0.0434339046478271,0.0934444814920425,0.107994914054871,0.0984896346926689,0.0324702449142933,0.0658470988273621,0.0403514020144939,0.0696420967578888,0.0258554182946682,0.0488206706941128,0.0427431724965572,0.0573714002966881,0.0446427725255489,0.0598567277193069,0.0422529429197311,0.0718618035316467,0.0878112316131592,0.109496138989925,0.0634840875864029,0.0304324794560671,0.102692067623138,0.0514263845980167,0.102297231554985,0.020596481859684,0.0241138190031052,0.0368217900395393,0.00787912029772997,0.0526474490761757,0.131352335214615,0.0750227868556976,0.113457337021828,0.0575532540678978,0.0251131784170866,0.0603742972016335,0.0425816178321838,0.083291307091713,0.0736673325300217,0.0826080217957497,0.0100595876574516,0.0535644702613354,0.0167769808322191,0.0406405366957188,0.0166464857757092,0.0384844578802586,0.0317535735666752,0.0486494153738022,0.0581496134400368,0.0318104811012745,-0.00479804910719395,0.0474475510418415,0.0730588138103485,0.0804265066981316,0.0361916683614254,0.0170611124485731,0.0518056489527225,0.0304941888898611,0.089384414255619
-0.0609151124954224,-0.0540960878133774,-0.0388503894209862,-0.0197743847966194,-0.0105719547718763,0.221404924988747,0.180194303393364,-0.00852106045931578,0.00524011114612222,-0.0834551081061363,-0.0710284039378166,-0.0562876798212528,-0.0241353027522564,-0.0218582022935152,0.229934468865395,0.171062335371971,-0.00407542940229177,0.0124503085389733,0.266490489244461,0.0306697450578213,0.180943071842194,0.317517966032028,0.160511255264282,0,0.308188110589981,0.350539207458496,0.0742008313536644,0.532744646072388,0.104977011680603,0.509858012199402,0.174151197075844,0.197754636406898,0.331800222396851,0.105505228042603,0.131966307759285,0.0360637977719307,0.0972782075405121,0.273952186107635,0.105196014046669,-0.0467124506831169,0.154953092336655,0.102083280682564,0.0436228215694427,-0.0127179939299822,0.0964711606502533,0.497416943311691,0.34687265753746,0.0261023342609406,0.0661636665463448,0.15008832514286,0.124489665031433,0.151278525590897,0.25522118806839,0.0486336462199688,0.0483370311558247,0.290532648563385,0.105319060385227,0.810285329818726,0.181692659854889,0.351367622613907,0.0736393108963966,0.493796855211258,0.0792343243956566,0.507781565189362,0.139862298965454,0.188982546329498,0.348099291324615,0.114341586828232,0.115365907549858,-0.0243894457817078,0.132629722356796,0.196170911192894,0.154699504375458,-0.033747423440218,0.187676921486855,0.144829973578453,0.0413433723151684,-0.0653600618243217,0.0582610666751862,0.492730587720871,0.28239643573761,0.00803295895457268,0.0410637333989143,0.138055458664894,0.0982120409607887,0.112705394625664
