0 0.36487 0.2871 0.29557 0.083586 -0.0044274 -0.09199 0.066882 0.22171 0.74479 0.44342 0.37152 0.30941 0.11118 -0.0036448 -0.094382 0.051517 0.27615 -0.13962 0.24025 0.07497 0.029425 0.021096 -0.074847 0.072228 0.13092 0.10804 -0.010405 0.19739 0.014642 -0.14424 -0.098375 0.002459 0.11709 0.090974 -0.039853 0.021657 0.13475 0.061835 0.3663 0.077987 0.20122 0.11397 0.35385 0.072851 0.14111 -0.15629 0.32563 -0.088008 -0.060393 0.049927 0.22636 -0.033141 0.28505 0.36473 0.027827 0.030126 -0.1027 0.31743 0.20727 0.19039 -0.012173 0.31125 -0.017109 -0.029506 0.10648 0.011627 0.13425 0.34839 0.17988 0.25277 0.15004 0.068779 0.43896 0.17266 0.2982 0.18627 0.55478 0.36664 0.15665 -0.13144 0.48716 -0.011604 -0.080652 0.062641 0.27154
0.36487 0 0.28809 0.30689 0.12453 -0.0037913 -0.093695 0.083043 0.23814 0.37531 0.54055 0.30426 0.29152 0.11206 -0.018873 -0.11285 0.067051 0.23426 -0.11663 0.28612 0.048201 0.11104 0.016494 -0.082354 0.0552 0.030064 0.14795 0.067368 0.15552 0.1314 -0.043353 -0.11874 -0.0026644 0.14171 0.11587 -0.060349 0.010875 0.25231 0.093996 0.36356 0.08296 0.20486 0.18156 0.23724 0.17577 0.090789 -0.13002 0.23164 -0.057997 -0.0676 0.18964 0.2915 -0.13629 0.28638 0.064516 0.10394 0.016546 -0.10553 0.060941 -0.027393 0.14312 0.061042 0.13924 0.086816 -0.016957 -0.10574 -0.025795 0.085025 0.16296 -0.025617 0.072809 0.28762 0.038935 0.33808 0.062043 0.19062 0.17618 0.20868 0.17024 0.031909 -0.15271 0.2155 -0.051826 -0.085281 0.17251 0.27075
0.2871 0.28809 0 0.41652 0.11065 0.036615 -0.029882 0.15628 0.1566 0.30838 0.30895 0.60805 0.40788 0.079329 0.021545 -0.041523 0.13156 0.1636 -0.040879 0.22547 0.10693 0.034842 0.0092927 -0.055384 0.025324 0.03748 0.094106 -0.0022398 0.20221 0.046691 -0.0083721 -0.082723 -0.035156 0.039949 0.21948 -0.017409 0.12382 0.11986 -0.015286 0.23173 0.06313 0.10308 0.20027 0.25018 0.2059 0.038804 -0.075028 0.18382 -0.061621 -0.055276 0.10054 0.1983 -0.029818 0.20502 0.10014 0.016637 0.034757 -0.073434 0.023676 0.00667 0.078123 0.010184 0.16785 0.013677 0.0082278 -0.079824 -0.019429 0.026643 0.20081 -0.024527 0.13393 0.13166 -0.037521 0.22851 0.07261 0.0884 0.15319 0.17781 0.16003 -0.0040721 -0.078462 0.17991 -0.066245 -0.059923 0.10078 0.19252
0.29557 0.30689 0.41652 0 0.21087 0.011831 -0.015461 0.12571 0.15575 0.27753 0.31654 0.3984 0.67433 0.14083 0.0033744 -0.020577 0.11105 0.16483 -0.046648 0.32819 -0.028161 0.076108 0.012124 -0.022524 -0.08939 0.0073713 0.015798 0.015509 0.17018 0.077224 -0.030003 -0.1691 -0.018572 0.19666 0.18619 -0.097354 0.059217 0.1577 0.16627 0.24736 0.27533 0.061448 0.15962 0.17184 0.19499 0.11545 -0.020438 0.2708 -0.074422 -0.027343 0.15699 0.36944 -0.030144 0.32168 0.015671 0.073915 0.0078861 -0.041483 -0.044863 -0.024367 0.036524 0.022872 0.16689 0.055994 -0.019922 -0.14015 0.0033486 0.16601 0.26126 -0.060493 0.14642 0.17499 0.099708 0.28085 0.25875 0.09882 0.16552 0.19028 0.1964 0.089583 -0.046865 0.3141 -0.070374 -0.060941 0.14731 0.3707
0.083586 0.12453 0.11065 0.21087 0 0.0028402 -0.017332 0.022427 0.061879 0.10142 0.11173 0.11871 0.18056 0.050574 -0.00084663 -0.026375 0.028181 0.066772 -0.013007 0.11247 0.0017797 0.018094 0.010687 -0.0097541 -0.01486 0.0097732 -0.0039496 -0.015504 0.080724 0.021921 -0.022775 -0.033584 -0.0022029 0.026032 0.07505 0.0071022 0.052933 0.063374 0.066907 0.10015 0.092516 0.015242 0.062739 0.078817 0.072662 0.013689 0.0090248 0.11552 -0.03103 -0.017665 0.0734 0.1517 -0.012925 0.12247 -0.020806 0.010168 -0.016163 -0.032825 -0.034923 -0.019134 -0.0014646 -0.0082267 0.066692 0.0064817 -0.019978 -0.046867 -0.019223 0.033385 0.083943 -0.0102 0.061919 0.065455 0.050626 0.085645 0.075577 0.00011202 0.039867 0.045607 0.049841 -0.010377 -0.012686 0.10284 -0.047508 -0.025702 0.052163 0.13856
-0.0044274 -0.0037913 0.036615 0.011831 0.0028402 0 0.17825 0.024649 0.086228 0.049971 -0.013799 0.024538 0.0036445 -0.018183 0.46354 0.18696 0.042315 0.069027 0.07648 0.050348 0.13594 0.085754 0.14319 0.23269 0.24611 0.12968 0.34332 0.14776 0.090634 0.12359 0.30944 0.21279 0.27744 0.086414 -0.026275 0.020754 -0.022012 0.082478 0.10551 0.099835 0.06803 0.26107 0.23173 -0.0016517 0.1726 0.085792 0.22805 -0.053586 0.047835 0.15984 0.11924 0.096885 0.049764 0.035938 0.015443 0.066932 0.094709 0.22822 0.13463 0.10594 0.28842 0.14846 0.033342 0.11538 0.28853 0.14443 0.24237 0.075977 -0.088734 -0.031821 -0.064326 0.059014 0.11533 0.053074 0.066577 0.22354 0.16206 -0.066695 0.097741 0.057957 0.20105 -0.076517 0.056312 0.12944 0.10891 0.073874
-0.09199 -0.093695 -0.029882 -0.015461 -0.017332 0.17825 0 -0.011522 -0.0093023 -0.051311 -0.12303 -0.053426 -0.036821 -0.030022 0.18632 0.26734 -0.012069 -0.038825 0.14953 -0.030653 0.041431 0.0062934 0.076611 0.18301 0.053594 0.12872 -0.011009 0.071722 0.0063926 0.031612 0.16027 0.15981 0.070419 0.026145 0.023837 0.064349 0.064125 -0.02442 0.068385 -0.13018 0.092997 -0.052097 -0.011508 -0.13682 0.055115 0.036099 0.2366 -0.051019 0.037067 0.13651 0.010226 0.034056 0.10405 -0.049049 -0.055179 0.00016032 0.029705 0.16673 -0.036198 0.086741 -0.042347 0.059641 -0.023957 0.0305 0.092796 0.084229 0.05907 0.031199 -0.045437 -0.017067 -0.014333 -0.041199 0.077135 -0.13777 0.092099 -0.065269 -0.025726 -0.18289 -0.010798 0.043847 0.20128 -0.1011 0.028159 0.11565 -0.00058129 0.0099843
0.066882 0.083043 0.15628 0.12571 0.022427 0.024649 -0.011522 0 0.063412 0.053997 0.087458 0.1393 0.12109 0.018761 0.033183 0.002308 0.11636 0.072271 -0.036897 0.10709 -0.051451 0.036591 0.0024907 -0.0098328 -0.038038 -0.023855 0.067435 0.018738 0.032782 0.024238 0.069319 -0.058617 0.019708 0.052136 -0.020997 -0.081393 -0.0699 0.059885 0.022339 0.083917 0.01851 0.057197 0.13074 0.0063892 0.027555 0.010378 0.0049413 0.0090245 -0.0033222 -0.0015771 0.055425 0.094606 -0.025521 0.091492 -0.037125 0.039088 -0.00083866 -0.0013697 -0.018808 -0.00096101 0.077753 0.035371 0.038459 0.015807 0.068042 -0.044557 0.013276 0.051044 0.00054737 -0.083318 -0.01821 0.066308 0.01261 0.088809 0.034952 0.067094 0.11285 0.022007 0.038622 0.0075351 0.010139 0.056037 -0.016182 -0.0039456 0.064972 0.098021
0.22171 0.23814 0.1566 0.15575 0.061879 0.086228 -0.0093023 0.063412 0 0.23646 0.24877 0.1437 0.14999 0.058019 0.072965 -0.026805 0.052892 0.21275 -0.048143 0.17489 0.010647 0.076707 0.023418 -0.00031238 0.030645 -0.00068567 0.13238 0.024601 0.083649 0.10246 0.020845 -0.055291 0.064581 0.10459 0.032501 -0.053016 -0.015164 0.1844 0.087334 0.20599 0.062766 0.15708 0.14598 0.10946 0.083282 0.043321 -0.0027309 0.11405 -0.035182 -0.024034 0.13671 0.18807 -0.036683 0.18243 0.04265 0.069722 0.030301 -0.019515 0.058088 0.0057059 0.1536 0.019106 0.097438 0.088907 0.061802 -0.018943 0.035246 0.072615 0.086363 -0.025483 0.038179 0.18903 0.069124 0.19605 0.06223 0.17307 0.15414 0.11893 0.12668 0.011904 -0.0064158 0.14648 -0.036637 -0.005261 0.13724 0.18378
0.74479 0.37531 0.30838 0.27753 0.10142 0.049971 -0.051311 0.053997 0.23646 0 0.35593 0.30684 0.24127 0.10405 0.032161 -0.06227 0.043847 0.24859 -0.08228 0.2452 0.23006 0.049912 0.04083 -0.12133 0.18379 0.194 0.14421 -0.083092 0.20564 0.02032 -0.035348 0.018596 0.021959 0.1798 0.20735 0.089298 0.16699 0.15372 0.24217 0.32738 0.24789 0.22729 0.10491 0.44507 0.26125 0.1979 -0.13084 0.37478 -0.022096 -0.016078 0.057869 0.22944 -0.14298 0.19487 0.11328 0.036006 0.018946 -0.13164 0.086961 0.089778 0.10113 -0.049899 0.10648 0.0077273 -0.028629 -0.014823 0.0053641 0.12201 0.14725 0.04222 0.054084 0.16535 0.13239 0.27676 0.15792 0.13983 0.079657 0.24748 0.094804 0.056707 -0.12147 0.32565 -0.05395 -0.0632 0.067407 0.20507
0.44342 0.54055 0.30895 0.31654 0.11173 -0.013799 -0.12303 0.087458 0.24877 0.35593 0 0.36313 0.3421 0.12403 -0.02429 -0.1294 0.10533 0.27771 -0.18722 0.31195 -0.002121 0.098123 0.011837 -0.095363 0.015796 -0.027788 0.15728 0.048821 0.14083 0.11373 -0.061948 -0.18618 0.0038856 0.10201 0.040106 -0.12975 -0.053101 0.25667 0.024359 0.37052 0.038581 0.21414 0.20929 0.2154 0.10619 0.057955 -0.17605 0.2231 -0.093316 -0.088403 0.1876 0.28199 -0.1542 0.33311 0.15284 0.10389 0.0086451 -0.12552 0.14341 -0.023517 0.21209 0.035923 0.1952 0.074573 -0.0083203 -0.075095 -0.0080324 0.11043 0.23754 0.0043052 0.14115 0.29892 0.0072658 0.42025 0.079284 0.26744 0.22705 0.32155 0.26848 0.042423 -0.16849 0.2984 -0.044063 -0.11519 0.19111 0.30598
0.37152 0.30426 0.60805 0.3984 0.11871 0.024538 -0.053426 0.1393 0.1437 0.30684 0.36313 0 0.4271 0.093137 0.024148 -0.037167 0.15533 0.16107 -0.078575 0.23177 0.065147 0.0085271 -0.005853 -0.074403 0.00086237 0.018978 0.10501 0.0040711 0.19903 0.026009 -0.039146 -0.13667 -0.038644 0.030912 0.18954 -0.047167 0.10515 0.12365 -0.016156 0.25742 0.052172 0.096389 0.20428 0.23141 0.14242 0.050558 -0.099085 0.18687 -0.085865 -0.070796 0.093135 0.20052 -0.025594 0.26672 0.17574 -0.017881 0.019374 -0.086139 0.082369 0.035389 0.1041 -0.0057353 0.24332 -0.0068054 0.011719 -0.055391 -0.0045825 0.04115 0.2781 0.048367 0.2171 0.13449 -0.064679 0.29354 0.063729 0.13832 0.21418 0.27619 0.2333 0.010076 -0.10092 0.2338 -0.06103 -0.062524 0.078087 0.23085
0.30941 0.29152 0.40788 0.67433 0.18056 0.0036445 -0.036821 0.12109 0.14999 0.24127 0.3421 0.4271 0 0.1547 0.008402 -0.017965 0.13376 0.17278 -0.05107 0.30878 -0.027469 0.07141 0.018211 -0.031201 -0.089914 0.0017017 0.0044218 0.028013 0.16065 0.071144 -0.062888 -0.17018 -0.019492 0.16756 0.16624 -0.1076 0.053688 0.15864 0.095671 0.25025 0.22208 0.045564 0.14829 0.15633 0.16622 0.10009 -0.041079 0.25155 -0.087422 -0.05034 0.15062 0.34082 -0.0056307 0.32448 0.025071 0.062634 0.016731 -0.032801 -0.039421 0.013448 0.021243 0.031308 0.19883 0.048857 -0.031618 -0.12716 -0.0055548 0.15979 0.28458 -0.041173 0.17816 0.173 0.088302 0.27976 0.27732 0.093775 0.16232 0.20605 0.20809 0.086696 -0.019739 0.32248 -0.09113 -0.05528 0.14668 0.4001
0.11118 0.11206 0.079329 0.14083 0.050574 -0.018183 -0.030022 0.018761 0.058019 0.10405 0.12403 0.093137 0.1547 0 -0.0099822 -0.02957 0.014831 0.10212 -0.028006 0.13443 -0.034448 0.033912 0.014321 -0.024101 -0.024958 -0.022905 0.017399 -0.016726 0.038978 0.028711 -0.030156 -0.05676 0.0034082 0.057518 0.023386 -0.044257 -0.0091912 0.07003 0.06106 0.097835 0.066285 0.048634 0.064562 0.04298 0.055141 0.016006 -0.017059 0.086365 -0.040057 -0.014071 0.081714 0.12503 -0.021352 0.11137 0.00016741 0.032592 0.0030964 -0.02205 -0.0038617 -0.017655 0.035157 -0.013651 0.032207 0.032505 -0.016151 -0.034164 -0.0033924 0.069607 0.068484 -0.033058 0.043302 0.084231 0.064041 0.095421 0.080163 0.057244 0.078128 0.061532 0.08497 0.0030613 -0.018193 0.10896 -0.027129 -0.027287 0.068711 0.13831
-0.0036448 -0.018873 0.021545 0.0033744 -0.00084663 0.46354 0.18632 0.033183 0.072965 0.032161 -0.02429 0.024148 0.008402 -0.0099822 0 0.22981 0.044832 0.065869 0.060198 0.04935 0.1154 0.068513 0.12175 0.2416 0.21678 0.12342 0.3163 0.13996 0.096708 0.10449 0.31737 0.18056 0.28188 0.090893 -0.032603 -0.0075199 -0.043562 0.064566 0.10067 0.077068 0.073876 0.24217 0.23673 -0.0329 0.15982 0.076986 0.2261 -0.069134 0.038754 0.14328 0.10298 0.10493 0.05431 0.054861 0.052976 0.062182 0.11327 0.24405 0.15034 0.14255 0.29576 0.12746 0.074847 0.097247 0.27826 0.16171 0.28994 0.07368 -0.060407 -0.0312 -0.047625 0.050101 0.13063 0.067802 0.071989 0.23641 0.18236 -0.048637 0.12327 0.070804 0.22597 -0.054959 0.040986 0.15042 0.10651 0.10084
-0.094382 -0.11285 -0.041523 -0.020577 -0.026375 0.18696 0.26734 0.002308 -0.026805 -0.06227 -0.1294 -0.037167 -0.017965 -0.02957 0.22981 0 0.017474 -0.012771 0.11548 -0.029261 0.035855 -0.00096485 0.077159 0.17925 0.032024 0.11856 -0.015386 0.033904 0.010182 0.023081 0.13438 0.11918 0.097481 0.030507 0.0086121 0.03052 0.038092 -0.065026 0.063527 -0.11114 0.0964 -0.045228 -0.0037387 -0.11554 0.038773 0.036255 0.20719 -0.047747 0.030666 0.11035 0.0056827 0.038425 0.11069 -0.028166 -0.016835 -0.006739 0.046344 0.18442 -0.014017 0.13079 -0.036973 0.02492 0.0019157 0.016598 0.10257 0.086509 0.10743 0.037056 -0.0099941 -0.0080417 0.023109 -0.079709 0.084256 -0.12345 0.10394 -0.053278 -0.03302 -0.13614 -0.00057943 0.043824 0.22526 -0.059102 0.019814 0.14077 0.003159 0.037282
0.051517 0.067051 0.13156 0.11105 0.028181 0.042315 -0.012069 0.11636 0.052892 0.043847 0.10533 0.15533 0.13376 0.014831 0.044832 0.017474 0 0.074401 -0.026788 0.10245 -0.049181 0.038182 0.015075 -0.0041395 -0.01356 -0.035001 0.087237 0.034486 0.024572 0.037594 0.060758 -0.065055 0.0080563 0.033825 -0.023439 -0.076192 -0.056043 0.054219 0.0051629 0.076575 -0.0012859 0.081078 0.13489 -0.0036771 0.032224 0.0091868 0.011056 -0.016683 -0.015401 -0.014927 0.048067 0.069038 -0.023831 0.085422 -0.041487 0.040183 0.0093395 0.016791 -0.020531 -0.013239 0.075809 0.031061 0.029375 0.030526 0.05604 -0.040343 0.023283 0.044062 -0.011853 -0.10232 -0.027696 0.060588 -0.0036746 0.081458 0.0065761 0.081021 0.12475 0.021308 0.020661 0.0099535 0.015147 0.023923 -0.013505 -0.0041899 0.052839 0.083163
0.27615 0.23426 0.1636 0.16483 0.066772 0.069027 -0.038825 0.072271 0.21275 0.24859 0.27771 0.16107 0.17278 0.10212 0.065869 -0.012771 0.074401 0 -0.048228 0.17969 0.044764 0.070969 0.041429 0.0033457 0.064389 0.023792 0.12786 0.019011 0.10328 0.10156 0.015067 -0.02126 0.072507 0.098784 0.036846 -0.045283 0.0024617 0.17907 0.08299 0.20109 0.064902 0.17121 0.14836 0.12292 0.097055 0.050435 0.021457 0.14572 -0.039753 0.024606 0.18843 0.20102 -0.0084073 0.19647 0.091816 0.081772 0.022934 0.00069257 0.10141 0.022922 0.15632 0.027286 0.1182 0.089663 0.064542 0.017818 0.055067 0.11081 0.11586 0.015507 0.081232 0.19603 0.077559 0.21479 0.081241 0.19875 0.15728 0.15485 0.16873 0.045364 0.017678 0.16922 0.0044949 -0.0074073 0.15708 0.22518
-0.13962 -0.11663 -0.040879 -0.046648 -0.013007 0.07648 0.14953 -0.036897 -0.048143 -0.08228 -0.18722 -0.078575 -0.05107 -0.028006 0.060198 0.11548 -0.026788 -0.048228 0 -0.02632 0.21548 0.02491 0.040999 0.27495 0.20491 0.26283 -0.15399 0.093383 0.06406 0.0762 0.015301 0.56012 0.023738 -0.012192 0.47766 0.15667 0.51715 -0.03648 0.070473 -0.099545 0.17157 -0.036934 -0.12778 0.015174 0.14846 0.091047 0.72733 0.23734 0.10145 0.16061 0.18846 0.15076 0.69834 -0.025189 0.088746 0.0077762 0.023932 0.23483 0.070736 0.20409 -0.17865 0.082456 0.022985 0.066231 -0.052461 0.37149 0.04708 0.017401 0.27349 0.15973 0.32161 -0.070624 0.11173 -0.15292 0.13725 -0.078507 -0.10871 -0.047247 0.071362 0.060642 0.63704 0.1084 0.06993 0.1775 0.18352 0.12439
0.24025 0.28612 0.22547 0.32819 0.11247 0.050348 -0.030653 0.10709 0.17489 0.2452 0.31195 0.23177 0.30878 0.13443 0.04935 -0.029261 0.10245 0.17969 -0.02632 0 -0.081918 0.19572 0.050804 0.033411 -0.10082 -0.0064106 0.029337 0.030807 0.23351 0.20427 -0.074077 -0.26547 0.019398 0.39651 0.21313 -0.19917 0.017254 0.2888 0.30562 0.44455 0.39103 0.1265 0.30777 0.26025 0.35788 0.25734 0.071276 0.40308 -0.13284 -0.041929 0.31153 0.56904 0.0015026 0.59977 -0.095581 0.20474 0.011702 0.020853 -0.10519 0.0029006 0.080464 0.045949 0.19986 0.17491 -0.023494 -0.23702 0.037017 0.37803 0.27911 -0.22057 0.092134 0.29058 0.25604 0.45028 0.38131 0.17526 0.30935 0.24011 0.28358 0.20381 0.046501 0.4475 -0.1613 -0.078487 0.2605 0.55985
0.07497 0.048201 0.10693 -0.028161 0.0017797 0.13594 0.041431 -0.051451 0.010647 0.23006 -0.002121 0.065147 -0.027469 -0.034448 0.1154 0.035855 -0.049181 0.044764 0.21548 -0.081918 0 -0.12611 0.066768 0.18471 0.69362 0.54792 0.16552 -0.03992 0.27712 -0.077321 0.087289 0.44854 0.15253 -0.06542 0.55874 0.45225 0.52485 -0.090263 -0.0010839 0.12236 0.15362 0.28429 -0.042657 0.70475 0.36007 0.35073 0.071814 0.4457 0.012262 0.010049 0.020669 0.012607 0.082984 -0.067969 0.67393 -0.176 0.063355 0.10493 0.53231 0.29518 0.05381 -0.011448 0.12119 -0.07534 0.039582 0.31082 0.11643 -0.047169 0.36954 0.37055 0.2786 -0.093256 0.010241 0.032016 0.091326 0.15778 -0.1009 0.35763 0.14232 0.17545 0.056929 0.17921 0.066333 0.0070982 0.016492 -0.026169
0.029425 0.11104 0.034842 0.076108 0.018094 0.085754 0.0062934 0.036591 0.076707 0.049912 0.098123 0.0085271 0.07141 0.033912 0.068513 -0.00096485 0.038182 0.070969 0.02491 0.19572 -0.12611 0 0.010725 0.30916 0.079369 -0.13882 0.15695 0.22058 0.054136 0.92103 0.0023517 -0.14937 0.18464 0.33147 -0.062651 -0.18349 -0.13015 0.88208 0.29073 0.12683 0.26053 0.35702 0.090632 0.010721 0.091775 0.67577 0.14852 0.070639 -0.035683 0.00052771 0.22174 0.25374 0.044714 0.19429 -0.20634 0.97469 0.0045674 0.34979 -0.0056663 -0.056634 0.21963 0.28794 0.016355 0.90996 -0.00055577 -0.17477 0.18476 0.31307 -0.082107 -0.2281 -0.13321 0.84798 0.31504 0.12399 0.27654 0.38619 0.11112 -0.031707 0.026628 0.60219 0.13108 0.091458 -0.079724 0.0011559 0.18155 0.23355
0.021096 0.016494 0.0092927 0.012124 0.010687 0.14319 0.076611 0.0024907 0.023418 0.04083 0.011837 -0.005853 0.018211 0.014321 0.12175 0.077159 0.015075 0.041429 0.040999 0.050804 0.066768 0.010725 0 0.16794 0.1107 0.13684 0.064872 0.047094 0.098344 0.036716 0.10066 0.11076 0.10805 0.027299 0.061711 0.041003 0.065197 0.021121 0.045997 0.04605 0.055284 0.046906 0.067702 0.034867 0.074747 0.076166 0.11333 0.05796 0.032292 0.10942 0.055571 0.1076 0.028273 0.027245 0.046159 0.0020487 0.057748 0.13778 0.088257 0.11895 0.064083 0.035174 0.070935 0.037236 0.093014 0.085805 0.093045 0.0054278 0.060689 0.026676 0.048626 0.014436 0.03887 0.031226 0.047864 0.064596 0.043345 0.0019139 0.060582 0.06781 0.084638 0.038262 0.019953 0.060273 0.0365 0.095408
-0.074847 -0.082354 -0.055384 -0.022524 -0.0097541 0.23269 0.18301 -0.0098328 -0.00031238 -0.12133 -0.095363 -0.074403 -0.031201 -0.024101 0.2416 0.17925 -0.0041395 0.0033457 0.27495 0.033411 0.18471 0.30916 0.16794 0 0.3258 0.36931 0.06871 0.56292 0.096633 0.52226 0.17399 0.20265 0.35376 0.097481 0.12687 0.024784 0.082153 0.26546 0.12134 -0.058623 0.1641 0.10374 0.028876 -0.011126 0.072769 0.52596 0.35274 0.041858 0.061617 0.15833 0.12987 0.16623 0.27132 0.054852 0.084948 0.29109 0.11164 0.83545 0.23242 0.39101 0.078119 0.53139 0.087625 0.5316 0.15076 0.21086 0.37315 0.11463 0.13279 -0.0057325 0.14583 0.19869 0.16087 -0.032833 0.18876 0.16803 0.036471 -0.030113 0.066597 0.5232 0.29757 0.03517 0.055597 0.14952 0.1021 0.1306
0.072228 0.0552 0.025324 -0.08939 -0.01486 0.24611 0.053594 -0.038038 0.030645 0.18379 0.015796 0.00086237 -0.089914 -0.024958 0.21678 0.032024 -0.01356 0.064389 0.20491 -0.10082 0.69362 0.079369 0.1107 0.3258 0 0.49868 0.52731 0.13046 0.17353 0.12671 0.30456 0.6149 0.401 -0.049004 0.24864 0.36173 0.23863 0.057509 -0.047726 0.21138 -0.093963 0.67363 0.11527 0.52809 0.32713 0.3396 0.10065 0.20789 0.15028 0.10932 0.031287 -0.050841 0.10094 -0.10775 0.52142 0.0080007 0.071121 0.24131 0.76415 0.31469 0.42462 0.12927 0.073018 0.11864 0.26187 0.54667 0.33208 -0.031612 0.14987 0.26371 0.14689 0.039689 -0.039471 0.098837 -0.097876 0.51719 0.057285 0.24229 0.21372 0.18579 0.075142 0.054267 0.22128 0.12112 0.034292 -0.079231
0.13092 0.030064 0.03748 0.0073713 0.0097732 0.12968 0.12872 -0.023855 -0.00068567 0.194 -0.027788 0.018978 0.0017017 -0.022905 0.12342 0.11856 -0.035001 0.023792 0.26283 -0.0064106 0.54792 -0.13882 0.13684 0.36931 0.49868 0 -0.024836 0.10935 0.24452 -0.082271 0.071593 0.44817 0.10968 -0.041586 0.42676 0.37968 0.43864 -0.12697 0.0072022 0.021866 0.13811 -0.044495 -0.071447 0.38334 0.19801 0.36141 0.1862 0.4242 0.024218 0.12772 0.0055518 0.10851 0.17711 0.0036175 0.34264 -0.15986 0.091368 0.2871 0.34328 0.58104 -0.11882 0.07546 0.1514 -0.074601 -0.0061607 0.33471 0.052325 -0.047081 0.30293 0.27585 0.32127 -0.14806 -0.0018883 -0.00010631 0.086389 -0.065333 -0.10663 0.15188 0.051352 0.27176 0.14463 0.2407 0.040216 0.097474 0.0047019 0.058848
0.10804 0.14795 0.094106 0.015798 -0.0039496 0.34332 -0.011009 0.067435 0.13238 0.14421 0.15728 0.10501 0.0044218 0.017399 0.3163 -0.015386 0.087237 0.12786 -0.15399 0.029337 0.16552 0.15695 0.064872 0.06871 0.52731 -0.024836 0 0.057027 0.043835 0.15163 0.49908 0.20397 0.3842 0.090657 -0.22552 -0.050838 -0.24261 0.18958 0.069943 0.41368 -0.12885 0.79568 0.46077 0.10219 0.24367 -0.0080119 0.0057551 -0.15745 0.1194 0.045237 0.15337 -0.0063186 -0.14384 0.029326 0.059893 0.11458 0.054763 0.057995 0.33422 -0.054235 0.77223 0.080074 -0.012719 0.13704 0.46342 0.19372 0.31106 0.073906 -0.27365 -0.12375 -0.2271 0.21466 0.08165 0.30619 -0.11949 0.70602 0.3547 0.0013671 0.19344 -0.081743 0.010433 -0.15821 0.11648 0.04711 0.12588 -0.020615
-0.010405 0.067368 -0.0022398 0.015509 -0.015504 0.14776 0.071722 0.018738 0.024601 -0.083092 0.048821 0.0040711 0.028013 -0.016726 0.13996 0.033904 0.034486 0.019011 0.093383 0.030807 -0.03992 0.22058 0.047094 0.56292 0.13046 0.10935 0.057027 0 0.054423 0.4186 0.14021 0.055128 0.079816 0.032362 0.0043253 -0.018292 0.0071629 0.33022 0.01213 0.037331 0.047986 0.019255 0.089182 -0.079702 -0.0080514 0.31109 0.1729 -0.091135 0.034137 0.065579 0.13062 0.11828 0.1475 0.059262 -0.043884 0.22719 0.034504 0.56591 0.073594 0.19098 0.051048 0.95584 0.095106 0.35331 0.11445 0.097793 0.090616 0.039897 0.064446 -0.0099482 0.079922 0.31751 0.083155 0.03097 0.096172 0.047432 0.090645 -0.054144 0.017632 0.34887 0.14483 -0.016878 0.042382 0.066233 0.11019 0.11892
0.19739 0.15552 0.20221 0.17018 0.080724 0.090634 0.0063926 0.032782 0.083649 0.20564 0.14083 0.19903 0.16065 0.038978 0.096708 0.010182 0.024572 0.10328 0.06406 0.23351 0.27712 0.054136 0.098344 0.096633 0.17353 0.24452 0.043835 0.054423 0 0.062896 0.043251 0.068446 0.06305 0.072929 0.43584 0.28818 0.46773 0.11022 0.034293 0.28014 0.13185 0.10553 0.22475 0.45588 0.30356 0.18769 0.084692 0.39786 -0.046753 0.048773 0.16089 0.35257 0.088535 0.23094 0.23368 0.039532 0.057625 0.062081 0.15606 0.15236 0.0088383 0.049235 0.41608 0.047824 0.06198 0.064052 0.022818 0.048895 0.39892 0.23663 0.43999 0.10185 0.033247 0.22118 0.11656 0.091728 0.18342 0.29495 0.23565 0.088814 0.0721 0.30464 -0.0094642 -0.0042304 0.14168 0.34868
0.014642 0.1314 0.046691 0.077224 0.021921 0.12359 0.031612 0.024238 0.10246 0.02032 0.11373 0.026009 0.071144 0.028711 0.10449 0.023081 0.037594 0.10156 0.0762 0.20427 -0.077321 0.92103 0.036716 0.52226 0.12671 -0.082271 0.15163 0.4186 0.062896 0 0.037807 -0.11959 0.2582 0.34176 -0.03364 -0.16266 -0.076278 0.91622 0.32817 0.126 0.26392 0.30868 0.095693 0.0016759 0.07487 0.68264 0.20284 0.096539 -0.016294 0.007942 0.28844 0.2931 0.066227 0.19522 -0.14239 0.90881 0.015368 0.53184 0.047419 0.022233 0.21084 0.46574 0.049713 0.93413 0.026955 -0.1205 0.26661 0.3181 -0.0040991 -0.18784 -0.059169 0.8822 0.3516 0.13536 0.29106 0.36143 0.11123 -0.022175 0.036466 0.63474 0.17112 0.15293 -0.051989 -0.00081348 0.24573 0.27262
-0.14424 -0.043353 -0.0083721 -0.030003 -0.022775 0.30944 0.16027 0.069319 0.020845 -0.035348 -0.061948 -0.039146 -0.062888 -0.030156 0.31737 0.13438 0.060758 0.015067 0.015301 -0.074077 0.087289 0.0023517 0.10066 0.17399 0.30456 0.071593 0.49908 0.14021 0.043251 0.037807 0 0.35769 0.26887 0.0051026 -0.16748 0.063058 -0.095841 0.0081005 0.039579 -0.022348 -0.059767 0.36793 0.38967 -0.21668 0.2482 -0.077213 0.19888 -0.30301 0.26529 0.17947 0.047104 -0.064847 -0.024444 -0.10355 -0.13662 -0.0044052 0.043233 0.18375 0.071449 0.030768 0.37176 0.15267 -0.077167 0.030788 0.56714 0.22494 0.2223 -0.0046255 -0.31649 -0.088157 -0.22853 -0.0046316 0.060505 -0.10074 -0.07385 0.21544 0.23356 -0.34794 0.054294 -0.093784 0.1668 -0.31831 0.21721 0.16219 0.04712 -0.094857
-0.098375 -0.11874 -0.082723 -0.1691 -0.033584 0.21279 0.15981 -0.058617 -0.055291 0.018596 -0.18618 -0.13667 -0.17018 -0.05676 0.18056 0.11918 -0.065055 -0.02126 0.56012 -0.26547 0.44854 -0.14937 0.11076 0.20265 0.6149 0.44817 0.20397 0.055128 0.068446 -0.11959 0.35769 0 0.15135 -0.20881 0.20872 0.53305 0.36469 -0.1827 -0.11348 -0.10093 -0.1548 0.2203 -0.013575 0.040863 0.28564 -0.11757 0.39789 0.048077 0.28909 0.28058 -0.050575 -0.17621 0.32661 -0.27159 0.23166 -0.19181 0.081939 0.14269 0.35157 0.29606 0.063518 0.041246 -0.034494 -0.10534 0.2027 0.75633 0.095384 -0.19137 -0.033013 0.37694 0.10482 -0.21112 -0.087879 -0.20697 -0.18234 0.014595 -0.094365 -0.164 0.094049 -0.14124 0.31528 -0.15948 0.31662 0.27914 -0.036395 -0.18567
0.002459 -0.0026644 -0.035156 -0.018572 -0.0022029 0.27744 0.070419 0.019708 0.064581 0.021959 0.0038856 -0.038644 -0.019492 0.0034082 0.28188 0.097481 0.0080563 0.072507 0.023738 0.019398 0.15253 0.18464 0.10805 0.35376 0.401 0.10968 0.3842 0.079816 0.06305 0.2582 0.26887 0.15135 0 0.10883 -0.040561 -0.020941 -0.071729 0.16372 0.076131 0.06262 -0.0077304 0.43658 0.20612 0.052017 0.13838 0.163 0.16517 -0.053543 0.0467 0.10059 0.10798 0.064639 0.058543 0.015993 0.114 0.15297 0.06924 0.32151 0.30659 0.11381 0.38049 0.093798 0.030647 0.25995 0.27551 0.18024 0.46504 0.093463 -0.047035 -0.016163 -0.025082 0.1405 0.064541 0.055317 0.0001262 0.41867 0.1595 0.012879 0.14118 0.11594 0.15645 -0.05279 0.076861 0.10695 0.077959 0.035528
0.11709 0.14171 0.039949 0.19666 0.026032 0.086414 0.026145 0.052136 0.10459 0.1798 0.10201 0.030912 0.16756 0.057518 0.090893 0.030507 0.033825 0.098784 -0.012192 0.39651 -0.06542 0.33147 0.027299 0.097481 -0.049004 -0.041586 0.090657 0.032362 0.072929 0.34176 0.0051026 -0.20881 0.10883 0 0.12581 -0.20274 -0.018677 0.39689 0.55575 0.28886 0.62176 0.23365 0.11589 0.13204 0.34836 0.38217 0.1643 0.3875 -0.070496 -0.015231 0.36153 0.4913 0.013164 0.35481 -0.086245 0.30883 0.00034848 0.093629 -0.062758 -0.041973 0.11661 0.033427 0.051637 0.31581 -0.0066531 -0.20543 0.15041 0.79412 0.16184 -0.21016 0.056197 0.37107 0.48389 0.33985 0.56974 0.27814 0.097076 0.13288 0.26963 0.30432 0.16726 0.43212 -0.10763 -0.034252 0.32168 0.4636
0.090974 0.11587 0.21948 0.18619 0.07505 -0.026275 0.023837 -0.020997 0.032501 0.20735 0.040106 0.18954 0.16624 0.023386 -0.032603 0.0086121 -0.023439 0.036846 0.47766 0.21313 0.55874 -0.062651 0.061711 0.12687 0.24864 0.42676 -0.22552 0.0043253 0.43584 -0.03364 -0.16748 0.20872 -0.040561 0.12581 0 0.37525 0.83281 0.0071171 0.074269 0.12125 0.37623 -0.068127 -0.089246 0.56488 0.50375 0.26755 0.25666 0.66667 -0.06017 0.01642 0.15511 0.40342 0.29669 0.21937 0.37901 -0.081219 0.022823 0.063859 0.15627 0.19677 -0.27966 0.0021617 0.30402 -0.031764 -0.19119 0.075684 -0.044821 0.11714 0.70858 0.29445 0.61909 -0.015086 0.068884 0.053146 0.31738 -0.11916 -0.089775 0.26621 0.27581 0.1695 0.20554 0.47665 -0.044566 -0.01887 0.15437 0.36912
-0.039853 -0.060349 -0.017409 -0.097354 0.0071022 0.020754 0.064349 -0.081393 -0.053016 0.089298 -0.12975 -0.047167 -0.1076 -0.044257 -0.0075199 0.03052 -0.076192 -0.045283 0.15667 -0.19917 0.45225 -0.18349 0.041003 0.024784 0.36173 0.37968 -0.050838 -0.018292 0.28818 -0.16266 0.063058 0.53305 -0.020941 -0.20274 0.37525 0 0.58232 -0.14945 -0.1409 -0.10955 -0.083875 -0.092491 -0.17231 0.24126 0.15556 -0.083629 -0.0011108 0.16248 0.14392 0.07525 -0.063816 -0.097984 0.004356 -0.20622 0.22712 -0.19282 0.052133 -0.01111 0.15503 0.17311 -0.19483 -0.035662 0.1314 -0.16091 -0.033542 0.24998 -0.036443 -0.18994 0.14928 0.56245 0.24595 -0.1627 -0.10911 -0.19116 -0.10564 -0.26481 -0.23472 -0.069594 -0.080722 -0.13512 -0.021365 -0.028569 0.12095 0.066631 -0.055508 -0.09925
0.021657 0.010875 0.12382 0.059217 0.052933 -0.022012 0.064125 -0.0699 -0.015164 0.16699 -0.053101 0.10515 0.053688 -0.0091912 -0.043562 0.038092 -0.056043 0.0024617 0.51715 0.017254 0.52485 -0.13015 0.065197 0.082153 0.23863 0.43864 -0.24261 0.0071629 0.46773 -0.076278 -0.095841 0.36469 -0.071729 -0.018677 0.83281 0.58232 0 -0.063975 -0.039093 -0.023751 0.22092 -0.20039 -0.17912 0.41659 0.32312 0.1286 0.23333 0.52212 0.036967 0.038203 0.043131 0.21522 0.30388 -0.0029063 0.32891 -0.14118 0.050434 0.023292 0.05307 0.22068 -0.32407 -0.0017205 0.29636 -0.083519 -0.16135 0.12682 -0.083211 -0.023574 0.54367 0.48674 0.63263 -0.084344 -0.0068037 -0.10787 0.14736 -0.28584 -0.18938 0.12047 0.0515 0.040875 0.17289 0.2663 -0.022941 0.010088 0.053345 0.19328
0.13475 0.25231 0.11986 0.1577 0.063374 0.082478 -0.02442 0.059885 0.1844 0.15372 0.25667 0.12365 0.15864 0.07003 0.064566 -0.065026 0.054219 0.17907 -0.03648 0.2888 -0.090263 0.88208 0.021121 0.26546 0.057509 -0.12697 0.18958 0.33022 0.11022 0.91622 0.0081005 -0.1827 0.16372 0.39689 0.0071171 -0.14945 -0.063975 0 0.38936 0.25728 0.32043 0.35338 0.14332 0.053932 0.12508 0.57285 0.087907 0.16489 -0.051953 -0.033137 0.34524 0.37188 -0.039732 0.29053 -0.13494 0.83964 0.0048477 0.27505 0.0052564 -0.057885 0.24229 0.39873 0.1045 0.87451 0.015108 -0.18125 0.16351 0.37197 0.039507 -0.15525 -0.038569 0.96868 0.40954 0.26628 0.35538 0.38046 0.17347 0.057959 0.09015 0.51334 0.052101 0.25363 -0.071496 -0.056196 0.30736 0.36457
0.061835 0.093996 -0.015286 0.16627 0.066907 0.10551 0.068385 0.022339 0.087334 0.24217 0.024359 -0.016156 0.095671 0.06106 0.10067 0.063527 0.0051629 0.08299 0.070473 0.30562 -0.0010839 0.29073 0.045997 0.12134 -0.047726 0.0072022 0.069943 0.01213 0.034293 0.32817 0.039579 -0.11348 0.076131 0.55575 0.074269 -0.1409 -0.039093 0.38936 0 0.11675 0.87332 0.13534 0.02814 0.047163 0.31759 0.44248 0.29785 0.44618 -0.011666 0.040732 0.47283 0.58892 0.043324 0.27956 -0.11879 0.26512 0.0039936 0.11791 -0.093135 -0.014634 0.056849 0.01618 -0.0054954 0.30352 0.0084557 -0.16675 0.10712 0.50032 0.058229 -0.1958 -0.068877 0.35394 0.89593 0.14551 0.77911 0.14931 0.0080103 -0.01761 0.18256 0.35312 0.26245 0.40978 -0.088582 -0.0085947 0.39933 0.49392
0.3663 0.36356 0.23173 0.24736 0.10015 0.099835 -0.13018 0.083917 0.20599 0.32738 0.37052 0.25742 0.25025 0.097835 0.077068 -0.11114 0.076575 0.20109 -0.099545 0.44455 0.12236 0.12683 0.04605 -0.058623 0.21138 0.021866 0.41368 0.037331 0.28014 0.126 -0.022348 -0.10093 0.06262 0.28886 0.12125 -0.10955 -0.023751 0.25728 0.11675 0 0.116 0.5469 0.38027 0.45949 0.33077 0.17033 -0.065518 0.37649 -0.084325 -0.061036 0.22896 0.37287 -0.097681 0.41657 0.14856 0.12015 0.041186 -0.062 0.22686 0.033724 0.4171 0.050443 0.25382 0.084045 0.085399 -0.037564 0.0324 0.25098 0.19373 -0.089265 0.098234 0.27246 0.0901 0.70143 0.12816 0.50866 0.35392 0.44833 0.32861 0.080415 -0.072073 0.38449 -0.097405 -0.099674 0.21757 0.38982
0.077987 0.08296 0.06313 0.27533 0.092516 0.06803 0.092997 0.01851 0.062766 0.24789 0.038581 0.052172 0.22208 0.066285 0.073876 0.0964 -0.0012859 0.064902 0.17157 0.39103 0.15362 0.26053 0.055284 0.1641 -0.093963 0.13811 -0.12885 0.047986 0.13185 0.26392 -0.059767 -0.1548 -0.0077304 0.62176 0.37623 -0.083875 0.22092 0.32043 0.87332 0.116 0 -0.041169 -0.022031 0.14884 0.49786 0.5209 0.31247 0.60639 -0.058476 0.013531 0.40922 0.63347 0.12722 0.36476 -0.0069456 0.23418 0.00084038 0.14584 -0.15471 0.049089 -0.12893 0.055981 0.091295 0.25477 -0.097788 -0.20935 0.056682 0.58576 0.33873 -0.15184 0.13255 0.29192 0.80228 0.1424 0.91744 0.020166 -0.033414 0.069886 0.32707 0.45382 0.28006 0.53814 -0.12374 -0.025225 0.33562 0.56093
0.20122 0.20486 0.10308 0.061448 0.015242 0.26107 -0.052097 0.057197 0.15708 0.22729 0.21414 0.096389 0.045564 0.048634 0.24217 -0.045228 0.081078 0.17121 -0.036934 0.1265 0.28429 0.35702 0.046906 0.10374 0.67363 -0.044495 0.79568 0.019255 0.10553 0.30868 0.36793 0.2203 0.43658 0.23365 -0.068127 -0.092491 -0.20039 0.35338 0.13534 0.5469 -0.041169 0 0.4238 0.32355 0.34913 0.18803 0.0582 0.07571 0.092582 0.039299 0.17748 0.10852 -0.036726 0.11973 0.19392 0.30035 0.047895 0.094259 0.51344 -0.035212 0.77464 0.092399 0.02621 0.29345 0.37559 0.2654 0.36911 0.20162 -0.12666 -0.12279 -0.15786 0.35546 0.11308 0.44846 -0.032431 0.92004 0.36996 0.21811 0.32871 0.064848 0.055871 0.066997 0.13244 0.056834 0.16654 0.091153
0.11397 0.18156 0.20027 0.15962 0.062739 0.23173 -0.011508 0.13074 0.14598 0.10491 0.20929 0.20428 0.14829 0.064562 0.23673 -0.0037387 0.13489 0.14836 -0.12778 0.30777 -0.042657 0.090632 0.067702 0.028876 0.11527 -0.071447 0.46077 0.089182 0.22475 0.095693 0.38967 -0.013575 0.20612 0.11589 -0.089246 -0.17231 -0.17912 0.14332 0.02814 0.38027 -0.022031 0.4238 0 0.080775 0.37405 -0.024101 0.051637 -0.033911 0.024519 0.033408 0.18643 0.20883 -0.094604 0.29508 -0.055261 0.079956 0.043407 0.024701 0.050425 -0.048474 0.43176 0.091945 0.16753 0.072738 0.42339 0.04748 0.15617 0.10677 -0.074508 -0.16877 -0.079239 0.14395 0.018228 0.33448 -0.0099892 0.37595 0.59836 0.072752 0.33117 -0.068492 0.057896 0.011004 0.027959 0.033997 0.1653 0.20847
0.35385 0.23724 0.25018 0.17184 0.078817 -0.0016517 -0.13682 0.0063892 0.10946 0.44507 0.2154 0.23141 0.15633 0.04298 -0.0329 -0.11554 -0.0036771 0.12292 0.015174 0.26025 0.70475 0.010721 0.034867 -0.011126 0.52809 0.38334 0.10219 -0.079702 0.45588 0.0016759 -0.21668 0.040863 0.052017 0.13204 0.56488 0.24126 0.41659 0.053932 0.047163 0.45949 0.14884 0.32355 0.080775 0 0.46223 0.37038 -0.098928 0.64951 -0.11748 -0.081379 0.11263 0.27626 0.00095887 0.2419 0.53402 -0.014424 0.03349 -0.049226 0.45116 0.1927 0.048807 -0.050463 0.30085 -0.014204 -0.14732 0.089404 0.015077 0.12493 0.46595 0.21926 0.30414 0.065158 0.0054299 0.39232 0.11947 0.28789 0.054534 0.71042 0.26297 0.20313 -0.084391 0.46106 -0.089164 -0.12966 0.097609 0.23726
0.072851 0.17577 0.2059 0.19499 0.072662 0.1726 0.055115 0.027555 0.083282 0.26125 0.10619 0.14242 0.16622 0.055141 0.15982 0.038773 0.032224 0.097055 0.14846 0.35788 0.36007 0.091775 0.074747 0.072769 0.32713 0.19801 0.24367 -0.0080514 0.30356 0.07487 0.2482 0.28564 0.13838 0.34836 0.50375 0.15556 0.32312 0.12508 0.31759 0.33077 0.49786 0.34913 0.37405 0.46223 0 0.28275 0.16783 0.49545 0.069628 0.049657 0.23821 0.35003 0.053411 0.30668 0.15318 0.042624 0.047276 0.039932 0.074059 0.083193 0.12225 0.0026019 0.10346 0.064983 0.13349 0.087147 0.12142 0.34516 0.26682 -0.028053 0.14697 0.097515 0.26577 0.2235 0.42551 0.16738 0.21972 0.12847 0.57461 0.16388 0.16779 0.30628 0.073959 0.038399 0.20518 0.31566
0.14111 0.090789 0.038804 0.11545 0.013689 0.085792 0.036099 0.010378 0.043321 0.1979 0.057955 0.050558 0.10009 0.016006 0.076986 0.036255 0.0091868 0.050435 0.091047 0.25734 0.35073 0.67577 0.076166 0.52596 0.3396 0.36141 -0.0080119 0.31109 0.18769 0.68264 -0.077213 -0.11757 0.163 0.38217 0.26755 -0.083629 0.1286 0.57285 0.44248 0.17033 0.5209 0.18803 -0.024101 0.37038 0.28275 0 0.11356 0.52296 -0.052824 0.00018174 0.19441 0.37771 0.071858 0.25676 0.1618 0.64449 0.042739 0.484 0.20655 0.3238 0.050252 0.27961 0.13249 0.68671 -0.064165 -0.10221 0.16891 0.35711 0.28009 -0.091242 0.13445 0.55876 0.37498 0.19437 0.48054 0.28435 -0.0039291 0.23579 0.16152 0.94155 0.067218 0.44327 -0.066767 -0.025847 0.17092 0.33223
-0.15629 -0.13002 -0.075028 -0.020438 0.0090248 0.22805 0.2366 0.0049413 -0.0027309 -0.13084 -0.17605 -0.099085 -0.041079 -0.017059 0.2261 0.20719 0.011056 0.021457 0.72733 0.071276 0.071814 0.14852 0.11333 0.35274 0.10065 0.1862 0.0057551 0.1729 0.084692 0.20284 0.19888 0.39789 0.16517 0.1643 0.25666 -0.0011108 0.23333 0.087907 0.29785 -0.065518 0.31247 0.0582 0.051637 -0.098928 0.16783 0.11356 0 0.15398 0.060169 0.23402 0.5763 0.33825 0.60268 0.070549 -0.019762 0.11687 0.078596 0.33817 -0.0070438 0.11713 -0.032263 0.15261 0.048408 0.19167 0.12958 0.2452 0.1772 0.19562 0.14705 -0.020856 0.12831 0.031777 0.32714 -0.073241 0.30214 0.048835 0.056269 -0.13283 0.11636 0.12287 0.86201 0.11506 0.042783 0.22578 0.48618 0.29084
0.32563 0.23164 0.18382 0.2708 0.11552 -0.053586 -0.051019 0.0090245 0.11405 0.37478 0.2231 0.18687 0.25155 0.086365 -0.069134 -0.047747 -0.016683 0.14572 0.23734 0.40308 0.4457 0.070639 0.05796 0.041858 0.20789 0.4242 -0.15745 -0.091135 0.39786 0.096539 -0.30301 0.048077 -0.053543 0.3875 0.66667 0.16248 0.52212 0.16489 0.44618 0.37649 0.60639 0.07571 -0.033911 0.64951 0.49545 0.52296 0.15398 0 -0.10249 -0.034765 0.33151 0.61271 0.20155 0.404 0.37497 0.055385 0.020236 -0.018684 0.24844 0.26701 -0.14368 -0.060229 0.32393 0.077081 -0.25995 0.080178 -0.03667 0.33935 0.63928 0.18484 0.48079 0.15347 0.3325 0.34785 0.53667 0.14048 -0.0083487 0.50576 0.39891 0.40221 0.12433 0.85509 -0.10102 -0.08016 0.25882 0.56109
-0.088008 -0.057997 -0.061621 -0.074422 -0.03103 0.047835 0.037067 -0.0033222 -0.035182 -0.022096 -0.093316 -0.085865 -0.087422 -0.040057 0.038754 0.030666 -0.015401 -0.039753 0.10145 -0.13284 0.012262 -0.035683 0.032292 0.061617 0.15028 0.024218 0.1194 0.034137 -0.046753 -0.016294 0.26529 0.28909 0.0467 -0.070496 -0.06017 0.14392 0.036967 -0.051953 -0.011666 -0.084325 -0.058476 0.092582 0.024519 -0.11748 0.069628 -0.052824 0.060169 -0.10249 0 0.087415 -0.075837 -0.12695 0.040934 -0.15053 -0.088381 -0.027672 0.0094333 0.052445 -0.011539 0.020964 0.057466 0.037043 -0.09538 -0.017764 0.14892 0.17999 0.027164 -0.060701 -0.15116 0.053872 -0.096959 -0.043431 0.0071769 -0.15426 -0.073174 -0.013688 -0.017003 -0.23164 -0.031945 -0.04019 0.058061 -0.16885 0.21681 0.080963 -0.036732 -0.1431
-0.060393 -0.0676 -0.055276 -0.027343 -0.017665 0.15984 0.13651 -0.0015771 -0.024034 -0.016078 -0.088403 -0.070796 -0.05034 -0.014071 0.14328 0.11035 -0.014927 0.024606 0.16061 -0.041929 0.010049 0.00052771 0.10942 0.15833 0.10932 0.12772 0.045237 0.065579 0.048773 0.007942 0.17947 0.28058 0.10059 -0.015231 0.01642 0.07525 0.038203 -0.033137 0.040732 -0.061036 0.013531 0.039299 0.033408 -0.081379 0.049657 0.00018174 0.23402 -0.034765 0.087415 0 0.030874 0.029047 0.11547 -0.065826 -0.028643 -0.0086518 0.04413 0.13013 0.037736 0.10308 0.029135 0.051989 -0.014713 0.020233 0.1437 0.21868 0.078362 -0.018562 -0.022576 0.03313 0.0059258 -0.043583 0.025466 -0.089027 -0.011308 0.015396 0.006189 -0.11877 0.04761 -0.0092541 0.20996 -0.061368 0.10061 0.18055 0.016516 0.017527
0.049927 0.18964 0.10054 0.15699 0.0734 0.11924 0.010226 0.055425 0.13671 0.057869 0.1876 0.093135 0.15062 0.081714 0.10298 0.0056827 0.048067 0.18843 0.18846 0.31153 0.020669 0.22174 0.055571 0.12987 0.031287 0.0055518 0.15337 0.13062 0.16089 0.28844 0.047104 -0.050575 0.10798 0.36153 0.15511 -0.063816 0.043131 0.34524 0.47283 0.22896 0.40922 0.17748 0.18643 0.11263 0.23821 0.19441 0.5763 0.33151 -0.075837 0.030874 0 0.52028 0.21888 0.32563 0.026433 0.21411 0.043098 0.13455 0.043345 -0.012301 0.13206 0.13292 0.15469 0.26136 0.069115 -0.036748 0.12528 0.35882 0.19357 -0.052421 0.10802 0.32089 0.43806 0.26677 0.39704 0.21066 0.19547 0.10422 0.22805 0.17769 0.53322 0.36738 -0.042609 -0.0052932 0.68032 0.48119
0.22636 0.2915 0.1983 0.36944 0.1517 0.096885 0.034056 0.094606 0.18807 0.22944 0.28199 0.20052 0.34082 0.12503 0.10493 0.038425 0.069038 0.20102 0.15076 0.56904 0.012607 0.25374 0.1076 0.16623 -0.050841 0.10851 -0.0063186 0.11828 0.35257 0.2931 -0.064847 -0.17621 0.064639 0.4913 0.40342 -0.097984 0.21522 0.37188 0.58892 0.37287 0.63347 0.10852 0.20883 0.27626 0.35003 0.37771 0.33825 0.61271 -0.12695 0.029047 0.52028 0 0.15886 0.55423 0.02979 0.24444 0.058513 0.12395 -0.0064645 0.073176 0.029235 0.12728 0.33893 0.2628 -0.027577 -0.12545 0.080317 0.46242 0.48899 -0.058413 0.31996 0.35865 0.51779 0.41058 0.6038 0.19921 0.23264 0.27595 0.34816 0.32648 0.28965 0.64513 -0.12922 -0.019396 0.43116 0.78136
-0.033141 -0.13629 -0.029818 -0.030144 -0.012925 0.049764 0.10405 -0.025521 -0.036683 -0.14298 -0.1542 -0.025594 -0.0056307 -0.021352 0.05431 0.11069 -0.023831 -0.0084073 0.69834 0.0015026 0.082984 0.044714 0.028273 0.27132 0.10094 0.17711 -0.14384 0.1475 0.088535 0.066227 -0.024444 0.32661 0.058543 0.013164 0.29669 0.004356 0.30388 -0.039732 0.043324 -0.097681 0.12722 -0.036726 -0.094604 0.00095887 0.053411 0.071858 0.60268 0.20155 0.040934 0.11547 0.21888 0.15886 0 0.025641 0.23979 0.051962 0.037809 0.28942 0.21104 0.23819 -0.13729 0.095044 0.1317 0.063027 -0.018975 0.48545 0.05707 0.035 0.41683 0.19729 0.48411 -0.071364 0.087742 -0.063609 0.16016 0.040343 -0.041886 0.049361 0.27247 0.058068 0.72741 0.21204 0.074676 0.19087 0.19737 0.14629
