0,0.303512960672379,0.247422844171524,0.276035666465759,0.081108346581459,-0.0291730035096407,-0.110923260450363,0.045298133045435,0.198692679405212,0.670816659927368,0.379162192344666,0.334244519472122,0.286724537611008,0.100994065403938,-0.0248897280544043,-0.117652356624603,0.0273226387798786,0.253816097974777,-0.168951407074928,0.243155598640442,0.0742154195904732,-0.0934904813766479,0.0146033288910985,-0.110307604074478,0.0535883381962776,0.158031716942787,0.0628265291452408,-0.0234280489385128,0.202348247170448,-0.0811199769377708,-0.176421791315079,-0.085507795214653,0.011359971947968,0.0765898078680038,0.0968506783246994,-0.0371576212346554,0.0443111583590508,0.0562004186213017,-0.0529014207422733,0.375922650098801,0.00196739961393178,0.177388042211533,0.091202050447464,0.424984455108643,0.0567207932472229,0.10272254794836,-0.187333688139915,0.388065278530121,-0.108080081641674,-0.0592147745192051,0.0327515117824078,0.2081578373909,-0.032442606985569,0.286532640457153,0.422560214996338,-0.0797914266586304,0.0358593761920929,-0.146563708782196,0.329038560390472,0.230422794818878,0.156862124800682,-0.0554556846618652,0.3212930560112,-0.128114327788353,-0.0467042364180088,0.1053736358881,0.00698255933821201,0.0960928797721863,0.425162822008133,0.22082294523716,0.312405347824097,0.0817798227071762,-0.0528047941625118,0.454092085361481,0.0914843082427979,0.296691447496414,0.176967233419418,0.593310713768005,0.413424432277679,0.112848795950413,-0.133392304182053,0.549266219139099,-0.0269057806581259,-0.0918238535523415,0.0291895624250174,0.260988742113113
0.303512960672379,0,0.207694053649902,0.229249730706215,0.0986499041318893,0.00284312828443944,-0.0905619487166405,0.0594734102487564,0.209048569202423,0.316486746072769,0.471086829900742,0.223149880766869,0.210680440068245,0.0820503607392311,-0.0158133804798126,-0.105095520615578,0.0469052866101265,0.204464182257652,-0.125674173235893,0.243011876940727,0.0119588859379292,0.0784524753689766,0.00932689756155014,-0.101639330387115,0.0043934783898294,0.0102683082222939,0.109643772244453,0.0595669895410538,0.129472926259041,0.106306187808514,-0.045883659273386,-0.131583422422409,-0.00155875890050083,0.146083027124405,0.0739416852593422,-0.0743896290659904,-0.00582504784688354,0.210122913122177,0.0866961553692818,0.307703763246536,0.0725901052355766,0.1645647585392,0.139945223927498,0.196918219327927,0.148399606347084,0.0859483629465103,-0.125248223543167,0.192754492163658,-0.0597539469599724,-0.0594154112040997,0.14654552936554,0.242075875401497,-0.129509001970291,0.230971902608871,0.0422052145004272,0.0754970461130142,-0.00410156091675162,-0.123849749565125,0.0257351603358984,-0.0378000028431416,0.10761072486639,0.0450070835649967,0.106401078402996,0.0559296682476997,-0.0291763599961996,-0.120668046176434,-0.0358164869248867,0.0882110521197319,0.129325613379478,-0.0228562485426664,0.0511335954070091,0.245714217424393,0.0392219200730324,0.292533159255981,0.049304123967886,0.15976744890213,0.12987969815731,0.165422707796097,0.141162410378456,0.0279561784118414,-0.134958371520042,0.180884137749672,-0.06572425365448,-0.0764890015125275,0.126243457198143,0.222758367657661
0.247422844171524,0.207694053649902,0,0.38071995973587,0.115897387266159,0.0172671172767878,-0.0221299659460783,0.135421335697174,0.122558385133743,0.260914087295532,0.234867170453072,0.559387445449829,0.361881732940674,0.0553973652422428,0.0151550909504294,-0.0164658259600401,0.114408411085606,0.137476354837418,-0.040712982416153,0.206394985318184,0.106772109866142,-0.0222520530223846,0.00186692795250565,-0.068182997405529,0.00347733590751886,0.0497566312551498,0.0521735996007919,0.000376971409423277,0.195181727409363,-0.00928824674338102,-0.0443757921457291,-0.0806122347712517,-0.0489419922232628,0.0237684175372124,0.233831629157066,0.00205843057483435,0.149794116616249,0.0517029166221619,-0.0296138525009155,0.197184875607491,0.0528620555996895,0.0493932329118252,0.168556049466133,0.261843085289001,0.178223997354507,0.0375463925302029,-0.0708542540669441,0.19149374961853,-0.06489597260952,-0.0435584597289562,0.0679266080260277,0.163148403167725,-0.0259710028767586,0.182524874806404,0.114974543452263,-0.0380760543048382,0.0133346626535058,-0.0934649407863617,0.00196773489005864,0.0207456052303314,0.0335724130272865,0.00218730443157256,0.157581120729446,-0.0483764559030533,-0.0269734784960747,-0.0854043141007423,-0.0473156459629536,0.00277434545569122,0.206754520535469,-0.0148984547704458,0.149796828627586,0.0629334896802902,-0.0410826727747917,0.189869076013565,0.0623486712574959,0.0450642965734005,0.12448462843895,0.193774700164795,0.159489288926125,-0.00710105011239648,-0.0634634718298912,0.194150492548943,-0.0799524709582329,-0.0630206614732742,0.0754639059305191,0.169027760624886
0.276035666465759,0.229249730706215,0.38071995973587,0,0.20954205095768,0.000943247869145125,-0.00594317074865103,0.106133311986923,0.130331426858902,0.264865845441818,0.242295205593109,0.367350727319717,0.605629444122314,0.115988947451115,-0.00693352334201336,-0.0132895894348621,0.088642530143261,0.13538371026516,-0.0807026550173759,0.289909720420837,-0.0260390900075436,-0.00310688302852213,0.00502811325713992,-0.0559714995324612,-0.102362290024757,0.0316807366907597,-0.0174704398959875,0.00234526535496116,0.152414068579674,-0.00291901081800461,-0.0455943197011948,-0.14942042529583,-0.0374580211937428,0.134862840175629,0.171572625637054,-0.0709349662065506,0.0879267901182175,0.0772378370165825,0.0940493494272232,0.205461457371712,0.213063329458237,0.0173368398100138,0.124776646494865,0.179010957479477,0.16670948266983,0.0834476724267006,-0.0476721040904522,0.232614055275917,-0.0873842537403107,-0.0131411422044039,0.0899367555975914,0.307585328817368,-0.0267454572021961,0.273483395576477,0.0211257450282574,-0.00607091560959816,0.00125050754286349,-0.0666090771555901,-0.0687781944870949,-0.0082633625715971,0.00101678736973554,0.0139031577855349,0.143624246120453,-0.0299902260303497,-0.0288094151765108,-0.140942141413689,-0.000620330625679344,0.10259236395359,0.248156249523163,-0.034699946641922,0.147376582026482,0.0942815840244293,0.0360028222203255,0.236188113689423,0.19425006210804,0.0473615117371082,0.127165734767914,0.186202690005302,0.18334124982357,0.0618759244680405,-0.0540869012475014,0.280409544706345,-0.0879625231027603,-0.0620515272021294,0.0930813327431679,0.318394511938095
0.081108346581459,0.0986499041318893,0.115897387266159,0.20954205095768,0,-0.00022350437939167,-0.0128924828022718,0.0206006243824959,0.0573659166693687,0.0983059853315353,0.0845577046275139,0.115922644734383,0.179014429450035,0.0282354839146137,-0.0109050087630749,-0.0204699616879225,0.0275513678789139,0.0537356995046139,-0.0218448452651501,0.107550852000713,0.0065262014977634,-0.00363025395199656,0.00604634545743465,-0.0124523155391216,-0.0156466588377953,0.0203346516937017,-0.0111061614006758,-0.00218929932452738,0.0755423828959465,-0.00353372772224247,-0.0155264660716057,-0.029883349314332,-0.0159611590206623,0.00390544137917459,0.0720881894230843,0.0109714530408382,0.0617067366838455,0.031994853168726,0.0414255000650883,0.0936373248696327,0.0678749084472656,0.010861043818295,0.0716664791107178,0.0773138850927353,0.0728947371244431,0.00633267126977444,0.00846475549042225,0.106065988540649,-0.034250158816576,-0.0139942448586226,0.0519396774470806,0.135540306568146,-0.00880235340446234,0.113236635923386,-0.0111324349418283,-0.00989385787397623,-0.0131093235686421,-0.038749136030674,-0.0378454141318798,-0.00530799105763435,-0.0086259925737977,0.0057152584195137,0.0662496611475945,-0.0223214607685804,-0.0193065293133259,-0.0437606386840343,-0.0244499910622835,0.0123085556551814,0.0841208472847939,0.00581111013889313,0.0645380169153214,0.0376522168517113,0.0178682710975409,0.072154738008976,0.0539943352341652,-0.00162727432325482,0.0293704997748137,0.0466526597738266,0.0555820874869823,-0.0159819815307856,-0.0104869920760393,0.098867230117321,-0.0431589148938656,-0.0266347639262676,0.0339490063488483,0.122378408908844
-0.0291730035096407,0.00284312828443944,0.0172671172767878,0.000943247869145125,-0.00022350437939167,0,0.172245025634766,0.0144375199452043,0.0753675997257233,0.024826155975461,-0.0172950867563486,0.00576200475916266,-0.0109522771090269,-0.0216376092284918,0.412940084934235,0.184626013040543,0.0283877514302731,0.0531851872801781,0.0977065414190292,0.0316304340958595,0.146535947918892,0.0786417424678802,0.110829815268517,0.222725704312325,0.222579896450043,0.120239995419979,0.318927526473999,0.111235380172729,0.0728550255298615,0.108327366411686,0.294348984956741,0.198840096592903,0.262668013572693,0.0657482594251633,-0.0316428579390049,0.045308630913496,-0.015787810087204,0.0553320161998272,0.0926451608538628,0.0622076466679573,0.0727363899350166,0.238298892974854,0.201956123113632,-0.0379432588815689,0.150596752762794,0.0589509457349777,0.255479395389557,-0.0936689674854279,0.0581241846084595,0.146654605865479,0.11263532936573,0.0783972069621086,0.0573791824281216,0.00536820199340582,0.00526089174672961,0.0643909350037575,0.0955421850085258,0.208856195211411,0.114768289029598,0.0814423114061356,0.263207972049713,0.123794578015804,0.0104952212423086,0.101603135466576,0.263946503400803,0.132922545075417,0.21292832493782,0.0723823755979538,-0.116432890295982,-0.0400544069707394,-0.0911975055932999,0.033768929541111,0.0993077829480171,0.0114008951932192,0.0652065724134445,0.189829617738724,0.128991633653641,-0.108855463564396,0.0490774884819984,0.0283525511622429,0.205398917198181,-0.13113696873188,0.060735072940588,0.121081590652466,0.0842236056923866,0.0400649830698967
-0.110923260450363,-0.0905619487166405,-0.0221299659460783,-0.00594317074865103,-0.0128924828022718,0.172245025634766,0,-0.00181981071364135,-0.00989449117332697,-0.0668592303991318,-0.115045160055161,-0.0463502071797848,-0.0299718547612429,-0.0246394164860249,0.175765782594681,0.257650196552277,-0.00666386447846889,-0.0338030382990837,0.152819946408272,-0.0513822138309479,0.0423904433846474,0.0253128409385681,0.0639612004160881,0.195096433162689,0.0759569779038429,0.123456537723541,0.00508288014680147,0.0739481747150421,0.00257437117397785,0.0356242880225182,0.171928495168686,0.171197652816772,0.0669888406991959,0.01765445061028,0.014222115278244,0.0860671475529671,0.0700135082006454,-0.0302276518195868,0.0578399486839771,-0.134185448288918,0.0754774883389473,-0.0432568043470383,0.00106405618134886,-0.158652514219284,0.067392110824585,0.0222232770174742,0.245639339089394,-0.082179918885231,0.0630597695708275,0.125129073858261,0.0142315160483122,0.0253227911889553,0.109555870294571,-0.0567928738892078,-0.0678013786673546,0.0131584070622921,0.024503156542778,0.174727529287338,-0.0326097495853901,0.0708691775798798,-0.0278797745704651,0.071396566927433,-0.0279366597533226,0.0366862304508686,0.0956199616193771,0.0960739701986313,0.0510499738156796,0.0208716038614511,-0.0695120170712471,-0.0119147263467312,-0.0293652806431055,-0.0494541302323341,0.0664138644933701,-0.148430347442627,0.0847722738981247,-0.0640910565853119,-0.0243423879146576,-0.198597759008408,-0.0184880308806896,0.0278891995549202,0.196507155895233,-0.152570322155952,0.0322955176234245,0.103208109736443,-3.52608039975166e-05,-0.015242263674736
0.045298133045435,0.0594734102487564,0.135421335697174,0.106133311986923,0.0206006243824959,0.0144375199452043,-0.00181981071364135,0,0.0573555417358875,0.0312701985239983,0.0637897104024887,0.122524820268154,0.100217960774899,0.012621215544641,0.0303468890488148,0.0160969644784927,0.0914577096700668,0.0587947443127632,-0.0378292724490166,0.0843491777777672,-0.0597464069724083,0.0105026671662927,-0.00437038671225309,-0.0220950618386269,-0.065146766602993,-0.0306467041373253,0.0284622330218554,0.013710530474782,0.0144194280728698,-0.00145835790317506,0.0503553673624992,-0.0684318691492081,0.0189539194107056,0.0427200831472874,-0.0155605161562562,-0.0793825685977936,-0.0629671141505241,0.0363008454442024,0.0274546500295401,0.0518590919673443,0.0266632456332445,0.0177538152784109,0.100080206990242,-0.00952253397554159,-0.000190718099474907,-0.00116151967085898,0.00793167296797037,-0.00130796362645924,-0.0137233072891831,0.0042676399461925,0.0353106632828712,0.0714703425765038,-0.0154713895171881,0.0649093240499496,-0.0460782237350941,0.0182064846158028,-0.00686920061707497,-0.0148351415991783,-0.0430719032883644,-0.00581660587340593,0.0428184233605862,0.0289728604257107,0.0242676325142384,-0.00167721440084279,0.0547030717134476,-0.0562646687030792,0.008749820291996,0.0456779301166534,-0.00748507026582956,-0.0880536064505577,-0.0176238007843494,0.0442084185779095,0.0144485533237457,0.0565369240939617,0.0403626933693886,0.0355777181684971,0.0860973820090294,0.0055749760940671,0.010920399799943,0.00250574806705117,0.0176725927740335,0.0477464012801647,-0.0243229437619448,0.00439143134281039,0.0533972084522247,0.0839632526040077
0.198692679405212,0.209048569202423,0.122558385133743,0.130331426858902,0.0573659166693687,0.0753675997257233,-0.00989449117332697,0.0573555417358875,0,0.205531284213066,0.211181730031967,0.113877274096012,0.119689933955669,0.0382504612207413,0.0458223968744278,-0.0204408653080463,0.0466199219226837,0.17402109503746,-0.0506840944290161,0.16629458963871,-0.00313149113208055,0.0474370867013931,0.00445563765242696,-0.0183148328214884,0.00756115606054664,-0.00153094227425754,0.0989676862955093,0.00469679478555918,0.071992002427578,0.0664090737700462,0.00185853033326566,-0.0545386336743832,0.044390894472599,0.110954135656357,0.0340324938297272,-0.0496933907270432,-0.00808706972748041,0.141343429684639,0.0803304761648178,0.178500846028328,0.0567282140254974,0.129816144704819,0.116246320307255,0.105380684137344,0.0732564851641655,0.0369695425033569,0.00209779548458755,0.113897286355495,-0.0420964658260345,-0.0179307870566845,0.109282031655312,0.166714832186699,-0.0297578424215317,0.167408287525177,0.0297437217086554,0.0333532392978668,0.0178540423512459,-0.0404054522514343,0.0325173363089561,0.0126220760867,0.12204997241497,-0.0037017164286226,0.0837657377123833,0.0525586865842342,0.0455264113843441,-0.0301808845251799,0.0157960616052151,0.0754228755831718,0.0789401456713676,-0.0320937186479568,0.0360767357051373,0.142902538180351,0.0560361370444298,0.176123917102814,0.0531826466321945,0.142114356160164,0.123450256884098,0.102187417447567,0.112078987061977,0.000860296888276935,-0.00470866682007909,0.147377490997314,-0.0417115613818169,-0.0112086376175284,0.102631062269211,0.163347378373146
0.670816659927368,0.316486746072769,0.260914087295532,0.264865845441818,0.0983059853315353,0.024826155975461,-0.0668592303991318,0.0312701985239983,0.205531284213066,0,0.304748803377151,0.265417069196701,0.222070947289467,0.088877946138382,0.0190536826848984,-0.0781449377536774,0.0187735483050346,0.225006967782974,-0.0822173058986664,0.240334793925285,0.231776595115662,-0.02203712426126,0.0385656282305717,-0.145970374345779,0.165411621332169,0.210263654589653,0.088327094912529,-0.0695531740784645,0.214556589722633,-0.0254814978688955,-0.0612930729985237,0.0414947681128979,0.0141369244083762,0.134156510233879,0.232709363102913,0.125127926468849,0.19978591799736,0.109421402215958,0.158711344003677,0.30951327085495,0.219292476773262,0.189049810171127,0.079279251396656,0.460681617259979,0.282957196235657,0.191622912883759,-0.147923707962036,0.388211488723755,-0.0431737899780273,-0.00356955896131694,0.0203899089246988,0.211989015340805,-0.147872343659401,0.190786078572273,0.143696054816246,-0.0297863390296698,0.0210478194057941,-0.163177937269211,0.0796003639698029,0.108384497463703,0.0523424111306667,-0.0478688776493073,0.113296821713448,-0.0477623753249645,-0.0570317097008228,-0.0192239284515381,0.00403058202937245,0.0839334726333618,0.206128865480423,0.0733329132199287,0.089185394346714,0.126731410622597,0.0482796169817448,0.263469904661179,0.109569780528545,0.104813501238823,0.0481590405106544,0.264591008424759,0.106949687004089,0.0494542084634304,-0.120240785181522,0.350881189107895,-0.0721099525690079,-0.0813691467046738,0.0438790544867516,0.184208437800407
0.379162192344666,0.471086829900742,0.234867170453072,0.242295205593109,0.0845577046275139,-0.0172950867563486,-0.115045160055161,0.0637897104024887,0.211181730031967,0.304748803377151,0,0.284833192825317,0.256419032812119,0.0851539745926857,-0.0383685790002346,-0.118304789066315,0.0806440263986588,0.231034979224205,-0.195397451519966,0.27644157409668,-0.0315674468874931,0.0485808104276657,0.00314236432313919,-0.132037177681923,-0.0369194373488426,-0.0429198369383812,0.110840454697609,0.0280947797000408,0.105428799986839,0.0757209733128548,-0.0854897722601891,-0.197343960404396,-0.00673602381721139,0.114477686583996,0.0116399321705103,-0.137122705578804,-0.0554921329021454,0.201090276241302,0.0353668369352818,0.319252699613571,0.034179326146841,0.173363864421844,0.170461475849152,0.20382733643055,0.0778325125575066,0.045485332608223,-0.169800296425819,0.193840548396111,-0.0946016386151314,-0.0768035054206848,0.161421284079552,0.233443811535835,-0.141139224171638,0.285250306129456,0.125944629311562,0.0663824081420898,-0.00691191852092743,-0.153478339314461,0.100547060370445,-0.0285527557134628,0.162878528237343,0.00556706264615059,0.161102950572968,0.0265110284090042,-0.0283529590815306,-0.104625456035137,-0.0230984818190336,0.117665164172649,0.211428642272949,-0.00718299252912402,0.12294814735651,0.252699732780457,0.00569766201078892,0.373834311962128,0.0636759400367737,0.234604507684708,0.181057825684547,0.281598687171936,0.238219141960144,0.0276142619550228,-0.144546747207642,0.283184826374054,-0.0571050420403481,-0.104323960840702,0.151274114847183,0.264177858829498
0.334244519472122,0.223149880766869,0.559387445449829,0.367350727319717,0.115922644734383,0.00576200475916266,-0.0463502071797848,0.122524820268154,0.113877274096012,0.265417069196701,0.284833192825317,0,0.392632335424423,0.0753526389598846,0.00790105108171701,-0.0184210073202848,0.140410974621773,0.134634837508202,-0.0799490213394165,0.202955961227417,0.062541276216507,-0.0459642224013805,-0.014580188319087,-0.0942448228597641,-0.0287946239113808,0.0345251820981503,0.039737232029438,-0.0110095646232367,0.173996761441231,-0.0344784110784531,-0.0810897201299667,-0.144673347473145,-0.0541576333343983,0.0133619206026196,0.207593187689781,-0.0280040502548218,0.122635379433632,0.0460711382329464,-0.0248816013336182,0.212733343243599,0.0450972281396389,0.030839778482914,0.149055629968643,0.259363889694214,0.106756985187531,0.0485517717897892,-0.107270382344723,0.198654353618622,-0.104413889348507,-0.0689927861094475,0.0509560219943523,0.16653661429882,-0.0269450880587101,0.234361603856087,0.183102384209633,-0.0689009577035904,0.00238542887382209,-0.110098570585251,0.0479352362453938,0.0488066598773003,0.0442665778100491,-0.030691659078002,0.219025477766991,-0.0692414119839668,-0.029030742123723,-0.0720569118857384,-0.0209190305322409,0.0249476227909327,0.288776189088821,0.0574435070157051,0.230637788772583,0.0538077726960182,-0.074415996670723,0.251285463571548,0.060578215867281,0.0818863362073898,0.170939490199089,0.295387238264084,0.224831491708755,0.00315070850774646,-0.0836244225502014,0.256175458431244,-0.0800193399190903,-0.0644045025110245,0.055972021073103,0.211787164211273
0.286724537611008,0.210680440068245,0.361881732940674,0.605629444122314,0.179014429450035,-0.0109522771090269,-0.0299718547612429,0.100217960774899,0.119689933955669,0.222070947289467,0.256419032812119,0.392632335424423,0,0.140822425484657,-0.0110142827033997,-0.0104079768061638,0.114530339837074,0.140742480754852,-0.0797060430049896,0.263529300689697,-0.024752426892519,-0.0123411426320672,0.00695897592231631,-0.0728593245148659,-0.0977012887597084,0.0186924319714308,-0.0378252603113651,0.00788610242307186,0.144609063863754,-0.0163482651114464,-0.0764734745025635,-0.148555979132652,-0.0343487709760666,0.110402852296829,0.14593668282032,-0.0781019479036331,0.0780153647065163,0.0651223585009575,0.0268271919339895,0.207898780703545,0.153829827904701,-0.00666701514273882,0.101112477481365,0.159059002995491,0.129470825195312,0.06525918841362,-0.0746297165751457,0.216422989964485,-0.0933531522750854,-0.0330784358084202,0.0722750648856163,0.276621609926224,-0.00499479798600078,0.272761136293411,0.0292180590331554,-0.0240233615040779,-0.00153204496018589,-0.0674589723348618,-0.0608058832585812,0.0276396758854389,-0.0208901725709438,0.00802336726337671,0.169450268149376,-0.0468411669135094,-0.0384992435574532,-0.127243369817734,-0.0265251789242029,0.103277713060379,0.261851370334625,-0.0222304668277502,0.166818514466286,0.0794400572776794,0.0307616330683231,0.24034520983696,0.20973813533783,0.0326887667179108,0.123285703361034,0.199945271015167,0.183570116758347,0.0586736313998699,-0.0325769893825054,0.2901551425457,-0.106170877814293,-0.062409944832325,0.0889167636632919,0.33123505115509
0.100994065403938,0.0820503607392311,0.0553973652422428,0.115988947451115,0.0282354839146137,-0.0216376092284918,-0.0246394164860249,0.012621215544641,0.0382504612207413,0.088877946138382,0.0851539745926857,0.0753526389598846,0.140822425484657,0,-0.0176521167159081,-0.0311731658875942,0.0091549027711153,0.0837002620100975,-0.0254501067101955,0.122482597827911,-0.0297819413244724,0.000998109229840338,0.00639196205884218,-0.0298185329884291,-0.0275352876633406,-0.00891809351742268,-0.00822879746556282,-0.0175841525197029,0.0314190201461315,-0.00432990211993456,-0.0359532386064529,-0.0522143989801407,-0.0109310215339065,0.036037489771843,0.0205366313457489,-0.0357992462813854,-0.0022680580150336,0.0323752909898758,0.0305006485432386,0.0757395774126053,0.0478776469826698,0.0252858810126781,0.0486024916172028,0.0476243495941162,0.0430750958621502,0.0139816598966718,-0.0262973085045815,0.0839931219816208,-0.0434107109904289,-0.00754997786134481,0.0544823110103607,0.104348734021187,-0.018701022490859,0.105303466320038,0.0099380137398839,-0.00346688274294138,-0.0101918242871761,-0.0242735799401999,-0.00399394193664193,-0.00351104652509093,0.0129751451313496,-0.018465006724,0.0244436413049698,-0.00466086156666279,-0.0171914920210838,-0.0239712558686733,-0.0133918737992644,0.0504783242940903,0.0775992199778557,-0.0208334792405367,0.0518969483673573,0.0464830175042152,0.0336623080074787,0.0764074474573135,0.0553511455655098,0.0333855338394642,0.0651837661862373,0.069349929690361,0.0907726585865021,-0.00213857600465417,-0.0174429044127464,0.112598329782486,-0.0267805680632591,-0.0218528807163239,0.0494230389595032,0.119073204696178
-0.0248897280544043,-0.0158133804798126,0.0151550909504294,-0.00693352334201336,-0.0109050087630749,0.412940084934235,0.175765782594681,0.0303468890488148,0.0458223968744278,0.0190536826848984,-0.0383685790002346,0.00790105108171701,-0.0110142827033997,-0.0176521167159081,0,0.232363134622574,0.0425653532147408,0.0486168824136257,0.0625998303294182,0.0165882389992476,0.125390291213989,0.066606268286705,0.0983364656567574,0.214394316077232,0.195031881332397,0.100983075797558,0.295023798942566,0.10474144667387,0.0654831007122993,0.0918086394667625,0.299821883440018,0.163427665829659,0.243238210678101,0.0712441504001617,-0.0544042661786079,-0.00130906770937145,-0.0584531612694263,0.0359817482531071,0.0832331031560898,0.0467351451516151,0.0770612433552742,0.220738634467125,0.196503847837448,-0.0649440959095955,0.133758008480072,0.0549047403037548,0.221930593252182,-0.120987303555012,0.0321624763309956,0.120417952537537,0.0756382867693901,0.0711220353841782,0.0534540042281151,0.0137775614857674,0.0425713621079922,0.0671375691890717,0.102395310997963,0.219972983002663,0.135248959064484,0.124151222407818,0.279699593782425,0.106334857642651,0.0382504016160965,0.0867770984768867,0.259827136993408,0.139391720294952,0.253399938344955,0.0561605654656887,-0.0973135530948639,-0.0379251576960087,-0.0857322588562965,0.0358358211815357,0.107812084257603,0.0213547702878714,0.065676748752594,0.208953261375427,0.15204755961895,-0.0858055427670479,0.0690813660621643,0.0514278188347816,0.21545022726059,-0.117834381759167,0.0389708019793034,0.137341558933258,0.0718096345663071,0.0575825944542885
-0.117652356624603,-0.105095520615578,-0.0164658259600401,-0.0132895894348621,-0.0204699616879225,0.184626013040543,0.257650196552277,0.0160969644784927,-0.0204408653080463,-0.0781449377536774,-0.118304789066315,-0.0184210073202848,-0.0104079768061638,-0.0311731658875942,0.232363134622574,0,0.0306652411818504,-0.013360196724534,0.113237760961056,-0.0297872088849545,0.04146908223629,0.0377882122993469,0.0631958022713661,0.193555653095245,0.0503428801894188,0.107639245688915,0.00330785382539034,0.0354320555925369,0.00213065138086677,0.0462372191250324,0.143813714385033,0.1185207888484,0.0991683825850487,0.0292138457298279,-0.000791395839769393,0.0372091419994831,0.0415385887026787,-0.0494859777390957,0.0700353607535362,-0.114153444766998,0.0985608100891113,-0.0311613939702511,0.0119342869147658,-0.13879805803299,0.0452910885214806,0.0399052836000919,0.224486976861954,-0.0837140530347824,0.0435953997075558,0.106814794242382,0.025711715221405,0.0353319644927979,0.114950388669968,-0.0313085615634918,-0.0296438820660114,0.0208022110164165,0.0438359379768372,0.205824956297874,-0.0102335419505835,0.111460544168949,-0.0211102422326803,0.046554408967495,-0.00363890710286796,0.0502905622124672,0.109907642006874,0.0845815092325211,0.0990385636687279,0.0350591912865639,-0.0357965901494026,-0.0195955615490675,0.00315981009043753,-0.0598813965916634,0.0880052596330643,-0.133865401148796,0.10504861921072,-0.0441836975514889,-0.0179189369082451,-0.155883818864822,-0.01353251747787,0.0398694053292274,0.232613608241081,-0.11245097219944,0.029668316245079,0.13282085955143,0.0048223901540041,0.0291501227766275
0.0273226387798786,0.0469052866101265,0.114408411085606,0.088642530143261,0.0275513678789139,0.0283877514302731,-0.00666386447846889,0.0914577096700668,0.0466199219226837,0.0187735483050346,0.0806440263986588,0.140410974621773,0.114530339837074,0.0091549027711153,0.0425653532147408,0.0306652411818504,0,0.0659726113080978,-0.0275415387004614,0.084918387234211,-0.0501512587070465,0.0305107720196247,0.00860109366476536,-0.00991970300674438,-0.0371177531778812,-0.0446148663759232,0.0651210322976112,0.0231439750641584,0.0120426388457417,0.0309261064976454,0.0571451932191849,-0.0690832212567329,0.000129297375679016,0.0306855589151382,-0.0183429773896933,-0.0748402550816536,-0.0532592795789242,0.0373126119375229,0.0136617077514529,0.0481464490294456,0.00526071898639202,0.0480064377188683,0.116942308843136,-0.0185853894799948,0.00838545057922602,0.00151407509110868,0.0144383786246181,-0.0308203473687172,-0.00973225943744183,-0.0105867190286517,0.033723957836628,0.0520795211195946,-0.00740534858778119,0.0765582919120789,-0.0344540476799011,0.035050805658102,-0.000302095897495747,0.0104767177253962,-0.0338186658918858,-0.0197375677525997,0.0483991354703903,0.0207354631274939,0.0178719330579042,0.0169097390025854,0.0407654345035553,-0.0583577118813992,0.0176797602325678,0.040063414722681,-0.0174061842262745,-0.0981832593679428,-0.0274286940693855,0.0455721728503704,0.00517590856179595,0.0599388852715492,0.00591931818053126,0.0506475158035755,0.110922209918499,0.0057935924269259,0.00306138186715543,0.00674872798845172,0.0260133128613234,0.0137028712779284,-0.0128744384273887,-0.0119967320933938,0.0461297146975994,0.0687150955200195
0.253816097974777,0.204464182257652,0.137476354837418,0.13538371026516,0.0537356995046139,0.0531851872801781,-0.0338030382990837,0.0587947443127632,0.17402109503746,0.225006967782974,0.231034979224205,0.134634837508202,0.140742480754852,0.0837002620100975,0.0486168824136257,-0.013360196724534,0.0659726113080978,0,-0.0542601719498634,0.161600679159164,0.0391889661550522,0.0303766913712025,0.0257186945527792,-0.00979594141244888,0.0447492972016335,0.0294809341430664,0.0961141362786293,0.00389060471206903,0.0900343060493469,0.0575973279774189,-0.00303703360259533,-0.0314280055463314,0.0470623075962067,0.0799824818968773,0.0278067234903574,-0.0391454249620438,0.00884255301207304,0.135592192411423,0.0678976997733116,0.16611085832119,0.0542092584073544,0.136828005313873,0.108614407479763,0.129835814237595,0.0755741223692894,0.047745518386364,0.0112426234409213,0.141244471073151,-0.0341448187828064,0.0311786197125912,0.142169877886772,0.174966752529144,-0.00861068908125162,0.171299636363983,0.102034330368042,0.0382833108305931,0.0164792817085981,-0.0170137751847506,0.095569908618927,0.0365686304867268,0.123751312494278,0.00517306057736278,0.106160365045071,0.0374362766742706,0.0513837262988091,0.00879810750484467,0.0371260680258274,0.0974129214882851,0.113166466355324,0.0181116722524166,0.082410492002964,0.150114625692368,0.0566154159605503,0.173390403389931,0.067622609436512,0.168087348341942,0.123117551207542,0.146786540746689,0.153228357434273,0.0378757789731026,0.0324753932654858,0.173534318804741,-0.00722886994481087,-0.00438502803444862,0.129638254642487,0.200362533330917
-0.168951407074928,-0.125674173235893,-0.040712982416153,-0.0807026550173759,-0.0218448452651501,0.0977065414190292,0.152819946408272,-0.0378292724490166,-0.0506840944290161,-0.0822173058986664,-0.195397451519966,-0.0799490213394165,-0.0797060430049896,-0.0254501067101955,0.0625998303294182,0.113237760961056,-0.0275415387004614,-0.0542601719498634,0,-0.10531409829855,0.249950021505356,0.022942928597331,0.0375063121318817,0.295836001634598,0.286070138216019,0.311933070421219,-0.102887660264969,0.0900074765086174,0.0441653989255428,0.0555422864854336,0.0840893015265465,0.63692307472229,0.0204043220728636,-0.080447643995285,0.448150187730789,0.222181081771851,0.512734174728394,-0.0596924051642418,-0.00989453960210085,-0.15331719815731,0.0687966570258141,-0.0334445387125015,-0.106698088347912,-0.062600813806057,0.231053531169891,0.0154015552252531,0.707887530326843,0.118369594216347,0.159885093569756,0.16432198882103,0.126713991165161,0.0504878684878349,0.629144549369812,-0.0884035378694534,0.0321121029555798,-0.00197012652643025,0.0147772943601012,0.243781834840775,0.0790850147604942,0.239245265722275,-0.144554898142815,0.0987627431750298,0.00630791857838631,0.0620773062109947,-0.00264633563347161,0.444475740194321,0.0307881962507963,-0.0543451420962811,0.13209268450737,0.210909232497215,0.269537627696991,-0.105063453316689,0.0626738741993904,-0.228211462497711,0.0638478249311447,-0.110192842781544,-0.104064650833607,-0.122762694954872,0.0890424102544785,-0.0137845110148191,0.581244945526123,-0.0866603404283524,0.130520388484001,0.18328532576561,0.137710720300674,0.0126963770017028
0.243155598640442,0.243011876940727,0.206394985318184,0.289909720420837,0.107550852000713,0.0316304340958595,-0.0513822138309479,0.0843491777777672,0.16629458963871,0.240334793925285,0.27644157409668,0.202955961227417,0.263529300689697,0.122482597827911,0.0165882389992476,-0.0297872088849545,0.084918387234211,0.161600679159164,-0.10531409829855,0,-0.079545795917511,0.1212208122015,0.0438054129481316,-0.0149022350087762,-0.154287129640579,0.0173734966665506,-0.00909592770040035,0.000398922682506964,0.248188391327858,0.143720388412476,-0.105432011187077,-0.312312006950378,0.0151736745610833,0.355782806873322,0.20983150601387,-0.202106490731239,0.0464831218123436,0.249774381518364,0.245959714055061,0.421502947807312,0.361415892839432,0.0703703165054321,0.290006756782532,0.305700719356537,0.329217076301575,0.245178118348122,0.0250669792294502,0.407037228345871,-0.160648599267006,-0.0409726575016975,0.267942488193512,0.554505825042725,0.0271698702126741,0.584693193435669,-0.079990953207016,0.128172188997269,-0.0046528922393918,-0.0451716631650925,-0.157919824123383,-0.00687697529792786,0.0293664447963238,0.00306066661141813,0.197363168001175,0.10092905908823,-0.0558985471725464,-0.310234934091568,0.0110302669927478,0.333196133375168,0.297642856836319,-0.227602958679199,0.139826357364655,0.251080065965652,0.192703172564507,0.43692472577095,0.344993203878403,0.123154558241367,0.281507402658463,0.256888270378113,0.283094793558121,0.195127427577972,0.0318880639970303,0.461812436580658,-0.195173189043999,-0.101387999951839,0.22327795624733,0.551356732845306
0.0742154195904732,0.0119588859379292,0.106772109866142,-0.0260390900075436,0.0065262014977634,0.146535947918892,0.0423904433846474,-0.0597464069724083,-0.00313149113208055,0.231776595115662,-0.0315674468874931,0.062541276216507,-0.024752426892519,-0.0297819413244724,0.125390291213989,0.04146908223629,-0.0501512587070465,0.0391889661550522,0.249950021505356,-0.079545795917511,0,-0.114732705056667,0.0544347949326038,0.228409603238106,0.653353214263916,0.518433928489685,0.200138449668884,0.0318097360432148,0.271896690130234,-0.0448831617832184,0.076564721763134,0.454258739948273,0.154755920171738,-0.139582008123398,0.545036196708679,0.448003023862839,0.511305749416351,-0.0883891358971596,-0.0844890847802162,0.0955317616462708,0.077055923640728,0.302629381418228,-0.0161122027784586,0.622437357902527,0.356742858886719,0.370246887207031,0.087107814848423,0.408762097358704,0.0199331007897854,0.00942122284322977,-0.0103425830602646,-0.0301682092249393,0.039149783551693,-0.0840341970324516,0.654540359973907,-0.151498913764954,0.0595203042030334,0.157567784190178,0.468509823083878,0.291406154632568,0.0709499195218086,0.0508927740156651,0.125086009502411,-0.0380635745823383,0.0441621094942093,0.29403281211853,0.118759348988533,-0.115019276738167,0.330045580863953,0.359726160764694,0.248571485280991,-0.0919789597392082,-0.0292364712804556,-0.0127304336056113,0.0332796163856983,0.161936223506927,-0.0980793386697769,0.269156247377396,0.0899693667888641,0.170989349484444,0.0746083334088326,0.105435736477375,0.0516312010586262,0.00688928924500942,0.000480467424495146,-0.0598985068500042
-0.0934904813766479,0.0784524753689766,-0.0222520530223846,-0.00310688302852213,-0.00363025395199656,0.0786417424678802,0.0253128409385681,0.0105026671662927,0.0474370867013931,-0.02203712426126,0.0485808104276657,-0.0459642224013805,-0.0123411426320672,0.000998109229840338,0.066606268286705,0.0377882122993469,0.0305107720196247,0.0303766913712025,0.022942928597331,0.1212208122015,-0.114732705056667,0,0.0057537741959095,0.210640609264374,0.0136694498360157,-0.1322081387043,0.10908230394125,0.0359214432537556,0.0342039056122303,0.885488212108612,0.0257266499102116,-0.170371040701866,0.157282873988152,0.390740483999252,-0.0848348885774612,-0.150833934545517,-0.128567516803741,0.823112845420837,0.322204947471619,0.0240650605410337,0.266040533781052,0.277967900037766,0.0638587698340416,-0.0193523187190294,0.0859566181898117,0.609490871429443,0.146659806370735,-0.0139923105016351,-0.0271648373454809,0.0127855874598026,0.169929087162018,0.192845091223717,0.0828628391027451,0.0983394458889961,-0.26371830701828,0.957227349281311,-0.0116455480456352,0.236387670040131,-0.128930509090424,-0.119221977889538,0.132483646273613,0.0968412309885025,-0.0476967394351959,0.866836369037628,-0.000648568267934024,-0.21055468916893,0.145123153924942,0.354454934597015,-0.19701723754406,-0.244219973683357,-0.200807765126228,0.76289701461792,0.367355674505234,0.00239220540970564,0.267427712678909,0.283049464225769,0.0527416653931141,-0.152362689375877,-0.0386622026562691,0.531015396118164,0.148285567760468,-0.0232209246605635,-0.0654547512531281,0.0131742581725121,0.142055630683899,0.151142865419388
0.0146033288910985,0.00932689756155014,0.00186692795250565,0.00502811325713992,0.00604634545743465,0.110829815268517,0.0639612004160881,-0.00437038671225309,0.00445563765242696,0.0385656282305717,0.00314236432313919,-0.014580188319087,0.00695897592231631,0.00639196205884218,0.0983364656567574,0.0631958022713661,0.00860109366476536,0.0257186945527792,0.0375063121318817,0.0438054129481316,0.0544347949326038,0.0057537741959095,0,0.144098922610283,0.100518718361855,0.122898772358894,0.037552434951067,0.0195751320570707,0.075981505215168,0.0308507531881332,0.0775257647037506,0.0994874686002731,0.0836077407002449,0.0304924100637436,0.0543309152126312,0.0377367772161961,0.0648877173662186,0.00905035715550184,0.0428463295102119,0.0231492426246405,0.0522742569446564,0.0194227825850248,0.0475618466734886,0.0302569661289454,0.0695866271853447,0.0762026235461235,0.112136296927929,0.0422909781336784,0.0264501217752695,0.0915817096829414,0.0438148565590382,0.0855733677744865,0.0221962481737137,0.0183555390685797,0.025738412514329,-0.0055890497751534,0.0376678742468357,0.124712631106377,0.0562681816518307,0.104293547570705,0.0386298112571239,0.00381139409728348,0.0418711788952351,0.0280863177031279,0.070626862347126,0.0648727789521217,0.0585210248827934,-0.000189024955034256,0.0439385436475277,0.0189864058047533,0.0288753900676966,-0.00548224989324808,0.0297964531928301,0.0199546534568071,0.0430333390831947,0.0392937511205673,0.021466763690114,-0.00766068743541837,0.042725570499897,0.0639633759856224,0.0722141191363335,0.0209301244467497,0.0188365262001753,0.0428091883659363,0.0137362536042929,0.0674598291516304
-0.110307604074478,-0.101639330387115,-0.068182997405529,-0.0559714995324612,-0.0124523155391216,0.222725704312325,0.195096433162689,-0.0220950618386269,-0.0183148328214884,-0.145970374345779,-0.132037177681923,-0.0942448228597641,-0.0728593245148659,-0.0298185329884291,0.214394316077232,0.193555653095245,-0.00991970300674438,-0.00979594141244888,0.295836001634598,-0.0149022350087762,0.228409603238106,0.210640609264374,0.144098922610283,0,0.354063540697098,0.380586057901382,0.0744755417108536,0.484938442707062,0.0788700133562088,0.436683744192123,0.188870757818222,0.228233233094215,0.330505520105362,0.0477252900600433,0.125731408596039,0.0597666539251804,0.113991551101208,0.166222125291824,0.0749487578868866,-0.103639461100101,0.106783159077168,0.0732316002249718,0.03818753734231,-0.0406355410814285,0.0714420825242996,0.404365658760071,0.379084199666977,-0.0288033112883568,0.0648059770464897,0.155241712927818,0.095046654343605,0.111710540950298,0.312360733747482,-0.00452254991978407,0.0644796043634415,0.194195687770844,0.120519757270813,0.797671258449554,0.192327573895454,0.36134660243988,0.0705679878592491,0.45932012796402,0.0601948313415051,0.449145525693893,0.160906597971916,0.218193411827087,0.329953253269196,0.0537742599844933,0.0484285913407803,-0.00476862723007798,0.115632258355618,0.0860792323946953,0.128540128469467,-0.0993233397603035,0.118086852133274,0.118335083127022,0.03486592695117,-0.082626648247242,0.0308485273271799,0.380976021289825,0.305277347564697,-0.0877203270792961,0.0540938377380371,0.14333288371563,0.0608728006482124,0.0573385767638683
