0 0.32859 0.26531 0.2789 0.088242 -0.0094451 -0.089425 0.059869 0.20801 0.72093 0.41017 0.35593 0.29373 0.11525 0.0010044 -0.096776 0.041146 0.26302 -0.16154 0.23368 0.057977 -0.022414 0.022933 -0.055325 0.056379 0.13484 0.091257 0.033399 0.18571 0.0021477 -0.15749 -0.12037 0.013171 0.12961 0.090227 -0.074023 0.012081 0.11668 0.06896 0.36444 0.079076 0.18254 0.090196 0.36173 0.02412 0.18661 -0.18144 0.35151 -0.1058 -0.065624 0.029606 0.22926 -0.044297 0.2718 0.41853 -0.018758 0.035555 -0.074117 0.3692 0.25218 0.18926 0.008094 0.32018 -0.029687 -0.031033 0.12266 0.026425 0.14203 0.39428 0.19294 0.30062 0.13769 0.071715 0.45169 0.18475 0.31742 0.1723 0.59652 0.39311 0.20049 -0.12551 0.53639 -0.0044219 -0.087294 0.049505 0.28105
0.32859 0 0.2414 0.26571 0.11208 0.016316 -0.076851 0.071299 0.22166 0.34522 0.48543 0.25848 0.25074 0.095903 -0.0012746 -0.094569 0.054828 0.20827 -0.11113 0.25708 0.042842 0.094903 0.019556 -0.049619 0.064818 0.043132 0.14338 0.080832 0.1413 0.13602 -0.030104 -0.11006 0.016066 0.18195 0.10687 -0.072764 0.0072385 0.23317 0.14424 0.33077 0.12558 0.19436 0.15811 0.21162 0.15686 0.13322 -0.11125 0.23211 -0.047229 -0.055029 0.16541 0.28898 -0.12012 0.24849 0.062584 0.094413 0.015325 -0.069748 0.066908 -0.0014114 0.13555 0.073534 0.12826 0.092662 -0.011252 -0.090601 -0.012338 0.11538 0.15375 -0.035995 0.072496 0.26725 0.094382 0.31273 0.10408 0.1907 0.14808 0.18406 0.16315 0.072745 -0.11681 0.22528 -0.052287 -0.073795 0.1536 0.26191
0.26531 0.2414 0 0.39207 0.10484 0.038418 -0.017349 0.14605 0.14239 0.28168 0.26634 0.57618 0.37792 0.066789 0.036878 -0.029368 0.11738 0.15322 -0.034848 0.19799 0.1173 0.0039682 0.012711 -0.034274 0.033701 0.048163 0.086309 0.0090729 0.19049 0.0274 -0.0036993 -0.07173 -0.021392 0.05686 0.22478 -0.014275 0.1364 0.093355 0.017487 0.19946 0.081851 0.08872 0.17141 0.24772 0.19291 0.062725 -0.070435 0.18067 -0.051177 -0.045772 0.06763 0.1844 -0.02937 0.16941 0.11393 -0.011565 0.035424 -0.056824 0.032314 0.028663 0.071233 0.011489 0.16387 -0.0034238 0.0049709 -0.074897 -0.010895 0.030572 0.19527 -0.022592 0.13762 0.10234 -0.0041988 0.19763 0.091191 0.082802 0.12192 0.17501 0.15841 0.010886 -0.064451 0.17794 -0.061464 -0.053494 0.079238 0.17293
0.2789 0.26571 0.39207 0 0.19619 0.015399 -0.0060862 0.10766 0.1404 0.2572 0.27534 0.37784 0.64566 0.1243 0.011729 -0.014004 0.095737 0.14785 -0.055504 0.29318 -0.032069 0.035816 0.011255 -0.021201 -0.08634 0.010632 0.011375 0.027872 0.14436 0.050232 -0.027269 -0.15792 -0.019304 0.19805 0.17395 -0.095542 0.062362 0.12983 0.19425 0.20848 0.28058 0.038806 0.12954 0.15407 0.1573 0.11623 -0.025596 0.24023 -0.069446 -0.01791 0.12777 0.34856 -0.015953 0.27591 0.019159 0.037581 0.013081 -0.034033 -0.043127 -0.014041 0.028181 0.029579 0.15286 0.03031 -0.020135 -0.12935 0.012237 0.15876 0.26007 -0.060962 0.15448 0.14763 0.12965 0.24695 0.26746 0.081392 0.13312 0.17928 0.18502 0.091897 -0.036886 0.30634 -0.064253 -0.05657 0.12456 0.34585
0.088242 0.11208 0.10484 0.19619 0 -0.0043435 -0.020988 0.020674 0.056857 0.097698 0.10463 0.11565 0.17009 0.044845 -0.0032386 -0.027749 0.022659 0.062834 -0.017568 0.10711 -9.3132e-06 0.0044543 0.011137 -0.012523 -0.018354 0.0022472 -0.0049476 -0.0086547 0.0706 0.0076806 -0.02753 -0.034612 -0.0097153 0.025435 0.070722 0.0030426 0.051462 0.052667 0.076143 0.091143 0.089813 0.011782 0.05616 0.071194 0.064093 0.015727 0.0064913 0.10713 -0.028825 -0.020894 0.062597 0.14339 -0.0074596 0.1101 -0.01448 -0.0020197 -0.013545 -0.032995 -0.03453 -0.010628 -0.0019894 -0.0029501 0.064123 -0.0056631 -0.019789 -0.043922 -0.017395 0.029293 0.087517 -0.0079969 0.064867 0.054429 0.058242 0.078925 0.081498 0.0041218 0.026923 0.046016 0.052736 -0.0060787 -0.0082044 0.10691 -0.039464 -0.025341 0.047108 0.13099
-0.0094451 0.016316 0.038418 0.015399 -0.0043435 0 0.16473 0.022332 0.087957 0.060188 0.00029187 0.027152 0.0059106 -0.015251 0.43299 0.16464 0.040707 0.070845 0.069354 0.045204 0.15058 0.10263 0.13492 0.2192 0.24451 0.12715 0.33852 0.12371 0.089244 0.1262 0.29521 0.20804 0.27373 0.072772 -0.028223 0.024054 -0.018652 0.088625 0.090814 0.10134 0.059671 0.27286 0.22832 0.0056985 0.18154 0.08281 0.2189 -0.06695 0.057273 0.1507 0.11879 0.084009 0.032581 0.027586 0.0092658 0.080955 0.088487 0.21033 0.1275 0.08931 0.28585 0.13104 0.014682 0.11494 0.26953 0.13621 0.23351 0.069556 -0.11282 -0.054821 -0.093389 0.064805 0.096435 0.038003 0.053229 0.22439 0.15359 -0.089104 0.076606 0.046531 0.1856 -0.10548 0.049762 0.1217 0.10137 0.051359
-0.089425 -0.076851 -0.017349 -0.0060862 -0.020988 0.16473 0 -0.0091546 -0.0074171 -0.039104 -0.10171 -0.041734 -0.026397 -0.022973 0.17229 0.25013 -0.011633 -0.031202 0.15607 -0.039554 0.050182 0.027642 0.074537 0.17894 0.069551 0.13127 0.0011035 0.066776 0.019022 0.037077 0.16321 0.16632 0.069529 0.013822 0.02513 0.07926 0.072515 -0.014114 0.052021 -0.12161 0.067838 -0.033044 0.00057422 -0.12518 0.063685 0.029487 0.23462 -0.061011 0.044634 0.13358 0.017085 0.02886 0.093855 -0.049157 -0.06322 0.018417 0.02591 0.15566 -0.033019 0.07204 -0.029084 0.057735 -0.022426 0.033768 0.086589 0.086483 0.055904 0.019805 -0.058253 -0.020034 -0.026934 -0.033893 0.053603 -0.13843 0.06637 -0.059608 -0.022154 -0.18853 -0.023672 0.034885 0.18817 -0.12557 0.026705 0.10961 0.0020603 -0.004535
0.059869 0.071299 0.14605 0.10766 0.020674 0.022332 -0.0091546 0 0.052779 0.038151 0.073877 0.1296 0.10308 0.014451 0.035369 0.0027634 0.1089 0.065727 -0.033423 0.089545 -0.05928 0.022928 0.00014959 -0.0081813 -0.044577 -0.023106 0.055066 0.0196 0.024799 0.012343 0.067268 -0.059053 0.024202 0.046975 -0.025803 -0.084844 -0.075248 0.048036 0.023018 0.070212 0.015117 0.045379 0.11894 -0.00051779 0.0092316 0.0086516 0.0052949 -0.00018315 -0.003628 0.0013188 0.044441 0.087713 -0.020868 0.072826 -0.039237 0.025189 -0.0029609 3.0734e-08 -0.021707 0.0045933 0.069068 0.033177 0.032296 0.0043197 0.064692 -0.040315 0.01044 0.045426 0.0029489 -0.085225 -0.012823 0.054342 0.015679 0.078064 0.035792 0.058954 0.098859 0.020582 0.033266 0.0092603 0.014269 0.057135 -0.017117 0.0040887 0.0559 0.090301
0.20801 0.22166 0.14239 0.1404 0.056857 0.087957 -0.0074171 0.052779 0 0.22107 0.22919 0.13062 0.1339 0.047586 0.073394 -0.0212 0.052916 0.19817 -0.049366 0.16438 0.005713 0.070524 0.016702 0.0039775 0.031514 0.0088121 0.12971 0.021902 0.077568 0.10034 0.02186 -0.054085 0.066513 0.12766 0.036462 -0.062983 -0.014239 0.17501 0.10116 0.19113 0.077508 0.15468 0.13428 0.10178 0.07448 0.058843 -0.0031202 0.11404 -0.028272 -0.01826 0.12225 0.18389 -0.036519 0.1701 0.043546 0.063998 0.029527 -0.011867 0.058404 0.019674 0.14779 0.016145 0.089975 0.087724 0.059878 -0.013256 0.035857 0.078795 0.084454 -0.034944 0.037039 0.18196 0.078723 0.18561 0.070744 0.17646 0.13543 0.10642 0.12308 0.025877 -0.001964 0.15224 -0.036042 -0.0063256 0.12323 0.17442
0.72093 0.34522 0.28168 0.2572 0.097698 0.060188 -0.039104 0.038151 0.22107 0 0.31731 0.27815 0.21622 0.099944 0.054138 -0.051791 0.032208 0.2285 -0.079602 0.22756 0.26121 0.0092265 0.051152 -0.073115 0.21667 0.23167 0.14896 -0.053239 0.20242 0.016051 -0.017657 0.049802 0.047678 0.19997 0.22526 0.089969 0.18828 0.12952 0.27161 0.31055 0.27995 0.23777 0.082847 0.45459 0.26872 0.2627 -0.12962 0.39208 -0.023677 -0.0039502 0.035031 0.23129 -0.15065 0.16882 0.13524 0.00054818 0.028611 -0.085052 0.12322 0.13308 0.10472 -0.026225 0.10161 0.0072318 -0.018822 0.0056526 0.033371 0.13751 0.14499 0.033433 0.049327 0.1487 0.16122 0.2658 0.17592 0.15669 0.050818 0.23702 0.091885 0.10265 -0.10538 0.33548 -0.040431 -0.0594 0.056244 0.19431
0.41017 0.48543 0.26634 0.27534 0.10463 0.00029187 -0.10171 0.073877 0.22919 0.31731 0 0.32066 0.30067 0.11108 -0.0099133 -0.10794 0.094164 0.24972 -0.19328 0.28786 -0.020716 0.074394 0.015422 -0.067679 0.011059 -0.019926 0.14362 0.068416 0.1234 0.11529 -0.063234 -0.19321 0.012218 0.13144 0.026637 -0.15095 -0.064262 0.23799 0.064652 0.34301 0.072037 0.19393 0.18485 0.19195 0.069489 0.095549 -0.16582 0.21609 -0.08781 -0.075719 0.16457 0.28126 -0.14296 0.29751 0.15015 0.084617 0.0063621 -0.094124 0.14933 0.0016719 0.19789 0.042175 0.18616 0.074587 -0.006052 -0.066665 0.0075392 0.13858 0.23692 -0.0098494 0.15001 0.27729 0.049757 0.39585 0.11523 0.26717 0.20205 0.30749 0.26351 0.074857 -0.13722 0.31479 -0.038814 -0.10235 0.16802 0.30317
0.35593 0.25848 0.57618 0.37784 0.11565 0.027152 -0.041734 0.1296 0.13062 0.27815 0.32066 0 0.406 0.085017 0.029038 -0.029272 0.1454 0.15509 -0.077078 0.20621 0.060014 -0.022048 -0.0063701 -0.051579 -0.0012017 0.02795 0.082784 0.021103 0.18403 0.0055569 -0.045934 -0.13647 -0.027788 0.042412 0.19168 -0.052439 0.10954 0.092045 0.014113 0.2218 0.066354 0.065439 0.17097 0.22419 0.11165 0.079929 -0.09746 0.17923 -0.082655 -0.066604 0.063001 0.19286 -0.027281 0.23173 0.18352 -0.046798 0.02295 -0.070485 0.083826 0.060685 0.089812 -0.0014561 0.23482 -0.024311 0.0029441 -0.050297 0.010973 0.04503 0.27937 0.048278 0.2289 0.10148 -0.034746 0.26516 0.087081 0.12243 0.18242 0.28252 0.22876 0.035972 -0.085525 0.2442 -0.053567 -0.054195 0.058361 0.21684
0.29373 0.25074 0.37792 0.64566 0.17009 0.0059106 -0.026397 0.10308 0.1339 0.21622 0.30067 0.406 0 0.14401 0.011473 -0.0052152 0.11654 0.15804 -0.059561 0.26508 -0.036906 0.032762 0.014713 -0.024375 -0.088819 -0.0013202 -0.00057204 0.052357 0.13286 0.044356 -0.065093 -0.16571 -0.020952 0.16402 0.14407 -0.11007 0.047703 0.12708 0.1163 0.21592 0.21402 0.023036 0.11316 0.13126 0.11597 0.10134 -0.051009 0.2169 -0.085541 -0.04482 0.11655 0.31426 0.0073786 0.28155 0.032919 0.026547 0.01557 -0.021543 -0.030449 0.028898 0.015586 0.045061 0.18826 0.024084 -0.033321 -0.11481 0.00053504 0.1564 0.28945 -0.04075 0.18905 0.14609 0.12025 0.25064 0.28539 0.080411 0.13093 0.20085 0.19432 0.094884 -0.010374 0.31867 -0.086323 -0.047547 0.1211 0.37213
0.11525 0.095903 0.066789 0.1243 0.044845 -0.015251 -0.022973 0.014451 0.047586 0.099944 0.11108 0.085017 0.14401 0 -0.0090141 -0.026972 0.004837 0.092221 -0.025558 0.13238 -0.040488 0.015605 0.010979 -0.021118 -0.027238 -0.020326 0.013618 -0.01006 0.031388 0.018059 -0.030238 -0.059042 0.0007555 0.061896 0.024094 -0.045855 -0.0092348 0.059066 0.064445 0.088274 0.067766 0.039715 0.057689 0.044437 0.049467 0.017672 -0.017781 0.080576 -0.040947 -0.01229 0.073154 0.12284 -0.017663 0.10625 0.0048487 0.016587 0.0031212 -0.023147 -0.00086288 -0.01004 0.02876 -0.012433 0.032148 0.01956 -0.0070101 -0.030873 -0.0043398 0.07152 0.080213 -0.033155 0.059337 0.073077 0.069573 0.091956 0.08915 0.0512 0.072095 0.069139 0.094905 0.0066237 -0.014738 0.12079 -0.026927 -0.026696 0.063807 0.1363
0.0010044 -0.0012746 0.036878 0.011729 -0.0032386 0.43299 0.17229 0.035369 0.073394 0.054138 -0.0099133 0.029038 0.011473 -0.0090141 0 0.21028 0.041414 0.069274 0.054725 0.041969 0.13734 0.087285 0.10894 0.22911 0.2288 0.13138 0.32187 0.12112 0.095266 0.10433 0.30169 0.17709 0.27142 0.070938 -0.032666 -0.0085967 -0.041979 0.069818 0.075889 0.086895 0.059482 0.25962 0.23828 -0.012507 0.16647 0.075178 0.21472 -0.080103 0.045652 0.13104 0.099837 0.084038 0.040491 0.043778 0.059151 0.076135 0.10163 0.22334 0.16022 0.13285 0.29965 0.1098 0.05991 0.09853 0.26418 0.15882 0.27385 0.061756 -0.081114 -0.049552 -0.0695 0.058465 0.10324 0.066403 0.053114 0.24705 0.17534 -0.060953 0.10361 0.06616 0.20549 -0.080243 0.03286 0.14129 0.10203 0.080006
-0.096776 -0.094569 -0.029368 -0.014004 -0.027749 0.16464 0.25013 0.0027634 -0.0212 -0.051791 -0.10794 -0.029272 -0.0052152 -0.026972 0.21028 0 0.014626 -0.0059285 0.11881 -0.033174 0.045502 0.026374 0.071478 0.16762 0.048066 0.11955 -0.0086222 0.021777 0.019755 0.030949 0.13346 0.12614 0.092278 0.015832 0.008963 0.044418 0.049235 -0.050868 0.037274 -0.10756 0.06815 -0.027748 0.0056603 -0.10773 0.045441 0.03263 0.20335 -0.065034 0.042514 0.10636 0.01595 0.027366 0.10609 -0.036102 -0.020646 0.014814 0.040315 0.17604 -0.006044 0.1163 -0.02692 0.019537 -2.8647e-06 0.026213 0.096036 0.089237 0.098784 0.019439 -0.018627 -0.010682 0.012227 -0.061183 0.05272 -0.12762 0.07248 -0.049414 -0.026645 -0.14246 -0.01183 0.040782 0.20949 -0.086165 0.026979 0.13213 0.0038171 0.023163
0.041146 0.054828 0.11738 0.095737 0.022659 0.040707 -0.011633 0.1089 0.052916 0.032208 0.094164 0.1454 0.11654 0.004837 0.041414 0.014626 0 0.068955 -0.022941 0.089535 -0.049094 0.029376 0.016681 -0.0052795 -0.017622 -0.035591 0.080011 0.032036 0.017464 0.032084 0.055214 -0.067062 0.010285 0.031765 -0.019099 -0.079614 -0.061413 0.047677 0.0045494 0.065652 -0.005547 0.073091 0.12296 -0.011022 0.018663 0.0015435 0.012451 -0.0286 -0.013692 -0.01383 0.041645 0.061593 -0.01132 0.076153 -0.036157 0.029426 0.0080173 0.0176 -0.019491 -0.015292 0.070562 0.027518 0.024982 0.020334 0.048842 -0.035295 0.023226 0.03597 -0.0090753 -0.10232 -0.023419 0.050306 -0.0039595 0.073467 -0.00023178 0.073996 0.11461 0.019208 0.018257 0.0021828 0.022833 0.018153 -0.017924 -0.0026724 0.046703 0.070124
0.26302 0.20827 0.15322 0.14785 0.062834 0.070845 -0.031202 0.065727 0.19817 0.2285 0.24972 0.15509 0.15804 0.092221 0.069274 -0.0059285 0.068955 0 -0.062569 0.16542 0.034514 0.054129 0.039382 0.012537 0.05864 0.031183 0.1216 0.026502 0.090888 0.093225 0.01514 -0.029323 0.071685 0.098004 0.025299 -0.055974 -0.0072732 0.1658 0.0814 0.18571 0.066589 0.15675 0.13413 0.11567 0.078977 0.06253 0.0090341 0.13341 -0.035313 0.027978 0.1662 0.1913 -0.0089204 0.18108 0.10361 0.065329 0.027084 0.011491 0.1099 0.041828 0.15001 0.027905 0.11732 0.082342 0.066243 0.020197 0.058913 0.11629 0.11901 0.011413 0.084803 0.18392 0.076304 0.20308 0.088295 0.19432 0.14101 0.15213 0.16559 0.057261 0.022319 0.1753 0.00022803 0.0018344 0.13474 0.21438
-0.16154 -0.11113 -0.034848 -0.055504 -0.017568 0.069354 0.15607 -0.033423 -0.049366 -0.079602 -0.19328 -0.077078 -0.059561 -0.025558 0.054725 0.11881 -0.022941 -0.062569 0 -0.042313 0.22469 0.042667 0.043456 0.26642 0.19031 0.26767 -0.17323 0.082791 0.073371 0.071513 0.013311 0.55426 0.002368 -0.014223 0.49309 0.22277 0.54139 -0.039512 0.069636 -0.10881 0.17103 -0.075692 -0.14184 0.0058953 0.18123 0.09561 0.735 0.24948 0.10996 0.15505 0.16958 0.1276 0.65828 -0.049117 0.038214 0.025662 0.021306 0.22415 0.021335 0.1901 -0.21041 0.086071 0.01014 0.064406 -0.063548 0.31096 0.025871 0.00094503 0.22736 0.15302 0.2554 -0.075466 0.10834 -0.16983 0.1304 -0.14792 -0.12421 -0.1042 0.016905 0.067372 0.61827 0.051292 0.054992 0.16381 0.16852 0.092185
0.23368 0.25708 0.19799 0.29318 0.10711 0.045204 -0.039554 0.089545 0.16438 0.22756 0.28786 0.20621 0.26508 0.13238 0.041969 -0.033174 0.089535 0.16542 -0.042313 0 -0.11425 0.17703 0.051997 0.021559 -0.10856 -0.020505 0.016452 0.035719 0.20215 0.20131 -0.089288 -0.27338 0.011661 0.40194 0.19482 -0.22529 0.00981 0.29291 0.3389 0.41069 0.40233 0.099449 0.28015 0.25747 0.31088 0.27083 0.043751 0.36367 -0.12868 -0.043032 0.2855 0.56233 0.024068 0.57895 -0.09569 0.1918 0.010166 0.0095006 -0.097566 0.0064331 0.0657 0.039216 0.18234 0.17374 -0.034078 -0.23568 0.032162 0.37896 0.30397 -0.23714 0.12159 0.2933 0.2943 0.43969 0.40095 0.17286 0.27682 0.24919 0.29987 0.22407 0.050145 0.4668 -0.15503 -0.081086 0.23907 0.5554
0.057977 0.042842 0.1173 -0.032069 -9.3132e-06 0.15058 0.050182 -0.05928 0.005713 0.26121 -0.020716 0.060014 -0.036906 -0.040488 0.13734 0.045502 -0.049094 0.034514 0.22469 -0.11425 0 -0.13949 0.067835 0.18718 0.71801 0.56506 0.19857 -0.061695 0.27481 -0.089226 0.1158 0.4855 0.16741 -0.090087 0.54634 0.46327 0.54009 -0.12768 -0.012939 0.10874 0.12255 0.31344 -0.044851 0.69907 0.41244 0.39453 0.065628 0.46447 0.025134 0.009336 -0.020558 -0.050556 0.028315 -0.11798 0.65124 -0.19292 0.061933 0.10843 0.52764 0.31369 0.063764 -0.025459 0.088718 -0.086667 0.055954 0.31209 0.12196 -0.07699 0.2359 0.36037 0.18983 -0.13314 -0.0040976 -0.015868 0.047189 0.15679 -0.12023 0.27016 0.083551 0.16824 0.05018 0.081728 0.070174 0.021791 -0.006897 -0.10961
-0.022414 0.094903 0.0039682 0.035816 0.0044543 0.10263 0.027642 0.022928 0.070524 0.0092265 0.074394 -0.022048 0.032762 0.015605 0.087285 0.026374 0.029376 0.054129 0.042667 0.17703 -0.13949 0 0.021132 0.31485 0.050947 -0.13845 0.13025 0.2483 0.040255 0.91743 0.01311 -0.14747 0.15125 0.36953 -0.063586 -0.17799 -0.12822 0.87596 0.31695 0.090017 0.29734 0.28237 0.077669 -0.018553 0.08845 0.62814 0.18622 0.028034 -0.03385 0.015849 0.20952 0.24333 0.086117 0.16345 -0.23676 0.97301 0.0056114 0.36227 -0.063989 -0.085386 0.15862 0.31463 -0.0064924 0.90688 -0.00946 -0.18686 0.15873 0.34122 -0.08853 -0.24475 -0.14056 0.83825 0.36684 0.085735 0.31198 0.31127 0.087186 -0.080867 0.0058802 0.58032 0.16946 0.068243 -0.071538 0.016563 0.17778 0.22158
0.022933 0.019556 0.012711 0.011255 0.011137 0.13492 0.074537 0.00014959 0.016702 0.051152 0.015422 -0.0063701 0.014713 0.010979 0.10894 0.071478 0.016681 0.039382 0.043456 0.051997 0.067835 0.021132 0 0.15874 0.11097 0.14313 0.059178 0.035095 0.094865 0.044809 0.09087 0.10661 0.096761 0.032071 0.064982 0.037872 0.068495 0.026565 0.049022 0.041789 0.057156 0.045668 0.05963 0.043833 0.070271 0.090581 0.10828 0.063482 0.031494 0.10388 0.050504 0.10068 0.019034 0.023188 0.037323 0.0097341 0.051967 0.13002 0.075057 0.11324 0.057845 0.026671 0.058748 0.043436 0.083001 0.073515 0.081773 0.010224 0.052114 0.012875 0.039873 0.017659 0.037949 0.033209 0.04853 0.059655 0.032169 -0.0049595 0.045995 0.075448 0.079786 0.035692 0.01662 0.050063 0.028417 0.089616
-0.055325 -0.049619 -0.034274 -0.021201 -0.012523 0.2192 0.17894 -0.0081813 0.0039775 -0.073115 -0.067679 -0.051579 -0.024375 -0.021118 0.22911 0.16762 -0.0052795 0.012537 0.26642 0.021559 0.18718 0.31485 0.15874 0 0.326 0.35847 0.072035 0.54178 0.10706 0.50567 0.17195 0.20633 0.32603 0.10246 0.13743 0.04838 0.10378 0.27349 0.0942 -0.051427 0.14728 0.098773 0.040909 -0.013396 0.098958 0.50099 0.34167 0.015821 0.065887 0.15065 0.11769 0.13812 0.24627 0.042123 0.055405 0.28311 0.10661 0.80872 0.19886 0.3534 0.068762 0.50374 0.076988 0.50228 0.13207 0.19201 0.34429 0.11205 0.11679 -0.022364 0.13602 0.19575 0.14784 -0.041764 0.18497 0.13842 0.036929 -0.071073 0.053608 0.50168 0.27417 0.0019049 0.043082 0.13798 0.090375 0.1009
0.056379 0.064818 0.033701 -0.08634 -0.018354 0.24451 0.069551 -0.044577 0.031514 0.21667 0.011059 -0.0012017 -0.088819 -0.027238 0.2288 0.048066 -0.017622 0.05864 0.19031 -0.10856 0.71801 0.050947 0.11097 0.326 0 0.52329 0.5378 0.062232 0.18192 0.10232 0.31177 0.63418 0.41466 -0.030808 0.24192 0.35668 0.24884 0.0065302 -0.059698 0.2184 -0.093873 0.70416 0.1158 0.53188 0.37789 0.38451 0.10093 0.2564 0.15747 0.1083 0.0064852 -0.07992 0.02958 -0.12197 0.49682 -0.030296 0.066895 0.23254 0.74549 0.31869 0.41583 0.064108 0.03953 0.087369 0.25851 0.5208 0.33196 -0.037254 0.03919 0.22996 0.063651 -0.010778 -0.062239 0.067067 -0.1179 0.52274 0.036262 0.15479 0.15681 0.17526 0.07166 -0.0012319 0.20481 0.13086 0.019358 -0.12863
0.13484 0.043132 0.048163 0.010632 0.0022472 0.12715 0.13127 -0.023106 0.0088121 0.23167 -0.019926 0.02795 -0.0013202 -0.020326 0.13138 0.11955 -0.035591 0.031183 0.26767 -0.020505 0.56506 -0.13845 0.14313 0.35847 0.52329 0 -0.0089836 0.086569 0.2457 -0.078832 0.069205 0.45421 0.11839 -0.036055 0.43806 0.38947 0.47099 -0.12695 0.023525 0.032919 0.13847 -0.018257 -0.080196 0.3978 0.22304 0.39049 0.17455 0.43498 0.01863 0.12184 -0.0037174 0.092689 0.12319 -0.019191 0.33976 -0.17125 0.089922 0.26369 0.33488 0.56428 -0.10328 0.049663 0.13498 -0.077669 -0.0082691 0.305 0.058221 -0.047301 0.25945 0.25095 0.30488 -0.14751 -0.0011266 -0.011344 0.071859 -0.054719 -0.10916 0.12462 0.027248 0.26607 0.13062 0.20396 0.039148 0.086733 0.001092 0.039162
0.091257 0.14338 0.086309 0.011375 -0.0049476 0.33852 0.0011035 0.055066 0.12971 0.14896 0.14362 0.082784 -0.00057204 0.013618 0.32187 -0.0086222 0.080011 0.1216 -0.17323 0.016452 0.19857 0.13025 0.059178 0.072035 0.5378 -0.0089836 0 0.021698 0.048291 0.12379 0.49764 0.22028 0.39037 0.075924 -0.22709 -0.038838 -0.24743 0.15238 0.04477 0.42125 -0.13095 0.81659 0.46286 0.10886 0.26363 -0.013016 -0.0068041 -0.14726 0.13815 0.046118 0.12387 -0.02578 -0.1633 0.011593 0.075942 0.08823 0.058171 0.058071 0.3425 -0.047977 0.76651 0.048928 -0.02835 0.11107 0.4557 0.21725 0.31094 0.056506 -0.30915 -0.11508 -0.27314 0.17804 0.054165 0.27997 -0.12858 0.71237 0.33291 -0.04196 0.17998 -0.1093 0.0095849 -0.19586 0.11865 0.060725 0.10054 -0.055496
0.033399 0.080832 0.0090729 0.027872 -0.0086547 0.12371 0.066776 0.0196 0.021902 -0.053239 0.068416 0.021103 0.052357 -0.01006 0.12112 0.021777 0.032036 0.026502 0.082791 0.035719 -0.061695 0.2483 0.035095 0.54178 0.062232 0.086569 0.021698 0 0.056199 0.42143 0.097756 0.018634 0.046977 0.062251 0.00049734 -0.0073662 0.013613 0.33733 0.017635 0.032461 0.077035 -0.022404 0.076511 -0.09276 -0.020425 0.30055 0.17024 -0.10725 0.012717 0.053432 0.12529 0.11824 0.15142 0.074806 -0.045636 0.25417 0.027257 0.56015 0.023629 0.16523 0.023566 0.95236 0.088145 0.35028 0.072296 0.058767 0.080793 0.060677 0.10505 -0.012142 0.10523 0.32487 0.098101 0.043233 0.15023 0.01875 0.074824 -0.053272 0.018124 0.36605 0.13834 0.021105 0.029319 0.047129 0.10108 0.12611
0.18571 0.1413 0.19049 0.14436 0.0706 0.089244 0.019022 0.024799 0.077568 0.20242 0.1234 0.18403 0.13286 0.031388 0.095266 0.019755 0.017464 0.090888 0.073371 0.20215 0.27481 0.040255 0.094865 0.10706 0.18192 0.2457 0.048291 0.056199 0 0.056532 0.062906 0.081207 0.062504 0.06908 0.41906 0.28695 0.4641 0.098896 0.039135 0.25591 0.12354 0.097515 0.20468 0.43427 0.28682 0.19297 0.068557 0.39454 -0.032731 0.052137 0.12693 0.32221 0.080591 0.19003 0.22598 0.022834 0.053402 0.076006 0.15776 0.16504 0.00061695 0.052743 0.39102 0.04438 0.057981 0.068757 0.02226 0.045016 0.36046 0.23191 0.42039 0.088338 0.040234 0.19259 0.10825 0.079253 0.15687 0.26576 0.22224 0.088795 0.064921 0.27472 0.0057597 -0.0011959 0.11765 0.30329
0.0021477 0.13602 0.0274 0.050232 0.0076806 0.1262 0.037077 0.012343 0.10034 0.016051 0.11529 0.0055569 0.044356 0.018059 0.10433 0.030949 0.032084 0.093225 0.071513 0.20131 -0.089226 0.91743 0.044809 0.50567 0.10232 -0.078832 0.12379 0.42143 0.056532 0 0.031376 -0.1303 0.21498 0.37826 -0.024839 -0.16266 -0.070976 0.91302 0.34367 0.11394 0.30082 0.24582 0.087029 -0.010922 0.08358 0.65261 0.21588 0.068029 -0.021737 0.012273 0.27912 0.28684 0.091353 0.17956 -0.16904 0.90847 0.014571 0.5167 -0.0030255 -0.0049687 0.15663 0.46335 0.036736 0.92673 0.0044081 -0.1406 0.22756 0.34237 -0.0010435 -0.20355 -0.05352 0.87385 0.38671 0.11916 0.32336 0.2997 0.092039 -0.057894 0.029392 0.6249 0.18823 0.14411 -0.04955 0.00049717 0.24026 0.26495
-0.15749 -0.030104 -0.0036993 -0.027269 -0.02753 0.29521 0.16321 0.067268 0.02186 -0.017657 -0.063234 -0.045934 -0.065093 -0.030238 0.30169 0.13346 0.055214 0.01514 0.013311 -0.089288 0.1158 0.01311 0.09087 0.17195 0.31177 0.069205 0.49764 0.097756 0.062906 0.031376 0 0.37184 0.27266 -0.021269 -0.16127 0.084489 -0.097606 -0.0041369 0.010056 -0.0098394 -0.069274 0.39766 0.39036 -0.19825 0.26747 -0.095118 0.1879 -0.29007 0.27621 0.17823 0.030742 -0.078227 -0.047219 -0.11389 -0.14243 -0.0019397 0.036189 0.1762 0.063846 0.015628 0.36744 0.12367 -0.088154 0.027537 0.54549 0.23818 0.21922 -0.025449 -0.34497 -0.098838 -0.2711 -0.017337 0.031101 -0.12104 -0.092572 0.22131 0.22128 -0.38268 0.034805 -0.12093 0.15075 -0.35425 0.21321 0.16553 0.026272 -0.11899
-0.12037 -0.11006 -0.07173 -0.15792 -0.034612 0.20804 0.16632 -0.059053 -0.054085 0.049802 -0.19321 -0.13647 -0.16571 -0.059042 0.17709 0.12614 -0.067062 -0.029323 0.55426 -0.27338 0.4855 -0.14747 0.10661 0.20633 0.63418 0.45421 0.22028 0.018634 0.081207 -0.1303 0.37184 0 0.15511 -0.2094 0.21003 0.59393 0.35808 -0.20575 -0.12243 -0.081243 -0.1397 0.26066 -0.0090813 0.039119 0.36702 -0.10143 0.38012 0.12406 0.31586 0.28057 -0.079696 -0.19911 0.22414 -0.28446 0.18856 -0.19778 0.072319 0.15122 0.31831 0.27784 0.057056 0.02991 -0.064073 -0.11287 0.1993 0.73863 0.091099 -0.19344 -0.12315 0.38468 -0.022721 -0.22937 -0.10601 -0.22475 -0.18794 -0.002659 -0.10989 -0.24541 0.048983 -0.14092 0.27457 -0.21807 0.317 0.26931 -0.057666 -0.22578
0.013171 0.016066 -0.021392 -0.019304 -0.0097153 0.27373 0.069529 0.024202 0.066513 0.047678 0.012218 -0.027788 -0.020952 0.0007555 0.27142 0.092278 0.010285 0.071685 0.002368 0.011661 0.16741 0.15125 0.096761 0.32603 0.41466 0.11839 0.39037 0.046977 0.062504 0.21498 0.27266 0.15511 0 0.10305 -0.04323 -0.024268 -0.071657 0.12897 0.056744 0.072067 -0.024283 0.44447 0.21156 0.072945 0.15266 0.13888 0.1465 -0.057319 0.054458 0.092677 0.094179 0.043825 0.031975 0.0039666 0.12041 0.11596 0.068434 0.27702 0.30661 0.10843 0.38083 0.051944 0.012424 0.21034 0.27161 0.184 0.43916 0.082538 -0.078728 -0.029291 -0.046685 0.10614 0.042365 0.047868 -0.019506 0.4151 0.15592 -0.0060876 0.13415 0.079583 0.1391 -0.075648 0.08069 0.10096 0.068482 0.0021666
0.12961 0.18195 0.05686 0.19805 0.025435 0.072772 0.013822 0.046975 0.12766 0.19997 0.13144 0.042412 0.16402 0.061896 0.070938 0.015832 0.031765 0.098004 -0.014223 0.40194 -0.090087 0.36953 0.032071 0.10246 -0.030808 -0.036055 0.075924 0.062251 0.06908 0.37826 -0.021269 -0.2094 0.10305 0 0.13417 -0.21674 -0.003903 0.43509 0.52946 0.27954 0.5938 0.2123 0.10016 0.15974 0.31681 0.38488 0.15829 0.34872 -0.075335 -0.016387 0.37354 0.49575 0.025614 0.3591 -0.10588 0.35026 0.002137 0.087891 -0.066082 -0.038164 0.10534 0.053906 0.044618 0.34448 -0.030904 -0.22118 0.13544 0.77619 0.18544 -0.23089 0.066069 0.41456 0.45415 0.33485 0.53582 0.26985 0.091585 0.14293 0.25484 0.31574 0.15506 0.41799 -0.10372 -0.040023 0.32892 0.46678
0.090227 0.10687 0.22478 0.17395 0.070722 -0.028223 0.02513 -0.025803 0.036462 0.22526 0.026637 0.19168 0.14407 0.024094 -0.032666 0.008963 -0.019099 0.025299 0.49309 0.19482 0.54634 -0.063586 0.064982 0.13743 0.24192 0.43806 -0.22709 0.00049734 0.41906 -0.024839 -0.16127 0.21003 -0.04323 0.13417 0 0.38541 0.84421 0.0086021 0.10624 0.088054 0.37359 -0.088108 -0.11002 0.55642 0.48617 0.31508 0.24656 0.6709 -0.056211 0.0097304 0.11992 0.3725 0.2625 0.18849 0.34404 -0.080256 0.026045 0.069165 0.13164 0.21126 -0.2866 -0.00537 0.27953 -0.028993 -0.19384 0.044995 -0.04584 0.11581 0.66024 0.26073 0.598 -0.015448 0.095166 0.029596 0.31248 -0.14197 -0.11403 0.23555 0.2451 0.19125 0.19101 0.4489 -0.050105 -0.030733 0.12252 0.32389
-0.074023 -0.072764 -0.014275 -0.095542 0.0030426 0.024054 0.07926 -0.084844 -0.062983 0.089969 -0.15095 -0.052439 -0.11007 -0.045855 -0.0085967 0.044418 -0.079614 -0.055974 0.22277 -0.22529 0.46327 -0.17799 0.037872 0.04838 0.35668 0.38947 -0.038838 -0.0073662 0.28695 -0.16266 0.084489 0.59393 -0.024268 -0.21674 0.38541 0 0.61453 -0.16744 -0.14425 -0.12734 -0.080112 -0.078535 -0.16792 0.18573 0.22714 -0.076974 0.02828 0.20079 0.15218 0.090127 -0.086379 -0.12929 -0.017113 -0.23043 0.18605 -0.19407 0.039406 0.016452 0.10745 0.17811 -0.19946 -0.0044041 0.09843 -0.15616 -0.023822 0.26995 -0.039603 -0.19394 0.068953 0.55735 0.21019 -0.18292 -0.11386 -0.2325 -0.10595 -0.28804 -0.23911 -0.14891 -0.1018 -0.14086 -0.0095452 -0.076209 0.12212 0.076338 -0.070312 -0.14156
0.012081 0.0072385 0.1364 0.062362 0.051462 -0.018652 0.072515 -0.075248 -0.014239 0.18828 -0.064262 0.10954 0.047703 -0.0092348 -0.041979 0.049235 -0.061413 -0.0072732 0.54139 0.00981 0.54009 -0.12822 0.068495 0.10378 0.24884 0.47099 -0.24743 0.013613 0.4641 -0.070976 -0.097606 0.35808 -0.071657 -0.003903 0.84421 0.61453 0 -0.073298 -0.01537 -0.041751 0.24901 -0.2183 -0.20697 0.42553 0.33699 0.18459 0.22616 0.5595 0.032268 0.033266 0.010908 0.19858 0.27013 -0.028188 0.29723 -0.1379 0.046824 0.041051 0.025569 0.24168 -0.34059 0.01205 0.27692 -0.081422 -0.17266 0.094638 -0.081111 -0.012082 0.50323 0.46495 0.59111 -0.09208 0.012966 -0.12775 0.16223 -0.3182 -0.2244 0.082687 0.0087617 0.0806 0.15882 0.24398 -0.027966 -0.0020379 0.035411 0.16087
0.11668 0.23317 0.093355 0.12983 0.052667 0.088625 -0.014114 0.048036 0.17501 0.12952 0.23799 0.092045 0.12708 0.059066 0.069818 -0.050868 0.047677 0.1658 -0.039512 0.29291 -0.12768 0.87596 0.026565 0.27349 0.0065302 -0.12695 0.15238 0.33733 0.098896 0.91302 -0.0041369 -0.20575 0.12897 0.43509 0.0086021 -0.16744 -0.073298 0 0.42302 0.23821 0.37863 0.28076 0.12914 0.034321 0.11119 0.56087 0.1032 0.14677 -0.060882 -0.025297 0.32721 0.3743 -0.0080114 0.28085 -0.16181 0.83977 0.0066589 0.29036 -0.043074 -0.062995 0.18982 0.40138 0.087826 0.87142 -0.00056224 -0.19916 0.13872 0.40317 0.04384 -0.1811 -0.029985 0.9657 0.45737 0.25495 0.40591 0.32874 0.14505 0.032931 0.088892 0.52989 0.086012 0.27533 -0.067617 -0.051143 0.29493 0.3683
0.06896 0.14424 0.017487 0.19425 0.076143 0.090814 0.052021 0.023018 0.10116 0.27161 0.064652 0.014113 0.1163 0.064445 0.075889 0.037274 0.0045494 0.0814 0.069636 0.3389 -0.012939 0.31695 0.049022 0.0942 -0.059698 0.023525 0.04477 0.017635 0.039135 0.34367 0.010056 -0.12243 0.056744 0.52946 0.10624 -0.14425 -0.01537 0.42302 0 0.11231 0.89244 0.098762 0.023506 0.078829 0.32889 0.43255 0.29963 0.41902 -0.021303 0.034103 0.49692 0.61318 0.046005 0.29783 -0.16298 0.29075 0.0028982 0.077576 -0.14485 -0.038813 0.022353 0.010377 -0.015156 0.31126 -0.028726 -0.21114 0.075147 0.47813 0.080863 -0.22917 -0.080853 0.38574 0.89402 0.14582 0.78759 0.10227 0.00032292 -0.032036 0.15597 0.33868 0.2464 0.40142 -0.10048 -0.023499 0.40955 0.51166
0.36444 0.33077 0.19946 0.20848 0.091143 0.10134 -0.12161 0.070212 0.19113 0.31055 0.34301 0.2218 0.21592 0.088274 0.086895 -0.10756 0.065652 0.18571 -0.10881 0.41069 0.10874 0.090017 0.041789 -0.051427 0.2184 0.032919 0.42125 0.032461 0.25591 0.11394 -0.0098394 -0.081243 0.072067 0.27954 0.088054 -0.12734 -0.041751 0.23821 0.11231 0 0.088903 0.54609 0.36725 0.44195 0.28151 0.1806 -0.094645 0.35695 -0.076251 -0.052166 0.19228 0.34516 -0.081437 0.37587 0.17265 0.095277 0.045044 -0.058747 0.26759 0.063736 0.4282 0.032733 0.24138 0.072441 0.095547 0.019856 0.038803 0.22794 0.17797 -0.072714 0.10305 0.25839 0.093113 0.68927 0.11657 0.52788 0.33398 0.443 0.34257 0.081367 -0.062914 0.377 -0.082366 -0.085164 0.18462 0.35985
0.079076 0.12558 0.081851 0.28058 0.089813 0.059671 0.067838 0.015117 0.077508 0.27995 0.072037 0.066354 0.21402 0.067766 0.059482 0.06815 -0.005547 0.066589 0.17103 0.40233 0.12255 0.29734 0.057156 0.14728 -0.093873 0.13847 -0.13095 0.077035 0.12354 0.30082 -0.069274 -0.1397 -0.024283 0.5938 0.37359 -0.080112 0.24901 0.37863 0.89244 0.088903 0 -0.067654 -0.025945 0.15003 0.48329 0.51507 0.3074 0.54004 -0.059875 0.012252 0.42251 0.63807 0.13032 0.35434 -0.075442 0.27054 0.003586 0.12362 -0.1997 0.024992 -0.1417 0.077263 0.074686 0.2827 -0.11849 -0.24569 0.033192 0.56275 0.3184 -0.19156 0.10453 0.34665 0.81941 0.12699 0.90938 -0.019983 -0.039164 0.034625 0.27425 0.45135 0.25359 0.4856 -0.12412 -0.035774 0.33785 0.55575
0.18254 0.19436 0.08872 0.038806 0.011782 0.27286 -0.033044 0.045379 0.15468 0.23777 0.19393 0.065439 0.023036 0.039715 0.25962 -0.027748 0.073091 0.15675 -0.075692 0.099449 0.31344 0.28237 0.045668 0.098773 0.70416 -0.018257 0.81659 -0.022404 0.097515 0.24582 0.39766 0.26066 0.44447 0.2123 -0.088108 -0.078535 -0.2183 0.28076 0.098762 0.54609 -0.067654 0 0.43406 0.33328 0.37913 0.16989 0.027337 0.085383 0.13366 0.047108 0.12691 0.060707 -0.059109 0.077751 0.20307 0.2319 0.055496 0.087803 0.54108 -0.018994 0.77642 0.046947 -0.00082498 0.23126 0.39258 0.31591 0.36443 0.16398 -0.19476 -0.10853 -0.22092 0.28938 0.085586 0.41345 -0.066446 0.92054 0.34618 0.15247 0.3261 0.015209 0.054889 0.0077687 0.15457 0.076926 0.13128 0.029022
0.090196 0.15811 0.17141 0.12954 0.05616 0.22832 0.00057422 0.11894 0.13428 0.082847 0.18485 0.17097 0.11316 0.057689 0.23828 0.0056603 0.12296 0.13413 -0.14184 0.28015 -0.044851 0.077669 0.05963 0.040909 0.1158 -0.080196 0.46286 0.076511 0.20468 0.087029 0.39036 -0.0090813 0.21156 0.10016 -0.11002 -0.16792 -0.20697 0.12914 0.023506 0.36725 -0.025945 0.43406 0 0.060445 0.35004 -0.034662 0.030987 -0.057875 0.049701 0.039242 0.15494 0.18322 -0.092501 0.26166 -0.06235 0.066659 0.044767 0.032601 0.054992 -0.052129 0.43011 0.083349 0.14366 0.065607 0.41448 0.069006 0.15699 0.084942 -0.10037 -0.17722 -0.10833 0.12715 0.017515 0.30999 -0.010543 0.38458 0.57158 0.035624 0.32701 -0.079581 0.061639 -0.013443 0.03735 0.045395 0.13935 0.17418
0.36173 0.21162 0.24772 0.15407 0.071194 0.0056985 -0.12518 -0.00051779 0.10178 0.45459 0.19195 0.22419 0.13126 0.044437 -0.012507 -0.10773 -0.011022 0.11567 0.0058953 0.25747 0.69907 -0.018553 0.043833 -0.013396 0.53188 0.3978 0.10886 -0.09276 0.43427 -0.010922 -0.19825 0.039119 0.072945 0.15974 0.55642 0.18573 0.42553 0.034321 0.078829 0.44195 0.15003 0.33328 0.060445 0 0.4576 0.43495 -0.11648 0.67216 -0.12685 -0.092075 0.079248 0.25812 -0.013456 0.21398 0.5509 -0.039967 0.036301 -0.051226 0.45732 0.22943 0.057196 -0.077851 0.27884 -0.031427 -0.13172 0.080157 0.028167 0.12783 0.43219 0.19645 0.3114 0.045207 0.023172 0.3754 0.1136 0.30768 0.039452 0.70674 0.27991 0.22025 -0.082256 0.45112 -0.086466 -0.12731 0.077683 0.20101
0.02412 0.15686 0.19291 0.1573 0.064093 0.18154 0.063685 0.0092316 0.07448 0.26872 0.069489 0.11165 0.11597 0.049467 0.16647 0.045441 0.018663 0.078977 0.18123 0.31088 0.41244 0.08845 0.070271 0.098958 0.37789 0.22304 0.26363 -0.020425 0.28682 0.08358 0.26747 0.36702 0.15266 0.31681 0.48617 0.22714 0.33699 0.11119 0.32889 0.28151 0.48329 0.37913 0.35004 0.4576 0 0.30117 0.17015 0.48014 0.12274 0.06244 0.188 0.29958 0.028316 0.23134 0.11101 0.037696 0.046358 0.061903 0.064847 0.086483 0.12024 0.0039759 0.04507 0.073412 0.1365 0.11064 0.13043 0.31208 0.15471 -0.040476 0.030133 0.088111 0.27777 0.14664 0.39581 0.15912 0.17051 0.022203 0.51655 0.16496 0.16609 0.20323 0.090487 0.0508 0.17207 0.23775
0.18661 0.13322 0.062725 0.11623 0.015727 0.08281 0.029487 0.0086516 0.058843 0.2627 0.095549 0.079929 0.10134 0.017672 0.075178 0.03263 0.0015435 0.06253 0.09561 0.27083 0.39453 0.62814 0.090581 0.50099 0.38451 0.39049 -0.013016 0.30055 0.19297 0.65261 -0.095118 -0.10143 0.13888 0.38488 0.31508 -0.076974 0.18459 0.56087 0.43255 0.1806 0.51507 0.16989 -0.034662 0.43495 0.30117 0 0.088661 0.52292 -0.06931 -0.013526 0.18271 0.37245 0.07427 0.25429 0.20102 0.58734 0.047865 0.45377 0.2239 0.31893 0.029016 0.26429 0.13162 0.6522 -0.093618 -0.12195 0.14977 0.34881 0.32424 -0.10264 0.17617 0.54435 0.37501 0.19864 0.4709 0.26619 -0.017696 0.2584 0.17192 0.93547 0.040774 0.44612 -0.073507 -0.040463 0.16024 0.32439
-0.18144 -0.11125 -0.070435 -0.025596 0.0064913 0.2189 0.23462 0.0052949 -0.0031202 -0.12962 -0.16582 -0.09746 -0.051009 -0.017781 0.21472 0.20335 0.012451 0.0090341 0.735 0.043751 0.065628 0.18622 0.10828 0.34167 0.10093 0.17455 -0.0068041 0.17024 0.068557 0.21588 0.1879 0.38012 0.1465 0.15829 0.24656 0.02828 0.22616 0.1032 0.29963 -0.094645 0.3074 0.027337 0.030987 -0.11648 0.17015 0.088661 0 0.10692 0.074752 0.2252 0.56167 0.3057 0.59006 0.03979 -0.078424 0.15436 0.072097 0.32721 -0.041533 0.091052 -0.056198 0.14807 0.015705 0.20111 0.11067 0.20228 0.15848 0.19341 0.10674 -0.05216 0.066192 0.038503 0.33127 -0.10405 0.30066 0.00067022 0.034023 -0.18941 0.062521 0.11106 0.84923 0.047252 0.035401 0.20666 0.46108 0.25115
0.35151 0.23211 0.18067 0.24023 0.10713 -0.06695 -0.061011 -0.00018315 0.11404 0.39208 0.21609 0.17923 0.2169 0.080576 -0.080103 -0.065034 -0.0286 0.13341 0.24948 0.36367 0.46447 0.028034 0.063482 0.015821 0.2564 0.43498 -0.14726 -0.10725 0.39454 0.068029 -0.29007 0.12406 -0.057319 0.34872 0.6709 0.20079 0.5595 0.14677 0.41902 0.35695 0.54004 0.085383 -0.057875 0.67216 0.48014 0.52292 0.10692 0 -0.088273 -0.040922 0.28481 0.57055 0.19376 0.35274 0.39014 0.020253 0.025502 -0.050211 0.30148 0.28821 -0.14457 -0.08372 0.31816 0.046454 -0.25946 0.12434 -0.050925 0.29048 0.61655 0.23204 0.50129 0.14508 0.3132 0.3258 0.46811 0.13831 -0.031121 0.50733 0.3985 0.37087 0.090376 0.8205 -0.065183 -0.081043 0.22402 0.50653
-0.1058 -0.047229 -0.051177 -0.069446 -0.028825 0.057273 0.044634 -0.003628 -0.028272 -0.023677 -0.08781 -0.082655 -0.085541 -0.040947 0.045652 0.042514 -0.013692 -0.035313 0.10996 -0.12868 0.025134 -0.03385 0.031494 0.065887 0.15747 0.01863 0.13815 0.012717 -0.032731 -0.021737 0.27621 0.31586 0.054458 -0.075335 -0.056211 0.15218 0.032268 -0.060882 -0.021303 -0.076251 -0.059875 0.13366 0.049701 -0.12685 0.12274 -0.06931 0.074752 -0.088273 0 0.095312 -0.072785 -0.13048 0.034364 -0.14485 -0.10078 -0.029697 0.0088021 0.058631 -0.013206 0.014077 0.066867 0.024851 -0.099169 -0.01962 0.15457 0.20088 0.032919 -0.06171 -0.1729 0.054273 -0.12863 -0.055734 -0.0040221 -0.16047 -0.08075 0.0065845 -0.0054307 -0.2646 -0.011898 -0.053488 0.06115 -0.19567 0.21406 0.091067 -0.040751 -0.14818
-0.065624 -0.055029 -0.045772 -0.01791 -0.020894 0.1507 0.13358 0.0013188 -0.01826 -0.0039502 -0.075719 -0.066604 -0.04482 -0.01229 0.13104 0.10636 -0.01383 0.027978 0.15505 -0.043032 0.009336 0.015849 0.10388 0.15065 0.1083 0.12184 0.046118 0.053432 0.052137 0.012273 0.17823 0.28057 0.092677 -0.016387 0.0097304 0.090127 0.033266 -0.025297 0.034103 -0.052166 0.012252 0.047108 0.039242 -0.092075 0.06244 -0.013526 0.2252 -0.040922 0.095312 0 0.032347 0.023345 0.09009 -0.063903 -0.056848 0.0048537 0.03944 0.12371 0.017656 0.092857 0.026735 0.047337 -0.027635 0.027255 0.13215 0.20627 0.064411 -0.016181 -0.043127 0.023357 -0.03195 -0.035321 0.020082 -0.092868 -0.0092968 0.0072923 0.0053598 -0.15033 0.026557 -0.015138 0.19216 -0.085293 0.10245 0.16885 0.017287 0.0062119
0.029606 0.16541 0.06763 0.12777 0.062597 0.11879 0.017085 0.044441 0.12225 0.035031 0.16457 0.063001 0.11655 0.073154 0.099837 0.01595 0.041645 0.1662 0.16958 0.2855 -0.020558 0.20952 0.050504 0.11769 0.0064852 -0.0037174 0.12387 0.12529 0.12693 0.27912 0.030742 -0.079696 0.094179 0.37354 0.11992 -0.086379 0.010908 0.32721 0.49692 0.19228 0.42251 0.12691 0.15494 0.079248 0.188 0.18271 0.56167 0.28481 -0.072785 0.032347 0 0.49896 0.23033 0.29 -0.0060152 0.21146 0.039444 0.1288 0.017635 -0.0093681 0.10633 0.11369 0.12994 0.25133 0.053542 -0.056451 0.11242 0.36117 0.17495 -0.084856 0.082837 0.29972 0.46217 0.23559 0.41493 0.17662 0.16192 0.074457 0.19797 0.17281 0.53418 0.36078 -0.045533 -0.0046677 0.64719 0.45728
0.22926 0.28898 0.1844 0.34856 0.14339 0.084009 0.02886 0.087713 0.18389 0.23129 0.28126 0.19286 0.31426 0.12284 0.084038 0.027366 0.061593 0.1913 0.1276 0.56233 -0.050556 0.24333 0.10068 0.13812 -0.07992 0.092689 -0.02578 0.11824 0.32221 0.28684 -0.078227 -0.19911 0.043825 0.49575 0.3725 -0.12929 0.19858 0.3743 0.61318 0.34516 0.63807 0.060707 0.18322 0.25812 0.29958 0.37245 0.3057 0.57055 -0.13048 0.023345 0.49896 0 0.16441 0.53402 -0.013554 0.24053 0.054586 0.096402 -0.037805 0.06744 0.0098152 0.11643 0.31767 0.25708 -0.049296 -0.15233 0.058794 0.46431 0.48472 -0.094393 0.32773 0.36449 0.53928 0.3999 0.61027 0.16682 0.19812 0.26071 0.33465 0.32565 0.27594 0.64335 -0.12816 -0.034078 0.40865 0.76728
-0.044297 -0.12012 -0.02937 -0.015953 -0.0074596 0.032581 0.093855 -0.020868 -0.036519 -0.15065 -0.14296 -0.027281 0.0073786 -0.017663 0.040491 0.10609 -0.01132 -0.0089204 0.65828 0.024068 0.028315 0.086117 0.019034 0.24627 0.02958 0.12319 -0.1633 0.15142 0.080591 0.091353 -0.047219 0.22414 0.031975 0.025614 0.2625 -0.017113 0.27013 -0.0080114 0.046005 -0.081437 0.13032 -0.059109 -0.092501 -0.013456 0.028316 0.07427 0.59006 0.19376 0.034364 0.09009 0.23033 0.16441 0 0.035393 0.16375 0.092073 0.035185 0.27727 0.15345 0.19442 -0.16055 0.099377 0.11426 0.085814 -0.036837 0.39376 0.040035 0.041962 0.40363 0.14325 0.44538 -0.040861 0.087175 -0.042821 0.17973 0.0044071 -0.045702 0.02344 0.21826 0.074535 0.71252 0.20095 0.047917 0.16403 0.19943 0.15558
