0,0.330397844314575,0.262871772050858,0.278955042362213,0.0874287560582161,-0.0132316928356886,-0.0950343832373619,0.0589721538126469,0.207051202654839,0.717245995998383,0.412165433168411,0.355020374059677,0.295010834932327,0.113959118723869,-0.00252773077227175,-0.0990336164832115,0.040619034320116,0.263929486274719,-0.162902817130089,0.237986728549004,0.0529300905764103,-0.0267157517373562,0.0226920340210199,-0.0670727491378784,0.0502124652266502,0.126827225089073,0.0896651893854141,0.0130617041140795,0.18913771212101,-0.00575244799256325,-0.158473297953606,-0.121019043028355,0.0108700804412365,0.12595608830452,0.0840655714273453,-0.0709298104047775,0.0121437152847648,0.111708760261536,0.0559367276728153,0.365702837705612,0.0711316242814064,0.180468022823334,0.09257722645998,0.360482841730118,0.0236401241272688,0.175381287932396,-0.183482438325882,0.351351201534271,-0.105042360723019,-0.0639500990509987,0.032237596809864,0.225376307964325,-0.0377687886357307,0.277177214622498,0.416208803653717,-0.0233494155108929,0.03366544470191,-0.0853523761034012,0.361060410737991,0.242774486541748,0.188755005598068,-0.00413408735767007,0.319088906049728,-0.0384324714541435,-0.0325380899012089,0.119230054318905,0.0230192877352238,0.139710709452629,0.392797559499741,0.193706169724464,0.301301926374435,0.131529703736305,0.0615718588232994,0.453589200973511,0.180442914366722,0.313705503940582,0.173502936959267,0.593782424926758,0.391992777585983,0.192212417721748,-0.127381339669228,0.53473162651062,-0.0079053184017539,-0.0875206142663956,0.0480721071362495,0.279744654893875
0.330397844314575,0,0.240020379424095,0.265685856342316,0.112461261451244,0.0165795497596264,-0.0788471773266792,0.0714562088251114,0.223034754395485,0.347779959440231,0.491064816713333,0.258200854063034,0.250277936458588,0.0967624336481094,-0.00260527129285038,-0.0961607471108437,0.0566978268325329,0.211241453886032,-0.113303117454052,0.260216504335403,0.0364674516022205,0.0984476953744888,0.0190839376300573,-0.0546610727906227,0.0548818483948708,0.0360167399048805,0.141916751861572,0.0784057155251503,0.142276734113693,0.135525733232498,-0.0325070396065712,-0.116015240550041,0.0148544814437628,0.183247119188309,0.102490723133087,-0.0752167776226997,0.00378050352446735,0.234752357006073,0.142570570111275,0.333122283220291,0.122230388224125,0.191329672932625,0.159208357334137,0.206970736384392,0.155093848705292,0.131259113550186,-0.111406818032265,0.226574257016182,-0.0493085272610188,-0.0556101202964783,0.169047474861145,0.287152528762817,-0.120795518159866,0.251281052827835,0.0571055933833122,0.0965406373143196,0.0141025576740503,-0.0755248963832855,0.0579425618052483,-0.00881544034928083,0.134996637701988,0.0719526037573814,0.127455651760101,0.0918276235461235,-0.0143201053142548,-0.0975935980677605,-0.0148159116506577,0.118363261222839,0.150039359927177,-0.0388150215148926,0.0691903382539749,0.268516927957535,0.0921241194009781,0.314750403165817,0.101326838135719,0.187279507517815,0.148380771279335,0.178889006376266,0.158666640520096,0.0696060433983803,-0.11967620998621,0.220331564545631,-0.0544851534068584,-0.0747382938861847,0.156957373023033,0.262646645307541
0.262871772050858,0.240020379424095,0,0.395126700401306,0.104539260268211,0.035489059984684,-0.0173921510577202,0.14822193980217,0.141218289732933,0.282340735197067,0.264122128486633,0.580200970172882,0.380031019449234,0.0656856000423431,0.0338581651449203,-0.0272669568657875,0.118385463953018,0.151599317789078,-0.0329780727624893,0.199462130665779,0.111785888671875,0.00311099481768906,0.00979994796216488,-0.0408035703003407,0.0247384794056416,0.0426750779151917,0.081299364566803,0.00545278564095497,0.192017123103142,0.023958582431078,-0.00837933737784624,-0.0740388631820679,-0.0263858046382666,0.0526602528989315,0.222775429487228,-0.0149077381938696,0.135944098234177,0.0893872156739235,0.00991912465542555,0.198456704616547,0.0784375816583633,0.0821284353733063,0.172197178006172,0.244590103626251,0.188689693808556,0.0564373396337032,-0.0719502121210098,0.178263306617737,-0.0527059286832809,-0.0467223823070526,0.0679453760385513,0.181531876325607,-0.0275148060172796,0.170403733849525,0.10558558255434,-0.0118745844811201,0.0323609746992588,-0.0617803782224655,0.0198805276304483,0.0216461475938559,0.0654743909835815,0.0112153654918075,0.159892722964287,-0.0068222233094275,0.000162260606884956,-0.0808673948049545,-0.0169613976031542,0.0273317359387875,0.191274523735046,-0.0275479257106781,0.134834617376328,0.0991233661770821,-0.0111727463081479,0.194890648126602,0.0868222713470459,0.0734029486775398,0.122113063931465,0.166446357965469,0.148836895823479,0.00571756577119231,-0.0663716197013855,0.172588661313057,-0.0656327083706856,-0.0552480816841125,0.0795488879084587,0.171311855316162
0.278955042362213,0.265685856342316,0.395126700401306,0,0.19731742143631,0.0114559689536691,-0.00622211024165154,0.11008557677269,0.139320686459541,0.258741199970245,0.273478865623474,0.377903670072556,0.647674381732941,0.124308474361897,0.00854859873652458,-0.0129307620227337,0.0972920581698418,0.14642608165741,-0.0586205646395683,0.293921858072281,-0.037385631352663,0.0306867528706789,0.0104462560266256,-0.0264923628419638,-0.0970296859741211,0.00826477445662022,0.00669737439602613,0.0230990629643202,0.14610555768013,0.0429947413504124,-0.0295129772275686,-0.161630243062973,-0.0224864650517702,0.193942680954933,0.170248582959175,-0.0939230471849442,0.0623593218624592,0.121730998158455,0.179544776678085,0.209329828619957,0.269890159368515,0.0330903045833111,0.130322620272636,0.150510221719742,0.152555793523788,0.109408892691135,-0.0292233973741531,0.236671507358551,-0.0707798972725868,-0.0173495039343834,0.123476289212704,0.344555586576462,-0.0164823308587074,0.276721298694611,0.0116954343393445,0.0325904004275799,0.0109168598428369,-0.0401128269731998,-0.0536813177168369,-0.0182169787585735,0.0231430232524872,0.0276607200503349,0.150806874036789,0.0225772149860859,-0.0224315989762545,-0.135891109704971,0.00873377546668053,0.154300108551979,0.25449326634407,-0.0613141432404518,0.150131404399872,0.140362620353699,0.114590644836426,0.245793610811234,0.256853222846985,0.0741413831710815,0.133356258273125,0.172245010733604,0.176782503724098,0.0841560438275337,-0.0424084849655628,0.297344267368317,-0.0691400617361069,-0.0595612414181232,0.120821602642536,0.343456029891968
0.0874287560582161,0.112461261451244,0.104539260268211,0.19731742143631,0,-0.00396192213520408,-0.0207380130887032,0.0209892876446247,0.0569517277181149,0.0972972959280014,0.104487173259258,0.114150613546371,0.170728087425232,0.0439370572566986,-0.0038171261548996,-0.0285468678921461,0.024747421965003,0.0620745718479156,-0.0177993383258581,0.106790065765381,-0.00180638756137341,0.00467520160600543,0.0106306001543999,-0.0131802065297961,-0.0209057405591011,0.00287257088348269,-0.00677009299397469,-0.00856683496385813,0.0727368369698524,0.00732254050672054,-0.027131125330925,-0.0365889444947243,-0.0112845161929727,0.0240360908210278,0.0698573961853981,0.0029376707971096,0.0520291738212109,0.0519215278327465,0.0716113448143005,0.0905624330043793,0.0865257233381271,0.00960684567689896,0.0570672005414963,0.0697206780314445,0.0628321766853333,0.01394132245332,0.00566359702497721,0.105680093169212,-0.0291192103177309,-0.0199012365192175,0.0624341852962971,0.142823860049248,-0.00741551723331213,0.110490813851357,-0.0180914923548698,-0.000746917794458568,-0.0132839754223824,-0.034089207649231,-0.0377301126718521,-0.0116832731291652,-0.00337512348778546,-0.00115951197221875,0.0644223913550377,-0.00612452812492847,-0.020945655182004,-0.0457763895392418,-0.0191352292895317,0.0285068470984697,0.0852824449539185,-0.00771946692839265,0.0644865185022354,0.0545901358127594,0.0542865507304668,0.0776726678013802,0.0781581848859787,0.000864316476508975,0.0275412257760763,0.0436291247606277,0.0500538423657417,-0.00759568251669407,-0.00989521667361259,0.104298025369644,-0.0414160862565041,-0.0257788971066475,0.0459967106580734,0.130993843078613
-0.0132316928356886,0.0165795497596264,0.035489059984684,0.0114559689536691,-0.00396192213520408,0,0.168640345335007,0.021637225523591,0.0894814357161522,0.0538529567420483,-0.000718362512998283,0.0231065526604652,0.00278492760844529,-0.0176720526069403,0.43898731470108,0.1705681681633,0.0406716577708721,0.0705911740660667,0.0664144232869148,0.0443250611424446,0.150640338659286,0.105818331241608,0.134819447994232,0.222359478473663,0.249618396162987,0.12697434425354,0.344574898481369,0.12567126750946,0.0848079770803452,0.129955947399139,0.301005810499191,0.206398606300354,0.278745949268341,0.0739750787615776,-0.0341661982238293,0.0183846764266491,-0.0232006646692753,0.0919714048504829,0.0929942429065704,0.099665567278862,0.0598417967557907,0.278460502624512,0.22919999063015,-0.000277923420071602,0.176955714821815,0.084601990878582,0.219991773366928,-0.0733714699745178,0.0570264905691147,0.151840388774872,0.11963128298521,0.0835139006376266,0.0284332502633333,0.0274214446544647,0.010670056566596,0.0841104462742805,0.0895474925637245,0.213385924696922,0.13158917427063,0.0899396911263466,0.292053550481796,0.132334649562836,0.0166724622249603,0.118730135262012,0.273522615432739,0.134871080517769,0.235864713788033,0.0692151710391045,-0.117174074053764,-0.0561122745275497,-0.0945751219987869,0.0683659166097641,0.0999701917171478,0.0371040403842926,0.0528020076453686,0.232250779867172,0.156075730919838,-0.0892267972230911,0.0751870274543762,0.0486115850508213,0.186497732996941,-0.108583234250546,0.052607137709856,0.122523777186871,0.100165270268917,0.0514127314090729
-0.0950343832373619,-0.0788471773266792,-0.0173921510577202,-0.00622211024165154,-0.0207380130887032,0.168640345335007,0,-0.00883845146745443,-0.00727065512910485,-0.0448652356863022,-0.10450840741396,-0.0428822636604309,-0.0264302249997854,-0.0245163477957249,0.175050094723701,0.256150960922241,-0.00950281415134668,-0.0308961383998394,0.15365469455719,-0.0405390784144402,0.0505491159856319,0.0259441845118999,0.0743693187832832,0.180694490671158,0.0732869207859039,0.135289639234543,0.00428471341729164,0.0663300454616547,0.0151616763323545,0.0369725897908211,0.169355094432831,0.168965101242065,0.070957213640213,0.0145149463787675,0.0220867656171322,0.0773788392543793,0.0718132555484772,-0.0155659960582852,0.0525780953466892,-0.1211301907897,0.0689314529299736,-0.0303115975111723,0.00189111905638129,-0.130302041769028,0.06462412327528,0.0281401332467794,0.236604914069176,-0.0633281618356705,0.047818448394537,0.134382918477058,0.0154207115992904,0.0283376462757587,0.0941839665174484,-0.0505149774253368,-0.0631860941648483,0.0161642506718636,0.0268392413854599,0.159512966871262,-0.0303696244955063,0.0754823461174965,-0.0270012952387333,0.0570009015500546,-0.0211891252547503,0.0342809073626995,0.0905421376228333,0.0896458923816681,0.0578374899923801,0.0197454839944839,-0.0590293854475021,-0.0201037488877773,-0.0285195894539356,-0.0351543501019478,0.0562207326292992,-0.138957872986794,0.0683175623416901,-0.0554371178150177,-0.0207110866904259,-0.191057845950127,-0.0210957415401936,0.0344574227929115,0.190754070878029,-0.127177834510803,0.0294137559831142,0.110926188528538,0.00104949215892702,-0.00440328335389495
0.0589721538126469,0.0714562088251114,0.14822193980217,0.11008557677269,0.0209892876446247,0.021637225523591,-0.00883845146745443,0,0.0543052330613136,0.0378182679414749,0.0749782398343086,0.132549539208412,0.106605842709541,0.0147779546678066,0.0348689667880535,0.00389908603392541,0.108617104589939,0.0657487139105797,-0.035365704447031,0.091530553996563,-0.0608631446957588,0.0247848145663738,-0.000584383436944336,-0.0102300820872188,-0.049126610159874,-0.0248991698026657,0.0529744699597359,0.0193935036659241,0.0229664612561464,0.0130084902048111,0.0655513852834702,-0.0618580430746078,0.0229075904935598,0.0493668392300606,-0.0268455892801285,-0.0863973349332809,-0.0752603784203529,0.0484891086816788,0.0243419595062733,0.0695285275578499,0.0168185941874981,0.0434396825730801,0.118784964084625,-0.00200857687741518,0.00708328559994698,0.00978022534400225,0.00389801780693233,0.00052783073624596,-0.00499149924144149,-0.000196490436792374,0.0453154109418392,0.0866459757089615,-0.0215314216911793,0.0745037719607353,-0.0411261357367039,0.0267098546028137,-0.00436988659203053,-0.000881143612787127,-0.0262802820652723,0.00180530932266265,0.0672509074211121,0.0344256944954395,0.0315272137522697,0.00606812257319689,0.0638902485370636,-0.0443134792149067,0.00994687248021364,0.0477629043161869,0.000810938014183193,-0.0878996104001999,-0.0148492557927966,0.0552651435136795,0.0163607206195593,0.0766489058732986,0.0375583730638027,0.0568422973155975,0.0997618660330772,0.0181015934795141,0.029523117467761,0.0100769121199846,0.0129001485183835,0.0564514547586441,-0.0182704441249371,0.00194618001114577,0.0563136264681816,0.0914899557828903
0.207051202654839,0.223034754395485,0.141218289732933,0.139320686459541,0.0569517277181149,0.0894814357161522,-0.00727065512910485,0.0543052330613136,0,0.220910027623177,0.23062327504158,0.130646601319313,0.132936701178551,0.0484754145145416,0.071926049888134,-0.0209693815559149,0.0517252795398235,0.19853150844574,-0.0492567904293537,0.164990782737732,0.00435785437002778,0.0698200687766075,0.0165912639349699,0.000738171744160354,0.0280006900429726,0.00479700462892652,0.128709137439728,0.0215781517326832,0.0773640125989914,0.0981791913509369,0.0210605263710022,-0.0552459992468357,0.0654448047280312,0.124263189733028,0.0337154492735863,-0.0641574636101723,-0.0163641255348921,0.173377484083176,0.0998983085155487,0.190224900841713,0.0743126794695854,0.15212669968605,0.135673761367798,0.0992157161235809,0.0739863887429237,0.0553002431988716,-0.00240579526871443,0.110836051404476,-0.0294928960502148,-0.0195046328008175,0.124856621026993,0.182384312152863,-0.0341385565698147,0.170917600393295,0.0411916561424732,0.0624341256916523,0.0287367608398199,-0.0155261475592852,0.0537857003509998,0.0163144040852785,0.146421998739243,0.0154006853699684,0.0903590321540833,0.0848095491528511,0.0604317598044872,-0.0156321469694376,0.0340629182755947,0.0790213122963905,0.0814051330089569,-0.0365029238164425,0.036043182015419,0.180143669247627,0.0769682452082634,0.184505805373192,0.0687860250473022,0.172522097826004,0.135990813374519,0.103212185204029,0.120555870234966,0.0217466410249472,-0.00304240360856056,0.148406252264977,-0.038215659558773,-0.00693992665037513,0.12442459911108,0.17446731030941
0.717245995998383,0.347779959440231,0.282340735197067,0.258741199970245,0.0972972959280014,0.0538529567420483,-0.0448652356863022,0.0378182679414749,0.220910027623177,0,0.320783168077469,0.279093116521835,0.217620462179184,0.0992015972733498,0.0467335134744644,-0.05695790797472,0.0298499036580324,0.228572741150856,-0.0741403475403786,0.229988127946854,0.259623467922211,0.00997064635157585,0.0483511760830879,-0.0882962048053741,0.208215713500977,0.221589908003807,0.144626423716545,-0.066598929464817,0.206701442599297,0.0119904959574342,-0.0208248924463987,0.0470399223268032,0.0416037365794182,0.195554465055466,0.226256668567657,0.0917217582464218,0.190894976258278,0.129540994763374,0.256633281707764,0.312060534954071,0.273051381111145,0.232079178094864,0.0851643085479736,0.454665124416351,0.270380407571793,0.252539098262787,-0.132064998149872,0.387513309717178,-0.0272746998816729,-0.00472480710595846,0.035928200930357,0.225511536002159,-0.149119138717651,0.170354053378105,0.132434546947479,-0.000744319637306035,0.0247544050216675,-0.10198912024498,0.107792288064957,0.117707952857018,0.0991688072681427,-0.0374163724482059,0.098860464990139,0.00163994578178972,-0.024732418358326,-0.00526561168953776,0.026919387280941,0.132029786705971,0.143471121788025,0.0335702113807201,0.0509251169860363,0.147021159529686,0.145194306969643,0.264698058366776,0.164596900343895,0.146999478340149,0.0520213358104229,0.233981624245644,0.0863796100020409,0.0923677906394005,-0.112906098365784,0.327265411615372,-0.0461231358349323,-0.0635941401124001,0.0533406212925911,0.189499333500862
0.412165433168411,0.491064816713333,0.264122128486633,0.273478865623474,0.104487173259258,-0.000718362512998283,-0.10450840741396,0.0749782398343086,0.23062327504158,0.320783168077469,0,0.320115059614182,0.298125833272934,0.110579468309879,-0.0107923056930304,-0.10933568328619,0.0948915407061577,0.251628011465073,-0.194823563098907,0.289703488349915,-0.0255587939172983,0.0766115337610245,0.0158596094697714,-0.0740202516317368,0.00267922226339579,-0.0277126152068377,0.143633514642715,0.0627109631896019,0.12321349978447,0.113295175135136,-0.0657135769724846,-0.196070536971092,0.0116075556725264,0.135203897953033,0.0203036777675152,-0.151165008544922,-0.0675640255212784,0.237406343221664,0.0673987865447998,0.345510333776474,0.0707912966609001,0.19267937541008,0.18584281206131,0.187685549259186,0.06792351603508,0.0914643630385399,-0.165263161063194,0.212492540478706,-0.0890169143676758,-0.0747690424323082,0.169638261198997,0.278458148241043,-0.14149022102356,0.300652951002121,0.145612999796867,0.0859733894467354,0.00559897441416979,-0.100223258137703,0.14122848212719,-0.00508923549205065,0.197877988219261,0.0391724593937397,0.184945568442345,0.07285276055336,-0.00695514818653464,-0.0736065208911896,0.00497803092002869,0.140514150261879,0.232212901115417,-0.0117694661021233,0.145160958170891,0.276528358459473,0.0501863583922386,0.397950261831284,0.113852426409721,0.264182239770889,0.202331751585007,0.301816701889038,0.259097367525101,0.0709240287542343,-0.138420537114143,0.311256557703018,-0.0407798103988171,-0.103879623115063,0.171192049980164,0.303599506616592
0.355020374059677,0.258200854063034,0.580200970172882,0.377903670072556,0.114150613546371,0.0231065526604652,-0.0428822636604309,0.132549539208412,0.130646601319313,0.279093116521835,0.320115059614182,0,0.406397193670273,0.0845879763364792,0.0270075891166925,-0.0278854519128799,0.146650686860085,0.152907729148865,-0.0770875513553619,0.206635221838951,0.0551783517003059,-0.0215121656656265,-0.008324203081429,-0.0606825910508633,-0.0114359734579921,0.0213034432381392,0.0786703377962112,0.0126613611355424,0.183728486299515,0.00234680529683828,-0.0497482270002365,-0.139563545584679,-0.0329811349511147,0.0397012904286385,0.19009605050087,-0.0511753708124161,0.109959408640862,0.0892117023468018,0.00868902076035738,0.221399679780006,0.0638983026146889,0.0598590262234211,0.170114859938622,0.221682399511337,0.10680665820837,0.0730299428105354,-0.0987740159034729,0.178741082549095,-0.085783451795578,-0.066352866590023,0.0628984048962593,0.1888637393713,-0.0264284666627645,0.233135193586349,0.176465094089508,-0.0463812723755836,0.0198256522417068,-0.0776757076382637,0.0713152214884758,0.052361749112606,0.0840702131390572,-0.00586355198174715,0.231073975563049,-0.0271347966045141,-0.00138805620372295,-0.0574725121259689,0.00348534877412021,0.0425147376954556,0.275292307138443,0.0440373942255974,0.225877359509468,0.0983628258109093,-0.0401258692145348,0.262030869722366,0.084042601287365,0.113415867090225,0.181439533829689,0.274398326873779,0.220852479338646,0.0294280592352152,-0.0886678546667099,0.239055141806602,-0.0587036684155464,-0.0557418763637543,0.059170987457037,0.215479269623756
0.295010834932327,0.250277936458588,0.380031019449234,0.647674381732941,0.170728087425232,0.00278492760844529,-0.0264302249997854,0.106605842709541,0.132936701178551,0.217620462179184,0.298125833272934,0.406397193670273,0,0.143928721547127,0.00889361277222633,-0.00519359111785889,0.118446096777916,0.157235398888588,-0.0621202327311039,0.266724139451981,-0.043182760477066,0.0272307898849249,0.0144544346258044,-0.031671479344368,-0.0984199866652489,-0.00470534479245543,-0.00649927975609899,0.0436534285545349,0.134439453482628,0.0361995212733746,-0.0665315240621567,-0.168622583150864,-0.0234704334288836,0.162552937865257,0.14061926305294,-0.10812459141016,0.0484749674797058,0.117284193634987,0.105427302420139,0.215412154793739,0.206530913710594,0.0169682763516903,0.113885059952736,0.126825943589211,0.112425029277802,0.0942225456237793,-0.0541596263647079,0.214316964149475,-0.085138350725174,-0.0430359356105328,0.112032845616341,0.311430215835571,0.00656125787645578,0.281760275363922,0.0240749567747116,0.0204481594264507,0.0132766887545586,-0.0278835110366344,-0.0414445623755455,0.0246890708804131,0.0104674007743597,0.0401384681463242,0.184608548879623,0.0152134532108903,-0.0350053869187832,-0.120549134910107,-0.00468255439773202,0.154256597161293,0.28160834312439,-0.0424471572041512,0.182622328400612,0.135436087846756,0.107462339103222,0.248980537056923,0.276257812976837,0.0719815865159035,0.130571216344833,0.191258043050766,0.185052707791328,0.087518572807312,-0.0157336760312319,0.310329526662827,-0.0903312340378761,-0.0504670888185501,0.116680882871151,0.368327260017395
0.113959118723869,0.0967624336481094,0.0656856000423431,0.124308474361897,0.0439370572566986,-0.0176720526069403,-0.0245163477957249,0.0147779546678066,0.0484754145145416,0.0992015972733498,0.110579468309879,0.0845879763364792,0.143928721547127,0,-0.0102947158738971,-0.0278936363756657,0.00637112325057387,0.0925686582922935,-0.0248884782195091,0.131911128759384,-0.0408878475427628,0.0145030012354255,0.0112467687577009,-0.0225139800459146,-0.0284080095589161,-0.0216263551265001,0.0123374946415424,-0.00993363466113806,0.0311102140694857,0.0167400296777487,-0.0314522683620453,-0.0584813840687275,-7.82115384936333e-05,0.060533057898283,0.0228478666394949,-0.045547142624855,-0.00937902368605137,0.0570248253643513,0.0603686347603798,0.0873117968440056,0.0647858679294586,0.0384172573685646,0.0582183711230755,0.0425232574343681,0.0468379370868206,0.0169073808938265,-0.0179561525583267,0.0801916345953941,-0.0424325540661812,-0.0114056011661887,0.0725472271442413,0.120946995913982,-0.0162128359079361,0.105507247149944,0.00402709795162082,0.0154622057452798,0.000871318159624934,-0.0233784727752209,-0.00159386172890663,-0.0108940619975328,0.0276957638561726,-0.0113665079697967,0.0308792274445295,0.0181985571980476,-0.00977521575987339,-0.0318873152136803,-0.00515614356845617,0.0706592574715614,0.0791296660900116,-0.0343363061547279,0.0582397654652596,0.071484848856926,0.065520279109478,0.0918403118848801,0.0857307836413383,0.0496184900403023,0.0716518610715866,0.0676541700959206,0.0928269401192665,0.00554021634161472,-0.0152215054258704,0.119323872029781,-0.0270192362368107,-0.0261167120188475,0.0631710365414619,0.135259538888931
-0.00252773077227175,-0.00260527129285038,0.0338581651449203,0.00854859873652458,-0.0038171261548996,0.43898731470108,0.175050094723701,0.0348689667880535,0.071926049888134,0.0467335134744644,-0.0107923056930304,0.0270075891166925,0.00889361277222633,-0.0102947158738971,0,0.21716096997261,0.0430205054581165,0.0680604130029678,0.0483334735035896,0.0402777642011642,0.135766431689262,0.0913150385022163,0.109163701534271,0.230491310358047,0.23105426132679,0.127239286899567,0.326083064079285,0.122433729469776,0.0886894091963768,0.109575420618057,0.306563973426819,0.173608154058456,0.275414973497391,0.0719169601798058,-0.0417433045804501,-0.0165631324052811,-0.0493635199964046,0.0738796070218086,0.0778099969029427,0.0840011239051819,0.0590045005083084,0.264642119407654,0.23820461332798,-0.0206979922950268,0.160851672291756,0.0778055265545845,0.212968230247498,-0.0895472764968872,0.0434684492647648,0.131188869476318,0.0990285947918892,0.0829631611704826,0.034358337521553,0.0438624657690525,0.0586805157363415,0.0808885470032692,0.102380618453026,0.226664572954178,0.162083804607391,0.130804598331451,0.305782347917557,0.111381635069847,0.0592343062162399,0.104116357862949,0.268079191446304,0.154266312718391,0.278163582086563,0.0618986934423447,-0.0861233621835709,-0.0545600950717926,-0.0734924525022507,0.0642868727445602,0.106512442231178,0.064791202545166,0.0529736503958702,0.25456777215004,0.178659290075302,-0.061501394957304,0.102565981447697,0.0689306631684303,0.204861581325531,-0.0850933939218521,0.0334777869284153,0.140964165329933,0.099814660847187,0.0794094800949097
-0.0990336164832115,-0.0961607471108437,-0.0272669568657875,-0.0129307620227337,-0.0285468678921461,0.1705681681633,0.256150960922241,0.00389908603392541,-0.0209693815559149,-0.05695790797472,-0.10933568328619,-0.0278854519128799,-0.00519359111785889,-0.0278936363756657,0.21716096997261,0,0.016413901001215,-0.007153051905334,0.116240970790386,-0.0324296392500401,0.045500997453928,0.0263093430548906,0.0719131827354431,0.172112256288528,0.0516002215445042,0.121260315179825,-0.00606978312134743,0.0240068659186363,0.0156074911355972,0.033159077167511,0.137418374419212,0.125021770596504,0.0966663062572479,0.0167369805276394,0.00703892670571804,0.0404932573437691,0.0469483956694603,-0.0496809631586075,0.0391475930809975,-0.107093513011932,0.0697379857301712,-0.0239557586610317,0.00745699554681778,-0.11131976544857,0.0452351272106171,0.03325330093503,0.205644309520721,-0.0680091232061386,0.0430865809321404,0.106761232018471,0.0164034739136696,0.0295652225613594,0.106311812996864,-0.0348852835595608,-0.0209070574492216,0.0146543635055423,0.0417150557041168,0.181654959917068,-0.00204131007194519,0.118970818817616,-0.0238565467298031,0.0212567038834095,0.00114911375567317,0.029034074395895,0.100724346935749,0.0905977934598923,0.102434694766998,0.0207050368189812,-0.01913046464324,-0.0129706477746367,0.0109911551699042,-0.0598850250244141,0.0564739592373371,-0.125904604792595,0.0751064270734787,-0.04195162281394,-0.0242559742182493,-0.14213789999485,-0.00760941347107291,0.0419105663895607,0.21256060898304,-0.0869015157222748,0.0296081993728876,0.13306725025177,0.00240596849471331,0.0241584442555904
0.040619034320116,0.0566978268325329,0.118385463953018,0.0972920581698418,0.024747421965003,0.0406716577708721,-0.00950281415134668,0.108617104589939,0.0517252795398235,0.0298499036580324,0.0948915407061577,0.146650686860085,0.118446096777916,0.00637112325057387,0.0430205054581165,0.016413901001215,0,0.0691038891673088,-0.0249239169061184,0.0899012163281441,-0.049641340970993,0.0315881222486496,0.01481066737324,-0.00603245804086328,-0.02037638053298,-0.0378900542855263,0.0795062780380249,0.0310302935540676,0.0169290192425251,0.033454418182373,0.0548681989312172,-0.0678597018122673,0.00920169148594141,0.0335090234875679,-0.0218689888715744,-0.0797187015414238,-0.0620216988027096,0.0476414449512959,0.0084559740498662,0.0648484006524086,-0.00252646976150572,0.0715965330600739,0.123465098440647,-0.013642143458128,0.016666991636157,0.00400806404650211,0.0126593485474586,-0.0297723449766636,-0.0133285578340292,-0.0140171758830547,0.0426652729511261,0.0616702251136303,-0.0121248289942741,0.0776519104838371,-0.0385826155543327,0.032855186611414,0.00694620050489902,0.0178181249648333,-0.0228184089064598,-0.0161799564957619,0.0697712451219559,0.0270194690674543,0.0232801754027605,0.022473806515336,0.0477910786867142,-0.0390922576189041,0.0237124618142843,0.038322951644659,-0.0123797152191401,-0.10316301882267,-0.0273027904331684,0.0509079545736313,-0.000887065893039107,0.0721473172307014,0.00216699461452663,0.0720774754881859,0.116105750203133,0.0160127189010382,0.0144155975431204,0.00446050055325031,0.0224654506891966,0.0172291528433561,-0.0166030954569578,-0.00355829182080925,0.0480470508337021,0.0705639868974686
0.263929486274719,0.211241453886032,0.151599317789078,0.14642608165741,0.0620745718479156,0.0705911740660667,-0.0308961383998394,0.0657487139105797,0.19853150844574,0.228572741150856,0.251628011465073,0.152907729148865,0.157235398888588,0.0925686582922935,0.0680604130029678,-0.007153051905334,0.0691038891673088,0,-0.0623778067529202,0.164299428462982,0.0341750308871269,0.0533811673521996,0.0376132763922215,0.0108501287177205,0.0565266609191895,0.0277903880923986,0.120477139949799,0.0240881592035294,0.0902808532118797,0.091049000620842,0.0139433611184359,-0.029860308393836,0.0717032253742218,0.0993618816137314,0.0230413842946291,-0.0552722737193108,-0.00838448572903872,0.164506018161774,0.080999493598938,0.183738395571709,0.0640906468033791,0.155790880322456,0.13250844180584,0.113137185573578,0.0763958767056465,0.0590073838829994,0.00921310111880302,0.131590485572815,-0.035448107868433,0.0277477279305458,0.166222617030144,0.190092086791992,-0.00709996558725834,0.179827153682709,0.102134361863136,0.0639221221208572,0.0249928552657366,0.00772205647081137,0.108272649347782,0.0386383011937141,0.149663120508194,0.0272160302847624,0.115987375378609,0.0794080570340157,0.0648462921380997,0.0188931915909052,0.0574481785297394,0.114024177193642,0.116255447268486,0.0109920352697372,0.0833063274621964,0.181633666157722,0.0755635201931,0.201277837157249,0.0864741280674934,0.192636251449585,0.141323462128639,0.149366110563278,0.162761241197586,0.0542639121413231,0.0233171451836824,0.173261702060699,0.000367828615708277,0.000470403552753851,0.136948138475418,0.214196652173996
-0.162902817130089,-0.113303117454052,-0.0329780727624893,-0.0586205646395683,-0.0177993383258581,0.0664144232869148,0.15365469455719,-0.035365704447031,-0.0492567904293537,-0.0741403475403786,-0.194823563098907,-0.0770875513553619,-0.0621202327311039,-0.0248884782195091,0.0483334735035896,0.116240970790386,-0.0249239169061184,-0.0623778067529202,0,-0.0463531464338303,0.229479074478149,0.0332700088620186,0.0411876142024994,0.261419326066971,0.200041398406029,0.279684990644455,-0.175416231155396,0.0761551335453987,0.0762277096509933,0.0635144039988518,0.0194033663719893,0.568213582038879,-0.00202554324641824,-0.0262890662997961,0.503274321556091,0.228775173425674,0.553583979606628,-0.0453419089317322,0.0599128901958466,-0.113997176289558,0.16640742123127,-0.0800289660692215,-0.139757618308067,0.00568957626819611,0.194398894906044,0.0797905102372169,0.736775159835815,0.238361299037933,0.114227786660194,0.158478945493698,0.166787073016167,0.121940471231937,0.664926171302795,-0.0521122515201569,0.0358691178262234,0.0158967506140471,0.0194467678666115,0.220744654536247,0.0244404599070549,0.194663003087044,-0.21345379948616,0.0792651548981667,0.0137424105778337,0.0571376010775566,-0.061975508928299,0.33104807138443,0.0203115437179804,-0.0093298302963376,0.229792103171349,0.162710532546043,0.267022371292114,-0.0816908627748489,0.104309998452663,-0.177471444010735,0.124022491276264,-0.150860950350761,-0.124020539224148,-0.107851676642895,0.026756027713418,0.0528420358896255,0.620338678359985,0.0397765189409256,0.0597416944801807,0.165384337306023,0.168701753020287,0.0866422355175018
0.237986728549004,0.260216504335403,0.199462130665779,0.293921858072281,0.106790065765381,0.0443250611424446,-0.0405390784144402,0.091530553996563,0.164990782737732,0.229988127946854,0.289703488349915,0.206635221838951,0.266724139451981,0.131911128759384,0.0402777642011642,-0.0324296392500401,0.0899012163281441,0.164299428462982,-0.0463531464338303,0,-0.116764351725578,0.171015545725822,0.0521853752434254,0.0212002489715815,-0.124980568885803,-0.0202104412019253,0.0147909326478839,0.0367288775742054,0.210785239934921,0.193364024162292,-0.0909001752734184,-0.280299007892609,0.0121930493041873,0.401700973510742,0.196005210280418,-0.224957704544067,0.0158950220793486,0.283805787563324,0.326876580715179,0.419664621353149,0.40064600110054,0.0944283828139305,0.288777470588684,0.258691132068634,0.312824875116348,0.268814474344254,0.0428999587893486,0.372375965118408,-0.131622165441513,-0.0437568426132202,0.287740349769592,0.56643146276474,0.0307154003530741,0.587589085102081,-0.103176988661289,0.184360176324844,0.00870988517999649,0.00478175096213818,-0.111732065677643,0.00373911554925144,0.0613458752632141,0.0416690334677696,0.186981320381165,0.16467359662056,-0.039281852543354,-0.24536120891571,0.0288273487240076,0.377564877271652,0.304097861051559,-0.235780224204063,0.123245529830456,0.285597175359726,0.28063240647316,0.445707708597183,0.397512912750244,0.16323758661747,0.28205394744873,0.244032710790634,0.295792579650879,0.220321089029312,0.0480575077235699,0.467323273420334,-0.161871537566185,-0.0848034098744392,0.241101711988449,0.558986663818359
0.0529300905764103,0.0364674516022205,0.111785888671875,-0.037385631352663,-0.00180638756137341,0.150640338659286,0.0505491159856319,-0.0608631446957588,0.00435785437002778,0.259623467922211,-0.0255587939172983,0.0551783517003059,-0.043182760477066,-0.0408878475427628,0.135766431689262,0.045500997453928,-0.049641340970993,0.0341750308871269,0.229479074478149,-0.116764351725578,0,-0.144630774855614,0.0668996647000313,0.182900473475456,0.718639135360718,0.558959126472473,0.202312543988228,-0.0647483021020889,0.278814882040024,-0.0940999761223793,0.115520492196083,0.488208413124084,0.165425375103951,-0.0969699248671532,0.544442892074585,0.460006028413773,0.539865553379059,-0.12944133579731,-0.0217669904232025,0.105776019394398,0.115213133394718,0.313962072134018,-0.0406195037066936,0.696660339832306,0.408310562372208,0.376682668924332,0.0698603466153145,0.450496643781662,0.0254003442823887,0.0103760194033384,-0.0190430637449026,-0.0524703562259674,0.0244462732225657,-0.121576055884361,0.65399444103241,-0.196414619684219,0.0603480413556099,0.103826001286507,0.517786264419556,0.301771432161331,0.0649873018264771,-0.0317008420825005,0.0916102156043053,-0.0912615954875946,0.0569717139005661,0.307250142097473,0.120335467159748,-0.0856652557849884,0.239883109927177,0.354142844676971,0.198630079627037,-0.136347517371178,-0.00886465515941381,-0.018891042098403,0.0354427024722099,0.155840516090393,-0.116814069449902,0.270225584506989,0.0796826332807541,0.154422238469124,0.05154974386096,0.0691135823726654,0.069816529750824,0.0204467847943306,-0.00586505373939872,-0.107812665402889
-0.0267157517373562,0.0984476953744888,0.00311099481768906,0.0306867528706789,0.00467520160600543,0.105818331241608,0.0259441845118999,0.0247848145663738,0.0698200687766075,0.00997064635157585,0.0766115337610245,-0.0215121656656265,0.0272307898849249,0.0145030012354255,0.0913150385022163,0.0263093430548906,0.0315881222486496,0.0533811673521996,0.0332700088620186,0.171015545725822,-0.144630774855614,0,0.0189172010868788,0.320283800363541,0.0484946630895138,-0.136997804045677,0.140041559934616,0.247405856847763,0.0374510362744331,0.917446613311768,0.0166721660643816,-0.151472434401512,0.161109447479248,0.378512412309647,-0.0777627006173134,-0.181056931614876,-0.136126726865768,0.875155091285706,0.323729455471039,0.0851824879646301,0.293601006269455,0.2939073741436,0.079255498945713,-0.0258342903107405,0.0848906859755516,0.631815910339355,0.179752230644226,0.016703313216567,-0.0323701985180378,0.0139315444976091,0.209633499383926,0.236733019351959,0.0798484981060028,0.158170014619827,-0.249383136630058,0.973555505275726,0.0055345450527966,0.362556785345078,-0.067887932062149,-0.0819531306624413,0.167096868157387,0.310135185718536,-0.0129422089084983,0.90666663646698,-0.00535889808088541,-0.189550518989563,0.16597580909729,0.347064048051834,-0.108562827110291,-0.247303798794746,-0.153492823243141,0.837057292461395,0.370104998350143,0.0822654366493225,0.309104353189468,0.317596465349197,0.0849848240613937,-0.0940559580922127,-0.00597282638773322,0.577072620391846,0.166350394487381,0.0552298277616501,-0.073604092001915,0.0144308675080538,0.177962481975555,0.213915839791298
0.0226920340210199,0.0190839376300573,0.00979994796216488,0.0104462560266256,0.0106306001543999,0.134819447994232,0.0743693187832832,-0.000584383436944336,0.0165912639349699,0.0483511760830879,0.0158596094697714,-0.008324203081429,0.0144544346258044,0.0112467687577009,0.109163701534271,0.0719131827354431,0.01481066737324,0.0376132763922215,0.0411876142024994,0.0521853752434254,0.0668996647000313,0.0189172010868788,0,0.157919347286224,0.109472051262856,0.142932876944542,0.0582072548568249,0.0330742187798023,0.0942525640130043,0.0423929914832115,0.0905695408582687,0.105422139167786,0.0975839123129845,0.0315299443900585,0.0641498416662216,0.038081381469965,0.0692524760961533,0.024251526221633,0.0489465817809105,0.0412671528756618,0.0581011660397053,0.043605025857687,0.0591158047318459,0.0430392734706402,0.0695832073688507,0.0879991501569748,0.10816653072834,0.0632492676377296,0.0301659498363733,0.103164605796337,0.0503529720008373,0.100751608610153,0.0189907811582088,0.0237506832927465,0.0368681810796261,0.00707438355311751,0.0518920831382275,0.130007103085518,0.0733529403805733,0.112858273088932,0.05646688118577,0.0233563482761383,0.0580247417092323,0.0412713401019573,0.0824957340955734,0.0711788684129715,0.0806371569633484,0.00817237049341202,0.0533818416297436,0.013952823355794,0.0401498526334763,0.0155879985541105,0.0379091687500477,0.0329047366976738,0.0481024347245693,0.0579727031290531,0.0315545573830605,-0.0037224180996418,0.0461335740983486,0.0726607590913773,0.0795100480318069,0.0363559313118458,0.0165385827422142,0.0498117469251156,0.0277839116752148,0.0892477631568909
-0.0670727491378784,-0.0546610727906227,-0.0408035703003407,-0.0264923628419638,-0.0131802065297961,0.222359478473663,0.180694490671158,-0.0102300820872188,0.000738171744160354,-0.0882962048053741,-0.0740202516317368,-0.0606825910508633,-0.031671479344368,-0.0225139800459146,0.230491310358047,0.172112256288528,-0.00603245804086328,0.0108501287177205,0.261419326066971,0.0212002489715815,0.182900473475456,0.320283800363541,0.157919347286224,0,0.320101797580719,0.357858091592789,0.0749847218394279,0.547377467155457,0.0991197377443314,0.51367712020874,0.174565657973289,0.199103370308876,0.330230087041855,0.102351255714893,0.125230684876442,0.0357838310301304,0.0977425575256348,0.275042086839676,0.102534577250481,-0.0562922619283199,0.148340106010437,0.101909540593624,0.0414849705994129,-0.022024093195796,0.0896192416548729,0.495741128921509,0.346415400505066,0.00763313937932253,0.0654500499367714,0.149505034089088,0.119490571320057,0.138228073716164,0.252189964056015,0.0400568731129169,0.0464986637234688,0.29149341583252,0.107365965843201,0.814675748348236,0.193123087286949,0.356134802103043,0.073201484978199,0.510045051574707,0.0745086744427681,0.512324869632721,0.136444970965385,0.189342215657234,0.348467528820038,0.110179506242275,0.104343883693218,-0.0290187690407038,0.129081830382347,0.198614671826363,0.1539566218853,-0.0439700745046139,0.183852866292,0.145181506872177,0.0360255241394043,-0.0744849294424057,0.047482218593359,0.495511710643768,0.281195074319839,-0.0058023426681757,0.0427269600331783,0.137326255440712,0.0909592062234879,0.101868018507957
