0 0.35967 0.27503 0.29418 0.082411 -0.014148 -0.10211 0.06278 0.2188 0.73472 0.4428 0.36659 0.30794 0.10922 -0.0099654 -0.10264 0.045911 0.27809 -0.18389 0.25381 0.068368 0.011475 0.021638 -0.093314 0.051566 0.15343 0.077459 -0.029049 0.20317 0.009013 -0.16266 -0.11557 0.0085398 0.12485 0.096553 -0.047242 0.026723 0.14065 0.02942 0.3696 0.075528 0.18948 0.11129 0.37981 0.081041 0.14168 -0.16995 0.35157 -0.10087 -0.063733 0.059475 0.22856 -0.095086 0.30428 0.38413 0.01071 0.037668 -0.12591 0.30961 0.21728 0.16605 -0.028781 0.32414 -0.026718 -0.045446 0.083228 0.0091021 0.1453 0.38728 0.18015 0.28853 0.16459 0.039544 0.44917 0.16791 0.29312 0.18662 0.56766 0.38266 0.16152 -0.14225 0.51243 -0.025614 -0.085919 0.045604 0.2849
0.35967 0 0.27157 0.29207 0.11802 -0.0036906 -0.095455 0.081078 0.24065 0.37623 0.53845 0.29272 0.28045 0.111 -0.018368 -0.11623 0.061692 0.23758 -0.14074 0.28532 0.041822 0.0991 0.019148 -0.10019 0.029318 0.035161 0.12719 0.058632 0.16194 0.12171 -0.047394 -0.11854 -0.0011057 0.14563 0.11722 -0.062128 0.0074498 0.24726 0.086904 0.35413 0.081388 0.18605 0.17895 0.22718 0.18314 0.078278 -0.12429 0.22814 -0.059594 -0.065654 0.18379 0.27703 -0.15496 0.28524 0.05755 0.089877 0.011681 -0.12595 0.045183 -0.036571 0.11791 0.051422 0.14071 0.080188 -0.028912 -0.11376 -0.036021 0.078415 0.17117 -0.025383 0.0806 0.28279 0.036662 0.33239 0.062076 0.16836 0.16788 0.19226 0.16497 0.01699 -0.15177 0.20615 -0.051958 -0.081754 0.15769 0.2685
0.27503 0.27157 0 0.41166 0.116 0.022505 -0.027414 0.15197 0.14948 0.2977 0.29471 0.60244 0.40383 0.071434 0.016121 -0.033396 0.1281 0.15808 -0.053512 0.23148 0.094016 0.02287 0.0025702 -0.074129 0.0010152 0.045227 0.061082 -0.0081957 0.20484 0.029255 -0.024958 -0.085476 -0.045517 0.045752 0.22956 -0.0067153 0.13127 0.10512 -0.023439 0.21863 0.069817 0.073746 0.18941 0.25146 0.20672 0.033536 -0.074142 0.17997 -0.060917 -0.053974 0.099527 0.18667 -0.048133 0.20888 0.088606 0.00010413 0.028392 -0.089851 0.0010015 0.0098057 0.045458 0.0083679 0.17022 -0.0010696 -0.017544 -0.088663 -0.039936 0.024239 0.2111 -0.025783 0.15233 0.11833 -0.036512 0.21574 0.084234 0.054776 0.14348 0.17261 0.15639 -0.0050499 -0.074065 0.18809 -0.076069 -0.061156 0.096318 0.19404
0.29418 0.29207 0.41166 0 0.21168 0.0073368 -0.0088925 0.12244 0.14689 0.27603 0.30371 0.39241 0.6643 0.13668 0.0024251 -0.017685 0.10585 0.15814 -0.08634 0.33325 -0.041891 0.055847 0.0087693 -0.033569 -0.12337 0.025589 -0.0097405 0.010699 0.16775 0.053357 -0.042644 -0.17945 -0.023754 0.19163 0.19088 -0.098189 0.062919 0.13406 0.15801 0.23269 0.27758 0.031951 0.15032 0.17864 0.20049 0.10705 -0.023727 0.26917 -0.084379 -0.027755 0.14489 0.36124 -0.05056 0.32382 0.0024556 0.055784 0.006003 -0.05173 -0.079772 -0.017428 0.0045509 0.028103 0.16065 0.032743 -0.038468 -0.16402 -0.0031956 0.15269 0.27088 -0.066954 0.15723 0.15197 0.093187 0.26755 0.2606 0.061222 0.15204 0.18439 0.18763 0.08385 -0.04343 0.30629 -0.087615 -0.065553 0.13439 0.37074
0.082411 0.11802 0.116 0.21168 0 0.0031564 -0.01314 0.02548 0.060945 0.10245 0.1111 0.12028 0.18564 0.045269 -0.0057184 -0.025832 0.02584 0.058501 -0.027981 0.1117 -1.3815e-05 0.0097714 0.011947 -0.017757 -0.023307 0.011795 -0.010989 -0.013699 0.081102 0.010757 -0.019946 -0.040582 -0.0082053 0.018484 0.073141 0.0047592 0.050938 0.052397 0.060045 0.099754 0.087674 0.011283 0.06997 0.078808 0.080657 0.0053256 0.0069144 0.11329 -0.034345 -0.020714 0.069502 0.14805 -0.02428 0.12409 -0.02348 0.0040643 -0.016878 -0.038301 -0.043814 -0.017764 -0.0076168 -0.0029332 0.065501 -0.004463 -0.022785 -0.05534 -0.022119 0.026899 0.083549 -0.0089219 0.060402 0.054509 0.043352 0.08282 0.070323 -0.0052587 0.035733 0.043659 0.051125 -0.015627 -0.01768 0.099543 -0.04506 -0.026314 0.047197 0.13914
-0.014148 -0.0036906 0.022505 0.0073368 0.0031564 0 0.17342 0.017826 0.078498 0.036494 -0.018346 0.0081261 0.00012784 -0.022887 0.43887 0.1894 0.036872 0.05849 0.11557 0.048481 0.13119 0.088821 0.12993 0.23696 0.22273 0.1258 0.31852 0.14623 0.085607 0.12644 0.29528 0.2083 0.26389 0.078168 -0.013908 0.036732 -0.0049729 0.075812 0.10472 0.085512 0.072017 0.23731 0.21143 -0.013265 0.14176 0.094977 0.24757 -0.052626 0.049235 0.15385 0.11636 0.095897 0.085963 0.028353 0.0050887 0.070952 0.093148 0.2289 0.11702 0.1033 0.2686 0.15261 0.025919 0.11684 0.2698 0.13571 0.22206 0.075168 -0.087332 -0.026862 -0.059307 0.049723 0.11639 0.038751 0.07387 0.19497 0.14315 -0.081752 0.06323 0.063744 0.21094 -0.067489 0.05529 0.13141 0.10329 0.072769
-0.10211 -0.095455 -0.027414 -0.0088925 -0.01314 0.17342 0 -0.0064202 -0.0066404 -0.058297 -0.11905 -0.04884 -0.034722 -0.025155 0.18609 0.26886 -0.0058698 -0.037652 0.16968 -0.029476 0.04223 0.018101 0.077641 0.19497 0.060162 0.13076 -0.0067551 0.081362 4.6793e-05 0.038781 0.17132 0.16724 0.068051 0.026697 0.027235 0.07251 0.071355 -0.023843 0.064149 -0.12364 0.088982 -0.048152 -0.0077206 -0.13892 0.056516 0.046273 0.24571 -0.050357 0.048161 0.13242 0.0098266 0.038284 0.13034 -0.052197 -0.066749 0.0079399 0.030364 0.17987 -0.041381 0.089509 -0.035935 0.07221 -0.0354 0.036861 0.094157 0.085958 0.051831 0.031165 -0.050966 -0.015747 -0.020725 -0.045528 0.081144 -0.1351 0.095603 -0.062269 -0.028189 -0.18462 -0.019135 0.048462 0.2092 -0.10568 0.031867 0.11655 0.0036734 0.0062162
0.06278 0.081078 0.15197 0.12244 0.02548 0.017826 -0.0064202 0 0.063468 0.047468 0.081631 0.13607 0.12079 0.017608 0.029844 0.010122 0.10826 0.067418 -0.039002 0.099086 -0.059715 0.030161 0.001468 -0.013288 -0.056528 -0.023222 0.044241 0.022417 0.024543 0.020321 0.053877 -0.06431 0.016831 0.057916 -0.017392 -0.080337 -0.068592 0.058245 0.025089 0.064405 0.024781 0.03518 0.11244 -0.002459 0.011174 0.010289 0.0095475 0.0063021 -0.011723 0.00035974 0.053432 0.084474 -0.016765 0.085907 -0.039939 0.035686 -0.007058 -0.0063137 -0.030414 -0.0008014 0.060357 0.038368 0.034315 0.014733 0.055482 -0.048511 0.011319 0.052037 0.0035705 -0.082511 -0.010241 0.064245 0.016679 0.074099 0.042683 0.048612 0.10385 0.016157 0.025482 0.010662 0.014753 0.05846 -0.018851 -0.0077001 0.065225 0.094023
0.2188 0.24065 0.14948 0.14689 0.060945 0.078498 -0.0066404 0.063468 0 0.2339 0.24731 0.13371 0.14363 0.057567 0.064773 -0.021689 0.048649 0.20262 -0.049615 0.17881 0.0073247 0.072688 0.020773 0.0013615 0.01702 0.0044546 0.11141 0.019769 0.082223 0.098475 0.0074783 -0.053291 0.056939 0.11494 0.042865 -0.046495 -0.0070122 0.1744 0.090206 0.19997 0.066939 0.13859 0.13482 0.11147 0.086446 0.042754 0.0060459 0.12047 -0.040714 -0.024197 0.13422 0.19052 -0.035945 0.18442 0.037599 0.060091 0.028395 -0.018867 0.045222 0.011058 0.13081 0.013726 0.099776 0.086665 0.049659 -0.026336 0.029567 0.076395 0.095966 -0.026548 0.051752 0.17943 0.073137 0.18765 0.069955 0.15437 0.14473 0.11288 0.1211 0.0096806 -0.0012942 0.15466 -0.044644 -0.0076968 0.12649 0.18773
0.73472 0.37623 0.2977 0.27603 0.10245 0.036494 -0.058297 0.047468 0.2339 0 0.36125 0.29773 0.24212 0.10211 0.025259 -0.069808 0.035238 0.24973 -0.10642 0.25758 0.21658 0.040259 0.043686 -0.15628 0.16837 0.19799 0.11333 -0.099614 0.20891 0.019431 -0.036859 0.015305 0.013827 0.18463 0.21582 0.099617 0.1856 0.16587 0.2144 0.32504 0.25376 0.21062 0.10637 0.43649 0.29014 0.18904 -0.14156 0.36457 -0.03113 -0.01264 0.054594 0.22415 -0.17079 0.21016 0.11895 0.024919 0.020462 -0.15995 0.080161 0.09496 0.070488 -0.06205 0.11844 0.0026616 -0.03758 -0.019006 -0.0015717 0.12147 0.18276 0.055083 0.085368 0.17909 0.09774 0.27647 0.15098 0.12092 0.076144 0.24216 0.117 0.052087 -0.12634 0.33988 -0.058221 -0.065326 0.054683 0.20633
0.4428 0.53845 0.29471 0.30371 0.1111 -0.018346 -0.11905 0.081631 0.24731 0.36125 0 0.35356 0.33173 0.12214 -0.032519 -0.12981 0.098493 0.27541 -0.21155 0.31913 -0.0061467 0.088532 0.012111 -0.10722 -0.015619 -0.022248 0.129 0.04123 0.14169 0.11406 -0.079846 -0.19598 0.0037021 0.11138 0.050965 -0.13191 -0.049852 0.25608 0.034865 0.36561 0.048745 0.19798 0.20169 0.2234 0.10677 0.055459 -0.16551 0.24051 -0.098373 -0.089548 0.19641 0.27741 -0.17407 0.34395 0.15358 0.09624 0.006538 -0.13675 0.13063 -0.022926 0.17997 0.028384 0.20177 0.075099 -0.029266 -0.094637 -0.015079 0.11533 0.25819 0.00023414 0.16296 0.30204 0.014962 0.41845 0.090287 0.25116 0.22136 0.31612 0.26264 0.040826 -0.15968 0.3112 -0.050965 -0.11559 0.18568 0.31412
0.36659 0.29272 0.60244 0.39241 0.12028 0.0081261 -0.04884 0.13607 0.13371 0.29773 0.35356 0 0.42517 0.092543 0.014563 -0.027202 0.15075 0.1556 -0.092452 0.23389 0.051699 -2.1824e-05 -0.01203 -0.084412 -0.027599 0.031658 0.062575 -0.0016059 0.19447 0.018767 -0.061909 -0.14798 -0.043435 0.034906 0.20352 -0.03859 0.10933 0.10838 -0.013014 0.24101 0.062708 0.062111 0.18204 0.2427 0.13337 0.052258 -0.091743 0.19216 -0.099034 -0.071911 0.091034 0.19306 -0.046368 0.26889 0.16835 -0.026337 0.016094 -0.096313 0.062605 0.043902 0.067937 -0.0053423 0.24432 -0.013642 -0.017583 -0.070421 -0.017335 0.044215 0.29124 0.049387 0.23766 0.11785 -0.062553 0.28098 0.079173 0.10254 0.20306 0.28181 0.22843 0.017848 -0.091769 0.24969 -0.077266 -0.062787 0.078009 0.23759
0.30794 0.28045 0.40383 0.6643 0.18564 0.00012784 -0.034722 0.12079 0.14363 0.24212 0.33173 0.42517 0 0.15476 0.0051817 -0.018845 0.13181 0.16608 -0.084672 0.3177 -0.045919 0.050655 0.014084 -0.045178 -0.12521 0.013836 -0.028761 0.025746 0.16494 0.048333 -0.073171 -0.18204 -0.024079 0.17064 0.17321 -0.1084 0.056418 0.13621 0.091752 0.24173 0.22758 0.013357 0.13724 0.1629 0.17158 0.091633 -0.039867 0.25618 -0.094976 -0.044762 0.14295 0.33821 -0.023334 0.33023 0.0099747 0.040923 0.012273 -0.042502 -0.078588 0.018933 -0.014486 0.034876 0.19147 0.026908 -0.050343 -0.15425 -0.017018 0.15668 0.29446 -0.060813 0.19033 0.15204 0.089675 0.27572 0.28348 0.053491 0.15403 0.198 0.1985 0.082418 -0.012435 0.32124 -0.10668 -0.06086 0.14155 0.4017
0.10922 0.111 0.071434 0.13668 0.045269 -0.022887 -0.025155 0.017608 0.057567 0.10211 0.12214 0.092543 0.15476 0 -0.0096674 -0.031164 0.015543 0.10326 -0.034401 0.13192 -0.038535 0.02439 0.013757 -0.027637 -0.035445 -0.018529 0.0042303 -0.015186 0.036107 0.018159 -0.034127 -0.062403 -0.0069976 0.05237 0.024743 -0.04486 -0.012507 0.061888 0.053006 0.089703 0.063053 0.034227 0.06216 0.039534 0.053728 0.0096254 -0.017512 0.088921 -0.045961 -0.01486 0.080795 0.12058 -0.028718 0.11617 0.0031259 0.022442 -4.6813e-05 -0.024213 -0.011266 -0.013077 0.023805 -0.011753 0.031844 0.019737 -0.023819 -0.035069 -0.009117 0.065272 0.076587 -0.032642 0.053087 0.076284 0.057915 0.089287 0.075322 0.04746 0.079612 0.063189 0.09192 -0.0028671 -0.016203 0.11079 -0.022913 -0.026038 0.065534 0.13918
-0.0099654 -0.018368 0.016121 0.0024251 -0.0057184 0.43887 0.18609 0.029844 0.064773 0.025259 -0.032519 0.014563 0.0051817 -0.0096674 0 0.23128 0.044424 0.055598 0.093893 0.042993 0.11303 0.07868 0.11816 0.24487 0.19446 0.11435 0.29369 0.13849 0.085813 0.11241 0.3042 0.17083 0.26458 0.09236 -0.017094 -0.0026875 -0.027569 0.059063 0.094583 0.067845 0.081543 0.22169 0.2103 -0.039208 0.13163 0.093584 0.23786 -0.063581 0.031751 0.13652 0.093945 0.1016 0.091516 0.043038 0.043236 0.071758 0.11148 0.24884 0.13511 0.14489 0.27729 0.1361 0.057194 0.1067 0.25751 0.14357 0.27598 0.081259 -0.055836 -0.030152 -0.045341 0.048648 0.13341 0.052054 0.087603 0.21545 0.16126 -0.061863 0.087815 0.093072 0.23612 -0.043615 0.035839 0.14818 0.09749 0.095218
-0.10264 -0.11623 -0.033396 -0.017685 -0.025832 0.1894 0.26886 0.010122 -0.021689 -0.069808 -0.12981 -0.027202 -0.018845 -0.031164 0.23128 0 0.025498 -0.012031 0.13323 -0.025411 0.039803 0.011625 0.077781 0.19416 0.036374 0.12007 -0.010721 0.038475 0.0061968 0.028268 0.14411 0.12205 0.099227 0.032472 0.015259 0.031673 0.048635 -0.066681 0.061285 -0.1091 0.096888 -0.039673 0.00063848 -0.11808 0.04114 0.047268 0.2186 -0.049961 0.036612 0.11207 0.0052893 0.041733 0.13801 -0.02796 -0.025723 0.00035915 0.045525 0.20537 -0.015986 0.1364 -0.03241 0.036425 -0.0091831 0.027619 0.10681 0.0889 0.10226 0.042571 -0.012651 -0.0097597 0.021608 -0.082964 0.087149 -0.12194 0.10786 -0.046741 -0.031205 -0.13968 -0.0070576 0.051748 0.23636 -0.063422 0.023077 0.14562 0.0016007 0.034437
0.045911 0.061692 0.1281 0.10585 0.02584 0.036872 -0.0058698 0.10826 0.048649 0.035238 0.098493 0.15075 0.13181 0.015543 0.044424 0.025498 0 0.074044 -0.031606 0.096312 -0.055258 0.037922 0.014453 -0.0055746 -0.032371 -0.038222 0.072634 0.030937 0.014536 0.036602 0.055227 -0.071635 0.0014481 0.035125 -0.025775 -0.076317 -0.059427 0.046428 0.015782 0.060119 0.0055854 0.060278 0.12746 -0.017364 0.01987 0.0086043 0.015905 -0.026306 -0.0089804 -0.01417 0.046468 0.0637 -0.013723 0.086944 -0.046101 0.041367 0.0015493 0.011304 -0.031839 -0.014973 0.060108 0.027856 0.022606 0.029056 0.042883 -0.051528 0.017552 0.04295 -0.016075 -0.10231 -0.027004 0.054587 0.0068641 0.068844 0.012625 0.061204 0.12033 0.0072738 0.0074071 0.011564 0.019392 0.019723 -0.010436 -0.00845 0.054973 0.078387
0.27809 0.23758 0.15808 0.15814 0.058501 0.05849 -0.037652 0.067418 0.20262 0.24973 0.27541 0.1556 0.16608 0.10326 0.055598 -0.012031 0.074044 0 -0.054554 0.18185 0.03896 0.067115 0.039875 -0.0010632 0.047597 0.026212 0.10974 0.011173 0.10678 0.097337 0.0095992 -0.025825 0.063161 0.091155 0.04063 -0.040148 0.0072856 0.17716 0.08592 0.19263 0.071217 0.15507 0.13762 0.1231 0.092705 0.051827 0.025554 0.15439 -0.041948 0.02461 0.18464 0.20178 -0.014802 0.19636 0.093966 0.074522 0.017442 -0.005078 0.094546 0.028361 0.13452 0.022062 0.11745 0.084836 0.055686 0.010486 0.048728 0.10951 0.12536 0.020858 0.093445 0.19337 0.076665 0.20442 0.08404 0.1868 0.14847 0.15184 0.16489 0.044121 0.024331 0.17693 0.0011986 -0.0077703 0.15254 0.23049
-0.18389 -0.14074 -0.053512 -0.08634 -0.027981 0.11557 0.16968 -0.039002 -0.049615 -0.10642 -0.21155 -0.092452 -0.084672 -0.034401 0.093893 0.13323 -0.031606 -0.054554 0 -0.094512 0.24578 0.0047932 0.04007 0.29593 0.28408 0.2916 -0.087184 0.092944 0.046024 0.058446 0.09759 0.64953 0.039375 -0.041693 0.44978 0.22693 0.53635 -0.06445 0.037845 -0.14455 0.091023 -0.0074549 -0.10483 -0.058007 0.2135 0.012281 0.73655 0.089572 0.14604 0.19106 0.1465 0.06915 0.70414 -0.095387 0.05226 -0.011504 0.02699 0.25764 0.09429 0.22318 -0.12796 0.084594 0.003231 0.050388 0.025876 0.46446 0.061914 -0.013825 0.15831 0.21539 0.2718 -0.10899 0.10705 -0.21127 0.077189 -0.073303 -0.097714 -0.11596 0.10331 -0.0086679 0.64426 -0.043321 0.11732 0.20724 0.16716 0.039949
0.25381 0.28532 0.23148 0.33325 0.1117 0.048481 -0.029476 0.099086 0.17881 0.25758 0.31913 0.23389 0.3177 0.13192 0.042993 -0.025411 0.096312 0.18185 -0.094512 0 -0.089213 0.15972 0.049245 0.018033 -0.15891 0.015054 -0.0073634 0.016313 0.24791 0.16829 -0.086659 -0.29244 0.023599 0.39176 0.22156 -0.20878 0.018122 0.2591 0.28788 0.4434 0.39185 0.082266 0.31402 0.27841 0.37925 0.24711 0.067299 0.43032 -0.1489 -0.036051 0.3092 0.57689 -0.0060049 0.62628 -0.09376 0.1635 0.0040852 -0.002697 -0.14485 0.013751 0.037567 0.027482 0.21357 0.13678 -0.050424 -0.27103 0.0261 0.36209 0.30934 -0.2303 0.13661 0.26308 0.24188 0.45126 0.37736 0.13347 0.3178 0.2369 0.30228 0.18804 0.053896 0.45813 -0.17316 -0.092353 0.25518 0.5724
0.068368 0.041822 0.094016 -0.041891 -1.3815e-05 0.13119 0.04223 -0.059715 0.0073247 0.21658 -0.0061467 0.051699 -0.045919 -0.038535 0.11303 0.039803 -0.055258 0.03896 0.24578 -0.089213 0 -0.13269 0.06767 0.17271 0.72319 0.52951 0.19588 -0.023761 0.28551 -0.07544 0.093813 0.48099 0.15435 -0.1082 0.55945 0.47531 0.54753 -0.083481 -0.060626 0.12752 0.09721 0.3137 -0.019495 0.66587 0.38343 0.33311 0.06994 0.3766 0.02352 0.0088082 0.0073574 -0.003357 0.06465 -0.083652 0.68045 -0.17681 0.072344 0.10774 0.52991 0.2886 0.081731 0.0059902 0.14392 -0.072703 0.072123 0.33811 0.11913 -0.090458 0.36656 0.39947 0.30726 -0.088724 -0.022117 0.025492 0.050413 0.17738 -0.087175 0.31602 0.16453 0.17212 0.064252 0.14125 0.092573 0.016271 0.012913 -0.035572
0.011475 0.0991 0.02287 0.055847 0.0097714 0.088821 0.018101 0.030161 0.072688 0.040259 0.088532 -2.1824e-05 0.050655 0.02439 0.07868 0.011625 0.037922 0.067115 0.0047932 0.15972 -0.13269 0 0.011465 0.3412 0.040836 -0.13058 0.14519 0.19806 0.05271 0.92313 0.021973 -0.16457 0.21108 0.34258 -0.089066 -0.1724 -0.14706 0.88234 0.28956 0.073315 0.2382 0.31987 0.091683 -0.016527 0.079554 0.68411 0.13189 0.021989 -0.028815 0.019402 0.19817 0.22393 0.092716 0.16928 -0.22505 0.97488 -0.0032637 0.36119 -0.032674 -0.061818 0.19814 0.25254 -0.0034547 0.91324 0.013218 -0.18654 0.21673 0.31914 -0.12347 -0.23778 -0.15137 0.84057 0.32752 0.07252 0.26522 0.36219 0.10191 -0.075652 0.0075365 0.59015 0.13417 0.038503 -0.068738 0.012987 0.16084 0.20019
0.021638 0.019148 0.0025702 0.0087693 0.011947 0.12993 0.077641 0.001468 0.020773 0.043686 0.012111 -0.01203 0.014084 0.013757 0.11816 0.077781 0.014453 0.039875 0.04007 0.049245 0.06767 0.011465 0 0.16743 0.10749 0.13199 0.054987 0.041803 0.086099 0.040134 0.09928 0.10055 0.10447 0.032619 0.064879 0.03563 0.066554 0.019065 0.050275 0.041248 0.058495 0.036574 0.067977 0.035016 0.0714 0.084228 0.11807 0.056468 0.026929 0.098235 0.050702 0.10329 0.02681 0.026397 0.039358 0.0015708 0.05545 0.1476 0.07786 0.11939 0.051531 0.024919 0.059495 0.037717 0.089248 0.073742 0.089467 0.0012363 0.057952 0.024025 0.047483 0.0062609 0.045069 0.027663 0.051544 0.057464 0.038056 -0.002191 0.053282 0.075513 0.08327 0.039474 0.024329 0.052659 0.032306 0.088404
-0.093314 -0.10019 -0.074129 -0.033569 -0.017757 0.23696 0.19497 -0.013288 0.0013615 -0.15628 -0.10722 -0.084412 -0.045178 -0.027637 0.24487 0.19416 -0.0055746 -0.0010632 0.29593 0.018033 0.17271 0.3412 0.16743 0 0.28745 0.3557 0.071779 0.57775 0.081887 0.55119 0.18478 0.18023 0.36925 0.086364 0.11174 0.014064 0.079479 0.28551 0.12382 -0.081349 0.14102 0.091638 0.036656 -0.039593 0.050054 0.52373 0.37375 -0.0017203 0.055665 0.16102 0.12421 0.15158 0.3353 0.041205 0.056129 0.32453 0.11882 0.84852 0.21244 0.389 0.090422 0.54749 0.072963 0.56083 0.16413 0.20437 0.39039 0.10169 0.11034 -0.013453 0.14607 0.20661 0.17839 -0.050253 0.17557 0.17627 0.039354 -0.056686 0.054922 0.51793 0.32959 -0.005612 0.054505 0.15076 0.098661 0.11249
0.051566 0.029318 0.0010152 -0.12337 -0.023307 0.22273 0.060162 -0.056528 0.01702 0.16837 -0.015619 -0.027599 -0.12521 -0.035445 0.19446 0.036374 -0.032371 0.047597 0.28408 -0.15891 0.72319 0.040836 0.10749 0.28745 0 0.49456 0.50934 0.10711 0.16913 0.10484 0.28592 0.65134 0.37323 -0.094513 0.25222 0.39737 0.2844 0.038417 -0.098957 0.16723 -0.1403 0.65843 0.092939 0.49215 0.29681 0.29286 0.10773 0.12709 0.16092 0.10096 0.0033417 -0.095133 0.10614 -0.16407 0.51126 -0.021231 0.075119 0.20051 0.76515 0.30863 0.40936 0.096868 0.069012 0.096215 0.25776 0.57139 0.30977 -0.089502 0.13463 0.30511 0.15633 0.0082242 -0.068235 0.048168 -0.14027 0.49386 0.02639 0.2003 0.16998 0.14225 0.081975 -0.0036988 0.24685 0.13099 0.008273 -0.12311
0.15343 0.035161 0.045227 0.025589 0.011795 0.1258 0.13076 -0.023222 0.0044546 0.19799 -0.022248 0.031658 0.013836 -0.018529 0.11435 0.12007 -0.038222 0.026212 0.2916 0.015054 0.52951 -0.13058 0.13199 0.3557 0.49456 0 -0.018222 0.12448 0.25172 -0.063489 0.068121 0.44897 0.10986 -0.049991 0.43694 0.36053 0.46044 -0.1163 -0.013403 0.045764 0.1243 -0.028618 -0.05688 0.39156 0.21884 0.34938 0.20347 0.41701 0.028929 0.12599 0.0038024 0.11863 0.19371 0.015263 0.33372 -0.14759 0.093495 0.29365 0.32595 0.58232 -0.10417 0.09647 0.15306 -0.058363 -1.6144e-05 0.33155 0.051598 -0.058291 0.32157 0.27541 0.35904 -0.1397 -0.0055889 0.023518 0.080515 -0.039581 -0.087249 0.15539 0.077541 0.27737 0.16323 0.25551 0.047546 0.094961 0.011467 0.075013
0.077459 0.12719 0.061082 -0.0097405 -0.010989 0.31852 -0.0067551 0.044241 0.11141 0.11333 0.129 0.062575 -0.028761 0.0042303 0.29369 -0.010721 0.072634 0.10974 -0.087184 -0.0073634 0.19588 0.14519 0.054987 0.071779 0.50934 -0.018222 0 0.046303 0.033358 0.15063 0.46959 0.20847 0.35671 0.080382 -0.20418 -0.014427 -0.21436 0.18316 0.064888 0.37684 -0.11303 0.7819 0.42773 0.055484 0.18469 0.019233 0.029513 -0.16606 0.11886 0.044078 0.13109 -0.025579 -0.099895 -0.012961 0.053294 0.11042 0.05126 0.048282 0.32181 -0.052917 0.7458 0.070293 -0.025797 0.1387 0.43464 0.19013 0.28984 0.062905 -0.27053 -0.094822 -0.22628 0.2048 0.087768 0.25706 -0.091254 0.66949 0.31058 -0.034378 0.11788 -0.063938 0.030398 -0.15425 0.10933 0.049039 0.10044 -0.035849
-0.029049 0.058632 -0.0081957 0.010699 -0.013699 0.14623 0.081362 0.022417 0.019769 -0.099614 0.04123 -0.0016059 0.025746 -0.015186 0.13849 0.038475 0.030937 0.011173 0.092944 0.016313 -0.023761 0.19806 0.041803 0.57775 0.10711 0.12448 0.046303 0 0.048116 0.42375 0.14775 0.050642 0.09354 0.026172 0.012729 0.0059549 0.023902 0.31264 0.0090273 0.0044582 0.027721 -0.021979 0.083851 -0.076401 0.0023393 0.2942 0.17642 -0.117 0.029155 0.068302 0.11026 0.093673 0.17017 0.046146 -0.061192 0.20042 0.031072 0.57827 0.05032 0.17991 0.026344 0.9591 0.081265 0.35856 0.11225 0.083988 0.10787 0.031831 0.057038 -0.0020755 0.09039 0.30849 0.076555 -0.0009673 0.082145 0.010593 0.07642 -0.068781 0.0080883 0.32146 0.15058 -0.052179 0.033384 0.058224 0.1027 0.097554
0.20317 0.16194 0.20484 0.16775 0.081102 0.085607 4.6793e-05 0.024543 0.082223 0.20891 0.14169 0.19447 0.16494 0.036107 0.085813 0.0061968 0.014536 0.10678 0.046024 0.24791 0.28551 0.05271 0.086099 0.081887 0.16913 0.25172 0.033358 0.048116 0 0.05114 0.017588 0.038388 0.05959 0.068174 0.44756 0.2922 0.47369 0.10684 0.016505 0.29294 0.12952 0.10019 0.22443 0.4801 0.31696 0.19735 0.084655 0.40307 -0.068041 0.037818 0.16708 0.34957 0.064339 0.24704 0.24817 0.032064 0.051386 0.047107 0.15296 0.15746 -0.0045075 0.038318 0.42472 0.042693 0.035921 0.04223 0.021276 0.03744 0.4149 0.24829 0.46343 0.098036 0.024431 0.2272 0.11664 0.081518 0.18689 0.31635 0.24494 0.094834 0.068582 0.31871 -0.015412 -0.0099603 0.14461 0.35731
0.009013 0.12171 0.029255 0.053357 0.010757 0.12644 0.038781 0.020321 0.098475 0.019431 0.11406 0.018767 0.048333 0.018159 0.11241 0.028268 0.036602 0.097337 0.058446 0.16829 -0.07544 0.92313 0.040134 0.55119 0.10484 -0.063489 0.15063 0.42375 0.05114 0 0.058571 -0.13195 0.28517 0.34228 -0.067301 -0.16264 -0.099882 0.92021 0.31192 0.086647 0.22288 0.29083 0.09965 -0.022092 0.058491 0.69737 0.18445 0.038775 -0.0076659 0.024871 0.26219 0.25273 0.1049 0.16366 -0.15668 0.90965 0.0094589 0.54517 0.040016 0.031075 0.20652 0.45769 0.026506 0.94089 0.046951 -0.12674 0.29057 0.31344 -0.053237 -0.19769 -0.080373 0.88066 0.35064 0.097011 0.26441 0.35437 0.10687 -0.059898 0.019275 0.63192 0.16928 0.093844 -0.043301 0.010885 0.21636 0.2311
-0.16266 -0.047394 -0.024958 -0.042644 -0.019946 0.29528 0.17132 0.053877 0.0074783 -0.036859 -0.079846 -0.061909 -0.073171 -0.034127 0.3042 0.14411 0.055227 0.0095992 0.09759 -0.086659 0.093813 0.021973 0.09928 0.18478 0.28592 0.068121 0.46959 0.14775 0.017588 0.058571 0 0.3629 0.24701 0.0067843 -0.14884 0.092636 -0.071185 0.020328 0.055589 -0.042645 -0.040647 0.34015 0.35681 -0.25468 0.20233 -0.057739 0.2261 -0.29447 0.27093 0.17654 0.038799 -0.063901 0.016547 -0.13031 -0.17724 0.013351 0.042905 0.19101 0.033574 0.028023 0.34282 0.16512 -0.11275 0.049073 0.5445 0.21313 0.20564 -0.0049784 -0.33042 -0.089522 -0.24838 0.0057257 0.08368 -0.13512 -0.040705 0.16983 0.18842 -0.38428 -0.018754 -0.075033 0.18178 -0.30774 0.21792 0.17174 0.036233 -0.09178
-0.11557 -0.11854 -0.085476 -0.17945 -0.040582 0.2083 0.16724 -0.06431 -0.053291 0.015305 -0.19598 -0.14798 -0.18204 -0.062403 0.17083 0.12205 -0.071635 -0.025825 0.64953 -0.29244 0.48099 -0.16457 0.10055 0.18023 0.65134 0.44897 0.20847 0.050642 0.038388 -0.13195 0.3629 0 0.12809 -0.23215 0.21682 0.5775 0.39997 -0.18262 -0.14702 -0.1158 -0.179 0.22704 -0.02586 -0.015572 0.27381 -0.16177 0.39745 -0.040501 0.30915 0.2652 -0.075395 -0.20514 0.31328 -0.30813 0.21293 -0.2065 0.079364 0.12379 0.35782 0.29189 0.072276 0.033378 -0.038499 -0.11672 0.21764 0.77167 0.080679 -0.21644 -0.061531 0.43422 0.08185 -0.22006 -0.10364 -0.23508 -0.19997 0.0014141 -0.11056 -0.18282 0.07508 -0.18369 0.30138 -0.21706 0.34732 0.28305 -0.046649 -0.22021
0.0085398 -0.0011057 -0.045517 -0.023754 -0.0082053 0.26389 0.068051 0.016831 0.056939 0.013827 0.0037021 -0.043435 -0.024079 -0.0069976 0.26458 0.099227 0.0014481 0.063161 0.039375 0.023599 0.15435 0.21108 0.10447 0.36925 0.37323 0.10986 0.35671 0.09354 0.05959 0.28517 0.24701 0.12809 0 0.11136 -0.033894 -0.028518 -0.065237 0.18446 0.077956 0.055246 -0.00059212 0.41877 0.18643 0.042821 0.10311 0.19833 0.16942 -0.042009 0.032387 0.097105 0.10531 0.064855 0.083622 0.017772 0.10838 0.18132 0.073012 0.33074 0.29299 0.11714 0.36406 0.10484 0.027941 0.28233 0.25633 0.15714 0.45253 0.091931 -0.038238 -0.016638 -0.010164 0.15532 0.063047 0.051527 0.0065103 0.414 0.14465 0.0043319 0.11706 0.14509 0.15798 -0.04113 0.07726 0.10441 0.070547 0.040743
0.12485 0.14563 0.045752 0.19163 0.018484 0.078168 0.026697 0.057916 0.11494 0.18463 0.11138 0.034906 0.17064 0.05237 0.09236 0.032472 0.035125 0.091155 -0.041693 0.39176 -0.1082 0.34258 0.032619 0.086364 -0.094513 -0.049991 0.080382 0.026172 0.068174 0.34228 0.0067843 -0.23215 0.11136 0 0.10265 -0.22857 -0.037761 0.39172 0.54868 0.27353 0.61855 0.20034 0.10311 0.12319 0.33377 0.38418 0.1765 0.37872 -0.075819 -0.012806 0.35446 0.48677 0.046808 0.34798 -0.10825 0.31991 -0.0003373 0.084433 -0.088944 -0.038967 0.10405 0.02682 0.033208 0.31334 -0.012108 -0.2203 0.14762 0.79979 0.15306 -0.22838 0.046309 0.35713 0.47949 0.33337 0.56708 0.25334 0.083795 0.10946 0.25976 0.29819 0.18363 0.41901 -0.10291 -0.033345 0.31574 0.45386
0.096553 0.11722 0.22956 0.19088 0.073141 -0.013908 0.027235 -0.017392 0.042865 0.21582 0.050965 0.20352 0.17321 0.024743 -0.017094 0.015259 -0.025775 0.04063 0.44978 0.22156 0.55945 -0.089066 0.064879 0.11174 0.25222 0.43694 -0.20418 0.012729 0.44756 -0.067301 -0.14884 0.21682 -0.033894 0.10265 0 0.37883 0.83914 -0.014711 0.045892 0.13083 0.34496 -0.078277 -0.065287 0.56712 0.55565 0.23468 0.25798 0.63572 -0.060398 0.02112 0.15966 0.40105 0.25403 0.23539 0.36858 -0.11892 0.028545 0.058591 0.13209 0.21248 -0.27931 0.010769 0.31901 -0.064083 -0.16952 0.083343 -0.039922 0.095112 0.70587 0.30663 0.63847 -0.037674 0.06927 0.056376 0.30623 -0.13228 -0.072696 0.25635 0.32534 0.14289 0.2151 0.46151 -0.030226 -0.023037 0.16382 0.37868
-0.047242 -0.062128 -0.0067153 -0.098189 0.0047592 0.036732 0.07251 -0.080337 -0.046495 0.099617 -0.13191 -0.03859 -0.1084 -0.04486 -0.0026875 0.031673 -0.076317 -0.040148 0.22693 -0.20878 0.47531 -0.1724 0.03563 0.014064 0.39737 0.36053 -0.014427 0.0059549 0.2922 -0.16264 0.092636 0.5775 -0.028518 -0.22857 0.37883 0 0.61463 -0.13941 -0.15903 -0.1065 -0.10564 -0.074134 -0.14846 0.21037 0.20806 -0.092977 0.012742 0.090673 0.17219 0.074018 -0.061757 -0.11047 -0.0096567 -0.22013 0.20098 -0.19441 0.058368 -0.0027617 0.13701 0.16474 -0.1722 -0.014138 0.13598 -0.15842 0.000941 0.26204 -0.035127 -0.20793 0.12711 0.58053 0.22862 -0.15586 -0.11441 -0.20546 -0.11671 -0.26002 -0.22403 -0.10761 -0.069745 -0.13952 -0.012492 -0.067282 0.15361 0.075062 -0.050352 -0.11401
0.026723 0.0074498 0.13127 0.062919 0.050938 -0.0049729 0.071355 -0.068592 -0.0070122 0.1856 -0.049852 0.10933 0.056418 -0.012507 -0.027569 0.048635 -0.059427 0.0072856 0.53635 0.018122 0.54753 -0.14706 0.066554 0.079479 0.2844 0.46044 -0.21436 0.023902 0.47369 -0.099882 -0.071185 0.39997 -0.065237 -0.037761 0.83914 0.61463 0 -0.083804 -0.055124 -0.012101 0.199 -0.19986 -0.1671 0.41364 0.39156 0.11777 0.25261 0.4938 0.046361 0.050496 0.04853 0.20154 0.26226 -0.012279 0.31933 -0.16948 0.05689 0.034098 0.065235 0.23792 -0.32181 0.0070993 0.29372 -0.10746 -0.13375 0.15212 -0.072636 -0.035953 0.52883 0.50982 0.61853 -0.1076 -0.00099251 -0.11335 0.14456 -0.29715 -0.18103 0.10458 0.097913 0.036779 0.18403 0.24079 -0.0084511 0.018399 0.06958 0.18855
0.14065 0.24726 0.10512 0.13406 0.052397 0.075812 -0.023843 0.058245 0.1744 0.16587 0.25608 0.10838 0.13621 0.061888 0.059063 -0.066681 0.046428 0.17716 -0.06445 0.2591 -0.083481 0.88234 0.019065 0.28551 0.038417 -0.1163 0.18316 0.31264 0.10684 0.92021 0.020328 -0.18262 0.18446 0.39172 -0.014711 -0.13941 -0.083804 0 0.36006 0.21982 0.27325 0.32828 0.14596 0.048586 0.12268 0.57389 0.064136 0.11049 -0.046466 -0.013444 0.31637 0.3277 -0.032293 0.2657 -0.13148 0.83466 0.00029257 0.27897 0.0032797 -0.059579 0.22885 0.36968 0.093409 0.88 0.021507 -0.18941 0.18286 0.36078 0.0092886 -0.15545 -0.048035 0.96963 0.39044 0.22875 0.32324 0.3702 0.16818 0.031344 0.088989 0.49761 0.04268 0.20538 -0.064694 -0.050651 0.27427 0.32831
0.02942 0.086904 -0.023439 0.15801 0.060045 0.10472 0.064149 0.025089 0.090206 0.2144 0.034865 -0.013014 0.091752 0.053006 0.094583 0.061285 0.015782 0.08592 0.037845 0.28788 -0.060626 0.28956 0.050275 0.12382 -0.098957 -0.013403 0.064888 0.0090273 0.016505 0.31192 0.055589 -0.14702 0.077956 0.54868 0.045892 -0.15903 -0.055124 0.36006 0 0.099388 0.87968 0.097294 0.025567 0.01238 0.29788 0.43165 0.31156 0.42974 -0.0072997 0.051613 0.4619 0.59093 0.098845 0.25972 -0.15951 0.26306 -0.0036128 0.1318 -0.1411 -0.024892 0.045713 0.014558 -0.037363 0.29204 0.01982 -0.19425 0.10638 0.489 0.040247 -0.21269 -0.090458 0.31653 0.9009 0.13195 0.77573 0.10841 0.003085 -0.069321 0.15956 0.32564 0.29443 0.3795 -0.089245 -0.0043786 0.38381 0.48321
0.3696 0.35413 0.21863 0.23269 0.099754 0.085512 -0.12364 0.064405 0.19997 0.32504 0.36561 0.24101 0.24173 0.089703 0.067845 -0.1091 0.060119 0.19263 -0.14455 0.4434 0.12752 0.073315 0.041248 -0.081349 0.16723 0.045764 0.37684 0.0044582 0.29294 0.086647 -0.042645 -0.1158 0.055246 0.27353 0.13083 -0.1065 -0.012101 0.21982 0.099388 0 0.11983 0.50647 0.36529 0.45726 0.32917 0.15794 -0.058298 0.3951 -0.090039 -0.053992 0.23216 0.36185 -0.11165 0.414 0.16633 0.068516 0.043434 -0.0918 0.21031 0.051106 0.38141 0.0082468 0.26571 0.040773 0.068674 -0.046999 0.0229 0.22868 0.2226 -0.070691 0.14079 0.2427 0.08578 0.69024 0.136 0.46674 0.33874 0.44155 0.3296 0.065489 -0.057764 0.39631 -0.0998 -0.10279 0.2089 0.38794
0.075528 0.081388 0.069817 0.27758 0.087674 0.072017 0.088982 0.024781 0.066939 0.25376 0.048745 0.062708 0.22758 0.063053 0.081543 0.096888 0.0055854 0.071217 0.091023 0.39185 0.09721 0.2382 0.058495 0.14102 -0.1403 0.1243 -0.11303 0.027721 0.12952 0.22288 -0.040647 -0.179 -0.00059212 0.61855 0.34496 -0.10564 0.199 0.27325 0.87968 0.11983 0 -0.063373 -0.0078421 0.147 0.51561 0.49901 0.31742 0.6067 -0.051429 0.021049 0.40193 0.63745 0.15276 0.36105 -0.039211 0.20597 -0.0042752 0.13898 -0.21006 0.044166 -0.12944 0.046027 0.064183 0.2131 -0.084255 -0.23514 0.060914 0.58284 0.33192 -0.18482 0.11579 0.23879 0.8106 0.14954 0.91986 -0.0078485 -0.026615 0.030243 0.33777 0.43159 0.31077 0.52367 -0.13452 -0.028852 0.33277 0.55877
0.18948 0.18605 0.073746 0.031951 0.011283 0.23731 -0.048152 0.03518 0.13859 0.21062 0.19798 0.062111 0.013357 0.034227 0.22169 -0.039673 0.060278 0.15507 -0.0074549 0.082266 0.3137 0.31987 0.036574 0.091638 0.65843 -0.028618 0.7819 -0.021979 0.10019 0.29083 0.34015 0.22704 0.41877 0.20034 -0.078277 -0.074134 -0.19986 0.32828 0.097294 0.50647 -0.063373 0 0.40025 0.2827 0.29125 0.20241 0.055119 0.057838 0.086288 0.042479 0.14719 0.07352 -0.0074874 0.073321 0.20192 0.27573 0.045159 0.061383 0.51908 -0.019998 0.75729 0.046777 0.01903 0.27241 0.35554 0.28323 0.35569 0.16268 -0.13975 -0.094099 -0.14552 0.32684 0.091096 0.40793 -0.042788 0.91557 0.33669 0.18464 0.28117 0.059361 0.055444 0.046099 0.1529 0.053679 0.1274 0.055087
0.11129 0.17895 0.18941 0.15032 0.06997 0.21143 -0.0077206 0.11244 0.13482 0.10637 0.20169 0.18204 0.13724 0.06216 0.2103 0.00063848 0.12746 0.13762 -0.10483 0.31402 -0.019495 0.091683 0.067977 0.036656 0.092939 -0.05688 0.42773 0.083851 0.22443 0.09965 0.35681 -0.02586 0.18643 0.10311 -0.065287 -0.14846 -0.1671 0.14596 0.025567 0.36529 -0.0078421 0.40025 0 0.074142 0.3368 0.0028336 0.05503 -0.016472 0.016239 0.026396 0.18401 0.2064 -0.08042 0.29293 -0.062009 0.08152 0.038569 0.016823 0.032497 -0.044032 0.40174 0.08792 0.16702 0.077906 0.3873 0.022234 0.1353 0.085744 -0.057118 -0.16735 -0.069039 0.14697 0.014694 0.31424 0.0033352 0.34209 0.58392 0.064518 0.28164 -0.052172 0.057669 0.018092 0.019317 0.028297 0.14923 0.21292
0.37981 0.22718 0.25146 0.17864 0.078808 -0.013265 -0.13892 -0.002459 0.11147 0.43649 0.2234 0.2427 0.1629 0.039534 -0.039208 -0.11808 -0.017364 0.1231 -0.058007 0.27841 0.66587 -0.016527 0.035016 -0.039593 0.49215 0.39156 0.055484 -0.076401 0.4801 -0.022092 -0.25468 -0.015572 0.042821 0.12319 0.56712 0.21037 0.41364 0.048586 0.01238 0.45726 0.147 0.2827 0.074142 0 0.45812 0.36997 -0.11208 0.64544 -0.14212 -0.090467 0.11072 0.28638 -0.032462 0.27912 0.55534 -0.045166 0.036765 -0.060351 0.44135 0.21682 0.0090901 -0.059771 0.35441 -0.040785 -0.157 0.072326 0.0042501 0.11358 0.52424 0.22381 0.38816 0.055162 -0.014107 0.40573 0.12321 0.25943 0.064236 0.72649 0.31639 0.22082 -0.082094 0.49442 -0.10857 -0.13843 0.088656 0.26511
0.081041 0.18314 0.20672 0.20049 0.080657 0.14176 0.056516 0.011174 0.086446 0.29014 0.10677 0.13337 0.17158 0.053728 0.13163 0.04114 0.01987 0.092705 0.2135 0.37925 0.38343 0.079554 0.0714 0.050054 0.29681 0.21884 0.18469 0.0023393 0.31696 0.058491 0.20233 0.27381 0.10311 0.33377 0.55565 0.20806 0.39156 0.12268 0.29788 0.32917 0.51561 0.29125 0.3368 0.45812 0 0.30071 0.17545 0.50386 0.071426 0.045203 0.23002 0.37609 0.053342 0.31142 0.14061 0.024344 0.042445 0.019619 0.02857 0.095677 0.055882 0.011965 0.11649 0.043111 0.092671 0.057918 0.093058 0.3211 0.30399 0.013265 0.17771 0.088414 0.25671 0.21243 0.43876 0.097352 0.1864 0.11452 0.55573 0.17087 0.16066 0.32738 0.079602 0.029091 0.20233 0.33433
0.14168 0.078278 0.033536 0.10705 0.0053256 0.094977 0.046273 0.010289 0.042754 0.18904 0.055459 0.052258 0.091633 0.0096254 0.093584 0.047268 0.0086043 0.051827 0.012281 0.24711 0.33311 0.68411 0.084228 0.52373 0.29286 0.34938 0.019233 0.2942 0.19735 0.69737 -0.057739 -0.16177 0.19833 0.38418 0.23468 -0.092977 0.11777 0.57389 0.43165 0.15794 0.49901 0.20241 0.0028336 0.36997 0.30071 0 0.10889 0.49583 -0.055181 0.010718 0.17826 0.36514 0.10024 0.24848 0.13985 0.65787 0.044716 0.48729 0.16519 0.31817 0.075203 0.26749 0.12202 0.70303 -0.036352 -0.12896 0.19855 0.35107 0.25988 -0.11573 0.14804 0.55936 0.38576 0.1914 0.4547 0.3123 0.012561 0.19579 0.1907 0.94486 0.088112 0.41073 -0.064357 -0.018609 0.15902 0.3178
-0.16995 -0.12429 -0.074142 -0.023727 0.0069144 0.24757 0.24571 0.0095475 0.0060459 -0.14156 -0.16551 -0.091743 -0.039867 -0.017512 0.23786 0.2186 0.015905 0.025554 0.73655 0.067299 0.06994 0.13189 0.11807 0.37375 0.10773 0.20347 0.029513 0.17642 0.084655 0.18445 0.2261 0.39745 0.16942 0.1765 0.25798 0.012742 0.25261 0.064136 0.31156 -0.058298 0.31742 0.055119 0.05503 -0.11208 0.17545 0.10889 0 0.13943 0.067615 0.24142 0.5863 0.3478 0.6437 0.063586 -0.056515 0.099943 0.077697 0.35153 -0.029086 0.13024 -0.021723 0.16722 0.046389 0.1739 0.15068 0.23493 0.17435 0.20705 0.13047 -0.010914 0.14336 -0.0037716 0.35054 -0.069782 0.32501 0.038108 0.053764 -0.14779 0.103 0.10675 0.87352 0.099997 0.048702 0.23005 0.49927 0.30006
0.35157 0.22814 0.17997 0.26917 0.11329 -0.052626 -0.050357 0.0063021 0.12047 0.36457 0.24051 0.19216 0.25618 0.088921 -0.063581 -0.049961 -0.026306 0.15439 0.089572 0.43032 0.3766 0.021989 0.056468 -0.0017203 0.12709 0.41701 -0.16606 -0.117 0.40307 0.038775 -0.29447 -0.040501 -0.042009 0.37872 0.63572 0.090673 0.4938 0.11049 0.42974 0.3951 0.6067 0.057838 -0.016472 0.64544 0.50386 0.49583 0.13943 0 -0.11669 -0.044596 0.32997 0.6288 0.1465 0.43671 0.368 -0.0018787 0.014267 -0.041868 0.19888 0.28874 -0.14603 -0.093151 0.33577 0.020915 -0.24552 0.028304 -0.038268 0.33307 0.6688 0.16089 0.53545 0.10137 0.33054 0.38489 0.53684 0.13304 0.017914 0.5029 0.45269 0.38588 0.12585 0.87326 -0.11045 -0.091572 0.25209 0.58186
-0.10087 -0.059594 -0.060917 -0.084379 -0.034345 0.049235 0.048161 -0.011723 -0.040714 -0.03113 -0.098373 -0.099034 -0.094976 -0.045961 0.031751 0.036612 -0.0089804 -0.041948 0.14604 -0.1489 0.02352 -0.028815 0.026929 0.055665 0.16092 0.028929 0.11886 0.029155 -0.068041 -0.0076659 0.27093 0.30915 0.032387 -0.075819 -0.060398 0.17219 0.046361 -0.046466 -0.0072997 -0.090039 -0.051429 0.086288 0.016239 -0.14212 0.071426 -0.055181 0.067615 -0.11669 0 0.086792 -0.081482 -0.1353 0.04273 -0.17067 -0.10562 -0.022757 0.0046777 0.054645 -0.012994 0.013124 0.05378 0.032606 -0.11284 -0.010844 0.15175 0.1984 0.018606 -0.057611 -0.17259 0.073042 -0.12581 -0.043762 0.01531 -0.16076 -0.068276 -0.025946 -0.035532 -0.24174 -0.043942 -0.043853 0.055058 -0.17435 0.22853 0.087772 -0.043731 -0.15601
-0.063733 -0.065654 -0.053974 -0.027755 -0.020714 0.15385 0.13242 0.00035974 -0.024197 -0.01264 -0.089548 -0.071911 -0.044762 -0.01486 0.13652 0.11207 -0.01417 0.02461 0.19106 -0.036051 0.0088082 0.019402 0.098235 0.16102 0.10096 0.12599 0.044078 0.068302 0.037818 0.024871 0.17654 0.2652 0.097105 -0.012806 0.02112 0.074018 0.050496 -0.013444 0.051613 -0.053992 0.021049 0.042479 0.026396 -0.090467 0.045203 0.010718 0.24142 -0.044596 0.086792 0 0.036692 0.035459 0.12541 -0.067164 -0.049665 0.010162 0.03606 0.13705 0.018764 0.10045 0.032683 0.055926 -0.025112 0.037331 0.13462 0.19882 0.077067 -0.014624 -0.025075 0.032154 -0.0044364 -0.032522 0.038153 -0.090925 -0.00033616 0.019575 -0.002875 -0.12579 0.026503 0.001297 0.20943 -0.069211 0.091873 0.17355 0.02155 0.018161
0.059475 0.18379 0.099527 0.14489 0.069502 0.11636 0.0098266 0.053432 0.13422 0.054594 0.19641 0.091034 0.14295 0.080795 0.093945 0.0052893 0.046468 0.18464 0.1465 0.3092 0.0073574 0.19817 0.050702 0.12421 0.0033417 0.0038024 0.13109 0.11026 0.16708 0.26219 0.038799 -0.075395 0.10531 0.35446 0.15966 -0.061757 0.04853 0.31637 0.4619 0.23216 0.40193 0.14719 0.18401 0.11072 0.23002 0.17826 0.5863 0.32997 -0.081482 0.036692 0 0.5162 0.2425 0.32904 0.023111 0.18589 0.038707 0.11683 0.02454 -0.015651 0.10957 0.11495 0.16868 0.23533 0.063381 -0.056972 0.11425 0.34732 0.21544 -0.045723 0.14292 0.28846 0.4236 0.26681 0.3949 0.18562 0.19487 0.10706 0.22436 0.15469 0.55269 0.3576 -0.046828 -0.0066582 0.67655 0.48935
0.22856 0.27703 0.18667 0.36124 0.14805 0.095897 0.038284 0.084474 0.19052 0.22415 0.27741 0.19306 0.33821 0.12058 0.1016 0.041733 0.0637 0.20178 0.06915 0.57689 -0.003357 0.22393 0.10329 0.15158 -0.095133 0.11863 -0.025579 0.093673 0.34957 0.25273 -0.063901 -0.20514 0.064855 0.48677 0.40105 -0.11047 0.20154 0.3277 0.59093 0.36185 0.63745 0.07352 0.2064 0.28638 0.37609 0.36514 0.3478 0.6288 -0.1353 0.035459 0.5162 0 0.16042 0.56566 0.028203 0.2108 0.05612 0.11064 -0.04076 0.087818 0.0048844 0.10668 0.33774 0.22822 -0.040049 -0.15704 0.072476 0.45487 0.50558 -0.072133 0.35288 0.31796 0.52292 0.40389 0.60941 0.16392 0.2296 0.26448 0.37274 0.31269 0.30623 0.64078 -0.13153 -0.021179 0.42118 0.78639
-0.095086 -0.15496 -0.048133 -0.05056 -0.02428 0.085963 0.13034 -0.016765 -0.035945 -0.17079 -0.17407 -0.046368 -0.023334 -0.028718 0.091516 0.13801 -0.013723 -0.014802 0.70414 -0.0060049 0.06465 0.092716 0.02681 0.3353 0.10614 0.19371 -0.099895 0.17017 0.064339 0.1049 0.016547 0.31328 0.083622 0.046808 0.25403 -0.0096567 0.26226 -0.032293 0.098845 -0.11165 0.15276 -0.0074874 -0.08042 -0.032462 0.053342 0.10024 0.6437 0.1465 0.04273 0.12541 0.2425 0.16042 0 0.012497 0.14468 0.10143 0.036959 0.35816 0.18021 0.25256 -0.1023 0.13625 0.092734 0.11357 0.016833 0.46725 0.085516 0.065622 0.33082 0.16842 0.40931 -0.07475 0.15418 -0.090937 0.20703 0.056331 -0.024698 0.012709 0.24432 0.086711 0.76158 0.14862 0.060535 0.19359 0.228 0.14675
