0 0.30351 0.24742 0.27604 0.081108 -0.029173 -0.11092 0.045298 0.19869 0.67082 0.37916 0.33424 0.28672 0.10099 -0.02489 -0.11765 0.027323 0.25382 -0.16895 0.24316 0.074215 -0.09349 0.014603 -0.11031 0.053588 0.15803 0.062827 -0.023428 0.20235 -0.08112 -0.17642 -0.085508 0.01136 0.07659 0.096851 -0.037158 0.044311 0.0562 -0.052901 0.37592 0.0019674 0.17739 0.091202 0.42498 0.056721 0.10272 -0.18733 0.38807 -0.10808 -0.059215 0.032752 0.20816 -0.032443 0.28653 0.42256 -0.079791 0.035859 -0.14656 0.32904 0.23042 0.15686 -0.055456 0.32129 -0.12811 -0.046704 0.10537 0.0069826 0.096093 0.42516 0.22082 0.31241 0.08178 -0.052805 0.45409 0.091484 0.29669 0.17697 0.59331 0.41342 0.11285 -0.13339 0.54927 -0.026906 -0.091824 0.02919 0.26099
0.30351 0 0.20769 0.22925 0.09865 0.0028431 -0.090562 0.059473 0.20905 0.31649 0.47109 0.22315 0.21068 0.08205 -0.015813 -0.1051 0.046905 0.20446 -0.12567 0.24301 0.011959 0.078452 0.0093269 -0.10164 0.0043935 0.010268 0.10964 0.059567 0.12947 0.10631 -0.045884 -0.13158 -0.0015588 0.14608 0.073942 -0.07439 -0.005825 0.21012 0.086696 0.3077 0.07259 0.16456 0.13995 0.19692 0.1484 0.085948 -0.12525 0.19275 -0.059754 -0.059415 0.14655 0.24208 -0.12951 0.23097 0.042205 0.075497 -0.0041016 -0.12385 0.025735 -0.0378 0.10761 0.045007 0.1064 0.05593 -0.029176 -0.12067 -0.035816 0.088211 0.12933 -0.022856 0.051134 0.24571 0.039222 0.29253 0.049304 0.15977 0.12988 0.16542 0.14116 0.027956 -0.13496 0.18088 -0.065724 -0.076489 0.12624 0.22276
0.24742 0.20769 0 0.38072 0.1159 0.017267 -0.02213 0.13542 0.12256 0.26091 0.23487 0.55939 0.36188 0.055397 0.015155 -0.016466 0.11441 0.13748 -0.040713 0.20639 0.10677 -0.022252 0.0018669 -0.068183 0.0034773 0.049757 0.052174 0.00037697 0.19518 -0.0092882 -0.044376 -0.080612 -0.048942 0.023768 0.23383 0.0020584 0.14979 0.051703 -0.029614 0.19718 0.052862 0.049393 0.16856 0.26184 0.17822 0.037546 -0.070854 0.19149 -0.064896 -0.043558 0.067927 0.16315 -0.025971 0.18252 0.11497 -0.038076 0.013335 -0.093465 0.0019677 0.020746 0.033572 0.0021873 0.15758 -0.048376 -0.026973 -0.085404 -0.047316 0.0027743 0.20675 -0.014898 0.1498 0.062933 -0.041083 0.18987 0.062349 0.045064 0.12448 0.19377 0.15949 -0.0071011 -0.063463 0.19415 -0.079952 -0.063021 0.075464 0.16903
0.27604 0.22925 0.38072 0 0.20954 0.00094325 -0.0059432 0.10613 0.13033 0.26487 0.2423 0.36735 0.60563 0.11599 -0.0069335 -0.01329 0.088643 0.13538 -0.080703 0.28991 -0.026039 -0.0031069 0.0050281 -0.055971 -0.10236 0.031681 -0.01747 0.0023453 0.15241 -0.002919 -0.045594 -0.14942 -0.037458 0.13486 0.17157 -0.070935 0.087927 0.077238 0.094049 0.20546 0.21306 0.017337 0.12478 0.17901 0.16671 0.083448 -0.047672 0.23261 -0.087384 -0.013141 0.089937 0.30759 -0.026745 0.27348 0.021126 -0.0060709 0.0012505 -0.066609 -0.068778 -0.0082634 0.0010168 0.013903 0.14362 -0.02999 -0.028809 -0.14094 -0.00062033 0.10259 0.24816 -0.0347 0.14738 0.094282 0.036003 0.23619 0.19425 0.047362 0.12717 0.1862 0.18334 0.061876 -0.054087 0.28041 -0.087963 -0.062052 0.093081 0.31839
0.081108 0.09865 0.1159 0.20954 0 -0.0002235 -0.012892 0.020601 0.057366 0.098306 0.084558 0.11592 0.17901 0.028235 -0.010905 -0.02047 0.027551 0.053736 -0.021845 0.10755 0.0065262 -0.0036303 0.0060463 -0.012452 -0.015647 0.020335 -0.011106 -0.0021893 0.075542 -0.0035337 -0.015526 -0.029883 -0.015961 0.0039054 0.072088 0.010971 0.061707 0.031995 0.041426 0.093637 0.067875 0.010861 0.071666 0.077314 0.072895 0.0063327 0.0084648 0.10607 -0.03425 -0.013994 0.05194 0.13554 -0.0088024 0.11324 -0.011132 -0.0098939 -0.013109 -0.038749 -0.037845 -0.005308 -0.008626 0.0057153 0.06625 -0.022321 -0.019307 -0.043761 -0.02445 0.012309 0.084121 0.0058111 0.064538 0.037652 0.017868 0.072155 0.053994 -0.0016273 0.02937 0.046653 0.055582 -0.015982 -0.010487 0.098867 -0.043159 -0.026635 0.033949 0.12238
-0.029173 0.0028431 0.017267 0.00094325 -0.0002235 0 0.17225 0.014438 0.075368 0.024826 -0.017295 0.005762 -0.010952 -0.021638 0.41294 0.18463 0.028388 0.053185 0.097707 0.03163 0.14654 0.078642 0.11083 0.22273 0.22258 0.12024 0.31893 0.11124 0.072855 0.10833 0.29435 0.19884 0.26267 0.065748 -0.031643 0.045309 -0.015788 0.055332 0.092645 0.062208 0.072736 0.2383 0.20196 -0.037943 0.1506 0.058951 0.25548 -0.093669 0.058124 0.14665 0.11264 0.078397 0.057379 0.0053682 0.0052609 0.064391 0.095542 0.20886 0.11477 0.081442 0.26321 0.12379 0.010495 0.1016 0.26395 0.13292 0.21293 0.072382 -0.11643 -0.040054 -0.091198 0.033769 0.099308 0.011401 0.065207 0.18983 0.12899 -0.10886 0.049077 0.028353 0.2054 -0.13114 0.060735 0.12108 0.084224 0.040065
-0.11092 -0.090562 -0.02213 -0.0059432 -0.012892 0.17225 0 -0.0018198 -0.0098945 -0.066859 -0.11505 -0.04635 -0.029972 -0.024639 0.17577 0.25765 -0.0066639 -0.033803 0.15282 -0.051382 0.04239 0.025313 0.063961 0.1951 0.075957 0.12346 0.0050829 0.073948 0.0025744 0.035624 0.17193 0.1712 0.066989 0.017654 0.014222 0.086067 0.070014 -0.030228 0.05784 -0.13419 0.075477 -0.043257 0.0010641 -0.15865 0.067392 0.022223 0.24564 -0.08218 0.06306 0.12513 0.014232 0.025323 0.10956 -0.056793 -0.067801 0.013158 0.024503 0.17473 -0.03261 0.070869 -0.02788 0.071397 -0.027937 0.036686 0.09562 0.096074 0.05105 0.020872 -0.069512 -0.011915 -0.029365 -0.049454 0.066414 -0.14843 0.084772 -0.064091 -0.024342 -0.1986 -0.018488 0.027889 0.19651 -0.15257 0.032296 0.10321 -3.5261e-05 -0.015242
0.045298 0.059473 0.13542 0.10613 0.020601 0.014438 -0.0018198 0 0.057356 0.03127 0.06379 0.12252 0.10022 0.012621 0.030347 0.016097 0.091458 0.058795 -0.037829 0.084349 -0.059746 0.010503 -0.0043704 -0.022095 -0.065147 -0.030647 0.028462 0.013711 0.014419 -0.0014584 0.050355 -0.068432 0.018954 0.04272 -0.015561 -0.079383 -0.062967 0.036301 0.027455 0.051859 0.026663 0.017754 0.10008 -0.0095225 -0.00019072 -0.0011615 0.0079317 -0.001308 -0.013723 0.0042676 0.035311 0.07147 -0.015471 0.064909 -0.046078 0.018206 -0.0068692 -0.014835 -0.043072 -0.0058166 0.042818 0.028973 0.024268 -0.0016772 0.054703 -0.056265 0.0087498 0.045678 -0.0074851 -0.088054 -0.017624 0.044208 0.014449 0.056537 0.040363 0.035578 0.086097 0.005575 0.01092 0.0025057 0.017673 0.047746 -0.024323 0.0043914 0.053397 0.083963
0.19869 0.20905 0.12256 0.13033 0.057366 0.075368 -0.0098945 0.057356 0 0.20553 0.21118 0.11388 0.11969 0.03825 0.045822 -0.020441 0.04662 0.17402 -0.050684 0.16629 -0.0031315 0.047437 0.0044556 -0.018315 0.0075612 -0.0015309 0.098968 0.0046968 0.071992 0.066409 0.0018585 -0.054539 0.044391 0.11095 0.034032 -0.049693 -0.0080871 0.14134 0.08033 0.1785 0.056728 0.12982 0.11625 0.10538 0.073256 0.03697 0.0020978 0.1139 -0.042096 -0.017931 0.10928 0.16671 -0.029758 0.16741 0.029744 0.033353 0.017854 -0.040405 0.032517 0.012622 0.12205 -0.0037017 0.083766 0.052559 0.045526 -0.030181 0.015796 0.075423 0.07894 -0.032094 0.036077 0.1429 0.056036 0.17612 0.053183 0.14211 0.12345 0.10219 0.11208 0.0008603 -0.0047087 0.14738 -0.041712 -0.011209 0.10263 0.16335
0.67082 0.31649 0.26091 0.26487 0.098306 0.024826 -0.066859 0.03127 0.20553 0 0.30475 0.26542 0.22207 0.088878 0.019054 -0.078145 0.018774 0.22501 -0.082217 0.24033 0.23178 -0.022037 0.038566 -0.14597 0.16541 0.21026 0.088327 -0.069553 0.21456 -0.025481 -0.061293 0.041495 0.014137 0.13416 0.23271 0.12513 0.19979 0.10942 0.15871 0.30951 0.21929 0.18905 0.079279 0.46068 0.28296 0.19162 -0.14792 0.38821 -0.043174 -0.0035696 0.02039 0.21199 -0.14787 0.19079 0.1437 -0.029786 0.021048 -0.16318 0.0796 0.10838 0.052342 -0.047869 0.1133 -0.047762 -0.057032 -0.019224 0.0040306 0.083933 0.20613 0.073333 0.089185 0.12673 0.04828 0.26347 0.10957 0.10481 0.048159 0.26459 0.10695 0.049454 -0.12024 0.35088 -0.07211 -0.081369 0.043879 0.18421
0.37916 0.47109 0.23487 0.2423 0.084558 -0.017295 -0.11505 0.06379 0.21118 0.30475 0 0.28483 0.25642 0.085154 -0.038369 -0.1183 0.080644 0.23103 -0.1954 0.27644 -0.031567 0.048581 0.0031424 -0.13204 -0.036919 -0.04292 0.11084 0.028095 0.10543 0.075721 -0.08549 -0.19734 -0.006736 0.11448 0.01164 -0.13712 -0.055492 0.20109 0.035367 0.31925 0.034179 0.17336 0.17046 0.20383 0.077833 0.045485 -0.1698 0.19384 -0.094602 -0.076804 0.16142 0.23344 -0.14114 0.28525 0.12594 0.066382 -0.0069119 -0.15348 0.10055 -0.028553 0.16288 0.0055671 0.1611 0.026511 -0.028353 -0.10463 -0.023098 0.11767 0.21143 -0.007183 0.12295 0.2527 0.0056977 0.37383 0.063676 0.2346 0.18106 0.2816 0.23822 0.027614 -0.14455 0.28318 -0.057105 -0.10432 0.15127 0.26418
0.33424 0.22315 0.55939 0.36735 0.11592 0.005762 -0.04635 0.12252 0.11388 0.26542 0.28483 0 0.39263 0.075353 0.0079011 -0.018421 0.14041 0.13463 -0.079949 0.20296 0.062541 -0.045964 -0.01458 -0.094245 -0.028795 0.034525 0.039737 -0.01101 0.174 -0.034478 -0.08109 -0.14467 -0.054158 0.013362 0.20759 -0.028004 0.12264 0.046071 -0.024882 0.21273 0.045097 0.03084 0.14906 0.25936 0.10676 0.048552 -0.10727 0.19865 -0.10441 -0.068993 0.050956 0.16654 -0.026945 0.23436 0.1831 -0.068901 0.0023854 -0.1101 0.047935 0.048807 0.044267 -0.030692 0.21903 -0.069241 -0.029031 -0.072057 -0.020919 0.024948 0.28878 0.057444 0.23064 0.053808 -0.074416 0.25129 0.060578 0.081886 0.17094 0.29539 0.22483 0.0031507 -0.083624 0.25618 -0.080019 -0.064405 0.055972 0.21179
0.28672 0.21068 0.36188 0.60563 0.17901 -0.010952 -0.029972 0.10022 0.11969 0.22207 0.25642 0.39263 0 0.14082 -0.011014 -0.010408 0.11453 0.14074 -0.079706 0.26353 -0.024752 -0.012341 0.006959 -0.072859 -0.097701 0.018692 -0.037825 0.0078861 0.14461 -0.016348 -0.076473 -0.14856 -0.034349 0.1104 0.14594 -0.078102 0.078015 0.065122 0.026827 0.2079 0.15383 -0.006667 0.10111 0.15906 0.12947 0.065259 -0.07463 0.21642 -0.093353 -0.033078 0.072275 0.27662 -0.0049948 0.27276 0.029218 -0.024023 -0.001532 -0.067459 -0.060806 0.02764 -0.02089 0.0080234 0.16945 -0.046841 -0.038499 -0.12724 -0.026525 0.10328 0.26185 -0.02223 0.16682 0.07944 0.030762 0.24035 0.20974 0.032689 0.12329 0.19995 0.18357 0.058674 -0.032577 0.29016 -0.10617 -0.06241 0.088917 0.33124
0.10099 0.08205 0.055397 0.11599 0.028235 -0.021638 -0.024639 0.012621 0.03825 0.088878 0.085154 0.075353 0.14082 0 -0.017652 -0.031173 0.0091549 0.0837 -0.02545 0.12248 -0.029782 0.00099811 0.006392 -0.029819 -0.027535 -0.0089181 -0.0082288 -0.017584 0.031419 -0.0043299 -0.035953 -0.052214 -0.010931 0.036037 0.020537 -0.035799 -0.0022681 0.032375 0.030501 0.07574 0.047878 0.025286 0.048602 0.047624 0.043075 0.013982 -0.026297 0.083993 -0.043411 -0.00755 0.054482 0.10435 -0.018701 0.1053 0.009938 -0.0034669 -0.010192 -0.024274 -0.0039939 -0.003511 0.012975 -0.018465 0.024444 -0.0046609 -0.017191 -0.023971 -0.013392 0.050478 0.077599 -0.020833 0.051897 0.046483 0.033662 0.076407 0.055351 0.033386 0.065184 0.06935 0.090773 -0.0021386 -0.017443 0.1126 -0.026781 -0.021853 0.049423 0.11907
-0.02489 -0.015813 0.015155 -0.0069335 -0.010905 0.41294 0.17577 0.030347 0.045822 0.019054 -0.038369 0.0079011 -0.011014 -0.017652 0 0.23236 0.042565 0.048617 0.0626 0.016588 0.12539 0.066606 0.098336 0.21439 0.19503 0.10098 0.29502 0.10474 0.065483 0.091809 0.29982 0.16343 0.24324 0.071244 -0.054404 -0.0013091 -0.058453 0.035982 0.083233 0.046735 0.077061 0.22074 0.1965 -0.064944 0.13376 0.054905 0.22193 -0.12099 0.032162 0.12042 0.075638 0.071122 0.053454 0.013778 0.042571 0.067138 0.1024 0.21997 0.13525 0.12415 0.2797 0.10633 0.03825 0.086777 0.25983 0.13939 0.2534 0.056161 -0.097314 -0.037925 -0.085732 0.035836 0.10781 0.021355 0.065677 0.20895 0.15205 -0.085806 0.069081 0.051428 0.21545 -0.11783 0.038971 0.13734 0.07181 0.057583
-0.11765 -0.1051 -0.016466 -0.01329 -0.02047 0.18463 0.25765 0.016097 -0.020441 -0.078145 -0.1183 -0.018421 -0.010408 -0.031173 0.23236 0 0.030665 -0.01336 0.11324 -0.029787 0.041469 0.037788 0.063196 0.19356 0.050343 0.10764 0.0033079 0.035432 0.0021307 0.046237 0.14381 0.11852 0.099168 0.029214 -0.0007914 0.037209 0.041539 -0.049486 0.070035 -0.11415 0.098561 -0.031161 0.011934 -0.1388 0.045291 0.039905 0.22449 -0.083714 0.043595 0.10681 0.025712 0.035332 0.11495 -0.031309 -0.029644 0.020802 0.043836 0.20582 -0.010234 0.11146 -0.02111 0.046554 -0.0036389 0.050291 0.10991 0.084582 0.099039 0.035059 -0.035797 -0.019596 0.0031598 -0.059881 0.088005 -0.13387 0.10505 -0.044184 -0.017919 -0.15588 -0.013533 0.039869 0.23261 -0.11245 0.029668 0.13282 0.0048224 0.02915
0.027323 0.046905 0.11441 0.088643 0.027551 0.028388 -0.0066639 0.091458 0.04662 0.018774 0.080644 0.14041 0.11453 0.0091549 0.042565 0.030665 0 0.065973 -0.027542 0.084918 -0.050151 0.030511 0.0086011 -0.0099197 -0.037118 -0.044615 0.065121 0.023144 0.012043 0.030926 0.057145 -0.069083 0.0001293 0.030686 -0.018343 -0.07484 -0.053259 0.037313 0.013662 0.048146 0.0052607 0.048006 0.11694 -0.018585 0.0083855 0.0015141 0.014438 -0.03082 -0.0097323 -0.010587 0.033724 0.05208 -0.0074053 0.076558 -0.034454 0.035051 -0.0003021 0.010477 -0.033819 -0.019738 0.048399 0.020735 0.017872 0.01691 0.040765 -0.058358 0.01768 0.040063 -0.017406 -0.098183 -0.027429 0.045572 0.0051759 0.059939 0.0059193 0.050648 0.11092 0.0057936 0.0030614 0.0067487 0.026013 0.013703 -0.012874 -0.011997 0.04613 0.068715
0.25382 0.20446 0.13748 0.13538 0.053736 0.053185 -0.033803 0.058795 0.17402 0.22501 0.23103 0.13463 0.14074 0.0837 0.048617 -0.01336 0.065973 0 -0.05426 0.1616 0.039189 0.030377 0.025719 -0.0097959 0.044749 0.029481 0.096114 0.0038906 0.090034 0.057597 -0.003037 -0.031428 0.047062 0.079982 0.027807 -0.039145 0.0088426 0.13559 0.067898 0.16611 0.054209 0.13683 0.10861 0.12984 0.075574 0.047746 0.011243 0.14124 -0.034145 0.031179 0.14217 0.17497 -0.0086107 0.1713 0.10203 0.038283 0.016479 -0.017014 0.09557 0.036569 0.12375 0.0051731 0.10616 0.037436 0.051384 0.0087981 0.037126 0.097413 0.11317 0.018112 0.08241 0.15011 0.056615 0.17339 0.067623 0.16809 0.12312 0.14679 0.15323 0.037876 0.032475 0.17353 -0.0072289 -0.004385 0.12964 0.20036
-0.16895 -0.12567 -0.040713 -0.080703 -0.021845 0.097707 0.15282 -0.037829 -0.050684 -0.082217 -0.1954 -0.079949 -0.079706 -0.02545 0.0626 0.11324 -0.027542 -0.05426 0 -0.10531 0.24995 0.022943 0.037506 0.29584 0.28607 0.31193 -0.10289 0.090007 0.044165 0.055542 0.084089 0.63692 0.020404 -0.080448 0.44815 0.22218 0.51273 -0.059692 -0.0098945 -0.15332 0.068797 -0.033445 -0.1067 -0.062601 0.23105 0.015402 0.70789 0.11837 0.15989 0.16432 0.12671 0.050488 0.62914 -0.088404 0.032112 -0.0019701 0.014777 0.24378 0.079085 0.23925 -0.14455 0.098763 0.0063079 0.062077 -0.0026463 0.44448 0.030788 -0.054345 0.13209 0.21091 0.26954 -0.10506 0.062674 -0.22821 0.063848 -0.11019 -0.10406 -0.12276 0.089042 -0.013785 0.58124 -0.08666 0.13052 0.18329 0.13771 0.012696
0.24316 0.24301 0.20639 0.28991 0.10755 0.03163 -0.051382 0.084349 0.16629 0.24033 0.27644 0.20296 0.26353 0.12248 0.016588 -0.029787 0.084918 0.1616 -0.10531 0 -0.079546 0.12122 0.043805 -0.014902 -0.15429 0.017373 -0.0090959 0.00039892 0.24819 0.14372 -0.10543 -0.31231 0.015174 0.35578 0.20983 -0.20211 0.046483 0.24977 0.24596 0.4215 0.36142 0.07037 0.29001 0.3057 0.32922 0.24518 0.025067 0.40704 -0.16065 -0.040973 0.26794 0.55451 0.02717 0.58469 -0.079991 0.12817 -0.0046529 -0.045172 -0.15792 -0.006877 0.029366 0.0030607 0.19736 0.10093 -0.055899 -0.31023 0.01103 0.3332 0.29764 -0.2276 0.13983 0.25108 0.1927 0.43692 0.34499 0.12315 0.28151 0.25689 0.28309 0.19513 0.031888 0.46181 -0.19517 -0.10139 0.22328 0.55136
0.074215 0.011959 0.10677 -0.026039 0.0065262 0.14654 0.04239 -0.059746 -0.0031315 0.23178 -0.031567 0.062541 -0.024752 -0.029782 0.12539 0.041469 -0.050151 0.039189 0.24995 -0.079546 0 -0.11473 0.054435 0.22841 0.65335 0.51843 0.20014 0.03181 0.2719 -0.044883 0.076565 0.45426 0.15476 -0.13958 0.54504 0.448 0.51131 -0.088389 -0.084489 0.095532 0.077056 0.30263 -0.016112 0.62244 0.35674 0.37025 0.087108 0.40876 0.019933 0.0094212 -0.010343 -0.030168 0.03915 -0.084034 0.65454 -0.1515 0.05952 0.15757 0.46851 0.29141 0.07095 0.050893 0.12509 -0.038064 0.044162 0.29403 0.11876 -0.11502 0.33005 0.35973 0.24857 -0.091979 -0.029236 -0.01273 0.03328 0.16194 -0.098079 0.26916 0.089969 0.17099 0.074608 0.10544 0.051631 0.0068893 0.00048047 -0.059899
-0.09349 0.078452 -0.022252 -0.0031069 -0.0036303 0.078642 0.025313 0.010503 0.047437 -0.022037 0.048581 -0.045964 -0.012341 0.00099811 0.066606 0.037788 0.030511 0.030377 0.022943 0.12122 -0.11473 0 0.0057538 0.21064 0.013669 -0.13221 0.10908 0.035921 0.034204 0.88549 0.025727 -0.17037 0.15728 0.39074 -0.084835 -0.15083 -0.12857 0.82311 0.3222 0.024065 0.26604 0.27797 0.063859 -0.019352 0.085957 0.60949 0.14666 -0.013992 -0.027165 0.012786 0.16993 0.19285 0.082863 0.098339 -0.26372 0.95723 -0.011646 0.23639 -0.12893 -0.11922 0.13248 0.096841 -0.047697 0.86684 -0.00064857 -0.21055 0.14512 0.35445 -0.19702 -0.24422 -0.20081 0.7629 0.36736 0.0023922 0.26743 0.28305 0.052742 -0.15236 -0.038662 0.53102 0.14829 -0.023221 -0.065455 0.013174 0.14206 0.15114
0.014603 0.0093269 0.0018669 0.0050281 0.0060463 0.11083 0.063961 -0.0043704 0.0044556 0.038566 0.0031424 -0.01458 0.006959 0.006392 0.098336 0.063196 0.0086011 0.025719 0.037506 0.043805 0.054435 0.0057538 0 0.1441 0.10052 0.1229 0.037552 0.019575 0.075982 0.030851 0.077526 0.099487 0.083608 0.030492 0.054331 0.037737 0.064888 0.0090504 0.042846 0.023149 0.052274 0.019423 0.047562 0.030257 0.069587 0.076203 0.11214 0.042291 0.02645 0.091582 0.043815 0.085573 0.022196 0.018356 0.025738 -0.005589 0.037668 0.12471 0.056268 0.10429 0.03863 0.0038114 0.041871 0.028086 0.070627 0.064873 0.058521 -0.00018902 0.043939 0.018986 0.028875 -0.0054822 0.029796 0.019955 0.043033 0.039294 0.021467 -0.0076607 0.042726 0.063963 0.072214 0.02093 0.018837 0.042809 0.013736 0.06746
-0.11031 -0.10164 -0.068183 -0.055971 -0.012452 0.22273 0.1951 -0.022095 -0.018315 -0.14597 -0.13204 -0.094245 -0.072859 -0.029819 0.21439 0.19356 -0.0099197 -0.0097959 0.29584 -0.014902 0.22841 0.21064 0.1441 0 0.35406 0.38059 0.074476 0.48494 0.07887 0.43668 0.18887 0.22823 0.33051 0.047725 0.12573 0.059767 0.11399 0.16622 0.074949 -0.10364 0.10678 0.073232 0.038188 -0.040636 0.071442 0.40437 0.37908 -0.028803 0.064806 0.15524 0.095047 0.11171 0.31236 -0.0045225 0.06448 0.1942 0.12052 0.79767 0.19233 0.36135 0.070568 0.45932 0.060195 0.44915 0.16091 0.21819 0.32995 0.053774 0.048429 -0.0047686 0.11563 0.086079 0.12854 -0.099323 0.11809 0.11834 0.034866 -0.082627 0.030849 0.38098 0.30528 -0.08772 0.054094 0.14333 0.060873 0.057339
0.053588 0.0043935 0.0034773 -0.10236 -0.015647 0.22258 0.075957 -0.065147 0.0075612 0.16541 -0.036919 -0.028795 -0.097701 -0.027535 0.19503 0.050343 -0.037118 0.044749 0.28607 -0.15429 0.65335 0.013669 0.10052 0.35406 0 0.50316 0.44785 0.12816 0.14642 0.11959 0.23221 0.6071 0.37135 -0.093478 0.25244 0.36017 0.26615 -0.00041972 -0.11552 0.10025 -0.12021 0.57084 0.068618 0.44966 0.28567 0.32785 0.14725 0.17324 0.13798 0.10057 -0.0060254 -0.093454 0.093851 -0.14677 0.50433 -0.033107 0.059379 0.26806 0.7194 0.35273 0.35033 0.10042 0.056625 0.10542 0.2074 0.52678 0.31757 -0.10061 0.14163 0.26186 0.15903 -0.022665 -0.080662 -0.0051375 -0.13275 0.42537 0.00025019 0.18454 0.11243 0.15937 0.1214 -0.0092153 0.22822 0.12154 -0.001844 -0.1289
0.15803 0.010268 0.049757 0.031681 0.020335 0.12024 0.12346 -0.030647 -0.0015309 0.21026 -0.04292 0.034525 0.018692 -0.0089181 0.10098 0.10764 -0.044615 0.029481 0.31193 0.017373 0.51843 -0.13221 0.1229 0.38059 0.50316 0 -0.0081552 0.1357 0.24776 -0.045892 0.044601 0.46401 0.11568 -0.081562 0.42654 0.36669 0.44787 -0.11833 -0.030382 0.037104 0.09928 -0.0097783 -0.051324 0.38138 0.24308 0.34093 0.22497 0.4152 0.023991 0.12495 -0.0038623 0.1123 0.19614 0.022933 0.32804 -0.16212 0.097972 0.30975 0.30569 0.5521 -0.096713 0.091816 0.15052 -0.04864 -0.0207 0.31973 0.051664 -0.093435 0.3212 0.26647 0.33047 -0.14438 -0.035898 0.013966 0.051917 -0.034405 -0.082903 0.15798 0.088042 0.24461 0.16802 0.23153 0.021528 0.086009 0.0079579 0.0696
0.062827 0.10964 0.052174 -0.01747 -0.011106 0.31893 0.0050829 0.028462 0.098968 0.088327 0.11084 0.039737 -0.037825 -0.0082288 0.29502 0.0033079 0.065121 0.096114 -0.10289 -0.0090959 0.20014 0.10908 0.037552 0.074476 0.44785 -0.0081552 0 0.025548 0.01158 0.12357 0.43432 0.16413 0.34875 0.074046 -0.21889 -0.018507 -0.23328 0.14194 0.060316 0.33304 -0.086789 0.72928 0.40381 0.044249 0.17714 0.0089294 0.04728 -0.14721 0.088828 0.032346 0.12485 -0.026272 -0.11101 -0.01963 0.094044 0.092707 0.047418 0.048812 0.32264 -0.023602 0.70888 0.046069 -0.049068 0.10988 0.40019 0.17029 0.29017 0.06165 -0.27058 -0.10146 -0.22405 0.16541 0.083913 0.21679 -0.075582 0.63663 0.28133 -0.028389 0.086545 -0.073658 0.063266 -0.17558 0.098342 0.036449 0.093353 -0.051604
-0.023428 0.059567 0.00037697 0.0023453 -0.0021893 0.11124 0.073948 0.013711 0.0046968 -0.069553 0.028095 -0.01101 0.0078861 -0.017584 0.10474 0.035432 0.023144 0.0038906 0.090007 0.00039892 0.03181 0.035921 0.019575 0.48494 0.12816 0.1357 0.025548 0 0.038875 0.27516 0.13394 0.076539 0.058766 0.0067397 0.02842 0.042395 0.061469 0.17006 -0.030309 -0.0031374 0.016306 -0.058139 0.068648 -0.038135 0.025638 0.18399 0.17781 -0.092137 0.022701 0.055496 0.081181 0.061804 0.17469 0.010218 -0.018478 0.042798 0.021786 0.48675 0.028576 0.15015 -0.0070394 0.9217 0.052763 0.19724 0.11172 0.095679 0.067987 0.0032602 0.043101 0.019448 0.089987 0.16798 0.016163 -0.012872 0.045009 -0.045308 0.051456 -0.059627 0.021381 0.18202 0.14119 -0.04745 0.028878 0.052635 0.076822 0.048804
0.20235 0.12947 0.19518 0.15241 0.075542 0.072855 0.0025744 0.014419 0.071992 0.21456 0.10543 0.174 0.14461 0.031419 0.065483 0.0021307 0.012043 0.090034 0.044165 0.24819 0.2719 0.034204 0.075982 0.07887 0.14642 0.24776 0.01158 0.038875 0 0.025784 -0.0082064 0.029313 0.040757 0.055185 0.44018 0.30317 0.46749 0.084658 0.0007231 0.27824 0.12347 0.071667 0.20274 0.47313 0.29247 0.20113 0.068136 0.43352 -0.061917 0.038791 0.13118 0.33363 0.075951 0.22796 0.23247 0.0066153 0.039528 0.045967 0.11887 0.1591 -0.033239 0.024901 0.3933 0.017153 -0.0065462 0.011726 0.0040439 0.027239 0.40709 0.23918 0.4378 0.070886 0.0066266 0.20949 0.11274 0.051257 0.15085 0.31053 0.21516 0.088662 0.052803 0.32176 -0.040128 -0.019422 0.11914 0.32868
-0.08112 0.10631 -0.0092882 -0.002919 -0.0035337 0.10833 0.035624 -0.0014584 0.066409 -0.025481 0.075721 -0.034478 -0.016348 -0.0043299 0.091809 0.046237 0.030926 0.057597 0.055542 0.14372 -0.044883 0.88549 0.030851 0.43668 0.11959 -0.045892 0.12357 0.27516 0.025784 0 0.047244 -0.13496 0.23682 0.37938 -0.066925 -0.15114 -0.08366 0.87838 0.33668 0.056043 0.24893 0.2508 0.067726 -0.0084751 0.066177 0.64572 0.19341 0.022104 -0.02031 0.013839 0.23802 0.22945 0.087752 0.10137 -0.17961 0.87385 -0.0015003 0.43546 -0.029219 -0.018003 0.15362 0.31064 -0.01671 0.90042 0.018759 -0.1575 0.22054 0.33284 -0.12766 -0.2146 -0.1318 0.8212 0.37862 0.039505 0.25498 0.28295 0.061137 -0.11259 -0.035002 0.58693 0.17956 0.044786 -0.053868 -1.585e-05 0.19502 0.18453
-0.17642 -0.045884 -0.044376 -0.045594 -0.015526 0.29435 0.17193 0.050355 0.0018585 -0.061293 -0.08549 -0.08109 -0.076473 -0.035953 0.29982 0.14381 0.057145 -0.003037 0.084089 -0.10543 0.076565 0.025727 0.077526 0.18887 0.23221 0.044601 0.43432 0.13394 -0.0082064 0.047244 0 0.31501 0.22872 0.00057551 -0.17101 0.0713 -0.11573 0.00064552 0.063532 -0.075933 -0.011319 0.31436 0.34095 -0.28741 0.1808 -0.067957 0.22987 -0.31468 0.23405 0.1724 0.033939 -0.062696 -0.016504 -0.13638 -0.16887 0.016506 0.042994 0.19122 0.032882 0.018896 0.3168 0.15948 -0.13117 0.045481 0.50479 0.19591 0.19813 -0.0015346 -0.34759 -0.12285 -0.26071 -0.0083363 0.090239 -0.16714 -0.02335 0.15097 0.17606 -0.38582 -0.046225 -0.080961 0.19189 -0.3543 0.20235 0.16297 0.012519 -0.098692
-0.085508 -0.13158 -0.080612 -0.14942 -0.029883 0.19884 0.1712 -0.068432 -0.054539 0.041495 -0.19734 -0.14467 -0.14856 -0.052214 0.16343 0.11852 -0.069083 -0.031428 0.63692 -0.31231 0.45426 -0.17037 0.099487 0.22823 0.6071 0.46401 0.16413 0.076539 0.029313 -0.13496 0.31501 0 0.11684 -0.27334 0.23851 0.55639 0.36311 -0.2024 -0.18141 -0.15359 -0.17316 0.17416 -0.040786 -0.048984 0.26628 -0.1527 0.41441 0.032508 0.2972 0.25608 -0.088912 -0.21155 0.24925 -0.29495 0.20425 -0.21357 0.07073 0.16433 0.35602 0.32824 0.032149 0.060688 -0.035147 -0.10846 0.163 0.7579 0.073657 -0.24791 -0.03498 0.41984 0.1015 -0.23463 -0.13592 -0.26463 -0.19892 -0.047342 -0.13146 -0.18561 0.04064 -0.17659 0.29366 -0.23396 0.34791 0.26367 -0.068326 -0.22981
0.01136 -0.0015588 -0.048942 -0.037458 -0.015961 0.26267 0.066989 0.018954 0.044391 0.014137 -0.006736 -0.054158 -0.034349 -0.010931 0.24324 0.099168 0.0001293 0.047062 0.020404 0.015174 0.15476 0.15728 0.083608 0.33051 0.37135 0.11568 0.34875 0.058766 0.040757 0.23682 0.22872 0.11684 0 0.10341 -0.054296 -0.036975 -0.075647 0.13881 0.067997 0.03684 -0.0012768 0.40867 0.1819 0.041766 0.099301 0.14119 0.15987 -0.058385 0.02669 0.082222 0.098117 0.048712 0.05319 0.0027857 0.10955 0.1457 0.065547 0.28261 0.28515 0.10382 0.35191 0.060591 0.0066397 0.23215 0.24386 0.14034 0.4116 0.076928 -0.08028 -0.040939 -0.039781 0.11376 0.051905 0.031044 -0.0096198 0.39526 0.14044 -0.0059058 0.088102 0.090614 0.14026 -0.082499 0.07243 0.081947 0.059633 0.011061
0.07659 0.14608 0.023768 0.13486 0.0039054 0.065748 0.017654 0.04272 0.11095 0.13416 0.11448 0.013362 0.1104 0.036037 0.071244 0.029214 0.030686 0.079982 -0.080448 0.35578 -0.13958 0.39074 0.030492 0.047725 -0.093478 -0.081562 0.074046 0.0067397 0.055185 0.37938 0.00057551 -0.27334 0.10341 0 0.059437 -0.24489 -0.056971 0.41344 0.53686 0.24012 0.59926 0.19285 0.095788 0.11059 0.29867 0.36835 0.15553 0.26534 -0.087218 -0.024234 0.35301 0.46492 0.010158 0.30703 -0.13199 0.38169 -0.0026364 0.056699 -0.11742 -0.075698 0.097558 0.0097153 0.017488 0.34488 -0.014458 -0.25787 0.13267 0.78273 0.10181 -0.24242 0.007068 0.3868 0.47496 0.27836 0.5479 0.25032 0.079945 0.077617 0.22585 0.31069 0.16188 0.32445 -0.09306 -0.038566 0.31166 0.41841
0.096851 0.073942 0.23383 0.17157 0.072088 -0.031643 0.014222 -0.015561 0.034032 0.23271 0.01164 0.20759 0.14594 0.020537 -0.054404 -0.0007914 -0.018343 0.027807 0.44815 0.20983 0.54504 -0.084835 0.054331 0.12573 0.25244 0.42654 -0.21889 0.02842 0.44018 -0.066925 -0.17101 0.23851 -0.054296 0.059437 0 0.41484 0.82788 -0.0183 -0.013425 0.12113 0.26373 -0.10166 -0.064302 0.55488 0.54346 0.24721 0.21432 0.64131 -0.045267 0.02355 0.10427 0.33451 0.2249 0.20896 0.31644 -0.12371 0.017266 0.056088 0.077936 0.19297 -0.30373 0.012254 0.28915 -0.066522 -0.20165 0.060196 -0.06558 0.053521 0.6547 0.31284 0.60208 -0.049129 0.0076996 0.03269 0.23511 -0.17801 -0.093462 0.24236 0.2904 0.12309 0.16307 0.43007 -0.054821 -0.02624 0.12323 0.32178
-0.037158 -0.07439 0.0020584 -0.070935 0.010971 0.045309 0.086067 -0.079383 -0.049693 0.12513 -0.13712 -0.028004 -0.078102 -0.035799 -0.0013091 0.037209 -0.07484 -0.039145 0.22218 -0.20211 0.448 -0.15083 0.037737 0.059767 0.36017 0.36669 -0.018507 0.042395 0.30317 -0.15114 0.0713 0.55639 -0.036975 -0.24489 0.41484 0 0.60556 -0.13241 -0.15783 -0.11955 -0.088266 -0.086754 -0.14315 0.17998 0.24524 -0.062779 0.044244 0.14503 0.15877 0.097036 -0.069966 -0.10853 -0.039033 -0.19517 0.15155 -0.18825 0.052463 0.041299 0.077879 0.17862 -0.18929 0.02798 0.12686 -0.13765 -0.035058 0.23041 -0.026771 -0.21038 0.15087 0.54568 0.22313 -0.16115 -0.10252 -0.22239 -0.084287 -0.28377 -0.2258 -0.14953 -0.10007 -0.13443 0.0007609 -0.073056 0.12586 0.076334 -0.048949 -0.1127
0.044311 -0.005825 0.14979 0.087927 0.061707 -0.015788 0.070014 -0.062967 -0.0080871 0.19979 -0.055492 0.12264 0.078015 -0.0022681 -0.058453 0.041539 -0.053259 0.0088426 0.51273 0.046483 0.51131 -0.12857 0.064888 0.11399 0.26615 0.44787 -0.23328 0.061469 0.46749 -0.08366 -0.11573 0.36311 -0.075647 -0.056971 0.82788 0.60556 0 -0.06569 -0.082559 -0.0052958 0.1833 -0.21935 -0.16982 0.41065 0.36736 0.1454 0.23499 0.53781 0.032973 0.052721 0.016708 0.20472 0.23518 0.011846 0.2701 -0.15773 0.050993 0.055051 0.009326 0.23811 -0.3494 0.046901 0.28057 -0.090476 -0.18582 0.11438 -0.084124 -0.052312 0.52573 0.47555 0.61673 -0.095618 -0.030248 -0.10674 0.14634 -0.32216 -0.19982 0.10601 0.065071 0.046221 0.15614 0.26505 -0.057568 0.0099791 0.049148 0.1972
0.0562 0.21012 0.051703 0.077238 0.031995 0.055332 -0.030228 0.036301 0.14134 0.10942 0.20109 0.046071 0.065122 0.032375 0.035982 -0.049486 0.037313 0.13559 -0.059692 0.24977 -0.088389 0.82311 0.0090504 0.16622 -0.00041972 -0.11833 0.14194 0.17006 0.084658 0.87838 0.00064552 -0.2024 0.13881 0.41344 -0.0183 -0.13241 -0.06569 0 0.36255 0.19316 0.28272 0.28153 0.11069 0.064945 0.11247 0.53194 0.055953 0.10753 -0.061419 -0.020628 0.27607 0.29837 -0.021964 0.21779 -0.1637 0.77126 -0.015667 0.17454 -0.065736 -0.099786 0.17681 0.22461 0.042998 0.82158 0.00077323 -0.22634 0.1233 0.37455 -0.051488 -0.17486 -0.08642 0.94576 0.39648 0.1868 0.30212 0.31006 0.12135 -0.011303 0.047956 0.47025 0.056126 0.19432 -0.078307 -0.050639 0.24502 0.2872
-0.052901 0.086696 -0.029614 0.094049 0.041426 0.092645 0.05784 0.027455 0.08033 0.15871 0.035367 -0.024882 0.026827 0.030501 0.083233 0.070035 0.013662 0.067898 -0.0098945 0.24596 -0.084489 0.3222 0.042846 0.074949 -0.11552 -0.030382 0.060316 -0.030309 0.0007231 0.33668 0.063532 -0.18141 0.067997 0.53686 -0.013425 -0.15783 -0.082559 0.36255 0 0.053008 0.86011 0.064906 0.0307 -0.027044 0.28703 0.41892 0.2721 0.26841 -0.0073712 0.038875 0.44414 0.54952 0.015363 0.20478 -0.21271 0.30887 -0.012014 0.098135 -0.20751 -0.072661 0.030421 -0.0247 -0.066085 0.32088 0.029981 -0.23865 0.088202 0.48667 -0.053164 -0.23179 -0.17501 0.32874 0.86927 0.062575 0.75983 0.064578 -0.0070404 -0.14567 0.098226 0.33214 0.2528 0.22945 -0.087997 -0.026344 0.34838 0.42925
0.37592 0.3077 0.19718 0.20546 0.093637 0.062208 -0.13419 0.051859 0.1785 0.30951 0.31925 0.21273 0.2079 0.07574 0.046735 -0.11415 0.048146 0.16611 -0.15332 0.4215 0.095532 0.024065 0.023149 -0.10364 0.10025 0.037104 0.33304 -0.0031374 0.27824 0.056043 -0.075933 -0.15359 0.03684 0.24012 0.12113 -0.11955 -0.0052958 0.19316 0.053008 0 0.083634 0.46146 0.33525 0.45761 0.27331 0.14965 -0.1015 0.40119 -0.10928 -0.064355 0.17934 0.33649 -0.063838 0.37929 0.17767 0.03769 0.037459 -0.11513 0.17884 0.063244 0.33902 -0.013373 0.24245 0.0045811 0.037964 -0.077272 0.0076246 0.19508 0.23377 -0.055663 0.14566 0.22709 0.044102 0.66725 0.11049 0.43677 0.30321 0.45252 0.30225 0.06968 -0.071592 0.40717 -0.11868 -0.10465 0.17679 0.35558
0.0019674 0.07259 0.052862 0.21306 0.067875 0.072736 0.075477 0.026663 0.056728 0.21929 0.034179 0.045097 0.15383 0.047878 0.077061 0.098561 0.0052607 0.054209 0.068797 0.36142 0.077056 0.26604 0.052274 0.10678 -0.12021 0.09928 -0.086789 0.016306 0.12347 0.24893 -0.011319 -0.17316 -0.0012768 0.59926 0.26373 -0.088266 0.1833 0.28272 0.86011 0.083634 0 -0.069735 0.016757 0.10178 0.50995 0.47638 0.29032 0.43709 -0.042734 0.01712 0.3932 0.59593 0.099511 0.3048 -0.1016 0.23492 -0.011664 0.10891 -0.26898 -0.01755 -0.12043 0.033894 0.039458 0.2366 -0.060989 -0.26829 0.040073 0.57298 0.19856 -0.19058 -0.0058227 0.25141 0.79315 0.096335 0.89441 -0.030934 -0.020605 -0.058275 0.27145 0.42373 0.26875 0.36019 -0.14064 -0.035608 0.30981 0.50395
0.17739 0.16456 0.049393 0.017337 0.010861 0.2383 -0.043257 0.017754 0.12982 0.18905 0.17336 0.03084 -0.006667 0.025286 0.22074 -0.031161 0.048006 0.13683 -0.033445 0.07037 0.30263 0.27797 0.019423 0.073232 0.57084 -0.0097783 0.72928 -0.058139 0.071667 0.2508 0.31436 0.17416 0.40867 0.19285 -0.10166 -0.086754 -0.21935 0.28153 0.064906 0.46146 -0.069735 0 0.38271 0.28336 0.27645 0.17623 0.046025 0.088003 0.059267 0.02265 0.12259 0.051226 0.0037369 0.052241 0.22697 0.2589 0.035756 0.047374 0.48146 0.0095104 0.69888 -0.004463 -0.015418 0.22236 0.32488 0.25127 0.34633 0.14661 -0.16663 -0.10046 -0.15098 0.2886 0.073351 0.35329 -0.064106 0.8769 0.3011 0.1755 0.23281 0.040446 0.07684 0.015472 0.14132 0.028634 0.10834 0.016691
0.091202 0.13995 0.16856 0.12478 0.071666 0.20196 0.0010641 0.10008 0.11625 0.079279 0.17046 0.14906 0.10111 0.048602 0.1965 0.011934 0.11694 0.10861 -0.1067 0.29001 -0.016112 0.063859 0.047562 0.038188 0.068618 -0.051324 0.40381 0.068648 0.20274 0.067726 0.34095 -0.040786 0.1819 0.095788 -0.064302 -0.14315 -0.16982 0.11069 0.0307 0.33525 0.016757 0.38271 0 0.060192 0.3188 -0.012439 0.056075 -0.018019 0.014423 0.032601 0.1658 0.19036 -0.064413 0.26358 -0.045584 0.057274 0.027216 0.0093783 0.037868 -0.040739 0.38008 0.078698 0.1302 0.044243 0.36436 0.0095662 0.12769 0.08404 -0.075034 -0.19139 -0.068746 0.1129 0.017403 0.28854 0.011585 0.32844 0.55061 0.052061 0.26693 -0.064721 0.078365 -0.0027265 0.009418 0.014169 0.12519 0.18282
0.42498 0.19692 0.26184 0.17901 0.077314 -0.037943 -0.15865 -0.0095225 0.10538 0.46068 0.20383 0.25936 0.15906 0.047624 -0.064944 -0.1388 -0.018585 0.12984 -0.062601 0.3057 0.62244 -0.019352 0.030257 -0.040636 0.44966 0.38138 0.044249 -0.038135 0.47313 -0.0084751 -0.28741 -0.048984 0.041766 0.11059 0.55488 0.17998 0.41065 0.064945 -0.027044 0.45761 0.10178 0.28336 0.060192 0 0.40727 0.40475 -0.15959 0.66749 -0.15626 -0.10432 0.07852 0.27019 -0.017149 0.28092 0.56647 -0.046418 0.026933 -0.068997 0.41252 0.22152 0.0046467 -0.053247 0.34994 -0.043672 -0.19779 0.012199 -0.0087975 0.084038 0.54374 0.23478 0.37343 0.065555 -0.062302 0.41488 0.089177 0.26662 0.053007 0.7311 0.31384 0.24122 -0.11699 0.53272 -0.13744 -0.15834 0.077732 0.2564
0.056721 0.1484 0.17822 0.16671 0.072895 0.1506 0.067392 -0.00019072 0.073256 0.28296 0.077833 0.10676 0.12947 0.043075 0.13376 0.045291 0.0083855 0.075574 0.23105 0.32922 0.35674 0.085957 0.069587 0.071442 0.28567 0.24308 0.17714 0.025638 0.29247 0.066177 0.1808 0.26628 0.099301 0.29867 0.54346 0.24524 0.36736 0.11247 0.28703 0.27331 0.50995 0.27645 0.3188 0.40727 0 0.31237 0.19558 0.49324 0.08973 0.05509 0.20555 0.34448 0.017274 0.25616 0.12635 0.034179 0.030237 0.027639 -0.0023916 0.10515 0.037936 0.037356 0.069504 0.057414 0.062701 0.026212 0.081543 0.29682 0.23462 -0.0051932 0.12809 0.082784 0.25643 0.14257 0.42701 0.056012 0.13773 0.050187 0.48236 0.17928 0.16806 0.25243 0.078289 0.020406 0.1813 0.29075
0.10272 0.085948 0.037546 0.083448 0.0063327 0.058951 0.022223 -0.0011615 0.03697 0.19162 0.045485 0.048552 0.065259 0.013982 0.054905 0.039905 0.0015141 0.047746 0.015402 0.24518 0.37025 0.60949 0.076203 0.40437 0.32785 0.34093 0.0089294 0.18399 0.20113 0.64572 -0.067957 -0.1527 0.14119 0.36835 0.24721 -0.062779 0.1454 0.53194 0.41892 0.14965 0.47638 0.17623 -0.012439 0.40475 0.31237 0 0.080153 0.45412 -0.062446 -0.018509 0.15915 0.35184 0.089437 0.21713 0.1446 0.57895 0.030776 0.37698 0.087832 0.24687 0.036487 0.15574 0.10214 0.64556 -0.063728 -0.17803 0.12599 0.31778 0.21858 -0.10067 0.094962 0.52367 0.36831 0.15314 0.4153 0.24554 -0.0064491 0.17449 0.15008 0.91276 0.051452 0.36283 -0.082183 -0.042556 0.13982 0.28931
-0.18733 -0.12525 -0.070854 -0.047672 0.0084648 0.25548 0.24564 0.0079317 0.0020978 -0.14792 -0.1698 -0.10727 -0.07463 -0.026297 0.22193 0.22449 0.014438 0.011243 0.70789 0.025067 0.087108 0.14666 0.11214 0.37908 0.14725 0.22497 0.04728 0.17781 0.068136 0.19341 0.22987 0.41441 0.15987 0.15553 0.21432 0.044244 0.23499 0.055953 0.2721 -0.1015 0.29032 0.046025 0.056075 -0.15959 0.19558 0.080153 0 0.072152 0.088397 0.24066 0.54469 0.28721 0.59513 0.022734 -0.083879 0.11277 0.069744 0.34766 -0.027451 0.12717 -0.018669 0.17618 0.013643 0.18861 0.15609 0.25323 0.14746 0.18367 0.054934 -0.020696 0.10305 -0.012556 0.30886 -0.12884 0.29446 0.0044901 0.043695 -0.21252 0.071863 0.081368 0.82675 -0.0215 0.071944 0.21841 0.43399 0.21736
0.38807 0.19275 0.19149 0.23261 0.10607 -0.093669 -0.08218 -0.001308 0.1139 0.38821 0.19384 0.19865 0.21642 0.083993 -0.12099 -0.083714 -0.03082 0.14124 0.11837 0.40704 0.40876 -0.013992 0.042291 -0.028803 0.17324 0.4152 -0.14721 -0.092137 0.43352 0.022104 -0.31468 0.032508 -0.058385 0.26534 0.64131 0.14503 0.53781 0.10753 0.26841 0.40119 0.43709 0.088003 -0.018019 0.66749 0.49324 0.45412 0.072152 0 -0.108 -0.061072 0.2662 0.5591 0.18798 0.40327 0.39679 -0.037381 0.0036974 -0.071157 0.21871 0.27163 -0.15346 -0.088952 0.34747 -0.011961 -0.276 0.050015 -0.078953 0.22565 0.65562 0.24662 0.53559 0.10774 0.18091 0.37573 0.39222 0.12396 0.0086968 0.53291 0.44892 0.35562 0.061485 0.8062 -0.11041 -0.097533 0.20274 0.50594
-0.10808 -0.059754 -0.064896 -0.087384 -0.03425 0.058124 0.06306 -0.013723 -0.042096 -0.043174 -0.094602 -0.10441 -0.093353 -0.043411 0.032162 0.043595 -0.0097323 -0.034145 0.15989 -0.16065 0.019933 -0.027165 0.02645 0.064806 0.13798 0.023991 0.088828 0.022701 -0.061917 -0.02031 0.23405 0.2972 0.02669 -0.087218 -0.045267 0.15877 0.032973 -0.061419 -0.0073712 -0.10928 -0.042734 0.059267 0.014423 -0.15626 0.08973 -0.062446 0.088397 -0.108 0 0.089765 -0.07622 -0.12994 0.032988 -0.16556 -0.10232 -0.024973 0.0028833 0.053126 -0.0048193 0.017778 0.030019 0.033006 -0.11105 -0.015509 0.11988 0.21332 0.015234 -0.051655 -0.17587 0.064584 -0.10782 -0.067057 0.017284 -0.18593 -0.069786 -0.03983 -0.046406 -0.24795 -0.034167 -0.044058 0.064498 -0.18989 0.23905 0.084268 -0.045267 -0.16374
-0.059215 -0.059415 -0.043558 -0.013141 -0.013994 0.14665 0.12513 0.0042676 -0.017931 -0.0035696 -0.076804 -0.068993 -0.033078 -0.00755 0.12042 0.10681 -0.010587 0.031179 0.16432 -0.040973 0.0094212 0.012786 0.091582 0.15524 0.10057 0.12495 0.032346 0.055496 0.038791 0.013839 0.1724 0.25608 0.082222 -0.024234 0.02355 0.097036 0.052721 -0.020628 0.038875 -0.064355 0.01712 0.02265 0.032601 -0.10432 0.05509 -0.018509 0.24066 -0.061072 0.089765 0 0.039088 0.036212 0.095101 -0.064226 -0.066724 0.0011351 0.032169 0.12827 0.0057365 0.094194 0.023993 0.0497 -0.036031 0.029434 0.11919 0.18668 0.056313 -0.018152 -0.036218 0.022899 0.001243 -0.041643 0.023256 -0.096313 -0.0086088 -0.0064886 1.5985e-05 -0.14839 0.011216 -0.025756 0.19308 -0.10193 0.099779 0.15172 0.014014 0.0040839
0.032752 0.14655 0.067927 0.089937 0.05194 0.11264 0.014232 0.035311 0.10928 0.02039 0.16142 0.050956 0.072275 0.054482 0.075638 0.025712 0.033724 0.14217 0.12671 0.26794 -0.010343 0.16993 0.043815 0.095047 -0.0060254 -0.0038623 0.12485 0.081181 0.13118 0.23802 0.033939 -0.088912 0.098117 0.35301 0.10427 -0.069966 0.016708 0.27607 0.44414 0.17934 0.3932 0.12259 0.1658 0.07852 0.20555 0.15915 0.54469 0.2662 -0.07622 0.039088 0 0.45385 0.22428 0.26936 0.010264 0.1686 0.023455 0.094723 0.0040931 -0.02337 0.10779 0.072817 0.12573 0.20911 0.066882 -0.065402 0.098051 0.34448 0.15851 -0.063122 0.086405 0.24548 0.40167 0.21616 0.38214 0.15617 0.166 0.071054 0.21164 0.1427 0.52802 0.3091 -0.048308 -0.0025384 0.61712 0.41888
0.20816 0.24208 0.16315 0.30759 0.13554 0.078397 0.025323 0.07147 0.16671 0.21199 0.23344 0.16654 0.27662 0.10435 0.071122 0.035332 0.05208 0.17497 0.050488 0.55451 -0.030168 0.19285 0.085573 0.11171 -0.093454 0.1123 -0.026272 0.061804 0.33363 0.22945 -0.062696 -0.21155 0.048712 0.46492 0.33451 -0.10853 0.20472 0.29837 0.54952 0.33649 0.59593 0.051226 0.19036 0.27019 0.34448 0.35184 0.28721 0.5591 -0.12994 0.036212 0.45385 0 0.16999 0.51937 -0.0030303 0.18099 0.046403 0.073839 -0.075645 0.065222 0.00028506 0.066412 0.299 0.19353 -0.036526 -0.18443 0.043045 0.43687 0.44436 -0.078598 0.29975 0.29138 0.46808 0.37192 0.56705 0.13234 0.20182 0.23538 0.34807 0.30449 0.26271 0.59537 -0.14259 -0.028604 0.36757 0.73662
-0.032443 -0.12951 -0.025971 -0.026745 -0.0088024 0.057379 0.10956 -0.015471 -0.029758 -0.14787 -0.14114 -0.026945 -0.0049948 -0.018701 0.053454 0.11495 -0.0074053 -0.0086107 0.62914 0.02717 0.03915 0.082863 0.022196 0.31236 0.093851 0.19614 -0.11101 0.17469 0.075951 0.087752 -0.016504 0.24925 0.05319 0.010158 0.2249 -0.039033 0.23518 -0.021964 0.015363 -0.063838 0.099511 0.0037369 -0.064413 -0.017149 0.017274 0.089437 0.59513 0.18798 0.032988 0.095101 0.22428 0.16999 0 0.041236 0.14995 0.090633 0.036829 0.34035 0.19269 0.2645 -0.11021 0.14462 0.11432 0.10404 -0.009127 0.43547 0.055071 0.025853 0.34039 0.16016 0.43522 -0.058732 0.071715 -0.039796 0.18114 0.071101 -0.0062888 0.057276 0.23895 0.092092 0.7054 0.17638 0.070898 0.16986 0.19625 0.157
