0,0.328589409589767,0.265309572219849,0.278899699449539,0.0882424041628838,-0.00944508891552687,-0.0894248485565186,0.0598692409694195,0.208011254668236,0.720927953720093,0.410171061754227,0.355929225683212,0.293726623058319,0.115249991416931,0.00100440497044474,-0.0967758521437645,0.0411459617316723,0.263022065162659,-0.161542907357216,0.233681976795197,0.0579768531024456,-0.0224138163030148,0.0229327194392681,-0.0553246214985847,0.0563789792358875,0.134837493300438,0.0912570431828499,0.0333987548947334,0.185711354017258,0.00214772345498204,-0.157494589686394,-0.120370402932167,0.0131710339337587,0.129614815115929,0.0902265906333923,-0.0740232691168785,0.012081497348845,0.116678357124329,0.0689601302146912,0.364438444375992,0.0790761262178421,0.182540223002434,0.0901962220668793,0.361733704805374,0.0241198446601629,0.18661080300808,-0.181444421410561,0.351507723331451,-0.105797931551933,-0.0656242519617081,0.029605757445097,0.229262933135033,-0.0442973673343658,0.271802753210068,0.41852542757988,-0.0187583565711975,0.0355554930865765,-0.0741170644760132,0.369199484586716,0.25217679142952,0.189257204532623,0.00809404812753201,0.320177793502808,-0.0296871084719896,-0.0310328658670187,0.12266368418932,0.0264247078448534,0.142030403017998,0.39427575469017,0.192941531538963,0.300616353750229,0.137694731354713,0.0717145651578903,0.451689720153809,0.184747323393822,0.317420840263367,0.172298416495323,0.596523523330688,0.393108725547791,0.200491979718208,-0.125505954027176,0.536391913890839,-0.00442191306501627,-0.0872941240668297,0.0495053753256798,0.281048685312271
0.328589409589767,0,0.241401866078377,0.265710741281509,0.112081103026867,0.016315994784236,-0.0768508762121201,0.0712990984320641,0.221655666828156,0.3452188372612,0.485434800386429,0.258477628231049,0.25073778629303,0.0959028154611588,-0.0012745747808367,-0.0945686548948288,0.0548278726637363,0.208271443843842,-0.111130237579346,0.257076531648636,0.0428422875702381,0.0949026942253113,0.0195562839508057,-0.0496185459196568,0.0648175850510597,0.043132159858942,0.143380552530289,0.0808324739336967,0.141298040747643,0.136024922132492,-0.0301035810261965,-0.110061295330524,0.0160658396780491,0.18195079267025,0.106867536902428,-0.0727644041180611,0.00723850401118398,0.233166307210922,0.144239440560341,0.330773383378983,0.125578567385674,0.194359242916107,0.158108860254288,0.21161949634552,0.156856060028076,0.133219912648201,-0.11124799400568,0.232113465666771,-0.0472289770841599,-0.0550286881625652,0.165405839681625,0.288984656333923,-0.12012305110693,0.248492524027824,0.0625844523310661,0.0944125279784203,0.0153249967843294,-0.0697484090924263,0.0669082552194595,-0.0014113774523139,0.135549694299698,0.0735335350036621,0.128255739808083,0.0926618352532387,-0.0112517280504107,-0.0906010642647743,-0.0123377628624439,0.115379638969898,0.153749495744705,-0.0359949171543121,0.0724959149956703,0.267248004674911,0.0943821147084236,0.312732875347137,0.104078516364098,0.190703526139259,0.148084864020348,0.18405781686306,0.163146018981934,0.0727454870939255,-0.116806738078594,0.225278198719025,-0.0522866547107697,-0.0737945511937141,0.153600126504898,0.261909127235413
0.265309572219849,0.241401866078377,0,0.392068952322006,0.10484491288662,0.0384181924164295,-0.0173490941524506,0.146052539348602,0.14239014685154,0.281681716442108,0.266341060400009,0.576183795928955,0.377917766571045,0.0667890459299088,0.0368784479796886,-0.0293682981282473,0.117376178503036,0.153216794133186,-0.0348483324050903,0.197993129491806,0.117300115525723,0.00396818807348609,0.0127107249572873,-0.0342737622559071,0.0337006375193596,0.0481629073619843,0.0863092988729477,0.00907291378825903,0.190492615103722,0.0273995865136385,-0.00369932875037193,-0.071729876101017,-0.0213924944400787,0.0568604990839958,0.224780306220055,-0.0142748085781932,0.136401832103729,0.0933552011847496,0.0174871627241373,0.199459880590439,0.081850953400135,0.0887202695012093,0.171409294009209,0.247719720005989,0.192908719182014,0.0627249479293823,-0.0704347938299179,0.180665165185928,-0.0511770360171795,-0.0457716844975948,0.0676302388310432,0.184401527047157,-0.0293704457581043,0.169413387775421,0.113926395773888,-0.0115652838721871,0.0354239232838154,-0.0568238981068134,0.0323141328990459,0.0286627057939768,0.0712334141135216,0.0114886583760381,0.163865625858307,-0.0034238041844219,0.00497085833922029,-0.0748968943953514,-0.010895206592977,0.0305719133466482,0.195269018411636,-0.0225921664386988,0.137616381049156,0.102338001132011,-0.00419881520792842,0.197631299495697,0.0911906510591507,0.0828020721673965,0.121923983097076,0.175009727478027,0.158407211303711,0.0108856540173292,-0.0644509717822075,0.177940025925636,-0.0614637732505798,-0.0534942671656609,0.07923823595047,0.172931745648384
0.278899699449539,0.265710741281509,0.392068952322006,0,0.196186527609825,0.0153987975791097,-0.00608620373532176,0.107659034430981,0.140400543808937,0.257198929786682,0.27533745765686,0.377837777137756,0.645664632320404,0.124299220740795,0.0117289982736111,-0.0140036819502711,0.095736600458622,0.14785498380661,-0.0555043518543243,0.293179124593735,-0.0320687554776669,0.035816166549921,0.011254807934165,-0.021200604736805,-0.0863401740789413,0.0106322411447763,0.0113752139732242,0.0278718881309032,0.144361227750778,0.0502322800457478,-0.0272693037986755,-0.157923683524132,-0.0193037614226341,0.198046296834946,0.173950061202049,-0.0955419540405273,0.0623617768287659,0.129831925034523,0.1942498087883,0.208480581641197,0.280577510595322,0.0388062261044979,0.129544198513031,0.154068753123283,0.157301008701324,0.116234138607979,-0.0255961231887341,0.24023126065731,-0.0694464519619942,-0.0179097279906273,0.127767384052277,0.348564684391022,-0.0159531645476818,0.275911659002304,0.0191586185246706,0.0375805534422398,0.0130813587456942,-0.0340330898761749,-0.043127030134201,-0.0140409404411912,0.0281812455505133,0.0295786000788212,0.152862846851349,0.0303097888827324,-0.0201350208371878,-0.129350215196609,0.0122372983023524,0.158764705061913,0.260066777467728,-0.0609622597694397,0.154475599527359,0.147625043988228,0.129646196961403,0.246947556734085,0.267463773488998,0.0813923329114914,0.133120328187943,0.179276034235954,0.185023784637451,0.0918969213962555,-0.0368858724832535,0.306344777345657,-0.064252607524395,-0.0565697886049747,0.124562308192253,0.345849514007568
0.0882424041628838,0.112081103026867,0.10484491288662,0.196186527609825,0,-0.00434352876618505,-0.020987743511796,0.0206743665039539,0.0568571537733078,0.0976977050304413,0.104627162218094,0.115649975836277,0.170086041092873,0.0448453910648823,-0.00323855853639543,-0.0277491360902786,0.022658534348011,0.0628340095281601,-0.017568314447999,0.107113234698772,-9.31322574615479e-06,0.00445430213585496,0.0111373048275709,-0.0125225707888603,-0.0183537732809782,0.0022471621632576,-0.00494764326140285,-0.00865466147661209,0.0705999657511711,0.00768058747053146,-0.0275303535163403,-0.0346119739115238,-0.0097153140231967,0.0254347398877144,0.0707222670316696,0.00304263643920422,0.0514620915055275,0.0526674911379814,0.0761426985263824,0.091142974793911,0.0898134484887123,0.0117823090404272,0.0561595559120178,0.0711942911148071,0.0640929490327835,0.0157270729541779,0.00649132393300533,0.107125505805016,-0.0288249775767326,-0.0208938401192427,0.062596969306469,0.143391668796539,-0.0074595850892365,0.11010067909956,-0.0144803058356047,-0.00201967358589172,-0.0135453259572387,-0.0329950973391533,-0.0345300771296024,-0.0106283910572529,-0.00198935554362833,-0.00295013538561761,0.0641226097941399,-0.00566308572888374,-0.0197892468422651,-0.0439220666885376,-0.0173947811126709,0.0292927026748657,0.0875167921185493,-0.007996940985322,0.0648671314120293,0.0544292479753494,0.0582417063415051,0.0789249911904335,0.0814982205629349,0.00412178598344326,0.0269227121025324,0.046016026288271,0.0527356117963791,-0.00607867212966084,-0.00820440147072077,0.106907859444618,-0.0394635833799839,-0.0253410711884499,0.0471082888543606,0.13098917901516
-0.00944508891552687,0.016315994784236,0.0384181924164295,0.0153987975791097,-0.00434352876618505,0,0.164726778864861,0.0223316363990307,0.087957002222538,0.0601883605122566,0.000291871838271618,0.0271523129194975,0.00591055443510413,-0.0152505245059729,0.432988077402115,0.164642825722694,0.0407071560621262,0.0708450227975845,0.0693543925881386,0.0452036820352077,0.150581791996956,0.102630399167538,0.134923666715622,0.219195663928986,0.244508892297745,0.127147078514099,0.338516771793365,0.123714573681355,0.0892444774508476,0.126198679208755,0.295209109783173,0.208041280508041,0.273728311061859,0.0727718770503998,-0.0282227210700512,0.0240541808307171,-0.0186517983675003,0.0886251032352448,0.0908141136169434,0.101340159773827,0.0596712045371532,0.272856712341309,0.228315830230713,0.00569854117929935,0.181536316871643,0.0828100964426994,0.218904212117195,-0.066950261592865,0.0572732128202915,0.150699809193611,0.118790224194527,0.0840087234973907,0.0325811207294464,0.0275856554508209,0.00926580652594566,0.0809554234147072,0.0884867087006569,0.21033151447773,0.127503544092178,0.0893102958798409,0.285847276449203,0.131041333079338,0.0146817928180099,0.114941231906414,0.26953199505806,0.136208400130272,0.233513697981834,0.0695563182234764,-0.112823806703091,-0.0548213198781013,-0.093389131128788,0.0648054853081703,0.0964354053139687,0.0380026549100876,0.0532285161316395,0.224392652511597,0.153587698936462,-0.0891039371490479,0.0766062214970589,0.0465311259031296,0.18560416996479,-0.105483792722225,0.0497619062662125,0.121703617274761,0.101373374462128,0.0513591207563877
-0.0894248485565186,-0.0768508762121201,-0.0173490941524506,-0.00608620373532176,-0.020987743511796,0.164726778864861,0,-0.00915456470102072,-0.00741714797914028,-0.0391044579446316,-0.101714909076691,-0.0417341031134129,-0.0263969209045172,-0.0229727104306221,0.172287061810493,0.250129759311676,-0.011632720939815,-0.0312018729746342,0.156066492199898,-0.0395538657903671,0.0501818656921387,0.0276422873139381,0.0745372697710991,0.178943261504173,0.0695507898926735,0.131270915269852,0.00110352551564574,0.0667760893702507,0.0190219674259424,0.0370771512389183,0.163212209939957,0.166324332356453,0.0695289969444275,0.0138220330700278,0.0251301173120737,0.079259566962719,0.0725146904587746,-0.0141138425096869,0.0520206950604916,-0.121614836156368,0.06783826649189,-0.0330442041158676,0.000574218051042408,-0.125178262591362,0.0636849477887154,0.0294873733073473,0.23462025821209,-0.0610114149749279,0.0446342714130878,0.133576899766922,0.0170845706015825,0.0288604684174061,0.0938546359539032,-0.0491571687161922,-0.0632203444838524,0.0184165947139263,0.0259099416434765,0.15566012263298,-0.0330190621316433,0.0720404610037804,-0.0290843565016985,0.0577347837388515,-0.0224260594695807,0.033768068999052,0.086589127779007,0.0864828079938889,0.0559042803943157,0.0198051314800978,-0.0582531243562698,-0.0200337264686823,-0.0269336197525263,-0.0338929034769535,0.0536028407514095,-0.138428926467896,0.0663704127073288,-0.0596077404916286,-0.022154301404953,-0.18853035569191,-0.0236715022474527,0.0348845049738884,0.188167452812195,-0.125572100281715,0.0267051216214895,0.109607823193073,0.00206034327857196,-0.00453499192371964
0.0598692409694195,0.0712990984320641,0.146052539348602,0.107659034430981,0.0206743665039539,0.0223316363990307,-0.00915456470102072,0,0.0527791790664196,0.0381511151790619,0.0738770440220833,0.129598796367645,0.103084810078144,0.0144511684775352,0.0353692285716534,0.00276336027309299,0.108901694417,0.0657265782356262,-0.033422764390707,0.0895451232790947,-0.0592804029583931,0.0229280367493629,0.000149589963257313,-0.00818125531077385,-0.0445765517652035,-0.0231057964265347,0.0550664439797401,0.0196003988385201,0.0247991476207972,0.0123434392735362,0.0672677904367447,-0.0590525045990944,0.0242022126913071,0.0469751283526421,-0.0258027855306864,-0.0848437398672104,-0.0752477720379829,0.0480357259511948,0.0230176448822021,0.0702119693160057,0.0151167856529355,0.0453792028129101,0.118937723338604,-0.000517792941536754,0.00923162512481213,0.00865163560956717,0.00529490038752556,-0.000183149706572294,-0.00362796057015657,0.00131876126397401,0.0444410778582096,0.0877133831381798,-0.020868418738246,0.0728256031870842,-0.0392369329929352,0.025189096108079,-0.00296094897203147,3.07336449623108e-08,-0.0217074807733297,0.00459332996979356,0.0690675899386406,0.0331774763762951,0.0322960503399372,0.0043197013437748,0.0646920874714851,-0.0403148829936981,0.0104403430595994,0.0454258397221565,0.00294888392090797,-0.0852253139019012,-0.0128225088119507,0.0543419159948826,0.015679445117712,0.0780635625123978,0.0357924029231071,0.0589535795152187,0.0988592877984047,0.0205818302929401,0.033266443759203,0.00926027074456215,0.014269495382905,0.057134885340929,-0.0171173512935638,0.00408872170373797,0.0558995790779591,0.0903005376458168
0.208011254668236,0.221655666828156,0.14239014685154,0.140400543808937,0.0568571537733078,0.087957002222538,-0.00741714797914028,0.0527791790664196,0,0.221066027879715,0.229187816381454,0.130622506141663,0.133903652429581,0.0475856922566891,0.0733943358063698,-0.0212002377957106,0.0529162436723709,0.198171272873878,-0.0493662767112255,0.164380490779877,0.00571297807618976,0.070524200797081,0.01670216396451,0.00397754414007068,0.0315141975879669,0.00881205964833498,0.129710927605629,0.0219016056507826,0.0775679126381874,0.10034304857254,0.021859847009182,-0.0540847592055798,0.0665131807327271,0.127656668424606,0.0364617370069027,-0.062982976436615,-0.0142387310042977,0.175005689263344,0.101160645484924,0.191125944256783,0.0775083005428314,0.154675424098969,0.134283721446991,0.10178155452013,0.0744798630475998,0.0588426664471626,-0.00312024657614529,0.114036776125431,-0.0282717514783144,-0.0182598493993282,0.12225217372179,0.183893173933029,-0.0365188084542751,0.170097470283508,0.0435455851256847,0.0639980658888817,0.0295267682522535,-0.0118665546178818,0.0584035143256187,0.0196741204708815,0.147793799638748,0.0161453504115343,0.0899750739336014,0.0877238437533379,0.0598778985440731,-0.0132559761404991,0.0358573794364929,0.07879488915205,0.0844535157084465,-0.0349439419806004,0.0370386429131031,0.181962504982948,0.0787229537963867,0.185609415173531,0.0707435831427574,0.176461309194565,0.135427638888359,0.106417827308178,0.123083010315895,0.0258769430220127,-0.00196397234685719,0.152237638831139,-0.0360419638454914,-0.00632564956322312,0.123229756951332,0.174415960907936
0.720927953720093,0.3452188372612,0.281681716442108,0.257198929786682,0.0976977050304413,0.0601883605122566,-0.0391044579446316,0.0381511151790619,0.221066027879715,0,0.317310273647308,0.278149336576462,0.216217488050461,0.0999443084001541,0.0541384406387806,-0.0517913512885571,0.0322080962359905,0.228502824902534,-0.0796024426817894,0.227563589811325,0.261212736368179,0.00922646187245846,0.051152165979147,-0.0731145367026329,0.216672703623772,0.231666341423988,0.148960843682289,-0.053239181637764,0.202421650290489,0.016050623729825,-0.0176568534225225,0.0498021692037582,0.0476781278848648,0.199970781803131,0.225256875157356,0.0899685621261597,0.188276767730713,0.129519999027252,0.271614700555801,0.310548067092896,0.279950678348541,0.237772673368454,0.0828473120927811,0.45458659529686,0.268723458051682,0.262696921825409,-0.129620581865311,0.392084836959839,-0.0236772373318672,-0.00395024847239256,0.0350305251777172,0.23129066824913,-0.150645092129707,0.168816298246384,0.135238945484161,0.000548177107702941,0.0286110229790211,-0.0850515887141228,0.123218022286892,0.133084818720818,0.104723662137985,-0.0262250285595655,0.101612351834774,0.00723179848864675,-0.0188220180571079,0.00565260602161288,0.033370602875948,0.137512803077698,0.144989594817162,0.0334331430494785,0.0493269972503185,0.148701682686806,0.161219790577888,0.26580423116684,0.175921499729156,0.156689211726189,0.0508176051080227,0.237019062042236,0.0918847247958183,0.102650687098503,-0.105378694832325,0.335478395223618,-0.0404309071600437,-0.059400450438261,0.0562435761094093,0.194308713078499
0.410171061754227,0.485434800386429,0.266341060400009,0.27533745765686,0.104627162218094,0.000291871838271618,-0.101714909076691,0.0738770440220833,0.229187816381454,0.317310273647308,0,0.320657223463058,0.300671547651291,0.111078292131424,-0.00991328340023756,-0.107941634953022,0.0941642299294472,0.249722376465797,-0.193282768130302,0.287860840559006,-0.0207156594842672,0.0743936151266098,0.0154222063720226,-0.0676792338490486,0.0110591761767864,-0.0199262406677008,0.143621131777763,0.068416491150856,0.123402260243893,0.115288496017456,-0.0632338970899582,-0.193207055330276,0.012218146584928,0.131440415978432,0.0266366731375456,-0.150951877236366,-0.0642618760466576,0.237992018461227,0.0646523609757423,0.343012481927872,0.0720371082425117,0.193933993577957,0.184850320219994,0.191952496767044,0.0694890469312668,0.0955491289496422,-0.165819808840752,0.216088309884071,-0.0878103449940681,-0.0757187604904175,0.164567366242409,0.28125923871994,-0.142958879470825,0.297512650489807,0.150150075554848,0.0846173167228699,0.00636210478842258,-0.094123862683773,0.149326324462891,0.00167188642080873,0.197886422276497,0.0421745367348194,0.186160519719124,0.0745874345302582,-0.0060520269908011,-0.066665381193161,0.00753915729001164,0.138579830527306,0.23691862821579,-0.00984939374029636,0.150008156895638,0.277291506528854,0.0497565269470215,0.39585468173027,0.115227222442627,0.267168164253235,0.202050060033798,0.307485222816467,0.263508766889572,0.0748571455478668,-0.137218207120895,0.314791411161423,-0.0388140417635441,-0.102346897125244,0.168023779988289,0.303165912628174
0.355929225683212,0.258477628231049,0.576183795928955,0.377837777137756,0.115649975836277,0.0271523129194975,-0.0417341031134129,0.129598796367645,0.130622506141663,0.278149336576462,0.320657223463058,0,0.405996084213257,0.0850172564387321,0.0290384832769632,-0.0292724911123514,0.145402953028679,0.155094146728516,-0.0770779252052307,0.206209018826485,0.0600135773420334,-0.0220479052513838,-0.00637009413912892,-0.0515785589814186,-0.0012016793480143,0.0279496759176254,0.0827839002013206,0.0211028531193733,0.184028461575508,0.00555686140432954,-0.0459344051778316,-0.136467427015305,-0.0277881771326065,0.042411845177412,0.191683724522591,-0.0524385198950768,0.10953675955534,0.0920448675751686,0.014113450422883,0.221803307533264,0.0663537681102753,0.0654390752315521,0.170973837375641,0.224185332655907,0.11164852231741,0.0799291059374809,-0.0974601358175278,0.179233372211456,-0.0826549082994461,-0.0666037499904633,0.0630006790161133,0.192857846617699,-0.0272812712937593,0.231733724474907,0.183523327112198,-0.046798437833786,0.0229497943073511,-0.0704850926995277,0.083825595676899,0.0606846399605274,0.0898117423057556,-0.0014560743002221,0.234824180603027,-0.0243108086287975,0.00294409296475351,-0.0502965822815895,0.0109733380377293,0.045030415058136,0.279373198747635,0.0482778139412403,0.228898018598557,0.101480305194855,-0.0347464010119438,0.265162289142609,0.0870810076594353,0.122425213456154,0.182418555021286,0.282522469758987,0.228760957717896,0.0359718799591064,-0.0855249539017677,0.244195967912674,-0.0535665675997734,-0.0541954152286053,0.0583613701164722,0.216844841837883
0.293726623058319,0.25073778629303,0.377917766571045,0.645664632320404,0.170086041092873,0.00591055443510413,-0.0263969209045172,0.103084810078144,0.133903652429581,0.216217488050461,0.300671547651291,0.405996084213257,0,0.14400976896286,0.0114726843312383,-0.00521518755704165,0.116541810333729,0.158042088150978,-0.0595605634152889,0.265082031488419,-0.0369062088429928,0.0327623151242733,0.0147131849080324,-0.0243749022483826,-0.0888194739818573,-0.0013201852561906,-0.000572040618862957,0.0523573346436024,0.132864892482758,0.0443558767437935,-0.0650933608412743,-0.165708929300308,-0.020952146500349,0.164024084806442,0.144068330526352,-0.110069692134857,0.0477025732398033,0.127079322934151,0.116300091147423,0.215923979878426,0.2140212059021,0.0230358727276325,0.113157019019127,0.131255149841309,0.115965142846107,0.101338632404804,-0.0510085821151733,0.216900080442429,-0.0855411365628242,-0.044820461422205,0.11654656380415,0.314261972904205,0.00737864151597023,0.281550407409668,0.0329194515943527,0.0265474542975426,0.0155702913179994,-0.0215433314442635,-0.0304489843547344,0.0288979485630989,0.0155863976106048,0.045060783624649,0.188262283802032,0.0240838620811701,-0.0333210676908493,-0.114810585975647,0.000535039172973484,0.156398341059685,0.289445221424103,-0.0407502241432667,0.189051151275635,0.146093681454659,0.120245687663555,0.250642418861389,0.285394221544266,0.0804110988974571,0.130925595760345,0.200845658779144,0.194324478507042,0.0948840156197548,-0.0103741623461246,0.318666458129883,-0.0863234400749207,-0.0475471988320351,0.121100857853889,0.37213134765625
0.115249991416931,0.0959028154611588,0.0667890459299088,0.124299220740795,0.0448453910648823,-0.0152505245059729,-0.0229727104306221,0.0144511684775352,0.0475856922566891,0.0999443084001541,0.111078292131424,0.0850172564387321,0.14400976896286,0,-0.00901405140757561,-0.0269715096801519,0.00483698258176446,0.0922212302684784,-0.0255578551441431,0.132380962371826,-0.0404882356524467,0.015605085529387,0.0109790749847889,-0.021117776632309,-0.0272384453564882,-0.020326342433691,0.0136180352419615,-0.010060016065836,0.0313879884779453,0.018059266731143,-0.0302381440997124,-0.0590422339737415,0.00075549993198365,0.0618957728147507,0.0240944754332304,-0.0458552427589893,-0.00923475343734026,0.0590655878186226,0.0644449666142464,0.0882741585373878,0.0677657946944237,0.0397145263850689,0.0576889105141163,0.0444371365010738,0.049466535449028,0.0176715459674597,-0.0177806168794632,0.080576203763485,-0.0409470200538635,-0.0122900865972042,0.0731541365385056,0.122841998934746,-0.0176633503288031,0.106245778501034,0.00484868697822094,0.0165870524942875,0.00312124425545335,-0.0231469180434942,-0.000862880842760205,-0.0100397923961282,0.0287595707923174,-0.0124329766258597,0.0321475155651569,0.0195596348494291,-0.00701006315648556,-0.0308733396232128,-0.00433982303366065,0.0715204551815987,0.0802128911018372,-0.0331553928554058,0.0593372024595737,0.0730765089392662,0.0695725902915001,0.0919562801718712,0.0891497209668159,0.0512003302574158,0.0720948949456215,0.0691385939717293,0.0949046686291695,0.00662367604672909,-0.0147375678643584,0.120788007974625,-0.0269273184239864,-0.0266963541507721,0.0638065561652184,0.136298254132271
0.00100440497044474,-0.0012745747808367,0.0368784479796886,0.0117289982736111,-0.00323855853639543,0.432988077402115,0.172287061810493,0.0353692285716534,0.0733943358063698,0.0541384406387806,-0.00991328340023756,0.0290384832769632,0.0114726843312383,-0.00901405140757561,0,0.210277080535889,0.0414144024252892,0.0692738816142082,0.0547247305512428,0.0419688634574413,0.137335911393166,0.0872853100299835,0.108937427401543,0.22911037504673,0.228795245289803,0.131384685635567,0.32186833024025,0.121118485927582,0.0952664241194725,0.10432954877615,0.301691114902496,0.177090987563133,0.271419197320938,0.0709379613399506,-0.0326656997203827,-0.00859666336327791,-0.0419787019491196,0.0698176398873329,0.0758887007832527,0.0868952944874763,0.0594824813306332,0.259620875120163,0.23827600479126,-0.0125065464526415,0.166470617055893,0.0751780718564987,0.214721783995628,-0.0801027044653893,0.0456516407430172,0.131044492125511,0.0998369231820107,0.0840381234884262,0.0404909327626228,0.0437779687345028,0.0591509230434895,0.0761354491114616,0.101632259786129,0.223344445228577,0.160221606492996,0.132852032780647,0.299646109342575,0.109795160591602,0.0599103718996048,0.0985296368598938,0.264182299375534,0.158815994858742,0.273851543664932,0.0617560558021069,-0.0811139121651649,-0.0495524816215038,-0.0694996118545532,0.058464527130127,0.103238686919212,0.066403441131115,0.0531139262020588,0.247047394514084,0.175336584448814,-0.0609531663358212,0.103608153760433,0.0661602914333344,0.205494850873947,-0.0802432522177696,0.0328604690730572,0.141290873289108,0.102029956877232,0.0800059884786606
-0.0967758521437645,-0.0945686548948288,-0.0293682981282473,-0.0140036819502711,-0.0277491360902786,0.164642825722694,0.250129759311676,0.00276336027309299,-0.0212002377957106,-0.0517913512885571,-0.107941634953022,-0.0292724911123514,-0.00521518755704165,-0.0269715096801519,0.210277080535889,0,0.014625545591116,-0.00592846190556884,0.118805788457394,-0.0331740155816078,0.0455017127096653,0.0263736676424742,0.0714782923460007,0.167619615793228,0.0480656251311302,0.11955339461565,-0.00862216856330633,0.0217773988842964,0.0197545289993286,0.0309487301856279,0.13346454501152,0.126139342784882,0.0922780260443687,0.0158317796885967,0.00896303541958332,0.0444179326295853,0.0492351613938808,-0.0508679077029228,0.037273995578289,-0.107556059956551,0.0681503415107727,-0.0277476217597723,0.00566026195883751,-0.107732482254505,0.0454406961798668,0.0326296053826809,0.203353494405746,-0.0650340393185616,0.0425138808786869,0.106364525854588,0.0159501135349274,0.0273662526160479,0.106085702776909,-0.0361019149422646,-0.0206460021436214,0.014813513495028,0.0403145886957645,0.176039844751358,-0.00604396220296621,0.116295009851456,-0.0269204191863537,0.0195372831076384,-2.86474823951721e-06,0.0262125469744205,0.0960357561707497,0.0892373993992805,0.0987836644053459,0.0194388590753078,-0.0186273735016584,-0.0106818862259388,0.0122268060222268,-0.0611826814711094,0.0527203045785427,-0.127619817852974,0.072480134665966,-0.0494138188660145,-0.0266452450305223,-0.14245717227459,-0.0118295699357986,0.0407815910875797,0.2094946205616,-0.0861646831035614,0.0269785244017839,0.132131546735764,0.00381705537438393,0.023162754252553
0.0411459617316723,0.0548278726637363,0.117376178503036,0.095736600458622,0.022658534348011,0.0407071560621262,-0.011632720939815,0.108901694417,0.0529162436723709,0.0322080962359905,0.0941642299294472,0.145402953028679,0.116541810333729,0.00483698258176446,0.0414144024252892,0.014625545591116,0,0.0689545497298241,-0.0229406226426363,0.0895349830389023,-0.0490942783653736,0.0293756369501352,0.0166807267814875,-0.00527950609102845,-0.0176222771406174,-0.0355908498167992,0.0800105035305023,0.0320359691977501,0.0174638126045465,0.0320839770138264,0.055214274674654,-0.0670620873570442,0.0102847218513489,0.031764529645443,-0.0190991591662169,-0.0796137377619743,-0.0614127032458782,0.0476766154170036,0.00454942183569074,0.0656520798802376,-0.00554700754582882,0.0730912685394287,0.122957430779934,-0.011022062972188,0.0186625625938177,0.00154345633927733,0.0124506624415517,-0.0286001395434141,-0.0136921601369977,-0.0138295600190759,0.0416454188525677,0.0615934431552887,-0.0113203851506114,0.0761527717113495,-0.0361574627459049,0.029426097869873,0.00801727641373873,0.0176004618406296,-0.0194906815886497,-0.0152915874496102,0.0705615654587746,0.0275175180286169,0.024982038885355,0.0203344952315092,0.0488418415188789,-0.0352946557104588,0.0232261046767235,0.0359704345464706,-0.00907530076801777,-0.102318435907364,-0.0234187375754118,0.0503061525523663,-0.00395948346704245,0.0734667256474495,-0.000231776386499405,0.0739963129162788,0.114608332514763,0.019207552075386,0.0182567741721869,0.00218282430432737,0.0228325538337231,0.0181534755975008,-0.0179235097020864,-0.00267243408598006,0.0467028021812439,0.0701244696974754
0.263022065162659,0.208271443843842,0.153216794133186,0.14785498380661,0.0628340095281601,0.0708450227975845,-0.0312018729746342,0.0657265782356262,0.198171272873878,0.228502824902534,0.249722376465797,0.155094146728516,0.158042088150978,0.0922212302684784,0.0692738816142082,-0.00592846190556884,0.0689545497298241,0,-0.0625686496496201,0.165420949459076,0.0345141924917698,0.0541294291615486,0.0393819846212864,0.0125369960442185,0.0586400926113129,0.0311828907579184,0.121599271893501,0.0265016946941614,0.0908877998590469,0.0932250544428825,0.0151402791962028,-0.0293232500553131,0.0716845318675041,0.098004475235939,0.0252986513078213,-0.0559742450714111,-0.00727316224947572,0.165796801447868,0.081399604678154,0.185710042715073,0.0665891170501709,0.156754642724991,0.134134218096733,0.115665547549725,0.0789767503738403,0.0625302344560623,0.00903407670557499,0.133407086133957,-0.0353133715689182,0.0279776491224766,0.166201323270798,0.191300004720688,-0.00892042927443981,0.181080132722855,0.103614866733551,0.0653285905718803,0.027083633467555,0.0114905079826713,0.109902538359165,0.0418277680873871,0.150005057454109,0.027905410155654,0.117315694689751,0.0823420733213425,0.0662429854273796,0.0201966073364019,0.0589133203029633,0.116285376250744,0.119014330208302,0.0114125227555633,0.0848029106855392,0.183922663331032,0.0763036832213402,0.203081056475639,0.0882953256368637,0.194317832589149,0.141009449958801,0.152133598923683,0.165594905614853,0.0572614185512066,0.0223185867071152,0.175301790237427,0.000228031538426876,0.00183438300155103,0.134738072752953,0.214383661746979
-0.161542907357216,-0.111130237579346,-0.0348483324050903,-0.0555043518543243,-0.017568314447999,0.0693543925881386,0.156066492199898,-0.033422764390707,-0.0493662767112255,-0.0796024426817894,-0.193282768130302,-0.0770779252052307,-0.0595605634152889,-0.0255578551441431,0.0547247305512428,0.118805788457394,-0.0229406226426363,-0.0625686496496201,0,-0.0423128567636013,0.224686548113823,0.0426668934524059,0.0434561930596828,0.266418218612671,0.190307289361954,0.267671078443527,-0.173232510685921,0.0827910602092743,0.0733709931373596,0.0715132504701614,0.0133105292916298,0.554261326789856,0.00236802152357996,-0.0142226982861757,0.49308705329895,0.222769305109978,0.541393518447876,-0.0395122841000557,0.0696357488632202,-0.108807399868965,0.171029329299927,-0.0756921991705894,-0.141842156648636,0.00589529285207391,0.18122735619545,0.0956099107861519,0.734997153282166,0.249475196003914,0.109960682690144,0.155045881867409,0.16958475112915,0.127596318721771,0.65827751159668,-0.0491173788905144,0.0382140874862671,0.0256622657179832,0.0213056188076735,0.224152579903603,0.0213346034288406,0.190102338790894,-0.21040903031826,0.0860706269741058,0.0101403454318643,0.0644060745835304,-0.06354820728302,0.31096151471138,0.0258711222559214,0.000945027626585215,0.227363616228104,0.153022482991219,0.255404442548752,-0.0754659473896027,0.108337961137295,-0.169829204678535,0.130404606461525,-0.147922113537788,-0.124212607741356,-0.104197487235069,0.0169054809957743,0.0673716515302658,0.618266999721527,0.0512923896312714,0.0549924559891224,0.163813009858131,0.168516755104065,0.0921851024031639
0.233681976795197,0.257076531648636,0.197993129491806,0.293179124593735,0.107113234698772,0.0452036820352077,-0.0395538657903671,0.0895451232790947,0.164380490779877,0.227563589811325,0.287860840559006,0.206209018826485,0.265082031488419,0.132380962371826,0.0419688634574413,-0.0331740155816078,0.0895349830389023,0.165420949459076,-0.0423128567636013,0,-0.11424694955349,0.177026376128197,0.0519973710179329,0.0215585604310036,-0.108563035726547,-0.0205053128302097,0.016451945528388,0.0357187949120998,0.202148616313934,0.201306864619255,-0.089287668466568,-0.273379415273666,0.0116611756384373,0.401943385601044,0.194819122552872,-0.225286886096001,0.00980999134480953,0.292912304401398,0.33889502286911,0.410686433315277,0.402332454919815,0.099448636174202,0.280145168304443,0.257469177246094,0.310882955789566,0.270832359790802,0.0437507182359695,0.363666623830795,-0.128677845001221,-0.0430324822664261,0.285498827695847,0.562332272529602,0.024067897349596,0.578951418399811,-0.0956897065043449,0.191798806190491,0.0101661868393421,0.00950063858181238,-0.0975657552480698,0.00643306225538254,0.0656999945640564,0.0392163768410683,0.182335376739502,0.17373976111412,-0.0340777151286602,-0.235682472586632,0.0321623347699642,0.37896141409874,0.303967148065567,-0.237137883901596,0.121594078838825,0.293298691511154,0.294303148984909,0.439688980579376,0.400951832532883,0.172856137156487,0.276821702718735,0.249192342162132,0.29987159371376,0.224066182971001,0.0501449480652809,0.466796785593033,-0.155026763677597,-0.081085741519928,0.239071622490883,0.555395722389221
0.0579768531024456,0.0428422875702381,0.117300115525723,-0.0320687554776669,-9.31322574615479e-06,0.150581791996956,0.0501818656921387,-0.0592804029583931,0.00571297807618976,0.261212736368179,-0.0207156594842672,0.0600135773420334,-0.0369062088429928,-0.0404882356524467,0.137335911393166,0.0455017127096653,-0.0490942783653736,0.0345141924917698,0.224686548113823,-0.11424694955349,0,-0.139488250017166,0.0678351148962975,0.187184557318687,0.718013346195221,0.565061867237091,0.198571532964706,-0.0616950467228889,0.274807244539261,-0.0892255008220673,0.115799799561501,0.485501289367676,0.167414218187332,-0.0900873318314552,0.546340465545654,0.463274747133255,0.540092289447784,-0.127675965428352,-0.0129385450854897,0.108735360205173,0.122545555233955,0.313442260026932,-0.0448512881994247,0.69906747341156,0.412440985441208,0.394530534744263,0.0656284093856812,0.464471936225891,0.0251337550580502,0.00933599192649126,-0.0205583106726408,-0.0505558513104916,0.0283147878944874,-0.117980927228928,0.6512371301651,-0.192924365401268,0.0619331263005733,0.108433127403259,0.527644217014313,0.313687711954117,0.0637641474604607,-0.0254588015377522,0.0887178555130959,-0.0866669118404388,0.0559535399079323,0.312086790800095,0.121962897479534,-0.0769901871681213,0.235902160406113,0.360373347997665,0.189833581447601,-0.133135706186295,-0.0040976102463901,-0.0158682782202959,0.0471892580389977,0.156785637140274,-0.120230376720428,0.270159095525742,0.0835505127906799,0.168240025639534,0.0501803271472454,0.0817278400063515,0.0701740980148315,0.0217906199395657,-0.00689696613699198,-0.109606146812439
-0.0224138163030148,0.0949026942253113,0.00396818807348609,0.035816166549921,0.00445430213585496,0.102630399167538,0.0276422873139381,0.0229280367493629,0.070524200797081,0.00922646187245846,0.0743936151266098,-0.0220479052513838,0.0327623151242733,0.015605085529387,0.0872853100299835,0.0263736676424742,0.0293756369501352,0.0541294291615486,0.0426668934524059,0.177026376128197,-0.139488250017166,0,0.0211316701024771,0.314847856760025,0.0509473644196987,-0.138450995087624,0.130251318216324,0.248300105333328,0.0402552969753742,0.917429327964783,0.0131098255515099,-0.147469013929367,0.151249170303345,0.369534015655518,-0.0635858252644539,-0.177988424897194,-0.128224894404411,0.875960767269135,0.316947042942047,0.0900166779756546,0.297339409589767,0.282368779182434,0.0776693746447563,-0.0185525473207235,0.0884503498673439,0.62813675403595,0.186218753457069,0.0280342623591423,-0.0338501632213593,0.015848720446229,0.209518164396286,0.243328511714935,0.0861167013645172,0.16345340013504,-0.236757352948189,0.973006844520569,0.00561137497425079,0.362265020608902,-0.0639892071485519,-0.0853855684399605,0.158622294664383,0.314628809690475,-0.00649241823703051,0.906883895397186,-0.0094600161537528,-0.186860233545303,0.158731788396835,0.341220378875732,-0.0885301753878593,-0.244754672050476,-0.140559211373329,0.838254570960999,0.366836279630661,0.0857352390885353,0.311984866857529,0.311273038387299,0.0871856585144997,-0.0808669179677963,0.00588017422705889,0.580318629741669,0.169458746910095,0.0682430192828178,-0.0715383216738701,0.0165625512599945,0.177778124809265,0.221581026911736
0.0229327194392681,0.0195562839508057,0.0127107249572873,0.011254807934165,0.0111373048275709,0.134923666715622,0.0745372697710991,0.000149589963257313,0.01670216396451,0.051152165979147,0.0154222063720226,-0.00637009413912892,0.0147131849080324,0.0109790749847889,0.108937427401543,0.0714782923460007,0.0166807267814875,0.0393819846212864,0.0434561930596828,0.0519973710179329,0.0678351148962975,0.0211316701024771,0,0.158735126256943,0.110970161855221,0.143132641911507,0.0591779127717018,0.0350949801504612,0.0948648154735565,0.0448091626167297,0.0908700600266457,0.106605783104897,0.0967606604099274,0.0320709012448788,0.0649815946817398,0.0378723628818989,0.0684947595000267,0.0265654176473618,0.0490224249660969,0.0417888648808002,0.0571562647819519,0.0456683039665222,0.0596300885081291,0.0438331291079521,0.0702710747718811,0.090580977499485,0.108283795416355,0.0634815916419029,0.0314943380653858,0.103878080844879,0.0505037680268288,0.100683681666851,0.0190339609980583,0.0231879986822605,0.0373229794204235,0.00973410159349442,0.0519672967493534,0.130024537444115,0.0750574991106987,0.113242097198963,0.0578449480235577,0.0266711544245481,0.0587481595575809,0.0434359051287174,0.0830009281635284,0.0735149458050728,0.0817732736468315,0.0102236922830343,0.052113875746727,0.0128748426213861,0.0398734137415886,0.017658993601799,0.0379489026963711,0.0332090929150581,0.0485299564898014,0.0596547052264214,0.0321690626442432,-0.00495949387550354,0.0459953472018242,0.0754475891590118,0.0797859132289886,0.0356919504702091,0.0166199766099453,0.0500625967979431,0.0284166149795055,0.0896160304546356
-0.0553246214985847,-0.0496185459196568,-0.0342737622559071,-0.021200604736805,-0.0125225707888603,0.219195663928986,0.178943261504173,-0.00818125531077385,0.00397754414007068,-0.0731145367026329,-0.0676792338490486,-0.0515785589814186,-0.0243749022483826,-0.021117776632309,0.22911037504673,0.167619615793228,-0.00527950609102845,0.0125369960442185,0.266418218612671,0.0215585604310036,0.187184557318687,0.314847856760025,0.158735126256943,0,0.325999706983566,0.35847008228302,0.0720352083444595,0.541779756546021,0.107058249413967,0.50566565990448,0.171949774026871,0.206330150365829,0.326026499271393,0.102458640933037,0.137425884604454,0.048380371183157,0.103779882192612,0.273491829633713,0.094200074672699,-0.0514271445572376,0.147276639938354,0.0987732037901878,0.0409085154533386,-0.0133956987410784,0.0989583134651184,0.500989437103271,0.341669678688049,0.0158205032348633,0.0658868923783302,0.150652706623077,0.117694921791553,0.138116076588631,0.246269360184669,0.042122807353735,0.0554047785699368,0.283109813928604,0.106606103479862,0.808721601963043,0.198864728212357,0.35339629650116,0.0687622576951981,0.503735661506653,0.0769875571131706,0.502280354499817,0.132072597742081,0.192010208964348,0.344288855791092,0.112046837806702,0.116787776350975,-0.0223636291921139,0.136019751429558,0.195751622319221,0.147839039564133,-0.0417640991508961,0.184973016381264,0.138420984148979,0.0369287878274918,-0.0710733458399773,0.0536081157624722,0.501675724983215,0.27417454123497,0.00190487271174788,0.0430816151201725,0.137978866696358,0.0903751328587532,0.100897863507271
