0 0.3304 0.26287 0.27896 0.087429 -0.013232 -0.095034 0.058972 0.20705 0.71725 0.41217 0.35502 0.29501 0.11396 -0.0025277 -0.099034 0.040619 0.26393 -0.1629 0.23799 0.05293 -0.026716 0.022692 -0.067073 0.050212 0.12683 0.089665 0.013062 0.18914 -0.0057524 -0.15847 -0.12102 0.01087 0.12596 0.084066 -0.07093 0.012144 0.11171 0.055937 0.3657 0.071132 0.18047 0.092577 0.36048 0.02364 0.17538 -0.18348 0.35135 -0.10504 -0.06395 0.032238 0.22538 -0.037769 0.27718 0.41621 -0.023349 0.033665 -0.085352 0.36106 0.24277 0.18876 -0.0041341 0.31909 -0.038432 -0.032538 0.11923 0.023019 0.13971 0.3928 0.19371 0.3013 0.13153 0.061572 0.45359 0.18044 0.31371 0.1735 0.59378 0.39199 0.19221 -0.12738 0.53473 -0.0079053 -0.087521 0.048072 0.27974
0.3304 0 0.24002 0.26569 0.11246 0.01658 -0.078847 0.071456 0.22303 0.34778 0.49106 0.2582 0.25028 0.096762 -0.0026053 -0.096161 0.056698 0.21124 -0.1133 0.26022 0.036467 0.098448 0.019084 -0.054661 0.054882 0.036017 0.14192 0.078406 0.14228 0.13553 -0.032507 -0.11602 0.014854 0.18325 0.10249 -0.075217 0.0037805 0.23475 0.14257 0.33312 0.12223 0.19133 0.15921 0.20697 0.15509 0.13126 -0.11141 0.22657 -0.049309 -0.05561 0.16905 0.28715 -0.1208 0.25128 0.057106 0.096541 0.014103 -0.075525 0.057943 -0.0088154 0.135 0.071953 0.12746 0.091828 -0.01432 -0.097594 -0.014816 0.11836 0.15004 -0.038815 0.06919 0.26852 0.092124 0.31475 0.10133 0.18728 0.14838 0.17889 0.15867 0.069606 -0.11968 0.22033 -0.054485 -0.074738 0.15696 0.26265
0.26287 0.24002 0 0.39513 0.10454 0.035489 -0.017392 0.14822 0.14122 0.28234 0.26412 0.5802 0.38003 0.065686 0.033858 -0.027267 0.11839 0.1516 -0.032978 0.19946 0.11179 0.003111 0.0097999 -0.040804 0.024738 0.042675 0.081299 0.0054528 0.19202 0.023959 -0.0083793 -0.074039 -0.026386 0.05266 0.22278 -0.014908 0.13594 0.089387 0.0099191 0.19846 0.078438 0.082128 0.1722 0.24459 0.18869 0.056437 -0.07195 0.17826 -0.052706 -0.046722 0.067945 0.18153 -0.027515 0.1704 0.10559 -0.011875 0.032361 -0.06178 0.019881 0.021646 0.065474 0.011215 0.15989 -0.0068222 0.00016226 -0.080867 -0.016961 0.027332 0.19127 -0.027548 0.13483 0.099123 -0.011173 0.19489 0.086822 0.073403 0.12211 0.16645 0.14884 0.0057176 -0.066372 0.17259 -0.065633 -0.055248 0.079549 0.17131
0.27896 0.26569 0.39513 0 0.19732 0.011456 -0.0062221 0.11009 0.13932 0.25874 0.27348 0.3779 0.64767 0.12431 0.0085486 -0.012931 0.097292 0.14643 -0.058621 0.29392 -0.037386 0.030687 0.010446 -0.026492 -0.09703 0.0082648 0.0066974 0.023099 0.14611 0.042995 -0.029513 -0.16163 -0.022486 0.19394 0.17025 -0.093923 0.062359 0.12173 0.17954 0.20933 0.26989 0.03309 0.13032 0.15051 0.15256 0.10941 -0.029223 0.23667 -0.07078 -0.01735 0.12348 0.34456 -0.016482 0.27672 0.011695 0.03259 0.010917 -0.040113 -0.053681 -0.018217 0.023143 0.027661 0.15081 0.022577 -0.022432 -0.13589 0.0087338 0.1543 0.25449 -0.061314 0.15013 0.14036 0.11459 0.24579 0.25685 0.074141 0.13336 0.17225 0.17678 0.084156 -0.042408 0.29734 -0.06914 -0.059561 0.12082 0.34346
0.087429 0.11246 0.10454 0.19732 0 -0.0039619 -0.020738 0.020989 0.056952 0.097297 0.10449 0.11415 0.17073 0.043937 -0.0038171 -0.028547 0.024747 0.062075 -0.017799 0.10679 -0.0018064 0.0046752 0.010631 -0.01318 -0.020906 0.0028726 -0.0067701 -0.0085668 0.072737 0.0073225 -0.027131 -0.036589 -0.011285 0.024036 0.069857 0.0029377 0.052029 0.051922 0.071611 0.090562 0.086526 0.0096068 0.057067 0.069721 0.062832 0.013941 0.0056636 0.10568 -0.029119 -0.019901 0.062434 0.14282 -0.0074155 0.11049 -0.018091 -0.00074692 -0.013284 -0.034089 -0.03773 -0.011683 -0.0033751 -0.0011595 0.064422 -0.0061245 -0.020946 -0.045776 -0.019135 0.028507 0.085282 -0.0077195 0.064487 0.05459 0.054287 0.077673 0.078158 0.00086432 0.027541 0.043629 0.050054 -0.0075957 -0.0098952 0.1043 -0.041416 -0.025779 0.045997 0.13099
-0.013232 0.01658 0.035489 0.011456 -0.0039619 0 0.16864 0.021637 0.089481 0.053853 -0.00071836 0.023107 0.0027849 -0.017672 0.43899 0.17057 0.040672 0.070591 0.066414 0.044325 0.15064 0.10582 0.13482 0.22236 0.24962 0.12697 0.34457 0.12567 0.084808 0.12996 0.30101 0.2064 0.27875 0.073975 -0.034166 0.018385 -0.023201 0.091971 0.092994 0.099666 0.059842 0.27846 0.2292 -0.00027792 0.17696 0.084602 0.21999 -0.073371 0.057026 0.15184 0.11963 0.083514 0.028433 0.027421 0.01067 0.08411 0.089547 0.21339 0.13159 0.08994 0.29205 0.13233 0.016672 0.11873 0.27352 0.13487 0.23586 0.069215 -0.11717 -0.056112 -0.094575 0.068366 0.09997 0.037104 0.052802 0.23225 0.15608 -0.089227 0.075187 0.048612 0.1865 -0.10858 0.052607 0.12252 0.10017 0.051413
-0.095034 -0.078847 -0.017392 -0.0062221 -0.020738 0.16864 0 -0.0088385 -0.0072707 -0.044865 -0.10451 -0.042882 -0.02643 -0.024516 0.17505 0.25615 -0.0095028 -0.030896 0.15365 -0.040539 0.050549 0.025944 0.074369 0.18069 0.073287 0.13529 0.0042847 0.06633 0.015162 0.036973 0.16936 0.16897 0.070957 0.014515 0.022087 0.077379 0.071813 -0.015566 0.052578 -0.12113 0.068931 -0.030312 0.0018911 -0.1303 0.064624 0.02814 0.2366 -0.063328 0.047818 0.13438 0.015421 0.028338 0.094184 -0.050515 -0.063186 0.016164 0.026839 0.15951 -0.03037 0.075482 -0.027001 0.057001 -0.021189 0.034281 0.090542 0.089646 0.057837 0.019745 -0.059029 -0.020104 -0.02852 -0.035154 0.056221 -0.13896 0.068318 -0.055437 -0.020711 -0.19106 -0.021096 0.034457 0.19075 -0.12718 0.029414 0.11093 0.0010495 -0.0044033
0.058972 0.071456 0.14822 0.11009 0.020989 0.021637 -0.0088385 0 0.054305 0.037818 0.074978 0.13255 0.10661 0.014778 0.034869 0.0038991 0.10862 0.065749 -0.035366 0.091531 -0.060863 0.024785 -0.00058438 -0.01023 -0.049127 -0.024899 0.052974 0.019394 0.022966 0.013008 0.065551 -0.061858 0.022908 0.049367 -0.026846 -0.086397 -0.07526 0.048489 0.024342 0.069529 0.016819 0.04344 0.11878 -0.0020086 0.0070833 0.0097802 0.003898 0.00052783 -0.0049915 -0.00019649 0.045315 0.086646 -0.021531 0.074504 -0.041126 0.02671 -0.0043699 -0.00088114 -0.02628 0.0018053 0.067251 0.034426 0.031527 0.0060681 0.06389 -0.044313 0.0099469 0.047763 0.00081094 -0.0879 -0.014849 0.055265 0.016361 0.076649 0.037558 0.056842 0.099762 0.018102 0.029523 0.010077 0.0129 0.056451 -0.01827 0.0019462 0.056314 0.09149
0.20705 0.22303 0.14122 0.13932 0.056952 0.089481 -0.0072707 0.054305 0 0.22091 0.23062 0.13065 0.13294 0.048475 0.071926 -0.020969 0.051725 0.19853 -0.049257 0.16499 0.0043579 0.06982 0.016591 0.00073817 0.028001 0.004797 0.12871 0.021578 0.077364 0.098179 0.021061 -0.055246 0.065445 0.12426 0.033715 -0.064157 -0.016364 0.17338 0.099898 0.19022 0.074313 0.15213 0.13567 0.099216 0.073986 0.0553 -0.0024058 0.11084 -0.029493 -0.019505 0.12486 0.18238 -0.034139 0.17092 0.041192 0.062434 0.028737 -0.015526 0.053786 0.016314 0.14642 0.015401 0.090359 0.08481 0.060432 -0.015632 0.034063 0.079021 0.081405 -0.036503 0.036043 0.18014 0.076968 0.18451 0.068786 0.17252 0.13599 0.10321 0.12056 0.021747 -0.0030424 0.14841 -0.038216 -0.0069399 0.12442 0.17447
0.71725 0.34778 0.28234 0.25874 0.097297 0.053853 -0.044865 0.037818 0.22091 0 0.32078 0.27909 0.21762 0.099202 0.046734 -0.056958 0.02985 0.22857 -0.07414 0.22999 0.25962 0.0099706 0.048351 -0.088296 0.20822 0.22159 0.14463 -0.066599 0.2067 0.01199 -0.020825 0.04704 0.041604 0.19555 0.22626 0.091722 0.19089 0.12954 0.25663 0.31206 0.27305 0.23208 0.085164 0.45467 0.27038 0.25254 -0.13206 0.38751 -0.027275 -0.0047248 0.035928 0.22551 -0.14912 0.17035 0.13243 -0.00074432 0.024754 -0.10199 0.10779 0.11771 0.099169 -0.037416 0.09886 0.0016399 -0.024732 -0.0052656 0.026919 0.13203 0.14347 0.03357 0.050925 0.14702 0.14519 0.2647 0.1646 0.147 0.052021 0.23398 0.08638 0.092368 -0.11291 0.32727 -0.046123 -0.063594 0.053341 0.1895
0.41217 0.49106 0.26412 0.27348 0.10449 -0.00071836 -0.10451 0.074978 0.23062 0.32078 0 0.32012 0.29813 0.11058 -0.010792 -0.10934 0.094892 0.25163 -0.19482 0.2897 -0.025559 0.076612 0.01586 -0.07402 0.0026792 -0.027713 0.14363 0.062711 0.12321 0.1133 -0.065714 -0.19607 0.011608 0.1352 0.020304 -0.15117 -0.067564 0.23741 0.067399 0.34551 0.070791 0.19268 0.18584 0.18769 0.067924 0.091464 -0.16526 0.21249 -0.089017 -0.074769 0.16964 0.27846 -0.14149 0.30065 0.14561 0.085973 0.005599 -0.10022 0.14123 -0.0050892 0.19788 0.039172 0.18495 0.072853 -0.0069551 -0.073607 0.004978 0.14051 0.23221 -0.011769 0.14516 0.27653 0.050186 0.39795 0.11385 0.26418 0.20233 0.30182 0.2591 0.070924 -0.13842 0.31126 -0.04078 -0.10388 0.17119 0.3036
0.35502 0.2582 0.5802 0.3779 0.11415 0.023107 -0.042882 0.13255 0.13065 0.27909 0.32012 0 0.4064 0.084588 0.027008 -0.027885 0.14665 0.15291 -0.077088 0.20664 0.055178 -0.021512 -0.0083242 -0.060683 -0.011436 0.021303 0.07867 0.012661 0.18373 0.0023468 -0.049748 -0.13956 -0.032981 0.039701 0.1901 -0.051175 0.10996 0.089212 0.008689 0.2214 0.063898 0.059859 0.17011 0.22168 0.10681 0.07303 -0.098774 0.17874 -0.085783 -0.066353 0.062898 0.18886 -0.026428 0.23314 0.17647 -0.046381 0.019826 -0.077676 0.071315 0.052362 0.08407 -0.0058636 0.23107 -0.027135 -0.0013881 -0.057473 0.0034853 0.042515 0.27529 0.044037 0.22588 0.098363 -0.040126 0.26203 0.084043 0.11342 0.18144 0.2744 0.22085 0.029428 -0.088668 0.23906 -0.058704 -0.055742 0.059171 0.21548
0.29501 0.25028 0.38003 0.64767 0.17073 0.0027849 -0.02643 0.10661 0.13294 0.21762 0.29813 0.4064 0 0.14393 0.0088936 -0.0051936 0.11845 0.15724 -0.06212 0.26672 -0.043183 0.027231 0.014454 -0.031671 -0.09842 -0.0047053 -0.0064993 0.043653 0.13444 0.0362 -0.066532 -0.16862 -0.02347 0.16255 0.14062 -0.10812 0.048475 0.11728 0.10543 0.21541 0.20653 0.016968 0.11389 0.12683 0.11243 0.094223 -0.05416 0.21432 -0.085138 -0.043036 0.11203 0.31143 0.0065613 0.28176 0.024075 0.020448 0.013277 -0.027884 -0.041445 0.024689 0.010467 0.040138 0.18461 0.015213 -0.035005 -0.12055 -0.0046826 0.15426 0.28161 -0.042447 0.18262 0.13544 0.10746 0.24898 0.27626 0.071982 0.13057 0.19126 0.18505 0.087519 -0.015734 0.31033 -0.090331 -0.050467 0.11668 0.36833
0.11396 0.096762 0.065686 0.12431 0.043937 -0.017672 -0.024516 0.014778 0.048475 0.099202 0.11058 0.084588 0.14393 0 -0.010295 -0.027894 0.0063711 0.092569 -0.024888 0.13191 -0.040888 0.014503 0.011247 -0.022514 -0.028408 -0.021626 0.012337 -0.0099336 0.03111 0.01674 -0.031452 -0.058481 -7.8212e-05 0.060533 0.022848 -0.045547 -0.009379 0.057025 0.060369 0.087312 0.064786 0.038417 0.058218 0.042523 0.046838 0.016907 -0.017956 0.080192 -0.042433 -0.011406 0.072547 0.12095 -0.016213 0.10551 0.0040271 0.015462 0.00087132 -0.023378 -0.0015939 -0.010894 0.027696 -0.011367 0.030879 0.018199 -0.0097752 -0.031887 -0.0051561 0.070659 0.07913 -0.034336 0.05824 0.071485 0.06552 0.09184 0.085731 0.049618 0.071652 0.067654 0.092827 0.0055402 -0.015222 0.11932 -0.027019 -0.026117 0.063171 0.13526
-0.0025277 -0.0026053 0.033858 0.0085486 -0.0038171 0.43899 0.17505 0.034869 0.071926 0.046734 -0.010792 0.027008 0.0088936 -0.010295 0 0.21716 0.043021 0.06806 0.048333 0.040278 0.13577 0.091315 0.10916 0.23049 0.23105 0.12724 0.32608 0.12243 0.088689 0.10958 0.30656 0.17361 0.27541 0.071917 -0.041743 -0.016563 -0.049364 0.07388 0.07781 0.084001 0.059005 0.26464 0.2382 -0.020698 0.16085 0.077806 0.21297 -0.089547 0.043468 0.13119 0.099029 0.082963 0.034358 0.043862 0.058681 0.080889 0.10238 0.22666 0.16208 0.1308 0.30578 0.11138 0.059234 0.10412 0.26808 0.15427 0.27816 0.061899 -0.086123 -0.05456 -0.073492 0.064287 0.10651 0.064791 0.052974 0.25457 0.17866 -0.061501 0.10257 0.068931 0.20486 -0.085093 0.033478 0.14096 0.099815 0.079409
-0.099034 -0.096161 -0.027267 -0.012931 -0.028547 0.17057 0.25615 0.0038991 -0.020969 -0.056958 -0.10934 -0.027885 -0.0051936 -0.027894 0.21716 0 0.016414 -0.0071531 0.11624 -0.03243 0.045501 0.026309 0.071913 0.17211 0.0516 0.12126 -0.0060698 0.024007 0.015607 0.033159 0.13742 0.12502 0.096666 0.016737 0.0070389 0.040493 0.046948 -0.049681 0.039148 -0.10709 0.069738 -0.023956 0.007457 -0.11132 0.045235 0.033253 0.20564 -0.068009 0.043087 0.10676 0.016403 0.029565 0.10631 -0.034885 -0.020907 0.014654 0.041715 0.18165 -0.0020413 0.11897 -0.023857 0.021257 0.0011491 0.029034 0.10072 0.090598 0.10243 0.020705 -0.01913 -0.012971 0.010991 -0.059885 0.056474 -0.1259 0.075106 -0.041952 -0.024256 -0.14214 -0.0076094 0.041911 0.21256 -0.086902 0.029608 0.13307 0.002406 0.024158
0.040619 0.056698 0.11839 0.097292 0.024747 0.040672 -0.0095028 0.10862 0.051725 0.02985 0.094892 0.14665 0.11845 0.0063711 0.043021 0.016414 0 0.069104 -0.024924 0.089901 -0.049641 0.031588 0.014811 -0.0060325 -0.020376 -0.03789 0.079506 0.03103 0.016929 0.033454 0.054868 -0.06786 0.0092017 0.033509 -0.021869 -0.079719 -0.062022 0.047641 0.008456 0.064848 -0.0025265 0.071597 0.12347 -0.013642 0.016667 0.0040081 0.012659 -0.029772 -0.013329 -0.014017 0.042665 0.06167 -0.012125 0.077652 -0.038583 0.032855 0.0069462 0.017818 -0.022818 -0.01618 0.069771 0.027019 0.02328 0.022474 0.047791 -0.039092 0.023712 0.038323 -0.01238 -0.10316 -0.027303 0.050908 -0.00088707 0.072147 0.002167 0.072077 0.11611 0.016013 0.014416 0.0044605 0.022465 0.017229 -0.016603 -0.0035583 0.048047 0.070564
0.26393 0.21124 0.1516 0.14643 0.062075 0.070591 -0.030896 0.065749 0.19853 0.22857 0.25163 0.15291 0.15724 0.092569 0.06806 -0.0071531 0.069104 0 -0.062378 0.1643 0.034175 0.053381 0.037613 0.01085 0.056527 0.02779 0.12048 0.024088 0.090281 0.091049 0.013943 -0.02986 0.071703 0.099362 0.023041 -0.055272 -0.0083845 0.16451 0.080999 0.18374 0.064091 0.15579 0.13251 0.11314 0.076396 0.059007 0.0092131 0.13159 -0.035448 0.027748 0.16622 0.19009 -0.0071 0.17983 0.10213 0.063922 0.024993 0.0077221 0.10827 0.038638 0.14966 0.027216 0.11599 0.079408 0.064846 0.018893 0.057448 0.11402 0.11626 0.010992 0.083306 0.18163 0.075564 0.20128 0.086474 0.19264 0.14132 0.14937 0.16276 0.054264 0.023317 0.17326 0.00036783 0.0004704 0.13695 0.2142
-0.1629 -0.1133 -0.032978 -0.058621 -0.017799 0.066414 0.15365 -0.035366 -0.049257 -0.07414 -0.19482 -0.077088 -0.06212 -0.024888 0.048333 0.11624 -0.024924 -0.062378 0 -0.046353 0.22948 0.03327 0.041188 0.26142 0.20004 0.27968 -0.17542 0.076155 0.076228 0.063514 0.019403 0.56821 -0.0020255 -0.026289 0.50327 0.22878 0.55358 -0.045342 0.059913 -0.114 0.16641 -0.080029 -0.13976 0.0056896 0.1944 0.079791 0.73678 0.23836 0.11423 0.15848 0.16679 0.12194 0.66493 -0.052112 0.035869 0.015897 0.019447 0.22074 0.02444 0.19466 -0.21345 0.079265 0.013742 0.057138 -0.061976 0.33105 0.020312 -0.0093298 0.22979 0.16271 0.26702 -0.081691 0.10431 -0.17747 0.12402 -0.15086 -0.12402 -0.10785 0.026756 0.052842 0.62034 0.039777 0.059742 0.16538 0.1687 0.086642
0.23799 0.26022 0.19946 0.29392 0.10679 0.044325 -0.040539 0.091531 0.16499 0.22999 0.2897 0.20664 0.26672 0.13191 0.040278 -0.03243 0.089901 0.1643 -0.046353 0 -0.11676 0.17102 0.052185 0.0212 -0.12498 -0.02021 0.014791 0.036729 0.21079 0.19336 -0.0909 -0.2803 0.012193 0.4017 0.19601 -0.22496 0.015895 0.28381 0.32688 0.41966 0.40065 0.094428 0.28878 0.25869 0.31282 0.26881 0.0429 0.37238 -0.13162 -0.043757 0.28774 0.56643 0.030715 0.58759 -0.10318 0.18436 0.0087099 0.0047818 -0.11173 0.0037391 0.061346 0.041669 0.18698 0.16467 -0.039282 -0.24536 0.028827 0.37756 0.3041 -0.23578 0.12325 0.2856 0.28063 0.44571 0.39751 0.16324 0.28205 0.24403 0.29579 0.22032 0.048058 0.46732 -0.16187 -0.084803 0.2411 0.55899
0.05293 0.036467 0.11179 -0.037386 -0.0018064 0.15064 0.050549 -0.060863 0.0043579 0.25962 -0.025559 0.055178 -0.043183 -0.040888 0.13577 0.045501 -0.049641 0.034175 0.22948 -0.11676 0 -0.14463 0.0669 0.1829 0.71864 0.55896 0.20231 -0.064748 0.27881 -0.0941 0.11552 0.48821 0.16543 -0.09697 0.54444 0.46001 0.53987 -0.12944 -0.021767 0.10578 0.11521 0.31396 -0.04062 0.69666 0.40831 0.37668 0.06986 0.4505 0.0254 0.010376 -0.019043 -0.05247 0.024446 -0.12158 0.65399 -0.19641 0.060348 0.10383 0.51779 0.30177 0.064987 -0.031701 0.09161 -0.091262 0.056972 0.30725 0.12034 -0.085665 0.23988 0.35414 0.19863 -0.13635 -0.0088647 -0.018891 0.035443 0.15584 -0.11681 0.27023 0.079683 0.15442 0.05155 0.069114 0.069817 0.020447 -0.0058651 -0.10781
-0.026716 0.098448 0.003111 0.030687 0.0046752 0.10582 0.025944 0.024785 0.06982 0.0099706 0.076612 -0.021512 0.027231 0.014503 0.091315 0.026309 0.031588 0.053381 0.03327 0.17102 -0.14463 0 0.018917 0.32028 0.048495 -0.137 0.14004 0.24741 0.037451 0.91745 0.016672 -0.15147 0.16111 0.37851 -0.077763 -0.18106 -0.13613 0.87516 0.32373 0.085182 0.2936 0.29391 0.079255 -0.025834 0.084891 0.63182 0.17975 0.016703 -0.03237 0.013932 0.20963 0.23673 0.079848 0.15817 -0.24938 0.97356 0.0055345 0.36256 -0.067888 -0.081953 0.1671 0.31014 -0.012942 0.90667 -0.0053589 -0.18955 0.16598 0.34706 -0.10856 -0.2473 -0.15349 0.83706 0.3701 0.082265 0.3091 0.3176 0.084985 -0.094056 -0.0059728 0.57707 0.16635 0.05523 -0.073604 0.014431 0.17796 0.21392
0.022692 0.019084 0.0097999 0.010446 0.010631 0.13482 0.074369 -0.00058438 0.016591 0.048351 0.01586 -0.0083242 0.014454 0.011247 0.10916 0.071913 0.014811 0.037613 0.041188 0.052185 0.0669 0.018917 0 0.15792 0.10947 0.14293 0.058207 0.033074 0.094253 0.042393 0.09057 0.10542 0.097584 0.03153 0.06415 0.038081 0.069252 0.024252 0.048947 0.041267 0.058101 0.043605 0.059116 0.043039 0.069583 0.087999 0.10817 0.063249 0.030166 0.10316 0.050353 0.10075 0.018991 0.023751 0.036868 0.0070744 0.051892 0.13001 0.073353 0.11286 0.056467 0.023356 0.058025 0.041271 0.082496 0.071179 0.080637 0.0081724 0.053382 0.013953 0.04015 0.015588 0.037909 0.032905 0.048102 0.057973 0.031555 -0.0037224 0.046134 0.072661 0.07951 0.036356 0.016539 0.049812 0.027784 0.089248
-0.067073 -0.054661 -0.040804 -0.026492 -0.01318 0.22236 0.18069 -0.01023 0.00073817 -0.088296 -0.07402 -0.060683 -0.031671 -0.022514 0.23049 0.17211 -0.0060325 0.01085 0.26142 0.0212 0.1829 0.32028 0.15792 0 0.3201 0.35786 0.074985 0.54738 0.09912 0.51368 0.17457 0.1991 0.33023 0.10235 0.12523 0.035784 0.097743 0.27504 0.10253 -0.056292 0.14834 0.10191 0.041485 -0.022024 0.089619 0.49574 0.34642 0.0076331 0.06545 0.14951 0.11949 0.13823 0.25219 0.040057 0.046499 0.29149 0.10737 0.81468 0.19312 0.35613 0.073201 0.51005 0.074509 0.51232 0.13644 0.18934 0.34847 0.11018 0.10434 -0.029019 0.12908 0.19861 0.15396 -0.04397 0.18385 0.14518 0.036026 -0.074485 0.047482 0.49551 0.2812 -0.0058023 0.042727 0.13733 0.090959 0.10187
0.050212 0.054882 0.024738 -0.09703 -0.020906 0.24962 0.073287 -0.049127 0.028001 0.20822 0.0026792 -0.011436 -0.09842 -0.028408 0.23105 0.0516 -0.020376 0.056527 0.20004 -0.12498 0.71864 0.048495 0.10947 0.3201 0 0.51111 0.5375 0.059246 0.17918 0.097992 0.31212 0.63768 0.41407 -0.038061 0.23737 0.35222 0.24752 0.0017683 -0.061114 0.19973 -0.10215 0.69806 0.11316 0.51972 0.36664 0.36061 0.11094 0.23023 0.15649 0.11031 0.0054984 -0.088641 0.038476 -0.13458 0.50402 -0.030066 0.065993 0.2288 0.74503 0.31126 0.4166 0.058174 0.041928 0.085606 0.25899 0.52505 0.33305 -0.046466 0.041015 0.22861 0.072283 -0.01775 -0.055819 0.055148 -0.12786 0.52141 0.034835 0.15566 0.15351 0.15543 0.081222 -0.018038 0.21265 0.13379 0.017846 -0.13245
0.12683 0.036017 0.042675 0.0082648 0.0028726 0.12697 0.13529 -0.024899 0.004797 0.22159 -0.027713 0.021303 -0.0047053 -0.021626 0.12724 0.12126 -0.03789 0.02779 0.27968 -0.02021 0.55896 -0.137 0.14293 0.35786 0.51111 0 -0.014111 0.091636 0.24861 -0.077077 0.066725 0.45653 0.11191 -0.042336 0.43499 0.38635 0.47379 -0.13041 0.017929 0.030281 0.13912 -0.027653 -0.080691 0.38946 0.22027 0.38174 0.18577 0.43301 0.021477 0.12435 -0.0036894 0.093462 0.13793 -0.01859 0.33099 -0.16899 0.090413 0.27199 0.32056 0.56576 -0.11027 0.056922 0.13893 -0.074326 -0.01164 0.30593 0.051315 -0.055518 0.26395 0.25028 0.31141 -0.15072 -0.0029775 -0.010877 0.07213 -0.063642 -0.10888 0.12028 0.026355 0.26509 0.13798 0.20382 0.037996 0.089213 -0.00047105 0.04277
0.089665 0.14192 0.081299 0.0066974 -0.0067701 0.34457 0.0042847 0.052974 0.12871 0.14463 0.14363 0.07867 -0.0064993 0.012337 0.32608 -0.0060698 0.079506 0.12048 -0.17542 0.014791 0.20231 0.14004 0.058207 0.074985 0.5375 -0.014111 0 0.021709 0.044093 0.13274 0.4953 0.20967 0.39472 0.086595 -0.23169 -0.050644 -0.25353 0.16053 0.055774 0.41419 -0.12379 0.81472 0.46151 0.10615 0.25585 -0.0025218 -0.0017439 -0.1537 0.12987 0.044036 0.12761 -0.024325 -0.1677 0.01119 0.08319 0.099303 0.056987 0.058767 0.33991 -0.052593 0.7676 0.048006 -0.030492 0.12166 0.45221 0.20254 0.31376 0.064199 -0.31036 -0.12732 -0.27346 0.1857 0.067636 0.27828 -0.12151 0.71335 0.33311 -0.036604 0.17037 -0.10069 0.0147 -0.19401 0.11564 0.056976 0.10501 -0.05062
0.013062 0.078406 0.0054528 0.023099 -0.0085668 0.12567 0.06633 0.019394 0.021578 -0.066599 0.062711 0.012661 0.043653 -0.0099336 0.12243 0.024007 0.03103 0.024088 0.076155 0.036729 -0.064748 0.24741 0.033074 0.54738 0.059246 0.091636 0.021709 0 0.050474 0.42576 0.10465 0.018062 0.049926 0.060053 -0.0026543 -0.0099942 0.0097014 0.34272 0.025336 0.028932 0.077508 -0.024079 0.076821 -0.097413 -0.022632 0.29274 0.17001 -0.10705 0.016396 0.053681 0.12439 0.11634 0.15414 0.070104 -0.064061 0.25303 0.025977 0.5634 0.011957 0.16356 0.023288 0.95259 0.082961 0.35473 0.07645 0.058218 0.081836 0.059717 0.088881 -0.018404 0.094034 0.3284 0.10325 0.037559 0.14699 0.014022 0.072207 -0.069231 0.0080864 0.34951 0.14016 0.012553 0.028126 0.049406 0.10284 0.12309
0.18914 0.14228 0.19202 0.14611 0.072737 0.084808 0.015162 0.022966 0.077364 0.2067 0.12321 0.18373 0.13444 0.03111 0.088689 0.015607 0.016929 0.090281 0.076228 0.21079 0.27881 0.037451 0.094253 0.09912 0.17918 0.24861 0.044093 0.050474 0 0.050718 0.050891 0.078585 0.057746 0.066877 0.4303 0.29083 0.47149 0.096818 0.033943 0.26302 0.12445 0.092679 0.20473 0.44633 0.28972 0.18954 0.070926 0.4031 -0.037578 0.050153 0.1309 0.32807 0.085437 0.19658 0.22828 0.019933 0.05159 0.067813 0.15276 0.16292 -0.0051456 0.046245 0.39963 0.03904 0.047305 0.063039 0.017757 0.040984 0.37417 0.23736 0.4307 0.086584 0.034053 0.19648 0.10693 0.0727 0.15751 0.27259 0.21995 0.083589 0.064346 0.28166 -0.00089614 -0.0044142 0.1212 0.31155
-0.0057524 0.13553 0.023959 0.042995 0.0073225 0.12996 0.036973 0.013008 0.098179 0.01199 0.1133 0.0023468 0.0362 0.01674 0.10958 0.033159 0.033454 0.091049 0.063514 0.19336 -0.0941 0.91745 0.042393 0.51368 0.097992 -0.077077 0.13274 0.42576 0.050718 0 0.03555 -0.13503 0.22527 0.3854 -0.042355 -0.16855 -0.08008 0.91239 0.35155 0.10736 0.29852 0.25261 0.088266 -0.021073 0.075494 0.65281 0.21409 0.055965 -0.019895 0.011392 0.28008 0.28025 0.088073 0.17144 -0.18035 0.90809 0.013849 0.52048 -0.007891 -0.002307 0.16443 0.46391 0.028819 0.92778 0.0099923 -0.14255 0.23445 0.34533 -0.024953 -0.20994 -0.069368 0.87301 0.39196 0.11287 0.32141 0.30264 0.090133 -0.071232 0.014516 0.62055 0.18979 0.13099 -0.052736 -0.00070091 0.24078 0.25763
-0.15847 -0.032507 -0.0083793 -0.029513 -0.027131 0.30101 0.16936 0.065551 0.021061 -0.020825 -0.065714 -0.049748 -0.066532 -0.031452 0.30656 0.13742 0.054868 0.013943 0.019403 -0.0909 0.11552 0.016672 0.09057 0.17457 0.31212 0.066725 0.4953 0.10465 0.050891 0.03555 0 0.36545 0.27309 -0.01375 -0.16298 0.074459 -0.10231 0.00022868 0.019792 -0.01657 -0.061878 0.39435 0.39059 -0.20714 0.26342 -0.090797 0.19378 -0.29838 0.27289 0.17824 0.03187 -0.07665 -0.049486 -0.11562 -0.14136 0.0025635 0.037709 0.17871 0.064071 0.018376 0.36698 0.1267 -0.092285 0.031834 0.54631 0.23179 0.22009 -0.020558 -0.34577 -0.10566 -0.27259 -0.012633 0.040532 -0.12596 -0.085317 0.2235 0.22146 -0.38006 0.033164 -0.11596 0.1561 -0.35289 0.2154 0.16714 0.026283 -0.11472
-0.12102 -0.11602 -0.074039 -0.16163 -0.036589 0.2064 0.16897 -0.061858 -0.055246 0.04704 -0.19607 -0.13956 -0.16862 -0.058481 0.17361 0.12502 -0.06786 -0.02986 0.56821 -0.2803 0.48821 -0.15147 0.10542 0.1991 0.63768 0.45653 0.20967 0.018062 0.078585 -0.13503 0.36545 0 0.14713 -0.21999 0.22364 0.59091 0.36154 -0.20619 -0.13133 -0.093081 -0.14615 0.24856 -0.012376 0.033449 0.36623 -0.11423 0.38838 0.10865 0.31094 0.28208 -0.082626 -0.20495 0.23548 -0.28913 0.19896 -0.20115 0.071726 0.14535 0.32442 0.28067 0.048982 0.025018 -0.058974 -0.11489 0.19368 0.74571 0.084963 -0.20432 -0.10633 0.3901 -0.00093785 -0.2311 -0.10873 -0.23416 -0.19461 -0.0074403 -0.11008 -0.235 0.059776 -0.15146 0.28358 -0.21985 0.32223 0.27268 -0.058256 -0.22741
0.01087 0.014854 -0.026386 -0.022486 -0.011285 0.27875 0.070957 0.022908 0.065445 0.041604 0.011608 -0.032981 -0.02347 -7.8212e-05 0.27541 0.096666 0.0092017 0.071703 -0.0020255 0.012193 0.16543 0.16111 0.097584 0.33023 0.41407 0.11191 0.39472 0.049926 0.057746 0.22527 0.27309 0.14713 0 0.1085 -0.05416 -0.035893 -0.079263 0.13741 0.06325 0.06836 -0.021993 0.45105 0.21229 0.065447 0.14431 0.14264 0.14872 -0.065169 0.0532 0.092665 0.097158 0.044593 0.030653 0.005068 0.12068 0.12768 0.068894 0.28233 0.30711 0.10356 0.38608 0.055253 0.012858 0.22137 0.27415 0.17507 0.44712 0.086565 -0.084452 -0.038583 -0.050728 0.11438 0.049297 0.048405 -0.017181 0.4256 0.15773 -0.0064805 0.12932 0.083097 0.14163 -0.079207 0.080064 0.099953 0.070523 0.0064957
0.12596 0.18325 0.05266 0.19394 0.024036 0.073975 0.014515 0.049367 0.12426 0.19555 0.1352 0.039701 0.16255 0.060533 0.071917 0.016737 0.033509 0.099362 -0.026289 0.4017 -0.09697 0.37851 0.03153 0.10235 -0.038061 -0.042336 0.086595 0.060053 0.066877 0.3854 -0.01375 -0.21999 0.1085 0 0.11939 -0.22383 -0.014639 0.43921 0.53695 0.28679 0.59813 0.226 0.10459 0.15196 0.31561 0.38835 0.15558 0.34157 -0.075066 -0.017624 0.37377 0.49447 0.021625 0.35602 -0.11227 0.35812 0.00079785 0.089365 -0.069454 -0.043185 0.11315 0.052769 0.042287 0.35105 -0.025729 -0.22744 0.14003 0.7849 0.17114 -0.23467 0.054811 0.41828 0.46344 0.33775 0.54231 0.2803 0.093351 0.13617 0.25142 0.31958 0.15292 0.40879 -0.10293 -0.041808 0.32941 0.46482
0.084066 0.10249 0.22278 0.17025 0.069857 -0.034166 0.022087 -0.026846 0.033715 0.22626 0.020304 0.1901 0.14062 0.022848 -0.041743 0.0070389 -0.021869 0.023041 0.50327 0.19601 0.54444 -0.077763 0.06415 0.12523 0.23737 0.43499 -0.23169 -0.0026543 0.4303 -0.042355 -0.16298 0.22364 -0.05416 0.11939 0 0.40199 0.84946 -0.0069096 0.087204 0.091359 0.36658 -0.10005 -0.10635 0.55666 0.49926 0.29259 0.25017 0.66984 -0.052497 0.013295 0.11893 0.36828 0.27375 0.18668 0.33047 -0.09574 0.022905 0.060159 0.11544 0.20258 -0.29693 -0.0071889 0.28247 -0.044942 -0.20046 0.049804 -0.055847 0.10221 0.66524 0.27425 0.60403 -0.030984 0.079864 0.024756 0.30366 -0.16221 -0.11633 0.22371 0.24495 0.17257 0.19285 0.44014 -0.051993 -0.029849 0.12266 0.32287
-0.07093 -0.075217 -0.014908 -0.093923 0.0029377 0.018385 0.077379 -0.086397 -0.064157 0.091722 -0.15117 -0.051175 -0.10812 -0.045547 -0.016563 0.040493 -0.079719 -0.055272 0.22878 -0.22496 0.46001 -0.18106 0.038081 0.035784 0.35222 0.38635 -0.050644 -0.0099942 0.29083 -0.16855 0.074459 0.59091 -0.035893 -0.22383 0.40199 0 0.62027 -0.16604 -0.15069 -0.12824 -0.082203 -0.092789 -0.17294 0.18751 0.23101 -0.091071 0.029076 0.19048 0.15001 0.090833 -0.086766 -0.13035 -0.014112 -0.22968 0.18564 -0.19653 0.039692 0.0074985 0.10219 0.1744 -0.20852 -0.011794 0.10622 -0.16094 -0.034437 0.26702 -0.04805 -0.20096 0.091641 0.56121 0.22711 -0.1824 -0.11743 -0.23389 -0.10827 -0.29573 -0.24117 -0.14591 -0.096478 -0.14942 -0.01092 -0.073617 0.12537 0.076734 -0.069627 -0.13882
0.012144 0.0037805 0.13594 0.062359 0.052029 -0.023201 0.071813 -0.07526 -0.016364 0.19089 -0.067564 0.10996 0.048475 -0.009379 -0.049364 0.046948 -0.062022 -0.0083845 0.55358 0.015895 0.53987 -0.13613 0.069252 0.097743 0.24752 0.47379 -0.25353 0.0097014 0.47149 -0.08008 -0.10231 0.36154 -0.079263 -0.014639 0.84946 0.62027 0 -0.078391 -0.022691 -0.038889 0.24828 -0.22948 -0.20726 0.42955 0.34752 0.17031 0.23431 0.56146 0.027561 0.037071 0.012613 0.20148 0.28066 -0.025832 0.29031 -0.14602 0.045637 0.03486 0.015344 0.23924 -0.35162 0.0064124 0.28081 -0.089555 -0.17815 0.097365 -0.087154 -0.021917 0.51359 0.47309 0.59914 -0.099486 0.0079522 -0.12967 0.16215 -0.33241 -0.22508 0.077846 0.013579 0.067021 0.16324 0.24348 -0.033709 -0.00092076 0.037915 0.16658
0.11171 0.23475 0.089387 0.12173 0.051922 0.091971 -0.015566 0.048489 0.17338 0.12954 0.23741 0.089212 0.11728 0.057025 0.07388 -0.049681 0.047641 0.16451 -0.045342 0.28381 -0.12944 0.87516 0.024252 0.27504 0.0017683 -0.13041 0.16053 0.34272 0.096818 0.91239 0.00022868 -0.20619 0.13741 0.43921 -0.0069096 -0.16604 -0.078391 0 0.42333 0.23176 0.36945 0.28518 0.12907 0.026707 0.10611 0.55476 0.099099 0.13367 -0.057943 -0.02509 0.32809 0.3645 -0.010397 0.27156 -0.17133 0.83783 0.0042243 0.2883 -0.049311 -0.065879 0.19584 0.40216 0.081883 0.86999 0.0036521 -0.20194 0.14327 0.40408 0.020782 -0.18212 -0.042966 0.96599 0.45568 0.2478 0.39818 0.32681 0.14273 0.017465 0.074915 0.51741 0.085415 0.25909 -0.069751 -0.051551 0.29484 0.35808
0.055937 0.14257 0.0099191 0.17954 0.071611 0.092994 0.052578 0.024342 0.099898 0.25663 0.067399 0.008689 0.10543 0.060369 0.07781 0.039148 0.008456 0.080999 0.059913 0.32688 -0.021767 0.32373 0.048947 0.10253 -0.061114 0.017929 0.055774 0.025336 0.033943 0.35155 0.019792 -0.13133 0.06325 0.53695 0.087204 -0.15069 -0.022691 0.42333 0 0.11382 0.88793 0.11023 0.027986 0.066557 0.322 0.43929 0.29314 0.40297 -0.018407 0.035639 0.49311 0.60694 0.039948 0.28871 -0.16734 0.29763 0.0022967 0.08961 -0.14079 -0.035749 0.033542 0.018685 -0.015946 0.32065 -0.01931 -0.21014 0.082075 0.48576 0.064807 -0.22662 -0.08521 0.38796 0.89445 0.14368 0.7851 0.11519 0.0039843 -0.037848 0.15141 0.34827 0.24443 0.38496 -0.096108 -0.023371 0.40472 0.50453
0.3657 0.33312 0.19846 0.20933 0.090562 0.099666 -0.12113 0.069529 0.19022 0.31206 0.34551 0.2214 0.21541 0.087312 0.084001 -0.10709 0.064848 0.18374 -0.114 0.41966 0.10578 0.085182 0.041267 -0.056292 0.19973 0.030281 0.41419 0.028932 0.26302 0.10736 -0.01657 -0.093081 0.06836 0.28679 0.091359 -0.12824 -0.038889 0.23176 0.11382 0 0.099522 0.53433 0.36719 0.4444 0.28018 0.18284 -0.092053 0.36615 -0.081497 -0.052796 0.19622 0.35081 -0.077603 0.38284 0.16717 0.089366 0.042121 -0.066242 0.2465 0.057925 0.41688 0.030509 0.24238 0.066063 0.084576 -0.00096112 0.033421 0.23458 0.18435 -0.079077 0.10585 0.25264 0.097063 0.69274 0.12506 0.51218 0.33126 0.44051 0.33068 0.083259 -0.061988 0.38509 -0.091438 -0.09023 0.18938 0.36606
0.071132 0.12223 0.078438 0.26989 0.086526 0.059842 0.068931 0.016819 0.074313 0.27305 0.070791 0.063898 0.20653 0.064786 0.059005 0.069738 -0.0025265 0.064091 0.16641 0.40065 0.11521 0.2936 0.058101 0.14834 -0.10215 0.13912 -0.12379 0.077508 0.12445 0.29852 -0.061878 -0.14615 -0.021993 0.59813 0.36658 -0.082203 0.24828 0.36945 0.88793 0.099522 0 -0.061262 -0.020527 0.14667 0.48446 0.51587 0.3054 0.53727 -0.055926 0.011665 0.42055 0.63623 0.13163 0.35115 -0.0842 0.26563 0.0017256 0.12708 -0.20731 0.026536 -0.13776 0.079958 0.07385 0.28011 -0.11346 -0.24913 0.034654 0.5676 0.30837 -0.19095 0.10075 0.33926 0.81536 0.1309 0.91023 -0.014656 -0.037182 0.025733 0.2701 0.45492 0.25365 0.47774 -0.12674 -0.037286 0.33568 0.55285
0.18047 0.19133 0.082128 0.03309 0.0096068 0.27846 -0.030312 0.04344 0.15213 0.23208 0.19268 0.059859 0.016968 0.038417 0.26464 -0.023956 0.071597 0.15579 -0.080029 0.094428 0.31396 0.29391 0.043605 0.10191 0.69806 -0.027653 0.81472 -0.024079 0.092679 0.25261 0.39435 0.24856 0.45105 0.226 -0.10005 -0.092789 -0.22948 0.28518 0.11023 0.53433 -0.061262 0 0.43175 0.32488 0.36644 0.17844 0.034607 0.073668 0.12425 0.046172 0.13275 0.061585 -0.056717 0.077111 0.20773 0.24431 0.052337 0.087228 0.53332 -0.024937 0.77467 0.044813 -0.0057719 0.23958 0.38762 0.29845 0.37056 0.17392 -0.19767 -0.1235 -0.22034 0.29256 0.09926 0.40938 -0.060389 0.92073 0.34275 0.1538 0.31122 0.022399 0.062354 0.0044469 0.15168 0.071298 0.13508 0.032371
0.092577 0.15921 0.1722 0.13032 0.057067 0.2292 0.0018911 0.11878 0.13567 0.085164 0.18584 0.17011 0.11389 0.058218 0.2382 0.007457 0.12347 0.13251 -0.13976 0.28878 -0.04062 0.079255 0.059116 0.041485 0.11316 -0.080691 0.46151 0.076821 0.20473 0.088266 0.39059 -0.012376 0.21229 0.10459 -0.10635 -0.17294 -0.20726 0.12907 0.027986 0.36719 -0.020527 0.43175 0 0.061838 0.35043 -0.030401 0.034671 -0.055036 0.044749 0.036741 0.15875 0.18657 -0.092485 0.26981 -0.059634 0.069574 0.042132 0.030268 0.051558 -0.052936 0.42908 0.083629 0.1454 0.067918 0.41258 0.060293 0.15555 0.088609 -0.09821 -0.18283 -0.1085 0.12872 0.020885 0.30997 -0.0067391 0.38247 0.57727 0.038269 0.32514 -0.078658 0.064446 -0.010585 0.034293 0.042384 0.14204 0.17934
0.36048 0.20697 0.24459 0.15051 0.069721 -0.00027792 -0.1303 -0.0020086 0.099216 0.45467 0.18769 0.22168 0.12683 0.042523 -0.020698 -0.11132 -0.013642 0.11314 0.0056896 0.25869 0.69666 -0.025834 0.043039 -0.022024 0.51972 0.38946 0.10615 -0.097413 0.44633 -0.021073 -0.20714 0.033449 0.065447 0.15196 0.55666 0.18751 0.42955 0.026707 0.066557 0.4444 0.14667 0.32488 0.061838 0 0.44914 0.42338 -0.11546 0.67077 -0.12856 -0.092842 0.082932 0.25734 -0.0093887 0.21509 0.54828 -0.049431 0.031686 -0.059625 0.44212 0.21602 0.046887 -0.082559 0.28505 -0.041679 -0.14313 0.06854 0.01981 0.12075 0.43898 0.20142 0.31509 0.035907 0.014307 0.37685 0.10868 0.2921 0.035603 0.70614 0.2632 0.21272 -0.083833 0.44928 -0.097612 -0.13416 0.0791 0.20375
0.02364 0.15509 0.18869 0.15256 0.062832 0.17696 0.064624 0.0070833 0.073986 0.27038 0.067924 0.10681 0.11243 0.046838 0.16085 0.045235 0.016667 0.076396 0.1944 0.31282 0.40831 0.084891 0.069583 0.089619 0.36664 0.22027 0.25585 -0.022632 0.28972 0.075494 0.26342 0.36623 0.14431 0.31561 0.49926 0.23101 0.34752 0.10611 0.322 0.28018 0.48446 0.36644 0.35043 0.44914 0 0.2895 0.17795 0.47649 0.11783 0.063249 0.18953 0.30002 0.029876 0.23277 0.10405 0.033969 0.041748 0.050803 0.048198 0.080044 0.10842 -0.00088782 0.04765 0.06709 0.12884 0.10224 0.12123 0.30754 0.16502 -0.038416 0.040799 0.082613 0.27168 0.14195 0.39381 0.14397 0.16938 0.015094 0.51507 0.1533 0.16873 0.20024 0.090985 0.048135 0.17407 0.2395
0.17538 0.13126 0.056437 0.10941 0.013941 0.084602 0.02814 0.0097802 0.0553 0.25254 0.091464 0.07303 0.094223 0.016907 0.077806 0.033253 0.0040081 0.059007 0.079791 0.26881 0.37668 0.63182 0.087999 0.49574 0.36061 0.38174 -0.0025218 0.29274 0.18954 0.65281 -0.090797 -0.11423 0.14264 0.38835 0.29259 -0.091071 0.17031 0.55476 0.43929 0.18284 0.51587 0.17844 -0.030401 0.42338 0.2895 0 0.087718 0.5204 -0.066341 -0.014353 0.18457 0.37399 0.073417 0.25236 0.17525 0.59334 0.044888 0.44967 0.1965 0.31302 0.037652 0.26013 0.12485 0.65305 -0.088294 -0.13187 0.15046 0.34883 0.29788 -0.11035 0.16172 0.5413 0.37873 0.20367 0.46984 0.27132 -0.016109 0.24359 0.15553 0.9356 0.039649 0.43871 -0.078879 -0.043231 0.1598 0.32473
-0.18348 -0.11141 -0.07195 -0.029223 0.0056636 0.21999 0.2366 0.003898 -0.0024058 -0.13206 -0.16526 -0.098774 -0.05416 -0.017956 0.21297 0.20564 0.012659 0.0092131 0.73678 0.0429 0.06986 0.17975 0.10817 0.34642 0.11094 0.18577 -0.0017439 0.17001 0.070926 0.21409 0.19378 0.38838 0.14872 0.15558 0.25017 0.029076 0.23431 0.099099 0.29314 -0.092053 0.3054 0.034607 0.034671 -0.11546 0.17795 0.087718 0 0.11122 0.076741 0.22856 0.56484 0.3066 0.59666 0.040618 -0.079716 0.14811 0.07121 0.33154 -0.036315 0.10061 -0.054151 0.15139 0.018371 0.20114 0.11311 0.2114 0.15714 0.18784 0.11016 -0.048385 0.076886 0.036569 0.32846 -0.10312 0.30075 0.0060283 0.03587 -0.19047 0.066658 0.10896 0.85282 0.04844 0.039423 0.20869 0.46369 0.25256
0.35135 0.22657 0.17826 0.23667 0.10568 -0.073371 -0.063328 0.00052783 0.11084 0.38751 0.21249 0.17874 0.21432 0.080192 -0.089547 -0.068009 -0.029772 0.13159 0.23836 0.37238 0.4505 0.016703 0.063249 0.0076331 0.23023 0.43301 -0.1537 -0.10705 0.4031 0.055965 -0.29838 0.10865 -0.065169 0.34157 0.66984 0.19048 0.56146 0.13367 0.40297 0.36615 0.53727 0.073668 -0.055036 0.67077 0.47649 0.5204 0.11122 0 -0.093646 -0.040759 0.2894 0.57694 0.20706 0.36129 0.38027 0.0063862 0.02017 -0.054695 0.27665 0.28667 -0.15426 -0.081502 0.32288 0.033068 -0.26734 0.11135 -0.060182 0.28527 0.62675 0.23028 0.51256 0.13275 0.29835 0.33766 0.46779 0.12382 -0.029528 0.50676 0.39512 0.37557 0.090891 0.82455 -0.075732 -0.085979 0.22431 0.51373
-0.10504 -0.049309 -0.052706 -0.07078 -0.029119 0.057026 0.047818 -0.0049915 -0.029493 -0.027275 -0.089017 -0.085783 -0.085138 -0.042433 0.043468 0.043087 -0.013329 -0.035448 0.11423 -0.13162 0.0254 -0.03237 0.030166 0.06545 0.15649 0.021477 0.12987 0.016396 -0.037578 -0.019895 0.27289 0.31094 0.0532 -0.075066 -0.052497 0.15001 0.027561 -0.057943 -0.018407 -0.081497 -0.055926 0.12425 0.044749 -0.12856 0.11783 -0.066341 0.076741 -0.093646 0 0.094252 -0.073314 -0.12941 0.03432 -0.14787 -0.097837 -0.028359 0.0087579 0.058002 -0.011252 0.015862 0.062303 0.025354 -0.099528 -0.018086 0.15183 0.19886 0.031836 -0.060912 -0.16812 0.052786 -0.12491 -0.053933 7.3559e-05 -0.16354 -0.076668 0.0034977 -0.0094694 -0.25914 -0.015127 -0.050298 0.063324 -0.19198 0.21903 0.089585 -0.040479 -0.14763
-0.06395 -0.05561 -0.046722 -0.01735 -0.019901 0.15184 0.13438 -0.00019649 -0.019505 -0.0047248 -0.074769 -0.066353 -0.043036 -0.011406 0.13119 0.10676 -0.014017 0.027748 0.15848 -0.043757 0.010376 0.013932 0.10316 0.14951 0.11031 0.12435 0.044036 0.053681 0.050153 0.011392 0.17824 0.28208 0.092665 -0.017624 0.013295 0.090833 0.037071 -0.02509 0.035639 -0.052796 0.011665 0.046172 0.036741 -0.092842 0.063249 -0.014353 0.22856 -0.040759 0.094252 0 0.031464 0.023594 0.093178 -0.065243 -0.053101 0.0039778 0.039005 0.12295 0.020692 0.094051 0.026783 0.046772 -0.02739 0.026982 0.13115 0.20962 0.063145 -0.017088 -0.037034 0.026744 -0.024912 -0.035661 0.021598 -0.092245 -0.010349 0.0087652 0.005214 -0.14711 0.030855 -0.017518 0.1956 -0.083155 0.10389 0.16975 0.016875 0.0072235
0.032238 0.16905 0.067945 0.12348 0.062434 0.11963 0.015421 0.045315 0.12486 0.035928 0.16964 0.062898 0.11203 0.072547 0.099029 0.016403 0.042665 0.16622 0.16679 0.28774 -0.019043 0.20963 0.050353 0.11949 0.0054984 -0.0036894 0.12761 0.12439 0.1309 0.28008 0.03187 -0.082626 0.097158 0.37377 0.11893 -0.086766 0.012613 0.32809 0.49311 0.19622 0.42055 0.13275 0.15875 0.082932 0.18953 0.18457 0.56484 0.2894 -0.073314 0.031464 0 0.50053 0.23024 0.29324 -0.0046654 0.21027 0.037889 0.12938 0.01855 -0.0093524 0.10935 0.11623 0.13344 0.25238 0.054449 -0.058646 0.11279 0.3624 0.17631 -0.082354 0.087128 0.30165 0.45858 0.23903 0.41318 0.17907 0.16419 0.07655 0.19812 0.1735 0.53804 0.35995 -0.046946 -0.0063913 0.65369 0.46028
0.22538 0.28715 0.18153 0.34456 0.14282 0.083514 0.028338 0.086646 0.18238 0.22551 0.27846 0.18886 0.31143 0.12095 0.082963 0.029565 0.06167 0.19009 0.12194 0.56643 -0.05247 0.23673 0.10075 0.13823 -0.088641 0.093462 -0.024325 0.11634 0.32807 0.28025 -0.07665 -0.20495 0.044593 0.49447 0.36828 -0.13035 0.20148 0.3645 0.60694 0.35081 0.63623 0.061585 0.18657 0.25734 0.30002 0.37399 0.3066 0.57694 -0.12941 0.023594 0.50053 0 0.16977 0.53812 -0.017744 0.23199 0.053777 0.096287 -0.04468 0.069009 0.0081551 0.11693 0.31983 0.24988 -0.050131 -0.15727 0.057515 0.46292 0.48385 -0.092435 0.32916 0.35533 0.53144 0.40427 0.60904 0.16379 0.20044 0.25629 0.33157 0.32625 0.27578 0.64288 -0.13222 -0.035147 0.40932 0.77027
-0.037769 -0.1208 -0.027515 -0.016482 -0.0074155 0.028433 0.094184 -0.021531 -0.034139 -0.14912 -0.14149 -0.026428 0.0065613 -0.016213 0.034358 0.10631 -0.012125 -0.0071 0.66493 0.030715 0.024446 0.079848 0.018991 0.25219 0.038476 0.13793 -0.1677 0.15414 0.085437 0.088073 -0.049486 0.23548 0.030653 0.021625 0.27375 -0.014112 0.28066 -0.010397 0.039948 -0.077603 0.13163 -0.056717 -0.092485 -0.0093887 0.029876 0.073417 0.59666 0.20706 0.03432 0.093178 0.23024 0.16977 0 0.042725 0.1591 0.086789 0.03577 0.28135 0.15862 0.20325 -0.16219 0.10376 0.12112 0.083716 -0.041166 0.406 0.037485 0.039851 0.42142 0.1533 0.4588 -0.043708 0.082192 -0.040539 0.18439 0.0095069 -0.043556 0.030212 0.22992 0.074399 0.71729 0.21283 0.048296 0.16459 0.20038 0.16123
