0,0.359668374061584,0.275033593177795,0.294183552265167,0.0824108272790909,-0.0141478767618537,-0.102109931409359,0.0627803057432175,0.218799144029617,0.734718441963196,0.442801207304001,0.366588026285172,0.30794295668602,0.109218157827854,-0.00996542163193226,-0.102640233933926,0.0459109544754028,0.278094977140427,-0.183885857462883,0.253809660673141,0.0683681294322014,0.0114746764302254,0.0216378960758448,-0.0933140516281128,0.0515657551586628,0.153433173894882,0.0774594694375992,-0.0290491934865713,0.203167870640755,0.00901302322745323,-0.162662670016289,-0.115565702319145,0.00853984337300062,0.124846644699574,0.0965530872344971,-0.04724245890975,0.0267226304858923,0.140652939677238,0.0294199790805578,0.369601041078568,0.0755278319120407,0.189480066299438,0.111294105648994,0.379808217287064,0.0810413137078285,0.14167682826519,-0.16994833946228,0.351566582918167,-0.100866854190826,-0.0637330785393715,0.0594751387834549,0.228559911251068,-0.0950864180922508,0.304276168346405,0.384131908416748,0.0107101481407881,0.0376684069633484,-0.125907823443413,0.309613168239594,0.217276126146317,0.166046738624573,-0.0287811663001776,0.324142336845398,-0.026718383654952,-0.0454461313784122,0.0832283347845078,0.00910214148461819,0.145298093557358,0.387279957532883,0.180151924490929,0.288532555103302,0.164592757821083,0.0395441949367523,0.44916769862175,0.167912438511848,0.293124854564667,0.186617285013199,0.567663788795471,0.382657438516617,0.161521553993225,-0.142251640558243,0.512429475784302,-0.0256143417209387,-0.0859190970659256,0.0456038154661655,0.284898996353149
0.359668374061584,0,0.271570146083832,0.292065382003784,0.118020705878735,-0.00369060039520264,-0.0954548642039299,0.0810784846544266,0.240649536252022,0.376228392124176,0.538445353507996,0.292719841003418,0.28044718503952,0.111001677811146,-0.0183684136718512,-0.11623477190733,0.061692126095295,0.237576141953468,-0.140740931034088,0.285315990447998,0.0418221354484558,0.0990995466709137,0.0191478598862886,-0.100192151963711,0.0293176025152206,0.035161204636097,0.127191126346588,0.0586322583258152,0.161938458681107,0.121707417070866,-0.0473942123353481,-0.118540652096272,-0.00110573088750243,0.145630195736885,0.11721646040678,-0.0621282570064068,0.00744978711009026,0.24726291000843,0.0869038477540016,0.354130893945694,0.0813884735107422,0.186046779155731,0.178951114416122,0.227176919579506,0.183138683438301,0.0782777518033981,-0.124287120997906,0.22814168035984,-0.0595937557518482,-0.0656543225049973,0.183785825967789,0.277030199766159,-0.154964163899422,0.285242646932602,0.0575504675507545,0.0898773521184921,0.0116814551874995,-0.125945627689362,0.0451830811798573,-0.0365714468061924,0.117907501757145,0.0514223203063011,0.140710055828094,0.0801877751946449,-0.0289121549576521,-0.113757520914078,-0.0360212810337543,0.0784154236316681,0.171171024441719,-0.0253825671970844,0.0805996581912041,0.282787889242172,0.0366615168750286,0.33239358663559,0.0620762705802917,0.168362364172935,0.167880803346634,0.192261233925819,0.164967939257622,0.0169899929314852,-0.151774600148201,0.206147283315659,-0.0519576296210289,-0.0817537382245064,0.15768626332283,0.268497854471207
0.275033593177795,0.271570146083832,0,0.411664634943008,0.115998797118664,0.0225045830011368,-0.0274136494845152,0.151965707540512,0.149479076266289,0.297701120376587,0.294708639383316,0.602437555789948,0.403826624155045,0.0714337974786758,0.0161205437034369,-0.0333959460258484,0.128103017807007,0.158080726861954,-0.0535117797553539,0.231480568647385,0.0940155982971191,0.0228698253631592,0.0025702090933919,-0.0741292089223862,0.00101522693876177,0.0452268905937672,0.0610817931592464,-0.00819566752761602,0.204840838909149,0.0292553883045912,-0.0249575525522232,-0.0854760110378265,-0.0455172806978226,0.0457524172961712,0.229556396603584,-0.00671531213447452,0.131267741322517,0.105124190449715,-0.0234389659017324,0.218627348542213,0.0698170363903046,0.0737455189228058,0.189410984516144,0.251461356878281,0.206719905138016,0.03353575989604,-0.0741415992379189,0.179966330528259,-0.0609167069196701,-0.0539740957319736,0.0995270982384682,0.186666175723076,-0.0481333918869495,0.208884924650192,0.0886059105396271,0.000104129314422607,0.0283915605396032,-0.0898506343364716,0.00100148806814104,0.00980569142848253,0.0454577021300793,0.00836791284382343,0.170222267508507,-0.00106962991412729,-0.0175435543060303,-0.0886630862951279,-0.0399362035095692,0.0242392756044865,0.211095035076141,-0.0257833488285542,0.152328804135323,0.118334390223026,-0.0365120433270931,0.215742230415344,0.0842339918017387,0.0547762401401997,0.143482521176338,0.172610864043236,0.156393066048622,-0.00504988851025701,-0.0740652158856392,0.188090205192566,-0.0760685428977013,-0.0611555613577366,0.0963181406259537,0.194042518734932
0.294183552265167,0.292065382003784,0.411664634943008,0,0.211681589484215,0.00733679160475731,-0.0088924914598465,0.122437864542007,0.146887466311455,0.276031315326691,0.303709924221039,0.392412930727005,0.664303123950958,0.136676549911499,0.0024250946007669,-0.0176850575953722,0.105854354798794,0.158143594861031,-0.0863399654626846,0.333248138427734,-0.0418905541300774,0.0558473505079746,0.00876930169761181,-0.033568549901247,-0.12337127327919,0.025589220225811,-0.00974050723016262,0.0106987692415714,0.167748421430588,0.053357120603323,-0.0426439978182316,-0.17944772541523,-0.0237541031092405,0.191627234220505,0.190878704190254,-0.0981892868876457,0.0629188567399979,0.134064078330994,0.158009588718414,0.232690453529358,0.277575254440308,0.0319513827562332,0.150318905711174,0.178636610507965,0.200487449765205,0.107049964368343,-0.0237267967313528,0.269173622131348,-0.0843790844082832,-0.0277549810707569,0.144887715578079,0.36123976111412,-0.0505603291094303,0.323817640542984,0.00245555560104549,0.0557836182415485,0.00600304082036018,-0.0517296865582466,-0.0797723382711411,-0.0174279157072306,0.00455089658498764,0.0281030014157295,0.160653725266457,0.0327427238225937,-0.0384684801101685,-0.16401681303978,-0.00319556822068989,0.152693435549736,0.270878523588181,-0.0669536143541336,0.157225638628006,0.151969164609909,0.0931874066591263,0.267547339200974,0.260603308677673,0.0612215846776962,0.152044326066971,0.18439145386219,0.187629729509354,0.0838502198457718,-0.0434302650392056,0.306294977664948,-0.0876153632998466,-0.0655529797077179,0.134392037987709,0.370740562677383
0.0824108272790909,0.118020705878735,0.115998797118664,0.211681589484215,0,0.00315642240457237,-0.013140126131475,0.0254800990223885,0.0609448440372944,0.102445900440216,0.111102811992168,0.120276369154453,0.185644894838333,0.0452692210674286,-0.00571843795478344,-0.0258316695690155,0.0258401576429605,0.0585006810724735,-0.0279814153909683,0.111703231930733,-1.3815239071846e-05,0.00977142341434956,0.0119466912001371,-0.0177566446363926,-0.0233072992414236,0.0117950700223446,-0.0109890205785632,-0.0136987678706646,0.081101581454277,0.0107565373182297,-0.0199461616575718,-0.0405817925930023,-0.00820530671626329,0.0184844769537449,0.0731406137347221,0.00475922925397754,0.0509383119642735,0.0523966290056705,0.0600451715290546,0.0997535735368729,0.0876737982034683,0.0112825846299529,0.069969579577446,0.0788081511855125,0.0806566402316093,0.00532558932900429,0.00691439164802432,0.113288074731827,-0.034345481544733,-0.0207138080149889,0.0695021897554398,0.148049160838127,-0.0242799706757069,0.12408933788538,-0.0234796050935984,0.004064264241606,-0.0168778840452433,-0.0383010171353817,-0.0438143685460091,-0.0177635177969933,-0.00761684868484735,-0.00293319299817085,0.0655006170272827,-0.00446303095668554,-0.0227847006171942,-0.0553403832018375,-0.0221185702830553,0.0268992371857166,0.0835489928722382,-0.00892191100865602,0.060402050614357,0.0545085184276104,0.0433520153164864,0.0828201025724411,0.0703225359320641,-0.00525874458253384,0.0357333272695541,0.0436590984463692,0.0511251986026764,-0.0156269501894712,-0.0176798459142447,0.0995433777570724,-0.0450599007308483,-0.0263142436742783,0.0471967607736588,0.139136895537376
-0.0141478767618537,-0.00369060039520264,0.0225045830011368,0.00733679160475731,0.00315642240457237,0,0.173424810171127,0.0178258679807186,0.0784977525472641,0.0364944599568844,-0.0183460861444473,0.00812614429742098,0.000127836130559444,-0.0228872448205948,0.438874453306198,0.189402356743813,0.0368722006678581,0.0584897957742214,0.115570813417435,0.0484805926680565,0.131187662482262,0.0888205170631409,0.129931226372719,0.236963465809822,0.222731441259384,0.125800982117653,0.318518221378326,0.146229445934296,0.0856071636080742,0.126439303159714,0.295280814170837,0.208301693201065,0.263890415430069,0.0781676098704338,-0.0139082968235016,0.0367324948310852,-0.00497286999598145,0.0758118107914925,0.104723460972309,0.0855123624205589,0.0720171257853508,0.237309321761131,0.211431950330734,-0.0132652819156647,0.141764611005783,0.094977080821991,0.247573494911194,-0.0526262223720551,0.0492353811860085,0.153849586844444,0.116358280181885,0.095896951854229,0.0859630331397057,0.0283531416207552,0.0050886757671833,0.0709516778588295,0.0931476876139641,0.2289018034935,0.117022641003132,0.103299230337143,0.268599361181259,0.152613595128059,0.0259190481156111,0.116840556263924,0.269800364971161,0.135714381933212,0.222064614295959,0.0751683562994003,-0.0873319953680038,-0.0268615782260895,-0.0593073256313801,0.0497226975858212,0.116389863193035,0.0387509129941463,0.0738704726099968,0.194973886013031,0.143147900700569,-0.0817516073584557,0.0632304325699806,0.0637441352009773,0.210943102836609,-0.0674890577793121,0.0552901774644852,0.131409868597984,0.103293851017952,0.0727690160274506
-0.102109931409359,-0.0954548642039299,-0.0274136494845152,-0.0088924914598465,-0.013140126131475,0.173424810171127,0,-0.00642019463703036,-0.00664038490504026,-0.0582970380783081,-0.119048744440079,-0.0488397516310215,-0.0347215607762337,-0.025154959410429,0.18609282374382,0.268855154514313,-0.00586983514949679,-0.0376522094011307,0.169680759310722,-0.0294761378318071,0.0422299392521381,0.0181012433022261,0.0776412561535835,0.194967806339264,0.0601624958217144,0.130757138133049,-0.00675510289147496,0.0813622251152992,4.67933714389801e-05,0.0387809202075005,0.171315148472786,0.167241811752319,0.0680510327219963,0.0266974549740553,0.0272351466119289,0.0725104138255119,0.0713545233011246,-0.0238429829478264,0.0641488060355186,-0.123643465340137,0.0889820083975792,-0.0481515489518642,-0.00772057985886931,-0.138919085264206,0.0565155558288097,0.0462726168334484,0.245708644390106,-0.0503572076559067,0.0481614544987679,0.132421463727951,0.00982662849128246,0.0382843054831028,0.130343392491341,-0.0521974563598633,-0.0667486637830734,0.00793993193656206,0.0303642638027668,0.179871991276741,-0.0413808673620224,0.0895085036754608,-0.0359354466199875,0.0722100362181664,-0.0353999026119709,0.0368614979088306,0.0941565856337547,0.0859580859541893,0.0518311075866222,0.0311652980744839,-0.0509663783013821,-0.0157471094280481,-0.0207247268408537,-0.0455281287431717,0.08114393055439,-0.135099947452545,0.0956028774380684,-0.0622689761221409,-0.0281889513134956,-0.184620663523674,-0.0191346462816,0.0484620220959187,0.209201842546463,-0.105680607259274,0.0318671762943268,0.116549514234066,0.00367342145182192,0.00621621124446392
0.0627803057432175,0.0810784846544266,0.151965707540512,0.122437864542007,0.0254800990223885,0.0178258679807186,-0.00642019463703036,0,0.0634684562683105,0.0474677607417107,0.081630565226078,0.136067494750023,0.120789259672165,0.0176078137010336,0.0298444982618093,0.0101215923205018,0.108257882297039,0.0674180313944817,-0.0390015356242657,0.0990857779979706,-0.0597152374684811,0.0301613043993711,0.00146803155075759,-0.0132880564779043,-0.0565279088914394,-0.0232221707701683,0.0442414730787277,0.0224173907190561,0.0245434883981943,0.0203209146857262,0.0538770705461502,-0.0643097087740898,0.0168308410793543,0.0579163320362568,-0.0173924062401056,-0.0803374126553535,-0.0685922652482986,0.0582450889050961,0.0250891931355,0.0644054785370827,0.0247805137187243,0.0351799763739109,0.112439937889576,-0.00245900708250701,0.0111742867156863,0.0102888299152255,0.00954747945070267,0.00630210246890783,-0.0117232231423259,0.000359740079147741,0.0534315817058086,0.0844744071364403,-0.0167650375515223,0.0859070122241974,-0.0399393178522587,0.0356864146888256,-0.00705799646675587,-0.00631373096257448,-0.0304142106324434,-0.000801404297817498,0.0603573881089687,0.0383678302168846,0.0343151837587357,0.0147331478074193,0.0554821789264679,-0.0485107786953449,0.011319437995553,0.0520368851721287,0.00357048492878675,-0.0825114920735359,-0.0102411722764373,0.0642449781298637,0.0166793949902058,0.0740991681814194,0.0426827929913998,0.048612367361784,0.103853531181812,0.0161573309451342,0.0254816077649593,0.0106622697785497,0.0147527987137437,0.0584595985710621,-0.0188511144369841,-0.00770005723461509,0.0652245283126831,0.0940226167440414
0.218799144029617,0.240649536252022,0.149479076266289,0.146887466311455,0.0609448440372944,0.0784977525472641,-0.00664038490504026,0.0634684562683105,0,0.233898431062698,0.247310906648636,0.133705332875252,0.143629848957062,0.0575666166841984,0.0647734627127647,-0.0216894540935755,0.0486491359770298,0.202620342373848,-0.0496150180697441,0.178805261850357,0.00732469325885177,0.0726883411407471,0.020773034542799,0.00136146426666528,0.0170202180743217,0.00445462996140122,0.111405320465565,0.0197689682245255,0.0822227820754051,0.0984747335314751,0.00747831398621202,-0.0532909296452999,0.0569392517209053,0.114938862621784,0.0428652502596378,-0.046495046466589,-0.00701223546639085,0.17439591884613,0.090206190943718,0.199971362948418,0.0669394060969353,0.138590171933174,0.134815260767937,0.111469492316246,0.0864458829164505,0.0427541434764862,0.00604594964534044,0.120468489825726,-0.0407141856849194,-0.024196594953537,0.134215280413628,0.190519630908966,-0.0359454751014709,0.184419468045235,0.0375985726714134,0.0600912235677242,0.0283951628953218,-0.0188674014061689,0.0452221594750881,0.011057835072279,0.130808085203171,0.013726057484746,0.0997761934995651,0.0866645500063896,0.0496587641537189,-0.0263358224183321,0.0295668393373489,0.076395221054554,0.0959658399224281,-0.0265475437045097,0.0517516732215881,0.179431408643723,0.0731368437409401,0.187651485204697,0.0699551329016685,0.154370382428169,0.144734770059586,0.112884528934956,0.1210992410779,0.0096806026995182,-0.00129418936558068,0.154659286141396,-0.0446438752114773,-0.00769680738449097,0.126490205526352,0.187729075551033
0.734718441963196,0.376228392124176,0.297701120376587,0.276031315326691,0.102445900440216,0.0364944599568844,-0.0582970380783081,0.0474677607417107,0.233898431062698,0,0.361253947019577,0.297731995582581,0.242121741175652,0.102112673223019,0.0252591259777546,-0.0698080658912659,0.0352375507354736,0.249734282493591,-0.106417752802372,0.257583618164062,0.216579452157021,0.0402585305273533,0.0436863265931606,-0.156275153160095,0.168373137712479,0.197988897562027,0.113333627581596,-0.0996142625808716,0.208908140659332,0.0194311514496803,-0.0368590205907822,0.0153054492548108,0.013827471062541,0.184631258249283,0.215821385383606,0.0996171832084656,0.185596019029617,0.165873378515244,0.214404419064522,0.325039744377136,0.253763616085052,0.210622906684875,0.106373578310013,0.436493158340454,0.290142595767975,0.189041987061501,-0.141563192009926,0.364568442106247,-0.0311297848820686,-0.0126396138221025,0.0545936971902847,0.224153533577919,-0.170787110924721,0.210159808397293,0.118953958153725,0.0249186120927334,0.0204616915434599,-0.159948080778122,0.080161452293396,0.0949598401784897,0.070488229393959,-0.0620502457022667,0.118444055318832,0.00266158510930836,-0.0375803671777248,-0.0190062504261732,-0.00157173967454582,0.121474906802177,0.182763963937759,0.055082555860281,0.0853680819272995,0.179088816046715,0.097739614546299,0.276474237442017,0.15098412334919,0.120920091867447,0.0761444717645645,0.2421605437994,0.117000930011272,0.0520873591303825,-0.126336395740509,0.339875191450119,-0.0582207068800926,-0.0653263255953789,0.0546833463013172,0.206326842308044
0.442801207304001,0.538445353507996,0.294708639383316,0.303709924221039,0.111102811992168,-0.0183460861444473,-0.119048744440079,0.081630565226078,0.247310906648636,0.361253947019577,0,0.353559732437134,0.33172532916069,0.122144520282745,-0.0325185619294643,-0.129813745617867,0.0984927639365196,0.275414764881134,-0.211546525359154,0.31913161277771,-0.00614670198410749,0.0885321423411369,0.0121114291250706,-0.107222825288773,-0.0156187899410725,-0.0222478955984116,0.129004970192909,0.0412300527095795,0.141691073775291,0.114055491983891,-0.079846017062664,-0.195982649922371,0.00370206846855581,0.111378334462643,0.0509652644395828,-0.131913065910339,-0.0498516336083412,0.256080746650696,0.0348654128611088,0.365610033273697,0.0487445034086704,0.197980165481567,0.201686576008797,0.223395779728889,0.106765367090702,0.0554586090147495,-0.16551248729229,0.240506783127785,-0.098372682929039,-0.0895478129386902,0.196411982178688,0.277409791946411,-0.174074485898018,0.343945145606995,0.1535834223032,0.0962404981255531,0.00653798040002584,-0.1367496997118,0.130629137158394,-0.0229262504726648,0.179973930120468,0.0283836759626865,0.201766178011894,0.0750994086265564,-0.0292657800018787,-0.0946370363235474,-0.0150788826867938,0.115331619977951,0.258185684680939,0.000234136357903481,0.162962421774864,0.302037745714188,0.0149624878540635,0.418451219797134,0.0902868211269379,0.25116154551506,0.221364513039589,0.316118389368057,0.262641578912735,0.0408263690769672,-0.159679055213928,0.311196535825729,-0.0509648472070694,-0.115591891109943,0.18567867577076,0.314117670059204
0.366588026285172,0.292719841003418,0.602437555789948,0.392412930727005,0.120276369154453,0.00812614429742098,-0.0488397516310215,0.136067494750023,0.133705332875252,0.297731995582581,0.353559732437134,0,0.425166606903076,0.0925426334142685,0.0145633323118091,-0.0272021293640137,0.150746703147888,0.155602633953094,-0.0924519896507263,0.233891442418098,0.0516988560557365,-2.18236818909645e-05,-0.0120303444564342,-0.0844120681285858,-0.0275991056114435,0.0316575951874256,0.0625749379396439,-0.00160585949197412,0.194472447037697,0.0187665354460478,-0.0619091056287289,-0.147982388734818,-0.0434353314340115,0.0349058620631695,0.203517585992813,-0.0385899804532528,0.109325729310513,0.108376324176788,-0.0130137680098414,0.241008639335632,0.0627084076404572,0.0621108151972294,0.182038828730583,0.242696568369865,0.133368521928787,0.0522584952414036,-0.0917425602674484,0.192164048552513,-0.0990342348814011,-0.0719109922647476,0.0910344049334526,0.193058669567108,-0.046368058770895,0.268892347812653,0.168350145220757,-0.0263371150940657,0.0160944052040577,-0.0963130593299866,0.0626051872968674,0.0439021363854408,0.0679371729493141,-0.00534234801307321,0.244318336248398,-0.0136424200609326,-0.0175827946513891,-0.0704212635755539,-0.0173348449170589,0.0442146547138691,0.291237950325012,0.0493873246014118,0.237662225961685,0.117852464318275,-0.0625527948141098,0.280977070331573,0.0791733339428902,0.102535828948021,0.203056514263153,0.281808137893677,0.228433534502983,0.0178477708250284,-0.0917694121599197,0.249691411852837,-0.0772662833333015,-0.0627867579460144,0.0780092924833298,0.237591594457626
0.30794295668602,0.28044718503952,0.403826624155045,0.664303123950958,0.185644894838333,0.000127836130559444,-0.0347215607762337,0.120789259672165,0.143629848957062,0.242121741175652,0.33172532916069,0.425166606903076,0,0.154756337404251,0.00518174935132265,-0.0188454035669565,0.131807327270508,0.16607877612114,-0.0846721976995468,0.317702651023865,-0.0459186024963856,0.050655122846365,0.0140835456550121,-0.0451784320175648,-0.125209480524063,0.0138357141986489,-0.0287613868713379,0.025745676830411,0.164942026138306,0.0483330562710762,-0.0731709003448486,-0.182041764259338,-0.0240792743861675,0.170641258358955,0.173205882310867,-0.108396083116531,0.0564181171357632,0.136213839054108,0.0917524844408035,0.241734489798546,0.227582901716232,0.0133572136983275,0.137235030531883,0.162901356816292,0.171577677130699,0.0916330218315125,-0.0398670695722103,0.25617903470993,-0.0949756503105164,-0.0447620861232281,0.142945200204849,0.338214725255966,-0.0233342051506042,0.330234378576279,0.00997472088783979,0.040923286229372,0.0122725712135434,-0.0425018928945065,-0.0785884112119675,0.018932955339551,-0.0144856367260218,0.0348761193454266,0.191474243998528,0.0269076265394688,-0.0503433160483837,-0.154253825545311,-0.0170183293521404,0.156680643558502,0.294461935758591,-0.0608125478029251,0.190334424376488,0.152041912078857,0.0896746441721916,0.275722563266754,0.283478438854218,0.053490623831749,0.154026955366135,0.197995215654373,0.198503226041794,0.0824175328016281,-0.0124353505671024,0.321240305900574,-0.106681659817696,-0.060859952121973,0.141546040773392,0.401700407266617
0.109218157827854,0.111001677811146,0.0714337974786758,0.136676549911499,0.0452692210674286,-0.0228872448205948,-0.025154959410429,0.0176078137010336,0.0575666166841984,0.102112673223019,0.122144520282745,0.0925426334142685,0.154756337404251,0,-0.00966743286699057,-0.0311642214655876,0.0155433444306254,0.103263415396214,-0.0344007834792137,0.131924465298653,-0.0385351851582527,0.024389935657382,0.0137566430494189,-0.0276372563093901,-0.0354447700083256,-0.0185287985950708,0.004230254329741,-0.0151864290237427,0.0361073054373264,0.0181589238345623,-0.0341273508965969,-0.0624029561877251,-0.00699761742725968,0.0523700080811977,0.0247431360185146,-0.0448601432144642,-0.012506733648479,0.061888262629509,0.0530058853328228,0.0897026285529137,0.0630531758069992,0.0342270657420158,0.062159962952137,0.0395339503884315,0.0537281781435013,0.0096253901720047,-0.0175116453319788,0.088921070098877,-0.0459613837301731,-0.0148598114028573,0.0807953253388405,0.120575957000256,-0.0287177674472332,0.11616924405098,0.00312585942447186,0.0224419143050909,-4.6812929213047e-05,-0.0242132656276226,-0.011266153305769,-0.0130768129602075,0.0238051023334265,-0.0117533896118402,0.0318439342081547,0.0197369419038296,-0.0238190442323685,-0.0350690931081772,-0.00911695882678032,0.0652718469500542,0.0765869542956352,-0.032641526311636,0.0530872866511345,0.0762838050723076,0.0579150803387165,0.0892874300479889,0.0753220394253731,0.0474600829184055,0.0796124860644341,0.0631890073418617,0.0919200778007507,-0.00286714313551784,-0.0162026602774858,0.110786311328411,-0.0229130946099758,-0.0260378904640675,0.0655344948172569,0.139180257916451
-0.00996542163193226,-0.0183684136718512,0.0161205437034369,0.0024250946007669,-0.00571843795478344,0.438874453306198,0.18609282374382,0.0298444982618093,0.0647734627127647,0.0252591259777546,-0.0325185619294643,0.0145633323118091,0.00518174935132265,-0.00966743286699057,0,0.231284096837044,0.0444240123033524,0.0555978305637836,0.0938930734992027,0.0429928153753281,0.113033793866634,0.078680157661438,0.118157848715782,0.244867220520973,0.19446387887001,0.114345036447048,0.293694704771042,0.138488262891769,0.085812583565712,0.112406112253666,0.304200351238251,0.170831710100174,0.264575153589249,0.0923598408699036,-0.0170937031507492,-0.00268751243129373,-0.0275687072426081,0.0590628832578659,0.0945833176374435,0.0678447261452675,0.0815428048372269,0.221694022417068,0.21030493080616,-0.0392080992460251,0.13163086771965,0.0935843661427498,0.237864941358566,-0.063580609858036,0.0317511036992073,0.13652366399765,0.0939445644617081,0.101595140993595,0.0915161743760109,0.0430381260812283,0.043235681951046,0.0717583149671555,0.111481405794621,0.248844280838966,0.135109350085258,0.144885957241058,0.277294844388962,0.136103555560112,0.0571943335235119,0.106701903045177,0.257507145404816,0.143572315573692,0.275977820158005,0.0812589377164841,-0.0558363944292068,-0.0301520507782698,-0.0453409552574158,0.0486475601792336,0.133412852883339,0.0520535968244076,0.0876025855541229,0.215445667505264,0.16126149892807,-0.0618629567325115,0.0878147482872009,0.0930719450116158,0.236119195818901,-0.0436145178973675,0.0358385220170021,0.148184671998024,0.0974904894828796,0.0952181741595268
-0.102640233933926,-0.11623477190733,-0.0333959460258484,-0.0176850575953722,-0.0258316695690155,0.189402356743813,0.268855154514313,0.0101215923205018,-0.0216894540935755,-0.0698080658912659,-0.129813745617867,-0.0272021293640137,-0.0188454035669565,-0.0311642214655876,0.231284096837044,0,0.0254979562014341,-0.012030846439302,0.133234694600105,-0.0254111401736736,0.0398031659424305,0.011625224724412,0.0777808129787445,0.194160625338554,0.0363739132881165,0.120073892176151,-0.0107211144641042,0.0384749732911587,0.00619677407667041,0.0282676387578249,0.144106850028038,0.122045807540417,0.0992268696427345,0.0324720405042171,0.0152590926736593,0.0316727012395859,0.0486353784799576,-0.0666812136769295,0.0612853914499283,-0.10910215228796,0.0968876928091049,-0.0396728701889515,0.000638481171336025,-0.118081077933311,0.0411397740244865,0.0472678914666176,0.21860471367836,-0.0499612763524055,0.0366123169660568,0.112073391675949,0.00528931804001331,0.0417333133518696,0.13800585269928,-0.0279603935778141,-0.0257232338190079,0.000359152181772515,0.0455248020589352,0.205365911126137,-0.0159863736480474,0.136404931545258,-0.0324097946286201,0.0364248603582382,-0.00918310973793268,0.0276188924908638,0.106813870370388,0.088900163769722,0.102259308099747,0.0425712503492832,-0.0126507403329015,-0.00975968781858683,0.0216081216931343,-0.0829641744494438,0.0871490091085434,-0.121940337121487,0.107857272028923,-0.0467411950230598,-0.0312046203762293,-0.139683768153191,-0.00705756153911352,0.0517475046217442,0.236357316374779,-0.063421756029129,0.0230771228671074,0.145622164011002,0.00160066829994321,0.0344368405640125
0.0459109544754028,0.061692126095295,0.128103017807007,0.105854354798794,0.0258401576429605,0.0368722006678581,-0.00586983514949679,0.108257882297039,0.0486491359770298,0.0352375507354736,0.0984927639365196,0.150746703147888,0.131807327270508,0.0155433444306254,0.0444240123033524,0.0254979562014341,0,0.0740439742803574,-0.0316061861813068,0.0963120460510254,-0.0552582107484341,0.0379222743213177,0.0144527070224285,-0.0055745979771018,-0.0323708243668079,-0.0382215566933155,0.0726335421204567,0.0309366695582867,0.0145356906577945,0.0366019196808338,0.0552269034087658,-0.0716345906257629,0.00144805933814496,0.0351247042417526,-0.0257745776325464,-0.0763166397809982,-0.0594266802072525,0.0464276149868965,0.0157823953777552,0.0601193346083164,0.00558544090017676,0.0602780245244503,0.127459764480591,-0.0173640195280313,0.0198697485029697,0.00860426761209965,0.0159047618508339,-0.0263063088059425,-0.00898044276982546,-0.0141699220985174,0.0464677065610886,0.0636999979615211,-0.0137234264984727,0.0869438797235489,-0.0461009219288826,0.0413667447865009,0.00154928734991699,0.0113035039976239,-0.03183913230896,-0.0149726970121264,0.0601080916821957,0.0278562437742949,0.0226063150912523,0.0290562175214291,0.0428827293217182,-0.0515284426510334,0.017552375793457,0.0429497696459293,-0.0160751473158598,-0.102308489382267,-0.0270038675516844,0.0545865148305893,0.00686407322064042,0.0688439831137657,0.0126248765736818,0.0612044893205166,0.120330192148685,0.00727382907643914,0.00740713672712445,0.0115639250725508,0.0193917397409678,0.0197226721793413,-0.0104362145066261,-0.0084500377997756,0.0549734234809875,0.0783871561288834
0.278094977140427,0.237576141953468,0.158080726861954,0.158143594861031,0.0585006810724735,0.0584897957742214,-0.0376522094011307,0.0674180313944817,0.202620342373848,0.249734282493591,0.275414764881134,0.155602633953094,0.16607877612114,0.103263415396214,0.0555978305637836,-0.012030846439302,0.0740439742803574,0,-0.0545540414750576,0.181853502988815,0.0389602556824684,0.0671152174472809,0.0398753471672535,-0.00106322357896715,0.0475974939763546,0.026211503893137,0.10974232852459,0.011173359118402,0.106781646609306,0.0973373800516129,0.00959918368607759,-0.0258247684687376,0.0631605833768845,0.0911546945571899,0.0406303554773331,-0.040148388594389,0.00728558329865336,0.177162915468216,0.0859201997518539,0.192633450031281,0.0712165609002113,0.155074924230576,0.137620657682419,0.123103186488152,0.0927048251032829,0.0518273338675499,0.025553772225976,0.154394492506981,-0.0419479385018349,0.0246101282536983,0.184636786580086,0.201780423521996,-0.0148022240027785,0.196364983916283,0.093965619802475,0.0745218247175217,0.0174417644739151,-0.00507803913205862,0.0945457071065903,0.0283610224723816,0.134518519043922,0.0220622830092907,0.117454178631306,0.0848360657691956,0.0556861087679863,0.0104860020801425,0.0487284511327744,0.109505161643028,0.12536084651947,0.0208580158650875,0.0934450179338455,0.193369969725609,0.0766647607088089,0.204421162605286,0.0840403363108635,0.186800077557564,0.148472547531128,0.15183974802494,0.164886996150017,0.0441209673881531,0.0243308711796999,0.176925852894783,0.00119862367864698,-0.00777032226324081,0.152544662356377,0.230489417910576
-0.183885857462883,-0.140740931034088,-0.0535117797553539,-0.0863399654626846,-0.0279814153909683,0.115570813417435,0.169680759310722,-0.0390015356242657,-0.0496150180697441,-0.106417752802372,-0.211546525359154,-0.0924519896507263,-0.0846721976995468,-0.0344007834792137,0.0938930734992027,0.133234694600105,-0.0316061861813068,-0.0545540414750576,0,-0.0945120826363564,0.245781600475311,0.00479322904720902,0.0400699265301228,0.295927584171295,0.2840755879879,0.291604697704315,-0.0871843919157982,0.0929439440369606,0.046024352312088,0.0584461204707623,0.0975904762744904,0.649525046348572,0.039375152438879,-0.0416933447122574,0.449779391288757,0.226931020617485,0.536347806453705,-0.0644501447677612,0.0378452502191067,-0.144547164440155,0.0910230875015259,-0.00745488842949271,-0.104828171432018,-0.058006651699543,0.213503509759903,0.0122808497399092,0.736551403999329,0.0895716622471809,0.146038725972176,0.19106425344944,0.146502867341042,0.0691496878862381,0.704141497612,-0.0953873842954636,0.0522603094577789,-0.0115035930648446,0.0269902646541595,0.257644087076187,0.0942904949188232,0.22317636013031,-0.127958938479424,0.0845940411090851,0.0032310439273715,0.0503883995115757,0.025875736027956,0.464463979005814,0.0619142688810825,-0.0138245988637209,0.158310443162918,0.215391829609871,0.271799772977829,-0.108985364437103,0.107047274708748,-0.21127100288868,0.0771894305944443,-0.0733026340603828,-0.0977138355374336,-0.115963786840439,0.103311002254486,-0.00866793561726809,0.64425790309906,-0.0433210320770741,0.117321483790874,0.207243576645851,0.167155012488365,0.0399487093091011
0.253809660673141,0.285315990447998,0.231480568647385,0.333248138427734,0.111703231930733,0.0484805926680565,-0.0294761378318071,0.0990857779979706,0.178805261850357,0.257583618164062,0.31913161277771,0.233891442418098,0.317702651023865,0.131924465298653,0.0429928153753281,-0.0254111401736736,0.0963120460510254,0.181853502988815,-0.0945120826363564,0,-0.0892129838466644,0.159722819924355,0.0492448024451733,0.0180330872535706,-0.158914998173714,0.0150539008900523,-0.00736336037516594,0.0163126215338707,0.247905060648918,0.168285116553307,-0.086659237742424,-0.292440623044968,0.0235991775989532,0.391761779785156,0.22155773639679,-0.208778575062752,0.0181215088814497,0.259103506803513,0.287884145975113,0.443396925926208,0.391845732927322,0.0822655558586121,0.314016252756119,0.278405427932739,0.379248231649399,0.24711312353611,0.067299485206604,0.430321305990219,-0.148901835083961,-0.0360508561134338,0.309198498725891,0.576891899108887,-0.00600492069497705,0.626275658607483,-0.093760259449482,0.163496911525726,0.00408522458747029,-0.00269701611250639,-0.144848898053169,0.0137507515028119,0.0375672057271004,0.0274816323071718,0.21357187628746,0.136779025197029,-0.0504236482083797,-0.271027028560638,0.026099743321538,0.362089872360229,0.30933740735054,-0.230296686291695,0.13661202788353,0.263075798749924,0.241883888840675,0.451255261898041,0.377357512712479,0.133474349975586,0.317802995443344,0.236899614334106,0.302279710769653,0.188036546111107,0.0538962781429291,0.458132565021515,-0.173156633973122,-0.0923526808619499,0.255178421735764,0.572399139404297
0.0683681294322014,0.0418221354484558,0.0940155982971191,-0.0418905541300774,-1.3815239071846e-05,0.131187662482262,0.0422299392521381,-0.0597152374684811,0.00732469325885177,0.216579452157021,-0.00614670198410749,0.0516988560557365,-0.0459186024963856,-0.0385351851582527,0.113033793866634,0.0398031659424305,-0.0552582107484341,0.0389602556824684,0.245781600475311,-0.0892129838466644,0,-0.132689669728279,0.0676695331931114,0.172705575823784,0.72318971157074,0.52951192855835,0.19587567448616,-0.0237613189965487,0.285507053136826,-0.0754398480057716,0.093813382089138,0.480985164642334,0.154354467988014,-0.108203902840614,0.559454739093781,0.475310742855072,0.547530770301819,-0.0834811702370644,-0.060625609010458,0.127516403794289,0.0972096472978592,0.313696086406708,-0.0194954685866833,0.665867567062378,0.383432328701019,0.333107203245163,0.069940485060215,0.376595050096512,0.0235197972506285,0.0088082067668438,0.00735739944502711,-0.00335700856521726,0.0646501407027245,-0.0836519673466682,0.680451154708862,-0.176810666918755,0.0723437964916229,0.107735268771648,0.529910564422607,0.2886021733284,0.0817311108112335,0.00599020998924971,0.143923342227936,-0.0727027282118797,0.0721227452158928,0.338110476732254,0.119129322469234,-0.0904577597975731,0.366558283567429,0.399465978145599,0.307263135910034,-0.0887240096926689,-0.0221173763275146,0.0254924781620502,0.0504127852618694,0.17738088965416,-0.0871749073266983,0.316023528575897,0.164533630013466,0.172121822834015,0.0642515569925308,0.141249164938927,0.0925732925534248,0.0162712875753641,0.0129134198650718,-0.0355722531676292
0.0114746764302254,0.0990995466709137,0.0228698253631592,0.0558473505079746,0.00977142341434956,0.0888205170631409,0.0181012433022261,0.0301613043993711,0.0726883411407471,0.0402585305273533,0.0885321423411369,-2.18236818909645e-05,0.050655122846365,0.024389935657382,0.078680157661438,0.011625224724412,0.0379222743213177,0.0671152174472809,0.00479322904720902,0.159722819924355,-0.132689669728279,0,0.0114645948633552,0.341201812028885,0.0408358089625835,-0.130582749843597,0.145190238952637,0.198063850402832,0.0527100265026093,0.923132121562958,0.0219725351780653,-0.164566859602928,0.211083650588989,0.342581063508987,-0.0890658497810364,-0.172396168112755,-0.147060617804527,0.882338285446167,0.289562612771988,0.0733154788613319,0.238203093409538,0.319871783256531,0.0916830003261566,-0.0165267921984196,0.0795543193817139,0.684105634689331,0.131890952587128,0.0219889525324106,-0.0288153178989887,0.0194024685770273,0.198170989751816,0.223926067352295,0.0927156656980515,0.169279664754868,-0.225051522254944,0.974880039691925,-0.00326369004324079,0.361193150281906,-0.0326744876801968,-0.0618181303143501,0.198135644197464,0.252544730901718,-0.00345469452440739,0.913242161273956,0.0132184745743871,-0.186535730957985,0.216728568077087,0.319139808416367,-0.123474232852459,-0.2377799898386,-0.151368364691734,0.840571522712708,0.327515929937363,0.0725201591849327,0.26521623134613,0.362189829349518,0.101911805570126,-0.0756516233086586,0.00753652397543192,0.590154647827148,0.134165734052658,0.0385034307837486,-0.0687378644943237,0.0129867698997259,0.160835132002831,0.200193777680397
0.0216378960758448,0.0191478598862886,0.0025702090933919,0.00876930169761181,0.0119466912001371,0.129931226372719,0.0776412561535835,0.00146803155075759,0.020773034542799,0.0436863265931606,0.0121114291250706,-0.0120303444564342,0.0140835456550121,0.0137566430494189,0.118157848715782,0.0777808129787445,0.0144527070224285,0.0398753471672535,0.0400699265301228,0.0492448024451733,0.0676695331931114,0.0114645948633552,0,0.167431712150574,0.107493817806244,0.131986498832703,0.0549868531525135,0.0418029502034187,0.0860993713140488,0.0401344671845436,0.0992798283696175,0.100545413792133,0.104467645287514,0.0326190181076527,0.0648787245154381,0.0356296524405479,0.0665542706847191,0.0190654397010803,0.0502745099365711,0.0412484481930733,0.0584953054785728,0.0365743450820446,0.0679774731397629,0.0350158996880054,0.0713996738195419,0.0842280462384224,0.118074499070644,0.0564676709473133,0.0269286893308163,0.098234623670578,0.0507016479969025,0.103287234902382,0.0268103741109371,0.0263968016952276,0.0393575243651867,0.00157079810742289,0.0554504729807377,0.147600799798965,0.0778603255748749,0.11938513815403,0.0515307672321796,0.0249189846217632,0.0594945624470711,0.0377174057066441,0.089247927069664,0.0737423747777939,0.0894671678543091,0.00123630033340305,0.0579524300992489,0.0240252520889044,0.0474825501441956,0.00626090262085199,0.0450689978897572,0.027663379907608,0.0515439845621586,0.0574638321995735,0.038055781275034,-0.00219096965156496,0.0532819703221321,0.0755126550793648,0.0832703411579132,0.0394736006855965,0.0243294201791286,0.0526588223874569,0.0323059968650341,0.0884038135409355
-0.0933140516281128,-0.100192151963711,-0.0741292089223862,-0.033568549901247,-0.0177566446363926,0.236963465809822,0.194967806339264,-0.0132880564779043,0.00136146426666528,-0.156275153160095,-0.107222825288773,-0.0844120681285858,-0.0451784320175648,-0.0276372563093901,0.244867220520973,0.194160625338554,-0.0055745979771018,-0.00106322357896715,0.295927584171295,0.0180330872535706,0.172705575823784,0.341201812028885,0.167431712150574,0,0.28744775056839,0.355698376893997,0.0717788115143776,0.577749192714691,0.0818865224719048,0.55119389295578,0.184783488512039,0.180234536528587,0.369250923395157,0.0863641351461411,0.111742585897446,0.0140642169862986,0.0794794708490372,0.285514563322067,0.123819045722485,-0.0813492760062218,0.141019031405449,0.0916380286216736,0.0366563983261585,-0.0395929105579853,0.0500542894005775,0.523725986480713,0.373749881982803,-0.00172028515953571,0.0556650459766388,0.161016881465912,0.12421065568924,0.151575744152069,0.335295379161835,0.0412050597369671,0.056129340082407,0.324527114629745,0.118819877505302,0.848519206047058,0.212437376379967,0.388997107744217,0.0904223248362541,0.547489404678345,0.0729633122682571,0.560825169086456,0.164132654666901,0.204371228814125,0.390392303466797,0.101690679788589,0.110343247652054,-0.0134529704228044,0.146073788404465,0.206614390015602,0.17839440703392,-0.0502526238560677,0.175569787621498,0.176269054412842,0.0393537692725658,-0.0566863529384136,0.0549218766391277,0.517934560775757,0.329588145017624,-0.0056120497174561,0.0545050203800201,0.15076170861721,0.0986606031656265,0.112485952675343
