0,0.336374044418335,0.267035812139511,0.282184720039368,0.0826993063092232,-0.0142827648669481,-0.0963903963565826,0.0625018998980522,0.208713367581367,0.722246170043945,0.419990956783295,0.358083009719849,0.298837751150131,0.113594263792038,-0.00282911863178015,-0.0999253392219543,0.0432517603039742,0.265352070331573,-0.164432913064957,0.231844559311867,0.0520100817084312,-0.0148563021793962,0.0186292491853237,-0.0628994181752205,0.05223573371768,0.133036181330681,0.08881676197052,0.0124776000156999,0.182563379406929,0.00583974877372384,-0.162005141377449,-0.119584254920483,0.00708097312599421,0.123342022299767,0.0858062505722046,-0.0632130205631256,0.00945320911705494,0.115057356655598,0.062395766377449,0.356493681669235,0.077137678861618,0.177854597568512,0.086971178650856,0.350322842597961,0.0306480173021555,0.176922515034676,-0.173968985676765,0.339226990938187,-0.104572840034962,-0.0707628950476646,0.0435875058174133,0.223933473229408,-0.0455340258777142,0.278930932283401,0.416096359491348,-0.0128141464665532,0.0347291231155396,-0.0816279873251915,0.361345559358597,0.247095718979836,0.186937227845192,0.00132095732260495,0.323763459920883,-0.0263447854667902,-0.0385901592671871,0.12090478092432,0.0164626557379961,0.13675357401371,0.390059947967529,0.19939412176609,0.298862606287003,0.134324625134468,0.0659989938139915,0.446387141942978,0.181248843669891,0.310379266738892,0.173673540353775,0.587458074092865,0.390831351280212,0.202143967151642,-0.125167921185493,0.524227619171143,-0.00252109975554049,-0.0833927392959595,0.053736686706543,0.279627829790115
0.336374044418335,0,0.255213439464569,0.279719769954681,0.11230493336916,0.0118282763287425,-0.0808702036738396,0.0740202516317368,0.223681226372719,0.355782449245453,0.499225437641144,0.27016669511795,0.263790726661682,0.1013448163867,-0.00396465556696057,-0.0979944691061974,0.0587100200355053,0.214088186621666,-0.110971875488758,0.262928307056427,0.0414028279483318,0.0897449180483818,0.0204189084470272,-0.0570629984140396,0.0580079220235348,0.0461466014385223,0.142640128731728,0.076864518225193,0.146212339401245,0.126053228974342,-0.029693778604269,-0.104012116789818,0.0109917996451259,0.168947994709015,0.110954388976097,-0.0618583783507347,0.00770449312403798,0.227754220366478,0.130570739507675,0.335823535919189,0.114024832844734,0.192951291799545,0.16233141720295,0.211030885577202,0.168949410319328,0.120003342628479,-0.108123421669006,0.225622519850731,-0.0465558804571629,-0.0555877350270748,0.173893123865128,0.285734206438065,-0.128260508179665,0.258840084075928,0.0545318573713303,0.0871325209736824,0.0158120915293694,-0.0802923738956451,0.0561348013579845,-0.00675266794860363,0.129992976784706,0.0727552622556686,0.130364656448364,0.0855799466371536,-0.0144999641925097,-0.0953564271330833,-0.0183833427727222,0.0986560732126236,0.150211483240128,-0.0344206355512142,0.0684135556221008,0.261766821146011,0.0780427157878876,0.315791517496109,0.0890282765030861,0.178933024406433,0.152656525373459,0.174840688705444,0.156586825847626,0.0587322525680065,-0.121900387108326,0.213102579116821,-0.0477589406073093,-0.0709351450204849,0.158313423395157,0.263479620218277
0.267035812139511,0.255213439464569,0,0.397442162036896,0.104441270232201,0.0304866638034582,-0.0230873022228479,0.148578956723213,0.144278883934021,0.293108850717545,0.274796396493912,0.583026766777039,0.383553832769394,0.0700085163116455,0.0254692938178778,-0.0347603000700474,0.119384728372097,0.154187440872192,-0.0309141427278519,0.205197677016258,0.116395495831966,0.00308562954887748,0.00668116845190525,-0.0452468134462833,0.029476186260581,0.0517129972577095,0.0798546969890594,0.00142033863812685,0.19406433403492,0.0223109293729067,-0.00758859654888511,-0.0661851614713669,-0.0276957582682371,0.0531021468341351,0.231381550431252,-0.00319671654142439,0.138429880142212,0.0878521203994751,0.00897482875734568,0.20360466837883,0.0798598378896713,0.0858787894248962,0.172337397933006,0.252093821763992,0.204249635338783,0.0556250140070915,-0.0688321515917778,0.184186533093452,-0.050355851650238,-0.0511970371007919,0.0801309645175934,0.185911133885384,-0.034150630235672,0.177622824907303,0.102594196796417,-0.0139053165912628,0.0325483158230782,-0.0672442689538002,0.0221746582537889,0.0222721677273512,0.0629459545016289,0.0126778660342097,0.161703899502754,-0.00698099192231894,-0.00319605250842869,-0.0771228447556496,-0.0197017882019281,0.0252072308212519,0.193077564239502,-0.0243712887167931,0.135003656148911,0.0987514108419418,-0.0138459037989378,0.198132589459419,0.0847443342208862,0.0698592066764832,0.125585153698921,0.163639724254608,0.151597946882248,0.00792134925723076,-0.0669709965586662,0.175192400813103,-0.0643106773495674,-0.0542492233216763,0.0873802304267883,0.176797181367874
0.282184720039368,0.279719769954681,0.397442162036896,0,0.199815139174461,0.00918909907341003,-0.0108884666115046,0.111152142286301,0.142395630478859,0.266450881958008,0.284756273031235,0.379174172878265,0.650678992271423,0.12900298833847,0.00437180511653423,-0.0197552386671305,0.0969992056488991,0.150074556469917,-0.0554531216621399,0.300588309764862,-0.0310571920126677,0.0336411260068417,0.00932483840733767,-0.0222184676676989,-0.0925915464758873,0.0227178502827883,0.00914658978581429,0.0236194618046284,0.150246679782867,0.0452872253954411,-0.0324321761727333,-0.153480619192123,-0.022976228967309,0.194243833422661,0.177112177014351,-0.087150827050209,0.0628519803285599,0.122079364955425,0.186716422438622,0.216227918863297,0.280068516731262,0.0390003062784672,0.128465607762337,0.163186088204384,0.173156350851059,0.114285431802273,-0.0165639873594046,0.252766013145447,-0.0684796422719955,-0.0208911690860987,0.139826029539108,0.351736426353455,-0.0257496386766434,0.28692427277565,0.012505866587162,0.0350715927779675,0.011195570230484,-0.0406043529510498,-0.05365139991045,-0.0133482655510306,0.0198588073253632,0.0331699997186661,0.151208475232124,0.0266895517706871,-0.028894430026412,-0.133981078863144,0.00405038334429264,0.152791440486908,0.252313137054443,-0.0607630200684071,0.149112462997437,0.141317278146744,0.119253993034363,0.252556473016739,0.259696185588837,0.0725396350026131,0.133306279778481,0.173848018050194,0.181839004158974,0.0900531932711601,-0.0349434539675713,0.302489697933197,-0.0676540359854698,-0.0569577738642693,0.132768258452415,0.349905550479889
0.0826993063092232,0.11230493336916,0.104441270232201,0.199815139174461,0,-0.00449379859492183,-0.0181336719542742,0.0221576187759638,0.0558334402740002,0.0968283265829086,0.102986432611942,0.113646179437637,0.170445248484612,0.0456419959664345,-0.00542742479592562,-0.0290600918233395,0.0207983106374741,0.0599689073860645,-0.0194996166974306,0.105085968971252,-0.00193968170788139,0.000734893954358995,0.0102464566007257,-0.0136601505801082,-0.0214739646762609,0.00483503052964807,-0.00679818401113153,-0.0113095287233591,0.0714857652783394,0.00398624921217561,-0.0255578178912401,-0.0355991795659065,-0.00977267418056726,0.0230437368154526,0.0693935751914978,0.00454857805743814,0.0501667782664299,0.0464921072125435,0.0732473134994507,0.0933220982551575,0.0901681706309319,0.00911596789956093,0.0564943812787533,0.0720277801156044,0.0679049342870712,0.0128475092351437,0.00779748288914561,0.108783602714539,-0.0289622470736504,-0.0215277783572674,0.0645039901137352,0.143552303314209,-0.0122677534818649,0.113659761846066,-0.0196132697165012,-0.00423779524862766,-0.0145173221826553,-0.0334207937121391,-0.0392611399292946,-0.0121496934443712,-0.00707294652238488,-0.00131902482826263,0.0629715919494629,-0.00854815077036619,-0.0220759026706219,-0.0465886704623699,-0.0195532217621803,0.0258464179933071,0.0829887390136719,-0.00994952581822872,0.0616968050599098,0.0487835556268692,0.0541946068406105,0.079706147313118,0.0772775188088417,-0.00318388594314456,0.027941670268774,0.0415071956813335,0.0486741550266743,-0.0086849769577384,-0.0109038790687919,0.103276796638966,-0.0403382331132889,-0.0223003961145878,0.0460887663066387,0.13011260330677
-0.0142827648669481,0.0118282763287425,0.0304866638034582,0.00918909907341003,-0.00449379859492183,0,0.169109106063843,0.022107407450676,0.0865365862846375,0.0524254962801933,-0.00291404803283513,0.0205079484730959,-0.000397813477320597,-0.0182206332683563,0.438201546669006,0.1723423153162,0.0413624569773674,0.0687459036707878,0.074159286916256,0.0448007434606552,0.140433847904205,0.0946943238377571,0.135340347886086,0.224786832928658,0.241729438304901,0.127145856618881,0.341719835996628,0.131290748715401,0.084797777235508,0.122157461941242,0.305333137512207,0.210708379745483,0.275994926691055,0.0731756538152695,-0.0312317498028278,0.027236882597208,-0.0162483062595129,0.0837771594524384,0.0911713168025017,0.100168257951736,0.0558544769883156,0.265528976917267,0.232658848166466,-0.00774619681760669,0.170015975832939,0.0769007280468941,0.220229685306549,-0.0702423080801964,0.0549747049808502,0.151948034763336,0.114565014839172,0.0802126303315163,0.0362500250339508,0.0265762489289045,-0.00423761550337076,0.0717663019895554,0.0904847532510757,0.214806377887726,0.120480321347713,0.0881324037909508,0.288447469472885,0.133489578962326,0.0139395529404283,0.108513668179512,0.28043407201767,0.129710271954536,0.234941080212593,0.0695157498121262,-0.116434842348099,-0.0510505028069019,-0.0891868248581886,0.0606101714074612,0.0992158055305481,0.0379800572991371,0.0506009496748447,0.218329668045044,0.156516328454018,-0.09500902146101,0.0659748092293739,0.0432741977274418,0.186135098338127,-0.105417907238007,0.0506064295768738,0.124911159276962,0.0976027175784111,0.052219033241272
-0.0963903963565826,-0.0808702036738396,-0.0230873022228479,-0.0108884666115046,-0.0181336719542742,0.169109106063843,0,-0.0073406477458775,-0.00643545622006059,-0.0471933335065842,-0.104410663247108,-0.0466263704001904,-0.0313669703900814,-0.0249419249594212,0.175781980156898,0.254040062427521,-0.00726910913363099,-0.030698562040925,0.155327558517456,-0.0351459346711636,0.0487199723720551,0.0247299950569868,0.0772736445069313,0.180992588400841,0.0651431605219841,0.131327852606773,0.00321901310235262,0.0716604068875313,0.0152563517913222,0.0392122566699982,0.167975097894669,0.1677276045084,0.0713385865092278,0.021534189581871,0.0227986890822649,0.076660118997097,0.0746687427163124,-0.0118249198421836,0.0562946908175945,-0.117969661951065,0.0721523314714432,-0.0356056243181229,0.00419328222051263,-0.128358900547028,0.0597883388400078,0.0279722027480602,0.236078143119812,-0.0582700110971928,0.0462192669510841,0.134888619184494,0.0151632763445377,0.0319546237587929,0.097730852663517,-0.0483421459794044,-0.0679838955402374,0.0146431308239698,0.0289041697978973,0.157625183463097,-0.0393731817603111,0.0735627710819244,-0.0277004856616259,0.0592277385294437,-0.026416826993227,0.0343701541423798,0.0932464525103569,0.085415206849575,0.0571020171046257,0.0261100176721811,-0.0591077245771885,-0.0200711656361818,-0.0247457250952721,-0.031649511307478,0.0639354586601257,-0.135740220546722,0.0728831589221954,-0.0567665360867977,-0.0212875213474035,-0.189243793487549,-0.0228209029883146,0.0317082181572914,0.191673219203949,-0.11968931555748,0.0254626665264368,0.110456511378288,0.00405767653137445,-0.00258913054130971
0.0625018998980522,0.0740202516317368,0.148578956723213,0.111152142286301,0.0221576187759638,0.022107407450676,-0.0073406477458775,0,0.0549172125756741,0.0438394621014595,0.0774706527590752,0.1319480240345,0.109291315078735,0.0158567298203707,0.0341210626065731,0.00373225891962647,0.111170083284378,0.0657277181744576,-0.0361327454447746,0.0929271429777145,-0.05898816883564,0.0242871511727571,-0.000612101459410042,-0.00962877087295055,-0.0453411228954792,-0.0227050874382257,0.0559674426913261,0.0191609095782042,0.0235510021448135,0.0131406961008906,0.0658360570669174,-0.0574184916913509,0.0225518122315407,0.0496362932026386,-0.0262245107442141,-0.081597164273262,-0.0741893574595451,0.0492314174771309,0.0228854771703482,0.0695005431771278,0.0164932329207659,0.0470435731112957,0.121665962040424,-0.00147728703450412,0.0130404215306044,0.0083873700350523,0.00665947655215859,-0.000557365769054741,-0.00530795799568295,0.000466265686554834,0.0484419167041779,0.0857638642191887,-0.0229991711676121,0.0775264650583267,-0.0407322011888027,0.0275556091219187,-0.00471508363261819,-0.000995983951725066,-0.0215687714517117,0.0023081861436367,0.0702209249138832,0.0351628139615059,0.0298057682812214,0.00652144243940711,0.0630433335900307,-0.0414788126945496,0.0106529109179974,0.0469753667712212,-0.0021704975515604,-0.0853726491332054,-0.0169036835432053,0.0566333122551441,0.0144017087295651,0.0786951258778572,0.0348717011511326,0.058154784142971,0.104459911584854,0.0167331360280514,0.0307006556540728,0.00919784046709538,0.0131213022395968,0.0535951517522335,-0.0166307538747787,-0.0020156130194664,0.0584599226713181,0.0892107710242271
0.208713367581367,0.223681226372719,0.144278883934021,0.142395630478859,0.0558334402740002,0.0865365862846375,-0.00643545622006059,0.0549172125756741,0,0.22320444881916,0.231182605028152,0.130614563822746,0.138118103146553,0.049562394618988,0.0725413486361504,-0.0192402824759483,0.0494543947279453,0.197275683283806,-0.0465953201055527,0.164329215884209,0.00684660952538252,0.0646982863545418,0.0190357267856598,0.00660895695909858,0.02941052056849,0.00925244577229023,0.12667790055275,0.0226901695132256,0.0776301473379135,0.093653991818428,0.0205748770385981,-0.0496807396411896,0.0644144788384438,0.11742739379406,0.0363532863557339,-0.0554033778607845,-0.0132858147844672,0.165688052773476,0.094200573861599,0.190331891179085,0.0702006593346596,0.148747593164444,0.137084469199181,0.101052790880203,0.0795561522245407,0.0518532805144787,0.00197286834008992,0.110029824078083,-0.0304984841495752,-0.0210896115750074,0.126179993152618,0.182034954428673,-0.0344841964542866,0.172129541635513,0.0415215641260147,0.0579451695084572,0.0287211034446955,-0.0105168800801039,0.0563418678939342,0.0181433465331793,0.143089890480042,0.0183752719312906,0.0943401381373405,0.0831985622644424,0.0586239919066429,-0.0138705177232623,0.0348230749368668,0.0725557059049606,0.083400771021843,-0.0310743879526854,0.0399837680160999,0.173063427209854,0.0731911361217499,0.184799522161484,0.0660731047391891,0.168040096759796,0.140064299106598,0.102741554379463,0.121003903448582,0.0213199052959681,0.000471902982098982,0.145801365375519,-0.0367409475147724,-0.00180498033296317,0.125229805707932,0.176048055291176
0.722246170043945,0.355782449245453,0.293108850717545,0.266450881958008,0.0968283265829086,0.0524254962801933,-0.0471933335065842,0.0438394621014595,0.22320444881916,0,0.327452540397644,0.285181313753128,0.226765096187592,0.101060785353184,0.0464520864188671,-0.0582487359642982,0.0343108735978603,0.234625637531281,-0.073477067053318,0.231678873300552,0.259247839450836,0.00881261564791203,0.0453821681439877,-0.0942200124263763,0.213888049125671,0.223735675215721,0.147694081068039,-0.0748379901051521,0.202927902340889,0.00970798917114735,-0.0147930169478059,0.0544050484895706,0.0395188517868519,0.193000629544258,0.22550006210804,0.0958008021116257,0.187373667955399,0.126157701015472,0.256017088890076,0.309398144483566,0.267713934183121,0.237088695168495,0.0912249907851219,0.452280282974243,0.285678416490555,0.24095219373703,-0.131859093904495,0.378485530614853,-0.0184938050806522,-0.00799845717847347,0.0434000752866268,0.219659402966499,-0.154176354408264,0.173130750656128,0.122699700295925,-0.00228701438754797,0.0246031135320663,-0.105534270405769,0.107398264110088,0.114393964409828,0.0983341112732887,-0.0377017743885517,0.0962974205613136,5.94593584537506e-05,-0.0231330171227455,0.000396288902265951,0.018180251121521,0.124281525611877,0.135491251945496,0.0297785103321075,0.048507459461689,0.143288597464561,0.140600517392159,0.258526235818863,0.156596645712852,0.14430333673954,0.0597920045256615,0.221015617251396,0.0914618298411369,0.0830581039190292,-0.112678937613964,0.314060837030411,-0.0400288701057434,-0.0550777949392796,0.057490561157465,0.18567268550396
0.419990956783295,0.499225437641144,0.274796396493912,0.284756273031235,0.102986432611942,-0.00291404803283513,-0.104410663247108,0.0774706527590752,0.231182605028152,0.327452540397644,0,0.328938990831375,0.31293722987175,0.114747785031796,-0.0110043054446578,-0.111573331058025,0.0947013422846794,0.25594961643219,-0.192234635353088,0.290346324443817,-0.0208291001617908,0.0735931023955345,0.0137956952676177,-0.0708927363157272,0.00633879471570253,-0.0192086175084114,0.144323289394379,0.0631389766931534,0.124173238873482,0.11064038425684,-0.063126802444458,-0.187146291136742,0.0124689657241106,0.122605256736279,0.0296349190175533,-0.138649374246597,-0.064081683754921,0.233234107494354,0.0595828630030155,0.345984697341919,0.0669238567352295,0.196905687451363,0.184973552823067,0.191617920994759,0.0795691013336182,0.0887476950883865,-0.160407930612564,0.214930072426796,-0.0864124149084091,-0.0775438025593758,0.174436971545219,0.278143286705017,-0.147626832127571,0.308525949716568,0.146965190768242,0.0847604423761368,0.00762633979320526,-0.0986144542694092,0.143830597400665,-0.00195504468865693,0.194588914513588,0.0431619919836521,0.188901871442795,0.0731403455138206,-0.0087027158588171,-0.0691826194524765,0.00419757654890418,0.128371894359589,0.235447570681572,-0.00336481654085219,0.147862449288368,0.272822916507721,0.0421291366219521,0.400373816490173,0.108340926468372,0.260828137397766,0.204973816871643,0.301653742790222,0.257856339216232,0.0733409374952316,-0.138314783573151,0.307401448488235,-0.0389569215476513,-0.101502530276775,0.174841225147247,0.304532468318939
0.358083009719849,0.27016669511795,0.583026766777039,0.379174172878265,0.113646179437637,0.0205079484730959,-0.0466263704001904,0.1319480240345,0.130614563822746,0.285181313753128,0.328938990831375,0,0.408008396625519,0.0878227204084396,0.0229410622268915,-0.0335077568888664,0.146785780787468,0.153318092226982,-0.0753096789121628,0.208694636821747,0.0602198429405689,-0.0217631850391626,-0.0110297752544284,-0.0600936710834503,-0.0053013083525002,0.0330045111477375,0.0796362683176994,0.012306016869843,0.1861931681633,0.00502867577597499,-0.0496959127485752,-0.132483303546906,-0.0315444581210613,0.0377929620444775,0.195515811443329,-0.0415630228817463,0.109856180846691,0.088211752474308,0.00767588801681995,0.22486737370491,0.0651588886976242,0.0652888789772987,0.169634819030762,0.22712305188179,0.119638666510582,0.0708325281739235,-0.0917182862758636,0.184405252337456,-0.0860145166516304,-0.0711686238646507,0.0729530975222588,0.191574603319168,-0.0306444074958563,0.239482834935188,0.180279135704041,-0.0452288389205933,0.0199458654969931,-0.0767616257071495,0.08139917999506,0.0571140758693218,0.0844094082713127,-0.000226114876568317,0.236074477434158,-0.0229712668806314,-0.00520898820832372,-0.0505790188908577,0.00240003224462271,0.0413495004177094,0.279180735349655,0.0511606857180595,0.226567149162292,0.0981510207056999,-0.0439536571502686,0.265343099832535,0.0795694068074226,0.113258011639118,0.184738576412201,0.274824023246765,0.226197257637978,0.0323871597647667,-0.087231457233429,0.241158828139305,-0.0591682530939579,-0.0545398555696011,0.0649422109127045,0.218709841370583
0.298837751150131,0.263790726661682,0.383553832769394,0.650678992271423,0.170445248484612,-0.000397813477320597,-0.0313669703900814,0.109291315078735,0.138118103146553,0.226765096187592,0.31293722987175,0.408008396625519,0,0.147854134440422,0.00551726948469877,-0.0129443630576134,0.119145214557648,0.159514263272285,-0.0607363134622574,0.275418132543564,-0.0386421866714954,0.0306893810629845,0.0141475535929203,-0.0280559230595827,-0.0978012755513191,0.00712049473077059,-0.00492077460512519,0.0466274358332157,0.140639126300812,0.0395377762615681,-0.0696100518107414,-0.163777127861977,-0.0245746895670891,0.167720556259155,0.150391548871994,-0.101644985377789,0.0484670177102089,0.122407801449299,0.115451745688915,0.224640846252441,0.221197426319122,0.0219263751059771,0.113793797791004,0.140082284808159,0.135070532560349,0.0995760560035706,-0.0404717512428761,0.232357040047646,-0.0853550583124161,-0.0468286462128162,0.131446823477745,0.322606712579727,-0.0013583815889433,0.293808341026306,0.0267945937812328,0.0230477452278137,0.0137843061238527,-0.0267011839896441,-0.043007705360651,0.0291383937001228,0.00806342624127865,0.0464192442595959,0.187123611569405,0.0208820197731256,-0.039901927113533,-0.118691027164459,-0.00867354404181242,0.155980616807938,0.283811002969742,-0.042078897356987,0.186395943164825,0.139691829681396,0.114469081163406,0.257622838020325,0.284223467111588,0.0714612007141113,0.133544281125069,0.195141673088074,0.196174114942551,0.0937782153487206,-0.00491473218426108,0.3194719851017,-0.087182953953743,-0.0495244041085243,0.13265497982502,0.38135153055191
0.113594263792038,0.1013448163867,0.0700085163116455,0.12900298833847,0.0456419959664345,-0.0182206332683563,-0.0249419249594212,0.0158567298203707,0.049562394618988,0.101060785353184,0.114747785031796,0.0878227204084396,0.147854134440422,0,-0.00934718735516071,-0.0297239646315575,0.00924022309482098,0.0955381765961647,-0.0265941694378853,0.131433948874474,-0.0407095924019814,0.0149125931784511,0.010533232241869,-0.0229286178946495,-0.0291262250393629,-0.0192925874143839,0.0136964004486799,-0.0111752580851316,0.0326444543898106,0.0174491107463837,-0.0322576984763145,-0.0567830055952072,-0.0020491573959589,0.0593955740332603,0.0240298360586166,-0.0432176552712917,-0.00850448291748762,0.0590745136141777,0.0635363161563873,0.0882305279374123,0.0681135132908821,0.038825947791338,0.0564487390220165,0.041158776730299,0.049953181296587,0.0164621584117413,-0.014322561211884,0.0831319093704224,-0.0396041870117188,-0.0124015817418694,0.0773716792464256,0.122953221201897,-0.0190129987895489,0.105696119368076,0.00293153151869774,0.0157170966267586,0.00330862170085311,-0.0234642960131168,-0.00652928557246923,-0.0120524019002914,0.0264484696090221,-0.0106485048308969,0.0306618008762598,0.0192755945026875,-0.0127084022387862,-0.0318551249802113,-0.0075972955673933,0.0675248652696609,0.075454093515873,-0.0330995582044125,0.0560449697077274,0.0722706168889999,0.0662897452712059,0.0910718515515327,0.0853389054536819,0.0491582378745079,0.07085320353508,0.0638056620955467,0.090923473238945,0.00417265761643648,-0.0131335090845823,0.11744049936533,-0.0261084623634815,-0.0256200674921274,0.0661598294973373,0.135947942733765
-0.00282911863178015,-0.00396465556696057,0.0254692938178778,0.00437180511653423,-0.00542742479592562,0.438201546669006,0.175781980156898,0.0341210626065731,0.0725413486361504,0.0464520864188671,-0.0110043054446578,0.0229410622268915,0.00551726948469877,-0.00934718735516071,0,0.215342804789543,0.041524201631546,0.0688646584749222,0.057803101837635,0.0397991314530373,0.127156630158424,0.0826482102274895,0.110886633396149,0.231851413846016,0.222645103931427,0.125620484352112,0.321429163217545,0.12617364525795,0.0869652554392815,0.103926301002502,0.31120377779007,0.175656005740166,0.27505812048912,0.0768809244036674,-0.0362003147602081,-0.00641253124922514,-0.0405670963227749,0.0670072659850121,0.0766067281365395,0.0830298364162445,0.058321874588728,0.251879900693893,0.240049481391907,-0.0292159393429756,0.154738754034042,0.0727217271924019,0.21514555811882,-0.0838880464434624,0.0396559610962868,0.134808868169785,0.0951833873987198,0.0805656984448433,0.0440342240035534,0.0441350676119328,0.0455209501087666,0.0692515298724174,0.105376198887825,0.227017790079117,0.153162732720375,0.129351392388344,0.303282380104065,0.112992912530899,0.054384782910347,0.0956470742821693,0.272830247879028,0.150503545999527,0.281298965215683,0.0681428909301758,-0.0849043950438499,-0.0472153834998608,-0.0676250606775284,0.0567918121814728,0.106729075312614,0.0630275160074234,0.0538507215678692,0.242592811584473,0.176923349499702,-0.0681751072406769,0.0936223268508911,0.0651326701045036,0.207032799720764,-0.0821664705872536,0.0324693098664284,0.142165049910545,0.097298689186573,0.0769240185618401
-0.0999253392219543,-0.0979944691061974,-0.0347603000700474,-0.0197552386671305,-0.0290600918233395,0.1723423153162,0.254040062427521,0.00373225891962647,-0.0192402824759483,-0.0582487359642982,-0.111573331058025,-0.0335077568888664,-0.0129443630576134,-0.0297239646315575,0.215342804789543,0,0.0172747280448675,-0.00712607288733125,0.118080414831638,-0.0328520499169827,0.0446431152522564,0.02233243919909,0.0757279247045517,0.172971814870834,0.0452813655138016,0.120166473090649,-0.00426777824759483,0.029005378484726,0.0155080584809184,0.0309554412961006,0.140475019812584,0.126901119947433,0.0961916595697403,0.0231677498668432,0.00752920424565673,0.0427327826619148,0.050663884729147,-0.0510749742388725,0.0418928042054176,-0.105070531368256,0.072232723236084,-0.0282333344221115,0.0104114897549152,-0.110192693769932,0.0421297773718834,0.0307894945144653,0.204553127288818,-0.0619557686150074,0.0398728922009468,0.108896747231483,0.0120357992127538,0.0288509391248226,0.106985799968243,-0.0361864268779755,-0.0285138394683599,0.0113635491579771,0.0412578135728836,0.181340306997299,-0.0113865779712796,0.120974361896515,-0.0243758019059896,0.0244523119181395,-0.00280405580997467,0.0268968679010868,0.105647206306458,0.0904074609279633,0.100624278187752,0.0282581262290478,-0.023967707529664,-0.00966004747897387,0.0132943289354444,-0.0624834485352039,0.0634355694055557,-0.124506868422031,0.0788473561406136,-0.045686986297369,-0.0238322075456381,-0.143034845590591,-0.0121223339810967,0.0377003513276577,0.212490975856781,-0.0833668112754822,0.0239290539175272,0.134432017803192,0.00311679462902248,0.0225135982036591
0.0432517603039742,0.0587100200355053,0.119384728372097,0.0969992056488991,0.0207983106374741,0.0413624569773674,-0.00726910913363099,0.111170083284378,0.0494543947279453,0.0343108735978603,0.0947013422846794,0.146785780787468,0.119145214557648,0.00924022309482098,0.041524201631546,0.0172747280448675,0,0.0693595185875893,-0.0259176455438137,0.0881529524922371,-0.0515528358519077,0.0305334907025099,0.0148672387003899,-0.00261516636237502,-0.0199404750019312,-0.0362451449036598,0.0797725096344948,0.0333844237029552,0.0160792842507362,0.0319192558526993,0.0565035976469517,-0.0664887353777885,0.00905727408826351,0.0308215972036123,-0.025540504604578,-0.0781713649630547,-0.0629535689949989,0.0459533333778381,0.00836975313723087,0.0646411329507828,-0.00296388356946409,0.0711689442396164,0.125552102923393,-0.0157259218394756,0.0202173721045256,0.00278157158754766,0.0140122091397643,-0.0313855521380901,-0.0125593198463321,-0.0135814202949405,0.0445695109665394,0.0605256892740726,-0.0147991310805082,0.0783051252365112,-0.0413364171981812,0.0308686960488558,0.00579864298924804,0.0176823902875185,-0.0220936685800552,-0.0134922545403242,0.0699627250432968,0.0303130317479372,0.0220864005386829,0.0227145459502935,0.0484017580747604,-0.0381370224058628,0.0224161371588707,0.0351188704371452,-0.0152895040810108,-0.101058937609196,-0.030224870890379,0.0495595894753933,-0.00144338409882039,0.069105476140976,0.00209224806167185,0.0692298263311386,0.117653422057629,0.013004039414227,0.0147171029821038,0.00422667991369963,0.0214279759675264,0.0146407745778561,-0.0161876548081636,-0.0024225115776062,0.0478724762797356,0.0698518306016922
0.265352070331573,0.214088186621666,0.154187440872192,0.150074556469917,0.0599689073860645,0.0687459036707878,-0.030698562040925,0.0657277181744576,0.197275683283806,0.234625637531281,0.25594961643219,0.153318092226982,0.159514263272285,0.0955381765961647,0.0688646584749222,-0.00712607288733125,0.0693595185875893,0,-0.0599422305822372,0.165670901536942,0.0353163331747055,0.0555181875824928,0.0429136045277119,0.0119632910937071,0.0575613267719746,0.0309404265135527,0.120604231953621,0.0199411232024431,0.093145988881588,0.0927592366933823,0.0168469343334436,-0.0254610907286406,0.0716840699315071,0.0951300859451294,0.0278964750468731,-0.0488701574504375,-0.00445041479542851,0.163341954350471,0.0821070075035095,0.185805946588516,0.0673850774765015,0.156393796205521,0.135717391967773,0.111959755420685,0.0836249515414238,0.0610468275845051,0.0145296510308981,0.132480591535568,-0.0367559753358364,0.0269988104701042,0.171307608485222,0.192591518163681,-0.00989620480686426,0.183700487017632,0.0954536870121956,0.0652431398630142,0.02365986071527,0.0104052079841495,0.103505916893482,0.0382558740675449,0.147225081920624,0.0267587974667549,0.11535469442606,0.0822718068957329,0.0659419894218445,0.0184158068150282,0.056230466812849,0.111716948449612,0.113866440951824,0.0125807588919997,0.0824708417057991,0.18019825220108,0.0778017565608025,0.200741425156593,0.0860816389322281,0.18992093205452,0.142960950732231,0.144843935966492,0.158737078309059,0.0552067421376705,0.0238402560353279,0.167931064963341,0.00144912011455745,0.000352287635905668,0.139418169856071,0.215421929955482
-0.164432913064957,-0.110971875488758,-0.0309141427278519,-0.0554531216621399,-0.0194996166974306,0.074159286916256,0.155327558517456,-0.0361327454447746,-0.0465953201055527,-0.073477067053318,-0.192234635353088,-0.0753096789121628,-0.0607363134622574,-0.0265941694378853,0.057803101837635,0.118080414831638,-0.0259176455438137,-0.0599422305822372,0,-0.0443898476660252,0.249274268746376,0.0276184864342213,0.042146272957325,0.257486790418625,0.211677342653275,0.275814771652222,-0.151255533099174,0.0734928324818611,0.0847008675336838,0.0636107921600342,0.0333695150911808,0.587425589561462,0.00250271428376436,-0.0118949208408594,0.498325437307358,0.234258010983467,0.55602753162384,-0.0469041466712952,0.068911112844944,-0.0969803556799889,0.159126982092857,-0.0603478997945786,-0.129360511898994,0.0143118696287274,0.198561683297157,0.0640195533633232,0.724430799484253,0.227656006813049,0.1201007142663,0.165822327136993,0.157368719577789,0.121539168059826,0.662789821624756,-0.0545996725559235,0.0422054380178452,0.0105240931734443,0.0227655544877052,0.21264836192131,0.0304512940347195,0.19064025580883,-0.190128460526466,0.0748168528079987,0.0139119084924459,0.0559415183961391,-0.0442650243639946,0.351327002048492,0.0243633389472961,0.00785246398299932,0.214234754443169,0.174015611410141,0.264153271913528,-0.0800921469926834,0.116685830056667,-0.16668613255024,0.11805833876133,-0.132456749677658,-0.115774773061275,-0.0955325067043304,0.0425904132425785,0.0383267961442471,0.612010955810547,0.0390376336872578,0.0644278600811958,0.168102830648422,0.164013594388962,0.085829384624958
0.231844559311867,0.262928307056427,0.205197677016258,0.300588309764862,0.105085968971252,0.0448007434606552,-0.0351459346711636,0.0929271429777145,0.164329215884209,0.231678873300552,0.290346324443817,0.208694636821747,0.275418132543564,0.131433948874474,0.0397991314530373,-0.0328520499169827,0.0881529524922371,0.165670901536942,-0.0443898476660252,0,-0.11114339530468,0.173266053199768,0.053902342915535,0.0286384634673595,-0.122235104441643,-0.00567010091617703,0.0100762052461505,0.0388051234185696,0.215825229883194,0.190295085310936,-0.0931046083569527,-0.267043918371201,0.0116642750799656,0.399700433015823,0.202898219227791,-0.2131717056036,0.0112945400178432,0.277067184448242,0.329412639141083,0.421253681182861,0.400352299213409,0.0977970883250237,0.279203504323959,0.258953869342804,0.339756429195404,0.272952884435654,0.0646406039595604,0.385470747947693,-0.127715602517128,-0.0410924591124058,0.297375559806824,0.569383144378662,0.0172545090317726,0.593355059623718,-0.106441549956799,0.18212616443634,0.00809081457555294,0.0133633343502879,-0.120256967842579,0.0118743991479278,0.0538822300732136,0.0473691411316395,0.185447514057159,0.163798153400421,-0.0456724315881729,-0.239158481359482,0.0270107574760914,0.368717789649963,0.29205396771431,-0.234418123960495,0.118430867791176,0.27606201171875,0.283641904592514,0.443678736686707,0.391913533210754,0.15938076376915,0.28013664484024,0.232828959822655,0.294206142425537,0.219326719641685,0.0599141716957092,0.461665511131287,-0.155465126037598,-0.0785547643899918,0.245250850915909,0.557824075222015
0.0520100817084312,0.0414028279483318,0.116395495831966,-0.0310571920126677,-0.00193968170788139,0.140433847904205,0.0487199723720551,-0.05898816883564,0.00684660952538252,0.259247839450836,-0.0208291001617908,0.0602198429405689,-0.0386421866714954,-0.0407095924019814,0.127156630158424,0.0446431152522564,-0.0515528358519077,0.0353163331747055,0.249274268746376,-0.11114339530468,0,-0.148844629526138,0.0680049210786819,0.175527766346931,0.728234648704529,0.558080792427063,0.196586549282074,-0.0829821228981018,0.284184634685516,-0.0980053097009659,0.109744928777218,0.496274560689926,0.16236387193203,-0.0844584703445435,0.564988791942596,0.470937758684158,0.556862235069275,-0.132929876446724,-0.0162370596081018,0.109048806130886,0.123073756694794,0.315547466278076,-0.0371297486126423,0.703878819942474,0.422743409872055,0.367721855640411,0.0619422607123852,0.447012722492218,0.0316199585795403,0.0077621634118259,-0.0117283472791314,-0.0392840728163719,0.0497661493718624,-0.114971466362476,0.652749121189117,-0.202138438820839,0.062179084867239,0.100616678595543,0.523575067520142,0.295387595891953,0.0610420145094395,-0.0421856716275215,0.0994606465101242,-0.0939089879393578,0.0535103790462017,0.317484825849533,0.120231725275517,-0.0762264207005501,0.273538619279861,0.358445048332214,0.231795445084572,-0.135568469762802,-0.000849205767735839,-0.0165454633533955,0.0476867891848087,0.156876504421234,-0.11534621566534,0.276223629713058,0.105255462229252,0.157375931739807,0.051726832985878,0.0870322287082672,0.073917344212532,0.0214433204382658,-0.00100417400244623,-0.0911608710885048
-0.0148563021793962,0.0897449180483818,0.00308562954887748,0.0336411260068417,0.000734893954358995,0.0946943238377571,0.0247299950569868,0.0242871511727571,0.0646982863545418,0.00881261564791203,0.0735931023955345,-0.0217631850391626,0.0306893810629845,0.0149125931784511,0.0826482102274895,0.02233243919909,0.0305334907025099,0.0555181875824928,0.0276184864342213,0.173266053199768,-0.148844629526138,0,0.0171924978494644,0.336999267339706,0.0427747257053852,-0.138896942138672,0.136205121874809,0.264356106519699,0.0362658090889454,0.922655940055847,0.00651301722973585,-0.157257586717606,0.162567675113678,0.353409141302109,-0.0825359225273132,-0.189488843083382,-0.147519305348396,0.886168539524078,0.301416903734207,0.0896709486842155,0.2778360247612,0.289688944816589,0.0749758258461952,-0.0317978896200657,0.0721389055252075,0.656486511230469,0.177267909049988,0.021973604336381,-0.0333737060427666,0.0152630330994725,0.202513009309769,0.234140038490295,0.073689267039299,0.166895523667336,-0.239605635404587,0.97531521320343,0.0031089095864445,0.385453760623932,-0.05936623737216,-0.0707758441567421,0.177264377474785,0.319509714841843,-0.0122786052525043,0.91385018825531,-0.0117188859730959,-0.190589815378189,0.172314703464508,0.32736611366272,-0.104627780616283,-0.254876554012299,-0.154695570468903,0.846948742866516,0.348604679107666,0.0910875871777534,0.300381153821945,0.336282730102539,0.0866991803050041,-0.0793274566531181,-0.00294736097566783,0.597033143043518,0.160520613193512,0.0626669526100159,-0.0764872804284096,0.0143196107819676,0.165703892707825,0.213137820363045
0.0186292491853237,0.0204189084470272,0.00668116845190525,0.00932483840733767,0.0102464566007257,0.135340347886086,0.0772736445069313,-0.000612101459410042,0.0190357267856598,0.0453821681439877,0.0137956952676177,-0.0110297752544284,0.0141475535929203,0.010533232241869,0.110886633396149,0.0757279247045517,0.0148672387003899,0.0429136045277119,0.042146272957325,0.053902342915535,0.0680049210786819,0.0171924978494644,0,0.165616124868393,0.111356310546398,0.141872763633728,0.0600422471761703,0.0375613532960415,0.0965371802449226,0.0413147732615471,0.0946751907467842,0.109499141573906,0.101385533809662,0.0327481813728809,0.0660296455025673,0.0427970252931118,0.0707696154713631,0.0231489147990942,0.0462002120912075,0.0443434901535511,0.0548890233039856,0.0448290295898914,0.0626328215003014,0.0399260185658932,0.070743054151535,0.0874003022909164,0.109327986836433,0.061742752790451,0.0313309617340565,0.107067719101906,0.0516382530331612,0.102048881351948,0.0207749772816896,0.0254860669374466,0.0349438190460205,0.0056764935143292,0.0540872029960155,0.136436268687248,0.073215588927269,0.116555094718933,0.0591949410736561,0.0276958346366882,0.0591658875346184,0.0394768193364143,0.0862183794379234,0.0726670175790787,0.0854156613349915,0.00747172860428691,0.0532427430152893,0.0152831170707941,0.0473500303924084,0.0145911239087582,0.0393462516367435,0.0340460613369942,0.0472269952297211,0.0596683658659458,0.0341114848852158,-0.00727038457989693,0.0465739332139492,0.0728416740894318,0.0807202085852623,0.0377592295408249,0.0197659581899643,0.0539217405021191,0.0293473638594151,0.091199167072773
-0.0628994181752205,-0.0570629984140396,-0.0452468134462833,-0.0222184676676989,-0.0136601505801082,0.224786832928658,0.180992588400841,-0.00962877087295055,0.00660895695909858,-0.0942200124263763,-0.0708927363157272,-0.0600936710834503,-0.0280559230595827,-0.0229286178946495,0.231851413846016,0.172971814870834,-0.00261516636237502,0.0119632910937071,0.257486790418625,0.0286384634673595,0.175527766346931,0.336999267339706,0.165616124868393,0,0.310585916042328,0.348062247037888,0.0828853994607925,0.55618280172348,0.0992127358913422,0.525498509407043,0.176055788993835,0.197006210684776,0.334551364183426,0.0985269397497177,0.12138631939888,0.0363576076924801,0.0932787731289864,0.295632213354111,0.099008597433567,-0.0448310114443302,0.14164312183857,0.109492853283882,0.0461419112980366,-0.0242553204298019,0.0823375806212425,0.502441167831421,0.344878792762756,0.00946017075330019,0.0644819885492325,0.153557077050209,0.120527133345604,0.142916187644005,0.253544598817825,0.0473712496459484,0.0440713129937649,0.307917952537537,0.109774328768253,0.817008316516876,0.186053469777107,0.361900150775909,0.0904662609100342,0.513414919376373,0.0752971321344376,0.519016027450562,0.14623636007309,0.186548963189125,0.351390957832336,0.106386214494705,0.106459110975266,-0.0267394464462996,0.139830052852631,0.221706539392471,0.149745136499405,-0.0305729657411575,0.176666051149368,0.166041553020477,0.0432774312794209,-0.0672077760100365,0.0540904998779297,0.497874528169632,0.281969130039215,0.00276844250038266,0.0397086292505264,0.140211254358292,0.0938330888748169,0.105390779674053
