0 0.33173 0.27382 0.27764 0.086388 -0.0037371 -0.083321 0.057364 0.20943 0.73053 0.4008 0.34933 0.29188 0.10817 0.0040449 -0.093462 0.040797 0.25968 -0.12282 0.23862 0.072753 -0.0371 0.029241 -0.049417 0.078306 0.15398 0.11654 0.034491 0.19395 -0.017528 -0.13914 -0.069194 0.015313 0.11929 0.080498 -0.047806 0.024788 0.098778 0.064659 0.36628 0.07597 0.20131 0.10392 0.36587 0.063378 0.18525 -0.14746 0.3579 -0.088133 -0.055977 0.035 0.23212 0.018734 0.2776 0.40032 -0.028674 0.032943 -0.075022 0.34272 0.22418 0.19619 0.0078646 0.30189 -0.037258 -0.024225 0.12743 0.024298 0.1412 0.36952 0.17643 0.27112 0.12073 0.070407 0.44545 0.16901 0.31441 0.17278 0.56997 0.39241 0.19775 -0.11412 0.52988 0.0035858 -0.074472 0.052255 0.27618
0.33173 0 0.24807 0.26637 0.10975 0.017322 -0.073026 0.069747 0.21651 0.34352 0.49026 0.26061 0.2489 0.097726 -0.00024881 -0.091315 0.058465 0.21155 -0.086984 0.26954 0.04306 0.088123 0.022204 -0.04024 0.059494 0.03959 0.14979 0.080086 0.1509 0.12413 -0.031553 -0.10305 0.016835 0.17983 0.10442 -0.066716 0.010311 0.22628 0.13797 0.33858 0.12159 0.20003 0.162 0.21985 0.16677 0.13348 -0.088614 0.23842 -0.047426 -0.054986 0.1841 0.2975 -0.092296 0.26149 0.063135 0.084372 0.01328 -0.063598 0.064141 -0.0018361 0.13724 0.075972 0.1362 0.088301 -0.010387 -0.087503 -0.010317 0.11923 0.16175 -0.036989 0.074593 0.2624 0.080442 0.32093 0.090772 0.19413 0.15395 0.1869 0.16656 0.073241 -0.10329 0.22952 -0.054036 -0.071493 0.16522 0.26901
0.27382 0.24807 0 0.39318 0.10774 0.033548 -0.017868 0.14828 0.13819 0.27955 0.26936 0.58196 0.38121 0.069567 0.026223 -0.027986 0.12409 0.15457 -0.016927 0.20622 0.12112 0.00099107 0.01689 -0.033614 0.033676 0.053889 0.084938 8.2372e-05 0.19579 0.022681 -0.012583 -0.062424 -0.020964 0.047343 0.23057 -0.01359 0.14109 0.087317 0.0026041 0.20685 0.071228 0.10022 0.17425 0.25757 0.20439 0.063784 -0.052867 0.19262 -0.054482 -0.04522 0.075434 0.19253 -0.0074557 0.18474 0.12442 -0.014716 0.031112 -0.057689 0.034764 0.02386 0.06619 0.0025076 0.16312 0.00012452 -0.00073346 -0.068665 -0.01027 0.027073 0.2107 -0.021929 0.14421 0.10294 -0.020904 0.20798 0.078072 0.091262 0.1243 0.18712 0.17206 0.020945 -0.05724 0.18621 -0.057494 -0.050665 0.085566 0.1848
0.27764 0.26637 0.39318 0 0.20033 0.011135 -0.0054679 0.11202 0.13928 0.25633 0.2725 0.37388 0.64314 0.12259 0.0046493 -0.010682 0.092943 0.14698 -0.031164 0.29787 -0.026964 0.033797 0.017653 -0.012777 -0.080888 0.014535 0.009401 0.027694 0.14736 0.047048 -0.031197 -0.14606 -0.022942 0.18878 0.17663 -0.088732 0.071055 0.12124 0.17774 0.22135 0.27424 0.044631 0.12716 0.16535 0.16885 0.12401 -0.0043008 0.24999 -0.068856 -0.022832 0.13428 0.35405 0.0091686 0.28597 0.024853 0.032769 0.011202 -0.030626 -0.040778 -0.011984 0.020952 0.027866 0.15551 0.035028 -0.024748 -0.12267 0.0070508 0.15362 0.26704 -0.059025 0.15259 0.14225 0.10734 0.2513 0.25606 0.083069 0.13227 0.18098 0.18883 0.10111 -0.023109 0.30857 -0.063645 -0.054711 0.12462 0.35233
0.086388 0.10975 0.10774 0.20033 0 -0.0032015 -0.015605 0.022877 0.053472 0.097075 0.097069 0.11138 0.16665 0.045195 -0.0028105 -0.021898 0.02203 0.060381 -0.0083403 0.10581 0.004657 0.0029105 0.011686 -0.0042771 -0.015823 0.0067067 -0.0039523 -0.010648 0.070752 0.0039412 -0.024912 -0.026916 -0.011021 0.021362 0.070745 0.0066049 0.058607 0.044737 0.066889 0.093673 0.087187 0.012699 0.053193 0.073606 0.067683 0.014767 0.012583 0.10865 -0.030223 -0.01997 0.061575 0.1444 0.001548 0.11163 -0.012935 -0.0065199 -0.011029 -0.029434 -0.034658 -0.011305 -0.0059607 -0.003572 0.063816 -0.0077892 -0.019119 -0.040469 -0.015903 0.024008 0.090785 -0.0064501 0.068356 0.047669 0.046705 0.077736 0.073939 0.0020219 0.027457 0.043922 0.053247 -0.0071138 -0.0014834 0.10189 -0.04096 -0.021596 0.040476 0.12768
-0.0037371 0.017322 0.033548 0.011135 -0.0032015 0 0.16923 0.020678 0.084303 0.054364 0.0028105 0.024636 -0.0003503 -0.013443 0.43354 0.17142 0.041064 0.074131 0.045018 0.036382 0.13699 0.09906 0.13879 0.22543 0.24074 0.1196 0.33756 0.13533 0.082592 0.13143 0.30555 0.20298 0.27913 0.078893 -0.035065 0.020681 -0.027716 0.089637 0.092355 0.091346 0.051329 0.26138 0.22797 -0.0094619 0.17235 0.074476 0.20884 -0.082341 0.052659 0.15317 0.11453 0.081527 0.008236 0.028759 0.0056844 0.085006 0.090377 0.21266 0.13378 0.086961 0.2864 0.13698 0.021285 0.11694 0.28968 0.14078 0.23431 0.068831 -0.11501 -0.043002 -0.082801 0.06976 0.099349 0.036769 0.050426 0.22072 0.1589 -0.08206 0.082542 0.045198 0.18042 -0.11301 0.053922 0.11948 0.10222 0.054977
-0.083321 -0.073026 -0.017868 -0.0054679 -0.015605 0.16923 0 -0.0098416 -0.0034976 -0.04129 -0.10296 -0.042069 -0.024172 -0.027197 0.16883 0.25372 -0.0089942 -0.028515 0.13498 -0.039995 0.045044 0.029919 0.074136 0.17441 0.062055 0.12393 -0.0056712 0.071144 0.01378 0.046943 0.15516 0.15316 0.070221 0.015831 0.020538 0.067697 0.064274 -0.0056861 0.056974 -0.12693 0.069765 -0.037594 -0.0032859 -0.12701 0.047816 0.025511 0.22382 -0.066565 0.036055 0.12947 0.016619 0.032745 0.079751 -0.04896 -0.056496 0.026897 0.029398 0.15433 -0.028344 0.076579 -0.027559 0.060609 -0.01798 0.041919 0.088554 0.086348 0.055045 0.020157 -0.04877 -0.016877 -0.017749 -0.020866 0.062752 -0.14053 0.074672 -0.056091 -0.02229 -0.17769 -0.019375 0.037407 0.18249 -0.12046 0.023517 0.10446 0.0016391 0.0010623
0.057364 0.069747 0.14828 0.11202 0.022877 0.020678 -0.0098416 0 0.050863 0.042142 0.079539 0.12646 0.10466 0.016624 0.032761 0.001024 0.10734 0.062274 -0.033885 0.086356 -0.054228 0.019599 0.0030251 -0.0067253 -0.034705 -0.017593 0.060233 0.017772 0.02745 0.0088038 0.065804 -0.051887 0.024842 0.045976 -0.021465 -0.078669 -0.06823 0.045665 0.024213 0.076387 0.014779 0.05074 0.11791 0.0036995 0.019735 0.009727 0.0063785 0.0020471 -0.0043849 0.0014553 0.045432 0.087599 -0.021953 0.075325 -0.039775 0.022644 -0.0022887 0.0039074 -0.018715 0.0016361 0.06829 0.031391 0.033435 0.0053175 0.065758 -0.03743 0.010085 0.045271 -0.00024817 -0.084458 -0.013821 0.053636 0.013606 0.081118 0.029358 0.060386 0.099649 0.018221 0.037533 0.006507 0.014314 0.050941 -0.014415 0.0031034 0.057408 0.08863
0.20943 0.21651 0.13819 0.13928 0.053472 0.084303 -0.0034976 0.050863 0 0.21683 0.22483 0.13264 0.13194 0.049184 0.072577 -0.021672 0.046729 0.19564 -0.037988 0.16442 0.0095064 0.05716 0.021648 0.006486 0.030927 0.0078277 0.12752 0.025156 0.081252 0.085153 0.01956 -0.050883 0.065609 0.11141 0.037089 -0.060749 -0.010411 0.16123 0.093204 0.18847 0.068142 0.14821 0.14131 0.10096 0.081408 0.057162 0.0098505 0.11632 -0.034136 -0.019722 0.12505 0.19014 -0.020484 0.17323 0.049684 0.05256 0.025023 -0.012577 0.061336 0.013338 0.14467 0.016481 0.091648 0.077921 0.058926 -0.0086867 0.036923 0.074699 0.08918 -0.031402 0.04365 0.16887 0.070121 0.18562 0.061876 0.17019 0.13818 0.11293 0.13 0.027622 0.0049495 0.15111 -0.034618 -0.0057977 0.12586 0.17787
0.73053 0.34352 0.27955 0.25633 0.097075 0.054364 -0.04129 0.042142 0.21683 0 0.31547 0.27397 0.21486 0.095444 0.044845 -0.054938 0.037598 0.22788 -0.049383 0.23878 0.23542 0.0026829 0.048365 -0.065798 0.18727 0.22847 0.14991 -0.045125 0.20109 0.008225 -0.025399 0.053081 0.041724 0.19263 0.20549 0.081726 0.16602 0.11638 0.26702 0.30992 0.27363 0.22877 0.087476 0.43715 0.26879 0.26041 -0.097336 0.4039 -0.024329 -0.0040849 0.039574 0.23412 -0.10404 0.18406 0.12643 -0.0024665 0.027235 -0.080314 0.11018 0.12475 0.10553 -0.016139 0.10103 0.0069821 -0.022011 0.016365 0.028845 0.13618 0.15323 0.025498 0.051378 0.13687 0.15211 0.27318 0.16518 0.15831 0.062013 0.23854 0.10034 0.1235 -0.093182 0.35232 -0.040909 -0.050806 0.05393 0.20445
0.4008 0.49026 0.26936 0.2725 0.097069 0.0028105 -0.10296 0.079539 0.22483 0.31547 0 0.31775 0.29594 0.11105 -0.0044191 -0.10697 0.096014 0.24729 -0.16326 0.29095 -0.010754 0.066719 0.019873 -0.059114 0.024772 -0.014676 0.16127 0.063652 0.13788 0.10117 -0.052501 -0.17066 0.021919 0.12934 0.022741 -0.1344 -0.052636 0.22499 0.059867 0.34899 0.064895 0.20694 0.19174 0.20194 0.093984 0.091049 -0.14069 0.21907 -0.080357 -0.073239 0.17518 0.28523 -0.10781 0.29942 0.1431 0.075288 0.0057222 -0.088654 0.14223 -0.010981 0.19836 0.043437 0.18246 0.067611 0.00050601 -0.059587 0.011765 0.14074 0.2296 -0.0099723 0.13997 0.26701 0.042045 0.39696 0.097734 0.26731 0.20345 0.2943 0.26049 0.069222 -0.12387 0.30537 -0.040417 -0.096838 0.1787 0.30478
0.34933 0.26061 0.58196 0.37388 0.11138 0.024636 -0.042069 0.12646 0.13264 0.27397 0.31775 0 0.39803 0.08462 0.025007 -0.027453 0.14846 0.15326 -0.054618 0.20611 0.074832 -0.032284 0.00080118 -0.054117 0.0096155 0.03098 0.093398 0.0074271 0.19105 -0.0058464 -0.047241 -0.11625 -0.022256 0.032112 0.19279 -0.045119 0.11745 0.083058 -0.0036922 0.23016 0.051004 0.088876 0.17965 0.23396 0.13736 0.07036 -0.08417 0.18554 -0.079305 -0.063157 0.069479 0.19612 -6.3048e-05 0.23905 0.19406 -0.054892 0.023024 -0.075429 0.087223 0.049387 0.08999 -0.01382 0.23094 -0.02491 0.005439 -0.040829 0.0078555 0.040488 0.28244 0.047446 0.2252 0.098112 -0.052197 0.2686 0.063205 0.13474 0.18846 0.28581 0.24055 0.029378 -0.078678 0.23815 -0.050155 -0.053077 0.061274 0.21718
0.29188 0.2489 0.38121 0.64314 0.16665 -0.0003503 -0.024172 0.10466 0.13194 0.21486 0.29594 0.39803 0 0.1462 0.006138 -0.0031452 0.1158 0.15238 -0.036604 0.27321 -0.030013 0.02417 0.019031 -0.022191 -0.08225 -0.00091769 -0.0030754 0.041601 0.1404 0.036932 -0.066229 -0.15304 -0.021709 0.15903 0.14874 -0.10106 0.062225 0.11628 0.10839 0.22492 0.21525 0.02777 0.11413 0.14644 0.12993 0.10368 -0.027393 0.22982 -0.083852 -0.04888 0.12436 0.32413 0.032623 0.29185 0.037783 0.020092 0.017549 -0.021498 -0.034085 0.022975 0.007235 0.035754 0.18468 0.025342 -0.037273 -0.11109 -0.002406 0.15798 0.29327 -0.039255 0.18568 0.13865 0.10759 0.25179 0.27728 0.078989 0.12797 0.20018 0.19868 0.10002 -0.00028455 0.31948 -0.084683 -0.048077 0.12481 0.37811
0.10817 0.097726 0.069567 0.12259 0.045195 -0.013443 -0.027197 0.016624 0.049184 0.095444 0.11105 0.08462 0.1462 0 -0.0073819 -0.027988 0.0092828 0.090157 -0.019722 0.13167 -0.040212 0.017052 0.012451 -0.015494 -0.025787 -0.018473 0.013112 -0.011459 0.038534 0.015341 -0.027039 -0.052977 0.0034805 0.057821 0.02439 -0.043583 -0.007261 0.057219 0.061389 0.087729 0.064551 0.039937 0.053271 0.046184 0.050449 0.020184 -0.011308 0.083434 -0.040051 -0.0087586 0.073762 0.12435 -0.0067847 0.10589 0.0027295 0.014259 0.0037115 -0.018476 -0.0046532 -0.010738 0.025869 -0.011506 0.033652 0.021177 -0.0070874 -0.028219 -0.0063839 0.068244 0.082916 -0.032889 0.055005 0.071902 0.063692 0.090407 0.079913 0.0486 0.067812 0.061857 0.091459 0.0072665 -0.0081077 0.11804 -0.026931 -0.020248 0.06492 0.13653
0.0040449 -0.00024881 0.026223 0.0046493 -0.0028105 0.43354 0.16883 0.032761 0.072577 0.044845 -0.0044191 0.025007 0.006138 -0.0073819 0 0.21368 0.038744 0.070103 0.03421 0.035659 0.12238 0.084829 0.11455 0.23015 0.218 0.11818 0.31683 0.12869 0.083408 0.11145 0.30545 0.16768 0.27403 0.079081 -0.042966 -0.015706 -0.056326 0.075285 0.088383 0.072364 0.057993 0.24456 0.23766 -0.02834 0.15462 0.067998 0.20388 -0.089928 0.03797 0.13419 0.099089 0.08348 0.018055 0.047582 0.05355 0.080919 0.10699 0.22449 0.15892 0.12527 0.30132 0.11285 0.056372 0.10384 0.27686 0.15858 0.27426 0.065986 -0.086852 -0.040384 -0.064946 0.065932 0.10985 0.059811 0.049717 0.2382 0.17907 -0.053369 0.10439 0.063751 0.19974 -0.084731 0.034643 0.13728 0.10083 0.081397
-0.093462 -0.091315 -0.027986 -0.010682 -0.021898 0.17142 0.25372 0.001024 -0.021672 -0.054938 -0.10697 -0.027453 -0.0031452 -0.027988 0.21368 0 0.01563 -0.0088047 0.10198 -0.035731 0.041185 0.029221 0.075957 0.16677 0.04086 0.11429 -0.011954 0.031746 0.010312 0.04093 0.12995 0.11505 0.093405 0.023243 0.0055908 0.03599 0.037851 -0.04372 0.046408 -0.11639 0.072887 -0.038435 0.0022512 -0.11543 0.029384 0.027469 0.19269 -0.073074 0.038187 0.10855 0.012782 0.025142 0.086316 -0.035602 -0.020208 0.023372 0.04645 0.1748 -0.0099033 0.11827 -0.025739 0.024824 0.0010594 0.033849 0.099647 0.086008 0.09718 0.022816 -0.017322 -0.0069374 0.013365 -0.051728 0.062564 -0.13042 0.081578 -0.052145 -0.028102 -0.13973 -0.013351 0.039118 0.20219 -0.088358 0.024126 0.12487 0.0020939 0.024732
0.040797 0.058465 0.12409 0.092943 0.02203 0.041064 -0.0089942 0.10734 0.046729 0.037598 0.096014 0.14846 0.1158 0.0092828 0.038744 0.01563 0 0.0664 -0.026208 0.085019 -0.039608 0.028906 0.018228 -0.0022589 -0.0062983 -0.028215 0.080502 0.033882 0.02546 0.030046 0.056361 -0.061182 0.014371 0.026449 -0.017665 -0.072956 -0.053626 0.046651 0.0031755 0.071884 -0.0071005 0.076192 0.1257 -0.0048314 0.022975 0.0051572 0.0074698 -0.024099 -0.01403 -0.012747 0.041168 0.061429 -0.017789 0.073713 -0.028709 0.026491 0.0085872 0.019894 -0.012357 -0.012719 0.069712 0.026633 0.02933 0.023839 0.050018 -0.032794 0.0235 0.034306 -0.0062671 -0.092851 -0.024177 0.049937 -0.0083492 0.073136 -0.0047902 0.074775 0.11682 0.022041 0.019625 0.0053886 0.016342 0.016221 -0.018037 -0.0029263 0.045046 0.069673
0.25968 0.21155 0.15457 0.14698 0.060381 0.074131 -0.028515 0.062274 0.19564 0.22788 0.24729 0.15326 0.15238 0.090157 0.070103 -0.0088047 0.0664 0 -0.051853 0.16838 0.037388 0.046382 0.043066 0.016787 0.057981 0.034767 0.12202 0.03002 0.09782 0.081766 0.0095654 -0.025315 0.070237 0.093462 0.030291 -0.050312 -8.3243e-05 0.15512 0.0817 0.18985 0.0635 0.15658 0.1341 0.12325 0.087068 0.069899 0.022814 0.1475 -0.036906 0.026389 0.16709 0.19829 0.0038419 0.1829 0.099582 0.058053 0.026692 0.012654 0.10528 0.039533 0.1444 0.031433 0.11769 0.076508 0.056343 0.018475 0.054517 0.10512 0.12403 0.010601 0.089207 0.17569 0.076357 0.20218 0.08303 0.18683 0.13601 0.15473 0.16154 0.06424 0.024493 0.18425 -0.0057882 2.8063e-05 0.13818 0.21964
-0.12282 -0.086984 -0.016927 -0.031164 -0.0083403 0.045018 0.13498 -0.033885 -0.037988 -0.049383 -0.16326 -0.054618 -0.036604 -0.019722 0.03421 0.10198 -0.026208 -0.051853 0 -0.013018 0.22109 0.060062 0.041258 0.24534 0.1669 0.25794 -0.18783 0.094244 0.082768 0.084626 -0.015073 0.51925 -0.013849 -0.0030822 0.54014 0.2043 0.56806 -0.0033356 0.06517 -0.089433 0.19778 -0.082286 -0.14836 0.020368 0.17737 0.083866 0.71909 0.25604 0.097926 0.14501 0.16976 0.1536 0.65717 -0.031102 0.051239 0.037593 0.019922 0.20557 0.017772 0.18562 -0.21025 0.096943 0.0311 0.075108 -0.0859 0.29461 0.010045 0.0080066 0.28728 0.15605 0.31392 -0.038384 0.11138 -0.16117 0.1521 -0.13206 -0.12964 -0.07039 0.035792 0.061984 0.61007 0.082557 0.046565 0.14519 0.16313 0.11971
0.23862 0.26954 0.20622 0.29787 0.10581 0.036382 -0.039995 0.086356 0.16442 0.23878 0.29095 0.20611 0.27321 0.13167 0.035659 -0.035731 0.085019 0.16838 -0.013018 0 -0.103 0.16646 0.050247 0.029424 -0.10638 -0.013814 0.012357 0.038211 0.21853 0.1884 -0.098801 -0.26137 0.011937 0.38046 0.19607 -0.21034 0.03154 0.28763 0.30435 0.43058 0.39715 0.10234 0.27719 0.27234 0.33385 0.27178 0.066748 0.38697 -0.12915 -0.050382 0.29026 0.57041 0.04466 0.5907 -0.091971 0.17336 0.013689 0.012639 -0.10705 0.0084297 0.052446 0.046819 0.18774 0.16296 -0.050407 -0.23739 0.028408 0.36362 0.31307 -0.23429 0.10969 0.29031 0.25284 0.44335 0.38429 0.1611 0.2696 0.23448 0.29271 0.22096 0.060625 0.46474 -0.16006 -0.08213 0.24381 0.55962
0.072753 0.04306 0.12112 -0.026964 0.004657 0.13699 0.045044 -0.054228 0.0095064 0.23542 -0.010754 0.074832 -0.030013 -0.040212 0.12238 0.041185 -0.039608 0.037388 0.22109 -0.103 0 -0.12222 0.070348 0.19137 0.69386 0.54576 0.18998 -0.039508 0.26743 -0.066783 0.11108 0.48008 0.1546 -0.08058 0.54862 0.45026 0.51539 -0.099913 -0.022339 0.090128 0.10845 0.29792 -0.036147 0.68575 0.4013 0.36239 0.07838 0.45826 0.029181 0.013294 -0.011603 -0.044127 0.069575 -0.093812 0.66363 -0.1655 0.063526 0.11613 0.52609 0.29472 0.064194 -0.0094258 0.10547 -0.058758 0.053869 0.32558 0.11848 -0.072155 0.27835 0.35972 0.2233 -0.099654 -0.0076807 -0.0063267 0.038504 0.16438 -0.11098 0.31043 0.11859 0.17588 0.051997 0.11344 0.073363 0.018796 -0.0096958 -0.081848
-0.0371 0.088123 0.00099107 0.033797 0.0029105 0.09906 0.029919 0.019599 0.05716 0.0026829 0.066719 -0.032284 0.02417 0.017052 0.084829 0.029221 0.028906 0.046382 0.060062 0.16646 -0.12222 0 0.019819 0.36397 0.09721 -0.11934 0.12885 0.27811 0.043883 0.92107 0.022775 -0.1357 0.15967 0.35832 -0.062019 -0.16675 -0.11313 0.87149 0.31602 0.076152 0.29646 0.27894 0.06038 -0.010946 0.083333 0.65343 0.18289 0.0092864 -0.023147 0.016838 0.20509 0.23505 0.059195 0.13993 -0.23766 0.97157 0.010587 0.39792 -0.039533 -0.060724 0.15548 0.33464 -0.010397 0.90823 -0.010118 -0.17701 0.16407 0.33665 -0.10151 -0.23527 -0.15713 0.83079 0.34879 0.060861 0.30081 0.30767 0.071565 -0.098474 -0.015015 0.59293 0.16567 0.031372 -0.067306 0.01434 0.16828 0.20172
0.029241 0.022204 0.01689 0.017653 0.011686 0.13879 0.074136 0.0030251 0.021648 0.048365 0.019873 0.00080118 0.019031 0.012451 0.11455 0.075957 0.018228 0.043066 0.041258 0.050247 0.070348 0.019819 0 0.1654 0.11198 0.146 0.05955 0.041769 0.10028 0.043769 0.093697 0.10921 0.10199 0.031134 0.065218 0.041779 0.072812 0.028265 0.049334 0.047997 0.060099 0.048951 0.061558 0.0442 0.073122 0.088319 0.11037 0.065986 0.032216 0.10524 0.055293 0.10726 0.023386 0.031454 0.042247 0.0086493 0.058637 0.13213 0.080707 0.11384 0.063195 0.029911 0.063146 0.040201 0.086638 0.082454 0.085607 0.0088612 0.058143 0.020711 0.050678 0.021456 0.035783 0.037248 0.050284 0.063828 0.03562 -0.0024103 0.053573 0.07477 0.081632 0.04466 0.018871 0.050151 0.037009 0.09728
-0.049417 -0.04024 -0.033614 -0.012777 -0.0042771 0.22543 0.17441 -0.0067253 0.006486 -0.065798 -0.059114 -0.054117 -0.022191 -0.015494 0.23015 0.16677 -0.0022589 0.016787 0.24534 0.029424 0.19137 0.36397 0.1654 0 0.35161 0.34676 0.089329 0.54773 0.097987 0.54462 0.18189 0.21704 0.3301 0.10985 0.11964 0.043908 0.092908 0.32722 0.10998 -0.045342 0.14829 0.12459 0.047082 -0.010739 0.10064 0.50105 0.33632 -0.0024626 0.075016 0.15419 0.1204 0.14068 0.22828 0.047574 0.056076 0.33316 0.11072 0.81091 0.22141 0.35384 0.09586 0.50512 0.077163 0.54203 0.14162 0.20156 0.34516 0.12056 0.098606 -0.018545 0.12054 0.25957 0.15161 -0.043233 0.17648 0.1721 0.042897 -0.065338 0.063463 0.50515 0.26844 -0.016022 0.057726 0.13263 0.09044 0.09989
0.078306 0.059494 0.033676 -0.080888 -0.015823 0.24074 0.062055 -0.034705 0.030927 0.18727 0.024772 0.0096155 -0.08225 -0.025787 0.218 0.04086 -0.0062983 0.057981 0.1669 -0.10638 0.69386 0.09721 0.11198 0.35161 0 0.49559 0.55372 0.10775 0.16303 0.1515 0.31975 0.62263 0.41685 -0.030511 0.21406 0.3454 0.18661 0.056268 -0.071077 0.20686 -0.13069 0.70871 0.14279 0.48639 0.37267 0.38113 0.085796 0.22811 0.16783 0.1138 0.0038655 -0.084271 0.064225 -0.096066 0.4941 0.034829 0.073198 0.27319 0.77223 0.31187 0.45028 0.11278 0.05822 0.13796 0.28429 0.53778 0.34172 -0.023581 0.05314 0.2257 0.092678 0.043279 -0.0722 0.10262 -0.13727 0.55725 0.065257 0.19229 0.20452 0.21048 0.062288 0.019213 0.22459 0.13158 0.013274 -0.11766
0.15398 0.03959 0.053889 0.014535 0.0067067 0.1196 0.12393 -0.017593 0.0078277 0.22847 -0.014676 0.03098 -0.00091769 -0.018473 0.11818 0.11429 -0.028215 0.034767 0.25794 -0.013814 0.54576 -0.11934 0.146 0.34676 0.49559 0 -0.0025092 0.10173 0.24278 -0.063825 0.072237 0.47809 0.097615 -0.040184 0.4036 0.39624 0.44189 -0.11171 0.010686 0.029219 0.12533 -0.01149 -0.066515 0.37269 0.22107 0.35385 0.17651 0.42624 0.034023 0.12671 -0.006995 0.078041 0.14663 -0.0041164 0.32972 -0.14984 0.095216 0.2569 0.33118 0.56166 -0.087941 0.06958 0.14451 -0.061735 -0.001042 0.34112 0.042232 -0.052668 0.25592 0.26152 0.29458 -0.1237 -0.0098895 -0.0029561 0.054674 -0.044964 -0.098365 0.13887 0.053481 0.2538 0.12486 0.21385 0.054747 0.091255 -0.0062463 0.035899
0.11654 0.14979 0.084938 0.009401 -0.0039523 0.33756 -0.0056712 0.060233 0.12752 0.14991 0.16127 0.093398 -0.0030754 0.013112 0.31683 -0.011954 0.080502 0.12202 -0.18783 0.012357 0.18998 0.12885 0.05955 0.089329 0.55372 -0.0025092 0 0.037834 0.045976 0.13003 0.50347 0.22165 0.39753 0.074529 -0.22008 -0.043063 -0.25443 0.15641 0.029165 0.41817 -0.16074 0.81576 0.47078 0.10282 0.27326 0.0085476 -0.012232 -0.1445 0.13106 0.053114 0.11996 -0.025747 -0.16696 0.024737 0.088083 0.098707 0.062825 0.074502 0.3792 -0.035097 0.7744 0.059591 -0.016827 0.11553 0.47484 0.23124 0.31735 0.060223 -0.29092 -0.10416 -0.23428 0.18025 0.038706 0.31105 -0.14279 0.72218 0.35131 -0.010781 0.21269 -0.077764 0.0049797 -0.18377 0.12173 0.063383 0.10321 -0.047724
0.034491 0.080086 8.2372e-05 0.027694 -0.010648 0.13533 0.071144 0.017772 0.025156 -0.045125 0.063652 0.0074271 0.041601 -0.011459 0.12869 0.031746 0.033882 0.03002 0.094244 0.038211 -0.039508 0.27811 0.041769 0.54773 0.10775 0.10173 0.037834 0 0.054859 0.4296 0.10499 0.033872 0.060615 0.056724 0.0094768 -0.01137 0.020537 0.35887 0.0374 0.041792 0.081773 0.0062864 0.078705 -0.069146 -0.0089503 0.30921 0.18289 -0.094724 0.025598 0.054311 0.12975 0.12952 0.15804 0.074005 -0.037058 0.27579 0.036048 0.55551 0.060387 0.18337 0.043219 0.9486 0.085321 0.36568 0.07704 0.067428 0.09038 0.060401 0.10067 -0.018633 0.097779 0.35106 0.10801 0.046997 0.14109 0.046178 0.077593 -0.041361 0.023058 0.36867 0.15235 0.018084 0.039449 0.045037 0.10428 0.13281
0.19395 0.1509 0.19579 0.14736 0.070752 0.082592 0.01378 0.02745 0.081252 0.20109 0.13788 0.19105 0.1404 0.038534 0.083408 0.010312 0.02546 0.09782 0.082768 0.21853 0.26743 0.043883 0.10028 0.097987 0.16303 0.24278 0.045976 0.054859 0 0.054628 0.046576 0.10112 0.055158 0.057491 0.41956 0.28824 0.45325 0.10408 0.024178 0.26844 0.10962 0.10216 0.21024 0.43262 0.29102 0.17577 0.092188 0.39358 -0.030687 0.05317 0.14207 0.33067 0.10633 0.21041 0.22268 0.024058 0.06045 0.069071 0.14816 0.15691 0.00087996 0.052731 0.3906 0.043275 0.037426 0.072928 0.014272 0.037842 0.37657 0.22218 0.42382 0.10169 0.021931 0.21348 0.090652 0.085701 0.1612 0.27008 0.22464 0.082785 0.076949 0.28529 0.00087695 -0.0012219 0.12626 0.31572
-0.017528 0.12413 0.022681 0.047048 0.0039412 0.13143 0.046943 0.0088038 0.085153 0.008225 0.10117 -0.0058464 0.036932 0.015341 0.11145 0.04093 0.030046 0.081766 0.084626 0.1884 -0.066783 0.92107 0.043769 0.54462 0.1515 -0.063825 0.13003 0.4296 0.054628 0 0.046028 -0.10797 0.22291 0.36914 -0.031103 -0.15686 -0.071721 0.91244 0.34492 0.096089 0.29614 0.25181 0.075309 -0.0013644 0.082215 0.66611 0.21541 0.046354 -0.010395 0.015389 0.26861 0.27572 0.066989 0.15707 -0.1668 0.90969 0.021193 0.54392 0.030186 0.012704 0.15854 0.46163 0.025594 0.92844 0.0093676 -0.12541 0.23173 0.33989 -0.023784 -0.20279 -0.083896 0.87264 0.37667 0.089709 0.3104 0.3081 0.078885 -0.06909 0.015012 0.62944 0.18518 0.10207 -0.045319 0.0024918 0.22594 0.24037
-0.13914 -0.031553 -0.012583 -0.031197 -0.024912 0.30555 0.15516 0.065804 0.01956 -0.025399 -0.052501 -0.047241 -0.066229 -0.027039 0.30545 0.12995 0.056361 0.0095654 -0.015073 -0.098801 0.11108 0.022775 0.093697 0.18189 0.31975 0.072237 0.50347 0.10499 0.046576 0.046028 0 0.35977 0.27687 0.00017699 -0.15606 0.069325 -0.11231 0.009572 0.01869 -0.021995 -0.076738 0.38859 0.39105 -0.22213 0.26401 -0.076385 0.18343 -0.30442 0.26614 0.18427 0.034397 -0.080653 -0.067984 -0.11501 -0.13036 0.012586 0.044638 0.19054 0.0944 0.024284 0.38054 0.12411 -0.078462 0.041072 0.56912 0.23995 0.22733 -0.010043 -0.33384 -0.083911 -0.24551 -0.0024388 0.04049 -0.10705 -0.088854 0.22876 0.23185 -0.36379 0.053196 -0.094725 0.14579 -0.35672 0.21324 0.16515 0.027526 -0.11533
-0.069194 -0.10305 -0.062424 -0.14606 -0.026916 0.20298 0.15316 -0.051887 -0.050883 0.053081 -0.17066 -0.11625 -0.15304 -0.052977 0.16768 0.11505 -0.061182 -0.025315 0.51925 -0.26137 0.48008 -0.1357 0.10921 0.21704 0.62263 0.47809 0.22165 0.033872 0.10112 -0.10797 0.35977 0 0.15316 -0.19298 0.24848 0.56941 0.35412 -0.17708 -0.11294 -0.073428 -0.14432 0.24601 -0.0016648 0.035509 0.35789 -0.081382 0.37924 0.14699 0.29368 0.28975 -0.066561 -0.17633 0.24701 -0.26339 0.2187 -0.17685 0.075061 0.15977 0.34359 0.31257 0.0749 0.03966 -0.024316 -0.096106 0.20492 0.75113 0.087251 -0.17873 -0.062201 0.39445 0.074024 -0.20134 -0.089166 -0.18288 -0.16968 0.021838 -0.093539 -0.19193 0.094824 -0.1068 0.27555 -0.14674 0.30336 0.26277 -0.05237 -0.19577
0.015313 0.016835 -0.020964 -0.022942 -0.011021 0.27913 0.070221 0.024842 0.065609 0.041724 0.021919 -0.022256 -0.021709 0.0034805 0.27403 0.093405 0.014371 0.070237 -0.013849 0.011937 0.1546 0.15967 0.10199 0.3301 0.41685 0.097615 0.39753 0.060615 0.055158 0.22291 0.27687 0.15316 0 0.10228 -0.056644 -0.031256 -0.084904 0.14338 0.045816 0.074687 -0.040349 0.45168 0.22114 0.062435 0.15394 0.12936 0.13947 -0.071693 0.059658 0.091021 0.090434 0.044904 0.021841 0.010159 0.11197 0.12806 0.071279 0.28421 0.31169 0.095756 0.39103 0.058101 0.022349 0.21675 0.28522 0.181 0.44454 0.085697 -0.080667 -0.029649 -0.039561 0.12311 0.032063 0.056353 -0.034458 0.4262 0.16303 0.0045538 0.14378 0.076117 0.13014 -0.088413 0.085767 0.10238 0.065326 0.0068443
0.11929 0.17983 0.047343 0.18878 0.021362 0.078893 0.015831 0.045976 0.11141 0.19263 0.12934 0.032112 0.15903 0.057821 0.079081 0.023243 0.026449 0.093462 -0.0030822 0.38046 -0.08058 0.35832 0.031134 0.10985 -0.030511 -0.040184 0.074529 0.056724 0.057491 0.36914 0.00017699 -0.19298 0.10228 0 0.10901 -0.19975 -0.013818 0.41585 0.54441 0.25949 0.6054 0.19877 0.093932 0.128 0.31019 0.36589 0.16941 0.31094 -0.065543 -0.0088156 0.36616 0.47625 0.016434 0.32905 -0.10891 0.33836 0.0012258 0.1005 -0.077186 -0.044025 0.095827 0.059777 0.034265 0.336 -0.019785 -0.20441 0.13324 0.78088 0.15953 -0.22123 0.044404 0.39408 0.46592 0.29443 0.5413 0.24661 0.081676 0.099118 0.24159 0.29045 0.16977 0.35967 -0.099138 -0.028901 0.32273 0.44415
0.080498 0.10442 0.23057 0.17663 0.070745 -0.035065 0.020538 -0.021465 0.037089 0.20549 0.022741 0.19279 0.14874 0.02439 -0.042966 0.0055908 -0.017665 0.030291 0.54014 0.19607 0.54862 -0.062019 0.065218 0.11964 0.21406 0.4036 -0.22008 0.0094768 0.41956 -0.031103 -0.15606 0.24848 -0.056644 0.10901 0 0.40172 0.84565 0.0087617 0.068351 0.073306 0.34372 -0.089326 -0.096605 0.52184 0.50851 0.24422 0.28965 0.63081 -0.032768 0.022023 0.12412 0.34409 0.31007 0.17775 0.33066 -0.086244 0.022161 0.054612 0.09573 0.18256 -0.28271 0.0139 0.27704 -0.031728 -0.20423 0.069825 -0.056239 0.091971 0.65891 0.2725 0.58191 -0.0037782 0.063608 0.0047444 0.27219 -0.14788 -0.11589 0.19825 0.24753 0.14379 0.21535 0.40464 -0.037956 -0.018633 0.11469 0.30504
-0.047806 -0.066716 -0.01359 -0.088732 0.0066049 0.020681 0.067697 -0.078669 -0.060749 0.081726 -0.1344 -0.045119 -0.10106 -0.043583 -0.015706 0.03599 -0.072956 -0.050312 0.2043 -0.21034 0.45026 -0.16675 0.041779 0.043908 0.3454 0.39624 -0.043063 -0.01137 0.28824 -0.15686 0.069325 0.56941 -0.031256 -0.19975 0.40172 0 0.59012 -0.15618 -0.1333 -0.11841 -0.077493 -0.084936 -0.16489 0.19052 0.20371 -0.087491 0.030673 0.21583 0.14898 0.094558 -0.070507 -0.11262 0.005435 -0.21068 0.18492 -0.18382 0.041849 0.013257 0.12456 0.18742 -0.20054 -0.0068375 0.11853 -0.15262 -0.034465 0.27669 -0.042602 -0.18496 0.10718 0.54632 0.2392 -0.16679 -0.10216 -0.19877 -0.099932 -0.26759 -0.22672 -0.11305 -0.090997 -0.13921 -0.0013032 -0.036934 0.11732 0.076423 -0.066925 -0.11504
0.024788 0.010311 0.14109 0.071055 0.058607 -0.027716 0.064274 -0.06823 -0.010411 0.16602 -0.052636 0.11745 0.062225 -0.007261 -0.056326 0.037851 -0.053626 -8.3243e-05 0.56806 0.03154 0.51539 -0.11313 0.072812 0.092908 0.18661 0.44189 -0.25443 0.020537 0.45325 -0.071721 -0.11231 0.35412 -0.084904 -0.013818 0.84565 0.59012 0 -0.058318 -0.040871 -0.040264 0.22802 -0.2252 -0.19435 0.37773 0.32667 0.13056 0.26126 0.53192 0.030399 0.038041 0.02346 0.20576 0.32321 -0.01297 0.28975 -0.12858 0.044953 0.028784 -0.006363 0.22203 -0.3377 0.024068 0.27804 -0.077902 -0.18951 0.10157 -0.092755 -0.023339 0.52316 0.45724 0.60962 -0.068227 -0.0077851 -0.12264 0.14499 -0.31088 -0.21729 0.076134 0.013343 0.044255 0.17852 0.23714 -0.032271 0.00072019 0.028837 0.17347
0.098778 0.22628 0.087317 0.12124 0.044737 0.089637 -0.0056861 0.045665 0.16123 0.11638 0.22499 0.083058 0.11628 0.057219 0.075285 -0.04372 0.046651 0.15512 -0.0033356 0.28763 -0.099913 0.87149 0.028265 0.32722 0.056268 -0.11171 0.15641 0.35887 0.10408 0.91244 0.009572 -0.17708 0.14338 0.41585 0.0087617 -0.15618 -0.058318 0 0.40815 0.22344 0.35583 0.28807 0.12107 0.041236 0.1183 0.57807 0.12246 0.13776 -0.047895 -0.020999 0.32608 0.36892 -0.0042969 0.26639 -0.15303 0.83165 0.0096671 0.33341 -0.010472 -0.045381 0.18852 0.41737 0.079363 0.87097 0.003176 -0.18458 0.14936 0.3909 0.036845 -0.17975 -0.040154 0.96323 0.43209 0.23121 0.37866 0.32876 0.13677 0.014053 0.075038 0.53841 0.094708 0.24237 -0.062216 -0.044802 0.28689 0.35219
0.064659 0.13797 0.0026041 0.17774 0.066889 0.092355 0.056974 0.024213 0.093204 0.26702 0.059867 -0.0036922 0.10839 0.061389 0.088383 0.046408 0.0031755 0.0817 0.06517 0.30435 -0.022339 0.31602 0.049334 0.10998 -0.071077 0.010686 0.029165 0.0374 0.024178 0.34492 0.01869 -0.11294 0.045816 0.54441 0.068351 -0.1333 -0.040871 0.40815 0 0.077653 0.88596 0.063771 0.0030187 0.038608 0.29655 0.42142 0.29159 0.36795 -0.012495 0.036858 0.47737 0.58559 0.0074876 0.25429 -0.16439 0.29214 0.0020579 0.092284 -0.154 -0.028308 0.0092975 0.040214 -0.020534 0.31365 -0.020568 -0.18347 0.071466 0.47916 0.058122 -0.21167 -0.099729 0.37415 0.89255 0.088024 0.78855 0.068587 -0.016593 -0.066144 0.13222 0.33362 0.25654 0.34452 -0.08966 -0.010579 0.39836 0.48484
0.36628 0.33858 0.20685 0.22135 0.093673 0.091346 -0.12693 0.076387 0.18847 0.30992 0.34899 0.23016 0.22492 0.087729 0.072364 -0.11639 0.071884 0.18985 -0.089433 0.43058 0.090128 0.076152 0.047997 -0.045342 0.20686 0.029219 0.41817 0.041792 0.26844 0.096089 -0.021995 -0.073428 0.074687 0.25949 0.073306 -0.11841 -0.040264 0.22344 0.077653 0 0.069903 0.53898 0.37275 0.44371 0.29555 0.1737 -0.065543 0.36485 -0.076639 -0.052907 0.20606 0.36109 -0.039957 0.3998 0.15889 0.081353 0.043107 -0.050743 0.25054 0.055704 0.40831 0.049333 0.23849 0.058088 0.081519 0.0082769 0.037007 0.21997 0.19654 -0.089372 0.10292 0.24844 0.050719 0.7015 0.0888 0.51704 0.34219 0.43744 0.34021 0.080723 -0.047168 0.3834 -0.082645 -0.083408 0.19594 0.37187
0.07597 0.12159 0.071228 0.27424 0.087187 0.051329 0.069765 0.014779 0.068142 0.27363 0.064895 0.051004 0.21525 0.064551 0.057993 0.072887 -0.0071005 0.0635 0.19778 0.39715 0.10845 0.29646 0.060099 0.14829 -0.13069 0.12533 -0.16074 0.081773 0.10962 0.29614 -0.076738 -0.14432 -0.040349 0.6054 0.34372 -0.077493 0.22802 0.35583 0.88596 0.069903 0 -0.10832 -0.052185 0.1352 0.45796 0.50445 0.31415 0.52223 -0.05517 0.0063045 0.411 0.62135 0.11935 0.33279 -0.08381 0.26638 0.0023356 0.12539 -0.232 0.021457 -0.16595 0.094025 0.064963 0.28421 -0.13015 -0.23934 0.023314 0.56174 0.30999 -0.18751 0.081581 0.33217 0.81155 0.077627 0.91112 -0.056984 -0.064074 0.0076928 0.24509 0.4461 0.27203 0.46596 -0.12598 -0.032008 0.32708 0.54477
0.20131 0.20003 0.10022 0.044631 0.012699 0.26138 -0.037594 0.05074 0.14821 0.22877 0.20694 0.088876 0.02777 0.039937 0.24456 -0.038435 0.076192 0.15658 -0.082286 0.10234 0.29792 0.27894 0.048951 0.12459 0.70871 -0.01149 0.81576 0.0062864 0.10216 0.25181 0.38859 0.24601 0.45168 0.19877 -0.089326 -0.084936 -0.2252 0.28807 0.063771 0.53898 -0.10832 0 0.43759 0.32721 0.38158 0.1897 0.026095 0.080378 0.12163 0.049631 0.13052 0.068822 -0.04666 0.10024 0.21446 0.24285 0.056242 0.11292 0.56564 -0.011302 0.7781 0.0699 0.01571 0.23699 0.39559 0.30936 0.368 0.16341 -0.15877 -0.10535 -0.17278 0.29309 0.044173 0.43992 -0.095663 0.92299 0.35967 0.18687 0.35223 0.045591 0.045244 0.024589 0.14306 0.0719 0.13389 0.037801
0.10392 0.162 0.17425 0.12716 0.053193 0.22797 -0.0032859 0.11791 0.14131 0.087476 0.19174 0.17965 0.11413 0.053271 0.23766 0.0022512 0.1257 0.1341 -0.14836 0.27719 -0.036147 0.06038 0.061558 0.047082 0.14279 -0.066515 0.47078 0.078705 0.21024 0.075309 0.39105 -0.0016648 0.22114 0.093932 -0.096605 -0.16489 -0.19435 0.12107 0.0030187 0.37275 -0.052185 0.43759 0 0.072834 0.37392 -0.023585 0.037027 -0.05414 0.039194 0.039468 0.16276 0.18752 -0.09711 0.27199 -0.036771 0.053285 0.050995 0.038128 0.087399 -0.040975 0.43219 0.078474 0.15523 0.057279 0.42009 0.069445 0.16799 0.083005 -0.076069 -0.16856 -0.090934 0.12051 -0.0058667 0.32723 -0.033238 0.388 0.58195 0.057414 0.34263 -0.06614 0.062612 -0.011325 0.027611 0.042847 0.1446 0.17806
0.36587 0.21985 0.25757 0.16535 0.073606 -0.0094619 -0.12701 0.0036995 0.10096 0.43715 0.20194 0.23396 0.14644 0.046184 -0.02834 -0.11543 -0.0048314 0.12325 0.020368 0.27234 0.68575 -0.010946 0.0442 -0.010739 0.48639 0.37269 0.10282 -0.069146 0.43262 -0.0013644 -0.22213 0.035509 0.062435 0.128 0.52184 0.19052 0.37773 0.041236 0.038608 0.44371 0.1352 0.32721 0.072834 0 0.44344 0.41483 -0.097858 0.67531 -0.12004 -0.098875 0.090378 0.26534 0.034323 0.24049 0.5449 -0.030483 0.03563 -0.041961 0.43854 0.20299 0.053479 -0.047596 0.28014 -0.016889 -0.15691 0.070653 0.023428 0.11102 0.44668 0.17915 0.28434 0.060901 -0.01412 0.38884 0.090858 0.30938 0.044762 0.71584 0.281 0.22263 -0.073157 0.47305 -0.081841 -0.12939 0.08075 0.21744
0.063378 0.16677 0.20439 0.16885 0.067683 0.17235 0.047816 0.019735 0.081408 0.26879 0.093984 0.13736 0.12993 0.050449 0.15462 0.029384 0.022975 0.087068 0.17737 0.33385 0.4013 0.083333 0.073122 0.10064 0.37267 0.22107 0.27326 -0.0089503 0.29102 0.082215 0.26401 0.35789 0.15394 0.31019 0.50851 0.20371 0.32667 0.1183 0.29655 0.29555 0.45796 0.38158 0.37392 0.44344 0 0.28263 0.18915 0.47449 0.10483 0.068182 0.2062 0.30265 0.040979 0.26284 0.13382 0.037186 0.044968 0.0651 0.081587 0.098956 0.13437 0.012518 0.078828 0.076164 0.14831 0.1258 0.12538 0.30082 0.21356 -0.035174 0.096486 0.099802 0.24206 0.17624 0.37714 0.18308 0.19644 0.048947 0.5514 0.16639 0.17589 0.22558 0.074977 0.051167 0.17968 0.25077
0.18525 0.13348 0.063784 0.12401 0.014767 0.074476 0.025511 0.009727 0.057162 0.26041 0.091049 0.07036 0.10368 0.020184 0.067998 0.027469 0.0051572 0.069899 0.083866 0.27178 0.36239 0.65343 0.088319 0.50105 0.38113 0.35385 0.0085476 0.30921 0.17577 0.66611 -0.076385 -0.081382 0.12936 0.36589 0.24422 -0.087491 0.13056 0.57807 0.42142 0.1737 0.50445 0.1897 -0.023585 0.41483 0.28263 0 0.080471 0.49558 -0.044974 -0.011054 0.17843 0.35781 0.058616 0.24938 0.17723 0.60976 0.049613 0.44624 0.2163 0.29021 0.057325 0.27516 0.11929 0.66458 -0.082483 -0.092736 0.14361 0.33568 0.26677 -0.11286 0.1101 0.56486 0.35507 0.18457 0.44573 0.28828 -0.0078509 0.24318 0.16379 0.93472 0.032964 0.4212 -0.046691 -0.037207 0.15491 0.30937
-0.14746 -0.088614 -0.052867 -0.0043008 0.012583 0.20884 0.22382 0.0063785 0.0098505 -0.097336 -0.14069 -0.08417 -0.027393 -0.011308 0.20388 0.19269 0.0074698 0.022814 0.71909 0.066748 0.07838 0.18289 0.11037 0.33632 0.085796 0.17651 -0.012232 0.18289 0.092188 0.21541 0.18343 0.37924 0.13947 0.16941 0.28965 0.030673 0.26126 0.12246 0.29159 -0.065543 0.31415 0.026095 0.037027 -0.097858 0.18915 0.080471 0 0.10551 0.075134 0.2242 0.55422 0.32546 0.55583 0.051573 -0.062074 0.1458 0.073466 0.32041 -0.04873 0.098045 -0.052367 0.16823 0.037139 0.19782 0.10485 0.20658 0.14701 0.19593 0.15302 -0.026488 0.11066 0.063286 0.32536 -0.093062 0.31137 0.00010538 0.037305 -0.17004 0.090299 0.1008 0.84655 0.05378 0.038447 0.19592 0.45789 0.27255
0.3579 0.23842 0.19262 0.24999 0.10865 -0.082341 -0.066565 0.0020471 0.11632 0.4039 0.21907 0.18554 0.22982 0.083434 -0.089928 -0.073074 -0.024099 0.1475 0.25604 0.38697 0.45826 0.0092864 0.065986 -0.0024626 0.22811 0.42624 -0.1445 -0.094724 0.39358 0.046354 -0.30442 0.14699 -0.071693 0.31094 0.63081 0.21583 0.53192 0.13776 0.36795 0.36485 0.52223 0.080378 -0.05414 0.67531 0.47449 0.49558 0.10551 0 -0.076713 -0.041057 0.28036 0.55898 0.21688 0.36277 0.38263 -0.0038085 0.021926 -0.069524 0.26508 0.27259 -0.14591 -0.060489 0.31228 0.027394 -0.28213 0.12596 -0.068062 0.26 0.60803 0.20921 0.46064 0.14522 0.2612 0.32294 0.44003 0.12728 -0.034933 0.50313 0.39011 0.35574 0.086419 0.8293 -0.060968 -0.079616 0.21851 0.50478
-0.088133 -0.047426 -0.054482 -0.068856 -0.030223 0.052659 0.036055 -0.0043849 -0.034136 -0.024329 -0.080357 -0.079305 -0.083852 -0.040051 0.03797 0.038187 -0.01403 -0.036906 0.097926 -0.12915 0.029181 -0.023147 0.032216 0.075016 0.16783 0.034023 0.13106 0.025598 -0.030687 -0.010395 0.26614 0.29368 0.059658 -0.065543 -0.032768 0.14898 0.030399 -0.047895 -0.012495 -0.076639 -0.05517 0.12163 0.039194 -0.12004 0.10483 -0.044974 0.075134 -0.076713 0 0.09079 -0.063348 -0.12029 0.024657 -0.1407 -0.08427 -0.013645 0.0084406 0.067266 0.0089224 0.02466 0.070424 0.034866 -0.082106 -0.0097174 0.15686 0.19972 0.038489 -0.058056 -0.14926 0.064901 -0.091588 -0.043592 0.004081 -0.1498 -0.070623 0.010316 -0.00633 -0.23757 -0.006024 -0.029179 0.058362 -0.17476 0.21124 0.086779 -0.036812 -0.13774
-0.055977 -0.054986 -0.04522 -0.022832 -0.01997 0.15317 0.12947 0.0014553 -0.019722 -0.0040849 -0.073239 -0.063157 -0.04888 -0.0087586 0.13419 0.10855 -0.012747 0.026389 0.14501 -0.050382 0.013294 0.016838 0.10524 0.15419 0.1138 0.12671 0.053114 0.054311 0.05317 0.015389 0.18427 0.28975 0.091021 -0.0088156 0.022023 0.094558 0.038041 -0.020999 0.036858 -0.052907 0.0063045 0.049631 0.039468 -0.098875 0.068182 -0.011054 0.2242 -0.041057 0.09079 0 0.028464 0.018075 0.084709 -0.070159 -0.04386 0.0076493 0.039719 0.12751 0.032859 0.10181 0.039445 0.045147 -0.024485 0.029738 0.13981 0.22729 0.067358 -0.011549 -0.040577 0.039491 -0.0094219 -0.031778 0.026561 -0.089286 -0.0094807 0.015782 0.0083375 -0.14587 0.043377 -0.014079 0.19106 -0.081552 0.10773 0.16652 0.011469 0.00058327
0.035 0.1841 0.075434 0.13428 0.061575 0.11453 0.016619 0.045432 0.12505 0.039574 0.17518 0.069479 0.12436 0.073762 0.099089 0.012782 0.041168 0.16709 0.16976 0.29026 -0.011603 0.20509 0.055293 0.1204 0.0038655 -0.006995 0.11996 0.12975 0.14207 0.26861 0.034397 -0.066561 0.090434 0.36616 0.12412 -0.070507 0.02346 0.32608 0.47737 0.20606 0.411 0.13052 0.16276 0.090378 0.2062 0.17843 0.55422 0.28036 -0.063348 0.028464 0 0.50905 0.20712 0.29517 -0.0066023 0.19974 0.037551 0.12839 0.013215 -0.014378 0.098918 0.12341 0.13469 0.24287 0.049398 -0.052411 0.10549 0.35422 0.1897 -0.077946 0.09131 0.30267 0.44548 0.23834 0.4021 0.17194 0.16367 0.078589 0.21145 0.16787 0.52802 0.34792 -0.041318 -0.0048713 0.6491 0.46478
0.23212 0.2975 0.19253 0.35405 0.1444 0.081527 0.032745 0.087599 0.19014 0.23412 0.28523 0.19612 0.32413 0.12435 0.08348 0.025142 0.061429 0.19829 0.1536 0.57041 -0.044127 0.23505 0.10726 0.14068 -0.084271 0.078041 -0.025747 0.12952 0.33067 0.27572 -0.080653 -0.17633 0.044904 0.47625 0.34409 -0.11262 0.20576 0.36892 0.58559 0.36109 0.62135 0.068822 0.18752 0.26534 0.30265 0.35781 0.32546 0.55898 -0.12029 0.018075 0.50905 0 0.18556 0.53535 -0.013627 0.2236 0.058151 0.094047 -0.047684 0.054597 0.004959 0.13307 0.31593 0.24659 -0.05663 -0.14546 0.054502 0.44606 0.48133 -0.092389 0.30294 0.36651 0.50618 0.39319 0.5875 0.16711 0.19605 0.24787 0.32222 0.30627 0.2867 0.62744 -0.12329 -0.032388 0.41382 0.76664
0.018734 -0.092296 -0.0074557 0.0091686 0.001548 0.008236 0.079751 -0.021953 -0.020484 -0.10404 -0.10781 -6.3048e-05 0.032623 -0.0067847 0.018055 0.086316 -0.017789 0.0038419 0.65717 0.04466 0.069575 0.059195 0.023386 0.22828 0.064225 0.14663 -0.16696 0.15804 0.10633 0.066989 -0.067984 0.24701 0.021841 0.016434 0.31007 0.005435 0.32321 -0.0042969 0.0074876 -0.039957 0.11935 -0.04666 -0.09711 0.034323 0.040979 0.058616 0.55583 0.21688 0.024657 0.084709 0.20712 0.18556 0 0.055802 0.21875 0.057487 0.040599 0.25813 0.18293 0.22424 -0.15535 0.10645 0.14558 0.060568 -0.063382 0.41866 0.026629 0.026458 0.47958 0.18812 0.51671 -0.031703 0.052692 -0.014307 0.16656 0.026511 -0.044885 0.084265 0.26546 0.049668 0.68175 0.24012 0.048972 0.14679 0.17889 0.17758
