0 0.3297 0.26743 0.27867 0.085866 -0.0077773 -0.088872 0.059441 0.20743 0.7227 0.40827 0.35438 0.29313 0.1128 0.0023149 -0.094396 0.041301 0.26114 -0.15095 0.23225 0.068231 -0.027989 0.024415 -0.051113 0.06959 0.1441 0.095195 0.027715 0.1878 -0.0031803 -0.15234 -0.10486 0.013634 0.12917 0.095854 -0.061084 0.018423 0.10717 0.066498 0.36368 0.079992 0.18493 0.091601 0.36364 0.040252 0.18673 -0.17516 0.35444 -0.10174 -0.063103 0.02763 0.22787 -0.041019 0.27328 0.42017 -0.024487 0.034844 -0.072417 0.37213 0.25283 0.19001 0.0069085 0.32163 -0.034312 -0.029538 0.12925 0.023128 0.14291 0.39235 0.19582 0.29752 0.12843 0.06978 0.44918 0.18398 0.31408 0.17251 0.59202 0.39496 0.20225 -0.12479 0.53134 -0.0027858 -0.082931 0.047242 0.27777
0.3297 0 0.24506 0.26731 0.11079 0.015226 -0.077626 0.070906 0.21977 0.34474 0.48326 0.26001 0.25287 0.096493 -0.0015692 -0.093367 0.054283 0.2079 -0.1043 0.2575 0.047376 0.089652 0.020362 -0.0468 0.069246 0.048681 0.14244 0.077221 0.14358 0.12861 -0.030463 -0.10503 0.015247 0.1796 0.11202 -0.066318 0.01033 0.22614 0.13803 0.33175 0.12338 0.19406 0.15813 0.21674 0.16379 0.13248 -0.10905 0.23812 -0.048463 -0.053385 0.16228 0.28801 -0.11721 0.25071 0.068137 0.087793 0.015364 -0.069789 0.07339 0.0018655 0.13381 0.072831 0.13135 0.087317 -0.013161 -0.086811 -0.012753 0.11138 0.15904 -0.033193 0.077099 0.2597 0.086943 0.31362 0.10187 0.18888 0.14803 0.18929 0.16677 0.07212 -0.11592 0.22781 -0.050406 -0.07153 0.15233 0.26212
0.26743 0.24506 0 0.39017 0.10238 0.036005 -0.020849 0.14732 0.14131 0.28368 0.26865 0.57404 0.37747 0.066897 0.033907 -0.029853 0.11728 0.15412 -0.03053 0.20148 0.11951 0.0027445 0.012949 -0.033165 0.039266 0.051078 0.085199 0.0044694 0.18989 0.024685 -0.0038995 -0.068095 -0.021942 0.059686 0.22694 -0.01133 0.13497 0.088633 0.01395 0.20395 0.082565 0.090895 0.17299 0.25025 0.20113 0.066232 -0.072192 0.18839 -0.052129 -0.045467 0.068117 0.18483 -0.027592 0.17481 0.11679 -0.013971 0.035676 -0.057148 0.038925 0.029587 0.071044 0.01062 0.16519 -0.0036088 0.0046562 -0.07026 -0.011894 0.032243 0.1988 -0.02141 0.13904 0.099059 -0.0093599 0.2027 0.091576 0.084375 0.12416 0.17803 0.1644 0.015469 -0.065882 0.18218 -0.06106 -0.052621 0.079508 0.17394
0.27867 0.26731 0.39017 0 0.19428 0.013653 -0.0080364 0.10801 0.13938 0.25607 0.27558 0.374 0.64279 0.12403 0.0089082 -0.01467 0.094439 0.1468 -0.051854 0.29524 -0.027611 0.03524 0.012732 -0.016792 -0.080475 0.017436 0.011358 0.025874 0.14653 0.049786 -0.026965 -0.15288 -0.018943 0.19751 0.1761 -0.090935 0.061783 0.12665 0.18943 0.21347 0.28098 0.041739 0.13081 0.15834 0.16538 0.12022 -0.024441 0.24774 -0.068316 -0.018472 0.12695 0.34791 -0.017618 0.28055 0.021425 0.037179 0.012244 -0.030723 -0.03687 -0.009584 0.028273 0.03092 0.1543 0.031548 -0.020572 -0.12608 0.011026 0.15831 0.25993 -0.060666 0.15342 0.14513 0.12381 0.24999 0.26695 0.083443 0.13367 0.18182 0.18868 0.097009 -0.036931 0.30842 -0.063069 -0.055234 0.1241 0.34579
0.085866 0.11079 0.10238 0.19428 0 -0.0034228 -0.020246 0.020115 0.055761 0.095648 0.10219 0.11227 0.16669 0.043941 -0.0028222 -0.026301 0.021105 0.060623 -0.015386 0.10564 0.00055697 0.00313 0.011493 -0.0094519 -0.017234 0.0036754 -0.0062706 -0.0089868 0.069589 0.0070605 -0.027677 -0.032658 -0.0092835 0.026033 0.069713 0.0045335 0.05106 0.049243 0.074784 0.091844 0.091148 0.011444 0.056227 0.070513 0.066112 0.017165 0.0073368 0.10862 -0.028522 -0.020732 0.061023 0.14223 -0.0074239 0.11035 -0.015127 -0.003562 -0.013488 -0.030161 -0.033143 -0.0099032 -0.0030204 -0.0016772 0.062541 -0.0059218 -0.019766 -0.043345 -0.016025 0.030501 0.08652 -0.0081136 0.063915 0.050736 0.057054 0.0785 0.08244 0.0030332 0.026453 0.045618 0.053229 -0.0037873 -0.0085239 0.10715 -0.039001 -0.02369 0.045463 0.12946
-0.0077773 0.015226 0.036005 0.013653 -0.0034228 0 0.1628 0.022608 0.086036 0.056464 0.0003359 0.026661 0.0046918 -0.015069 0.43023 0.16343 0.040787 0.070106 0.067456 0.042748 0.14467 0.10283 0.13445 0.21943 0.2402 0.12404 0.3362 0.12628 0.087899 0.12691 0.29679 0.2073 0.2734 0.072091 -0.029889 0.024792 -0.019925 0.089173 0.090161 0.097128 0.055156 0.26856 0.22765 0.001757 0.17508 0.081567 0.21661 -0.069327 0.057551 0.1497 0.11739 0.082279 0.034183 0.025857 0.010721 0.081162 0.089121 0.21131 0.12928 0.088416 0.28384 0.13124 0.016454 0.11514 0.27194 0.13814 0.23282 0.068306 -0.11009 -0.047189 -0.088606 0.065721 0.095365 0.039464 0.048946 0.22351 0.15432 -0.087278 0.079075 0.04679 0.18453 -0.10526 0.05415 0.12174 0.10092 0.052502
-0.088872 -0.077626 -0.020849 -0.0080364 -0.020246 0.1628 0 -0.0099925 -0.0090737 -0.041886 -0.10239 -0.043359 -0.027924 -0.023707 0.16986 0.24874 -0.011301 -0.031267 0.15162 -0.041923 0.046794 0.028235 0.074333 0.17504 0.065132 0.12843 -0.00068631 0.068305 0.017046 0.038469 0.16165 0.16441 0.068999 0.012707 0.02225 0.079262 0.069718 -0.012063 0.051597 -0.12316 0.065136 -0.035036 -0.00099866 -0.12581 0.057512 0.027809 0.23135 -0.063532 0.045875 0.13289 0.016067 0.026716 0.091687 -0.051385 -0.063186 0.019873 0.027721 0.15317 -0.034656 0.071173 -0.029806 0.05812 -0.023474 0.034902 0.086282 0.085778 0.054389 0.017399 -0.058424 -0.016944 -0.026444 -0.031518 0.054214 -0.13808 0.064613 -0.059785 -0.022104 -0.1863 -0.023112 0.033555 0.18557 -0.12567 0.028486 0.10912 0.0022177 -0.0057737
0.059441 0.070906 0.14732 0.10801 0.020115 0.022608 -0.0099925 0 0.053001 0.038871 0.074784 0.12781 0.1045 0.01547 0.035062 0.0025962 0.10877 0.064891 -0.035111 0.090608 -0.058383 0.024277 0.0002483 -0.0078392 -0.04205 -0.021681 0.05651 0.018385 0.025089 0.012591 0.068144 -0.056914 0.02407 0.047113 -0.025087 -0.082835 -0.074582 0.048062 0.022098 0.071009 0.01471 0.046929 0.12082 0.00032203 0.012679 0.010104 0.0042355 -0.00043068 -0.0036767 0.0012821 0.043046 0.087252 -0.021401 0.073847 -0.040062 0.026254 -0.0029588 0.0012514 -0.01957 0.0051359 0.069397 0.032986 0.032522 0.0051587 0.06563 -0.038301 0.010842 0.045563 0.0021964 -0.085703 -0.012522 0.055077 0.014278 0.078813 0.035048 0.060289 0.10073 0.01973 0.034917 0.0098988 0.013925 0.056222 -0.015578 0.0032443 0.056108 0.089796
0.20743 0.21977 0.14131 0.13938 0.055761 0.086036 -0.0090737 0.053001 0 0.21884 0.22625 0.12952 0.13454 0.046332 0.071665 -0.021363 0.051917 0.19622 -0.046047 0.16259 0.0079946 0.066761 0.017802 0.0055747 0.033805 0.010787 0.12702 0.021283 0.077407 0.094804 0.020611 -0.051312 0.065468 0.12347 0.037825 -0.059723 -0.013309 0.16756 0.097934 0.1909 0.075194 0.15235 0.13449 0.10286 0.077933 0.059018 -0.0017085 0.11582 -0.029073 -0.019356 0.11998 0.18212 -0.034319 0.17008 0.046071 0.060405 0.029363 -0.010197 0.062684 0.020312 0.14557 0.016525 0.091107 0.083876 0.05897 -0.010515 0.035179 0.077017 0.086842 -0.032204 0.039973 0.17464 0.07553 0.1854 0.069881 0.1746 0.13703 0.10856 0.12556 0.027425 -0.00085889 0.15211 -0.035904 -0.004371 0.1215 0.17341
0.7227 0.34474 0.28368 0.25607 0.095648 0.056464 -0.041886 0.038871 0.21884 0 0.31717 0.27881 0.21636 0.098254 0.050703 -0.052316 0.03305 0.22822 -0.06875 0.22766 0.26311 -0.00062353 0.04938 -0.075867 0.22294 0.23533 0.14589 -0.060649 0.20252 0.0059067 -0.019086 0.057605 0.043004 0.19798 0.22827 0.096996 0.18884 0.11728 0.26438 0.31103 0.2759 0.23696 0.082704 0.45705 0.2781 0.25749 -0.13139 0.39756 -0.020342 -0.0041118 0.030678 0.2268 -0.14845 0.16857 0.13605 -0.0096593 0.028037 -0.087061 0.12859 0.13264 0.10114 -0.028164 0.10308 -0.00080111 -0.021019 0.010955 0.027564 0.13453 0.14636 0.03803 0.051858 0.1363 0.15351 0.26395 0.17083 0.1527 0.05214 0.23935 0.097827 0.10001 -0.10983 0.33254 -0.039784 -0.056402 0.051395 0.19087
0.40827 0.48326 0.26865 0.27558 0.10219 0.0003359 -0.10239 0.074784 0.22625 0.31717 0 0.32057 0.30283 0.11053 -0.0081715 -0.1075 0.093567 0.24965 -0.18603 0.2878 -0.012622 0.072691 0.016429 -0.062547 0.019193 -0.013028 0.1448 0.0649 0.12604 0.11152 -0.060208 -0.18426 0.013986 0.13027 0.032824 -0.14279 -0.059169 0.23192 0.060356 0.34399 0.072832 0.19562 0.1858 0.19681 0.079654 0.098536 -0.16231 0.22206 -0.086546 -0.074551 0.16214 0.28063 -0.13948 0.29881 0.15431 0.081777 0.0061008 -0.091041 0.15585 0.0032593 0.19678 0.041853 0.18748 0.073166 -0.0059924 -0.061665 0.008663 0.13899 0.24046 -0.0062469 0.15133 0.27153 0.043418 0.39656 0.11412 0.26576 0.20161 0.30805 0.2652 0.078188 -0.13494 0.31522 -0.038446 -0.1007 0.16681 0.30215
0.35438 0.26001 0.57404 0.374 0.11227 0.026661 -0.043359 0.12781 0.12952 0.27881 0.32057 0 0.4032 0.084321 0.028862 -0.029873 0.14459 0.15351 -0.071259 0.20693 0.066693 -0.025602 -0.005899 -0.050635 0.0074916 0.0335 0.084326 0.016501 0.18513 0.0029114 -0.043781 -0.12813 -0.027123 0.043365 0.1933 -0.047626 0.11044 0.086449 0.010021 0.22447 0.065405 0.069394 0.1729 0.22638 0.12188 0.081232 -0.097092 0.18528 -0.082102 -0.065125 0.062854 0.19204 -0.025115 0.23546 0.18791 -0.050312 0.022551 -0.06965 0.091546 0.062847 0.090288 -0.0016059 0.23593 -0.025356 0.0032169 -0.042788 0.0093109 0.045782 0.28037 0.050376 0.22832 0.097031 -0.040297 0.26856 0.084766 0.12394 0.18385 0.28282 0.23419 0.038485 -0.086012 0.24509 -0.052932 -0.052431 0.05739 0.21586
0.29313 0.25287 0.37747 0.64279 0.16669 0.0046918 -0.027924 0.1045 0.13454 0.21636 0.30283 0.4032 0 0.14454 0.010526 -0.0062989 0.11525 0.15677 -0.055877 0.27022 -0.03354 0.033967 0.016178 -0.020904 -0.0839 0.0039039 -0.00023715 0.050571 0.13407 0.04547 -0.063845 -0.16127 -0.019556 0.16656 0.14616 -0.10599 0.047669 0.1262 0.1154 0.22247 0.21775 0.02708 0.11542 0.13517 0.12519 0.10604 -0.04725 0.22613 -0.084559 -0.045426 0.11924 0.31713 0.0073052 0.28761 0.034949 0.028011 0.01545 -0.018288 -0.025415 0.03297 0.017109 0.046504 0.18958 0.02748 -0.033311 -0.11123 -6.762e-05 0.15794 0.28994 -0.041427 0.18907 0.14557 0.11707 0.25566 0.28829 0.08332 0.13262 0.204 0.2001 0.10026 -0.0071665 0.32322 -0.0847 -0.047758 0.12398 0.37548
0.1128 0.096493 0.066897 0.12403 0.043941 -0.015069 -0.023707 0.01547 0.046332 0.098254 0.11053 0.084321 0.14454 0 -0.0080048 -0.026738 0.0060428 0.093129 -0.024073 0.13271 -0.040005 0.015906 0.010798 -0.018539 -0.025722 -0.017967 0.013825 -0.009824 0.032108 0.01783 -0.029568 -0.056238 0.0012071 0.061702 0.025558 -0.043425 -0.0084124 0.058237 0.063364 0.088202 0.068263 0.039537 0.057683 0.044055 0.052123 0.01902 -0.016512 0.082041 -0.039609 -0.010952 0.072834 0.12254 -0.015925 0.10632 0.0050536 0.016104 0.0040543 -0.020444 -0.00048972 -0.0091845 0.028473 -0.010484 0.031634 0.019992 -0.0076167 -0.028671 -0.0038042 0.070948 0.080156 -0.032735 0.059456 0.07228 0.068408 0.091693 0.088923 0.050686 0.07156 0.067385 0.094999 0.0080702 -0.01315 0.12035 -0.026097 -0.024771 0.063915 0.13554
0.0023149 -0.0015692 0.033907 0.0089082 -0.0028222 0.43023 0.16986 0.035062 0.071665 0.050703 -0.0081715 0.028862 0.010526 -0.0080048 0 0.20948 0.040705 0.069054 0.052704 0.039154 0.13248 0.088061 0.10806 0.22911 0.224 0.12862 0.3195 0.12423 0.093746 0.10509 0.30339 0.17701 0.2714 0.070455 -0.034054 -0.0065541 -0.040925 0.071194 0.075911 0.082985 0.056042 0.25405 0.23851 -0.016679 0.16094 0.074182 0.21443 -0.08272 0.046274 0.13198 0.098522 0.083074 0.041725 0.042392 0.059145 0.076571 0.10208 0.22477 0.1601 0.13189 0.29791 0.11122 0.061316 0.099009 0.26675 0.16062 0.27385 0.061235 -0.078054 -0.040645 -0.065174 0.059874 0.10254 0.066032 0.049284 0.24402 0.17536 -0.060254 0.10567 0.06629 0.20591 -0.080634 0.036051 0.14088 0.10165 0.079693
-0.094396 -0.093367 -0.029853 -0.01467 -0.026301 0.16343 0.24874 0.0025962 -0.021363 -0.052316 -0.1075 -0.029873 -0.0062989 -0.026738 0.20948 0 0.014667 -0.0053093 0.11534 -0.034684 0.041281 0.027313 0.071606 0.16586 0.043071 0.11658 -0.0074258 0.024905 0.018238 0.032847 0.13363 0.12489 0.092381 0.015187 0.007124 0.045012 0.048203 -0.047371 0.037391 -0.10741 0.066183 -0.0292 0.0062509 -0.10856 0.04195 0.029997 0.2011 -0.067206 0.042868 0.10683 0.014661 0.026763 0.10394 -0.036582 -0.023825 0.017157 0.040305 0.17557 -0.0093002 0.11561 -0.026355 0.021396 0.0010048 0.028321 0.097566 0.090407 0.097739 0.019276 -0.018908 -0.0065018 0.013593 -0.057551 0.054165 -0.12557 0.071154 -0.049205 -0.025509 -0.14192 -0.0099804 0.038849 0.20842 -0.087097 0.026738 0.13232 0.0050522 0.023718
0.041301 0.054283 0.11728 0.094439 0.021105 0.040787 -0.011301 0.10877 0.051917 0.03305 0.093567 0.14459 0.11525 0.0060428 0.040705 0.014667 0 0.067761 -0.023141 0.089703 -0.047223 0.03023 0.017095 -0.0033937 -0.015197 -0.033981 0.080172 0.031809 0.017262 0.03297 0.05708 -0.06565 0.010872 0.031258 -0.020194 -0.078997 -0.061255 0.04774 0.0054809 0.066856 -0.0049831 0.074753 0.12446 -0.011114 0.020393 0.0040609 0.012897 -0.027379 -0.013836 -0.013644 0.041085 0.061884 -0.01158 0.076416 -0.034569 0.030778 0.0090606 0.018846 -0.016738 -0.012769 0.070334 0.026873 0.02561 0.022756 0.04925 -0.033872 0.023706 0.035878 -0.009591 -0.10125 -0.023304 0.050754 -0.0038075 0.072624 0.00083472 0.075772 0.11483 0.018538 0.019827 0.0045852 0.022708 0.018461 -0.016726 -0.002798 0.046978 0.070448
0.26114 0.2079 0.15412 0.1468 0.060623 0.070106 -0.031267 0.064891 0.19622 0.22822 0.24965 0.15351 0.15677 0.093129 0.069054 -0.0053093 0.067761 0 -0.059311 0.16464 0.037001 0.053285 0.041664 0.01383 0.061442 0.033246 0.11929 0.024666 0.09092 0.09102 0.015751 -0.024773 0.07049 0.098141 0.027878 -0.051233 -0.0053444 0.16183 0.082194 0.18562 0.068075 0.156 0.13279 0.11687 0.082321 0.065515 0.011785 0.13689 -0.034743 0.027761 0.16365 0.19119 -0.0074686 0.1806 0.10417 0.064132 0.026651 0.01388 0.11213 0.0432 0.14808 0.027586 0.11633 0.081078 0.064431 0.022509 0.057776 0.11608 0.11951 0.014036 0.085252 0.17936 0.076762 0.20197 0.089017 0.19261 0.14006 0.15246 0.166 0.060053 0.023651 0.17545 0.0020635 0.0029625 0.13439 0.2146
-0.15095 -0.1043 -0.03053 -0.051854 -0.015386 0.067456 0.15162 -0.035111 -0.046047 -0.06875 -0.18603 -0.071259 -0.055877 -0.024073 0.052704 0.11534 -0.023141 -0.059311 0 -0.04105 0.23226 0.041947 0.044005 0.25518 0.19881 0.26746 -0.16476 0.084512 0.078188 0.071531 0.013029 0.56424 0.0028375 -0.01301 0.49965 0.23304 0.54895 -0.030495 0.066852 -0.096812 0.16764 -0.065261 -0.13754 0.014678 0.1954 0.084775 0.72489 0.25057 0.114 0.15974 0.16875 0.12283 0.65261 -0.047393 0.04253 0.02464 0.021812 0.2142 0.024259 0.18905 -0.20265 0.08838 0.012378 0.062566 -0.061268 0.32035 0.023107 0.001801 0.22676 0.15848 0.2623 -0.06635 0.1062 -0.1667 0.12583 -0.13854 -0.11981 -0.097966 0.029408 0.057525 0.6096 0.048839 0.055965 0.16486 0.16968 0.089735
0.23225 0.2575 0.20148 0.29524 0.10564 0.042748 -0.041923 0.090608 0.16259 0.22766 0.2878 0.20693 0.27022 0.13271 0.039154 -0.034684 0.089703 0.16464 -0.04105 0 -0.11621 0.18086 0.052044 0.028246 -0.10825 -0.014492 0.013034 0.041247 0.2064 0.20163 -0.092078 -0.27133 0.010128 0.39998 0.19928 -0.22102 0.0081599 0.29329 0.33247 0.4164 0.40319 0.099109 0.2782 0.2584 0.31972 0.27655 0.048841 0.37193 -0.12922 -0.04323 0.28617 0.56354 0.019161 0.5849 -0.098251 0.19279 0.010361 0.015129 -0.10021 0.012443 0.062158 0.047284 0.18511 0.17421 -0.040176 -0.23757 0.030478 0.377 0.30441 -0.23922 0.12319 0.29415 0.28667 0.44173 0.40343 0.16972 0.27521 0.24906 0.29833 0.23029 0.051394 0.47138 -0.15744 -0.081069 0.24004 0.55667
0.068231 0.047376 0.11951 -0.027611 0.00055697 0.14467 0.046794 -0.058383 0.0079946 0.26311 -0.012622 0.066693 -0.03354 -0.040005 0.13248 0.041281 -0.047223 0.037001 0.23226 -0.11621 0 -0.14108 0.06687 0.18175 0.72451 0.56233 0.19802 -0.063563 0.27579 -0.089531 0.11066 0.4861 0.16188 -0.083857 0.54921 0.47014 0.54106 -0.12458 -0.014544 0.10982 0.1187 0.31844 -0.045339 0.70348 0.41527 0.39 0.057789 0.46771 0.02842 0.0084378 -0.016539 -0.045621 0.036934 -0.11795 0.65538 -0.19281 0.061346 0.10588 0.53465 0.30654 0.064982 -0.021408 0.093905 -0.084623 0.05363 0.31748 0.11786 -0.074388 0.25331 0.37113 0.20117 -0.12804 -0.0046131 -0.010641 0.044301 0.16072 -0.11845 0.284 0.097512 0.17111 0.043293 0.089663 0.076287 0.021522 -0.0057157 -0.10218
-0.027989 0.089652 0.0027445 0.03524 0.00313 0.10283 0.028235 0.024277 0.066761 -0.00062353 0.072691 -0.025602 0.033967 0.015906 0.088061 0.027313 0.03023 0.053285 0.041947 0.18086 -0.14108 0 0.020655 0.32698 0.052467 -0.13444 0.1309 0.26399 0.041419 0.91489 0.012791 -0.14647 0.15394 0.36766 -0.063861 -0.18051 -0.13284 0.87386 0.31984 0.093878 0.30116 0.28706 0.077787 -0.019069 0.088667 0.63385 0.19424 0.034318 -0.031615 0.016065 0.21306 0.24671 0.083979 0.16778 -0.23219 0.97184 0.0067042 0.36909 -0.058035 -0.078614 0.1622 0.32503 -0.0066096 0.9043 -0.0091945 -0.18293 0.16217 0.34433 -0.085424 -0.24824 -0.13888 0.83459 0.36741 0.088672 0.31785 0.31851 0.089123 -0.074902 0.010504 0.5819 0.1768 0.077433 -0.071306 0.01652 0.18034 0.22503
0.024415 0.020362 0.012949 0.012732 0.011493 0.13445 0.074333 0.0002483 0.017802 0.04938 0.016429 -0.005899 0.016178 0.010798 0.10806 0.071606 0.017095 0.041664 0.044005 0.052044 0.06687 0.020655 0 0.15963 0.11035 0.14098 0.058978 0.036446 0.096552 0.044534 0.091533 0.10654 0.097671 0.032883 0.065962 0.040423 0.069014 0.027624 0.048538 0.042971 0.057493 0.046109 0.059241 0.043837 0.070731 0.089605 0.10901 0.063876 0.031135 0.10418 0.051061 0.10215 0.019789 0.024461 0.037416 0.0097411 0.054234 0.13118 0.075489 0.1133 0.058846 0.028944 0.060084 0.043051 0.083888 0.074451 0.083433 0.010311 0.05484 0.015416 0.043499 0.018727 0.037874 0.035101 0.049941 0.060324 0.033067 -0.00401 0.048876 0.076191 0.080267 0.038115 0.018511 0.051195 0.030723 0.091208
-0.051113 -0.0468 -0.033165 -0.016792 -0.0094519 0.21943 0.17504 -0.0078392 0.0055747 -0.075867 -0.062547 -0.050635 -0.020904 -0.018539 0.22911 0.16586 -0.0033937 0.01383 0.25518 0.028246 0.18175 0.32698 0.15963 0 0.31775 0.35065 0.075444 0.54161 0.1069 0.51307 0.17024 0.20011 0.32778 0.10501 0.13471 0.045878 0.099827 0.28773 0.10024 -0.044586 0.14979 0.10628 0.044689 -0.0097737 0.099753 0.50039 0.34075 0.018045 0.065424 0.14868 0.124 0.14539 0.24119 0.048238 0.057365 0.2977 0.10717 0.80402 0.19635 0.34827 0.07756 0.50169 0.080467 0.50977 0.13324 0.19062 0.34388 0.11726 0.12069 -0.018614 0.13966 0.2122 0.15176 -0.033315 0.18641 0.15108 0.041956 -0.062311 0.064599 0.50025 0.27585 0.0067426 0.043732 0.13578 0.096556 0.10836
0.06959 0.069246 0.039266 -0.080475 -0.017234 0.2402 0.065132 -0.04205 0.033805 0.22294 0.019193 0.0074916 -0.0839 -0.025722 0.224 0.043071 -0.015197 0.061442 0.19881 -0.10825 0.72451 0.052467 0.11035 0.31775 0 0.51954 0.5345 0.06525 0.18241 0.10405 0.30757 0.6298 0.40862 -0.025885 0.2503 0.36206 0.25409 0.015516 -0.060333 0.21731 -0.09546 0.70374 0.11571 0.53921 0.37907 0.38382 0.092784 0.2605 0.15529 0.10414 0.0093232 -0.074392 0.041747 -0.12098 0.50645 -0.025901 0.067569 0.22535 0.75189 0.31002 0.41437 0.069191 0.046041 0.090592 0.25627 0.51858 0.32809 -0.03333 0.059038 0.24151 0.076903 -0.0010768 -0.063748 0.072039 -0.11947 0.52483 0.038791 0.17153 0.16796 0.17657 0.064701 0.0020178 0.20944 0.12866 0.020227 -0.12179
0.1441 0.048681 0.051078 0.017436 0.0036754 0.12404 0.12843 -0.021681 0.010787 0.23533 -0.013028 0.0335 0.0039039 -0.017967 0.12862 0.11658 -0.033981 0.033246 0.26746 -0.014492 0.56233 -0.13444 0.14098 0.35065 0.51954 0 -0.0099037 0.088192 0.24966 -0.075783 0.065239 0.45251 0.11635 -0.030805 0.44009 0.39314 0.47335 -0.11884 0.022066 0.037884 0.13962 -0.01731 -0.078904 0.40318 0.22499 0.38646 0.17184 0.43972 0.018123 0.12007 -0.0019483 0.099328 0.12565 -0.014222 0.33765 -0.16608 0.089456 0.25868 0.33194 0.55706 -0.10246 0.053952 0.14045 -0.073427 -0.010832 0.30344 0.053966 -0.044207 0.26838 0.25868 0.3135 -0.13756 2.3199e-05 -0.0042946 0.073757 -0.053039 -0.1071 0.1347 0.033013 0.26722 0.12689 0.21228 0.037986 0.084672 0.004618 0.046227
0.095195 0.14244 0.085199 0.011358 -0.0062706 0.3362 -0.00068631 0.05651 0.12702 0.14589 0.1448 0.084326 -0.00023715 0.013825 0.3195 -0.0074258 0.080172 0.11929 -0.16476 0.013034 0.19802 0.1309 0.058978 0.075444 0.5345 -0.0099037 0 0.024368 0.045988 0.12387 0.49843 0.21998 0.38528 0.082384 -0.22201 -0.038968 -0.24066 0.15008 0.048303 0.41347 -0.1302 0.81287 0.4609 0.10332 0.26018 -0.0069341 -0.0043479 -0.14809 0.13503 0.04667 0.12239 -0.024865 -0.15035 0.011321 0.083482 0.089635 0.058797 0.061629 0.34857 -0.046678 0.76341 0.051252 -0.025736 0.11134 0.45756 0.21887 0.3092 0.062691 -0.29975 -0.10857 -0.2627 0.17508 0.055993 0.27988 -0.12631 0.71015 0.33343 -0.038741 0.18488 -0.10136 0.011355 -0.19569 0.12256 0.061762 0.099537 -0.051316
0.027715 0.077221 0.0044694 0.025874 -0.0089868 0.12628 0.068305 0.018385 0.021283 -0.060649 0.0649 0.016501 0.050571 -0.009824 0.12423 0.024905 0.031809 0.024666 0.084512 0.041247 -0.063563 0.26399 0.036446 0.54161 0.06525 0.088192 0.024368 0 0.055841 0.42779 0.099678 0.022229 0.05214 0.063878 0.0029419 -0.011285 0.011833 0.34481 0.029574 0.035058 0.083395 -0.014405 0.076057 -0.090757 -0.017317 0.3114 0.17947 -0.10127 0.015003 0.053228 0.12884 0.12463 0.15223 0.081021 -0.043929 0.27018 0.029467 0.55624 0.028732 0.16903 0.02884 0.95012 0.091161 0.36009 0.073528 0.063588 0.084449 0.066839 0.10548 -0.012982 0.10637 0.33411 0.10603 0.045182 0.15582 0.030432 0.076806 -0.048192 0.024307 0.37541 0.14795 0.02808 0.029301 0.047911 0.10504 0.13278
0.1878 0.14358 0.18989 0.14653 0.069589 0.087899 0.017046 0.025089 0.077407 0.20252 0.12604 0.18513 0.13407 0.032108 0.093746 0.018238 0.017262 0.09092 0.078188 0.2064 0.27579 0.041419 0.096552 0.1069 0.18241 0.24966 0.045988 0.055841 0 0.05545 0.057782 0.085459 0.059868 0.072026 0.42116 0.28998 0.46372 0.09738 0.037317 0.26118 0.12634 0.097662 0.20292 0.43634 0.29154 0.19498 0.069869 0.39853 -0.034564 0.052649 0.13071 0.32495 0.083222 0.19631 0.22809 0.023405 0.054204 0.075479 0.1604 0.16602 0.00083085 0.053517 0.39564 0.044593 0.052741 0.071285 0.020672 0.047523 0.36516 0.23119 0.42432 0.088091 0.038717 0.19887 0.11043 0.078639 0.15729 0.26959 0.22486 0.092898 0.064731 0.27984 0.0042545 -0.00043372 0.1194 0.30744
-0.0031803 0.12861 0.024685 0.049786 0.0070605 0.12691 0.038469 0.012591 0.094804 0.0059067 0.11152 0.0029114 0.04547 0.01783 0.10509 0.032847 0.03297 0.09102 0.071531 0.20163 -0.089531 0.91489 0.044534 0.51307 0.10405 -0.075783 0.12387 0.42779 0.05545 0 0.03191 -0.12705 0.21674 0.37725 -0.024262 -0.16314 -0.0754 0.91089 0.34583 0.11484 0.30348 0.24832 0.086367 -0.011279 0.084751 0.65396 0.22189 0.072337 -0.020183 0.013003 0.2795 0.28675 0.090503 0.18083 -0.16228 0.90568 0.015383 0.52005 0.0040529 0.0017186 0.15967 0.46607 0.037003 0.923 0.0052798 -0.13483 0.22909 0.34568 0.0030167 -0.20397 -0.051996 0.8705 0.38615 0.12023 0.32785 0.30519 0.092429 -0.051229 0.036534 0.62382 0.19389 0.15082 -0.048101 0.0013241 0.24038 0.26485
-0.15234 -0.030463 -0.0038995 -0.026965 -0.027677 0.29679 0.16165 0.068144 0.020611 -0.019086 -0.060208 -0.043781 -0.063845 -0.029568 0.30339 0.13363 0.05708 0.015751 0.013029 -0.092078 0.11066 0.012791 0.091533 0.17024 0.30757 0.065239 0.49843 0.099678 0.057782 0.03191 0 0.37086 0.27077 -0.016017 -0.16373 0.082618 -0.097522 -0.0038942 0.014156 -0.016031 -0.071376 0.39556 0.39237 -0.20728 0.26199 -0.095942 0.18703 -0.29605 0.27679 0.17936 0.031745 -0.079882 -0.041491 -0.11627 -0.13963 -0.0011206 0.038159 0.17788 0.069284 0.014275 0.36932 0.12428 -0.086868 0.028325 0.55185 0.24133 0.22099 -0.022229 -0.34299 -0.093015 -0.26697 -0.016939 0.034782 -0.11907 -0.093138 0.22425 0.22473 -0.38236 0.040664 -0.12112 0.15201 -0.35763 0.21733 0.16701 0.027179 -0.11844
-0.10486 -0.10503 -0.068095 -0.15288 -0.032658 0.2073 0.16441 -0.056914 -0.051312 0.057605 -0.18426 -0.12813 -0.16127 -0.056238 0.17701 0.12489 -0.06565 -0.024773 0.56424 -0.27133 0.4861 -0.14647 0.10654 0.20011 0.6298 0.45251 0.21998 0.022229 0.085459 -0.12705 0.37086 0 0.15205 -0.20209 0.21704 0.58471 0.3683 -0.19884 -0.1194 -0.079886 -0.14029 0.25952 -0.0055426 0.045462 0.3613 -0.10526 0.3784 0.12023 0.30974 0.27949 -0.074929 -0.19356 0.24313 -0.2822 0.19792 -0.19512 0.07313 0.14776 0.32372 0.27654 0.058088 0.032758 -0.056583 -0.11031 0.19975 0.73992 0.090287 -0.1894 -0.10895 0.38869 -0.003646 -0.22298 -0.10122 -0.21802 -0.18623 0.0024522 -0.10509 -0.23369 0.060774 -0.14257 0.2749 -0.21251 0.31673 0.2688 -0.054368 -0.21892
0.013634 0.015247 -0.021942 -0.018943 -0.0092835 0.2734 0.068999 0.02407 0.065468 0.043004 0.013986 -0.027123 -0.019556 0.0012071 0.2714 0.092381 0.010872 0.07049 0.0028375 0.010128 0.16188 0.15394 0.097671 0.32778 0.40862 0.11635 0.38528 0.05214 0.059868 0.21674 0.27077 0.15205 0 0.10469 -0.043986 -0.02216 -0.071467 0.13111 0.058767 0.069006 -0.022454 0.43971 0.21004 0.068863 0.14894 0.14243 0.14707 -0.058201 0.052649 0.092671 0.094355 0.045925 0.035619 0.0046928 0.11916 0.11908 0.070403 0.27976 0.30438 0.10863 0.37734 0.057869 0.015237 0.21197 0.27163 0.18297 0.4378 0.084322 -0.072717 -0.024189 -0.041019 0.10832 0.042765 0.050053 -0.018261 0.41316 0.15592 -0.004789 0.13511 0.08334 0.1395 -0.074754 0.081092 0.1022 0.066727 0.005308
0.12917 0.1796 0.059686 0.19751 0.026033 0.072091 0.012707 0.047113 0.12347 0.19798 0.13027 0.043365 0.16656 0.061702 0.070455 0.015187 0.031258 0.098141 -0.01301 0.39998 -0.083857 0.36766 0.032883 0.10501 -0.025885 -0.030805 0.082384 0.063878 0.072026 0.37725 -0.016017 -0.20209 0.10469 0 0.13675 -0.21146 -0.0027706 0.43715 0.52163 0.2821 0.5904 0.21656 0.10292 0.16257 0.32107 0.38163 0.163 0.34737 -0.070774 -0.013736 0.3708 0.49097 0.02634 0.35572 -0.099637 0.34751 0.0023648 0.088779 -0.060654 -0.033523 0.10949 0.055379 0.047148 0.34227 -0.025739 -0.21148 0.13626 0.77241 0.18555 -0.22533 0.070301 0.41644 0.44424 0.33582 0.52769 0.27243 0.093951 0.14657 0.26168 0.30945 0.15965 0.41328 -0.10063 -0.036997 0.32739 0.46183
0.095854 0.11202 0.22694 0.1761 0.069713 -0.029889 0.02225 -0.025087 0.037825 0.22827 0.032824 0.1933 0.14616 0.025558 -0.034054 0.007124 -0.020194 0.027878 0.49965 0.19928 0.54921 -0.063861 0.065962 0.13471 0.2503 0.44009 -0.22201 0.0029419 0.42116 -0.024262 -0.16373 0.21704 -0.043986 0.13675 0 0.39042 0.84169 0.012189 0.10161 0.098997 0.37306 -0.07934 -0.10868 0.56004 0.4967 0.31051 0.24337 0.67367 -0.053125 0.012209 0.12583 0.3735 0.26391 0.19108 0.34507 -0.080906 0.02544 0.068303 0.13625 0.21298 -0.28196 0.0021143 0.28237 -0.026898 -0.19639 0.052463 -0.047203 0.11496 0.66184 0.2622 0.59878 -0.0095831 0.091364 0.035905 0.31094 -0.13604 -0.11191 0.24003 0.25252 0.19252 0.18824 0.45405 -0.048865 -0.02831 0.12623 0.32704
-0.061084 -0.066318 -0.01133 -0.090935 0.0045335 0.024792 0.079262 -0.082835 -0.059723 0.096996 -0.14279 -0.047626 -0.10599 -0.043425 -0.0065541 0.045012 -0.078997 -0.051233 0.23304 -0.22102 0.47014 -0.18051 0.040423 0.045878 0.36206 0.39314 -0.038968 -0.011285 0.28998 -0.16314 0.082618 0.58471 -0.02216 -0.21146 0.39042 0 0.61388 -0.16592 -0.14115 -0.12334 -0.073625 -0.078134 -0.16852 0.19762 0.21801 -0.073335 0.025794 0.20435 0.14896 0.086351 -0.080011 -0.12014 -0.0068843 -0.2285 0.19509 -0.1951 0.041453 0.014741 0.11969 0.17659 -0.19679 -0.0082591 0.10706 -0.15498 -0.024757 0.26586 -0.037422 -0.19401 0.083811 0.55699 0.21438 -0.17965 -0.11002 -0.22615 -0.10187 -0.28202 -0.2379 -0.13286 -0.098074 -0.1367 -0.0089807 -0.066201 0.12192 0.073007 -0.066489 -0.13302
0.018423 0.01033 0.13497 0.061783 0.05106 -0.019925 0.069718 -0.074582 -0.013309 0.18884 -0.059169 0.11044 0.047669 -0.0084124 -0.040925 0.048203 -0.061255 -0.0053444 0.54895 0.0081599 0.54106 -0.13284 0.069014 0.099827 0.25409 0.47335 -0.24066 0.011833 0.46372 -0.0754 -0.097522 0.3683 -0.071467 -0.0027706 0.84169 0.61388 0 -0.074106 -0.020389 -0.03561 0.24424 -0.2099 -0.20442 0.41925 0.34284 0.17545 0.22135 0.55926 0.037795 0.037255 0.015232 0.19446 0.27203 -0.028801 0.3016 -0.14298 0.047497 0.039109 0.032744 0.24435 -0.33288 0.01489 0.27755 -0.084725 -0.17165 0.10678 -0.081025 -0.015525 0.50309 0.46745 0.59417 -0.091946 0.0096634 -0.12527 0.15875 -0.3109 -0.22039 0.086112 0.019613 0.075627 0.15491 0.24704 -0.023988 0.00074236 0.036856 0.15869
0.10717 0.22614 0.088633 0.12665 0.049243 0.089173 -0.012063 0.048062 0.16756 0.11728 0.23192 0.086449 0.1262 0.058237 0.071194 -0.047371 0.04774 0.16183 -0.030495 0.29329 -0.12458 0.87386 0.027624 0.28773 0.015516 -0.11884 0.15008 0.34481 0.09738 0.91089 -0.0038942 -0.19884 0.13111 0.43715 0.012189 -0.16592 -0.074106 0 0.42574 0.23838 0.38411 0.28278 0.12662 0.033585 0.1158 0.56821 0.11332 0.15435 -0.058561 -0.023734 0.32646 0.37455 -0.0038379 0.28224 -0.15556 0.83654 0.007264 0.30032 -0.033215 -0.055531 0.1897 0.40741 0.087926 0.86894 -0.0023673 -0.19378 0.14083 0.40904 0.050036 -0.18281 -0.028034 0.96384 0.45758 0.25575 0.41413 0.33229 0.14406 0.037361 0.09324 0.53484 0.093702 0.28286 -0.068394 -0.049621 0.29359 0.36851
0.066498 0.13803 0.01395 0.18943 0.074784 0.090161 0.051597 0.022098 0.097934 0.26438 0.060356 0.010021 0.1154 0.063364 0.075911 0.037391 0.0054809 0.082194 0.066852 0.33247 -0.014544 0.31984 0.048538 0.10024 -0.060333 0.022066 0.048303 0.029574 0.037317 0.34583 0.014156 -0.1194 0.058767 0.52163 0.10161 -0.14115 -0.020389 0.42574 0 0.11072 0.88912 0.099797 0.022348 0.075296 0.32242 0.42974 0.3072 0.41102 -0.016125 0.036998 0.49386 0.60695 0.046526 0.29137 -0.15901 0.29258 0.0025716 0.082663 -0.14136 -0.035125 0.02612 0.019512 -0.01581 0.31292 -0.024235 -0.20231 0.078026 0.47307 0.080703 -0.22401 -0.077443 0.38925 0.89252 0.14283 0.78329 0.10582 0.00047478 -0.02953 0.16053 0.33656 0.25557 0.39548 -0.095458 -0.019738 0.40912 0.50581
0.36368 0.33175 0.20395 0.21347 0.091844 0.097128 -0.12316 0.071009 0.1909 0.31103 0.34399 0.22447 0.22247 0.088202 0.082985 -0.10741 0.066856 0.18562 -0.096812 0.4164 0.10982 0.093878 0.042971 -0.044586 0.21731 0.037884 0.41347 0.035058 0.26118 0.11484 -0.016031 -0.079886 0.069006 0.2821 0.098997 -0.12334 -0.03561 0.23838 0.11072 0 0.09538 0.54079 0.36427 0.44481 0.29276 0.18794 -0.084618 0.36559 -0.077606 -0.051935 0.19481 0.35098 -0.0759 0.38356 0.17181 0.097487 0.043174 -0.051626 0.26393 0.066517 0.41926 0.039539 0.24242 0.074639 0.087305 0.014364 0.037163 0.23176 0.18664 -0.075738 0.10991 0.25818 0.088709 0.68973 0.12433 0.5207 0.33184 0.44391 0.34221 0.090748 -0.058151 0.38402 -0.08572 -0.084711 0.18623 0.36577
0.079992 0.12338 0.082565 0.28098 0.091148 0.055156 0.065136 0.01471 0.075194 0.2759 0.072832 0.065405 0.21775 0.068263 0.056042 0.066183 -0.0049831 0.068075 0.16764 0.40319 0.1187 0.30116 0.057493 0.14979 -0.09546 0.13962 -0.1302 0.083395 0.12634 0.30348 -0.071376 -0.14029 -0.022454 0.5904 0.37306 -0.073625 0.24424 0.38411 0.88912 0.09538 0 -0.065075 -0.028738 0.15284 0.48043 0.51532 0.31176 0.54445 -0.055167 0.012656 0.42369 0.63628 0.12479 0.3551 -0.075021 0.27288 0.0027571 0.12626 -0.19925 0.029458 -0.13967 0.083155 0.075711 0.28485 -0.11954 -0.2416 0.03473 0.56018 0.3212 -0.18686 0.11232 0.35355 0.81546 0.12911 0.90818 -0.016632 -0.040556 0.041964 0.27889 0.45301 0.25939 0.49293 -0.12168 -0.035227 0.34115 0.55545
0.18493 0.19406 0.090895 0.041739 0.011444 0.26856 -0.035036 0.046929 0.15235 0.23696 0.19562 0.069394 0.02708 0.039537 0.25405 -0.0292 0.074753 0.156 -0.065261 0.099109 0.31844 0.28706 0.046109 0.10628 0.70374 -0.01731 0.81287 -0.014405 0.097662 0.24832 0.39556 0.25952 0.43971 0.21656 -0.07934 -0.078134 -0.2099 0.28278 0.099797 0.54079 -0.065075 0 0.43163 0.33161 0.38061 0.17961 0.031427 0.086984 0.12894 0.046279 0.12829 0.064638 -0.04812 0.080953 0.21195 0.23603 0.055454 0.094577 0.54502 -0.01746 0.77241 0.057314 0.0015562 0.23436 0.39096 0.31343 0.36206 0.16947 -0.18248 -0.10689 -0.21185 0.29068 0.082868 0.41397 -0.063568 0.91971 0.34694 0.15638 0.33001 0.025154 0.054633 0.0061486 0.15431 0.076268 0.12952 0.033265
0.091601 0.15813 0.17299 0.13081 0.056227 0.22765 -0.00099866 0.12082 0.13449 0.082704 0.1858 0.1729 0.11542 0.057683 0.23851 0.0062509 0.12446 0.13279 -0.13754 0.2782 -0.045339 0.077787 0.059241 0.044689 0.11571 -0.078904 0.4609 0.076057 0.20292 0.086367 0.39237 -0.0055426 0.21004 0.10292 -0.10868 -0.16852 -0.20442 0.12662 0.022348 0.36427 -0.028738 0.43163 0 0.056012 0.35049 -0.031732 0.034458 -0.059877 0.046458 0.039858 0.1548 0.1832 -0.089516 0.26234 -0.058806 0.066377 0.046343 0.036394 0.059077 -0.048782 0.42742 0.082294 0.14553 0.065387 0.41679 0.070642 0.15873 0.087616 -0.10039 -0.17461 -0.10695 0.12367 0.014605 0.31109 -0.012291 0.38285 0.57216 0.035728 0.32534 -0.076949 0.063102 -0.017071 0.038643 0.047187 0.13706 0.17495
0.36364 0.21674 0.25025 0.15834 0.070513 0.001757 -0.12581 0.00032203 0.10286 0.45705 0.19681 0.22638 0.13517 0.044055 -0.016679 -0.10856 -0.011114 0.11687 0.014678 0.2584 0.70348 -0.019069 0.043837 -0.0097737 0.53921 0.40318 0.10332 -0.090757 0.43634 -0.011279 -0.20728 0.045462 0.068863 0.16257 0.56004 0.19762 0.41925 0.033585 0.075296 0.44481 0.15284 0.33161 0.056012 0 0.46659 0.437 -0.11651 0.67821 -0.12657 -0.090098 0.081378 0.26156 -0.010775 0.21814 0.55147 -0.041856 0.035241 -0.046424 0.4603 0.22807 0.052429 -0.071197 0.28068 -0.029081 -0.14141 0.083577 0.025646 0.13078 0.43857 0.19835 0.31121 0.045549 0.019644 0.37669 0.11798 0.30221 0.036634 0.70906 0.28217 0.22921 -0.084863 0.45745 -0.088326 -0.12634 0.078356 0.20477
0.040252 0.16379 0.20113 0.16538 0.066112 0.17508 0.057512 0.012679 0.077933 0.2781 0.079654 0.12188 0.12519 0.052123 0.16094 0.04195 0.020393 0.082321 0.1954 0.31972 0.41527 0.088667 0.070731 0.099753 0.37907 0.22499 0.26018 -0.017317 0.29154 0.084751 0.26199 0.3613 0.14894 0.32107 0.4967 0.21801 0.34284 0.1158 0.32242 0.29276 0.48043 0.38061 0.35049 0.46659 0 0.30295 0.16855 0.48927 0.1162 0.060856 0.19407 0.30682 0.041095 0.24044 0.12135 0.036319 0.047759 0.063147 0.074871 0.091268 0.11865 0.0081931 0.055642 0.075012 0.13325 0.11225 0.12787 0.31147 0.1704 -0.036031 0.048146 0.09293 0.27002 0.15907 0.39235 0.1654 0.17486 0.041987 0.52571 0.1669 0.16514 0.21395 0.090185 0.050191 0.17475 0.24688
0.18673 0.13248 0.066232 0.12022 0.017165 0.081567 0.027809 0.010104 0.059018 0.25749 0.098536 0.081232 0.10604 0.01902 0.074182 0.029997 0.0040609 0.065515 0.084775 0.27655 0.39 0.63385 0.089605 0.50039 0.38382 0.38646 -0.0069341 0.3114 0.19498 0.65396 -0.095942 -0.10526 0.14243 0.38163 0.31051 -0.073335 0.17545 0.56821 0.42974 0.18794 0.51532 0.17961 -0.031732 0.437 0.30295 0 0.092644 0.52501 -0.066327 -0.014307 0.18754 0.37608 0.066789 0.25864 0.19991 0.59389 0.048332 0.45136 0.22038 0.31475 0.039431 0.27455 0.13296 0.6543 -0.09306 -0.12253 0.15059 0.34859 0.32468 -0.10265 0.17778 0.55285 0.37097 0.20365 0.46958 0.27676 -0.013664 0.26654 0.17926 0.93475 0.044678 0.45047 -0.073129 -0.041 0.1669 0.32886
-0.17516 -0.10905 -0.072192 -0.024441 0.0073368 0.21661 0.23135 0.0042355 -0.0017085 -0.13139 -0.16231 -0.097092 -0.04725 -0.016512 0.21443 0.2011 0.012897 0.011785 0.72489 0.048841 0.057789 0.19424 0.10901 0.34075 0.092784 0.17184 -0.0043479 0.17947 0.069869 0.22189 0.18703 0.3784 0.14707 0.163 0.24337 0.025794 0.22135 0.11332 0.3072 -0.084618 0.31176 0.031427 0.034458 -0.11651 0.16855 0.092644 0 0.10592 0.075561 0.2256 0.56609 0.31048 0.5836 0.046691 -0.076689 0.16081 0.07353 0.32821 -0.04171 0.094626 -0.051772 0.15512 0.019027 0.20548 0.1122 0.20403 0.15851 0.19907 0.11011 -0.050406 0.070892 0.048053 0.33694 -0.094678 0.30559 0.0089006 0.038842 -0.18223 0.074217 0.11388 0.84799 0.053585 0.037461 0.2069 0.46656 0.25766
0.35444 0.23812 0.18839 0.24774 0.10862 -0.069327 -0.063532 -0.00043068 0.11582 0.39756 0.22206 0.18528 0.22613 0.082041 -0.08272 -0.067206 -0.027379 0.13689 0.25057 0.37193 0.46771 0.034318 0.063876 0.018045 0.2605 0.43972 -0.14809 -0.10127 0.39853 0.072337 -0.29605 0.12023 -0.058201 0.34737 0.67367 0.20435 0.55926 0.15435 0.41102 0.36559 0.54445 0.086984 -0.059877 0.67821 0.48927 0.52501 0.10592 0 -0.086841 -0.041628 0.28453 0.57124 0.1847 0.35882 0.38693 0.024422 0.023193 -0.045673 0.29576 0.28823 -0.14448 -0.073101 0.32053 0.052275 -0.26808 0.11621 -0.053194 0.29015 0.62125 0.22508 0.50386 0.15432 0.30474 0.32945 0.47302 0.1366 -0.032009 0.51221 0.4001 0.37842 0.084148 0.82456 -0.071203 -0.08259 0.22566 0.50894
-0.10174 -0.048463 -0.052129 -0.068316 -0.028522 0.057551 0.045875 -0.0036767 -0.029073 -0.020342 -0.086546 -0.082102 -0.084559 -0.039609 0.046274 0.042868 -0.013836 -0.034743 0.114 -0.12922 0.02842 -0.031615 0.031135 0.065424 0.15529 0.018123 0.13503 0.015003 -0.034564 -0.020183 0.27679 0.30974 0.052649 -0.070774 -0.053125 0.14896 0.037795 -0.058561 -0.016125 -0.077606 -0.055167 0.12894 0.046458 -0.12657 0.1162 -0.066327 0.075561 -0.086841 0 0.095447 -0.07158 -0.12894 0.038583 -0.14722 -0.097991 -0.026938 0.0084807 0.059232 -0.011851 0.012818 0.065615 0.027529 -0.098859 -0.018127 0.15578 0.19815 0.033934 -0.059449 -0.17069 0.053354 -0.12592 -0.053966 0.0013075 -0.16034 -0.077366 0.0063763 -0.0056459 -0.26357 -0.014127 -0.052283 0.062368 -0.19606 0.21443 0.090141 -0.040188 -0.14612
-0.063103 -0.053385 -0.045467 -0.018472 -0.020732 0.1497 0.13289 0.0012821 -0.019356 -0.0041118 -0.074551 -0.065125 -0.045426 -0.010952 0.13198 0.10683 -0.013644 0.027761 0.15974 -0.04323 0.0084378 0.016065 0.10418 0.14868 0.10414 0.12007 0.04667 0.053228 0.052649 0.013003 0.17936 0.27949 0.092671 -0.013736 0.012209 0.086351 0.037255 -0.023734 0.036998 -0.051935 0.012656 0.046279 0.039858 -0.090098 0.060856 -0.014307 0.2256 -0.041628 0.095447 0 0.032076 0.02391 0.094693 -0.065006 -0.055303 0.0058499 0.041256 0.12318 0.018011 0.091458 0.027076 0.046279 -0.0252 0.027967 0.13373 0.20648 0.066256 -0.015826 -0.041854 0.0241 -0.026333 -0.033536 0.023652 -0.091117 -0.0090066 0.0094162 0.0061419 -0.14724 0.029405 -0.016384 0.19229 -0.084108 0.10366 0.1684 0.016525 0.0070513
0.02763 0.16228 0.068117 0.12695 0.061023 0.11739 0.016067 0.043046 0.11998 0.030678 0.16214 0.062854 0.11924 0.072834 0.098522 0.014661 0.041085 0.16365 0.16875 0.28617 -0.016539 0.21306 0.051061 0.124 0.0093232 -0.0019483 0.12239 0.12884 0.13071 0.2795 0.031745 -0.074929 0.094355 0.3708 0.12583 -0.080011 0.015232 0.32646 0.49386 0.19481 0.42369 0.12829 0.1548 0.081378 0.19407 0.18754 0.56609 0.28453 -0.07158 0.032076 0 0.49929 0.22867 0.29252 -0.001666 0.21239 0.039983 0.13403 0.021846 -0.006325 0.10534 0.11819 0.13239 0.2512 0.052603 -0.052719 0.11248 0.35986 0.18157 -0.081393 0.088935 0.29882 0.45738 0.23783 0.41545 0.17746 0.16144 0.078497 0.20327 0.17704 0.5358 0.35878 -0.04337 -0.0023747 0.6465 0.45747
0.22787 0.28801 0.18483 0.34791 0.14223 0.082279 0.026716 0.087252 0.18212 0.2268 0.28063 0.19204 0.31713 0.12254 0.083074 0.026763 0.061884 0.19119 0.12283 0.56354 -0.045621 0.24671 0.10215 0.14539 -0.074392 0.099328 -0.024865 0.12463 0.32495 0.28675 -0.079882 -0.19356 0.045925 0.49097 0.3735 -0.12014 0.19446 0.37455 0.60695 0.35098 0.63628 0.064638 0.1832 0.26156 0.30682 0.37608 0.31048 0.57124 -0.12894 0.02391 0.49929 0 0.15354 0.53745 -0.0090413 0.24097 0.054879 0.10279 -0.032614 0.073617 0.011821 0.12482 0.32045 0.25698 -0.051915 -0.14897 0.060281 0.46095 0.48595 -0.091263 0.32867 0.36542 0.53146 0.4019 0.60952 0.1687 0.19916 0.26524 0.33841 0.33121 0.27607 0.6444 -0.12751 -0.032634 0.40988 0.7665
-0.041019 -0.11721 -0.027592 -0.017618 -0.0074239 0.034183 0.091687 -0.021401 -0.034319 -0.14845 -0.13948 -0.025115 0.0073052 -0.015925 0.041725 0.10394 -0.01158 -0.0074686 0.65261 0.019161 0.036934 0.083979 0.019789 0.24119 0.041747 0.12565 -0.15035 0.15223 0.083222 0.090503 -0.041491 0.24313 0.035619 0.02634 0.26391 -0.0068843 0.27203 -0.0038379 0.046526 -0.0759 0.12479 -0.04812 -0.089516 -0.010775 0.041095 0.066789 0.5836 0.1847 0.038583 0.094693 0.22867 0.15354 0 0.033584 0.17556 0.090236 0.035081 0.27391 0.16369 0.20149 -0.14729 0.10049 0.11501 0.084957 -0.031069 0.41271 0.040963 0.044128 0.3961 0.15395 0.44678 -0.036349 0.08972 -0.042176 0.17468 0.016007 -0.041089 0.027497 0.23499 0.067844 0.70923 0.18705 0.053537 0.16768 0.20049 0.14459
