0 0.33637 0.26704 0.28218 0.082699 -0.014283 -0.09639 0.062502 0.20871 0.72225 0.41999 0.35808 0.29884 0.11359 -0.0028291 -0.099925 0.043252 0.26535 -0.16443 0.23184 0.05201 -0.014856 0.018629 -0.062899 0.052236 0.13304 0.088817 0.012478 0.18256 0.0058397 -0.16201 -0.11958 0.007081 0.12334 0.085806 -0.063213 0.0094532 0.11506 0.062396 0.35649 0.077138 0.17785 0.086971 0.35032 0.030648 0.17692 -0.17397 0.33923 -0.10457 -0.070763 0.043588 0.22393 -0.045534 0.27893 0.4161 -0.012814 0.034729 -0.081628 0.36135 0.2471 0.18694 0.001321 0.32376 -0.026345 -0.03859 0.1209 0.016463 0.13675 0.39006 0.19939 0.29886 0.13432 0.065999 0.44639 0.18125 0.31038 0.17367 0.58746 0.39083 0.20214 -0.12517 0.52423 -0.0025211 -0.083393 0.053737 0.27963
0.33637 0 0.25521 0.27972 0.1123 0.011828 -0.08087 0.07402 0.22368 0.35578 0.49923 0.27017 0.26379 0.10134 -0.0039647 -0.097994 0.05871 0.21409 -0.11097 0.26293 0.041403 0.089745 0.020419 -0.057063 0.058008 0.046147 0.14264 0.076865 0.14621 0.12605 -0.029694 -0.10401 0.010992 0.16895 0.11095 -0.061858 0.0077045 0.22775 0.13057 0.33582 0.11402 0.19295 0.16233 0.21103 0.16895 0.12 -0.10812 0.22562 -0.046556 -0.055588 0.17389 0.28573 -0.12826 0.25884 0.054532 0.087133 0.015812 -0.080292 0.056135 -0.0067527 0.12999 0.072755 0.13036 0.08558 -0.0145 -0.095356 -0.018383 0.098656 0.15021 -0.034421 0.068414 0.26177 0.078043 0.31579 0.089028 0.17893 0.15266 0.17484 0.15659 0.058732 -0.1219 0.2131 -0.047759 -0.070935 0.15831 0.26348
0.26704 0.25521 0 0.39744 0.10444 0.030487 -0.023087 0.14858 0.14428 0.29311 0.2748 0.58303 0.38355 0.070009 0.025469 -0.03476 0.11938 0.15419 -0.030914 0.2052 0.1164 0.0030856 0.0066812 -0.045247 0.029476 0.051713 0.079855 0.0014203 0.19406 0.022311 -0.0075886 -0.066185 -0.027696 0.053102 0.23138 -0.0031967 0.13843 0.087852 0.0089748 0.2036 0.07986 0.085879 0.17234 0.25209 0.20425 0.055625 -0.068832 0.18419 -0.050356 -0.051197 0.080131 0.18591 -0.034151 0.17762 0.10259 -0.013905 0.032548 -0.067244 0.022175 0.022272 0.062946 0.012678 0.1617 -0.006981 -0.0031961 -0.077123 -0.019702 0.025207 0.19308 -0.024371 0.135 0.098751 -0.013846 0.19813 0.084744 0.069859 0.12559 0.16364 0.1516 0.0079213 -0.066971 0.17519 -0.064311 -0.054249 0.08738 0.1768
0.28218 0.27972 0.39744 0 0.19982 0.0091891 -0.010888 0.11115 0.1424 0.26645 0.28476 0.37917 0.65068 0.129 0.0043718 -0.019755 0.096999 0.15007 -0.055453 0.30059 -0.031057 0.033641 0.0093248 -0.022218 -0.092592 0.022718 0.0091466 0.023619 0.15025 0.045287 -0.032432 -0.15348 -0.022976 0.19424 0.17711 -0.087151 0.062852 0.12208 0.18672 0.21623 0.28007 0.039 0.12847 0.16319 0.17316 0.11429 -0.016564 0.25277 -0.06848 -0.020891 0.13983 0.35174 -0.02575 0.28692 0.012506 0.035072 0.011196 -0.040604 -0.053651 -0.013348 0.019859 0.03317 0.15121 0.02669 -0.028894 -0.13398 0.0040504 0.15279 0.25231 -0.060763 0.14911 0.14132 0.11925 0.25256 0.2597 0.07254 0.13331 0.17385 0.18184 0.090053 -0.034943 0.30249 -0.067654 -0.056958 0.13277 0.34991
0.082699 0.1123 0.10444 0.19982 0 -0.0044938 -0.018134 0.022158 0.055833 0.096828 0.10299 0.11365 0.17045 0.045642 -0.0054274 -0.02906 0.020798 0.059969 -0.0195 0.10509 -0.0019397 0.00073489 0.010246 -0.01366 -0.021474 0.004835 -0.0067982 -0.01131 0.071486 0.0039862 -0.025558 -0.035599 -0.0097727 0.023044 0.069394 0.0045486 0.050167 0.046492 0.073247 0.093322 0.090168 0.009116 0.056494 0.072028 0.067905 0.012848 0.0077975 0.10878 -0.028962 -0.021528 0.064504 0.14355 -0.012268 0.11366 -0.019613 -0.0042378 -0.014517 -0.033421 -0.039261 -0.01215 -0.0070729 -0.001319 0.062972 -0.0085482 -0.022076 -0.046589 -0.019553 0.025846 0.082989 -0.0099495 0.061697 0.048784 0.054195 0.079706 0.077278 -0.0031839 0.027942 0.041507 0.048674 -0.008685 -0.010904 0.10328 -0.040338 -0.0223 0.046089 0.13011
-0.014283 0.011828 0.030487 0.0091891 -0.0044938 0 0.16911 0.022107 0.086537 0.052425 -0.002914 0.020508 -0.00039781 -0.018221 0.4382 0.17234 0.041362 0.068746 0.074159 0.044801 0.14043 0.094694 0.13534 0.22479 0.24173 0.12715 0.34172 0.13129 0.084798 0.12216 0.30533 0.21071 0.27599 0.073176 -0.031232 0.027237 -0.016248 0.083777 0.091171 0.10017 0.055854 0.26553 0.23266 -0.0077462 0.17002 0.076901 0.22023 -0.070242 0.054975 0.15195 0.11457 0.080213 0.03625 0.026576 -0.0042376 0.071766 0.090485 0.21481 0.12048 0.088132 0.28845 0.13349 0.01394 0.10851 0.28043 0.12971 0.23494 0.069516 -0.11643 -0.051051 -0.089187 0.06061 0.099216 0.03798 0.050601 0.21833 0.15652 -0.095009 0.065975 0.043274 0.18614 -0.10542 0.050606 0.12491 0.097603 0.052219
-0.09639 -0.08087 -0.023087 -0.010888 -0.018134 0.16911 0 -0.0073406 -0.0064355 -0.047193 -0.10441 -0.046626 -0.031367 -0.024942 0.17578 0.25404 -0.0072691 -0.030699 0.15533 -0.035146 0.04872 0.02473 0.077274 0.18099 0.065143 0.13133 0.003219 0.07166 0.015256 0.039212 0.16798 0.16773 0.071339 0.021534 0.022799 0.07666 0.074669 -0.011825 0.056295 -0.11797 0.072152 -0.035606 0.0041933 -0.12836 0.059788 0.027972 0.23608 -0.05827 0.046219 0.13489 0.015163 0.031955 0.097731 -0.048342 -0.067984 0.014643 0.028904 0.15763 -0.039373 0.073563 -0.0277 0.059228 -0.026417 0.03437 0.093246 0.085415 0.057102 0.02611 -0.059108 -0.020071 -0.024746 -0.03165 0.063935 -0.13574 0.072883 -0.056767 -0.021288 -0.18924 -0.022821 0.031708 0.19167 -0.11969 0.025463 0.11046 0.0040577 -0.0025891
0.062502 0.07402 0.14858 0.11115 0.022158 0.022107 -0.0073406 0 0.054917 0.043839 0.077471 0.13195 0.10929 0.015857 0.034121 0.0037323 0.11117 0.065728 -0.036133 0.092927 -0.058988 0.024287 -0.0006121 -0.0096288 -0.045341 -0.022705 0.055967 0.019161 0.023551 0.013141 0.065836 -0.057418 0.022552 0.049636 -0.026225 -0.081597 -0.074189 0.049231 0.022885 0.069501 0.016493 0.047044 0.12167 -0.0014773 0.01304 0.0083874 0.0066595 -0.00055737 -0.005308 0.00046627 0.048442 0.085764 -0.022999 0.077526 -0.040732 0.027556 -0.0047151 -0.00099598 -0.021569 0.0023082 0.070221 0.035163 0.029806 0.0065214 0.063043 -0.041479 0.010653 0.046975 -0.0021705 -0.085373 -0.016904 0.056633 0.014402 0.078695 0.034872 0.058155 0.10446 0.016733 0.030701 0.0091978 0.013121 0.053595 -0.016631 -0.0020156 0.05846 0.089211
0.20871 0.22368 0.14428 0.1424 0.055833 0.086537 -0.0064355 0.054917 0 0.2232 0.23118 0.13061 0.13812 0.049562 0.072541 -0.01924 0.049454 0.19728 -0.046595 0.16433 0.0068466 0.064698 0.019036 0.006609 0.029411 0.0092524 0.12668 0.02269 0.07763 0.093654 0.020575 -0.049681 0.064414 0.11743 0.036353 -0.055403 -0.013286 0.16569 0.094201 0.19033 0.070201 0.14875 0.13708 0.10105 0.079556 0.051853 0.0019729 0.11003 -0.030498 -0.02109 0.12618 0.18203 -0.034484 0.17213 0.041522 0.057945 0.028721 -0.010517 0.056342 0.018143 0.14309 0.018375 0.09434 0.083199 0.058624 -0.013871 0.034823 0.072556 0.083401 -0.031074 0.039984 0.17306 0.073191 0.1848 0.066073 0.16804 0.14006 0.10274 0.121 0.02132 0.0004719 0.1458 -0.036741 -0.001805 0.12523 0.17605
0.72225 0.35578 0.29311 0.26645 0.096828 0.052425 -0.047193 0.043839 0.2232 0 0.32745 0.28518 0.22677 0.10106 0.046452 -0.058249 0.034311 0.23463 -0.073477 0.23168 0.25925 0.0088126 0.045382 -0.09422 0.21389 0.22374 0.14769 -0.074838 0.20293 0.009708 -0.014793 0.054405 0.039519 0.193 0.2255 0.095801 0.18737 0.12616 0.25602 0.3094 0.26771 0.23709 0.091225 0.45228 0.28568 0.24095 -0.13186 0.37849 -0.018494 -0.0079985 0.0434 0.21966 -0.15418 0.17313 0.1227 -0.002287 0.024603 -0.10553 0.1074 0.11439 0.098334 -0.037702 0.096297 5.9459e-05 -0.023133 0.00039629 0.01818 0.12428 0.13549 0.029779 0.048507 0.14329 0.1406 0.25853 0.1566 0.1443 0.059792 0.22102 0.091462 0.083058 -0.11268 0.31406 -0.040029 -0.055078 0.057491 0.18567
0.41999 0.49923 0.2748 0.28476 0.10299 -0.002914 -0.10441 0.077471 0.23118 0.32745 0 0.32894 0.31294 0.11475 -0.011004 -0.11157 0.094701 0.25595 -0.19223 0.29035 -0.020829 0.073593 0.013796 -0.070893 0.0063388 -0.019209 0.14432 0.063139 0.12417 0.11064 -0.063127 -0.18715 0.012469 0.12261 0.029635 -0.13865 -0.064082 0.23323 0.059583 0.34598 0.066924 0.19691 0.18497 0.19162 0.079569 0.088748 -0.16041 0.21493 -0.086412 -0.077544 0.17444 0.27814 -0.14763 0.30853 0.14697 0.08476 0.0076263 -0.098614 0.14383 -0.001955 0.19459 0.043162 0.1889 0.07314 -0.0087027 -0.069183 0.0041976 0.12837 0.23545 -0.0033648 0.14786 0.27282 0.042129 0.40037 0.10834 0.26083 0.20497 0.30165 0.25786 0.073341 -0.13831 0.3074 -0.038957 -0.1015 0.17484 0.30453
0.35808 0.27017 0.58303 0.37917 0.11365 0.020508 -0.046626 0.13195 0.13061 0.28518 0.32894 0 0.40801 0.087823 0.022941 -0.033508 0.14679 0.15332 -0.07531 0.20869 0.06022 -0.021763 -0.01103 -0.060094 -0.0053013 0.033005 0.079636 0.012306 0.18619 0.0050287 -0.049696 -0.13248 -0.031544 0.037793 0.19552 -0.041563 0.10986 0.088212 0.0076759 0.22487 0.065159 0.065289 0.16963 0.22712 0.11964 0.070833 -0.091718 0.18441 -0.086015 -0.071169 0.072953 0.19157 -0.030644 0.23948 0.18028 -0.045229 0.019946 -0.076762 0.081399 0.057114 0.084409 -0.00022611 0.23607 -0.022971 -0.005209 -0.050579 0.0024 0.04135 0.27918 0.051161 0.22657 0.098151 -0.043954 0.26534 0.079569 0.11326 0.18474 0.27482 0.2262 0.032387 -0.087231 0.24116 -0.059168 -0.05454 0.064942 0.21871
0.29884 0.26379 0.38355 0.65068 0.17045 -0.00039781 -0.031367 0.10929 0.13812 0.22677 0.31294 0.40801 0 0.14785 0.0055173 -0.012944 0.11915 0.15951 -0.060736 0.27542 -0.038642 0.030689 0.014148 -0.028056 -0.097801 0.0071205 -0.0049208 0.046627 0.14064 0.039538 -0.06961 -0.16378 -0.024575 0.16772 0.15039 -0.10164 0.048467 0.12241 0.11545 0.22464 0.2212 0.021926 0.11379 0.14008 0.13507 0.099576 -0.040472 0.23236 -0.085355 -0.046829 0.13145 0.32261 -0.0013584 0.29381 0.026795 0.023048 0.013784 -0.026701 -0.043008 0.029138 0.0080634 0.046419 0.18712 0.020882 -0.039902 -0.11869 -0.0086735 0.15598 0.28381 -0.042079 0.1864 0.13969 0.11447 0.25762 0.28422 0.071461 0.13354 0.19514 0.19617 0.093778 -0.0049147 0.31947 -0.087183 -0.049524 0.13265 0.38135
0.11359 0.10134 0.070009 0.129 0.045642 -0.018221 -0.024942 0.015857 0.049562 0.10106 0.11475 0.087823 0.14785 0 -0.0093472 -0.029724 0.0092402 0.095538 -0.026594 0.13143 -0.04071 0.014913 0.010533 -0.022929 -0.029126 -0.019293 0.013696 -0.011175 0.032644 0.017449 -0.032258 -0.056783 -0.0020492 0.059396 0.02403 -0.043218 -0.0085045 0.059075 0.063536 0.088231 0.068114 0.038826 0.056449 0.041159 0.049953 0.016462 -0.014323 0.083132 -0.039604 -0.012402 0.077372 0.12295 -0.019013 0.1057 0.0029315 0.015717 0.0033086 -0.023464 -0.0065293 -0.012052 0.026448 -0.010649 0.030662 0.019276 -0.012708 -0.031855 -0.0075973 0.067525 0.075454 -0.0331 0.056045 0.072271 0.06629 0.091072 0.085339 0.049158 0.070853 0.063806 0.090923 0.0041727 -0.013134 0.11744 -0.026108 -0.02562 0.06616 0.13595
-0.0028291 -0.0039647 0.025469 0.0043718 -0.0054274 0.4382 0.17578 0.034121 0.072541 0.046452 -0.011004 0.022941 0.0055173 -0.0093472 0 0.21534 0.041524 0.068865 0.057803 0.039799 0.12716 0.082648 0.11089 0.23185 0.22265 0.12562 0.32143 0.12617 0.086965 0.10393 0.3112 0.17566 0.27506 0.076881 -0.0362 -0.0064125 -0.040567 0.067007 0.076607 0.08303 0.058322 0.25188 0.24005 -0.029216 0.15474 0.072722 0.21515 -0.083888 0.039656 0.13481 0.095183 0.080566 0.044034 0.044135 0.045521 0.069252 0.10538 0.22702 0.15316 0.12935 0.30328 0.11299 0.054385 0.095647 0.27283 0.1505 0.2813 0.068143 -0.084904 -0.047215 -0.067625 0.056792 0.10673 0.063028 0.053851 0.24259 0.17692 -0.068175 0.093622 0.065133 0.20703 -0.082166 0.032469 0.14217 0.097299 0.076924
-0.099925 -0.097994 -0.03476 -0.019755 -0.02906 0.17234 0.25404 0.0037323 -0.01924 -0.058249 -0.11157 -0.033508 -0.012944 -0.029724 0.21534 0 0.017275 -0.0071261 0.11808 -0.032852 0.044643 0.022332 0.075728 0.17297 0.045281 0.12017 -0.0042678 0.029005 0.015508 0.030955 0.14048 0.1269 0.096192 0.023168 0.0075292 0.042733 0.050664 -0.051075 0.041893 -0.10507 0.072233 -0.028233 0.010411 -0.11019 0.04213 0.030789 0.20455 -0.061956 0.039873 0.1089 0.012036 0.028851 0.10699 -0.036186 -0.028514 0.011364 0.041258 0.18134 -0.011387 0.12097 -0.024376 0.024452 -0.0028041 0.026897 0.10565 0.090407 0.10062 0.028258 -0.023968 -0.00966 0.013294 -0.062483 0.063436 -0.12451 0.078847 -0.045687 -0.023832 -0.14303 -0.012122 0.0377 0.21249 -0.083367 0.023929 0.13443 0.0031168 0.022514
0.043252 0.05871 0.11938 0.096999 0.020798 0.041362 -0.0072691 0.11117 0.049454 0.034311 0.094701 0.14679 0.11915 0.0092402 0.041524 0.017275 0 0.06936 -0.025918 0.088153 -0.051553 0.030533 0.014867 -0.0026152 -0.01994 -0.036245 0.079773 0.033384 0.016079 0.031919 0.056504 -0.066489 0.0090573 0.030822 -0.025541 -0.078171 -0.062954 0.045953 0.0083698 0.064641 -0.0029639 0.071169 0.12555 -0.015726 0.020217 0.0027816 0.014012 -0.031386 -0.012559 -0.013581 0.04457 0.060526 -0.014799 0.078305 -0.041336 0.030869 0.0057986 0.017682 -0.022094 -0.013492 0.069963 0.030313 0.022086 0.022715 0.048402 -0.038137 0.022416 0.035119 -0.01529 -0.10106 -0.030225 0.04956 -0.0014434 0.069105 0.0020922 0.06923 0.11765 0.013004 0.014717 0.0042267 0.021428 0.014641 -0.016188 -0.0024225 0.047872 0.069852
0.26535 0.21409 0.15419 0.15007 0.059969 0.068746 -0.030699 0.065728 0.19728 0.23463 0.25595 0.15332 0.15951 0.095538 0.068865 -0.0071261 0.06936 0 -0.059942 0.16567 0.035316 0.055518 0.042914 0.011963 0.057561 0.03094 0.1206 0.019941 0.093146 0.092759 0.016847 -0.025461 0.071684 0.09513 0.027896 -0.04887 -0.0044504 0.16334 0.082107 0.18581 0.067385 0.15639 0.13572 0.11196 0.083625 0.061047 0.01453 0.13248 -0.036756 0.026999 0.17131 0.19259 -0.0098962 0.1837 0.095454 0.065243 0.02366 0.010405 0.10351 0.038256 0.14723 0.026759 0.11535 0.082272 0.065942 0.018416 0.05623 0.11172 0.11387 0.012581 0.082471 0.1802 0.077802 0.20074 0.086082 0.18992 0.14296 0.14484 0.15874 0.055207 0.02384 0.16793 0.0014491 0.00035229 0.13942 0.21542
-0.16443 -0.11097 -0.030914 -0.055453 -0.0195 0.074159 0.15533 -0.036133 -0.046595 -0.073477 -0.19223 -0.07531 -0.060736 -0.026594 0.057803 0.11808 -0.025918 -0.059942 0 -0.04439 0.24927 0.027618 0.042146 0.25749 0.21168 0.27581 -0.15126 0.073493 0.084701 0.063611 0.03337 0.58743 0.0025027 -0.011895 0.49833 0.23426 0.55603 -0.046904 0.068911 -0.09698 0.15913 -0.060348 -0.12936 0.014312 0.19856 0.06402 0.72443 0.22766 0.1201 0.16582 0.15737 0.12154 0.66279 -0.0546 0.042205 0.010524 0.022766 0.21265 0.030451 0.19064 -0.19013 0.074817 0.013912 0.055942 -0.044265 0.35133 0.024363 0.0078525 0.21423 0.17402 0.26415 -0.080092 0.11669 -0.16669 0.11806 -0.13246 -0.11577 -0.095533 0.04259 0.038327 0.61201 0.039038 0.064428 0.1681 0.16401 0.085829
0.23184 0.26293 0.2052 0.30059 0.10509 0.044801 -0.035146 0.092927 0.16433 0.23168 0.29035 0.20869 0.27542 0.13143 0.039799 -0.032852 0.088153 0.16567 -0.04439 0 -0.11114 0.17327 0.053902 0.028638 -0.12224 -0.0056701 0.010076 0.038805 0.21583 0.1903 -0.093105 -0.26704 0.011664 0.3997 0.2029 -0.21317 0.011295 0.27707 0.32941 0.42125 0.40035 0.097797 0.2792 0.25895 0.33976 0.27295 0.064641 0.38547 -0.12772 -0.041092 0.29738 0.56938 0.017255 0.59336 -0.10644 0.18213 0.0080908 0.013363 -0.12026 0.011874 0.053882 0.047369 0.18545 0.1638 -0.045672 -0.23916 0.027011 0.36872 0.29205 -0.23442 0.11843 0.27606 0.28364 0.44368 0.39191 0.15938 0.28014 0.23283 0.29421 0.21933 0.059914 0.46167 -0.15547 -0.078555 0.24525 0.55782
0.05201 0.041403 0.1164 -0.031057 -0.0019397 0.14043 0.04872 -0.058988 0.0068466 0.25925 -0.020829 0.06022 -0.038642 -0.04071 0.12716 0.044643 -0.051553 0.035316 0.24927 -0.11114 0 -0.14884 0.068005 0.17553 0.72823 0.55808 0.19659 -0.082982 0.28418 -0.098005 0.10974 0.49627 0.16236 -0.084458 0.56499 0.47094 0.55686 -0.13293 -0.016237 0.10905 0.12307 0.31555 -0.03713 0.70388 0.42274 0.36772 0.061942 0.44701 0.03162 0.0077622 -0.011728 -0.039284 0.049766 -0.11497 0.65275 -0.20214 0.062179 0.10062 0.52358 0.29539 0.061042 -0.042186 0.099461 -0.093909 0.05351 0.31748 0.12023 -0.076226 0.27354 0.35845 0.2318 -0.13557 -0.00084921 -0.016545 0.047687 0.15688 -0.11535 0.27622 0.10526 0.15738 0.051727 0.087032 0.073917 0.021443 -0.0010042 -0.091161
-0.014856 0.089745 0.0030856 0.033641 0.00073489 0.094694 0.02473 0.024287 0.064698 0.0088126 0.073593 -0.021763 0.030689 0.014913 0.082648 0.022332 0.030533 0.055518 0.027618 0.17327 -0.14884 0 0.017192 0.337 0.042775 -0.1389 0.13621 0.26436 0.036266 0.92266 0.006513 -0.15726 0.16257 0.35341 -0.082536 -0.18949 -0.14752 0.88617 0.30142 0.089671 0.27784 0.28969 0.074976 -0.031798 0.072139 0.65649 0.17727 0.021974 -0.033374 0.015263 0.20251 0.23414 0.073689 0.1669 -0.23961 0.97532 0.0031089 0.38545 -0.059366 -0.070776 0.17726 0.31951 -0.012279 0.91385 -0.011719 -0.19059 0.17231 0.32737 -0.10463 -0.25488 -0.1547 0.84695 0.3486 0.091088 0.30038 0.33628 0.086699 -0.079327 -0.0029474 0.59703 0.16052 0.062667 -0.076487 0.01432 0.1657 0.21314
0.018629 0.020419 0.0066812 0.0093248 0.010246 0.13534 0.077274 -0.0006121 0.019036 0.045382 0.013796 -0.01103 0.014148 0.010533 0.11089 0.075728 0.014867 0.042914 0.042146 0.053902 0.068005 0.017192 0 0.16562 0.11136 0.14187 0.060042 0.037561 0.096537 0.041315 0.094675 0.1095 0.10139 0.032748 0.06603 0.042797 0.07077 0.023149 0.0462 0.044343 0.054889 0.044829 0.062633 0.039926 0.070743 0.0874 0.10933 0.061743 0.031331 0.10707 0.051638 0.10205 0.020775 0.025486 0.034944 0.0056765 0.054087 0.13644 0.073216 0.11656 0.059195 0.027696 0.059166 0.039477 0.086218 0.072667 0.085416 0.0074717 0.053243 0.015283 0.04735 0.014591 0.039346 0.034046 0.047227 0.059668 0.034111 -0.0072704 0.046574 0.072842 0.08072 0.037759 0.019766 0.053922 0.029347 0.091199
-0.062899 -0.057063 -0.045247 -0.022218 -0.01366 0.22479 0.18099 -0.0096288 0.006609 -0.09422 -0.070893 -0.060094 -0.028056 -0.022929 0.23185 0.17297 -0.0026152 0.011963 0.25749 0.028638 0.17553 0.337 0.16562 0 0.31059 0.34806 0.082885 0.55618 0.099213 0.5255 0.17606 0.19701 0.33455 0.098527 0.12139 0.036358 0.093279 0.29563 0.099009 -0.044831 0.14164 0.10949 0.046142 -0.024255 0.082338 0.50244 0.34488 0.0094602 0.064482 0.15356 0.12053 0.14292 0.25354 0.047371 0.044071 0.30792 0.10977 0.81701 0.18605 0.3619 0.090466 0.51341 0.075297 0.51902 0.14624 0.18655 0.35139 0.10639 0.10646 -0.026739 0.13983 0.22171 0.14975 -0.030573 0.17667 0.16604 0.043277 -0.067208 0.05409 0.49787 0.28197 0.0027684 0.039709 0.14021 0.093833 0.10539
0.052236 0.058008 0.029476 -0.092592 -0.021474 0.24173 0.065143 -0.045341 0.029411 0.21389 0.0063388 -0.0053013 -0.097801 -0.029126 0.22265 0.045281 -0.01994 0.057561 0.21168 -0.12224 0.72823 0.042775 0.11136 0.31059 0 0.51219 0.54546 0.056545 0.17802 0.093877 0.31838 0.63958 0.40656 -0.043614 0.24703 0.36332 0.26 0.006098 -0.069117 0.21137 -0.11125 0.70594 0.12766 0.52222 0.37051 0.35064 0.08049 0.20905 0.1598 0.10342 -0.00015017 -0.093285 0.057821 -0.13724 0.49362 -0.035773 0.069964 0.22067 0.74753 0.30145 0.42471 0.059503 0.040421 0.080953 0.26775 0.52347 0.32749 -0.052211 0.054479 0.23265 0.082811 -0.012294 -0.061019 0.060908 -0.129 0.5249 0.042965 0.15977 0.16088 0.15167 0.058678 -0.026086 0.21197 0.13187 0.013215 -0.13428
0.13304 0.046147 0.051713 0.022718 0.004835 0.12715 0.13133 -0.022705 0.0092524 0.22374 -0.019209 0.033005 0.0071205 -0.019293 0.12562 0.12017 -0.036245 0.03094 0.27581 -0.0056701 0.55808 -0.1389 0.14187 0.34806 0.51219 0 -0.013404 0.080268 0.25229 -0.080756 0.071783 0.45643 0.11303 -0.029631 0.44507 0.38828 0.47864 -0.12632 0.018339 0.038053 0.14228 -0.026841 -0.073114 0.40149 0.22258 0.37336 0.1744 0.43695 0.024171 0.12018 -0.0010712 0.10773 0.13604 -0.0099529 0.32789 -0.16819 0.090447 0.25842 0.31407 0.56478 -0.10805 0.045138 0.14047 -0.078086 -0.0051341 0.30502 0.052134 -0.046774 0.27506 0.25546 0.33218 -0.14387 0.00025843 -0.0028193 0.074376 -0.057802 -0.10461 0.12831 0.032802 0.25746 0.12937 0.21658 0.035072 0.087189 0.0064711 0.051073
0.088817 0.14264 0.079855 0.0091466 -0.0067982 0.34172 0.003219 0.055967 0.12668 0.14769 0.14432 0.079636 -0.0049208 0.013696 0.32143 -0.0042678 0.079773 0.1206 -0.15126 0.010076 0.19659 0.13621 0.060042 0.082885 0.54546 -0.013404 0 0.028412 0.042615 0.1306 0.50606 0.22224 0.39169 0.081314 -0.22383 -0.038254 -0.2372 0.15906 0.047302 0.41473 -0.13231 0.81648 0.46912 0.085069 0.25222 -0.0049227 -0.00075327 -0.16774 0.13064 0.050578 0.12419 -0.032807 -0.13654 0.0069321 0.058296 0.092496 0.058162 0.067905 0.34343 -0.057258 0.76895 0.058944 -0.032746 0.11817 0.46517 0.20536 0.31255 0.057704 -0.30942 -0.12467 -0.26847 0.18152 0.062011 0.27551 -0.1219 0.70847 0.33983 -0.051406 0.16041 -0.10033 0.014858 -0.20301 0.11402 0.061351 0.10007 -0.052583
0.012478 0.076865 0.0014203 0.023619 -0.01131 0.13129 0.07166 0.019161 0.02269 -0.074838 0.063139 0.012306 0.046627 -0.011175 0.12617 0.029005 0.033384 0.019941 0.073493 0.038805 -0.082982 0.26436 0.037561 0.55618 0.056545 0.080268 0.028412 0 0.047219 0.44344 0.10858 0.013756 0.061428 0.052838 -0.011793 -0.017933 -0.0020113 0.35006 0.023841 0.029922 0.064746 -0.025788 0.076202 -0.11108 -0.033003 0.30569 0.17843 -0.11914 0.016041 0.054559 0.12666 0.11616 0.14643 0.075054 -0.074666 0.27692 0.029096 0.57508 0.008137 0.17293 0.03088 0.95579 0.0843 0.37312 0.077712 0.050159 0.091703 0.057647 0.079193 -0.023119 0.089137 0.34173 0.10395 0.040675 0.14127 0.022228 0.07535 -0.072239 -0.001632 0.36804 0.14569 0.010492 0.023698 0.049289 0.10466 0.12515
0.18256 0.14621 0.19406 0.15025 0.071486 0.084798 0.015256 0.023551 0.07763 0.20293 0.12417 0.18619 0.14064 0.032644 0.086965 0.015508 0.016079 0.093146 0.084701 0.21583 0.28418 0.036266 0.096537 0.099213 0.17802 0.25229 0.042615 0.047219 0 0.047522 0.049866 0.091441 0.05466 0.068833 0.43793 0.30385 0.48135 0.09001 0.03187 0.26576 0.12333 0.09118 0.20427 0.4497 0.3058 0.18563 0.081329 0.39622 -0.037662 0.050489 0.14293 0.33264 0.085282 0.20793 0.21869 0.016778 0.053688 0.064984 0.14274 0.1612 -0.0078713 0.045993 0.40049 0.037433 0.04606 0.067831 0.017257 0.038613 0.37052 0.23702 0.43343 0.081706 0.0348 0.19881 0.1051 0.063545 0.16122 0.26398 0.2176 0.082087 0.071699 0.27688 0.0012182 -0.00167 0.12761 0.31808
0.0058397 0.12605 0.022311 0.045287 0.0039862 0.12216 0.039212 0.013141 0.093654 0.009708 0.11064 0.0050287 0.039538 0.017449 0.10393 0.030955 0.031919 0.092759 0.063611 0.1903 -0.098005 0.92266 0.041315 0.5255 0.093877 -0.080756 0.1306 0.44344 0.047522 0 0.029998 -0.13391 0.22656 0.35854 -0.048196 -0.17176 -0.090802 0.91951 0.3256 0.10779 0.27425 0.25351 0.085705 -0.030932 0.060895 0.66858 0.21232 0.050724 -0.017402 0.015963 0.27037 0.26923 0.084755 0.17376 -0.17239 0.91314 0.013384 0.54155 0.0016694 0.012319 0.17677 0.47906 0.028982 0.932 0.0097409 -0.13958 0.23952 0.32329 -0.022036 -0.21185 -0.067578 0.88204 0.3673 0.11926 0.30512 0.3227 0.091768 -0.060398 0.017065 0.63167 0.18423 0.1304 -0.052865 0.0030693 0.22729 0.24913
-0.16201 -0.029694 -0.0075886 -0.032432 -0.025558 0.30533 0.16798 0.065836 0.020575 -0.014793 -0.063127 -0.049696 -0.06961 -0.032258 0.3112 0.14048 0.056504 0.016847 0.03337 -0.093105 0.10974 0.006513 0.094675 0.17606 0.31838 0.071783 0.50606 0.10858 0.049866 0.029998 0 0.38176 0.27432 -0.0058366 -0.16473 0.091432 -0.085244 -0.0044255 0.022231 -0.016088 -0.068752 0.39248 0.40062 -0.22691 0.26558 -0.10045 0.19375 -0.30526 0.28041 0.18554 0.029164 -0.086478 -0.034653 -0.12389 -0.17125 -0.0094405 0.041357 0.17985 0.053507 0.012228 0.37247 0.13323 -0.10159 0.023239 0.56392 0.23143 0.22239 -0.014062 -0.35886 -0.10499 -0.27829 -0.018356 0.046581 -0.12696 -0.084549 0.2099 0.22373 -0.40329 0.015785 -0.1282 0.15625 -0.36043 0.21551 0.17133 0.027241 -0.12169
-0.11958 -0.10401 -0.066185 -0.15348 -0.035599 0.21071 0.16773 -0.057418 -0.049681 0.054405 -0.18715 -0.13248 -0.16378 -0.056783 0.17566 0.1269 -0.066489 -0.025461 0.58743 -0.26704 0.49627 -0.15726 0.1095 0.19701 0.63958 0.45643 0.22224 0.013756 0.091441 -0.13391 0.38176 0 0.14787 -0.20387 0.22711 0.58261 0.39015 -0.20276 -0.12889 -0.074653 -0.15008 0.25791 0.010048 0.042852 0.36167 -0.12603 0.3739 0.084054 0.31459 0.27976 -0.081196 -0.19449 0.26439 -0.28377 0.18173 -0.20497 0.078083 0.13753 0.32113 0.27059 0.060159 0.021643 -0.053869 -0.11914 0.21205 0.74563 0.087713 -0.18988 -0.105 0.38864 0.0084249 -0.22672 -0.10259 -0.222 -0.19169 -0.0031716 -0.09524 -0.22915 0.061229 -0.16478 0.27343 -0.22022 0.31392 0.27017 -0.053097 -0.21904
0.007081 0.010992 -0.027696 -0.022976 -0.0097727 0.27599 0.071339 0.022552 0.064414 0.039519 0.012469 -0.031544 -0.024575 -0.0020492 0.27506 0.096192 0.0090573 0.071684 0.0025027 0.011664 0.16236 0.16257 0.10139 0.33455 0.40656 0.11303 0.39169 0.061428 0.05466 0.22656 0.27432 0.14787 0 0.10376 -0.049337 -0.025168 -0.071387 0.14098 0.058302 0.066326 -0.025784 0.44106 0.21344 0.054112 0.14149 0.14624 0.14536 -0.068239 0.051099 0.096412 0.091895 0.039869 0.035622 0.0044489 0.10462 0.12444 0.070763 0.29001 0.29452 0.10514 0.38479 0.067179 0.013469 0.21886 0.27807 0.17036 0.44233 0.078478 -0.08139 -0.03478 -0.044483 0.11663 0.044596 0.046381 -0.021132 0.41668 0.15899 -0.01404 0.12391 0.084731 0.13744 -0.083434 0.077359 0.10405 0.06395 0.004672
0.12334 0.16895 0.053102 0.19424 0.023044 0.073176 0.021534 0.049636 0.11743 0.193 0.12261 0.037793 0.16772 0.059396 0.076881 0.023168 0.030822 0.09513 -0.011895 0.3997 -0.084458 0.35341 0.032748 0.098527 -0.043614 -0.029631 0.081314 0.052838 0.068833 0.35854 -0.0058366 -0.20387 0.10376 0 0.12916 -0.21411 -0.012247 0.41997 0.53619 0.28149 0.60585 0.21437 0.10307 0.14754 0.33093 0.38331 0.17572 0.36198 -0.068801 -0.010814 0.36595 0.49164 0.027734 0.35478 -0.10808 0.32851 0.00093625 0.083521 -0.075459 -0.037303 0.10436 0.041312 0.038381 0.32611 -0.019723 -0.213 0.13491 0.78643 0.17237 -0.22942 0.058033 0.39482 0.46178 0.33872 0.5474 0.26665 0.088258 0.12867 0.2598 0.30466 0.16837 0.41514 -0.099893 -0.034472 0.31677 0.46031
0.085806 0.11095 0.23138 0.17711 0.069394 -0.031232 0.022799 -0.026225 0.036353 0.2255 0.029635 0.19552 0.15039 0.02403 -0.0362 0.0075292 -0.025541 0.027896 0.49833 0.2029 0.56499 -0.082536 0.06603 0.12139 0.24703 0.44507 -0.22383 -0.011793 0.43793 -0.048196 -0.16473 0.22711 -0.049337 0.12916 0 0.39497 0.84687 -0.014469 0.09037 0.10547 0.36585 -0.090654 -0.11146 0.57925 0.5099 0.28462 0.25159 0.66943 -0.049926 0.010362 0.13333 0.38595 0.26412 0.1971 0.35175 -0.10415 0.02594 0.056502 0.12371 0.20814 -0.28997 -0.011646 0.29198 -0.048209 -0.20181 0.06097 -0.051069 0.10816 0.67501 0.27435 0.61137 -0.033623 0.089426 0.037128 0.30198 -0.14951 -0.1148 0.2414 0.25676 0.17201 0.19702 0.44968 -0.04585 -0.028441 0.13346 0.34001
-0.063213 -0.061858 -0.0031967 -0.087151 0.0045486 0.027237 0.07666 -0.081597 -0.055403 0.095801 -0.13865 -0.041563 -0.10164 -0.043218 -0.0064125 0.042733 -0.078171 -0.04887 0.23426 -0.21317 0.47094 -0.18949 0.042797 0.036358 0.36332 0.38828 -0.038254 -0.017933 0.30385 -0.17176 0.091432 0.58261 -0.025168 -0.21411 0.39497 0 0.62045 -0.17131 -0.15091 -0.11402 -0.084239 -0.084217 -0.15528 0.21408 0.21954 -0.087427 0.018968 0.17481 0.15421 0.080543 -0.076311 -0.1117 -0.0039997 -0.22299 0.19169 -0.20172 0.04671 0.0021733 0.11324 0.16755 -0.19716 -0.020578 0.121 -0.16506 -0.018855 0.25772 -0.036211 -0.19438 0.10144 0.55731 0.22846 -0.18209 -0.11508 -0.22046 -0.10975 -0.28638 -0.23177 -0.12921 -0.094831 -0.14721 -0.013223 -0.074021 0.12107 0.070327 -0.060008 -0.12347
0.0094532 0.0077045 0.13843 0.062852 0.050167 -0.016248 0.074669 -0.074189 -0.013286 0.18737 -0.064082 0.10986 0.048467 -0.0085045 -0.040567 0.050664 -0.062954 -0.0044504 0.55603 0.011295 0.55686 -0.14752 0.07077 0.093279 0.26 0.47864 -0.2372 -0.0020113 0.48135 -0.090802 -0.085244 0.39015 -0.071387 -0.012247 0.84687 0.62045 0 -0.092113 -0.027115 -0.03558 0.2333 -0.21725 -0.20185 0.43374 0.35607 0.15024 0.23676 0.54676 0.043331 0.041804 0.021547 0.20486 0.27788 -0.027127 0.30256 -0.15956 0.050469 0.029849 0.030229 0.23686 -0.33768 -0.0022378 0.28246 -0.099245 -0.16495 0.12354 -0.080462 -0.021582 0.51033 0.47844 0.60282 -0.10923 0.0095926 -0.12837 0.14714 -0.32146 -0.21779 0.080989 0.028212 0.051309 0.16945 0.23628 -0.023593 0.0054935 0.044789 0.16764
0.11506 0.22775 0.087852 0.12208 0.046492 0.083777 -0.011825 0.049231 0.16569 0.12616 0.23323 0.088212 0.12241 0.059075 0.067007 -0.051075 0.045953 0.16334 -0.046904 0.27707 -0.13293 0.88617 0.023149 0.29563 0.006098 -0.12632 0.15906 0.35006 0.09001 0.91951 -0.0044255 -0.20276 0.14098 0.41997 -0.014469 -0.17131 -0.092113 0 0.40691 0.22688 0.35139 0.28578 0.12233 0.013303 0.096795 0.57644 0.10241 0.12375 -0.05712 -0.02095 0.32007 0.35381 -0.016309 0.27107 -0.16774 0.85091 0.0050799 0.31792 -0.037573 -0.053812 0.20288 0.41339 0.080092 0.88171 -0.004475 -0.19936 0.15029 0.38831 0.020035 -0.18897 -0.049751 0.96775 0.44054 0.24787 0.39001 0.34044 0.14221 0.018944 0.070362 0.5378 0.081098 0.25248 -0.070681 -0.04957 0.28299 0.34909
0.062396 0.13057 0.0089748 0.18672 0.073247 0.091171 0.056295 0.022885 0.094201 0.25602 0.059583 0.0076759 0.11545 0.063536 0.076607 0.041893 0.0083698 0.082107 0.068911 0.32941 -0.016237 0.30142 0.0462 0.099009 -0.069117 0.018339 0.047302 0.023841 0.03187 0.3256 0.022231 -0.12889 0.058302 0.53619 0.09037 -0.15091 -0.027115 0.40691 0 0.11807 0.8915 0.10185 0.026786 0.068473 0.32173 0.43421 0.31555 0.43144 -0.014255 0.040885 0.48904 0.61009 0.050728 0.2926 -0.1542 0.26923 0.00045762 0.083535 -0.14072 -0.031853 0.027412 0.006214 -0.019019 0.29422 -0.01637 -0.20168 0.07834 0.48535 0.074243 -0.22571 -0.077418 0.36796 0.89728 0.15494 0.78715 0.11272 0.0016661 -0.025544 0.16809 0.33038 0.26578 0.40138 -0.092701 -0.014586 0.3973 0.50594
0.35649 0.33582 0.2036 0.21623 0.093322 0.10017 -0.11797 0.069501 0.19033 0.3094 0.34598 0.22487 0.22464 0.088231 0.08303 -0.10507 0.064641 0.18581 -0.09698 0.42125 0.10905 0.089671 0.044343 -0.044831 0.21137 0.038053 0.41473 0.029922 0.26576 0.10779 -0.016088 -0.074653 0.066326 0.28149 0.10547 -0.11402 -0.03558 0.22688 0.11807 0 0.10016 0.54374 0.36501 0.44026 0.30758 0.18008 -0.06296 0.36199 -0.073988 -0.048457 0.21311 0.35689 -0.072054 0.38989 0.15158 0.090268 0.041909 -0.053268 0.24472 0.057305 0.414 0.037966 0.24265 0.068868 0.086112 0.0066306 0.03289 0.22641 0.17956 -0.078149 0.10574 0.24468 0.10052 0.69358 0.12252 0.50991 0.3367 0.42602 0.33452 0.082229 -0.040839 0.37276 -0.082629 -0.082921 0.19979 0.37185
0.077138 0.11402 0.07986 0.28007 0.090168 0.055854 0.072152 0.016493 0.070201 0.26771 0.066924 0.065159 0.2212 0.068114 0.058322 0.072233 -0.0029639 0.067385 0.15913 0.40035 0.12307 0.27784 0.054889 0.14164 -0.11125 0.14228 -0.13231 0.064746 0.12333 0.27425 -0.068752 -0.15008 -0.025784 0.60585 0.36585 -0.084239 0.2333 0.35139 0.8915 0.10016 0 -0.069096 -0.030512 0.159 0.48376 0.51449 0.32211 0.5742 -0.051709 0.013243 0.42026 0.64085 0.12279 0.35694 -0.060413 0.24506 -0.00075617 0.11946 -0.20463 0.035742 -0.14314 0.059245 0.070993 0.25781 -0.11787 -0.24028 0.032151 0.57356 0.32209 -0.18963 0.1169 0.31972 0.81928 0.14145 0.91363 -0.012766 -0.046827 0.045236 0.29316 0.4446 0.27511 0.50911 -0.12165 -0.031734 0.33361 0.55828
0.17785 0.19295 0.085879 0.039 0.009116 0.26553 -0.035606 0.047044 0.14875 0.23709 0.19691 0.065289 0.021926 0.038826 0.25188 -0.028233 0.071169 0.15639 -0.060348 0.097797 0.31555 0.28969 0.044829 0.10949 0.70594 -0.026841 0.81648 -0.025788 0.09118 0.25351 0.39248 0.25791 0.44106 0.21437 -0.090654 -0.084217 -0.21725 0.28578 0.10185 0.54374 -0.069096 0 0.4369 0.30827 0.36845 0.17887 0.032047 0.06356 0.12211 0.050347 0.13223 0.056656 -0.03889 0.080837 0.18424 0.23553 0.053087 0.094642 0.53439 -0.030439 0.77613 0.050073 -0.0090364 0.24017 0.39114 0.29817 0.36304 0.15999 -0.19487 -0.12766 -0.21918 0.28844 0.08867 0.41711 -0.062685 0.92127 0.3551 0.14672 0.31064 0.023321 0.05424 -0.0059434 0.15034 0.074284 0.131 0.031876
0.086971 0.16233 0.17234 0.12847 0.056494 0.23266 0.0041933 0.12167 0.13708 0.091225 0.18497 0.16963 0.11379 0.056449 0.24005 0.010411 0.12555 0.13572 -0.12936 0.2792 -0.03713 0.074976 0.062633 0.046142 0.12766 -0.073114 0.46912 0.076202 0.20427 0.085705 0.40062 0.010048 0.21344 0.10307 -0.11146 -0.15528 -0.20185 0.12233 0.026786 0.36501 -0.030512 0.4369 0 0.048332 0.36115 -0.034939 0.043052 -0.065866 0.044163 0.044397 0.16214 0.17716 -0.088415 0.26286 -0.080915 0.062581 0.044215 0.035952 0.048903 -0.054842 0.43157 0.085509 0.13958 0.06582 0.42464 0.064257 0.15791 0.08441 -0.1203 -0.17769 -0.12502 0.12045 0.019673 0.30462 -0.016396 0.3729 0.58005 0.015432 0.30632 -0.082979 0.065288 -0.030487 0.039194 0.049927 0.14225 0.17049
0.35032 0.21103 0.25209 0.16319 0.072028 -0.0077462 -0.12836 -0.0014773 0.10105 0.45228 0.19162 0.22712 0.14008 0.041159 -0.029216 -0.11019 -0.015726 0.11196 0.014312 0.25895 0.70388 -0.031798 0.039926 -0.024255 0.52222 0.40149 0.085069 -0.11108 0.4497 -0.030932 -0.22691 0.042852 0.054112 0.14754 0.57925 0.21408 0.43374 0.013303 0.068473 0.44026 0.159 0.30827 0.048332 0 0.47516 0.41475 -0.10566 0.67239 -0.12609 -0.09456 0.092195 0.26732 -0.0061541 0.22733 0.54514 -0.057336 0.032198 -0.055208 0.43816 0.21796 0.026933 -0.086018 0.28918 -0.0441 -0.15922 0.078116 0.011555 0.11432 0.45362 0.20116 0.33283 0.025629 0.017064 0.37164 0.11365 0.27471 0.032215 0.70166 0.27757 0.21599 -0.076041 0.45085 -0.08965 -0.12741 0.081529 0.21502
0.030648 0.16895 0.20425 0.17316 0.067905 0.17002 0.059788 0.01304 0.079556 0.28568 0.079569 0.11964 0.13507 0.049953 0.15474 0.04213 0.020217 0.083625 0.19856 0.33976 0.42274 0.072139 0.070743 0.082338 0.37051 0.22258 0.25222 -0.033003 0.3058 0.060895 0.26558 0.36167 0.14149 0.33093 0.5099 0.21954 0.35607 0.096795 0.32173 0.30758 0.48376 0.36845 0.36115 0.47516 0 0.28528 0.16451 0.48697 0.1095 0.062281 0.1956 0.31719 0.038116 0.25626 0.09551 0.017612 0.044891 0.046463 0.045159 0.072733 0.10431 -0.0047562 0.057298 0.052597 0.13283 0.093421 0.11869 0.31733 0.17596 -0.04393 0.047504 0.071796 0.27505 0.16452 0.39605 0.14106 0.18602 0.035381 0.52665 0.14427 0.16133 0.21713 0.082213 0.046709 0.17942 0.2598
0.17692 0.12 0.055625 0.11429 0.012848 0.076901 0.027972 0.0083874 0.051853 0.24095 0.088748 0.070833 0.099576 0.016462 0.072722 0.030789 0.0027816 0.061047 0.06402 0.27295 0.36772 0.65649 0.0874 0.50244 0.35064 0.37336 -0.0049227 0.30569 0.18563 0.66858 -0.10045 -0.12603 0.14624 0.38331 0.28462 -0.087427 0.15024 0.57644 0.43421 0.18008 0.51449 0.17887 -0.034939 0.41475 0.28528 0 0.09448 0.52752 -0.065659 -0.012772 0.18378 0.37144 0.061145 0.2577 0.18236 0.61915 0.042831 0.46567 0.19449 0.32459 0.047397 0.26412 0.12334 0.67123 -0.092144 -0.13093 0.15801 0.34243 0.29988 -0.11396 0.17183 0.56117 0.37277 0.20941 0.4692 0.29538 -0.01795 0.248 0.17402 0.93769 0.048254 0.44966 -0.075103 -0.03492 0.16035 0.32415
-0.17397 -0.10812 -0.068832 -0.016564 0.0077975 0.22023 0.23608 0.0066595 0.0019729 -0.13186 -0.16041 -0.091718 -0.040472 -0.014323 0.21515 0.20455 0.014012 0.01453 0.72443 0.064641 0.061942 0.17727 0.10933 0.34488 0.08049 0.1744 -0.00075327 0.17843 0.081329 0.21232 0.19375 0.3739 0.14536 0.17572 0.25159 0.018968 0.23676 0.10241 0.31555 -0.06296 0.32211 0.032047 0.043052 -0.10566 0.16451 0.09448 0 0.12893 0.067684 0.22797 0.57703 0.33386 0.59721 0.06229 -0.078146 0.14069 0.074462 0.32461 -0.052336 0.094749 -0.046427 0.15118 0.02828 0.19473 0.11746 0.19994 0.1568 0.21012 0.12008 -0.043565 0.089841 0.037009 0.35271 -0.071027 0.31928 0.015114 0.046289 -0.16457 0.074827 0.10715 0.85679 0.083569 0.030542 0.20679 0.47677 0.28067
0.33923 0.22562 0.18419 0.25277 0.10878 -0.070242 -0.05827 -0.00055737 0.11003 0.37849 0.21493 0.18441 0.23236 0.083132 -0.083888 -0.061956 -0.031386 0.13248 0.22766 0.38547 0.44701 0.021974 0.061743 0.0094602 0.20905 0.43695 -0.16774 -0.11914 0.39622 0.050724 -0.30526 0.084054 -0.068239 0.36198 0.66943 0.17481 0.54676 0.12375 0.43144 0.36199 0.5742 0.06356 -0.065866 0.67239 0.48697 0.52752 0.12893 0 -0.090834 -0.044703 0.29745 0.59466 0.1857 0.37524 0.37237 0.0052572 0.018173 -0.04974 0.24816 0.29008 -0.16341 -0.092142 0.31467 0.035564 -0.27545 0.094559 -0.059225 0.29985 0.62891 0.20171 0.51332 0.11994 0.32396 0.33935 0.49665 0.12071 -0.033828 0.49925 0.40343 0.38192 0.10683 0.83947 -0.078352 -0.082242 0.2297 0.53141
-0.10457 -0.046556 -0.050356 -0.06848 -0.028962 0.054975 0.046219 -0.005308 -0.030498 -0.018494 -0.086412 -0.086015 -0.085355 -0.039604 0.039656 0.039873 -0.012559 -0.036756 0.1201 -0.12772 0.03162 -0.033374 0.031331 0.064482 0.1598 0.024171 0.13064 0.016041 -0.037662 -0.017402 0.28041 0.31459 0.051099 -0.068801 -0.049926 0.15421 0.043331 -0.05712 -0.014255 -0.073988 -0.051709 0.12211 0.044163 -0.12609 0.1095 -0.065659 0.067684 -0.090834 0 0.093185 -0.077435 -0.12834 0.041102 -0.14943 -0.10646 -0.029283 0.0083195 0.056391 -0.018234 0.0081533 0.05962 0.026623 -0.1032 -0.019381 0.15463 0.19324 0.029312 -0.056232 -0.16881 0.049343 -0.12597 -0.052966 0.0057151 -0.1576 -0.072736 -0.0057884 -0.011075 -0.25982 -0.026242 -0.054349 0.056433 -0.18875 0.21396 0.086346 -0.040533 -0.14586
-0.070763 -0.055588 -0.051197 -0.020891 -0.021528 0.15195 0.13489 0.00046627 -0.02109 -0.0079985 -0.077544 -0.071169 -0.046829 -0.012402 0.13481 0.1089 -0.013581 0.026999 0.16582 -0.041092 0.0077622 0.015263 0.10707 0.15356 0.10342 0.12018 0.050578 0.054559 0.050489 0.015963 0.18554 0.27976 0.096412 -0.010814 0.010362 0.080543 0.041804 -0.02095 0.040885 -0.048457 0.013243 0.050347 0.044397 -0.09456 0.062281 -0.012772 0.22797 -0.044703 0.093185 0 0.030549 0.025556 0.10043 -0.064592 -0.064495 0.0050819 0.039617 0.12477 0.010896 0.087415 0.033388 0.04623 -0.02949 0.028664 0.14009 0.2034 0.070343 -0.011831 -0.046894 0.019072 -0.02904 -0.033252 0.02885 -0.092014 -0.0073546 0.012321 0.008615 -0.15032 0.024266 -0.018469 0.19514 -0.08416 0.095502 0.17018 0.01778 0.0086076
0.043588 0.17389 0.080131 0.13983 0.064504 0.11457 0.015163 0.048442 0.12618 0.0434 0.17444 0.072953 0.13145 0.077372 0.095183 0.012036 0.04457 0.17131 0.15737 0.29738 -0.011728 0.20251 0.051638 0.12053 -0.00015017 -0.0010712 0.12419 0.12666 0.14293 0.27037 0.029164 -0.081196 0.091895 0.36595 0.13333 -0.076311 0.021547 0.32007 0.48904 0.21311 0.42026 0.13223 0.16214 0.092195 0.1956 0.18378 0.57703 0.29745 -0.077435 0.030549 0 0.51417 0.22426 0.30845 0.0018326 0.1971 0.038988 0.12472 0.014522 -0.011911 0.10569 0.11734 0.14194 0.24113 0.052087 -0.061455 0.10838 0.356 0.19099 -0.073719 0.10104 0.29312 0.45499 0.25597 0.41142 0.17971 0.17345 0.088995 0.20277 0.16747 0.54381 0.36378 -0.046135 -0.0069854 0.65833 0.47441
0.22393 0.28573 0.18591 0.35174 0.14355 0.080213 0.031955 0.085764 0.18203 0.21966 0.27814 0.19157 0.32261 0.12295 0.080566 0.028851 0.060526 0.19259 0.12154 0.56938 -0.039284 0.23414 0.10205 0.14292 -0.093285 0.10773 -0.032807 0.11616 0.33264 0.26923 -0.086478 -0.19449 0.039869 0.49164 0.38595 -0.1117 0.20486 0.35381 0.61009 0.35689 0.64085 0.056656 0.17716 0.26732 0.31719 0.37144 0.33386 0.59466 -0.12834 0.025556 0.51417 0 0.15706 0.54844 -0.0086059 0.22344 0.054948 0.097992 -0.050785 0.078151 0.00025246 0.11712 0.32298 0.24121 -0.060075 -0.15237 0.054099 0.45792 0.48929 -0.082177 0.34056 0.34297 0.53737 0.41132 0.61063 0.15814 0.19961 0.26013 0.33773 0.32258 0.2935 0.64771 -0.12926 -0.029351 0.41713 0.77604
-0.045534 -0.12826 -0.034151 -0.02575 -0.012268 0.03625 0.097731 -0.022999 -0.034484 -0.15418 -0.14763 -0.030644 -0.0013584 -0.019013 0.044034 0.10699 -0.014799 -0.0098962 0.66279 0.017255 0.049766 0.073689 0.020775 0.25354 0.057821 0.13604 -0.13654 0.14643 0.085282 0.084755 -0.034653 0.26439 0.035622 0.027734 0.26412 -0.0039997 0.27788 -0.016309 0.050728 -0.072054 0.12279 -0.03889 -0.088415 -0.0061541 0.038116 0.061145 0.59721 0.1857 0.041102 0.10043 0.22426 0.15706 0 0.030645 0.17724 0.079652 0.037222 0.27707 0.1777 0.21368 -0.13093 0.098809 0.1204 0.079938 -0.020752 0.44586 0.04431 0.04776 0.39143 0.17924 0.44422 -0.049985 0.10029 -0.039866 0.17063 0.030598 -0.037642 0.042939 0.25156 0.059296 0.71939 0.19011 0.056674 0.17294 0.19741 0.14572
