0,0.324124097824097,0.251756310462952,0.267059952020645,0.0822696536779404,-0.00918814446777105,-0.0901009067893028,0.0509249716997147,0.199748456478119,0.714809715747833,0.401431947946548,0.340688824653625,0.282173573970795,0.104897081851959,-0.000201627612113953,-0.0902742892503738,0.0333844572305679,0.254236668348312,-0.135725796222687,0.220941573381424,0.04622458294034,-0.0100188618525863,0.0271036867052317,-0.0618454478681087,0.034499567002058,0.141203537583351,0.080979011952877,-0.00422900635749102,0.187284722924232,-0.0133428033441305,-0.150604322552681,-0.105703473091125,0.00549036730080843,0.129256635904312,0.0759572237730026,-0.0670351609587669,0.0162701550871134,0.0935235917568207,0.0724330693483353,0.343467622995377,0.0877592340111732,0.167987018823624,0.0956388488411903,0.33858585357666,0.051628302782774,0.159814149141312,-0.148031547665596,0.339483022689819,-0.0942777842283249,-0.0561171136796474,0.0231929607689381,0.211325898766518,-0.0412249267101288,0.258455157279968,0.371342152357101,-0.00954523216933012,0.0367692708969116,-0.087143786251545,0.308963865041733,0.221550688147545,0.162020191550255,-0.00947147607803345,0.297248274087906,-0.03266292065382,-0.0393605977296829,0.1109713986516,0.0209988187998533,0.153295531868935,0.352814674377441,0.163967460393906,0.26029559969902,0.12578147649765,0.0825032740831375,0.42665109038353,0.191581726074219,0.279190331697464,0.161394834518433,0.550167679786682,0.352964878082275,0.174084305763245,-0.109745010733604,0.495671570301056,-0.021253814920783,-0.0821854695677757,0.0312526412308216,0.259983718395233
0.324124097824097,0,0.245944902300835,0.267648577690125,0.112643532454967,0.00552776595577598,-0.0813139751553535,0.0787535309791565,0.231445729732513,0.347092062234879,0.521725058555603,0.267241090536118,0.258458971977234,0.107331812381744,-0.0119231771677732,-0.101612493395805,0.0574581250548363,0.222923383116722,-0.105167359113693,0.260928958654404,0.0279830601066351,0.110457196831703,0.0158542487770319,-0.0633944422006607,0.0324249491095543,0.0316829420626163,0.131497383117676,0.0699473917484283,0.141357213258743,0.138138547539711,-0.0463634729385376,-0.124420255422592,0.006663603708148,0.180885389447212,0.09607894718647,-0.0852174535393715,7.40513205528259e-05,0.236444398760796,0.141700983047485,0.33520495891571,0.123852171003819,0.187541797757149,0.163087442517281,0.201437905430794,0.162159577012062,0.114313751459122,-0.103502295911312,0.228576213121414,-0.0570687800645828,-0.060212068259716,0.173345282673836,0.282797247171402,-0.118907384574413,0.262951225042343,0.0540905632078648,0.107183627784252,0.0123994210734963,-0.0822133868932724,0.0534131564199924,-0.0289024878293276,0.133412107825279,0.0569422096014023,0.129861831665039,0.102256760001183,-0.0288241989910603,-0.0994320288300514,-0.0194790046662092,0.125656694173813,0.152067095041275,-0.0431441143155098,0.0703718364238739,0.276839435100555,0.0891915857791901,0.320699572563171,0.0992648750543594,0.186743229627609,0.15599536895752,0.175545811653137,0.162180319428444,0.0521825887262821,-0.121988259255886,0.208629623055458,-0.0609379522502422,-0.0810527428984642,0.153964728116989,0.261381268501282
0.251756310462952,0.245944902300835,0,0.408687710762024,0.113330520689487,0.0324915684759617,-0.0151992654427886,0.154941603541374,0.141325429081917,0.274229049682617,0.277630716562271,0.601279258728027,0.398953497409821,0.07136519998312,0.0286372732371092,-0.0277671162039042,0.125125855207443,0.147872760891914,-0.0310404170304537,0.186096698045731,0.0868237316608429,0.0188048779964447,0.00662814453244209,-0.0468853786587715,-0.00153821962885559,0.0329346619546413,0.072321817278862,-0.0067556849680841,0.185782983899117,0.0317611247301102,-0.0169699341058731,-0.0868124216794968,-0.0343818515539169,0.0435419753193855,0.208126202225685,-0.035222627222538,0.123950466513634,0.0914796218276024,0.00125845824368298,0.195565864443779,0.0768397822976112,0.0797388404607773,0.17332224547863,0.221965700387955,0.18751448392868,0.0427163541316986,-0.0620920471847057,0.169587761163712,-0.0535204075276852,-0.0489191859960556,0.0718830898404121,0.17549666762352,-0.0218690298497677,0.17240147292614,0.0873918682336807,0.000568460614886135,0.0326287001371384,-0.0613961257040501,0.00567623460665345,0.006832055747509,0.0567586459219456,-0.00116405205335468,0.154621660709381,0.00957554392516613,-0.00939535163342953,-0.0829067975282669,-0.0221846513450146,0.0297443997114897,0.183060079813004,-0.0400551781058311,0.129193305969238,0.109138309955597,-0.0159894526004791,0.19347171485424,0.0824523866176605,0.0702421516180038,0.123999029397964,0.156362771987915,0.139851465821266,-0.00414147740229964,-0.0587348341941833,0.158207923173904,-0.0652215555310249,-0.0550875067710876,0.0755158513784409,0.169934302568436
0.267059952020645,0.267648577690125,0.408687710762024,0,0.204134970903397,0.0146417561918497,-0.000206701457500458,0.117361791431904,0.135640099644661,0.252076834440231,0.279400765895844,0.388614594936371,0.665619492530823,0.128965735435486,0.0145382173359394,-0.00658798171207309,0.102007292211056,0.144373938441277,-0.0475256815552711,0.292703598737717,-0.0531923100352287,0.0540311522781849,0.00934305693954229,-0.015448309481144,-0.109062105417252,0.0101144909858704,0.00454756943508983,0.0101389149203897,0.15154555439949,0.0626386478543282,-0.0279876757413149,-0.172853067517281,-0.0143801504746079,0.202324599027634,0.168851673603058,-0.110984161496162,0.0620800815522671,0.130969971418381,0.184662714600563,0.206004247069359,0.27702870965004,0.036927867680788,0.134325370192528,0.135481163859367,0.172328248620033,0.119097456336021,-0.0152244055643678,0.248873308300972,-0.069813497364521,-0.0190539713948965,0.122602619230747,0.353747934103012,-0.0115689020603895,0.284820795059204,-0.000184981152415276,0.0549753345549107,0.0102380020543933,-0.0273432694375515,-0.0588635206222534,-0.0201987456530333,0.0230181347578764,0.0143678169697523,0.158393800258636,0.0486037470400333,-0.0274229850620031,-0.139423757791519,0.0171462241560221,0.167009189724922,0.253843784332275,-0.0718523561954498,0.14940844476223,0.151214241981506,0.12173318862915,0.246271044015884,0.262401223182678,0.0774672329425812,0.139158114790916,0.163939729332924,0.179312452673912,0.0882951989769936,-0.0303449500352144,0.294735461473465,-0.0740570425987244,-0.057115726172924,0.117145195603371,0.352483510971069
0.0822696536779404,0.112643532454967,0.113330520689487,0.204134970903397,0,-0.00108832819387317,-0.0183274708688259,0.0228788517415524,0.057744313031435,0.098379448056221,0.109459452331066,0.119250766932964,0.181090131402016,0.0469017326831818,-0.00299731292761862,-0.0284042563289404,0.0256683975458145,0.0592465214431286,-0.012030215933919,0.103798426687717,-0.00407475233078003,0.0107824383303523,0.0159357544034719,-0.00555597385391593,-0.0208233557641506,0.00921260565519333,-0.0113258473575115,-0.00868410617113113,0.0787611901760101,0.0124729666858912,-0.0266612861305475,-0.0352473445236683,-0.0107728419825435,0.0213200617581606,0.0744202882051468,0.00469352304935455,0.0560786426067352,0.0550177842378616,0.0677726492285728,0.0873463973402977,0.0873707383871078,0.00829007849097252,0.0591021366417408,0.069530114531517,0.0679479911923409,0.0128502761945128,0.00880360510200262,0.108181744813919,-0.0304309763014317,-0.0193557366728783,0.0634564235806465,0.144564256072044,-0.00567033840343356,0.110926851630211,-0.0257625374943018,0.00634437659755349,-0.0145910801365972,-0.0288158766925335,-0.0394012629985809,-0.01396459992975,-0.00554122216999531,-0.000864167464897037,0.0666300430893898,0.000732735614292324,-0.0248120632022619,-0.0454215668141842,-0.0203420650213957,0.0307471193373203,0.0865945965051651,-0.00694470014423132,0.0652840957045555,0.0575952753424644,0.0553833097219467,0.0742095559835434,0.0765381455421448,-0.00145531806629151,0.0281203091144562,0.0407294631004333,0.0490278154611588,-0.0104250451549888,-0.00655910931527615,0.0990322902798653,-0.0457651205360889,-0.0245923493057489,0.0424796789884567,0.134494066238403
-0.00918814446777105,0.00552776595577598,0.0324915684759617,0.0146417561918497,-0.00108832819387317,0,0.173779428005219,0.0208062492311001,0.0849492624402046,0.0482653342187405,-0.00812064856290817,0.0196186453104019,0.0103117721155286,-0.0153240729123354,0.446597635746002,0.182658761739731,0.0413768328726292,0.0693940967321396,0.0763013958930969,0.0552600584924221,0.141320392489433,0.109501585364342,0.133827656507492,0.232211127877235,0.248179525136948,0.125505983829498,0.337032526731491,0.129574313759804,0.0933465510606766,0.141627416014671,0.301557838916779,0.205264240503311,0.276315450668335,0.089378148317337,-0.0230804812163115,0.0204485580325127,-0.0247110221534967,0.100556343793869,0.105073094367981,0.103336930274963,0.0735486522316933,0.26762193441391,0.220036625862122,0.00421887543052435,0.171284139156342,0.0932267233729362,0.227609917521477,-0.0509768351912498,0.0564818680286407,0.158513009548187,0.131697133183479,0.104774728417397,0.051915243268013,0.0427106879651546,0.0115373823791742,0.0883472710847855,0.088731162250042,0.222687795758247,0.132952451705933,0.105385653674603,0.285460829734802,0.137835368514061,0.0276595205068588,0.128391817212105,0.274682223796844,0.134433522820473,0.23582549393177,0.0806147754192352,-0.0957874208688736,-0.0520239174365997,-0.0693560466170311,0.0719287768006325,0.114418134093285,0.0454999208450317,0.0740324184298515,0.225341260433197,0.156026482582092,-0.0740226879715919,0.0856198072433472,0.0580736100673676,0.196792796254158,-0.0674730539321899,0.0490759089589119,0.12365484982729,0.117663562297821,0.0796196460723877
-0.0901009067893028,-0.0813139751553535,-0.0151992654427886,-0.000206701457500458,-0.0183274708688259,0.173779428005219,0,-0.0114444261416793,-0.00330047612078488,-0.0420287400484085,-0.110879920423031,-0.0437108092010021,-0.0221968851983547,-0.0248663704842329,0.182832613587379,0.260332375764847,-0.0124284820631146,-0.0313756130635738,0.154081076383591,-0.0237911399453878,0.0426856614649296,0.0262006092816591,0.0767235830426216,0.192557469010353,0.0777157098054886,0.132005825638771,0.00334689626470208,0.0717762410640717,0.0114087769761682,0.045842882245779,0.17306923866272,0.158898055553436,0.0758687034249306,0.0175197888165712,0.0241635702550411,0.0717133358120918,0.0655051097273827,-0.00672010006383061,0.0532080382108688,-0.123251415789127,0.0740338787436485,-0.030794994905591,-0.000363430910510942,-0.133277282118797,0.0579971671104431,0.0392649732530117,0.231615647673607,-0.0546393692493439,0.0470005609095097,0.132956892251968,0.0181115381419659,0.0384115166962147,0.107525266706944,-0.0451155751943588,-0.0627365335822105,0.0165524147450924,0.0246100574731827,0.170818611979485,-0.0208935178816319,0.0888820290565491,-0.0252912789583206,0.0631220117211342,-0.0190800540149212,0.0425774529576302,0.0972511544823647,0.0811149403452873,0.0641735419631004,0.0240714270621538,-0.0488250628113747,-0.0262634214013815,-0.019659299403429,-0.0286030564457178,0.0580435246229172,-0.133682742714882,0.0750529915094376,-0.0476026758551598,-0.0174312982708216,-0.182644352316856,-0.0135495038703084,0.0462511442601681,0.192266553640366,-0.105026371777058,0.0283969938755035,0.113601915538311,0.00635776203125715,0.0126705449074507
0.0509249716997147,0.0787535309791565,0.154941603541374,0.117361791431904,0.0228788517415524,0.0208062492311001,-0.0114444261416793,0,0.0570959970355034,0.032991424202919,0.0768772289156914,0.137314170598984,0.113558448851109,0.0141691938042641,0.0353617668151855,0.00477461330592632,0.110367432236671,0.0662650465965271,-0.0283741969615221,0.0904253646731377,-0.0628829672932625,0.035625334829092,0.000260507687926292,-0.00339041138067842,-0.0467586405575275,-0.0247969850897789,0.0537125878036022,0.0260474979877472,0.0280179791152477,0.0234399940818548,0.064246729016304,-0.0647097453474998,0.0239755380898714,0.0548057891428471,-0.0254679974168539,-0.0908263996243477,-0.0742637291550636,0.0567298270761967,0.028269836679101,0.0698559656739235,0.0214007683098316,0.0456622615456581,0.114369928836823,-0.00276612909510732,0.0133097134530544,0.0172349102795124,0.00734337838366628,0.00895636808127165,-0.00608264142647386,0.0034276838414371,0.0476504191756248,0.0885061323642731,-0.016724394634366,0.0799732878804207,-0.0392327420413494,0.0375443436205387,-0.00385203724727035,0.00703957863152027,-0.0241632461547852,0.00529914582148194,0.0685209184885025,0.0422928854823112,0.0363556556403637,0.0179219394922256,0.0588468536734581,-0.0449327453970909,0.0146319298073649,0.0547527484595776,0.00305607542395592,-0.0902866199612617,-0.0140900816768408,0.0634929165244102,0.0198807157576084,0.0747667700052261,0.0407520607113838,0.0576266124844551,0.0987388417124748,0.0195285957306623,0.0326048731803894,0.0170019455254078,0.0169704295694828,0.0611141994595528,-0.0192080475389957,0.00235018157400191,0.0590844489634037,0.0903641134500504
0.199748456478119,0.231445729732513,0.141325429081917,0.135640099644661,0.057744313031435,0.0849492624402046,-0.00330047612078488,0.0570959970355034,0,0.219767391681671,0.240653395652771,0.132875680923462,0.13321653008461,0.0594628416001797,0.0736182779073715,-0.0206400137394667,0.0487206019461155,0.204007908701897,-0.0391381643712521,0.162501364946365,0.00393072189763188,0.0770397037267685,0.018187565729022,0.00783076137304306,0.0261672008782625,0.00386236375197768,0.118788599967957,0.019760861992836,0.0760250762104988,0.106618300080299,0.0178394392132759,-0.0542462691664696,0.0663254112005234,0.129960939288139,0.0335457473993301,-0.0634385570883751,-0.014813719317317,0.176068276166916,0.106103330850601,0.186092525720596,0.081777036190033,0.147450566291809,0.131718546152115,0.0984114110469818,0.0786943808197975,0.0571415014564991,0.00496663525700569,0.118181936442852,-0.0316372327506542,-0.0217757113277912,0.128224432468414,0.184419199824333,-0.0269532650709152,0.175170555710793,0.0392709895968437,0.0702190101146698,0.0266460869461298,-0.00913601461797953,0.0530725978314877,0.011785140261054,0.142725795507431,0.0110732046887279,0.0874285772442818,0.0976606234908104,0.0524200461804867,-0.013460555113852,0.0391455553472042,0.0875433534383774,0.0847431197762489,-0.0365746282041073,0.0408567078411579,0.185284972190857,0.083935983479023,0.181174919009209,0.0770361125469208,0.166157692670822,0.138008579611778,0.103035479784012,0.119687169790268,0.0191144626587629,-0.00135020271409303,0.148062035441399,-0.0406305566430092,-0.00917966850101948,0.127129435539246,0.176952823996544
0.714809715747833,0.347092062234879,0.274229049682617,0.252076834440231,0.098379448056221,0.0482653342187405,-0.0420287400484085,0.032991424202919,0.219767391681671,0,0.322258651256561,0.271061480045319,0.215762421488762,0.0974430069327354,0.0396746769547462,-0.0568331442773342,0.0253423545509577,0.222428292036057,-0.0805486142635345,0.219211086630821,0.221402034163475,0.0393395349383354,0.0499530434608459,-0.0943932682275772,0.161604925990105,0.207869112491608,0.127090498805046,-0.0799019187688828,0.192054450511932,0.0188246928155422,-0.0312684066593647,0.024164903908968,0.0345741994678974,0.196578100323677,0.197246879339218,0.0701492130756378,0.164258882403374,0.128742873668671,0.266214907169342,0.30107119679451,0.279084652662277,0.209032297134399,0.0849677696824074,0.423276752233505,0.253001034259796,0.235139191150665,-0.107183665037155,0.375492572784424,-0.0283850263804197,-0.00745897041633725,0.0378492623567581,0.224734425544739,-0.14561302959919,0.171129390597343,0.107419110834599,0.0264284461736679,0.0261598005890846,-0.106795683503151,0.0746336728334427,0.103150904178619,0.0799345299601555,-0.0462579280138016,0.0955347269773483,0.0198467280715704,-0.0319721549749374,-0.00977711472660303,0.0227501913905144,0.142298430204391,0.140592709183693,0.0229539070278406,0.0363900698721409,0.155255287885666,0.14684396982193,0.26265224814415,0.172810152173042,0.129283338785172,0.0550360307097435,0.224861279129982,0.069861464202404,0.0864469558000565,-0.100181981921196,0.325167745351791,-0.0578284040093422,-0.0642165988683701,0.0403151325881481,0.193269148468971
0.401431947946548,0.521725058555603,0.277630716562271,0.279400765895844,0.109459452331066,-0.00812064856290817,-0.110879920423031,0.0768772289156914,0.240653395652771,0.322258651256561,0,0.333914250135422,0.306221961975098,0.118349798023701,-0.0274673849344254,-0.113806933164597,0.0970754772424698,0.262864977121353,-0.175753951072693,0.291753739118576,-0.0256040748208761,0.0943674296140671,0.0139378746971488,-0.0809649601578712,-0.0175049379467964,-0.0260992646217346,0.136864826083183,0.0524707660079002,0.128673657774925,0.120176285505295,-0.0782377421855927,-0.199731647968292,0.00727237341925502,0.134809955954552,0.0184402242302895,-0.155208364129066,-0.0578151904046535,0.244213715195656,0.073042057454586,0.349033534526825,0.0729359537363052,0.189556986093521,0.190930306911469,0.185475915670395,0.0872759446501732,0.0771183222532272,-0.1528450101614,0.221722692251205,-0.0966782420873642,-0.0822855830192566,0.179140359163284,0.277427285909653,-0.1429283618927,0.311195254325867,0.138330534100533,0.103651933372021,0.00177931878715754,-0.111582085490227,0.127803176641464,-0.0328651815652847,0.191139861941338,0.026882566511631,0.180978164076805,0.0864529833197594,-0.030705239623785,-0.0805910304188728,-0.00430730124935508,0.149117335677147,0.229698091745377,-0.0193806011229753,0.143457546830177,0.289932668209076,0.0580347292125225,0.401530802249908,0.116601966321468,0.255680680274963,0.206689402461052,0.28975921869278,0.254617780447006,0.0538037270307541,-0.141986593604088,0.294286042451859,-0.0492544136941433,-0.11635559797287,0.171578630805016,0.299859046936035
0.340688824653625,0.267241090536118,0.601279258728027,0.388614594936371,0.119250766932964,0.0196186453104019,-0.0437108092010021,0.137314170598984,0.132875680923462,0.271061480045319,0.333914250135422,0,0.422045111656189,0.0884847491979599,0.0238255430012941,-0.0232304520905018,0.152018323540688,0.150857046246529,-0.0639578923583031,0.19506610929966,0.038812555372715,-0.00445733731612563,-0.0065796198323369,-0.0618273504078388,-0.0295322854071856,0.0144970305263996,0.0734639167785645,0.00385274505242705,0.176733881235123,0.0145572191104293,-0.051413256675005,-0.141085624694824,-0.0364900231361389,0.035415280610323,0.18018750846386,-0.0619400814175606,0.10922846198082,0.0978771075606346,0.00731755793094635,0.217133104801178,0.0651403814554214,0.0596759393811226,0.170102849602699,0.203632086515427,0.114755354821682,0.0606841668486595,-0.0815073698759079,0.171636864542961,-0.0828266441822052,-0.0619237162172794,0.0696598812937737,0.180879130959511,-0.0175833087414503,0.232745975255966,0.155634000897408,-0.0291136167943478,0.0226015597581863,-0.0771420896053314,0.0549431219696999,0.0324528738856316,0.0754478275775909,-0.0160790160298347,0.223387017846107,-0.00864019244909286,-0.00928162876516581,-0.0616817995905876,-0.00157648103777319,0.0462600030004978,0.262511044740677,0.0312730371952057,0.215039551258087,0.112187661230564,-0.0369185544550419,0.256257921457291,0.0839063599705696,0.109166942536831,0.182995676994324,0.258688449859619,0.205765545368195,0.0192193929105997,-0.0770261883735657,0.215999200940132,-0.0627395063638687,-0.0555614307522774,0.0606084503233433,0.210566684603691
0.282173573970795,0.258458971977234,0.398953497409821,0.665619492530823,0.181090131402016,0.0103117721155286,-0.0221968851983547,0.113558448851109,0.13321653008461,0.215762421488762,0.306221961975098,0.422045111656189,0,0.148934155702591,0.0152266472578049,-0.0026793135330081,0.122489795088768,0.157802283763885,-0.0406445600092411,0.270943582057953,-0.0526714846491814,0.0461104512214661,0.0147707052528858,-0.0201844982802868,-0.103717215359211,0.00215927651152015,-0.0087398337200284,0.0293600056320429,0.143625885248184,0.0534783415496349,-0.0618955232203007,-0.17388117313385,-0.0143547477200627,0.172877043485641,0.149247959256172,-0.119156196713448,0.0559920780360699,0.129040166735649,0.114387191832066,0.21158729493618,0.220818638801575,0.023953802883625,0.123268619179726,0.120213352143764,0.14032806456089,0.100978508591652,-0.0306642949581146,0.22741262614727,-0.083989791572094,-0.0409198217093945,0.118031211197376,0.321697056293488,0.0176104418933392,0.28886467218399,0.00800641067326069,0.0400002300739288,0.0162812173366547,-0.0166859552264214,-0.0503262840211391,0.0163194481283426,0.00973062962293625,0.0258143320679665,0.184728667140007,0.0390080586075783,-0.0406611226499081,-0.127808883786201,0.00796664599329233,0.168710127472878,0.277924865484238,-0.0564930848777294,0.181873559951782,0.146599918603897,0.118090659379959,0.248418152332306,0.28240892291069,0.0732749775052071,0.135193958878517,0.177119940519333,0.187536716461182,0.0868570730090141,0.000507425458636135,0.303426682949066,-0.0945851355791092,-0.0505253449082375,0.118576496839523,0.374936819076538
0.104897081851959,0.107331812381744,0.07136519998312,0.128965735435486,0.0469017326831818,-0.0153240729123354,-0.0248663704842329,0.0141691938042641,0.0594628416001797,0.0974430069327354,0.118349798023701,0.0884847491979599,0.148934155702591,0,-0.00884466525167227,-0.026620876044035,0.00868895649909973,0.0947915837168694,-0.0185482371598482,0.128501772880554,-0.0388100743293762,0.0260002352297306,0.0131767382845283,-0.0214793384075165,-0.0303879883140326,-0.020855188369751,0.00556117435917258,-0.0144152827560902,0.0320759117603302,0.0257305987179279,-0.0354596786201,-0.0617273822426796,0.00377807137556374,0.0620471090078354,0.0241963267326355,-0.0478920713067055,-0.0101383756846189,0.0638530999422073,0.0662800446152687,0.0867706015706062,0.0710056945681572,0.0379397086799145,0.0581845007836819,0.0363491587340832,0.0533103570342064,0.0170339029282331,-0.0129400799050927,0.0853509455919266,-0.0460831262171268,-0.0139960581436753,0.0730452910065651,0.123924039304256,-0.0144701870158315,0.108243815600872,0.00159404380246997,0.0281033162027597,0.00266243726946414,-0.0205326154828072,-0.00490633025765419,-0.0146456314250827,0.0287361349910498,-0.0154234748333693,0.0289646405726671,0.0291651971638203,-0.0171401035040617,-0.0318454653024673,-0.00693045184016228,0.0776253640651703,0.0814942643046379,-0.0367485396564007,0.0537447892129421,0.0785708054900169,0.0735390931367874,0.0896511003375053,0.0915397480130196,0.050714448094368,0.0728780850768089,0.0567252635955811,0.0926448777318001,0.00736182276159525,-0.0117476312443614,0.11438050866127,-0.0260463897138834,-0.0241931490600109,0.0642497539520264,0.137944489717484
-0.000201627612113953,-0.0119231771677732,0.0286372732371092,0.0145382173359394,-0.00299731292761862,0.446597635746002,0.182832613587379,0.0353617668151855,0.0736182779073715,0.0396746769547462,-0.0274673849344254,0.0238255430012941,0.0152266472578049,-0.00884466525167227,0,0.230065792798996,0.04176976531744,0.0646795034408569,0.0630767866969109,0.0585584156215191,0.125061690807343,0.0891881510615349,0.114131763577461,0.243633314967155,0.227248653769493,0.126047000288963,0.310848027467728,0.122513107955456,0.10434577614069,0.116252116858959,0.308574140071869,0.175722688436508,0.280101716518402,0.0900666415691376,-0.0237121265381575,-0.00722879217937589,-0.0402051098644733,0.0779497995972633,0.0960974171757698,0.0820065960288048,0.0796179845929146,0.248686745762825,0.226351574063301,-0.0159823466092348,0.163101822137833,0.0837809070944786,0.21978597342968,-0.0632491409778595,0.0481847822666168,0.138400092720985,0.11168946325779,0.112638026475906,0.0578540414571762,0.0595860630273819,0.0562479421496391,0.0799007341265678,0.103789009153843,0.236396729946136,0.154780730605125,0.14121288061142,0.287960171699524,0.112212285399437,0.0714623555541039,0.107228480279446,0.264255583286285,0.149897173047066,0.278381109237671,0.0780275091528893,-0.0597226321697235,-0.0488402135670185,-0.044463399797678,0.0616398938000202,0.126145035028458,0.0652147829532623,0.0812446996569633,0.239572018384933,0.179186940193176,-0.0459197238087654,0.117328226566315,0.0737150087952614,0.2196936160326,-0.0386501774191856,0.0338194631040096,0.139498308300972,0.1146579682827,0.109309434890747
-0.0902742892503738,-0.101612493395805,-0.0277671162039042,-0.00658798171207309,-0.0284042563289404,0.182658761739731,0.260332375764847,0.00477461330592632,-0.0206400137394667,-0.0568331442773342,-0.113806933164597,-0.0232304520905018,-0.0026793135330081,-0.026620876044035,0.230065792798996,0,0.0189789794385433,-0.00745164602994919,0.118005223572254,-0.0190399345010519,0.0395028106868267,0.0207112561911345,0.0757290571928024,0.181619450449944,0.0533565320074558,0.124150305986404,-0.00478067342191935,0.0259854085743427,0.0217415131628513,0.0349701158702374,0.138754963874817,0.113732248544693,0.10215101391077,0.0287995263934135,0.016046654433012,0.0334680452942848,0.0472690314054489,-0.0454902090132236,0.0507527440786362,-0.10378023982048,0.0801371112465858,-0.0265963692218065,0.00391810992732644,-0.109044402837753,0.0438443869352341,0.0421032011508942,0.20019756257534,-0.0526765026152134,0.0410893112421036,0.10499282926321,0.0169195551425219,0.0475105829536915,0.115049511194229,-0.0232828799635172,-0.0190223790705204,0.0100092766806483,0.0442662909626961,0.184911027550697,0.00363327492959797,0.129915371537209,-0.0237878747284412,0.0198932122439146,0.00814238376915455,0.026971498504281,0.103368744254112,0.0818324908614159,0.104729659855366,0.0300639998167753,-0.00190279074013233,-0.0145541485399008,0.0282611362636089,-0.063199058175087,0.0637523457407951,-0.118037596344948,0.0862391442060471,-0.0362108387053013,-0.0272790193557739,-0.129293709993362,0.00598393520340323,0.0487222224473953,0.213554665446281,-0.0578825175762177,0.025932814925909,0.135643616318703,0.00762932933866978,0.0459542647004128
0.0333844572305679,0.0574581250548363,0.125125855207443,0.102007292211056,0.0256683975458145,0.0413768328726292,-0.0124284820631146,0.110367432236671,0.0487206019461155,0.0253423545509577,0.0970754772424698,0.152018323540688,0.122489795088768,0.00868895649909973,0.04176976531744,0.0189789794385433,0,0.071202851831913,-0.0235344376415014,0.0909116566181183,-0.0514138266444206,0.0344488210976124,0.0138494418933988,-0.000598889717366546,-0.0207636766135693,-0.0335832834243774,0.0761770382523537,0.0305424444377422,0.0191218890249729,0.0367265641689301,0.0527939088642597,-0.0679360181093216,0.00990495923906565,0.0368773527443409,-0.0208162385970354,-0.0766545832157135,-0.0592502653598785,0.0473225302994251,0.00964270904660225,0.06312096118927,0.00238469638861716,0.0697726234793663,0.121082156896591,-0.0123942336067557,0.0244068335741758,0.0115608619526029,0.0141378715634346,-0.0210320390760899,-0.0103715872392058,-0.0124007100239396,0.0416018851101398,0.0615077540278435,-0.0137638738378882,0.078432634472847,-0.0415135994553566,0.0364252738654613,0.00770581187680364,0.0234583988785744,-0.0231211371719837,-0.0154114319011569,0.0682169497013092,0.0263588819652796,0.0237652864307165,0.0283959489315748,0.0451681986451149,-0.0406516566872597,0.0258383303880692,0.0443212203681469,-0.0140751162543893,-0.104945190250874,-0.0246016941964626,0.0514902174472809,0.00286220014095306,0.0687883198261261,0.00654746731743217,0.0713584795594215,0.11423633992672,0.012231751345098,0.0143627161160111,0.0117845945060253,0.0224957093596458,0.0201039277017117,-0.0111801316961646,-0.00202088989317417,0.0501330010592937,0.0720352306962013
0.254236668348312,0.222923383116722,0.147872760891914,0.144373938441277,0.0592465214431286,0.0693940967321396,-0.0313756130635738,0.0662650465965271,0.204007908701897,0.222428292036057,0.262864977121353,0.150857046246529,0.157802283763885,0.0947915837168694,0.0646795034408569,-0.00745164602994919,0.071202851831913,0,-0.0424393564462662,0.165438175201416,0.0320059768855572,0.0652652606368065,0.0334506593644619,0.0161506813019514,0.0549520328640938,0.0293284095823765,0.116851091384888,0.0238184574991465,0.0965705886483192,0.101915694773197,0.0139112863689661,-0.0233815982937813,0.0703501626849174,0.103299766778946,0.0249007251113653,-0.054595734924078,-0.00331583339720964,0.171872496604919,0.0940723195672035,0.183916702866554,0.0747228190302849,0.154197052121162,0.134239971637726,0.108746409416199,0.0867547988891602,0.0626382082700729,0.0242715589702129,0.145572513341904,-0.0375402793288231,0.0300389491021633,0.175837740302086,0.19172129034996,-0.00338261038996279,0.182274356484413,0.0956278890371323,0.0755813047289848,0.0192165952175856,0.0105503387749195,0.105937302112579,0.0287024471908808,0.144150123000145,0.0279671102762222,0.116553530097008,0.0953021645545959,0.0592416115105152,0.0233988594263792,0.0588268786668777,0.123365595936775,0.116313487291336,0.00973688252270222,0.0843453705310822,0.189133062958717,0.0839824974536896,0.198501735925674,0.0922796651721001,0.190295919775963,0.143719285726547,0.144160568714142,0.166594550013542,0.0534437112510204,0.0278159081935883,0.172028258442879,-0.000726873870007694,-0.0052370079793036,0.142277508974075,0.216297462582588
-0.135725796222687,-0.105167359113693,-0.0310404170304537,-0.0475256815552711,-0.012030215933919,0.0763013958930969,0.154081076383591,-0.0283741969615221,-0.0391381643712521,-0.0805486142635345,-0.175753951072693,-0.0639578923583031,-0.0406445600092411,-0.0185482371598482,0.0630767866969109,0.118005223572254,-0.0235344376415014,-0.0424393564462662,0,-0.031297255307436,0.195188358426094,0.0387298353016376,0.0394064337015152,0.279091835021973,0.213967084884644,0.274499267339706,-0.156420290470123,0.0932422950863838,0.0682496652007103,0.075428307056427,0.0328993797302246,0.55486673116684,0.013866251334548,-0.0304169151932001,0.50159215927124,0.197721526026726,0.5420241355896,-0.0145295159891248,0.0530064441263676,-0.115602992475033,0.161813154816628,-0.0492087863385677,-0.127762258052826,-0.0136778503656387,0.163375839591026,0.0537445060908794,0.758765935897827,0.210882231593132,0.105892218649387,0.159398794174194,0.210071101784706,0.148198664188385,0.719017446041107,-0.0313394814729691,0.0487022735178471,0.0152565473690629,0.0245941858738661,0.241539031267166,0.0713558197021484,0.212260097265244,-0.179232820868492,0.0835196971893311,0.0343208461999893,0.0639063119888306,-0.0358290895819664,0.357474446296692,0.0411503612995148,-0.0159325897693634,0.265390396118164,0.179726243019104,0.310483455657959,-0.0655861422419548,0.0943367034196854,-0.1781305372715,0.120115146040916,-0.0948525294661522,-0.103266336023808,-0.0795803889632225,0.0788127407431602,0.0318279229104519,0.663885831832886,0.0581691227853298,0.0874262452125549,0.175629884004593,0.204246565699577,0.119744509458542
0.220941573381424,0.260928958654404,0.186096698045731,0.292703598737717,0.103798426687717,0.0552600584924221,-0.0237911399453878,0.0904253646731377,0.162501364946365,0.219211086630821,0.291753739118576,0.19506610929966,0.270943582057953,0.128501772880554,0.0585584156215191,-0.0190399345010519,0.0909116566181183,0.165438175201416,-0.031297255307436,0,-0.116341024637222,0.182137787342072,0.0466742888092995,0.0455157049000263,-0.116207875311375,-0.00788018200546503,0.0177303664386272,0.0290328878909349,0.209918513894081,0.20352378487587,-0.0750593021512032,-0.27206164598465,0.0317919291555882,0.413778901100159,0.19148987531662,-0.222417548298836,0.0209146942943335,0.28008309006691,0.339381635189056,0.40531986951828,0.414460420608521,0.0972079038619995,0.291261732578278,0.233197391033173,0.339157521724701,0.27545839548111,0.0686871632933617,0.398582994937897,-0.128711149096489,-0.0442591123282909,0.289893835783005,0.560402393341064,0.0307476315647364,0.58412367105484,-0.0999869704246521,0.193608000874519,0.00631188089028001,0.032512079924345,-0.0952143222093582,0.0168017018586397,0.0639703795313835,0.0363919138908386,0.196701914072037,0.179734200239182,-0.0352174006402493,-0.229972183704376,0.0514535196125507,0.39479860663414,0.297929167747498,-0.226724699139595,0.115336783230305,0.281492561101913,0.291053384542465,0.427236974239349,0.405008226633072,0.158305004239082,0.28645646572113,0.221223622560501,0.298434227705002,0.221060305833817,0.0651163384318352,0.462592899799347,-0.157491862773895,-0.079692617058754,0.237557351589203,0.555567860603333
0.04622458294034,0.0279830601066351,0.0868237316608429,-0.0531923100352287,-0.00407475233078003,0.141320392489433,0.0426856614649296,-0.0628829672932625,0.00393072189763188,0.221402034163475,-0.0256040748208761,0.038812555372715,-0.0526714846491814,-0.0388100743293762,0.125061690807343,0.0395028106868267,-0.0514138266444206,0.0320059768855572,0.195188358426094,-0.116341024637222,0,-0.146208316087723,0.0665889605879784,0.173447847366333,0.688869476318359,0.53535532951355,0.193748414516449,-0.0537768192589283,0.264166414737701,-0.0972076058387756,0.116167813539505,0.488450706005096,0.156888753175735,-0.121025070548058,0.519997239112854,0.446742504835129,0.508724868297577,-0.118941530585289,-0.0539152547717094,0.114427633583546,0.0827193260192871,0.292207032442093,-0.0406619980931282,0.681282639503479,0.337383180856705,0.299676090478897,0.079213835299015,0.39505273103714,0.0120275476947427,0.0198564641177654,-0.00995652098208666,-0.049846924841404,0.0354753397405148,-0.108466848731041,0.660432100296021,-0.197189956903458,0.0658438503742218,0.0893702581524849,0.510502696037292,0.277431607246399,0.0615364611148834,-0.023240165784955,0.10313742607832,-0.0943560376763344,0.0657048597931862,0.327761441469193,0.111796304583549,-0.109373658895493,0.254544883966446,0.360678523778915,0.206256061792374,-0.124320089817047,-0.0429257415235043,0.00232473155483603,0.0118605783209205,0.151680573821068,-0.0966337621212006,0.302692323923111,0.0744703188538551,0.110910840332508,0.057612631469965,0.060680590569973,0.0588640905916691,0.0234378930181265,-0.00244462420232594,-0.0897249951958656
-0.0100188618525863,0.110457196831703,0.0188048779964447,0.0540311522781849,0.0107824383303523,0.109501585364342,0.0262006092816591,0.035625334829092,0.0770397037267685,0.0393395349383354,0.0943674296140671,-0.00445733731612563,0.0461104512214661,0.0260002352297306,0.0891881510615349,0.0207112561911345,0.0344488210976124,0.0652652606368065,0.0387298353016376,0.182137787342072,-0.146208316087723,0,0.0186149757355452,0.306259214878082,0.053481075912714,-0.144745275378227,0.147922679781914,0.213921785354614,0.0505165420472622,0.918686091899872,0.0197057910263538,-0.163638189435005,0.18775899708271,0.395843893289566,-0.0699690878391266,-0.168820351362228,-0.118851289153099,0.877604484558105,0.353889644145966,0.0906225964426994,0.309287160634995,0.304418057203293,0.0879319384694099,-0.0140170063823462,0.118376977741718,0.656760811805725,0.16194087266922,0.0463007241487503,-0.0312091410160065,0.0109555618837476,0.230267286300659,0.262248814105988,0.0834722518920898,0.176887318491936,-0.258453279733658,0.973790466785431,0.00487183546647429,0.353793084621429,-0.0532902255654335,-0.0723014026880264,0.176633194088936,0.274193316698074,-0.00571976974606514,0.906344592571259,-0.000182786025106907,-0.207022771239281,0.194590047001839,0.365633428096771,-0.100765511393547,-0.231704220175743,-0.144782543182373,0.840006709098816,0.385845541954041,0.0901626199483871,0.321684986352921,0.326344549655914,0.0934225991368294,-0.102316431701183,0.0123552596196532,0.585775017738342,0.154758438467979,0.0746107995510101,-0.0706492140889168,0.0111178271472454,0.194431215524673,0.235838502645493
0.0271036867052317,0.0158542487770319,0.00662814453244209,0.00934305693954229,0.0159357544034719,0.133827656507492,0.0767235830426216,0.000260507687926292,0.018187565729022,0.0499530434608459,0.0139378746971488,-0.0065796198323369,0.0147707052528858,0.0131767382845283,0.114131763577461,0.0757290571928024,0.0138494418933988,0.0334506593644619,0.0394064337015152,0.0466742888092995,0.0665889605879784,0.0186149757355452,0,0.163421422243118,0.113249413669109,0.13959102332592,0.0606354475021362,0.038900300860405,0.091753713786602,0.0432381182909012,0.0981135293841362,0.104673244059086,0.104098178446293,0.031950406730175,0.0566570423543453,0.0358234569430351,0.0625398531556129,0.0227799750864506,0.0539185516536236,0.041443832218647,0.0604677200317383,0.0434672795236111,0.060811772942543,0.0390128120779991,0.0685799643397331,0.0828883126378059,0.108933426439762,0.0643351525068283,0.0269312802702188,0.102999739348888,0.0503474399447441,0.100987143814564,0.0243748351931572,0.0255744326859713,0.0378793850541115,0.00513808755204082,0.0496625080704689,0.136391311883926,0.0834496542811394,0.111838653683662,0.0590190477669239,0.023784751072526,0.0591580681502819,0.0406988449394703,0.0888617932796478,0.0787036716938019,0.0856446921825409,0.00899705104529858,0.0503626614809036,0.0200157798826694,0.0350999683141708,0.0120512060821056,0.0403812453150749,0.0267514940351248,0.0496149584650993,0.0626456066966057,0.0329093486070633,-0.00312698492780328,0.0493795610964298,0.0703960284590721,0.0836265161633492,0.0369673743844032,0.014264514669776,0.0484376214444637,0.0298594161868095,0.0885804742574692
-0.0618454478681087,-0.0633944422006607,-0.0468853786587715,-0.015448309481144,-0.00555597385391593,0.232211127877235,0.192557469010353,-0.00339041138067842,0.00783076137304306,-0.0943932682275772,-0.0809649601578712,-0.0618273504078388,-0.0201844982802868,-0.0214793384075165,0.243633314967155,0.181619450449944,-0.000598889717366546,0.0161506813019514,0.279091835021973,0.0455157049000263,0.173447847366333,0.306259214878082,0.163421422243118,0,0.342349946498871,0.365307182073593,0.0768837854266167,0.550165891647339,0.110038161277771,0.518348813056946,0.190140649676323,0.190093412995338,0.350522100925446,0.107537031173706,0.133623689413071,0.0333488769829273,0.10117020457983,0.277130603790283,0.119108185172081,-0.0587123297154903,0.158265843987465,0.0952768251299858,0.0426558256149292,-0.00865886732935905,0.0886054039001465,0.490108102560043,0.350326865911484,0.0330502204596996,0.0612580664455891,0.154290601611137,0.130948066711426,0.169406145811081,0.295183449983597,0.0590778291225433,0.0492628514766693,0.279102355241776,0.106023386120796,0.831787467002869,0.232026949524879,0.384780138731003,0.0732438489794731,0.517052054405212,0.0913186296820641,0.517185211181641,0.154494687914848,0.19966696202755,0.377211481332779,0.112843506038189,0.126777619123459,-0.0167736541479826,0.148745119571686,0.192826673388481,0.158877164125443,-0.0423440299928188,0.188718155026436,0.148015320301056,0.0404963754117489,-0.0510579310357571,0.0663751438260078,0.492506980895996,0.303765833377838,0.0198148991912603,0.0470128953456879,0.141853362321854,0.111582890152931,0.133582204580307
