0,0.305216938257217,0.237417668104172,0.261171340942383,0.074845664203167,-0.0330623425543308,-0.103568941354752,0.0457207150757313,0.191378831863403,0.681123971939087,0.390633106231689,0.333070665597916,0.275745570659637,0.101288355886936,-0.0200763773173094,-0.102887414395809,0.0226616989821196,0.245999380946159,-0.163230717182159,0.218358397483826,0.0391917936503887,-0.0335165373980999,0.0168777350336313,-0.0715675428509712,0.0186226665973663,0.149772197008133,0.0577731058001518,0.00628511514514685,0.194041281938553,-0.0150009319186211,-0.171592846512794,-0.130613669753075,0.00353493564762175,0.0951699540019035,0.086262047290802,-0.055059015750885,0.0149114327505231,0.0854139626026154,0.030400363728404,0.339586496353149,0.0546810142695904,0.161204114556313,0.0659371986985207,0.356038689613342,0.0295667983591557,0.154696807265282,-0.151856452226639,0.355073302984238,-0.107278116047382,-0.0750001892447472,0.0377855040132999,0.219275772571564,-0.0258426070213318,0.275906920433044,0.416449785232544,-0.0328295454382896,0.0449632629752159,-0.0981671586632729,0.351021200418472,0.252552211284637,0.158031120896339,-0.0115573657676578,0.318952590227127,-0.056418314576149,-0.0544435009360313,0.112216830253601,0.0188479367643595,0.124908149242401,0.407177448272705,0.198952302336693,0.305372178554535,0.102648697793484,0.0311259627342224,0.43271017074585,0.152519673109055,0.301396876573563,0.157118335366249,0.585253834724426,0.386091232299805,0.183939412236214,-0.108481362462044,0.529513657093048,-0.0117334593087435,-0.0895232632756233,0.0340153388679028,0.268935114145279
0.305216938257217,0,0.236104398965836,0.25450474023819,0.10222939401865,0.00665299454703927,-0.0808551982045174,0.067626841366291,0.218272358179092,0.33909147977829,0.491019517183304,0.248359724879265,0.244136974215508,0.0982520803809166,-0.0129037816077471,-0.0938320979475975,0.0487357974052429,0.206519559025764,-0.0982751548290253,0.249255254864693,0.0389406383037567,0.0896120294928551,0.0166389402002096,-0.0497973188757896,0.0353931486606598,0.0602316707372665,0.116858161985874,0.081922747194767,0.143164455890656,0.130488723516464,-0.0386079512536526,-0.103991791605949,0.0170315057039261,0.150260955095291,0.108585551381111,-0.0760937184095383,0.00256037898361683,0.212467983365059,0.126938477158546,0.308798849582672,0.115091606974602,0.176181316375732,0.150569021701813,0.194477558135986,0.175922438502312,0.123329378664494,-0.081755131483078,0.219599097967148,-0.0542796179652214,-0.0568721778690815,0.16424249112606,0.274615883827209,-0.115102782845497,0.252769351005554,0.0455779060721397,0.0855779275298119,0.018136166036129,-0.0787513926625252,0.0459543950855732,-0.0110864378511906,0.106794103980064,0.0634047910571098,0.117587968707085,0.0856283977627754,-0.0297209899872541,-0.0963703617453575,-0.0171456225216389,0.0952659547328949,0.147616147994995,-0.0497953966259956,0.0587351508438587,0.243768319487572,0.0798402279615402,0.293267846107483,0.0873645097017288,0.165080800652504,0.13658994436264,0.149197578430176,0.142556175589561,0.0590063966810703,-0.104306876659393,0.185678407549858,-0.0504978783428669,-0.0708421170711517,0.138566926121712,0.249946296215057
0.237417668104172,0.236104398965836,0,0.380697995424271,0.103082425892353,0.0170942060649395,-0.0205537062138319,0.136647880077362,0.138371899724007,0.277338087558746,0.252848923206329,0.581304907798767,0.368486076593399,0.066201351583004,0.0113426307216287,-0.0348438136279583,0.10824678093195,0.137070432305336,-0.0205952897667885,0.194141238927841,0.107989408075809,-0.00389694119803607,-0.00233845179900527,-0.0502318739891052,-0.00119640992488712,0.0591386407613754,0.0502143129706383,0.0100073209032416,0.193359330296516,0.0140220141038299,-0.0227184966206551,-0.0801934599876404,-0.0355431623756886,0.0274758003652096,0.235737979412079,-0.0145779764279723,0.142243131995201,0.0594111755490303,-0.0146690364927053,0.17912170290947,0.0696764215826988,0.0569238364696503,0.156621605157852,0.246115103363991,0.194310709834099,0.0541648082435131,-0.0595983900129795,0.182806804776192,-0.0541608221828938,-0.0599927380681038,0.0626792460680008,0.172561824321747,-0.0249839015305042,0.169325351715088,0.0797686278820038,-0.0228895600885153,0.026209706440568,-0.0748782083392143,-0.0112795885652304,0.0136382300406694,0.0279199425131083,0.0161281544715166,0.145947098731995,-0.0215946491807699,-0.0251328870654106,-0.0964447185397148,-0.0321091748774052,0.00938463769853115,0.182518526911736,-0.0460373684763908,0.129084005951881,0.0697187259793282,-0.0300748180598021,0.169381573796272,0.0688543990254402,0.0361296720802784,0.110583826899529,0.144248977303505,0.122828669846058,0.00710840150713921,-0.0616189204156399,0.162294790148735,-0.0662606582045555,-0.059169664978981,0.069818876683712,0.163125142455101
0.261171340942383,0.25450474023819,0.380697995424271,0,0.189616128802299,-0.000445708603365347,-0.00068482372444123,0.099837489426136,0.126100987195969,0.254721820354462,0.259854435920715,0.365422427654266,0.631953835487366,0.121546819806099,-0.00936075486242771,-0.0136875621974468,0.086831346154213,0.127687647938728,-0.0443100817501545,0.279480397701263,-0.0456234365701675,0.021590756252408,-0.00119053421076387,-0.0207488182932138,-0.127296909689903,0.0378155969083309,-0.0239869020879269,0.0165195502340794,0.136527925729752,0.0296253878623247,-0.0398049503564835,-0.167330011725426,-0.0254904683679342,0.169867098331451,0.169881939888,-0.102000832557678,0.065510131418705,0.0883317664265633,0.166701704263687,0.174037858843803,0.272788554430008,0.00371014024131,0.0992700159549713,0.137315347790718,0.166600108146667,0.118717901408672,-0.00076523405732587,0.254160165786743,-0.0720230266451836,-0.0259739942848682,0.113562993705273,0.335257977247238,-0.0104803778231144,0.273570597171783,-0.0107606034725904,0.0196254141628742,0.013641101308167,-0.0384682603180408,-0.0807908549904823,-0.00753754237666726,-0.0177062638103962,0.0309160985052586,0.133231818675995,0.00872110016644001,-0.046653438359499,-0.152000725269318,0.00419091852381825,0.136052191257477,0.241701900959015,-0.0749231278896332,0.137648746371269,0.10616871714592,0.104307949542999,0.221387386322021,0.254218339920044,0.0341831706464291,0.108254052698612,0.145902320742607,0.156927078962326,0.0964022576808929,-0.0201418753713369,0.287735432386398,-0.0713004395365715,-0.057528480887413,0.108408145606518,0.331545054912567
0.074845664203167,0.10222939401865,0.103082425892353,0.189616128802299,0,-0.00706919794902205,-0.0175750218331814,0.0192592553794384,0.0511514469981194,0.0903058648109436,0.0933186709880829,0.106518767774105,0.163948893547058,0.0376277826726437,-0.0137896807864308,-0.0313079543411732,0.0132137592881918,0.0466255508363247,-0.0151945175603032,0.0980001613497734,-0.00196788948960602,0.00132657086942345,0.00996509939432144,-0.00723231723532081,-0.0245365090668201,0.0153929237276316,-0.0169610325247049,-0.00595168815925717,0.0712557137012482,0.00308369426056743,-0.0276345834136009,-0.0390874072909355,-0.0129610057920218,0.0106175951659679,0.0728447288274765,0.000275484286248684,0.0533107817173004,0.038399163633585,0.0558605194091797,0.0798349678516388,0.079451709985733,0.00279082008637488,0.0534572526812553,0.0697970986366272,0.0677906721830368,0.0159962829202414,0.0126713700592518,0.108908697962761,-0.0322187505662441,-0.0233702827244997,0.0557740665972233,0.135975435376167,-0.0102605670690536,0.11271508783102,-0.0233375187963247,-0.00565373664721847,-0.0101450560614467,-0.0297438129782677,-0.0422870554029942,-0.00864435080438852,-0.0195291917771101,0.00497766770422459,0.0575172305107117,-0.00947468262165785,-0.0316779464483261,-0.0520907640457153,-0.0224168803542852,0.0189726892858744,0.0835558697581291,-0.00973937101662159,0.059537760913372,0.0394668951630592,0.0390287078917027,0.0684192776679993,0.0705856457352638,-0.0113959228619933,0.0182194355875254,0.0370445400476456,0.0443688817322254,-0.00510466238483787,-0.0108524058014154,0.0959857553243637,-0.0401545763015747,-0.0224637743085623,0.0319236479699612,0.121084287762642
-0.0330623425543308,0.00665299454703927,0.0170942060649395,-0.000445708603365347,-0.00706919794902205,0,0.180467501282692,0.0205855034291744,0.0814647972583771,0.0386655777692795,-0.0095929391682148,0.0062800026498735,-0.00933309365063906,-0.0227217767387629,0.436599850654602,0.189499244093895,0.0383443646132946,0.060046948492527,0.079379640519619,0.0397057384252548,0.139083549380302,0.0815054848790169,0.123631335794926,0.225565686821938,0.245776444673538,0.125156834721565,0.347917824983597,0.113123543560505,0.0638634264469147,0.111060462892056,0.309566378593445,0.213020786643028,0.273293823003769,0.0822631493210793,-0.0503255873918533,0.034057904034853,-0.0307455025613308,0.0698246136307716,0.096414677798748,0.0886666923761368,0.0588814243674278,0.25537109375,0.219519093632698,-0.0361892729997635,0.156471103429794,0.0689079314470291,0.220307379961014,-0.0944921970367432,0.0617370121181011,0.148362725973129,0.106562852859497,0.0695737674832344,0.0296650789678097,0.0140129784122109,-0.0120857115834951,0.0599656850099564,0.0844056308269501,0.21089081466198,0.109318949282169,0.0893435850739479,0.291674911975861,0.117729745805264,-0.00562897324562073,0.0932935923337936,0.281331866979599,0.114315629005432,0.234475672245026,0.0791856944561005,-0.145527273416519,-0.0632262676954269,-0.108095765113831,0.044520515948534,0.101186469197273,0.022143030539155,0.0598336309194565,0.19675575196743,0.139884129166603,-0.120842441916466,0.0343464054167271,0.0318925976753235,0.181746512651443,-0.118433073163033,0.0457754768431187,0.125276982784271,0.093227356672287,0.0389711894094944
-0.103568941354752,-0.0808551982045174,-0.0205537062138319,-0.00068482372444123,-0.0175750218331814,0.180467501282692,0,-0.0041034403257072,-0.00302704237401485,-0.0451463386416435,-0.100467421114445,-0.0459270291030407,-0.0221330542117357,-0.0250787846744061,0.184742227196693,0.252300590276718,-0.00678624026477337,-0.0248933155089617,0.153162598609924,-0.0321839228272438,0.0394590273499489,0.0252966545522213,0.0739543810486794,0.187385261058807,0.0771119073033333,0.127842351794243,0.0188230350613594,0.0681694000959396,-0.00458665890619159,0.0374812670052052,0.184169173240662,0.173197761178017,0.0763019546866417,0.0337768532335758,0.00419756723567843,0.0723970979452133,0.0660600066184998,-0.0096239298582077,0.0598641186952591,-0.12218714505434,0.069733127951622,-0.0292559005320072,0.00700394297018647,-0.153918281197548,0.0515942573547363,0.0277735367417336,0.225987508893013,-0.0828858986496925,0.062677875161171,0.127775877714157,0.00807172060012817,0.0256874281913042,0.0931385457515717,-0.0530906990170479,-0.0796817541122437,0.013299647718668,0.0278654545545578,0.167833045125008,-0.037062231451273,0.0794123709201813,-0.0145631805062294,0.0597429350018501,-0.0389274023473263,0.0364243984222412,0.10113101452589,0.0822810232639313,0.0579484216868877,0.0303148273378611,-0.0776758268475533,-0.0283618848770857,-0.0377029776573181,-0.0294662620872259,0.0670633241534233,-0.139479458332062,0.0736871734261513,-0.0518000982701778,-0.0202865898609161,-0.200490936636925,-0.030876487493515,0.034496121108532,0.182714432477951,-0.135251507163048,0.0240602102130651,0.110081933438778,0.00496176863089204,-0.0114119425415993
0.0457207150757313,0.067626841366291,0.136647880077362,0.099837489426136,0.0192592553794384,0.0205855034291744,-0.0041034403257072,0,0.0517639331519604,0.0275880843400955,0.0672274082899094,0.124157570302486,0.100891701877117,0.0126410815864801,0.0290055386722088,0.00710736913606524,0.0975479334592819,0.0568244121968746,-0.0301769115030766,0.0856460183858871,-0.0666251257061958,0.0211322028189898,-0.00430512381717563,-0.011171861551702,-0.0557944774627686,-0.0257590226829052,0.0423261299729347,0.0183703117072582,0.0179802775382996,0.0108965197578073,0.0608239471912384,-0.0628166049718857,0.0266757197678089,0.0500225648283958,-0.0286950077861547,-0.0880717858672142,-0.0749713629484177,0.0413661934435368,0.0272071473300457,0.0532457306981087,0.0232910420745611,0.0322131365537643,0.107386790215969,-0.0177640952169895,0.0059001469053328,0.00765163404867053,0.0131063191220164,0.00140407402068377,-0.00934409163892269,9.09678637981415e-05,0.0387403033673763,0.0789176896214485,-0.0213250257074833,0.0746982917189598,-0.0440769381821156,0.0260185189545155,-0.00622828816995025,-0.00196343590505421,-0.0320601053535938,0.00711082713678479,0.0592827275395393,0.0358367189764977,0.0253706350922585,0.00758925685659051,0.0559431128203869,-0.0507149249315262,0.0139380795881152,0.0499084517359734,-0.0107431821525097,-0.0902124270796776,-0.0236489698290825,0.0484951920807362,0.015483888797462,0.0642933696508408,0.0396972484886646,0.0456277318298817,0.0941593274474144,0.00776403630152345,0.0183189436793327,0.0129762087017298,0.0163093004375696,0.0517891459167004,-0.0156149426475167,-0.00221153278835118,0.0522519648075104,0.0825398713350296
0.191378831863403,0.218272358179092,0.138371899724007,0.126100987195969,0.0511514469981194,0.0814647972583771,-0.00302704237401485,0.0517639331519604,0,0.215079948306084,0.226467549800873,0.12197058647871,0.125895157456398,0.0486367009580135,0.0624588094651699,-0.0183302965015173,0.0362778417766094,0.181975409388542,-0.0324253961443901,0.157839566469193,0.0111333932727575,0.0623855441808701,0.0153491394594312,0.0173661839216948,0.0279675349593163,0.0216368269175291,0.110366366803646,0.0255066137760878,0.0744940266013145,0.091045044362545,0.0163032338023186,-0.0416258722543716,0.0586766265332699,0.117468252778053,0.0422482900321484,-0.0503210537135601,-0.00953225418925285,0.152988120913506,0.0857275724411011,0.174432709813118,0.0673151463270187,0.134156107902527,0.123814694583416,0.0954088121652603,0.0842161625623703,0.056252297013998,0.0151386074721813,0.111631721258163,-0.0326802171766758,-0.0192290637642145,0.113631784915924,0.175635501742363,-0.028719088062644,0.16671034693718,0.0326880924403667,0.0505931004881859,0.0254106093198061,-0.00345780258066952,0.0448136888444424,0.026110615581274,0.123371034860611,0.0126825235784054,0.0806139260530472,0.0802754238247871,0.0468088164925575,-0.0176167264580727,0.0344417914748192,0.0687341764569283,0.0795251056551933,-0.0421008169651031,0.0382073745131493,0.157106921076775,0.0680672079324722,0.16725267469883,0.0637214407324791,0.146769315004349,0.128078579902649,0.0847445651888847,0.100856579840183,0.0170578211545944,0.00393880903720856,0.134044125676155,-0.0441692359745502,-0.003197978483513,0.107506603002548,0.164642214775085
0.681123971939087,0.33909147977829,0.277338087558746,0.254721820354462,0.0903058648109436,0.0386655777692795,-0.0451463386416435,0.0275880843400955,0.215079948306084,0,0.307541996240616,0.263144373893738,0.215076327323914,0.092815212905407,0.0324790738523006,-0.0588571280241013,0.0122133828699589,0.216711610555649,-0.0611385218799114,0.21897155046463,0.26657298207283,0.00501414574682713,0.0439605042338371,-0.101953975856304,0.201651871204376,0.237478092312813,0.126773357391357,-0.0681241154670715,0.212650552392006,0.00680461805313826,-0.0174532979726791,0.067121796309948,0.0377471782267094,0.15637019276619,0.23675774037838,0.103011377155781,0.196718618273735,0.115376859903336,0.221162036061287,0.29234117269516,0.247286081314087,0.221013218164444,0.0830840319395065,0.458348453044891,0.300523519515991,0.224629133939743,-0.104386977851391,0.370860606431961,-0.0182173028588295,-0.00969831831753254,0.0315672978758812,0.217059299349785,-0.13932403922081,0.166176408529282,0.123214393854141,-0.0121772410348058,0.0320528633892536,-0.123444370925426,0.0834321826696396,0.107921801507473,0.0698156133294106,-0.0410546436905861,0.0903822705149651,-0.0154489129781723,-0.037011805921793,-0.00286039663478732,0.0149124329909682,0.102520078420639,0.150810644030571,0.0228387247771025,0.0484424382448196,0.13030780851841,0.108763456344604,0.240423694252968,0.134611383080482,0.125405102968216,0.0449683889746666,0.212450042366982,0.0744010880589485,0.0656665340065956,-0.0975004732608795,0.302120596170425,-0.0415570512413979,-0.0596805699169636,0.0386647023260593,0.180425152182579
0.390633106231689,0.491019517183304,0.252848923206329,0.259854435920715,0.0933186709880829,-0.0095929391682148,-0.100467421114445,0.0672274082899094,0.226467549800873,0.307541996240616,0,0.306266605854034,0.286507129669189,0.105899587273598,-0.0277258194983006,-0.107214085757732,0.080723263323307,0.237587615847588,-0.17653089761734,0.281506359577179,-0.0275941528379917,0.0747324824333191,0.00909712724387646,-0.0738507211208344,-0.0238814391195774,-0.00949298404157162,0.114927388727665,0.0626611039042473,0.118967980146408,0.114801093935966,-0.076090008020401,-0.192813560366631,0.0139693506062031,0.114487461745739,0.0227680318057537,-0.148357808589935,-0.0650709196925163,0.221712663769722,0.0681339576840401,0.319040924310684,0.0693107768893242,0.181531324982643,0.172341242432594,0.173500791192055,0.0868491381406784,0.0899018421769142,-0.131181567907333,0.218380630016327,-0.0917200222611427,-0.0843794420361519,0.178624927997589,0.2711580991745,-0.133348256349564,0.307212740182877,0.139153227210045,0.088959313929081,0.00616585649549961,-0.099652498960495,0.130400344729424,-0.00208453158847988,0.16544046998024,0.0351252518594265,0.176249355077744,0.0731952115893364,-0.0269049387425184,-0.076114684343338,0.00185889541171491,0.134462341666222,0.237707167863846,-0.0187393166124821,0.148030936717987,0.259937942028046,0.0504658743739128,0.381157040596008,0.113638125360012,0.246769189834595,0.190156668424606,0.277378261089325,0.250188618898392,0.0757967680692673,-0.117340102791786,0.292385816574097,-0.0427855774760246,-0.107512429356575,0.162105709314346,0.296136170625687
0.333070665597916,0.248359724879265,0.581304907798767,0.365422427654266,0.106518767774105,0.0062800026498735,-0.0459270291030407,0.124157570302486,0.12197058647871,0.263144373893738,0.306266605854034,0,0.393064886331558,0.0859616473317146,0.00758849224075675,-0.0301569122821093,0.136796981096268,0.135525271296501,-0.0596354082226753,0.192419275641441,0.0471402406692505,-0.0259917862713337,-0.0168644972145557,-0.0587188601493835,-0.0385312773287296,0.0388681776821613,0.0447686910629272,0.0191874355077744,0.17740723490715,0.00334552419371903,-0.061620581895113,-0.150257483124733,-0.0372452102601528,0.017030693590641,0.197290882468224,-0.0479696616530418,0.114072643220425,0.0640762969851494,-0.00392016628757119,0.195162519812584,0.0628114566206932,0.0302300620824099,0.142292365431786,0.218486800789833,0.100997500121593,0.0705485418438911,-0.0734246224164963,0.184190943837166,-0.0936728343367577,-0.0786735638976097,0.0619313344359398,0.176463261246681,-0.015022068284452,0.229292973875999,0.160372972488403,-0.0483795069158077,0.0204631127417088,-0.0784838274121284,0.0526647418737411,0.0526180677115917,0.0465191528201103,0.000190461985766888,0.221847280859947,-0.0311197265982628,-0.0238175373524427,-0.0701423659920692,-0.00505281426012516,0.0335382893681526,0.275521785020828,0.038009699434042,0.225246980786324,0.0730013400316238,-0.053091999143362,0.23382505774498,0.0727716311812401,0.0778762623667717,0.167743653059006,0.260603725910187,0.202037334442139,0.0304840225726366,-0.0713155716657639,0.229931220412254,-0.0672296136617661,-0.0608834847807884,0.0561227425932884,0.206017807126045
0.275745570659637,0.244136974215508,0.368486076593399,0.631953835487366,0.163948893547058,-0.00933309365063906,-0.0221330542117357,0.100891701877117,0.125895157456398,0.215076327323914,0.286507129669189,0.393064886331558,0,0.145223572850227,-0.00586014799773693,-0.00867054704576731,0.109563283622265,0.139514282345772,-0.0415749251842499,0.253827661275864,-0.0511919483542442,0.0191877540200949,0.00822118017822504,-0.0267234183847904,-0.124500945210457,0.0252428855746984,-0.038576889783144,0.0404900349676609,0.135168477892876,0.0266369469463825,-0.075826421380043,-0.166526019573212,-0.0279778428375721,0.152039304375648,0.150097250938416,-0.11028079688549,0.057082612067461,0.0954247489571571,0.107133522629738,0.181704893708229,0.225008755922318,-0.011533236131072,0.0838553234934807,0.115207955241203,0.132252290844917,0.103053830564022,-0.0142734544351697,0.236993461847305,-0.0859326422214508,-0.0491978414356709,0.113466739654541,0.310746550559998,0.0165636297315359,0.279734969139099,0.00224368460476398,0.0078716492280364,0.0115032382309437,-0.0232208855450153,-0.0667009875178337,0.0354419983923435,-0.0278523582965136,0.0388688258826733,0.166025876998901,0.00479591684415936,-0.0539895370602608,-0.135482579469681,-0.00854251906275749,0.146536335349083,0.27010589838028,-0.0596621744334698,0.170565918087959,0.109315492212772,0.108275853097439,0.226279675960541,0.279071241617203,0.0336795337498188,0.10604377835989,0.159739702939987,0.169796273112297,0.0966215655207634,0.0146731855347753,0.303254634141922,-0.090339370071888,-0.0530122630298138,0.115023247897625,0.359301179647446
0.101288355886936,0.0982520803809166,0.066201351583004,0.121546819806099,0.0376277826726437,-0.0227217767387629,-0.0250787846744061,0.0126410815864801,0.0486367009580135,0.092815212905407,0.105899587273598,0.0859616473317146,0.145223572850227,0,-0.0129846855998039,-0.02911277115345,0.00918443594127893,0.0870441496372223,-0.0207443665713072,0.125331655144691,-0.0375669486820698,0.0179659482091665,0.0078336838632822,-0.0225380565971136,-0.0331005714833736,-0.0147241884842515,-0.000731341424398124,-0.00965710170567036,0.0293779820203781,0.0210623070597649,-0.0383134260773659,-0.0592161603271961,-0.00386635423637927,0.0523145794868469,0.0266280397772789,-0.0447439216077328,-0.00584186380729079,0.056742150336504,0.0615611597895622,0.0761167481541634,0.0706225037574768,0.0299585312604904,0.050695113837719,0.0332936868071556,0.0511526055634022,0.0229685176163912,-0.00659656384959817,0.0919316709041595,-0.0481586717069149,-0.0165439341217279,0.0721333771944046,0.120009697973728,-0.0125778969377279,0.105013281106949,0.00355225335806608,0.0182362943887711,0.0002971226349473,-0.0158758237957954,-0.0102684963494539,-0.00950046256184578,0.0164722502231598,-0.0101618627086282,0.0264622028917074,0.022255064919591,-0.0211511738598347,-0.0313285626471043,-0.0126282032579184,0.0676438063383102,0.078202523291111,-0.034657459706068,0.0558891519904137,0.0705728828907013,0.0657226070761681,0.0820565074682236,0.0849638804793358,0.0406756959855556,0.0642137378454208,0.054192665964365,0.094176858663559,0.00655545573681593,-0.00260025332681835,0.117392763495445,-0.0239992830902338,-0.0250467043370008,0.0595619790256023,0.131097465753555
-0.0200763773173094,-0.0129037816077471,0.0113426307216287,-0.00936075486242771,-0.0137896807864308,0.436599850654602,0.184742227196693,0.0290055386722088,0.0624588094651699,0.0324790738523006,-0.0277258194983006,0.00758849224075675,-0.00586014799773693,-0.0129846855998039,0,0.233304530382156,0.0368092581629753,0.0601993799209595,0.0558196492493153,0.0300001334398985,0.124381273984909,0.0643522590398788,0.100316025316715,0.226308405399323,0.223266825079918,0.122908197343349,0.32015585899353,0.107038922607899,0.0634143576025963,0.0864299684762955,0.309971302747726,0.172963365912437,0.264988988637924,0.0912726819515228,-0.0531102493405342,-0.000706649734638631,-0.0590931363403797,0.0454535074532032,0.083494171500206,0.0677534341812134,0.0665223523974419,0.235477298498154,0.216468721628189,-0.0554896369576454,0.139368548989296,0.0672468319535255,0.203002348542213,-0.112356096506119,0.0438313148915768,0.124677330255508,0.0809023827314377,0.0696028918027878,0.0352788381278515,0.027646642178297,0.0383492968976498,0.0534226968884468,0.09974405169487,0.222329705953598,0.14073158800602,0.129532188177109,0.299569070339203,0.0975029319524765,0.0321011282503605,0.0758520886301994,0.265247941017151,0.125738948583603,0.274993360042572,0.0735653638839722,-0.10843937844038,-0.0571250431239605,-0.0854758843779564,0.0365150980651379,0.110271319746971,0.0383490957319736,0.0642363429069519,0.216265618801117,0.158636033535004,-0.0867325067520142,0.061984870582819,0.0588141642510891,0.201149150729179,-0.0957825034856796,0.0225753299891949,0.135533213615417,0.0855370089411736,0.0651033297181129
-0.102887414395809,-0.0938320979475975,-0.0348438136279583,-0.0136875621974468,-0.0313079543411732,0.189499244093895,0.252300590276718,0.00710736913606524,-0.0183302965015173,-0.0588571280241013,-0.107214085757732,-0.0301569122821093,-0.00867054704576731,-0.02911277115345,0.233304530382156,0,0.02307946421206,-0.00255085714161396,0.119263425469398,-0.028592623770237,0.0426492094993591,0.0237526576966047,0.0764593258500099,0.176950573921204,0.0616735368967056,0.121605485677719,0.0148663651198149,0.020199766382575,0.00372998276725411,0.0259259883314371,0.147051498293877,0.125584006309509,0.097810298204422,0.0436003990471363,-0.00363578204996884,0.0344505719840527,0.0464652590453625,-0.0497055165469646,0.0617650300264359,-0.0996566191315651,0.0859431028366089,-0.0170551836490631,0.0100743286311626,-0.119343213737011,0.0396605357527733,0.0366697087883949,0.198749884963036,-0.0727852210402489,0.0482295267283916,0.103914625942707,0.0140748722478747,0.0330701395869255,0.101619221270084,-0.0358009003102779,-0.0265533439815044,0.00777989951893687,0.0422181226313114,0.188625290989876,0.000236096791923046,0.129662752151489,-0.00588297564536333,0.023442855104804,-0.00622970378026366,0.0251841433346272,0.112041428685188,0.0858576074242592,0.101040296256542,0.0421154201030731,-0.0346275046467781,-0.0155963990837336,0.00709803029894829,-0.0625612959265709,0.0791088789701462,-0.122020423412323,0.0902175307273865,-0.0310776121914387,-0.0268139056861401,-0.140234425663948,-0.0149023029953241,0.0397356413304806,0.206658408045769,-0.0860783755779266,0.0260734688490629,0.133763298392296,0.00456549320369959,0.026581522077322
0.0226616989821196,0.0487357974052429,0.10824678093195,0.086831346154213,0.0132137592881918,0.0383443646132946,-0.00678624026477337,0.0975479334592819,0.0362778417766094,0.0122133828699589,0.080723263323307,0.136796981096268,0.109563283622265,0.00918443594127893,0.0368092581629753,0.02307946421206,0,0.060392253100872,-0.0188164468854666,0.0826430991292,-0.0576141849160194,0.0279266256839037,0.00909846182912588,-0.00105984008405358,-0.0358988605439663,-0.0364654436707497,0.0661298036575317,0.0266424156725407,0.0088638374581933,0.0265972688794136,0.0558992922306061,-0.0655990317463875,0.00643011461943388,0.0304993130266666,-0.0274440161883831,-0.0792554840445518,-0.0636043474078178,0.0301426108926535,0.0148540092632174,0.0428309366106987,0.00660564051941037,0.0528566502034664,0.119684442877769,-0.0339330546557903,0.0197099186480045,0.00487142708152533,0.0224901251494884,-0.03036885894835,-0.00631590466946363,-0.0128882192075253,0.034614659845829,0.0547379069030285,-0.0113345244899392,0.0755015686154366,-0.0490540824830532,0.0264039784669876,0.00120483560021967,0.0179516021162271,-0.0370975807309151,-0.0172603391110897,0.0550447404384613,0.0258527994155884,0.011770211160183,0.0163163971155882,0.0424784459173679,-0.0484786294400692,0.0236945617944002,0.0385227166116238,-0.02895737439394,-0.108573012053967,-0.0369033478200436,0.0337596610188484,0.00913960300385952,0.0493442676961422,0.0130429062992334,0.0505400784313679,0.108396507799625,-0.00603444641456008,0.00540587259456515,0.0101657919585705,0.0266290865838528,0.0141633581370115,-0.0101286554709077,-0.000539437809493393,0.0421544462442398,0.0613859929144382
0.245999380946159,0.206519559025764,0.137070432305336,0.127687647938728,0.0466255508363247,0.060046948492527,-0.0248933155089617,0.0568244121968746,0.181975409388542,0.216711610555649,0.237587615847588,0.135525271296501,0.139514282345772,0.0870441496372223,0.0601993799209595,-0.00255085714161396,0.060392253100872,0,-0.0450659207999706,0.153771221637726,0.0362591408193111,0.0525027178227901,0.0377469286322594,0.0170551426708698,0.0486718118190765,0.0367402322590351,0.104466021060944,0.0154866948723793,0.0851398780941963,0.089224249124527,0.0110839055851102,-0.0241994354873896,0.0632640495896339,0.0750000029802322,0.029260290786624,-0.0462905690073967,-0.00102581607643515,0.150908514857292,0.0772011578083038,0.159704864025116,0.0631431415677071,0.139169692993164,0.119542345404625,0.0962547734379768,0.0805467665195465,0.0606441460549831,0.0239355005323887,0.128518357872963,-0.0348423309624195,0.0258749462664127,0.155046984553337,0.177307650446892,-0.00359675218351185,0.172569990158081,0.0937425270676613,0.0612926855683327,0.020333094522357,0.0139835141599178,0.102144151926041,0.0380097068846226,0.125442296266556,0.019800228998065,0.105446465313435,0.0771427899599075,0.0589796677231789,0.0175879187881947,0.0569835193455219,0.111463017761707,0.10868825763464,0.00689020287245512,0.0796503871679306,0.162716269493103,0.0734068006277084,0.176493704319,0.080303281545639,0.173736691474915,0.128716200590134,0.131171211600304,0.147068351507187,0.0519643425941467,0.0391553118824959,0.157022222876549,-0.000174439512193203,0.00058044953038916,0.12840610742569,0.199632912874222
-0.163230717182159,-0.0982751548290253,-0.0205952897667885,-0.0443100817501545,-0.0151945175603032,0.079379640519619,0.153162598609924,-0.0301769115030766,-0.0324253961443901,-0.0611385218799114,-0.17653089761734,-0.0596354082226753,-0.0415749251842499,-0.0207443665713072,0.0558196492493153,0.119263425469398,-0.0188164468854666,-0.0450659207999706,0,-0.031393077224493,0.23297281563282,0.0342667140066624,0.033330362290144,0.264845639467239,0.244061931967735,0.265311568975449,-0.120066411793232,0.0694911405444145,0.0658073574304581,0.0636645555496216,0.0504262037575245,0.584163963794708,-0.00395251857116818,-0.018202057108283,0.484109312295914,0.190158635377884,0.565035462379456,-0.0386029817163944,0.050051111727953,-0.0949445739388466,0.138399884104729,-0.0248261895030737,-0.105282813310623,-0.0148067306727171,0.187968671321869,0.0343028977513313,0.729919373989105,0.165661916136742,0.123151764273643,0.164305850863457,0.148745223879814,0.121837586164474,0.674515128135681,-0.0409868620336056,0.00860476586967707,0.014299082569778,0.0172076262533665,0.214322909712791,0.0441769137978554,0.196159094572067,-0.159947350621223,0.074107863008976,0.0104693835601211,0.0616742596030235,-0.0230372752994299,0.36823445558548,0.0200905259698629,-0.00188268499914557,0.188035473227501,0.173516049981117,0.271167635917664,-0.0730674117803574,0.115439891815186,-0.165607109665871,0.107030302286148,-0.0982698947191238,-0.0912404954433441,-0.103857107460499,0.060822743922472,0.0115230530500412,0.618561446666718,-0.00338358269073069,0.0732736960053444,0.173477053642273,0.171753630042076,0.0877550020813942
0.218358397483826,0.249255254864693,0.194141238927841,0.279480397701263,0.0980001613497734,0.0397057384252548,-0.0321839228272438,0.0856460183858871,0.157839566469193,0.21897155046463,0.281506359577179,0.192419275641441,0.253827661275864,0.125331655144691,0.0300001334398985,-0.028592623770237,0.0826430991292,0.153771221637726,-0.031393077224493,0,-0.106884956359863,0.16742230951786,0.0439000613987446,0.0408454313874245,-0.144843086600304,0.00942690297961235,-0.00828715693205595,0.0196213182061911,0.22367525100708,0.187643617391586,-0.105311691761017,-0.285411566495895,0.0147421527653933,0.376869380474091,0.191545605659485,-0.242555946111679,0.012411467730999,0.250539541244507,0.316924810409546,0.403856188058853,0.394893705844879,0.0885423868894577,0.270017951726913,0.24425345659256,0.349808573722839,0.294579297304153,0.0847770273685455,0.416115462779999,-0.134339094161987,-0.0540713965892792,0.285048544406891,0.567052364349365,0.0303634069859982,0.589711666107178,-0.117451675236225,0.176154062151909,-0.00104146508965641,0.0220392197370529,-0.133878007531166,0.0170290283858776,0.0272978581488132,0.0375585593283176,0.185541525483131,0.160824060440063,-0.0639104843139648,-0.269465178251266,0.0311632882803679,0.358283013105392,0.277802526950836,-0.255732089281082,0.0999001562595367,0.251173436641693,0.269061207771301,0.433487206697464,0.382015347480774,0.138830989599228,0.26974955201149,0.21187449991703,0.27079051733017,0.240034967660904,0.0762097239494324,0.460184812545776,-0.157914817333221,-0.0930436924099922,0.225314095616341,0.548629343509674
0.0391917936503887,0.0389406383037567,0.107989408075809,-0.0456234365701675,-0.00196788948960602,0.139083549380302,0.0394590273499489,-0.0666251257061958,0.0111333932727575,0.26657298207283,-0.0275941528379917,0.0471402406692505,-0.0511919483542442,-0.0375669486820698,0.124381273984909,0.0426492094993591,-0.0576141849160194,0.0362591408193111,0.23297281563282,-0.106884956359863,0,-0.12675279378891,0.0609838739037514,0.190019503235817,0.711054086685181,0.551885724067688,0.228084832429886,-0.0419555939733982,0.284345895051956,-0.0694665387272835,0.113449677824974,0.507703423500061,0.170885801315308,-0.117817185819149,0.568056643009186,0.470264196395874,0.543940544128418,-0.0989720597863197,-0.0587601140141487,0.123190000653267,0.0678857788443565,0.331726253032684,-0.0335303992033005,0.690370440483093,0.392147034406662,0.341389358043671,0.0543662905693054,0.375825762748718,0.023164389654994,0.00750993052497506,-0.0231702961027622,-0.0531221590936184,0.0410669073462486,-0.122245147824287,0.654835999011993,-0.181059837341309,0.0689156651496887,0.110593520104885,0.485919505357742,0.264986932277679,0.0885564610362053,-0.0235053729265928,0.104036703705788,-0.0743603780865669,0.0534173250198364,0.304830759763718,0.124501675367355,-0.117006413638592,0.272754311561584,0.339767515659332,0.22876849770546,-0.107070982456207,-0.0307991448789835,-0.0280845519155264,0.00748362205922604,0.167233273386955,-0.105003900825977,0.261846840381622,0.0681850612163544,0.131793111562729,0.0473203510046005,0.035866741091013,0.0580959692597389,0.0160398688167334,-0.00106262473855168,-0.0974886417388916
-0.0335165373980999,0.0896120294928551,-0.00389694119803607,0.021590756252408,0.00132657086942345,0.0815054848790169,0.0252966545522213,0.0211322028189898,0.0623855441808701,0.00501414574682713,0.0747324824333191,-0.0259917862713337,0.0191877540200949,0.0179659482091665,0.0643522590398788,0.0237526576966047,0.0279266256839037,0.0525027178227901,0.0342667140066624,0.16742230951786,-0.12675279378891,0,0.00643734959885478,0.324636369943619,0.0252443607896566,-0.148763582110405,0.124674282968044,0.145193994045258,0.0359104350209236,0.927379190921783,-0.00287483865395188,-0.184814468026161,0.15673141181469,0.373234212398529,-0.0831684023141861,-0.201898351311684,-0.147840529680252,0.888543963432312,0.321579247713089,0.0664922744035721,0.295308321714401,0.274976044893265,0.0778491273522377,-0.0304774288088083,0.106346189975739,0.676219940185547,0.163973778486252,0.0231890268623829,-0.0409338772296906,-0.000832460180390626,0.202851712703705,0.234870031476021,0.0561392344534397,0.168964609503746,-0.250054568052292,0.975014448165894,-0.00990978349000216,0.36321559548378,-0.0748757421970367,-0.0830644145607948,0.15963414311409,0.223877593874931,-0.0221424698829651,0.920245945453644,-0.0125301890075207,-0.220359802246094,0.18535304069519,0.34708434343338,-0.131718993186951,-0.262139141559601,-0.18810461461544,0.854760348796844,0.371136158704758,0.0752256438136101,0.312594175338745,0.326803952455521,0.0804628655314445,-0.11332281678915,-0.00418468564748764,0.600589275360107,0.153474390506744,0.0515253320336342,-0.0714316517114639,0.00482033519074321,0.169397562742233,0.208488717675209
0.0168777350336313,0.0166389402002096,-0.00233845179900527,-0.00119053421076387,0.00996509939432144,0.123631335794926,0.0739543810486794,-0.00430512381717563,0.0153491394594312,0.0439605042338371,0.00909712724387646,-0.0168644972145557,0.00822118017822504,0.0078336838632822,0.100316025316715,0.0764593258500099,0.00909846182912588,0.0377469286322594,0.033330362290144,0.0439000613987446,0.0609838739037514,0.00643734959885478,0,0.156834051012993,0.110455088317394,0.137205675244331,0.0516912080347538,0.0239868015050888,0.0769675299525261,0.0279950294643641,0.0896921828389168,0.103651769459248,0.0947806686162949,0.0346476025879383,0.0548091791570187,0.0408948473632336,0.0634185448288918,0.0103825274854898,0.040996391326189,0.0329597257077694,0.0516044348478317,0.0337286964058876,0.0557352304458618,0.023857269436121,0.0623849779367447,0.0771268978714943,0.0978602692484856,0.0462068654596806,0.0314224697649479,0.0979240164160728,0.0366071574389935,0.0850836634635925,0.0143352905288339,0.020976185798645,0.0281215645372868,-0.00623338902369142,0.0470628514885902,0.131251633167267,0.0703651234507561,0.113666750490665,0.0504636168479919,0.00683736940845847,0.0448125042021275,0.0243636220693588,0.0803506299853325,0.0668797567486763,0.0733470395207405,0.00615395093336701,0.0395663417875767,0.0178610123693943,0.0342411696910858,-0.0010729911737144,0.0346783399581909,0.0231046099215746,0.0425945073366165,0.0502408221364021,0.0216382257640362,-0.0139515325427055,0.0362373851239681,0.0628236755728722,0.0693792700767517,0.0241847652941942,0.0194764956831932,0.0453179851174355,0.0141635537147522,0.0712123736739159
-0.0715675428509712,-0.0497973188757896,-0.0502318739891052,-0.0207488182932138,-0.00723231723532081,0.225565686821938,0.187385261058807,-0.011171861551702,0.0173661839216948,-0.101953975856304,-0.0738507211208344,-0.0587188601493835,-0.0267234183847904,-0.0225380565971136,0.226308405399323,0.176950573921204,-0.00105984008405358,0.0170551426708698,0.264845639467239,0.0408454313874245,0.190019503235817,0.324636369943619,0.156834051012993,0,0.320448666810989,0.333593130111694,0.102651908993721,0.518389701843262,0.09256362169981,0.513579726219177,0.187050551176071,0.177865728735924,0.3306665122509,0.105249375104904,0.119989901781082,0.023270133882761,0.0932170003652573,0.299141556024551,0.115927748382092,-0.0564026534557343,0.152094274759293,0.115387491881847,0.0552081614732742,-0.0454903095960617,0.0881716534495354,0.483654767274857,0.340323746204376,-0.00931474845856428,0.0594234652817249,0.144798845052719,0.123215936124325,0.144384741783142,0.257971197366714,0.0483927056193352,0.0455576367676258,0.29388701915741,0.10505411028862,0.816888332366943,0.19127368927002,0.358803033828735,0.107481524348259,0.484290450811386,0.0712880492210388,0.513444066047668,0.158738434314728,0.168233290314674,0.356362968683243,0.103984966874123,0.0835340172052383,-0.0341604389250278,0.123865015804768,0.221297800540924,0.157704219222069,-0.0408915504813194,0.183354899287224,0.174342334270477,0.0542423166334629,-0.0792884156107903,0.0537357069551945,0.471404910087585,0.280253946781158,-0.023218085989356,0.0311466883867979,0.131901562213898,0.103157050907612,0.100952126085758
