0,0.331732422113419,0.273818850517273,0.277642846107483,0.0863884538412094,-0.00373709970153868,-0.0833206251263618,0.0573643445968628,0.20942710340023,0.730528235435486,0.40080314874649,0.349329978227615,0.291879117488861,0.108173847198486,0.0040449439547956,-0.0934622213244438,0.0407966561615467,0.259675592184067,-0.122818239033222,0.238615244626999,0.072752945125103,-0.0371004492044449,0.0292413961142302,-0.0494168400764465,0.0783057287335396,0.153979182243347,0.116540066897869,0.0344905704259872,0.193947702646255,-0.0175280496478081,-0.139140293002129,-0.0691935420036316,0.0153126502409577,0.119288206100464,0.080497719347477,-0.0478055104613304,0.0247876159846783,0.098778210580349,0.0646593943238258,0.366279631853104,0.0759695023298264,0.201314374804497,0.10392339527607,0.36586806178093,0.0633784979581833,0.185254007577896,-0.147461399435997,0.357899457216263,-0.0881329849362373,-0.0559768676757812,0.0349995531141758,0.232124283909798,0.0187336206436157,0.277596443891525,0.400322318077087,-0.028674490749836,0.0329433120787144,-0.0750215575098991,0.342721223831177,0.224176853895187,0.1961929500103,0.0078645646572113,0.301889210939407,-0.0372579731047153,-0.024225102737546,0.127428337931633,0.0242975652217865,0.141200542449951,0.369520783424377,0.176434978842735,0.271122634410858,0.12073340266943,0.0704067200422287,0.445451647043228,0.169005319476128,0.314410835504532,0.172781243920326,0.569973587989807,0.392409801483154,0.197747364640236,-0.114118091762066,0.529875159263611,0.00358577957376838,-0.0744722411036491,0.0522549785673618,0.276178926229477
0.331732422113419,0,0.248073324561119,0.266367673873901,0.109752744436264,0.0173224881291389,-0.0730263888835907,0.069746769964695,0.216508641839027,0.343523681163788,0.490262538194656,0.260608106851578,0.248897910118103,0.0977259129285812,-0.000248809345066547,-0.0913152918219566,0.058465376496315,0.211552664637566,-0.0869843736290932,0.269544869661331,0.0430604927241802,0.0881233364343643,0.0222037322819233,-0.0402403920888901,0.0594943352043629,0.03958959877491,0.149787455797195,0.0800856202840805,0.15090100467205,0.124132350087166,-0.0315526910126209,-0.10305368155241,0.0168351475149393,0.17983004450798,0.104418285191059,-0.0667155906558037,0.0103111919015646,0.226276054978371,0.137966677546501,0.338584363460541,0.121590606868267,0.20003043115139,0.161996439099312,0.219852477312088,0.166770845651627,0.133477196097374,-0.0886135995388031,0.238419100642204,-0.0474261902272701,-0.0549862273037434,0.184100359678268,0.297496765851974,-0.0922955945134163,0.261485159397125,0.0631354153156281,0.0843719840049744,0.0132802184671164,-0.0635979920625687,0.0641414597630501,-0.00183609104715288,0.137244686484337,0.0759724974632263,0.136201038956642,0.0883008018136024,-0.0103865470737219,-0.0875032320618629,-0.0103171775117517,0.119228899478912,0.161751136183739,-0.0369887538254261,0.0745933875441551,0.262395411729813,0.0804421007633209,0.320926189422607,0.0907721817493439,0.194126948714256,0.153949365019798,0.186899349093437,0.166564792394638,0.0732409060001373,-0.103292502462864,0.229521870613098,-0.0540364906191826,-0.0714925602078438,0.165215954184532,0.26901113986969
0.273818850517273,0.248073324561119,0,0.393184870481491,0.107743792235851,0.0335476137697697,-0.0178681537508965,0.148279577493668,0.138189747929573,0.279545575380325,0.269362270832062,0.58195823431015,0.381208688020706,0.0695667937397957,0.0262232273817062,-0.027986453846097,0.124086104333401,0.154565662145615,-0.0169274155050516,0.206217616796494,0.121124364435673,0.000991070293821394,0.0168896391987801,-0.0336141921579838,0.0336757265031338,0.0538894087076187,0.0849378779530525,8.23717564344406e-05,0.195786893367767,0.022680776193738,-0.0125831412151456,-0.062424298375845,-0.0209637638181448,0.0473431497812271,0.230574950575829,-0.013590095564723,0.141085833311081,0.0873167291283607,0.00260406150482595,0.206845015287399,0.0712279602885246,0.1002237200737,0.17424513399601,0.257573664188385,0.204387545585632,0.063783697783947,-0.0528665035963058,0.192615643143654,-0.0544822663068771,-0.0452197268605232,0.0754343718290329,0.192526787519455,-0.00745574058964849,0.184736236929893,0.124424643814564,-0.0147161819040775,0.0311122164130211,-0.0576889626681805,0.0347641445696354,0.0238598752766848,0.0661899372935295,0.00250757695175707,0.163116946816444,0.000124517013318837,-0.000733455526642501,-0.0686650574207306,-0.0102701745927334,0.0270734131336212,0.210696622729301,-0.0219286736100912,0.144210025668144,0.102937124669552,-0.0209042187780142,0.20797997713089,0.0780718401074409,0.0912621840834618,0.124304868280888,0.187116265296936,0.172061011195183,0.0209451355040073,-0.0572396777570248,0.186211749911308,-0.0574937202036381,-0.0506653264164925,0.0855657309293747,0.184798181056976
0.277642846107483,0.266367673873901,0.393184870481491,0,0.200327292084694,0.0111345695331693,-0.00546786701306701,0.112023517489433,0.139281809329987,0.256333827972412,0.272495895624161,0.373884111642838,0.643141090869904,0.122592605650425,0.0046492712572217,-0.0106821153312922,0.0929426625370979,0.146980687975883,-0.0311638060957193,0.297866880893707,-0.026963921263814,0.0337967649102211,0.0176532138139009,-0.0127772996202111,-0.0808882787823677,0.0145346447825432,0.00940098986029625,0.0276935324072838,0.147358134388924,0.0470479391515255,-0.0311970468610525,-0.146059855818748,-0.0229420475661755,0.188783541321754,0.176631420850754,-0.0887321531772614,0.0710547342896461,0.121244713664055,0.17773549258709,0.221348240971565,0.27423956990242,0.0446307100355625,0.127163529396057,0.16535122692585,0.168848052620888,0.124005801975727,-0.00430079875513911,0.249988123774529,-0.0688560307025909,-0.0228318870067596,0.134277299046516,0.354045063257217,0.00916864816099405,0.285973221063614,0.0248531736433506,0.032768689095974,0.0112022133544087,-0.0306264720857143,-0.0407777391374111,-0.011983959004283,0.0209522843360901,0.0278662163764238,0.155510261654854,0.0350281782448292,-0.0247483216226101,-0.122673355042934,0.00705078383907676,0.153620198369026,0.26704266667366,-0.0590249113738537,0.152587205171585,0.142250284552574,0.107336170971394,0.251297682523727,0.256059050559998,0.0830687060952187,0.132273331284523,0.180975869297981,0.188828766345978,0.101105310022831,-0.0231085661798716,0.308572471141815,-0.0636449754238129,-0.0547112375497818,0.124620735645294,0.352328032255173
0.0863884538412094,0.109752744436264,0.107743792235851,0.200327292084694,0,-0.0032015333417803,-0.0156045230105519,0.0228768680244684,0.0534719005227089,0.0970753133296967,0.0970685109496117,0.111380785703659,0.166647300124168,0.0451951660215855,-0.0028104530647397,-0.0218979902565479,0.0220301635563374,0.0603814944624901,-0.00834029447287321,0.105814889073372,0.00465704314410686,0.00291046523489058,0.0116859804838896,-0.00427708122879267,-0.0158229041844606,0.00670671090483665,-0.0039522722363472,-0.0106478538364172,0.0707520917057991,0.00394120253622532,-0.0249117165803909,-0.0269157029688358,-0.0110213831067085,0.0213620197027922,0.0707446783781052,0.00660494109615684,0.0586067028343678,0.0447371415793896,0.0668890476226807,0.0936728268861771,0.0871870815753937,0.0126986280083656,0.0531928017735481,0.073605589568615,0.0676826983690262,0.0147674987092614,0.0125828543677926,0.108648143708706,-0.0302226785570383,-0.01997035369277,0.0615745708346367,0.144398480653763,0.00154798629228026,0.111634761095047,-0.0129345376044512,-0.00651988759636879,-0.0110294884070754,-0.029433861374855,-0.0346583761274815,-0.0113053070381284,-0.0059606721624732,-0.00357204000465572,0.0638161525130272,-0.00778921879827976,-0.0191189143806696,-0.0404691025614738,-0.0159031972289085,0.0240077171474695,0.0907845944166183,-0.00645012129098177,0.0683560520410538,0.0476692169904709,0.0467053540050983,0.0777357667684555,0.073939323425293,0.0020218538120389,0.0274568293243647,0.0439220853149891,0.0532472059130669,-0.00711383111774921,-0.00148337974678725,0.101886130869389,-0.0409602113068104,-0.0215959027409554,0.0404762513935566,0.127683281898499
-0.00373709970153868,0.0173224881291389,0.0335476137697697,0.0111345695331693,-0.0032015333417803,0,0.169231563806534,0.020677711814642,0.0843029618263245,0.0543638281524181,0.00281052105128765,0.0246364492923021,-0.000350302085280418,-0.0134425135329366,0.433540433645248,0.171416938304901,0.0410638377070427,0.07413050532341,0.0450178943574429,0.0363821759819984,0.136985614895821,0.0990598425269127,0.1387899518013,0.225433304905891,0.240742370486259,0.119602464139462,0.337563991546631,0.135333567857742,0.0825918391346931,0.131428763270378,0.305548876523972,0.20298308134079,0.279131859540939,0.07889324426651,-0.0350650511682034,0.0206807106733322,-0.027715902775526,0.0896368473768234,0.0923554226756096,0.0913464352488518,0.0513290129601955,0.261382251977921,0.227972432971001,-0.00946187321096659,0.172352567315102,0.0744757279753685,0.20884445309639,-0.0823409482836723,0.0526590794324875,0.153167262673378,0.114529117941856,0.0815271884202957,0.00823603663593531,0.0287587251514196,0.00568435620516539,0.0850063487887383,0.0903769880533218,0.212658435106277,0.133778676390648,0.0869613662362099,0.286401778459549,0.136978685855865,0.0212851315736771,0.11694110929966,0.289675980806351,0.140776500105858,0.234311103820801,0.0688313320279121,-0.11501482129097,-0.043002262711525,-0.0828009694814682,0.0697602182626724,0.0993489325046539,0.0367691852152348,0.0504256188869476,0.22072246670723,0.158895418047905,-0.0820600092411041,0.0825418904423714,0.0451981797814369,0.180422395467758,-0.113007396459579,0.0539221540093422,0.119478277862072,0.102218508720398,0.0549773946404457
-0.0833206251263618,-0.0730263888835907,-0.0178681537508965,-0.00546786701306701,-0.0156045230105519,0.169231563806534,0,-0.00984164047986269,-0.00349755655042827,-0.0412898249924183,-0.102963611483574,-0.0420689471065998,-0.0241719484329224,-0.0271973758935928,0.168829724192619,0.253715544939041,-0.0089942030608654,-0.0285152867436409,0.134984582662582,-0.0399948172271252,0.0450440868735313,0.0299190450459719,0.0741357654333115,0.174406006932259,0.0620546974241734,0.12393344938755,-0.00567118031904101,0.0711437463760376,0.0137800350785255,0.0469433851540089,0.155156001448631,0.153162449598312,0.0702208578586578,0.0158313941210508,0.0205375514924526,0.0676965862512589,0.0642736777663231,-0.00568607077002525,0.056973896920681,-0.126934036612511,0.0697648823261261,-0.0375938378274441,-0.0032858841586858,-0.127014711499214,0.0478156916797161,0.0255113504827023,0.223816752433777,-0.0665646642446518,0.0360550843179226,0.129465192556381,0.0166185516864061,0.0327445603907108,0.0797509700059891,-0.0489604212343693,-0.0564958602190018,0.0268969349563122,0.0293975658714771,0.154333889484406,-0.0283437967300415,0.076579324901104,-0.0275592654943466,0.0606089159846306,-0.0179799944162369,0.0419192835688591,0.0885535627603531,0.0863483846187592,0.0550450123846531,0.0201569236814976,-0.048770222812891,-0.0168768055737019,-0.017748573794961,-0.0208663735538721,0.0627522617578506,-0.140528321266174,0.0746724307537079,-0.0560905337333679,-0.0222904570400715,-0.177689865231514,-0.0193747449666262,0.0374069958925247,0.182493925094604,-0.120460100471973,0.0235169306397438,0.104455940425396,0.00163908710237592,0.00106231833342463
0.0573643445968628,0.069746769964695,0.148279577493668,0.112023517489433,0.0228768680244684,0.020677711814642,-0.00984164047986269,0,0.0508630126714706,0.0421416833996773,0.0795392841100693,0.126463770866394,0.104659788310528,0.0166237205266953,0.0327612496912479,0.00102402979973704,0.107343927025795,0.0622738376259804,-0.0338848307728767,0.0863555297255516,-0.0542276725172997,0.0195994451642036,0.00302509032189846,-0.00672529591247439,-0.0347051061689854,-0.0175934787839651,0.0602331757545471,0.0177724044770002,0.0274500232189894,0.00880375318229198,0.0658038482069969,-0.0518874116241932,0.0248419847339392,0.0459763593971729,-0.0214653946459293,-0.0786689072847366,-0.0682299733161926,0.0456649735569954,0.0242131985723972,0.0763868391513824,0.0147790797054768,0.0507395304739475,0.117911443114281,0.0036995355039835,0.0197348203510046,0.00972698908299208,0.00637849792838097,0.00204709777608514,-0.00438487436622381,0.00145530595909804,0.045432161539793,0.0875990092754364,-0.021952798590064,0.0753252580761909,-0.0397746786475182,0.0226440243422985,-0.00228866911493242,0.00390740809962153,-0.0187148246914148,0.00163605448324233,0.068289652466774,0.031390730291605,0.0334350690245628,0.00531746726483107,0.0657579973340034,-0.0374301597476006,0.0100847203284502,0.0452706292271614,-0.000248168362304568,-0.084458015859127,-0.0138208558782935,0.0536362901329994,0.0136059243232012,0.0811178162693977,0.0293576661497355,0.0603856891393661,0.0996489301323891,0.0182209592312574,0.0375327542424202,0.00650695338845253,0.0143143692985177,0.0509409941732883,-0.0144148580729961,0.00310338498093188,0.0574081875383854,0.0886299908161163
0.20942710340023,0.216508641839027,0.138189747929573,0.139281809329987,0.0534719005227089,0.0843029618263245,-0.00349755655042827,0.0508630126714706,0,0.216831177473068,0.224833369255066,0.132642149925232,0.131941169500351,0.0491843000054359,0.0725774690508842,-0.021671561524272,0.0467290617525578,0.195636302232742,-0.0379879511892796,0.164415657520294,0.00950642302632332,0.0571597702801228,0.0216476134955883,0.0064860344864428,0.0309265814721584,0.00782770290970802,0.12752391397953,0.0251560360193253,0.0812524482607841,0.0851529389619827,0.0195599012076855,-0.0508832558989525,0.0656086951494217,0.111405991017818,0.0370892621576786,-0.060749027878046,-0.0104108769446611,0.161231115460396,0.0932041853666306,0.188466802239418,0.0681415647268295,0.148211508989334,0.141309276223183,0.100962966680527,0.0814079940319061,0.0571622215211391,0.00985047407448292,0.116321884095669,-0.0341360792517662,-0.0197217147797346,0.125045791268349,0.19014348089695,-0.0204841140657663,0.173231884837151,0.0496843159198761,0.052559956908226,0.0250226203352213,-0.0125769320875406,0.0613359250128269,0.0133380992338061,0.144668072462082,0.016481401398778,0.0916484147310257,0.0779209658503532,0.0589259788393974,-0.0086866794154048,0.0369230061769485,0.074698768556118,0.0891795232892036,-0.0314018577337265,0.0436503067612648,0.168868377804756,0.0701211169362068,0.185623422265053,0.0618759766221046,0.170186370611191,0.138180106878281,0.112925000488758,0.129997789859772,0.02762221544981,0.0049495161511004,0.151109829545021,-0.0346183218061924,-0.00579771865159273,0.125856682658195,0.177865400910378
0.730528235435486,0.343523681163788,0.279545575380325,0.256333827972412,0.0970753133296967,0.0543638281524181,-0.0412898249924183,0.0421416833996773,0.216831177473068,0,0.315467298030853,0.273974567651749,0.214859738945961,0.0954442396759987,0.0448446236550808,-0.0549382120370865,0.0375977009534836,0.227877423167229,-0.0493831001222134,0.238783299922943,0.235420152544975,0.00268289423547685,0.0483654849231243,-0.0657978504896164,0.187271669507027,0.228467538952827,0.149905517697334,-0.0451248623430729,0.201091587543488,0.00822498928755522,-0.0253986138850451,0.0530805736780167,0.0417235493659973,0.192625015974045,0.205494627356529,0.0817256644368172,0.166020750999451,0.11638106405735,0.267017036676407,0.309921056032181,0.273634225130081,0.228765189647675,0.0874764174222946,0.437147438526154,0.268789887428284,0.260407269001007,-0.0973355248570442,0.403896898031235,-0.0243292152881622,-0.0040848539210856,0.0395739637315273,0.234124481678009,-0.104041934013367,0.184062346816063,0.126431450247765,-0.0024664644151926,0.0272347871214151,-0.0803138911724091,0.110175341367722,0.124752804636955,0.105530939996243,-0.016138669103384,0.101032935082912,0.00698212347924709,-0.0220110174268484,0.0163645595312119,0.0288448389619589,0.13618440926075,0.153225019574165,0.0254976227879524,0.0513777919113636,0.136867463588715,0.152107924222946,0.273178368806839,0.165183067321777,0.158312544226646,0.0620131306350231,0.238537341356277,0.100344441831112,0.123499400913715,-0.0931815952062607,0.352319329977036,-0.0409087464213371,-0.0508058294653893,0.0539304465055466,0.204445868730545
0.40080314874649,0.490262538194656,0.269362270832062,0.272495895624161,0.0970685109496117,0.00281052105128765,-0.102963611483574,0.0795392841100693,0.224833369255066,0.315467298030853,0,0.317747384309769,0.295942276716232,0.111046694219112,-0.0044190650805831,-0.106967277824879,0.0960138961672783,0.247290134429932,-0.163257107138634,0.290946871042252,-0.0107535226270556,0.0667190849781036,0.0198732782155275,-0.0591135174036026,0.0247721914201975,-0.0146763231605291,0.161271795630455,0.0636516511440277,0.137877732515335,0.101169288158417,-0.0525011755526066,-0.170657381415367,0.0219185873866081,0.129342377185822,0.0227409210056067,-0.134396761655807,-0.0526360422372818,0.224992990493774,0.0598672665655613,0.348987102508545,0.0648949593305588,0.206939503550529,0.191739454865456,0.201943174004555,0.0939836502075195,0.0910490751266479,-0.140692353248596,0.219073712825775,-0.0803573429584503,-0.0732391923666,0.175183206796646,0.285233497619629,-0.107813276350498,0.299415647983551,0.143096402287483,0.0752881616353989,0.00572222378104925,-0.0886543244123459,0.142232701182365,-0.0109806191176176,0.198364183306694,0.0434372425079346,0.182455241680145,0.0676109865307808,0.000506013573613018,-0.0595870725810528,0.011764632537961,0.140740126371384,0.229603856801987,-0.00997227896004915,0.139970675110817,0.26701357960701,0.0420447774231434,0.396960496902466,0.0977340564131737,0.267314165830612,0.203445747494698,0.294304072856903,0.260492742061615,0.0692220479249954,-0.123867079615593,0.30537411570549,-0.0404166989028454,-0.0968377888202667,0.178697407245636,0.304775476455688
0.349329978227615,0.260608106851578,0.58195823431015,0.373884111642838,0.111380785703659,0.0246364492923021,-0.0420689471065998,0.126463770866394,0.132642149925232,0.273974567651749,0.317747384309769,0,0.398026317358017,0.0846197828650475,0.0250070989131927,-0.0274531319737434,0.148455575108528,0.153255924582481,-0.0546177625656128,0.206110194325447,0.0748320296406746,-0.0322842039167881,0.000801184040028602,-0.0541170574724674,0.00961551815271378,0.0309804696589708,0.0933978855609894,0.0074270567856729,0.191054120659828,-0.00584640773013234,-0.0472407042980194,-0.116247229278088,-0.0222561117261648,0.0321119129657745,0.192791059613228,-0.0451193861663342,0.117452315986156,0.08305773884058,-0.00369216687977314,0.23016245663166,0.0510037839412689,0.0888755619525909,0.179648607969284,0.233958542346954,0.137362271547318,0.0703602284193039,-0.0841704979538918,0.185542866587639,-0.0793052762746811,-0.0631573721766472,0.0694785341620445,0.196116209030151,-6.3047744333744e-05,0.239050805568695,0.194060474634171,-0.0548919625580311,0.0230235792696476,-0.0754286423325539,0.0872226804494858,0.0493868440389633,0.0899901017546654,-0.013820469379425,0.230943083763123,-0.0249101240187883,0.00543904257938266,-0.04082852602005,0.00785546191036701,0.0404882989823818,0.282443851232529,0.0474461875855923,0.225198537111282,0.0981123968958855,-0.0521974489092827,0.268603712320328,0.0632049515843391,0.134742081165314,0.188464179635048,0.285811394453049,0.240552842617035,0.0293777398765087,-0.0786778256297112,0.238150894641876,-0.050154946744442,-0.0530766397714615,0.0612740367650986,0.217184200882912
0.291879117488861,0.248897910118103,0.381208688020706,0.643141090869904,0.166647300124168,-0.000350302085280418,-0.0241719484329224,0.104659788310528,0.131941169500351,0.214859738945961,0.295942276716232,0.398026317358017,0,0.146200865507126,0.00613800995051861,-0.00314518879167736,0.115804828703403,0.152379840612411,-0.0366039425134659,0.273205012083054,-0.0300131291151047,0.0241700708866119,0.0190306399017572,-0.0221908483654261,-0.0822500810027122,-0.000917690573260188,-0.0030754366889596,0.0416013598442078,0.140403926372528,0.0369320809841156,-0.066229373216629,-0.153040409088135,-0.0217094104737043,0.159031391143799,0.148738130927086,-0.101058632135391,0.0622248947620392,0.116277366876602,0.108393996953964,0.224918588995934,0.215253636240959,0.0277699492871761,0.114129789173603,0.146442115306854,0.129926428198814,0.103684149682522,-0.0273934956640005,0.229815497994423,-0.0838517099618912,-0.0488802827894688,0.124358683824539,0.324133425951004,0.0326230861246586,0.291854828596115,0.0377832874655724,0.0200922973453999,0.0175494030117989,-0.0214980784803629,-0.0340848825871944,0.0229754075407982,0.00723495287820697,0.0357538871467113,0.184679105877876,0.0253416858613491,-0.0372725762426853,-0.111093156039715,-0.00240595266222954,0.157981529831886,0.293273657560349,-0.0392548330128193,0.185677111148834,0.138653084635735,0.107585549354553,0.251790761947632,0.277277052402496,0.0789890810847282,0.127972185611725,0.200178071856499,0.198678761720657,0.10001677274704,-0.000284548848867416,0.319481909275055,-0.0846830978989601,-0.0480773337185383,0.12480653822422,0.378114253282547
0.108173847198486,0.0977259129285812,0.0695667937397957,0.122592605650425,0.0451951660215855,-0.0134425135329366,-0.0271973758935928,0.0166237205266953,0.0491843000054359,0.0954442396759987,0.111046694219112,0.0846197828650475,0.146200865507126,0,-0.00738194305449724,-0.0279876906424761,0.00928276777267456,0.090157188475132,-0.0197223462164402,0.131667509675026,-0.0402121655642986,0.0170524008572102,0.0124506270512938,-0.0154935047030449,-0.0257870964705944,-0.0184730459004641,0.0131124462932348,-0.0114594781771302,0.0385337620973587,0.0153413191437721,-0.027039235457778,-0.0529766269028187,0.00348048424348235,0.0578207783401012,0.0243904180824757,-0.0435830838978291,-0.007261011749506,0.0572194084525108,0.0613885894417763,0.0877287983894348,0.0645511746406555,0.0399371162056923,0.0532707162201405,0.0461840480566025,0.0504493601620197,0.0201842226088047,-0.0113076185807586,0.0834343358874321,-0.0400512218475342,-0.00875855516642332,0.073761872947216,0.124347522854805,-0.0067847203463316,0.105891413986683,0.00272947340272367,0.0142585560679436,0.00371154840104282,-0.0184756256639957,-0.00465319631621242,-0.0107382517307997,0.025868846103549,-0.0115059353411198,0.0336521789431572,0.0211765132844448,-0.00708735920488834,-0.0282187424600124,-0.00638388842344284,0.0682439133524895,0.0829164162278175,-0.0328891761600971,0.0550052523612976,0.0719016045331955,0.0636915639042854,0.0904068201780319,0.0799129456281662,0.0486003383994102,0.0678119659423828,0.0618573315441608,0.0914585143327713,0.00726651912555099,-0.0081077478826046,0.118044272065163,-0.0269312132149935,-0.0202479287981987,0.0649202987551689,0.136528417468071
0.0040449439547956,-0.000248809345066547,0.0262232273817062,0.0046492712572217,-0.0028104530647397,0.433540433645248,0.168829724192619,0.0327612496912479,0.0725774690508842,0.0448446236550808,-0.0044190650805831,0.0250070989131927,0.00613800995051861,-0.00738194305449724,0,0.213684007525444,0.038744006305933,0.0701027512550354,0.0342099517583847,0.035658948123455,0.122375793755054,0.0848292633891106,0.114553660154343,0.230151295661926,0.218001246452332,0.118180006742477,0.316827178001404,0.128689676523209,0.0834081843495369,0.111448414623737,0.305452078580856,0.167677700519562,0.274028778076172,0.0790813192725182,-0.0429661683738232,-0.0157061032950878,-0.0563257858157158,0.0752848610281944,0.0883827656507492,0.0723636746406555,0.0579927749931812,0.244555279612541,0.237656250596046,-0.0283396951854229,0.154618874192238,0.0679984465241432,0.203880801796913,-0.0899282097816467,0.0379698872566223,0.13419397175312,0.0990887954831123,0.0834799036383629,0.0180551335215569,0.0475820749998093,0.0535502210259438,0.0809189081192017,0.10699038207531,0.224493980407715,0.15891894698143,0.125267431139946,0.301324427127838,0.112848073244095,0.0563716255128384,0.103841431438923,0.276863545179367,0.158584907650948,0.274255394935608,0.0659864097833633,-0.0868522599339485,-0.0403838194906712,-0.0649464428424835,0.0659315288066864,0.109845295548439,0.0598109737038612,0.0497174561023712,0.238198682665825,0.179065763950348,-0.0533685274422169,0.104394555091858,0.0637513473629951,0.199739933013916,-0.0847311913967133,0.0346432290971279,0.137279093265533,0.100829280912876,0.0813970416784286
-0.0934622213244438,-0.0913152918219566,-0.027986453846097,-0.0106821153312922,-0.0218979902565479,0.171416938304901,0.253715544939041,0.00102402979973704,-0.021671561524272,-0.0549382120370865,-0.106967277824879,-0.0274531319737434,-0.00314518879167736,-0.0279876906424761,0.213684007525444,0,0.0156304780393839,-0.00880471244454384,0.101977922022343,-0.0357310511171818,0.0411847606301308,0.0292210765182972,0.0759568437933922,0.166774719953537,0.0408603772521019,0.114285111427307,-0.0119542321190238,0.0317456386983395,0.0103116780519485,0.0409296862781048,0.129947826266289,0.115045048296452,0.0934045165777206,0.0232430007308722,0.0055907960049808,0.0359903313219547,0.0378511138260365,-0.0437203422188759,0.0464083068072796,-0.116391576826572,0.0728873237967491,-0.0384346581995487,0.00225122692063451,-0.115427240729332,0.0293837487697601,0.0274689365178347,0.192689314484596,-0.0730736330151558,0.0381867699325085,0.108552783727646,0.0127823473885655,0.025142353028059,0.0863159373402596,-0.0356019176542759,-0.0202083047479391,0.0233717188239098,0.0464501865208149,0.174803763628006,-0.00990332197397947,0.118270695209503,-0.0257392786443233,0.0248235855251551,0.00105937721673399,0.03384879976511,0.0996473655104637,0.0860081389546394,0.0971796959638596,0.0228161811828613,-0.0173224005848169,-0.00693741673603654,0.0133653553202748,-0.0517276637256145,0.0625637620687485,-0.130417838692665,0.0815775468945503,-0.0521453283727169,-0.0281017031520605,-0.139733657240868,-0.0133508527651429,0.0391176976263523,0.20219112932682,-0.0883581340312958,0.0241258982568979,0.124873727560043,0.00209392118267715,0.0247317031025887
0.0407966561615467,0.058465376496315,0.124086104333401,0.0929426625370979,0.0220301635563374,0.0410638377070427,-0.0089942030608654,0.107343927025795,0.0467290617525578,0.0375977009534836,0.0960138961672783,0.148455575108528,0.115804828703403,0.00928276777267456,0.038744006305933,0.0156304780393839,0,0.0663996711373329,-0.026207722723484,0.0850194916129112,-0.0396081395447254,0.0289058201014996,0.0182282105088234,-0.00225893477909267,-0.00629825284704566,-0.0282145328819752,0.08050187677145,0.0338816829025745,0.0254602693021297,0.0300455410033464,0.056361198425293,-0.0611815229058266,0.0143712013959885,0.0264486260712147,-0.0176647771149874,-0.072956420481205,-0.0536259636282921,0.0466508790850639,0.00317553756758571,0.0718838423490524,-0.0071004880592227,0.0761918127536774,0.125703483819962,-0.00483136298134923,0.0229747779667377,0.00515722762793303,0.00746979936957359,-0.024098988622427,-0.0140298781916499,-0.0127465473487973,0.0411684662103653,0.0614286512136459,-0.0177887212485075,0.0737128108739853,-0.0287094973027706,0.0264911577105522,0.00858723465353251,0.0198936555534601,-0.0123567758128047,-0.0127186952158809,0.0697122737765312,0.0266327150166035,0.0293300710618496,0.0238385498523712,0.0500183887779713,-0.0327944941818714,0.0235002599656582,0.0343059711158276,-0.00626712664961815,-0.0928514823317528,-0.024177324026823,0.049937080591917,-0.00834920722991228,0.0731360018253326,-0.00479023950174451,0.0747750476002693,0.116820022463799,0.0220409836620092,0.0196248386055231,0.00538862124085426,0.0163420345634222,0.0162205658853054,-0.0180368237197399,-0.00292627327144146,0.045046404004097,0.0696728006005287
0.259675592184067,0.211552664637566,0.154565662145615,0.146980687975883,0.0603814944624901,0.07413050532341,-0.0285152867436409,0.0622738376259804,0.195636302232742,0.227877423167229,0.247290134429932,0.153255924582481,0.152379840612411,0.090157188475132,0.0701027512550354,-0.00880471244454384,0.0663996711373329,0,-0.0518527030944824,0.168378129601479,0.0373875126242638,0.0463819019496441,0.0430657453835011,0.0167866218835115,0.0579813160002232,0.0347669683396816,0.122015863656998,0.0300203710794449,0.0978202894330025,0.0817656069993973,0.0095653859898448,-0.025315061211586,0.0702365934848785,0.0934622883796692,0.0302908029407263,-0.0503120794892311,-8.32434743642807e-05,0.155115187168121,0.0817002803087234,0.189850658178329,0.0635003745555878,0.156582325696945,0.134097501635551,0.123254418373108,0.0870676040649414,0.0698994249105453,0.0228141453117132,0.147501915693283,-0.0369059182703495,0.0263888612389565,0.167090758681297,0.198287010192871,0.00384189444594085,0.182896479964256,0.0995820462703705,0.0580531656742096,0.0266919601708651,0.0126535631716251,0.105280086398125,0.0395325310528278,0.144402980804443,0.0314329490065575,0.117690607905388,0.0765080004930496,0.0563426911830902,0.0184751842170954,0.0545173138380051,0.105120703577995,0.124030664563179,0.0106012877076864,0.0892072916030884,0.175691232085228,0.0763568058609962,0.202183574438095,0.0830298513174057,0.186831295490265,0.136011004447937,0.154725268483162,0.161537602543831,0.0642402917146683,0.0244925674051046,0.184254750609398,-0.00578815815970302,2.80626118183136e-05,0.13818122446537,0.219643503427505
-0.122818239033222,-0.0869843736290932,-0.0169274155050516,-0.0311638060957193,-0.00834029447287321,0.0450178943574429,0.134984582662582,-0.0338848307728767,-0.0379879511892796,-0.0493831001222134,-0.163257107138634,-0.0546177625656128,-0.0366039425134659,-0.0197223462164402,0.0342099517583847,0.101977922022343,-0.026207722723484,-0.0518527030944824,0,-0.0130184590816498,0.221093118190765,0.0600624084472656,0.0412575677037239,0.245342299342155,0.166899040341377,0.257944494485855,-0.187834218144417,0.0942442864179611,0.082768440246582,0.0846258103847504,-0.0150730609893799,0.519252240657806,-0.0138493115082383,-0.00308220973238349,0.540136933326721,0.204300358891487,0.568061709403992,-0.00333561538718641,0.0651697814464569,-0.0894332975149155,0.197776257991791,-0.0822861939668655,-0.148357421159744,0.0203681476414204,0.177368953824043,0.0838656350970268,0.719087362289429,0.256044685840607,0.0979257822036743,0.145009875297546,0.169755548238754,0.153599008917809,0.657172560691833,-0.0311019085347652,0.0512387529015541,0.037593349814415,0.0199217479676008,0.205572515726089,0.0177723709493876,0.185619831085205,-0.210252791643143,0.096943162381649,0.0311002992093563,0.0751081109046936,-0.0859003141522408,0.294614225625992,0.0100452695041895,0.00800656154751778,0.287279546260834,0.156047880649567,0.313922613859177,-0.0383836813271046,0.11138241738081,-0.161174386739731,0.152099803090096,-0.132055759429932,-0.129639476537704,-0.0703895017504692,0.0357920192182064,0.0619836896657944,0.610066592693329,0.0825567916035652,0.0465647503733635,0.145194754004478,0.163126796483994,0.11971291154623
0.238615244626999,0.269544869661331,0.206217616796494,0.297866880893707,0.105814889073372,0.0363821759819984,-0.0399948172271252,0.0863555297255516,0.164415657520294,0.238783299922943,0.290946871042252,0.206110194325447,0.273205012083054,0.131667509675026,0.035658948123455,-0.0357310511171818,0.0850194916129112,0.168378129601479,-0.0130184590816498,0,-0.102998696267605,0.16646420955658,0.0502471216022968,0.0294244047254324,-0.106383182108402,-0.0138144120573997,0.0123567003756762,0.0382109805941582,0.218525871634483,0.188396468758583,-0.0988009348511696,-0.261370033025742,0.0119366869330406,0.38045796751976,0.196066364645958,-0.210338115692139,0.0315396897494793,0.287626653909683,0.304348647594452,0.430581718683243,0.39714503288269,0.102343320846558,0.277187526226044,0.272336900234222,0.333849608898163,0.271781742572784,0.0667475387454033,0.386974096298218,-0.129150822758675,-0.0503823459148407,0.290257215499878,0.570408284664154,0.0446603633463383,0.590703845024109,-0.0919706597924232,0.173359498381615,0.0136886406689882,0.0126392459496856,-0.107046253979206,0.00842972472310066,0.0524458773434162,0.0468191169202328,0.187741085886955,0.162964269518852,-0.0504068620502949,-0.237386152148247,0.0284077022224665,0.363615363836288,0.31306779384613,-0.234292283654213,0.109687015414238,0.290313422679901,0.252836048603058,0.443345010280609,0.384286403656006,0.161101534962654,0.269599556922913,0.234477281570435,0.292707413434982,0.220962479710579,0.0606254562735558,0.46474215388298,-0.160061866044998,-0.0821298807859421,0.243814796209335,0.559618055820465
0.072752945125103,0.0430604927241802,0.121124364435673,-0.026963921263814,0.00465704314410686,0.136985614895821,0.0450440868735313,-0.0542276725172997,0.00950642302632332,0.235420152544975,-0.0107535226270556,0.0748320296406746,-0.0300131291151047,-0.0402121655642986,0.122375793755054,0.0411847606301308,-0.0396081395447254,0.0373875126242638,0.221093118190765,-0.102998696267605,0,-0.122215569019318,0.0703479051589966,0.191365227103233,0.6938556432724,0.545757174491882,0.189982295036316,-0.0395079478621483,0.267427444458008,-0.0667829588055611,0.111080341041088,0.480078399181366,0.154599472880363,-0.0805798172950745,0.548624098300934,0.450258046388626,0.515391290187836,-0.0999134704470634,-0.022338692098856,0.0901278778910637,0.108449406921864,0.29792183637619,-0.0361472740769386,0.68575245141983,0.401302099227905,0.362394064664841,0.0783804953098297,0.458258479833603,0.0291806142777205,0.013293819501996,-0.0116031849756837,-0.0441266819834709,0.0695753917098045,-0.0938122272491455,0.663634181022644,-0.165499165654182,0.0635262802243233,0.116130188107491,0.526090979576111,0.294721901416779,0.0641942992806435,-0.0094258114695549,0.105468541383743,-0.0587582364678383,0.0538685843348503,0.325581818819046,0.118476241827011,-0.07215466350317,0.278353303670883,0.359723120927811,0.223298966884613,-0.0996541529893875,-0.00768070481717587,-0.00632668426260352,0.0385044254362583,0.164375677704811,-0.110976487398148,0.310425490140915,0.11859142780304,0.175883039832115,0.0519966073334217,0.11343952268362,0.0733630508184433,0.0187956113368273,-0.00969581864774227,-0.0818479135632515
-0.0371004492044449,0.0881233364343643,0.000991070293821394,0.0337967649102211,0.00291046523489058,0.0990598425269127,0.0299190450459719,0.0195994451642036,0.0571597702801228,0.00268289423547685,0.0667190849781036,-0.0322842039167881,0.0241700708866119,0.0170524008572102,0.0848292633891106,0.0292210765182972,0.0289058201014996,0.0463819019496441,0.0600624084472656,0.16646420955658,-0.122215569019318,0,0.0198187250643969,0.363973021507263,0.0972096100449562,-0.119336642324924,0.128853544592857,0.278106212615967,0.0438834801316261,0.921072542667389,0.0227746311575174,-0.135700941085815,0.159669980406761,0.358320236206055,-0.0620185472071171,-0.166746214032173,-0.113133199512959,0.871485471725464,0.316017419099808,0.0761516541242599,0.296456724405289,0.278935223817825,0.0603797845542431,-0.0109455240890384,0.0833325609564781,0.653425574302673,0.18289041519165,0.00928643252700567,-0.0231472905725241,0.0168375559151173,0.205088585615158,0.235050603747368,0.0591950453817844,0.139932081103325,-0.237659245729446,0.971565127372742,0.0105869499966502,0.397921442985535,-0.0395329035818577,-0.0607236213982105,0.155479148030281,0.334642380475998,-0.0103967608883977,0.90822970867157,-0.0101184500381351,-0.177007630467415,0.164073929190636,0.336653381586075,-0.101508930325508,-0.235271498560905,-0.157132789492607,0.830790221691132,0.348786681890488,0.06086091324687,0.300812065601349,0.307670950889587,0.0715647637844086,-0.0984737798571587,-0.0150151010602713,0.592932164669037,0.165674701333046,0.0313721969723701,-0.0673063322901726,0.0143401827663183,0.168280601501465,0.201715663075447
0.0292413961142302,0.0222037322819233,0.0168896391987801,0.0176532138139009,0.0116859804838896,0.1387899518013,0.0741357654333115,0.00302509032189846,0.0216476134955883,0.0483654849231243,0.0198732782155275,0.000801184040028602,0.0190306399017572,0.0124506270512938,0.114553660154343,0.0759568437933922,0.0182282105088234,0.0430657453835011,0.0412575677037239,0.0502471216022968,0.0703479051589966,0.0198187250643969,0,0.165395125746727,0.111977472901344,0.145997062325478,0.0595502927899361,0.0417686887085438,0.100276157259941,0.0437691994011402,0.0936965495347977,0.109205640852451,0.101987890899181,0.0311338473111391,0.0652181506156921,0.0417790897190571,0.072811596095562,0.0282651204615831,0.0493341460824013,0.0479974523186684,0.0600990392267704,0.0489514283835888,0.0615583509206772,0.0441997461020947,0.0731223076581955,0.0883189812302589,0.110370643436909,0.0659864246845245,0.0322164110839367,0.105235956609249,0.0552933439612389,0.107257872819901,0.0233856458216906,0.0314541533589363,0.042246837168932,0.00864929705858231,0.0586365833878517,0.132125750184059,0.0807067900896072,0.113835237920284,0.063194677233696,0.0299106054008007,0.0631455183029175,0.0402006842195988,0.0866378918290138,0.0824543014168739,0.085606686770916,0.0088611887767911,0.05814303830266,0.020710526034236,0.0506780259311199,0.0214559584856033,0.0357826240360737,0.0372476689517498,0.0502838790416718,0.063827708363533,0.0356196016073227,-0.00241033686324954,0.0535730719566345,0.0747700557112694,0.0816320106387138,0.0446599349379539,0.0188714265823364,0.0501507557928562,0.0370086282491684,0.0972801744937897
-0.0494168400764465,-0.0402403920888901,-0.0336141921579838,-0.0127772996202111,-0.00427708122879267,0.225433304905891,0.174406006932259,-0.00672529591247439,0.0064860344864428,-0.0657978504896164,-0.0591135174036026,-0.0541170574724674,-0.0221908483654261,-0.0154935047030449,0.230151295661926,0.166774719953537,-0.00225893477909267,0.0167866218835115,0.245342299342155,0.0294244047254324,0.191365227103233,0.363973021507263,0.165395125746727,0,0.351614385843277,0.346756905317307,0.0893286615610123,0.547727942466736,0.0979868844151497,0.544618487358093,0.181887730956078,0.217044293880463,0.330095648765564,0.109853804111481,0.119640216231346,0.043908353894949,0.0929079949855804,0.32722470164299,0.109978288412094,-0.0453417710959911,0.148287907242775,0.124587334692478,0.0470817349851131,-0.0107391895726323,0.100637331604958,0.50104957818985,0.336320161819458,-0.00246259453706443,0.0750159248709679,0.154186114668846,0.120395205914974,0.14067517220974,0.228282988071442,0.0475740805268288,0.0560757555067539,0.333158195018768,0.110719859600067,0.810908138751984,0.221405074000359,0.35384401679039,0.0958598554134369,0.505122780799866,0.0771633982658386,0.542025685310364,0.141620665788651,0.201556086540222,0.345163434743881,0.120561823248863,0.0986058861017227,-0.0185446795076132,0.120543695986271,0.259566843509674,0.151610568165779,-0.0432325676083565,0.176483958959579,0.172102272510529,0.0428972989320755,-0.0653381124138832,0.0634629800915718,0.505146622657776,0.268443077802658,-0.0160216018557549,0.0577261708676815,0.132627174258232,0.0904399082064629,0.0998901724815369
