0 0.32412 0.25176 0.26706 0.08227 -0.0091881 -0.090101 0.050925 0.19975 0.71481 0.40143 0.34069 0.28217 0.1049 -0.00020163 -0.090274 0.033384 0.25424 -0.13573 0.22094 0.046225 -0.010019 0.027104 -0.061845 0.0345 0.1412 0.080979 -0.004229 0.18728 -0.013343 -0.1506 -0.1057 0.0054904 0.12926 0.075957 -0.067035 0.01627 0.093524 0.072433 0.34347 0.087759 0.16799 0.095639 0.33859 0.051628 0.15981 -0.14803 0.33948 -0.094278 -0.056117 0.023193 0.21133 -0.041225 0.25846 0.37134 -0.0095452 0.036769 -0.087144 0.30896 0.22155 0.16202 -0.0094715 0.29725 -0.032663 -0.039361 0.11097 0.020999 0.1533 0.35281 0.16397 0.2603 0.12578 0.082503 0.42665 0.19158 0.27919 0.16139 0.55017 0.35296 0.17408 -0.10975 0.49567 -0.021254 -0.082185 0.031253 0.25998
0.32412 0 0.24594 0.26765 0.11264 0.0055278 -0.081314 0.078754 0.23145 0.34709 0.52173 0.26724 0.25846 0.10733 -0.011923 -0.10161 0.057458 0.22292 -0.10517 0.26093 0.027983 0.11046 0.015854 -0.063394 0.032425 0.031683 0.1315 0.069947 0.14136 0.13814 -0.046363 -0.12442 0.0066636 0.18089 0.096079 -0.085217 7.4051e-05 0.23644 0.1417 0.3352 0.12385 0.18754 0.16309 0.20144 0.16216 0.11431 -0.1035 0.22858 -0.057069 -0.060212 0.17335 0.2828 -0.11891 0.26295 0.054091 0.10718 0.012399 -0.082213 0.053413 -0.028902 0.13341 0.056942 0.12986 0.10226 -0.028824 -0.099432 -0.019479 0.12566 0.15207 -0.043144 0.070372 0.27684 0.089192 0.3207 0.099265 0.18674 0.156 0.17555 0.16218 0.052183 -0.12199 0.20863 -0.060938 -0.081053 0.15396 0.26138
0.25176 0.24594 0 0.40869 0.11333 0.032492 -0.015199 0.15494 0.14133 0.27423 0.27763 0.60128 0.39895 0.071365 0.028637 -0.027767 0.12513 0.14787 -0.03104 0.1861 0.086824 0.018805 0.0066281 -0.046885 -0.0015382 0.032935 0.072322 -0.0067557 0.18578 0.031761 -0.01697 -0.086812 -0.034382 0.043542 0.20813 -0.035223 0.12395 0.09148 0.0012585 0.19557 0.07684 0.079739 0.17332 0.22197 0.18751 0.042716 -0.062092 0.16959 -0.05352 -0.048919 0.071883 0.1755 -0.021869 0.1724 0.087392 0.00056846 0.032629 -0.061396 0.0056762 0.0068321 0.056759 -0.0011641 0.15462 0.0095755 -0.0093954 -0.082907 -0.022185 0.029744 0.18306 -0.040055 0.12919 0.10914 -0.015989 0.19347 0.082452 0.070242 0.124 0.15636 0.13985 -0.0041415 -0.058735 0.15821 -0.065222 -0.055088 0.075516 0.16993
0.26706 0.26765 0.40869 0 0.20413 0.014642 -0.0002067 0.11736 0.13564 0.25208 0.2794 0.38861 0.66562 0.12897 0.014538 -0.006588 0.10201 0.14437 -0.047526 0.2927 -0.053192 0.054031 0.0093431 -0.015448 -0.10906 0.010114 0.0045476 0.010139 0.15155 0.062639 -0.027988 -0.17285 -0.01438 0.20232 0.16885 -0.11098 0.06208 0.13097 0.18466 0.206 0.27703 0.036928 0.13433 0.13548 0.17233 0.1191 -0.015224 0.24887 -0.069813 -0.019054 0.1226 0.35375 -0.011569 0.28482 -0.00018498 0.054975 0.010238 -0.027343 -0.058864 -0.020199 0.023018 0.014368 0.15839 0.048604 -0.027423 -0.13942 0.017146 0.16701 0.25384 -0.071852 0.14941 0.15121 0.12173 0.24627 0.2624 0.077467 0.13916 0.16394 0.17931 0.088295 -0.030345 0.29474 -0.074057 -0.057116 0.11715 0.35248
0.08227 0.11264 0.11333 0.20413 0 -0.0010883 -0.018327 0.022879 0.057744 0.098379 0.10946 0.11925 0.18109 0.046902 -0.0029973 -0.028404 0.025668 0.059247 -0.01203 0.1038 -0.0040748 0.010782 0.015936 -0.005556 -0.020823 0.0092126 -0.011326 -0.0086841 0.078761 0.012473 -0.026661 -0.035247 -0.010773 0.02132 0.07442 0.0046935 0.056079 0.055018 0.067773 0.087346 0.087371 0.0082901 0.059102 0.06953 0.067948 0.01285 0.0088036 0.10818 -0.030431 -0.019356 0.063456 0.14456 -0.0056703 0.11093 -0.025763 0.0063444 -0.014591 -0.028816 -0.039401 -0.013965 -0.0055412 -0.00086417 0.06663 0.00073274 -0.024812 -0.045422 -0.020342 0.030747 0.086595 -0.0069447 0.065284 0.057595 0.055383 0.07421 0.076538 -0.0014553 0.02812 0.040729 0.049028 -0.010425 -0.0065591 0.099032 -0.045765 -0.024592 0.04248 0.13449
-0.0091881 0.0055278 0.032492 0.014642 -0.0010883 0 0.17378 0.020806 0.084949 0.048265 -0.0081206 0.019619 0.010312 -0.015324 0.4466 0.18266 0.041377 0.069394 0.076301 0.05526 0.14132 0.1095 0.13383 0.23221 0.24818 0.12551 0.33703 0.12957 0.093347 0.14163 0.30156 0.20526 0.27632 0.089378 -0.02308 0.020449 -0.024711 0.10056 0.10507 0.10334 0.073549 0.26762 0.22004 0.0042189 0.17128 0.093227 0.22761 -0.050977 0.056482 0.15851 0.1317 0.10477 0.051915 0.042711 0.011537 0.088347 0.088731 0.22269 0.13295 0.10539 0.28546 0.13784 0.02766 0.12839 0.27468 0.13443 0.23583 0.080615 -0.095787 -0.052024 -0.069356 0.071929 0.11442 0.0455 0.074032 0.22534 0.15603 -0.074023 0.08562 0.058074 0.19679 -0.067473 0.049076 0.12365 0.11766 0.07962
-0.090101 -0.081314 -0.015199 -0.0002067 -0.018327 0.17378 0 -0.011444 -0.0033005 -0.042029 -0.11088 -0.043711 -0.022197 -0.024866 0.18283 0.26033 -0.012428 -0.031376 0.15408 -0.023791 0.042686 0.026201 0.076724 0.19256 0.077716 0.13201 0.0033469 0.071776 0.011409 0.045843 0.17307 0.1589 0.075869 0.01752 0.024164 0.071713 0.065505 -0.0067201 0.053208 -0.12325 0.074034 -0.030795 -0.00036343 -0.13328 0.057997 0.039265 0.23162 -0.054639 0.047001 0.13296 0.018112 0.038412 0.10753 -0.045116 -0.062737 0.016552 0.02461 0.17082 -0.020894 0.088882 -0.025291 0.063122 -0.01908 0.042577 0.097251 0.081115 0.064174 0.024071 -0.048825 -0.026263 -0.019659 -0.028603 0.058044 -0.13368 0.075053 -0.047603 -0.017431 -0.18264 -0.01355 0.046251 0.19227 -0.10503 0.028397 0.1136 0.0063578 0.012671
0.050925 0.078754 0.15494 0.11736 0.022879 0.020806 -0.011444 0 0.057096 0.032991 0.076877 0.13731 0.11356 0.014169 0.035362 0.0047746 0.11037 0.066265 -0.028374 0.090425 -0.062883 0.035625 0.00026051 -0.0033904 -0.046759 -0.024797 0.053713 0.026047 0.028018 0.02344 0.064247 -0.06471 0.023976 0.054806 -0.025468 -0.090826 -0.074264 0.05673 0.02827 0.069856 0.021401 0.045662 0.11437 -0.0027661 0.01331 0.017235 0.0073434 0.0089564 -0.0060826 0.0034277 0.04765 0.088506 -0.016724 0.079973 -0.039233 0.037544 -0.003852 0.0070396 -0.024163 0.0052991 0.068521 0.042293 0.036356 0.017922 0.058847 -0.044933 0.014632 0.054753 0.0030561 -0.090287 -0.01409 0.063493 0.019881 0.074767 0.040752 0.057627 0.098739 0.019529 0.032605 0.017002 0.01697 0.061114 -0.019208 0.0023502 0.059084 0.090364
0.19975 0.23145 0.14133 0.13564 0.057744 0.084949 -0.0033005 0.057096 0 0.21977 0.24065 0.13288 0.13322 0.059463 0.073618 -0.02064 0.048721 0.20401 -0.039138 0.1625 0.0039307 0.07704 0.018188 0.0078308 0.026167 0.0038624 0.11879 0.019761 0.076025 0.10662 0.017839 -0.054246 0.066325 0.12996 0.033546 -0.063439 -0.014814 0.17607 0.1061 0.18609 0.081777 0.14745 0.13172 0.098411 0.078694 0.057142 0.0049666 0.11818 -0.031637 -0.021776 0.12822 0.18442 -0.026953 0.17517 0.039271 0.070219 0.026646 -0.009136 0.053073 0.011785 0.14273 0.011073 0.087429 0.097661 0.05242 -0.013461 0.039146 0.087543 0.084743 -0.036575 0.040857 0.18528 0.083936 0.18117 0.077036 0.16616 0.13801 0.10304 0.11969 0.019114 -0.0013502 0.14806 -0.040631 -0.0091797 0.12713 0.17695
0.71481 0.34709 0.27423 0.25208 0.098379 0.048265 -0.042029 0.032991 0.21977 0 0.32226 0.27106 0.21576 0.097443 0.039675 -0.056833 0.025342 0.22243 -0.080549 0.21921 0.2214 0.03934 0.049953 -0.094393 0.1616 0.20787 0.12709 -0.079902 0.19205 0.018825 -0.031268 0.024165 0.034574 0.19658 0.19725 0.070149 0.16426 0.12874 0.26621 0.30107 0.27908 0.20903 0.084968 0.42328 0.253 0.23514 -0.10718 0.37549 -0.028385 -0.007459 0.037849 0.22473 -0.14561 0.17113 0.10742 0.026428 0.02616 -0.1068 0.074634 0.10315 0.079935 -0.046258 0.095535 0.019847 -0.031972 -0.0097771 0.02275 0.1423 0.14059 0.022954 0.03639 0.15526 0.14684 0.26265 0.17281 0.12928 0.055036 0.22486 0.069861 0.086447 -0.10018 0.32517 -0.057828 -0.064217 0.040315 0.19327
0.40143 0.52173 0.27763 0.2794 0.10946 -0.0081206 -0.11088 0.076877 0.24065 0.32226 0 0.33391 0.30622 0.11835 -0.027467 -0.11381 0.097075 0.26286 -0.17575 0.29175 -0.025604 0.094367 0.013938 -0.080965 -0.017505 -0.026099 0.13686 0.052471 0.12867 0.12018 -0.078238 -0.19973 0.0072724 0.13481 0.01844 -0.15521 -0.057815 0.24421 0.073042 0.34903 0.072936 0.18956 0.19093 0.18548 0.087276 0.077118 -0.15285 0.22172 -0.096678 -0.082286 0.17914 0.27743 -0.14293 0.3112 0.13833 0.10365 0.0017793 -0.11158 0.1278 -0.032865 0.19114 0.026883 0.18098 0.086453 -0.030705 -0.080591 -0.0043073 0.14912 0.2297 -0.019381 0.14346 0.28993 0.058035 0.40153 0.1166 0.25568 0.20669 0.28976 0.25462 0.053804 -0.14199 0.29429 -0.049254 -0.11636 0.17158 0.29986
0.34069 0.26724 0.60128 0.38861 0.11925 0.019619 -0.043711 0.13731 0.13288 0.27106 0.33391 0 0.42205 0.088485 0.023826 -0.02323 0.15202 0.15086 -0.063958 0.19507 0.038813 -0.0044573 -0.0065796 -0.061827 -0.029532 0.014497 0.073464 0.0038527 0.17673 0.014557 -0.051413 -0.14109 -0.03649 0.035415 0.18019 -0.06194 0.10923 0.097877 0.0073176 0.21713 0.06514 0.059676 0.1701 0.20363 0.11476 0.060684 -0.081507 0.17164 -0.082827 -0.061924 0.06966 0.18088 -0.017583 0.23275 0.15563 -0.029114 0.022602 -0.077142 0.054943 0.032453 0.075448 -0.016079 0.22339 -0.0086402 -0.0092816 -0.061682 -0.0015765 0.04626 0.26251 0.031273 0.21504 0.11219 -0.036919 0.25626 0.083906 0.10917 0.183 0.25869 0.20577 0.019219 -0.077026 0.216 -0.06274 -0.055561 0.060608 0.21057
0.28217 0.25846 0.39895 0.66562 0.18109 0.010312 -0.022197 0.11356 0.13322 0.21576 0.30622 0.42205 0 0.14893 0.015227 -0.0026793 0.12249 0.1578 -0.040645 0.27094 -0.052671 0.04611 0.014771 -0.020184 -0.10372 0.0021593 -0.0087398 0.02936 0.14363 0.053478 -0.061896 -0.17388 -0.014355 0.17288 0.14925 -0.11916 0.055992 0.12904 0.11439 0.21159 0.22082 0.023954 0.12327 0.12021 0.14033 0.10098 -0.030664 0.22741 -0.08399 -0.04092 0.11803 0.3217 0.01761 0.28886 0.0080064 0.04 0.016281 -0.016686 -0.050326 0.016319 0.0097306 0.025814 0.18473 0.039008 -0.040661 -0.12781 0.0079666 0.16871 0.27792 -0.056493 0.18187 0.1466 0.11809 0.24842 0.28241 0.073275 0.13519 0.17712 0.18754 0.086857 0.00050743 0.30343 -0.094585 -0.050525 0.11858 0.37494
0.1049 0.10733 0.071365 0.12897 0.046902 -0.015324 -0.024866 0.014169 0.059463 0.097443 0.11835 0.088485 0.14893 0 -0.0088447 -0.026621 0.008689 0.094792 -0.018548 0.1285 -0.03881 0.026 0.013177 -0.021479 -0.030388 -0.020855 0.0055612 -0.014415 0.032076 0.025731 -0.03546 -0.061727 0.0037781 0.062047 0.024196 -0.047892 -0.010138 0.063853 0.06628 0.086771 0.071006 0.03794 0.058185 0.036349 0.05331 0.017034 -0.01294 0.085351 -0.046083 -0.013996 0.073045 0.12392 -0.01447 0.10824 0.001594 0.028103 0.0026624 -0.020533 -0.0049063 -0.014646 0.028736 -0.015423 0.028965 0.029165 -0.01714 -0.031845 -0.0069305 0.077625 0.081494 -0.036749 0.053745 0.078571 0.073539 0.089651 0.09154 0.050714 0.072878 0.056725 0.092645 0.0073618 -0.011748 0.11438 -0.026046 -0.024193 0.06425 0.13794
-0.00020163 -0.011923 0.028637 0.014538 -0.0029973 0.4466 0.18283 0.035362 0.073618 0.039675 -0.027467 0.023826 0.015227 -0.0088447 0 0.23007 0.04177 0.06468 0.063077 0.058558 0.12506 0.089188 0.11413 0.24363 0.22725 0.12605 0.31085 0.12251 0.10435 0.11625 0.30857 0.17572 0.2801 0.090067 -0.023712 -0.0072288 -0.040205 0.07795 0.096097 0.082007 0.079618 0.24869 0.22635 -0.015982 0.1631 0.083781 0.21979 -0.063249 0.048185 0.1384 0.11169 0.11264 0.057854 0.059586 0.056248 0.079901 0.10379 0.2364 0.15478 0.14121 0.28796 0.11221 0.071462 0.10723 0.26426 0.1499 0.27838 0.078028 -0.059723 -0.04884 -0.044463 0.06164 0.12615 0.065215 0.081245 0.23957 0.17919 -0.04592 0.11733 0.073715 0.21969 -0.03865 0.033819 0.1395 0.11466 0.10931
-0.090274 -0.10161 -0.027767 -0.006588 -0.028404 0.18266 0.26033 0.0047746 -0.02064 -0.056833 -0.11381 -0.02323 -0.0026793 -0.026621 0.23007 0 0.018979 -0.0074516 0.11801 -0.01904 0.039503 0.020711 0.075729 0.18162 0.053357 0.12415 -0.0047807 0.025985 0.021742 0.03497 0.13875 0.11373 0.10215 0.0288 0.016047 0.033468 0.047269 -0.04549 0.050753 -0.10378 0.080137 -0.026596 0.0039181 -0.10904 0.043844 0.042103 0.2002 -0.052677 0.041089 0.10499 0.01692 0.047511 0.11505 -0.023283 -0.019022 0.010009 0.044266 0.18491 0.0036333 0.12992 -0.023788 0.019893 0.0081424 0.026971 0.10337 0.081832 0.10473 0.030064 -0.0019028 -0.014554 0.028261 -0.063199 0.063752 -0.11804 0.086239 -0.036211 -0.027279 -0.12929 0.0059839 0.048722 0.21355 -0.057883 0.025933 0.13564 0.0076293 0.045954
0.033384 0.057458 0.12513 0.10201 0.025668 0.041377 -0.012428 0.11037 0.048721 0.025342 0.097075 0.15202 0.12249 0.008689 0.04177 0.018979 0 0.071203 -0.023534 0.090912 -0.051414 0.034449 0.013849 -0.00059889 -0.020764 -0.033583 0.076177 0.030542 0.019122 0.036727 0.052794 -0.067936 0.009905 0.036877 -0.020816 -0.076655 -0.05925 0.047323 0.0096427 0.063121 0.0023847 0.069773 0.12108 -0.012394 0.024407 0.011561 0.014138 -0.021032 -0.010372 -0.012401 0.041602 0.061508 -0.013764 0.078433 -0.041514 0.036425 0.0077058 0.023458 -0.023121 -0.015411 0.068217 0.026359 0.023765 0.028396 0.045168 -0.040652 0.025838 0.044321 -0.014075 -0.10495 -0.024602 0.05149 0.0028622 0.068788 0.0065475 0.071358 0.11424 0.012232 0.014363 0.011785 0.022496 0.020104 -0.01118 -0.0020209 0.050133 0.072035
0.25424 0.22292 0.14787 0.14437 0.059247 0.069394 -0.031376 0.066265 0.20401 0.22243 0.26286 0.15086 0.1578 0.094792 0.06468 -0.0074516 0.071203 0 -0.042439 0.16544 0.032006 0.065265 0.033451 0.016151 0.054952 0.029328 0.11685 0.023818 0.096571 0.10192 0.013911 -0.023382 0.07035 0.1033 0.024901 -0.054596 -0.0033158 0.17187 0.094072 0.18392 0.074723 0.1542 0.13424 0.10875 0.086755 0.062638 0.024272 0.14557 -0.03754 0.030039 0.17584 0.19172 -0.0033826 0.18227 0.095628 0.075581 0.019217 0.01055 0.10594 0.028702 0.14415 0.027967 0.11655 0.095302 0.059242 0.023399 0.058827 0.12337 0.11631 0.0097369 0.084345 0.18913 0.083982 0.1985 0.09228 0.1903 0.14372 0.14416 0.16659 0.053444 0.027816 0.17203 -0.00072687 -0.005237 0.14228 0.2163
-0.13573 -0.10517 -0.03104 -0.047526 -0.01203 0.076301 0.15408 -0.028374 -0.039138 -0.080549 -0.17575 -0.063958 -0.040645 -0.018548 0.063077 0.11801 -0.023534 -0.042439 0 -0.031297 0.19519 0.03873 0.039406 0.27909 0.21397 0.2745 -0.15642 0.093242 0.06825 0.075428 0.032899 0.55487 0.013866 -0.030417 0.50159 0.19772 0.54202 -0.01453 0.053006 -0.1156 0.16181 -0.049209 -0.12776 -0.013678 0.16338 0.053745 0.75877 0.21088 0.10589 0.1594 0.21007 0.1482 0.71902 -0.031339 0.048702 0.015257 0.024594 0.24154 0.071356 0.21226 -0.17923 0.08352 0.034321 0.063906 -0.035829 0.35747 0.04115 -0.015933 0.26539 0.17973 0.31048 -0.065586 0.094337 -0.17813 0.12012 -0.094853 -0.10327 -0.07958 0.078813 0.031828 0.66389 0.058169 0.087426 0.17563 0.20425 0.11974
0.22094 0.26093 0.1861 0.2927 0.1038 0.05526 -0.023791 0.090425 0.1625 0.21921 0.29175 0.19507 0.27094 0.1285 0.058558 -0.01904 0.090912 0.16544 -0.031297 0 -0.11634 0.18214 0.046674 0.045516 -0.11621 -0.0078802 0.01773 0.029033 0.20992 0.20352 -0.075059 -0.27206 0.031792 0.41378 0.19149 -0.22242 0.020915 0.28008 0.33938 0.40532 0.41446 0.097208 0.29126 0.2332 0.33916 0.27546 0.068687 0.39858 -0.12871 -0.044259 0.28989 0.5604 0.030748 0.58412 -0.099987 0.19361 0.0063119 0.032512 -0.095214 0.016802 0.06397 0.036392 0.1967 0.17973 -0.035217 -0.22997 0.051454 0.3948 0.29793 -0.22672 0.11534 0.28149 0.29105 0.42724 0.40501 0.15831 0.28646 0.22122 0.29843 0.22106 0.065116 0.46259 -0.15749 -0.079693 0.23756 0.55557
0.046225 0.027983 0.086824 -0.053192 -0.0040748 0.14132 0.042686 -0.062883 0.0039307 0.2214 -0.025604 0.038813 -0.052671 -0.03881 0.12506 0.039503 -0.051414 0.032006 0.19519 -0.11634 0 -0.14621 0.066589 0.17345 0.68887 0.53536 0.19375 -0.053777 0.26417 -0.097208 0.11617 0.48845 0.15689 -0.12103 0.52 0.44674 0.50872 -0.11894 -0.053915 0.11443 0.082719 0.29221 -0.040662 0.68128 0.33738 0.29968 0.079214 0.39505 0.012028 0.019856 -0.0099565 -0.049847 0.035475 -0.10847 0.66043 -0.19719 0.065844 0.08937 0.5105 0.27743 0.061536 -0.02324 0.10314 -0.094356 0.065705 0.32776 0.1118 -0.10937 0.25454 0.36068 0.20626 -0.12432 -0.042926 0.0023247 0.011861 0.15168 -0.096634 0.30269 0.07447 0.11091 0.057613 0.060681 0.058864 0.023438 -0.0024446 -0.089725
-0.010019 0.11046 0.018805 0.054031 0.010782 0.1095 0.026201 0.035625 0.07704 0.03934 0.094367 -0.0044573 0.04611 0.026 0.089188 0.020711 0.034449 0.065265 0.03873 0.18214 -0.14621 0 0.018615 0.30626 0.053481 -0.14475 0.14792 0.21392 0.050517 0.91869 0.019706 -0.16364 0.18776 0.39584 -0.069969 -0.16882 -0.11885 0.8776 0.35389 0.090623 0.30929 0.30442 0.087932 -0.014017 0.11838 0.65676 0.16194 0.046301 -0.031209 0.010956 0.23027 0.26225 0.083472 0.17689 -0.25845 0.97379 0.0048718 0.35379 -0.05329 -0.072301 0.17663 0.27419 -0.0057198 0.90634 -0.00018279 -0.20702 0.19459 0.36563 -0.10077 -0.2317 -0.14478 0.84001 0.38585 0.090163 0.32168 0.32634 0.093423 -0.10232 0.012355 0.58578 0.15476 0.074611 -0.070649 0.011118 0.19443 0.23584
0.027104 0.015854 0.0066281 0.0093431 0.015936 0.13383 0.076724 0.00026051 0.018188 0.049953 0.013938 -0.0065796 0.014771 0.013177 0.11413 0.075729 0.013849 0.033451 0.039406 0.046674 0.066589 0.018615 0 0.16342 0.11325 0.13959 0.060635 0.0389 0.091754 0.043238 0.098114 0.10467 0.1041 0.03195 0.056657 0.035823 0.06254 0.02278 0.053919 0.041444 0.060468 0.043467 0.060812 0.039013 0.06858 0.082888 0.10893 0.064335 0.026931 0.103 0.050347 0.10099 0.024375 0.025574 0.037879 0.0051381 0.049663 0.13639 0.08345 0.11184 0.059019 0.023785 0.059158 0.040699 0.088862 0.078704 0.085645 0.0089971 0.050363 0.020016 0.0351 0.012051 0.040381 0.026751 0.049615 0.062646 0.032909 -0.003127 0.04938 0.070396 0.083627 0.036967 0.014265 0.048438 0.029859 0.08858
-0.061845 -0.063394 -0.046885 -0.015448 -0.005556 0.23221 0.19256 -0.0033904 0.0078308 -0.094393 -0.080965 -0.061827 -0.020184 -0.021479 0.24363 0.18162 -0.00059889 0.016151 0.27909 0.045516 0.17345 0.30626 0.16342 0 0.34235 0.36531 0.076884 0.55017 0.11004 0.51835 0.19014 0.19009 0.35052 0.10754 0.13362 0.033349 0.10117 0.27713 0.11911 -0.058712 0.15827 0.095277 0.042656 -0.0086589 0.088605 0.49011 0.35033 0.03305 0.061258 0.15429 0.13095 0.16941 0.29518 0.059078 0.049263 0.2791 0.10602 0.83179 0.23203 0.38478 0.073244 0.51705 0.091319 0.51719 0.15449 0.19967 0.37721 0.11284 0.12678 -0.016774 0.14875 0.19283 0.15888 -0.042344 0.18872 0.14802 0.040496 -0.051058 0.066375 0.49251 0.30377 0.019815 0.047013 0.14185 0.11158 0.13358
0.0345 0.032425 -0.0015382 -0.10906 -0.020823 0.24818 0.077716 -0.046759 0.026167 0.1616 -0.017505 -0.029532 -0.10372 -0.030388 0.22725 0.053357 -0.020764 0.054952 0.21397 -0.11621 0.68887 0.053481 0.11325 0.34235 0 0.49855 0.53169 0.10193 0.17309 0.10173 0.32544 0.65721 0.4097 -0.071072 0.21874 0.35326 0.21619 0.017526 -0.086286 0.20254 -0.13578 0.68289 0.11381 0.49983 0.30857 0.29577 0.14537 0.18189 0.16066 0.13344 0.018953 -0.076008 0.080752 -0.12369 0.48473 -0.030899 0.075906 0.24699 0.76167 0.30972 0.42346 0.10183 0.05631 0.087588 0.2803 0.56611 0.3377 -0.071545 0.057654 0.23614 0.10725 -0.012201 -0.083509 0.070254 -0.15174 0.52479 0.060473 0.1742 0.15827 0.12345 0.11601 -0.014798 0.22023 0.14413 0.028794 -0.10939
0.1412 0.031683 0.032935 0.010114 0.0092126 0.12551 0.13201 -0.024797 0.0038624 0.20787 -0.026099 0.014497 0.0021593 -0.020855 0.12605 0.12415 -0.033583 0.029328 0.2745 -0.0078802 0.53536 -0.14475 0.13959 0.36531 0.49855 0 -0.011927 0.092112 0.24061 -0.089907 0.06751 0.4442 0.1092 -0.058298 0.41179 0.3512 0.4434 -0.14436 0.0018883 0.037688 0.11972 -0.017646 -0.068889 0.38329 0.19556 0.3315 0.19548 0.42267 0.012847 0.12905 0.0029615 0.095626 0.17061 -2.9441e-05 0.3458 -0.17336 0.089144 0.27133 0.35513 0.5656 -0.094452 0.061642 0.153 -0.090471 -0.002609 0.33772 0.050668 -0.070782 0.276 0.25417 0.30484 -0.16666 -0.017564 0.0078006 0.060838 -0.041199 -0.090334 0.15273 0.045367 0.24006 0.14637 0.2118 0.032085 0.096153 0.0036166 0.053449
0.080979 0.1315 0.072322 0.0045476 -0.011326 0.33703 0.0033469 0.053713 0.11879 0.12709 0.13686 0.073464 -0.0087398 0.0055612 0.31085 -0.0047807 0.076177 0.11685 -0.15642 0.01773 0.19375 0.14792 0.060635 0.076884 0.53169 -0.011927 0 0.035782 0.047561 0.13984 0.48545 0.21313 0.38646 0.08923 -0.22166 -0.040862 -0.2606 0.16846 0.065193 0.41627 -0.11239 0.80087 0.43935 0.11109 0.23186 0.008033 0.0079122 -0.14593 0.14047 0.054832 0.13808 -0.0084469 -0.15636 0.015689 0.061093 0.10734 0.055988 0.062018 0.32805 -0.046562 0.76107 0.061165 -0.028533 0.13099 0.44373 0.19427 0.30591 0.068386 -0.29021 -0.12523 -0.24574 0.19601 0.076989 0.29245 -0.10712 0.7083 0.33088 -0.031133 0.16301 -0.08651 0.01569 -0.16075 0.11409 0.053962 0.11273 -0.030797
-0.004229 0.069947 -0.0067557 0.010139 -0.0086841 0.12957 0.071776 0.026047 0.019761 -0.079902 0.052471 0.0038527 0.02936 -0.014415 0.12251 0.025985 0.030542 0.023818 0.093242 0.029033 -0.053777 0.21392 0.0389 0.55017 0.10193 0.092112 0.035782 0 0.04165 0.42036 0.12502 0.023923 0.061268 0.035449 0.011037 -0.012018 0.018413 0.31924 0.020059 0.015243 0.059383 -0.016086 0.073983 -0.086234 -0.019391 0.27197 0.17233 -0.09655 0.02581 0.060075 0.1246 0.11402 0.17894 0.060243 -0.060962 0.21606 0.024602 0.56585 0.041183 0.17182 0.029239 0.95173 0.087701 0.35109 0.092883 0.071776 0.088238 0.031132 0.085678 -0.0076019 0.093939 0.31293 0.086357 0.018386 0.11128 0.016507 0.071504 -0.063428 0.015958 0.32509 0.1544 -0.0090967 0.035779 0.052197 0.11117 0.12007
0.18728 0.14136 0.18578 0.15155 0.078761 0.093347 0.011409 0.028018 0.076025 0.19205 0.12867 0.17673 0.14363 0.032076 0.10435 0.021742 0.019122 0.096571 0.06825 0.20992 0.26417 0.050517 0.091754 0.11004 0.17309 0.24061 0.047561 0.04165 0 0.062849 0.048781 0.060966 0.079117 0.07858 0.42247 0.26804 0.45651 0.1038 0.055432 0.272 0.13807 0.10478 0.2047 0.43718 0.28215 0.18573 0.085108 0.4016 -0.04822 0.048847 0.14392 0.33768 0.096265 0.21184 0.24562 0.034488 0.05035 0.079212 0.17067 0.16399 0.0099999 0.036916 0.40799 0.054084 0.056201 0.069621 0.036277 0.052131 0.39462 0.23969 0.43564 0.097361 0.05088 0.21229 0.12236 0.095184 0.16784 0.29163 0.23755 0.086826 0.085951 0.3042 -0.0088318 0.0029869 0.12889 0.33409
-0.013343 0.13814 0.031761 0.062639 0.012473 0.14163 0.045843 0.02344 0.10662 0.018825 0.12018 0.014557 0.053478 0.025731 0.11625 0.03497 0.036727 0.10192 0.075428 0.20352 -0.097208 0.91869 0.043238 0.51835 0.10173 -0.089907 0.13984 0.42036 0.062849 0 0.050753 -0.14193 0.25331 0.39226 -0.033776 -0.15338 -0.059926 0.91823 0.3772 0.1036 0.30663 0.25177 0.096587 -0.017573 0.099361 0.67058 0.2094 0.074169 -0.014799 0.016402 0.29662 0.3072 0.10019 0.18862 -0.19146 0.90586 0.014822 0.53715 0.0036094 0.007151 0.16695 0.45703 0.034253 0.93226 0.023763 -0.1523 0.26627 0.35623 -0.018614 -0.1963 -0.062642 0.87761 0.40563 0.11225 0.33027 0.29988 0.10091 -0.083258 0.027856 0.62683 0.19135 0.13978 -0.05095 0.004028 0.25823 0.28389
-0.1506 -0.046363 -0.01697 -0.027988 -0.026661 0.30156 0.17307 0.064247 0.017839 -0.031268 -0.078238 -0.051413 -0.061896 -0.03546 0.30857 0.13875 0.052794 0.013911 0.032899 -0.075059 0.11617 0.019706 0.098114 0.19014 0.32544 0.06751 0.48545 0.12502 0.048781 0.050753 0 0.36038 0.27018 0.0018411 -0.15222 0.07734 -0.11339 0.012549 0.035576 -0.017069 -0.044573 0.37925 0.36915 -0.20052 0.23923 -0.064464 0.20189 -0.28572 0.27156 0.18131 0.043018 -0.056027 -0.021579 -0.10151 -0.13779 0.011021 0.039712 0.19516 0.077626 0.039111 0.3618 0.14106 -0.085187 0.044973 0.55123 0.22755 0.21911 -0.011034 -0.31842 -0.094665 -0.24434 -0.0042537 0.051331 -0.11475 -0.06654 0.22564 0.21751 -0.35673 0.043408 -0.084659 0.16751 -0.30897 0.21445 0.16487 0.040061 -0.089102
-0.1057 -0.12442 -0.086812 -0.17285 -0.035247 0.20526 0.1589 -0.06471 -0.054246 0.024165 -0.19973 -0.14109 -0.17388 -0.061727 0.17572 0.11373 -0.067936 -0.023382 0.55487 -0.27206 0.48845 -0.16364 0.10467 0.19009 0.65721 0.4442 0.21313 0.023923 0.060966 -0.14193 0.36038 0 0.14362 -0.24074 0.22404 0.58835 0.33256 -0.19611 -0.14925 -0.08863 -0.17911 0.25286 -0.022164 0.027751 0.29379 -0.15398 0.39796 0.047806 0.30634 0.29022 -0.067504 -0.20811 0.27449 -0.28613 0.2226 -0.21435 0.077044 0.13326 0.3587 0.2767 0.077304 0.022518 -0.048654 -0.12537 0.21626 0.75819 0.082005 -0.23356 -0.086477 0.40493 0.029963 -0.23046 -0.13519 -0.22333 -0.22605 0.031288 -0.096517 -0.20138 0.073671 -0.18423 0.30031 -0.2189 0.33867 0.27868 -0.046028 -0.22241
0.0054904 0.0066636 -0.034382 -0.01438 -0.010773 0.27632 0.075869 0.023976 0.066325 0.034574 0.0072724 -0.03649 -0.014355 0.0037781 0.2801 0.10215 0.009905 0.07035 0.013866 0.031792 0.15689 0.18776 0.1041 0.35052 0.4097 0.1092 0.38646 0.061268 0.079117 0.25331 0.27018 0.14362 0 0.12341 -0.040682 -0.030148 -0.07798 0.16131 0.076571 0.074157 -0.0018817 0.44194 0.20832 0.070035 0.14664 0.16061 0.15608 -0.048206 0.049286 0.10118 0.10771 0.072426 0.049365 0.026962 0.10959 0.15188 0.06708 0.3089 0.3088 0.11101 0.37593 0.071906 0.029959 0.25099 0.26895 0.17187 0.46196 0.10675 -0.057833 -0.035186 -0.02656 0.13286 0.062157 0.065897 0.0051309 0.42452 0.16406 0.0082357 0.14139 0.10401 0.15144 -0.04688 0.073599 0.10227 0.081456 0.041939
0.12926 0.18089 0.043542 0.20232 0.02132 0.089378 0.01752 0.054806 0.12996 0.19658 0.13481 0.035415 0.17288 0.062047 0.090067 0.0288 0.036877 0.1033 -0.030417 0.41378 -0.12103 0.39584 0.03195 0.10754 -0.071072 -0.058298 0.08923 0.035449 0.07858 0.39226 0.0018411 -0.24074 0.12341 0 0.1042 -0.2248 -0.021131 0.44334 0.56707 0.28147 0.62381 0.21802 0.11302 0.12511 0.34333 0.40071 0.15147 0.36474 -0.076443 -0.018455 0.37956 0.51395 0.024248 0.36618 -0.13174 0.37568 -0.00039774 0.1007 -0.086961 -0.045215 0.11213 0.035821 0.045204 0.36398 -0.023598 -0.24482 0.15585 0.80079 0.16642 -0.23773 0.059682 0.41033 0.49629 0.33119 0.57465 0.26596 0.095399 0.10832 0.25718 0.32748 0.15759 0.43174 -0.111 -0.037551 0.33432 0.48391
0.075957 0.096079 0.20813 0.16885 0.07442 -0.02308 0.024164 -0.025468 0.033546 0.19725 0.01844 0.18019 0.14925 0.024196 -0.023712 0.016047 -0.020816 0.024901 0.50159 0.19149 0.52 -0.069969 0.056657 0.13362 0.21874 0.41179 -0.22166 0.011037 0.42247 -0.033776 -0.15222 0.22404 -0.040682 0.1042 0 0.3836 0.84949 0.0044939 0.077685 0.086291 0.36452 -0.090556 -0.089879 0.51961 0.50929 0.23826 0.28942 0.64177 -0.058126 0.025933 0.13935 0.37138 0.32108 0.20209 0.33536 -0.09098 0.019893 0.076417 0.12344 0.18909 -0.28152 0.0060138 0.29586 -0.033221 -0.18146 0.076262 -0.041465 0.091622 0.67958 0.2885 0.60775 -0.021992 0.074869 0.014616 0.30284 -0.14553 -0.095085 0.22346 0.28161 0.14266 0.2431 0.426 -0.040802 -0.013015 0.14197 0.34097
-0.067035 -0.085217 -0.035223 -0.11098 0.0046935 0.020449 0.071713 -0.090826 -0.063439 0.070149 -0.15521 -0.06194 -0.11916 -0.047892 -0.0072288 0.033468 -0.076655 -0.054596 0.19772 -0.22242 0.44674 -0.16882 0.035823 0.033349 0.35326 0.3512 -0.040862 -0.012018 0.26804 -0.15338 0.07734 0.58835 -0.030148 -0.2248 0.3836 0 0.59853 -0.15185 -0.14763 -0.12764 -0.1007 -0.085845 -0.17136 0.1616 0.17429 -0.12102 0.044733 0.1242 0.15052 0.10629 -0.080824 -0.13951 0.0063539 -0.22411 0.19042 -0.18342 0.047866 0.011314 0.11754 0.16311 -0.18439 -0.016672 0.111 -0.14817 -0.0070797 0.28318 -0.038315 -0.20975 0.08839 0.5671 0.21689 -0.16806 -0.12389 -0.22731 -0.12542 -0.26246 -0.22569 -0.14523 -0.086347 -0.15725 0.0082926 -0.087385 0.13425 0.092015 -0.066428 -0.13505
0.01627 7.4051e-05 0.12395 0.06208 0.056079 -0.024711 0.065505 -0.074264 -0.014814 0.16426 -0.057815 0.10923 0.055992 -0.010138 -0.040205 0.047269 -0.05925 -0.0033158 0.54202 0.020915 0.50872 -0.11885 0.06254 0.10117 0.21619 0.4434 -0.2606 0.018413 0.45651 -0.059926 -0.11339 0.33256 -0.07798 -0.021131 0.84949 0.59853 0 -0.055933 -0.018682 -0.037643 0.24719 -0.23246 -0.19984 0.39579 0.31827 0.14011 0.26607 0.53883 0.010759 0.038806 0.037381 0.2109 0.32573 7.9827e-05 0.3154 -0.13051 0.046002 0.048938 0.041231 0.229 -0.33958 0.011086 0.29799 -0.06657 -0.16752 0.10809 -0.082995 -0.028812 0.54296 0.49087 0.61319 -0.077845 0.011017 -0.12372 0.16612 -0.30887 -0.20492 0.10962 0.053443 0.061298 0.2043 0.25881 -0.032068 0.012019 0.055735 0.19359
0.093524 0.23644 0.09148 0.13097 0.055018 0.10056 -0.0067201 0.05673 0.17607 0.12874 0.24421 0.097877 0.12904 0.063853 0.07795 -0.04549 0.047323 0.17187 -0.01453 0.28008 -0.11894 0.8776 0.02278 0.27713 0.017526 -0.14436 0.16846 0.31924 0.1038 0.91823 0.012549 -0.19611 0.16131 0.44334 0.0044939 -0.15185 -0.055933 0 0.44622 0.22324 0.37511 0.29579 0.13305 0.027899 0.13704 0.56659 0.11795 0.15156 -0.04857 -0.020336 0.34875 0.37729 0.014864 0.27619 -0.17302 0.83623 0.0049273 0.30367 -0.03585 -0.065325 0.19968 0.38015 0.087774 0.87989 0.0072676 -0.19597 0.1728 0.41023 0.026763 -0.16369 -0.041216 0.96741 0.46729 0.23517 0.40382 0.33074 0.14907 -0.0013307 0.08682 0.51202 0.10176 0.256 -0.070256 -0.046873 0.31081 0.37016
0.072433 0.1417 0.0012585 0.18466 0.067773 0.10507 0.053208 0.02827 0.1061 0.26621 0.073042 0.0073176 0.11439 0.06628 0.096097 0.050753 0.0096427 0.094072 0.053006 0.33938 -0.053915 0.35389 0.053919 0.11911 -0.086286 0.0018883 0.065193 0.020059 0.055432 0.3772 0.035576 -0.14925 0.076571 0.56707 0.077685 -0.14763 -0.018682 0.44622 0 0.11952 0.88675 0.10192 0.035971 0.053541 0.33125 0.46379 0.27577 0.43337 -0.019109 0.03618 0.49819 0.62396 0.041959 0.30478 -0.1867 0.32901 0.0045675 0.11761 -0.15868 -0.023907 0.039262 0.023047 -0.010249 0.35274 -0.0078243 -0.23141 0.097782 0.50835 0.070388 -0.2236 -0.071339 0.39792 0.89742 0.14689 0.78899 0.10318 0.011113 -0.054018 0.15916 0.37327 0.23767 0.42575 -0.10281 -0.020146 0.41473 0.52866
0.34347 0.3352 0.19557 0.206 0.087346 0.10334 -0.12325 0.069856 0.18609 0.30107 0.34903 0.21713 0.21159 0.086771 0.082007 -0.10378 0.063121 0.18392 -0.1156 0.40532 0.11443 0.090623 0.041444 -0.058712 0.20254 0.037688 0.41627 0.015243 0.272 0.1036 -0.017069 -0.08863 0.074157 0.28147 0.086291 -0.12764 -0.037643 0.22324 0.11952 0 0.10589 0.53434 0.36589 0.44698 0.3061 0.17773 -0.079265 0.37855 -0.078585 -0.049505 0.19985 0.34292 -0.1001 0.37813 0.16845 0.09171 0.042125 -0.066474 0.24628 0.045754 0.41582 0.020187 0.24174 0.068709 0.074426 -0.0070865 0.039067 0.23866 0.18081 -0.089089 0.099808 0.24582 0.10063 0.69121 0.12125 0.50263 0.3329 0.42789 0.3242 0.079743 -0.064159 0.37495 -0.095932 -0.090453 0.18524 0.35722
0.087759 0.12385 0.07684 0.27703 0.087371 0.073549 0.074034 0.021401 0.081777 0.27908 0.072936 0.06514 0.22082 0.071006 0.079618 0.080137 0.0023847 0.074723 0.16181 0.41446 0.082719 0.30929 0.060468 0.15827 -0.13578 0.11972 -0.11239 0.059383 0.13807 0.30663 -0.044573 -0.17911 -0.0018817 0.62381 0.36452 -0.1007 0.24719 0.37511 0.88675 0.10589 0 -0.059888 -0.0016833 0.1344 0.51306 0.51866 0.30558 0.57 -0.064008 0.0086946 0.43052 0.65434 0.14823 0.37215 -0.097127 0.28042 0.0032429 0.13884 -0.22577 0.028424 -0.13171 0.070504 0.085021 0.29321 -0.10294 -0.26962 0.055143 0.58662 0.32125 -0.20323 0.11072 0.3355 0.81561 0.12934 0.91565 -0.022218 -0.02231 0.017279 0.29228 0.45497 0.26824 0.51444 -0.14033 -0.035014 0.35009 0.57862
0.16799 0.18754 0.079739 0.036928 0.0082901 0.26762 -0.030795 0.045662 0.14745 0.20903 0.18956 0.059676 0.023954 0.03794 0.24869 -0.026596 0.069773 0.1542 -0.049209 0.097208 0.29221 0.30442 0.043467 0.095277 0.68289 -0.017646 0.80087 -0.016086 0.10478 0.25177 0.37925 0.25286 0.44194 0.21802 -0.090556 -0.085845 -0.23246 0.29579 0.10192 0.53434 -0.059888 0 0.41545 0.3286 0.35585 0.17493 0.059264 0.073805 0.1243 0.053027 0.1531 0.07977 -0.045798 0.08729 0.174 0.2535 0.053621 0.07755 0.52345 -0.02259 0.76772 0.053601 -1.8217e-05 0.24084 0.37361 0.28739 0.36607 0.18122 -0.17225 -0.12615 -0.17957 0.30083 0.090961 0.42069 -0.053695 0.91845 0.34633 0.15808 0.30647 0.024418 0.067573 0.034297 0.14938 0.071507 0.14404 0.051366
0.095639 0.16309 0.17332 0.13433 0.059102 0.22004 -0.00036343 0.11437 0.13172 0.084968 0.19093 0.1701 0.12327 0.058185 0.22635 0.0039181 0.12108 0.13424 -0.12776 0.29126 -0.040662 0.087932 0.060812 0.042656 0.11381 -0.068889 0.43935 0.073983 0.2047 0.096587 0.36915 -0.022164 0.20832 0.11302 -0.089879 -0.17136 -0.19984 0.13305 0.035971 0.36589 -0.0016833 0.41545 0 0.069358 0.34883 0.00036993 0.039055 -0.022747 0.041758 0.028031 0.16705 0.1969 -0.091473 0.28047 -0.0528 0.081486 0.039572 0.035867 0.053477 -0.040933 0.4139 0.077085 0.14713 0.080241 0.38946 0.049743 0.15398 0.10045 -0.067036 -0.17931 -0.084119 0.13754 0.026233 0.31444 0.011145 0.37649 0.57264 0.050956 0.32143 -0.053265 0.06005 0.025229 0.035528 0.034066 0.14483 0.19522
0.33859 0.20144 0.22197 0.13548 0.06953 0.0042189 -0.13328 -0.0027661 0.098411 0.42328 0.18548 0.20363 0.12021 0.036349 -0.015982 -0.10904 -0.012394 0.10875 -0.013678 0.2332 0.68128 -0.014017 0.039013 -0.0086589 0.49983 0.38329 0.11109 -0.086234 0.43718 -0.017573 -0.20052 0.027751 0.070035 0.12511 0.51961 0.1616 0.39579 0.027899 0.053541 0.44698 0.1344 0.3286 0.069358 0 0.42477 0.38111 -0.097865 0.64915 -0.13602 -0.086626 0.091302 0.25229 -0.014098 0.21322 0.54839 -0.043266 0.035375 -0.050195 0.44816 0.202 0.048891 -0.063061 0.29734 -0.031147 -0.13945 0.091851 0.028775 0.11251 0.43871 0.19074 0.29156 0.04181 0.0067347 0.38284 0.098347 0.29147 0.046136 0.71044 0.23839 0.19683 -0.070973 0.4377 -0.10422 -0.12622 0.07753 0.21073
0.051628 0.16216 0.18751 0.17233 0.067948 0.17128 0.057997 0.01331 0.078694 0.253 0.087276 0.11476 0.14033 0.05331 0.1631 0.043844 0.024407 0.086755 0.16338 0.33916 0.33738 0.11838 0.06858 0.088605 0.30857 0.19556 0.23186 -0.019391 0.28215 0.099361 0.23923 0.29379 0.14664 0.34333 0.50929 0.17429 0.31827 0.13704 0.33125 0.3061 0.51306 0.35585 0.34883 0.42477 0 0.30448 0.19527 0.48661 0.096948 0.054587 0.22852 0.34349 0.048228 0.28978 0.11308 0.065391 0.043163 0.056852 0.048372 0.082641 0.11206 -0.0029415 0.075543 0.092776 0.12243 0.081448 0.13203 0.33586 0.23633 -0.050401 0.095676 0.10846 0.26897 0.1875 0.42205 0.17622 0.19458 0.063219 0.55355 0.17482 0.18617 0.27754 0.092709 0.043794 0.1956 0.29736
0.15981 0.11431 0.042716 0.1191 0.01285 0.093227 0.039265 0.017235 0.057142 0.23514 0.077118 0.060684 0.10098 0.017034 0.083781 0.042103 0.011561 0.062638 0.053745 0.27546 0.29968 0.65676 0.082888 0.49011 0.29577 0.3315 0.008033 0.27197 0.18573 0.67058 -0.064464 -0.15398 0.16061 0.40071 0.23826 -0.12102 0.14011 0.56659 0.46379 0.17773 0.51866 0.17493 0.00036993 0.38111 0.30448 0 0.096326 0.51642 -0.064867 -0.0087808 0.19921 0.39747 0.069991 0.27011 0.099045 0.62193 0.043902 0.44663 0.15413 0.29966 0.043177 0.24551 0.12366 0.6686 -0.06445 -0.15031 0.16783 0.3663 0.26453 -0.13515 0.12692 0.54578 0.39451 0.20842 0.47622 0.25786 0.0086532 0.20825 0.15718 0.93924 0.053739 0.44327 -0.078619 -0.036314 0.17244 0.35091
-0.14803 -0.1035 -0.062092 -0.015224 0.0088036 0.22761 0.23162 0.0073434 0.0049666 -0.10718 -0.15285 -0.081507 -0.030664 -0.01294 0.21979 0.2002 0.014138 0.024272 0.75877 0.068687 0.079214 0.16194 0.10893 0.35033 0.14537 0.19548 0.0079122 0.17233 0.085108 0.2094 0.20189 0.39796 0.15608 0.15147 0.28942 0.044733 0.26607 0.11795 0.27577 -0.079265 0.30558 0.059264 0.039055 -0.097865 0.19527 0.096326 0 0.14779 0.082374 0.23395 0.58257 0.32966 0.63229 0.063943 -0.057903 0.12891 0.071865 0.34015 0.0012413 0.1193 -0.037314 0.16055 0.042395 0.19609 0.12426 0.22152 0.16614 0.17744 0.15227 -0.017312 0.12404 0.045844 0.30519 -0.097156 0.29338 0.032637 0.04453 -0.15949 0.11155 0.1143 0.86361 0.089531 0.055316 0.21844 0.48765 0.28059
0.33948 0.22858 0.16959 0.24887 0.10818 -0.050977 -0.054639 0.0089564 0.11818 0.37549 0.22172 0.17164 0.22741 0.085351 -0.063249 -0.052677 -0.021032 0.14557 0.21088 0.39858 0.39505 0.046301 0.064335 0.03305 0.18189 0.42267 -0.14593 -0.09655 0.4016 0.074169 -0.28572 0.047806 -0.048206 0.36474 0.64177 0.1242 0.53883 0.15156 0.43337 0.37855 0.57 0.073805 -0.022747 0.64915 0.48661 0.51642 0.14779 0 -0.11499 -0.03849 0.32391 0.60868 0.21067 0.39558 0.35733 0.030034 0.02187 -0.035463 0.24622 0.271 -0.14078 -0.06801 0.32994 0.058726 -0.25331 0.080607 -0.036929 0.31633 0.62818 0.18011 0.49483 0.14461 0.32273 0.3525 0.49906 0.12452 -0.00056243 0.49611 0.39248 0.38804 0.12698 0.84021 -0.091798 -0.081277 0.24663 0.55389
-0.094278 -0.057069 -0.05352 -0.069813 -0.030431 0.056482 0.047001 -0.0060826 -0.031637 -0.028385 -0.096678 -0.082827 -0.08399 -0.046083 0.048185 0.041089 -0.010372 -0.03754 0.10589 -0.12871 0.012028 -0.031209 0.026931 0.061258 0.16066 0.012847 0.14047 0.02581 -0.04822 -0.014799 0.27156 0.30634 0.049286 -0.076443 -0.058126 0.15052 0.010759 -0.04857 -0.019109 -0.078585 -0.064008 0.1243 0.041758 -0.13602 0.096948 -0.064867 0.082374 -0.11499 0 0.098426 -0.068979 -0.12529 0.031591 -0.14005 -0.1042 -0.026993 0.011324 0.056855 -0.012326 0.015999 0.078717 0.030897 -0.095399 -0.01445 0.16966 0.19728 0.032107 -0.068025 -0.16637 0.061163 -0.11903 -0.044567 -0.0056682 -0.15592 -0.081264 0.013722 -0.0032607 -0.24671 -0.004732 -0.04611 0.064079 -0.17851 0.22843 0.093329 -0.037169 -0.14215
-0.056117 -0.060212 -0.048919 -0.019054 -0.019356 0.15851 0.13296 0.0034277 -0.021776 -0.007459 -0.082286 -0.061924 -0.04092 -0.013996 0.1384 0.10499 -0.012401 0.030039 0.1594 -0.044259 0.019856 0.010956 0.103 0.15429 0.13344 0.12905 0.054832 0.060075 0.048847 0.016402 0.18131 0.29022 0.10118 -0.018455 0.025933 0.10629 0.038806 -0.020336 0.03618 -0.049505 0.0086946 0.053027 0.028031 -0.086626 0.054587 -0.0087808 0.23395 -0.03849 0.098426 0 0.036954 0.024927 0.10863 -0.066151 -0.03926 0.0014135 0.034915 0.12654 0.041495 0.10447 0.037575 0.050173 -0.021772 0.027003 0.14013 0.22326 0.070216 -0.021058 -0.020662 0.039613 -0.010695 -0.032275 0.017518 -0.089999 -0.015939 0.022518 0.0065863 -0.13304 0.045185 -0.015721 0.20982 -0.073867 0.11115 0.17448 0.022443 0.014687
0.023193 0.17335 0.071883 0.1226 0.063456 0.1317 0.018112 0.04765 0.12822 0.037849 0.17914 0.06966 0.11803 0.073045 0.11169 0.01692 0.041602 0.17584 0.21007 0.28989 -0.0099565 0.23027 0.050347 0.13095 0.018953 0.0029615 0.13808 0.1246 0.14392 0.29662 0.043018 -0.067504 0.10771 0.37956 0.13935 -0.080824 0.037381 0.34875 0.49819 0.19985 0.43052 0.1531 0.16705 0.091302 0.22852 0.19921 0.58257 0.32391 -0.068979 0.036954 0 0.51071 0.2463 0.30427 -0.0040743 0.22528 0.037401 0.14758 0.029809 -0.0086842 0.1132 0.12593 0.13836 0.27488 0.051738 -0.049323 0.12586 0.37051 0.18286 -0.077577 0.09719 0.31618 0.46558 0.23403 0.4209 0.18849 0.17093 0.071588 0.21142 0.18436 0.55314 0.37122 -0.045365 -0.002539 0.67362 0.47148
0.21133 0.2828 0.1755 0.35375 0.14456 0.10477 0.038412 0.088506 0.18442 0.22473 0.27743 0.18088 0.3217 0.12392 0.11264 0.047511 0.061508 0.19172 0.1482 0.5604 -0.049847 0.26225 0.10099 0.16941 -0.076008 0.095626 -0.0084469 0.11402 0.33768 0.3072 -0.056027 -0.20811 0.072426 0.51395 0.37138 -0.13951 0.2109 0.37729 0.62396 0.34292 0.65434 0.07977 0.1969 0.25229 0.34349 0.39747 0.32966 0.60868 -0.12529 0.024927 0.51071 0 0.18688 0.54611 -0.013275 0.25706 0.051955 0.13412 -0.029094 0.074769 0.016786 0.11889 0.32233 0.28345 -0.043042 -0.15178 0.090144 0.48479 0.48828 -0.10023 0.32511 0.36471 0.55358 0.39017 0.62853 0.17113 0.20817 0.24369 0.34201 0.34283 0.299 0.65648 -0.1297 -0.028297 0.415 0.78292
-0.041225 -0.11891 -0.021869 -0.011569 -0.0056703 0.051915 0.10753 -0.016724 -0.026953 -0.14561 -0.14293 -0.017583 0.01761 -0.01447 0.057854 0.11505 -0.013764 -0.0033826 0.71902 0.030748 0.035475 0.083472 0.024375 0.29518 0.080752 0.17061 -0.15636 0.17894 0.096265 0.10019 -0.021579 0.27449 0.049365 0.024248 0.32108 0.0063539 0.32573 0.014864 0.041959 -0.1001 0.14823 -0.045798 -0.091473 -0.014098 0.048228 0.069991 0.63229 0.21067 0.031591 0.10863 0.2463 0.18688 0 0.040094 0.15298 0.083237 0.035133 0.31889 0.18693 0.2308 -0.14771 0.12855 0.13389 0.096147 -0.023042 0.4274 0.056584 0.034005 0.43949 0.1741 0.48844 -0.032563 0.074722 -0.07426 0.18491 0.022014 -0.038283 0.021722 0.25174 0.066786 0.7467 0.20286 0.077049 0.17788 0.21449 0.17322
