0 0.30522 0.23742 0.26117 0.074846 -0.033062 -0.10357 0.045721 0.19138 0.68112 0.39063 0.33307 0.27575 0.10129 -0.020076 -0.10289 0.022662 0.246 -0.16323 0.21836 0.039192 -0.033517 0.016878 -0.071568 0.018623 0.14977 0.057773 0.0062851 0.19404 -0.015001 -0.17159 -0.13061 0.0035349 0.09517 0.086262 -0.055059 0.014911 0.085414 0.0304 0.33959 0.054681 0.1612 0.065937 0.35604 0.029567 0.1547 -0.15186 0.35507 -0.10728 -0.075 0.037786 0.21928 -0.025843 0.27591 0.41645 -0.03283 0.044963 -0.098167 0.35102 0.25255 0.15803 -0.011557 0.31895 -0.056418 -0.054444 0.11222 0.018848 0.12491 0.40718 0.19895 0.30537 0.10265 0.031126 0.43271 0.15252 0.3014 0.15712 0.58525 0.38609 0.18394 -0.10848 0.52951 -0.011733 -0.089523 0.034015 0.26894
0.30522 0 0.2361 0.2545 0.10223 0.006653 -0.080855 0.067627 0.21827 0.33909 0.49102 0.24836 0.24414 0.098252 -0.012904 -0.093832 0.048736 0.20652 -0.098275 0.24926 0.038941 0.089612 0.016639 -0.049797 0.035393 0.060232 0.11686 0.081923 0.14316 0.13049 -0.038608 -0.10399 0.017032 0.15026 0.10859 -0.076094 0.0025604 0.21247 0.12694 0.3088 0.11509 0.17618 0.15057 0.19448 0.17592 0.12333 -0.081755 0.2196 -0.05428 -0.056872 0.16424 0.27462 -0.1151 0.25277 0.045578 0.085578 0.018136 -0.078751 0.045954 -0.011086 0.10679 0.063405 0.11759 0.085628 -0.029721 -0.09637 -0.017146 0.095266 0.14762 -0.049795 0.058735 0.24377 0.07984 0.29327 0.087365 0.16508 0.13659 0.1492 0.14256 0.059006 -0.10431 0.18568 -0.050498 -0.070842 0.13857 0.24995
0.23742 0.2361 0 0.3807 0.10308 0.017094 -0.020554 0.13665 0.13837 0.27734 0.25285 0.5813 0.36849 0.066201 0.011343 -0.034844 0.10825 0.13707 -0.020595 0.19414 0.10799 -0.0038969 -0.0023385 -0.050232 -0.0011964 0.059139 0.050214 0.010007 0.19336 0.014022 -0.022718 -0.080193 -0.035543 0.027476 0.23574 -0.014578 0.14224 0.059411 -0.014669 0.17912 0.069676 0.056924 0.15662 0.24612 0.19431 0.054165 -0.059598 0.18281 -0.054161 -0.059993 0.062679 0.17256 -0.024984 0.16933 0.079769 -0.02289 0.02621 -0.074878 -0.01128 0.013638 0.02792 0.016128 0.14595 -0.021595 -0.025133 -0.096445 -0.032109 0.0093846 0.18252 -0.046037 0.12908 0.069719 -0.030075 0.16938 0.068854 0.03613 0.11058 0.14425 0.12283 0.0071084 -0.061619 0.16229 -0.066261 -0.05917 0.069819 0.16313
0.26117 0.2545 0.3807 0 0.18962 -0.00044571 -0.00068482 0.099837 0.1261 0.25472 0.25985 0.36542 0.63195 0.12155 -0.0093608 -0.013688 0.086831 0.12769 -0.04431 0.27948 -0.045623 0.021591 -0.0011905 -0.020749 -0.1273 0.037816 -0.023987 0.01652 0.13653 0.029625 -0.039805 -0.16733 -0.02549 0.16987 0.16988 -0.102 0.06551 0.088332 0.1667 0.17404 0.27279 0.0037101 0.09927 0.13732 0.1666 0.11872 -0.00076523 0.25416 -0.072023 -0.025974 0.11356 0.33526 -0.01048 0.27357 -0.010761 0.019625 0.013641 -0.038468 -0.080791 -0.0075375 -0.017706 0.030916 0.13323 0.0087211 -0.046653 -0.152 0.0041909 0.13605 0.2417 -0.074923 0.13765 0.10617 0.10431 0.22139 0.25422 0.034183 0.10825 0.1459 0.15693 0.096402 -0.020142 0.28774 -0.0713 -0.057528 0.10841 0.33155
0.074846 0.10223 0.10308 0.18962 0 -0.0070692 -0.017575 0.019259 0.051151 0.090306 0.093319 0.10652 0.16395 0.037628 -0.01379 -0.031308 0.013214 0.046626 -0.015195 0.098 -0.0019679 0.0013266 0.0099651 -0.0072323 -0.024537 0.015393 -0.016961 -0.0059517 0.071256 0.0030837 -0.027635 -0.039087 -0.012961 0.010618 0.072845 0.00027548 0.053311 0.038399 0.055861 0.079835 0.079452 0.0027908 0.053457 0.069797 0.067791 0.015996 0.012671 0.10891 -0.032219 -0.02337 0.055774 0.13598 -0.010261 0.11272 -0.023338 -0.0056537 -0.010145 -0.029744 -0.042287 -0.0086444 -0.019529 0.0049777 0.057517 -0.0094747 -0.031678 -0.052091 -0.022417 0.018973 0.083556 -0.0097394 0.059538 0.039467 0.039029 0.068419 0.070586 -0.011396 0.018219 0.037045 0.044369 -0.0051047 -0.010852 0.095986 -0.040155 -0.022464 0.031924 0.12108
-0.033062 0.006653 0.017094 -0.00044571 -0.0070692 0 0.18047 0.020586 0.081465 0.038666 -0.0095929 0.00628 -0.0093331 -0.022722 0.4366 0.1895 0.038344 0.060047 0.07938 0.039706 0.13908 0.081505 0.12363 0.22557 0.24578 0.12516 0.34792 0.11312 0.063863 0.11106 0.30957 0.21302 0.27329 0.082263 -0.050326 0.034058 -0.030746 0.069825 0.096415 0.088667 0.058881 0.25537 0.21952 -0.036189 0.15647 0.068908 0.22031 -0.094492 0.061737 0.14836 0.10656 0.069574 0.029665 0.014013 -0.012086 0.059966 0.084406 0.21089 0.10932 0.089344 0.29167 0.11773 -0.005629 0.093294 0.28133 0.11432 0.23448 0.079186 -0.14553 -0.063226 -0.1081 0.044521 0.10119 0.022143 0.059834 0.19676 0.13988 -0.12084 0.034346 0.031893 0.18175 -0.11843 0.045775 0.12528 0.093227 0.038971
-0.10357 -0.080855 -0.020554 -0.00068482 -0.017575 0.18047 0 -0.0041034 -0.003027 -0.045146 -0.10047 -0.045927 -0.022133 -0.025079 0.18474 0.2523 -0.0067862 -0.024893 0.15316 -0.032184 0.039459 0.025297 0.073954 0.18739 0.077112 0.12784 0.018823 0.068169 -0.0045867 0.037481 0.18417 0.1732 0.076302 0.033777 0.0041976 0.072397 0.06606 -0.0096239 0.059864 -0.12219 0.069733 -0.029256 0.0070039 -0.15392 0.051594 0.027774 0.22599 -0.082886 0.062678 0.12778 0.0080717 0.025687 0.093139 -0.053091 -0.079682 0.0133 0.027865 0.16783 -0.037062 0.079412 -0.014563 0.059743 -0.038927 0.036424 0.10113 0.082281 0.057948 0.030315 -0.077676 -0.028362 -0.037703 -0.029466 0.067063 -0.13948 0.073687 -0.0518 -0.020287 -0.20049 -0.030876 0.034496 0.18271 -0.13525 0.02406 0.11008 0.0049618 -0.011412
0.045721 0.067627 0.13665 0.099837 0.019259 0.020586 -0.0041034 0 0.051764 0.027588 0.067227 0.12416 0.10089 0.012641 0.029006 0.0071074 0.097548 0.056824 -0.030177 0.085646 -0.066625 0.021132 -0.0043051 -0.011172 -0.055794 -0.025759 0.042326 0.01837 0.01798 0.010897 0.060824 -0.062817 0.026676 0.050023 -0.028695 -0.088072 -0.074971 0.041366 0.027207 0.053246 0.023291 0.032213 0.10739 -0.017764 0.0059001 0.0076516 0.013106 0.0014041 -0.0093441 9.0968e-05 0.03874 0.078918 -0.021325 0.074698 -0.044077 0.026019 -0.0062283 -0.0019634 -0.03206 0.0071108 0.059283 0.035837 0.025371 0.0075893 0.055943 -0.050715 0.013938 0.049908 -0.010743 -0.090212 -0.023649 0.048495 0.015484 0.064293 0.039697 0.045628 0.094159 0.007764 0.018319 0.012976 0.016309 0.051789 -0.015615 -0.0022115 0.052252 0.08254
0.19138 0.21827 0.13837 0.1261 0.051151 0.081465 -0.003027 0.051764 0 0.21508 0.22647 0.12197 0.1259 0.048637 0.062459 -0.01833 0.036278 0.18198 -0.032425 0.15784 0.011133 0.062386 0.015349 0.017366 0.027968 0.021637 0.11037 0.025507 0.074494 0.091045 0.016303 -0.041626 0.058677 0.11747 0.042248 -0.050321 -0.0095323 0.15299 0.085728 0.17443 0.067315 0.13416 0.12381 0.095409 0.084216 0.056252 0.015139 0.11163 -0.03268 -0.019229 0.11363 0.17564 -0.028719 0.16671 0.032688 0.050593 0.025411 -0.0034578 0.044814 0.026111 0.12337 0.012683 0.080614 0.080275 0.046809 -0.017617 0.034442 0.068734 0.079525 -0.042101 0.038207 0.15711 0.068067 0.16725 0.063721 0.14677 0.12808 0.084745 0.10086 0.017058 0.0039388 0.13404 -0.044169 -0.003198 0.10751 0.16464
0.68112 0.33909 0.27734 0.25472 0.090306 0.038666 -0.045146 0.027588 0.21508 0 0.30754 0.26314 0.21508 0.092815 0.032479 -0.058857 0.012213 0.21671 -0.061139 0.21897 0.26657 0.0050141 0.043961 -0.10195 0.20165 0.23748 0.12677 -0.068124 0.21265 0.0068046 -0.017453 0.067122 0.037747 0.15637 0.23676 0.10301 0.19672 0.11538 0.22116 0.29234 0.24729 0.22101 0.083084 0.45835 0.30052 0.22463 -0.10439 0.37086 -0.018217 -0.0096983 0.031567 0.21706 -0.13932 0.16618 0.12321 -0.012177 0.032053 -0.12344 0.083432 0.10792 0.069816 -0.041055 0.090382 -0.015449 -0.037012 -0.0028604 0.014912 0.10252 0.15081 0.022839 0.048442 0.13031 0.10876 0.24042 0.13461 0.12541 0.044968 0.21245 0.074401 0.065667 -0.0975 0.30212 -0.041557 -0.059681 0.038665 0.18043
0.39063 0.49102 0.25285 0.25985 0.093319 -0.0095929 -0.10047 0.067227 0.22647 0.30754 0 0.30627 0.28651 0.1059 -0.027726 -0.10721 0.080723 0.23759 -0.17653 0.28151 -0.027594 0.074732 0.0090971 -0.073851 -0.023881 -0.009493 0.11493 0.062661 0.11897 0.1148 -0.07609 -0.19281 0.013969 0.11449 0.022768 -0.14836 -0.065071 0.22171 0.068134 0.31904 0.069311 0.18153 0.17234 0.1735 0.086849 0.089902 -0.13118 0.21838 -0.09172 -0.084379 0.17862 0.27116 -0.13335 0.30721 0.13915 0.088959 0.0061659 -0.099652 0.1304 -0.0020845 0.16544 0.035125 0.17625 0.073195 -0.026905 -0.076115 0.0018589 0.13446 0.23771 -0.018739 0.14803 0.25994 0.050466 0.38116 0.11364 0.24677 0.19016 0.27738 0.25019 0.075797 -0.11734 0.29239 -0.042786 -0.10751 0.16211 0.29614
0.33307 0.24836 0.5813 0.36542 0.10652 0.00628 -0.045927 0.12416 0.12197 0.26314 0.30627 0 0.39306 0.085962 0.0075885 -0.030157 0.1368 0.13553 -0.059635 0.19242 0.04714 -0.025992 -0.016864 -0.058719 -0.038531 0.038868 0.044769 0.019187 0.17741 0.0033455 -0.061621 -0.15026 -0.037245 0.017031 0.19729 -0.04797 0.11407 0.064076 -0.0039202 0.19516 0.062811 0.03023 0.14229 0.21849 0.101 0.070549 -0.073425 0.18419 -0.093673 -0.078674 0.061931 0.17646 -0.015022 0.22929 0.16037 -0.04838 0.020463 -0.078484 0.052665 0.052618 0.046519 0.00019046 0.22185 -0.03112 -0.023818 -0.070142 -0.0050528 0.033538 0.27552 0.03801 0.22525 0.073001 -0.053092 0.23383 0.072772 0.077876 0.16774 0.2606 0.20204 0.030484 -0.071316 0.22993 -0.06723 -0.060883 0.056123 0.20602
0.27575 0.24414 0.36849 0.63195 0.16395 -0.0093331 -0.022133 0.10089 0.1259 0.21508 0.28651 0.39306 0 0.14522 -0.0058601 -0.0086705 0.10956 0.13951 -0.041575 0.25383 -0.051192 0.019188 0.0082212 -0.026723 -0.1245 0.025243 -0.038577 0.04049 0.13517 0.026637 -0.075826 -0.16653 -0.027978 0.15204 0.1501 -0.11028 0.057083 0.095425 0.10713 0.1817 0.22501 -0.011533 0.083855 0.11521 0.13225 0.10305 -0.014273 0.23699 -0.085933 -0.049198 0.11347 0.31075 0.016564 0.27973 0.0022437 0.0078716 0.011503 -0.023221 -0.066701 0.035442 -0.027852 0.038869 0.16603 0.0047959 -0.05399 -0.13548 -0.0085425 0.14654 0.27011 -0.059662 0.17057 0.10932 0.10828 0.22628 0.27907 0.03368 0.10604 0.15974 0.1698 0.096622 0.014673 0.30325 -0.090339 -0.053012 0.11502 0.3593
0.10129 0.098252 0.066201 0.12155 0.037628 -0.022722 -0.025079 0.012641 0.048637 0.092815 0.1059 0.085962 0.14522 0 -0.012985 -0.029113 0.0091844 0.087044 -0.020744 0.12533 -0.037567 0.017966 0.0078337 -0.022538 -0.033101 -0.014724 -0.00073134 -0.0096571 0.029378 0.021062 -0.038313 -0.059216 -0.0038664 0.052315 0.026628 -0.044744 -0.0058419 0.056742 0.061561 0.076117 0.070623 0.029959 0.050695 0.033294 0.051153 0.022969 -0.0065966 0.091932 -0.048159 -0.016544 0.072133 0.12001 -0.012578 0.10501 0.0035523 0.018236 0.00029712 -0.015876 -0.010268 -0.0095005 0.016472 -0.010162 0.026462 0.022255 -0.021151 -0.031329 -0.012628 0.067644 0.078203 -0.034657 0.055889 0.070573 0.065723 0.082057 0.084964 0.040676 0.064214 0.054193 0.094177 0.0065555 -0.0026003 0.11739 -0.023999 -0.025047 0.059562 0.1311
-0.020076 -0.012904 0.011343 -0.0093608 -0.01379 0.4366 0.18474 0.029006 0.062459 0.032479 -0.027726 0.0075885 -0.0058601 -0.012985 0 0.2333 0.036809 0.060199 0.05582 0.03 0.12438 0.064352 0.10032 0.22631 0.22327 0.12291 0.32016 0.10704 0.063414 0.08643 0.30997 0.17296 0.26499 0.091273 -0.05311 -0.00070665 -0.059093 0.045454 0.083494 0.067753 0.066522 0.23548 0.21647 -0.05549 0.13937 0.067247 0.203 -0.11236 0.043831 0.12468 0.080902 0.069603 0.035279 0.027647 0.038349 0.053423 0.099744 0.22233 0.14073 0.12953 0.29957 0.097503 0.032101 0.075852 0.26525 0.12574 0.27499 0.073565 -0.10844 -0.057125 -0.085476 0.036515 0.11027 0.038349 0.064236 0.21627 0.15864 -0.086733 0.061985 0.058814 0.20115 -0.095783 0.022575 0.13553 0.085537 0.065103
-0.10289 -0.093832 -0.034844 -0.013688 -0.031308 0.1895 0.2523 0.0071074 -0.01833 -0.058857 -0.10721 -0.030157 -0.0086705 -0.029113 0.2333 0 0.023079 -0.0025509 0.11926 -0.028593 0.042649 0.023753 0.076459 0.17695 0.061674 0.12161 0.014866 0.0202 0.00373 0.025926 0.14705 0.12558 0.09781 0.0436 -0.0036358 0.034451 0.046465 -0.049706 0.061765 -0.099657 0.085943 -0.017055 0.010074 -0.11934 0.039661 0.03667 0.19875 -0.072785 0.04823 0.10391 0.014075 0.03307 0.10162 -0.035801 -0.026553 0.0077799 0.042218 0.18863 0.0002361 0.12966 -0.005883 0.023443 -0.0062297 0.025184 0.11204 0.085858 0.10104 0.042115 -0.034628 -0.015596 0.007098 -0.062561 0.079109 -0.12202 0.090218 -0.031078 -0.026814 -0.14023 -0.014902 0.039736 0.20666 -0.086078 0.026073 0.13376 0.0045655 0.026582
0.022662 0.048736 0.10825 0.086831 0.013214 0.038344 -0.0067862 0.097548 0.036278 0.012213 0.080723 0.1368 0.10956 0.0091844 0.036809 0.023079 0 0.060392 -0.018816 0.082643 -0.057614 0.027927 0.0090985 -0.0010598 -0.035899 -0.036465 0.06613 0.026642 0.0088638 0.026597 0.055899 -0.065599 0.0064301 0.030499 -0.027444 -0.079255 -0.063604 0.030143 0.014854 0.042831 0.0066056 0.052857 0.11968 -0.033933 0.01971 0.0048714 0.02249 -0.030369 -0.0063159 -0.012888 0.034615 0.054738 -0.011335 0.075502 -0.049054 0.026404 0.0012048 0.017952 -0.037098 -0.01726 0.055045 0.025853 0.01177 0.016316 0.042478 -0.048479 0.023695 0.038523 -0.028957 -0.10857 -0.036903 0.03376 0.0091396 0.049344 0.013043 0.05054 0.1084 -0.0060344 0.0054059 0.010166 0.026629 0.014163 -0.010129 -0.00053944 0.042154 0.061386
0.246 0.20652 0.13707 0.12769 0.046626 0.060047 -0.024893 0.056824 0.18198 0.21671 0.23759 0.13553 0.13951 0.087044 0.060199 -0.0025509 0.060392 0 -0.045066 0.15377 0.036259 0.052503 0.037747 0.017055 0.048672 0.03674 0.10447 0.015487 0.08514 0.089224 0.011084 -0.024199 0.063264 0.075 0.02926 -0.046291 -0.0010258 0.15091 0.077201 0.1597 0.063143 0.13917 0.11954 0.096255 0.080547 0.060644 0.023936 0.12852 -0.034842 0.025875 0.15505 0.17731 -0.0035968 0.17257 0.093743 0.061293 0.020333 0.013984 0.10214 0.03801 0.12544 0.0198 0.10545 0.077143 0.05898 0.017588 0.056984 0.11146 0.10869 0.0068902 0.07965 0.16272 0.073407 0.17649 0.080303 0.17374 0.12872 0.13117 0.14707 0.051964 0.039155 0.15702 -0.00017444 0.00058045 0.12841 0.19963
-0.16323 -0.098275 -0.020595 -0.04431 -0.015195 0.07938 0.15316 -0.030177 -0.032425 -0.061139 -0.17653 -0.059635 -0.041575 -0.020744 0.05582 0.11926 -0.018816 -0.045066 0 -0.031393 0.23297 0.034267 0.03333 0.26485 0.24406 0.26531 -0.12007 0.069491 0.065807 0.063665 0.050426 0.58416 -0.0039525 -0.018202 0.48411 0.19016 0.56504 -0.038603 0.050051 -0.094945 0.1384 -0.024826 -0.10528 -0.014807 0.18797 0.034303 0.72992 0.16566 0.12315 0.16431 0.14875 0.12184 0.67452 -0.040987 0.0086048 0.014299 0.017208 0.21432 0.044177 0.19616 -0.15995 0.074108 0.010469 0.061674 -0.023037 0.36823 0.020091 -0.0018827 0.18804 0.17352 0.27117 -0.073067 0.11544 -0.16561 0.10703 -0.09827 -0.09124 -0.10386 0.060823 0.011523 0.61856 -0.0033836 0.073274 0.17348 0.17175 0.087755
0.21836 0.24926 0.19414 0.27948 0.098 0.039706 -0.032184 0.085646 0.15784 0.21897 0.28151 0.19242 0.25383 0.12533 0.03 -0.028593 0.082643 0.15377 -0.031393 0 -0.10688 0.16742 0.0439 0.040845 -0.14484 0.0094269 -0.0082872 0.019621 0.22368 0.18764 -0.10531 -0.28541 0.014742 0.37687 0.19155 -0.24256 0.012411 0.25054 0.31692 0.40386 0.39489 0.088542 0.27002 0.24425 0.34981 0.29458 0.084777 0.41612 -0.13434 -0.054071 0.28505 0.56705 0.030363 0.58971 -0.11745 0.17615 -0.0010415 0.022039 -0.13388 0.017029 0.027298 0.037559 0.18554 0.16082 -0.06391 -0.26947 0.031163 0.35828 0.2778 -0.25573 0.0999 0.25117 0.26906 0.43349 0.38202 0.13883 0.26975 0.21187 0.27079 0.24003 0.07621 0.46018 -0.15791 -0.093044 0.22531 0.54863
0.039192 0.038941 0.10799 -0.045623 -0.0019679 0.13908 0.039459 -0.066625 0.011133 0.26657 -0.027594 0.04714 -0.051192 -0.037567 0.12438 0.042649 -0.057614 0.036259 0.23297 -0.10688 0 -0.12675 0.060984 0.19002 0.71105 0.55189 0.22808 -0.041956 0.28435 -0.069467 0.11345 0.5077 0.17089 -0.11782 0.56806 0.47026 0.54394 -0.098972 -0.05876 0.12319 0.067886 0.33173 -0.03353 0.69037 0.39215 0.34139 0.054366 0.37583 0.023164 0.0075099 -0.02317 -0.053122 0.041067 -0.12225 0.65484 -0.18106 0.068916 0.11059 0.48592 0.26499 0.088556 -0.023505 0.10404 -0.07436 0.053417 0.30483 0.1245 -0.11701 0.27275 0.33977 0.22877 -0.10707 -0.030799 -0.028085 0.0074836 0.16723 -0.105 0.26185 0.068185 0.13179 0.04732 0.035867 0.058096 0.01604 -0.0010626 -0.097489
-0.033517 0.089612 -0.0038969 0.021591 0.0013266 0.081505 0.025297 0.021132 0.062386 0.0050141 0.074732 -0.025992 0.019188 0.017966 0.064352 0.023753 0.027927 0.052503 0.034267 0.16742 -0.12675 0 0.0064373 0.32464 0.025244 -0.14876 0.12467 0.14519 0.03591 0.92738 -0.0028748 -0.18481 0.15673 0.37323 -0.083168 -0.2019 -0.14784 0.88854 0.32158 0.066492 0.29531 0.27498 0.077849 -0.030477 0.10635 0.67622 0.16397 0.023189 -0.040934 -0.00083246 0.20285 0.23487 0.056139 0.16896 -0.25005 0.97501 -0.0099098 0.36322 -0.074876 -0.083064 0.15963 0.22388 -0.022142 0.92025 -0.01253 -0.22036 0.18535 0.34708 -0.13172 -0.26214 -0.1881 0.85476 0.37114 0.075226 0.31259 0.3268 0.080463 -0.11332 -0.0041847 0.60059 0.15347 0.051525 -0.071432 0.0048203 0.1694 0.20849
0.016878 0.016639 -0.0023385 -0.0011905 0.0099651 0.12363 0.073954 -0.0043051 0.015349 0.043961 0.0090971 -0.016864 0.0082212 0.0078337 0.10032 0.076459 0.0090985 0.037747 0.03333 0.0439 0.060984 0.0064373 0 0.15683 0.11046 0.13721 0.051691 0.023987 0.076968 0.027995 0.089692 0.10365 0.094781 0.034648 0.054809 0.040895 0.063419 0.010383 0.040996 0.03296 0.051604 0.033729 0.055735 0.023857 0.062385 0.077127 0.09786 0.046207 0.031422 0.097924 0.036607 0.085084 0.014335 0.020976 0.028122 -0.0062334 0.047063 0.13125 0.070365 0.11367 0.050464 0.0068374 0.044813 0.024364 0.080351 0.06688 0.073347 0.006154 0.039566 0.017861 0.034241 -0.001073 0.034678 0.023105 0.042595 0.050241 0.021638 -0.013952 0.036237 0.062824 0.069379 0.024185 0.019476 0.045318 0.014164 0.071212
-0.071568 -0.049797 -0.050232 -0.020749 -0.0072323 0.22557 0.18739 -0.011172 0.017366 -0.10195 -0.073851 -0.058719 -0.026723 -0.022538 0.22631 0.17695 -0.0010598 0.017055 0.26485 0.040845 0.19002 0.32464 0.15683 0 0.32045 0.33359 0.10265 0.51839 0.092564 0.51358 0.18705 0.17787 0.33067 0.10525 0.11999 0.02327 0.093217 0.29914 0.11593 -0.056403 0.15209 0.11539 0.055208 -0.04549 0.088172 0.48365 0.34032 -0.0093147 0.059423 0.1448 0.12322 0.14438 0.25797 0.048393 0.045558 0.29389 0.10505 0.81689 0.19127 0.3588 0.10748 0.48429 0.071288 0.51344 0.15874 0.16823 0.35636 0.10398 0.083534 -0.03416 0.12387 0.2213 0.1577 -0.040892 0.18335 0.17434 0.054242 -0.079288 0.053736 0.4714 0.28025 -0.023218 0.031147 0.1319 0.10316 0.10095
0.018623 0.035393 -0.0011964 -0.1273 -0.024537 0.24578 0.077112 -0.055794 0.027968 0.20165 -0.023881 -0.038531 -0.1245 -0.033101 0.22327 0.061674 -0.035899 0.048672 0.24406 -0.14484 0.71105 0.025244 0.11046 0.32045 0 0.50109 0.5534 0.067922 0.16296 0.076875 0.3243 0.67717 0.40037 -0.081439 0.24251 0.40068 0.25317 -0.0011432 -0.11525 0.19663 -0.17531 0.69155 0.11567 0.487 0.3302 0.26562 0.10967 0.095651 0.17357 0.12456 -0.01646 -0.12611 0.089601 -0.16532 0.4785 -0.063747 0.07457 0.22454 0.73587 0.2894 0.43816 0.049568 0.02783 0.056852 0.27149 0.55223 0.33092 -0.10036 0.033074 0.24207 0.096263 -0.034366 -0.095056 0.020966 -0.17566 0.50718 0.034641 0.13084 0.12051 0.077221 0.089286 -0.099695 0.22042 0.14742 0.0087486 -0.15941
0.14977 0.060232 0.059139 0.037816 0.015393 0.12516 0.12784 -0.025759 0.021637 0.23748 -0.009493 0.038868 0.025243 -0.014724 0.12291 0.12161 -0.036465 0.03674 0.26531 0.0094269 0.55189 -0.14876 0.13721 0.33359 0.50109 0 0.016586 0.068885 0.25732 -0.091476 0.072274 0.43764 0.10883 -0.034941 0.44702 0.3667 0.47169 -0.13017 0.010662 0.058722 0.11891 0.008445 -0.056881 0.41305 0.233 0.32299 0.15928 0.42258 0.019646 0.11117 -0.0084556 0.11334 0.1466 0.0053035 0.35893 -0.17419 0.096628 0.24601 0.3306 0.5564 -0.06766 0.024332 0.15965 -0.09781 -0.0014633 0.31411 0.040524 -0.055937 0.29695 0.26015 0.33409 -0.14989 -0.0036928 0.021647 0.064652 -0.013997 -0.081483 0.16526 0.065031 0.22296 0.11623 0.20843 0.031247 0.07967 0.0083525 0.062957
0.057773 0.11686 0.050214 -0.023987 -0.016961 0.34792 0.018823 0.042326 0.11037 0.12677 0.11493 0.044769 -0.038577 -0.00073134 0.32016 0.014866 0.06613 0.10447 -0.12007 -0.0082872 0.22808 0.12467 0.051691 0.10265 0.5534 0.016586 0 0.019529 0.020908 0.12311 0.50498 0.25246 0.40102 0.07778 -0.23294 -0.0071126 -0.25091 0.1403 0.032932 0.38909 -0.13321 0.79866 0.4454 0.063228 0.21865 0.0099869 0.024729 -0.20162 0.13705 0.061918 0.1049 -0.050969 -0.12544 -0.026426 0.061567 0.076736 0.055589 0.080811 0.33947 -0.038974 0.75825 0.047352 -0.060367 0.10808 0.45222 0.20016 0.32727 0.049511 -0.33331 -0.12624 -0.27161 0.15542 0.056698 0.23874 -0.11336 0.68926 0.30893 -0.073119 0.095217 -0.10024 0.036254 -0.21766 0.10324 0.067255 0.087035 -0.071664
0.0062851 0.081923 0.010007 0.01652 -0.0059517 0.11312 0.068169 0.01837 0.025507 -0.068124 0.062661 0.019187 0.04049 -0.0096571 0.10704 0.0202 0.026642 0.015487 0.069491 0.019621 -0.041956 0.14519 0.023987 0.51839 0.067922 0.068885 0.019529 0 0.035003 0.36846 0.11415 0.018824 0.036693 0.033444 0.0031366 -0.0020381 0.028764 0.27323 0.0069887 0.0028316 0.041872 -0.068417 0.069306 -0.10678 -0.012426 0.21935 0.16598 -0.11645 0.020155 0.046624 0.11266 0.079213 0.13757 0.050386 -0.064406 0.15288 0.018983 0.53141 0.0035276 0.15784 0.0070659 0.95011 0.076161 0.28075 0.082322 0.057102 0.073092 0.028662 0.069989 0.0057405 0.097304 0.25676 0.079628 0.011986 0.10482 -0.029886 0.066475 -0.078717 0.019919 0.25701 0.13812 -0.013902 0.033122 0.036733 0.10233 0.088869
0.19404 0.14316 0.19336 0.13653 0.071256 0.063863 -0.0045867 0.01798 0.074494 0.21265 0.11897 0.17741 0.13517 0.029378 0.063414 0.00373 0.0088638 0.08514 0.065807 0.22368 0.28435 0.03591 0.076968 0.092564 0.16296 0.25732 0.020908 0.035003 0 0.040573 -0.0003314 0.042436 0.055282 0.055609 0.44704 0.28691 0.46854 0.078604 0.011322 0.28146 0.10358 0.082367 0.17493 0.47758 0.28237 0.19348 0.067064 0.41229 -0.067293 0.026254 0.1327 0.32773 0.086486 0.22067 0.22976 0.012606 0.045811 0.059903 0.13732 0.15783 -0.022963 0.025104 0.39475 0.031304 -0.00036777 0.033438 0.011747 0.024897 0.38836 0.22729 0.43406 0.072938 0.016649 0.21122 0.089201 0.052947 0.14559 0.2998 0.19642 0.084365 0.061181 0.29845 -0.019723 -0.021532 0.12099 0.32109
-0.015001 0.13049 0.014022 0.029625 0.0030837 0.11106 0.037481 0.010897 0.091045 0.0068046 0.1148 0.0033455 0.026637 0.021062 0.08643 0.025926 0.026597 0.089224 0.063665 0.18764 -0.069467 0.92738 0.027995 0.51358 0.076875 -0.091476 0.12311 0.36846 0.040573 0 0.025633 -0.16171 0.21816 0.36197 -0.052626 -0.18399 -0.092083 0.92759 0.32848 0.085295 0.27214 0.24096 0.087538 -0.040171 0.082363 0.68913 0.19569 0.036495 -0.022652 0.0041792 0.27096 0.26286 0.065056 0.16672 -0.18261 0.91519 -0.0018034 0.5293 -0.015819 0.0016928 0.16025 0.42746 0.0099772 0.93832 0.010879 -0.17544 0.2452 0.32895 -0.059024 -0.22381 -0.10196 0.89175 0.37291 0.09955 0.30201 0.311 0.088521 -0.098315 0.0057965 0.64011 0.17445 0.10932 -0.058338 -0.0064057 0.22598 0.23626
-0.17159 -0.038608 -0.022718 -0.039805 -0.027635 0.30957 0.18417 0.060824 0.016303 -0.017453 -0.07609 -0.061621 -0.075826 -0.038313 0.30997 0.14705 0.055899 0.011084 0.050426 -0.10531 0.11345 -0.0028748 0.089692 0.18705 0.3243 0.072274 0.50498 0.11415 -0.0003314 0.025633 0 0.3821 0.26729 0.010981 -0.18827 0.095086 -0.1116 -0.01264 0.033949 -0.038846 -0.049649 0.36328 0.37435 -0.27023 0.21432 -0.089443 0.19447 -0.33608 0.26725 0.18762 0.01017 -0.10237 -0.045734 -0.14786 -0.17758 -0.021818 0.037386 0.18461 0.04316 0.02037 0.36619 0.13444 -0.14252 0.014172 0.55112 0.2129 0.21646 -0.013916 -0.38473 -0.12168 -0.29665 -0.030443 0.051911 -0.15506 -0.063665 0.17403 0.19267 -0.42211 -0.045339 -0.11766 0.15266 -0.36794 0.19031 0.17195 0.011464 -0.13648
-0.13061 -0.10399 -0.080193 -0.16733 -0.039087 0.21302 0.1732 -0.062817 -0.041626 0.067122 -0.19281 -0.15026 -0.16653 -0.059216 0.17296 0.12558 -0.065599 -0.024199 0.58416 -0.28541 0.5077 -0.18481 0.10365 0.17787 0.67717 0.43764 0.25246 0.018824 0.042436 -0.16171 0.3821 0 0.13254 -0.22841 0.21971 0.59544 0.37709 -0.21323 -0.16862 -0.073091 -0.20607 0.2685 0.0051337 0.018719 0.2976 -0.19084 0.35529 -0.039888 0.32039 0.2928 -0.11522 -0.24213 0.25974 -0.31419 0.18684 -0.23665 0.078105 0.11161 0.34806 0.24989 0.087041 0.0087484 -0.068053 -0.1507 0.22574 0.76302 0.075817 -0.22805 -0.127 0.40874 0.015492 -0.2448 -0.13486 -0.23853 -0.2358 0.0064183 -0.093903 -0.22487 0.034467 -0.23171 0.26705 -0.28751 0.31574 0.28272 -0.065514 -0.25439
0.0035349 0.017032 -0.035543 -0.02549 -0.012961 0.27329 0.076302 0.026676 0.058677 0.037747 0.013969 -0.037245 -0.027978 -0.0038664 0.26499 0.09781 0.0064301 0.063264 -0.0039525 0.014742 0.17089 0.15673 0.094781 0.33067 0.40037 0.10883 0.40102 0.036693 0.055282 0.21816 0.26729 0.13254 0 0.11425 -0.060124 -0.024883 -0.081867 0.14099 0.06025 0.065262 -0.024533 0.44256 0.20592 0.043811 0.13223 0.13804 0.13112 -0.081013 0.04359 0.092527 0.089752 0.035896 0.016791 0.0042609 0.10516 0.11795 0.067425 0.28222 0.28422 0.10076 0.38844 0.045955 0.0047025 0.20191 0.27295 0.14313 0.43534 0.079974 -0.10536 -0.049319 -0.053829 0.10982 0.040931 0.047035 -0.022125 0.41867 0.15719 -0.015273 0.097292 0.06836 0.12433 -0.094293 0.066823 0.094766 0.060282 0.0048617
0.09517 0.15026 0.027476 0.16987 0.010618 0.082263 0.033777 0.050023 0.11747 0.15637 0.11449 0.017031 0.15204 0.052315 0.091273 0.0436 0.030499 0.075 -0.018202 0.37687 -0.11782 0.37323 0.034648 0.10525 -0.081439 -0.034941 0.07778 0.033444 0.055609 0.36197 0.010981 -0.22841 0.11425 0 0.087287 -0.24618 -0.045217 0.40602 0.56864 0.23984 0.62197 0.18499 0.099302 0.09101 0.35238 0.40051 0.1913 0.33866 -0.068625 -0.019114 0.36234 0.49062 0.022888 0.33987 -0.12975 0.35158 0.0029966 0.10461 -0.099127 -0.022413 0.093412 0.037872 0.020811 0.33754 -0.015661 -0.22489 0.14363 0.79149 0.13499 -0.24375 0.033838 0.37933 0.50523 0.31165 0.58069 0.24076 0.074078 0.076038 0.25195 0.33678 0.18987 0.3892 -0.092507 -0.026984 0.31166 0.45227
0.086262 0.10859 0.23574 0.16988 0.072845 -0.050326 0.0041976 -0.028695 0.042248 0.23676 0.022768 0.19729 0.1501 0.026628 -0.05311 -0.0036358 -0.027444 0.02926 0.48411 0.19155 0.56806 -0.083168 0.054809 0.11999 0.24251 0.44702 -0.23294 0.0031366 0.44704 -0.052626 -0.18827 0.21971 -0.060124 0.087287 0 0.38071 0.85071 -0.012849 0.044732 0.11083 0.31512 -0.097726 -0.11976 0.57765 0.52097 0.26894 0.2388 0.66662 -0.064471 0.0071508 0.10719 0.36659 0.27522 0.20288 0.34177 -0.11077 0.022614 0.054656 0.10478 0.20493 -0.30299 -0.010248 0.29636 -0.053133 -0.22267 0.056783 -0.063832 0.06722 0.68128 0.27276 0.61673 -0.03585 0.059641 0.023381 0.26793 -0.1657 -0.12246 0.24757 0.26325 0.16321 0.19514 0.43468 -0.042573 -0.033892 0.12674 0.33189
-0.055059 -0.076094 -0.014578 -0.102 0.00027548 0.034058 0.072397 -0.088072 -0.050321 0.10301 -0.14836 -0.04797 -0.11028 -0.044744 -0.00070665 0.034451 -0.079255 -0.046291 0.19016 -0.24256 0.47026 -0.2019 0.040895 0.02327 0.40068 0.3667 -0.0071126 -0.0020381 0.28691 -0.18399 0.095086 0.59544 -0.024883 -0.24618 0.38071 0 0.60587 -0.17226 -0.1805 -0.12386 -0.14091 -0.067641 -0.16428 0.19591 0.17546 -0.12016 0.0046696 0.077434 0.14665 0.097916 -0.092393 -0.15513 -0.016581 -0.24777 0.21676 -0.21824 0.060877 0.0012626 0.14566 0.16107 -0.15905 -0.02873 0.12413 -0.18219 0.0050807 0.2897 -0.031037 -0.22973 0.10864 0.57789 0.22796 -0.1926 -0.13703 -0.23708 -0.15125 -0.26105 -0.22581 -0.13674 -0.076751 -0.16762 -0.022987 -0.12588 0.13627 0.088356 -0.064408 -0.15399
0.014911 0.0025604 0.14224 0.06551 0.053311 -0.030746 0.06606 -0.074971 -0.0095323 0.19672 -0.065071 0.11407 0.057083 -0.0058419 -0.059093 0.046465 -0.063604 -0.0010258 0.56504 0.012411 0.54394 -0.14784 0.063419 0.093217 0.25317 0.47169 -0.25091 0.028764 0.46854 -0.092083 -0.1116 0.37709 -0.081867 -0.045217 0.85071 0.60587 0 -0.088745 -0.064775 -0.030645 0.19371 -0.23723 -0.22095 0.42332 0.32782 0.13679 0.24267 0.52749 0.022531 0.044393 0.00074419 0.18957 0.30983 -0.012732 0.29983 -0.16268 0.052498 0.03769 0.03451 0.23788 -0.35214 0.011393 0.2743 -0.099522 -0.18354 0.1365 -0.09177 -0.057014 0.53456 0.48231 0.61986 -0.11103 -0.016877 -0.12851 0.12385 -0.33305 -0.22534 0.10205 0.035892 0.05059 0.1743 0.2307 -0.041081 0.0072487 0.040216 0.169
0.085414 0.21247 0.059411 0.088332 0.038399 0.069825 -0.0096239 0.041366 0.15299 0.11538 0.22171 0.064076 0.095425 0.056742 0.045454 -0.049706 0.030143 0.15091 -0.038603 0.25054 -0.098972 0.88854 0.010383 0.29914 -0.0011432 -0.13017 0.1403 0.27323 0.078604 0.92759 -0.01264 -0.21323 0.14099 0.40602 -0.012849 -0.17226 -0.088745 0 0.38926 0.18488 0.32683 0.2623 0.1049 0.0034149 0.10704 0.59801 0.10186 0.11061 -0.062699 -0.025283 0.30809 0.32633 -0.016454 0.24706 -0.16677 0.84957 -0.0057791 0.32073 -0.039799 -0.058839 0.17761 0.35403 0.059962 0.89311 -0.014757 -0.21949 0.16641 0.3771 -0.0030786 -0.19222 -0.0787 0.96748 0.43082 0.20872 0.37398 0.31745 0.12452 -0.022353 0.053458 0.54841 0.088523 0.2344 -0.071256 -0.051913 0.27033 0.32562
0.0304 0.12694 -0.014669 0.1667 0.055861 0.096415 0.059864 0.027207 0.085728 0.22116 0.068134 -0.0039202 0.10713 0.061561 0.083494 0.061765 0.014854 0.077201 0.050051 0.31692 -0.05876 0.32158 0.040996 0.11593 -0.11525 0.010662 0.032932 0.0069887 0.011322 0.32848 0.033949 -0.16862 0.06025 0.56864 0.044732 -0.1805 -0.064775 0.38926 0 0.078582 0.89604 0.063851 0.032377 0.0066182 0.33551 0.46827 0.3103 0.40204 -0.012701 0.030405 0.48592 0.61614 0.028757 0.29077 -0.18565 0.29243 -0.0014189 0.11874 -0.18725 -0.015887 0.0024699 0.0057222 -0.039107 0.30926 -0.0063948 -0.2322 0.077671 0.52534 0.034071 -0.23491 -0.11027 0.35138 0.90162 0.13764 0.80474 0.074115 -0.0014459 -0.084415 0.16271 0.3739 0.27852 0.37515 -0.09154 -0.012897 0.38921 0.51388
0.33959 0.3088 0.17912 0.17404 0.079835 0.088667 -0.12219 0.053246 0.17443 0.29234 0.31904 0.19516 0.1817 0.076117 0.067753 -0.099657 0.042831 0.1597 -0.094945 0.40386 0.12319 0.066492 0.03296 -0.056403 0.19663 0.058722 0.38909 0.0028316 0.28146 0.085295 -0.038846 -0.073091 0.065262 0.23984 0.11083 -0.12386 -0.030645 0.18488 0.078582 0 0.059791 0.53556 0.34481 0.44546 0.31329 0.17703 -0.054408 0.37384 -0.080009 -0.058386 0.18848 0.33723 -0.061117 0.37267 0.1507 0.066642 0.040426 -0.06551 0.24338 0.0609 0.38911 0.0082405 0.233 0.048322 0.056993 -0.0053581 0.030588 0.19701 0.1778 -0.092014 0.10945 0.20726 0.075228 0.68265 0.084776 0.49031 0.31513 0.41648 0.30301 0.080186 -0.035118 0.35917 -0.080728 -0.087115 0.17449 0.34606
0.054681 0.11509 0.069676 0.27279 0.079452 0.058881 0.069733 0.023291 0.067315 0.24729 0.069311 0.062811 0.22501 0.070623 0.066522 0.085943 0.0066056 0.063143 0.1384 0.39489 0.067886 0.29531 0.051604 0.15209 -0.17531 0.11891 -0.13321 0.041872 0.10358 0.27214 -0.049649 -0.20607 -0.024533 0.62197 0.31512 -0.14091 0.19371 0.32683 0.89604 0.059791 0 -0.088626 -0.015455 0.094268 0.5079 0.53364 0.32267 0.54897 -0.053225 -0.0046055 0.41539 0.64687 0.11478 0.36051 -0.10533 0.26233 -0.0032193 0.14415 -0.26058 0.034635 -0.15872 0.052219 0.050064 0.26487 -0.11116 -0.28126 0.02956 0.59561 0.28169 -0.2237 0.061059 0.29889 0.83071 0.12289 0.91908 -0.035418 -0.043612 -0.024675 0.29312 0.47508 0.29304 0.47423 -0.12475 -0.036431 0.33238 0.56062
0.1612 0.17618 0.056924 0.0037101 0.0027908 0.25537 -0.029256 0.032213 0.13416 0.22101 0.18153 0.03023 -0.011533 0.029959 0.23548 -0.017055 0.052857 0.13917 -0.024826 0.088542 0.33173 0.27498 0.033729 0.11539 0.69155 0.008445 0.79866 -0.068417 0.082367 0.24096 0.36328 0.2685 0.44256 0.18499 -0.097726 -0.067641 -0.23723 0.2623 0.063851 0.53556 -0.088626 0 0.41164 0.30676 0.33952 0.18193 0.052497 0.04531 0.11143 0.048327 0.11582 0.041199 -0.02729 0.067231 0.17366 0.21762 0.047455 0.081131 0.51823 -0.016132 0.7575 0.0015081 -0.036213 0.21977 0.3599 0.27534 0.37645 0.13946 -0.22013 -0.15092 -0.21732 0.25921 0.063413 0.39884 -0.073927 0.91355 0.32687 0.13909 0.23814 0.01091 0.069233 -0.011118 0.14238 0.065332 0.11394 0.012256
0.065937 0.15057 0.15662 0.09927 0.053457 0.21952 0.0070039 0.10739 0.12381 0.083084 0.17234 0.14229 0.083855 0.050695 0.21647 0.010074 0.11968 0.11954 -0.10528 0.27002 -0.03353 0.077849 0.055735 0.055208 0.11567 -0.056881 0.4454 0.069306 0.17493 0.087538 0.37435 0.0051337 0.20592 0.099302 -0.11976 -0.16428 -0.22095 0.1049 0.032377 0.34481 -0.015455 0.41164 0 0.018344 0.33426 -0.0016044 0.050302 -0.061798 0.036112 0.033526 0.15269 0.15993 -0.084483 0.24489 -0.10754 0.064009 0.028317 0.042141 0.02055 -0.052839 0.40443 0.083173 0.09429 0.070077 0.38088 0.026466 0.15173 0.079098 -0.15389 -0.2181 -0.14275 0.10912 0.019991 0.27966 -0.008213 0.33642 0.55828 -0.02189 0.23498 -0.059779 0.067885 -0.034487 0.025904 0.036803 0.12384 0.14837
0.35604 0.19448 0.24612 0.13732 0.069797 -0.036189 -0.15392 -0.017764 0.095409 0.45835 0.1735 0.21849 0.11521 0.033294 -0.05549 -0.11934 -0.033933 0.096255 -0.014807 0.24425 0.69037 -0.030477 0.023857 -0.04549 0.487 0.41305 0.063228 -0.10678 0.47758 -0.040171 -0.27023 0.018719 0.043811 0.09101 0.57765 0.19591 0.42332 0.0034149 0.0066182 0.44546 0.094268 0.30676 0.018344 0 0.45998 0.37798 -0.12396 0.6643 -0.15065 -0.11489 0.073765 0.25075 -0.0091318 0.22191 0.55534 -0.063677 0.033565 -0.077378 0.42656 0.20529 0.0028566 -0.092562 0.31663 -0.056453 -0.20362 0.055704 -0.0039154 0.070626 0.48375 0.20646 0.33894 0.009371 -0.028104 0.37403 0.063926 0.26292 0.021304 0.71044 0.25773 0.19646 -0.097281 0.44578 -0.096928 -0.14628 0.065338 0.20649
0.029567 0.17592 0.19431 0.1666 0.067791 0.15647 0.051594 0.0059001 0.084216 0.30052 0.086849 0.101 0.13225 0.051153 0.13937 0.039661 0.01971 0.080547 0.18797 0.34981 0.39215 0.10635 0.062385 0.088172 0.3302 0.233 0.21865 -0.012426 0.28237 0.082363 0.21432 0.2976 0.13223 0.35238 0.52097 0.17546 0.32782 0.10704 0.33551 0.31329 0.5079 0.33952 0.33426 0.45998 0 0.34193 0.16563 0.48019 0.079988 0.047091 0.19602 0.34121 0.013984 0.27334 0.076722 0.043107 0.040163 0.052175 0.0070369 0.074282 0.073979 0.0060102 0.037983 0.073627 0.087566 0.028386 0.11227 0.33519 0.18529 -0.089706 0.05025 0.076646 0.28729 0.17223 0.42192 0.11988 0.1672 0.039974 0.49214 0.18849 0.15758 0.24282 0.063557 0.030569 0.18005 0.28374
0.1547 0.12333 0.054165 0.11872 0.015996 0.068908 0.027774 0.0076516 0.056252 0.22463 0.089902 0.070549 0.10305 0.022969 0.067247 0.03667 0.0048714 0.060644 0.034303 0.29458 0.34139 0.67622 0.077127 0.48365 0.26562 0.32299 0.0099869 0.21935 0.19348 0.68913 -0.089443 -0.19084 0.13804 0.40051 0.26894 -0.12016 0.13679 0.59801 0.46827 0.17703 0.53364 0.18193 -0.0016044 0.37798 0.34193 0 0.091025 0.51894 -0.077422 -0.035051 0.2012 0.39818 0.038209 0.28548 0.14049 0.64108 0.037585 0.4591 0.11139 0.29471 0.050251 0.20985 0.12486 0.69646 -0.085772 -0.18298 0.15674 0.3632 0.26494 -0.14816 0.13106 0.58887 0.40934 0.21372 0.49142 0.29856 0.0068551 0.18272 0.19116 0.93719 0.047171 0.43168 -0.078917 -0.04763 0.1751 0.34427
-0.15186 -0.081755 -0.059598 -0.00076523 0.012671 0.22031 0.22599 0.013106 0.015139 -0.10439 -0.13118 -0.073425 -0.014273 -0.0065966 0.203 0.19875 0.02249 0.023936 0.72992 0.084777 0.054366 0.16397 0.09786 0.34032 0.10967 0.15928 0.024729 0.16598 0.067064 0.19569 0.19447 0.35529 0.13112 0.1913 0.2388 0.0046696 0.24267 0.10186 0.3103 -0.054408 0.32267 0.052497 0.050302 -0.12396 0.16563 0.091025 0 0.11494 0.068643 0.21597 0.57984 0.33715 0.58717 0.07995 -0.10344 0.12501 0.065449 0.31509 -0.050514 0.090296 -0.026703 0.15784 0.017175 0.18686 0.11998 0.17713 0.14439 0.21754 0.10238 -0.038652 0.085179 0.040236 0.35079 -0.059811 0.32315 0.021717 0.057682 -0.16522 0.068202 0.10116 0.84973 0.069398 0.034411 0.19907 0.49 0.28889
0.35507 0.2196 0.18281 0.25416 0.10891 -0.094492 -0.082886 0.0014041 0.11163 0.37086 0.21838 0.18419 0.23699 0.091932 -0.11236 -0.072785 -0.030369 0.12852 0.16566 0.41612 0.37583 0.023189 0.046207 -0.0093147 0.095651 0.42258 -0.20162 -0.11645 0.41229 0.036495 -0.33608 -0.039888 -0.081013 0.33866 0.66662 0.077434 0.52749 0.11061 0.40204 0.37384 0.54897 0.04531 -0.061798 0.6643 0.48019 0.51894 0.11494 0 -0.13484 -0.084213 0.29355 0.62239 0.18783 0.4237 0.34748 0.0019689 0.0093371 -0.057828 0.19054 0.28188 -0.18997 -0.095087 0.33235 0.024594 -0.30021 0.020176 -0.077138 0.29669 0.6608 0.15045 0.52488 0.11074 0.30452 0.37764 0.49074 0.10954 -0.015092 0.51722 0.40601 0.41054 0.097563 0.8438 -0.09454 -0.10918 0.22589 0.55978
-0.10728 -0.05428 -0.054161 -0.072023 -0.032219 0.061737 0.062678 -0.0093441 -0.03268 -0.018217 -0.09172 -0.093673 -0.085933 -0.048159 0.043831 0.04823 -0.0063159 -0.034842 0.12315 -0.13434 0.023164 -0.040934 0.031422 0.059423 0.17357 0.019646 0.13705 0.020155 -0.067293 -0.022652 0.26725 0.32039 0.04359 -0.068625 -0.064471 0.14665 0.022531 -0.062699 -0.012701 -0.080009 -0.053225 0.11143 0.036112 -0.15065 0.079988 -0.077422 0.068643 -0.13484 0 0.10441 -0.088136 -0.13706 0.021542 -0.15645 -0.10251 -0.040737 0.0075825 0.051754 -0.0043704 0.010693 0.065524 0.024626 -0.11626 -0.028 0.1567 0.20703 0.026219 -0.059219 -0.18205 0.045017 -0.13114 -0.068032 0.0065028 -0.1639 -0.074525 -0.0074284 -0.017856 -0.25935 -0.038696 -0.061196 0.055111 -0.19397 0.21551 0.092387 -0.045831 -0.15696
-0.075 -0.056872 -0.059993 -0.025974 -0.02337 0.14836 0.12778 9.0968e-05 -0.019229 -0.0096983 -0.084379 -0.078674 -0.049198 -0.016544 0.12468 0.10391 -0.012888 0.025875 0.16431 -0.054071 0.0075099 -0.00083246 0.097924 0.1448 0.12456 0.11117 0.061918 0.046624 0.026254 0.0041792 0.18762 0.2928 0.092527 -0.019114 0.0071508 0.097916 0.044393 -0.025283 0.030405 -0.058386 -0.0046055 0.048327 0.033526 -0.11489 0.047091 -0.035051 0.21597 -0.084213 0.10441 0 0.017098 0.002529 0.095113 -0.080138 -0.069033 -0.014058 0.029206 0.11492 0.017214 0.086345 0.03742 0.036928 -0.044636 0.013376 0.14195 0.21297 0.067344 -0.022533 -0.057323 0.029632 -0.032732 -0.041837 0.015548 -0.10329 -0.022619 0.0074226 0.0016312 -0.159 0.011384 -0.040724 0.1858 -0.11333 0.090649 0.16556 0.0054904 -0.01206
0.037786 0.16424 0.062679 0.11356 0.055774 0.10656 0.0080717 0.03874 0.11363 0.031567 0.17862 0.061931 0.11347 0.072133 0.080902 0.014075 0.034615 0.15505 0.14875 0.28505 -0.02317 0.20285 0.036607 0.12322 -0.01646 -0.0084556 0.1049 0.11266 0.1327 0.27096 0.01017 -0.11522 0.089752 0.36234 0.10719 -0.092393 0.00074419 0.30809 0.48592 0.18848 0.41539 0.11582 0.15269 0.073765 0.19602 0.2012 0.57984 0.29355 -0.088136 0.017098 0 0.50257 0.21606 0.30742 -0.0068293 0.19368 0.02706 0.12804 0.0070247 -0.013302 0.083552 0.10967 0.13027 0.24323 0.039956 -0.089416 0.10641 0.36057 0.18055 -0.080688 0.083995 0.27788 0.45566 0.24548 0.41411 0.16108 0.16662 0.081819 0.19531 0.1855 0.55029 0.35295 -0.043188 -0.014303 0.65475 0.46632
0.21928 0.27462 0.17256 0.33526 0.13598 0.069574 0.025687 0.078918 0.17564 0.21706 0.27116 0.17646 0.31075 0.12001 0.069603 0.03307 0.054738 0.17731 0.12184 0.56705 -0.053122 0.23487 0.085084 0.14438 -0.12611 0.11334 -0.050969 0.079213 0.32773 0.26286 -0.10237 -0.24213 0.035896 0.49062 0.36659 -0.15513 0.18957 0.32633 0.61614 0.33723 0.64687 0.041199 0.15993 0.25075 0.34121 0.39818 0.33715 0.62239 -0.13706 0.002529 0.50257 0 0.17164 0.55819 -0.031967 0.22355 0.046427 0.10975 -0.075488 0.088105 -0.02634 0.090759 0.30059 0.2407 -0.087478 -0.1984 0.052149 0.46569 0.47715 -0.12466 0.3175 0.31905 0.54495 0.40206 0.62426 0.13499 0.18366 0.23712 0.32449 0.35523 0.3012 0.65275 -0.13415 -0.042333 0.40205 0.77385
-0.025843 -0.1151 -0.024984 -0.01048 -0.010261 0.029665 0.093139 -0.021325 -0.028719 -0.13932 -0.13335 -0.015022 0.016564 -0.012578 0.035279 0.10162 -0.011335 -0.0035968 0.67452 0.030363 0.041067 0.056139 0.014335 0.25797 0.089601 0.1466 -0.12544 0.13757 0.086486 0.065056 -0.045734 0.25974 0.016791 0.022888 0.27522 -0.016581 0.30983 -0.016454 0.028757 -0.061117 0.11478 -0.02729 -0.084483 -0.0091318 0.013984 0.038209 0.58717 0.18783 0.021542 0.095113 0.21606 0.17164 0 0.039419 0.14781 0.062469 0.027861 0.27622 0.20395 0.23148 -0.11731 0.10468 0.13121 0.072637 -0.022589 0.44363 0.034433 0.029707 0.39354 0.20017 0.4694 -0.044026 0.072847 -0.026601 0.15767 0.048861 -0.025162 0.057383 0.26365 0.037451 0.71505 0.17296 0.047974 0.1662 0.19566 0.15529
