0,0.329702019691467,0.267433941364288,0.278670698404312,0.0858660563826561,-0.00777726294472814,-0.0888719633221626,0.0594409815967083,0.207427069544792,0.722699046134949,0.408267110586166,0.354378193616867,0.293126285076141,0.112802945077419,0.00231494894251227,-0.0943957269191742,0.0413006022572517,0.261140912771225,-0.150946751236916,0.232248455286026,0.0682313665747643,-0.0279890485107899,0.0244152974337339,-0.0511131547391415,0.0695904344320297,0.144102662801743,0.0951951667666435,0.0277147758752108,0.187803626060486,-0.0031803329475224,-0.152342036366463,-0.104862816631794,0.0136339152231812,0.129168182611465,0.0958539545536041,-0.0610839016735554,0.0184231027960777,0.107171766459942,0.0664980635046959,0.363682061433792,0.0799924582242966,0.184926211833954,0.0916013196110725,0.363636344671249,0.0402523502707481,0.186726182699203,-0.175162449479103,0.354439586400986,-0.101736187934875,-0.0631031095981598,0.0276295728981495,0.227873206138611,-0.0410186611115932,0.273283928632736,0.420172721147537,-0.0244869198650122,0.0348436012864113,-0.0724171251058578,0.37212809920311,0.252834439277649,0.190013900399208,0.00690845213830471,0.321626752614975,-0.0343119986355305,-0.0295377299189568,0.129245012998581,0.0231282245367765,0.142906218767166,0.392352759838104,0.195817962288857,0.29751905798912,0.128430142998695,0.0697797238826752,0.449178457260132,0.183979019522667,0.314079821109772,0.172508165240288,0.592020988464355,0.394957631826401,0.202251210808754,-0.124791882932186,0.531338930130005,-0.00278577604331076,-0.0829313546419144,0.0472421012818813,0.277766138315201
0.329702019691467,0,0.24506214261055,0.267305582761765,0.110792905092239,0.0152256181463599,-0.0776263475418091,0.0709058940410614,0.219772443175316,0.344742655754089,0.483258575201035,0.260007083415985,0.252869963645935,0.0964933410286903,-0.00156920182053,-0.0933668687939644,0.054283045232296,0.207896426320076,-0.104300178587437,0.257497608661652,0.0473759360611439,0.0896517634391785,0.0203619468957186,-0.0467996522784233,0.0692456662654877,0.0486810989677906,0.142443284392357,0.0772213041782379,0.143575683236122,0.12860843539238,-0.0304625555872917,-0.105033323168755,0.0152468103915453,0.179602950811386,0.112023584544659,-0.0663181468844414,0.0103295054286718,0.22614349424839,0.138026535511017,0.331747204065323,0.123384959995747,0.194057926535606,0.158132955431938,0.216735437512398,0.163788735866547,0.132482528686523,-0.109053276479244,0.238124579191208,-0.0484633706510067,-0.0533849149942398,0.162281885743141,0.288008153438568,-0.117205485701561,0.250713557004929,0.0681369751691818,0.0877934023737907,0.0153637323528528,-0.0697892531752586,0.0733902677893639,0.00186545180622488,0.133808761835098,0.0728307068347931,0.131348475813866,0.0873174443840981,-0.0131609374657273,-0.0868108719587326,-0.0127533134073019,0.111382119357586,0.159036010503769,-0.0331932865083218,0.0770987421274185,0.259701579809189,0.0869428291916847,0.313621580600739,0.101865850389004,0.188875511288643,0.148034572601318,0.189288124442101,0.16676752269268,0.0721199959516525,-0.115922540426254,0.227805569767952,-0.0504057854413986,-0.0715300366282463,0.152326032519341,0.262115269899368
0.267433941364288,0.24506214261055,0,0.390171885490417,0.102383241057396,0.0360053591430187,-0.0208487417548895,0.147316187620163,0.141305103898048,0.283683776855469,0.268647313117981,0.57404363155365,0.377467811107635,0.0668967813253403,0.0339065864682198,-0.0298530645668507,0.117284722626209,0.154118746519089,-0.0305301789194345,0.20147892832756,0.119506448507309,0.00274453917518258,0.0129489311948419,-0.0331648960709572,0.039265513420105,0.0510777197778225,0.0851991325616837,0.00446936674416065,0.189891517162323,0.0246849823743105,-0.00389948557130992,-0.0680950805544853,-0.0219424422830343,0.0596858523786068,0.226936891674995,-0.0113297840580344,0.134970039129257,0.0886329784989357,0.0139503702521324,0.20394603908062,0.0825647115707397,0.0908951163291931,0.172987714409828,0.250249475240707,0.201130539178848,0.0662323907017708,-0.0721921995282173,0.188394173979759,-0.0521288998425007,-0.0454669110476971,0.0681165531277657,0.184833288192749,-0.0275916922837496,0.174814626574516,0.116787247359753,-0.0139708733186126,0.0356761142611504,-0.0571478642523289,0.0389251932501793,0.0295872371643782,0.0710437074303627,0.0106204366311431,0.165192812681198,-0.00360878114588559,0.00465615559369326,-0.0702596604824066,-0.0118938367813826,0.0322425924241543,0.198804780840874,-0.0214096680283546,0.139039680361748,0.0990591049194336,-0.00935994274914265,0.202701836824417,0.0915763899683952,0.0843745842576027,0.124158293008804,0.178034320473671,0.164395958185196,0.0154690807685256,-0.0658820569515228,0.182177633047104,-0.0610601864755154,-0.052621029317379,0.0795084163546562,0.173939347267151
0.278670698404312,0.267305582761765,0.390171885490417,0,0.194283187389374,0.0136528545990586,-0.00803638994693756,0.108014591038227,0.139381378889084,0.256065458059311,0.275583565235138,0.373997032642365,0.642788350582123,0.124026358127594,0.00890822429209948,-0.014670355245471,0.0944385454058647,0.146796062588692,-0.0518542751669884,0.295238643884659,-0.0276114419102669,0.0352400802075863,0.0127324732020497,-0.0167921911925077,-0.0804748460650444,0.0174360927194357,0.0113575840368867,0.0258739069104195,0.146527945995331,0.0497856624424458,-0.0269651338458061,-0.152882903814316,-0.018943453207612,0.197510242462158,0.176104485988617,-0.0909347683191299,0.06178317964077,0.126653417944908,0.189431309700012,0.213472723960876,0.280980199575424,0.0417392402887344,0.130805850028992,0.158337727189064,0.165380790829659,0.1202187910676,-0.0244407244026661,0.247739672660828,-0.0683161839842796,-0.0184722766280174,0.126947835087776,0.347909212112427,-0.0176175534725189,0.280547261238098,0.0214250367134809,0.0371793545782566,0.012243908829987,-0.0307230744510889,-0.0368698686361313,-0.0095840347930789,0.0282726362347603,0.0309202130883932,0.154297292232513,0.0315484441816807,-0.0205719359219074,-0.12607741355896,0.0110263861715794,0.158306404948235,0.259933471679688,-0.0606660507619381,0.153416126966476,0.145132526755333,0.123812295496464,0.249992683529854,0.266950607299805,0.0834433287382126,0.133669838309288,0.181824266910553,0.188679292798042,0.0970085114240646,-0.0369309224188328,0.308422088623047,-0.0630692690610886,-0.0552337132394314,0.124096840620041,0.345790684223175
0.0858660563826561,0.110792905092239,0.102383241057396,0.194283187389374,0,-0.00342284492217004,-0.0202456470578909,0.0201153885573149,0.0557605065405369,0.0956482216715813,0.102188020944595,0.11227186024189,0.166689112782478,0.0439409948885441,-0.00282217748463154,-0.0263006296008825,0.0211046505719423,0.0606229715049267,-0.0153858242556453,0.105638787150383,0.000556971819605678,0.00312997354194522,0.0114934733137488,-0.00945190992206335,-0.0172340720891953,0.00367536232806742,-0.00627063075080514,-0.00898678600788116,0.0695888325572014,0.00706049939617515,-0.0276765264570713,-0.0326580740511417,-0.00928353611379862,0.0260326433926821,0.0697132721543312,0.00453348364681005,0.0510601103305817,0.04924276471138,0.0747838318347931,0.0918444246053696,0.0911477208137512,0.011444391682744,0.0562273859977722,0.0705131739377975,0.0661115050315857,0.0171652119606733,0.0073367771692574,0.10861860960722,-0.028522253036499,-0.0207319688051939,0.0610230825841427,0.142234176397324,-0.00742394896224141,0.110345885157585,-0.0151270255446434,-0.00356201990507543,-0.0134883662685752,-0.0301606133580208,-0.0331434085965157,-0.00990318134427071,-0.00302041717804968,-0.00167715852148831,0.062541164457798,-0.00592177780345082,-0.0197664201259613,-0.0433448143303394,-0.0160254742950201,0.0305005293339491,0.0865204855799675,-0.00811361894011497,0.06391491740942,0.0507355071604252,0.0570538677275181,0.0784995704889297,0.0824397876858711,0.00303320353850722,0.0264525804668665,0.0456179045140743,0.0532285161316395,-0.00378728425130248,-0.00852391961961985,0.107153050601482,-0.0390008613467216,-0.0236903447657824,0.0454629734158516,0.129456400871277
-0.00777726294472814,0.0152256181463599,0.0360053591430187,0.0136528545990586,-0.00342284492217004,0,0.162799313664436,0.0226081572473049,0.0860359817743301,0.0564641579985619,0.000335901975631714,0.0266609322279692,0.00469175912439823,-0.0150686027482152,0.43023493885994,0.163427695631981,0.0407869778573513,0.0701063200831413,0.0674564316868782,0.0427483431994915,0.144671872258186,0.102829031646252,0.134451940655708,0.21942637860775,0.24020417034626,0.124044552445412,0.336201310157776,0.126276284456253,0.0878987982869148,0.126909643411636,0.296793520450592,0.207295253872871,0.273401290178299,0.072091244161129,-0.0298885889351368,0.0247922223061323,-0.0199250038713217,0.0891730934381485,0.0901613682508469,0.0971279740333557,0.0551564246416092,0.268563508987427,0.227652221918106,0.00175697728991508,0.175080046057701,0.0815669298171997,0.216613471508026,-0.0693268552422523,0.0575508624315262,0.14970164000988,0.117391407489777,0.0822792202234268,0.0341826938092709,0.02585718780756,0.0107213202863932,0.0811617374420166,0.0891209989786148,0.211306497454643,0.129278913140297,0.088415838778019,0.283836364746094,0.131244614720345,0.0164539534598589,0.115135855972767,0.271942049264908,0.138141691684723,0.232817679643631,0.0683062970638275,-0.110094144940376,-0.0471889972686768,-0.088606208562851,0.0657206848263741,0.095364548265934,0.0394637249410152,0.0489456169307232,0.223505333065987,0.154316231608391,-0.0872777476906776,0.0790753588080406,0.046789713203907,0.184526070952415,-0.105258084833622,0.0541498586535454,0.121741726994514,0.100915417075157,0.0525016114115715
-0.0888719633221626,-0.0776263475418091,-0.0208487417548895,-0.00803638994693756,-0.0202456470578909,0.162799313664436,0,-0.00999247748404741,-0.00907367933541536,-0.0418857038021088,-0.102388106286526,-0.0433587357401848,-0.0279240794479847,-0.0237073432654142,0.169862061738968,0.248743608593941,-0.0113014737144113,-0.0312667451798916,0.151618719100952,-0.0419227443635464,0.0467944145202637,0.0282348655164242,0.0743332281708717,0.175035178661346,0.0651320517063141,0.128425031900406,-0.000686305458657444,0.0683046951889992,0.0170458499342203,0.0384686589241028,0.161654263734818,0.164412677288055,0.0689990743994713,0.0127067696303129,0.0222501717507839,0.0792620256543159,0.0697183161973953,-0.0120630450546741,0.0515966713428497,-0.123160749673843,0.065136194229126,-0.0350362695753574,-0.00099866243544966,-0.125810205936432,0.0575120039284229,0.0278090257197618,0.231347754597664,-0.0635322406888008,0.0458745546638966,0.132892966270447,0.0160673912614584,0.0267160572111607,0.0916873142123222,-0.0513845942914486,-0.0631860494613647,0.0198734346777201,0.0277214460074902,0.153173699975014,-0.0346564538776875,0.0711728408932686,-0.0298056397587061,0.0581201836466789,-0.0234737675637007,0.0349018089473248,0.0862816944718361,0.08577761054039,0.0543892718851566,0.0173989497125149,-0.0584243610501289,-0.0169444438070059,-0.0264442581683397,-0.0315176025032997,0.0542142726480961,-0.138079151511192,0.0646132230758667,-0.0597846172749996,-0.0221035480499268,-0.186299264431,-0.0231116749346256,0.0335554406046867,0.185569748282433,-0.125672712922096,0.0284857340157032,0.10911762714386,0.00221769511699677,-0.00577366631478071
0.0594409815967083,0.0709058940410614,0.147316187620163,0.108014591038227,0.0201153885573149,0.0226081572473049,-0.00999247748404741,0,0.0530011206865311,0.0388714708387852,0.0747837573289871,0.127805173397064,0.104495771229267,0.0154697401449084,0.0350624695420265,0.00259619555436075,0.108772926032543,0.0648913830518723,-0.0351112559437752,0.0906078293919563,-0.0583832934498787,0.0242770332843065,0.000248302705585957,-0.00783923827111721,-0.0420502051711082,-0.0216805040836334,0.0565098524093628,0.0183845721185207,0.0250892415642738,0.012591396458447,0.0681444481015205,-0.0569140128791332,0.024069594219327,0.0471133887767792,-0.0250867530703545,-0.082834504544735,-0.0745815113186836,0.0480616390705109,0.0220981985330582,0.0710089802742004,0.0147095276042819,0.0469290278851986,0.120816364884377,0.000322028994560242,0.0126791540533304,0.0101040489971638,0.00423553586006165,-0.000430680316640064,-0.00367665966041386,0.00128210824914277,0.0430457442998886,0.0872519016265869,-0.0214011240750551,0.0738469734787941,-0.0400624237954617,0.026254391297698,-0.00295877712778747,0.00125142396427691,-0.0195704624056816,0.00513589568436146,0.0693973675370216,0.0329859182238579,0.0325218476355076,0.00515871122479439,0.0656297504901886,-0.0383010171353817,0.0108419023454189,0.0455628111958504,0.00219638040289283,-0.0857027545571327,-0.0125217698514462,0.05507742613554,0.0142782125622034,0.0788126215338707,0.03504753485322,0.0602890178561211,0.100727967917919,0.0197295118123293,0.0349168069660664,0.00989879388362169,0.0139247290790081,0.0562223643064499,-0.0155775425955653,0.00324425636790693,0.0561076998710632,0.0897958874702454
0.207427069544792,0.219772443175316,0.141305103898048,0.139381378889084,0.0557605065405369,0.0860359817743301,-0.00907367933541536,0.0530011206865311,0,0.218842878937721,0.226254001259804,0.129522949457169,0.134544715285301,0.0463316366076469,0.0716646239161491,-0.0213625431060791,0.0519166849553585,0.196215569972992,-0.0460473485291004,0.162588581442833,0.00799459125846624,0.06676135212183,0.01780154556036,0.00557466223835945,0.0338049568235874,0.0107870772480965,0.127024784684181,0.0212829783558846,0.0774069055914879,0.0948036909103394,0.0206109527498484,-0.0513118095695972,0.0654675662517548,0.123465746641159,0.0378249622881413,-0.059722650796175,-0.0133093241602182,0.167564362287521,0.0979338213801384,0.190901800990105,0.0751940682530403,0.152348652482033,0.134494870901108,0.102863647043705,0.0779329240322113,0.0590179860591888,-0.00170854502357543,0.115821741521358,-0.0290728714317083,-0.0193563066422939,0.119981840252876,0.182117223739624,-0.0343194454908371,0.1700768917799,0.0460707657039165,0.0604049153625965,0.0293629821389914,-0.0101965544745326,0.0626839175820351,0.0203119032084942,0.145571202039719,0.0165250264108181,0.091107152402401,0.0838755518198013,0.058970008045435,-0.0105149988085032,0.0351794213056564,0.0770171135663986,0.0868423953652382,-0.0322036854922771,0.0399732701480389,0.174643486738205,0.0755303427577019,0.185401201248169,0.0698812305927277,0.174598082900047,0.13702555000782,0.108555421233177,0.125564873218536,0.0274252817034721,-0.000858889659866691,0.152110531926155,-0.0359044931828976,-0.00437101814895868,0.121497839689255,0.173405557870865
0.722699046134949,0.344742655754089,0.283683776855469,0.256065458059311,0.0956482216715813,0.0564641579985619,-0.0418857038021088,0.0388714708387852,0.218842878937721,0,0.317167222499847,0.278812974691391,0.216359838843346,0.0982537940144539,0.050702515989542,-0.0523159690201283,0.0330503322184086,0.228222101926804,-0.0687496140599251,0.227655008435249,0.263112753629684,-0.000623532745521516,0.0493798889219761,-0.0758669078350067,0.222941860556602,0.235325425863266,0.145893111824989,-0.0606488958001137,0.202524572610855,0.00590671971440315,-0.0190860293805599,0.0576048940420151,0.0430040434002876,0.197975248098373,0.228268280625343,0.0969956740736961,0.188837602734566,0.117276325821877,0.264378696680069,0.311030894517899,0.275904268026352,0.236955463886261,0.0827040448784828,0.457049667835236,0.278101593255997,0.257488131523132,-0.13138635456562,0.397559612989426,-0.0203416626900434,-0.00411184132099152,0.0306784696877003,0.226804733276367,-0.148454248905182,0.16857174038887,0.136048123240471,-0.00965933129191399,0.028037253767252,-0.0870609059929848,0.12858834862709,0.132639065384865,0.101138561964035,-0.0281642526388168,0.10308013856411,-0.000801114190835506,-0.0210194140672684,0.0109546454623342,0.027563625946641,0.134528040885925,0.14635942876339,0.0380303487181664,0.0518581755459309,0.136300712823868,0.153510808944702,0.263946354389191,0.170827925205231,0.152701288461685,0.0521400049328804,0.239353731274605,0.0978273823857307,0.100010417401791,-0.109831154346466,0.332541108131409,-0.03978381305933,-0.0564017258584499,0.0513948239386082,0.190867468714714
0.408267110586166,0.483258575201035,0.268647313117981,0.275583565235138,0.102188020944595,0.000335901975631714,-0.102388106286526,0.0747837573289871,0.226254001259804,0.317167222499847,0,0.320573598146439,0.302825748920441,0.110532745718956,-0.00817150715738535,-0.10749888420105,0.0935674756765366,0.249654695391655,-0.186027839779854,0.287796825170517,-0.0126223750412464,0.0726909786462784,0.0164285432547331,-0.0625467374920845,0.0191925372928381,-0.0130282919853926,0.144803419709206,0.0649000629782677,0.126041099429131,0.111520186066628,-0.0602082423865795,-0.184263706207275,0.0139856757596135,0.130266666412354,0.0328235737979412,-0.142787620425224,-0.0591688081622124,0.231917560100555,0.0603562258183956,0.343990683555603,0.0728323459625244,0.195619970560074,0.185802787542343,0.196814969182014,0.0796538069844246,0.0985356196761131,-0.16231332719326,0.222062855958939,-0.0865463539958,-0.0745513886213303,0.162138044834137,0.280631691217422,-0.139479994773865,0.29881089925766,0.154310330748558,0.0817774683237076,0.00610079569742084,-0.0910413190722466,0.155854597687721,0.00325934356078506,0.19678321480751,0.041853491216898,0.187483802437782,0.0731655582785606,-0.00599238183349371,-0.061665128916502,0.00866298284381628,0.138988733291626,0.240461751818657,-0.00624693976715207,0.151328533887863,0.271526545286179,0.0434177219867706,0.396561771631241,0.114122249186039,0.265758454799652,0.201612547039986,0.308054953813553,0.265203833580017,0.0781883522868156,-0.134938269853592,0.315217435359955,-0.0384461618959904,-0.100703053176403,0.166812613606453,0.302153617143631
0.354378193616867,0.260007083415985,0.57404363155365,0.373997032642365,0.11227186024189,0.0266609322279692,-0.0433587357401848,0.127805173397064,0.129522949457169,0.278812974691391,0.320573598146439,0,0.403195679187775,0.0843214690685272,0.0288624316453934,-0.0298725496977568,0.144586622714996,0.153513208031654,-0.0712585896253586,0.206928759813309,0.0666927024722099,-0.0256018191576004,-0.00589903956279159,-0.0506348870694637,0.0074915993027389,0.0334998033940792,0.0843260437250137,0.0165006071329117,0.185129716992378,0.00291138049215078,-0.0437808558344841,-0.128130197525024,-0.0271227993071079,0.0433646328747272,0.193304687738419,-0.0476260185241699,0.110442720353603,0.0864487290382385,0.01002087444067,0.22446982562542,0.0654048025608063,0.0693935304880142,0.172896012663841,0.226377338171005,0.121877402067184,0.0812316313385963,-0.0970922783017159,0.18528039753437,-0.0821019932627678,-0.0651247128844261,0.062854029238224,0.192039489746094,-0.0251150354743004,0.23546414077282,0.187912613153458,-0.0503121465444565,0.0225513577461243,-0.0696503520011902,0.0915462970733643,0.0628465041518211,0.0902880653738976,-0.00160593492910266,0.235927194356918,-0.0253555290400982,0.00321691948920488,-0.0427881740033627,0.00931090023368597,0.0457818694412708,0.280367970466614,0.0503761470317841,0.228317931294441,0.09703079611063,-0.0402968265116215,0.268562018871307,0.0847659260034561,0.123943142592907,0.18384662270546,0.282824337482452,0.234191596508026,0.0384846366941929,-0.0860120505094528,0.245087072253227,-0.0529320016503334,-0.0524311885237694,0.0573904700577259,0.215864077210426
0.293126285076141,0.252869963645935,0.377467811107635,0.642788350582123,0.166689112782478,0.00469175912439823,-0.0279240794479847,0.104495771229267,0.134544715285301,0.216359838843346,0.302825748920441,0.403195679187775,0,0.144537925720215,0.0105264531448483,-0.00629892060533166,0.115253709256649,0.156767070293427,-0.0558769330382347,0.270217031240463,-0.0335403494536877,0.0339670144021511,0.0161781087517738,-0.0209038220345974,-0.0839003100991249,0.00390391214750707,-0.0002371477894485,0.0505711436271667,0.134067818522453,0.04547019302845,-0.0638451278209686,-0.161273017525673,-0.0195563323795795,0.166557133197784,0.146164685487747,-0.105989031493664,0.0476687289774418,0.126200661063194,0.115403011441231,0.222473621368408,0.217747211456299,0.027080412954092,0.115421541035175,0.135168477892876,0.125194057822227,0.106037005782127,-0.0472502484917641,0.226125702261925,-0.0845589861273766,-0.0454256273806095,0.11923860013485,0.317126452922821,0.00730524631217122,0.287606745958328,0.0349487736821175,0.0280112326145172,0.0154501050710678,-0.0182884894311428,-0.0254152417182922,0.0329698398709297,0.0171087719500065,0.0465042293071747,0.189581647515297,0.0274803172796965,-0.0333107486367226,-0.111230254173279,-6.76196068525314e-05,0.157937541604042,0.289941012859344,-0.0414273291826248,0.189067676663399,0.145572006702423,0.1170664280653,0.255656003952026,0.288287043571472,0.0833199098706245,0.132618263363838,0.203997522592545,0.200103551149368,0.100260458886623,-0.00716648297384381,0.323218286037445,-0.0847000107169151,-0.0477578863501549,0.123980313539505,0.375484883785248
0.112802945077419,0.0964933410286903,0.0668967813253403,0.124026358127594,0.0439409948885441,-0.0150686027482152,-0.0237073432654142,0.0154697401449084,0.0463316366076469,0.0982537940144539,0.110532745718956,0.0843214690685272,0.144537925720215,0,-0.00800478644669056,-0.0267382524907589,0.00604277802631259,0.0931287035346031,-0.0240726638585329,0.13271227478981,-0.040005337446928,0.0159058589488268,0.010797836817801,-0.0185385271906853,-0.0257217288017273,-0.0179668199270964,0.0138254063203931,-0.00982402171939611,0.0321078598499298,0.0178301930427551,-0.0295682121068239,-0.0562379062175751,0.0012070833472535,0.061701912432909,0.0255578495562077,-0.0434254631400108,-0.00841236114501953,0.0582371056079865,0.0633636116981506,0.0882018432021141,0.068262554705143,0.0395367592573166,0.0576827153563499,0.0440549477934837,0.0521226562559605,0.0190204977989197,-0.0165120773017406,0.0820410326123238,-0.0396094880998135,-0.0109519436955452,0.0728343650698662,0.122544191777706,-0.0159252416342497,0.106316983699799,0.00505356024950743,0.0161039736121893,0.00405434658750892,-0.0204441640526056,-0.000489723344799131,-0.00918449088931084,0.0284727793186903,-0.0104844495654106,0.0316341817378998,0.0199923012405634,-0.00761667406186461,-0.0286708306521177,-0.00380424433387816,0.0709482878446579,0.0801560804247856,-0.0327353775501251,0.0594558864831924,0.0722804665565491,0.0684081092476845,0.0916928499937057,0.0889234021306038,0.0506860129535198,0.0715597867965698,0.0673848986625671,0.0949991345405579,0.00807018857449293,-0.0131496852263808,0.120351403951645,-0.02609733492136,-0.0247712396085262,0.0639150738716125,0.135540813207626
0.00231494894251227,-0.00156920182053,0.0339065864682198,0.00890822429209948,-0.00282217748463154,0.43023493885994,0.169862061738968,0.0350624695420265,0.0716646239161491,0.050702515989542,-0.00817150715738535,0.0288624316453934,0.0105264531448483,-0.00800478644669056,0,0.209482908248901,0.0407052785158157,0.0690541714429855,0.0527037940919399,0.0391539111733437,0.132479548454285,0.0880613997578621,0.1080621778965,0.229113906621933,0.223999589681625,0.128618106245995,0.319499880075455,0.12423087656498,0.0937460735440254,0.105089604854584,0.303390830755234,0.1770089417696,0.27140399813652,0.0704547837376595,-0.0340539291501045,-0.00655412627384067,-0.0409254319965839,0.0711935460567474,0.0759110897779465,0.0829845741391182,0.0560422614216805,0.254050821065903,0.238512620329857,-0.0166788604110479,0.160943672060966,0.0741815119981766,0.214430421590805,-0.0827201530337334,0.046273697167635,0.131981804966927,0.0985217466950417,0.0830740034580231,0.0417253635823727,0.0423921793699265,0.0591449066996574,0.07657091319561,0.102084666490555,0.224767088890076,0.160096943378448,0.131890162825584,0.297914415597916,0.111220568418503,0.0613159313797951,0.0990087389945984,0.266753375530243,0.160617530345917,0.273851603269577,0.0612346716225147,-0.07805385440588,-0.0406446754932404,-0.0651737153530121,0.059873603284359,0.102540902793407,0.0660323202610016,0.0492838136851788,0.244021579623222,0.175364479422569,-0.0602538697421551,0.105667889118195,0.0662898421287537,0.205909937620163,-0.0806336104869843,0.0360513366758823,0.140875414013863,0.101651310920715,0.0796933695673943
-0.0943957269191742,-0.0933668687939644,-0.0298530645668507,-0.014670355245471,-0.0263006296008825,0.163427695631981,0.248743608593941,0.00259619555436075,-0.0213625431060791,-0.0523159690201283,-0.10749888420105,-0.0298725496977568,-0.00629892060533166,-0.0267382524907589,0.209482908248901,0,0.0146670378744602,-0.00530925253406167,0.115342825651169,-0.0346844419836998,0.041280884295702,0.0273130405694246,0.071606382727623,0.165856823325157,0.0430710725486279,0.116575181484222,-0.00742579763755202,0.0249045621603727,0.0182376727461815,0.0328471995890141,0.133631601929665,0.124891720712185,0.0923805087804794,0.0151866693049669,0.00712401838973165,0.0450122989714146,0.0482027344405651,-0.0473705604672432,0.0373913310468197,-0.107407130300999,0.0661826729774475,-0.0292003639042377,0.00625094445422292,-0.108564667403698,0.0419504903256893,0.0299967247992754,0.20110148191452,-0.0672062039375305,0.0428680293262005,0.106830142438412,0.0146613167598844,0.0267629101872444,0.10393925756216,-0.0365817993879318,-0.0238251816481352,0.0171573162078857,0.0403051599860191,0.175574436783791,-0.00930018909275532,0.115609996020794,-0.0263552106916904,0.0213956441730261,0.00100483337882906,0.0283205676823854,0.0975663661956787,0.0904067531228065,0.0977393835783005,0.0192756727337837,-0.0189084690064192,-0.00650176545605063,0.0135933374986053,-0.0575514063239098,0.0541647188365459,-0.125574946403503,0.0711535960435867,-0.0492052286863327,-0.0255087725818157,-0.141921371221542,-0.00998035166412592,0.0388485379517078,0.208424508571625,-0.0870971158146858,0.0267384350299835,0.132317110896111,0.00505219493061304,0.0237182900309563
0.0413006022572517,0.054283045232296,0.117284722626209,0.0944385454058647,0.0211046505719423,0.0407869778573513,-0.0113014737144113,0.108772926032543,0.0519166849553585,0.0330503322184086,0.0935674756765366,0.144586622714996,0.115253709256649,0.00604277802631259,0.0407052785158157,0.0146670378744602,0,0.0677605718374252,-0.0231414828449488,0.0897032544016838,-0.0472234040498734,0.0302299000322819,0.0170947145670652,-0.0033936882391572,-0.0151965944096446,-0.0339807569980621,0.0801717564463615,0.0318085551261902,0.0172618087381124,0.0329697914421558,0.0570799075067043,-0.0656497702002525,0.0108717121183872,0.031258225440979,-0.0201937463134527,-0.0789969637989998,-0.0612550303339958,0.047739751636982,0.00548092322424054,0.0668559893965721,-0.0049831266514957,0.0747534185647964,0.124456964433193,-0.0111140199005604,0.0203927755355835,0.00406087189912796,0.0128965554758906,-0.0273792147636414,-0.0138361789286137,-0.0136444540694356,0.0410850793123245,0.0618840530514717,-0.0115795899182558,0.0764159262180328,-0.0345689691603184,0.0307778008282185,0.0090605765581131,0.0188457258045673,-0.0167381260544062,-0.0127689763903618,0.0703343525528908,0.0268729981034994,0.0256100166589022,0.0227555297315121,0.0492504946887493,-0.0338715985417366,0.0237057600170374,0.0358784683048725,-0.0095910495147109,-0.10125407576561,-0.0233042128384113,0.0507537573575974,-0.00380751513876021,0.0726240649819374,0.000834721431601793,0.0757716372609138,0.114829353988171,0.0185382850468159,0.0198269430547953,0.00458522047847509,0.0227077156305313,0.0184607654809952,-0.0167262032628059,-0.00279800058342516,0.046978410333395,0.0704477354884148
0.261140912771225,0.207896426320076,0.154118746519089,0.146796062588692,0.0606229715049267,0.0701063200831413,-0.0312667451798916,0.0648913830518723,0.196215569972992,0.228222101926804,0.249654695391655,0.153513208031654,0.156767070293427,0.0931287035346031,0.0690541714429855,-0.00530925253406167,0.0677605718374252,0,-0.0593107528984547,0.164641141891479,0.0370007455348969,0.0532849580049515,0.0416636057198048,0.0138296894729137,0.0614419877529144,0.0332459770143032,0.119292363524437,0.0246664714068174,0.0909200087189674,0.0910202860832214,0.0157513860613108,-0.0247728675603867,0.0704896003007889,0.0981405302882195,0.0278775561600924,-0.0512325838208199,-0.00534440157935023,0.161832019686699,0.0821941569447517,0.185624152421951,0.0680747628211975,0.155996903777122,0.132793620228767,0.116871580481529,0.0823205336928368,0.0655146017670631,0.0117845572531223,0.136893138289452,-0.0347430817782879,0.0277612041682005,0.163647428154945,0.191189542412758,-0.00746861752122641,0.180595561861992,0.104172110557556,0.0641320273280144,0.0266505107283592,0.013879707083106,0.112133145332336,0.0431998297572136,0.148076131939888,0.0275859460234642,0.116331249475479,0.0810780003666878,0.0644313991069794,0.0225088149309158,0.0577757768332958,0.116084761917591,0.119513735175133,0.0140359420329332,0.0852522850036621,0.179358318448067,0.0767621025443077,0.201966762542725,0.0890172943472862,0.192614898085594,0.140058532357216,0.152461111545563,0.165998592972755,0.0600531660020351,0.0236506946384907,0.175452381372452,0.00206354144029319,0.00296252290718257,0.134391903877258,0.214599281549454
-0.150946751236916,-0.104300178587437,-0.0305301789194345,-0.0518542751669884,-0.0153858242556453,0.0674564316868782,0.151618719100952,-0.0351112559437752,-0.0460473485291004,-0.0687496140599251,-0.186027839779854,-0.0712585896253586,-0.0558769330382347,-0.0240726638585329,0.0527037940919399,0.115342825651169,-0.0231414828449488,-0.0593107528984547,0,-0.0410501845180988,0.232263088226318,0.0419470779597759,0.0440045110881329,0.255180597305298,0.198807865381241,0.267464369535446,-0.164755612611771,0.0845120847225189,0.0781875625252724,0.0715307742357254,0.0130290165543556,0.564241766929626,0.00283749517984688,-0.013009786605835,0.499647080898285,0.233041495084763,0.548954963684082,-0.03049511089921,0.0668515488505363,-0.0968119129538536,0.167639434337616,-0.0652607083320618,-0.137536182999611,0.014677956700325,0.195398077368736,0.0847748443484306,0.724888682365417,0.250567972660065,0.113995492458344,0.159739315509796,0.168753266334534,0.122829481959343,0.652613043785095,-0.0473929159343243,0.042530108243227,0.0246395766735077,0.0218121651560068,0.214200183749199,0.0242587514221668,0.189047679305077,-0.202647566795349,0.0883801802992821,0.0123784439638257,0.0625655204057693,-0.0612675063312054,0.320352345705032,0.0231071300804615,0.00180103059392422,0.226757049560547,0.158482998609543,0.262300103902817,-0.0663500279188156,0.106198228895664,-0.166695430874825,0.125826075673103,-0.138540506362915,-0.119806624948978,-0.0979659929871559,0.0294077396392822,0.0575249940156937,0.609598398208618,0.0488387495279312,0.0559646338224411,0.164860546588898,0.169679075479507,0.0897350162267685
0.232248455286026,0.257497608661652,0.20147892832756,0.295238643884659,0.105638787150383,0.0427483431994915,-0.0419227443635464,0.0906078293919563,0.162588581442833,0.227655008435249,0.287796825170517,0.206928759813309,0.270217031240463,0.13271227478981,0.0391539111733437,-0.0346844419836998,0.0897032544016838,0.164641141891479,-0.0410501845180988,0,-0.116214819252491,0.180863276124001,0.0520437061786652,0.0282464101910591,-0.108254387974739,-0.0144915403798223,0.0130336545407772,0.0412465333938599,0.206396639347076,0.201634809374809,-0.0920776501297951,-0.271326899528503,0.0101279085502028,0.399975210428238,0.199281692504883,-0.221015885472298,0.00815989635884762,0.293286353349686,0.332470387220383,0.416404575109482,0.40318888425827,0.099109098315239,0.278197824954987,0.258403658866882,0.319722950458527,0.276549339294434,0.048840556293726,0.371926695108414,-0.129223555326462,-0.0432304255664349,0.286166071891785,0.563539862632751,0.0191609710454941,0.584902405738831,-0.098251037299633,0.192790225148201,0.0103612616658211,0.0151290586218238,-0.100211933255196,0.0124425459653139,0.0621583610773087,0.0472835898399353,0.185106709599495,0.174212649464607,-0.0401756204664707,-0.237565875053406,0.0304775033146143,0.377004504203796,0.304408460855484,-0.239217340946198,0.123190514743328,0.294150799512863,0.286665320396423,0.441725850105286,0.403426378965378,0.16972079873085,0.275213032960892,0.249061360955238,0.298331290483475,0.230289399623871,0.0513943284749985,0.471384197473526,-0.157443970441818,-0.0810694098472595,0.240040764212608,0.556666731834412
0.0682313665747643,0.0473759360611439,0.119506448507309,-0.0276114419102669,0.000556971819605678,0.144671872258186,0.0467944145202637,-0.0583832934498787,0.00799459125846624,0.263112753629684,-0.0126223750412464,0.0666927024722099,-0.0335403494536877,-0.040005337446928,0.132479548454285,0.041280884295702,-0.0472234040498734,0.0370007455348969,0.232263088226318,-0.116214819252491,0,-0.141081154346466,0.0668696984648705,0.181746706366539,0.724513649940491,0.562331318855286,0.19802363216877,-0.0635633319616318,0.275789111852646,-0.0895314812660217,0.110657170414925,0.486099570989609,0.161875665187836,-0.0838572829961777,0.549205780029297,0.470141500234604,0.541064918041229,-0.124582916498184,-0.01454449724406,0.109820418059826,0.118696913123131,0.318439513444901,-0.0453393310308456,0.703481674194336,0.415266335010529,0.390003085136414,0.0577890984714031,0.467714309692383,0.0284196138381958,0.00843777507543564,-0.0165391508489847,-0.0456209853291512,0.0369342118501663,-0.117947652935982,0.655383706092834,-0.192813709378242,0.0613460838794708,0.105876170098782,0.534648835659027,0.306540757417679,0.0649819746613503,-0.0214076936244965,0.0939046069979668,-0.0846232697367668,0.0536296851933002,0.317483842372894,0.117859311401844,-0.0743882060050964,0.253312885761261,0.371128410100937,0.201168179512024,-0.12804451584816,-0.00461308006197214,-0.0106410253793001,0.0443014949560165,0.160718590021133,-0.118448249995708,0.284002006053925,0.0975123271346092,0.171110764145851,0.0432925820350647,0.0896631628274918,0.0762870311737061,0.0215217806398869,-0.00571573944762349,-0.102182067930698
-0.0279890485107899,0.0896517634391785,0.00274453917518258,0.0352400802075863,0.00312997354194522,0.102829031646252,0.0282348655164242,0.0242770332843065,0.06676135212183,-0.000623532745521516,0.0726909786462784,-0.0256018191576004,0.0339670144021511,0.0159058589488268,0.0880613997578621,0.0273130405694246,0.0302299000322819,0.0532849580049515,0.0419470779597759,0.180863276124001,-0.141081154346466,0,0.0206553936004639,0.326983988285065,0.0524669624865055,-0.134440004825592,0.130904674530029,0.263990461826324,0.0414185598492622,0.914890766143799,0.0127906054258347,-0.146470233798027,0.153937205672264,0.367663443088531,-0.0638608559966087,-0.180505305528641,-0.13284395635128,0.873861014842987,0.31983557343483,0.0938776209950447,0.301161170005798,0.287064731121063,0.0777870565652847,-0.0190694350749254,0.0886668488383293,0.633853614330292,0.194239109754562,0.0343176051974297,-0.0316150672733784,0.0160650871694088,0.213058590888977,0.246705889701843,0.0839786157011986,0.167777419090271,-0.232193291187286,0.971837997436523,0.00670423451811075,0.369088172912598,-0.0580353811383247,-0.078614130616188,0.162197753787041,0.32502818107605,-0.00660957721993327,0.904300391674042,-0.00919448956847191,-0.182933866977692,0.162166118621826,0.344334363937378,-0.0854240357875824,-0.248238980770111,-0.138879746198654,0.834593713283539,0.367410212755203,0.0886717885732651,0.317851990461349,0.318513721227646,0.0891230031847954,-0.074901670217514,0.0105039244517684,0.581895649433136,0.176804974675179,0.0774331837892532,-0.0713064521551132,0.0165199134498835,0.180335387587547,0.225025534629822
0.0244152974337339,0.0203619468957186,0.0129489311948419,0.0127324732020497,0.0114934733137488,0.134451940655708,0.0743332281708717,0.000248302705585957,0.01780154556036,0.0493798889219761,0.0164285432547331,-0.00589903956279159,0.0161781087517738,0.010797836817801,0.1080621778965,0.071606382727623,0.0170947145670652,0.0416636057198048,0.0440045110881329,0.0520437061786652,0.0668696984648705,0.0206553936004639,0,0.159633487462997,0.110353447496891,0.140978008508682,0.0589784607291222,0.0364459939301014,0.0965519919991493,0.0445335805416107,0.0915326625108719,0.106536082923412,0.0976711958646774,0.0328830555081367,0.0659618079662323,0.0404226817190647,0.0690138190984726,0.0276237074285746,0.0485379323363304,0.0429714880883694,0.0574934259057045,0.046108603477478,0.0592406839132309,0.0438371002674103,0.0707313790917397,0.0896050855517387,0.109014965593815,0.0638761520385742,0.0311353243887424,0.104180783033371,0.0510613508522511,0.102147243916988,0.0197891518473625,0.0244606453925371,0.0374160930514336,0.00974113214761019,0.0542335547506809,0.131181672215462,0.0754894465208054,0.113297179341316,0.0588464215397835,0.028943819925189,0.0600838735699654,0.0430505536496639,0.0838877409696579,0.0744512751698494,0.0834332332015038,0.0103109572082758,0.0548397228121758,0.0154163707047701,0.0434992425143719,0.0187265891581774,0.0378737151622772,0.0351006239652634,0.0499408319592476,0.0603243373334408,0.0330673418939114,-0.00400995323434472,0.0488761514425278,0.0761909037828445,0.0802665501832962,0.0381145663559437,0.018511051312089,0.0511953644454479,0.0307230707257986,0.0912075936794281
-0.0511131547391415,-0.0467996522784233,-0.0331648960709572,-0.0167921911925077,-0.00945190992206335,0.21942637860775,0.175035178661346,-0.00783923827111721,0.00557466223835945,-0.0758669078350067,-0.0625467374920845,-0.0506348870694637,-0.0209038220345974,-0.0185385271906853,0.229113906621933,0.165856823325157,-0.0033936882391572,0.0138296894729137,0.255180597305298,0.0282464101910591,0.181746706366539,0.326983988285065,0.159633487462997,0,0.31774839758873,0.35065284371376,0.075444370508194,0.541612267494202,0.106898114085197,0.513073742389679,0.170235618948936,0.200112730264664,0.32778412103653,0.105008907616138,0.134713932871819,0.0458784811198711,0.0998271852731705,0.287732005119324,0.100238136947155,-0.0445859581232071,0.149790346622467,0.106284469366074,0.0446893349289894,-0.0097737330943346,0.099753238260746,0.500387609004974,0.34074655175209,0.0180448833853006,0.0654242932796478,0.14867727458477,0.123995579779148,0.145387887954712,0.241189867258072,0.0482383221387863,0.0573653094470501,0.297703415155411,0.107169412076473,0.804017245769501,0.196352392435074,0.348269402980804,0.0775604248046875,0.501685619354248,0.0804667919874191,0.509771645069122,0.133238270878792,0.190623819828033,0.343879878520966,0.117261283099651,0.120687864720821,-0.0186136569827795,0.139660432934761,0.212204948067665,0.151756882667542,-0.0333151258528233,0.186411082744598,0.151081740856171,0.0419564135372639,-0.0623109824955463,0.0645988062024117,0.500251054763794,0.275845110416412,0.00674261944368482,0.0437320657074451,0.135781928896904,0.0965557023882866,0.108363874256611
