0 0.33019 0.26712 0.28 0.086614 -0.0091304 -0.090438 0.059369 0.20695 0.7208 0.41019 0.35673 0.29492 0.11325 0.00075798 -0.095415 0.041015 0.26279 -0.15057 0.23346 0.06616 -0.021741 0.022574 -0.055956 0.062848 0.13764 0.088973 0.02638 0.18714 -9.2275e-05 -0.15835 -0.1146 0.01149 0.12955 0.091452 -0.064577 0.01523 0.11256 0.068764 0.36151 0.082918 0.18181 0.08931 0.36217 0.032675 0.18419 -0.17698 0.35175 -0.10455 -0.063418 0.031743 0.22775 -0.034733 0.27507 0.41647 -0.018195 0.034302 -0.077934 0.36864 0.24978 0.18625 0.0040365 0.31997 -0.032381 -0.033797 0.12286 0.022287 0.14426 0.39052 0.19388 0.29575 0.1328 0.072056 0.44811 0.18819 0.31245 0.17092 0.59178 0.38966 0.19705 -0.12387 0.53003 -0.0088583 -0.0844 0.048774 0.27902
0.33019 0 0.24687 0.26889 0.11238 0.014681 -0.07875 0.072139 0.22162 0.34751 0.48983 0.26295 0.25421 0.097717 -0.0023016 -0.095676 0.055328 0.21065 -0.10689 0.25664 0.045361 0.093393 0.018898 -0.052276 0.063815 0.043175 0.14127 0.078853 0.14222 0.13158 -0.033297 -0.10959 0.013293 0.17854 0.10793 -0.068389 0.0075481 0.23109 0.13744 0.33148 0.11956 0.19203 0.15753 0.21243 0.15966 0.12745 -0.11249 0.23044 -0.049385 -0.055123 0.16535 0.28539 -0.11872 0.25044 0.064112 0.091853 0.015214 -0.074731 0.067825 -0.0039232 0.13369 0.071319 0.12893 0.088672 -0.014887 -0.091318 -0.014929 0.11135 0.15355 -0.033514 0.072244 0.26506 0.085673 0.31193 0.098165 0.18612 0.14813 0.18574 0.16242 0.065534 -0.12011 0.22127 -0.05333 -0.07412 0.15356 0.2599
0.26712 0.24687 0 0.39509 0.10564 0.035349 -0.020026 0.14857 0.14286 0.28667 0.27113 0.58087 0.38191 0.067467 0.032266 -0.030533 0.11864 0.15394 -0.031174 0.20125 0.11887 0.0054559 0.01139 -0.037352 0.032936 0.049066 0.082667 0.0076908 0.19169 0.026127 -0.0083891 -0.071865 -0.025414 0.053507 0.22586 -0.012818 0.13534 0.092862 0.0095048 0.20153 0.079126 0.085858 0.17154 0.24842 0.19444 0.060675 -0.073236 0.18308 -0.053419 -0.047655 0.069927 0.18336 -0.028741 0.17444 0.11249 -0.010759 0.034334 -0.061244 0.031207 0.025562 0.068198 0.011116 0.16341 -0.0040431 0.0015243 -0.075999 -0.015784 0.028075 0.19633 -0.02284 0.13669 0.10269 -0.012865 0.19977 0.087379 0.07836 0.12333 0.17436 0.1553 0.0081555 -0.068534 0.17734 -0.063608 -0.054487 0.080652 0.17375
0.28 0.26889 0.39509 0 0.1983 0.012039 -0.0078567 0.11043 0.14013 0.25944 0.27823 0.37874 0.64687 0.1248 0.0085195 -0.014314 0.096565 0.14836 -0.052077 0.29539 -0.03035 0.036059 0.010714 -0.021123 -0.087621 0.013917 0.0084865 0.025082 0.14768 0.048621 -0.029765 -0.15789 -0.020441 0.19613 0.17396 -0.092422 0.062184 0.12752 0.18385 0.21203 0.27506 0.037998 0.12962 0.15568 0.15973 0.11602 -0.027556 0.24453 -0.07087 -0.019824 0.12678 0.34574 -0.017681 0.27991 0.017672 0.037873 0.011306 -0.03622 -0.042749 -0.013439 0.026055 0.027699 0.15314 0.029137 -0.02263 -0.13066 0.0086078 0.15706 0.25702 -0.059669 0.15227 0.14579 0.11851 0.24846 0.2623 0.079887 0.13503 0.17858 0.18243 0.089595 -0.040644 0.30411 -0.066959 -0.057694 0.12396 0.34574
0.086614 0.11238 0.10564 0.1983 0 -0.0038315 -0.021133 0.021195 0.056413 0.0973 0.10353 0.11546 0.1712 0.044842 -0.003676 -0.027667 0.023276 0.06216 -0.015314 0.10643 0.0010428 0.0037468 0.010186 -0.011537 -0.017394 0.0040553 -0.0064032 -0.0091805 0.071202 0.0077189 -0.027744 -0.034071 -0.0093731 0.024319 0.070908 0.0048798 0.052753 0.051613 0.071671 0.091182 0.088425 0.010747 0.056518 0.072049 0.065521 0.014904 0.0054244 0.10784 -0.028778 -0.02064 0.062184 0.1423 -0.0083884 0.11111 -0.01565 -0.0028475 -0.013418 -0.032728 -0.034187 -0.011727 -0.0029262 -0.0028023 0.063911 -0.0062125 -0.020416 -0.044712 -0.017884 0.029335 0.085559 -0.0072071 0.064472 0.053743 0.053978 0.077847 0.078861 0.0016152 0.027935 0.045203 0.051196 -0.0075472 -0.011022 0.10472 -0.040981 -0.025418 0.045671 0.13026
-0.0091304 0.014681 0.035349 0.012039 -0.0038315 0 0.16466 0.022369 0.086996 0.056002 -0.0017166 0.024034 0.0030058 -0.016686 0.43499 0.16708 0.039551 0.069845 0.067001 0.043944 0.1474 0.10073 0.13413 0.22042 0.24459 0.12616 0.34076 0.12458 0.08758 0.1257 0.29737 0.20688 0.27452 0.071909 -0.031377 0.023118 -0.021195 0.088284 0.089771 0.098798 0.056141 0.27203 0.2279 -6.9318e-05 0.17582 0.082336 0.21779 -0.069371 0.056237 0.1498 0.11839 0.08286 0.032824 0.027035 0.012639 0.078259 0.088797 0.21192 0.12835 0.089353 0.28733 0.12945 0.017301 0.11407 0.27295 0.13722 0.23417 0.067716 -0.11028 -0.048402 -0.089129 0.064016 0.095729 0.039479 0.050464 0.22562 0.15506 -0.087141 0.079138 0.046391 0.18562 -0.10269 0.05133 0.12118 0.10102 0.052176
-0.090438 -0.07875 -0.020026 -0.0078567 -0.021133 0.16466 0 -0.0094812 -0.0076453 -0.042326 -0.10419 -0.044509 -0.027444 -0.024154 0.17192 0.25135 -0.010907 -0.031758 0.15226 -0.039163 0.046172 0.026686 0.073465 0.17808 0.067471 0.13054 0.0020092 0.064794 0.014968 0.037251 0.1646 0.16571 0.069407 0.014921 0.022079 0.076991 0.070322 -0.014427 0.052615 -0.1217 0.068779 -0.03354 -0.0011055 -0.12816 0.060297 0.029778 0.23448 -0.061291 0.046538 0.13288 0.01576 0.027731 0.092979 -0.050486 -0.062467 0.017091 0.025672 0.15639 -0.033586 0.073756 -0.029403 0.054588 -0.022791 0.03425 0.088862 0.087459 0.05605 0.019856 -0.056885 -0.018131 -0.026588 -0.034198 0.055841 -0.13681 0.068249 -0.057753 -0.022335 -0.1883 -0.020738 0.035623 0.18879 -0.1222 0.029247 0.1102 0.0019605 -0.0039624
0.059369 0.072139 0.14857 0.11043 0.021195 0.022369 -0.0094812 0 0.054468 0.039024 0.075167 0.13061 0.10688 0.015387 0.035011 0.0029153 0.10902 0.066133 -0.03382 0.092004 -0.058665 0.025728 -2.9705e-05 -0.0088886 -0.045151 -0.0231 0.055499 0.01942 0.024866 0.013613 0.067082 -0.059199 0.023249 0.047656 -0.026027 -0.084342 -0.074564 0.049387 0.023473 0.070256 0.015873 0.045604 0.1201 -0.001145 0.01108 0.01017 0.0047833 0.0008872 -0.0043411 0.00082654 0.045303 0.0873 -0.02048 0.075072 -0.03994 0.027524 -0.0027505 -0.00016953 -0.022752 0.0041186 0.06893 0.033442 0.03243 0.0062954 0.064899 -0.041353 0.010995 0.046547 0.0014259 -0.086442 -0.014237 0.056284 0.015147 0.078498 0.036403 0.058334 0.1004 0.019073 0.032473 0.0098112 0.013695 0.056685 -0.017524 0.0024546 0.05767 0.090756
0.20695 0.22162 0.14286 0.14013 0.056413 0.086996 -0.0076453 0.054468 0 0.22003 0.22921 0.13106 0.13461 0.047854 0.071792 -0.021085 0.051678 0.19876 -0.046087 0.1626 0.0080503 0.067536 0.01757 0.0041136 0.031646 0.0089107 0.12712 0.022822 0.076874 0.09644 0.020503 -0.053154 0.065344 0.12366 0.035358 -0.060184 -0.014693 0.17091 0.098043 0.18968 0.074353 0.1518 0.13384 0.10051 0.075092 0.056343 -0.0025887 0.11297 -0.029247 -0.019656 0.12248 0.18063 -0.033712 0.1701 0.044515 0.061069 0.028872 -0.012882 0.058914 0.018536 0.14576 0.016021 0.089914 0.084228 0.058834 -0.012857 0.034614 0.077855 0.083781 -0.032376 0.037508 0.17749 0.075434 0.18378 0.069319 0.17266 0.13638 0.10646 0.12216 0.022992 -0.0015848 0.14935 -0.037957 -0.0051602 0.12333 0.17307
0.7208 0.34751 0.28667 0.25944 0.0973 0.056002 -0.042326 0.039024 0.22003 0 0.31948 0.2825 0.21914 0.099033 0.048325 -0.054344 0.031697 0.22944 -0.068338 0.22811 0.26328 0.0080238 0.048398 -0.080452 0.21491 0.22965 0.14187 -0.057541 0.20333 0.011878 -0.023522 0.048508 0.040563 0.19635 0.22782 0.094119 0.18918 0.12648 0.26382 0.30846 0.27761 0.23048 0.080236 0.45471 0.27126 0.25395 -0.12911 0.39091 -0.023743 -0.0059028 0.03635 0.22824 -0.14498 0.17094 0.13564 -0.00151 0.026541 -0.094997 0.12025 0.12543 0.097001 -0.031031 0.10154 0.0025254 -0.025881 0.0017015 0.024721 0.13528 0.14875 0.037889 0.05176 0.14396 0.15182 0.2628 0.17201 0.14617 0.050475 0.23912 0.090387 0.093566 -0.10891 0.33254 -0.046048 -0.060522 0.053864 0.19301
0.41019 0.48983 0.27113 0.27823 0.10353 -0.0017166 -0.10419 0.075167 0.22921 0.31948 0 0.32415 0.30321 0.11125 -0.010511 -0.10917 0.094826 0.25233 -0.18765 0.28693 -0.016222 0.074478 0.015143 -0.069636 0.012488 -0.020302 0.14344 0.065728 0.12316 0.11221 -0.06346 -0.18976 0.011798 0.12917 0.026685 -0.14576 -0.063794 0.23619 0.060593 0.34347 0.068379 0.19417 0.18527 0.19095 0.075192 0.090963 -0.1665 0.21513 -0.089437 -0.075686 0.16578 0.27704 -0.14075 0.29931 0.15135 0.083972 0.0063001 -0.097772 0.15132 -0.00121 0.19741 0.0407 0.18505 0.072169 -0.0065244 -0.066139 0.0047563 0.13808 0.23472 -0.0069749 0.14643 0.27572 0.043489 0.39565 0.11093 0.26465 0.20333 0.30578 0.26275 0.070162 -0.1392 0.3094 -0.040377 -0.10284 0.1689 0.30033
0.35673 0.26295 0.58087 0.37874 0.11546 0.024034 -0.044509 0.13061 0.13106 0.2825 0.32415 0 0.40819 0.085431 0.027276 -0.029997 0.1459 0.15446 -0.071606 0.20781 0.06577 -0.021798 -0.0068641 -0.05544 0.0011452 0.030069 0.081637 0.017844 0.18537 0.0039114 -0.048033 -0.13395 -0.031236 0.040531 0.19361 -0.048281 0.11157 0.091051 0.0078875 0.22392 0.065161 0.065499 0.17066 0.22528 0.11599 0.076853 -0.098688 0.18263 -0.084353 -0.066954 0.064119 0.19005 -0.025361 0.23544 0.18413 -0.047349 0.021896 -0.074513 0.084911 0.058567 0.087736 -0.0032332 0.23434 -0.025569 5.0309e-05 -0.050116 0.0054759 0.043913 0.27966 0.049701 0.22741 0.10046 -0.041533 0.26618 0.083882 0.11966 0.18295 0.28035 0.22686 0.03164 -0.088826 0.24164 -0.056588 -0.054167 0.059005 0.21594
0.29492 0.25421 0.38191 0.64687 0.1712 0.0030058 -0.027444 0.10688 0.13461 0.21914 0.30321 0.40819 0 0.14446 0.0093628 -0.0065381 0.1181 0.15839 -0.055938 0.26951 -0.035221 0.033265 0.015354 -0.025481 -0.088647 0.0010715 -0.0028685 0.048007 0.1356 0.042846 -0.066104 -0.16396 -0.020831 0.16393 0.14451 -0.10696 0.048584 0.12483 0.10861 0.21983 0.21122 0.023726 0.115 0.13318 0.12065 0.10131 -0.051633 0.22209 -0.08616 -0.045616 0.11689 0.31371 0.0052475 0.28505 0.030659 0.026791 0.01426 -0.023998 -0.03009 0.028606 0.014749 0.042448 0.18751 0.023371 -0.034678 -0.1152 -0.0023384 0.15466 0.28424 -0.041385 0.18513 0.14397 0.10932 0.25258 0.28021 0.079899 0.13302 0.19904 0.19182 0.092739 -0.012879 0.31634 -0.087565 -0.048664 0.12155 0.37181
0.11325 0.097717 0.067467 0.1248 0.044842 -0.016686 -0.024154 0.015387 0.047854 0.099033 0.11125 0.085431 0.14446 0 -0.0099844 -0.027453 0.0060797 0.094015 -0.023478 0.13213 -0.039777 0.017183 0.010795 -0.021431 -0.026999 -0.019721 0.01248 -0.010074 0.031424 0.018295 -0.03072 -0.057348 0.00090482 0.060727 0.023787 -0.044191 -0.0090105 0.059155 0.062149 0.087258 0.06655 0.039541 0.058314 0.042651 0.049386 0.017564 -0.017853 0.081448 -0.040771 -0.012169 0.073184 0.12103 -0.015793 0.10613 0.0046164 0.017366 0.0019053 -0.02273 -0.00071914 -0.011092 0.028648 -0.011506 0.030845 0.020257 -0.008654 -0.030048 -0.0051096 0.071223 0.078925 -0.033533 0.057775 0.073487 0.067188 0.090649 0.087384 0.050418 0.072373 0.067309 0.092877 0.0057275 -0.014222 0.11853 -0.026995 -0.026497 0.063376 0.13505
0.00075798 -0.0023016 0.032266 0.0085195 -0.003676 0.43499 0.17192 0.035011 0.071792 0.048325 -0.010511 0.027276 0.0093628 -0.0099844 0 0.21313 0.042569 0.067837 0.048943 0.040935 0.1322 0.08583 0.1083 0.22875 0.226 0.12774 0.32274 0.12111 0.092867 0.10448 0.30465 0.17449 0.27297 0.071782 -0.037933 -0.010768 -0.046586 0.070398 0.076898 0.083547 0.057793 0.25853 0.23848 -0.021168 0.16117 0.074659 0.21286 -0.084153 0.044372 0.13021 0.09987 0.084402 0.038605 0.044362 0.060593 0.074335 0.10143 0.22445 0.15833 0.13099 0.30059 0.10779 0.061219 0.097813 0.26781 0.15704 0.27552 0.060664 -0.079257 -0.044858 -0.068518 0.058996 0.1036 0.065867 0.051056 0.2481 0.1775 -0.059722 0.10734 0.065458 0.2059 -0.079483 0.033559 0.13993 0.10167 0.080254
-0.095415 -0.095676 -0.030533 -0.014314 -0.027667 0.16708 0.25135 0.0029153 -0.021085 -0.054344 -0.10917 -0.029997 -0.0065381 -0.027453 0.21313 0 0.016012 -0.0063214 0.11523 -0.032849 0.040978 0.025298 0.072569 0.16818 0.044508 0.11711 -0.0067719 0.020985 0.016791 0.031724 0.13516 0.12328 0.094865 0.017223 0.0072395 0.040494 0.045547 -0.050068 0.040078 -0.10647 0.070077 -0.027696 0.0060463 -0.10981 0.04259 0.032952 0.20409 -0.065372 0.040814 0.10655 0.014727 0.029398 0.1051 -0.034842 -0.021746 0.014503 0.040461 0.1764 -0.0073604 0.11605 -0.025858 0.017484 0.001298 0.026332 0.09932 0.088994 0.1003 0.021248 -0.017901 -0.010406 0.012251 -0.061526 0.05676 -0.12434 0.075585 -0.045813 -0.02619 -0.1408 -0.0082668 0.041319 0.21182 -0.082543 0.027785 0.13303 0.0034953 0.025205
0.041015 0.055328 0.11864 0.096565 0.023276 0.039551 -0.010907 0.10902 0.051678 0.031697 0.094826 0.1459 0.1181 0.0060797 0.042569 0.016012 0 0.069784 -0.023593 0.09046 -0.049122 0.030578 0.016362 -0.0050764 -0.01772 -0.035665 0.079512 0.03165 0.017798 0.032273 0.057129 -0.065885 0.010012 0.03199 -0.021413 -0.078409 -0.06075 0.047758 0.0060489 0.065419 -0.0047005 0.072647 0.12363 -0.013564 0.019005 0.0038104 0.011934 -0.028384 -0.014137 -0.014649 0.04141 0.060872 -0.012427 0.077206 -0.036778 0.031583 0.0084507 0.017776 -0.020291 -0.014624 0.070172 0.027105 0.024497 0.021932 0.049557 -0.036367 0.02378 0.03712 -0.011279 -0.10268 -0.024664 0.051222 -0.0031896 0.072559 0.0015839 0.073666 0.11556 0.016514 0.016975 0.004341 0.02225 0.018121 -0.016175 -0.0030918 0.047101 0.071225
0.26279 0.21065 0.15394 0.14836 0.06216 0.069845 -0.031758 0.066133 0.19876 0.22944 0.25233 0.15446 0.15839 0.094015 0.067837 -0.0063214 0.069784 0 -0.0592 0.16444 0.037897 0.052868 0.038936 0.01155 0.061438 0.031041 0.12106 0.025044 0.090551 0.091767 0.014782 -0.026545 0.070979 0.098207 0.025742 -0.052695 -0.0072568 0.16419 0.080437 0.18472 0.06498 0.15743 0.13354 0.11479 0.081168 0.061344 0.009401 0.13373 -0.035698 0.02707 0.16568 0.19017 -0.0076573 0.18045 0.10364 0.063857 0.025621 0.0097027 0.11185 0.039768 0.14974 0.027094 0.117 0.08067 0.06551 0.02166 0.057462 0.11518 0.1174 0.013668 0.083135 0.18191 0.074246 0.20113 0.085865 0.19379 0.14183 0.1517 0.1663 0.054802 0.022366 0.17225 0.0014824 0.0012249 0.13613 0.21341
-0.15057 -0.10689 -0.031174 -0.052077 -0.015314 0.067001 0.15226 -0.03382 -0.046087 -0.068338 -0.18765 -0.071606 -0.055938 -0.023478 0.048943 0.11523 -0.023593 -0.0592 0 -0.037845 0.22733 0.037358 0.042741 0.2604 0.19427 0.27114 -0.17055 0.076476 0.077432 0.069992 0.013518 0.56022 0.0021494 -0.015837 0.50247 0.21866 0.55307 -0.036117 0.065451 -0.10118 0.17258 -0.069517 -0.13847 0.01649 0.18791 0.090086 0.7305 0.25044 0.11419 0.1553 0.16909 0.13048 0.66044 -0.042726 0.044331 0.020503 0.020586 0.21714 0.025769 0.18941 -0.20785 0.079164 0.015901 0.061188 -0.061359 0.32556 0.023389 0.00019703 0.24116 0.15985 0.27332 -0.073048 0.10543 -0.16522 0.1311 -0.13825 -0.1208 -0.091977 0.031987 0.06076 0.61559 0.057415 0.058292 0.16364 0.16909 0.096408
0.23346 0.25664 0.20125 0.29539 0.10643 0.043944 -0.039163 0.092004 0.1626 0.22811 0.28693 0.20781 0.26951 0.13213 0.040935 -0.032849 0.09046 0.16444 -0.037845 0 -0.11081 0.17532 0.051598 0.025088 -0.11337 -0.015822 0.011779 0.036258 0.20989 0.19741 -0.090593 -0.27426 0.011546 0.398 0.19818 -0.21942 0.010291 0.28841 0.32785 0.41577 0.39951 0.096155 0.28203 0.25818 0.31519 0.27081 0.046199 0.37338 -0.13065 -0.044001 0.28688 0.5623 0.025034 0.58281 -0.097609 0.18939 0.0085751 0.010818 -0.099141 0.0098239 0.061758 0.041791 0.1874 0.16951 -0.036963 -0.23814 0.029985 0.37508 0.30063 -0.23641 0.1219 0.28974 0.28072 0.4404 0.39788 0.16678 0.27936 0.2485 0.29484 0.22281 0.049524 0.46768 -0.15817 -0.081642 0.23963 0.55513
0.06616 0.045361 0.11887 -0.03035 0.0010428 0.1474 0.046172 -0.058665 0.0080503 0.26328 -0.016222 0.06577 -0.035221 -0.039777 0.1322 0.040978 -0.049122 0.037897 0.22733 -0.11081 0 -0.14282 0.067462 0.18285 0.71978 0.56088 0.19909 -0.064178 0.27629 -0.091048 0.10921 0.47914 0.16333 -0.08953 0.54685 0.46369 0.53603 -0.12493 -0.016718 0.11045 0.11976 0.31649 -0.045999 0.7018 0.40677 0.38129 0.063449 0.45431 0.025819 0.008274 -0.01388 -0.041689 0.030872 -0.1122 0.65754 -0.1942 0.06129 0.10252 0.52752 0.30256 0.064434 -0.031233 0.096354 -0.088747 0.05254 0.30835 0.11807 -0.077312 0.25862 0.36741 0.19961 -0.13194 -0.0063672 -0.0073393 0.045461 0.15839 -0.11686 0.28672 0.092685 0.16021 0.046818 0.08771 0.067125 0.0181 -0.0036716 -0.097535
-0.021741 0.093393 0.0054559 0.036059 0.0037468 0.10073 0.026686 0.025728 0.067536 0.0080238 0.074478 -0.021798 0.033265 0.017183 0.08583 0.025298 0.030578 0.052868 0.037358 0.17532 -0.14282 0 0.01872 0.31921 0.044504 -0.13841 0.12999 0.25055 0.041535 0.91566 0.011817 -0.15229 0.15529 0.36774 -0.06622 -0.18137 -0.13219 0.8734 0.31775 0.09098 0.29703 0.2861 0.077043 -0.019907 0.085622 0.63447 0.18358 0.031688 -0.034425 0.012407 0.21091 0.24262 0.081769 0.16266 -0.23756 0.97247 0.0051777 0.36477 -0.064088 -0.080509 0.1604 0.31889 -0.0067956 0.90483 -0.007996 -0.18692 0.16213 0.34085 -0.092637 -0.24815 -0.14028 0.83598 0.36361 0.085743 0.31239 0.31485 0.087491 -0.080369 0.0041237 0.5817 0.17027 0.069511 -0.072242 0.014594 0.17802 0.22052
0.022574 0.018898 0.01139 0.010714 0.010186 0.13413 0.073465 -2.9705e-05 0.01757 0.048398 0.015143 -0.0068641 0.015354 0.010795 0.1083 0.072569 0.016362 0.038936 0.042741 0.051598 0.067462 0.01872 0 0.15838 0.11018 0.14028 0.059011 0.033378 0.095087 0.042128 0.091779 0.10686 0.097177 0.031331 0.064381 0.039545 0.06844 0.025135 0.047305 0.041634 0.056439 0.044633 0.059505 0.04167 0.07023 0.086739 0.10837 0.06195 0.030854 0.10241 0.050682 0.10058 0.019431 0.023582 0.03811 0.0071441 0.051973 0.12899 0.075831 0.11239 0.057658 0.023568 0.059542 0.041302 0.0838 0.074 0.081186 0.0086801 0.053967 0.016676 0.040911 0.016218 0.03629 0.032934 0.047653 0.05924 0.032143 -0.0038554 0.048088 0.072221 0.079424 0.036281 0.017279 0.050912 0.02947 0.089131
-0.055956 -0.052276 -0.037352 -0.021123 -0.011537 0.22042 0.17808 -0.0088886 0.0041136 -0.080452 -0.069636 -0.05544 -0.025481 -0.021431 0.22875 0.16818 -0.0050764 0.01155 0.2604 0.025088 0.18285 0.31921 0.15838 0 0.31772 0.35079 0.075423 0.53442 0.10401 0.51013 0.17295 0.19876 0.33018 0.10218 0.13199 0.04049 0.097406 0.27841 0.099941 -0.049266 0.14978 0.10559 0.042245 -0.01436 0.093957 0.49788 0.3451 0.018316 0.066193 0.14799 0.12254 0.14417 0.24811 0.045724 0.056017 0.29109 0.10551 0.80888 0.19546 0.35137 0.074963 0.49638 0.079143 0.50809 0.13743 0.19172 0.34617 0.11247 0.11605 -0.020576 0.1348 0.2009 0.15004 -0.035819 0.18502 0.14883 0.039766 -0.06418 0.059794 0.49498 0.27972 0.0047043 0.044574 0.13737 0.0947 0.10717
0.062848 0.063815 0.032936 -0.087621 -0.017394 0.24459 0.067471 -0.045151 0.031646 0.21491 0.012488 0.0011452 -0.088647 -0.026999 0.226 0.044508 -0.01772 0.061438 0.19427 -0.11337 0.71978 0.044504 0.11018 0.31772 0 0.51558 0.53389 0.063976 0.17842 0.096639 0.30807 0.63043 0.40923 -0.035371 0.24341 0.35765 0.24803 0.0071778 -0.062828 0.20929 -0.099829 0.69874 0.11225 0.52757 0.37078 0.36606 0.097703 0.23963 0.15839 0.10696 0.008049 -0.0788 0.040921 -0.12305 0.50813 -0.033891 0.066887 0.22341 0.74682 0.31024 0.41372 0.061231 0.045537 0.081829 0.25636 0.52299 0.32774 -0.040031 0.060523 0.24442 0.076221 -0.013053 -0.062687 0.067242 -0.1221 0.51888 0.03783 0.16949 0.16906 0.16083 0.069311 -0.0023237 0.20889 0.12819 0.018815 -0.12445
0.13764 0.043175 0.049066 0.013917 0.0040553 0.12616 0.13054 -0.0231 0.0089107 0.22965 -0.020302 0.030069 0.0010715 -0.019721 0.12774 0.11711 -0.035665 0.031041 0.27114 -0.015822 0.56088 -0.13841 0.14028 0.35079 0.51558 0 -0.0092175 0.080844 0.24773 -0.080543 0.066587 0.45305 0.11336 -0.038101 0.43661 0.39062 0.468 -0.12645 0.018208 0.036154 0.1389 -0.021137 -0.07794 0.40047 0.22373 0.37664 0.17915 0.43429 0.021097 0.12064 -0.00090871 0.09806 0.13227 -0.0128 0.33647 -0.16958 0.088682 0.25785 0.32953 0.56099 -0.10575 0.042593 0.14219 -0.079545 -0.010658 0.30599 0.050879 -0.050054 0.26845 0.25869 0.30966 -0.14784 -0.003269 -0.0033537 0.073585 -0.058134 -0.10629 0.1325 0.034728 0.25741 0.13278 0.21032 0.035192 0.087023 0.0024192 0.04557
0.088973 0.14127 0.082667 0.0084865 -0.0064032 0.34076 0.0020092 0.055499 0.12712 0.14187 0.14344 0.081637 -0.0028685 0.01248 0.32274 -0.0067719 0.079512 0.12106 -0.17055 0.011779 0.19909 0.12999 0.059011 0.075423 0.53389 -0.0092175 0 0.026572 0.044781 0.1245 0.49756 0.21709 0.38889 0.079618 -0.22807 -0.041744 -0.24588 0.15307 0.048906 0.40875 -0.13187 0.8106 0.4588 0.094394 0.2586 -0.010137 -0.0065795 -0.15513 0.13262 0.045998 0.12291 -0.027286 -0.15857 0.0099706 0.082502 0.088069 0.058442 0.060764 0.33876 -0.048482 0.76437 0.051998 -0.029791 0.11207 0.45509 0.21285 0.31073 0.060036 -0.30293 -0.1136 -0.2672 0.17802 0.058703 0.27531 -0.12876 0.70782 0.33199 -0.041785 0.17863 -0.10445 0.01049 -0.19527 0.11777 0.058019 0.099818 -0.0537
0.02638 0.078853 0.0076908 0.025082 -0.0091805 0.12458 0.064794 0.01942 0.022822 -0.057541 0.065728 0.017844 0.048007 -0.010074 0.12111 0.020985 0.03165 0.025044 0.076476 0.036258 -0.064178 0.25055 0.033378 0.53442 0.063976 0.080844 0.026572 0 0.052314 0.42269 0.10327 0.020973 0.049559 0.054381 -0.0034686 -0.012381 0.0076477 0.34473 0.014059 0.033504 0.069487 -0.016157 0.078649 -0.091145 -0.020048 0.29378 0.16628 -0.10701 0.01591 0.051594 0.12431 0.11508 0.14783 0.072038 -0.051837 0.25561 0.026063 0.55003 0.020278 0.15904 0.028412 0.95054 0.087579 0.35252 0.078173 0.063204 0.079662 0.054919 0.093251 -0.012839 0.096977 0.33188 0.090751 0.041518 0.13831 0.023765 0.078494 -0.053389 0.018609 0.34987 0.13702 0.01197 0.030886 0.048244 0.10275 0.12217
0.18714 0.14222 0.19169 0.14768 0.071202 0.08758 0.014968 0.024866 0.076874 0.20333 0.12316 0.18537 0.1356 0.031424 0.092867 0.016791 0.017798 0.090551 0.077432 0.20989 0.27629 0.041535 0.095087 0.10401 0.17842 0.24773 0.044781 0.052314 0 0.055634 0.052907 0.077939 0.060025 0.069041 0.42464 0.28727 0.46383 0.098484 0.036091 0.26228 0.12572 0.096074 0.20442 0.4398 0.28984 0.19205 0.071346 0.39768 -0.035363 0.049838 0.13169 0.32779 0.085575 0.19968 0.22736 0.024359 0.052655 0.071219 0.15661 0.16343 -0.00090438 0.04803 0.39681 0.043602 0.051216 0.066337 0.01962 0.044011 0.37003 0.23287 0.42562 0.088215 0.036707 0.19875 0.10998 0.077 0.15909 0.27203 0.22251 0.087246 0.066441 0.28108 -0.00022038 -0.0017915 0.12063 0.31118
-9.2275e-05 0.13158 0.026127 0.048621 0.0077189 0.1257 0.037251 0.013613 0.09644 0.011878 0.11221 0.0039114 0.042846 0.018295 0.10448 0.031724 0.032273 0.091767 0.069992 0.19741 -0.091048 0.91566 0.042128 0.51013 0.096639 -0.080543 0.1245 0.42269 0.055634 0 0.031027 -0.13366 0.22112 0.37672 -0.028986 -0.16578 -0.075791 0.91136 0.34459 0.11262 0.29914 0.24893 0.085649 -0.013676 0.079347 0.65399 0.21597 0.069907 -0.021683 0.010079 0.28085 0.28476 0.090507 0.17644 -0.1672 0.90625 0.014005 0.52052 -0.0029752 -0.0010158 0.1591 0.46534 0.035988 0.92487 0.0078854 -0.1389 0.23151 0.34183 -0.0065851 -0.20543 -0.055699 0.87173 0.38411 0.11724 0.32269 0.30223 0.091897 -0.057087 0.027692 0.62231 0.19125 0.14266 -0.050445 -0.00020553 0.24046 0.26311
-0.15835 -0.033297 -0.0083891 -0.029765 -0.027744 0.29737 0.1646 0.067082 0.020503 -0.023522 -0.06346 -0.048033 -0.066104 -0.03072 0.30465 0.13516 0.057129 0.014782 0.013518 -0.090593 0.10921 0.011817 0.091779 0.17295 0.30807 0.066587 0.49756 0.10327 0.052907 0.031027 0 0.36806 0.27189 -0.016487 -0.16458 0.076666 -0.097776 -0.0045853 0.015496 -0.020168 -0.068891 0.39227 0.3891 -0.2139 0.26159 -0.09343 0.18926 -0.29824 0.27405 0.17723 0.030182 -0.079901 -0.043347 -0.11636 -0.14019 -0.0026099 0.037513 0.17799 0.060976 0.015506 0.36737 0.12519 -0.092776 0.026301 0.5477 0.2357 0.21966 -0.0221 -0.3424 -0.097054 -0.26899 -0.018207 0.035958 -0.12383 -0.091551 0.22004 0.21988 -0.38423 0.036285 -0.11791 0.15306 -0.35241 0.21335 0.16548 0.026153 -0.11804
-0.1146 -0.10959 -0.071865 -0.15789 -0.034071 0.20688 0.16571 -0.059199 -0.053154 0.048508 -0.18976 -0.13395 -0.16396 -0.057348 0.17449 0.12328 -0.065885 -0.026545 0.56022 -0.27426 0.47914 -0.15229 0.10686 0.19876 0.63043 0.45305 0.21709 0.020973 0.077939 -0.13366 0.36806 0 0.14878 -0.21223 0.21601 0.58255 0.36614 -0.20439 -0.1276 -0.088159 -0.14609 0.25232 -0.0095925 0.03436 0.35822 -0.11419 0.38227 0.10358 0.3137 0.27947 -0.078638 -0.19895 0.23912 -0.28323 0.19728 -0.20204 0.072619 0.14379 0.31973 0.27468 0.053205 0.027067 -0.059503 -0.11635 0.19635 0.74151 0.0871 -0.19692 -0.10081 0.39053 0.0005189 -0.22966 -0.10779 -0.22446 -0.19151 -0.003664 -0.10821 -0.23222 0.061495 -0.15049 0.27731 -0.21556 0.31961 0.26814 -0.05706 -0.22222
0.01149 0.013293 -0.025414 -0.020441 -0.0093731 0.27452 0.069407 0.023249 0.065344 0.040563 0.011798 -0.031236 -0.020831 0.00090482 0.27297 0.094865 0.010012 0.070979 0.0021494 0.011546 0.16333 0.15529 0.097177 0.33018 0.40923 0.11336 0.38889 0.049559 0.060025 0.22112 0.27189 0.14878 0 0.10567 -0.047682 -0.026146 -0.07536 0.13306 0.060623 0.067479 -0.022229 0.44386 0.2107 0.06429 0.14714 0.14274 0.14806 -0.060332 0.053356 0.093314 0.096014 0.046492 0.036388 0.0053089 0.12114 0.12187 0.068734 0.28316 0.30402 0.10668 0.38076 0.055108 0.015098 0.21612 0.274 0.18053 0.44264 0.084667 -0.074676 -0.026906 -0.044257 0.10956 0.045657 0.048751 -0.016765 0.41702 0.15693 -0.0047787 0.13492 0.083714 0.14081 -0.073862 0.078819 0.10128 0.069261 0.0071649
0.12955 0.17854 0.053507 0.19613 0.024319 0.071909 0.014921 0.047656 0.12366 0.19635 0.12917 0.040531 0.16393 0.060727 0.071782 0.017223 0.03199 0.098207 -0.015837 0.398 -0.08953 0.36774 0.031331 0.10218 -0.035371 -0.038101 0.079618 0.054381 0.069041 0.37672 -0.016487 -0.21223 0.10567 0 0.13079 -0.21772 -0.009618 0.43378 0.53115 0.28123 0.59596 0.21785 0.10058 0.15473 0.31679 0.38498 0.16052 0.35123 -0.074371 -0.017496 0.37215 0.49207 0.026078 0.35391 -0.10226 0.34865 0.00027637 0.089215 -0.063441 -0.037833 0.108 0.048907 0.045714 0.34265 -0.02609 -0.2178 0.13762 0.77767 0.17976 -0.22879 0.065799 0.41291 0.45524 0.33459 0.53721 0.27381 0.092134 0.14371 0.25718 0.31516 0.15857 0.417 -0.10174 -0.039676 0.32749 0.4625
0.091452 0.10793 0.22586 0.17396 0.070908 -0.031377 0.022079 -0.026027 0.035358 0.22782 0.026685 0.19361 0.14451 0.023787 -0.037933 0.0072395 -0.021413 0.025742 0.50247 0.19818 0.54685 -0.06622 0.064381 0.13199 0.24341 0.43661 -0.22807 -0.0034686 0.42464 -0.028986 -0.16458 0.21601 -0.047682 0.13079 0 0.38874 0.84367 0.0065971 0.096053 0.097124 0.37245 -0.087487 -0.10948 0.56159 0.49558 0.30329 0.25064 0.66977 -0.051462 0.012172 0.1255 0.37439 0.26949 0.19355 0.33962 -0.083034 0.023495 0.062911 0.13193 0.20615 -0.28949 -0.0080336 0.28519 -0.031669 -0.19804 0.052037 -0.051097 0.11272 0.66718 0.26753 0.60156 -0.018113 0.086263 0.033376 0.31052 -0.14564 -0.11243 0.23878 0.25059 0.18358 0.19252 0.45045 -0.048485 -0.028657 0.127 0.32978
-0.064577 -0.068389 -0.012818 -0.092422 0.0048798 0.023118 0.076991 -0.084342 -0.060184 0.094119 -0.14576 -0.048281 -0.10696 -0.044191 -0.010768 0.040494 -0.078409 -0.052695 0.21866 -0.21942 0.46369 -0.18137 0.039545 0.04049 0.35765 0.39062 -0.041744 -0.012381 0.28727 -0.16578 0.076666 0.58255 -0.026146 -0.21772 0.38874 0 0.61001 -0.16595 -0.14812 -0.12373 -0.079655 -0.08364 -0.17139 0.20081 0.21646 -0.08103 0.024751 0.1923 0.14903 0.085576 -0.082373 -0.12204 -0.016107 -0.22482 0.19283 -0.1962 0.040774 0.008799 0.11148 0.174 -0.20091 -0.0146 0.10656 -0.1591 -0.031553 0.26036 -0.041387 -0.19727 0.091654 0.55923 0.21694 -0.18129 -0.1161 -0.22528 -0.10667 -0.28697 -0.24088 -0.1304 -0.10022 -0.14282 -0.013742 -0.065992 0.12084 0.071356 -0.068371 -0.13254
0.01523 0.0075481 0.13534 0.062184 0.052753 -0.021195 0.070322 -0.074564 -0.014693 0.18918 -0.063794 0.11157 0.048584 -0.0090105 -0.046586 0.045547 -0.06075 -0.0072568 0.55307 0.010291 0.53603 -0.13219 0.06844 0.097406 0.24803 0.468 -0.24588 0.0076477 0.46383 -0.075791 -0.097776 0.36614 -0.07536 -0.009618 0.84367 0.61001 0 -0.07496 -0.022536 -0.039607 0.24427 -0.21861 -0.20629 0.42282 0.34035 0.1692 0.23302 0.55219 0.038313 0.036261 0.014974 0.19756 0.2793 -0.025288 0.29518 -0.14218 0.046303 0.033494 0.027896 0.23683 -0.34126 0.0051271 0.27931 -0.08583 -0.17309 0.1047 -0.084552 -0.019188 0.51046 0.47082 0.59717 -0.095509 0.0063211 -0.12763 0.15819 -0.31903 -0.22185 0.084303 0.016696 0.067767 0.16156 0.2433 -0.027141 0.00042256 0.036704 0.16384
0.11256 0.23109 0.092862 0.12752 0.051613 0.088284 -0.014427 0.049387 0.17091 0.12648 0.23619 0.091051 0.12483 0.059155 0.070398 -0.050068 0.047758 0.16419 -0.036117 0.28841 -0.12493 0.8734 0.025135 0.27841 0.0071778 -0.12645 0.15307 0.34473 0.098484 0.91136 -0.0045853 -0.20439 0.13306 0.43378 0.0065971 -0.16595 -0.07496 0 0.42035 0.23767 0.37435 0.28412 0.12693 0.032727 0.11143 0.56212 0.10222 0.14776 -0.059863 -0.026696 0.32825 0.37076 -0.0071328 0.27747 -0.15995 0.83554 0.0052319 0.29416 -0.041171 -0.061051 0.19081 0.4089 0.087489 0.86936 -0.00035162 -0.19831 0.14071 0.40225 0.039748 -0.18219 -0.031676 0.96493 0.45175 0.2522 0.40334 0.3285 0.14515 0.031071 0.084252 0.52555 0.086484 0.2709 -0.070611 -0.050974 0.29473 0.36502
0.068764 0.13744 0.0095048 0.18385 0.071671 0.089771 0.052615 0.023473 0.098043 0.26382 0.060593 0.0078875 0.10861 0.062149 0.076898 0.040078 0.0060489 0.080437 0.065451 0.32785 -0.016718 0.31775 0.047305 0.099941 -0.062828 0.018208 0.048906 0.014059 0.036091 0.34459 0.015496 -0.1276 0.060623 0.53115 0.096053 -0.14812 -0.022536 0.42035 0 0.11222 0.88782 0.10421 0.02298 0.070839 0.3184 0.43758 0.30053 0.41768 -0.021163 0.033256 0.49342 0.606 0.045582 0.28944 -0.15508 0.2916 0.0009563 0.084796 -0.13621 -0.035018 0.027797 0.0089953 -0.014187 0.31375 -0.021441 -0.20447 0.080773 0.48096 0.076006 -0.22409 -0.076403 0.38429 0.89301 0.14458 0.7832 0.11199 0.0016249 -0.027209 0.16005 0.34567 0.25194 0.40086 -0.096592 -0.022614 0.40716 0.5049
0.36151 0.33148 0.20153 0.21203 0.091182 0.098798 -0.1217 0.070256 0.18968 0.30846 0.34347 0.22392 0.21983 0.087258 0.083547 -0.10647 0.065419 0.18472 -0.10118 0.41577 0.11045 0.09098 0.041634 -0.049266 0.20929 0.036154 0.40875 0.033504 0.26228 0.11262 -0.020168 -0.088159 0.067479 0.28123 0.097124 -0.12373 -0.039607 0.23767 0.11222 0 0.097431 0.53539 0.36317 0.44329 0.28691 0.18465 -0.090599 0.36546 -0.080459 -0.054037 0.19519 0.35029 -0.075044 0.38318 0.17009 0.095484 0.04297 -0.056898 0.25823 0.064769 0.41489 0.036103 0.24328 0.071522 0.085082 0.0065347 0.03369 0.23133 0.18609 -0.077802 0.10814 0.25729 0.092318 0.68863 0.12539 0.51466 0.33152 0.44406 0.33498 0.087852 -0.061431 0.38499 -0.089257 -0.0878 0.18792 0.36616
0.082918 0.11956 0.079126 0.27506 0.088425 0.056141 0.068779 0.015873 0.074353 0.27761 0.068379 0.065161 0.21122 0.06655 0.057793 0.070077 -0.0047005 0.06498 0.17258 0.39951 0.11976 0.29703 0.056439 0.14978 -0.099829 0.1389 -0.13187 0.069487 0.12572 0.29914 -0.068891 -0.14609 -0.022229 0.59596 0.37245 -0.079655 0.24427 0.37435 0.88782 0.097431 0 -0.064863 -0.028586 0.1531 0.47869 0.51949 0.31135 0.55062 -0.059277 0.0094027 0.42189 0.63627 0.13124 0.35303 -0.070463 0.26964 0.0016209 0.12635 -0.19433 0.02915 -0.14104 0.072102 0.077982 0.28238 -0.11666 -0.24205 0.035825 0.56516 0.3174 -0.1853 0.11219 0.34341 0.81489 0.13142 0.90938 -0.01354 -0.040183 0.042793 0.27777 0.45624 0.25957 0.49496 -0.12428 -0.035328 0.33843 0.55529
0.18181 0.19203 0.085858 0.037998 0.010747 0.27203 -0.03354 0.045604 0.1518 0.23048 0.19417 0.065499 0.023726 0.039541 0.25853 -0.027696 0.072647 0.15743 -0.069517 0.096155 0.31649 0.2861 0.044633 0.10559 0.69874 -0.021137 0.8106 -0.016157 0.096074 0.24893 0.39227 0.25232 0.44386 0.21785 -0.087487 -0.08364 -0.21861 0.28412 0.10421 0.53539 -0.064863 0 0.42843 0.31956 0.37266 0.17501 0.029918 0.077365 0.12532 0.045438 0.12976 0.063111 -0.049937 0.079895 0.213 0.23598 0.054156 0.092101 0.53651 -0.019446 0.77219 0.052969 -0.0011317 0.23384 0.38857 0.30795 0.36478 0.17139 -0.18361 -0.11103 -0.21261 0.29118 0.090375 0.40989 -0.062468 0.9188 0.34541 0.15692 0.32355 0.022973 0.055939 0.0087743 0.15139 0.07228 0.13162 0.033566
0.08931 0.15753 0.17154 0.12962 0.056518 0.2279 -0.0011055 0.1201 0.13384 0.080236 0.18527 0.17066 0.115 0.058314 0.23848 0.0060463 0.12363 0.13354 -0.13847 0.28203 -0.045999 0.077043 0.059505 0.042245 0.11225 -0.07794 0.4588 0.078649 0.20442 0.085649 0.3891 -0.0095925 0.2107 0.10058 -0.10948 -0.17139 -0.20629 0.12693 0.02298 0.36317 -0.028586 0.42843 0 0.049417 0.34985 -0.031189 0.032131 -0.058424 0.043488 0.037331 0.1558 0.1824 -0.090354 0.2652 -0.058388 0.066139 0.043795 0.033534 0.054078 -0.048777 0.42796 0.084708 0.14416 0.064623 0.41489 0.06777 0.15666 0.086416 -0.099211 -0.17739 -0.10578 0.12553 0.015081 0.30919 -0.012996 0.38073 0.57518 0.034791 0.3251 -0.077174 0.061869 -0.012628 0.036606 0.044149 0.13862 0.17602
0.36217 0.21243 0.24842 0.15568 0.072049 -6.9318e-05 -0.12816 -0.001145 0.10051 0.45471 0.19095 0.22528 0.13318 0.042651 -0.021168 -0.10981 -0.013564 0.11479 0.01649 0.25818 0.7018 -0.019907 0.04167 -0.01436 0.52757 0.40047 0.094394 -0.091145 0.4398 -0.013676 -0.2139 0.03436 0.06429 0.15473 0.56159 0.20081 0.42282 0.032727 0.070839 0.44329 0.1531 0.31956 0.049417 0 0.45201 0.42817 -0.11477 0.67245 -0.12903 -0.091752 0.084777 0.26368 -0.0057426 0.2194 0.55014 -0.041442 0.034886 -0.053053 0.45446 0.22491 0.041772 -0.076093 0.28567 -0.032834 -0.14773 0.075258 0.019399 0.12585 0.44565 0.20475 0.31469 0.042116 0.017747 0.37706 0.11926 0.28927 0.032657 0.71013 0.26949 0.2204 -0.082758 0.45771 -0.095351 -0.12987 0.080163 0.20975
0.032675 0.15966 0.19444 0.15973 0.065521 0.17582 0.060297 0.01108 0.075092 0.27126 0.075192 0.11599 0.12065 0.049386 0.16117 0.04259 0.019005 0.081168 0.18791 0.31519 0.40677 0.085622 0.07023 0.093957 0.37078 0.22373 0.2586 -0.020048 0.28984 0.079347 0.26159 0.35822 0.14714 0.31679 0.49558 0.21646 0.34035 0.11143 0.3184 0.28691 0.47869 0.37266 0.34985 0.45201 0 0.29373 0.17267 0.47899 0.11497 0.059159 0.19408 0.30393 0.032498 0.24064 0.11756 0.034692 0.044841 0.055454 0.064459 0.084159 0.11507 0.0020081 0.052982 0.069354 0.13119 0.10708 0.12414 0.31053 0.17319 -0.037134 0.047665 0.087004 0.26648 0.15421 0.38988 0.15512 0.17392 0.035828 0.52163 0.15863 0.16505 0.21312 0.091533 0.046458 0.17416 0.24558
0.18419 0.12745 0.060675 0.11602 0.014904 0.082336 0.029778 0.01017 0.056343 0.25395 0.090963 0.076853 0.10131 0.017564 0.074659 0.032952 0.0038104 0.061344 0.090086 0.27081 0.38129 0.63447 0.086739 0.49788 0.36606 0.37664 -0.010137 0.29378 0.19205 0.65399 -0.09343 -0.11419 0.14274 0.38498 0.30329 -0.08103 0.1692 0.56212 0.43758 0.18465 0.51949 0.17501 -0.031189 0.42817 0.29373 0 0.096723 0.52472 -0.06679 -0.013612 0.19007 0.37727 0.07867 0.25609 0.18887 0.59652 0.045673 0.45243 0.21147 0.31357 0.035003 0.26148 0.13216 0.65462 -0.087486 -0.1241 0.15039 0.35009 0.31103 -0.10408 0.17245 0.54631 0.37692 0.20381 0.47447 0.2709 -0.012758 0.25836 0.17119 0.9345 0.05021 0.44696 -0.075939 -0.039553 0.1659 0.32939
-0.17698 -0.11249 -0.073236 -0.027556 0.0054244 0.21779 0.23448 0.0047833 -0.0025887 -0.12911 -0.1665 -0.098688 -0.051633 -0.017853 0.21286 0.20409 0.011934 0.009401 0.7305 0.046199 0.063449 0.18358 0.10837 0.3451 0.097703 0.17915 -0.0065795 0.16628 0.071346 0.21597 0.18926 0.38227 0.14806 0.16052 0.25064 0.024751 0.23302 0.10222 0.30053 -0.090599 0.31135 0.029918 0.032131 -0.11477 0.17267 0.096723 0 0.11356 0.074318 0.22481 0.56139 0.30909 0.58675 0.044027 -0.073317 0.15058 0.072125 0.33016 -0.040723 0.09562 -0.056365 0.1471 0.019154 0.20141 0.11288 0.20767 0.15933 0.1937 0.1153 -0.047294 0.078318 0.037748 0.33145 -0.10094 0.30355 0.0054901 0.034866 -0.1837 0.072017 0.11734 0.84911 0.055519 0.03876 0.20758 0.46159 0.25591
0.35175 0.23044 0.18308 0.24453 0.10784 -0.069371 -0.061291 0.0008872 0.11297 0.39091 0.21513 0.18263 0.22209 0.081448 -0.084153 -0.065372 -0.028384 0.13373 0.25044 0.37338 0.45431 0.031688 0.06195 0.018316 0.23963 0.43429 -0.15513 -0.10701 0.39768 0.069907 -0.29824 0.10358 -0.060332 0.35123 0.66977 0.1923 0.55219 0.14776 0.41768 0.36546 0.55062 0.077365 -0.058424 0.67245 0.47899 0.52472 0.11356 0 -0.091916 -0.041946 0.29114 0.58021 0.19779 0.36521 0.38013 0.023347 0.02158 -0.046572 0.29064 0.28879 -0.15081 -0.082159 0.32269 0.049972 -0.26681 0.11032 -0.053905 0.29607 0.62469 0.22295 0.50611 0.14552 0.31191 0.33517 0.48187 0.13101 -0.029479 0.5116 0.39795 0.38138 0.093167 0.829 -0.07498 -0.08253 0.22846 0.51799
-0.10455 -0.049385 -0.053419 -0.07087 -0.028778 0.056237 0.046538 -0.0043411 -0.029247 -0.023743 -0.089437 -0.084353 -0.08616 -0.040771 0.044372 0.040814 -0.014137 -0.035698 0.11419 -0.13065 0.025819 -0.034425 0.030854 0.066193 0.15839 0.021097 0.13262 0.01591 -0.035363 -0.021683 0.27405 0.3137 0.053356 -0.074371 -0.051462 0.14903 0.038313 -0.059863 -0.021163 -0.080459 -0.059277 0.12532 0.043488 -0.12903 0.11497 -0.06679 0.074318 -0.091916 0 0.093944 -0.075427 -0.13115 0.036888 -0.14793 -0.09874 -0.030563 0.0085247 0.058786 -0.014173 0.013399 0.063036 0.02708 -0.10056 -0.019939 0.15252 0.19762 0.031854 -0.061647 -0.16913 0.054153 -0.12345 -0.055151 -0.0027688 -0.16375 -0.080957 0.0019521 -0.010923 -0.26309 -0.017878 -0.052027 0.060994 -0.19428 0.21747 0.088831 -0.041181 -0.14897
-0.063418 -0.055123 -0.047655 -0.019824 -0.02064 0.1498 0.13288 0.00082654 -0.019656 -0.0059028 -0.075686 -0.066954 -0.045616 -0.012169 0.13021 0.10655 -0.014649 0.02707 0.1553 -0.044001 0.008274 0.012407 0.10241 0.14799 0.10696 0.12064 0.045998 0.051594 0.049838 0.010079 0.17723 0.27947 0.093314 -0.017496 0.012172 0.085576 0.036261 -0.026696 0.033256 -0.054037 0.0094027 0.045438 0.037331 -0.091752 0.059159 -0.013612 0.22481 -0.041946 0.093944 0 0.030315 0.022662 0.091933 -0.06552 -0.05178 0.0017206 0.039263 0.12131 0.019746 0.091154 0.026415 0.043789 -0.026364 0.025142 0.13199 0.20653 0.066068 -0.017584 -0.037352 0.026245 -0.024757 -0.03716 0.019168 -0.091281 -0.012322 0.009091 0.0052651 -0.14438 0.029945 -0.016938 0.19154 -0.082031 0.10451 0.16761 0.015488 0.0068529
0.031743 0.16535 0.069927 0.12678 0.062184 0.11839 0.01576 0.045303 0.12248 0.03635 0.16578 0.064119 0.11689 0.073184 0.09987 0.014727 0.04141 0.16568 0.16909 0.28688 -0.01388 0.21091 0.050682 0.12254 0.008049 -0.00090871 0.12291 0.12431 0.13169 0.28085 0.030182 -0.078638 0.096014 0.37215 0.1255 -0.082373 0.014974 0.32825 0.49342 0.19519 0.42189 0.12976 0.1558 0.084777 0.19408 0.19007 0.56139 0.29114 -0.075427 0.030315 0 0.50032 0.2281 0.29333 0.001038 0.21104 0.038843 0.13252 0.02228 -0.0068058 0.10559 0.11654 0.13289 0.25308 0.052976 -0.054847 0.11343 0.36096 0.17959 -0.080861 0.08896 0.30105 0.45823 0.23785 0.41389 0.17739 0.16304 0.0802 0.20218 0.17894 0.53403 0.36079 -0.045505 -0.0049552 0.64922 0.45845
0.22775 0.28539 0.18336 0.34574 0.1423 0.08286 0.027731 0.0873 0.18063 0.22824 0.27704 0.19005 0.31371 0.12103 0.084402 0.029398 0.060872 0.19017 0.13048 0.5623 -0.041689 0.24262 0.10058 0.14417 -0.0788 0.09806 -0.027286 0.11508 0.32779 0.28476 -0.079901 -0.19895 0.046492 0.49207 0.37439 -0.12204 0.19756 0.37076 0.606 0.35029 0.63627 0.063111 0.1824 0.26368 0.30393 0.37727 0.30909 0.58021 -0.13115 0.022662 0.50032 0 0.1649 0.5363 -0.0084427 0.23823 0.053221 0.10132 -0.031498 0.07301 0.0086705 0.11597 0.32154 0.25575 -0.049675 -0.14992 0.060961 0.4612 0.48499 -0.090128 0.3307 0.36167 0.53143 0.40169 0.60955 0.16716 0.1997 0.26389 0.33375 0.32947 0.27805 0.646 -0.13022 -0.032612 0.40971 0.76887
-0.034733 -0.11872 -0.028741 -0.017681 -0.0083884 0.032824 0.092979 -0.02048 -0.033712 -0.14498 -0.14075 -0.025361 0.0052475 -0.015793 0.038605 0.1051 -0.012427 -0.0076573 0.66044 0.025034 0.030872 0.081769 0.019431 0.24811 0.040921 0.13227 -0.15857 0.14783 0.085575 0.090507 -0.043347 0.23912 0.036388 0.026078 0.26949 -0.016107 0.2793 -0.0071328 0.045582 -0.075044 0.13124 -0.049937 -0.090354 -0.0057426 0.032498 0.07867 0.58675 0.19779 0.036888 0.091933 0.2281 0.1649 0 0.038796 0.17232 0.088325 0.035258 0.27745 0.16786 0.20173 -0.15298 0.095545 0.12092 0.085124 -0.031395 0.41226 0.042414 0.042792 0.41282 0.15504 0.456 -0.040071 0.087156 -0.039509 0.18055 0.019052 -0.041421 0.034139 0.23381 0.078151 0.71159 0.20126 0.053712 0.16614 0.19816 0.15487
