0 0.31183 0.23828 0.26265 0.077477 -0.023696 -0.10598 0.04118 0.19275 0.68133 0.38475 0.32645 0.27701 0.096203 -0.0086114 -0.10385 0.024946 0.24551 -0.12341 0.21499 0.064032 -0.074262 0.024315 -0.083599 0.043275 0.15121 0.072467 -0.0279 0.19952 -0.069143 -0.15715 -0.077862 0.0065637 0.099072 0.097419 -0.034589 0.046328 0.032966 0.014677 0.34206 0.066278 0.16834 0.076608 0.3755 0.069539 0.12611 -0.13635 0.37324 -0.095234 -0.055133 0.039964 0.21138 0.0011753 0.26568 0.40376 -0.066541 0.038261 -0.11913 0.31421 0.22173 0.15296 -0.037178 0.31681 -0.09739 -0.049176 0.11276 0.0084021 0.12302 0.3964 0.20176 0.2937 0.058348 0.019065 0.42228 0.15706 0.28036 0.15314 0.56504 0.38429 0.14587 -0.10014 0.52729 -0.0087527 -0.080552 0.033265 0.265
0.31183 0 0.2249 0.25076 0.10302 0.00040946 -0.087995 0.06911 0.21473 0.329 0.4921 0.24625 0.23897 0.095152 -0.015179 -0.10135 0.051499 0.2115 -0.090725 0.24146 0.025301 0.078276 0.014666 -0.077261 0.016071 0.031277 0.11462 0.065416 0.13619 0.10716 -0.046268 -0.11462 0.0058307 0.15433 0.096506 -0.07141 0.003513 0.19802 0.11172 0.31074 0.11016 0.17415 0.14383 0.19957 0.1682 0.10067 -0.093631 0.21928 -0.054718 -0.053682 0.15879 0.26266 -0.10625 0.24909 0.053146 0.07572 0.0061943 -0.099731 0.037902 -0.032189 0.1122 0.053865 0.12469 0.068905 -0.034965 -0.10316 -0.021381 0.095358 0.15173 -0.033475 0.066181 0.2361 0.056379 0.30134 0.077855 0.16771 0.13499 0.16593 0.15301 0.039009 -0.11304 0.19849 -0.056691 -0.070454 0.1347 0.24319
0.23828 0.2249 0 0.38994 0.11631 0.01721 -0.02051 0.14661 0.12669 0.26327 0.2512 0.57604 0.37533 0.064479 0.015861 -0.022326 0.11946 0.13882 -0.010566 0.1921 0.094128 -0.012092 0.0026298 -0.05578 -0.002213 0.046303 0.053442 -0.0094733 0.18933 -0.00061194 -0.032152 -0.076625 -0.042414 0.035759 0.22785 -0.014016 0.14001 0.044867 -0.0068947 0.1914 0.081418 0.061278 0.1627 0.23901 0.19337 0.038953 -0.043614 0.19676 -0.055958 -0.046572 0.077169 0.17691 -0.0029539 0.1799 0.09416 -0.03087 0.020736 -0.078095 -0.0024359 0.0094614 0.032999 0.0031249 0.15304 -0.027688 -0.027404 -0.077285 -0.03635 0.017388 0.1973 -0.035492 0.13888 0.057164 -0.022281 0.18631 0.081127 0.047598 0.12045 0.16308 0.14638 -0.0029793 -0.043015 0.18242 -0.074225 -0.0542 0.079329 0.17661
0.26265 0.25076 0.38994 0 0.21137 0.0010359 -0.0066516 0.11741 0.12482 0.25284 0.25809 0.37346 0.6364 0.12221 -0.00058921 -0.0092824 0.095154 0.13306 -0.040418 0.28463 -0.039881 0.012024 0.0068881 -0.028247 -0.11307 0.030947 -0.013656 0.0093756 0.15501 0.020666 -0.042647 -0.15776 -0.026466 0.1734 0.18066 -0.080113 0.081577 0.079169 0.15223 0.19628 0.26941 0.017317 0.1187 0.15514 0.17909 0.10553 -0.0022797 0.26043 -0.076747 -0.016679 0.12123 0.34059 0.00039216 0.28413 0.0054968 0.013129 0.009005 -0.041213 -0.073529 -0.010706 -0.0040528 0.025016 0.15236 0.003464 -0.040767 -0.14029 0.0065427 0.13834 0.25523 -0.056172 0.14875 0.097956 0.091944 0.23834 0.24593 0.048648 0.11859 0.1647 0.17709 0.082487 -0.019307 0.29653 -0.082037 -0.055777 0.11246 0.34464
0.077477 0.10302 0.11631 0.21137 0 -0.0017037 -0.013747 0.023855 0.055297 0.095043 0.094523 0.11558 0.18515 0.038315 -0.0092712 -0.023626 0.023161 0.0515 -0.010288 0.099044 0.0019706 -0.0035933 0.0082438 -0.0032599 -0.021169 0.019811 -0.017288 -0.002746 0.077447 -0.00098415 -0.023939 -0.031049 -0.015082 0.0093889 0.080533 0.010379 0.063574 0.032397 0.055837 0.086437 0.087861 0.00205 0.061322 0.074244 0.072813 0.011026 0.018889 0.11284 -0.03318 -0.016117 0.059117 0.14279 -0.00022709 0.11444 -0.020092 -0.0078775 -0.012477 -0.029917 -0.043259 -0.0063973 -0.0165 0.0088836 0.068386 -0.015918 -0.026046 -0.045634 -0.025015 0.019916 0.089162 -0.00034371 0.068588 0.036322 0.038243 0.071801 0.070845 -0.011073 0.025995 0.040972 0.051491 -0.01134 -0.0038347 0.10287 -0.044532 -0.019845 0.035709 0.12875
-0.023696 0.00040946 0.01721 0.0010359 -0.0017037 0 0.17455 0.018241 0.076666 0.029959 -0.011823 0.0088785 -0.0072802 -0.019739 0.43189 0.18788 0.039615 0.062739 0.071279 0.040111 0.13897 0.086318 0.11942 0.22712 0.22998 0.12293 0.33245 0.1153 0.075722 0.11849 0.30826 0.19436 0.27189 0.082413 -0.036828 0.025226 -0.028133 0.074463 0.10029 0.083674 0.063233 0.24619 0.21673 -0.03299 0.15253 0.061883 0.23082 -0.087803 0.060196 0.15187 0.1147 0.085701 0.041047 0.023163 0.00014248 0.066287 0.090886 0.21232 0.11469 0.089892 0.27457 0.12 0.013409 0.10295 0.27836 0.12479 0.22477 0.076371 -0.11781 -0.053538 -0.079778 0.051402 0.10963 0.026803 0.060814 0.20043 0.1515 -0.097022 0.054283 0.02903 0.19194 -0.10926 0.052018 0.12124 0.10026 0.061469
-0.10598 -0.087995 -0.02051 -0.0066516 -0.013747 0.17455 0 -0.0054107 -0.0079698 -0.056761 -0.11249 -0.0492 -0.026457 -0.023968 0.17789 0.25673 -0.0059122 -0.030425 0.13989 -0.034788 0.043106 0.021255 0.071424 0.19126 0.071975 0.12834 0.0022017 0.072464 0.0040344 0.041115 0.17398 0.16019 0.072321 0.020847 0.015352 0.076562 0.068082 -0.012545 0.057404 -0.12832 0.068307 -0.045124 0.0042426 -0.15053 0.053938 0.023775 0.22842 -0.078338 0.059177 0.12688 0.013439 0.028986 0.095367 -0.055573 -0.067899 0.010634 0.027957 0.1683 -0.034377 0.077165 -0.028959 0.063993 -0.025968 0.037099 0.097232 0.081801 0.056087 0.022013 -0.063471 -0.022639 -0.026608 -0.034341 0.065597 -0.14466 0.073503 -0.062057 -0.018942 -0.18977 -0.021871 0.02782 0.18704 -0.13542 0.025572 0.10579 0.0051367 -0.0031599
0.04118 0.06911 0.14661 0.11741 0.023855 0.018241 -0.0054107 0 0.055795 0.030253 0.070984 0.13179 0.11356 0.016726 0.035209 0.012315 0.10356 0.061027 -0.031948 0.086736 -0.063644 0.022874 -0.0045761 -0.010519 -0.05684 -0.027243 0.040637 0.018894 0.019863 0.011912 0.056656 -0.06738 0.023754 0.056325 -0.019844 -0.084932 -0.070207 0.044163 0.032302 0.059799 0.031032 0.03236 0.112 -0.010026 0.011588 0.011402 0.013693 0.0070746 -0.0090667 0.0026891 0.043189 0.083159 -0.015084 0.076421 -0.045749 0.028708 -0.0067713 -5.3952e-05 -0.036247 -0.00079334 0.054774 0.038618 0.029507 0.0095505 0.052633 -0.052252 0.012803 0.057023 -0.0037821 -0.094744 -0.018598 0.051416 0.020259 0.065456 0.048098 0.046875 0.094695 0.0071317 0.022533 0.013499 0.023073 0.054586 -0.024235 0.00338 0.058762 0.089716
0.19275 0.21473 0.12669 0.12482 0.055297 0.076666 -0.0079698 0.055795 0 0.20802 0.22037 0.121 0.12566 0.048557 0.05859 -0.016686 0.043586 0.18325 -0.03333 0.15463 0.0036308 0.047212 0.012945 -0.0020266 0.017859 0.0054337 0.10298 0.010437 0.069391 0.071792 0.0098567 -0.04643 0.056242 0.11699 0.036896 -0.050659 -0.010956 0.13471 0.087777 0.17292 0.066814 0.12941 0.12223 0.097459 0.081741 0.040128 0.014801 0.11266 -0.034285 -0.020993 0.11544 0.17002 -0.017597 0.16575 0.036076 0.037723 0.018183 -0.021554 0.043371 0.013621 0.12349 0.0018537 0.087301 0.063711 0.044878 -0.01484 0.028084 0.073597 0.082868 -0.033072 0.042732 0.14117 0.062272 0.16957 0.063609 0.14332 0.12962 0.096198 0.11236 0.0052312 0.0050413 0.1424 -0.040116 -0.0063362 0.10935 0.16699
0.68133 0.329 0.26327 0.25284 0.095043 0.029959 -0.056761 0.030253 0.20802 0 0.30749 0.26272 0.21648 0.088827 0.028138 -0.066008 0.014739 0.21974 -0.052824 0.2134 0.22698 -0.020656 0.044827 -0.12927 0.15582 0.20394 0.10633 -0.094802 0.2028 -0.033315 -0.038853 0.042967 0.025305 0.15744 0.21861 0.095934 0.18431 0.074144 0.20909 0.28996 0.25103 0.19708 0.075072 0.43548 0.27715 0.18828 -0.10777 0.3808 -0.028266 -0.0053412 0.033907 0.21435 -0.11955 0.1698 0.12941 -0.031786 0.022922 -0.14779 0.071683 0.088643 0.059908 -0.05722 0.1004 -0.040028 -0.04435 -0.0062308 0.0079587 0.10421 0.17017 0.046063 0.066894 0.09512 0.094974 0.24546 0.1405 0.1129 0.047825 0.23111 0.091381 0.047293 -0.098559 0.32927 -0.056858 -0.064805 0.040413 0.18927
0.38475 0.4921 0.2512 0.25809 0.094523 -0.011823 -0.11249 0.070984 0.22037 0.30749 0 0.30844 0.28109 0.099709 -0.029129 -0.11448 0.085976 0.24264 -0.16188 0.27142 -0.021239 0.061616 0.01227 -0.097068 -0.023051 -0.022922 0.12091 0.038769 0.11962 0.091446 -0.080388 -0.18081 0.0098035 0.11544 0.023752 -0.13541 -0.045368 0.20483 0.054923 0.32297 0.065191 0.18477 0.17127 0.19386 0.093842 0.067951 -0.13867 0.21767 -0.089071 -0.073605 0.17019 0.25527 -0.11953 0.29737 0.13715 0.078307 -0.0035354 -0.12396 0.11611 -0.028542 0.17092 0.017374 0.17483 0.053063 -0.034676 -0.082173 -0.0077144 0.13238 0.22797 -0.0087651 0.13747 0.25016 0.029824 0.38095 0.099726 0.24266 0.18509 0.27872 0.24804 0.047947 -0.12628 0.2944 -0.049962 -0.10361 0.15919 0.28318
0.32645 0.24625 0.57604 0.37346 0.11558 0.0088785 -0.0492 0.13179 0.121 0.26272 0.30844 0 0.40239 0.082638 0.017302 -0.022265 0.14433 0.13702 -0.048465 0.1887 0.050991 -0.031325 -0.010376 -0.076644 -0.029483 0.029294 0.051295 -0.011125 0.17362 -0.01539 -0.068756 -0.13362 -0.041285 0.02943 0.20008 -0.041398 0.12154 0.050197 0.0049004 0.20804 0.074347 0.044333 0.15336 0.22799 0.12112 0.053452 -0.065251 0.20241 -0.091375 -0.063146 0.07306 0.18095 0.0014085 0.23487 0.16853 -0.054707 0.014285 -0.091655 0.051453 0.037003 0.050912 -0.023122 0.21822 -0.040151 -0.027705 -0.057895 -0.0074164 0.043047 0.27987 0.039432 0.22251 0.059717 -0.042562 0.24458 0.086895 0.088515 0.17004 0.26765 0.2166 0.015897 -0.059689 0.24382 -0.073512 -0.054438 0.065099 0.21915
0.27701 0.23897 0.37533 0.6364 0.18515 -0.0072802 -0.026457 0.11356 0.12566 0.21648 0.28109 0.40239 0 0.14528 0.0018146 -0.0066857 0.11661 0.14133 -0.033974 0.26254 -0.041107 0.0067905 0.011483 -0.037452 -0.10654 0.019743 -0.030806 0.022726 0.14889 0.011538 -0.073217 -0.15669 -0.024289 0.15328 0.16135 -0.087802 0.07343 0.076716 0.090676 0.20448 0.21815 3.3269e-05 0.10339 0.1381 0.14983 0.089839 -0.016878 0.24457 -0.088275 -0.035811 0.11441 0.3154 0.029107 0.28636 0.0084962 -0.00113 0.0095767 -0.031659 -0.067756 0.025599 -0.019134 0.027519 0.17709 -0.0064944 -0.049005 -0.12792 -0.008547 0.14731 0.27579 -0.044949 0.17405 0.090618 0.09269 0.23979 0.27104 0.038588 0.11569 0.17395 0.18395 0.08102 0.014342 0.3068 -0.10083 -0.053097 0.11635 0.36717
0.096203 0.095152 0.064479 0.12221 0.038315 -0.019739 -0.023968 0.016726 0.048557 0.088827 0.099709 0.082638 0.14528 0 -0.012106 -0.029396 0.010901 0.087722 -0.015886 0.12096 -0.032418 0.0096567 0.0081449 -0.022327 -0.026421 -0.0139 -0.0034722 -0.014166 0.031482 0.0095473 -0.035558 -0.052409 -0.002973 0.050753 0.027208 -0.038704 -0.0040552 0.042401 0.051303 0.075328 0.067507 0.030392 0.050854 0.040415 0.051698 0.019296 -0.010547 0.086982 -0.041945 -0.0077145 0.064869 0.114 -0.011161 0.10217 0.0057107 0.0094868 -0.0024913 -0.017097 -0.0086491 -0.0076539 0.016385 -0.011934 0.025419 0.01264 -0.021071 -0.02703 -0.011655 0.064509 0.081033 -0.031369 0.052699 0.056246 0.05448 0.078343 0.079663 0.039565 0.063943 0.056499 0.092846 0.0049774 -0.0068831 0.11264 -0.023733 -0.01962 0.055572 0.12608
-0.0086114 -0.015179 0.015861 -0.00058921 -0.0092712 0.43189 0.17789 0.035209 0.05859 0.028138 -0.029129 0.017302 0.0018146 -0.012106 0 0.23 0.043136 0.056715 0.046849 0.038679 0.12292 0.071688 0.10501 0.2256 0.20227 0.1114 0.30318 0.10684 0.076397 0.095868 0.30767 0.16092 0.26483 0.080458 -0.048092 -0.01134 -0.055956 0.05604 0.086005 0.0627 0.067551 0.22506 0.21631 -0.0531 0.13875 0.057497 0.2126 -0.10649 0.043552 0.13361 0.086563 0.088039 0.04059 0.037864 0.045074 0.062583 0.10452 0.21972 0.13462 0.12693 0.2845 0.096827 0.04772 0.085422 0.26526 0.13288 0.26564 0.068039 -0.086709 -0.04983 -0.067011 0.045773 0.11358 0.040025 0.063059 0.2152 0.17456 -0.067943 0.079773 0.049012 0.20737 -0.090105 0.033789 0.1318 0.089082 0.08084
-0.10385 -0.10135 -0.022326 -0.0092824 -0.023626 0.18788 0.25673 0.012315 -0.016686 -0.066008 -0.11448 -0.022265 -0.0066857 -0.029396 0.23 0 0.027705 -0.0087403 0.10271 -0.02097 0.045185 0.028174 0.071073 0.18899 0.050634 0.11943 0.0032843 0.03377 0.011485 0.043435 0.14153 0.11222 0.1021 0.038264 0.006161 0.035545 0.047355 -0.038516 0.064049 -0.10293 0.086313 -0.031279 0.014021 -0.12293 0.039921 0.034137 0.20262 -0.072967 0.044269 0.10624 0.020137 0.044749 0.099699 -0.026879 -0.029673 0.01213 0.048263 0.19414 -0.010408 0.12197 -0.020214 0.032245 0.0012753 0.038088 0.1095 0.078377 0.099798 0.037994 -0.024569 -0.018126 0.014319 -0.052358 0.082356 -0.12098 0.092228 -0.042009 -0.017776 -0.1395 -0.0073359 0.035532 0.21393 -0.091998 0.019899 0.13241 0.0094981 0.040745
0.024946 0.051499 0.11946 0.095154 0.023161 0.039615 -0.0059122 0.10356 0.043586 0.014739 0.085976 0.14433 0.11661 0.010901 0.043136 0.027705 0 0.064367 -0.02352 0.082096 -0.051558 0.029519 0.012247 -0.00014167 -0.033304 -0.039149 0.06653 0.029851 0.016692 0.030206 0.056185 -0.068234 0.0069156 0.032963 -0.020802 -0.075963 -0.056535 0.035146 0.014831 0.051668 0.0081837 0.055147 0.11794 -0.021412 0.017306 0.0077994 0.023177 -0.02742 -0.0095327 -0.0089803 0.041615 0.057644 -0.0091747 0.075929 -0.039195 0.0313 0.002124 0.019444 -0.033294 -0.017278 0.053585 0.026018 0.019451 0.022239 0.039136 -0.051701 0.02089 0.042444 -0.016464 -0.10554 -0.029293 0.041725 0.0069387 0.057225 0.011105 0.055023 0.11466 0.0022206 0.0038964 0.013352 0.028881 0.017341 -0.013265 -0.0049529 0.049662 0.070667
0.24551 0.2115 0.13882 0.13306 0.0515 0.062739 -0.030425 0.061027 0.18325 0.21974 0.24264 0.13702 0.14133 0.087722 0.056715 -0.0087403 0.064367 0 -0.039418 0.15505 0.041121 0.043348 0.034281 0.010485 0.050103 0.033755 0.10602 0.0067869 0.091807 0.076095 0.0071158 -0.019449 0.062918 0.087185 0.030461 -0.039877 0.0077594 0.14084 0.083049 0.16636 0.070544 0.1425 0.1169 0.11748 0.087345 0.056987 0.027981 0.14436 -0.030973 0.032465 0.15734 0.17786 0.0024331 0.17107 0.096354 0.05112 0.016717 0.0024575 0.096355 0.029033 0.13031 0.015306 0.10895 0.064456 0.053232 0.018077 0.050253 0.11085 0.11246 0.013126 0.081423 0.15459 0.071598 0.17717 0.083387 0.17249 0.1309 0.13831 0.15416 0.044567 0.036728 0.16848 -0.0041986 -0.0044172 0.13314 0.20483
-0.12341 -0.090725 -0.010566 -0.040418 -0.010288 0.071279 0.13989 -0.031948 -0.03333 -0.052824 -0.16188 -0.048465 -0.033974 -0.015886 0.046849 0.10271 -0.02352 -0.039418 0 -0.042764 0.22964 0.006486 0.032659 0.25468 0.2431 0.29304 -0.13247 0.078977 0.071633 0.045217 0.057717 0.59752 -0.0043497 -0.053204 0.51238 0.22166 0.55125 -0.034294 0.016058 -0.10171 0.11936 -0.061469 -0.11366 -0.020573 0.20921 -0.00067035 0.70193 0.17073 0.13047 0.15723 0.15144 0.11265 0.65771 -0.041299 0.040269 -0.015358 0.015256 0.20628 0.066414 0.21535 -0.16405 0.082428 0.033622 0.040825 -0.022769 0.40074 0.015943 -0.037583 0.23169 0.21516 0.33057 -0.07495 0.078201 -0.18361 0.083002 -0.11407 -0.093228 -0.070164 0.10936 -0.020905 0.5902 -0.0011667 0.10968 0.1669 0.17162 0.082266
0.21499 0.24146 0.1921 0.28463 0.099044 0.040111 -0.034788 0.086736 0.15463 0.2134 0.27142 0.1887 0.26254 0.12096 0.038679 -0.02097 0.082096 0.15505 -0.042764 0 -0.10175 0.15003 0.045954 0.036791 -0.13165 0.0076977 0.0059662 0.037001 0.2346 0.17045 -0.090509 -0.27665 0.02592 0.37684 0.20133 -0.19242 0.033933 0.25125 0.29676 0.39795 0.39892 0.085968 0.2741 0.25035 0.34458 0.27383 0.081653 0.40717 -0.14037 -0.039437 0.28228 0.55249 0.049649 0.5807 -0.10072 0.15822 0.0014759 0.013335 -0.13672 0.0079514 0.038851 0.050273 0.20212 0.144 -0.055255 -0.2616 0.033992 0.35542 0.29203 -0.22862 0.1156 0.25238 0.2432 0.4227 0.38293 0.13552 0.26931 0.20579 0.27896 0.2206 0.076794 0.45851 -0.17076 -0.083906 0.22709 0.54535
0.064032 0.025301 0.094128 -0.039881 0.0019706 0.13897 0.043106 -0.063644 0.0036308 0.22698 -0.021239 0.050991 -0.041107 -0.032418 0.12292 0.045185 -0.051558 0.041121 0.22964 -0.10175 0 -0.13956 0.059436 0.19213 0.67743 0.52194 0.20358 -0.045775 0.26301 -0.082779 0.10148 0.47529 0.15887 -0.12347 0.51802 0.42358 0.50932 -0.12263 -0.059554 0.10248 0.079278 0.30429 -0.026688 0.64119 0.332 0.30264 0.078627 0.40062 0.022681 0.01517 -0.010212 -0.036216 0.064197 -0.10755 0.65679 -0.18445 0.061175 0.10932 0.50398 0.26257 0.073921 -0.016724 0.109 -0.07624 0.063439 0.32023 0.11927 -0.11583 0.28941 0.35517 0.2577 -0.1194 -0.028476 -0.013194 0.013541 0.16953 -0.087326 0.2886 0.09118 0.11473 0.063351 0.07753 0.060612 0.022442 0.0008974 -0.064127
-0.074262 0.078276 -0.012092 0.012024 -0.0035933 0.086318 0.021255 0.022874 0.047212 -0.020656 0.061616 -0.031325 0.0067905 0.0096567 0.071688 0.028174 0.029519 0.043348 0.006486 0.15003 -0.13956 0 0.0089682 0.28812 0.012892 -0.14334 0.11816 0.14998 0.032404 0.91041 0.015716 -0.18442 0.17374 0.38505 -0.091563 -0.16054 -0.14054 0.86939 0.33257 0.039517 0.28279 0.25754 0.066482 -0.042371 0.094219 0.65585 0.14429 -0.018873 -0.036753 0.010577 0.18406 0.21569 0.057391 0.13999 -0.26882 0.96799 -0.0056891 0.33886 -0.11127 -0.084352 0.14249 0.20056 -0.036456 0.89709 -0.0082326 -0.22803 0.1798 0.35259 -0.15185 -0.2522 -0.18794 0.82096 0.37366 0.037605 0.30174 0.28823 0.063852 -0.1429 -0.026343 0.57973 0.14836 0.01048 -0.079124 0.0083077 0.15645 0.18301
0.024315 0.014666 0.0026298 0.0068881 0.0082438 0.11942 0.071424 -0.0045761 0.012945 0.044827 0.01227 -0.010376 0.011483 0.0081449 0.10501 0.071073 0.012247 0.034281 0.032659 0.045954 0.059436 0.0089682 0 0.15399 0.10613 0.1307 0.049069 0.025706 0.084872 0.032372 0.087071 0.098763 0.094871 0.03538 0.055901 0.041613 0.063531 0.014408 0.048396 0.033266 0.059586 0.030612 0.054153 0.033811 0.067091 0.075546 0.10707 0.054199 0.027749 0.099223 0.044819 0.092999 0.023387 0.023405 0.031321 -0.0047886 0.044655 0.12508 0.067659 0.10892 0.049775 0.0087414 0.05223 0.027378 0.078644 0.068479 0.072219 0.0039721 0.048221 0.020542 0.037836 0.00024736 0.034449 0.024287 0.046976 0.050151 0.025825 -0.0049425 0.044664 0.061685 0.077267 0.031066 0.017861 0.047671 0.02206 0.078438
-0.083599 -0.077261 -0.05578 -0.028247 -0.0032599 0.22712 0.19126 -0.010519 -0.0020266 -0.12927 -0.097068 -0.076644 -0.037452 -0.022327 0.2256 0.18899 -0.00014167 0.010485 0.25468 0.036791 0.19213 0.28812 0.15399 0 0.33215 0.35279 0.088513 0.50684 0.095015 0.49339 0.19019 0.19053 0.3303 0.094115 0.11938 0.045471 0.10115 0.25758 0.12224 -0.067087 0.1522 0.08227 0.047271 -0.0303 0.082301 0.44568 0.35523 0.0038036 0.056433 0.15325 0.11811 0.15181 0.29435 0.037558 0.037938 0.25938 0.11617 0.81279 0.18457 0.3738 0.085238 0.47298 0.078552 0.49078 0.16237 0.18382 0.34656 0.096301 0.08614 -0.024758 0.13522 0.1797 0.16515 -0.059375 0.17504 0.13785 0.04671 -0.068288 0.049549 0.43003 0.30343 -0.023903 0.040507 0.1381 0.10132 0.10938
0.043275 0.016071 -0.002213 -0.11307 -0.021169 0.22998 0.071975 -0.05684 0.017859 0.15582 -0.023051 -0.029483 -0.10654 -0.026421 0.20227 0.050634 -0.033304 0.050103 0.2431 -0.13165 0.67743 0.012892 0.10613 0.33215 0 0.49108 0.50398 0.079371 0.15665 0.081382 0.2877 0.62963 0.38588 -0.093035 0.23615 0.34013 0.24695 -0.014332 -0.11085 0.16299 -0.1471 0.63007 0.10306 0.46639 0.28428 0.26664 0.1206 0.16513 0.1556 0.12005 0.0013998 -0.082995 0.10829 -0.14232 0.50726 -0.058714 0.068427 0.23728 0.74701 0.3162 0.39964 0.06395 0.060916 0.065842 0.25584 0.5466 0.32061 -0.10464 0.10896 0.24996 0.16701 -0.037511 -0.0924 0.036452 -0.16597 0.48778 0.049695 0.19168 0.1411 0.094365 0.10256 -0.024051 0.23409 0.13688 0.012789 -0.1145
0.15121 0.031277 0.046303 0.030947 0.019811 0.12293 0.12834 -0.027243 0.0054337 0.20394 -0.022922 0.029294 0.019743 -0.0139 0.1114 0.11943 -0.039149 0.033755 0.29304 0.0076977 0.52194 -0.14334 0.1307 0.35279 0.49108 0 -0.0018345 0.091695 0.24931 -0.077636 0.060677 0.45206 0.10608 -0.055396 0.41156 0.36245 0.45763 -0.1374 0.00047602 0.042852 0.12108 -0.01496 -0.059021 0.37004 0.21233 0.29105 0.19964 0.42682 0.020329 0.12431 0.0019059 0.11306 0.18843 0.0070224 0.32864 -0.17192 0.099032 0.26498 0.32257 0.54183 -0.084795 0.05837 0.16249 -0.082856 -0.0032938 0.32649 0.041909 -0.075475 0.29717 0.26804 0.3393 -0.15573 -0.0092866 0.011519 0.064495 -0.035215 -0.08113 0.15634 0.064768 0.2052 0.14848 0.22408 0.032479 0.091708 0.016211 0.077004
0.072467 0.11462 0.053442 -0.013656 -0.017288 0.33245 0.0022017 0.040637 0.10298 0.10633 0.12091 0.051295 -0.030806 -0.0034722 0.30318 0.0032843 0.06653 0.10602 -0.13247 0.0059662 0.20358 0.11816 0.049069 0.088513 0.50398 -0.0018345 0 0.01901 0.023768 0.11879 0.47316 0.19659 0.38062 0.079202 -0.22158 -0.052372 -0.25198 0.13818 0.048259 0.37615 -0.1191 0.77131 0.43352 0.070838 0.20632 0.003757 0.023297 -0.16638 0.12023 0.058504 0.12059 -0.019939 -0.12603 -0.00051736 0.093561 0.085007 0.050476 0.066062 0.34391 -0.03315 0.73998 0.04127 -0.044767 0.10889 0.43225 0.19051 0.30661 0.056665 -0.2771 -0.12445 -0.22487 0.16212 0.065004 0.25641 -0.10964 0.68422 0.32875 -0.024022 0.13122 -0.089345 0.036016 -0.18263 0.10648 0.049681 0.094257 -0.042015
-0.0279 0.065416 -0.0094733 0.0093756 -0.002746 0.1153 0.072464 0.018894 0.010437 -0.094802 0.038769 -0.011125 0.022726 -0.014166 0.10684 0.03377 0.029851 0.0067869 0.078977 0.037001 -0.045775 0.14998 0.025706 0.50684 0.079371 0.091695 0.01901 0 0.031879 0.35859 0.12475 0.014232 0.053225 0.0444 0.019658 -0.0023746 0.028701 0.2492 0.03826 0.0040654 0.070226 -0.059611 0.064163 -0.073436 -0.0059685 0.24718 0.19521 -0.084943 0.016397 0.056768 0.11236 0.10501 0.18053 0.054484 -0.083583 0.15864 0.019087 0.53322 -0.013114 0.17152 -0.0014024 0.93082 0.06623 0.29109 0.087502 0.041433 0.078197 0.043618 0.064954 -0.030199 0.083871 0.24939 0.10013 0.0064725 0.12238 -0.031044 0.054726 -0.077141 -0.0021998 0.28388 0.16725 0.0015642 0.016028 0.04626 0.10898 0.10488
0.19952 0.13619 0.18933 0.15501 0.077447 0.075722 0.0040344 0.019863 0.069391 0.2028 0.11962 0.17362 0.14889 0.031482 0.076397 0.011485 0.016692 0.091807 0.071633 0.2346 0.26301 0.032404 0.084872 0.095015 0.15665 0.24931 0.023768 0.031879 0 0.032395 0.0061333 0.049924 0.057601 0.069973 0.43816 0.29014 0.46694 0.07209 0.028376 0.28239 0.13525 0.083395 0.19688 0.46162 0.29176 0.18499 0.088309 0.42789 -0.061325 0.043584 0.14092 0.33995 0.10693 0.23109 0.23591 0.010875 0.042211 0.062254 0.14285 0.165 -0.020696 0.027172 0.40784 0.025861 0.0089841 0.042032 0.017386 0.035659 0.41215 0.23074 0.44706 0.067608 0.026866 0.21887 0.12098 0.063253 0.15711 0.30009 0.22295 0.086178 0.081686 0.32719 -0.029768 -0.0063661 0.12343 0.34062
-0.069143 0.10716 -0.00061194 0.020666 -0.00098415 0.11849 0.041115 0.011912 0.071792 -0.033315 0.091446 -0.01539 0.011538 0.0095473 0.095868 0.043435 0.030206 0.076095 0.045217 0.17045 -0.082779 0.91041 0.032372 0.49339 0.081382 -0.077636 0.11879 0.35859 0.032395 0 0.04527 -0.15426 0.23605 0.38468 -0.064742 -0.1548 -0.08845 0.90971 0.36157 0.061279 0.28312 0.21591 0.07575 -0.04119 0.074119 0.67079 0.19801 0.015958 -0.022094 0.015912 0.25387 0.25753 0.076575 0.14436 -0.20098 0.89563 0.0028341 0.52095 -0.041468 0.0049373 0.14361 0.39295 -0.0040572 0.91779 0.013849 -0.17358 0.24423 0.34408 -0.077915 -0.22294 -0.11063 0.86556 0.39687 0.065379 0.31012 0.2707 0.07268 -0.11764 -0.019899 0.61686 0.18861 0.083444 -0.065608 -0.0035011 0.21909 0.22628
-0.15715 -0.046268 -0.032152 -0.042647 -0.023939 0.30826 0.17398 0.056656 0.0098567 -0.038853 -0.080388 -0.068756 -0.073217 -0.035558 0.30767 0.14153 0.056185 0.0071158 0.057717 -0.090509 0.10148 0.015716 0.087071 0.19019 0.2877 0.060677 0.47316 0.12475 0.0061333 0.04527 0 0.34075 0.25685 0.013308 -0.16808 0.05611 -0.11977 0.0029746 0.04951 -0.042166 -0.040207 0.35396 0.36634 -0.26272 0.20902 -0.080091 0.20763 -0.31935 0.26473 0.18845 0.032953 -0.065637 -0.019896 -0.12399 -0.14975 0.0051249 0.045094 0.19495 0.0626 0.03553 0.34992 0.14392 -0.12108 0.039402 0.54089 0.21995 0.21292 -0.00099123 -0.34088 -0.11463 -0.25445 -0.0099748 0.068707 -0.14107 -0.058427 0.19597 0.2131 -0.37505 0.00091366 -0.098407 0.17269 -0.34682 0.20604 0.17119 0.02587 -0.10029
-0.077862 -0.11462 -0.076625 -0.15776 -0.031049 0.19436 0.16019 -0.06738 -0.04643 0.042967 -0.18081 -0.13362 -0.15669 -0.052409 0.16092 0.11222 -0.068234 -0.019449 0.59752 -0.27665 0.47529 -0.18442 0.098763 0.19053 0.62963 0.45206 0.19659 0.014232 0.049924 -0.15426 0.34075 0 0.12534 -0.25018 0.24565 0.54228 0.35125 -0.20777 -0.17208 -0.098325 -0.19406 0.22125 -0.015563 -0.006267 0.26451 -0.18222 0.3654 0.036954 0.30473 0.27533 -0.091643 -0.20464 0.2701 -0.28677 0.22923 -0.22989 0.071311 0.12402 0.37631 0.29247 0.065505 0.0073778 -0.03487 -0.13355 0.19694 0.76519 0.070164 -0.23967 -0.035953 0.42109 0.10508 -0.23645 -0.14065 -0.22888 -0.22915 0.0074543 -0.091691 -0.16282 0.082268 -0.206 0.26714 -0.20919 0.3427 0.26666 -0.056969 -0.21713
0.0065637 0.0058307 -0.042414 -0.026466 -0.015082 0.27189 0.072321 0.023754 0.056242 0.025305 0.0098035 -0.041285 -0.024289 -0.002973 0.26483 0.1021 0.0069156 0.062918 -0.0043497 0.02592 0.15887 0.17374 0.094871 0.3303 0.38588 0.10608 0.38062 0.053225 0.057601 0.23605 0.25685 0.12534 0 0.11705 -0.060118 -0.034822 -0.079966 0.15416 0.070217 0.059841 -0.0068718 0.42594 0.20598 0.044059 0.1257 0.1396 0.14408 -0.065751 0.041931 0.099626 0.099012 0.058603 0.036244 0.01779 0.10306 0.14404 0.06699 0.2868 0.28156 0.10043 0.36874 0.057137 0.02004 0.22608 0.26933 0.14693 0.43261 0.088502 -0.076161 -0.046038 -0.029563 0.12612 0.054111 0.05275 -0.0093167 0.41346 0.16783 -0.0044403 0.11189 0.079752 0.134 -0.076182 0.074043 0.093912 0.072685 0.030095
0.099072 0.15433 0.035759 0.1734 0.0093889 0.082413 0.020847 0.056325 0.11699 0.15744 0.11544 0.02943 0.15328 0.050753 0.080458 0.038264 0.032963 0.087185 -0.053204 0.37684 -0.12347 0.38505 0.03538 0.094115 -0.093035 -0.055396 0.079202 0.0444 0.069973 0.38468 0.013308 -0.25018 0.11705 0 0.076622 -0.22801 -0.039191 0.44009 0.54241 0.2474 0.60549 0.1914 0.1087 0.097322 0.31784 0.3803 0.16322 0.29791 -0.076744 -0.017963 0.36335 0.48445 0.010866 0.3319 -0.12927 0.36448 -0.0010175 0.094286 -0.11246 -0.051498 0.092865 0.040446 0.032055 0.34978 -0.013077 -0.24105 0.14347 0.77687 0.13147 -0.23415 0.032737 0.40665 0.47142 0.29637 0.55127 0.23988 0.084415 0.075404 0.23349 0.3078 0.16741 0.35281 -0.10433 -0.031658 0.31464 0.44258
0.097419 0.096506 0.22785 0.18066 0.080533 -0.036828 0.015352 -0.019844 0.036896 0.21861 0.023752 0.20008 0.16135 0.027208 -0.048092 0.006161 -0.020802 0.030461 0.51238 0.20133 0.51802 -0.091563 0.055901 0.11938 0.23615 0.41156 -0.22158 0.019658 0.43816 -0.064742 -0.16808 0.24565 -0.060118 0.076622 0 0.40643 0.83902 -0.027143 0.032363 0.10781 0.31876 -0.10662 -0.085344 0.52802 0.53154 0.20836 0.26455 0.64651 -0.052877 0.024491 0.1232 0.35444 0.31178 0.20858 0.3111 -0.12002 0.01611 0.056108 0.098202 0.17983 -0.29345 0.016912 0.30366 -0.059954 -0.19983 0.08637 -0.060512 0.060976 0.66974 0.29821 0.61488 -0.04432 0.046979 0.020603 0.26705 -0.17148 -0.10302 0.22732 0.29161 0.1135 0.2165 0.42759 -0.047695 -0.01301 0.13483 0.34155
-0.034589 -0.07141 -0.014016 -0.080113 0.010379 0.025226 0.076562 -0.084932 -0.050659 0.095934 -0.13541 -0.041398 -0.087802 -0.038704 -0.01134 0.035545 -0.075963 -0.039877 0.22166 -0.19242 0.42358 -0.16054 0.041613 0.045471 0.34013 0.36245 -0.052372 -0.0023746 0.29014 -0.1548 0.05611 0.54228 -0.034822 -0.22801 0.40643 0 0.59895 -0.15107 -0.15674 -0.10813 -0.089386 -0.10492 -0.15805 0.17532 0.17878 -0.097543 0.026432 0.14449 0.14636 0.094629 -0.076989 -0.10223 0.010217 -0.19727 0.17172 -0.18032 0.052783 0.021825 0.10564 0.17076 -0.19208 -0.012462 0.13735 -0.1444 -0.030103 0.24671 -0.028541 -0.20793 0.15304 0.54676 0.2603 -0.16502 -0.11771 -0.21248 -0.10257 -0.27325 -0.22177 -0.12567 -0.085846 -0.13989 0.00093189 -0.056204 0.12124 0.077813 -0.055713 -0.095462
0.046328 0.003513 0.14001 0.081577 0.063574 -0.028133 0.068082 -0.070207 -0.010956 0.18431 -0.045368 0.12154 0.07343 -0.0040552 -0.055956 0.047355 -0.056535 0.0077594 0.55125 0.033933 0.50932 -0.14054 0.063531 0.10115 0.24695 0.45763 -0.25198 0.028701 0.46694 -0.08845 -0.11977 0.35125 -0.079966 -0.039191 0.83902 0.59895 0 -0.082442 -0.049868 -0.025101 0.21679 -0.23566 -0.19522 0.39852 0.3344 0.11972 0.24834 0.54922 0.018696 0.046344 0.023534 0.20897 0.30026 0.0087659 0.30825 -0.15782 0.046156 0.042177 0.042719 0.2358 -0.34509 0.025128 0.29654 -0.091873 -0.1765 0.13511 -0.085455 -0.049815 0.54743 0.48808 0.62827 -0.099075 -0.0043954 -0.11604 0.15472 -0.32001 -0.20649 0.12538 0.071306 0.044015 0.18231 0.27329 -0.045856 0.013907 0.050867 0.20331
0.032966 0.19802 0.044867 0.079169 0.032397 0.074463 -0.012545 0.044163 0.13471 0.074144 0.20483 0.050197 0.076716 0.042401 0.05604 -0.038516 0.035146 0.14084 -0.034294 0.25125 -0.12263 0.86939 0.014408 0.25758 -0.014332 -0.1374 0.13818 0.2492 0.07209 0.90971 0.0029746 -0.20777 0.15416 0.44009 -0.027143 -0.15107 -0.082442 0 0.4271 0.17702 0.34714 0.25787 0.10318 0.0041997 0.11327 0.58385 0.10759 0.097506 -0.055419 -0.017251 0.29994 0.32466 0.0062747 0.23917 -0.1879 0.82942 -0.010645 0.29524 -0.07287 -0.071806 0.16811 0.30634 0.046949 0.87228 -0.010865 -0.22515 0.15875 0.40574 -0.021259 -0.19284 -0.084459 0.95789 0.45441 0.19063 0.38738 0.30054 0.1157 -0.044144 0.045025 0.53004 0.10214 0.21861 -0.088604 -0.049707 0.26697 0.31795
0.014677 0.11172 -0.0068947 0.15223 0.055837 0.10029 0.057404 0.032302 0.087777 0.20909 0.054923 0.0049004 0.090676 0.051303 0.086005 0.064049 0.014831 0.083049 0.016058 0.29676 -0.059554 0.33257 0.048396 0.12224 -0.11085 0.00047602 0.048259 0.03826 0.028376 0.36157 0.04951 -0.17208 0.070217 0.54241 0.032363 -0.15674 -0.049868 0.4271 0 0.082122 0.86285 0.066461 0.036703 0.011631 0.29401 0.44993 0.27767 0.33064 -0.011337 0.038179 0.46723 0.58681 0.010146 0.26107 -0.18833 0.30302 -0.0048963 0.13018 -0.19144 -0.026802 0.019703 0.030467 -0.033989 0.33517 0.0068993 -0.2329 0.087661 0.49355 0.020095 -0.22394 -0.10914 0.38325 0.8781 0.1087 0.76448 0.070789 0.0038287 -0.09336 0.12529 0.35281 0.25265 0.31317 -0.10192 -0.020146 0.37559 0.47787
0.34206 0.31074 0.1914 0.19628 0.086437 0.083674 -0.12832 0.059799 0.17292 0.28996 0.32297 0.20804 0.20448 0.075328 0.0627 -0.10293 0.051668 0.16636 -0.10171 0.39795 0.10248 0.039517 0.033266 -0.067087 0.16299 0.042852 0.37615 0.0040654 0.28239 0.061279 -0.042166 -0.098325 0.059841 0.2474 0.10781 -0.10813 -0.025101 0.17702 0.082122 0 0.097807 0.50662 0.339 0.44219 0.30997 0.1595 -0.055287 0.39124 -0.083916 -0.048948 0.19438 0.33988 -0.053293 0.37492 0.1706 0.044824 0.036726 -0.078982 0.21232 0.048966 0.37162 0.0096606 0.24399 0.024846 0.048744 -0.027761 0.025368 0.2019 0.20905 -0.079529 0.11967 0.20442 0.063888 0.67431 0.11365 0.46458 0.31498 0.41511 0.31253 0.068888 -0.037671 0.38692 -0.095601 -0.085459 0.17691 0.35173
0.066278 0.11016 0.081418 0.26941 0.087861 0.063233 0.068307 0.031032 0.066814 0.25103 0.065191 0.074347 0.21815 0.067507 0.067551 0.086313 0.0081837 0.070544 0.11936 0.39892 0.079278 0.28279 0.059586 0.1522 -0.1471 0.12108 -0.1191 0.070226 0.13525 0.28312 -0.040207 -0.19406 -0.0068718 0.60549 0.31876 -0.089386 0.21679 0.34714 0.86285 0.097807 0 -0.083876 0.0024715 0.12318 0.49143 0.49859 0.30911 0.51147 -0.058403 0.0037671 0.41927 0.63479 0.12405 0.35239 -0.09904 0.24632 -0.006139 0.13391 -0.26305 0.014612 -0.14469 0.080366 0.069515 0.26514 -0.098852 -0.28199 0.041019 0.57729 0.27695 -0.20133 0.076396 0.31506 0.79856 0.12011 0.90417 -0.039537 -0.03074 -0.01215 0.27057 0.43582 0.28356 0.44389 -0.15114 -0.039206 0.33669 0.55285
0.16834 0.17415 0.061278 0.017317 0.00205 0.24619 -0.045124 0.03236 0.12941 0.19708 0.18477 0.044333 3.3269e-05 0.030392 0.22506 -0.031279 0.055147 0.1425 -0.061469 0.085968 0.30429 0.25754 0.030612 0.08227 0.63007 -0.01496 0.77131 -0.059611 0.083395 0.21591 0.35396 0.22125 0.42594 0.1914 -0.10662 -0.10492 -0.23566 0.25787 0.066461 0.50662 -0.083876 0 0.40835 0.30026 0.32123 0.15822 0.045431 0.061628 0.09702 0.050073 0.13128 0.062819 -0.026583 0.079822 0.20878 0.21647 0.042104 0.057121 0.49739 -0.019608 0.73228 -8.4873e-05 -0.012981 0.20019 0.35325 0.26615 0.35329 0.14212 -0.16367 -0.12972 -0.16245 0.26149 0.057812 0.39854 -0.079847 0.89741 0.34301 0.17039 0.27332 0.0045472 0.059383 0.010436 0.146 0.052024 0.11725 0.029247
0.076608 0.14383 0.1627 0.1187 0.061322 0.21673 0.0042426 0.112 0.12223 0.075072 0.17127 0.15336 0.10339 0.050854 0.21631 0.014021 0.11794 0.1169 -0.11366 0.2741 -0.026688 0.066482 0.054153 0.047271 0.10306 -0.059021 0.43352 0.064163 0.19688 0.07575 0.36634 -0.015563 0.20598 0.1087 -0.085344 -0.15805 -0.19522 0.10318 0.036703 0.339 0.0024715 0.40835 0 0.043633 0.34263 -0.0087631 0.058961 -0.032531 0.031571 0.040445 0.16819 0.18317 -0.074181 0.26327 -0.057248 0.058841 0.033203 0.031639 0.046363 -0.043184 0.40026 0.070323 0.12482 0.061406 0.37884 0.036471 0.15003 0.09339 -0.091701 -0.19416 -0.098788 0.10648 0.022308 0.29032 0.0056438 0.35254 0.56357 0.023955 0.27933 -0.06526 0.076579 -0.00035646 0.021502 0.032369 0.13136 0.17583
0.3755 0.19957 0.23901 0.15514 0.074244 -0.03299 -0.15053 -0.010026 0.097459 0.43548 0.19386 0.22799 0.1381 0.040415 -0.0531 -0.12293 -0.021412 0.11748 -0.020573 0.25035 0.64119 -0.042371 0.033811 -0.0303 0.46639 0.37004 0.070838 -0.073436 0.46162 -0.04119 -0.26272 -0.006267 0.044059 0.097322 0.52802 0.17532 0.39852 0.0041997 0.011631 0.44219 0.12318 0.30026 0.043633 0 0.40499 0.36425 -0.10843 0.66374 -0.15331 -0.098725 0.09195 0.26057 0.023326 0.24068 0.55372 -0.073375 0.025677 -0.066366 0.42895 0.19503 0.012718 -0.060479 0.32678 -0.058167 -0.18593 0.055864 0.0007498 0.074571 0.49355 0.21663 0.33598 0.015943 -0.027554 0.3908 0.093881 0.2708 0.036877 0.71129 0.26099 0.19785 -0.080117 0.49321 -0.11619 -0.1397 0.078769 0.23716
0.069539 0.1682 0.19337 0.17909 0.072813 0.15253 0.053938 0.011588 0.081741 0.27715 0.093842 0.12112 0.14983 0.051698 0.13875 0.039921 0.017306 0.087345 0.20921 0.34458 0.332 0.094219 0.067091 0.082301 0.28428 0.21233 0.20632 -0.0059685 0.29176 0.074119 0.20902 0.26451 0.1257 0.31784 0.53154 0.17878 0.3344 0.11327 0.29401 0.30997 0.49143 0.32123 0.34263 0.40499 0 0.28952 0.17899 0.48348 0.083875 0.055658 0.211 0.35067 0.041523 0.2878 0.11019 0.039885 0.032618 0.03703 0.020429 0.078724 0.07315 0.0102 0.074343 0.067216 0.085724 0.053768 0.1069 0.30389 0.24422 -0.043565 0.11949 0.088313 0.24636 0.17784 0.40164 0.12594 0.18437 0.057545 0.51835 0.1552 0.16775 0.26098 0.073433 0.033501 0.1843 0.30188
0.12611 0.10067 0.038953 0.10553 0.011026 0.061883 0.023775 0.011402 0.040128 0.18828 0.067951 0.053452 0.089839 0.019296 0.057497 0.034137 0.0077994 0.056987 -0.00067035 0.27383 0.30264 0.65585 0.075546 0.44568 0.26664 0.29105 0.003757 0.24718 0.18499 0.67079 -0.080091 -0.18222 0.1396 0.3803 0.20836 -0.097543 0.11972 0.58385 0.44993 0.1595 0.49859 0.15822 -0.0087631 0.36425 0.28952 0 0.079799 0.47407 -0.076511 -0.022529 0.18095 0.37731 0.062868 0.25513 0.08871 0.61669 0.033726 0.42101 0.076361 0.25701 0.038402 0.21806 0.11032 0.6699 -0.071059 -0.19636 0.14428 0.33634 0.21809 -0.13891 0.10705 0.57134 0.38584 0.187 0.46029 0.2499 0.0010896 0.16994 0.13716 0.92263 0.047976 0.39938 -0.091364 -0.043553 0.1606 0.32943
-0.13635 -0.093631 -0.043614 -0.0022797 0.018889 0.23082 0.22842 0.013693 0.014801 -0.10777 -0.13867 -0.065251 -0.016878 -0.010547 0.2126 0.20262 0.023177 0.027981 0.70193 0.081653 0.078627 0.14429 0.10707 0.35523 0.1206 0.19964 0.023297 0.19521 0.088309 0.19801 0.20763 0.3654 0.14408 0.16322 0.26455 0.026432 0.24834 0.10759 0.27767 -0.055287 0.30911 0.045431 0.058961 -0.10843 0.17899 0.079799 0 0.11023 0.077468 0.22802 0.56981 0.33279 0.58367 0.075737 -0.062532 0.1064 0.069728 0.33323 -0.027591 0.11651 -0.029161 0.18209 0.042857 0.18185 0.13014 0.2082 0.143 0.18284 0.14215 -0.022308 0.13707 0.038569 0.31299 -0.077811 0.29807 0.022746 0.060613 -0.14292 0.10391 0.082745 0.83509 0.059083 0.050891 0.20364 0.47335 0.27627
0.37324 0.21928 0.19676 0.26043 0.11284 -0.087803 -0.078338 0.0070746 0.11266 0.3808 0.21767 0.20241 0.24457 0.086982 -0.10649 -0.072967 -0.02742 0.14436 0.17073 0.40717 0.40062 -0.018873 0.054199 0.0038036 0.16513 0.42682 -0.16638 -0.084943 0.42789 0.015958 -0.31935 0.036954 -0.065751 0.29791 0.64651 0.14449 0.54922 0.097506 0.33064 0.39124 0.51147 0.061628 -0.032531 0.66374 0.48348 0.47407 0.11023 0 -0.11987 -0.059769 0.29085 0.58772 0.21733 0.40765 0.36845 -0.041939 0.0062622 -0.060635 0.21064 0.267 -0.16825 -0.062169 0.35408 -0.0043143 -0.28641 0.051232 -0.070077 0.253 0.65518 0.20663 0.52895 0.10064 0.23162 0.36952 0.44931 0.10326 -0.0063436 0.51828 0.41016 0.36317 0.088378 0.8228 -0.10462 -0.091906 0.21789 0.53606
-0.095234 -0.054718 -0.055958 -0.076747 -0.03318 0.060196 0.059177 -0.0090667 -0.034285 -0.028266 -0.089071 -0.091375 -0.088275 -0.041945 0.043552 0.044269 -0.0095327 -0.030973 0.13047 -0.14037 0.022681 -0.036753 0.027749 0.056433 0.1556 0.020329 0.12023 0.016397 -0.061325 -0.022094 0.26473 0.30473 0.041931 -0.076744 -0.052877 0.14636 0.018696 -0.055419 -0.011337 -0.083916 -0.058403 0.09702 0.031571 -0.15331 0.083875 -0.076511 0.077468 -0.11987 0 0.097598 -0.073502 -0.12707 0.027452 -0.15459 -0.093428 -0.034538 0.0093321 0.048853 0.0025526 0.015691 0.061838 0.023247 -0.10619 -0.021667 0.15276 0.21467 0.024983 -0.059569 -0.16873 0.065793 -0.1091 -0.057841 0.0075581 -0.16417 -0.080415 -0.003039 -0.01581 -0.24172 -0.013183 -0.059989 0.056221 -0.18786 0.24476 0.090076 -0.040783 -0.14977
-0.055133 -0.053682 -0.046572 -0.016679 -0.016117 0.15187 0.12688 0.0026891 -0.020993 -0.0053412 -0.073605 -0.063146 -0.035811 -0.0077145 0.13361 0.10624 -0.0089803 0.032465 0.15723 -0.039437 0.01517 0.010577 0.099223 0.15325 0.12005 0.12431 0.058504 0.056768 0.043584 0.015912 0.18845 0.27533 0.099626 -0.017963 0.024491 0.094629 0.046344 -0.017251 0.038179 -0.048948 0.0037671 0.050073 0.040445 -0.098725 0.055658 -0.022529 0.22802 -0.059769 0.097598 0 0.034242 0.026684 0.094982 -0.064009 -0.049672 0.00067559 0.032811 0.12536 0.029755 0.093407 0.047732 0.046066 -0.028535 0.026546 0.13675 0.2107 0.070567 -0.01691 -0.030041 0.030487 -0.0043066 -0.032373 0.021724 -0.088991 -0.020493 0.019615 0.01539 -0.13618 0.034593 -0.031259 0.19402 -0.094227 0.10127 0.16162 0.018181 0.0094021
0.039964 0.15879 0.077169 0.12123 0.059117 0.1147 0.013439 0.043189 0.11544 0.033907 0.17019 0.07306 0.11441 0.064869 0.086563 0.020137 0.041615 0.15734 0.15144 0.28228 -0.010212 0.18406 0.044819 0.11811 0.0013998 0.0019059 0.12059 0.11236 0.14092 0.25387 0.032953 -0.091643 0.099012 0.36335 0.1232 -0.076989 0.023534 0.29994 0.46723 0.19438 0.41927 0.13128 0.16819 0.09195 0.211 0.18095 0.56981 0.29085 -0.073502 0.034242 0 0.48941 0.21673 0.29704 0.013116 0.17301 0.025602 0.12681 0.01197 -0.015376 0.098677 0.10659 0.136 0.22609 0.048209 -0.067921 0.10903 0.35433 0.19156 -0.070055 0.097987 0.26688 0.42964 0.23362 0.40583 0.16926 0.16983 0.086485 0.21312 0.15838 0.54027 0.34411 -0.048522 -0.0086007 0.64023 0.45249
0.21138 0.26266 0.17691 0.34059 0.14279 0.085701 0.028986 0.083159 0.17002 0.21435 0.25527 0.18095 0.3154 0.114 0.088039 0.044749 0.057644 0.17786 0.11265 0.55249 -0.036216 0.21569 0.092999 0.15181 -0.082995 0.11306 -0.019939 0.10501 0.33995 0.25753 -0.065637 -0.20464 0.058603 0.48445 0.35444 -0.10223 0.20897 0.32466 0.58681 0.33988 0.63479 0.062819 0.18317 0.26057 0.35067 0.37731 0.33279 0.58772 -0.12707 0.026684 0.48941 0 0.18705 0.53865 -0.012328 0.2026 0.047129 0.11385 -0.061711 0.076365 0.0010391 0.11226 0.31703 0.22951 -0.054834 -0.16996 0.0645 0.4561 0.47138 -0.094173 0.31358 0.31677 0.50883 0.38436 0.60527 0.14269 0.19647 0.23157 0.33616 0.32377 0.30072 0.629 -0.13709 -0.024233 0.38947 0.75872
0.0011753 -0.10625 -0.0029539 0.00039216 -0.00022709 0.041047 0.095367 -0.015084 -0.017597 -0.11955 -0.11953 0.0014085 0.029107 -0.011161 0.04059 0.099699 -0.0091747 0.0024331 0.65771 0.049649 0.064197 0.057391 0.023387 0.29435 0.10829 0.18843 -0.12603 0.18053 0.10693 0.076575 -0.019896 0.2701 0.036244 0.010866 0.31178 0.010217 0.30026 0.0062747 0.010146 -0.053293 0.12405 -0.026583 -0.074181 0.023326 0.041523 0.062868 0.58367 0.21733 0.027452 0.094982 0.21673 0.18705 0 0.059657 0.18027 0.056293 0.033866 0.30897 0.205 0.25794 -0.11702 0.14006 0.15299 0.079049 -0.018494 0.44426 0.045232 0.023834 0.43715 0.2069 0.49584 -0.032551 0.061004 -0.035627 0.17023 0.047103 -0.011131 0.096712 0.27656 0.059064 0.69803 0.2115 0.076967 0.1652 0.19806 0.17302
