0,0.311826914548874,0.238281145691872,0.262648820877075,0.0774774104356766,-0.0236961133778095,-0.105980269610882,0.0411796532571316,0.192753210663795,0.68133008480072,0.384752571582794,0.326446801424026,0.277007460594177,0.0962034687399864,-0.00861135590821505,-0.103852108120918,0.0249463692307472,0.245507583022118,-0.123411722481251,0.214987084269524,0.0640320107340813,-0.0742622315883636,0.0243154894560575,-0.0835993736982346,0.0432750657200813,0.151205703616142,0.0724668726325035,-0.027900293469429,0.199520483613014,-0.0691430643200874,-0.157149150967598,-0.0778618380427361,0.00656370725482702,0.0990717634558678,0.0974185168743134,-0.0345887988805771,0.046328242868185,0.0329664051532745,0.0146768763661385,0.34205561876297,0.0662780404090881,0.168335229158401,0.0766081362962723,0.375499844551086,0.0695390999317169,0.126112043857574,-0.136353760957718,0.373240113258362,-0.0952340215444565,-0.0551332868635654,0.039964497089386,0.211380928754807,0.0011752670397982,0.265676885843277,0.403762578964233,-0.0665410608053207,0.0382614098489285,-0.119125209748745,0.31420710682869,0.221728384494781,0.152962729334831,-0.0371780544519424,0.316805958747864,-0.0973903685808182,-0.0491755641996861,0.112760864198208,0.00840205326676369,0.123020477592945,0.396400630474091,0.201759666204453,0.293696612119675,0.0583476908504963,0.0190647356212139,0.422283440828323,0.157055214047432,0.280359655618668,0.153137415647507,0.565041780471802,0.384294092655182,0.145867332816124,-0.100135035812855,0.527294516563416,-0.0087527260184288,-0.080552376806736,0.0332645513117313,0.264999389648438
0.311826914548874,0,0.224900409579277,0.250761747360229,0.103019312024117,0.000409459666116163,-0.0879947021603584,0.0691104233264923,0.214732751250267,0.328996658325195,0.49209800362587,0.246253177523613,0.238972321152687,0.0951524972915649,-0.0151791917160153,-0.101354755461216,0.0514992773532867,0.211504250764847,-0.0907249599695206,0.241462677717209,0.0253005381673574,0.0782757550477982,0.0146661009639502,-0.0772610753774643,0.0160710271447897,0.0312767140567303,0.11462289839983,0.0654163211584091,0.136193811893463,0.107163526117802,-0.0462677590548992,-0.114623658359051,0.0058307433500886,0.154333874583244,0.0965058580040932,-0.0714096277952194,0.00351298647001386,0.198020577430725,0.111717402935028,0.310743004083633,0.110162474215031,0.174153432250023,0.143830999732018,0.199569851160049,0.168201476335526,0.100674189627171,-0.0936314761638641,0.219277799129486,-0.0547179281711578,-0.053682167083025,0.158794775605202,0.262661516666412,-0.106251299381256,0.249086856842041,0.0531457476317883,0.0757199674844742,0.00619432330131531,-0.0997314006090164,0.0379023775458336,-0.0321892946958542,0.11219734698534,0.0538654588162899,0.124690517783165,0.0689048618078232,-0.034965492784977,-0.103163316845894,-0.0213805623352528,0.0953583940863609,0.151731610298157,-0.0334745012223721,0.0661814585328102,0.236095428466797,0.0563793107867241,0.301336199045181,0.0778546333312988,0.167712897062302,0.134989067912102,0.165926367044449,0.153006732463837,0.0390091501176357,-0.113043673336506,0.198490411043167,-0.0566908121109009,-0.0704536214470863,0.134695962071419,0.243191316723824
0.238281145691872,0.224900409579277,0,0.389935106039047,0.116307847201824,0.0172097980976105,-0.0205097645521164,0.146611332893372,0.126690536737442,0.263273328542709,0.251197278499603,0.576036810874939,0.375332146883011,0.0644788518548012,0.0158606246113777,-0.0223256908357143,0.119460038840771,0.138815373182297,-0.0105660781264305,0.192098647356033,0.094128355383873,-0.0120924962684512,0.00262981234118342,-0.0557796061038971,-0.00221303477883339,0.0463030785322189,0.0534419603645802,-0.00947330892086029,0.189325198531151,-0.000611940340604633,-0.0321520939469337,-0.076625183224678,-0.0424135960638523,0.0357593894004822,0.22785185277462,-0.0140163619071245,0.140011861920357,0.0448665097355843,-0.00689470255747437,0.19140300154686,0.0814178586006165,0.0612776689231396,0.162700742483139,0.239009723067284,0.193374842405319,0.0389530658721924,-0.043614286929369,0.196755766868591,-0.0559583902359009,-0.0465722531080246,0.0771691277623177,0.176905125379562,-0.00295385508798063,0.179902985692024,0.0941602885723114,-0.0308700930327177,0.02073635160923,-0.0780950486660004,-0.00243594381026924,0.009461410343647,0.032999224960804,0.00312490109354258,0.153044268488884,-0.0276879891753197,-0.0274041164666414,-0.0772846713662148,-0.0363501943647861,0.0173875913023949,0.197299361228943,-0.0354920737445354,0.138878971338272,0.0571638084948063,-0.0222808197140694,0.18631249666214,0.0811271667480469,0.0475977137684822,0.120450980961323,0.163083180785179,0.146378219127655,-0.00297931348904967,-0.0430152714252472,0.182418212294579,-0.0742252543568611,-0.0542004555463791,0.0793289691209793,0.176606595516205
0.262648820877075,0.250761747360229,0.389935106039047,0,0.211367145180702,0.00103591161314398,-0.00665161805227399,0.11740880459547,0.124819666147232,0.252843886613846,0.258088231086731,0.373457610607147,0.636397838592529,0.122214779257774,-0.000589205825235695,-0.009282436221838,0.0951539352536201,0.133059859275818,-0.0404183380305767,0.2846340239048,-0.0398810394108295,0.0120238913223147,0.00688810460269451,-0.0282465722411871,-0.113066077232361,0.0309470519423485,-0.0136563153937459,0.00937563460320234,0.155008122324944,0.02066645398736,-0.0426471643149853,-0.157755836844444,-0.026466203853488,0.173401743173599,0.180664584040642,-0.0801126137375832,0.0815768241882324,0.0791685208678246,0.152227401733398,0.196280047297478,0.269409835338593,0.017316659912467,0.118700064718723,0.155138745903969,0.179089888930321,0.105534426867962,-0.00227969116531312,0.26042652130127,-0.0767469257116318,-0.0166785474866629,0.121225640177727,0.340585023164749,0.000392155692679808,0.284132778644562,0.00549681158736348,0.0131287835538387,0.00900497939437628,-0.041213147342205,-0.0735288113355637,-0.0107063995674253,-0.00405284622684121,0.0250157918781042,0.152355805039406,0.00346399121917784,-0.040766716003418,-0.14028599858284,0.00654265750199556,0.138342410326004,0.255226910114288,-0.0561715066432953,0.148752853274345,0.0979562029242516,0.0919444710016251,0.238343149423599,0.245925799012184,0.0486481189727783,0.118593096733093,0.164701476693153,0.177086636424065,0.0824874937534332,-0.019307017326355,0.296531945466995,-0.0820365473628044,-0.0557769536972046,0.112460434436798,0.344639390707016
0.0774774104356766,0.103019312024117,0.116307847201824,0.211367145180702,0,-0.00170373753644526,-0.0137466015294194,0.0238553918898106,0.0552967265248299,0.0950433909893036,0.0945229753851891,0.115576788783073,0.185145899653435,0.0383147858083248,-0.00927121378481388,-0.0236261207610369,0.0231608971953392,0.0514999553561211,-0.0102877216413617,0.0990437343716621,0.00197057542391121,-0.00359329115599394,0.00824378896504641,-0.00325985299423337,-0.0211692750453949,0.0198107361793518,-0.017287528142333,-0.00274601811543107,0.0774469748139381,-0.000984151498414576,-0.0239391289651394,-0.0310492310672998,-0.0150820063427091,0.00938894972205162,0.080532968044281,0.0103785926476121,0.0635736286640167,0.0323966071009636,0.0558372065424919,0.0864366665482521,0.0878613144159317,0.00205002352595329,0.0613224431872368,0.0742439478635788,0.0728130340576172,0.0110260108485818,0.0188894867897034,0.112839512526989,-0.0331798531115055,-0.0161166209727526,0.0591169111430645,0.142792478203773,-0.000227087177336216,0.114440120756626,-0.0200921148061752,-0.00787753891199827,-0.0124772414565086,-0.0299165099859238,-0.0432589389383793,-0.00639729853719473,-0.016500499099493,0.00888360291719437,0.0683861076831818,-0.0159175582230091,-0.0260455403476954,-0.0456339940428734,-0.0250150710344315,0.0199163220822811,0.0891623422503471,-0.000343714840710163,0.0685875862836838,0.0363223366439342,0.0382434353232384,0.0718014389276505,0.0708449929952621,-0.0110733481124043,0.0259954314678907,0.0409717634320259,0.0514911077916622,-0.0113397995010018,-0.00383469532243907,0.102873764932156,-0.0445320382714272,-0.0198445394635201,0.0357093401253223,0.128746062517166
-0.0236961133778095,0.000409459666116163,0.0172097980976105,0.00103591161314398,-0.00170373753644526,0,0.174545213580132,0.0182406026870012,0.0766659900546074,0.02995908819139,-0.0118232071399689,0.00887853279709816,-0.0072801886126399,-0.0197387374937534,0.43188938498497,0.187878862023354,0.0396151691675186,0.0627393573522568,0.0712788179516792,0.0401106998324394,0.13896518945694,0.0863178074359894,0.11942482739687,0.227119967341423,0.229983925819397,0.122931279242039,0.332452952861786,0.115302816033363,0.0757223963737488,0.11848858743906,0.308262139558792,0.194361448287964,0.271892964839935,0.0824134796857834,-0.0368277467787266,0.0252260603010654,-0.0281334631145,0.0744633674621582,0.100291438400745,0.0836742147803307,0.0632330924272537,0.246192172169685,0.21672622859478,-0.0329897068440914,0.152533084154129,0.0618827939033508,0.230820029973984,-0.087803341448307,0.0601964071393013,0.151866853237152,0.114697523415089,0.0857005640864372,0.0410467311739922,0.0231628119945526,0.000142484437674284,0.066286638379097,0.0908862426877022,0.21231709420681,0.114694520831108,0.0898923575878143,0.274571388959885,0.120001420378685,0.0134089477360249,0.102951630949974,0.278359174728394,0.12478818744421,0.224770739674568,0.0763713046908379,-0.117814667522907,-0.0535383224487305,-0.0797775760293007,0.0514018125832081,0.109633564949036,0.0268026161938906,0.0608137622475624,0.200433015823364,0.151502817869186,-0.0970215126872063,0.0542829856276512,0.0290300138294697,0.191941738128662,-0.109255716204643,0.0520177818834782,0.121239222586155,0.100264817476273,0.0614693202078342
-0.105980269610882,-0.0879947021603584,-0.0205097645521164,-0.00665161805227399,-0.0137466015294194,0.174545213580132,0,-0.00541068939492106,-0.00796979386359453,-0.0567610003054142,-0.112490937113762,-0.0491998493671417,-0.0264566261321306,-0.0239681918174028,0.177886888384819,0.256728410720825,-0.00591216236352921,-0.0304254181683064,0.139894038438797,-0.0347877182066441,0.0431061051785946,0.0212553590536118,0.0714240521192551,0.191255316138268,0.0719753205776215,0.128339245915413,0.00220170081593096,0.0724641233682632,0.00403444515541196,0.0411150716245174,0.173979848623276,0.160188123583794,0.072320744395256,0.0208466071635485,0.0153522761538625,0.0765623822808266,0.0680817887187004,-0.0125453295186162,0.0574043691158295,-0.128320977091789,0.0683073475956917,-0.0451240316033363,0.00424255849793553,-0.150529459118843,0.0539376996457577,0.0237751509994268,0.228422433137894,-0.0783380120992661,0.059176966547966,0.126884147524834,0.0134386448189616,0.0289855934679508,0.0953669100999832,-0.0555731654167175,-0.0678988695144653,0.0106342677026987,0.0279572010040283,0.16830313205719,-0.0343773365020752,0.0771654099225998,-0.0289593674242496,0.0639929622411728,-0.0259676333516836,0.0370991304516792,0.0972320288419724,0.0818014442920685,0.0560871325433254,0.0220131706446409,-0.063471257686615,-0.0226385127753019,-0.0266084242612123,-0.034341037273407,0.0655974075198174,-0.144660383462906,0.0735030546784401,-0.062056627124548,-0.018942479044199,-0.189774364233017,-0.0218708105385303,0.0278202313929796,0.187039837241173,-0.135419055819511,0.0255720801651478,0.105793967843056,0.00513672782108188,-0.00315992231480777
0.0411796532571316,0.0691104233264923,0.146611332893372,0.11740880459547,0.0238553918898106,0.0182406026870012,-0.00541068939492106,0,0.0557952299714088,0.030252868309617,0.0709838643670082,0.131794676184654,0.113559700548649,0.0167263932526112,0.0352085679769516,0.0123150702565908,0.103563077747822,0.061027143150568,-0.0319482237100601,0.0867360159754753,-0.0636444091796875,0.0228736530989408,-0.00457611167803407,-0.0105186654254794,-0.0568401180207729,-0.0272427499294281,0.0406367927789688,0.0188936349004507,0.019863260909915,0.0119123114272952,0.0566562749445438,-0.0673802122473717,0.0237544327974319,0.0563248880207539,-0.0198443699628115,-0.0849320292472839,-0.0702066272497177,0.044163390994072,0.0323015414178371,0.0597992204129696,0.031032245606184,0.0323601067066193,0.111999161541462,-0.010026060976088,0.0115877883508801,0.0114021208137274,0.0136930234730244,0.00707460753619671,-0.00906671863049269,0.00268910732120275,0.043189212679863,0.083158865571022,-0.0150843346491456,0.0764209181070328,-0.0457494743168354,0.0287077520042658,-0.00677131954580545,-5.39515167474747e-05,-0.0362468399107456,-0.000793343235272914,0.0547735691070557,0.0386177264153957,0.0295071341097355,0.00955047085881233,0.052632600069046,-0.0522519275546074,0.0128029091283679,0.0570229552686214,-0.00378210376948118,-0.0947435945272446,-0.0185979139059782,0.0514160692691803,0.0202586688101292,0.0654564946889877,0.0480979979038239,0.046874713152647,0.0946947187185287,0.00713172182440758,0.0225329957902431,0.0134989246726036,0.023072736337781,0.0545857958495617,-0.0242349784821272,0.00338002829812467,0.0587623156607151,0.089715838432312
0.192753210663795,0.214732751250267,0.126690536737442,0.124819666147232,0.0552967265248299,0.0766659900546074,-0.00796979386359453,0.0557952299714088,0,0.208024024963379,0.22037199139595,0.121000781655312,0.125658169388771,0.0485572777688503,0.0585899986326694,-0.0166864525526762,0.0435860715806484,0.183250725269318,-0.0333304591476917,0.154625162482262,0.00363078597001731,0.047212366014719,0.0129448138177395,-0.00202663894742727,0.0178586971014738,0.00543367350474,0.102979466319084,0.0104372706264257,0.0693913996219635,0.0717918574810028,0.00985669624060392,-0.0464296974241734,0.0562421604990959,0.116990454494953,0.0368959382176399,-0.0506585910916328,-0.0109560592100024,0.134711474180222,0.0877774432301521,0.172921642661095,0.0668139010667801,0.12941338121891,0.122231274843216,0.097459077835083,0.0817411467432976,0.0401284769177437,0.014800775796175,0.112659856677055,-0.0342847779393196,-0.0209926515817642,0.115443430840969,0.17002110183239,-0.0175965968519449,0.165748313069344,0.0360761880874634,0.0377227775752544,0.018183384090662,-0.0215539801865816,0.0433707498013973,0.0136207109317183,0.12349471449852,0.00185367441736162,0.0873009413480759,0.0637110993266106,0.0448781885206699,-0.0148396492004395,0.0280835069715977,0.0735969692468643,0.0828681960701942,-0.0330720655620098,0.0427320674061775,0.14117494225502,0.0622723028063774,0.1695666462183,0.0636088699102402,0.143321618437767,0.12961733341217,0.0961975082755089,0.112362116575241,0.0052312295883894,0.00504128262400627,0.142404556274414,-0.0401155799627304,-0.0063361506909132,0.109349146485329,0.166990235447884
0.68133008480072,0.328996658325195,0.263273328542709,0.252843886613846,0.0950433909893036,0.02995908819139,-0.0567610003054142,0.030252868309617,0.208024024963379,0,0.307490617036819,0.262721329927444,0.216479361057281,0.0888268128037453,0.0281381327658892,-0.0660084113478661,0.0147387105971575,0.219742596149445,-0.0528244003653526,0.213403433561325,0.226982340216637,-0.0206562671810389,0.0448271706700325,-0.129265323281288,0.155818462371826,0.203939497470856,0.106330566108227,-0.0948023647069931,0.202795550227165,-0.0333151929080486,-0.0388532988727093,0.042966578155756,0.0253054946660995,0.157444462180138,0.218606308102608,0.0959341004490852,0.184309288859367,0.0741440057754517,0.20909158885479,0.289955019950867,0.251028895378113,0.197077825665474,0.0750722661614418,0.435483753681183,0.277152568101883,0.18828085064888,-0.107769571244717,0.380795031785965,-0.028265742585063,-0.00534124160185456,0.0339066497981548,0.214352697134018,-0.119547955691814,0.169799312949181,0.129410773515701,-0.0317864343523979,0.0229224860668182,-0.147794529795647,0.0716825574636459,0.0886432304978371,0.059907604008913,-0.0572203807532787,0.100398205220699,-0.0400284603238106,-0.0443502701818943,-0.00623080274090171,0.00795873627066612,0.104210160672665,0.170169457793236,0.0460626259446144,0.0668938830494881,0.0951195433735847,0.0949738696217537,0.245457917451859,0.14050281047821,0.112897627055645,0.047824565321207,0.231106042861938,0.0913813412189484,0.0472932569682598,-0.098559245467186,0.329274475574493,-0.0568584464490414,-0.0648051500320435,0.0404128544032574,0.189272224903107
0.384752571582794,0.49209800362587,0.251197278499603,0.258088231086731,0.0945229753851891,-0.0118232071399689,-0.112490937113762,0.0709838643670082,0.22037199139595,0.307490617036819,0,0.308444768190384,0.281087696552277,0.0997086092829704,-0.0291293319314718,-0.114476099610329,0.0859758406877518,0.242643609642982,-0.16187672317028,0.271418869495392,-0.0212387274950743,0.0616156421601772,0.0122700994834304,-0.0970682576298714,-0.023050744086504,-0.0229221414774656,0.120909824967384,0.0387689545750618,0.119620770215988,0.0914464816451073,-0.0803882107138634,-0.180806919932365,0.00980346091091633,0.115439929068089,0.0237515661865473,-0.135406643152237,-0.0453678593039513,0.204830378293991,0.0549227334558964,0.322973787784576,0.0651905536651611,0.184771209955215,0.171269401907921,0.193856328725815,0.0938420221209526,0.0679509416222572,-0.138673186302185,0.217673823237419,-0.0890708044171333,-0.0736050754785538,0.170187920331955,0.25527223944664,-0.119532018899918,0.297368228435516,0.137152329087257,0.0783066600561142,-0.0035354292485863,-0.123957149684429,0.116111189126968,-0.0285415705293417,0.17092190682888,0.01737373881042,0.174826428294182,0.0530632138252258,-0.0346764102578163,-0.0821728855371475,-0.00771436607465148,0.132378995418549,0.227970033884048,-0.00876510236412287,0.137472346425056,0.25015664100647,0.0298236049711704,0.380945712327957,0.0997259020805359,0.24266491830349,0.185093834996223,0.278717249631882,0.24803501367569,0.0479470789432526,-0.126279145479202,0.294400274753571,-0.0499624945223331,-0.103612519800663,0.159194484353065,0.283178269863129
0.326446801424026,0.246253177523613,0.576036810874939,0.373457610607147,0.115576788783073,0.00887853279709816,-0.0491998493671417,0.131794676184654,0.121000781655312,0.262721329927444,0.308444768190384,0,0.40239205956459,0.0826378539204597,0.0173022970557213,-0.0222646147012711,0.144334256649017,0.137021213769913,-0.0484648868441582,0.188700065016747,0.0509914681315422,-0.0313254334032536,-0.0103758843615651,-0.076643779873848,-0.0294834226369858,0.029293542727828,0.0512948632240295,-0.0111254369840026,0.173621669411659,-0.0153898568823934,-0.068756140768528,-0.133621066808701,-0.0412845313549042,0.0294303111732006,0.200082987546921,-0.0413981378078461,0.121543258428574,0.0501965098083019,0.00490042008459568,0.208044037222862,0.0743472501635551,0.0443332158029079,0.153359562158585,0.22798690199852,0.121118873357773,0.0534518882632256,-0.0652505159378052,0.202406078577042,-0.0913751944899559,-0.0631455853581429,0.0730596855282784,0.180950313806534,0.00140850711613894,0.234874203801155,0.168532058596611,-0.0547068640589714,0.0142852226272225,-0.0916547179222107,0.0514530539512634,0.0370025224983692,0.0509118549525738,-0.0231215376406908,0.218219593167305,-0.0401512272655964,-0.0277048591524363,-0.0578951276838779,-0.00741642527282238,0.0430470816791058,0.279865652322769,0.0394319258630276,0.222511544823647,0.0597166083753109,-0.0425615981221199,0.244578763842583,0.0868950933218002,0.088515430688858,0.170035064220428,0.267652541399002,0.216604635119438,0.0158971846103668,-0.0596885457634926,0.243815675377846,-0.0735124871134758,-0.0544384531676769,0.0650988519191742,0.219151139259338
0.277007460594177,0.238972321152687,0.375332146883011,0.636397838592529,0.185145899653435,-0.0072801886126399,-0.0264566261321306,0.113559700548649,0.125658169388771,0.216479361057281,0.281087696552277,0.40239205956459,0,0.145284116268158,0.00181458133738488,-0.00668566022068262,0.116606645286083,0.141328856348991,-0.0339739136397839,0.26254078745842,-0.0411068685352802,0.00679046474397182,0.0114827128127217,-0.0374524779617786,-0.106544256210327,0.0197433419525623,-0.0308064483106136,0.0227257441729307,0.14888796210289,0.0115383435040712,-0.0732174143195152,-0.156688317656517,-0.0242889486253262,0.153278231620789,0.161351650953293,-0.0878019332885742,0.0734297931194305,0.0767164677381516,0.0906759351491928,0.204479023814201,0.218151599168777,3.32691706717014e-05,0.103394009172916,0.138095170259476,0.14983457326889,0.0898390635848045,-0.0168777257204056,0.244570434093475,-0.0882749259471893,-0.0358114205300808,0.114414162933826,0.315404295921326,0.0291073303669691,0.286364018917084,0.00849615596234798,-0.00113001966383308,0.00957668945193291,-0.0316594205796719,-0.067756362259388,0.0255989469587803,-0.0191342737525702,0.0275189187377691,0.177092283964157,-0.00649435166269541,-0.0490052588284016,-0.127916514873505,-0.00854704342782497,0.147309556603432,0.275790423154831,-0.0449489280581474,0.17404805123806,0.0906175076961517,0.0926899686455727,0.239794194698334,0.271039634943008,0.0385884940624237,0.115692518651485,0.173950552940369,0.183948487043381,0.0810195133090019,0.0143419802188873,0.306798338890076,-0.10083069652319,-0.0530967339873314,0.116352267563343,0.36717414855957
0.0962034687399864,0.0951524972915649,0.0644788518548012,0.122214779257774,0.0383147858083248,-0.0197387374937534,-0.0239681918174028,0.0167263932526112,0.0485572777688503,0.0888268128037453,0.0997086092829704,0.0826378539204597,0.145284116268158,0,-0.0121056577190757,-0.0293962582945824,0.0109007842838764,0.0877223536372185,-0.0158860627561808,0.120963603258133,-0.0324177294969559,0.00965665746480227,0.00814486108720303,-0.0223270766437054,-0.0264208354055882,-0.0138999940827489,-0.00347218476235867,-0.0141664054244757,0.0314815677702427,0.00954733230173588,-0.0355582535266876,-0.0524088814854622,-0.00297296000644565,0.0507530309259892,0.0272076651453972,-0.0387043133378029,-0.00405520293861628,0.0424014739692211,0.0513030886650085,0.0753282979130745,0.067506842315197,0.0303917899727821,0.0508540533483028,0.0404146611690521,0.0516982935369015,0.0192958004772663,-0.0105465659871697,0.0869819074869156,-0.041944831609726,-0.00771447038277984,0.0648694112896919,0.113995134830475,-0.0111608412116766,0.102171540260315,0.00571065442636609,0.00948677211999893,-0.00249130791053176,-0.0170974284410477,-0.00864911824464798,-0.00765389623120427,0.0163854230195284,-0.0119339851662517,0.0254192072898149,0.0126398438587785,-0.0210706908255816,-0.0270295906811953,-0.0116550195962191,0.064509317278862,0.0810328274965286,-0.0313685461878777,0.0526991449296474,0.0562455207109451,0.0544795840978622,0.0783428400754929,0.0796631798148155,0.0395649299025536,0.0639428570866585,0.0564991049468517,0.092846468091011,0.00497736781835556,-0.00688309269025922,0.112636037170887,-0.0237330347299576,-0.0196203757077456,0.0555717274546623,0.126081496477127
-0.00861135590821505,-0.0151791917160153,0.0158606246113777,-0.000589205825235695,-0.00927121378481388,0.43188938498497,0.177886888384819,0.0352085679769516,0.0585899986326694,0.0281381327658892,-0.0291293319314718,0.0173022970557213,0.00181458133738488,-0.0121056577190757,0,0.22999732196331,0.0431362763047218,0.0567147508263588,0.0468491949141026,0.0386788435280323,0.122917845845222,0.0716875717043877,0.105006858706474,0.225596830248833,0.202274918556213,0.111395008862019,0.303179651498795,0.106837786734104,0.0763972699642181,0.0958679765462875,0.307668000459671,0.160922154784203,0.264827966690063,0.0804577991366386,-0.0480917766690254,-0.0113397426903248,-0.0559561550617218,0.0560403503477573,0.0860047414898872,0.0626997798681259,0.0675514116883278,0.225060418248177,0.216313108801842,-0.0530995354056358,0.13874651491642,0.0574972294270992,0.212600842118263,-0.106488108634949,0.0435515269637108,0.133607178926468,0.0865629911422729,0.0880386754870415,0.0405898243188858,0.0378638505935669,0.0450743734836578,0.0625830665230751,0.104522183537483,0.219724133610725,0.134624868631363,0.126934319734573,0.28450083732605,0.0968267992138863,0.0477198995649815,0.0854220390319824,0.265256643295288,0.132881492376328,0.265635043382645,0.0680388435721397,-0.0867093354463577,-0.0498300716280937,-0.067011296749115,0.0457734912633896,0.113579675555229,0.040024671703577,0.0630590990185738,0.215195879340172,0.174564316868782,-0.0679431036114693,0.0797727927565575,0.0490118078887463,0.207371279597282,-0.0901047512888908,0.0337894409894943,0.131800398230553,0.0890819430351257,0.0808396637439728
-0.103852108120918,-0.101354755461216,-0.0223256908357143,-0.009282436221838,-0.0236261207610369,0.187878862023354,0.256728410720825,0.0123150702565908,-0.0166864525526762,-0.0660084113478661,-0.114476099610329,-0.0222646147012711,-0.00668566022068262,-0.0293962582945824,0.22999732196331,0,0.0277051199227571,-0.00874032359570265,0.102710708975792,-0.0209699366241693,0.0451852641999722,0.0281739998608828,0.0710726007819176,0.188989877700806,0.0506341829895973,0.119434669613838,0.00328430463559926,0.033769641071558,0.0114848092198372,0.0434348285198212,0.141530439257622,0.112223282456398,0.10209646075964,0.0382641926407814,0.00616095028817654,0.0355445109307766,0.0473547466099262,-0.0385161601006985,0.0640487372875214,-0.102931410074234,0.0863132476806641,-0.0312787890434265,0.0140211125835776,-0.122933268547058,0.0399211794137955,0.0341373607516289,0.20261923968792,-0.0729665607213974,0.044268511235714,0.106238521635532,0.0201367884874344,0.044749416410923,0.0996989905834198,-0.0268791858106852,-0.0296725817024708,0.0121303852647543,0.0482627339661121,0.194139212369919,-0.0104075716808438,0.121973320841789,-0.0202138144522905,0.0322454124689102,0.00127525557763875,0.0380882024765015,0.109499678015709,0.0783766806125641,0.0997976884245872,0.0379936248064041,-0.0245690308511257,-0.0181260779500008,0.0143188145011663,-0.05235755443573,0.0823559165000916,-0.120982885360718,0.0922280550003052,-0.0420090556144714,-0.0177763942629099,-0.139502376317978,-0.00733590079471469,0.0355323888361454,0.213933408260345,-0.0919977948069572,0.0198991931974888,0.132406786084175,0.00949808489531279,0.0407447554171085
0.0249463692307472,0.0514992773532867,0.119460038840771,0.0951539352536201,0.0231608971953392,0.0396151691675186,-0.00591216236352921,0.103563077747822,0.0435860715806484,0.0147387105971575,0.0859758406877518,0.144334256649017,0.116606645286083,0.0109007842838764,0.0431362763047218,0.0277051199227571,0,0.0643668919801712,-0.0235203355550766,0.0820959508419037,-0.0515582151710987,0.0295189488679171,0.0122466236352921,-0.000141671858727932,-0.0333036743104458,-0.0391490757465363,0.0665304064750671,0.0298507064580917,0.0166915524750948,0.0302060730755329,0.0561850443482399,-0.0682343021035194,0.00691563216969371,0.0329629331827164,-0.020802253857255,-0.0759634599089622,-0.0565345138311386,0.0351456850767136,0.0148306824266911,0.0516682490706444,0.0081836860626936,0.0551465414464474,0.117938250303268,-0.0214121583849192,0.0173055604100227,0.00779935205355287,0.0231766737997532,-0.0274199396371841,-0.00953265279531479,-0.00898031052201986,0.0416154265403748,0.0576439835131168,-0.00917471013963223,0.0759289711713791,-0.0391948856413364,0.0312999039888382,0.00212398404255509,0.0194444265216589,-0.0332938805222511,-0.0172780361026525,0.0535851046442986,0.0260179582983255,0.0194507949054241,0.022238789126277,0.0391361266374588,-0.0517014600336552,0.0208899918943644,0.0424444526433945,-0.0164639074355364,-0.105539381504059,-0.0292929112911224,0.0417248494923115,0.00693871546536684,0.0572251230478287,0.0111047998070717,0.0550225786864758,0.114656470716,0.0022206362336874,0.00389643083326519,0.0133515074849129,0.0288807842880487,0.0173409003764391,-0.0132648982107639,-0.00495288381353021,0.0496620014309883,0.0706670135259628
0.245507583022118,0.211504250764847,0.138815373182297,0.133059859275818,0.0514999553561211,0.0627393573522568,-0.0304254181683064,0.061027143150568,0.183250725269318,0.219742596149445,0.242643609642982,0.137021213769913,0.141328856348991,0.0877223536372185,0.0567147508263588,-0.00874032359570265,0.0643668919801712,0,-0.0394182503223419,0.155045419931412,0.0411214157938957,0.0433484800159931,0.0342812575399876,0.0104854311794043,0.0501027517020702,0.0337548404932022,0.10602293163538,0.00678686238825321,0.0918068215250969,0.0760954767465591,0.00711576920002699,-0.0194489788264036,0.0629177242517471,0.0871849879622459,0.0304610598832369,-0.0398766547441483,0.00775943417102098,0.14083606004715,0.0830487087368965,0.166355699300766,0.0705442056059837,0.142504930496216,0.116895094513893,0.11748468875885,0.08734530210495,0.0569866858422756,0.0279810670763254,0.144355893135071,-0.0309733934700489,0.0324645154178143,0.157337248325348,0.177862510085106,0.00243314052931964,0.171073332428932,0.0963536649942398,0.0511198304593563,0.0167167019098997,0.00245747226290405,0.0963552594184875,0.0290329679846764,0.130307793617249,0.0153055125847459,0.108946390450001,0.0644556358456612,0.053232453763485,0.0180770494043827,0.0502534620463848,0.110853850841522,0.11246095597744,0.0131256375461817,0.0814227312803268,0.154588118195534,0.0715984478592873,0.177167475223541,0.0833867341279984,0.172492623329163,0.130897834897041,0.138309448957443,0.154157370328903,0.0445672757923603,0.0367279835045338,0.168477863073349,-0.00419860566034913,-0.00441719125956297,0.133136868476868,0.204832926392555
-0.123411722481251,-0.0907249599695206,-0.0105660781264305,-0.0404183380305767,-0.0102877216413617,0.0712788179516792,0.139894038438797,-0.0319482237100601,-0.0333304591476917,-0.0528244003653526,-0.16187672317028,-0.0484648868441582,-0.0339739136397839,-0.0158860627561808,0.0468491949141026,0.102710708975792,-0.0235203355550766,-0.0394182503223419,0,-0.0427644141018391,0.229637995362282,0.00648601399734616,0.0326594822108746,0.254680544137955,0.243103072047234,0.293035894632339,-0.132465019822121,0.0789774432778358,0.0716332271695137,0.0452172160148621,0.057717077434063,0.597517848014832,-0.00434970483183861,-0.0532042644917965,0.512382745742798,0.221655711531639,0.551247000694275,-0.0342942997813225,0.0160581972450018,-0.101705498993397,0.119360774755478,-0.0614692457020283,-0.113658249378204,-0.0205733235925436,0.209207907319069,-0.000670349108986557,0.701934158802032,0.170728430151939,0.130465134978294,0.157227367162704,0.151444867253304,0.1126469373703,0.657708644866943,-0.041298720985651,0.0402688570320606,-0.0153582477942109,0.0152557389810681,0.206276580691338,0.0664135813713074,0.215347826480865,-0.164053976535797,0.0824280828237534,0.033621821552515,0.0408252961933613,-0.0227690134197474,0.400738179683685,0.0159434452652931,-0.0375828295946121,0.231694161891937,0.215162485837936,0.33056715130806,-0.0749504044651985,0.0782010406255722,-0.183608993887901,0.0830018222332001,-0.114069774746895,-0.0932279676198959,-0.0701635256409645,0.109356954693794,-0.0209051389247179,0.59019947052002,-0.00116674357559532,0.109676234424114,0.166898995637894,0.171619832515717,0.0822659060359001
0.214987084269524,0.241462677717209,0.192098647356033,0.2846340239048,0.0990437343716621,0.0401106998324394,-0.0347877182066441,0.0867360159754753,0.154625162482262,0.213403433561325,0.271418869495392,0.188700065016747,0.26254078745842,0.120963603258133,0.0386788435280323,-0.0209699366241693,0.0820959508419037,0.155045419931412,-0.0427644141018391,0,-0.101747632026672,0.150028467178345,0.0459536164999008,0.0367906726896763,-0.131645888090134,0.00769769493490458,0.00596620980650187,0.0370011255145073,0.234604716300964,0.170448079705238,-0.0905086472630501,-0.276652038097382,0.0259196292608976,0.376838266849518,0.201331928372383,-0.192423403263092,0.0339334458112717,0.251246631145477,0.296763330698013,0.397954106330872,0.39891904592514,0.0859677419066429,0.274103254079819,0.250352174043655,0.344575792551041,0.273826032876968,0.0816527679562569,0.407172650098801,-0.140370056033134,-0.0394369810819626,0.28228086233139,0.552491664886475,0.0496494881808758,0.580696940422058,-0.100724101066589,0.158220291137695,0.00147586863022298,0.0133354738354683,-0.136719480156898,0.0079514067620039,0.0388514809310436,0.0502727404236794,0.202122375369072,0.143999934196472,-0.0552551634609699,-0.261600732803345,0.0339916907250881,0.355421483516693,0.292032420635223,-0.228615865111351,0.115596555173397,0.252375513315201,0.243199527263641,0.422696352005005,0.382927030324936,0.135517969727516,0.269307047128677,0.205791786313057,0.278964728116989,0.220604047179222,0.0767937824130058,0.458505272865295,-0.170762598514557,-0.0839061588048935,0.227088004350662,0.545349836349487
0.0640320107340813,0.0253005381673574,0.094128355383873,-0.0398810394108295,0.00197057542391121,0.13896518945694,0.0431061051785946,-0.0636444091796875,0.00363078597001731,0.226982340216637,-0.0212387274950743,0.0509914681315422,-0.0411068685352802,-0.0324177294969559,0.122917845845222,0.0451852641999722,-0.0515582151710987,0.0411214157938957,0.229637995362282,-0.101747632026672,0,-0.139560252428055,0.0594356842339039,0.192128375172615,0.677434325218201,0.521940588951111,0.203582033514977,-0.0457747988402843,0.263009309768677,-0.0827794075012207,0.101483851671219,0.475290894508362,0.158866792917252,-0.123469047248363,0.518023073673248,0.423577725887299,0.509318172931671,-0.12262886017561,-0.0595539882779121,0.102484822273254,0.0792775228619576,0.304288625717163,-0.0266877412796021,0.641187071800232,0.332000315189362,0.302641689777374,0.0786271318793297,0.40062415599823,0.022681063041091,0.0151703786104918,-0.0102118812501431,-0.0362161658704281,0.0641974210739136,-0.107551798224449,0.656787037849426,-0.184448078274727,0.0611753948032856,0.109321907162666,0.503975391387939,0.262565821409225,0.0739211961627007,-0.0167240258306265,0.109002247452736,-0.0762403458356857,0.0634389966726303,0.320228666067123,0.119272619485855,-0.115825906395912,0.28940537571907,0.355170696973801,0.257704317569733,-0.119397841393948,-0.0284763742238283,-0.0131941847503185,0.0135414404794574,0.169529229402542,-0.0873261764645576,0.28859680891037,0.0911804661154747,0.114731937646866,0.0633505508303642,0.0775297060608864,0.0606116615235806,0.0224424693733454,0.000897397985681891,-0.0641273036599159
-0.0742622315883636,0.0782757550477982,-0.0120924962684512,0.0120238913223147,-0.00359329115599394,0.0863178074359894,0.0212553590536118,0.0228736530989408,0.047212366014719,-0.0206562671810389,0.0616156421601772,-0.0313254334032536,0.00679046474397182,0.00965665746480227,0.0716875717043877,0.0281739998608828,0.0295189488679171,0.0433484800159931,0.00648601399734616,0.150028467178345,-0.139560252428055,0,0.00896818377077579,0.288124650716782,0.0128920478746295,-0.14333675801754,0.118158586323261,0.149977773427963,0.0324042551219463,0.910406112670898,0.0157160926610231,-0.184419304132462,0.173741191625595,0.385051697492599,-0.0915631800889969,-0.160536631941795,-0.140535548329353,0.869391322135925,0.332571089267731,0.0395165868103504,0.282793641090393,0.257542431354523,0.0664821341633797,-0.0423712395131588,0.0942190587520599,0.655847668647766,0.144290268421173,-0.0188732370734215,-0.0367529429495335,0.0105765061452985,0.18405793607235,0.215688809752464,0.057390782982111,0.139991447329521,-0.268824070692062,0.967994928359985,-0.00568910595029593,0.338855803012848,-0.111266955733299,-0.0843519791960716,0.142494589090347,0.20055940747261,-0.0364556200802326,0.897085964679718,-0.00823255442082882,-0.22802822291851,0.179800137877464,0.352591693401337,-0.151854887604713,-0.252199679613113,-0.187936931848526,0.820962846279144,0.373658418655396,0.0376045443117619,0.301739752292633,0.288230419158936,0.0638516247272491,-0.142899319529533,-0.0263433717191219,0.579730153083801,0.148355260491371,0.0104804523289204,-0.0791238993406296,0.00830765161663294,0.156447514891624,0.1830093562603
0.0243154894560575,0.0146661009639502,0.00262981234118342,0.00688810460269451,0.00824378896504641,0.11942482739687,0.0714240521192551,-0.00457611167803407,0.0129448138177395,0.0448271706700325,0.0122700994834304,-0.0103758843615651,0.0114827128127217,0.00814486108720303,0.105006858706474,0.0710726007819176,0.0122466236352921,0.0342812575399876,0.0326594822108746,0.0459536164999008,0.0594356842339039,0.00896818377077579,0,0.153990283608437,0.106131836771965,0.130698040127754,0.0490685775876045,0.0257062688469887,0.0848717987537384,0.0323716104030609,0.0870705470442772,0.0987628474831581,0.0948711037635803,0.0353799015283585,0.0559009127318859,0.0416130796074867,0.0635310560464859,0.0144080342724919,0.0483958683907986,0.033266257494688,0.0595861487090588,0.0306121073663235,0.0541534684598446,0.0338111259043217,0.0670913532376289,0.0755456611514091,0.107065200805664,0.0541986674070358,0.0277487821877003,0.0992234721779823,0.0448187924921513,0.0929993763566017,0.0233872830867767,0.02340467274189,0.0313206873834133,-0.00478858267888427,0.0446553006768227,0.125078022480011,0.0676588490605354,0.108920834958553,0.0497745834290981,0.00874143186956644,0.0522303804755211,0.0273780785501003,0.0786440223455429,0.0684786438941956,0.0722194388508797,0.0039721499197185,0.048220619559288,0.0205415561795235,0.0378362983465195,0.000247357413172722,0.0344486124813557,0.0242868680506945,0.0469758883118629,0.0501511618494987,0.0258250217884779,-0.00494248187169433,0.044663954526186,0.0616845898330212,0.0772669017314911,0.0310662593692541,0.0178605280816555,0.0476708598434925,0.0220596343278885,0.0784382894635201
-0.0835993736982346,-0.0772610753774643,-0.0557796061038971,-0.0282465722411871,-0.00325985299423337,0.227119967341423,0.191255316138268,-0.0105186654254794,-0.00202663894742727,-0.129265323281288,-0.0970682576298714,-0.076643779873848,-0.0374524779617786,-0.0223270766437054,0.225596830248833,0.188989877700806,-0.000141671858727932,0.0104854311794043,0.254680544137955,0.0367906726896763,0.192128375172615,0.288124650716782,0.153990283608437,0,0.332149177789688,0.352793246507645,0.0885128378868103,0.506841599941254,0.0950147584080696,0.493393301963806,0.190186366438866,0.190533325076103,0.33029767870903,0.0941147208213806,0.119378469884396,0.0454706810414791,0.101146697998047,0.257583171129227,0.122239448130131,-0.0670868307352066,0.152204141020775,0.0822697207331657,0.0472709462046623,-0.0303003825247288,0.0823014155030251,0.445680797100067,0.355228155851364,0.00380364456214011,0.0564331635832787,0.153253510594368,0.118111670017242,0.151814803481102,0.29435208439827,0.0375582091510296,0.0379383824765682,0.259383618831635,0.116174690425396,0.812792420387268,0.184573367238045,0.373795747756958,0.0852378159761429,0.472977489233017,0.0785516276955605,0.490778833627701,0.162372872233391,0.183822378516197,0.346559464931488,0.0963008776307106,0.0861404165625572,-0.0247581787407398,0.135215401649475,0.179696083068848,0.165150851011276,-0.0593751855194569,0.175035759806633,0.137850716710091,0.0467100739479065,-0.068287618458271,0.0495488159358501,0.430029839277267,0.303429335355759,-0.0239030513912439,0.0405074805021286,0.138097420334816,0.101319007575512,0.109376341104507
