0,0.337963998317719,0.287948697805405,0.300537556409836,0.0940717533230782,-0.021598394960165,-0.0985517352819443,0.0630499646067619,0.220339417457581,0.724717795848846,0.413546919822693,0.369550943374634,0.308525204658508,0.117489658296108,-0.00918255094438791,-0.109573364257812,0.0415640845894814,0.268232375383377,-0.177908822894096,0.243053749203682,0.0604664385318756,-0.10062887519598,0.0177608747035265,-0.0797768756747246,0.0559314861893654,0.147218883037567,0.0865902006626129,0.0199109744280577,0.18031370639801,-0.0589506141841412,-0.160510957241058,-0.110270872712135,0.00975147634744644,0.104817442595959,0.0923132970929146,-0.0645610168576241,0.0137178245931864,0.0682079866528511,0.0157252214848995,0.381902605295181,0.0417913421988487,0.172738641500473,0.0969257950782776,0.393079847097397,0.0398046635091305,0.156074389815331,-0.208753824234009,0.369632005691528,-0.108995482325554,-0.0745566785335541,0.0193922892212868,0.221367210149765,-0.0262096542865038,0.281457990407944,0.430255621671677,-0.0801566019654274,0.0295798406004906,-0.105145983397961,0.358355522155762,0.250395566225052,0.186226576566696,-0.0101343048736453,0.319663792848587,-0.0911106467247009,-0.0339341014623642,0.113360725343227,0.0117491642013192,0.114636763930321,0.410997778177261,0.205416440963745,0.313695967197418,0.0950909033417702,0.0119996797293425,0.462903559207916,0.14863383769989,0.311558097600937,0.183065861463547,0.606142282485962,0.422116667032242,0.177240923047066,-0.146181926131248,0.554729878902435,-0.00446083769202232,-0.0928620919585228,0.0377809554338455,0.269805312156677
0.337963998317719,0,0.241887450218201,0.26534640789032,0.109630033373833,0.00880993250757456,-0.0838003009557724,0.0700922533869743,0.220860823988914,0.349016100168228,0.488073170185089,0.25491738319397,0.244643598794937,0.0895019322633743,-0.0130758350715041,-0.0987056419253349,0.0559207871556282,0.211185023188591,-0.124469503760338,0.261127561330795,0.0331007726490498,0.0692607089877129,0.0161362159997225,-0.066455714404583,0.0494498871266842,0.0307548325508833,0.140410602092743,0.0772387310862541,0.138387262821198,0.11710698902607,-0.0324200987815857,-0.122271507978439,0.00898554548621178,0.167692109942436,0.0984668135643005,-0.0737279653549194,0.00570360338315368,0.219632238149643,0.112226448953152,0.333885371685028,0.0988476797938347,0.190191045403481,0.158046245574951,0.218227505683899,0.159343272447586,0.118459887802601,-0.131588414311409,0.228208810091019,-0.0494072549045086,-0.0628339499235153,0.154820874333382,0.281373739242554,-0.126437142491341,0.248759910464287,0.0585854426026344,0.07649265229702,0.00433549378067255,-0.0912080034613609,0.0558998808264732,-0.00855674780905247,0.130082651972771,0.0766501650214195,0.1275784522295,0.0704806074500084,-0.0148742338642478,-0.105545371770859,-0.025529844686389,0.0960575714707375,0.148216307163239,-0.0338036492466927,0.0697865188121796,0.257001489400864,0.0577735342085361,0.315787941217422,0.0708305090665817,0.189294144511223,0.148903265595436,0.187958434224129,0.161362871527672,0.061850517988205,-0.134775459766388,0.221401065587997,-0.0531277284026146,-0.0769069269299507,0.141366451978683,0.249882206320763
0.287948697805405,0.241887450218201,0,0.399787276983261,0.111889272928238,0.0211170073598623,-0.0223468635231256,0.143106356263161,0.137934356927872,0.291359663009644,0.269725918769836,0.576884984970093,0.379513710737228,0.0650562793016434,0.0226314458996058,-0.0240704473108053,0.120793119072914,0.156699448823929,-0.039485078305006,0.211131662130356,0.124374970793724,-0.0360638946294785,0.0129443965852261,-0.0501608699560165,0.0319480076432228,0.0565632432699203,0.0738106593489647,-0.00660078693181276,0.192829623818398,-0.00986930355429649,-0.0231181662529707,-0.0746014714241028,-0.0325656682252884,0.0465278178453445,0.240785464644432,-0.00222186930477619,0.149326860904694,0.0592330954968929,-0.00138573441654444,0.210483893752098,0.0716148838400841,0.0763525515794754,0.163302719593048,0.275469362735748,0.194027468562126,0.0546558313071728,-0.081879086792469,0.198482483625412,-0.0562131553888321,-0.0526343509554863,0.0609533898532391,0.182273045182228,-0.029922628775239,0.181992620229721,0.130421459674835,-0.0466601178050041,0.025832649320364,-0.0797680541872978,0.0295348558574915,0.0338648818433285,0.0571727864444256,-0.00191457336768508,0.170384541153908,-0.0412385202944279,-0.0126267019659281,-0.0801068842411041,-0.0289224088191986,0.0139908939599991,0.21274645626545,-0.0171408914029598,0.156381711363792,0.0691439285874367,-0.0252582486718893,0.208685204386711,0.0808363184332848,0.0750290006399155,0.121958859264851,0.202896878123283,0.176504909992218,0.00528137292712927,-0.0744517967104912,0.199862703680992,-0.0673197135329247,-0.0592616051435471,0.0759570822119713,0.173740059137344
0.300537556409836,0.26534640789032,0.399787276983261,0,0.204629078507423,0.00705407233908772,-0.012343998067081,0.107041053473949,0.142174273729324,0.284554451704025,0.27631413936615,0.383714497089386,0.635538339614868,0.121535308659077,0.00125511758960783,-0.0197061952203512,0.0928140729665756,0.151444241404533,-0.0756200700998306,0.303976595401764,-0.0180221479386091,-0.00488780345767736,0.0114621846005321,-0.0454200990498066,-0.083121582865715,0.019214516505599,0.00460052071139216,0.0130573129281402,0.15313620865345,0.0115373283624649,-0.0357924066483974,-0.15183137357235,-0.034419160336256,0.176172032952309,0.189359113574028,-0.0740575045347214,0.0839759185910225,0.100813128054142,0.163385555148125,0.226303204894066,0.263606250286102,0.0317621864378452,0.125776335597038,0.19038400053978,0.173330187797546,0.0965175628662109,-0.0434065163135529,0.25043797492981,-0.0785162299871445,-0.0243481174111366,0.119101352989674,0.345489710569382,-0.0188894625753164,0.28488552570343,0.0334175042808056,0.000282291555777192,0.00790442805737257,-0.0584604330360889,-0.0478863939642906,-0.00952829234302044,0.0195779725909233,0.019444951787591,0.155517101287842,-0.0113052921369672,-0.0282066613435745,-0.13385346531868,-0.00168333132751286,0.135569527745247,0.275672733783722,-0.0457172058522701,0.165934413671494,0.119657374918461,0.0938262045383453,0.256709814071655,0.241437286138535,0.0691426023840904,0.130780547857285,0.199972257018089,0.20077408850193,0.0728265717625618,-0.0493198148906231,0.314311653375626,-0.070155143737793,-0.0585377477109432,0.115311197936535,0.344824999570847
0.0940717533230782,0.109630033373833,0.111889272928238,0.204629078507423,0,-0.00493946019560099,-0.0167169459164143,0.0202704612165689,0.0585910826921463,0.107615023851395,0.0970940589904785,0.117820993065834,0.172239527106285,0.0414361394941807,-0.00481263641268015,-0.0251777973026037,0.0201495625078678,0.0629668086767197,-0.0206151567399502,0.112959317862988,0.0060181375592947,-0.0108808567747474,0.00632006675004959,-0.0201155189424753,-0.0184958074241877,0.00193233357276767,-0.00281857792288065,-0.0111006796360016,0.0749335736036301,-0.00768941501155496,-0.022733312100172,-0.0326493829488754,-0.016532750800252,0.0178757347166538,0.0745181515812874,0.00587156042456627,0.0591673739254475,0.0374967642128468,0.0659511387348175,0.0959976240992546,0.0813443586230278,0.0151011981070042,0.0598943047225475,0.0787878111004829,0.0702221095561981,0.00760117545723915,0.00685185845941305,0.111398704349995,-0.0299346800893545,-0.0238002296537161,0.0561344027519226,0.144146874547005,-0.00243594101630151,0.114654161036015,-0.00720414239913225,-0.0157205555588007,-0.0121334120631218,-0.0399198420345783,-0.0337722115218639,-0.00939223449677229,-0.00366057502105832,-0.00157491641584784,0.0688303932547569,-0.0229947473853827,-0.0148875918239355,-0.040599100291729,-0.0188126415014267,0.0184289515018463,0.0904445797204971,-0.00199279212392867,0.0696571469306946,0.0395616292953491,0.0386173576116562,0.0823856517672539,0.0683317705988884,0.00812409352511168,0.0291827656328678,0.0503373816609383,0.0614387169480324,-0.0133118415251374,-0.00381790939718485,0.11026431620121,-0.0348652563989162,-0.0229555871337652,0.0425152406096458,0.126242399215698
-0.021598394960165,0.00880993250757456,0.0211170073598623,0.00705407233908772,-0.00493946019560099,0,0.172617197036743,0.0197497922927141,0.082050509750843,0.0400941073894501,-0.0105571122840047,0.0152710378170013,-0.00433416478335857,-0.0168153941631317,0.419904589653015,0.168638288974762,0.0333435274660587,0.0637578517198563,0.0818122401833534,0.0350061617791653,0.146868377923965,0.0938428640365601,0.125023752450943,0.225946217775345,0.225197419524193,0.121675044298172,0.325826734304428,0.122714571654797,0.0833540335297585,0.120902143418789,0.296253532171249,0.213570162653923,0.276663988828659,0.0712415724992752,-0.0234874151647091,0.0381284393370152,-0.00703718420118093,0.0713324844837189,0.0940828919410706,0.0831498503684998,0.0676154792308807,0.250542163848877,0.220417395234108,-0.0129961352795362,0.170858398079872,0.0720350816845894,0.238937526941299,-0.0711650624871254,0.0616642870008945,0.14915144443512,0.117142021656036,0.0810774341225624,0.0369622744619846,0.013285362161696,0.00988971535116434,0.0772416591644287,0.091345377266407,0.214995428919792,0.121741272509098,0.0866879522800446,0.270818084478378,0.130539640784264,0.0121449502184987,0.111426539719105,0.274638414382935,0.149232923984528,0.230881348252296,0.0719041675329208,-0.111811846494675,-0.0419307388365269,-0.0941637307405472,0.051231175661087,0.102296113967896,0.0182710532099009,0.0568531714379787,0.204245164990425,0.139279901981354,-0.0967979654669762,0.0650031492114067,0.040623988956213,0.198981449007988,-0.117039658129215,0.0517365820705891,0.123704962432384,0.0967038944363594,0.0461961589753628
-0.0985517352819443,-0.0838003009557724,-0.0223468635231256,-0.012343998067081,-0.0167169459164143,0.172617197036743,0,-0.00906746368855238,-0.0119222989305854,-0.0541720502078533,-0.109327808022499,-0.0444743894040585,-0.0341235250234604,-0.02410345710814,0.173213556408882,0.253953456878662,-0.0128527414053679,-0.0354846082627773,0.156437158584595,-0.0521387085318565,0.0533510185778141,0.0384578518569469,0.0729948878288269,0.184310361742973,0.0650049895048141,0.122430868446827,0.00127466791309416,0.0738117396831512,0.0236836094409227,0.0419316440820694,0.158692553639412,0.168926492333412,0.0715190917253494,0.0164521560072899,0.0257047731429338,0.0819653868675232,0.077230766415596,-0.0163615364581347,0.0592394657433033,-0.129275619983673,0.0716309323906898,-0.0368432328104973,0.00182225450407714,-0.13015641272068,0.0666491761803627,0.0245241932570934,0.246763423085213,-0.0663628876209259,0.0453505143523216,0.133661612868309,0.0267567783594131,0.0317788608372211,0.0921409875154495,-0.0557133629918098,-0.0589227341115475,0.0268114414066076,0.0276359580457211,0.160074174404144,-0.0386959835886955,0.0642017796635628,-0.0316500812768936,0.0656284242868423,-0.0221378803253174,0.0408233217895031,0.0893782749772072,0.0934140607714653,0.0531499534845352,0.023615799844265,-0.0565719343721867,-0.0139795960858464,-0.0258208382874727,-0.0351831801235676,0.0676006749272346,-0.149181634187698,0.0767498165369034,-0.0670647546648979,-0.024971179664135,-0.18986988067627,-0.0239757187664509,0.0287609063088894,0.199058845639229,-0.137243077158928,0.0282670669257641,0.106462150812149,0.00693779299035668,-0.00727968849241734
0.0630499646067619,0.0700922533869743,0.143106356263161,0.107041053473949,0.0202704612165689,0.0197497922927141,-0.00906746368855238,0,0.0536776408553123,0.0428115501999855,0.0762478113174438,0.127125218510628,0.100428409874439,0.0155366193503141,0.0312030799686909,0.00584294833242893,0.101415656507015,0.062799371778965,-0.0432812161743641,0.085063599050045,-0.0598266385495663,0.00805649627000093,0.0016122036613524,-0.0152028370648623,-0.0506573393940926,-0.0219537317752838,0.0463070385158062,0.0118602626025677,0.0226637087762356,-0.00376058369874954,0.0605748631060123,-0.0608696192502975,0.0229461695998907,0.0414500720798969,-0.0169569998979568,-0.0772321373224258,-0.0676057189702988,0.0378923118114471,0.0216328166425228,0.0693010613322258,0.0158075224608183,0.0351119227707386,0.110086336731911,0.00145906663965434,0.0065570380538702,0.00204683910124004,-9.79285687208176e-05,0.000709841377101839,-0.00902860704809427,6.53192400932312e-05,0.0410345755517483,0.082704484462738,-0.0246629379689693,0.0705278068780899,-0.0398605391383171,0.0135757708922029,-0.00447117164731026,-0.00855710823088884,-0.0255881380289793,0.00202209828421474,0.0563695766031742,0.0246362145990133,0.0309952013194561,-0.00601910147815943,0.0628157928586006,-0.0423871539533138,0.00519665330648422,0.0418610461056232,0.00355007709003985,-0.081043004989624,-0.0100485719740391,0.044719934463501,0.0106749320402741,0.0740926042199135,0.0323173813521862,0.0509133823215961,0.0930166617035866,0.0199265945702791,0.0314376428723335,0.00357319251634181,0.011925783008337,0.054899200797081,-0.018112126737833,0.00418643234297633,0.0559381432831287,0.0876570865511894
0.220339417457581,0.220860823988914,0.137934356927872,0.142174273729324,0.0585910826921463,0.082050509750843,-0.0119222989305854,0.0536776408553123,0,0.226803600788116,0.228267997503281,0.130344793200493,0.133932784199715,0.0425857976078987,0.0626043304800987,-0.0231529306620359,0.054816447198391,0.195273548364639,-0.0496328547596931,0.173850566148758,0.00262912875041366,0.0546284057199955,0.0114984065294266,-0.00812520273029804,0.0245352163910866,0.00344945234246552,0.126193478703499,0.015909731388092,0.0781821087002754,0.0838106274604797,0.014414394274354,-0.0564975924789906,0.059587650001049,0.127546027302742,0.0380307734012604,-0.0625122040510178,-0.0111006386578083,0.160818889737129,0.0966796278953552,0.203495398163795,0.067818321287632,0.154099076986313,0.137571349740028,0.110636033117771,0.0787945762276649,0.0530785135924816,-0.0014464397681877,0.123218886554241,-0.0363528579473495,-0.0184968542307615,0.121300749480724,0.188932910561562,-0.0326776020228863,0.176586791872978,0.046116266399622,0.0509684346616268,0.0240815319120884,-0.0238334778696299,0.0556884631514549,0.0196466837078333,0.148537769913673,0.012628679163754,0.0947188138961792,0.0724230036139488,0.0593186169862747,-0.0151368612423539,0.0302160289138556,0.0767490938305855,0.0870435833930969,-0.0316230021417141,0.043391577899456,0.170464545488358,0.0644697323441505,0.195596292614937,0.0583654083311558,0.178334459662437,0.141022145748138,0.116210356354713,0.132403314113617,0.0247090142220259,-0.00239059422165155,0.163603946566582,-0.0378844626247883,-0.00991114135831594,0.118337102234364,0.17699421942234
0.724717795848846,0.349016100168228,0.291359663009644,0.284554451704025,0.107615023851395,0.0400941073894501,-0.0541720502078533,0.0428115501999855,0.226803600788116,0,0.326901912689209,0.289486110210419,0.235516384243965,0.101190634071827,0.0414119027554989,-0.0627318844199181,0.0346757099032402,0.237362697720528,-0.0760366916656494,0.252846240997314,0.236507654190063,-0.0479165427386761,0.0429265201091766,-0.0977974459528923,0.183767959475517,0.231787994503975,0.129507303237915,-0.0640677064657211,0.204556778073311,-0.0246669314801693,-0.0371367149055004,0.0413123704493046,0.0353438220918179,0.180852860212326,0.227692246437073,0.0930351838469505,0.180163130164146,0.0955039858818054,0.241879492998123,0.328426003456116,0.267845302820206,0.219173088669777,0.0850211009383202,0.4673171043396,0.277498811483383,0.243733018636703,-0.153873652219772,0.411777973175049,-0.0367734879255295,-0.0123867085203528,0.0209005512297153,0.235229969024658,-0.1374132335186,0.192305788397789,0.134942129254341,-0.0439421385526657,0.0240411870181561,-0.111897014081478,0.110090345144272,0.141362696886063,0.0976834744215012,-0.0313318446278572,0.114790111780167,-0.0347635746002197,-0.0299694277346134,0.00371972983703017,0.019509444013238,0.117347076535225,0.169753089547157,0.0376149043440819,0.0742853581905365,0.117962315678596,0.120526157319546,0.282934933900833,0.155244454741478,0.150981619954109,0.0603963993489742,0.263461798429489,0.117892317473888,0.0992395281791687,-0.124064572155476,0.364261984825134,-0.0506217069923878,-0.0673644989728928,0.0516236983239651,0.196265324950218
0.413546919822693,0.488073170185089,0.269725918769836,0.27631413936615,0.0970940589904785,-0.0105571122840047,-0.109327808022499,0.0762478113174438,0.228267997503281,0.326901912689209,0,0.316061973571777,0.294166594743729,0.103382490575314,-0.0217854436486959,-0.11218499392271,0.0911431387066841,0.246767118573189,-0.211810857057571,0.288636386394501,-0.0264640375971794,0.0403182730078697,0.0125879421830177,-0.0906344503164291,0.0011110226623714,-0.0256691034883261,0.136786758899689,0.0600825063884258,0.114789254963398,0.0879225134849548,-0.0669735297560692,-0.200839504599571,0.00268398690968752,0.11812873929739,0.0233259163796902,-0.14652056992054,-0.0616431050002575,0.211817026138306,0.0338381715118885,0.345179557800293,0.0458451062440872,0.187551572918892,0.183818966150284,0.209669128060341,0.0726504772901535,0.0767917707562447,-0.187363252043724,0.211607292294502,-0.0889227837324142,-0.0805497318506241,0.151150166988373,0.270843297243118,-0.143824249505997,0.296462118625641,0.144965678453445,0.0626950114965439,-0.00209173816256225,-0.116512984037399,0.136216476559639,-0.00904194917529821,0.185431286692619,0.0391572937369347,0.178058415651321,0.0434669181704521,-0.0107060605660081,-0.0830293595790863,-0.00795996468514204,0.119967103004456,0.230419859290123,-0.00811837054789066,0.146848648786545,0.258569985628128,0.00651464704424143,0.393183261156082,0.0758479461073875,0.261211901903152,0.201195910573006,0.308844953775406,0.257567137479782,0.0579272881150246,-0.154902845621109,0.313867837190628,-0.0437160059809685,-0.105011358857155,0.152815401554108,0.288186490535736
0.369550943374634,0.25491738319397,0.576884984970093,0.383714497089386,0.117820993065834,0.0152710378170013,-0.0444743894040585,0.127125218510628,0.130344793200493,0.289486110210419,0.316061973571777,0,0.408510535955429,0.0841589570045471,0.0127708809450269,-0.0295964181423187,0.148311242461205,0.158084824681282,-0.0835824683308601,0.209020301699638,0.0681733936071396,-0.0685755014419556,-0.00838733091950417,-0.0748826935887337,-0.00455106841400266,0.0356434099376202,0.063205823302269,-0.00313361827284098,0.180897653102875,-0.0425748713314533,-0.0644919648766518,-0.139971494674683,-0.0403208956122398,0.0269094798713923,0.204511061310768,-0.0420230887830257,0.117328800261021,0.0467749536037445,-0.0104820765554905,0.227105915546417,0.0502183698117733,0.0477615110576153,0.162433415651321,0.255399852991104,0.112984128296375,0.0610644556581974,-0.11796809732914,0.192319452762604,-0.0928556770086288,-0.0762885212898254,0.0489575825631618,0.183949068188667,-0.0309821497648954,0.234080374240875,0.196895033121109,-0.0865902602672577,0.0156488344073296,-0.098587729036808,0.0760738775134087,0.0653183981776237,0.0714298486709595,-0.0226056203246117,0.231910973787308,-0.0688933506608009,-0.0155501449480653,-0.0589285492897034,-0.00273176352493465,0.0287598371505737,0.290931433439255,0.0526600107550621,0.240963131189346,0.0567672587931156,-0.0643728896975517,0.267643749713898,0.0709983557462692,0.10868014395237,0.177707731723785,0.307680279016495,0.240589901804924,0.0190058127045631,-0.0953667759895325,0.260151863098145,-0.0615474432706833,-0.0600601583719254,0.0485797487199306,0.211224585771561
0.308525204658508,0.244643598794937,0.379513710737228,0.635538339614868,0.172239527106285,-0.00433416478335857,-0.0341235250234604,0.100428409874439,0.133932784199715,0.235516384243965,0.294166594743729,0.408510535955429,0,0.146621063351631,-0.00117358786519617,-0.0100666014477611,0.115606233477592,0.157249689102173,-0.0848378241062164,0.274705648422241,-0.0265451818704605,-0.0120730940252542,0.0114586828276515,-0.0545052103698254,-0.0880990698933601,0.000837793399114162,-0.00952368881553411,0.0317313671112061,0.13906891644001,-0.00191448582336307,-0.0706260204315186,-0.162241891026497,-0.0355826690793037,0.146202906966209,0.152676820755005,-0.0917254388332367,0.0619253031909466,0.0873077213764191,0.0884285271167755,0.233387023210526,0.191854953765869,0.0126087004318833,0.108657382428646,0.163543939590454,0.126169294118881,0.0780034959316254,-0.070897713303566,0.226421371102333,-0.095992349088192,-0.0501663088798523,0.10291501134634,0.311634719371796,0.00166295131202787,0.289857804775238,0.0462673306465149,-0.0165351945906878,0.00785550940781832,-0.0508573725819588,-0.0356452204287052,0.0307864136993885,0.0027094567194581,0.0298576317727566,0.187939465045929,-0.026834525167942,-0.0380271486938,-0.119063846766949,-0.0166293773800135,0.142455399036407,0.298484176397324,-0.0273081324994564,0.192999497056007,0.108673490583897,0.0904766991734505,0.262526899576187,0.26444411277771,0.0665052160620689,0.12826307117939,0.221004545688629,0.206027910113335,0.0746708512306213,-0.0228588320314884,0.329809725284576,-0.0891554728150368,-0.053639717400074,0.116991423070431,0.367775827646255
0.117489658296108,0.0895019322633743,0.0650562793016434,0.121535308659077,0.0414361394941807,-0.0168153941631317,-0.02410345710814,0.0155366193503141,0.0425857976078987,0.101190634071827,0.103382490575314,0.0841589570045471,0.146621063351631,0,-0.0118516981601715,-0.0291794613003731,0.00513509567826986,0.0898183211684227,-0.0301303677260876,0.134452536702156,-0.0425888821482658,-0.000281922519207001,0.00494677806273103,-0.0255720801651478,-0.0284270513802767,-0.0176610965281725,0.00946618244051933,-0.0135561265051365,0.0341997742652893,0.00062221655389294,-0.0297866836190224,-0.0592483915388584,-0.00354548450559378,0.0519286580383778,0.0235031135380268,-0.0409839600324631,-0.00648894254118204,0.0469149202108383,0.0476881824433804,0.0906209871172905,0.0561672709882259,0.0357056893408298,0.0541653744876385,0.0546652749180794,0.0504066981375217,0.012186648324132,-0.0216460824012756,0.0827108025550842,-0.0386375971138477,-0.00987961981445551,0.0681252256035805,0.121321395039558,-0.0162681955844164,0.111226230859756,0.00652881851419806,-0.000868439441546798,0.00105139485094696,-0.0301066171377897,-0.00302964029833674,-0.00647913618013263,0.0229367464780807,-0.0145326685160398,0.0344846546649933,0.00100954959634691,-0.0051037035882473,-0.030058603733778,-0.00885963253676891,0.0585988350212574,0.0848533511161804,-0.0279038101434708,0.0641489997506142,0.0608858652412891,0.0480444394052029,0.0937147960066795,0.0717547684907913,0.0454883202910423,0.0737687200307846,0.0773758813738823,0.0973795726895332,-0.00109587190672755,-0.0149296671152115,0.125808283686638,-0.0283627882599831,-0.026503162458539,0.0630053803324699,0.13550092279911
-0.00918255094438791,-0.0130758350715041,0.0226314458996058,0.00125511758960783,-0.00481263641268015,0.419904589653015,0.173213556408882,0.0312030799686909,0.0626043304800987,0.0414119027554989,-0.0217854436486959,0.0127708809450269,-0.00117358786519617,-0.0118516981601715,0,0.212868854403496,0.0323086194694042,0.0630271881818771,0.0608950704336166,0.0260162465274334,0.13704639673233,0.0799611955881119,0.104744844138622,0.231083378195763,0.206552818417549,0.124442845582962,0.309654921293259,0.124319583177567,0.0862760171294212,0.099313773214817,0.301403224468231,0.182094156742096,0.263950377702713,0.0729262754321098,-0.030299112200737,0.000498794892337173,-0.0336804576218128,0.0539949387311935,0.0786711275577545,0.0693077892065048,0.0684017837047577,0.234328597784042,0.226352795958519,-0.0261378586292267,0.157251238822937,0.065155990421772,0.224998936057091,-0.0815288722515106,0.0353018902242184,0.128556579351425,0.0897121429443359,0.0753661394119263,0.0425610616803169,0.0295383520424366,0.0612734518945217,0.0749639645218849,0.0998912528157234,0.225939944386482,0.153998285531998,0.133982211351395,0.288933038711548,0.114080086350441,0.0467927828431129,0.0951759517192841,0.268421024084091,0.16901670396328,0.266908317804337,0.0641440078616142,-0.0816313922405243,-0.0320684500038624,-0.0733238160610199,0.0471131131052971,0.104225307703018,0.0458475649356842,0.0546902902424335,0.224797084927559,0.157850727438927,-0.0678640305995941,0.0899783372879028,0.0610349923372269,0.212676033377647,-0.0909769907593727,0.0314056091010571,0.141377434134483,0.0911065489053726,0.072678379714489
-0.109573364257812,-0.0987056419253349,-0.0240704473108053,-0.0197061952203512,-0.0251777973026037,0.168638288974762,0.253953456878662,0.00584294833242893,-0.0231529306620359,-0.0627318844199181,-0.11218499392271,-0.0295964181423187,-0.0100666014477611,-0.0291794613003731,0.212868854403496,0,0.0167144108563662,-0.0118890888988972,0.116733632981777,-0.036477342247963,0.0512049496173859,0.0417291559278965,0.0703383460640907,0.174630329012871,0.0425090231001377,0.112751744687557,-0.00559742841869593,0.033474687486887,0.0198855511844158,0.0383267514407635,0.137604758143425,0.129482328891754,0.0941676422953606,0.0215085130184889,0.0124660590663552,0.0504629909992218,0.0582483075559139,-0.0497085303068161,0.0455631464719772,-0.117175295948982,0.0790407285094261,-0.0351518504321575,0.00714542018249631,-0.117630191147327,0.0466360375285149,0.0315283536911011,0.213333517313004,-0.0716534331440926,0.0441714897751808,0.108429618179798,0.0256108734756708,0.0220993459224701,0.102440103888512,-0.0462839491665363,-0.0243863686919212,0.0253213401883841,0.0389402508735657,0.18797093629837,-0.0181227345019579,0.108496278524399,-0.0293245390057564,0.0329413525760174,-0.00706071220338345,0.0398779809474945,0.101944155991077,0.0917248129844666,0.0930585563182831,0.0278552137315273,-0.0207885168492794,-0.00807276926934719,0.0072371787391603,-0.0556718781590462,0.0685009881854057,-0.137805014848709,0.0860348492860794,-0.0640323981642723,-0.0268934518098831,-0.155070841312408,-0.0194686707109213,0.0366960465908051,0.217723026871681,-0.103700712323189,0.0251180455088615,0.131199479103088,0.00747211696580052,0.0218121074140072
0.0415640845894814,0.0559207871556282,0.120793119072914,0.0928140729665756,0.0201495625078678,0.0333435274660587,-0.0128527414053679,0.101415656507015,0.054816447198391,0.0346757099032402,0.0911431387066841,0.148311242461205,0.115606233477592,0.00513509567826986,0.0323086194694042,0.0167144108563662,0,0.0678506568074226,-0.0308569669723511,0.0888975337147713,-0.0456415638327599,0.0259612929075956,0.0184728875756264,-0.0110725937411189,-0.0236856956034899,-0.0375547371804714,0.0720041841268539,0.0261922273784876,0.0182841476052999,0.0281074326485395,0.0502075552940369,-0.0720320418477058,0.00398562802001834,0.024747721850872,-0.0110715739428997,-0.0771573334932327,-0.0530569180846214,0.043225072324276,0.000169780105352402,0.0640108659863472,-0.0093254903331399,0.0614289045333862,0.11855786293745,-0.00562220765277743,0.0114949364215136,-0.000571321637835354,0.0051623648032546,-0.0273062996566296,-0.0170024447143078,-0.0139623135328293,0.0386725217103958,0.0592145286500454,-0.0137015590444207,0.0742842853069305,-0.0261905137449503,0.0250476785004139,0.00235611316747963,0.0100548528134823,-0.0210393518209457,-0.0153444688767195,0.0545620694756508,0.0215011108666658,0.0276211015880108,0.0150397531688213,0.0400940403342247,-0.0454268641769886,0.0159314293414354,0.0277419183403254,-0.00279384828172624,-0.0960113406181335,-0.0182530973106623,0.0473821014165878,-0.0107549913227558,0.0726366937160492,-0.00854902155697346,0.0619044341146946,0.110263265669346,0.0224764086306095,0.0131981773301959,0.00118926435243338,0.0169523730874062,0.0194366350769997,-0.0227646231651306,-0.00815719645470381,0.0451780371367931,0.0678887665271759
0.268232375383377,0.211185023188591,0.156699448823929,0.151444241404533,0.0629668086767197,0.0637578517198563,-0.0354846082627773,0.062799371778965,0.195273548364639,0.237362697720528,0.246767118573189,0.158084824681282,0.157249689102173,0.0898183211684227,0.0630271881818771,-0.0118890888988972,0.0678506568074226,0,-0.0706491619348526,0.174292594194412,0.0317400135099888,0.0300187561661005,0.0352857187390327,0.0038549336604774,0.0523969121277332,0.0369716361165047,0.111189857125282,0.0229887571185827,0.0920819491147995,0.0703591033816338,0.00745128840208054,-0.0354742482304573,0.0593407042324543,0.0897045060992241,0.0313168801367283,-0.050060011446476,0.00334217655472457,0.14653667807579,0.0695836767554283,0.192807838320732,0.0579629316926003,0.146196410059929,0.126383602619171,0.135602757334709,0.07807257771492,0.0609169900417328,0.00436815060675144,0.147151991724968,-0.035057470202446,0.0238524917513132,0.157614633440971,0.194982707500458,-0.00885256379842758,0.18576392531395,0.108337663114071,0.045112993568182,0.0270423274487257,0.00299403769895434,0.104970954358578,0.052160631865263,0.141551420092583,0.0253548100590706,0.116713672876358,0.0574065409600735,0.0566510409116745,0.0116795413196087,0.0471310839056969,0.107391439378262,0.126921400427818,0.0130171831697226,0.0944286808371544,0.166005477309227,0.0597528032958508,0.206540107727051,0.0772554501891136,0.182609990239143,0.132647573947906,0.164036214351654,0.16082489490509,0.0585557892918587,0.0200402624905109,0.194224983453751,-0.0116046629846096,0.00116444693412632,0.132036611437798,0.217834398150444
-0.177908822894096,-0.124469503760338,-0.039485078305006,-0.0756200700998306,-0.0206151567399502,0.0818122401833534,0.156437158584595,-0.0432812161743641,-0.0496328547596931,-0.0760366916656494,-0.211810857057571,-0.0835824683308601,-0.0848378241062164,-0.0301303677260876,0.0608950704336166,0.116733632981777,-0.0308569669723511,-0.0706491619348526,0,-0.0830421298742294,0.29517787694931,0.0228035487234592,0.047113835811615,0.268203496932983,0.261527299880981,0.299050867557526,-0.129551917314529,0.0776546597480774,0.0884598419070244,0.0446358323097229,0.0506925135850906,0.632788240909576,0.0144429747015238,-0.0551081150770187,0.514753103256226,0.291771620512009,0.584375619888306,-0.0572536289691925,0.0170264299958944,-0.123810149729252,0.113124504685402,-0.0552118755877018,-0.134695783257484,-0.00575131550431252,0.255981028079987,0.041540402919054,0.720897138118744,0.214909508824348,0.154079616069794,0.170340150594711,0.140145823359489,0.0713429301977158,0.617543876171112,-0.0927822440862656,0.0333617590367794,-0.00865453109145164,0.0178126730024815,0.218995660543442,0.0416274517774582,0.197156548500061,-0.186490461230278,0.0857553854584694,0.0102800037711859,0.0442350059747696,-0.0317660607397556,0.377413839101791,0.0237582083791494,-0.0348691344261169,0.179593726992607,0.195408910512924,0.247849926352501,-0.0929533466696739,0.0771340131759644,-0.2090685069561,0.0828319415450096,-0.155871495604515,-0.12415274232626,-0.142310112714767,0.0404069907963276,0.0181320924311876,0.584400236606598,-0.0394673496484756,0.0933873429894447,0.175134181976318,0.145337998867035,0.0238278545439243
0.243053749203682,0.261127561330795,0.211131662130356,0.303976595401764,0.112959317862988,0.0350061617791653,-0.0521387085318565,0.085063599050045,0.173850566148758,0.252846240997314,0.288636386394501,0.209020301699638,0.274705648422241,0.134452536702156,0.0260162465274334,-0.036477342247963,0.0888975337147713,0.174292594194412,-0.0830421298742294,0,-0.104334570467472,0.138483539223671,0.0544330514967442,-0.000905170803889632,-0.113567300140858,-0.00999015290290117,0.00416996236890554,0.023633686825633,0.216695532202721,0.168943792581558,-0.102362029254436,-0.279432445764542,0.00499515933915973,0.396364063024521,0.211716517806053,-0.21924102306366,0.0400961115956306,0.283421009778976,0.319297075271606,0.422717422246933,0.397989749908447,0.0862277895212173,0.27278134226799,0.296051561832428,0.342761009931564,0.260596692562103,0.0354590974748135,0.381937056779861,-0.139594793319702,-0.0390609093010426,0.292238742113113,0.578614115715027,0.0213844049721956,0.59552788734436,-0.0900005325675011,0.149919331073761,0.0053758448921144,-0.0243115127086639,-0.116885207593441,0.00254389597103,0.0479914322495461,0.0280271768569946,0.184704780578613,0.133830323815346,-0.0449653826653957,-0.265826344490051,0.0176098383963108,0.365207344293594,0.322457671165466,-0.244642719626427,0.136382132768631,0.280363738536835,0.267109453678131,0.450963526964188,0.390611946582794,0.160941138863564,0.275870203971863,0.257331788539886,0.307374030351639,0.213132634758949,0.0478277169167995,0.488361269235611,-0.161850407719612,-0.0864568427205086,0.246575459837914,0.569933712482452
0.0604664385318756,0.0331007726490498,0.124374970793724,-0.0180221479386091,0.0060181375592947,0.146868377923965,0.0533510185778141,-0.0598266385495663,0.00262912875041366,0.236507654190063,-0.0264640375971794,0.0681733936071396,-0.0265451818704605,-0.0425888821482658,0.13704639673233,0.0512049496173859,-0.0456415638327599,0.0317400135099888,0.29517787694931,-0.104334570467472,0,-0.144191086292267,0.0630466863512993,0.202813759446144,0.708676218986511,0.562358438968658,0.202983260154724,-0.0343755185604095,0.285632461309433,-0.0816246941685677,0.112692691385746,0.503283023834229,0.164818629622459,-0.0980676859617233,0.56973272562027,0.480812072753906,0.537076950073242,-0.130090430378914,-0.0276314001530409,0.111686304211617,0.124809324741364,0.322593539953232,-0.0263764560222626,0.6794593334198,0.433260768651962,0.397151380777359,0.0801446959376335,0.480085760354996,0.0434204116463661,0.0084824226796627,-0.0275476649403572,-0.0498246066272259,0.0675147920846939,-0.110102728009224,0.649892568588257,-0.189204171299934,0.0598648563027382,0.134405270218849,0.51762855052948,0.323442876338959,0.0700894370675087,0.00605478184297681,0.111762903630733,-0.0718114078044891,0.0587294697761536,0.338705152273178,0.123045615851879,-0.0831306651234627,0.252374112606049,0.378432661294937,0.216446235775948,-0.129674956202507,0.000956434465479106,-0.0185144245624542,0.0603948496282101,0.168945014476776,-0.117630682885647,0.268539726734161,0.113505095243454,0.183608248829842,0.0589903965592384,0.0912391617894173,0.0690906345844269,0.0191904287785292,-0.014733680523932,-0.109212942421436
-0.10062887519598,0.0692607089877129,-0.0360638946294785,-0.00488780345767736,-0.0108808567747474,0.0938428640365601,0.0384578518569469,0.00805649627000093,0.0546284057199955,-0.0479165427386761,0.0403182730078697,-0.0685755014419556,-0.0120730940252542,-0.000281922519207001,0.0799611955881119,0.0417291559278965,0.0259612929075956,0.0300187561661005,0.0228035487234592,0.138483539223671,-0.144191086292267,0,0.0196335520595312,0.31781855225563,0.0502195581793785,-0.134179696440697,0.112052589654922,0.226610288023949,0.0277063902467489,0.914708495140076,0.0327011421322823,-0.141200482845306,0.14245717227459,0.38291808962822,-0.0801437422633171,-0.161919251084328,-0.126440763473511,0.864640951156616,0.324004381895065,0.0320721194148064,0.284085690975189,0.250049620866776,0.0556701011955738,-0.0506375916302204,0.0844633430242538,0.626694679260254,0.18593242764473,-0.023329921066761,-0.0236601121723652,0.0283868834376335,0.180663719773293,0.209606826305389,0.068914532661438,0.107968658208847,-0.268897652626038,0.970806419849396,0.0025785609614104,0.35665300488472,-0.0924979224801064,-0.0999767333269119,0.131725907325745,0.279501885175705,-0.0384064055979252,0.903037905693054,-0.00583258178085089,-0.194960877299309,0.146637260913849,0.350808590650558,-0.15108785033226,-0.253836035728455,-0.189138665795326,0.812882304191589,0.37661674618721,0.0142882540822029,0.293567687273026,0.271509230136871,0.0593457669019699,-0.145386233925819,-0.0393422469496727,0.571972966194153,0.167359948158264,0.00568809174001217,-0.0614380985498428,0.0283975638449192,0.150895789265633,0.172771364450455
0.0177608747035265,0.0161362159997225,0.0129443965852261,0.0114621846005321,0.00632006675004959,0.125023752450943,0.0729948878288269,0.0016122036613524,0.0114984065294266,0.0429265201091766,0.0125879421830177,-0.00838733091950417,0.0114586828276515,0.00494677806273103,0.104744844138622,0.0703383460640907,0.0184728875756264,0.0352857187390327,0.047113835811615,0.0544330514967442,0.0630466863512993,0.0196335520595312,0,0.155355170369148,0.107185810804367,0.137979492545128,0.0495406724512577,0.0307610146701336,0.0955443680286407,0.0428082123398781,0.0861582830548286,0.107247442007065,0.0907604992389679,0.0316545367240906,0.0671833530068398,0.0382924452424049,0.0700389295816422,0.022208085283637,0.0454009734094143,0.0395296588540077,0.0563525967299938,0.0397376492619514,0.057993296533823,0.0408221185207367,0.0724248215556145,0.0917691066861153,0.116448312997818,0.0598040036857128,0.033524177968502,0.100181058049202,0.0515129081904888,0.100860081613064,0.023821908980608,0.021145436912775,0.0326776430010796,0.00614223070442677,0.0474130623042583,0.130185335874557,0.0609000362455845,0.111291237175465,0.0524396970868111,0.0207926779985428,0.0528579391539097,0.0406775660812855,0.0805674940347672,0.0717077180743217,0.0763074457645416,0.00923343282192945,0.0555415526032448,0.00834793969988823,0.0421030558645725,0.0118768271058798,0.0340681970119476,0.0374153442680836,0.0499425604939461,0.0550983399152756,0.0313045717775822,-0.00759711256250739,0.0458161309361458,0.0771268308162689,0.0817781761288643,0.0355440154671669,0.0196906793862581,0.0464351959526539,0.0255572739988565,0.0872987434267998
-0.0797768756747246,-0.066455714404583,-0.0501608699560165,-0.0454200990498066,-0.0201155189424753,0.225946217775345,0.184310361742973,-0.0152028370648623,-0.00812520273029804,-0.0977974459528923,-0.0906344503164291,-0.0748826935887337,-0.0545052103698254,-0.0255720801651478,0.231083378195763,0.174630329012871,-0.0110725937411189,0.0038549336604774,0.268203496932983,-0.000905170803889632,0.202813759446144,0.31781855225563,0.155355170369148,0,0.355347365140915,0.360772550106049,0.0852026268839836,0.536104083061218,0.0998278930783272,0.503228604793549,0.190098404884338,0.246921971440315,0.327591985464096,0.0845375657081604,0.142796024680138,0.0689689442515373,0.120247453451157,0.272430896759033,0.0789474546909332,-0.0731047391891479,0.115890346467495,0.0978911146521568,0.0439739413559437,-0.0312164351344109,0.113707222044468,0.465618342161179,0.362253934144974,-0.0217474680393934,0.0784794315695763,0.157533228397369,0.106340408325195,0.114326313138008,0.258352965116501,0.0158392991870642,0.0577158629894257,0.281673550605774,0.113487347960472,0.803677320480347,0.209445685148239,0.347542822360992,0.0821827501058578,0.493761092424393,0.0697832182049751,0.504763126373291,0.145974949002266,0.219950973987579,0.33694913983345,0.0962830036878586,0.091160424053669,-0.00898892898112535,0.126480311155319,0.197039306163788,0.143785253167152,-0.0719978958368301,0.15423296391964,0.138789996504784,0.036674689501524,-0.0920396968722343,0.0520635321736336,0.457026779651642,0.285675972700119,-0.0465432927012444,0.0563732348382473,0.144606113433838,0.075511634349823,0.0678868144750595
