0 0.33228 0.26984 0.27785 0.083306 -0.0070805 -0.08926 0.060616 0.20958 0.72017 0.4105 0.35474 0.29262 0.11072 0.00082658 -0.095529 0.042792 0.26236 -0.14803 0.23056 0.070956 -0.036225 0.02546 -0.051615 0.072527 0.14258 0.097305 0.018739 0.18433 -0.0083456 -0.15184 -0.1041 0.015454 0.11555 0.089146 -0.057823 0.016655 0.10068 0.047524 0.35982 0.067689 0.18991 0.092473 0.36211 0.037142 0.18065 -0.17721 0.35207 -0.10069 -0.063723 0.026449 0.2209 -0.029781 0.27089 0.42226 -0.032065 0.033544 -0.075826 0.37411 0.24965 0.19619 -0.0031535 0.31745 -0.039091 -0.029317 0.12553 0.023636 0.12726 0.38364 0.20033 0.29527 0.11838 0.054313 0.44254 0.17223 0.31899 0.1706 0.58942 0.39585 0.19843 -0.12543 0.5281 0.0023768 -0.083051 0.041666 0.26979
0.33228 0 0.24849 0.27123 0.11053 0.015737 -0.077838 0.072827 0.22113 0.34605 0.49026 0.2641 0.25529 0.094926 -0.0024236 -0.094579 0.057168 0.2126 -0.10236 0.25892 0.043817 0.085521 0.019906 -0.050331 0.061479 0.041788 0.1444 0.072907 0.14378 0.12495 -0.030445 -0.10822 0.0152 0.17343 0.11046 -0.064325 0.010909 0.22735 0.12755 0.33067 0.1145 0.19346 0.15888 0.21249 0.16304 0.12405 -0.11062 0.23273 -0.04799 -0.053305 0.16492 0.28491 -0.11153 0.25174 0.066072 0.083563 0.01417 -0.073402 0.067263 -0.0021607 0.13692 0.069622 0.13235 0.084381 -0.011832 -0.089679 -0.012693 0.10508 0.15733 -0.032848 0.076408 0.26057 0.075955 0.31277 0.093091 0.18849 0.1493 0.18566 0.16781 0.063625 -0.11661 0.22582 -0.049999 -0.071668 0.15232 0.25846
0.26984 0.24849 0 0.39451 0.10506 0.034118 -0.018176 0.14947 0.14199 0.28767 0.2713 0.57812 0.38041 0.067387 0.030005 -0.02901 0.11968 0.15457 -0.021589 0.20642 0.12171 -0.0021495 0.013 -0.034484 0.036825 0.05393 0.082568 0.00013026 0.191 0.022151 -0.0093012 -0.066443 -0.02379 0.052113 0.23094 -0.0067343 0.14145 0.088273 0.0052577 0.20541 0.07894 0.091236 0.17141 0.25271 0.20117 0.060893 -0.064753 0.19328 -0.052531 -0.044207 0.071057 0.18714 -0.020239 0.18013 0.11872 -0.018254 0.033392 -0.058536 0.035625 0.029117 0.069154 0.0066621 0.16582 -0.0071026 0.0011399 -0.071528 -0.012864 0.024798 0.20161 -0.02128 0.14212 0.096789 -0.017713 0.20179 0.085922 0.082865 0.12383 0.17775 0.16641 0.010613 -0.059767 0.18457 -0.061722 -0.05295 0.083529 0.17554
0.27785 0.27123 0.39451 0 0.19678 0.013093 -0.006923 0.11227 0.14157 0.25793 0.279 0.37709 0.64109 0.12359 0.0081794 -0.01461 0.096477 0.1502 -0.044345 0.29877 -0.024646 0.033447 0.013239 -0.016969 -0.081607 0.014124 0.012698 0.023664 0.15147 0.048065 -0.026977 -0.14951 -0.020135 0.19303 0.1811 -0.083492 0.068354 0.12703 0.17781 0.21817 0.27327 0.043913 0.13483 0.16091 0.17024 0.11368 -0.019312 0.24721 -0.069592 -0.016897 0.13283 0.35044 -0.0096354 0.28449 0.021152 0.035359 0.010155 -0.033353 -0.041593 -0.014007 0.028972 0.027917 0.15431 0.029439 -0.02026 -0.12661 0.0097544 0.15415 0.26073 -0.059228 0.15311 0.14539 0.11222 0.252 0.25805 0.083113 0.13519 0.17889 0.18954 0.08836 -0.033685 0.30597 -0.066327 -0.055165 0.12692 0.34706
0.083306 0.11053 0.10506 0.19678 0 -0.0027865 -0.0179 0.020902 0.0557 0.095436 0.10058 0.11409 0.168 0.044326 -0.002765 -0.025481 0.023254 0.062095 -0.012207 0.10627 0.0028772 0.00094818 0.010744 -0.00898 -0.016898 0.0044177 -0.0045045 -0.010131 0.071071 0.0069813 -0.025207 -0.031151 -0.0095128 0.022678 0.072649 0.0059154 0.055053 0.048715 0.070399 0.091665 0.087788 0.011063 0.05741 0.069898 0.067614 0.012936 0.0089407 0.10809 -0.026653 -0.019563 0.061831 0.14282 -0.0027931 0.11061 -0.015329 -0.0046298 -0.01273 -0.030412 -0.034429 -0.010907 -0.0029435 -0.0026416 0.064179 -0.0075804 -0.01879 -0.041525 -0.016943 0.026376 0.086958 -0.0074629 0.065125 0.050568 0.052963 0.076755 0.0775 0.0018208 0.028963 0.042638 0.053185 -0.0087962 -0.0053431 0.10394 -0.038807 -0.022376 0.045489 0.12849
-0.0070805 0.015737 0.034118 0.013093 -0.0027865 0 0.16451 0.021198 0.086159 0.057641 0.00051532 0.025268 0.0037152 -0.015084 0.4334 0.16715 0.040787 0.072246 0.066043 0.045138 0.1455 0.10106 0.13371 0.22246 0.24126 0.12392 0.34099 0.12759 0.089578 0.12695 0.30089 0.20607 0.27733 0.078331 -0.026925 0.021554 -0.017418 0.088486 0.095894 0.098739 0.06256 0.27172 0.23094 -0.00013532 0.17799 0.080716 0.22065 -0.069436 0.057859 0.15214 0.11846 0.08649 0.032173 0.029159 0.0098223 0.080648 0.088217 0.21143 0.12635 0.086145 0.28743 0.13074 0.021295 0.11538 0.27644 0.14029 0.23432 0.070448 -0.10584 -0.049027 -0.083591 0.066963 0.10109 0.039499 0.052822 0.22717 0.15733 -0.087375 0.084071 0.045712 0.18828 -0.10458 0.053649 0.12252 0.10169 0.057734
-0.08926 -0.077838 -0.018176 -0.006923 -0.0179 0.16451 0 -0.0091004 -0.0083396 -0.040328 -0.10324 -0.041721 -0.026845 -0.024271 0.17049 0.2503 -0.0092291 -0.030967 0.1486 -0.037827 0.046878 0.028413 0.073687 0.17507 0.063278 0.12697 0.0014933 0.067829 0.020223 0.039799 0.16134 0.16306 0.069706 0.017161 0.025821 0.075377 0.071559 -0.012497 0.055579 -0.12029 0.071555 -0.034645 0.0015403 -0.12288 0.061887 0.025764 0.23266 -0.061304 0.045582 0.13393 0.019085 0.031577 0.09157 -0.049659 -0.063643 0.0195 0.028556 0.15295 -0.037262 0.069324 -0.030159 0.056446 -0.01881 0.035498 0.087858 0.087666 0.054171 0.021778 -0.052712 -0.018654 -0.022659 -0.030679 0.058843 -0.13663 0.068707 -0.059203 -0.020931 -0.18505 -0.020019 0.030307 0.18889 -0.12352 0.027922 0.10785 0.0036935 5.9508e-05
0.060616 0.072827 0.14947 0.11227 0.020902 0.021198 -0.0091004 0 0.054357 0.040048 0.077365 0.13065 0.1085 0.01733 0.033229 0.0025695 0.10931 0.066429 -0.036064 0.093249 -0.057498 0.021771 0.00075933 -0.007268 -0.042953 -0.02205 0.057509 0.01832 0.026178 0.010456 0.066664 -0.057597 0.023328 0.046837 -0.023598 -0.081329 -0.072723 0.046668 0.021826 0.07335 0.015644 0.047902 0.12133 0.0021101 0.01344 0.010023 0.0044429 0.0013548 -0.0049483 0.0010596 0.046298 0.08825 -0.020407 0.076896 -0.039772 0.024106 -0.004671 0.0023383 -0.019998 0.0038465 0.069605 0.032885 0.033416 0.0033233 0.064975 -0.038805 0.01109 0.045236 0.0042592 -0.086723 -0.012501 0.053701 0.013616 0.078819 0.034594 0.060598 0.10129 0.019917 0.035773 0.0092903 0.015508 0.056811 -0.016408 0.0022015 0.057963 0.090987
0.20958 0.22113 0.14199 0.14157 0.0557 0.086159 -0.0083396 0.054357 0 0.21933 0.22908 0.13165 0.13635 0.047324 0.07169 -0.021134 0.052385 0.19861 -0.04361 0.16501 0.0067435 0.063134 0.01827 0.0045055 0.0308 0.0079694 0.12979 0.022531 0.0776 0.092551 0.020899 -0.052969 0.065658 0.11659 0.036281 -0.058294 -0.013298 0.16748 0.090801 0.19097 0.067869 0.15371 0.13793 0.10043 0.078058 0.05283 -0.0001163 0.11284 -0.030452 -0.018958 0.12324 0.18094 -0.028746 0.17151 0.046164 0.056772 0.02709 -0.012748 0.061061 0.01848 0.14786 0.017063 0.093185 0.081718 0.060224 -0.010767 0.035289 0.074491 0.085534 -0.031476 0.041463 0.1743 0.06847 0.18549 0.064301 0.17489 0.13825 0.10687 0.12781 0.023172 0.00087203 0.15083 -0.034802 -0.0048372 0.12156 0.17431
0.72017 0.34605 0.28767 0.25793 0.095436 0.057641 -0.040328 0.040048 0.21933 0 0.31914 0.28229 0.21775 0.095998 0.05034 -0.052808 0.035391 0.23038 -0.055514 0.22526 0.26242 -0.0051934 0.048833 -0.072623 0.22091 0.23344 0.14793 -0.064991 0.20057 0.0032812 -0.017333 0.056234 0.0448 0.18826 0.22369 0.097727 0.18844 0.11275 0.24696 0.30518 0.26381 0.23799 0.084098 0.44901 0.27333 0.25201 -0.12312 0.39004 -0.019297 -0.0036253 0.029773 0.21765 -0.1351 0.16882 0.14276 -0.013315 0.027144 -0.08996 0.12986 0.1308 0.10727 -0.034272 0.10267 -0.003709 -0.017418 0.01347 0.027238 0.12293 0.14364 0.042547 0.058841 0.12858 0.13964 0.25809 0.15786 0.1576 0.05582 0.23758 0.10554 0.095809 -0.1044 0.32357 -0.036404 -0.056077 0.04841 0.1829
0.4105 0.49026 0.2713 0.279 0.10058 0.00051532 -0.10324 0.077365 0.22908 0.31914 0 0.32329 0.30418 0.11034 -0.0088302 -0.10814 0.096199 0.25392 -0.18339 0.28746 -0.014861 0.066624 0.018981 -0.06635 0.014491 -0.018561 0.14802 0.058501 0.12635 0.10606 -0.059776 -0.18453 0.014444 0.12465 0.030194 -0.13858 -0.05946 0.23029 0.051987 0.34457 0.063567 0.1979 0.18651 0.19312 0.079036 0.086293 -0.16342 0.21687 -0.085929 -0.072715 0.16287 0.27781 -0.13172 0.29948 0.15253 0.076704 0.0064237 -0.095682 0.15235 -0.00091308 0.20074 0.036032 0.18638 0.067745 -0.003683 -0.062394 0.0089624 0.12981 0.23594 -0.0040487 0.14792 0.26953 0.034285 0.39567 0.10463 0.26749 0.20298 0.30408 0.2648 0.06665 -0.13363 0.3132 -0.039369 -0.099092 0.16718 0.29944
0.35474 0.2641 0.57812 0.37709 0.11409 0.025268 -0.041721 0.13065 0.13165 0.28229 0.32329 0 0.40455 0.083755 0.025606 -0.029905 0.14614 0.15576 -0.066697 0.2081 0.069307 -0.030796 -0.0046928 -0.05426 0.005682 0.032497 0.083844 0.0082795 0.18553 -0.0018163 -0.048664 -0.12741 -0.028641 0.036115 0.19471 -0.04214 0.11308 0.083925 0.0013629 0.22664 0.061184 0.071855 0.17287 0.22801 0.12273 0.072473 -0.093232 0.18959 -0.082317 -0.064838 0.065198 0.19162 -0.022063 0.23617 0.18871 -0.055618 0.020557 -0.073455 0.088932 0.058877 0.090007 -0.0090575 0.23373 -0.029689 0.0004056 -0.046651 0.0069419 0.038313 0.27936 0.049782 0.22628 0.092818 -0.047938 0.26558 0.077579 0.12434 0.18192 0.2802 0.2341 0.030319 -0.083417 0.24527 -0.053776 -0.05266 0.058798 0.2152
0.29262 0.25529 0.38041 0.64109 0.168 0.0037152 -0.026845 0.1085 0.13635 0.21775 0.30418 0.40455 0 0.14374 0.0077966 -0.0073755 0.11861 0.15922 -0.05189 0.27502 -0.032506 0.029787 0.017189 -0.023623 -0.087819 -0.0021657 -0.0007244 0.043589 0.13882 0.041612 -0.064642 -0.15986 -0.020513 0.16229 0.1488 -0.099914 0.051607 0.1239 0.10751 0.22654 0.21255 0.026337 0.11909 0.13662 0.1301 0.097613 -0.044217 0.22678 -0.085256 -0.042033 0.12382 0.31994 0.013589 0.29038 0.031315 0.024646 0.014403 -0.021497 -0.033862 0.025261 0.016063 0.041146 0.18887 0.023769 -0.034447 -0.11446 -0.0027239 0.15385 0.28824 -0.041824 0.18587 0.14202 0.10797 0.25641 0.28042 0.081002 0.13315 0.19933 0.1994 0.091472 -0.0062574 0.32102 -0.085751 -0.048119 0.12656 0.37662
0.11072 0.094926 0.067387 0.12359 0.044326 -0.015084 -0.024271 0.01733 0.047324 0.095998 0.11034 0.083755 0.14374 0 -0.0074496 -0.027307 0.0080236 0.093634 -0.022261 0.13088 -0.03853 0.014511 0.011236 -0.019227 -0.025892 -0.020696 0.014171 -0.011136 0.032156 0.016831 -0.028493 -0.054722 0.0013742 0.05831 0.023826 -0.043258 -0.0089177 0.057308 0.058958 0.088035 0.062983 0.040562 0.057778 0.043606 0.050644 0.016087 -0.014981 0.0797 -0.039516 -0.010284 0.07265 0.12077 -0.013051 0.10583 0.0047925 0.015087 0.0030217 -0.020828 -0.00042291 -0.010462 0.029449 -0.011048 0.03037 0.018665 -0.0067069 -0.028592 -0.0039096 0.067681 0.078226 -0.033506 0.056106 0.070592 0.062405 0.090819 0.082468 0.050823 0.071012 0.06666 0.093188 0.0052469 -0.011986 0.11849 -0.02559 -0.02498 0.062898 0.13355
0.00082658 -0.0024236 0.030005 0.0081794 -0.002765 0.4334 0.17049 0.033229 0.07169 0.05034 -0.0088302 0.025606 0.0077966 -0.0074496 0 0.2117 0.040099 0.070396 0.049718 0.040221 0.13103 0.088237 0.10951 0.23035 0.22427 0.12455 0.32218 0.12342 0.093543 0.10665 0.30669 0.1749 0.27537 0.077162 -0.035469 -0.011248 -0.041206 0.071498 0.082434 0.082556 0.061886 0.25769 0.24078 -0.019645 0.16278 0.074287 0.21538 -0.083634 0.045754 0.13532 0.099391 0.085426 0.039761 0.044343 0.056528 0.077556 0.10402 0.22419 0.1571 0.12851 0.30123 0.11021 0.060719 0.10076 0.27112 0.16235 0.27729 0.065091 -0.077021 -0.044392 -0.062925 0.060708 0.10827 0.064392 0.052589 0.25 0.17804 -0.061101 0.10978 0.064975 0.20852 -0.082456 0.037159 0.14089 0.10075 0.081845
-0.095529 -0.094579 -0.02901 -0.01461 -0.025481 0.16715 0.2503 0.0025695 -0.021134 -0.052808 -0.10814 -0.029905 -0.0073755 -0.027307 0.2117 0 0.01669 -0.0063363 0.11232 -0.032461 0.041007 0.028295 0.072757 0.16738 0.041883 0.11374 -0.0045302 0.025598 0.018818 0.03393 0.13505 0.1242 0.094146 0.021358 0.0087937 0.043368 0.047954 -0.047149 0.042542 -0.10579 0.07249 -0.027783 0.0084986 -0.10971 0.043941 0.027823 0.20228 -0.068372 0.042194 0.1086 0.016603 0.029203 0.1028 -0.034354 -0.02725 0.018859 0.041208 0.17473 -0.014055 0.11253 -0.026356 0.020847 0.0023398 0.029589 0.099786 0.091826 0.097874 0.024504 -0.016533 -0.0095264 0.014127 -0.056084 0.059255 -0.12534 0.07559 -0.047081 -0.023413 -0.14413 -0.0086427 0.034892 0.21028 -0.089079 0.025519 0.13043 0.0045786 0.026364
0.042792 0.057168 0.11968 0.096477 0.023254 0.040787 -0.0092291 0.10931 0.052385 0.035391 0.096199 0.14614 0.11861 0.0080236 0.040099 0.01669 0 0.068187 -0.023966 0.091245 -0.04706 0.02912 0.017489 -0.0039816 -0.016115 -0.034712 0.07957 0.030627 0.018814 0.032445 0.054826 -0.066675 0.010704 0.030963 -0.018712 -0.078082 -0.059541 0.047458 0.0067139 0.068726 -0.0036201 0.073796 0.12419 -0.0088928 0.018889 0.0034377 0.013339 -0.026357 -0.01479 -0.012775 0.043857 0.064392 -0.012007 0.077479 -0.034382 0.029939 0.0081703 0.018364 -0.018498 -0.01425 0.069433 0.026589 0.026485 0.022401 0.048396 -0.03686 0.023193 0.034555 -0.0064568 -0.10113 -0.023808 0.051796 -0.0047365 0.074645 0.00042409 0.074805 0.11679 0.019249 0.018844 0.0036493 0.023344 0.019536 -0.018268 -0.003381 0.048974 0.072023
0.26236 0.2126 0.15457 0.1502 0.062095 0.072246 -0.030967 0.066429 0.19861 0.23038 0.25392 0.15576 0.15922 0.093634 0.070396 -0.0063363 0.068187 0 -0.059375 0.16611 0.037581 0.048836 0.041397 0.013286 0.06032 0.031872 0.12268 0.023285 0.091963 0.08788 0.015333 -0.027038 0.072471 0.095067 0.028432 -0.050635 -0.0040896 0.16014 0.076247 0.18797 0.063505 0.15785 0.1355 0.11787 0.082713 0.062385 0.011304 0.13805 -0.035191 0.027429 0.16428 0.19166 -0.004882 0.18273 0.10315 0.059589 0.026661 0.010432 0.11007 0.040299 0.15228 0.026903 0.11726 0.077921 0.065201 0.019703 0.0583 0.1079 0.11954 0.01305 0.086779 0.17786 0.071214 0.20278 0.084829 0.19349 0.14138 0.152 0.16702 0.056078 0.022567 0.17664 -0.00059444 0.0011051 0.13529 0.21452
-0.14803 -0.10236 -0.021589 -0.044345 -0.012207 0.066043 0.1486 -0.036064 -0.04361 -0.055514 -0.18339 -0.066697 -0.05189 -0.022261 0.049718 0.11232 -0.023966 -0.059375 0 -0.033674 0.23822 0.038701 0.043303 0.25234 0.20227 0.27478 -0.16053 0.077253 0.08539 0.065631 0.019276 0.57401 0.00031034 -0.011116 0.51169 0.22984 0.55574 -0.031329 0.069114 -0.094279 0.17873 -0.060566 -0.1359 0.020115 0.21489 0.074517 0.72556 0.254 0.12229 0.16138 0.17106 0.12679 0.64631 -0.044693 0.04114 0.020232 0.021337 0.20518 0.017849 0.18616 -0.20182 0.081954 0.015866 0.058872 -0.060217 0.33344 0.017923 0.0045915 0.23702 0.1573 0.27373 -0.065367 0.10802 -0.1649 0.12749 -0.13489 -0.11831 -0.099606 0.042736 0.045668 0.6075 0.046075 0.063051 0.16219 0.17118 0.091119
0.23056 0.25892 0.20642 0.29877 0.10627 0.045138 -0.037827 0.093249 0.16501 0.22526 0.28746 0.2081 0.27502 0.13088 0.040221 -0.032461 0.091245 0.16611 -0.033674 0 -0.11086 0.17322 0.053866 0.027925 -0.11526 -0.017798 0.017842 0.041307 0.21508 0.19547 -0.084561 -0.267 0.012919 0.39102 0.20234 -0.2088 0.015551 0.29212 0.3192 0.41857 0.39618 0.098758 0.28481 0.25972 0.32737 0.26556 0.054071 0.37264 -0.12823 -0.040704 0.29156 0.56448 0.038551 0.58686 -0.096908 0.18641 0.012427 0.012145 -0.10694 0.006727 0.064131 0.049777 0.18795 0.16919 -0.033487 -0.23417 0.029449 0.36645 0.30657 -0.2368 0.12081 0.29251 0.27477 0.44411 0.39624 0.16719 0.27959 0.24051 0.30104 0.22065 0.05914 0.46791 -0.15812 -0.078127 0.24437 0.55687
0.070956 0.043817 0.12171 -0.024646 0.0028772 0.1455 0.046878 -0.057498 0.0067435 0.26242 -0.014861 0.069307 -0.032506 -0.03853 0.13103 0.041007 -0.04706 0.037581 0.23822 -0.11086 0 -0.14609 0.066766 0.18473 0.71658 0.5616 0.19301 -0.067392 0.26788 -0.091996 0.10758 0.47542 0.15998 -0.082136 0.54513 0.45456 0.53875 -0.12653 -0.015122 0.097965 0.1252 0.31618 -0.044841 0.69543 0.40428 0.38625 0.06892 0.46312 0.031211 0.01222 -0.019067 -0.046205 0.040367 -0.1121 0.65746 -0.19546 0.058781 0.10255 0.53357 0.30368 0.065748 -0.033383 0.095983 -0.085202 0.053464 0.31232 0.11755 -0.076016 0.25492 0.36446 0.21427 -0.13026 -0.0045898 -0.016132 0.042816 0.16681 -0.11667 0.2855 0.10909 0.16839 0.046484 0.088168 0.079383 0.019572 -0.0086006 -0.10027
-0.036225 0.085521 -0.0021495 0.033447 0.00094818 0.10106 0.028413 0.021771 0.063134 -0.0051934 0.066624 -0.030796 0.029787 0.014511 0.088237 0.028295 0.02912 0.048836 0.038701 0.17322 -0.14609 0 0.018479 0.32712 0.035478 -0.13936 0.12756 0.27073 0.039218 0.91479 0.017703 -0.14737 0.15073 0.3721 -0.068991 -0.17531 -0.13462 0.87099 0.32582 0.083013 0.30158 0.27271 0.070704 -0.026818 0.084625 0.62604 0.18989 0.019888 -0.028779 0.01654 0.20708 0.24056 0.089143 0.15866 -0.24443 0.97126 0.006723 0.37434 -0.079874 -0.078089 0.15411 0.32954 -0.011431 0.90335 -0.0084373 -0.18485 0.15916 0.34711 -0.093394 -0.24937 -0.14729 0.82985 0.36857 0.079977 0.31854 0.29805 0.082218 -0.089593 -0.0018775 0.57028 0.17187 0.066216 -0.074991 0.01578 0.17322 0.2159
0.02546 0.019906 0.013 0.013239 0.010744 0.13371 0.073687 0.00075933 0.01827 0.048833 0.018981 -0.0046928 0.017189 0.011236 0.10951 0.072757 0.017489 0.041397 0.043303 0.053866 0.066766 0.018479 0 0.15958 0.10988 0.14005 0.058492 0.038306 0.098202 0.043185 0.092584 0.10566 0.09813 0.031046 0.065506 0.040262 0.06927 0.026623 0.04718 0.045604 0.057786 0.046871 0.059787 0.043586 0.071641 0.087271 0.10992 0.065151 0.031692 0.10337 0.053575 0.10316 0.023193 0.025237 0.037507 0.0074896 0.054818 0.12839 0.073835 0.11366 0.059854 0.027584 0.063009 0.042189 0.083445 0.07439 0.083197 0.0097744 0.05662 0.016507 0.046736 0.018107 0.036282 0.036288 0.04915 0.060385 0.034509 -0.0033592 0.050946 0.072777 0.080916 0.039711 0.01906 0.052096 0.031937 0.092718
-0.051615 -0.050331 -0.034484 -0.016969 -0.00898 0.22246 0.17507 -0.007268 0.0045055 -0.072623 -0.06635 -0.05426 -0.023623 -0.019227 0.23035 0.16738 -0.0039816 0.013286 0.25234 0.027925 0.18473 0.32712 0.15958 0 0.31853 0.34797 0.082303 0.54632 0.10557 0.51589 0.17647 0.20842 0.32825 0.10413 0.13275 0.045386 0.10033 0.28919 0.09913 -0.044545 0.14629 0.1089 0.045015 -0.0082153 0.099955 0.48931 0.34082 0.014796 0.070669 0.15128 0.11826 0.1435 0.24552 0.045827 0.051908 0.29848 0.10855 0.80471 0.18727 0.34816 0.079994 0.50481 0.080128 0.51372 0.1396 0.19645 0.3424 0.1141 0.11832 -0.021482 0.13602 0.21771 0.14781 -0.033959 0.17679 0.15248 0.041616 -0.066381 0.061247 0.48703 0.27285 -0.0011612 0.04515 0.13684 0.08993 0.10583
0.072527 0.061479 0.036825 -0.081607 -0.016898 0.24126 0.063278 -0.042953 0.0308 0.22091 0.014491 0.005682 -0.087819 -0.025892 0.22427 0.041883 -0.016115 0.06032 0.20227 -0.11526 0.71658 0.035478 0.10988 0.31853 0 0.51789 0.53832 0.064949 0.17219 0.091299 0.3094 0.62449 0.40854 -0.038545 0.24134 0.35031 0.25124 -0.00048997 -0.068459 0.20289 -0.10092 0.69892 0.11777 0.52797 0.374 0.36635 0.090496 0.25258 0.16387 0.10676 -0.0026646 -0.087644 0.048478 -0.12466 0.50777 -0.037119 0.066948 0.22662 0.74713 0.31463 0.41982 0.065203 0.048871 0.080746 0.26185 0.52441 0.32881 -0.047663 0.059697 0.24243 0.088532 -0.01635 -0.066476 0.066631 -0.12987 0.52536 0.041268 0.17628 0.18225 0.1657 0.063637 -0.0043894 0.21818 0.12865 0.010077 -0.13167
0.14258 0.041788 0.05393 0.014124 0.0044177 0.12392 0.12697 -0.02205 0.0079694 0.23344 -0.018561 0.032497 -0.0021657 -0.020696 0.12455 0.11374 -0.034712 0.031872 0.27478 -0.017798 0.5616 -0.13936 0.14005 0.34797 0.51789 0 -0.0081831 0.083186 0.2477 -0.079208 0.065548 0.4611 0.11266 -0.043411 0.43371 0.39534 0.4707 -0.12423 0.004324 0.032706 0.1273 -0.01726 -0.077218 0.3958 0.22384 0.37338 0.17549 0.43722 0.025769 0.12253 -0.0066783 0.088935 0.13075 -0.018217 0.33501 -0.17056 0.090067 0.25112 0.32742 0.55621 -0.10276 0.046952 0.14178 -0.076262 -0.010537 0.30967 0.050872 -0.056963 0.26372 0.26446 0.31391 -0.14232 -0.014432 -0.0086347 0.05428 -0.053742 -0.10734 0.13089 0.037657 0.25333 0.12538 0.19956 0.045256 0.087005 -0.0026454 0.036004
0.097305 0.1444 0.082568 0.012698 -0.0045045 0.34099 0.0014933 0.057509 0.12979 0.14793 0.14802 0.083844 -0.0007244 0.014171 0.32218 -0.0045302 0.07957 0.12268 -0.16053 0.017842 0.19301 0.12756 0.058492 0.082303 0.53832 -0.0081831 0 0.027445 0.048418 0.12577 0.50102 0.21997 0.39367 0.083599 -0.21675 -0.045845 -0.23573 0.15162 0.050599 0.41035 -0.12904 0.81283 0.464 0.10069 0.26689 -0.010227 0.0019584 -0.14705 0.13689 0.051394 0.12211 -0.023955 -0.14732 0.016717 0.081472 0.090599 0.05889 0.066956 0.34707 -0.043841 0.76722 0.05304 -0.023638 0.11448 0.46203 0.22376 0.31621 0.060369 -0.29364 -0.11573 -0.25024 0.17639 0.059827 0.28009 -0.12471 0.71321 0.33878 -0.034662 0.19536 -0.10202 0.020974 -0.19203 0.12363 0.063223 0.099856 -0.048774
0.018739 0.072907 0.00013026 0.023664 -0.010131 0.12759 0.067829 0.01832 0.022531 -0.064991 0.058501 0.0082795 0.043589 -0.011136 0.12342 0.025598 0.030627 0.023285 0.077253 0.041307 -0.067392 0.27073 0.038306 0.54632 0.064949 0.083186 0.027445 0 0.051201 0.43816 0.103 0.020478 0.057095 0.058686 -0.006202 -0.01802 -0.0042436 0.34931 0.026887 0.035265 0.07553 -0.013081 0.076632 -0.092422 -0.019503 0.30698 0.1746 -0.10823 0.015458 0.056026 0.12248 0.12142 0.15404 0.076908 -0.05706 0.27624 0.031344 0.56404 0.01799 0.16601 0.031299 0.947 0.081675 0.37431 0.077023 0.057067 0.087596 0.06246 0.091901 -0.029192 0.085885 0.34316 0.10146 0.042669 0.14431 0.029453 0.076722 -0.058186 0.0085941 0.36565 0.1418 0.019264 0.023132 0.04853 0.10113 0.1265
0.18433 0.14378 0.191 0.15147 0.071071 0.089578 0.020223 0.026178 0.0776 0.20057 0.12635 0.18553 0.13882 0.032156 0.093543 0.018818 0.018814 0.091963 0.08539 0.21508 0.26788 0.039218 0.098202 0.10557 0.17219 0.2477 0.048418 0.051201 0 0.05297 0.058771 0.083392 0.059348 0.071128 0.42139 0.28756 0.46287 0.095777 0.036341 0.26194 0.12992 0.099742 0.20824 0.43279 0.2934 0.18959 0.078214 0.39924 -0.034009 0.056891 0.13158 0.33074 0.091224 0.20253 0.22224 0.021542 0.053726 0.071668 0.15045 0.16243 0.00098383 0.051122 0.39486 0.042407 0.052732 0.064941 0.019672 0.046828 0.36737 0.22258 0.42692 0.087996 0.037845 0.20168 0.11293 0.080407 0.15989 0.26309 0.22649 0.088705 0.071405 0.28411 0.0020328 0.00060231 0.12116 0.31197
-0.0083456 0.12495 0.022151 0.048065 0.0069813 0.12695 0.039799 0.010456 0.092551 0.0032812 0.10606 -0.0018163 0.041612 0.016831 0.10665 0.03393 0.032445 0.08788 0.065631 0.19547 -0.091996 0.91479 0.043185 0.51589 0.091299 -0.079208 0.12577 0.43816 0.05297 0 0.036705 -0.12764 0.21679 0.3796 -0.029925 -0.15945 -0.080476 0.91026 0.35141 0.10814 0.30451 0.239 0.081129 -0.015761 0.079901 0.64645 0.21762 0.06273 -0.017635 0.012149 0.2739 0.28251 0.093789 0.17504 -0.17115 0.9048 0.016091 0.52697 -0.012108 0.0023384 0.15715 0.47262 0.032996 0.92198 0.0073261 -0.13601 0.22959 0.34533 -0.0044391 -0.20655 -0.060413 0.87022 0.38809 0.11523 0.32813 0.29228 0.087925 -0.059951 0.025733 0.61324 0.18814 0.14254 -0.052273 0.0011652 0.23328 0.25847
-0.15184 -0.030445 -0.0093012 -0.026977 -0.025207 0.30089 0.16134 0.066664 0.020899 -0.017333 -0.059776 -0.048664 -0.064642 -0.028493 0.30669 0.13505 0.054826 0.015333 0.019276 -0.084561 0.10758 0.017703 0.092584 0.17647 0.3094 0.065548 0.50102 0.103 0.058771 0.036705 0 0.36687 0.27548 -0.0048744 -0.15255 0.072324 -0.092889 -0.00082487 0.025977 -0.014263 -0.060522 0.39869 0.39293 -0.20332 0.26747 -0.092121 0.19655 -0.29136 0.277 0.18274 0.03692 -0.070522 -0.040405 -0.11122 -0.14281 0.0048487 0.040901 0.18256 0.065683 0.014426 0.37202 0.12693 -0.083783 0.033942 0.55061 0.24263 0.22515 -0.011591 -0.33071 -0.10112 -0.25708 -0.011864 0.045773 -0.11495 -0.084109 0.2295 0.22808 -0.37486 0.047443 -0.11798 0.16183 -0.35139 0.21496 0.16888 0.030121 -0.10799
-0.1041 -0.10822 -0.066443 -0.14951 -0.031151 0.20607 0.16306 -0.057597 -0.052969 0.056234 -0.18453 -0.12741 -0.15986 -0.054722 0.1749 0.1242 -0.066675 -0.027038 0.57401 -0.267 0.47542 -0.14737 0.10566 0.20842 0.62449 0.4611 0.21997 0.020478 0.083392 -0.12764 0.36687 0 0.15206 -0.20038 0.22992 0.56607 0.37428 -0.20178 -0.11434 -0.083131 -0.12975 0.26046 -0.005875 0.038058 0.36374 -0.10457 0.39536 0.13231 0.31374 0.28267 -0.072082 -0.18958 0.24638 -0.2764 0.19348 -0.19346 0.071832 0.15093 0.32262 0.28399 0.058941 0.030903 -0.052605 -0.10813 0.19784 0.74581 0.089442 -0.18477 -0.092618 0.37972 0.024859 -0.22485 -0.095002 -0.21312 -0.18039 0.0079968 -0.10273 -0.22855 0.079226 -0.13932 0.2846 -0.1989 0.31889 0.26792 -0.053623 -0.21477
0.015454 0.0152 -0.02379 -0.020135 -0.0095128 0.27733 0.069706 0.023328 0.065658 0.0448 0.014444 -0.028641 -0.020513 0.0013742 0.27537 0.094146 0.010704 0.072471 0.00031034 0.012919 0.15998 0.15073 0.09813 0.32825 0.40854 0.11266 0.39367 0.057095 0.059348 0.21679 0.27548 0.15206 0 0.10492 -0.046698 -0.025674 -0.07127 0.13271 0.056708 0.069318 -0.024993 0.4447 0.21487 0.066439 0.14966 0.13428 0.14661 -0.061909 0.056456 0.095105 0.094365 0.047253 0.037151 0.0062407 0.11778 0.11868 0.069371 0.28066 0.30298 0.10397 0.38352 0.059241 0.018145 0.21292 0.2794 0.18541 0.4439 0.08122 -0.072262 -0.027632 -0.037862 0.1101 0.042383 0.049875 -0.021509 0.41944 0.15953 -0.004451 0.13858 0.076556 0.13973 -0.079928 0.082352 0.10187 0.065993 0.0064644
0.11555 0.17343 0.052113 0.19303 0.022678 0.078331 0.017161 0.046837 0.11659 0.18826 0.12465 0.036115 0.16229 0.05831 0.077162 0.021358 0.030963 0.095067 -0.011116 0.39102 -0.082136 0.3721 0.031046 0.10413 -0.038545 -0.043411 0.083599 0.058686 0.071128 0.3796 -0.0048744 -0.20038 0.10492 0 0.12628 -0.20476 -0.0071972 0.43535 0.53568 0.27477 0.59965 0.21111 0.10484 0.14462 0.32235 0.37213 0.16957 0.33222 -0.06725 -0.008695 0.37258 0.48563 0.032681 0.34318 -0.10722 0.35226 0.0020599 0.091076 -0.076414 -0.045274 0.10758 0.053664 0.043869 0.34553 -0.017172 -0.21075 0.13633 0.77744 0.17118 -0.2247 0.05388 0.41391 0.4622 0.32403 0.53759 0.26224 0.093136 0.12275 0.25315 0.2989 0.16814 0.392 -0.1012 -0.033169 0.32804 0.45718
0.089146 0.11046 0.23094 0.1811 0.072649 -0.026925 0.025821 -0.023598 0.036281 0.22369 0.030194 0.19471 0.1488 0.023826 -0.035469 0.0087937 -0.018712 0.028432 0.51169 0.20234 0.54513 -0.068991 0.065506 0.13275 0.24134 0.43371 -0.21675 -0.006202 0.42139 -0.029925 -0.15255 0.22992 -0.046698 0.12628 0 0.40071 0.84108 0.0065951 0.091322 0.094608 0.36637 -0.079828 -0.10164 0.54845 0.50027 0.28685 0.25709 0.66509 -0.044578 0.0166 0.12725 0.36906 0.26973 0.19057 0.33833 -0.087239 0.023454 0.060187 0.12565 0.2009 -0.27935 -0.0067101 0.28215 -0.032293 -0.19172 0.058332 -0.050622 0.10793 0.65743 0.26713 0.5959 -0.01449 0.082056 0.031512 0.29699 -0.13925 -0.10897 0.22109 0.25608 0.16858 0.19339 0.43737 -0.046113 -0.02528 0.12665 0.32178
-0.057823 -0.064325 -0.0067343 -0.083492 0.0059154 0.021554 0.075377 -0.081329 -0.058294 0.097727 -0.13858 -0.04214 -0.099914 -0.043258 -0.011248 0.043368 -0.078082 -0.050635 0.22984 -0.2088 0.45456 -0.17531 0.040262 0.045386 0.35031 0.39534 -0.045845 -0.01802 0.28756 -0.15945 0.072324 0.56607 -0.025674 -0.20476 0.40071 0 0.61052 -0.16395 -0.139 -0.11668 -0.06423 -0.081822 -0.16957 0.2047 0.2111 -0.071973 0.031409 0.2149 0.14507 0.086674 -0.075835 -0.11021 -0.011008 -0.21628 0.18565 -0.18985 0.039789 0.010186 0.10571 0.17525 -0.20247 -0.014996 0.1112 -0.1518 -0.035869 0.25306 -0.040798 -0.18492 0.096868 0.5473 0.23314 -0.17566 -0.10709 -0.21467 -0.098387 -0.28053 -0.23706 -0.12419 -0.096532 -0.13803 -0.0067763 -0.053463 0.1164 0.069427 -0.063506 -0.12263
0.016655 0.010909 0.14145 0.068354 0.055053 -0.017418 0.071559 -0.072723 -0.013298 0.18844 -0.05946 0.11308 0.051607 -0.0089177 -0.041206 0.047954 -0.059541 -0.0040896 0.55574 0.015551 0.53875 -0.13462 0.06927 0.10033 0.25124 0.4707 -0.23573 -0.0042436 0.46287 -0.080476 -0.092889 0.37428 -0.07127 -0.0071972 0.84108 0.61052 0 -0.078298 -0.02128 -0.037656 0.24699 -0.20693 -0.19907 0.417 0.34941 0.15768 0.23559 0.55296 0.038479 0.041853 0.017173 0.1983 0.27075 -0.027014 0.29538 -0.14585 0.046924 0.029674 0.021175 0.23151 -0.33129 -0.0011714 0.2752 -0.088242 -0.16906 0.11 -0.082743 -0.015408 0.49844 0.46036 0.59122 -0.094075 0.0078246 -0.12633 0.15449 -0.31102 -0.21707 0.073471 0.02213 0.056012 0.15821 0.23474 -0.026521 0.001545 0.037289 0.15887
0.10068 0.22735 0.088273 0.12703 0.048715 0.088486 -0.012497 0.046668 0.16748 0.11275 0.23029 0.083925 0.1239 0.057308 0.071498 -0.047149 0.047458 0.16014 -0.031329 0.29212 -0.12653 0.87099 0.026623 0.28919 -0.00048997 -0.12423 0.15162 0.34931 0.095777 0.91026 -0.00082487 -0.20178 0.13271 0.43535 0.0065951 -0.16395 -0.078298 0 0.42503 0.23402 0.37733 0.2759 0.12394 0.029524 0.11255 0.55786 0.11015 0.14691 -0.057046 -0.024332 0.32295 0.37178 0.00091662 0.27952 -0.1624 0.83345 0.0061721 0.30595 -0.049581 -0.057014 0.18788 0.4077 0.083551 0.86881 -0.001547 -0.19825 0.14076 0.40501 0.042372 -0.18609 -0.032576 0.9634 0.45363 0.25071 0.40768 0.32079 0.14089 0.025386 0.083902 0.52269 0.089866 0.27485 -0.071869 -0.050036 0.28847 0.3623
0.047524 0.12755 0.0052577 0.17781 0.070399 0.095894 0.055579 0.021826 0.090801 0.24696 0.051987 0.0013629 0.10751 0.058958 0.082434 0.042542 0.0067139 0.076247 0.069114 0.3192 -0.015122 0.32582 0.04718 0.09913 -0.068459 0.004324 0.050599 0.026887 0.036341 0.35141 0.025977 -0.11434 0.056708 0.53568 0.091322 -0.139 -0.02128 0.42503 0 0.10293 0.88434 0.092748 0.024301 0.056674 0.32063 0.42146 0.30955 0.38898 -0.01027 0.041169 0.49279 0.59668 0.051691 0.2761 -0.16288 0.29961 0.0021257 0.085079 -0.14897 -0.042746 0.028533 0.018847 -0.016006 0.31773 -0.013793 -0.19135 0.078449 0.48625 0.069004 -0.21994 -0.086309 0.3891 0.89244 0.12985 0.78087 0.099126 0.0037629 -0.048356 0.15533 0.32724 0.26584 0.36582 -0.091977 -0.014151 0.40669 0.49623
0.35982 0.33067 0.20541 0.21817 0.091665 0.098739 -0.12029 0.07335 0.19097 0.30518 0.34457 0.22664 0.22654 0.088035 0.082556 -0.10579 0.068726 0.18797 -0.094279 0.41857 0.097965 0.083013 0.045604 -0.044545 0.20289 0.032706 0.41035 0.035265 0.26194 0.10814 -0.014263 -0.083131 0.069318 0.27477 0.094608 -0.11668 -0.037656 0.23402 0.10293 0 0.092635 0.53327 0.36696 0.43527 0.29175 0.17664 -0.079348 0.36194 -0.07699 -0.047961 0.19897 0.35299 -0.059387 0.38921 0.16784 0.087899 0.041634 -0.053639 0.24859 0.062044 0.41637 0.040722 0.24486 0.068191 0.089254 0.0086508 0.035936 0.22257 0.19048 -0.077529 0.11124 0.25346 0.083113 0.68849 0.12308 0.51445 0.33532 0.43767 0.34594 0.084123 -0.050672 0.38819 -0.086599 -0.08062 0.18894 0.36753
0.067689 0.1145 0.07894 0.27327 0.087788 0.06256 0.071555 0.015644 0.067869 0.26381 0.063567 0.061184 0.21255 0.062983 0.061886 0.07249 -0.0036201 0.063505 0.17873 0.39618 0.1252 0.30158 0.057786 0.14629 -0.10092 0.1273 -0.12904 0.07553 0.12992 0.30451 -0.060522 -0.12975 -0.024993 0.59965 0.36637 -0.06423 0.24699 0.37733 0.88434 0.092635 0 -0.073145 -0.025767 0.14389 0.48293 0.50386 0.31902 0.52903 -0.051029 0.016823 0.42345 0.62911 0.13567 0.34484 -0.074426 0.27331 0.0031408 0.12167 -0.20501 0.018972 -0.13892 0.077345 0.076252 0.28562 -0.10954 -0.23128 0.033784 0.56945 0.3122 -0.17917 0.10248 0.34681 0.81444 0.12308 0.90662 -0.022394 -0.037562 0.024776 0.27571 0.43884 0.26876 0.46861 -0.12042 -0.030179 0.33965 0.54878
0.18991 0.19346 0.091236 0.043913 0.011063 0.27172 -0.034645 0.047902 0.15371 0.23799 0.1979 0.071855 0.026337 0.040562 0.25769 -0.027783 0.073796 0.15785 -0.060566 0.098758 0.31618 0.27271 0.046871 0.1089 0.69892 -0.01726 0.81283 -0.013081 0.099742 0.239 0.39869 0.26046 0.4447 0.21111 -0.079828 -0.081822 -0.20693 0.2759 0.092748 0.53327 -0.073145 0 0.43509 0.32917 0.3822 0.16553 0.03267 0.080613 0.13452 0.050266 0.12529 0.062075 -0.035247 0.084652 0.21726 0.22646 0.053717 0.0948 0.53742 -0.015947 0.77248 0.055451 0.0069378 0.22574 0.39579 0.31868 0.3652 0.15795 -0.17168 -0.10968 -0.19589 0.28226 0.078401 0.41208 -0.06936 0.91716 0.35217 0.16521 0.34062 0.01761 0.059363 0.0076248 0.15664 0.075073 0.12646 0.031623
0.092473 0.15888 0.17141 0.13483 0.05741 0.23094 0.0015403 0.12133 0.13793 0.084098 0.18651 0.17287 0.11909 0.057778 0.24078 0.0084986 0.12419 0.1355 -0.1359 0.28481 -0.044841 0.070704 0.059787 0.045015 0.11777 -0.077218 0.464 0.076632 0.20824 0.081129 0.39293 -0.005875 0.21487 0.10484 -0.10164 -0.16957 -0.19907 0.12394 0.024301 0.36696 -0.025767 0.43509 0 0.061897 0.35539 -0.034237 0.038139 -0.051637 0.045467 0.042097 0.15799 0.18934 -0.084964 0.26989 -0.054752 0.061209 0.048381 0.034811 0.06176 -0.047474 0.43046 0.084314 0.14883 0.061181 0.41899 0.070166 0.16093 0.086699 -0.088315 -0.17892 -0.10094 0.12182 0.016136 0.31299 -0.0099905 0.38593 0.57383 0.042098 0.33211 -0.078243 0.070128 -0.0080016 0.034615 0.047997 0.14064 0.18062
0.36211 0.21249 0.25271 0.16091 0.069898 -0.00013532 -0.12288 0.0021101 0.10043 0.44901 0.19312 0.22801 0.13662 0.043606 -0.019645 -0.10971 -0.0088928 0.11787 0.020115 0.25972 0.69543 -0.026818 0.043586 -0.0082153 0.52797 0.3958 0.10069 -0.092422 0.43279 -0.015761 -0.20332 0.038058 0.066439 0.14462 0.54845 0.2047 0.417 0.029524 0.056674 0.43527 0.14389 0.32917 0.061897 0 0.45408 0.42845 -0.11198 0.66951 -0.12387 -0.088301 0.079829 0.25655 0.0086377 0.22275 0.55298 -0.048973 0.033414 -0.046788 0.45918 0.22271 0.054105 -0.076388 0.27996 -0.033638 -0.13615 0.079028 0.023006 0.11241 0.43374 0.20174 0.31308 0.039801 0.0053424 0.37033 0.10778 0.30361 0.040017 0.70336 0.28819 0.22296 -0.081927 0.45623 -0.084274 -0.12632 0.075771 0.20087
0.037142 0.16304 0.20117 0.17024 0.067614 0.17799 0.061887 0.01344 0.078058 0.27333 0.079036 0.12273 0.1301 0.050644 0.16278 0.043941 0.018889 0.082713 0.21489 0.32737 0.40428 0.084625 0.071641 0.099955 0.374 0.22384 0.26689 -0.019503 0.2934 0.079901 0.26747 0.36374 0.14966 0.32235 0.50027 0.2111 0.34941 0.11255 0.32063 0.29175 0.48293 0.3822 0.35539 0.45408 0 0.28724 0.18642 0.48494 0.11929 0.067474 0.19835 0.30747 0.050418 0.24626 0.11732 0.035208 0.046182 0.058815 0.067224 0.08556 0.12259 0.0067092 0.059797 0.071124 0.13839 0.11859 0.12492 0.31118 0.17795 -0.041375 0.057157 0.090932 0.27139 0.16111 0.39154 0.16641 0.17989 0.03358 0.53256 0.15374 0.17674 0.20849 0.088478 0.05302 0.17957 0.24942
0.18065 0.12405 0.060893 0.11368 0.012936 0.080716 0.025764 0.010023 0.05283 0.25201 0.086293 0.072473 0.097613 0.016087 0.074287 0.027823 0.0034377 0.062385 0.074517 0.26556 0.38625 0.62604 0.087271 0.48931 0.36635 0.37338 -0.010227 0.30698 0.18959 0.64645 -0.092121 -0.10457 0.13428 0.37213 0.28685 -0.071973 0.15768 0.55786 0.42146 0.17664 0.50386 0.16553 -0.034237 0.42845 0.28724 0 0.079932 0.51265 -0.062881 -0.015438 0.17402 0.36293 0.074389 0.24755 0.19459 0.58664 0.046497 0.44295 0.20655 0.30947 0.035482 0.26544 0.12979 0.6463 -0.087165 -0.12108 0.14399 0.33506 0.30294 -0.099024 0.15775 0.54174 0.36092 0.19614 0.45361 0.26332 -0.015 0.25528 0.16534 0.9294 0.03297 0.43205 -0.070471 -0.040246 0.15226 0.3149
-0.17721 -0.11062 -0.064753 -0.019312 0.0089407 0.22065 0.23266 0.0044429 -0.0001163 -0.12312 -0.16342 -0.093232 -0.044217 -0.014981 0.21538 0.20228 0.013339 0.011304 0.72556 0.054071 0.06892 0.18989 0.10992 0.34082 0.090496 0.17549 0.0019584 0.1746 0.078214 0.21762 0.19655 0.39536 0.14661 0.16957 0.25709 0.031409 0.23559 0.11015 0.30955 -0.079348 0.31902 0.03267 0.038139 -0.11198 0.18642 0.079932 0 0.10886 0.083045 0.23239 0.56713 0.31434 0.58811 0.047696 -0.079564 0.15517 0.073073 0.32323 -0.053881 0.093222 -0.051605 0.15224 0.021947 0.20148 0.1172 0.21763 0.15329 0.20275 0.11816 -0.050688 0.078212 0.0479 0.33828 -0.093973 0.30784 0.0045169 0.042536 -0.18949 0.079043 0.097749 0.84776 0.048889 0.037777 0.20853 0.46593 0.25944
0.35207 0.23273 0.19328 0.24721 0.10809 -0.069436 -0.061304 0.0013548 0.11284 0.39004 0.21687 0.18959 0.22678 0.0797 -0.083634 -0.068372 -0.026357 0.13805 0.254 0.37264 0.46312 0.019888 0.065151 0.014796 0.25258 0.43722 -0.14705 -0.10823 0.39924 0.06273 -0.29136 0.13231 -0.061909 0.33222 0.66509 0.2149 0.55296 0.14691 0.38898 0.36194 0.52903 0.080613 -0.051637 0.66951 0.48494 0.51265 0.10886 0 -0.084838 -0.036873 0.28595 0.5643 0.20452 0.3602 0.39125 0.010132 0.021578 -0.05589 0.2934 0.28688 -0.14241 -0.084525 0.32324 0.040656 -0.26199 0.12227 -0.057708 0.27492 0.62003 0.23019 0.50275 0.14376 0.2865 0.33152 0.4571 0.13565 -0.025533 0.50616 0.40913 0.36604 0.088629 0.81895 -0.066174 -0.078617 0.22225 0.50363
-0.10069 -0.04799 -0.052531 -0.069592 -0.026653 0.057859 0.045582 -0.0049483 -0.030452 -0.019297 -0.085929 -0.082317 -0.085256 -0.039516 0.045754 0.042194 -0.01479 -0.035191 0.12229 -0.12823 0.031211 -0.028779 0.031692 0.070669 0.16387 0.025769 0.13689 0.015458 -0.034009 -0.017635 0.277 0.31374 0.056456 -0.06725 -0.044578 0.14507 0.038479 -0.057046 -0.01027 -0.07699 -0.051029 0.13452 0.045467 -0.12387 0.11929 -0.062881 0.083045 -0.084838 0 0.097573 -0.069148 -0.12628 0.04042 -0.14697 -0.095885 -0.024709 0.0080251 0.061578 -0.0065694 0.01678 0.068205 0.027582 -0.097175 -0.015526 0.15421 0.20336 0.035584 -0.055139 -0.16413 0.05031 -0.11662 -0.052755 0.006678 -0.15801 -0.074768 0.012159 -0.0064458 -0.25842 -0.008229 -0.050947 0.06621 -0.19485 0.21598 0.090014 -0.038531 -0.14431
-0.063723 -0.053305 -0.044207 -0.016897 -0.019563 0.15214 0.13393 0.0010596 -0.018958 -0.0036253 -0.072715 -0.064838 -0.042033 -0.010284 0.13532 0.1086 -0.012775 0.027429 0.16138 -0.040704 0.01222 0.01654 0.10337 0.15128 0.10676 0.12253 0.051394 0.056026 0.056891 0.012149 0.18274 0.28267 0.095105 -0.008695 0.0166 0.086674 0.041853 -0.024332 0.041169 -0.047961 0.016823 0.050266 0.042097 -0.088301 0.067474 -0.015438 0.23239 -0.036873 0.097573 0 0.035983 0.02807 0.094474 -0.062229 -0.054512 0.0062219 0.041622 0.12429 0.017724 0.092037 0.031056 0.049439 -0.024029 0.027683 0.13484 0.21203 0.06684 -0.0091447 -0.037789 0.024537 -0.020181 -0.034771 0.028208 -0.087576 -0.0062211 0.011647 0.0081887 -0.14712 0.033582 -0.018184 0.19741 -0.081247 0.10381 0.1665 0.020308 0.010431
0.026449 0.16492 0.071057 0.13283 0.061831 0.11846 0.019085 0.046298 0.12324 0.029773 0.16287 0.065198 0.12382 0.07265 0.099391 0.016603 0.043857 0.16428 0.17106 0.29156 -0.019067 0.20708 0.053575 0.11826 -0.0026646 -0.0066783 0.12211 0.12248 0.13158 0.2739 0.03692 -0.072082 0.094365 0.37258 0.12725 -0.075835 0.017173 0.32295 0.49279 0.19897 0.42345 0.12529 0.15799 0.079829 0.19835 0.17402 0.56713 0.28595 -0.069148 0.035983 0 0.50308 0.23936 0.29516 -0.0068989 0.20509 0.039619 0.1286 0.009322 -0.012675 0.10453 0.11282 0.13285 0.2456 0.05454 -0.052986 0.10927 0.36248 0.1845 -0.081789 0.09006 0.29653 0.45709 0.23828 0.41445 0.17181 0.16514 0.072154 0.20477 0.1615 0.54147 0.35815 -0.045094 -0.00072689 0.64788 0.46289
0.2209 0.28491 0.18714 0.35044 0.14282 0.08649 0.031577 0.08825 0.18094 0.21765 0.27781 0.19162 0.31994 0.12077 0.085426 0.029203 0.064392 0.19166 0.12679 0.56448 -0.046205 0.24056 0.10316 0.1435 -0.087644 0.088935 -0.023955 0.12142 0.33074 0.28251 -0.070522 -0.18958 0.047253 0.48563 0.36906 -0.11021 0.1983 0.37178 0.59668 0.35299 0.62911 0.062075 0.18934 0.25655 0.30747 0.36293 0.31434 0.5643 -0.12628 0.02807 0.50308 0 0.1739 0.53784 -0.010721 0.23406 0.056093 0.097936 -0.042487 0.065437 0.013296 0.12229 0.32247 0.2525 -0.042894 -0.14681 0.059349 0.4561 0.48507 -0.089774 0.32602 0.36312 0.5227 0.40343 0.60285 0.16629 0.20507 0.25287 0.33868 0.31654 0.28402 0.63927 -0.12855 -0.028904 0.41162 0.76573
-0.029781 -0.11153 -0.020239 -0.0096354 -0.0027931 0.032173 0.09157 -0.020407 -0.028746 -0.1351 -0.13172 -0.022063 0.013589 -0.013051 0.039761 0.1028 -0.012007 -0.004882 0.64631 0.038551 0.040367 0.089143 0.023193 0.24552 0.048478 0.13075 -0.14732 0.15404 0.091224 0.093789 -0.040405 0.24638 0.037151 0.032681 0.26973 -0.011008 0.27075 0.00091662 0.051691 -0.059387 0.13567 -0.035247 -0.084964 0.0086377 0.050418 0.074389 0.58811 0.20452 0.04042 0.094474 0.23936 0.1739 0 0.049713 0.17007 0.092612 0.03625 0.27514 0.15263 0.20206 -0.14722 0.10349 0.1188 0.089212 -0.03581 0.40974 0.04196 0.050963 0.41276 0.14116 0.44706 -0.030192 0.096123 -0.027625 0.18569 0.025857 -0.03568 0.037247 0.23811 0.069653 0.70694 0.21164 0.049259 0.16156 0.20866 0.16428
