0,0.340006560087204,0.270318895578384,0.281193763017654,0.0842842608690262,-0.00762745179235935,-0.0922283828258514,0.0627292171120644,0.212498098611832,0.725606143474579,0.419744610786438,0.358781963586807,0.295058697462082,0.112588807940483,0.00211492599919438,-0.0970316752791405,0.0435259975492954,0.26565346121788,-0.157102629542351,0.236088380217552,0.0748792067170143,-0.0334315896034241,0.0272474363446236,-0.0485239699482918,0.0713558495044708,0.147800117731094,0.0991477221250534,0.0312707647681236,0.195979073643684,0.00134884484577924,-0.148918986320496,-0.104506574571133,0.0160549413412809,0.120277218520641,0.107643909752369,-0.0547977164387703,0.0223224330693483,0.114031977951527,0.0599330700933933,0.364989161491394,0.0863064005970955,0.186552882194519,0.0962595269083977,0.368486434221268,0.0465695820748806,0.180472061038017,-0.166704684495926,0.362950533628464,-0.101476937532425,-0.0652459561824799,0.0453432649374008,0.238207221031189,-0.0462219938635826,0.282891452312469,0.433437675237656,-0.0289940126240253,0.0379578806459904,-0.0727947652339935,0.377620577812195,0.256412506103516,0.192548811435699,0.00936675630509853,0.332922279834747,-0.0318152382969856,-0.0269946306943893,0.134160801768303,0.0237077232450247,0.13391675055027,0.407327920198441,0.206069380044937,0.311216920614243,0.13121834397316,0.0616509802639484,0.451678872108459,0.181806147098541,0.315642148256302,0.178247570991516,0.601095080375671,0.408440321683884,0.197168424725533,-0.120287545025349,0.543078005313873,0.0104797072708607,-0.0806116536259651,0.0579889751970768,0.289268493652344
0.340006560087204,0,0.247180625796318,0.272937744855881,0.108911417424679,0.0181719958782196,-0.0783305615186691,0.0711548551917076,0.220803484320641,0.35316413640976,0.481649369001389,0.264850437641144,0.255342572927475,0.0955928266048431,-0.000227409414947033,-0.0935641005635262,0.056529127061367,0.207777410745621,-0.103124663233757,0.261044263839722,0.0558764934539795,0.079345777630806,0.0242341030389071,-0.0461137555539608,0.0704135894775391,0.0543622933328152,0.142786979675293,0.0793645977973938,0.152466982603073,0.122536398470402,-0.0258406680077314,-0.0961057767271996,0.01835704036057,0.170726761221886,0.125262215733528,-0.0612708181142807,0.0154370712116361,0.222659796476364,0.131828710436821,0.332578748464584,0.126559942960739,0.193883284926414,0.160654962062836,0.223135128617287,0.1756881326437,0.130219250917435,-0.100750416517258,0.243769749999046,-0.043781042098999,-0.051612563431263,0.16985647380352,0.292393237352371,-0.12230534106493,0.25672835111618,0.0691896751523018,0.0774961337447166,0.0177061520516872,-0.0704165399074554,0.0676904171705246,0.00632589450106025,0.126465663313866,0.0764214396476746,0.13598795235157,0.0820604488253593,-0.0120991533622146,-0.0856157317757607,-0.0113269798457623,0.100178048014641,0.166538625955582,-0.0338576249778271,0.0792719796299934,0.254672765731812,0.0817396342754364,0.31473508477211,0.101653881371021,0.182707965373993,0.148894235491753,0.188532635569572,0.167188629508018,0.0692084804177284,-0.110802538692951,0.231542736291885,-0.0446257330477238,-0.0669313445687294,0.155302569270134,0.267362654209137
0.270318895578384,0.247180625796318,0,0.386292099952698,0.0976890325546265,0.0325728952884674,-0.023090647533536,0.1455919444561,0.140729144215584,0.287267953157425,0.26612389087677,0.570332586765289,0.37163895368576,0.066105917096138,0.0296551659703255,-0.0303442422300577,0.116518527269363,0.153610795736313,-0.0254864953458309,0.204375818371773,0.127764165401459,-0.00342068052850664,0.01218197401613,-0.0348639078438282,0.0386696979403496,0.0586105473339558,0.07865359634161,0.00448284298181534,0.197109803557396,0.0204794127494097,-0.00509150233119726,-0.0630772560834885,-0.0208772402256727,0.0587728843092918,0.239934638142586,0.000581718923058361,0.142287284135818,0.0846229940652847,0.0145043730735779,0.201590359210968,0.0902705416083336,0.0867674872279167,0.170836508274078,0.259417861700058,0.212100252509117,0.0641379207372665,-0.0662254318594933,0.194086030125618,-0.0497114732861519,-0.0468277856707573,0.072893001139164,0.189890801906586,-0.0338044911623001,0.177651554346085,0.115460015833378,-0.0189493522047997,0.0346483252942562,-0.0595787800848484,0.0324417985975742,0.0312186982482672,0.0604987628757954,0.0128863994032145,0.165386945009232,-0.00729536078870296,-0.00181283324491233,-0.0717533975839615,-0.0141247501596808,0.0285575296729803,0.202698230743408,-0.0220534261316061,0.14065957069397,0.0949220955371857,-0.00810671877115965,0.197575390338898,0.0956808850169182,0.0725669264793396,0.120738089084625,0.175462275743484,0.164046138525009,0.0153882019221783,-0.0652588158845901,0.183709070086479,-0.0618061982095242,-0.0505701526999474,0.0826491862535477,0.177624523639679
0.281193763017654,0.272937744855881,0.386292099952698,0,0.188573524355888,0.0127994930371642,-0.00847173295915127,0.107918791472912,0.139731720089912,0.2605941593647,0.277921676635742,0.369498550891876,0.640498995780945,0.122949197888374,0.00546942884102464,-0.0164094381034374,0.093374602496624,0.147643029689789,-0.0547673739492893,0.298906207084656,-0.0225728750228882,0.0289249941706657,0.015069386921823,-0.0152404205873609,-0.0867366194725037,0.0238789450377226,0.00358247756958008,0.0319745652377605,0.148763388395309,0.0447906069457531,-0.0316642448306084,-0.150899142026901,-0.0220680944621563,0.193243697285652,0.187417164444923,-0.08572818338871,0.0627394318580627,0.120497189462185,0.194134011864662,0.209453210234642,0.2960205078125,0.03092329390347,0.124860696494579,0.168114542961121,0.171287775039673,0.11729558557272,-0.0111912656575441,0.255165070295334,-0.0707598030567169,-0.0178011171519756,0.139344841241837,0.355337649583817,-0.0209458954632282,0.286729991436005,0.0171845965087414,0.0321916826069355,0.0141637856140733,-0.0322775952517986,-0.0503767989575863,-0.00842938758432865,0.0115064429119229,0.0390862375497818,0.150434121489525,0.0274882558733225,-0.0299195908010006,-0.132441937923431,0.00388762261718512,0.153925165534019,0.266423106193542,-0.0644514113664627,0.153026446700096,0.139680773019791,0.129131406545639,0.246048301458359,0.276646226644516,0.0653376504778862,0.125791922211647,0.17876435816288,0.182722136378288,0.0958577618002892,-0.0277753211557865,0.309728235006332,-0.0660265907645226,-0.0530916042625904,0.130129799246788,0.349928289651871
0.0842842608690262,0.108911417424679,0.0976890325546265,0.188573524355888,0,-0.00404621521010995,-0.0186882168054581,0.0202080998569727,0.0537158995866776,0.0956048294901848,0.0999847576022148,0.106317847967148,0.160188466310501,0.044211108237505,-0.00490902038291097,-0.026590820401907,0.0180505272001028,0.0577341131865978,-0.0182358417659998,0.102355040609837,0.00223804451525211,0.000701906043104827,0.011577108874917,-0.0111101232469082,-0.0193179771304131,0.00331713538616896,-0.00751634873449802,-0.00859659258276224,0.0703623667359352,0.00457629561424255,-0.0270715057849884,-0.0341693237423897,-0.0107440976426005,0.0230940543115139,0.0710758194327354,0.00235556275583804,0.049123227596283,0.046684518456459,0.0757357701659203,0.0916304290294647,0.0935312956571579,0.00989081617444754,0.0531859807670116,0.0707544758915901,0.0675710812211037,0.0164525508880615,0.00959587749093771,0.107920072972775,-0.0295162834227085,-0.0215047895908356,0.0612701065838337,0.142516925930977,-0.0107151241973042,0.110676608979702,-0.0149862449616194,-0.00560964550822973,-0.0118941562250257,-0.0305164493620396,-0.0362722501158714,-0.00881300587207079,-0.00789498444646597,0.000426887505454943,0.0602047815918922,-0.00792580004781485,-0.0230459999293089,-0.0454065836966038,-0.0170953273773193,0.0272848512977362,0.0867090970277786,-0.0108348112553358,0.0620422586798668,0.0473069623112679,0.0561530850827694,0.0778528675436974,0.0810498371720314,2.92342156171799e-06,0.0249751973897219,0.0444096587598324,0.0505339242517948,-0.00367575720883906,-0.00798481050878763,0.105817951261997,-0.0380991511046886,-0.0211075022816658,0.0452440492808819,0.12721674144268
-0.00762745179235935,0.0181719958782196,0.0325728952884674,0.0127994930371642,-0.00404621521010995,0,0.166425377130508,0.0233904048800468,0.0863818004727364,0.0565552823245525,0.00512518547475338,0.0248676035553217,0.00340500334277749,-0.0166622754186392,0.430439919233322,0.164370745420456,0.042829155921936,0.0701202228665352,0.0652168095111847,0.0412919409573078,0.13647535443306,0.0972866490483284,0.134593740105629,0.21928445994854,0.236684367060661,0.125443324446678,0.337383061647415,0.126166060566902,0.079921118915081,0.120026506483555,0.301666438579559,0.206401780247688,0.274398803710938,0.0743405967950821,-0.0369710363447666,0.0205276142805815,-0.0211312081664801,0.0817594230175018,0.0923132300376892,0.0983936861157417,0.0507531985640526,0.267574489116669,0.233846679329872,-0.00491733057424426,0.166156783699989,0.0800459161400795,0.214171662926674,-0.0756392404437065,0.0553892701864243,0.14884789288044,0.106823362410069,0.0756649821996689,0.033982940018177,0.0247906073927879,0.00124125729780644,0.0768003836274147,0.0891592726111412,0.208356291055679,0.126948371529579,0.0873308703303337,0.287207931280136,0.128362238407135,0.0126884905621409,0.107571989297867,0.277282208204269,0.134850710630417,0.231951385736465,0.0670410171151161,-0.119623228907585,-0.0542829968035221,-0.0946198105812073,0.0600112527608871,0.0977742001414299,0.0383679568767548,0.0464653000235558,0.221263214945793,0.155814319849014,-0.0910036563873291,0.0678349807858467,0.0467283427715302,0.182599902153015,-0.113395497202873,0.050240233540535,0.123150616884232,0.0929489210247993,0.0486678369343281
-0.0922283828258514,-0.0783305615186691,-0.023090647533536,-0.00847173295915127,-0.0186882168054581,0.166425377130508,0,-0.00869060587137938,-0.00849608331918716,-0.0421382822096348,-0.10057208687067,-0.0436621233820915,-0.0280788689851761,-0.0238070599734783,0.17041651904583,0.24957686662674,-0.00837576389312744,-0.0295078288763762,0.148771017789841,-0.0409293696284294,0.0473622009158134,0.0286392793059349,0.0760825127363205,0.174943283200264,0.0616588406264782,0.130347281694412,-0.00291605875827372,0.0722334682941437,0.0140827782452106,0.0379573553800583,0.160959765315056,0.165202274918556,0.069416344165802,0.019542133435607,0.0185263995081186,0.0770935788750648,0.0709315612912178,-0.0128617426380515,0.0577368848025799,-0.120119072496891,0.0647254586219788,-0.0383472889661789,0.000518919841852039,-0.126142457127571,0.0538752600550652,0.0286374520510435,0.230642423033714,-0.0677174106240273,0.0418705865740776,0.1325643658638,0.013961136341095,0.0275426935404539,0.0928267538547516,-0.0516072958707809,-0.0681370720267296,0.0207888446748257,0.0317291244864464,0.154766499996185,-0.040985681116581,0.0693890452384949,-0.0284991040825844,0.0608697719871998,-0.0261838659644127,0.0338461734354496,0.0871892124414444,0.0845571085810661,0.051023080945015,0.0228095818310976,-0.0635105893015862,-0.0207034312188625,-0.027912188321352,-0.031557735055685,0.0626891925930977,-0.139911264181137,0.0682303905487061,-0.061663880944252,-0.023558147251606,-0.187176421284676,-0.0296494960784912,0.0348066724836826,0.188734903931618,-0.130030184984207,0.0251066107302904,0.109417758882046,0.000597159320022911,-0.0084745716303587
0.0627292171120644,0.0711548551917076,0.1455919444561,0.107918791472912,0.0202080998569727,0.0233904048800468,-0.00869060587137938,0,0.0516738332808018,0.0422905012965202,0.0772846341133118,0.129356130957603,0.104253448545933,0.0156998615711927,0.0346290171146393,0.00320906401611865,0.108265183866024,0.0640974938869476,-0.0368763990700245,0.0878315716981888,-0.0581221580505371,0.019722668454051,0.000997596071101725,-0.00807333737611771,-0.042447853833437,-0.0198548790067434,0.0553554482758045,0.0173967070877552,0.0240290202200413,0.0100234188139439,0.0657722875475883,-0.0561569221317768,0.0258444622159004,0.0475568026304245,-0.0241418778896332,-0.0812093690037727,-0.0749542638659477,0.0461346060037613,0.0231024865061045,0.0709525048732758,0.0154692037031054,0.0472757741808891,0.122223980724812,-2.45664268732071e-05,0.0113646984100342,0.00796593446284533,0.0076245148666203,-0.00191947584971786,-0.00476994272321463,0.000307623296976089,0.0455102063715458,0.0871700569987297,-0.0211568791419268,0.0763828232884407,-0.0399825982749462,0.0229941010475159,-0.00514947157353163,-0.000876658363267779,-0.0179521963000298,0.00384109024889767,0.0692396387457848,0.0313661359250546,0.0301679279655218,0.00344900251366198,0.0639168247580528,-0.0363088585436344,0.00975465122610331,0.043877761811018,0.00139896967448294,-0.0852131098508835,-0.0125898448750377,0.0528162904083729,0.0150013417005539,0.0798799246549606,0.0345539636909962,0.0601037964224815,0.103458896279335,0.0193995628505945,0.0338987670838833,0.00818322040140629,0.0150999780744314,0.0552491173148155,-0.0186303406953812,-3.35350632667542e-05,0.0563969798386097,0.0898116007447243
0.212498098611832,0.220803484320641,0.140729144215584,0.139731720089912,0.0537158995866776,0.0863818004727364,-0.00849608331918716,0.0516738332808018,0,0.222802102565765,0.224975168704987,0.12840972840786,0.134144797921181,0.044959481805563,0.0715062022209167,-0.0192191898822784,0.050338190048933,0.192461028695107,-0.0430041626095772,0.164350271224976,0.010920787230134,0.0645899176597595,0.0195174161344767,0.00861494522541761,0.0327402018010616,0.0131204640492797,0.126558244228363,0.0229547191411257,0.0799962878227234,0.092999555170536,0.0192767530679703,-0.0488422177731991,0.0641004741191864,0.117657713592052,0.0453925654292107,-0.0563638396561146,-0.00886195618659258,0.165602147579193,0.0945150852203369,0.190110087394714,0.0748398751020432,0.149958848953247,0.134123042225838,0.104812994599342,0.0824354887008667,0.0566989146173,0.00421432871371508,0.115819670259953,-0.0297856591641903,-0.0189999155700207,0.121131397783756,0.186258986592293,-0.0347427017986774,0.1704371124506,0.0459918715059757,0.0577261373400688,0.0303164198994637,-0.00828305911272764,0.059711929410696,0.0220132321119308,0.139377519488335,0.0181652661412954,0.0959106609225273,0.0824551433324814,0.0568453148007393,-0.0116639230400324,0.0350645259022713,0.0700314342975616,0.0904957726597786,-0.0328415408730507,0.044122252613306,0.172051757574081,0.0737026110291481,0.183347433805466,0.0692191794514656,0.170175015926361,0.135882496833801,0.107758477330208,0.124091744422913,0.0270380359143019,0.00354783423244953,0.151488170027733,-0.0346564166247845,-0.0029156191740185,0.121347717940807,0.174394547939301
0.725606143474579,0.35316413640976,0.287267953157425,0.2605941593647,0.0956048294901848,0.0565552823245525,-0.0421382822096348,0.0422905012965202,0.222802102565765,0,0.323632508516312,0.280946552753448,0.217170402407646,0.0982685387134552,0.0523333139717579,-0.0517566986382008,0.0338634513318539,0.231509149074554,-0.0549754314124584,0.233919098973274,0.280279397964478,-0.0140385469421744,0.0517311505973339,-0.0758888944983482,0.233498930931091,0.244537204504013,0.151760667562485,-0.0663191080093384,0.214727625250816,0.000562366039957851,-0.00987689103931189,0.0709898769855499,0.0475646369159222,0.191578462719917,0.248037531971931,0.109212018549442,0.205170601606369,0.117410339415073,0.254747331142426,0.314550310373306,0.278953909873962,0.241775617003441,0.0907765254378319,0.470588773488998,0.302406549453735,0.247571513056755,-0.123850978910923,0.404859364032745,-0.0164875537157059,-0.00219267630018294,0.0389861725270748,0.228597044944763,-0.149673610925674,0.172629863023758,0.14338019490242,-0.0228939317166805,0.0283259432762861,-0.0904070362448692,0.127535119652748,0.136253133416176,0.10144867002964,-0.0322944894433022,0.108673632144928,-0.010582335293293,-0.0187637358903885,0.0170969106256962,0.0286570265889168,0.125266090035439,0.151241615414619,0.0402150265872478,0.0636928677558899,0.133910343050957,0.144650191068649,0.260310709476471,0.165613368153572,0.152962327003479,0.0554308257997036,0.23843988776207,0.107184045016766,0.0878529772162437,-0.106633067131042,0.328560203313828,-0.0325323604047298,-0.0507973581552505,0.0573688596487045,0.191801533102989
0.419744610786438,0.481649369001389,0.26612389087677,0.277921676635742,0.0999847576022148,0.00512518547475338,-0.10057208687067,0.0772846341133118,0.224975168704987,0.323632508516312,0,0.320763558149338,0.304649770259857,0.110234118998051,-0.00230615353211761,-0.10794074088335,0.0930374637246132,0.246757552027702,-0.189125165343285,0.287500023841858,-0.00794022995978594,0.0632796213030815,0.0215416494756937,-0.05859599635005,0.0204931143671274,-0.00649546459317207,0.145219102501869,0.0676008090376854,0.133199319243431,0.108459658920765,-0.056154128164053,-0.178666695952415,0.0182658117264509,0.120427444577217,0.044141948223114,-0.138433694839478,-0.0573853775858879,0.229386657476425,0.0561610013246536,0.343082040548325,0.0749146938323975,0.19767539203167,0.185996308922768,0.202576011419296,0.0831227600574493,0.0999615862965584,-0.151174113154411,0.229878053069115,-0.0831810086965561,-0.0722228512167931,0.168868094682693,0.287175685167313,-0.140313699841499,0.304097592830658,0.158257722854614,0.0745609030127525,0.0101700788363814,-0.0861656218767166,0.156549960374832,0.0114238876849413,0.191040471196175,0.046389177441597,0.194745123386383,0.0713887736201286,-0.00371767720207572,-0.0574954450130463,0.013812511228025,0.129516050219536,0.249428182840347,-0.00338063598610461,0.157461151480675,0.26693332195282,0.0402951687574387,0.396529078483582,0.113946124911308,0.263971924781799,0.202894017100334,0.311410337686539,0.266855835914612,0.0801932960748672,-0.126538440585136,0.323798209428787,-0.0340047478675842,-0.094813272356987,0.171850398182869,0.308592557907104
0.358781963586807,0.264850437641144,0.570332586765289,0.369498550891876,0.106317847967148,0.0248676035553217,-0.0436621233820915,0.129356130957603,0.12840972840786,0.280946552753448,0.320763558149338,0,0.394540101289749,0.0843188539147377,0.0272511467337608,-0.0326013565063477,0.144916519522667,0.152806624770164,-0.0744226723909378,0.206815242767334,0.0699189230799675,-0.0291793011128902,-0.00549544347450137,-0.051313579082489,0.00428797118365765,0.037846103310585,0.080650620162487,0.0169467274099588,0.19145342707634,0.00368011649698019,-0.0464994832873344,-0.128679186105728,-0.023418115451932,0.0404081270098686,0.200016006827354,-0.0419290252029896,0.108690835535526,0.0841033533215523,0.0112828481942415,0.222452953457832,0.0703438147902489,0.0674790292978287,0.173772290349007,0.234545394778252,0.125648215413094,0.0773282200098038,-0.0906480774283409,0.190306723117828,-0.0839148312807083,-0.066960982978344,0.0704897940158844,0.198616161942482,-0.0329596325755119,0.237798273563385,0.19092857837677,-0.0515905655920506,0.022486537694931,-0.0720725357532501,0.0923918709158897,0.0641863271594048,0.0851660594344139,0.000875408528372645,0.23930886387825,-0.0249719116836786,-0.000810460012871772,-0.043115209788084,0.0106082484126091,0.0431492328643799,0.283182382583618,0.0515728443861008,0.228433072566986,0.0944980308413506,-0.0407351702451706,0.26647287607193,0.08415687084198,0.118252985179424,0.18353109061718,0.287150681018829,0.237909451127052,0.0370234809815884,-0.0855013579130173,0.249975696206093,-0.0545571781694889,-0.0527287423610687,0.0620299689471722,0.219837471842766
0.295058697462082,0.255342572927475,0.37163895368576,0.640498995780945,0.160188466310501,0.00340500334277749,-0.0280788689851761,0.104253448545933,0.134144797921181,0.217170402407646,0.304649770259857,0.394540101289749,0,0.143382996320724,0.00903357937932014,-0.00807660166174173,0.114626936614513,0.154915273189545,-0.0624644123017788,0.270987868309021,-0.0339889526367188,0.0275215599685907,0.0178650114685297,-0.0186905786395073,-0.0953799188137054,0.00841944105923176,-0.010583283379674,0.0575594417750835,0.137299254536629,0.0423163026571274,-0.0698841139674187,-0.164118379354477,-0.0221332833170891,0.167304471135139,0.156226381659508,-0.103724546730518,0.0459877774119377,0.120892480015755,0.123031407594681,0.216887012124062,0.233390137553215,0.0134499836713076,0.108911290764809,0.14321956038475,0.125079616904259,0.104009218513966,-0.034411083906889,0.234113618731499,-0.0881129279732704,-0.0448882207274437,0.132568359375,0.327171474695206,0.00390429305844009,0.293218553066254,0.0313739515841007,0.0224769320338964,0.0169108994305134,-0.0168835334479809,-0.0388622432947159,0.035264614969492,0.000620742270257324,0.0545056574046612,0.188052326440811,0.0246898271143436,-0.0421454012393951,-0.11863724142313,-0.00428700353950262,0.159489244222641,0.299136161804199,-0.0470315702259541,0.191105395555496,0.140132665634155,0.126392796635628,0.251932680606842,0.301265627145767,0.0652622580528259,0.125773280858994,0.200817033648491,0.193962588906288,0.101043030619621,0.000982727506197989,0.32880562543869,-0.0871803909540176,-0.0465932190418243,0.131388872861862,0.382920205593109
0.112588807940483,0.0955928266048431,0.066105917096138,0.122949197888374,0.044211108237505,-0.0166622754186392,-0.0238070599734783,0.0156998615711927,0.044959481805563,0.0982685387134552,0.110234118998051,0.0843188539147377,0.143382996320724,0,-0.00869273580610752,-0.0280198398977518,0.00695880176499486,0.0893202945590019,-0.026747141033411,0.12898151576519,-0.041096780449152,0.0114527251571417,0.0108002396300435,-0.0181007478386164,-0.0290760360658169,-0.0181122794747353,0.0115534830838442,-0.00966940633952618,0.0350340344011784,0.0144583666697145,-0.0328092686831951,-0.0570475496351719,-0.00264412676915526,0.0574027039110661,0.028123902156949,-0.0429537296295166,-0.00811776518821716,0.0553200133144855,0.06038523837924,0.0867959037423134,0.0678518712520599,0.0355918295681477,0.0534526519477367,0.0458323024213314,0.0501200035214424,0.0173313561826944,-0.0126769207417965,0.0827294215559959,-0.0388467982411385,-0.0106666851788759,0.0752768218517303,0.122362703084946,-0.0191383343189955,0.106060661375523,0.0039194100536406,0.0118661047890782,0.00602500140666962,-0.021204985678196,-0.00526149338111281,-0.00668781436979771,0.0223476588726044,-0.0095662847161293,0.0335369892418385,0.0167814511805773,-0.0109762931242585,-0.0303840022534132,-0.00728148501366377,0.065619021654129,0.0805194899439812,-0.0314394608139992,0.0606224276125431,0.0696136653423309,0.0636939108371735,0.0902058556675911,0.0855121538043022,0.0466428399085999,0.0688530281186104,0.0681155174970627,0.0925634950399399,0.00538269989192486,-0.0108872121199965,0.12025985121727,-0.0244188606739044,-0.0239801406860352,0.0628655329346657,0.134631454944611
0.00211492599919438,-0.000227409414947033,0.0296551659703255,0.00546942884102464,-0.00490902038291097,0.430439919233322,0.17041651904583,0.0346290171146393,0.0715062022209167,0.0523333139717579,-0.00230615353211761,0.0272511467337608,0.00903357937932014,-0.00869273580610752,0,0.207380577921867,0.0402266532182693,0.0679105222225189,0.0515171177685261,0.0338275358080864,0.125087633728981,0.0853868648409843,0.109573736786842,0.227468028664589,0.221356317400932,0.128285437822342,0.321403563022614,0.123484559357166,0.081188440322876,0.100896082818508,0.305155754089355,0.174526259303093,0.271389096975327,0.0743349343538284,-0.0412513725459576,-0.0141159305348992,-0.0437976345419884,0.0648272112011909,0.0781459584832191,0.0825016424059868,0.0520071908831596,0.25523054599762,0.240086898207664,-0.0234451722353697,0.149106502532959,0.0777902081608772,0.212683826684952,-0.0874189808964729,0.0414709001779556,0.134374812245369,0.0890283659100533,0.0744382962584496,0.0440622456371784,0.0390551462769508,0.0509950742125511,0.0737739354372025,0.105926372110844,0.221374973654747,0.161566555500031,0.131654411554337,0.304010003805161,0.109722532331944,0.051734670996666,0.0946595221757889,0.271398842334747,0.157808661460876,0.27542707324028,0.0657421126961708,-0.0889660120010376,-0.050230335444212,-0.0722024962306023,0.0545692108571529,0.105316214263439,0.0648686215281487,0.0476920120418072,0.245331436395645,0.174036681652069,-0.0636871531605721,0.0905721709132195,0.0718064680695534,0.203130558133125,-0.0894796848297119,0.0323803350329399,0.141070604324341,0.0912635549902916,0.0725569725036621
-0.0970316752791405,-0.0935641005635262,-0.0303442422300577,-0.0164094381034374,-0.026590820401907,0.164370745420456,0.24957686662674,0.00320906401611865,-0.0192191898822784,-0.0517566986382008,-0.10794074088335,-0.0326013565063477,-0.00807660166174173,-0.0280198398977518,0.207380577921867,0,0.0151724796742201,-0.00656995037570596,0.113897532224655,-0.0368962287902832,0.0440921671688557,0.0282154511660337,0.0718621164560318,0.168011263012886,0.0434422977268696,0.120036728680134,-0.00985765550285578,0.0290627051144838,0.0130215976387262,0.0321339331567287,0.135074198246002,0.128320321440697,0.0901172086596489,0.020241966471076,0.0043314010836184,0.0467787757515907,0.0505547039210796,-0.0508854910731316,0.0414543338119984,-0.108819708228111,0.0665669143199921,-0.0312756113708019,0.00498763797804713,-0.109154731035233,0.0382525846362114,0.0312601178884506,0.199390709400177,-0.0707499086856842,0.0405334867537022,0.108668424189091,0.00926048774272203,0.0210801642388105,0.104193292558193,-0.0403216630220413,-0.0277806483209133,0.0173380468040705,0.0414247922599316,0.178490683436394,-0.0139539930969477,0.117217682301998,-0.0256969127804041,0.0259261690080166,-0.00693124439567327,0.028550012037158,0.0998934134840965,0.0896172672510147,0.095540352165699,0.0246078111231327,-0.0281508043408394,-0.00831133406609297,0.00860936660319567,-0.0586953423917294,0.0614513270556927,-0.128342270851135,0.0734369903802872,-0.0526902452111244,-0.0272474475204945,-0.147013828158379,-0.0196548532694578,0.0410404242575169,0.207533478736877,-0.0947799310088158,0.0228572823107243,0.131952151656151,0.000725673395209014,0.0165991857647896
0.0435259975492954,0.056529127061367,0.116518527269363,0.093374602496624,0.0180505272001028,0.042829155921936,-0.00837576389312744,0.108265183866024,0.050338190048933,0.0338634513318539,0.0930374637246132,0.144916519522667,0.114626936614513,0.00695880176499486,0.0402266532182693,0.0151724796742201,0,0.0656035393476486,-0.0255510248243809,0.0866753086447716,-0.0476408898830414,0.0283865351229906,0.0170224718749523,-0.003129075281322,-0.0176250748336315,-0.0343439094722271,0.0791979432106018,0.0328322239220142,0.0169963371008635,0.0311613399535418,0.0554801262915134,-0.0674149915575981,0.00940306298434734,0.02818763256073,-0.0201065298169851,-0.0818297415971756,-0.0631081163883209,0.0450332760810852,0.00856293644756079,0.0645363330841064,-0.00343414815142751,0.0727083012461662,0.124594680964947,-0.0117182536050677,0.0167660601437092,0.00274769589304924,0.0148682733997703,-0.0287463255226612,-0.0150962956249714,-0.0128761846572161,0.043888732790947,0.0639407634735107,-0.0112590147182345,0.077210009098053,-0.0361045822501183,0.0280698761343956,0.00689282361418009,0.0155442617833614,-0.0175752062350512,-0.0141316754743457,0.0675203800201416,0.0276622772216797,0.0235846638679504,0.0214266683906317,0.0469112209975719,-0.0361608378589153,0.0217317510396242,0.0320678390562534,-0.0104749221354723,-0.102764129638672,-0.0262426696717739,0.0490666963160038,-0.00259023229591548,0.0708179175853729,0.00127456593327224,0.0707960054278374,0.115483336150646,0.016994122415781,0.0158746391534805,0.00320023181848228,0.0220510978251696,0.0171010922640562,-0.0206903237849474,-0.00461276806890965,0.0476893447339535,0.0685927271842957
0.26565346121788,0.207777410745621,0.153610795736313,0.147643029689789,0.0577341131865978,0.0701202228665352,-0.0295078288763762,0.0640974938869476,0.192461028695107,0.231509149074554,0.246757552027702,0.152806624770164,0.154915273189545,0.0893202945590019,0.0679105222225189,-0.00656995037570596,0.0656035393476486,0,-0.0608524642884731,0.163785934448242,0.0371230132877827,0.0501797795295715,0.0446538776159286,0.0156127996742725,0.0568418093025684,0.0353335328400135,0.117032170295715,0.0219860225915909,0.0933685079216957,0.0884354189038277,0.0159637741744518,-0.0270031522959471,0.070093460381031,0.089361198246479,0.0340091362595558,-0.0499275848269463,-0.00241245795041323,0.158718481659889,0.0779341459274292,0.18540845811367,0.0686561763286591,0.152998641133308,0.133977204561234,0.118827417492867,0.082661971449852,0.0640360489487648,0.0163927394896746,0.13857227563858,-0.0339012406766415,0.0262318849563599,0.1652842015028,0.192664608359337,-0.00723220268264413,0.182245060801506,0.100300341844559,0.0613802559673786,0.0260367393493652,0.0139155890792608,0.105360500514507,0.045358769595623,0.142917633056641,0.0264318808913231,0.115080304443836,0.0789892077445984,0.0628389120101929,0.0179525762796402,0.0566797703504562,0.106614165008068,0.122036457061768,0.0106943044811487,0.0887943804264069,0.175273254513741,0.0743774548172951,0.201294794678688,0.0884144976735115,0.187180757522583,0.138997659087181,0.15113191306591,0.15778660774231,0.0588977225124836,0.0238562356680632,0.175544932484627,-0.000696870381943882,0.00336020579561591,0.132795304059982,0.215806990861893
-0.157102629542351,-0.103124663233757,-0.0254864953458309,-0.0547673739492893,-0.0182358417659998,0.0652168095111847,0.148771017789841,-0.0368763990700245,-0.0430041626095772,-0.0549754314124584,-0.189125165343285,-0.0744226723909378,-0.0624644123017788,-0.026747141033411,0.0515171177685261,0.113897532224655,-0.0255510248243809,-0.0608524642884731,0,-0.0449995584785938,0.254983872175217,0.0378804579377174,0.0403781905770302,0.254131764173508,0.220381155610085,0.274586856365204,-0.149886921048164,0.0841734185814857,0.0827838256955147,0.0685309693217278,0.0274474993348122,0.591853857040405,-0.00345002929680049,-0.0129491416737437,0.502407789230347,0.2654909491539,0.566070258617401,-0.033271711319685,0.0615490153431892,-0.0952120497822762,0.148582801222801,-0.0577442534267902,-0.135012120008469,0.0121845183894038,0.21936309337616,0.0710573196411133,0.709241986274719,0.225561961531639,0.125112012028694,0.168515771627426,0.140289351344109,0.104088574647903,0.63214910030365,-0.0641392394900322,0.0311909839510918,0.0211834087967873,0.0195373743772507,0.208837911486626,0.0174307636916637,0.184951737523079,-0.19080638885498,0.0906716138124466,-0.000557318271603435,0.0600730516016483,-0.0529519766569138,0.331782072782516,0.0162298940122128,0.000749774160794914,0.189606696367264,0.171269729733467,0.252565979957581,-0.0620316155254841,0.107368901371956,-0.172732830047607,0.106608889997005,-0.141621455550194,-0.120838068425655,-0.114030219614506,0.025653837248683,0.0507033318281174,0.585410594940186,0.0140978330746293,0.0600100085139275,0.16567699611187,0.152097702026367,0.0663004666566849
0.236088380217552,0.261044263839722,0.204375818371773,0.298906207084656,0.102355040609837,0.0412919409573078,-0.0409293696284294,0.0878315716981888,0.164350271224976,0.233919098973274,0.287500023841858,0.206815242767334,0.270987868309021,0.12898151576519,0.0338275358080864,-0.0368962287902832,0.0866753086447716,0.163785934448242,-0.0449995584785938,0,-0.104734882712364,0.171235710382462,0.0548306778073311,0.0285589639097452,-0.115056551992893,-0.00880498997867107,0.00359445670619607,0.0476182550191879,0.211445242166519,0.191239938139915,-0.0953820794820786,-0.265207976102829,0.00725469132885337,0.383983582258224,0.212607711553574,-0.214394152164459,0.0136144878342748,0.284620732069016,0.321893602609634,0.413645595312119,0.401355803012848,0.0925338789820671,0.27429386973381,0.264713287353516,0.330643951892853,0.272170037031174,0.0601623840630054,0.377790868282318,-0.12756684422493,-0.0391218140721321,0.291387736797333,0.568510949611664,0.0205151028931141,0.589110136032104,-0.102597750723362,0.180719599127769,0.0131211765110493,0.0127091677859426,-0.116948202252388,0.00997111480683088,0.0443246215581894,0.0559895522892475,0.180728763341904,0.164706572890282,-0.0506002753973007,-0.239087164402008,0.0237897150218487,0.359751552343369,0.30859038233757,-0.242062240839005,0.126316249370575,0.284279584884644,0.278246849775314,0.437792837619781,0.396376967430115,0.156094014644623,0.274094372987747,0.23659548163414,0.293050676584244,0.222249448299408,0.0596924275159836,0.465595930814743,-0.155479922890663,-0.0786816626787186,0.240963265299797,0.556362509727478
0.0748792067170143,0.0558764934539795,0.127764165401459,-0.0225728750228882,0.00223804451525211,0.13647535443306,0.0473622009158134,-0.0581221580505371,0.010920787230134,0.280279397964478,-0.00794022995978594,0.0699189230799675,-0.0339889526367188,-0.041096780449152,0.125087633728981,0.0440921671688557,-0.0476408898830414,0.0371230132877827,0.254983872175217,-0.104734882712364,0,-0.147184804081917,0.067608967423439,0.174249276518822,0.733811557292938,0.569700479507446,0.19530862569809,-0.0821383148431778,0.287170946598053,-0.0927717164158821,0.107516080141068,0.493044972419739,0.161905258893967,-0.0708161816000938,0.567669153213501,0.473929017782211,0.558743119239807,-0.126003667712212,-0.00440634926781058,0.112782098352909,0.135938510298729,0.319624811410904,-0.0460696145892143,0.708652973175049,0.436151802539825,0.394953310489655,0.0479399226605892,0.484396010637283,0.0356701612472534,0.00231879809871316,-0.0212675537914038,-0.0414957702159882,0.0352984331548214,-0.118944399058819,0.659097075462341,-0.197760179638863,0.0627927929162979,0.102683648467064,0.536210179328918,0.312930196523666,0.0629477798938751,-0.0398861728608608,0.0973599627614021,-0.0887871012091637,0.0503777414560318,0.312251925468445,0.120504930615425,-0.0673870593309402,0.267662435770035,0.365628659725189,0.223717302083969,-0.125704884529114,0.00746672134846449,-0.0148692214861512,0.0551492683589458,0.16192626953125,-0.125767529010773,0.287017226219177,0.112769849598408,0.174987092614174,0.0345406830310822,0.103774189949036,0.086942046880722,0.0191647708415985,-0.00565392430871725,-0.0966373160481453
-0.0334315896034241,0.079345777630806,-0.00342068052850664,0.0289249941706657,0.000701906043104827,0.0972866490483284,0.0286392793059349,0.019722668454051,0.0645899176597595,-0.0140385469421744,0.0632796213030815,-0.0291793011128902,0.0275215599685907,0.0114527251571417,0.0853868648409843,0.0282154511660337,0.0283865351229906,0.0501797795295715,0.0378804579377174,0.171235710382462,-0.147184804081917,0,0.0208059437572956,0.36491921544075,0.050384633243084,-0.130545616149902,0.11838311702013,0.284647285938263,0.0320532023906708,0.923985362052917,0.0124810943379998,-0.145474135875702,0.157405123114586,0.347705453634262,-0.0708462372422218,-0.185515195131302,-0.140291944146156,0.885193228721619,0.29742020368576,0.0746568292379379,0.283408105373383,0.267954379320145,0.0708291754126549,-0.0376262366771698,0.0709350034594536,0.656255125999451,0.195513233542442,0.00661288062110543,-0.0296372175216675,0.0232768412679434,0.196040272712708,0.230153605341911,0.0940288454294205,0.165127322077751,-0.234727427363396,0.974950850009918,0.00181998207699507,0.402089506387711,-0.058590479195118,-0.0711965337395668,0.15107274055481,0.340431660413742,-0.0151183698326349,0.915486514568329,-0.013953560963273,-0.178732320666313,0.168055102229118,0.325600296258926,-0.0893602073192596,-0.255862593650818,-0.143298402428627,0.843616724014282,0.353260189294815,0.0723539665341377,0.310192167758942,0.317498445510864,0.0836264938116074,-0.0874808058142662,-0.00217120558954775,0.607667922973633,0.178127691149712,0.0576652735471725,-0.0695930272340775,0.0184713136404753,0.165255934000015,0.209424003958702
0.0272474363446236,0.0242341030389071,0.01218197401613,0.015069386921823,0.011577108874917,0.134593740105629,0.0760825127363205,0.000997596071101725,0.0195174161344767,0.0517311505973339,0.0215416494756937,-0.00549544347450137,0.0178650114685297,0.0108002396300435,0.109573736786842,0.0718621164560318,0.0170224718749523,0.0446538776159286,0.0403781905770302,0.0548306778073311,0.067608967423439,0.0208059437572956,0,0.162843003869057,0.111661545932293,0.144020065665245,0.059671439230442,0.0381934233009815,0.0974875465035439,0.0449870936572552,0.0917281806468964,0.105123028159142,0.097866103053093,0.0344579704105854,0.0682806670665741,0.0386421903967857,0.0708761885762215,0.0282553490251303,0.0497825667262077,0.0477326959371567,0.0590836815536022,0.0484242998063564,0.0628003180027008,0.0451398491859436,0.0708998516201973,0.0938904657959938,0.11055401712656,0.0657194256782532,0.0325995534658432,0.104922026395798,0.0509290248155594,0.105312161147594,0.0184945520013571,0.0267059691250324,0.036113403737545,0.0100476630032063,0.0592227950692177,0.13360333442688,0.0723964720964432,0.117145329713821,0.0598405487835407,0.0306040737777948,0.0597804859280586,0.0425317399203777,0.0837991759181023,0.0712356120347977,0.0865850374102592,0.010062905959785,0.0561547428369522,0.0101469652727246,0.0488672778010368,0.0195060893893242,0.0412317626178265,0.0388393886387348,0.0509620569646358,0.0617156215012074,0.0344875641167164,-0.00361061259172857,0.0480085387825966,0.077933169901371,0.0805152878165245,0.0408134050667286,0.0200577080249786,0.0506400167942047,0.0309528522193432,0.0937223881483078
-0.0485239699482918,-0.0461137555539608,-0.0348639078438282,-0.0152404205873609,-0.0111101232469082,0.21928445994854,0.174943283200264,-0.00807333737611771,0.00861494522541761,-0.0758888944983482,-0.05859599635005,-0.051313579082489,-0.0186905786395073,-0.0181007478386164,0.227468028664589,0.168011263012886,-0.003129075281322,0.0156127996742725,0.254131764173508,0.0285589639097452,0.174249276518822,0.36491921544075,0.162843003869057,0,0.311034709215164,0.344103991985321,0.0788811072707176,0.560991406440735,0.10014371573925,0.53755122423172,0.170687571167946,0.199436813592911,0.326941817998886,0.1074338555336,0.124265365302563,0.0404300130903721,0.0998452752828598,0.318451136350632,0.104192353785038,-0.0471215918660164,0.146267235279083,0.110291138291359,0.0451670549809933,-0.0267274137586355,0.0937295779585838,0.520816564559937,0.344103366136551,-0.00284974626265466,0.0667004510760307,0.153584122657776,0.120764888823032,0.135563299059868,0.249766781926155,0.046955443918705,0.044444028288126,0.333395481109619,0.110657125711441,0.810419201850891,0.184455543756485,0.349688172340393,0.0843595489859581,0.516417562961578,0.0721362754702568,0.533556640148163,0.132821515202522,0.181646913290024,0.344805389642715,0.119689621031284,0.109870076179504,-0.0317590497434139,0.141619861125946,0.250875174999237,0.161805048584938,-0.037533026188612,0.193238601088524,0.162313565611839,0.0419513918459415,-0.0773558169603348,0.0557766631245613,0.522653341293335,0.277423590421677,-0.00462888227775693,0.0406642146408558,0.137206703424454,0.0927262455224991,0.101923778653145
