0,0.331002652645111,0.265754610300064,0.275667637586594,0.0802681371569633,-0.0209134425967932,-0.097064420580864,0.0598689317703247,0.204714566469193,0.723727703094482,0.413492411375046,0.354011476039886,0.292029321193695,0.112766250967979,-0.00994602404534817,-0.10013310611248,0.0407545566558838,0.261315673589706,-0.168576776981354,0.223967999219894,0.0554283708333969,-0.0274605546146631,0.0229459516704082,-0.0627298429608345,0.0430979169905186,0.139993742108345,0.0813505053520203,0.0149079468101263,0.18365290760994,-0.00518939457833767,-0.160514414310455,-0.125913441181183,0.00210128049366176,0.116800427436829,0.0890687629580498,-0.0686064511537552,0.0050474014133215,0.104406967759132,0.0503379069268703,0.355481058359146,0.0689263194799423,0.166934013366699,0.0854810252785683,0.348690241575241,0.0323781743645668,0.178579539060593,-0.179537370800972,0.337605565786362,-0.104300387203693,-0.0730802193284035,0.0294455792754889,0.216889575123787,-0.0629066973924637,0.271453857421875,0.421309411525726,-0.0250254366546869,0.0352882817387581,-0.081991583108902,0.369032561779022,0.2544324696064,0.180596813559532,-0.00414858991280198,0.323068916797638,-0.0365296825766563,-0.0355326980352402,0.123111814260483,0.0185476951301098,0.132725954055786,0.390809267759323,0.196718648076057,0.299756199121475,0.125266388058662,0.0551611334085464,0.443419754505157,0.172861248254776,0.303614348173141,0.170407101511955,0.593448638916016,0.393860161304474,0.204619541764259,-0.131647646427155,0.518589437007904,-0.00140282977372408,-0.0876427590847015,0.0405828654766083,0.266152232885361
0.331002652645111,0,0.255034327507019,0.274440050125122,0.110356822609901,0.0122763635590672,-0.0811828970909119,0.0754530131816864,0.226096451282501,0.355025768280029,0.497325032949448,0.268075436353683,0.260733485221863,0.1023975238204,-0.00591445248574018,-0.0975419655442238,0.0554881952702999,0.212607443332672,-0.108505249023438,0.258942753076553,0.0489662066102028,0.0867351964116096,0.0201849937438965,-0.0501828007400036,0.0605103485286236,0.055804543197155,0.139098078012466,0.0759662464261055,0.149136394262314,0.12781897187233,-0.0307993423193693,-0.100976541638374,0.0131230400875211,0.165863946080208,0.118991605937481,-0.0680535361170769,0.010967455804348,0.226902544498444,0.128665238618851,0.335719078779221,0.116401940584183,0.189535468816757,0.164508625864983,0.212463945150375,0.175527036190033,0.122860409319401,-0.106628984212875,0.23261071741581,-0.0464333221316338,-0.0561888143420219,0.168311566114426,0.28530815243721,-0.125311583280563,0.257769972085953,0.0623080916702747,0.0852656289935112,0.0176967680454254,-0.0748633444309235,0.0651417747139931,-0.0037198937498033,0.129121318459511,0.0672023668885231,0.132749050855637,0.087810643017292,-0.0150211416184902,-0.0876977816224098,-0.0156987532973289,0.0997641012072563,0.157331109046936,-0.0383537597954273,0.0739100724458694,0.261881023645401,0.0787264034152031,0.31516706943512,0.0902146250009537,0.181001484394073,0.154988646507263,0.177620977163315,0.164160072803497,0.0597341060638428,-0.121366895735264,0.213757574558258,-0.0471468456089497,-0.0732016041874886,0.151853144168854,0.259356170892715
0.265754610300064,0.255034327507019,0,0.393389582633972,0.100779317319393,0.0286741089075804,-0.0227026250213385,0.14789055287838,0.145709171891212,0.291174232959747,0.276407122612,0.585322976112366,0.381556659936905,0.0699504986405373,0.0239294860512018,-0.0366979986429214,0.116334229707718,0.153617024421692,-0.0356808230280876,0.196242183446884,0.115615710616112,0.00343064172193408,0.00576526066288352,-0.043932132422924,0.0219455733895302,0.0503028593957424,0.0737188309431076,-0.00023856945335865,0.192030072212219,0.0229687318205833,-0.00892487913370132,-0.0764599815011024,-0.0284476391971111,0.0498539917171001,0.228695645928383,-0.0161937139928341,0.13411083817482,0.0880741328001022,0.00191224506124854,0.198302432894707,0.0785700455307961,0.0805019959807396,0.170263111591339,0.249355792999268,0.202860787510872,0.0591511987149715,-0.0763252153992653,0.180298402905464,-0.0523374788463116,-0.0546143241226673,0.0671759471297264,0.178843006491661,-0.0396829731762409,0.171983823180199,0.102332413196564,-0.0141181778162718,0.0350023508071899,-0.0656915977597237,0.0213493164628744,0.0215860940515995,0.0580134466290474,0.006176448892802,0.159426361322403,-0.00524183874949813,-0.00521256634965539,-0.0838473960757256,-0.0178151000291109,0.0237023886293173,0.188149109482765,-0.0312964841723442,0.133676633238792,0.0992971137166023,-0.0203270521014929,0.192156597971916,0.0814235508441925,0.0684195905923843,0.121766306459904,0.164814814925194,0.149849683046341,0.00808814819902182,-0.0728755593299866,0.167155414819717,-0.0634365901350975,-0.0568947792053223,0.0776412263512611,0.165257081389427
0.275667637586594,0.274440050125122,0.393389582633972,0,0.190421521663666,0.00786419399082661,-0.00671356497332454,0.105226017534733,0.141046836972237,0.259621262550354,0.279940694570541,0.375817894935608,0.649084270000458,0.126348793506622,0.00348631269298494,-0.0169580355286598,0.0932924896478653,0.147820189595222,-0.0516836382448673,0.293690294027328,-0.0318626388907433,0.032012015581131,0.00659137545153499,-0.0227425470948219,-0.101940341293812,0.018018102273345,0.00129859300795943,0.0191385857760906,0.143428072333336,0.0446905344724655,-0.0310489423573017,-0.15944792330265,-0.0227512344717979,0.193250238895416,0.179283574223518,-0.0998587310314178,0.0603923834860325,0.119726061820984,0.190087124705315,0.202773615717888,0.287246316671371,0.0271351579576731,0.125191316008568,0.149665981531143,0.176262825727463,0.11578756570816,-0.0176320280879736,0.250740140676498,-0.0673488080501556,-0.0238388460129499,0.128179654479027,0.350445419549942,-0.0211535934358835,0.282694011926651,0.0125199537724257,0.0346230864524841,0.0123550100252032,-0.0377536974847317,-0.0544711165130138,-0.0172915663570166,0.0141716385260224,0.0247348695993423,0.148602500557899,0.0275776702910662,-0.0313188545405865,-0.136008992791176,0.00705849658697844,0.154224753379822,0.256345242261887,-0.0703122466802597,0.149547174572945,0.139385238289833,0.123343117535114,0.243333756923676,0.267081141471863,0.0643814951181412,0.129250109195709,0.169709354639053,0.184702023863792,0.0904539823532104,-0.0353289134800434,0.301184773445129,-0.0659885480999947,-0.0562992505729198,0.121668569743633,0.341630697250366
0.0802681371569633,0.110356822609901,0.100779317319393,0.190421521663666,0,-0.0070926402695477,-0.0199576411396265,0.0205732714384794,0.0544658154249191,0.092730425298214,0.102973751723766,0.110521130263805,0.163675606250763,0.0460157692432404,-0.00891700759530067,-0.0312754176557064,0.0177710112184286,0.0590057745575905,-0.0195741541683674,0.103780165314674,-0.00430447561666369,0.0019542679656297,0.0127540463581681,-0.0127913784235716,-0.0245625656098127,0.00211334088817239,-0.0104621909558773,-0.0100647946819663,0.0702583342790604,0.00483002187684178,-0.0291143115609884,-0.0383017435669899,-0.0114366989582777,0.0224762950092554,0.0691273957490921,-0.000272754579782486,0.0487073212862015,0.0481817722320557,0.0728688910603523,0.0888338461518288,0.0890521705150604,0.00628110440447927,0.0549151785671711,0.0677159577608109,0.0680927187204361,0.0144643746316433,0.00545057468116283,0.107483141124249,-0.029308907687664,-0.0231749303638935,0.0609077550470829,0.141729980707169,-0.0122278360649943,0.111648932099342,-0.0206307210028172,-0.00237614125944674,-0.0137157896533608,-0.0326134823262691,-0.0392318032681942,-0.0131052751094103,-0.00922311097383499,-0.00232868129387498,0.0604314915835857,-0.00696410238742828,-0.0254770442843437,-0.0478504858911037,-0.0184591077268124,0.025063818320632,0.085041806101799,-0.0124379824846983,0.0604673326015472,0.0492260344326496,0.0551537796854973,0.0774589851498604,0.0796770378947258,-0.00366985541768372,0.0245123505592346,0.0415188893675804,0.0500415451824665,-0.00623138854280114,-0.0119491890072823,0.102782264351845,-0.0394492484629154,-0.0229608491063118,0.0427400134503841,0.127901762723923
-0.0209134425967932,0.0122763635590672,0.0286741089075804,0.00786419399082661,-0.0070926402695477,0,0.17192505300045,0.0212434530258179,0.0875167697668076,0.0527594350278378,-0.00291676353663206,0.0184213165193796,0.000199015252292156,-0.0182667765766382,0.443663150072098,0.173281192779541,0.0420147366821766,0.0687548220157623,0.0776073560118675,0.0447108447551727,0.140689939260483,0.108104355633259,0.136039406061172,0.228578969836235,0.247909113764763,0.128667756915092,0.345397144556046,0.125355243682861,0.0850730463862419,0.132742285728455,0.308348536491394,0.215998470783234,0.279446065425873,0.0824084132909775,-0.0350574105978012,0.0275207571685314,-0.0210956409573555,0.0925854966044426,0.101967498660088,0.100430056452751,0.0610187724232674,0.275974035263062,0.230479463934898,-0.00290763867087662,0.173547923564911,0.0873637124896049,0.220303326845169,-0.0675032660365105,0.0611156076192856,0.155017182230949,0.116617232561111,0.08601114153862,0.0378513373434544,0.0255947820842266,-0.00506080081686378,0.0849396884441376,0.0886779874563217,0.215804383158684,0.122671335935593,0.094943031668663,0.293476760387421,0.130341291427612,0.00981448404490948,0.117721751332283,0.280896037817001,0.132650122046471,0.238331034779549,0.0778618678450584,-0.122119151055813,-0.0569704473018646,-0.0971593037247658,0.0658949613571167,0.106860913336277,0.0356390327215195,0.0568193756043911,0.226657718420029,0.152266263961792,-0.100189164280891,0.0624853931367397,0.0513486824929714,0.188143655657768,-0.101184897124767,0.0498034730553627,0.127467453479767,0.103997744619846,0.0548700019717216
-0.097064420580864,-0.0811828970909119,-0.0227026250213385,-0.00671356497332454,-0.0199576411396265,0.17192505300045,0,-0.0094996141269803,-0.00662720389664173,-0.0430974699556828,-0.104359723627567,-0.0464120917022228,-0.0277272537350655,-0.0249529406428337,0.179533392190933,0.254852950572968,-0.00969200395047665,-0.0302584376186132,0.158591255545616,-0.0349330827593803,0.0469936653971672,0.0331033244729042,0.077108807861805,0.183963507413864,0.0701116323471069,0.129114389419556,0.00757758365944028,0.0714545473456383,0.014030359685421,0.0443832501769066,0.171504944562912,0.168465912342072,0.0749683454632759,0.0230648424476385,0.0194092392921448,0.0757354274392128,0.0694773346185684,-0.00638696132227778,0.057213768362999,-0.121151722967625,0.0703687369823456,-0.0288743693381548,0.00191176263615489,-0.129709884524345,0.0562324747443199,0.0332438796758652,0.234540641307831,-0.0628459826111794,0.0473447255790234,0.135298639535904,0.0129040600731969,0.0313300043344498,0.097888708114624,-0.0496178828179836,-0.0719380080699921,0.0232494734227657,0.0282059460878372,0.160402372479439,-0.037776991724968,0.0747919157147408,-0.0221858136355877,0.0611882358789444,-0.0293872021138668,0.0413464605808258,0.0940926074981689,0.0836923196911812,0.0584012195467949,0.0258408281952143,-0.064333476126194,-0.0252715405076742,-0.0319272726774216,-0.0273049790412188,0.0616536997258663,-0.138433024287224,0.0700160041451454,-0.0513340309262276,-0.0220712292939425,-0.191133975982666,-0.0288261733949184,0.0377093814313412,0.189491912722588,-0.12146483361721,0.0240265633910894,0.112166449427605,0.00291260075755417,-0.0034199187066406
0.0598689317703247,0.0754530131816864,0.14789055287838,0.105226017534733,0.0205732714384794,0.0212434530258179,-0.0094996141269803,0,0.0549293830990791,0.0383144915103912,0.0760597437620163,0.130006060004234,0.104055404663086,0.0134212682023644,0.0341679714620113,0.00163187133148313,0.108065865933895,0.064789280295372,-0.0326156057417393,0.089596726000309,-0.0615911781787872,0.0269786454737186,-0.000317302532494068,-0.0070071374066174,-0.0455011427402496,-0.0229488089680672,0.0550179146230221,0.0213961731642485,0.0258729998022318,0.0156474392861128,0.0680800601840019,-0.0584021396934986,0.0245323199778795,0.0490812063217163,-0.0286451876163483,-0.0855593234300613,-0.0764008611440659,0.0499455519020557,0.0225945841521025,0.0690356642007828,0.0146862994879484,0.0471116341650486,0.121032178401947,-0.00445449212566018,0.0131693603470922,0.0117659270763397,0.00613464741036296,-0.00122743553947657,-0.0037077774759382,0.00196774839423597,0.0460575483739376,0.0868768692016602,-0.0215791333466768,0.0770555511116982,-0.0412755385041237,0.0295819733291864,-0.0053290631622076,0.00227687857113779,-0.0213880073279142,0.00661411974579096,0.070632129907608,0.0360765866935253,0.0309989526867867,0.00835884362459183,0.0655350983142853,-0.0406231619417667,0.0118744177743793,0.0458922199904919,-0.000605853914748877,-0.086648590862751,-0.0161648578941822,0.0564669221639633,0.0146744335070252,0.0779744014143944,0.034999955445528,0.0588656030595303,0.103167295455933,0.0173997133970261,0.033433374017477,0.0131990695372224,0.0136999394744635,0.0564868450164795,-0.0156260747462511,0.000103230588138103,0.0570807382464409,0.0875779762864113
0.204714566469193,0.226096451282501,0.145709171891212,0.141046836972237,0.0544658154249191,0.0875167697668076,-0.00662720389664173,0.0549293830990791,0,0.223094657063484,0.233061835169792,0.13040092587471,0.136709183454514,0.0509619675576687,0.0736015737056732,-0.0211207717657089,0.04799909517169,0.198295399546623,-0.0439464710652828,0.164605855941772,0.0102140409871936,0.0716566815972328,0.0195030383765697,0.01206374168396,0.033078771084547,0.0142382932826877,0.126302495598793,0.0228858906775713,0.078592486679554,0.101917304098606,0.0219702124595642,-0.0473691411316395,0.0671496614813805,0.121405921876431,0.0420166775584221,-0.0566515251994133,-0.010238429531455,0.173936069011688,0.0956413671374321,0.192091837525368,0.0750570222735405,0.150511011481285,0.136747375130653,0.101883627474308,0.084080882370472,0.0588800571858883,0.00125676882453263,0.115376874804497,-0.0290287043899298,-0.0194218661636114,0.125012248754501,0.185547932982445,-0.0361040271818638,0.172528892755508,0.0430913530290127,0.064689002931118,0.0315185748040676,-0.00434506358578801,0.0594896450638771,0.0205434560775757,0.142893806099892,0.0156074436381459,0.0927927941083908,0.0917856246232986,0.0572555586695671,-0.0112220495939255,0.0397258698940277,0.0737398564815521,0.0847895890474319,-0.0343567244708538,0.0413725189864635,0.180707380175591,0.0761908814311028,0.184842377901077,0.0683406144380569,0.17043499648571,0.138576239347458,0.101550616323948,0.121583394706249,0.0252860486507416,-0.00157620257232338,0.146888419985771,-0.0379376783967018,-0.00396932894363999,0.12417933344841,0.173407137393951
0.723727703094482,0.355025768280029,0.291174232959747,0.259621262550354,0.092730425298214,0.0527594350278378,-0.0430974699556828,0.0383144915103912,0.223094657063484,0,0.323570430278778,0.278235226869583,0.219261795282364,0.100943736732006,0.0453167147934437,-0.0574887730181217,0.0311746448278427,0.227346390485764,-0.0813220664858818,0.221446648240089,0.267970860004425,0.00685681728646159,0.0481405518949032,-0.0835606977343559,0.218147322535515,0.237835273146629,0.147626608610153,-0.070880338549614,0.205712676048279,0.00998969376087189,-0.0115685742348433,0.0550067983567715,0.0402623862028122,0.191362783312798,0.225469887256622,0.094001904129982,0.184335708618164,0.123658768832684,0.252353876829147,0.308265298604965,0.267734050750732,0.233801320195198,0.0892064869403839,0.459997028112411,0.287487655878067,0.253507852554321,-0.132426574826241,0.379180490970612,-0.0176172088831663,-0.0084355790168047,0.0334748886525631,0.216474562883377,-0.164123952388763,0.163540244102478,0.127850532531738,-0.00621388200670481,0.0258594453334808,-0.0987448617815971,0.112583793699741,0.124785885214806,0.0964837893843651,-0.0407891049981117,0.0971640795469284,0.000126682221889496,-0.0200265981256962,0.00525094196200371,0.0235155690461397,0.124118357896805,0.129169747233391,0.0276210010051727,0.041142612695694,0.141534954309464,0.138393774628639,0.256971091032028,0.154191046953201,0.145275622606277,0.0534395799040794,0.223049357533455,0.0863680616021156,0.0889082551002502,-0.114772126078606,0.308389127254486,-0.0357250683009624,-0.0570556148886681,0.0451834462583065,0.175737157464027
0.413492411375046,0.497325032949448,0.276407122612,0.279940694570541,0.102973751723766,-0.00291676353663206,-0.104359723627567,0.0760597437620163,0.233061835169792,0.323570430278778,0,0.328512132167816,0.309588551521301,0.115454979240894,-0.0147161995992064,-0.111125342547894,0.0925275757908821,0.254103630781174,-0.187571421265602,0.288337767124176,-0.0166165959089994,0.0705523416399956,0.0159834288060665,-0.0671958699822426,0.00250276224687696,-0.0089405719190836,0.138493582606316,0.0622564032673836,0.127828493714333,0.11109197884798,-0.0645111352205276,-0.187817931175232,0.0106366472318769,0.119900837540627,0.0365050733089447,-0.146372258663177,-0.0619304329156876,0.231936767697334,0.0556319393217564,0.346558600664139,0.0674929171800613,0.189834356307983,0.188236847519875,0.187395572662354,0.0847503840923309,0.0894510075449944,-0.157868027687073,0.221706002950668,-0.0869855359196663,-0.0810093432664871,0.171491354703903,0.281226366758347,-0.146764367818832,0.308156371116638,0.152381256222725,0.081812359392643,0.00840563140809536,-0.0953660234808922,0.150297611951828,0.000740349176339805,0.190775230526924,0.0358887612819672,0.190589353442192,0.0742100402712822,-0.012216511182487,-0.0629706606268883,0.00771172158420086,0.127859845757484,0.244284272193909,-0.00808414909988642,0.15609110891819,0.271165162324905,0.0402699895203114,0.400192767381668,0.108464822173119,0.257596254348755,0.207268238067627,0.301295906305313,0.26512536406517,0.0721677094697952,-0.138628512620926,0.307366460561752,-0.0371556617319584,-0.105781696736813,0.167669922113419,0.301815450191498
0.354011476039886,0.268075436353683,0.585322976112366,0.375817894935608,0.110521130263805,0.0184213165193796,-0.0464120917022228,0.130006060004234,0.13040092587471,0.278235226869583,0.328512132167816,0,0.405020952224731,0.0868623480200768,0.0196539890021086,-0.03628820925951,0.145517274737358,0.152789548039436,-0.0759898722171783,0.202344805002213,0.0559644401073456,-0.0229449532926083,-0.0114754531532526,-0.0552099607884884,-0.0133589478209615,0.0318793840706348,0.0714865624904633,0.0155548239126801,0.183710530400276,0.00712992111220956,-0.0504832752048969,-0.140732869505882,-0.0318473391234875,0.0342398844659328,0.192199304699898,-0.0537351220846176,0.10601906478405,0.0884970650076866,0.00140084233134985,0.218764677643776,0.0625654757022858,0.0548314154148102,0.166529893875122,0.220125332474709,0.11611433327198,0.0767390355467796,-0.0964635461568832,0.177378222346306,-0.0855994671583176,-0.073587529361248,0.0646358951926231,0.185488924384117,-0.0362066179513931,0.234332993626595,0.177148446440697,-0.046354204416275,0.0222539678215981,-0.0733788534998894,0.0791631489992142,0.0557569302618504,0.0774895548820496,-0.00407461542636156,0.234865292906761,-0.0214924719184637,-0.00667188921943307,-0.0559507757425308,0.00517775537446141,0.0379868187010288,0.273327767848969,0.0450249426066875,0.225762069225311,0.100507326424122,-0.0495686605572701,0.25985512137413,0.0763572826981544,0.108337618410587,0.181689769029617,0.275344580411911,0.222924679517746,0.0353447049856186,-0.0899582952260971,0.231276601552963,-0.0577702969312668,-0.0572015084326267,0.0568519309163094,0.209154739975929
0.292029321193695,0.260733485221863,0.381556659936905,0.649084270000458,0.163675606250763,0.000199015252292156,-0.0277272537350655,0.104055404663086,0.136709183454514,0.219261795282364,0.309588551521301,0.405020952224731,0,0.1473218947649,0.00454637175425887,-0.00912408903241158,0.114690981805325,0.158491894602776,-0.0541451536118984,0.269401133060455,-0.0417875461280346,0.0284633655101061,0.0128184109926224,-0.026118004694581,-0.106526263058186,0.00461230427026749,-0.0134892547503114,0.0454093478620052,0.134099498391151,0.0398092195391655,-0.0704837962985039,-0.170245870947838,-0.0253260470926762,0.166268080472946,0.150685772299767,-0.115695089101791,0.0460408665239811,0.122722156345844,0.117536604404449,0.212996736168861,0.227224767208099,0.0118676628917456,0.109083972871304,0.126181736588478,0.133607909083366,0.10039996355772,-0.0389520190656185,0.229186221957207,-0.0856842398643494,-0.0505760833621025,0.125639513134956,0.319955050945282,0.00618470413610339,0.291426539421082,0.0256429556757212,0.0216263215988874,0.0140864131972194,-0.0217120032757521,-0.0423670597374439,0.0275636669248343,0.00213756831362844,0.0393547303974628,0.187240898609161,0.0232777055352926,-0.0443673431873322,-0.121195822954178,-0.00381872337311506,0.157835111021996,0.291770368814468,-0.0524987541139126,0.190260991454124,0.140184953808784,0.11976483464241,0.249648481607437,0.291849583387375,0.0661168098449707,0.128852397203445,0.192071691155434,0.198922023177147,0.094371497631073,-0.00420823087915778,0.319524496793747,-0.0865485742688179,-0.0503617338836193,0.124650329351425,0.375029772520065
0.112766250967979,0.1023975238204,0.0699504986405373,0.126348793506622,0.0460157692432404,-0.0182667765766382,-0.0249529406428337,0.0134212682023644,0.0509619675576687,0.100943736732006,0.115454979240894,0.0868623480200768,0.1473218947649,0,-0.00807796791195869,-0.0281972885131836,0.007305474486202,0.0948214009404182,-0.0239580906927586,0.130867630243301,-0.0407102927565575,0.0152097847312689,0.00896813161671162,-0.0220794435590506,-0.0322796814143658,-0.0190939120948315,0.0109705124050379,-0.0113897481933236,0.0315916053950787,0.0198452342301607,-0.0351468548178673,-0.059570737183094,-0.0011483640410006,0.0587697587907314,0.0253098197281361,-0.0480196960270405,-0.00906934216618538,0.0614624917507172,0.0632862374186516,0.0904801562428474,0.0677853226661682,0.0375905372202396,0.0568511225283146,0.0395336002111435,0.0534628070890903,0.0170489493757486,-0.0145301828160882,0.0846389830112457,-0.0430693663656712,-0.0141284503042698,0.0769051611423492,0.124331958591938,-0.0168612338602543,0.108708076179028,0.00385936582460999,0.0178814399987459,0.00439487956464291,-0.0236087758094072,-0.00527826603502035,-0.0105942497029901,0.0265315659344196,-0.0120690986514091,0.0321267731487751,0.0212568994611502,-0.0137172639369965,-0.0302097424864769,-0.00591949839144945,0.0696599259972572,0.0806901082396507,-0.0354183912277222,0.0598055310547352,0.075313076376915,0.0667606219649315,0.092535562813282,0.0868360847234726,0.0487109646201134,0.0724654719233513,0.0648681372404099,0.0968589186668396,0.00523987459018826,-0.0125552257522941,0.120988473296165,-0.0255123227834702,-0.0261007975786924,0.0653437376022339,0.13657534122467
-0.00994602404534817,-0.00591445248574018,0.0239294860512018,0.00348631269298494,-0.00891700759530067,0.443663150072098,0.179533392190933,0.0341679714620113,0.0736015737056732,0.0453167147934437,-0.0147161995992064,0.0196539890021086,0.00454637175425887,-0.00807796791195869,0,0.222168058156967,0.0376335494220257,0.0691583007574081,0.0648844614624977,0.0390726141631603,0.128772079944611,0.0931242853403091,0.111086711287498,0.240323588252068,0.232760518789291,0.133396342396736,0.326993316411972,0.12217228859663,0.0887521952390671,0.110890775918961,0.315972805023193,0.184543371200562,0.279791593551636,0.0852914825081825,-0.0359294898808002,-0.00237561366520822,-0.0412689261138439,0.0718249827623367,0.0865781232714653,0.0829619839787483,0.0633321553468704,0.262468844652176,0.236311569809914,-0.0242648683488369,0.160091012716293,0.0819012373685837,0.217461287975311,-0.0796840041875839,0.049439612776041,0.136913746595383,0.0973108112812042,0.0861274376511574,0.0491834059357643,0.0402376689016819,0.0462351962924004,0.0801783204078674,0.10533357411623,0.233306989073753,0.157750695943832,0.13813254237175,0.307260900735855,0.110477946698666,0.0534193627536297,0.102570593357086,0.275769025087357,0.157786846160889,0.285031199455261,0.0744596794247627,-0.0880119428038597,-0.0499841086566448,-0.0710387453436852,0.0579362288117409,0.114998660981655,0.0614001043140888,0.0599474236369133,0.249967977404594,0.171334773302078,-0.0713595971465111,0.0915268287062645,0.0730508416891098,0.212837278842926,-0.0758789405226707,0.0337962135672569,0.145003914833069,0.101838372647762,0.0819267630577087
-0.10013310611248,-0.0975419655442238,-0.0366979986429214,-0.0169580355286598,-0.0312754176557064,0.173281192779541,0.254852950572968,0.00163187133148313,-0.0211207717657089,-0.0574887730181217,-0.111125342547894,-0.03628820925951,-0.00912408903241158,-0.0281972885131836,0.222168058156967,0,0.0147119918838143,-0.00555157568305731,0.122616574168205,-0.0326121784746647,0.0416309386491776,0.0282000433653593,0.0746740475296974,0.17342934012413,0.0499706342816353,0.119324184954166,-0.000457406014902517,0.0236700922250748,0.0169369596987963,0.0319955497980118,0.142555758357048,0.12713423371315,0.0981657430529594,0.028582600876689,0.003302744589746,0.0405730158090591,0.0477423965930939,-0.0486814826726913,0.0456148944795132,-0.106924489140511,0.0732224881649017,-0.0210141725838184,0.00517574278637767,-0.109839148819447,0.0404131561517715,0.0350976064801216,0.20116326212883,-0.064169280230999,0.0431181453168392,0.106878608465195,0.0107961418107152,0.0289086326956749,0.111522011458874,-0.0370104983448982,-0.0276834927499294,0.0168336909264326,0.0398714430630207,0.181547179818153,-0.00624949065968394,0.122898109257221,-0.0176937319338322,0.0217806622385979,-0.00377568113617599,0.028372636064887,0.104506343603134,0.0908322855830193,0.102510757744312,0.0320408083498478,-0.0239786207675934,-0.01160560362041,0.0121194217354059,-0.0616731196641922,0.0641062930226326,-0.126946032047272,0.0790082216262817,-0.0386563614010811,-0.0288727879524231,-0.141979098320007,-0.0125892469659448,0.0417247526347637,0.212300285696983,-0.0794565752148628,0.0250127110630274,0.13621561229229,0.00334753235802054,0.025798823684454
0.0407545566558838,0.0554881952702999,0.116334229707718,0.0932924896478653,0.0177710112184286,0.0420147366821766,-0.00969200395047665,0.108065865933895,0.04799909517169,0.0311746448278427,0.0925275757908821,0.145517274737358,0.114690981805325,0.007305474486202,0.0376335494220257,0.0147119918838143,0,0.0677375122904778,-0.0238671209663153,0.0883381068706512,-0.0514615476131439,0.0303605385124683,0.0144987525418401,-0.001902777235955,-0.0211555045098066,-0.0351971574127674,0.0773588567972183,0.0325111746788025,0.012889800593257,0.0326800160109997,0.0545005053281784,-0.0689744725823402,0.00919342413544655,0.0319035910069942,-0.0241066701710224,-0.080591969192028,-0.0651632770895958,0.045646920800209,0.00907850451767445,0.0621366202831268,-0.000707047875039279,0.0713913813233376,0.122632466256618,-0.0173349678516388,0.0224211364984512,0.00716235209256411,0.0134726101532578,-0.0292077399790287,-0.0122712785378098,-0.0145157659426332,0.0418198369443417,0.0612443722784519,-0.014074195176363,0.076190747320652,-0.0413773767650127,0.0311181508004665,0.00672405958175659,0.0195118188858032,-0.0223746933043003,-0.0139644164592028,0.0673848986625671,0.0290538966655731,0.0206989198923111,0.0229972936213017,0.049023013561964,-0.0392260402441025,0.0239298772066832,0.0347900576889515,-0.0159687008708715,-0.105506755411625,-0.0296375509351492,0.048139289021492,-0.000238026492297649,0.0673821866512299,0.00407435093075037,0.0703547298908234,0.114935949444771,0.0119761554524302,0.0150474086403847,0.00751866633072495,0.0201647318899632,0.01633245870471,-0.0151274763047695,-0.00127544743008912,0.0475148819386959,0.0672317817807198
0.261315673589706,0.212607443332672,0.153617024421692,0.147820189595222,0.0590057745575905,0.0687548220157623,-0.0302584376186132,0.064789280295372,0.198295399546623,0.227346390485764,0.254103630781174,0.152789548039436,0.158491894602776,0.0948214009404182,0.0691583007574081,-0.00555157568305731,0.0677375122904778,0,-0.0580563098192215,0.16364774107933,0.0340035036206245,0.0589313991367817,0.0433075055480003,0.0158454179763794,0.0557382367551327,0.0347726903855801,0.11799094825983,0.022789865732193,0.091279000043869,0.09743632376194,0.0176141299307346,-0.0262004211544991,0.0700670480728149,0.0914392247796059,0.029581131413579,-0.0529902130365372,-0.00524902530014515,0.16853754222393,0.0810808092355728,0.185735553503036,0.0684321522712708,0.153472781181335,0.134677022695541,0.107101052999496,0.0848772451281548,0.0642845258116722,0.014879840426147,0.134409382939339,-0.0374422483146191,0.0254034195095301,0.170647591352463,0.192068174481392,-0.00921988766640425,0.182903274893761,0.0985166728496552,0.0698981732130051,0.0230286829173565,0.0133357895538211,0.108565881848335,0.040920976549387,0.145872816443443,0.0249099899083376,0.11676400154829,0.0880531668663025,0.066872201859951,0.021095035597682,0.0601816177368164,0.111553743481636,0.117956683039665,0.0098947174847126,0.0854923129081726,0.184757605195045,0.0770910605788231,0.200384214520454,0.0876102671027184,0.190204456448555,0.143716096878052,0.145325735211372,0.163494035601616,0.0581549182534218,0.0250157173722982,0.168320685625076,0.00288966973312199,-0.000118885189294815,0.136935114860535,0.213682845234871
-0.168576776981354,-0.108505249023438,-0.0356808230280876,-0.0516836382448673,-0.0195741541683674,0.0776073560118675,0.158591255545616,-0.0326156057417393,-0.0439464710652828,-0.0813220664858818,-0.187571421265602,-0.0759898722171783,-0.0541451536118984,-0.0239580906927586,0.0648844614624977,0.122616574168205,-0.0238671209663153,-0.0580563098192215,0,-0.0322676301002502,0.221874058246613,0.0538459829986095,0.0418129749596119,0.272920906543732,0.206784412264824,0.257324516773224,-0.151062950491905,0.0944658294320107,0.0780632793903351,0.0861119329929352,0.0269093755632639,0.562526702880859,0.00813225470483303,0.00730327935889363,0.486667305231094,0.225080654025078,0.557853877544403,-0.0202200822532177,0.0929796472191811,-0.099661186337471,0.180316269397736,-0.0514346845448017,-0.128180488944054,0.00323575339280069,0.185076504945755,0.0855889320373535,0.737766146659851,0.229096978902817,0.111872382462025,0.165765151381493,0.177630931138992,0.135587155818939,0.675677537918091,-0.0474517419934273,0.026406729593873,0.0349454320967197,0.0231241155415773,0.229826614260674,0.0199212115257978,0.183513388037682,-0.185341864824295,0.097694955766201,0.0126670999452472,0.0765701606869698,-0.0457005128264427,0.322049349546432,0.0314726606011391,0.0219241604208946,0.203220844268799,0.155386373400688,0.252163618803024,-0.0588540844619274,0.138847172260284,-0.166249170899391,0.139706045389175,-0.123024478554726,-0.110878676176071,-0.110268794000149,0.0288614146411419,0.0635431185364723,0.63078784942627,0.0464124269783497,0.0539114102721214,0.169258043169975,0.180685609579086,0.102137967944145
0.223967999219894,0.258942753076553,0.196242183446884,0.293690294027328,0.103780165314674,0.0447108447551727,-0.0349330827593803,0.089596726000309,0.164605855941772,0.221446648240089,0.288337767124176,0.202344805002213,0.269401133060455,0.130867630243301,0.0390726141631603,-0.0326121784746647,0.0883381068706512,0.16364774107933,-0.0322676301002502,0,-0.114967197179794,0.177475020289421,0.050560537725687,0.0320849604904652,-0.127100706100464,-0.010968629270792,0.00111922295764089,0.0326244421303272,0.205842301249504,0.197690322995186,-0.0954541489481926,-0.267130464315414,0.010481821373105,0.39563262462616,0.204619869589806,-0.230715870857239,0.0141141545027494,0.281179279088974,0.335063904523849,0.413329601287842,0.404913783073425,0.0844073072075844,0.277530491352081,0.24219323694706,0.343181073665619,0.277950674295425,0.0645498856902122,0.389967203140259,-0.126737400889397,-0.0446269102394581,0.295340090990067,0.568567514419556,0.026836734265089,0.593722105026245,-0.103049993515015,0.189927369356155,0.00889701582491398,0.0205189846456051,-0.113836728036404,0.012848456390202,0.0464879088103771,0.0421836823225021,0.18271216750145,0.173323482275009,-0.0487964637577534,-0.233389273285866,0.0311188846826553,0.372608602046967,0.303327322006226,-0.24132040143013,0.125697016716003,0.28028529882431,0.290628999471664,0.438481271266937,0.399168133735657,0.147983834147453,0.278253108263016,0.229609787464142,0.302630394697189,0.229663863778114,0.0604104846715927,0.472195625305176,-0.153471410274506,-0.0798054561018944,0.239223301410675,0.55682909488678
0.0554283708333969,0.0489662066102028,0.115615710616112,-0.0318626388907433,-0.00430447561666369,0.140689939260483,0.0469936653971672,-0.0615911781787872,0.0102140409871936,0.267970860004425,-0.0166165959089994,0.0559644401073456,-0.0417875461280346,-0.0407102927565575,0.128772079944611,0.0416309386491776,-0.0514615476131439,0.0340035036206245,0.221874058246613,-0.114967197179794,0,-0.133397653698921,0.0687401816248894,0.17638623714447,0.732987999916077,0.570339202880859,0.201491862535477,-0.0816008523106575,0.288992166519165,-0.0873080268502235,0.114946112036705,0.496883869171143,0.162206172943115,-0.085054837167263,0.561460971832275,0.470680236816406,0.543732523918152,-0.11102370172739,-0.0136818615719676,0.114970184862614,0.121117778122425,0.32237297296524,-0.0453667342662811,0.720757186412811,0.419494211673737,0.386910378932953,0.0527792386710644,0.445054918527603,0.0253049917519093,0.00812895223498344,-0.0152628319337964,-0.0450381115078926,0.0238591320812702,-0.124049343168736,0.657801032066345,-0.192155167460442,0.0629900097846985,0.0952885299921036,0.527898550033569,0.297761529684067,0.0667690262198448,-0.045793455094099,0.0949719026684761,-0.086507260799408,0.0528628006577492,0.310391068458557,0.118294730782509,-0.0815376192331314,0.248366609215736,0.353254973888397,0.204403936862946,-0.119536094367504,-0.000459581584436819,-0.0178307443857193,0.0437624864280224,0.164369910955429,-0.121661104261875,0.280998438596725,0.0853705778717995,0.166905999183655,0.0436455197632313,0.0683924779295921,0.0724434778094292,0.0209121610969305,-0.00193414359819144,-0.102287791669369
-0.0274605546146631,0.0867351964116096,0.00343064172193408,0.032012015581131,0.0019542679656297,0.108104355633259,0.0331033244729042,0.0269786454737186,0.0716566815972328,0.00685681728646159,0.0705523416399956,-0.0229449532926083,0.0284633655101061,0.0152097847312689,0.0931242853403091,0.0282000433653593,0.0303605385124683,0.0589313991367817,0.0538459829986095,0.177475020289421,-0.133397653698921,0,0.0218359641730785,0.346275627613068,0.051372554153204,-0.136328503489494,0.136587247252464,0.254177004098892,0.0416138805449009,0.92465728521347,0.0147488312795758,-0.139642983675003,0.169194832444191,0.361475110054016,-0.0672534257173538,-0.186189517378807,-0.126924008131027,0.887116551399231,0.316683262586594,0.0893977805972099,0.293733596801758,0.281234055757523,0.0870370715856552,-0.0344657003879547,0.107242964208126,0.649143934249878,0.19561767578125,0.0328361503779888,-0.0311869755387306,0.0219503752887249,0.213479563593864,0.245195865631104,0.0955865755677223,0.175125628709793,-0.237544402480125,0.975686192512512,0.0033484916202724,0.391392350196838,-0.0585019886493683,-0.071143627166748,0.172414645552635,0.319106429815292,-0.0114028751850128,0.915509402751923,-0.00306617072783411,-0.180724129080772,0.183447599411011,0.33841410279274,-0.0918974280357361,-0.254261642694473,-0.149408280849457,0.850529551506042,0.365146696567535,0.0892075896263123,0.311774104833603,0.318397670984268,0.0972247794270515,-0.0914796143770218,0.0154384234920144,0.588575005531311,0.171246349811554,0.0711519494652748,-0.0666672214865685,0.0176213998347521,0.174969837069511,0.222216591238976
0.0229459516704082,0.0201849937438965,0.00576526066288352,0.00659137545153499,0.0127540463581681,0.136039406061172,0.077108807861805,-0.000317302532494068,0.0195030383765697,0.0481405518949032,0.0159834288060665,-0.0114754531532526,0.0128184109926224,0.00896813161671162,0.111086711287498,0.0746740475296974,0.0144987525418401,0.0433075055480003,0.0418129749596119,0.050560537725687,0.0687401816248894,0.0218359641730785,0,0.167199447751045,0.114241614937782,0.142056345939636,0.0632971078157425,0.0385823808610439,0.0963909849524498,0.0454507693648338,0.0961431786417961,0.109729558229446,0.101622276008129,0.0337660200893879,0.0644296929240227,0.0387820824980736,0.068173885345459,0.0268300697207451,0.0488425269722939,0.0446081906557083,0.0553859323263168,0.0499187931418419,0.0621481165289879,0.041170172393322,0.0689783468842506,0.0904484465718269,0.107874475419521,0.0625379979610443,0.0315831191837788,0.105183318257332,0.0496793203055859,0.101411931216717,0.0187852997332811,0.0247254185378551,0.0346325822174549,0.00987744331359863,0.0543726719915867,0.138540893793106,0.0760754346847534,0.117103755474091,0.0622240714728832,0.0292898211628199,0.0588618256151676,0.0430494882166386,0.0870685279369354,0.074492521584034,0.0872001051902771,0.0114661548286676,0.0486815087497234,0.012823723256588,0.0412839874625206,0.0176775492727757,0.040776215493679,0.0334799215197563,0.0471895821392536,0.0628776401281357,0.0317810326814651,-0.00781951937824488,0.0454047843813896,0.0766685083508492,0.0797211453318596,0.0360726155340672,0.0198215767741203,0.0509290024638176,0.0289549082517624,0.0892885476350784
-0.0627298429608345,-0.0501828007400036,-0.043932132422924,-0.0227425470948219,-0.0127913784235716,0.228578969836235,0.183963507413864,-0.0070071374066174,0.01206374168396,-0.0835606977343559,-0.0671958699822426,-0.0552099607884884,-0.026118004694581,-0.0220794435590506,0.240323588252068,0.17342934012413,-0.001902777235955,0.0158454179763794,0.272920906543732,0.0320849604904652,0.17638623714447,0.346275627613068,0.167199447751045,0,0.310331165790558,0.346092969179153,0.0893089026212692,0.55157458782196,0.105529248714447,0.530338406562805,0.18351386487484,0.201288893818855,0.339716643095016,0.111621037125587,0.127273589372635,0.0348892994225025,0.0987722501158714,0.30599507689476,0.111488543450832,-0.0455856285989285,0.150588437914848,0.11486579477787,0.0495571866631508,-0.0265493039041758,0.098403662443161,0.507863879203796,0.345604717731476,0.0128847267478704,0.0700583159923553,0.155334502458572,0.12555605173111,0.147750839591026,0.263920664787292,0.0483119785785675,0.0412551276385784,0.318996489048004,0.105251349508762,0.818798780441284,0.187165826559067,0.35549721121788,0.0941458195447922,0.51183408498764,0.0745634883642197,0.527145445346832,0.146626591682434,0.191402435302734,0.359866291284561,0.117952920496464,0.111294165253639,-0.0292276758700609,0.136280491948128,0.232031971216202,0.163820534944534,-0.0337844155728817,0.189588278532028,0.164665415883064,0.045397836714983,-0.0777448117733002,0.0615494400262833,0.5086749792099,0.285366207361221,0.00610389420762658,0.0396930873394012,0.14065870642662,0.100206643342972,0.109110713005066
