0,0.332353323698044,0.259237021207809,0.27923709154129,0.0860575661063194,-0.0168232768774033,-0.0962349623441696,0.060328584164381,0.211611524224281,0.722420394420624,0.423041939735413,0.355221718549728,0.299892723560333,0.118943996727467,-0.00584509829059243,-0.0997672379016876,0.0386303476989269,0.266845256090164,-0.176195815205574,0.231235682964325,0.0353605374693871,0.00234746956266463,0.0240098983049393,-0.0585715621709824,0.0177115313708782,0.13248336315155,0.0777379125356674,0.0323198772966862,0.193630412220955,0.0346294268965721,-0.166539236903191,-0.135338723659515,0.0120833376422524,0.120795607566833,0.0916251540184021,-0.082918256521225,0.00277556502260268,0.149604320526123,0.0689517706632614,0.356687068939209,0.0749018043279648,0.170193031430244,0.0903563499450684,0.348930329084396,0.0170516241341829,0.174412548542023,-0.164239495992661,0.34563609957695,-0.107483476400375,-0.0729185864329338,0.0598942786455154,0.245828583836555,-0.0655747950077057,0.288328379392624,0.421981185674667,-6.13683369010687e-05,0.04310118034482,-0.0734670013189316,0.359852701425552,0.25318568944931,0.184700503945351,0.00750376563519239,0.33351057767868,-0.00540865072980523,-0.0379020981490612,0.122133292257786,0.0276875272393227,0.132320284843445,0.410087555646896,0.193758562207222,0.318254083395004,0.163286149501801,0.0725664719939232,0.452039927244186,0.176235854625702,0.311115115880966,0.177199065685272,0.60144031047821,0.39805269241333,0.205146625638008,-0.120246954262257,0.544518709182739,0.00385423516854644,-0.0889596045017242,0.0658783540129662,0.298347294330597
0.332353323698044,0,0.246151804924011,0.272680073976517,0.11005836725235,0.0141904260963202,-0.0781985595822334,0.0721099302172661,0.228968814015388,0.356948107481003,0.500601768493652,0.263687670230865,0.259596347808838,0.103324867784977,-0.00380417075939476,-0.0953744575381279,0.0564994104206562,0.209609106183052,-0.112071946263313,0.266724020242691,0.0429226607084274,0.108920142054558,0.0223782304674387,-0.0401456542313099,0.0510146655142307,0.055982418358326,0.13887345790863,0.0961606353521347,0.153098240494728,0.153260618448257,-0.0324157141149044,-0.10208560526371,0.0226090736687183,0.170738354325294,0.117579273879528,-0.0819566622376442,0.0049595502205193,0.248262465000153,0.147753015160561,0.331570893526077,0.127899318933487,0.193695411086082,0.167224362492561,0.210357338190079,0.170330598950386,0.140162453055382,-0.0900218337774277,0.237446263432503,-0.0473942421376705,-0.0588211230933666,0.186534076929092,0.299633055925369,-0.12558251619339,0.266428142786026,0.0521209686994553,0.105679541826248,0.0218919515609741,-0.0613781325519085,0.0542611703276634,0.0027803445700556,0.125923857092857,0.0838480070233345,0.131710916757584,0.111103042960167,-0.0161823593080044,-0.0900180041790009,-0.0107891168445349,0.107001334428787,0.161620244383812,-0.0507168173789978,0.0726473182439804,0.278826624155045,0.100569829344749,0.316018342971802,0.106360949575901,0.184489443898201,0.154007345438004,0.171148031949997,0.157572016119957,0.080596499145031,-0.105016268789768,0.22222401201725,-0.0464510433375835,-0.0696110278367996,0.162721425294876,0.277344286441803
0.259237021207809,0.246151804924011,0,0.39117893576622,0.0999365821480751,0.031889621168375,-0.016334468498826,0.142855942249298,0.149089008569717,0.282432466745377,0.268049865961075,0.583983659744263,0.38007327914238,0.0707637369632721,0.028415322303772,-0.0354310609400272,0.114532172679901,0.151094496250153,-0.0310255959630013,0.196828588843346,0.107684008777142,0.0175059996545315,0.00609807204455137,-0.0334855765104294,0.00904787238687277,0.0482007376849651,0.0697987377643585,0.0215865913778543,0.195241659879684,0.0440463125705719,-0.00721255270764232,-0.0759398341178894,-0.0182434264570475,0.0466783605515957,0.229165524244308,-0.0226596277207136,0.137187257409096,0.105215407907963,0.00673468643799424,0.188898235559464,0.0762595608830452,0.0802538022398949,0.170064553618431,0.244318023324013,0.195357352495193,0.0649988502264023,-0.0589670278131962,0.173552975058556,-0.0499468892812729,-0.0543027594685555,0.0734064355492592,0.19126532971859,-0.0288223009556532,0.17341385781765,0.0936363935470581,0.00103412533644587,0.0367078185081482,-0.0517478249967098,0.0103078559041023,0.0259993672370911,0.0545735619962215,0.0244330484420061,0.158645883202553,0.0117142852395773,-0.00404473440721631,-0.0848864242434502,-0.0101820006966591,0.02312221378088,0.191777884960175,-0.036728922277689,0.138927191495895,0.112695105373859,-0.0101706041023135,0.184313863515854,0.0841842442750931,0.0668817088007927,0.117710940539837,0.15604555606842,0.142185240983963,0.0224677156656981,-0.0602501519024372,0.171232238411903,-0.0613414756953716,-0.0517195388674736,0.081066906452179,0.178198009729385
0.27923709154129,0.272680073976517,0.39117893576622,0,0.189058065414429,0.0103998696431518,-0.00335737178102136,0.0999193713068962,0.138976126909256,0.258258283138275,0.279382288455963,0.378063440322876,0.652138710021973,0.127018392086029,0.00512724090367556,-0.0156988706439734,0.0963218659162521,0.146027907729149,-0.0510505326092243,0.289824396371841,-0.0427438504993916,0.0363503135740757,0.00641743699088693,-0.0132439583539963,-0.117767170071602,0.0177254993468523,-0.00222458364441991,0.0397180430591106,0.137940034270287,0.0540869124233723,-0.0365062169730663,-0.166224792599678,-0.0181180592626333,0.190667107701302,0.173602238297462,-0.112958617508411,0.0556536763906479,0.12739534676075,0.202093169093132,0.191052600741386,0.291619926691055,0.0217771660536528,0.11998488754034,0.143775060772896,0.163841858506203,0.120762720704079,0.000685810926370323,0.249751687049866,-0.067282110452652,-0.022272739559412,0.141041174530983,0.357979744672775,-0.0159139968454838,0.281485050916672,0.00566933769732714,0.0369166769087315,0.0190121084451675,-0.0319780334830284,-0.0679813250899315,-0.0159207098186016,0.00473366444930434,0.0434692390263081,0.145011141896248,0.0359349027276039,-0.0364893488585949,-0.142346933484077,0.00821578036993742,0.15134634077549,0.261475145816803,-0.077576644718647,0.150658711791039,0.144874304533005,0.136737763881683,0.238876894116402,0.27490371465683,0.0567872896790504,0.12376469373703,0.164304345846176,0.173194780945778,0.103162221610546,-0.0186963006854057,0.307125240564346,-0.0619687251746655,-0.0533302910625935,0.131513208150864,0.349305897951126
0.0860575661063194,0.11005836725235,0.0999365821480751,0.189058065414429,0,-0.00655000610277057,-0.0193444862961769,0.0190491415560246,0.054318506270647,0.0946633815765381,0.10871884226799,0.109858140349388,0.166700944304466,0.0467117391526699,-0.0102324867621064,-0.0342077650129795,0.015836663544178,0.0585343651473522,-0.0221460834145546,0.104469783604145,-0.00407735025510192,0.00568497786298394,0.0134034473448992,-0.0111731830984354,-0.0283940453082323,0.00446775928139687,-0.0108819780871272,-0.00623652432113886,0.0693765208125114,0.00932812970131636,-0.0334268286824226,-0.0412933491170406,-0.0108958557248116,0.0216717887669802,0.070963516831398,-0.00468720123171806,0.0463478341698647,0.0558310858905315,0.0769330486655235,0.0879158154129982,0.0909199789166451,0.00703662866726518,0.0510787777602673,0.0704772174358368,0.0628511011600494,0.0190671887248755,0.00842012465000153,0.109427660703659,-0.0321823954582214,-0.0247128196060658,0.0677603036165237,0.14691624045372,-0.011951245367527,0.111679866909981,-0.0172922685742378,-0.00083527184324339,-0.0127705503255129,-0.0314576923847198,-0.0407744459807873,-0.00916487723588943,-0.0130012258887291,9.97474417090416e-05,0.0628752037882805,-0.00190676981583238,-0.0295605976134539,-0.0520513504743576,-0.0179404132068157,0.0254945252090693,0.0904413983225822,-0.0161109417676926,0.0644401088356972,0.0540235377848148,0.0596399307250977,0.0786495730280876,0.0823235362768173,-0.00431053945794702,0.0228054467588663,0.0439205318689346,0.0469065383076668,-0.000699434312991798,-0.0101043730974197,0.106392413377762,-0.0397641770541668,-0.0244400482624769,0.0467260330915451,0.13175331056118
-0.0168232768774033,0.0141904260963202,0.031889621168375,0.0103998696431518,-0.00655000610277057,0,0.177847623825073,0.0227688923478127,0.0872206538915634,0.0621535331010818,-0.00200579781085253,0.0193943865597248,0.00136480678338557,-0.0185797344893217,0.443710833787918,0.177351295948029,0.0431493259966373,0.0693245008587837,0.0733701512217522,0.050517063587904,0.138813734054565,0.107257455587387,0.136834248900414,0.231483787298203,0.250769138336182,0.131282120943069,0.348314762115479,0.131375104188919,0.0784480795264244,0.134019568562508,0.306130737066269,0.215733423829079,0.274198561906815,0.0872498452663422,-0.039892241358757,0.0196175239980221,-0.0220985636115074,0.0941161140799522,0.103540800511837,0.109857939183712,0.0664033144712448,0.273580193519592,0.234491884708405,-0.00724297389388084,0.178232833743095,0.0954286456108093,0.220925971865654,-0.0710314363241196,0.0557472556829453,0.152986943721771,0.108241900801659,0.0827447772026062,0.0318872071802616,0.0278453938663006,-0.0190043523907661,0.0865249037742615,0.0870682820677757,0.220677882432938,0.114783845841885,0.0916358456015587,0.294937193393707,0.140055060386658,-0.000294873490929604,0.118955887854099,0.281767129898071,0.118279911577702,0.237665444612503,0.0821235328912735,-0.134678617119789,-0.0713721662759781,-0.107252687215805,0.0697331875562668,0.107153460383415,0.0384656526148319,0.0669696256518364,0.219181403517723,0.153280571103096,-0.108321569859982,0.0486902706325054,0.0596389435231686,0.187709346413612,-0.108414806425571,0.0425985679030418,0.128476247191429,0.0958877131342888,0.0492016337811947
-0.0962349623441696,-0.0781985595822334,-0.016334468498826,-0.00335737178102136,-0.0193444862961769,0.177847623825073,0,-0.00775643717497587,-0.00277462252415717,-0.0333936996757984,-0.10029810667038,-0.041762076318264,-0.0249918960034847,-0.0234763976186514,0.18641197681427,0.256703644990921,-0.00793288368731737,-0.0256624314934015,0.166358232498169,-0.027597451582551,0.0563594251871109,0.0290246661752462,0.0798067674040794,0.190522417426109,0.0768248960375786,0.136894375085831,0.00866977218538523,0.0734182968735695,0.0132648544386029,0.0434270948171616,0.176998436450958,0.178462341427803,0.0741865262389183,0.0305294413119555,0.0236978568136692,0.075966015458107,0.0785201266407967,-0.0104152215644717,0.0606115460395813,-0.117575377225876,0.0743028074502945,-0.0279410220682621,0.00581681355834007,-0.127847671508789,0.0638125836849213,0.0383910425007343,0.236704498529434,-0.0628418251872063,0.0468641445040703,0.136764913797379,0.00931720621883869,0.0352077037096024,0.0997776091098785,-0.0503785274922848,-0.0757721737027168,0.0203254986554384,0.0314857624471188,0.168256521224976,-0.0381313189864159,0.0809050500392914,-0.0216687377542257,0.0647652521729469,-0.0331733636558056,0.0383187495172024,0.0964374765753746,0.0831955820322037,0.0588874071836472,0.0314176864922047,-0.0668711215257645,-0.0281970426440239,-0.0346220657229424,-0.0292870532721281,0.0638524293899536,-0.141325458884239,0.0738610625267029,-0.0521059446036816,-0.0211420208215714,-0.194198340177536,-0.0332621894776821,0.0437918975949287,0.191110774874687,-0.127253338694572,0.020385529845953,0.1148971170187,-0.000357216194970533,-0.00677188951522112
0.060328584164381,0.0721099302172661,0.142855942249298,0.0999193713068962,0.0190491415560246,0.0227688923478127,-0.00775643717497587,0,0.0498225949704647,0.036570817232132,0.0725572034716606,0.129387751221657,0.098754808306694,0.0122233480215073,0.0336280502378941,-0.000212607905268669,0.106481768190861,0.0633752569556236,-0.0277019944041967,0.0849183723330498,-0.0627145916223526,0.0277378987520933,-0.000108306296169758,-0.00271483114920557,-0.0443090088665485,-0.0200454741716385,0.0535556748509407,0.02527123875916,0.0223645642399788,0.0204701889306307,0.0647762194275856,-0.0571377240121365,0.0281162690371275,0.0494020394980907,-0.0270394068211317,-0.0866554901003838,-0.0745933353900909,0.0532148070633411,0.0244329608976841,0.0645470768213272,0.0171697083860636,0.0474104583263397,0.116771250963211,-0.00836194586008787,0.00739004323258996,0.0131611293181777,0.0123082017526031,0.000933993316721171,-0.00554834492504597,0.00189520244020969,0.0460297577083111,0.0874427631497383,-0.0182430054992437,0.0765240490436554,-0.0374822020530701,0.0308979712426662,-0.00379477115347981,0.0030829650349915,-0.0195768196135759,0.0082702524960041,0.0727087333798409,0.0399161614477634,0.0299196615815163,0.0114774079993367,0.0611703060567379,-0.0415640473365784,0.0109616871923208,0.0441691838204861,0.000328280264511704,-0.0849447920918465,-0.0157334804534912,0.0582271441817284,0.0165589582175016,0.0755156874656677,0.0354337394237518,0.058947317302227,0.0996825695037842,0.0182136744260788,0.0273900758475065,0.0169990733265877,0.0146101973950863,0.0571171715855598,-0.0144675821065903,-0.000785833050031215,0.0530492775142193,0.0880036577582359
0.211611524224281,0.228968814015388,0.149089008569717,0.138976126909256,0.054318506270647,0.0872206538915634,-0.00277462252415717,0.0498225949704647,0,0.231477633118629,0.236851617693901,0.132098317146301,0.137420296669006,0.0524367690086365,0.0754727050662041,-0.0220799408853054,0.0448563061654568,0.19632425904274,-0.0466726906597614,0.168902099132538,0.00688426475971937,0.0819911435246468,0.0182656105607748,0.0193438716232777,0.0296117514371872,0.0170954987406731,0.129912123084068,0.0320846997201443,0.0819202810525894,0.117202021181583,0.0217167232185602,-0.0476485006511211,0.0666675046086311,0.123253107070923,0.0418766029179096,-0.0641674026846886,-0.0120223388075829,0.189179196953773,0.0962347537279129,0.190049827098846,0.0755812972784042,0.152038559317589,0.14034216105938,0.102538511157036,0.0827950313687325,0.0638637468218803,0.0056656775996089,0.115513354539871,-0.029162185266614,-0.0204436127096415,0.128954157233238,0.194242566823959,-0.0398240089416504,0.176345229148865,0.038466427475214,0.0728809460997581,0.0328885167837143,0.00295730936340988,0.0524035133421421,0.0256341360509396,0.140612840652466,0.0240619294345379,0.0934806317090988,0.102590493857861,0.057183351367712,-0.0134845338761806,0.0423571169376373,0.070068359375,0.089284747838974,-0.0438064076006413,0.0421924293041229,0.194535136222839,0.079776793718338,0.184969037771225,0.0698719024658203,0.171580776572227,0.137154206633568,0.100165158510208,0.115016661584377,0.0311950445175171,0.0027705249376595,0.150325864553452,-0.0385382622480392,-0.00299964775331318,0.126387655735016,0.181035593152046
0.722420394420624,0.356948107481003,0.282432466745377,0.258258283138275,0.0946633815765381,0.0621535331010818,-0.0333936996757984,0.036570817232132,0.231477633118629,0,0.326338976621628,0.27350252866745,0.222311332821846,0.104324176907539,0.0562307126820087,-0.0500545799732208,0.0284013189375401,0.230402395129204,-0.0836147665977478,0.233935832977295,0.252828270196915,0.035320695489645,0.0525761842727661,-0.0678336396813393,0.19931797683239,0.231717631220818,0.152826175093651,-0.0497709698975086,0.212974697351456,0.0459123514592648,-0.00600449601188302,0.0598439238965511,0.0545722283422947,0.199907705187798,0.22476615011692,0.0795194283127785,0.18897545337677,0.161865249276161,0.271150797605515,0.312119722366333,0.273182541131973,0.238752663135529,0.100214332342148,0.452583491802216,0.280101358890533,0.253247022628784,-0.106813535094261,0.376799345016479,-0.02189433388412,-0.000686355750076473,0.0606759265065193,0.244361221790314,-0.150204509496689,0.180862963199615,0.124983809888363,0.0202568769454956,0.0341748148202896,-0.076111227273941,0.105430237948895,0.135497644543648,0.102812349796295,-0.0248934514820576,0.106098607182503,0.0305256210267544,-0.0123086953535676,0.0191120319068432,0.0395203344523907,0.131416320800781,0.14618743956089,0.0169050861150026,0.0609680972993374,0.177421092987061,0.160948768258095,0.266971260309219,0.170726418495178,0.158018723130226,0.0605357326567173,0.217597737908363,0.0924633592367172,0.104189403355122,-0.0855911672115326,0.331071525812149,-0.027354720979929,-0.0502566583454609,0.0712393075227737,0.208431586623192
0.423041939735413,0.500601768493652,0.268049865961075,0.279382288455963,0.10871884226799,-0.00200579781085253,-0.10029810667038,0.0725572034716606,0.236851617693901,0.326338976621628,0,0.324793726205826,0.308087736368179,0.118608631193638,-0.0129534248262644,-0.111802943050861,0.0895757377147675,0.251658827066422,-0.19544780254364,0.296277016401291,-0.0292765330523252,0.0915514528751373,0.0156261008232832,-0.0573257654905319,-0.0107482858002186,-0.0131740979850292,0.136654660105705,0.082829587161541,0.132202088832855,0.137861385941505,-0.0698929950594902,-0.19574111700058,0.0191543810069561,0.126609116792679,0.0324686281383038,-0.162889912724495,-0.0716020688414574,0.258135586977005,0.0736818239092827,0.342717528343201,0.07611133903265,0.196635395288467,0.188761785626411,0.186098784208298,0.072984017431736,0.105634771287441,-0.14256551861763,0.230362594127655,-0.0892624855041504,-0.0832954868674278,0.191615045070648,0.299382090568542,-0.147670537233353,0.318544089794159,0.151370704174042,0.100072391331196,0.0121610648930073,-0.0804879665374756,0.144038572907448,0.011356633156538,0.189959868788719,0.0542007461190224,0.197276577353477,0.0982947424054146,-0.0127862170338631,-0.0646020695567131,0.0151888187974691,0.133190512657166,0.251971572637558,-0.0188880749046803,0.164758563041687,0.291987657546997,0.0608937107026577,0.403806179761887,0.12283443659544,0.268726736307144,0.209537103772163,0.306339412927628,0.265655189752579,0.0910846069455147,-0.126129433512688,0.322887182235718,-0.0353236645460129,-0.10550469905138,0.179619163274765,0.321510255336761
0.355221718549728,0.263687670230865,0.583983659744263,0.378063440322876,0.109858140349388,0.0193943865597248,-0.041762076318264,0.129387751221657,0.132098317146301,0.27350252866745,0.324793726205826,0,0.404505014419556,0.0917336046695709,0.0202713403850794,-0.0337317697703838,0.144249364733696,0.152136579155922,-0.0780393406748772,0.201853409409523,0.0441938675940037,-0.00689976615831256,-0.0113018918782473,-0.0443285703659058,-0.0305826906114817,0.025308895856142,0.0669361427426338,0.0360589325428009,0.185890302062035,0.0303257275372744,-0.0542409084737301,-0.149765387177467,-0.0215138830244541,0.031374167650938,0.189626350998878,-0.0639249682426453,0.104648351669312,0.109730809926987,0.00978982821106911,0.210494622588158,0.0657597482204437,0.0532839186489582,0.165838122367859,0.216377735137939,0.10166722536087,0.0858068391680717,-0.0806121751666069,0.175609394907951,-0.0887124687433243,-0.0758219808340073,0.0771846324205399,0.200256705284119,-0.028900895267725,0.238841369748116,0.169961676001549,-0.0295279361307621,0.0260332766920328,-0.060898419469595,0.0691980645060539,0.0587064139544964,0.0762722194194794,0.0139445923268795,0.234699890017509,-0.00289819086901844,-0.00471258675679564,-0.0620387122035027,0.0136297736316919,0.0388316288590431,0.279809027910233,0.0369527079164982,0.231500297784805,0.118256166577339,-0.0375530980527401,0.256466209888458,0.0810694098472595,0.107305981218815,0.181565389037132,0.274268537759781,0.216836124658585,0.0520510338246822,-0.0778868198394775,0.243160769343376,-0.0564032308757305,-0.0582678243517876,0.0665714144706726,0.222540006041527
0.299892723560333,0.259596347808838,0.38007327914238,0.652138710021973,0.166700944304466,0.00136480678338557,-0.0249918960034847,0.098754808306694,0.137420296669006,0.222311332821846,0.308087736368179,0.404505014419556,0,0.146674543619156,0.00793430861085653,-0.00663760816678405,0.11637169867754,0.156645312905312,-0.0547064617276192,0.258862525224686,-0.0476634092628956,0.0329901091754436,0.013532655313611,-0.014106479473412,-0.11818141490221,0.00750527391210198,-0.0154642891138792,0.0679879263043404,0.133028566837311,0.0542110465466976,-0.077441893517971,-0.173699960112572,-0.0219734199345112,0.163496851921082,0.151630416512489,-0.126008421182632,0.0457492247223854,0.135926112532616,0.128316074609756,0.196109890937805,0.231285288929939,0.00586426444351673,0.103002034127712,0.12351256608963,0.122811637818813,0.107092007994652,-0.0234990455210209,0.23110656440258,-0.0837567299604416,-0.0490820109844208,0.136460229754448,0.327692478895187,0.00768457865342498,0.287752598524094,0.0249757301062346,0.025314349681139,0.0205377992242575,-0.0124593265354633,-0.0517427437007427,0.0327006466686726,-0.00471890298649669,0.0577579773962498,0.183577924966812,0.0331340059638023,-0.0510369837284088,-0.126645430922508,-0.000753716449253261,0.158628299832344,0.297068208456039,-0.0578298643231392,0.192080065608025,0.150939971208572,0.135840222239494,0.241003483533859,0.297957450151443,0.0581523664295673,0.121115855872631,0.187414154410362,0.187177866697311,0.105427928268909,0.0073723834939301,0.324786603450775,-0.0857178121805191,-0.0454895086586475,0.128134176135063,0.379949957132339
0.118943996727467,0.103324867784977,0.0707637369632721,0.127018392086029,0.0467117391526699,-0.0185797344893217,-0.0234763976186514,0.0122233480215073,0.0524367690086365,0.104324176907539,0.118608631193638,0.0917336046695709,0.146674543619156,0,-0.00968208257108927,-0.0296599678695202,0.00541505496948957,0.0931852087378502,-0.0281060207635164,0.129492893815041,-0.0438434779644012,0.0222407933324575,0.0121895223855972,-0.0194177981466055,-0.0364496298134327,-0.0204303208738565,0.013483845628798,-0.0067033264786005,0.0318851657211781,0.0291665382683277,-0.0356980338692665,-0.0633528381586075,-0.000873541226610541,0.0608079843223095,0.0279022436589003,-0.0508384332060814,-0.00986625161021948,0.0716514736413956,0.0694885030388832,0.0888106822967529,0.0707438141107559,0.0379002168774605,0.0556852370500565,0.0406509973108768,0.0526816844940186,0.0208208318799734,-0.00963022839277983,0.0864696800708771,-0.0452936328947544,-0.0151649340987206,0.0835277140140533,0.128015950322151,-0.0208183582872152,0.110561802983284,0.00384957855567336,0.0231447126716375,0.00579380383715034,-0.0188403595238924,-0.00946760550141335,-0.00873417500406504,0.0261087324470282,-0.0106465881690383,0.0360820330679417,0.0297042597085238,-0.0162222664803267,-0.0347956754267216,-0.00719937449321151,0.0717527940869331,0.081752173602581,-0.0364677421748638,0.06153504550457,0.0837450250983238,0.0744004920125008,0.0933796986937523,0.0924049839377403,0.0510216690599918,0.0718817412853241,0.0664716213941574,0.0975002646446228,0.00944851897656918,-0.00926156993955374,0.125281259417534,-0.0232959687709808,-0.0281959529966116,0.0669671148061752,0.140223935246468
-0.00584509829059243,-0.00380417075939476,0.028415322303772,0.00512724090367556,-0.0102324867621064,0.443710833787918,0.18641197681427,0.0336280502378941,0.0754727050662041,0.0562307126820087,-0.0129534248262644,0.0202713403850794,0.00793430861085653,-0.00968208257108927,0,0.223180428147316,0.0374523177742958,0.0682607591152191,0.0649196580052376,0.0462446659803391,0.132421806454659,0.0942761823534966,0.109663404524326,0.241600811481476,0.237524315714836,0.136658653616905,0.328698843717575,0.124754995107651,0.0823913514614105,0.114509880542755,0.307619273662567,0.18025267124176,0.273599833250046,0.0913748890161514,-0.0313600078225136,-0.010787951759994,-0.0394350811839104,0.0741276070475578,0.0858070477843285,0.0919910743832588,0.0691531747579575,0.262518018484116,0.234011843800545,-0.01954460516572,0.164412185549736,0.0954149216413498,0.217074945569038,-0.0793337598443031,0.0423813946545124,0.131292387843132,0.0919528603553772,0.0834475383162498,0.046902809292078,0.0426072366535664,0.0378766804933548,0.0818115249276161,0.105474397540092,0.237547308206558,0.153299227356911,0.135948315262794,0.308020144701004,0.117958702147007,0.0420906990766525,0.106395967304707,0.269398272037506,0.140160799026489,0.283056139945984,0.0820175185799599,-0.0967594683170319,-0.0677651464939117,-0.0800074711441994,0.0617053471505642,0.114640854299068,0.0632464662194252,0.0697496831417084,0.244924932718277,0.168973922729492,-0.0752794966101646,0.0736206769943237,0.0880516469478607,0.210421115159988,-0.0792665556073189,0.019959719851613,0.142587020993233,0.0965318530797958,0.0785500705242157
-0.0997672379016876,-0.0953744575381279,-0.0354310609400272,-0.0156988706439734,-0.0342077650129795,0.177351295948029,0.256703644990921,-0.000212607905268669,-0.0220799408853054,-0.0500545799732208,-0.111802943050861,-0.0337317697703838,-0.00663760816678405,-0.0296599678695202,0.223180428147316,0,0.0149278743192554,-0.00346290064044297,0.127895846962929,-0.0317166931927204,0.0567393451929092,0.0200917478650808,0.0788823589682579,0.176791146397591,0.0634870231151581,0.131020188331604,-0.00323052331805229,0.0229226853698492,0.0158907361328602,0.0260475184768438,0.142770737409592,0.135125696659088,0.0922298729419708,0.0319470539689064,0.00848262943327427,0.0446535646915436,0.0559715405106544,-0.0596215426921844,0.0461585335433483,-0.107331305742264,0.0766044929623604,-0.0206641927361488,0.00313994847238064,-0.102015763521194,0.0479010790586472,0.0417315997183323,0.19813559949398,-0.0623835250735283,0.0457224622368813,0.107015267014503,0.0046849437057972,0.0259292665868998,0.109677590429783,-0.0408744104206562,-0.0216739233583212,0.00813430268317461,0.0446178540587425,0.188002869486809,-0.000691071036271751,0.133213490247726,-0.0203155614435673,0.0234122704714537,-0.00821866001933813,0.0213493891060352,0.102822192013264,0.0889857187867165,0.102203384041786,0.0363955199718475,-0.0262042824178934,-0.0120519930496812,0.00827822554856539,-0.0703144520521164,0.0639433860778809,-0.131182700395584,0.0816182866692543,-0.0417701229453087,-0.0311984736472368,-0.139988675713539,-0.0214819926768541,0.0486582107841969,0.206930965185165,-0.085259236395359,0.022952850908041,0.136030316352844,-0.00524634076282382,0.0184675771743059
0.0386303476989269,0.0564994104206562,0.114532172679901,0.0963218659162521,0.015836663544178,0.0431493259966373,-0.00793288368731737,0.106481768190861,0.0448563061654568,0.0284013189375401,0.0895757377147675,0.144249364733696,0.11637169867754,0.00541505496948957,0.0374523177742958,0.0149278743192554,0,0.0663933902978897,-0.0192031264305115,0.0853511840105057,-0.0537160634994507,0.0304762087762356,0.0152492513880134,0.00126260542310774,-0.024127583950758,-0.0327402614057064,0.0762213245034218,0.0377792604267597,0.0118214497342706,0.0335286296904087,0.049188919365406,-0.0693257972598076,0.00958060007542372,0.0319657437503338,-0.0223721005022526,-0.0831681713461876,-0.0661350712180138,0.0455915778875351,0.0111669301986694,0.0587047301232815,0.00215009832754731,0.0686992630362511,0.122102402150631,-0.0204868782311678,0.0213904194533825,0.00491772638633847,0.020605705678463,-0.0293762926012278,-0.0115997092798352,-0.0139515623450279,0.0431118607521057,0.0642692670226097,-0.00996744260191917,0.0772981271147728,-0.0454864166676998,0.0281147379428148,0.00263724802061915,0.020440386608243,-0.0257864240556955,-0.0163118969649076,0.067310519516468,0.034313790500164,0.0189992655068636,0.0220205578953028,0.0457063727080822,-0.0389082655310631,0.0244626067578793,0.0347085222601891,-0.0154776275157928,-0.10761670768261,-0.0319540798664093,0.0474546737968922,0.00292465602979064,0.0640214011073112,0.00784812681376934,0.0641400814056396,0.113754160702229,0.0112211648374796,0.0117795309051871,0.00682553090155125,0.0255913753062487,0.0178665332496166,-0.017095074057579,-0.00120104977395386,0.0451578125357628,0.0667123198509216
0.266845256090164,0.209609106183052,0.151094496250153,0.146027907729149,0.0585343651473522,0.0693245008587837,-0.0256624314934015,0.0633752569556236,0.19632425904274,0.230402395129204,0.251658827066422,0.152136579155922,0.156645312905312,0.0931852087378502,0.0682607591152191,-0.00346290064044297,0.0663933902978897,0,-0.0622463747859001,0.167484849691391,0.0284827928990126,0.067092165350914,0.0437769591808319,0.019454313442111,0.047351136803627,0.0311105512082577,0.120860978960991,0.0294451210647821,0.0939120203256607,0.109517723321915,0.0160963553935289,-0.0298348944634199,0.0737853497266769,0.0884455144405365,0.0296315625309944,-0.0621350780129433,-0.00772737991064787,0.181561291217804,0.0813237503170967,0.184564828872681,0.0676950141787529,0.155039474368095,0.14238615334034,0.104335822165012,0.0822676345705986,0.0633539035916328,0.0199944414198399,0.129804998636246,-0.0384870916604996,0.0244510490447283,0.18164749443531,0.197063401341438,-0.0107904206961393,0.188066586852074,0.0957037657499313,0.0776157304644585,0.0266172923147678,0.0206094775348902,0.101236887276173,0.0427156127989292,0.143018543720245,0.0306867174804211,0.118429884314537,0.0989143326878548,0.0667433440685272,0.0178158916532993,0.0639999136328697,0.110056675970554,0.12239782512188,0.00467523792758584,0.0904509797692299,0.195950910449028,0.0802820101380348,0.201983422040939,0.0901489704847336,0.191661909222603,0.144343495368958,0.14439569413662,0.159447699785233,0.0603806115686893,0.0286086313426495,0.170274332165718,-0.00128086120821536,0.00302328355610371,0.138781562447548,0.219460755586624
-0.176195815205574,-0.112071946263313,-0.0310255959630013,-0.0510505326092243,-0.0221460834145546,0.0733701512217522,0.166358232498169,-0.0277019944041967,-0.0466726906597614,-0.0836147665977478,-0.19544780254364,-0.0780393406748772,-0.0547064617276192,-0.0281060207635164,0.0649196580052376,0.127895846962929,-0.0192031264305115,-0.0622463747859001,0,-0.025972243398428,0.235710456967354,0.0370157659053802,0.041450772434473,0.268860995769501,0.203218430280685,0.261211365461349,-0.171295195817947,0.0886282622814178,0.0768830925226212,0.0668714195489883,0.0216394029557705,0.554268956184387,-0.0123319709673524,0.00935845728963614,0.491311311721802,0.231053188443184,0.562040388584137,-0.0509587451815605,0.0911377295851707,-0.107465095818043,0.182777225971222,-0.0777887180447578,-0.131527498364449,0.00704067293554544,0.177737414836884,0.0847011059522629,0.739682495594025,0.219227805733681,0.103029981255531,0.16282445192337,0.154512450098991,0.132637217640877,0.674869179725647,-0.0522422976791859,0.0130936885252595,0.0210979767143726,0.0210181772708893,0.228850126266479,0.0130011299625039,0.192107349634171,-0.204033717513084,0.0903596132993698,0.00170693849213421,0.0608544908463955,-0.0558985583484173,0.305668890476227,0.0231731086969376,0.0261862222105265,0.19512277841568,0.149969354271889,0.241382271051407,-0.0789031758904457,0.136282667517662,-0.169664695858955,0.135316729545593,-0.151730760931969,-0.119067996740341,-0.113044202327728,0.00957898609340191,0.0654255896806717,0.62704074382782,0.0346323177218437,0.0426891706883907,0.170044332742691,0.166090250015259,0.0929565504193306
0.231235682964325,0.266724020242691,0.196828588843346,0.289824396371841,0.104469783604145,0.050517063587904,-0.027597451582551,0.0849183723330498,0.168902099132538,0.233935832977295,0.296277016401291,0.201853409409523,0.258862525224686,0.129492893815041,0.0462446659803391,-0.0317166931927204,0.0853511840105057,0.167484849691391,-0.025972243398428,0,-0.107050642371178,0.183542519807816,0.051821768283844,0.0461080297827721,-0.122369848191738,0.00339807057753205,0.0101917926222086,0.0444967858493328,0.206320971250534,0.211739882826805,-0.0988076329231262,-0.259066641330719,0.0186222624033689,0.398474425077438,0.201933965086937,-0.239611923694611,0.0195178929716349,0.286941468715668,0.346802622079849,0.406616985797882,0.408010721206665,0.10012336820364,0.28033173084259,0.247231885790825,0.343991160392761,0.288782387971878,0.0832332372665405,0.39442053437233,-0.118402518332005,-0.0426132269203663,0.305452406406403,0.578802466392517,0.0229512695223093,0.590793788433075,-0.103728972375393,0.195381551980972,0.0124984420835972,0.0343994237482548,-0.114310935139656,0.0197259876877069,0.0477450601756573,0.0529647581279278,0.181361511349678,0.186228722333908,-0.0524649135768414,-0.235989913344383,0.0372443236410618,0.374478042125702,0.298879861831665,-0.246543601155281,0.109461769461632,0.283977210521698,0.304697960615158,0.438137799501419,0.396564692258835,0.160903334617615,0.275453239679337,0.222193941473961,0.290015012025833,0.237370789051056,0.0736109986901283,0.466759651899338,-0.145003646612167,-0.0763940662145615,0.247688695788383,0.559841394424438
0.0353605374693871,0.0429226607084274,0.107684008777142,-0.0427438504993916,-0.00407735025510192,0.138813734054565,0.0563594251871109,-0.0627145916223526,0.00688426475971937,0.252828270196915,-0.0292765330523252,0.0441938675940037,-0.0476634092628956,-0.0438434779644012,0.132421806454659,0.0567393451929092,-0.0537160634994507,0.0284827928990126,0.235710456967354,-0.107050642371178,0,-0.126503527164459,0.069072812795639,0.184554323554039,0.722868800163269,0.565730512142181,0.194037437438965,-0.0729841217398643,0.292390674352646,-0.0762695148587227,0.123482950031757,0.510468661785126,0.167324110865593,-0.0883089452981949,0.568597316741943,0.462926775217056,0.567387938499451,-0.107212066650391,-0.0127094211056828,0.114928863942623,0.114888422191143,0.304128497838974,-0.0443827547132969,0.710080862045288,0.419542253017426,0.382060647010803,0.0640915334224701,0.435845464468002,0.0129037192091346,0.00926664285361767,-0.0210403446108103,-0.0483804643154144,0.0408318601548672,-0.120608024299145,0.651679039001465,-0.184140920639038,0.0715634897351265,0.117067828774452,0.514644980430603,0.311591625213623,0.0643623918294907,-0.0434656739234924,0.0922441184520721,-0.0777790397405624,0.0611552596092224,0.322168618440628,0.132348984479904,-0.0841571539640427,0.251192688941956,0.344770938158035,0.234137967228889,-0.117127798497677,-0.000367116153938696,-0.0291471071541309,0.0481396354734898,0.148734465241432,-0.120846152305603,0.251392602920532,0.0819612666964531,0.170679569244385,0.0634177774190903,0.0688295811414719,0.0714342445135117,0.0284385308623314,-0.000895647564902902,-0.105836220085621
0.00234746956266463,0.108920142054558,0.0175059996545315,0.0363503135740757,0.00568497786298394,0.107257455587387,0.0290246661752462,0.0277378987520933,0.0819911435246468,0.035320695489645,0.0915514528751373,-0.00689976615831256,0.0329901091754436,0.0222407933324575,0.0942761823534966,0.0200917478650808,0.0304762087762356,0.067092165350914,0.0370157659053802,0.183542519807816,-0.126503527164459,0,0.0214748773723841,0.366237908601761,0.0641687735915184,-0.124997295439243,0.149274677038193,0.236734598875046,0.0448369272053242,0.936298787593842,0.015016914345324,-0.148832082748413,0.165341466665268,0.360672861337662,-0.0786481127142906,-0.202965140342712,-0.141984224319458,0.898544907569885,0.301059931516647,0.100069366395473,0.276143997907639,0.294219583272934,0.0934534147381783,-0.0272724628448486,0.103583574295044,0.684690237045288,0.181976035237312,0.0242889001965523,-0.0297487620264292,0.0196117013692856,0.213919147849083,0.239991739392281,0.0710005685687065,0.189894020557404,-0.227725893259048,0.979688346385956,0.0042165843769908,0.407023072242737,-0.0361742936074734,-0.0595671012997627,0.183814600110054,0.31353971362114,0.0069594201631844,0.929941117763519,-0.00379285821691155,-0.189263269305229,0.185393080115318,0.328402817249298,-0.0978598892688751,-0.259630590677261,-0.159424901008606,0.865910589694977,0.353601455688477,0.107201524078846,0.299163907766342,0.349968522787094,0.103420063853264,-0.0798612162470818,0.0115297334268689,0.621608257293701,0.156360477209091,0.0666981115937233,-0.0611520558595657,0.0169642958790064,0.177919164299965,0.222974866628647
0.0240098983049393,0.0223782304674387,0.00609807204455137,0.00641743699088693,0.0134034473448992,0.136834248900414,0.0798067674040794,-0.000108306296169758,0.0182656105607748,0.0525761842727661,0.0156261008232832,-0.0113018918782473,0.013532655313611,0.0121895223855972,0.109663404524326,0.0788823589682579,0.0152492513880134,0.0437769591808319,0.041450772434473,0.051821768283844,0.069072812795639,0.0214748773723841,0,0.168194010853767,0.112241648137569,0.150084465742111,0.0609966292977333,0.0389222167432308,0.0887483209371567,0.045512966811657,0.0953187867999077,0.107081405818462,0.0993906557559967,0.0360944680869579,0.0636740773916245,0.0328087881207466,0.0691163018345833,0.0257683712989092,0.0500955134630203,0.0439551323652267,0.0575038120150566,0.0488197132945061,0.064653567969799,0.0378181636333466,0.0660001412034035,0.0964307263493538,0.105922281742096,0.0629408210515976,0.0316901057958603,0.104645580053329,0.0459048748016357,0.0993140339851379,0.0126562993973494,0.02676722407341,0.0311130452901125,0.011286630295217,0.0573741011321545,0.141678750514984,0.0759149342775345,0.120244920253754,0.0583117641508579,0.0293893534690142,0.0535770654678345,0.0430252812802792,0.0829941555857658,0.0679066851735115,0.0867350175976753,0.0114368842914701,0.0455108545720577,0.00644041830673814,0.0383822247385979,0.0171568132936954,0.0418187566101551,0.0310798287391663,0.0484437458217144,0.0615656450390816,0.0322438217699528,-0.010004885494709,0.0374804921448231,0.0800627395510674,0.080284871160984,0.0348098464310169,0.0158245395869017,0.0489984676241875,0.0245352871716022,0.0865841880440712
-0.0585715621709824,-0.0401456542313099,-0.0334855765104294,-0.0132439583539963,-0.0111731830984354,0.231483787298203,0.190522417426109,-0.00271483114920557,0.0193438716232777,-0.0678336396813393,-0.0573257654905319,-0.0443285703659058,-0.014106479473412,-0.0194177981466055,0.241600811481476,0.176791146397591,0.00126260542310774,0.019454313442111,0.268860995769501,0.0461080297827721,0.184554323554039,0.366237908601761,0.168194010853767,0,0.312638372182846,0.352376997470856,0.0918546542525291,0.56403923034668,0.109810158610344,0.546769976615906,0.183889448642731,0.201002985239029,0.328868955373764,0.12573204934597,0.121578961610794,0.0224575344473124,0.0962638035416603,0.319839656352997,0.115808852016926,-0.0372410826385021,0.156389206647873,0.124346159398556,0.058144174516201,-0.0301853120326996,0.107433781027794,0.54130083322525,0.344904094934464,0.00446582585573196,0.0631969422101974,0.157642930746078,0.126066207885742,0.143425300717354,0.244331762194633,0.0573976524174213,0.0355340577661991,0.331168532371521,0.111773833632469,0.827566087245941,0.189090952277184,0.363177806138992,0.0944789797067642,0.527820467948914,0.0731861218810081,0.53641152381897,0.145721614360809,0.172970458865166,0.36112916469574,0.125071048736572,0.102943249046803,-0.0505160093307495,0.123233526945114,0.245839312672615,0.166493281722069,-0.0301789194345474,0.199471354484558,0.174757584929466,0.0520533584058285,-0.0874692648649216,0.0527541860938072,0.541831374168396,0.276551812887192,0.000873172422870994,0.0343098156154156,0.142957746982574,0.0987147986888885,0.105637170374393
