0 0.33235 0.25924 0.27924 0.086058 -0.016823 -0.096235 0.060329 0.21161 0.72242 0.42304 0.35522 0.29989 0.11894 -0.0058451 -0.099767 0.03863 0.26685 -0.1762 0.23124 0.035361 0.0023475 0.02401 -0.058572 0.017712 0.13248 0.077738 0.03232 0.19363 0.034629 -0.16654 -0.13534 0.012083 0.1208 0.091625 -0.082918 0.0027756 0.1496 0.068952 0.35669 0.074902 0.17019 0.090356 0.34893 0.017052 0.17441 -0.16424 0.34564 -0.10748 -0.072919 0.059894 0.24583 -0.065575 0.28833 0.42198 -6.1368e-05 0.043101 -0.073467 0.35985 0.25319 0.1847 0.0075038 0.33351 -0.0054087 -0.037902 0.12213 0.027688 0.13232 0.41009 0.19376 0.31825 0.16329 0.072566 0.45204 0.17624 0.31112 0.1772 0.60144 0.39805 0.20515 -0.12025 0.54452 0.0038542 -0.08896 0.065878 0.29835
0.33235 0 0.24615 0.27268 0.11006 0.01419 -0.078199 0.07211 0.22897 0.35695 0.5006 0.26369 0.2596 0.10332 -0.0038042 -0.095374 0.056499 0.20961 -0.11207 0.26672 0.042923 0.10892 0.022378 -0.040146 0.051015 0.055982 0.13887 0.096161 0.1531 0.15326 -0.032416 -0.10209 0.022609 0.17074 0.11758 -0.081957 0.0049596 0.24826 0.14775 0.33157 0.1279 0.1937 0.16722 0.21036 0.17033 0.14016 -0.090022 0.23745 -0.047394 -0.058821 0.18653 0.29963 -0.12558 0.26643 0.052121 0.10568 0.021892 -0.061378 0.054261 0.0027803 0.12592 0.083848 0.13171 0.1111 -0.016182 -0.090018 -0.010789 0.107 0.16162 -0.050717 0.072647 0.27883 0.10057 0.31602 0.10636 0.18449 0.15401 0.17115 0.15757 0.080596 -0.10502 0.22222 -0.046451 -0.069611 0.16272 0.27734
0.25924 0.24615 0 0.39118 0.099937 0.03189 -0.016334 0.14286 0.14909 0.28243 0.26805 0.58398 0.38007 0.070764 0.028415 -0.035431 0.11453 0.15109 -0.031026 0.19683 0.10768 0.017506 0.0060981 -0.033486 0.0090479 0.048201 0.069799 0.021587 0.19524 0.044046 -0.0072126 -0.07594 -0.018243 0.046678 0.22917 -0.02266 0.13719 0.10522 0.0067347 0.1889 0.07626 0.080254 0.17006 0.24432 0.19536 0.064999 -0.058967 0.17355 -0.049947 -0.054303 0.073406 0.19127 -0.028822 0.17341 0.093636 0.0010341 0.036708 -0.051748 0.010308 0.025999 0.054574 0.024433 0.15865 0.011714 -0.0040447 -0.084886 -0.010182 0.023122 0.19178 -0.036729 0.13893 0.1127 -0.010171 0.18431 0.084184 0.066882 0.11771 0.15605 0.14219 0.022468 -0.06025 0.17123 -0.061341 -0.05172 0.081067 0.1782
0.27924 0.27268 0.39118 0 0.18906 0.0104 -0.0033574 0.099919 0.13898 0.25826 0.27938 0.37806 0.65214 0.12702 0.0051272 -0.015699 0.096322 0.14603 -0.051051 0.28982 -0.042744 0.03635 0.0064174 -0.013244 -0.11777 0.017725 -0.0022246 0.039718 0.13794 0.054087 -0.036506 -0.16622 -0.018118 0.19067 0.1736 -0.11296 0.055654 0.1274 0.20209 0.19105 0.29162 0.021777 0.11998 0.14378 0.16384 0.12076 0.00068581 0.24975 -0.067282 -0.022273 0.14104 0.35798 -0.015914 0.28149 0.0056693 0.036917 0.019012 -0.031978 -0.067981 -0.015921 0.0047337 0.043469 0.14501 0.035935 -0.036489 -0.14235 0.0082158 0.15135 0.26148 -0.077577 0.15066 0.14487 0.13674 0.23888 0.2749 0.056787 0.12376 0.1643 0.17319 0.10316 -0.018696 0.30713 -0.061969 -0.05333 0.13151 0.34931
0.086058 0.11006 0.099937 0.18906 0 -0.00655 -0.019344 0.019049 0.054319 0.094663 0.10872 0.10986 0.1667 0.046712 -0.010232 -0.034208 0.015837 0.058534 -0.022146 0.10447 -0.0040774 0.005685 0.013403 -0.011173 -0.028394 0.0044678 -0.010882 -0.0062365 0.069377 0.0093281 -0.033427 -0.041293 -0.010896 0.021672 0.070964 -0.0046872 0.046348 0.055831 0.076933 0.087916 0.09092 0.0070366 0.051079 0.070477 0.062851 0.019067 0.0084201 0.10943 -0.032182 -0.024713 0.06776 0.14692 -0.011951 0.11168 -0.017292 -0.00083527 -0.012771 -0.031458 -0.040774 -0.0091649 -0.013001 9.9747e-05 0.062875 -0.0019068 -0.029561 -0.052051 -0.01794 0.025495 0.090441 -0.016111 0.06444 0.054024 0.05964 0.07865 0.082324 -0.0043105 0.022805 0.043921 0.046907 -0.00069943 -0.010104 0.10639 -0.039764 -0.02444 0.046726 0.13175
-0.016823 0.01419 0.03189 0.0104 -0.00655 0 0.17785 0.022769 0.087221 0.062154 -0.0020058 0.019394 0.0013648 -0.01858 0.44371 0.17735 0.043149 0.069325 0.07337 0.050517 0.13881 0.10726 0.13683 0.23148 0.25077 0.13128 0.34831 0.13138 0.078448 0.13402 0.30613 0.21573 0.2742 0.08725 -0.039892 0.019618 -0.022099 0.094116 0.10354 0.10986 0.066403 0.27358 0.23449 -0.007243 0.17823 0.095429 0.22093 -0.071031 0.055747 0.15299 0.10824 0.082745 0.031887 0.027845 -0.019004 0.086525 0.087068 0.22068 0.11478 0.091636 0.29494 0.14006 -0.00029487 0.11896 0.28177 0.11828 0.23767 0.082124 -0.13468 -0.071372 -0.10725 0.069733 0.10715 0.038466 0.06697 0.21918 0.15328 -0.10832 0.04869 0.059639 0.18771 -0.10841 0.042599 0.12848 0.095888 0.049202
-0.096235 -0.078199 -0.016334 -0.0033574 -0.019344 0.17785 0 -0.0077564 -0.0027746 -0.033394 -0.1003 -0.041762 -0.024992 -0.023476 0.18641 0.2567 -0.0079329 -0.025662 0.16636 -0.027597 0.056359 0.029025 0.079807 0.19052 0.076825 0.13689 0.0086698 0.073418 0.013265 0.043427 0.177 0.17846 0.074187 0.030529 0.023698 0.075966 0.07852 -0.010415 0.060612 -0.11758 0.074303 -0.027941 0.0058168 -0.12785 0.063813 0.038391 0.2367 -0.062842 0.046864 0.13676 0.0093172 0.035208 0.099778 -0.050379 -0.075772 0.020325 0.031486 0.16826 -0.038131 0.080905 -0.021669 0.064765 -0.033173 0.038319 0.096437 0.083196 0.058887 0.031418 -0.066871 -0.028197 -0.034622 -0.029287 0.063852 -0.14133 0.073861 -0.052106 -0.021142 -0.1942 -0.033262 0.043792 0.19111 -0.12725 0.020386 0.1149 -0.00035722 -0.0067719
0.060329 0.07211 0.14286 0.099919 0.019049 0.022769 -0.0077564 0 0.049823 0.036571 0.072557 0.12939 0.098755 0.012223 0.033628 -0.00021261 0.10648 0.063375 -0.027702 0.084918 -0.062715 0.027738 -0.00010831 -0.0027148 -0.044309 -0.020045 0.053556 0.025271 0.022365 0.02047 0.064776 -0.057138 0.028116 0.049402 -0.027039 -0.086655 -0.074593 0.053215 0.024433 0.064547 0.01717 0.04741 0.11677 -0.0083619 0.00739 0.013161 0.012308 0.00093399 -0.0055483 0.0018952 0.04603 0.087443 -0.018243 0.076524 -0.037482 0.030898 -0.0037948 0.003083 -0.019577 0.0082703 0.072709 0.039916 0.02992 0.011477 0.06117 -0.041564 0.010962 0.044169 0.00032828 -0.084945 -0.015733 0.058227 0.016559 0.075516 0.035434 0.058947 0.099683 0.018214 0.02739 0.016999 0.01461 0.057117 -0.014468 -0.00078583 0.053049 0.088004
0.21161 0.22897 0.14909 0.13898 0.054319 0.087221 -0.0027746 0.049823 0 0.23148 0.23685 0.1321 0.13742 0.052437 0.075473 -0.02208 0.044856 0.19632 -0.046673 0.1689 0.0068843 0.081991 0.018266 0.019344 0.029612 0.017095 0.12991 0.032085 0.08192 0.1172 0.021717 -0.047649 0.066668 0.12325 0.041877 -0.064167 -0.012022 0.18918 0.096235 0.19005 0.075581 0.15204 0.14034 0.10254 0.082795 0.063864 0.0056657 0.11551 -0.029162 -0.020444 0.12895 0.19424 -0.039824 0.17635 0.038466 0.072881 0.032889 0.0029573 0.052404 0.025634 0.14061 0.024062 0.093481 0.10259 0.057183 -0.013485 0.042357 0.070068 0.089285 -0.043806 0.042192 0.19454 0.079777 0.18497 0.069872 0.17158 0.13715 0.10017 0.11502 0.031195 0.0027705 0.15033 -0.038538 -0.0029996 0.12639 0.18104
0.72242 0.35695 0.28243 0.25826 0.094663 0.062154 -0.033394 0.036571 0.23148 0 0.32634 0.2735 0.22231 0.10432 0.056231 -0.050055 0.028401 0.2304 -0.083615 0.23394 0.25283 0.035321 0.052576 -0.067834 0.19932 0.23172 0.15283 -0.049771 0.21297 0.045912 -0.0060045 0.059844 0.054572 0.19991 0.22477 0.079519 0.18898 0.16187 0.27115 0.31212 0.27318 0.23875 0.10021 0.45258 0.2801 0.25325 -0.10681 0.3768 -0.021894 -0.00068636 0.060676 0.24436 -0.1502 0.18086 0.12498 0.020257 0.034175 -0.076111 0.10543 0.1355 0.10281 -0.024893 0.1061 0.030526 -0.012309 0.019112 0.03952 0.13142 0.14619 0.016905 0.060968 0.17742 0.16095 0.26697 0.17073 0.15802 0.060536 0.2176 0.092463 0.10419 -0.085591 0.33107 -0.027355 -0.050257 0.071239 0.20843
0.42304 0.5006 0.26805 0.27938 0.10872 -0.0020058 -0.1003 0.072557 0.23685 0.32634 0 0.32479 0.30809 0.11861 -0.012953 -0.1118 0.089576 0.25166 -0.19545 0.29628 -0.029277 0.091551 0.015626 -0.057326 -0.010748 -0.013174 0.13665 0.08283 0.1322 0.13786 -0.069893 -0.19574 0.019154 0.12661 0.032469 -0.16289 -0.071602 0.25814 0.073682 0.34272 0.076111 0.19664 0.18876 0.1861 0.072984 0.10563 -0.14257 0.23036 -0.089262 -0.083295 0.19162 0.29938 -0.14767 0.31854 0.15137 0.10007 0.012161 -0.080488 0.14404 0.011357 0.18996 0.054201 0.19728 0.098295 -0.012786 -0.064602 0.015189 0.13319 0.25197 -0.018888 0.16476 0.29199 0.060894 0.40381 0.12283 0.26873 0.20954 0.30634 0.26566 0.091085 -0.12613 0.32289 -0.035324 -0.1055 0.17962 0.32151
0.35522 0.26369 0.58398 0.37806 0.10986 0.019394 -0.041762 0.12939 0.1321 0.2735 0.32479 0 0.40451 0.091734 0.020271 -0.033732 0.14425 0.15214 -0.078039 0.20185 0.044194 -0.0068998 -0.011302 -0.044329 -0.030583 0.025309 0.066936 0.036059 0.18589 0.030326 -0.054241 -0.14977 -0.021514 0.031374 0.18963 -0.063925 0.10465 0.10973 0.0097898 0.21049 0.06576 0.053284 0.16584 0.21638 0.10167 0.085807 -0.080612 0.17561 -0.088712 -0.075822 0.077185 0.20026 -0.028901 0.23884 0.16996 -0.029528 0.026033 -0.060898 0.069198 0.058706 0.076272 0.013945 0.2347 -0.0028982 -0.0047126 -0.062039 0.01363 0.038832 0.27981 0.036953 0.2315 0.11826 -0.037553 0.25647 0.081069 0.10731 0.18157 0.27427 0.21684 0.052051 -0.077887 0.24316 -0.056403 -0.058268 0.066571 0.22254
0.29989 0.2596 0.38007 0.65214 0.1667 0.0013648 -0.024992 0.098755 0.13742 0.22231 0.30809 0.40451 0 0.14667 0.0079343 -0.0066376 0.11637 0.15665 -0.054706 0.25886 -0.047663 0.03299 0.013533 -0.014106 -0.11818 0.0075053 -0.015464 0.067988 0.13303 0.054211 -0.077442 -0.1737 -0.021973 0.1635 0.15163 -0.12601 0.045749 0.13593 0.12832 0.19611 0.23129 0.0058643 0.103 0.12351 0.12281 0.10709 -0.023499 0.23111 -0.083757 -0.049082 0.13646 0.32769 0.0076846 0.28775 0.024976 0.025314 0.020538 -0.012459 -0.051743 0.032701 -0.0047189 0.057758 0.18358 0.033134 -0.051037 -0.12665 -0.00075372 0.15863 0.29707 -0.05783 0.19208 0.15094 0.13584 0.241 0.29796 0.058152 0.12112 0.18741 0.18718 0.10543 0.0073724 0.32479 -0.085718 -0.04549 0.12813 0.37995
0.11894 0.10332 0.070764 0.12702 0.046712 -0.01858 -0.023476 0.012223 0.052437 0.10432 0.11861 0.091734 0.14667 0 -0.0096821 -0.02966 0.0054151 0.093185 -0.028106 0.12949 -0.043843 0.022241 0.01219 -0.019418 -0.03645 -0.02043 0.013484 -0.0067033 0.031885 0.029167 -0.035698 -0.063353 -0.00087354 0.060808 0.027902 -0.050838 -0.0098663 0.071651 0.069489 0.088811 0.070744 0.0379 0.055685 0.040651 0.052682 0.020821 -0.0096302 0.08647 -0.045294 -0.015165 0.083528 0.12802 -0.020818 0.11056 0.0038496 0.023145 0.0057938 -0.01884 -0.0094676 -0.0087342 0.026109 -0.010647 0.036082 0.029704 -0.016222 -0.034796 -0.0071994 0.071753 0.081752 -0.036468 0.061535 0.083745 0.0744 0.09338 0.092405 0.051022 0.071882 0.066472 0.0975 0.0094485 -0.0092616 0.12528 -0.023296 -0.028196 0.066967 0.14022
-0.0058451 -0.0038042 0.028415 0.0051272 -0.010232 0.44371 0.18641 0.033628 0.075473 0.056231 -0.012953 0.020271 0.0079343 -0.0096821 0 0.22318 0.037452 0.068261 0.06492 0.046245 0.13242 0.094276 0.10966 0.2416 0.23752 0.13666 0.3287 0.12475 0.082391 0.11451 0.30762 0.18025 0.2736 0.091375 -0.03136 -0.010788 -0.039435 0.074128 0.085807 0.091991 0.069153 0.26252 0.23401 -0.019545 0.16441 0.095415 0.21707 -0.079334 0.042381 0.13129 0.091953 0.083448 0.046903 0.042607 0.037877 0.081812 0.10547 0.23755 0.1533 0.13595 0.30802 0.11796 0.042091 0.1064 0.2694 0.14016 0.28306 0.082018 -0.096759 -0.067765 -0.080007 0.061705 0.11464 0.063246 0.06975 0.24492 0.16897 -0.075279 0.073621 0.088052 0.21042 -0.079267 0.01996 0.14259 0.096532 0.07855
-0.099767 -0.095374 -0.035431 -0.015699 -0.034208 0.17735 0.2567 -0.00021261 -0.02208 -0.050055 -0.1118 -0.033732 -0.0066376 -0.02966 0.22318 0 0.014928 -0.0034629 0.1279 -0.031717 0.056739 0.020092 0.078882 0.17679 0.063487 0.13102 -0.0032305 0.022923 0.015891 0.026048 0.14277 0.13513 0.09223 0.031947 0.0084826 0.044654 0.055972 -0.059622 0.046159 -0.10733 0.076604 -0.020664 0.0031399 -0.10202 0.047901 0.041732 0.19814 -0.062384 0.045722 0.10702 0.0046849 0.025929 0.10968 -0.040874 -0.021674 0.0081343 0.044618 0.188 -0.00069107 0.13321 -0.020316 0.023412 -0.0082187 0.021349 0.10282 0.088986 0.1022 0.036396 -0.026204 -0.012052 0.0082782 -0.070314 0.063943 -0.13118 0.081618 -0.04177 -0.031198 -0.13999 -0.021482 0.048658 0.20693 -0.085259 0.022953 0.13603 -0.0052463 0.018468
0.03863 0.056499 0.11453 0.096322 0.015837 0.043149 -0.0079329 0.10648 0.044856 0.028401 0.089576 0.14425 0.11637 0.0054151 0.037452 0.014928 0 0.066393 -0.019203 0.085351 -0.053716 0.030476 0.015249 0.0012626 -0.024128 -0.03274 0.076221 0.037779 0.011821 0.033529 0.049189 -0.069326 0.0095806 0.031966 -0.022372 -0.083168 -0.066135 0.045592 0.011167 0.058705 0.0021501 0.068699 0.1221 -0.020487 0.02139 0.0049177 0.020606 -0.029376 -0.0116 -0.013952 0.043112 0.064269 -0.0099674 0.077298 -0.045486 0.028115 0.0026372 0.02044 -0.025786 -0.016312 0.067311 0.034314 0.018999 0.022021 0.045706 -0.038908 0.024463 0.034709 -0.015478 -0.10762 -0.031954 0.047455 0.0029247 0.064021 0.0078481 0.06414 0.11375 0.011221 0.01178 0.0068255 0.025591 0.017867 -0.017095 -0.001201 0.045158 0.066712
0.26685 0.20961 0.15109 0.14603 0.058534 0.069325 -0.025662 0.063375 0.19632 0.2304 0.25166 0.15214 0.15665 0.093185 0.068261 -0.0034629 0.066393 0 -0.062246 0.16748 0.028483 0.067092 0.043777 0.019454 0.047351 0.031111 0.12086 0.029445 0.093912 0.10952 0.016096 -0.029835 0.073785 0.088446 0.029632 -0.062135 -0.0077274 0.18156 0.081324 0.18456 0.067695 0.15504 0.14239 0.10434 0.082268 0.063354 0.019994 0.1298 -0.038487 0.024451 0.18165 0.19706 -0.01079 0.18807 0.095704 0.077616 0.026617 0.020609 0.10124 0.042716 0.14302 0.030687 0.11843 0.098914 0.066743 0.017816 0.064 0.11006 0.1224 0.0046752 0.090451 0.19595 0.080282 0.20198 0.090149 0.19166 0.14434 0.1444 0.15945 0.060381 0.028609 0.17027 -0.0012809 0.0030233 0.13878 0.21946
-0.1762 -0.11207 -0.031026 -0.051051 -0.022146 0.07337 0.16636 -0.027702 -0.046673 -0.083615 -0.19545 -0.078039 -0.054706 -0.028106 0.06492 0.1279 -0.019203 -0.062246 0 -0.025972 0.23571 0.037016 0.041451 0.26886 0.20322 0.26121 -0.1713 0.088628 0.076883 0.066871 0.021639 0.55427 -0.012332 0.0093585 0.49131 0.23105 0.56204 -0.050959 0.091138 -0.10747 0.18278 -0.077789 -0.13153 0.0070407 0.17774 0.084701 0.73968 0.21923 0.10303 0.16282 0.15451 0.13264 0.67487 -0.052242 0.013094 0.021098 0.021018 0.22885 0.013001 0.19211 -0.20403 0.09036 0.0017069 0.060854 -0.055899 0.30567 0.023173 0.026186 0.19512 0.14997 0.24138 -0.078903 0.13628 -0.16966 0.13532 -0.15173 -0.11907 -0.11304 0.009579 0.065426 0.62704 0.034632 0.042689 0.17004 0.16609 0.092957
0.23124 0.26672 0.19683 0.28982 0.10447 0.050517 -0.027597 0.084918 0.1689 0.23394 0.29628 0.20185 0.25886 0.12949 0.046245 -0.031717 0.085351 0.16748 -0.025972 0 -0.10705 0.18354 0.051822 0.046108 -0.12237 0.0033981 0.010192 0.044497 0.20632 0.21174 -0.098808 -0.25907 0.018622 0.39847 0.20193 -0.23961 0.019518 0.28694 0.3468 0.40662 0.40801 0.10012 0.28033 0.24723 0.34399 0.28878 0.083233 0.39442 -0.1184 -0.042613 0.30545 0.5788 0.022951 0.59079 -0.10373 0.19538 0.012498 0.034399 -0.11431 0.019726 0.047745 0.052965 0.18136 0.18623 -0.052465 -0.23599 0.037244 0.37448 0.29888 -0.24654 0.10946 0.28398 0.3047 0.43814 0.39656 0.1609 0.27545 0.22219 0.29002 0.23737 0.073611 0.46676 -0.145 -0.076394 0.24769 0.55984
0.035361 0.042923 0.10768 -0.042744 -0.0040774 0.13881 0.056359 -0.062715 0.0068843 0.25283 -0.029277 0.044194 -0.047663 -0.043843 0.13242 0.056739 -0.053716 0.028483 0.23571 -0.10705 0 -0.1265 0.069073 0.18455 0.72287 0.56573 0.19404 -0.072984 0.29239 -0.07627 0.12348 0.51047 0.16732 -0.088309 0.5686 0.46293 0.56739 -0.10721 -0.012709 0.11493 0.11489 0.30413 -0.044383 0.71008 0.41954 0.38206 0.064092 0.43585 0.012904 0.0092666 -0.02104 -0.04838 0.040832 -0.12061 0.65168 -0.18414 0.071563 0.11707 0.51464 0.31159 0.064362 -0.043466 0.092244 -0.077779 0.061155 0.32217 0.13235 -0.084157 0.25119 0.34477 0.23414 -0.11713 -0.00036712 -0.029147 0.04814 0.14873 -0.12085 0.25139 0.081961 0.17068 0.063418 0.06883 0.071434 0.028439 -0.00089565 -0.10584
0.0023475 0.10892 0.017506 0.03635 0.005685 0.10726 0.029025 0.027738 0.081991 0.035321 0.091551 -0.0068998 0.03299 0.022241 0.094276 0.020092 0.030476 0.067092 0.037016 0.18354 -0.1265 0 0.021475 0.36624 0.064169 -0.125 0.14927 0.23673 0.044837 0.9363 0.015017 -0.14883 0.16534 0.36067 -0.078648 -0.20297 -0.14198 0.89854 0.30106 0.10007 0.27614 0.29422 0.093453 -0.027272 0.10358 0.68469 0.18198 0.024289 -0.029749 0.019612 0.21392 0.23999 0.071001 0.18989 -0.22773 0.97969 0.0042166 0.40702 -0.036174 -0.059567 0.18381 0.31354 0.0069594 0.92994 -0.0037929 -0.18926 0.18539 0.3284 -0.09786 -0.25963 -0.15942 0.86591 0.3536 0.1072 0.29916 0.34997 0.10342 -0.079861 0.01153 0.62161 0.15636 0.066698 -0.061152 0.016964 0.17792 0.22297
0.02401 0.022378 0.0060981 0.0064174 0.013403 0.13683 0.079807 -0.00010831 0.018266 0.052576 0.015626 -0.011302 0.013533 0.01219 0.10966 0.078882 0.015249 0.043777 0.041451 0.051822 0.069073 0.021475 0 0.16819 0.11224 0.15008 0.060997 0.038922 0.088748 0.045513 0.095319 0.10708 0.099391 0.036094 0.063674 0.032809 0.069116 0.025768 0.050096 0.043955 0.057504 0.04882 0.064654 0.037818 0.066 0.096431 0.10592 0.062941 0.03169 0.10465 0.045905 0.099314 0.012656 0.026767 0.031113 0.011287 0.057374 0.14168 0.075915 0.12024 0.058312 0.029389 0.053577 0.043025 0.082994 0.067907 0.086735 0.011437 0.045511 0.0064404 0.038382 0.017157 0.041819 0.03108 0.048444 0.061566 0.032244 -0.010005 0.03748 0.080063 0.080285 0.03481 0.015825 0.048998 0.024535 0.086584
-0.058572 -0.040146 -0.033486 -0.013244 -0.011173 0.23148 0.19052 -0.0027148 0.019344 -0.067834 -0.057326 -0.044329 -0.014106 -0.019418 0.2416 0.17679 0.0012626 0.019454 0.26886 0.046108 0.18455 0.36624 0.16819 0 0.31264 0.35238 0.091855 0.56404 0.10981 0.54677 0.18389 0.201 0.32887 0.12573 0.12158 0.022458 0.096264 0.31984 0.11581 -0.037241 0.15639 0.12435 0.058144 -0.030185 0.10743 0.5413 0.3449 0.0044658 0.063197 0.15764 0.12607 0.14343 0.24433 0.057398 0.035534 0.33117 0.11177 0.82757 0.18909 0.36318 0.094479 0.52782 0.073186 0.53641 0.14572 0.17297 0.36113 0.12507 0.10294 -0.050516 0.12323 0.24584 0.16649 -0.030179 0.19947 0.17476 0.052053 -0.087469 0.052754 0.54183 0.27655 0.00087317 0.03431 0.14296 0.098715 0.10564
0.017712 0.051015 0.0090479 -0.11777 -0.028394 0.25077 0.076825 -0.044309 0.029612 0.19932 -0.010748 -0.030583 -0.11818 -0.03645 0.23752 0.063487 -0.024128 0.047351 0.20322 -0.12237 0.72287 0.064169 0.11224 0.31264 0 0.50438 0.58136 0.031785 0.17639 0.095418 0.35652 0.68481 0.4117 -0.037145 0.21242 0.36786 0.23607 0.015164 -0.06391 0.24097 -0.1396 0.73914 0.14092 0.50501 0.38211 0.32513 0.10048 0.15672 0.17007 0.12277 -0.0034629 -0.1171 0.038894 -0.14888 0.45423 -0.028744 0.073586 0.23097 0.74283 0.2962 0.45788 0.03906 0.01552 0.080349 0.30464 0.55606 0.33558 -0.0531 -0.017431 0.2171 0.045442 -0.01203 -0.058456 0.065665 -0.14009 0.55133 0.049643 0.10505 0.14771 0.1289 0.077476 -0.070091 0.21816 0.15475 0.020719 -0.15627
0.13248 0.055982 0.048201 0.017725 0.0044678 0.13128 0.13689 -0.020045 0.017095 0.23172 -0.013174 0.025309 0.0075053 -0.02043 0.13666 0.13102 -0.03274 0.031111 0.26121 0.0033981 0.56573 -0.125 0.15008 0.35238 0.50438 0 -0.0018166 0.083819 0.25428 -0.069903 0.081523 0.44309 0.11171 -0.013152 0.44123 0.35896 0.47538 -0.11494 0.03868 0.038167 0.14578 -0.010446 -0.068634 0.40614 0.22262 0.38689 0.16495 0.4252 0.010642 0.1202 0.0019728 0.10616 0.11539 -0.013891 0.34002 -0.15506 0.098203 0.26372 0.32429 0.57296 -0.086871 0.046965 0.13097 -0.072342 0.005852 0.29927 0.062652 -0.029699 0.26461 0.2344 0.31633 -0.13436 0.016157 -0.0085173 0.07988 -0.034688 -0.10114 0.12401 0.029212 0.27586 0.12916 0.19711 0.045451 0.085307 0.011251 0.047765
0.077738 0.13887 0.069799 -0.0022246 -0.010882 0.34831 0.0086698 0.053556 0.12991 0.15283 0.13665 0.066936 -0.015464 0.013484 0.3287 -0.0032305 0.076221 0.12086 -0.1713 0.010192 0.19404 0.14927 0.060997 0.091855 0.58136 -0.0018166 0 0.016976 0.041281 0.1365 0.52412 0.2527 0.40635 0.07418 -0.24502 -0.033507 -0.26393 0.16938 0.030748 0.44929 -0.15167 0.83926 0.48038 0.089618 0.2558 0.0069942 -0.0052859 -0.17846 0.14658 0.05731 0.11716 -0.040489 -0.15656 -0.00013874 0.028201 0.097187 0.056161 0.079159 0.34791 -0.05154 0.78446 0.05067 -0.040764 0.12313 0.48094 0.22094 0.3256 0.046481 -0.34412 -0.13129 -0.2957 0.18554 0.047432 0.29182 -0.12839 0.72763 0.34334 -0.072659 0.14441 -0.10157 0.010556 -0.20849 0.11077 0.075483 0.10055 -0.062664
0.03232 0.096161 0.021587 0.039718 -0.0062365 0.13138 0.073418 0.025271 0.032085 -0.049771 0.08283 0.036059 0.067988 -0.0067033 0.12475 0.022923 0.037779 0.029445 0.088628 0.044497 -0.072984 0.23673 0.038922 0.56404 0.031785 0.083819 0.016976 0 0.057013 0.43261 0.099969 0.0046968 0.039415 0.068788 0.0015254 -0.018893 0.020486 0.32983 0.029818 0.033589 0.074951 -0.044133 0.08609 -0.11235 -0.014832 0.32145 0.17907 -0.11457 0.014551 0.052261 0.1365 0.12157 0.14345 0.091553 -0.080724 0.24833 0.027705 0.58771 -0.0052639 0.17726 0.016979 0.96449 0.093835 0.3554 0.064179 0.033019 0.08252 0.064015 0.10404 -0.030017 0.10668 0.31972 0.1159 0.047938 0.15813 -0.0013795 0.080529 -0.077104 0.016091 0.39065 0.13569 0.024522 0.0243 0.038867 0.10714 0.13595
0.19363 0.1531 0.19524 0.13794 0.069377 0.078448 0.013265 0.022365 0.08192 0.21297 0.1322 0.18589 0.13303 0.031885 0.082391 0.015891 0.011821 0.093912 0.076883 0.20632 0.29239 0.044837 0.088748 0.10981 0.17639 0.25428 0.041281 0.057013 0 0.062848 0.047479 0.078141 0.063755 0.066525 0.43848 0.28532 0.47781 0.10296 0.027296 0.26352 0.10669 0.099275 0.19253 0.46439 0.2917 0.19885 0.076922 0.3998 -0.045583 0.04224 0.14086 0.32651 0.075112 0.19981 0.21808 0.024621 0.056226 0.080236 0.14911 0.16446 -0.0059148 0.052946 0.3918 0.051783 0.038869 0.063654 0.024184 0.038373 0.36436 0.22809 0.43222 0.093682 0.030489 0.1964 0.086927 0.068924 0.153 0.27603 0.20854 0.093937 0.071267 0.27764 0.0095362 -0.0083315 0.12731 0.30958
0.034629 0.15326 0.044046 0.054087 0.0093281 0.13402 0.043427 0.02047 0.1172 0.045912 0.13786 0.030326 0.054211 0.029167 0.11451 0.026048 0.033529 0.10952 0.066871 0.21174 -0.07627 0.9363 0.045513 0.54677 0.095418 -0.069903 0.1365 0.43261 0.062848 0 0.03822 -0.12974 0.21841 0.36208 -0.041673 -0.18575 -0.083582 0.93137 0.31802 0.12219 0.26802 0.26229 0.10937 -0.024114 0.091735 0.69826 0.21208 0.050918 -0.013964 0.016693 0.28433 0.27819 0.07423 0.20067 -0.16717 0.92592 0.014618 0.55741 0.014167 0.020987 0.17525 0.48853 0.046979 0.94565 0.01696 -0.14353 0.24528 0.3243 -0.013986 -0.22056 -0.068133 0.89869 0.36509 0.13785 0.30466 0.33762 0.11156 -0.062069 0.034876 0.6601 0.17523 0.13745 -0.042636 0.0052304 0.23896 0.26286
-0.16654 -0.032416 -0.0072126 -0.036506 -0.033427 0.30613 0.177 0.064776 0.021717 -0.0060045 -0.069893 -0.054241 -0.077442 -0.035698 0.30762 0.14277 0.049189 0.016096 0.021639 -0.098808 0.12348 0.015017 0.095319 0.18389 0.35652 0.081523 0.52412 0.099969 0.047479 0.03822 0 0.40585 0.28028 0.00022445 -0.17625 0.1092 -0.093038 0.0030496 0.018468 0.0050986 -0.065862 0.41009 0.39661 -0.21918 0.27296 -0.086488 0.1907 -0.30516 0.28246 0.18689 0.017673 -0.09854 -0.049299 -0.1345 -0.18374 -0.0036811 0.034494 0.1856 0.057025 0.015846 0.38502 0.12961 -0.11495 0.029925 0.56894 0.23226 0.22633 -0.014675 -0.37958 -0.10779 -0.29826 -0.015917 0.04003 -0.12701 -0.076733 0.21499 0.2188 -0.41733 -0.0057116 -0.11756 0.14933 -0.36572 0.20156 0.17374 0.019265 -0.13666
-0.13534 -0.10209 -0.07594 -0.16622 -0.041293 0.21573 0.17846 -0.057138 -0.047649 0.059844 -0.19574 -0.14977 -0.1737 -0.063353 0.18025 0.13513 -0.069326 -0.029835 0.55427 -0.25907 0.51047 -0.14883 0.10708 0.201 0.68481 0.44309 0.2527 0.0046968 0.078141 -0.12974 0.40585 0 0.15488 -0.18258 0.20086 0.6227 0.36255 -0.19592 -0.11038 -0.044392 -0.14609 0.29692 0.008582 0.058843 0.36766 -0.10802 0.34871 0.066279 0.32221 0.29235 -0.096336 -0.20982 0.22786 -0.29961 0.1544 -0.20127 0.078156 0.14368 0.32723 0.26375 0.090055 0.0084332 -0.07749 -0.1195 0.23846 0.74576 0.096532 -0.17657 -0.16044 0.38568 -0.033864 -0.22303 -0.093707 -0.21594 -0.18313 0.019816 -0.094552 -0.25084 0.039893 -0.15469 0.26599 -0.24173 0.29946 0.28158 -0.052141 -0.23368
0.012083 0.022609 -0.018243 -0.018118 -0.010896 0.2742 0.074187 0.028116 0.066668 0.054572 0.019154 -0.021514 -0.021973 -0.00087354 0.2736 0.09223 0.0095806 0.073785 -0.012332 0.018622 0.16732 0.16534 0.099391 0.32887 0.4117 0.11171 0.40635 0.039415 0.063755 0.21841 0.28028 0.15488 0 0.10721 -0.054516 -0.035835 -0.078054 0.14476 0.054559 0.08829 -0.03713 0.45573 0.22054 0.062337 0.15301 0.14188 0.13792 -0.068077 0.052667 0.095585 0.089944 0.037091 0.012095 0.0045346 0.10144 0.11895 0.071267 0.28124 0.29095 0.1027 0.39383 0.048827 0.005762 0.20518 0.28156 0.16678 0.43951 0.080677 -0.10054 -0.048651 -0.060619 0.11747 0.03866 0.054209 -0.024536 0.42549 0.16337 -0.017276 0.11924 0.077336 0.1305 -0.082526 0.076642 0.10309 0.06547 0.0011526
0.1208 0.17074 0.046678 0.19067 0.021672 0.08725 0.030529 0.049402 0.12325 0.19991 0.12661 0.031374 0.1635 0.060808 0.091375 0.031947 0.031966 0.088446 0.0093585 0.39847 -0.088309 0.36067 0.036094 0.12573 -0.037145 -0.013152 0.07418 0.068788 0.066525 0.36208 0.00022445 -0.18258 0.10721 0 0.12943 -0.22081 -0.0036321 0.41044 0.56026 0.26333 0.61392 0.19737 0.099524 0.12815 0.34991 0.40462 0.195 0.36629 -0.062483 -0.0052786 0.36555 0.50019 0.041775 0.3587 -0.12034 0.33448 0.0089721 0.11001 -0.078815 -0.015239 0.093074 0.068597 0.033846 0.33589 -0.025694 -0.21124 0.14181 0.79261 0.16939 -0.24144 0.053572 0.38651 0.48738 0.32882 0.5671 0.25471 0.077872 0.10183 0.251 0.3305 0.18513 0.41558 -0.093034 -0.025739 0.31365 0.46816
0.091625 0.11758 0.22917 0.1736 0.070964 -0.039892 0.023698 -0.027039 0.041877 0.22477 0.032469 0.18963 0.15163 0.027902 -0.03136 0.0084826 -0.022372 0.029632 0.49131 0.20193 0.5686 -0.078648 0.063674 0.12158 0.21242 0.44123 -0.24502 0.0015254 0.43848 -0.041673 -0.17625 0.20086 -0.054516 0.12943 0 0.36651 0.85774 -0.0058164 0.096293 0.083786 0.36321 -0.11127 -0.11917 0.57432 0.49302 0.30223 0.2496 0.67279 -0.067736 0.0063351 0.12265 0.39169 0.25928 0.19991 0.35348 -0.09959 0.032828 0.063471 0.11326 0.22174 -0.30089 -0.0070988 0.28595 -0.043587 -0.21403 0.042597 -0.048262 0.10792 0.67836 0.2469 0.62298 -0.027625 0.10214 0.022 0.3048 -0.15914 -0.12116 0.24172 0.24711 0.19698 0.20425 0.45148 -0.045686 -0.034393 0.13007 0.33598
-0.082918 -0.081957 -0.02266 -0.11296 -0.0046872 0.019618 0.075966 -0.086655 -0.064167 0.079519 -0.16289 -0.063925 -0.12601 -0.050838 -0.010788 0.044654 -0.083168 -0.062135 0.23105 -0.23961 0.46293 -0.20297 0.032809 0.022458 0.36786 0.35896 -0.033507 -0.018893 0.28532 -0.18575 0.1092 0.6227 -0.035835 -0.22081 0.36651 0 0.6252 -0.186 -0.15402 -0.1341 -0.12006 -0.077666 -0.16373 0.17496 0.22065 -0.11391 0.014461 0.13359 0.15707 0.098388 -0.095802 -0.15639 -0.0019631 -0.25554 0.18309 -0.21555 0.04888 0.0017466 0.11725 0.16535 -0.19005 -0.022914 0.093041 -0.18153 0.003733 0.30816 -0.042024 -0.20028 0.049979 0.58112 0.22781 -0.20031 -0.12206 -0.24412 -0.13606 -0.28859 -0.23249 -0.1677 -0.074122 -0.1624 -0.0086336 -0.11876 0.13181 0.090297 -0.072859 -0.16407
0.0027756 0.0049596 0.13719 0.055654 0.046348 -0.022099 0.07852 -0.074593 -0.012022 0.18898 -0.071602 0.10465 0.045749 -0.0098663 -0.039435 0.055972 -0.066135 -0.0077274 0.56204 0.019518 0.56739 -0.14198 0.069116 0.096264 0.23607 0.47538 -0.26393 0.020486 0.47781 -0.083582 -0.093038 0.36255 -0.078054 -0.0036321 0.85774 0.6252 0 -0.086522 -0.023624 -0.046237 0.23883 -0.24015 -0.21442 0.4469 0.34948 0.17554 0.23159 0.54086 0.019902 0.031486 0.012136 0.20235 0.29201 -0.02636 0.29464 -0.15193 0.053279 0.042973 0.015088 0.24611 -0.35535 0.012877 0.26803 -0.091964 -0.17779 0.097683 -0.082522 -0.014548 0.50651 0.45657 0.60508 -0.10317 0.017166 -0.14147 0.14838 -0.34264 -0.22904 0.081045 0.010804 0.08129 0.17662 0.22216 -0.029799 -0.0015109 0.04478 0.15863
0.1496 0.24826 0.10522 0.1274 0.055831 0.094116 -0.010415 0.053215 0.18918 0.16187 0.25814 0.10973 0.13593 0.071651 0.074128 -0.059622 0.045592 0.18156 -0.050959 0.28694 -0.10721 0.89854 0.025768 0.31984 0.015164 -0.11494 0.16938 0.32983 0.10296 0.93137 0.0030496 -0.19592 0.14476 0.41044 -0.0058164 -0.186 -0.086522 0 0.39313 0.23252 0.33498 0.29116 0.14525 0.021302 0.12029 0.5979 0.10571 0.12484 -0.056027 -0.018911 0.33698 0.3625 -0.030622 0.29474 -0.15019 0.86386 0.0076553 0.33545 -0.014571 -0.03846 0.20836 0.40507 0.098225 0.89758 0.0056077 -0.18823 0.16409 0.37383 0.036306 -0.19132 -0.04097 0.97346 0.43398 0.26336 0.37859 0.35286 0.15959 0.02775 0.096771 0.55862 0.076585 0.26204 -0.055831 -0.047373 0.29669 0.3635
0.068952 0.14775 0.0067347 0.20209 0.076933 0.10354 0.060612 0.024433 0.096235 0.27115 0.073682 0.0097898 0.12832 0.069489 0.085807 0.046159 0.011167 0.081324 0.091138 0.3468 -0.012709 0.30106 0.050096 0.11581 -0.06391 0.03868 0.030748 0.029818 0.027296 0.31802 0.018468 -0.11038 0.054559 0.56026 0.096293 -0.15402 -0.023624 0.39313 0 0.10241 0.90638 0.087508 0.023078 0.05236 0.35329 0.45183 0.32718 0.43949 -0.0086741 0.04042 0.49072 0.62539 0.064576 0.30504 -0.16637 0.26799 0.0091892 0.10241 -0.15136 -0.013169 0.006729 0.029695 -0.020793 0.2927 -0.028377 -0.21186 0.074511 0.50693 0.072252 -0.23972 -0.089987 0.35766 0.91096 0.15096 0.81034 0.097759 -0.0022502 -0.057728 0.15957 0.35235 0.2759 0.40011 -0.090525 -0.0076634 0.39945 0.5225
0.35669 0.33157 0.1889 0.19105 0.087916 0.10986 -0.11758 0.064547 0.19005 0.31212 0.34272 0.21049 0.19611 0.088811 0.091991 -0.10733 0.058705 0.18456 -0.10747 0.40662 0.11493 0.10007 0.043955 -0.037241 0.24097 0.038167 0.44929 0.033589 0.26352 0.12219 0.0050986 -0.044392 0.08829 0.26333 0.083786 -0.1341 -0.046237 0.23252 0.10241 0 0.060973 0.57987 0.38208 0.43729 0.30814 0.17669 -0.059513 0.35341 -0.06334 -0.046226 0.21654 0.34674 -0.090373 0.38041 0.14667 0.096629 0.046616 -0.045954 0.27528 0.058515 0.446 0.035096 0.23936 0.083342 0.099806 0.042588 0.049562 0.21024 0.15517 -0.084172 0.092649 0.24835 0.090283 0.7013 0.081038 0.53913 0.34378 0.41732 0.33736 0.073856 -0.04041 0.35557 -0.065652 -0.074237 0.19625 0.35599
0.074902 0.1279 0.07626 0.29162 0.09092 0.066403 0.074303 0.01717 0.075581 0.27318 0.076111 0.06576 0.23129 0.070744 0.069153 0.076604 0.0021501 0.067695 0.18278 0.40801 0.11489 0.27614 0.057504 0.15639 -0.1396 0.14578 -0.15167 0.074951 0.10669 0.26802 -0.065862 -0.14609 -0.03713 0.61392 0.36321 -0.12006 0.23883 0.33498 0.90638 0.060973 0 -0.093522 -0.032433 0.12057 0.49952 0.52367 0.33397 0.56891 -0.050315 0.014375 0.41219 0.64955 0.14047 0.36117 -0.081502 0.24494 0.010002 0.14054 -0.22911 0.049041 -0.16502 0.081265 0.062194 0.2587 -0.12832 -0.25648 0.027316 0.58126 0.32517 -0.22357 0.097186 0.30795 0.83769 0.11487 0.92163 -0.037236 -0.050523 0.0044152 0.28038 0.46381 0.28673 0.4936 -0.1127 -0.026242 0.32609 0.56346
0.17019 0.1937 0.080254 0.021777 0.0070366 0.27358 -0.027941 0.04741 0.15204 0.23875 0.19664 0.053284 0.0058643 0.0379 0.26252 -0.020664 0.068699 0.15504 -0.077789 0.10012 0.30413 0.29422 0.04882 0.12435 0.73914 -0.010446 0.83926 -0.044133 0.099275 0.26229 0.41009 0.29692 0.45573 0.19737 -0.11127 -0.077666 -0.24015 0.29116 0.087508 0.57987 -0.093522 0 0.45188 0.3122 0.37919 0.17705 0.038121 0.0594 0.14307 0.061241 0.13063 0.04945 -0.065629 0.081082 0.14998 0.23384 0.054972 0.10568 0.55143 -0.021735 0.7959 0.031255 -0.010614 0.24567 0.40956 0.32545 0.38117 0.1414 -0.23096 -0.13389 -0.24144 0.28588 0.077067 0.44179 -0.073773 0.93144 0.36096 0.12566 0.29923 0.011479 0.056839 0.0035441 0.15866 0.093984 0.13644 0.024946
0.090356 0.16722 0.17006 0.11998 0.051079 0.23449 0.0058168 0.11677 0.14034 0.10021 0.18876 0.16584 0.103 0.055685 0.23401 0.0031399 0.1221 0.14239 -0.13153 0.28033 -0.044383 0.093453 0.064654 0.058144 0.14092 -0.068634 0.48038 0.08609 0.19253 0.10937 0.39661 0.008582 0.22054 0.099524 -0.11917 -0.16373 -0.21442 0.14525 0.023078 0.38208 -0.032433 0.45188 0 0.051596 0.36002 -0.01444 0.047298 -0.056883 0.052244 0.037234 0.16374 0.18193 -0.089417 0.26467 -0.10575 0.078952 0.039427 0.047309 0.041373 -0.059303 0.43768 0.093185 0.12484 0.089193 0.41246 0.053179 0.16418 0.075935 -0.13027 -0.19315 -0.13549 0.14136 0.015624 0.31308 -0.014 0.38046 0.57774 0.0055857 0.28773 -0.064926 0.066051 -0.022445 0.030783 0.051325 0.14638 0.16808
0.34893 0.21036 0.24432 0.14378 0.070477 -0.007243 -0.12785 -0.0083619 0.10254 0.45258 0.1861 0.21638 0.12351 0.040651 -0.019545 -0.10202 -0.020487 0.10434 0.0070407 0.24723 0.71008 -0.027272 0.037818 -0.030185 0.50501 0.40614 0.089618 -0.11235 0.46439 -0.024114 -0.21918 0.058843 0.062337 0.12815 0.57432 0.17496 0.4469 0.021302 0.05236 0.43729 0.12057 0.3122 0.051596 0 0.47676 0.40083 -0.093708 0.66903 -0.12843 -0.095227 0.091103 0.2578 -0.020375 0.2173 0.55326 -0.051859 0.043064 -0.058043 0.44282 0.23035 0.035684 -0.09185 0.29637 -0.039761 -0.15456 0.10218 0.021951 0.09739 0.44369 0.19909 0.34682 0.029365 0.0054096 0.36617 0.076206 0.28332 0.032495 0.6998 0.28435 0.19942 -0.065912 0.43694 -0.067326 -0.12372 0.080669 0.19859
0.017052 0.17033 0.19536 0.16384 0.062851 0.17823 0.063813 0.00739 0.082795 0.2801 0.072984 0.10167 0.12281 0.052682 0.16441 0.047901 0.02139 0.082268 0.17774 0.34399 0.41954 0.10358 0.066 0.10743 0.38211 0.22262 0.2558 -0.014832 0.2917 0.091735 0.27296 0.36766 0.15301 0.34991 0.49302 0.22065 0.34948 0.12029 0.35329 0.30814 0.49952 0.37919 0.36002 0.47676 0 0.3223 0.1689 0.48442 0.11087 0.066828 0.19174 0.3277 0.038259 0.25363 0.060802 0.047396 0.051144 0.079059 0.03445 0.08691 0.11078 0.0075659 0.037274 0.083681 0.13664 0.08439 0.1385 0.33792 0.15037 -0.068544 0.032656 0.091578 0.30691 0.1639 0.42295 0.1569 0.18236 0.010388 0.51162 0.18615 0.17456 0.22218 0.071639 0.05653 0.18516 0.26128
0.17441 0.14016 0.064999 0.12076 0.019067 0.095429 0.038391 0.013161 0.063864 0.25325 0.10563 0.085807 0.10709 0.020821 0.095415 0.041732 0.0049177 0.063354 0.084701 0.28878 0.38206 0.68469 0.096431 0.5413 0.32513 0.38689 0.0069942 0.32145 0.19885 0.69826 -0.086488 -0.10802 0.14188 0.40462 0.30223 -0.11391 0.17554 0.5979 0.45183 0.17669 0.52367 0.17705 -0.01444 0.40083 0.3223 0 0.11135 0.51761 -0.066616 -0.0098847 0.19754 0.38115 0.047749 0.27741 0.19338 0.64366 0.054446 0.50749 0.19334 0.34106 0.051662 0.30229 0.14275 0.70206 -0.090842 -0.13275 0.1707 0.3637 0.31592 -0.13548 0.16637 0.58279 0.39942 0.20884 0.48336 0.30399 -0.0054781 0.21715 0.18591 0.94839 0.053662 0.43948 -0.053776 -0.031999 0.17081 0.33426
-0.16424 -0.090022 -0.058967 0.00068581 0.0084201 0.22093 0.2367 0.012308 0.0056657 -0.10681 -0.14257 -0.080612 -0.023499 -0.0096302 0.21707 0.19814 0.020606 0.019994 0.73968 0.083233 0.064092 0.18198 0.10592 0.3449 0.10048 0.16495 -0.0052859 0.17907 0.076922 0.21208 0.1907 0.34871 0.13792 0.195 0.2496 0.014461 0.23159 0.10571 0.32718 -0.059513 0.33397 0.038121 0.047298 -0.093708 0.1689 0.11135 0 0.13113 0.061576 0.2203 0.58105 0.3439 0.6023 0.068719 -0.10124 0.14735 0.073072 0.32557 -0.054003 0.089918 -0.046741 0.15805 0.02108 0.19724 0.10996 0.1609 0.16019 0.22819 0.10795 -0.063242 0.067502 0.046111 0.36469 -0.066869 0.33272 0.012907 0.049953 -0.16654 0.052098 0.12431 0.86237 0.087638 0.015162 0.20122 0.48873 0.2916
0.34564 0.23745 0.17355 0.24975 0.10943 -0.071031 -0.062842 0.00093399 0.11551 0.3768 0.23036 0.17561 0.23111 0.08647 -0.079334 -0.062384 -0.029376 0.1298 0.21923 0.39442 0.43585 0.024289 0.062941 0.0044658 0.15672 0.4252 -0.17846 -0.11457 0.3998 0.050918 -0.30516 0.066279 -0.068077 0.36629 0.67279 0.13359 0.54086 0.12484 0.43949 0.35341 0.56891 0.0594 -0.056883 0.66903 0.48442 0.51761 0.13113 0 -0.10188 -0.054634 0.30859 0.6086 0.16342 0.38589 0.36916 0.0051607 0.029373 -0.053033 0.23588 0.29126 -0.16828 -0.091193 0.31863 0.035988 -0.27589 0.084854 -0.055236 0.30749 0.63159 0.17516 0.50864 0.12147 0.33719 0.3428 0.48212 0.12396 -0.025121 0.49419 0.40135 0.37661 0.11343 0.84101 -0.058973 -0.085991 0.23828 0.54159
-0.10748 -0.047394 -0.049947 -0.067282 -0.032182 0.055747 0.046864 -0.0055483 -0.029162 -0.021894 -0.089262 -0.088712 -0.083757 -0.045294 0.042381 0.045722 -0.0116 -0.038487 0.10303 -0.1184 0.012904 -0.029749 0.03169 0.063197 0.17007 0.010642 0.14658 0.014551 -0.045583 -0.013964 0.28246 0.32221 0.052667 -0.062483 -0.067736 0.15707 0.019902 -0.056027 -0.0086741 -0.06334 -0.050315 0.14307 0.052244 -0.12843 0.11087 -0.066616 0.061576 -0.10188 0 0.097728 -0.078928 -0.12692 0.032147 -0.14215 -0.11492 -0.026737 0.0083006 0.061052 -0.010758 0.011224 0.071916 0.023386 -0.10477 -0.017094 0.16343 0.20111 0.033534 -0.053392 -0.17419 0.050887 -0.13283 -0.055191 0.007221 -0.14857 -0.062991 0.010573 -0.0027523 -0.25802 -0.015884 -0.049145 0.056536 -0.17928 0.21107 0.094131 -0.041787 -0.13893
-0.072919 -0.058821 -0.054303 -0.022273 -0.024713 0.15299 0.13676 0.0018952 -0.020444 -0.00068636 -0.083295 -0.075822 -0.049082 -0.015165 0.13129 0.10702 -0.013952 0.024451 0.16282 -0.042613 0.0092666 0.019612 0.10465 0.15764 0.12277 0.1202 0.05731 0.052261 0.04224 0.016693 0.18689 0.29235 0.095585 -0.0052786 0.0063351 0.098388 0.031486 -0.018911 0.04042 -0.046226 0.014375 0.061241 0.037234 -0.095227 0.066828 -0.0098847 0.2203 -0.054634 0.097728 0 0.024125 0.015698 0.095209 -0.072723 -0.072374 0.0059347 0.035457 0.1293 0.016988 0.092953 0.034106 0.047686 -0.039728 0.02786 0.14387 0.20977 0.071089 -0.0082986 -0.059047 0.020806 -0.045937 -0.031411 0.026368 -0.097127 -0.0033843 0.015864 0.0049922 -0.15696 0.016715 -0.012975 0.19455 -0.094209 0.084388 0.17182 0.014739 0.00024425
0.059894 0.18653 0.073406 0.14104 0.06776 0.10824 0.0093172 0.04603 0.12895 0.060676 0.19162 0.077185 0.13646 0.083528 0.091953 0.0046849 0.043112 0.18165 0.15451 0.30545 -0.02104 0.21392 0.045905 0.12607 -0.0034629 0.0019728 0.11716 0.1365 0.14086 0.28433 0.017673 -0.096336 0.089944 0.36555 0.12265 -0.095802 0.012136 0.33698 0.49072 0.21654 0.41219 0.13063 0.16374 0.091103 0.19174 0.19754 0.58105 0.30859 -0.078928 0.024125 0 0.52397 0.22322 0.32148 -0.011436 0.2077 0.036683 0.1264 0.012811 -0.0063216 0.10011 0.12365 0.14278 0.25445 0.042436 -0.075997 0.11226 0.35501 0.19292 -0.084393 0.097987 0.31068 0.46032 0.26732 0.4086 0.18343 0.17766 0.091142 0.19573 0.18021 0.5444 0.37867 -0.047688 -0.012706 0.66725 0.48499
0.24583 0.29963 0.19127 0.35798 0.14692 0.082745 0.035208 0.087443 0.19424 0.24436 0.29938 0.20026 0.32769 0.12802 0.083448 0.025929 0.064269 0.19706 0.13264 0.5788 -0.04838 0.23999 0.099314 0.14343 -0.1171 0.10616 -0.040489 0.12157 0.32651 0.27819 -0.09854 -0.20982 0.037091 0.50019 0.39169 -0.15639 0.20235 0.3625 0.62539 0.34674 0.64955 0.04945 0.18193 0.2578 0.3277 0.38115 0.3439 0.6086 -0.12692 0.015698 0.52397 0 0.15868 0.56081 -0.023405 0.23133 0.058796 0.10314 -0.066852 0.078152 -0.010649 0.12441 0.31708 0.25439 -0.080037 -0.17223 0.05478 0.46764 0.49678 -0.11973 0.33381 0.35229 0.55381 0.41164 0.61777 0.15266 0.19795 0.2554 0.33257 0.33637 0.30208 0.65666 -0.1258 -0.034813 0.42159 0.78166
-0.065575 -0.12558 -0.028822 -0.015914 -0.011951 0.031887 0.099778 -0.018243 -0.039824 -0.1502 -0.14767 -0.028901 0.0076846 -0.020818 0.046903 0.10968 -0.0099674 -0.01079 0.67487 0.022951 0.040832 0.071001 0.012656 0.24433 0.038894 0.11539 -0.15656 0.14345 0.075112 0.07423 -0.049299 0.22786 0.012095 0.041775 0.25928 -0.0019631 0.29201 -0.030622 0.064576 -0.090373 0.14047 -0.065629 -0.089417 -0.020375 0.038259 0.047749 0.6023 0.16342 0.032147 0.095209 0.22322 0.15868 0 0.026552 0.12319 0.076811 0.030623 0.27047 0.13832 0.19148 -0.15424 0.10376 0.10016 0.070634 -0.037513 0.39177 0.031626 0.054323 0.37349 0.14709 0.43215 -0.058301 0.10341 -0.054491 0.17272 -0.010134 -0.047444 0.004775 0.2179 0.044259 0.72483 0.17038 0.028146 0.16415 0.19944 0.14544
