0,0.35164487361908,0.282435536384583,0.291661500930786,0.0835093408823013,-0.0119919255375862,-0.100312471389771,0.058540977537632,0.221405357122421,0.734527766704559,0.432170808315277,0.369473576545715,0.300820142030716,0.103122964501381,-0.0105648282915354,-0.095167763531208,0.0431887395679951,0.274816364049911,-0.17146347463131,0.254939347505569,0.0965361595153809,-0.0336873456835747,0.0252677034586668,-0.0952073037624359,0.0765623226761818,0.154053583741188,0.0922786146402359,-0.0335627533495426,0.216555267572403,-0.031488161534071,-0.153997704386711,-0.116945289075375,0.010438839904964,0.103225834667683,0.117625683546066,-0.0251665189862251,0.0515837594866753,0.103887930512428,-0.00763008464127779,0.388380974531174,0.0485687889158726,0.202226117253304,0.107701390981674,0.404563695192337,0.0835266411304474,0.129251375794411,-0.186818972229958,0.371484637260437,-0.106317326426506,-0.0544137097895145,0.0389749705791473,0.231356859207153,-0.0615864768624306,0.301643967628479,0.409757196903229,-0.0284244474023581,0.0375729203224182,-0.130907937884331,0.339024722576141,0.218106120824814,0.177895694971085,-0.0438864678144455,0.330498248338699,-0.0764103904366493,-0.0317382998764515,0.0805547013878822,0.0160704776644707,0.130422547459602,0.399789124727249,0.198353514075279,0.297418177127838,0.122948110103607,0.00517973909154534,0.455369770526886,0.14375826716423,0.307974189519882,0.184591487050056,0.581616759300232,0.3905069231987,0.139540582895279,-0.140271827578545,0.528040170669556,-0.0326342061161995,-0.0895007848739624,0.0429138280451298,0.275699555873871
0.35164487361908,0,0.257576823234558,0.273112386465073,0.117301173508167,0.00179714697878808,-0.0941784158349037,0.0777024105191231,0.239680290222168,0.362085908651352,0.516777455806732,0.279905825853348,0.261789709329605,0.099181279540062,-0.0166464596986771,-0.112875655293465,0.0552453845739365,0.232419073581696,-0.13094562292099,0.26917290687561,0.0507387518882751,0.0846409350633621,0.0196154285222292,-0.0941428393125534,0.0429897755384445,0.0299118347465992,0.130381554365158,0.0527058430016041,0.158340573310852,0.10991945117712,-0.0495686642825603,-0.129486665129662,-0.00182685616891831,0.149454146623611,0.117173202335835,-0.0609440617263317,0.0166694317013025,0.230239629745483,0.0786299481987953,0.345334440469742,0.0738265141844749,0.184530600905418,0.164674952626228,0.230431601405144,0.170700013637543,0.086478628218174,-0.141633361577988,0.229193702340126,-0.0688000097870827,-0.0617403201758862,0.16183914244175,0.267599195241928,-0.139806970953941,0.264552354812622,0.0825817063450813,0.0816448479890823,0.00952724367380142,-0.123802952468395,0.0658909901976585,-0.031716164201498,0.128215685486794,0.043798241764307,0.137676671147346,0.0637053325772285,-0.0286771580576897,-0.11488651484251,-0.0303243417292833,0.0825665593147278,0.17260105907917,-0.0187994185835123,0.084711104631424,0.265957236289978,0.0273639000952244,0.319359421730042,0.0598873794078827,0.178863197565079,0.15410889685154,0.207273900508881,0.174006432294846,0.0205751806497574,-0.153052911162376,0.218322843313217,-0.0582350604236126,-0.0825960040092468,0.148412600159645,0.250597417354584
0.282435536384583,0.257576823234558,0,0.402211159467697,0.111158423125744,0.0311738345772028,-0.0286522507667542,0.151733830571175,0.148143768310547,0.299029648303986,0.287168502807617,0.594450771808624,0.392652779817581,0.0663688480854034,0.0238686986267567,-0.024885643273592,0.124774359166622,0.155895218253136,-0.0480778999626637,0.235370084643364,0.113394215703011,0.00610463367775083,0.00962275732308626,-0.0674079209566116,0.0183977279812098,0.0481158271431923,0.0741219967603683,-0.0151837887242436,0.208453580737114,0.0136125320568681,-0.0284974668174982,-0.0974551141262054,-0.0480694361031055,0.036334540694952,0.232137084007263,-0.00994834303855896,0.138836473226547,0.0894142910838127,-0.0340587608516216,0.228475704789162,0.0616409331560135,0.0793584138154984,0.192103624343872,0.260370254516602,0.19525845348835,0.0358799733221531,-0.0838274210691452,0.195217981934547,-0.0694662928581238,-0.0507241822779179,0.0857286676764488,0.185224905610085,-0.0373201295733452,0.208815157413483,0.118570141494274,-0.0114127304404974,0.0277216173708439,-0.090114414691925,0.0195791814476252,0.0122747290879488,0.0591144524514675,-0.00358828110620379,0.176114141941071,-0.0209490582346916,-0.00710265059024096,-0.0878866761922836,-0.0376809276640415,0.0195108540356159,0.215025439858437,-0.0222956892102957,0.154818326234818,0.100734747946262,-0.0461254417896271,0.223131731152534,0.0766687542200089,0.0705496147274971,0.146293342113495,0.195281177759171,0.16508674621582,-0.00784373003989458,-0.0760165154933929,0.199358001351357,-0.0769584104418755,-0.0662037581205368,0.0921437740325928,0.187007442116737
0.291661500930786,0.273112386465073,0.402211159467697,0,0.201783955097198,0.0170951802283525,-0.00323972455225885,0.120959982275963,0.149799883365631,0.272938132286072,0.293162196874619,0.384853899478912,0.649378538131714,0.128927603363991,0.00715733040124178,-0.00552911078557372,0.103642202913761,0.156681880354881,-0.0655237510800362,0.330372661352158,-0.0230871737003326,0.0448058806359768,0.0142935262992978,-0.0356192700564861,-0.101873502135277,0.0150277325883508,-0.00257249409332871,-0.00238006305880845,0.173583880066872,0.0371307507157326,-0.0334161520004272,-0.174915120005608,-0.0242587178945541,0.187828257679939,0.198241323232651,-0.0888932049274445,0.0837159156799316,0.124163247644901,0.138539433479309,0.238847807049751,0.268495947122574,0.041261401027441,0.158301338553429,0.173349052667618,0.191299498081207,0.0996536612510681,-0.0328960306942463,0.267075449228287,-0.0931577831506729,-0.0206933654844761,0.127437487244606,0.355963796377182,-0.0352322310209274,0.316454619169235,0.0271179862320423,0.0444988831877708,0.00589916668832302,-0.0512859523296356,-0.0517369545996189,-0.0155654903501272,0.0243954453617334,0.00915430765599012,0.166260123252869,0.0133265731856227,-0.0212173312902451,-0.153878331184387,0.00328005128540099,0.151659026741982,0.275334268808365,-0.058913130313158,0.158862069249153,0.140526920557022,0.0804141685366631,0.269915282726288,0.257486045360565,0.0824973881244659,0.158444344997406,0.192206650972366,0.201581358909607,0.0761207193136215,-0.0459816567599773,0.310254633426666,-0.0899791792035103,-0.0615167319774628,0.127882927656174,0.362159073352814
0.0835093408823013,0.117301173508167,0.111158423125744,0.201783955097198,0,0.00535957235842943,-0.0157493371516466,0.0232896413654089,0.062075424939394,0.0964734107255936,0.103857934474945,0.113910458981991,0.175845563411713,0.0384197123348713,-0.00255054235458374,-0.0207267217338085,0.0303530599921942,0.0594899095594883,-0.018800962716341,0.115355439484119,0.00652076583355665,0.0101162055507302,0.0101482216268778,-0.0115251084789634,-0.0110772699117661,0.0139907766133547,-0.0063915797509253,-0.0110584069043398,0.0816813781857491,0.0162797495722771,-0.0192364305257797,-0.0360447391867638,-0.00852047652006149,0.0183105692267418,0.0749938935041428,0.00561667885631323,0.0586178787052631,0.0514058768749237,0.0514216683804989,0.0959413722157478,0.0809468477964401,0.0179211907088757,0.0710408911108971,0.0741382613778114,0.0757190808653831,0.00626945775002241,0.00603644317016006,0.111819043755531,-0.036413598805666,-0.0179359633475542,0.0661105737090111,0.144949808716774,-0.0158552248030901,0.119376473128796,-0.0143614737316966,0.00490582687780261,-0.0128162121400237,-0.034070510417223,-0.0316703915596008,-0.0177213773131371,0.0019876470323652,-0.00132583652157336,0.0660284906625748,-0.0059127090498805,-0.0191558822989464,-0.0478637702763081,-0.0162123572081327,0.0280178654938936,0.0833962112665176,-0.00518303737044334,0.0603977851569653,0.0560822077095509,0.0366818681359291,0.0781465992331505,0.0664528235793114,0.00492210639640689,0.0381545946002007,0.0445532165467739,0.0578087009489536,-0.013133579865098,-0.0144221531227231,0.099466361105442,-0.0421626977622509,-0.0259455963969231,0.0429861582815647,0.133514821529388
-0.0119919255375862,0.00179714697878808,0.0311738345772028,0.0170951802283525,0.00535957235842943,0,0.174366548657417,0.0242485348135233,0.081571564078331,0.0439790934324265,-0.0137583930045366,0.0181628130376339,0.00907860696315765,-0.0223585590720177,0.436911076307297,0.186096906661987,0.0369291789829731,0.0612997636198997,0.106146581470966,0.0499793887138367,0.146456837654114,0.0882967486977577,0.13000525534153,0.233289405703545,0.224838778376579,0.12644274532795,0.328696012496948,0.127934470772743,0.0904657989740372,0.1217897310853,0.301495790481567,0.213497951626778,0.269151031970978,0.0822891071438789,-0.0100017003715038,0.0388820953667164,-0.00962840858846903,0.0732633620500565,0.10479811578989,0.0813157334923744,0.0784543603658676,0.251000314950943,0.218884125351906,-0.000982084893621504,0.159181103110313,0.0926298126578331,0.250436156988144,-0.0564123764634132,0.0602066554129124,0.156835749745369,0.120721243321896,0.100810594856739,0.0778447017073631,0.0256972201168537,0.0244290698319674,0.0717897564172745,0.0935712680220604,0.219893351197243,0.117468453943729,0.100520625710487,0.270617008209229,0.137420907616615,0.0286234151571989,0.115386217832565,0.265251696109772,0.145146548748016,0.222433358430862,0.0739469975233078,-0.0789067298173904,-0.0257921144366264,-0.0626270845532417,0.0509119257330894,0.111364476382732,0.032744012773037,0.0711792856454849,0.203186109662056,0.13984976708889,-0.0759490728378296,0.0774783492088318,0.0602167770266533,0.212207496166229,-0.0807657018303871,0.0611193813383579,0.13046757876873,0.104852356016636,0.0691334158182144
-0.100312471389771,-0.0941784158349037,-0.0286522507667542,-0.00323972455225885,-0.0157493371516466,0.174366548657417,0,-0.00976572278887033,-0.0106623638421297,-0.0570323877036572,-0.120898246765137,-0.0434982590377331,-0.0250669978559017,-0.0256769508123398,0.181225389242172,0.269695430994034,-0.00938600301742554,-0.0387941263616085,0.16278550028801,-0.0408875532448292,0.0326437503099442,0.0152570297941566,0.0773144885897636,0.185302585363388,0.0567385666072369,0.126585707068443,-0.00209718919359148,0.0698694661259651,-0.00218576588667929,0.0294966995716095,0.172263622283936,0.17567066848278,0.0678355544805527,0.0214732363820076,0.0194129906594753,0.0731187015771866,0.0654538422822952,-0.0312040634453297,0.0681807398796082,-0.132772669196129,0.0902062803506851,-0.046391773968935,-0.00863204896450043,-0.149756148457527,0.0645584762096405,0.0326359979808331,0.249335765838623,-0.0664971917867661,0.0549398995935917,0.136849954724312,0.012764323502779,0.0311054550111294,0.118580386042595,-0.0556867197155952,-0.0618909001350403,0.00245824060402811,0.0302477423101664,0.172726288437843,-0.0401661023497581,0.0884444639086723,-0.0381886661052704,0.0623088367283344,-0.0307071097195148,0.0310943815857172,0.090212881565094,0.0955971479415894,0.0453252121806145,0.02032689191401,-0.05050128698349,-0.0130295483395457,-0.0224208235740662,-0.0514653846621513,0.0763149783015251,-0.142855256795883,0.0926604270935059,-0.0689544826745987,-0.0271142777055502,-0.19096602499485,-0.00776056898757815,0.0392867662012577,0.20723320543766,-0.120537765324116,0.0375570431351662,0.115307576954365,-0.00231551239266992,0.00105481746140867
0.058540977537632,0.0777024105191231,0.151733830571175,0.120959982275963,0.0232896413654089,0.0242485348135233,-0.00976572278887033,0,0.0646502301096916,0.0440709330141544,0.0787528976798058,0.133840397000313,0.11709176003933,0.0199553966522217,0.0327993147075176,0.0144759155809879,0.10367589443922,0.0702278837561607,-0.0374336428940296,0.107723914086819,-0.055701982229948,0.0266803428530693,0.000932178169023246,-0.0124173043295741,-0.054283007979393,-0.022528076544404,0.0493474416434765,0.0160739179700613,0.0320360511541367,0.0148791400715709,0.0619856752455235,-0.0655834153294563,0.0220565255731344,0.0527626872062683,-0.0173302572220564,-0.0830674394965172,-0.0662067383527756,0.049512442201376,0.0232134815305471,0.0695585235953331,0.0219981763511896,0.0388374626636505,0.122191272675991,0.000191418454051018,0.0123384539037943,0.0107919936999679,0.00611857231706381,0.00554128503426909,-0.0104714529588819,-0.000816004176158458,0.0489247441291809,0.0887777432799339,-0.0182505995035172,0.0833068788051605,-0.0451633520424366,0.0344871878623962,-0.00504606030881405,-0.00258322875015438,-0.033940814435482,-0.000893661985173821,0.0650362521409988,0.0329526513814926,0.0370044037699699,0.0111011322587729,0.0623220540583134,-0.0507786832749844,0.0145472642034292,0.050428494811058,-0.000882349908351898,-0.091419629752636,-0.0137973232194781,0.0572663061320782,0.0134006356820464,0.0736915990710258,0.0403922274708748,0.0538001395761967,0.103569634258747,0.0116673624143004,0.0233847927302122,0.0108333546668291,0.0190873518586159,0.057234663516283,-0.0188320558518171,-0.0030640650074929,0.0654800608754158,0.096063457429409
0.221405357122421,0.239680290222168,0.148143768310547,0.149799883365631,0.062075424939394,0.081571564078331,-0.0106623638421297,0.0646502301096916,0,0.23182013630867,0.247708842158318,0.135004952549934,0.14583931863308,0.0489179231226444,0.0626717731356621,-0.0213220901787281,0.0524919927120209,0.204017594456673,-0.0447560586035252,0.181717365980148,0.0147598767653108,0.0637627840042114,0.0224233381450176,-0.0085006020963192,0.0236286595463753,0.00624825479462743,0.115971386432648,0.0146132772788405,0.0881480798125267,0.0873807892203331,0.00990925170481205,-0.0555599741637707,0.0563391335308552,0.116757534444332,0.0467590838670731,-0.0454307943582535,0.000112412497401237,0.167640134692192,0.0846799984574318,0.21057553589344,0.0632746964693069,0.14824578166008,0.134828865528107,0.117007330060005,0.0847607254981995,0.0426569171249866,0.000716097536496818,0.125242337584496,-0.0405406802892685,-0.0180528480559587,0.128296390175819,0.186102420091629,-0.0284999962896109,0.181327044963837,0.0482811778783798,0.0542112737894058,0.0286321621388197,-0.027299040928483,0.0504624545574188,0.0165137201547623,0.141519203782082,0.00631322525441647,0.098547674715519,0.0711445510387421,0.0535605251789093,-0.0256894007325172,0.0271220728754997,0.0802284181118011,0.0977257713675499,-0.0227853767573833,0.0526781156659126,0.171696498990059,0.0657722353935242,0.194931998848915,0.0650727227330208,0.163300916552544,0.145522102713585,0.121983550488949,0.127394929528236,0.00685201305896044,-0.00240948516875505,0.163850143551826,-0.0481689795851707,-0.00868440885096788,0.124615997076035,0.182340130209923
0.734527766704559,0.362085908651352,0.299029648303986,0.272938132286072,0.0964734107255936,0.0439790934324265,-0.0570323877036572,0.0440709330141544,0.23182013630867,0,0.351293414831161,0.305205553770065,0.234136357903481,0.094053216278553,0.032214593142271,-0.0642615333199501,0.0327293053269386,0.243074133992195,-0.0953859016299248,0.253506243228912,0.250930994749069,0.00811010599136353,0.0467730760574341,-0.147772163152695,0.19842304289341,0.206322059035301,0.120838895440102,-0.0986130610108376,0.217452570796013,-0.00777904083952308,-0.0445615090429783,0.00378902675583959,0.0145815331488848,0.165565147995949,0.234503328800201,0.106532961130142,0.183139905333519,0.135595932602882,0.179455548524857,0.339086413383484,0.228042021393776,0.220809757709503,0.101064138114452,0.463021010160446,0.277661681175232,0.185868978500366,-0.144745975732803,0.383182793855667,-0.043614249676466,-0.00865819770842791,0.0395696274936199,0.22699111700058,-0.151755690574646,0.203354552388191,0.159715756773949,-0.00336681446060538,0.0245534610003233,-0.160405308008194,0.112441778182983,0.0980268716812134,0.0856024846434593,-0.0689687952399254,0.12694188952446,-0.0326785407960415,-0.0365622118115425,-0.0243102386593819,0.00198532384820282,0.108331814408302,0.200969457626343,0.0687503293156624,0.0916727483272552,0.14427238702774,0.0760020986199379,0.280757695436478,0.137177929282188,0.142891108989716,0.0706199482083321,0.281477391719818,0.114725060760975,0.0415390096604824,-0.12122543156147,0.346015483140945,-0.0646218210458755,-0.0761289969086647,0.0541078262031078,0.202811911702156
0.432170808315277,0.516777455806732,0.287168502807617,0.293162196874619,0.103857934474945,-0.0137583930045366,-0.120898246765137,0.0787528976798058,0.247708842158318,0.351293414831161,0,0.342161923646927,0.314085125923157,0.110039234161377,-0.027985967695713,-0.122490420937538,0.0968370884656906,0.265905559062958,-0.193992003798485,0.306018590927124,0.00676832068711519,0.0696099475026131,0.0195125546306372,-0.108090907335281,-0.000117598101496696,-0.0217197854071856,0.133217081427574,0.0322077572345734,0.141884565353394,0.0933802649378777,-0.0724781006574631,-0.192346319556236,-0.000759037036914378,0.111518539488316,0.0544757060706615,-0.123234570026398,-0.0303992759436369,0.230415567755699,0.0231374241411686,0.356064677238464,0.0402550101280212,0.194306045770645,0.194110453128815,0.222352713346481,0.101234562695026,0.0550423599779606,-0.178585425019264,0.23641249537468,-0.102242611348629,-0.0802725777029991,0.175252020359039,0.268252938985825,-0.151761382818222,0.322752892971039,0.174900412559509,0.083288699388504,0.00474053248763084,-0.13827446103096,0.147473752498627,-0.0186001807451248,0.190024629235268,0.0158377289772034,0.197665214538574,0.0499883517622948,-0.0234726388007402,-0.089688740670681,-0.0120776323601604,0.113220684230328,0.260385602712631,0.00955507531762123,0.161543264985085,0.279185235500336,-0.00279384874738753,0.409212470054626,0.0776682496070862,0.257219344377518,0.211519971489906,0.321513056755066,0.272626727819443,0.0343659967184067,-0.157973513007164,0.318796962499619,-0.0520707704126835,-0.111564889550209,0.17277991771698,0.296057522296906
0.369473576545715,0.279905825853348,0.594450771808624,0.384853899478912,0.113910458981991,0.0181628130376339,-0.0434982590377331,0.133840397000313,0.135004952549934,0.305205553770065,0.342161923646927,0,0.412836104631424,0.085143655538559,0.02476548217237,-0.0226496420800686,0.147755593061447,0.155895993113518,-0.0816270560026169,0.235481545329094,0.0762087032198906,-0.0197327453643084,-0.00640552956610918,-0.0858052521944046,-0.00381688959896564,0.0357061550021172,0.0772940739989281,-0.0168584994971752,0.196996837854385,-0.00326497643254697,-0.0557249374687672,-0.151434749364853,-0.048767976462841,0.0292369704693556,0.210343480110168,-0.0337009057402611,0.121588036417961,0.0888502448797226,-0.0188186187297106,0.246773675084114,0.0603509023785591,0.0722762420773506,0.185084745287895,0.251992464065552,0.129381626844406,0.0523938573896885,-0.101788125932217,0.206220462918282,-0.0980325937271118,-0.069103054702282,0.0812995210289955,0.191662579774857,-0.0361631438136101,0.264247894287109,0.191682949662209,-0.0463925153017044,0.0109955379739404,-0.101255938410759,0.0779739245772362,0.0474329367280006,0.0786530822515488,-0.0281614121049643,0.244644090533257,-0.0423099733889103,-0.00721663096919656,-0.0715914741158485,-0.0137043474242091,0.0418143235146999,0.292003750801086,0.0524834617972374,0.235548183321953,0.0958717539906502,-0.0670033767819405,0.282961875200272,0.0729887187480927,0.120116792619228,0.199378430843353,0.293935775756836,0.236503422260284,0.00764202838763595,-0.0935215801000595,0.257684499025345,-0.0754462406039238,-0.0642486289143562,0.0737272948026657,0.230415910482407
0.300820142030716,0.261789709329605,0.392652779817581,0.649378538131714,0.175845563411713,0.00907860696315765,-0.0250669978559017,0.11709176003933,0.14583931863308,0.234136357903481,0.314085125923157,0.412836104631424,0,0.149447798728943,0.011602689512074,-0.013715835288167,0.130547732114792,0.166168361902237,-0.0689815655350685,0.316881358623505,-0.0270432010293007,0.043735183775425,0.0200874675065279,-0.0470047406852245,-0.101633302867413,0.00612154137343168,-0.018779581412673,0.00814043823629618,0.165928766131401,0.0362577103078365,-0.0635009333491325,-0.174721285700798,-0.0204903893172741,0.158760532736778,0.171039775013924,-0.100956223905087,0.0736920386552811,0.122980430722237,0.0726564973592758,0.246071115136147,0.213607147336006,0.0224516615271568,0.140852093696594,0.155667006969452,0.159809425473213,0.0867626816034317,-0.0523870885372162,0.249457746744156,-0.101579785346985,-0.0373941287398338,0.123640954494476,0.329351454973221,-0.0142748458310962,0.320487231016159,0.02879648655653,0.0333011038601398,0.00955057889223099,-0.0417885929346085,-0.0502838790416718,0.0185174439102411,0.00505582196637988,0.0134319690987468,0.194061174988747,0.0124960895627737,-0.0346843861043453,-0.146969124674797,-0.0111412294209003,0.149681866168976,0.290795743465424,-0.0519523806869984,0.1828393638134,0.141478583216667,0.0721179842948914,0.275547713041306,0.271501213312149,0.0759982317686081,0.156381085515022,0.205229103565216,0.204803660511971,0.073016345500946,-0.0198846813291311,0.320461392402649,-0.105368360877037,-0.0619215182960033,0.135012909770012,0.389823317527771
0.103122964501381,0.099181279540062,0.0663688480854034,0.128927603363991,0.0384197123348713,-0.0223585590720177,-0.0256769508123398,0.0199553966522217,0.0489179231226444,0.094053216278553,0.110039234161377,0.085143655538559,0.149447798728943,0,-0.00946846604347229,-0.0283423960208893,0.0155894495546818,0.0990602150559425,-0.0233089383691549,0.131730973720551,-0.0291126370429993,0.0203842017799616,0.0120592750608921,-0.0234829224646091,-0.0295582842081785,-0.0179002862423658,0.00106733676511794,-0.0168914757668972,0.0350021831691265,0.0135039845481515,-0.0308241732418537,-0.0566501095890999,0.00112470146268606,0.0483061634004116,0.0251995157450438,-0.0413383841514587,-0.005726657807827,0.0506436564028263,0.0457499995827675,0.0862748548388481,0.057272020727396,0.0358813367784023,0.0601281486451626,0.0412590093910694,0.053151722997427,0.0110357208177447,-0.0197368040680885,0.0873893201351166,-0.0491239205002785,-0.0099232941865921,0.0698399916291237,0.116085931658745,-0.0172986295074224,0.117727793753147,0.0104569941759109,0.0197390504181385,-0.0032272981479764,-0.020439064130187,0.000706545892171562,-0.0112852649763227,0.0248959586024284,-0.0136671429499984,0.0310403741896152,0.0157810188829899,-0.0154975820332766,-0.0273539889603853,-0.00441295374184847,0.0643533393740654,0.0793265625834465,-0.0292815882712603,0.0533846952021122,0.0693792402744293,0.0497041940689087,0.08758295327425,0.0685736462473869,0.0499042011797428,0.0790245532989502,0.0664609298110008,0.0936790257692337,-0.00155132508371025,-0.0117127522826195,0.112376399338245,-0.0226789880543947,-0.0251379534602165,0.0613350309431553,0.135916978120804
-0.0105648282915354,-0.0166464596986771,0.0238686986267567,0.00715733040124178,-0.00255054235458374,0.436911076307297,0.181225389242172,0.0327993147075176,0.0626717731356621,0.032214593142271,-0.027985967695713,0.02476548217237,0.011602689512074,-0.00946846604347229,0,0.235607445240021,0.047717247158289,0.0576844401657581,0.0812848210334778,0.0399606078863144,0.127713978290558,0.0724595561623573,0.113511256873608,0.238142564892769,0.196779608726501,0.117784194648266,0.30141618847847,0.125305652618408,0.0939753502607346,0.101798340678215,0.307775914669037,0.183627888560295,0.26303619146347,0.0897228121757507,-0.0225045345723629,0.00472362479194999,-0.0341033227741718,0.0525472015142441,0.0962019339203835,0.0651930347084999,0.0876079276204109,0.230356186628342,0.214752495288849,-0.0289019178599119,0.15050695836544,0.0902954116463661,0.234420895576477,-0.0727418139576912,0.0408425629138947,0.136157914996147,0.0934680178761482,0.0987669378519058,0.0774855837225914,0.0346243046224117,0.0561436004936695,0.0721447467803955,0.111789092421532,0.240464866161346,0.131742373108864,0.144069999456406,0.276291191577911,0.123865984380245,0.0590005293488503,0.100123949348927,0.257520288228989,0.157042920589447,0.268117219209671,0.0683403238654137,-0.0533807575702667,-0.0243274122476578,-0.0535976998507977,0.0436324365437031,0.125783115625381,0.0427949391305447,0.0774407088756561,0.217033863067627,0.159380614757538,-0.0561411529779434,0.103340469300747,0.0848458930850029,0.233776152133942,-0.0621131658554077,0.042072419077158,0.147782891988754,0.0928220301866531,0.0901787504553795
-0.095167763531208,-0.112875655293465,-0.024885643273592,-0.00552911078557372,-0.0207267217338085,0.186096906661987,0.269695430994034,0.0144759155809879,-0.0213220901787281,-0.0642615333199501,-0.122490420937538,-0.0226496420800686,-0.013715835288167,-0.0283423960208893,0.235607445240021,0,0.0298414975404739,-0.00698995962738991,0.130150780081749,-0.0251774732023478,0.032238993793726,0.0217343252152205,0.0743549987673759,0.184565454721451,0.0288475565612316,0.112674161791801,-0.00142304133623838,0.0324849262833595,0.00217739422805607,0.0350362956523895,0.143929079174995,0.126191034913063,0.100237667560577,0.0350678004324436,0.00848778802901506,0.0314606316387653,0.0423698462545872,-0.0547097660601139,0.0759867653250694,-0.106813363730907,0.108251892030239,-0.0310400761663914,0.00348715926520526,-0.125191003084183,0.0469715856015682,0.0407629422843456,0.227759152650833,-0.0631944760680199,0.0436859987676144,0.11374805867672,0.0188127253204584,0.042478684335947,0.131182864308357,-0.0230838842689991,-0.0226871017366648,0.00703853461891413,0.0439920164644718,0.196091890335083,-0.0171078406274319,0.126366749405861,-0.0285267289727926,0.0292801596224308,-0.00107625080272555,0.0339777395129204,0.106199085712433,0.095149502158165,0.101362273097038,0.0409799590706825,-0.0120404725894332,-0.0148541489616036,0.0149417147040367,-0.0690758004784584,0.0948661863803864,-0.121119447052479,0.111770704388618,-0.0420263260602951,-0.0284545514732599,-0.145159348845482,0.0027935856487602,0.0459413267672062,0.241027489304543,-0.0764366313815117,0.0270610321313143,0.14668495953083,0.00559656834229827,0.0416288673877716
0.0431887395679951,0.0552453845739365,0.124774359166622,0.103642202913761,0.0303530599921942,0.0369291789829731,-0.00938600301742554,0.10367589443922,0.0524919927120209,0.0327293053269386,0.0968370884656906,0.147755593061447,0.130547732114792,0.0155894495546818,0.047717247158289,0.0298414975404739,0,0.0727611556649208,-0.0265645459294319,0.106010936200619,-0.0448980554938316,0.0369558408856392,0.0153149543330073,-0.00613502180203795,-0.0279361549764872,-0.0380224511027336,0.0769854187965393,0.0235076490789652,0.0161465089768171,0.0364042893052101,0.0612024366855621,-0.0669475197792053,0.00496715400367975,0.0337899997830391,-0.0219049248844385,-0.0752113312482834,-0.0558718666434288,0.0432983860373497,0.0149366045370698,0.0619763359427452,0.00561447907239199,0.0666043385863304,0.130966380238533,-0.0117627810686827,0.0173912588506937,0.00888790469616652,0.0169909745454788,-0.0179113559424877,-0.0112656001001596,-0.0100345965474844,0.0396852493286133,0.0671510323882103,-0.00985154137015343,0.0851409211754799,-0.03745087236166,0.0451380275189877,0.00334774097427726,0.012804695405066,-0.0292768366634846,-0.0146051999181509,0.0586468428373337,0.0226476658135653,0.0266017653048038,0.0271376632153988,0.0495770126581192,-0.0519430674612522,0.0213209558278322,0.0442439019680023,-0.0136377075687051,-0.103089049458504,-0.0258161574602127,0.0543232783675194,0.00382972927764058,0.0724834427237511,0.00997502636164427,0.0698971301317215,0.120242841541767,0.00849806796759367,0.00640119612216949,0.0113114416599274,0.0236481558531523,0.0271808598190546,-0.00739237805828452,-0.00886707846075296,0.0562318116426468,0.0784416943788528
0.274816364049911,0.232419073581696,0.155895218253136,0.156681880354881,0.0594899095594883,0.0612997636198997,-0.0387941263616085,0.0702278837561607,0.204017594456673,0.243074133992195,0.265905559062958,0.155895993113518,0.166168361902237,0.0990602150559425,0.0576844401657581,-0.00698995962738991,0.0727611556649208,0,-0.0493986271321774,0.183132246136665,0.0485106818377972,0.0550395995378494,0.0371475704014301,0.00206344644539058,0.0594606660306454,0.0289159212261438,0.111960999667645,0.0097259758040309,0.100963160395622,0.0865129977464676,0.00844501703977585,-0.0267715957015753,0.0610504858195782,0.0918821915984154,0.0442619323730469,-0.0395400635898113,0.0142820859327912,0.164002314209938,0.0756151601672173,0.19192436337471,0.0654613897204399,0.158301368355751,0.133214205503464,0.131317436695099,0.0894326791167259,0.0543758049607277,0.0204747263342142,0.160572037100792,-0.0377698726952076,0.0265374220907688,0.171035319566727,0.197425931692123,-0.00390535104088485,0.191869542002678,0.113497406244278,0.0672856941819191,0.023590873926878,-0.00420878967270255,0.11015222966671,0.0331953205168247,0.142130166292191,0.0174035374075174,0.121219009160995,0.0715175569057465,0.0584912747144699,0.0142094334587455,0.0483227632939816,0.109979026019573,0.129679977893829,0.0257208570837975,0.0973637104034424,0.180402219295502,0.0671133026480675,0.2036102861166,0.0788877606391907,0.193706542253494,0.145893707871437,0.165122285485268,0.174779266119003,0.0461793132126331,0.0282412506639957,0.187177240848541,0.00255328416824341,-0.00713364407420158,0.151358738541603,0.225598201155663
-0.17146347463131,-0.13094562292099,-0.0480778999626637,-0.0655237510800362,-0.018800962716341,0.106146581470966,0.16278550028801,-0.0374336428940296,-0.0447560586035252,-0.0953859016299248,-0.193992003798485,-0.0816270560026169,-0.0689815655350685,-0.0233089383691549,0.0812848210334778,0.130150780081749,-0.0265645459294319,-0.0493986271321774,0,-0.0716516226530075,0.226402178406715,0.0202972069382668,0.0439715757966042,0.308969676494598,0.266012847423553,0.316245883703232,-0.110251493752003,0.0998473390936852,0.0422458797693253,0.068840354681015,0.0831742659211159,0.630897879600525,0.0436692088842392,-0.0435133725404739,0.460319012403488,0.183329209685326,0.534573674201965,-0.0476696267724037,0.0493291467428207,-0.14176481962204,0.139264062047005,-0.0177715327590704,-0.101878799498081,-0.0456275381147861,0.232229620218277,0.0548118613660336,0.741147756576538,0.164048373699188,0.148387402296066,0.183490410447121,0.170253977179527,0.0986586287617683,0.684962272644043,-0.0675983503460884,0.0519163571298122,-0.00527099473401904,0.0247795730829239,0.263010710477829,0.0784550532698631,0.23415344953537,-0.148570120334625,0.0959745347499847,0.00781797524541616,0.0621966458857059,0.00699108885601163,0.444623023271561,0.0505215190351009,-0.0206355359405279,0.197784721851349,0.18186017870903,0.310852020978928,-0.0926612466573715,0.103252537548542,-0.202680334448814,0.107863150537014,-0.0772822126746178,-0.0948150232434273,-0.118056312203407,0.108427248895168,0.0322636812925339,0.63278341293335,0.00391884753480554,0.108908079564571,0.199207663536072,0.173769429326057,0.0652454122900963
0.254939347505569,0.26917290687561,0.235370084643364,0.330372661352158,0.115355439484119,0.0499793887138367,-0.0408875532448292,0.107723914086819,0.181717365980148,0.253506243228912,0.306018590927124,0.235481545329094,0.316881358623505,0.131730973720551,0.0399606078863144,-0.0251774732023478,0.106010936200619,0.183132246136665,-0.0716516226530075,0,-0.0720125585794449,0.160719841718674,0.0523584559559822,0.0215037129819393,-0.141945242881775,-0.00698794377967715,0.0157440863549709,0.0262052807956934,0.263433218002319,0.17351333796978,-0.0731485858559608,-0.308221310377121,0.0239459853619337,0.374177515506744,0.215588763356209,-0.215608820319176,0.0385298505425453,0.274053752422333,0.259946912527084,0.450756549835205,0.37273958325386,0.103341653943062,0.339874476194382,0.28167861700058,0.359295725822449,0.254178375005722,0.0480152405798435,0.411917507648468,-0.162659525871277,-0.0353497304022312,0.302674144506454,0.576563477516174,0.0201522074639797,0.623221099376678,-0.0715128183364868,0.17632420361042,0.00765679450705647,-0.00488379457965493,-0.114501722157001,-0.00424394104629755,0.0719106495380402,0.0423380956053734,0.225188583135605,0.136612325906754,-0.0253684241324663,-0.282930999994278,0.0294528435915709,0.357261002063751,0.306383162736893,-0.24360303580761,0.135052442550659,0.281921178102493,0.215928748250008,0.462825328111649,0.36761462688446,0.163874834775925,0.340385615825653,0.251136183738708,0.310910791158676,0.204976260662079,0.051095400005579,0.470013201236725,-0.18408215045929,-0.0944371894001961,0.258602321147919,0.573691546916962
0.0965361595153809,0.0507387518882751,0.113394215703011,-0.0230871737003326,0.00652076583355665,0.146456837654114,0.0326437503099442,-0.055701982229948,0.0147598767653108,0.250930994749069,0.00676832068711519,0.0762087032198906,-0.0270432010293007,-0.0291126370429993,0.127713978290558,0.032238993793726,-0.0448980554938316,0.0485106818377972,0.226402178406715,-0.0720125585794449,0,-0.118230938911438,0.0665648728609085,0.192116722464561,0.726889252662659,0.548607110977173,0.212870910763741,-0.0240195076912642,0.286340981721878,-0.0603496059775352,0.0911182090640068,0.45085608959198,0.163606777787209,-0.0965223386883736,0.573547303676605,0.475185245275497,0.510234475135803,-0.0663769543170929,-0.0482386127114296,0.139913201332092,0.108349449932575,0.352130860090256,-0.0092164920642972,0.691442310810089,0.405402958393097,0.362071573734283,0.0845658332109451,0.436982363462448,0.0142299840226769,0.0150147303938866,0.0166678987443447,0.0149882500991225,0.0637445747852325,-0.0629832968115807,0.686916887760162,-0.165294080972672,0.0671034380793571,0.119465693831444,0.534041285514832,0.289090842008591,0.0970628783106804,0.0061438949778676,0.13063557446003,-0.0565564818680286,0.0606948621571064,0.30756476521492,0.123322650790215,-0.0837224125862122,0.375486791133881,0.389603644609451,0.275081872940063,-0.0795308500528336,-0.013445632532239,0.030625818297267,0.0605854503810406,0.207606732845306,-0.0825468227267265,0.350579380989075,0.158537417650223,0.169953927397728,0.0671003386378288,0.155656933784485,0.0782760381698608,0.00428433809429407,0.0231837667524815,-0.0269258338958025
-0.0336873456835747,0.0846409350633621,0.00610463367775083,0.0448058806359768,0.0101162055507302,0.0882967486977577,0.0152570297941566,0.0266803428530693,0.0637627840042114,0.00811010599136353,0.0696099475026131,-0.0197327453643084,0.043735183775425,0.0203842017799616,0.0724595561623573,0.0217343252152205,0.0369558408856392,0.0550395995378494,0.0202972069382668,0.160719841718674,-0.118230938911438,0,0.0112644582986832,0.320910900831223,0.024945043027401,-0.132248982787132,0.117210678756237,0.211606830358505,0.0526139736175537,0.911990761756897,0.02044109813869,-0.153891369700432,0.18255041539669,0.368593245744705,-0.069424569606781,-0.163919910788536,-0.115890525281429,0.865079581737518,0.311257660388947,0.0492742881178856,0.261616826057434,0.289847046136856,0.0804774165153503,-0.0239451937377453,0.0920293554663658,0.666462182998657,0.139734908938408,0.0258850306272507,-0.0280108042061329,0.0162172261625528,0.19426217675209,0.22038696706295,0.0783813297748566,0.14970438182354,-0.22048531472683,0.969882547855377,-0.00439289631322026,0.33277752995491,-0.0581635162234306,-0.0777716934680939,0.167336151003838,0.263359010219574,-0.00229003140702844,0.898973941802979,0.0126756681129336,-0.181355699896812,0.177654504776001,0.341347247362137,-0.124198473989964,-0.223680749535561,-0.1447614133358,0.825200080871582,0.340826034545898,0.0402891300618649,0.266518354415894,0.313816428184509,0.0934380069375038,-0.101654909551144,0.00105273874942213,0.570010602474213,0.138613313436508,0.0424909889698029,-0.0660251379013062,0.00771033717319369,0.164713874459267,0.186801329255104
0.0252677034586668,0.0196154285222292,0.00962275732308626,0.0142935262992978,0.0101482216268778,0.13000525534153,0.0773144885897636,0.000932178169023246,0.0224233381450176,0.0467730760574341,0.0195125546306372,-0.00640552956610918,0.0200874675065279,0.0120592750608921,0.113511256873608,0.0743549987673759,0.0153149543330073,0.0371475704014301,0.0439715757966042,0.0523584559559822,0.0665648728609085,0.0112644582986832,0,0.155940532684326,0.108970940113068,0.127794861793518,0.0551282986998558,0.0303772855550051,0.0905759707093239,0.0363409742712975,0.0988039374351501,0.109692059457302,0.102868631482124,0.0354671813547611,0.064763031899929,0.0377815812826157,0.0668910145759583,0.0215463247150183,0.0540295019745827,0.0422179102897644,0.0651307255029678,0.0381348766386509,0.0650804117321968,0.0362348556518555,0.0816685333848,0.0797876194119453,0.123436935245991,0.0609361678361893,0.0301759000867605,0.0973556041717529,0.0557108521461487,0.110932074487209,0.0318274274468422,0.0252968147397041,0.043792687356472,0.000768821511883289,0.0560088083148003,0.134402543306351,0.0760675072669983,0.116168215870857,0.0550316870212555,0.0139929326251149,0.0621913522481918,0.036464050412178,0.0871885567903519,0.0830674320459366,0.0816963538527489,0.00832152925431728,0.063633143901825,0.029193913564086,0.0401112921535969,0.00827903300523758,0.0429150983691216,0.028762798756361,0.0578651428222656,0.0564901605248451,0.0413967072963715,0.00226136273704469,0.0653202906250954,0.0696732699871063,0.0848050639033318,0.0368628613650799,0.0250063668936491,0.0534528009593487,0.0341979674994946,0.0897138118743896
-0.0952073037624359,-0.0941428393125534,-0.0674079209566116,-0.0356192700564861,-0.0115251084789634,0.233289405703545,0.185302585363388,-0.0124173043295741,-0.0085006020963192,-0.147772163152695,-0.108090907335281,-0.0858052521944046,-0.0470047406852245,-0.0234829224646091,0.238142564892769,0.184565454721451,-0.00613502180203795,0.00206344644539058,0.308969676494598,0.0215037129819393,0.192116722464561,0.320910900831223,0.155940532684326,0,0.302195638418198,0.353865534067154,0.0820936486124992,0.548416614532471,0.0907130837440491,0.533774971961975,0.188241302967072,0.209698364138603,0.36192998290062,0.0890186876058578,0.134265720844269,0.0194669906049967,0.097719207406044,0.27052515745163,0.134955078363419,-0.0886805951595306,0.152919217944145,0.0988991484045982,0.0428549349308014,-0.0304798614233732,0.0836790502071381,0.496148228645325,0.388559907674789,0.00260277627967298,0.0652348101139069,0.154997915029526,0.135042548179626,0.161171182990074,0.322676986455917,0.0378760285675526,0.0788873583078384,0.303463459014893,0.113741181790829,0.83064603805542,0.213832542300224,0.360826373100281,0.0936328023672104,0.519610166549683,0.0790955424308777,0.550961673259735,0.161862671375275,0.225296825170517,0.369621843099594,0.107619307935238,0.12028306722641,-0.00172122148796916,0.138449519872665,0.19426392018795,0.180477768182755,-0.0631594955921173,0.170897632837296,0.167514815926552,0.0458071045577526,-0.0594485253095627,0.0758982673287392,0.484735071659088,0.327040642499924,-0.0257800463587046,0.0592730268836021,0.150565966963768,0.100265935063362,0.113680317997932
