0 0.32867 0.26491 0.28028 0.090576 -0.0082114 -0.091891 0.06093 0.2103 0.72319 0.41296 0.35808 0.29533 0.11715 0.0012144 -0.099318 0.041157 0.26523 -0.16912 0.23641 0.048647 -0.018665 0.023502 -0.057289 0.045969 0.13058 0.09322 0.037872 0.1839 0.0098245 -0.1567 -0.12034 0.015812 0.13387 0.085164 -0.079879 0.0064933 0.12788 0.071869 0.36829 0.077598 0.18162 0.095872 0.36033 0.022332 0.18673 -0.18256 0.34839 -0.10747 -0.067274 0.031456 0.23184 -0.046148 0.27556 0.42025 -0.014553 0.035976 -0.073561 0.36671 0.2518 0.19285 0.013243 0.32058 -0.024923 -0.026399 0.12925 0.028838 0.14355 0.39809 0.19374 0.30459 0.14766 0.072331 0.45726 0.18274 0.32076 0.17895 0.60084 0.4019 0.20431 -0.12723 0.5435 0.001304 -0.087886 0.051363 0.28456
0.32867 0 0.23907 0.26533 0.11234 0.018253 -0.077144 0.071101 0.22286 0.34687 0.48826 0.25773 0.25109 0.096398 -0.0016415 -0.094222 0.055183 0.20785 -0.11606 0.26033 0.040452 0.10068 0.021255 -0.050046 0.062399 0.041761 0.14341 0.084657 0.14121 0.14256 -0.028053 -0.1093 0.017154 0.18814 0.10424 -0.077799 0.0034546 0.23837 0.15168 0.33179 0.13213 0.19425 0.16145 0.21044 0.15831 0.1417 -0.10907 0.23169 -0.046704 -0.056579 0.16811 0.29342 -0.12355 0.25033 0.060925 0.10079 0.014943 -0.067588 0.065281 -0.0020537 0.13558 0.078146 0.12797 0.098067 -0.0087396 -0.08948 -0.012025 0.12123 0.1539 -0.03817 0.071826 0.27138 0.10226 0.3139 0.11059 0.19292 0.15014 0.18181 0.16518 0.080668 -0.11514 0.22572 -0.048586 -0.074101 0.15547 0.26652
0.26491 0.23907 0 0.39344 0.10432 0.038546 -0.017934 0.14405 0.14195 0.27995 0.26466 0.57799 0.37933 0.066471 0.037703 -0.029252 0.11717 0.15304 -0.03822 0.19529 0.11192 0.0075104 0.013929 -0.033262 0.030217 0.044738 0.086661 0.01367 0.18903 0.032477 4.8285e-05 -0.071243 -0.020483 0.05938 0.2221 -0.014907 0.13595 0.097869 0.020139 0.19535 0.081878 0.086578 0.17246 0.2438 0.19246 0.065877 -0.069318 0.17437 -0.050279 -0.046234 0.065793 0.18281 -0.029869 0.16574 0.11013 -0.0075405 0.035042 -0.052948 0.028139 0.028509 0.07054 0.016217 0.16167 0.00097662 0.0068492 -0.074821 -0.010255 0.031438 0.19231 -0.023251 0.13845 0.10603 -0.00054412 0.19434 0.09231 0.081096 0.12055 0.16968 0.15712 0.016065 -0.06431 0.17434 -0.059851 -0.052307 0.076693 0.17044
0.28028 0.26533 0.39344 0 0.19535 0.016693 -0.0065525 0.10562 0.13967 0.25868 0.27459 0.37963 0.64934 0.12527 0.011741 -0.015598 0.095654 0.14718 -0.059781 0.29384 -0.036409 0.038349 0.012088 -0.021808 -0.09124 0.0099091 0.0095516 0.030928 0.14179 0.054105 -0.027247 -0.16051 -0.019661 0.19996 0.1726 -0.099142 0.06138 0.13396 0.20223 0.20711 0.2868 0.034724 0.12979 0.15349 0.15797 0.11923 -0.025468 0.23791 -0.069608 -0.018311 0.12712 0.35199 -0.018435 0.2765 0.018236 0.040151 0.01334 -0.032625 -0.048404 -0.014563 0.025723 0.033393 0.15239 0.033006 -0.020644 -0.13209 0.011904 0.16013 0.26215 -0.061702 0.15565 0.15037 0.13636 0.24681 0.27147 0.078304 0.13232 0.17776 0.18461 0.095894 -0.03671 0.30566 -0.061256 -0.056329 0.1238 0.34725
0.090576 0.11234 0.10432 0.19535 0 -0.003877 -0.021128 0.020415 0.056893 0.099801 0.10634 0.1156 0.17027 0.044401 -0.0027809 -0.028081 0.021697 0.06199 -0.018912 0.10677 -0.00084883 0.0050734 0.01277 -0.0136 -0.020407 0.0019973 -0.0056316 -0.0081415 0.072101 0.0071716 -0.028036 -0.035861 -0.010144 0.026217 0.070946 0.0015668 0.050344 0.053681 0.079849 0.090951 0.091596 0.011574 0.055296 0.070851 0.063373 0.017127 0.0076497 0.10728 -0.029815 -0.021887 0.06382 0.14487 -0.0076808 0.10952 -0.014166 -0.0012489 -0.013569 -0.033845 -0.035547 -0.0097339 -0.0028039 -0.0021287 0.064957 -0.0050945 -0.019875 -0.044418 -0.017404 0.029824 0.088665 -0.0095869 0.065285 0.054889 0.060766 0.07991 0.083598 0.0043652 0.024896 0.046366 0.05281 -0.004212 -0.0069194 0.10827 -0.038298 -0.025197 0.048217 0.13158
-0.0082114 0.018253 0.038546 0.016693 -0.003877 0 0.1678 0.023225 0.088706 0.063208 0.0011512 0.026747 0.0062071 -0.015252 0.43418 0.16512 0.041712 0.070323 0.069738 0.046853 0.15008 0.10514 0.13563 0.22032 0.24679 0.12707 0.3393 0.12764 0.089559 0.12987 0.29563 0.21059 0.27467 0.073149 -0.027856 0.02552 -0.016341 0.090374 0.091282 0.10391 0.0596 0.27479 0.22871 0.0090868 0.18399 0.084679 0.22077 -0.061907 0.058084 0.15169 0.11923 0.085325 0.031222 0.027946 0.0059702 0.084729 0.089659 0.21348 0.12965 0.09153 0.28664 0.13652 0.014131 0.11867 0.26867 0.13486 0.2346 0.070216 -0.1148 -0.056004 -0.095693 0.066998 0.0983 0.036606 0.055589 0.22392 0.15212 -0.088674 0.073091 0.04888 0.18729 -0.10493 0.047737 0.12374 0.10257 0.051422
-0.091891 -0.077144 -0.017934 -0.0065525 -0.021128 0.1678 0 -0.0096354 -0.0077919 -0.040531 -0.10185 -0.042025 -0.029026 -0.023323 0.1755 0.25266 -0.012073 -0.031982 0.15973 -0.04095 0.054148 0.027985 0.077236 0.18218 0.074541 0.13388 0.00072351 0.070833 0.021198 0.037833 0.16518 0.17035 0.070241 0.012345 0.027173 0.081704 0.075641 -0.015531 0.051387 -0.12273 0.065896 -0.031897 0.0010385 -0.12495 0.066258 0.029939 0.2362 -0.059936 0.044349 0.13586 0.016333 0.02987 0.092917 -0.049872 -0.063575 0.019154 0.027612 0.15959 -0.032909 0.074144 -0.02838 0.063219 -0.023391 0.034446 0.086213 0.086394 0.056862 0.018982 -0.059239 -0.020001 -0.027507 -0.035225 0.054343 -0.14158 0.066314 -0.060263 -0.022254 -0.18953 -0.025455 0.035588 0.18918 -0.12928 0.025036 0.11113 0.0019312 -0.0062644
0.06093 0.071101 0.14405 0.10562 0.020415 0.023225 -0.0096354 0 0.052138 0.037582 0.073638 0.12937 0.10107 0.013382 0.035383 0.0023556 0.1085 0.065209 -0.034562 0.087285 -0.060977 0.023038 0.00073011 -0.008619 -0.045444 -0.02243 0.054416 0.02089 0.02358 0.01323 0.067088 -0.059723 0.02458 0.047273 -0.025645 -0.085472 -0.075626 0.049086 0.022986 0.069727 0.014768 0.045236 0.1183 -0.0013311 0.0075247 0.0082432 0.0045576 -0.0014941 -0.0041828 0.0018065 0.043334 0.087181 -0.022028 0.072156 -0.038358 0.025622 -0.0026235 -0.00076825 -0.020481 0.004226 0.068474 0.034176 0.032489 0.0051287 0.064382 -0.04 0.0091799 0.045033 0.0028263 -0.083523 -0.011353 0.054619 0.0163 0.077758 0.035269 0.059374 0.099258 0.021244 0.033865 0.010048 0.012511 0.057023 -0.016515 0.0047504 0.053948 0.089281
0.2103 0.22286 0.14195 0.13967 0.056893 0.088706 -0.0077919 0.052138 0 0.22361 0.2312 0.13019 0.13336 0.048057 0.074518 -0.022343 0.053142 0.19749 -0.052232 0.16549 0.0040829 0.0759 0.017097 0.0038116 0.030417 0.0079508 0.13075 0.023293 0.078569 0.10549 0.021951 -0.053717 0.066309 0.13135 0.035751 -0.066436 -0.01577 0.17958 0.10433 0.19253 0.080852 0.15495 0.13501 0.10311 0.075012 0.063356 -0.0033506 0.11478 -0.028531 -0.018639 0.12178 0.18773 -0.038681 0.17086 0.043798 0.069283 0.031262 -0.0099988 0.058503 0.020628 0.14865 0.018269 0.090562 0.092189 0.060605 -0.012802 0.036837 0.079164 0.086193 -0.036757 0.037611 0.18688 0.081107 0.18814 0.07218 0.17871 0.13584 0.10816 0.12404 0.030159 -0.0032161 0.15418 -0.035442 -0.0069435 0.12295 0.17612
0.72319 0.34687 0.27995 0.25868 0.099801 0.063208 -0.040531 0.037582 0.22361 0 0.31905 0.27659 0.21667 0.10122 0.0565 -0.053012 0.031816 0.2297 -0.084994 0.23131 0.25974 0.013538 0.053553 -0.073754 0.21526 0.23018 0.15572 -0.050853 0.20394 0.023829 -0.012024 0.058976 0.051678 0.20613 0.2244 0.0918 0.19016 0.13995 0.27844 0.31592 0.28499 0.24153 0.089511 0.45587 0.27734 0.26654 -0.1309 0.3928 -0.023317 -0.0012325 0.034597 0.23438 -0.15263 0.17104 0.1298 0.0039329 0.029622 -0.079404 0.11986 0.13823 0.1084 -0.021356 0.10215 0.012818 -0.013422 0.013626 0.03924 0.13997 0.14323 0.033164 0.049763 0.15839 0.1656 0.27033 0.17774 0.15972 0.053346 0.23241 0.097378 0.10792 -0.10572 0.3375 -0.035279 -0.056745 0.058005 0.19681
0.41296 0.48826 0.26466 0.27459 0.10634 0.0011512 -0.10185 0.073638 0.2312 0.31905 0 0.32043 0.30087 0.11216 -0.0096574 -0.10857 0.092731 0.2485 -0.20069 0.29113 -0.026964 0.079254 0.015318 -0.069082 0.0041914 -0.022543 0.14102 0.072429 0.12249 0.12076 -0.064817 -0.19795 0.011946 0.13838 0.023268 -0.15756 -0.069197 0.24279 0.070673 0.34479 0.077693 0.1911 0.18673 0.19226 0.066307 0.10368 -0.16525 0.21658 -0.089922 -0.078354 0.16773 0.28683 -0.14589 0.30076 0.15033 0.090282 0.0056401 -0.092255 0.14676 0.0017547 0.19667 0.047521 0.1873 0.079092 -0.0074565 -0.067688 0.0083449 0.14324 0.23969 -0.012927 0.15292 0.28141 0.055834 0.39881 0.12072 0.26823 0.20412 0.31 0.26519 0.083126 -0.13753 0.31966 -0.037467 -0.10419 0.16918 0.30817
0.35808 0.25773 0.57799 0.37963 0.1156 0.026747 -0.042025 0.12937 0.13019 0.27659 0.32043 0 0.40741 0.085917 0.028018 -0.029089 0.14658 0.15581 -0.082321 0.20645 0.051114 -0.018234 -0.0059576 -0.051298 -0.0084505 0.023356 0.080524 0.026195 0.18256 0.011178 -0.045167 -0.13926 -0.026912 0.043414 0.18727 -0.056317 0.10646 0.097142 0.015329 0.21986 0.064795 0.060967 0.1724 0.22125 0.10726 0.083403 -0.097328 0.17323 -0.083999 -0.067208 0.063234 0.19349 -0.028518 0.23167 0.17969 -0.042041 0.02297 -0.068971 0.078817 0.060048 0.088955 0.0038874 0.23316 -0.019765 0.0052085 -0.050648 0.013215 0.045914 0.27902 0.046542 0.23052 0.10648 -0.033594 0.26576 0.086741 0.12053 0.18414 0.28266 0.22889 0.041873 -0.085539 0.24418 -0.052026 -0.055754 0.058305 0.21714
0.29533 0.25109 0.37933 0.64934 0.17027 0.0062071 -0.029026 0.10107 0.13336 0.21667 0.30087 0.40741 0 0.14486 0.012225 -0.0059017 0.11585 0.15763 -0.06496 0.26425 -0.041805 0.035465 0.014667 -0.024033 -0.095143 -0.0016943 -0.002406 0.057891 0.13061 0.049334 -0.066352 -0.16929 -0.022101 0.166 0.14318 -0.11393 0.046484 0.13234 0.12224 0.21377 0.21814 0.018105 0.11196 0.12979 0.11428 0.10438 -0.051937 0.21465 -0.086098 -0.046606 0.11648 0.31661 0.0044864 0.28266 0.034141 0.029111 0.015323 -0.018983 -0.034204 0.03073 0.012933 0.050806 0.18809 0.027473 -0.034762 -0.11717 0.0011174 0.16008 0.2941 -0.041324 0.19216 0.15061 0.12759 0.2505 0.29068 0.07745 0.13068 0.201 0.19477 0.099825 -0.010275 0.32013 -0.084973 -0.048032 0.12098 0.37338
0.11715 0.096398 0.066471 0.12527 0.044401 -0.015252 -0.023323 0.013382 0.048057 0.10122 0.11216 0.085917 0.14486 0 -0.0088287 -0.026534 0.003881 0.091995 -0.027575 0.13302 -0.043533 0.015737 0.011302 -0.021565 -0.029827 -0.020588 0.013382 -0.0094994 0.031878 0.018613 -0.030036 -0.06096 0.00049467 0.062979 0.024581 -0.047151 -0.009458 0.060806 0.065178 0.09038 0.068765 0.038296 0.058233 0.044748 0.049987 0.018306 -0.017565 0.080454 -0.041882 -0.012642 0.074394 0.12449 -0.019678 0.10778 0.0049906 0.017112 0.0044051 -0.023697 -0.0024335 -0.007825 0.028182 -0.012566 0.034309 0.019273 -0.0071226 -0.031356 -0.0041436 0.072221 0.082126 -0.032258 0.062197 0.074704 0.071365 0.095392 0.09097 0.051204 0.073775 0.070455 0.09716 0.007693 -0.015023 0.12397 -0.025839 -0.027111 0.064641 0.13917
0.0012144 -0.0016415 0.037703 0.011741 -0.0027809 0.43418 0.1755 0.035383 0.074518 0.0565 -0.0096574 0.028018 0.012225 -0.0088287 0 0.2109 0.040115 0.070017 0.056195 0.043192 0.13982 0.089257 0.10962 0.23061 0.23197 0.13218 0.32385 0.12602 0.094545 0.10709 0.30072 0.17784 0.2717 0.07104 -0.02937 -0.0079439 -0.037633 0.070913 0.075204 0.08999 0.058378 0.26184 0.23633 -0.0068464 0.169 0.078361 0.2173 -0.074516 0.044609 0.13148 0.1009 0.084346 0.040018 0.044051 0.058757 0.079079 0.10157 0.22805 0.16467 0.13688 0.30056 0.11684 0.059303 0.10257 0.26181 0.15749 0.27588 0.063303 -0.080309 -0.05128 -0.069163 0.060235 0.10507 0.067209 0.056137 0.24636 0.17283 -0.059055 0.10018 0.071749 0.20788 -0.076828 0.029084 0.1431 0.10479 0.080871
-0.099318 -0.094222 -0.029252 -0.015598 -0.028081 0.16512 0.25266 0.0023556 -0.022343 -0.053012 -0.10857 -0.029089 -0.0059017 -0.026534 0.2109 0 0.014432 -0.0059748 0.12106 -0.033228 0.050416 0.026042 0.072139 0.17004 0.053752 0.12425 -0.010515 0.025999 0.022274 0.030897 0.13418 0.1293 0.090786 0.01296 0.012451 0.047628 0.054778 -0.053131 0.0336 -0.10968 0.065613 -0.028414 0.0038594 -0.1059 0.048031 0.032944 0.20198 -0.062509 0.044286 0.10639 0.015206 0.02617 0.10408 -0.038047 -0.018565 0.013526 0.040708 0.18083 -0.0049402 0.12061 -0.029181 0.025116 -0.0012297 0.026594 0.094812 0.088766 0.098113 0.018469 -0.017569 -0.0086877 0.014662 -0.062374 0.051543 -0.13023 0.071854 -0.053282 -0.028186 -0.14222 -0.014036 0.041895 0.20815 -0.0879 0.025371 0.13376 0.0032835 0.021664
0.041157 0.055183 0.11717 0.095654 0.021697 0.041712 -0.012073 0.1085 0.053142 0.031816 0.092731 0.14658 0.11585 0.003881 0.040115 0.014432 0 0.067372 -0.02318 0.088975 -0.049148 0.030387 0.017113 -0.005098 -0.017874 -0.034948 0.079837 0.033674 0.015931 0.033255 0.053858 -0.068323 0.0092895 0.032076 -0.018112 -0.079943 -0.061518 0.048094 0.0045083 0.065443 -0.0055163 0.072539 0.12318 -0.010656 0.019927 0.0026194 0.012568 -0.028956 -0.013064 -0.014058 0.041288 0.062024 -0.011477 0.076022 -0.035951 0.029202 0.0067245 0.018361 -0.018827 -0.015139 0.06977 0.029201 0.024831 0.021007 0.047759 -0.035226 0.023059 0.0369 -0.0095553 -0.10231 -0.023253 0.050127 -0.0032614 0.073011 -0.00043907 0.073183 0.1137 0.01983 0.019029 0.0034147 0.022474 0.017684 -0.018617 -0.0025394 0.045507 0.068891
0.26523 0.20785 0.15304 0.14718 0.06199 0.070323 -0.031982 0.065209 0.19749 0.2297 0.2485 0.15581 0.15763 0.091995 0.070017 -0.0059748 0.067372 0 -0.066146 0.16708 0.031544 0.056025 0.039102 0.011819 0.055186 0.029692 0.12017 0.028507 0.090577 0.095524 0.014196 -0.030734 0.071523 0.09783 0.025434 -0.057573 -0.0082569 0.16838 0.082061 0.18682 0.067508 0.15443 0.13435 0.11621 0.07767 0.063902 0.0084339 0.13283 -0.036578 0.027133 0.16808 0.19331 -0.0096476 0.18154 0.10502 0.067997 0.027683 0.012441 0.10898 0.044328 0.14755 0.030611 0.11763 0.084014 0.065408 0.019956 0.058203 0.11772 0.12235 0.012468 0.088221 0.18631 0.076792 0.20609 0.089485 0.19309 0.14053 0.154 0.16558 0.0601 0.022106 0.1782 -3.7003e-05 0.0015682 0.13395 0.21616
-0.16912 -0.11606 -0.03822 -0.059781 -0.018912 0.069738 0.15973 -0.034562 -0.052232 -0.084994 -0.20069 -0.082321 -0.06496 -0.027575 0.056195 0.12106 -0.02318 -0.066146 0 -0.052113 0.24008 0.033421 0.045145 0.26633 0.20565 0.27179 -0.17579 0.08732 0.077344 0.062308 0.013351 0.56071 -7.2008e-05 -0.023085 0.4991 0.24269 0.5442 -0.051628 0.060553 -0.11747 0.15986 -0.081997 -0.14407 0.0052243 0.18502 0.087766 0.73865 0.24829 0.10976 0.15991 0.16468 0.11856 0.66253 -0.060768 0.039036 0.015155 0.020372 0.22576 0.022742 0.19251 -0.21319 0.088841 0.0055445 0.055841 -0.064581 0.30655 0.025034 -0.0057883 0.2193 0.16301 0.24532 -0.085004 0.10258 -0.17933 0.12125 -0.16166 -0.12945 -0.11306 0.0085141 0.06114 0.61844 0.037732 0.053311 0.16778 0.16603 0.081127
0.23641 0.26033 0.19529 0.29384 0.10677 0.046853 -0.04095 0.087285 0.16549 0.23131 0.29113 0.20645 0.26425 0.13302 0.043192 -0.033228 0.088975 0.16708 -0.052113 0 -0.12335 0.17582 0.053165 0.02038 -0.11369 -0.017596 0.013522 0.03454 0.19708 0.20161 -0.090923 -0.27456 0.010606 0.40974 0.19032 -0.23234 0.0075839 0.29191 0.34532 0.40993 0.40753 0.094671 0.28009 0.25595 0.31228 0.27488 0.040532 0.3604 -0.13021 -0.043644 0.28429 0.56641 0.013609 0.58105 -0.096301 0.18986 0.0104 0.009229 -0.10194 0.008463 0.063405 0.036853 0.18093 0.17275 -0.036711 -0.23821 0.032368 0.38537 0.30497 -0.23934 0.12194 0.29143 0.30073 0.44053 0.4037 0.17246 0.27717 0.24655 0.30101 0.22567 0.047999 0.46834 -0.15292 -0.081484 0.23882 0.55846
0.048647 0.040452 0.11192 -0.036409 -0.00084883 0.15008 0.054148 -0.060977 0.0040829 0.25974 -0.026964 0.051114 -0.041805 -0.043533 0.13982 0.050416 -0.049148 0.031544 0.24008 -0.12335 0 -0.13987 0.069383 0.18517 0.72246 0.56261 0.20369 -0.053229 0.27811 -0.089256 0.12378 0.50704 0.16789 -0.093995 0.551 0.4812 0.5529 -0.12867 -0.015646 0.10745 0.11496 0.31276 -0.045319 0.69836 0.42575 0.39223 0.073053 0.46644 0.026754 0.014056 -0.023908 -0.060281 0.040178 -0.12899 0.6438 -0.19319 0.064833 0.11454 0.52021 0.31821 0.063817 -0.013167 0.083426 -0.086323 0.061209 0.32768 0.12436 -0.081603 0.22437 0.36706 0.18802 -0.13343 -0.0036434 -0.026693 0.043368 0.14747 -0.1257 0.25334 0.078083 0.16647 0.058694 0.072869 0.077446 0.027133 -0.0065024 -0.12044
-0.018665 0.10068 0.0075104 0.038349 0.0050734 0.10514 0.027985 0.023038 0.0759 0.013538 0.079254 -0.018234 0.035465 0.015737 0.089257 0.026042 0.030387 0.056025 0.033421 0.17582 -0.13987 0 0.022019 0.32048 0.058866 -0.13677 0.13467 0.24099 0.039577 0.9208 0.015836 -0.14829 0.1527 0.37152 -0.069971 -0.18105 -0.1339 0.88071 0.31118 0.090174 0.29041 0.28768 0.083602 -0.018656 0.093611 0.63352 0.18011 0.020278 -0.031403 0.017255 0.20757 0.24111 0.065922 0.16481 -0.23403 0.97451 0.0061078 0.36073 -0.056536 -0.086834 0.16489 0.30613 -0.0028896 0.91105 -0.007594 -0.18911 0.1601 0.34118 -0.095907 -0.24359 -0.14844 0.84308 0.36468 0.086305 0.30578 0.31932 0.092363 -0.079545 0.0088509 0.58469 0.16179 0.061291 -0.066258 0.017508 0.17841 0.22077
0.023502 0.021255 0.013929 0.012088 0.01277 0.13563 0.077236 0.00073011 0.017097 0.053553 0.015318 -0.0059576 0.014667 0.011302 0.10962 0.072139 0.017113 0.039102 0.045145 0.053165 0.069383 0.022019 0 0.16028 0.11269 0.14767 0.059683 0.036424 0.094953 0.046278 0.090699 0.1083 0.096485 0.032586 0.067391 0.03832 0.071217 0.027459 0.049913 0.042417 0.058127 0.04642 0.060842 0.045945 0.072011 0.093254 0.11021 0.066514 0.031463 0.10482 0.050316 0.10259 0.018403 0.024063 0.037026 0.010814 0.053962 0.13376 0.073623 0.11528 0.056641 0.029589 0.057854 0.043911 0.082487 0.073399 0.083283 0.010498 0.052098 0.010355 0.040752 0.018327 0.04014 0.033549 0.049774 0.059293 0.032536 -0.0050221 0.044774 0.077563 0.081729 0.036478 0.015622 0.050104 0.028451 0.090984
-0.057289 -0.050046 -0.033262 -0.021808 -0.0136 0.22032 0.18218 -0.008619 0.0038116 -0.073754 -0.069082 -0.051298 -0.024033 -0.021565 0.23061 0.17004 -0.005098 0.011819 0.26633 0.02038 0.18517 0.32048 0.16028 0 0.3268 0.36055 0.069868 0.54951 0.10711 0.50994 0.17011 0.20927 0.3244 0.1012 0.13496 0.047788 0.10332 0.27425 0.091164 -0.05451 0.14111 0.097233 0.042231 -0.015026 0.10354 0.50504 0.34083 0.0095152 0.063973 0.1522 0.11709 0.13459 0.23901 0.041387 0.054597 0.28609 0.10816 0.8114 0.19965 0.35373 0.067615 0.5112 0.076738 0.506 0.12988 0.18967 0.34478 0.11108 0.11156 -0.024545 0.13369 0.19634 0.14903 -0.045897 0.18377 0.13613 0.037587 -0.072038 0.052675 0.50642 0.27358 -0.0062057 0.043096 0.13933 0.091085 0.096928
0.045969 0.062399 0.030217 -0.09124 -0.020407 0.24679 0.074541 -0.045444 0.030417 0.21526 0.0041914 -0.0084505 -0.095143 -0.029827 0.23197 0.053752 -0.017874 0.055186 0.20565 -0.11369 0.72246 0.058866 0.11269 0.3268 0 0.51737 0.54756 0.065793 0.18338 0.10976 0.31842 0.65218 0.4175 -0.025002 0.24144 0.36787 0.25486 0.010613 -0.054089 0.21969 -0.096802 0.71209 0.11535 0.53089 0.38479 0.38857 0.11319 0.25654 0.15818 0.11532 0.0084022 -0.085864 0.040281 -0.13029 0.482 -0.021295 0.068694 0.23948 0.74309 0.31622 0.4198 0.073033 0.032305 0.0959 0.26538 0.5278 0.33574 -0.035376 0.019871 0.2262 0.051438 -0.0049339 -0.054045 0.06043 -0.11636 0.5232 0.031413 0.13561 0.1476 0.17826 0.082166 -0.005366 0.20411 0.13798 0.023652 -0.1358
0.13058 0.041761 0.044738 0.0099091 0.0019973 0.12707 0.13388 -0.02243 0.0079508 0.23018 -0.022543 0.023356 -0.0016943 -0.020588 0.13218 0.12425 -0.034948 0.029692 0.27179 -0.017596 0.56261 -0.13677 0.14767 0.36055 0.51737 0 -0.014654 0.096736 0.24622 -0.077464 0.068746 0.45944 0.11739 -0.031487 0.44191 0.39026 0.47976 -0.12751 0.029027 0.029959 0.14268 -0.025197 -0.082425 0.39575 0.22417 0.39813 0.17534 0.43894 0.014782 0.12475 -0.0021772 0.094614 0.12327 -0.020183 0.33291 -0.17114 0.092459 0.27141 0.32209 0.56974 -0.10698 0.063304 0.12911 -0.0751 -0.0086613 0.30581 0.060335 -0.0435 0.26004 0.24504 0.30949 -0.14636 0.0052404 -0.017634 0.077716 -0.061844 -0.11157 0.11502 0.021413 0.27405 0.13468 0.20689 0.042698 0.088016 0.0039847 0.040635
0.09322 0.14341 0.086661 0.0095516 -0.0056316 0.3393 0.00072351 0.054416 0.13075 0.15572 0.14102 0.080524 -0.002406 0.013382 0.32385 -0.010515 0.079837 0.12017 -0.17579 0.013522 0.20369 0.13467 0.059683 0.069868 0.54756 -0.014654 0 0.021829 0.046798 0.12856 0.50189 0.22451 0.39223 0.076556 -0.22997 -0.038051 -0.25154 0.15574 0.043126 0.43052 -0.13259 0.82472 0.46562 0.11653 0.26368 -0.0047739 -0.0026276 -0.14517 0.14065 0.047145 0.12539 -0.029151 -0.16116 0.0069077 0.070652 0.095104 0.058455 0.059631 0.35432 -0.049388 0.7705 0.050997 -0.027978 0.11588 0.46034 0.219 0.3133 0.055235 -0.31917 -0.11433 -0.2862 0.1808 0.055324 0.28302 -0.12668 0.71718 0.33156 -0.043299 0.17585 -0.10275 0.01044 -0.19737 0.11534 0.064754 0.10285 -0.059928
0.037872 0.084657 0.01367 0.030928 -0.0081415 0.12764 0.070833 0.02089 0.023293 -0.050853 0.072429 0.026195 0.057891 -0.0094994 0.12602 0.025999 0.033674 0.028507 0.08732 0.03454 -0.053229 0.24099 0.036424 0.54951 0.065793 0.096736 0.021829 0 0.060528 0.41689 0.098885 0.022813 0.047151 0.065968 0.0040996 -0.0030323 0.022693 0.33206 0.022116 0.031966 0.077193 -0.022621 0.077861 -0.092156 -0.015008 0.30035 0.17744 -0.10711 0.014847 0.053088 0.13035 0.12014 0.14964 0.076517 -0.036996 0.24903 0.028697 0.5649 0.034366 0.17362 0.023811 0.95608 0.095997 0.3408 0.072536 0.06097 0.082152 0.064309 0.11019 -0.0061901 0.11281 0.31798 0.10444 0.043856 0.15566 0.019472 0.074979 -0.048939 0.023299 0.37144 0.14194 0.020857 0.032917 0.046343 0.10373 0.12953
0.1839 0.14121 0.18903 0.14179 0.072101 0.089559 0.021198 0.02358 0.078569 0.20394 0.12249 0.18256 0.13061 0.031878 0.094545 0.022274 0.015931 0.090577 0.077344 0.19708 0.27811 0.039577 0.094953 0.10711 0.18338 0.24622 0.046798 0.060528 0 0.056621 0.068504 0.08982 0.061613 0.068977 0.42263 0.29287 0.47322 0.10079 0.037837 0.25061 0.12196 0.093547 0.20194 0.43158 0.29076 0.19304 0.073022 0.3921 -0.031211 0.054312 0.12571 0.31901 0.080534 0.18252 0.22122 0.021725 0.0546 0.079277 0.15079 0.16428 -0.0030398 0.057148 0.3878 0.044106 0.058881 0.071493 0.022053 0.044422 0.35523 0.23327 0.4204 0.088887 0.040546 0.18475 0.10436 0.071852 0.15344 0.25594 0.2181 0.087716 0.066319 0.26754 0.011304 0.00018415 0.11859 0.29914
0.0098245 0.14256 0.032477 0.054105 0.0071716 0.12987 0.037833 0.01323 0.10549 0.023829 0.12076 0.011178 0.049334 0.018613 0.10709 0.030897 0.033255 0.095524 0.062308 0.20161 -0.089256 0.9208 0.046278 0.50994 0.10976 -0.077464 0.12856 0.41689 0.056621 0 0.034957 -0.12855 0.21497 0.37964 -0.030579 -0.16598 -0.076533 0.91585 0.33661 0.11431 0.29285 0.25442 0.093122 -0.0082426 0.089275 0.65776 0.21164 0.059927 -0.019564 0.014199 0.27831 0.28544 0.07319 0.18131 -0.1659 0.91197 0.015812 0.5139 0.0058563 -0.0056182 0.16326 0.45751 0.040278 0.93097 0.0068713 -0.14209 0.22777 0.34212 -0.0073879 -0.20325 -0.060996 0.87707 0.38294 0.12009 0.31617 0.31012 0.097799 -0.054053 0.034112 0.62897 0.18137 0.13759 -0.04381 0.0017036 0.24056 0.26388
-0.1567 -0.028053 4.8285e-05 -0.027247 -0.028036 0.29563 0.16518 0.067088 0.021951 -0.012024 -0.064817 -0.045167 -0.066352 -0.030036 0.30072 0.13418 0.053858 0.014196 0.013351 -0.090923 0.12378 0.015836 0.090699 0.17011 0.31842 0.068746 0.50189 0.098885 0.068504 0.034957 0 0.37552 0.27156 -0.02503 -0.15846 0.090121 -0.093705 -0.0011856 0.0068585 -0.0047216 -0.069923 0.40308 0.39149 -0.19138 0.27251 -0.092856 0.1894 -0.28329 0.28 0.17922 0.030295 -0.079862 -0.047881 -0.11654 -0.14787 0.00059693 0.035467 0.17774 0.06488 0.015533 0.36652 0.12724 -0.08627 0.031853 0.54756 0.23442 0.21836 -0.029526 -0.34987 -0.099188 -0.27723 -0.01547 0.031641 -0.12334 -0.089761 0.21812 0.21854 -0.38467 0.026815 -0.11931 0.15052 -0.35733 0.20911 0.16666 0.026464 -0.12159
-0.12034 -0.1093 -0.071243 -0.16051 -0.035861 0.21059 0.17035 -0.059723 -0.053717 0.058976 -0.19795 -0.13926 -0.16929 -0.06096 0.17784 0.1293 -0.068323 -0.030734 0.56071 -0.27456 0.50704 -0.14829 0.1083 0.20927 0.65218 0.45944 0.22451 0.022813 0.08982 -0.12855 0.37552 0 0.15861 -0.20941 0.21717 0.6095 0.3636 -0.20552 -0.11945 -0.074977 -0.13591 0.26661 -0.013285 0.057636 0.37337 -0.091612 0.38 0.14246 0.3162 0.28337 -0.080834 -0.19981 0.23222 -0.29215 0.18577 -0.19809 0.074305 0.15746 0.32332 0.28382 0.058547 0.035714 -0.063532 -0.11106 0.20267 0.73683 0.095052 -0.19385 -0.12995 0.39209 -0.037549 -0.2278 -0.1016 -0.22761 -0.18311 -0.0079806 -0.11632 -0.24844 0.037413 -0.13448 0.27521 -0.21459 0.31018 0.27415 -0.054819 -0.22855
0.015812 0.017154 -0.020483 -0.019661 -0.010144 0.27467 0.070241 0.02458 0.066309 0.051678 0.011946 -0.026912 -0.022101 0.00049467 0.2717 0.090786 0.0092895 0.071523 -7.2008e-05 0.010606 0.16789 0.1527 0.096485 0.3244 0.4175 0.11739 0.39223 0.047151 0.061613 0.21497 0.27156 0.15861 0 0.10139 -0.045071 -0.025911 -0.0737 0.12938 0.054602 0.074005 -0.028242 0.44657 0.20975 0.077303 0.15283 0.14096 0.14632 -0.056291 0.052353 0.092042 0.092623 0.041591 0.028177 0.0023563 0.12101 0.11605 0.069556 0.27562 0.30979 0.1093 0.38207 0.05315 0.010779 0.21074 0.26817 0.18436 0.43862 0.081079 -0.082653 -0.030239 -0.050869 0.10709 0.040993 0.04786 -0.020783 0.41479 0.15336 -0.0040624 0.13297 0.079947 0.13958 -0.07495 0.079556 0.10133 0.067282 3.8213e-05
0.13387 0.18814 0.05938 0.19996 0.026217 0.073149 0.012345 0.047273 0.13135 0.20613 0.13838 0.043414 0.166 0.062979 0.07104 0.01296 0.032076 0.09783 -0.023085 0.40974 -0.093995 0.37152 0.032586 0.1012 -0.025002 -0.031487 0.076556 0.065968 0.068977 0.37964 -0.02503 -0.20941 0.10139 0 0.13535 -0.22018 -0.0037395 0.43527 0.5331 0.28724 0.59406 0.21389 0.10072 0.16801 0.32252 0.39163 0.15239 0.35467 -0.077333 -0.016703 0.37478 0.50264 0.011965 0.36761 -0.10435 0.35128 0.0036209 0.085702 -0.062428 -0.033228 0.10669 0.055773 0.047182 0.34627 -0.034841 -0.22461 0.13517 0.78239 0.19095 -0.23164 0.070326 0.41536 0.45681 0.34276 0.53735 0.2752 0.091984 0.14988 0.26044 0.31898 0.14999 0.42567 -0.1027 -0.041779 0.3311 0.47345
0.085164 0.10424 0.2221 0.1726 0.070946 -0.027856 0.027173 -0.025645 0.035751 0.2244 0.023268 0.18727 0.14318 0.024581 -0.02937 0.012451 -0.018112 0.025434 0.4991 0.19032 0.551 -0.069971 0.067391 0.13496 0.24144 0.44191 -0.22997 0.0040996 0.42263 -0.030579 -0.15846 0.21717 -0.045071 0.13535 0 0.39062 0.84912 0.0026873 0.10588 0.079812 0.37085 -0.097782 -0.10949 0.55283 0.49124 0.31399 0.25037 0.66827 -0.056164 0.01237 0.11511 0.3717 0.26497 0.18245 0.34315 -0.088039 0.027615 0.071558 0.11648 0.21541 -0.29075 -0.0010541 0.27486 -0.035608 -0.19314 0.045952 -0.045931 0.11549 0.65952 0.25833 0.60242 -0.021898 0.098404 0.020515 0.31192 -0.15142 -0.11513 0.22405 0.24027 0.18893 0.19557 0.44239 -0.044353 -0.029893 0.12176 0.32013
-0.079879 -0.077799 -0.014907 -0.099142 0.0015668 0.02552 0.081704 -0.085472 -0.066436 0.0918 -0.15756 -0.056317 -0.11393 -0.047151 -0.0079439 0.047628 -0.079943 -0.057573 0.24269 -0.23234 0.4812 -0.18105 0.03832 0.047788 0.36787 0.39026 -0.038051 -0.0030323 0.29287 -0.16598 0.090121 0.6095 -0.025911 -0.22018 0.39062 0 0.62798 -0.17126 -0.13898 -0.13314 -0.078447 -0.078105 -0.17108 0.18256 0.23776 -0.076196 0.035 0.20697 0.15772 0.093519 -0.087482 -0.13503 -0.0046373 -0.24159 0.18219 -0.1992 0.041132 0.020958 0.10519 0.18323 -0.20213 0.0035281 0.093709 -0.15928 -0.018363 0.28038 -0.039763 -0.19569 0.059742 0.5623 0.20532 -0.18755 -0.10801 -0.24379 -0.10234 -0.29647 -0.24309 -0.16537 -0.10572 -0.1415 -0.002516 -0.084453 0.12716 0.081937 -0.067719 -0.14945
0.0064933 0.0034546 0.13595 0.06138 0.050344 -0.016341 0.075641 -0.075626 -0.01577 0.19016 -0.069197 0.10646 0.046484 -0.009458 -0.037633 0.054778 -0.061518 -0.0082569 0.5442 0.0075839 0.5529 -0.1339 0.071217 0.10332 0.25486 0.47976 -0.25154 0.022693 0.47322 -0.076533 -0.093705 0.3636 -0.0737 -0.0037395 0.84912 0.62798 0 -0.077327 -0.015318 -0.047814 0.25026 -0.22545 -0.20784 0.42629 0.34563 0.18845 0.22721 0.5615 0.031241 0.035471 0.0080498 0.19744 0.27433 -0.035834 0.29618 -0.14554 0.048526 0.045779 0.013346 0.24682 -0.34556 0.021177 0.27417 -0.086521 -0.17269 0.090292 -0.082054 -0.012509 0.50075 0.46582 0.58936 -0.095693 0.016287 -0.13773 0.16315 -0.33035 -0.22772 0.073271 0.0016096 0.082082 0.16167 0.23519 -0.023627 -0.00060005 0.038282 0.15577
0.12788 0.23837 0.097869 0.13396 0.053681 0.090374 -0.015531 0.049086 0.17958 0.13995 0.24279 0.097142 0.13234 0.060806 0.070913 -0.053131 0.048094 0.16838 -0.051628 0.29191 -0.12867 0.88071 0.027459 0.27425 0.010613 -0.12751 0.15574 0.33206 0.10079 0.91585 -0.0011856 -0.20552 0.12938 0.43527 0.0026873 -0.17126 -0.077327 0 0.41685 0.23812 0.37321 0.28444 0.13487 0.037354 0.1154 0.56491 0.09942 0.13723 -0.059193 -0.024454 0.3263 0.37371 -0.026221 0.28193 -0.15875 0.84472 0.0079768 0.28383 -0.036978 -0.063681 0.19478 0.3941 0.09191 0.87369 0.002287 -0.19963 0.14022 0.40193 0.038816 -0.17957 -0.035207 0.96692 0.45247 0.2574 0.40005 0.33549 0.14943 0.038159 0.094448 0.53339 0.078517 0.27182 -0.059455 -0.05086 0.29535 0.36875
0.071869 0.15168 0.020139 0.20223 0.079849 0.091282 0.051387 0.022986 0.10433 0.27844 0.070673 0.015329 0.12224 0.065178 0.075204 0.0336 0.0045083 0.082061 0.060553 0.34532 -0.015646 0.31118 0.049913 0.091164 -0.054089 0.029027 0.043126 0.022116 0.037837 0.33661 0.0068585 -0.11945 0.054602 0.5331 0.10588 -0.13898 -0.015318 0.41685 0 0.11562 0.89839 0.097463 0.024111 0.082281 0.34059 0.43056 0.2943 0.42452 -0.019949 0.033215 0.49716 0.61973 0.027099 0.30317 -0.16456 0.28254 0.0030694 0.07376 -0.14671 -0.036064 0.019455 0.01382 -0.013797 0.30441 -0.033127 -0.21624 0.072187 0.47949 0.082437 -0.22585 -0.081541 0.38047 0.89688 0.14852 0.79336 0.098146 -0.00094016 -0.03184 0.15752 0.33483 0.23973 0.40323 -0.09917 -0.025462 0.40977 0.51648
0.36829 0.33179 0.19535 0.20711 0.090951 0.10391 -0.12273 0.069727 0.19253 0.31592 0.34479 0.21986 0.21377 0.09038 0.08999 -0.10968 0.065443 0.18682 -0.11747 0.40993 0.10745 0.090174 0.042417 -0.05451 0.21969 0.029959 0.43052 0.031966 0.25061 0.11431 -0.0047216 -0.074977 0.074005 0.28724 0.079812 -0.13314 -0.047814 0.23812 0.11562 0 0.088189 0.5527 0.37192 0.44388 0.2815 0.185 -0.094623 0.35512 -0.076232 -0.05102 0.19412 0.34558 -0.086438 0.37512 0.17264 0.09796 0.046502 -0.059039 0.27613 0.064466 0.43746 0.031704 0.24025 0.072714 0.10078 0.030061 0.041788 0.23203 0.17145 -0.071531 0.097313 0.25856 0.097441 0.6948 0.1142 0.5357 0.33791 0.44321 0.34848 0.081983 -0.062833 0.37665 -0.076611 -0.083645 0.18579 0.35882
0.077598 0.13213 0.081878 0.2868 0.091596 0.0596 0.065896 0.014768 0.080852 0.28499 0.077693 0.064795 0.21814 0.068765 0.058378 0.065613 -0.0055163 0.067508 0.15986 0.40753 0.11496 0.29041 0.058127 0.14111 -0.096802 0.14268 -0.13259 0.077193 0.12196 0.29285 -0.069923 -0.13591 -0.028242 0.59406 0.37085 -0.078447 0.25026 0.37321 0.89839 0.088189 0 -0.07238 -0.023439 0.14801 0.49367 0.51069 0.3009 0.54453 -0.057502 0.012556 0.4217 0.64428 0.10902 0.35818 -0.079087 0.26096 0.0033111 0.11887 -0.21192 0.027653 -0.14568 0.077954 0.07293 0.27435 -0.12213 -0.25021 0.028746 0.56263 0.32095 -0.19416 0.10527 0.34184 0.82392 0.12553 0.91149 -0.027347 -0.039043 0.029315 0.27519 0.44624 0.2492 0.48644 -0.11984 -0.037832 0.33769 0.56003
0.18162 0.19425 0.086578 0.034724 0.011574 0.27479 -0.031897 0.045236 0.15495 0.24153 0.1911 0.060967 0.018105 0.038296 0.26184 -0.028414 0.072539 0.15443 -0.081997 0.094671 0.31276 0.28768 0.04642 0.097233 0.71209 -0.025197 0.82472 -0.022621 0.093547 0.25442 0.40308 0.26661 0.44657 0.21389 -0.097782 -0.078105 -0.22545 0.28444 0.097463 0.5527 -0.07238 0 0.43712 0.33607 0.37787 0.18054 0.029963 0.08328 0.13653 0.050778 0.12557 0.054185 -0.059905 0.071238 0.19374 0.24181 0.057141 0.089885 0.55338 -0.020995 0.78286 0.048811 -0.0022527 0.24011 0.3977 0.32048 0.36729 0.16081 -0.21278 -0.10632 -0.23726 0.29351 0.08641 0.41551 -0.06955 0.92369 0.34501 0.14589 0.32245 0.02147 0.055121 0.0030476 0.15445 0.082541 0.13115 0.021572
0.095872 0.16145 0.17246 0.12979 0.055296 0.22871 0.0010385 0.1183 0.13501 0.089511 0.18673 0.1724 0.11196 0.058233 0.23633 0.0038594 0.12318 0.13435 -0.14407 0.28009 -0.045319 0.083602 0.060842 0.042231 0.11535 -0.082425 0.46562 0.077861 0.20194 0.093122 0.39149 -0.013285 0.20975 0.10072 -0.10949 -0.17108 -0.20784 0.13487 0.024111 0.37192 -0.023439 0.43712 0 0.068725 0.34772 -0.028806 0.034849 -0.055785 0.050146 0.038446 0.15616 0.18554 -0.090105 0.26113 -0.067107 0.072914 0.043612 0.034631 0.057074 -0.053426 0.43052 0.084421 0.1443 0.071879 0.41352 0.063654 0.15616 0.083745 -0.10124 -0.17916 -0.11311 0.13148 0.019436 0.31315 -0.0075323 0.38587 0.57132 0.038392 0.32347 -0.074651 0.062294 -0.010809 0.032201 0.046629 0.13949 0.17563
0.36033 0.21044 0.2438 0.15349 0.070851 0.0090868 -0.12495 -0.0013311 0.10311 0.45587 0.19226 0.22125 0.12979 0.044748 -0.0068464 -0.1059 -0.010656 0.11621 0.0052243 0.25595 0.69836 -0.018656 0.045945 -0.015026 0.53089 0.39575 0.11653 -0.092156 0.43158 -0.0082426 -0.19138 0.057636 0.077303 0.16801 0.55283 0.18256 0.42629 0.037354 0.082281 0.44388 0.14801 0.33607 0.068725 0 0.46936 0.43864 -0.1131 0.6727 -0.12527 -0.08914 0.078523 0.25512 -0.01758 0.21318 0.54865 -0.039346 0.038997 -0.048614 0.45343 0.23334 0.065109 -0.074735 0.27589 -0.0301 -0.12278 0.094952 0.032953 0.13248 0.42451 0.19424 0.31005 0.048502 0.024646 0.37553 0.10781 0.31266 0.044633 0.70274 0.2894 0.22117 -0.079548 0.44921 -0.074914 -0.12419 0.078248 0.19678
0.022332 0.15831 0.19246 0.15797 0.063373 0.18399 0.066258 0.0075247 0.075012 0.27734 0.066307 0.10726 0.11428 0.049987 0.169 0.048031 0.019927 0.07767 0.18502 0.31228 0.42575 0.093611 0.072011 0.10354 0.38479 0.22417 0.26368 -0.015008 0.29076 0.089275 0.27251 0.37337 0.15283 0.32252 0.49124 0.23776 0.34563 0.1154 0.34059 0.2815 0.49367 0.37787 0.34772 0.46936 0 0.31342 0.17619 0.48963 0.12612 0.065809 0.18832 0.3056 0.03512 0.22625 0.09948 0.0419 0.048101 0.072486 0.059206 0.092867 0.1158 0.010658 0.043326 0.079588 0.13713 0.1076 0.13403 0.31532 0.152 -0.040373 0.024094 0.091126 0.29024 0.14104 0.40763 0.15332 0.16382 0.0098653 0.50942 0.17607 0.17149 0.20514 0.084043 0.055079 0.17632 0.23995
0.18673 0.1417 0.065877 0.11923 0.017127 0.084679 0.029939 0.0082432 0.063356 0.26654 0.10368 0.083403 0.10438 0.018306 0.078361 0.032944 0.0026194 0.063902 0.087766 0.27488 0.39223 0.63352 0.093254 0.50504 0.38857 0.39813 -0.0047739 0.30035 0.19304 0.65776 -0.092856 -0.091612 0.14096 0.39163 0.31399 -0.076196 0.18845 0.56491 0.43056 0.185 0.51069 0.18054 -0.028806 0.43864 0.31342 0 0.080167 0.51882 -0.06731 -0.012512 0.18042 0.37221 0.048233 0.2587 0.20499 0.59044 0.050451 0.45462 0.2249 0.3211 0.037469 0.26597 0.13416 0.65775 -0.093759 -0.11868 0.15279 0.35378 0.32432 -0.10518 0.17648 0.55013 0.3763 0.20139 0.46633 0.27931 -0.014002 0.2581 0.17898 0.9388 0.032126 0.44145 -0.065091 -0.041119 0.16087 0.32414
-0.18256 -0.10907 -0.069318 -0.025468 0.0076497 0.22077 0.2362 0.0045576 -0.0033506 -0.1309 -0.16525 -0.097328 -0.051937 -0.017565 0.2173 0.20198 0.012568 0.0084339 0.73865 0.040532 0.073053 0.18011 0.11021 0.34083 0.11319 0.17534 -0.0026276 0.17744 0.073022 0.21164 0.1894 0.38 0.14632 0.15239 0.25037 0.035 0.22721 0.09942 0.2943 -0.094623 0.3009 0.029963 0.034849 -0.1131 0.17619 0.080167 0 0.10627 0.07591 0.22606 0.56423 0.30614 0.58872 0.036182 -0.075343 0.14806 0.072719 0.32685 -0.036859 0.092275 -0.053054 0.15273 0.019805 0.19709 0.11098 0.19562 0.15964 0.19088 0.10515 -0.044844 0.066058 0.035972 0.33055 -0.10433 0.29905 -3.1345e-05 0.036082 -0.18741 0.061944 0.10353 0.85262 0.043356 0.033803 0.20718 0.46543 0.25124
0.34839 0.23169 0.17437 0.23791 0.10728 -0.061907 -0.059936 -0.0014941 0.11478 0.3928 0.21658 0.17323 0.21465 0.080454 -0.074516 -0.062509 -0.028956 0.13283 0.24829 0.3604 0.46644 0.020278 0.066514 0.0095152 0.25654 0.43894 -0.14517 -0.10711 0.3921 0.059927 -0.28329 0.14246 -0.056291 0.35467 0.66827 0.20697 0.5615 0.13723 0.42452 0.35512 0.54453 0.08328 -0.055785 0.6727 0.48963 0.51882 0.10627 0 -0.08322 -0.038306 0.28162 0.56901 0.18663 0.34767 0.39039 0.011389 0.028607 -0.051231 0.2933 0.29067 -0.14255 -0.082075 0.31245 0.037635 -0.25359 0.13795 -0.049521 0.29414 0.61005 0.2353 0.49689 0.13792 0.31938 0.32064 0.46571 0.1358 -0.029529 0.49822 0.40214 0.36106 0.091775 0.8187 -0.052609 -0.078863 0.22357 0.50235
-0.10747 -0.046704 -0.050279 -0.069608 -0.029815 0.058084 0.044349 -0.0041828 -0.028531 -0.023317 -0.089922 -0.083999 -0.086098 -0.041882 0.044609 0.044286 -0.013064 -0.036578 0.10976 -0.13021 0.026754 -0.031403 0.031463 0.063973 0.15818 0.014782 0.14065 0.014847 -0.031211 -0.019564 0.28 0.3162 0.052353 -0.077333 -0.056164 0.15772 0.031241 -0.059193 -0.019949 -0.076232 -0.057502 0.13653 0.050146 -0.12527 0.12612 -0.06731 0.07591 -0.08322 0 0.095781 -0.073039 -0.13145 0.033233 -0.14648 -0.10728 -0.026645 0.0090705 0.061206 -0.015432 0.012031 0.065044 0.027817 -0.098904 -0.017428 0.15548 0.19816 0.032747 -0.063153 -0.17782 0.055424 -0.13599 -0.054356 -0.0019817 -0.16126 -0.077302 0.0038219 -0.0063126 -0.26847 -0.01635 -0.050232 0.061587 -0.19675 0.21146 0.092953 -0.042198 -0.14893
-0.067274 -0.056579 -0.046234 -0.018311 -0.021887 0.15169 0.13586 0.0018065 -0.018639 -0.0012325 -0.078354 -0.067208 -0.046606 -0.012642 0.13148 0.10639 -0.014058 0.027133 0.15991 -0.043644 0.014056 0.017255 0.10482 0.1522 0.11532 0.12475 0.047145 0.053088 0.054312 0.014199 0.17922 0.28337 0.092042 -0.016703 0.01237 0.093519 0.035471 -0.024454 0.033215 -0.05102 0.012556 0.050778 0.038446 -0.08914 0.065809 -0.012512 0.22606 -0.038306 0.095781 0 0.030538 0.022601 0.093763 -0.067382 -0.058917 0.0066103 0.039846 0.12525 0.019085 0.095627 0.026524 0.047755 -0.027292 0.029188 0.1321 0.20599 0.064965 -0.017584 -0.04548 0.023356 -0.035569 -0.034401 0.019831 -0.096075 -0.0083499 0.0074456 0.0030033 -0.15229 0.02332 -0.014301 0.19332 -0.087614 0.097524 0.17155 0.016752 0.0049628
0.031456 0.16811 0.065793 0.12712 0.06382 0.11923 0.016333 0.043334 0.12178 0.034597 0.16773 0.063234 0.11648 0.074394 0.1009 0.015206 0.041288 0.16808 0.16468 0.28429 -0.023908 0.20757 0.050316 0.11709 0.0084022 -0.0021772 0.12539 0.13035 0.12571 0.27831 0.030295 -0.080834 0.092623 0.37478 0.11511 -0.087482 0.0080498 0.3263 0.49716 0.19412 0.4217 0.12557 0.15616 0.078523 0.18832 0.18042 0.56423 0.28162 -0.073039 0.030538 0 0.5005 0.22498 0.28979 -0.0037502 0.21047 0.040457 0.12753 0.02167 -0.0080902 0.10787 0.11609 0.13335 0.24923 0.054904 -0.057401 0.11327 0.36207 0.17529 -0.080926 0.083694 0.29924 0.46225 0.23838 0.41534 0.1785 0.16365 0.078138 0.20024 0.17054 0.53578 0.36178 -0.043172 -0.0046752 0.65075 0.46006
0.23184 0.29342 0.18281 0.35199 0.14487 0.085325 0.02987 0.087181 0.18773 0.23438 0.28683 0.19349 0.31661 0.12449 0.084346 0.02617 0.062024 0.19331 0.11856 0.56641 -0.060281 0.24111 0.10259 0.13459 -0.085864 0.094614 -0.029151 0.12014 0.31901 0.28544 -0.079862 -0.19981 0.041591 0.50264 0.3717 -0.13503 0.19744 0.37371 0.61973 0.34558 0.64428 0.054185 0.18554 0.25512 0.3056 0.37221 0.30614 0.56901 -0.13145 0.022601 0.5005 0 0.15101 0.53865 -0.013466 0.23805 0.054218 0.09447 -0.045141 0.068073 0.0078231 0.11791 0.31708 0.2543 -0.052292 -0.15561 0.057166 0.47029 0.48788 -0.096854 0.33098 0.36355 0.54489 0.40076 0.61418 0.16455 0.20038 0.26157 0.33967 0.3248 0.2756 0.64433 -0.12346 -0.03629 0.4119 0.77035
-0.046148 -0.12355 -0.029869 -0.018435 -0.0076808 0.031222 0.092917 -0.022028 -0.038681 -0.15263 -0.14589 -0.028518 0.0044864 -0.019678 0.040018 0.10408 -0.011477 -0.0096476 0.66253 0.013609 0.040178 0.065922 0.018403 0.23901 0.040281 0.12327 -0.16116 0.14964 0.080534 0.07319 -0.047881 0.23222 0.028177 0.011965 0.26497 -0.0046373 0.27433 -0.026221 0.027099 -0.086438 0.10902 -0.059905 -0.090105 -0.01758 0.03512 0.048233 0.58872 0.18663 0.033233 0.093763 0.22498 0.15101 0 0.025812 0.17582 0.072437 0.034632 0.26751 0.16671 0.19434 -0.15704 0.096399 0.11342 0.067521 -0.035618 0.40368 0.03652 0.028449 0.40236 0.16042 0.4487 -0.056184 0.069215 -0.047578 0.15845 0.00024807 -0.043824 0.02478 0.2288 0.049355 0.71168 0.18712 0.046587 0.1685 0.19637 0.14235
