0 0.32098 0.26446 0.27963 0.084137 -0.027038 -0.10291 0.049421 0.20688 0.70223 0.3956 0.34689 0.29333 0.10346 -0.013401 -0.10654 0.0325 0.25825 -0.15854 0.24137 0.071433 -0.083684 0.019694 -0.08926 0.05342 0.14604 0.090299 -0.0013236 0.19559 -0.056985 -0.15967 -0.097766 0.014244 0.092482 0.098352 -0.053243 0.02981 0.062449 -0.002309 0.3635 0.035523 0.19053 0.095641 0.39216 0.070867 0.14064 -0.17591 0.37528 -0.10101 -0.062298 0.038992 0.22674 -0.025364 0.291 0.4124 -0.072657 0.033901 -0.11727 0.33157 0.22087 0.17354 -0.031462 0.3154 -0.093101 -0.04408 0.099806 0.015022 0.11686 0.40929 0.19622 0.29637 0.091586 0.0085178 0.44379 0.13523 0.30404 0.16989 0.58305 0.40537 0.16328 -0.13521 0.54644 -0.016822 -0.091159 0.040322 0.27317
0.32098 0 0.2305 0.24854 0.10307 0.006407 -0.083337 0.06485 0.2137 0.33333 0.47489 0.24565 0.23229 0.089855 -0.0084738 -0.095679 0.048503 0.20885 -0.10608 0.25287 0.03746 0.069038 0.015682 -0.064934 0.031498 0.034918 0.12802 0.072716 0.14179 0.10686 -0.038671 -0.11699 0.011835 0.14603 0.10151 -0.075188 0.0046775 0.20446 0.09722 0.31581 0.08285 0.17897 0.15365 0.20988 0.16464 0.10331 -0.10651 0.21714 -0.055649 -0.055451 0.15834 0.26865 -0.12046 0.24726 0.056801 0.066582 0.0077463 -0.094937 0.042816 -0.01501 0.11536 0.059422 0.122 0.065756 -0.028126 -0.10275 -0.020065 0.082392 0.1522 -0.035779 0.064239 0.24152 0.044855 0.30238 0.055691 0.1674 0.14078 0.17702 0.1512 0.044934 -0.12509 0.20157 -0.061818 -0.071165 0.13418 0.24133
0.26446 0.2305 0 0.378 0.10948 0.018645 -0.025469 0.14199 0.13429 0.27376 0.25656 0.56363 0.36373 0.063663 0.017787 -0.024454 0.11274 0.14831 -0.03038 0.20809 0.11165 -0.01778 0.0087519 -0.051049 0.011313 0.053402 0.062845 -0.0011243 0.19232 0.001013 -0.030411 -0.081449 -0.029794 0.035285 0.23193 -0.019573 0.13809 0.062582 -0.024281 0.19527 0.054209 0.072263 0.1698 0.25678 0.19452 0.056668 -0.065911 0.19123 -0.05833 -0.050962 0.065357 0.18118 -0.02419 0.18697 0.119 -0.033372 0.023295 -0.077745 0.015269 0.021751 0.048198 -0.0011308 0.16019 -0.027286 -0.019579 -0.082296 -0.027275 0.0091802 0.20926 -0.026949 0.1478 0.078068 -0.037942 0.19601 0.065067 0.063423 0.12344 0.18988 0.16475 0.015314 -0.067035 0.19515 -0.072325 -0.056832 0.074384 0.17813
0.27963 0.24854 0.378 0 0.1965 0.0063878 -0.0051823 0.11049 0.13334 0.25935 0.26233 0.36402 0.61274 0.11593 0.00049924 -0.010375 0.090184 0.14211 -0.057899 0.29217 -0.027673 0.0075887 0.011247 -0.027479 -0.10142 0.029625 -0.0030961 0.017019 0.14722 0.016169 -0.035498 -0.15376 -0.022035 0.16176 0.1777 -0.091961 0.074547 0.089713 0.13722 0.20628 0.24418 0.028144 0.12492 0.16572 0.17133 0.10254 -0.016854 0.23849 -0.078261 -0.020227 0.1156 0.33316 -0.017025 0.27923 0.018178 0.0068727 0.01 -0.043701 -0.06284 -0.0071312 0.0095495 0.01976 0.1452 -0.002161 -0.03297 -0.13963 0.0054492 0.1257 0.2529 -0.058683 0.14937 0.10968 0.079028 0.23952 0.23011 0.058491 0.1259 0.17542 0.18019 0.088143 -0.036601 0.29311 -0.080497 -0.057299 0.10673 0.33263
0.084137 0.10307 0.10948 0.1965 0 -0.0048403 -0.017101 0.022583 0.054793 0.096605 0.095452 0.1104 0.17114 0.035504 -0.0096231 -0.023557 0.017839 0.056121 -0.021203 0.10791 0.0024631 -0.0040059 0.0052805 -0.0071269 -0.018564 0.013755 -0.0063078 -0.0070963 0.070723 0.0011419 -0.023072 -0.032049 -0.011703 0.0088858 0.069384 0.0028077 0.05697 0.036716 0.049934 0.091512 0.075287 0.013842 0.062885 0.075063 0.072344 0.013215 0.010892 0.10684 -0.031929 -0.020763 0.058016 0.13863 -0.010786 0.11228 -0.011677 -0.011882 -0.011398 -0.032696 -0.037451 -0.010144 -0.0074937 -0.001555 0.06197 -0.014342 -0.023525 -0.045222 -0.016221 0.017585 0.085462 -0.0031358 0.063823 0.038117 0.02939 0.075926 0.062486 -3.213e-05 0.027329 0.045197 0.055694 -0.0083352 -0.01215 0.10152 -0.040622 -0.026515 0.033495 0.12121
-0.027038 0.006407 0.018645 0.0063878 -0.0048403 0 0.16742 0.019451 0.072315 0.031424 -0.011298 0.011286 -0.0036494 -0.018597 0.40981 0.17391 0.031829 0.058158 0.085152 0.036911 0.132 0.092565 0.11691 0.22063 0.2109 0.11846 0.3107 0.1131 0.071895 0.11806 0.28743 0.19371 0.25732 0.07903 -0.02769 0.035916 -0.019634 0.070413 0.10355 0.070121 0.078841 0.22756 0.20005 -0.031712 0.14448 0.077193 0.23415 -0.088751 0.05233 0.14177 0.11043 0.078007 0.043582 0.015625 -0.00045584 0.07385 0.087694 0.2054 0.10283 0.07765 0.25591 0.12185 0.00436 0.10662 0.26089 0.12195 0.2109 0.079012 -0.11058 -0.045478 -0.086571 0.0487 0.10398 0.019771 0.069273 0.18328 0.12954 -0.10426 0.046322 0.041166 0.19578 -0.11853 0.053173 0.11588 0.091608 0.046241
-0.10291 -0.083337 -0.025469 -0.0051823 -0.017101 0.16742 0 -0.0036031 -0.0072096 -0.056746 -0.10917 -0.046802 -0.025183 -0.024732 0.16868 0.25144 -0.0095946 -0.032563 0.15083 -0.047116 0.040781 0.033093 0.064646 0.1842 0.05847 0.12086 -0.0071223 0.073086 0.0031248 0.045021 0.16072 0.16371 0.063666 0.026954 0.016264 0.077275 0.068351 -0.014221 0.070338 -0.13348 0.088666 -0.05001 -0.0074074 -0.14316 0.048232 0.03176 0.23826 -0.079171 0.054958 0.12292 0.017378 0.026576 0.095245 -0.057607 -0.065151 0.024097 0.024577 0.16367 -0.042396 0.072242 -0.038421 0.064615 -0.032193 0.041041 0.086854 0.082687 0.043635 0.027857 -0.058832 -0.016103 -0.026212 -0.034362 0.07546 -0.14968 0.090991 -0.071587 -0.030404 -0.1897 -0.027283 0.036542 0.19314 -0.13604 0.026631 0.10035 0.0023347 -0.010388
0.049421 0.06485 0.14199 0.11049 0.022583 0.019451 -0.0036031 0 0.052778 0.03586 0.068305 0.12152 0.10334 0.018596 0.0301 0.0090181 0.092086 0.059641 -0.0342 0.085269 -0.056144 0.015062 -0.0019581 -0.012482 -0.05057 -0.022284 0.043188 0.013146 0.021564 0.0033033 0.057488 -0.059748 0.026805 0.044162 -0.016901 -0.08035 -0.064234 0.039598 0.021833 0.05816 0.021823 0.035706 0.109 -0.0063272 0.010055 0.0062177 0.0067126 0.00019591 -0.007615 0.0019515 0.039281 0.081128 -0.018579 0.069311 -0.042631 0.021418 -0.0054524 -0.0025607 -0.033365 0.00020317 0.056483 0.02983 0.029133 0.0015795 0.057991 -0.049375 0.012769 0.045316 -0.0041699 -0.089951 -0.017508 0.047424 0.010954 0.065511 0.036162 0.049512 0.09083 0.0092261 0.020838 0.0082198 0.016077 0.051166 -0.019688 0.0016772 0.056875 0.085695
0.20688 0.2137 0.13429 0.13334 0.054793 0.072315 -0.0072096 0.052778 0 0.21188 0.21797 0.12556 0.13089 0.039096 0.054324 -0.022908 0.041753 0.18224 -0.04222 0.16663 0.003296 0.043616 0.011728 -0.00363 0.016917 0.0094174 0.10861 0.011548 0.077777 0.070456 0.010715 -0.049491 0.054558 0.10771 0.038902 -0.053603 -0.010579 0.14125 0.077982 0.18203 0.056573 0.1365 0.13104 0.10161 0.080268 0.04123 0.0064475 0.11295 -0.036431 -0.019777 0.11424 0.17846 -0.026018 0.17245 0.037549 0.034059 0.021471 -0.023635 0.044185 0.017278 0.12714 0.00087693 0.084483 0.059707 0.049127 -0.018027 0.026308 0.068958 0.085046 -0.033783 0.041116 0.14607 0.056476 0.17884 0.054281 0.15202 0.13016 0.10435 0.11594 0.010936 0.00069902 0.14861 -0.041871 -0.0081585 0.10773 0.16638
0.70223 0.33333 0.27376 0.25935 0.096605 0.031424 -0.056746 0.03586 0.21188 0 0.31482 0.27589 0.22385 0.08889 0.034286 -0.062213 0.026166 0.22745 -0.068694 0.24211 0.22792 -0.025293 0.041148 -0.1138 0.16852 0.21213 0.11526 -0.065592 0.2014 -0.018227 -0.040659 0.032326 0.025986 0.1574 0.22194 0.084992 0.17319 0.097464 0.20151 0.30555 0.23137 0.20989 0.081366 0.44177 0.27621 0.22066 -0.12313 0.39357 -0.034089 -0.010668 0.036775 0.22818 -0.13189 0.19408 0.13879 -0.032999 0.027407 -0.1314 0.095259 0.10852 0.075519 -0.046319 0.10719 -0.033767 -0.044697 -0.010633 0.013423 0.10734 0.18723 0.04022 0.074577 0.11741 0.098608 0.26464 0.13725 0.13278 0.051209 0.25271 0.10258 0.081786 -0.10693 0.35564 -0.060298 -0.072223 0.051069 0.20071
0.3956 0.47489 0.25656 0.26233 0.095452 -0.011298 -0.10917 0.068305 0.21797 0.31482 0 0.30361 0.27889 0.099897 -0.021662 -0.11418 0.083554 0.24143 -0.17951 0.28291 -0.013235 0.045289 0.012527 -0.08537 -0.0086692 -0.017669 0.13201 0.055746 0.12287 0.088257 -0.071588 -0.18486 0.011475 0.10427 0.031269 -0.14004 -0.049932 0.20584 0.030292 0.32622 0.038976 0.18872 0.18145 0.20171 0.093294 0.064324 -0.15479 0.20915 -0.08889 -0.073535 0.16589 0.26092 -0.13487 0.29508 0.14173 0.061237 3.4906e-06 -0.11392 0.12289 -0.010771 0.17597 0.031637 0.176 0.046742 -0.020423 -0.078248 -0.00095421 0.11821 0.23083 -0.008176 0.13701 0.25484 0.0066899 0.38155 0.070645 0.24575 0.19137 0.29107 0.24961 0.050816 -0.13848 0.29574 -0.0496 -0.099114 0.15666 0.28235
0.34689 0.24565 0.56363 0.36402 0.1104 0.011286 -0.046802 0.12152 0.12556 0.27589 0.30361 0 0.39019 0.081729 0.015686 -0.024734 0.13699 0.14589 -0.066017 0.20316 0.071744 -0.047425 -0.0097148 -0.06888 -0.010246 0.039518 0.063357 0.00072376 0.17766 -0.022282 -0.064673 -0.13704 -0.033879 0.021404 0.20364 -0.046562 0.11628 0.056106 -0.017773 0.21323 0.047212 0.058108 0.16051 0.24586 0.12735 0.066678 -0.089573 0.19474 -0.090293 -0.071216 0.060492 0.1853 -0.02023 0.237 0.19007 -0.071457 0.013248 -0.087624 0.066814 0.0538 0.065883 -0.02109 0.22305 -0.05107 -0.018818 -0.060521 -0.0016995 0.032244 0.28618 0.045242 0.22848 0.068119 -0.06375 0.25349 0.063527 0.10228 0.17453 0.28851 0.23352 0.028423 -0.082955 0.25494 -0.06688 -0.057122 0.055111 0.21323
0.29333 0.23229 0.36373 0.61274 0.17114 -0.0036494 -0.025183 0.10334 0.13089 0.22385 0.27889 0.39019 0 0.14092 0.0034578 -0.0081479 0.11507 0.14638 -0.06075 0.2671 -0.027619 -0.0034485 0.014024 -0.040164 -0.094878 0.014612 -0.016453 0.030347 0.14279 0.0038616 -0.066733 -0.15086 -0.019305 0.13797 0.14775 -0.098751 0.064144 0.081389 0.068029 0.21368 0.18169 0.012575 0.10893 0.14306 0.14106 0.081438 -0.04166 0.21832 -0.089188 -0.039346 0.10106 0.30344 0.0025402 0.28174 0.030783 -0.01153 0.010796 -0.036518 -0.051482 0.030941 -0.0045745 0.025303 0.17248 -0.015897 -0.039694 -0.12068 -0.0091728 0.13135 0.26835 -0.041188 0.17111 0.10326 0.075667 0.2405 0.24553 0.052625 0.12592 0.19234 0.19008 0.082617 -0.012202 0.3033 -0.095109 -0.049377 0.10496 0.3537
0.10346 0.089855 0.063663 0.11593 0.035504 -0.018597 -0.024732 0.018596 0.039096 0.08889 0.099897 0.081729 0.14092 0 -0.012227 -0.029696 0.01192 0.088674 -0.026972 0.12565 -0.034531 0.0059232 0.008203 -0.02143 -0.029593 -0.013568 0.0025588 -0.014161 0.031003 0.0046732 -0.030368 -0.05471 -0.0016905 0.044302 0.021739 -0.040396 -0.0058152 0.042208 0.041631 0.075913 0.052829 0.033032 0.052699 0.040521 0.048043 0.011668 -0.017964 0.079379 -0.04376 -0.006602 0.064409 0.11201 -0.017368 0.10507 0.0087932 0.0023543 -0.0038072 -0.01916 -0.0056903 -0.0080705 0.019809 -0.014166 0.026978 0.0058778 -0.01162 -0.025279 -0.010978 0.057096 0.077339 -0.028933 0.055151 0.057343 0.047843 0.07955 0.065695 0.042693 0.067377 0.063375 0.09328 -0.0014682 -0.0097835 0.11286 -0.02243 -0.020579 0.05458 0.12374
-0.013401 -0.0084738 0.017787 0.00049924 -0.0096231 0.40981 0.16868 0.0301 0.054324 0.034286 -0.021662 0.015686 0.0034578 -0.012227 0 0.21757 0.037871 0.058373 0.059164 0.030378 0.11947 0.078603 0.097469 0.22026 0.19008 0.11424 0.2909 0.11177 0.073157 0.099781 0.28764 0.16059 0.24322 0.084579 -0.03805 -0.00053404 -0.048985 0.056201 0.090094 0.060482 0.083448 0.21258 0.20193 -0.043757 0.12933 0.070953 0.21535 -0.10211 0.031385 0.12013 0.085279 0.076181 0.046674 0.03094 0.043529 0.072831 0.099242 0.2174 0.12888 0.12062 0.27224 0.10715 0.034145 0.091743 0.24856 0.13177 0.2507 0.071104 -0.08513 -0.038843 -0.075558 0.049792 0.10904 0.034836 0.068203 0.20332 0.1475 -0.073815 0.065818 0.06499 0.20829 -0.096509 0.028467 0.12761 0.085899 0.070539
-0.10654 -0.095679 -0.024454 -0.010375 -0.023557 0.17391 0.25144 0.0090181 -0.022908 -0.062213 -0.11418 -0.024734 -0.0081479 -0.029696 0.21757 0 0.021975 -0.011118 0.11599 -0.036101 0.044648 0.037479 0.069091 0.18059 0.039095 0.11119 -0.0078516 0.032187 0.0031083 0.041771 0.13407 0.11743 0.091769 0.037525 0.0066586 0.042172 0.048082 -0.045918 0.069106 -0.11696 0.099993 -0.037403 -0.00035867 -0.12182 0.034991 0.037782 0.21123 -0.080358 0.043486 0.10333 0.016964 0.028727 0.10443 -0.035612 -0.02418 0.024312 0.041979 0.18877 -0.01672 0.11246 -0.026961 0.033984 -0.0048454 0.03959 0.098157 0.080636 0.090203 0.038859 -0.0256 -0.011254 0.0055398 -0.057528 0.084521 -0.1351 0.10204 -0.0521 -0.028981 -0.14582 -0.02039 0.039211 0.21999 -0.10255 0.028349 0.12541 0.00055768 0.024908
0.0325 0.048503 0.11274 0.090184 0.017839 0.031829 -0.0095946 0.092086 0.041753 0.026166 0.083554 0.13699 0.11507 0.01192 0.037871 0.021975 0 0.065031 -0.022419 0.085044 -0.047324 0.027465 0.013699 -0.0052251 -0.032437 -0.033646 0.067247 0.025977 0.014248 0.02752 0.052607 -0.06586 0.0053091 0.025661 -0.017831 -0.076557 -0.053902 0.036666 0.006596 0.054303 0.0013794 0.057297 0.11837 -0.018676 0.012388 -0.0011527 0.014954 -0.03017 -0.012033 -0.013828 0.03668 0.057441 -0.010672 0.075287 -0.033381 0.028529 0.0034786 0.01085 -0.030649 -0.014434 0.053884 0.021772 0.018769 0.017467 0.037318 -0.04661 0.01941 0.033066 -0.01298 -0.097359 -0.024422 0.042717 -0.0015635 0.060989 0.0039258 0.055969 0.10769 0.0095027 0.0075852 0.0047491 0.023737 0.019438 -0.014146 -0.0091642 0.043214 0.066525
0.25825 0.20885 0.14831 0.14211 0.056121 0.058158 -0.032563 0.059641 0.18224 0.22745 0.24143 0.14589 0.14638 0.088674 0.058373 -0.011118 0.065031 0 -0.057437 0.16664 0.036755 0.036509 0.035374 0.0059734 0.047975 0.03152 0.10866 0.013038 0.090003 0.071046 0.0040711 -0.030484 0.059105 0.076309 0.0293 -0.049613 0.00015799 0.14533 0.063988 0.17677 0.052614 0.14928 0.12366 0.12148 0.081785 0.056471 0.013706 0.13951 -0.0352 0.026335 0.1514 0.18681 -0.0050889 0.18106 0.10246 0.045684 0.023426 0.00024928 0.10253 0.037234 0.1331 0.013403 0.11474 0.059777 0.052368 0.015283 0.047745 0.09668 0.11811 0.012689 0.084774 0.16322 0.05783 0.18842 0.069034 0.17984 0.13193 0.15307 0.1587 0.051415 0.025587 0.17633 -0.0063038 0.00079129 0.13125 0.21022
-0.15854 -0.10608 -0.03038 -0.057899 -0.021203 0.085152 0.15083 -0.0342 -0.04222 -0.068694 -0.17951 -0.066017 -0.06075 -0.026972 0.059164 0.11599 -0.022419 -0.057437 0 -0.062851 0.27538 0.044463 0.043205 0.28403 0.25434 0.29485 -0.13057 0.084598 0.062368 0.076445 0.052194 0.60173 0.013874 -0.022039 0.49279 0.24323 0.56949 -0.025756 0.044089 -0.12024 0.14015 -0.044624 -0.12422 -0.0085769 0.22883 0.059964 0.70377 0.19211 0.14523 0.15546 0.12994 0.090113 0.62463 -0.067825 0.049614 0.02193 0.019187 0.23296 0.058271 0.21311 -0.17219 0.092244 0.014787 0.071331 -0.025817 0.38351 0.027736 -0.013255 0.20092 0.18054 0.29486 -0.068349 0.099106 -0.19603 0.11126 -0.11798 -0.11188 -0.099352 0.064682 0.024883 0.58573 -0.016306 0.085964 0.16732 0.13959 0.052588
0.24137 0.25287 0.20809 0.29217 0.10791 0.036911 -0.047116 0.085269 0.16663 0.24211 0.28291 0.20316 0.2671 0.12565 0.030378 -0.036101 0.085044 0.16664 -0.062851 0 -0.082875 0.14803 0.047709 0.016529 -0.13479 0.0060491 0.015026 0.028629 0.23914 0.17362 -0.10014 -0.28265 0.02058 0.35742 0.20408 -0.22598 0.036718 0.27542 0.27262 0.42402 0.36801 0.098128 0.29242 0.29081 0.34264 0.26656 0.064155 0.39409 -0.1485 -0.040105 0.29142 0.56803 0.028024 0.59348 -0.084768 0.15834 0.00063833 -0.0075887 -0.13605 0.0068895 0.050895 0.036594 0.19934 0.1435 -0.053105 -0.27589 0.025404 0.33735 0.29166 -0.24055 0.11977 0.27783 0.22822 0.4468 0.35973 0.15096 0.28051 0.24209 0.27962 0.22041 0.05565 0.4623 -0.17481 -0.089306 0.23973 0.5557
0.071433 0.03746 0.11165 -0.027673 0.0024631 0.132 0.040781 -0.056144 0.003296 0.22792 -0.013235 0.071744 -0.027619 -0.034531 0.11947 0.044648 -0.047324 0.036755 0.27538 -0.082875 0 -0.11758 0.058019 0.20481 0.68354 0.52802 0.18925 -0.033314 0.2628 -0.05623 0.088259 0.45968 0.15722 -0.09416 0.55755 0.43967 0.50833 -0.099035 -0.036354 0.095094 0.097997 0.31354 -0.033848 0.65141 0.39256 0.38594 0.080684 0.44872 0.024572 0.0038594 -0.010492 -0.026723 0.078115 -0.086313 0.65832 -0.16199 0.064512 0.13299 0.50342 0.27679 0.069056 -0.0085307 0.10947 -0.050387 0.044679 0.29855 0.12167 -0.086477 0.31881 0.35279 0.25912 -0.10251 -0.011995 -0.014199 0.057547 0.16981 -0.10514 0.2825 0.1127 0.18578 0.062333 0.11515 0.057348 0.0077172 -0.0047969 -0.069038
-0.083684 0.069038 -0.01778 0.0075887 -0.0040059 0.092565 0.033093 0.015062 0.043616 -0.025293 0.045289 -0.047425 -0.0034485 0.0059232 0.078603 0.037479 0.027465 0.036509 0.044463 0.14803 -0.11758 0 0.014311 0.31604 0.027095 -0.11372 0.10107 0.17926 0.043406 0.9081 0.024457 -0.15262 0.15574 0.38033 -0.068625 -0.17097 -0.11715 0.85647 0.34117 0.039011 0.29899 0.24032 0.060169 -0.032704 0.087704 0.63813 0.18881 -0.0074608 -0.030902 0.025406 0.19568 0.2212 0.086566 0.1246 -0.24759 0.96568 -0.001589 0.34871 -0.10724 -0.077776 0.12164 0.25214 -0.025212 0.89576 0.0032993 -0.19557 0.15678 0.35143 -0.14604 -0.25114 -0.1751 0.80175 0.38169 0.02459 0.30137 0.27454 0.063869 -0.13469 -0.034157 0.55791 0.17869 0.0094129 -0.066005 0.024949 0.16278 0.1816
0.019694 0.015682 0.0087519 0.011247 0.0052805 0.11691 0.064646 -0.0019581 0.011728 0.041148 0.012527 -0.0097148 0.014024 0.008203 0.097469 0.069091 0.013699 0.035374 0.043205 0.047709 0.058019 0.014311 0 0.15205 0.098064 0.12772 0.040316 0.028932 0.07865 0.035233 0.083894 0.099842 0.085354 0.040749 0.060309 0.035936 0.065886 0.019224 0.050206 0.030978 0.0644 0.025221 0.048816 0.031101 0.066487 0.085648 0.11095 0.050991 0.027986 0.089943 0.047139 0.091743 0.022555 0.02402 0.030446 0.0043266 0.04433 0.12776 0.061768 0.10781 0.04167 0.014798 0.045077 0.03578 0.071891 0.067832 0.064963 0.01201 0.052634 0.018563 0.036998 0.0066951 0.037668 0.027127 0.056952 0.04385 0.020455 -0.0073954 0.044905 0.072934 0.075259 0.033053 0.019115 0.044708 0.023534 0.077265
-0.08926 -0.064934 -0.051049 -0.027479 -0.0071269 0.22063 0.1842 -0.012482 -0.00363 -0.1138 -0.08537 -0.06888 -0.040164 -0.02143 0.22026 0.18059 -0.0052251 0.0059734 0.28403 0.016529 0.20481 0.31604 0.15205 0 0.31795 0.3554 0.08 0.51292 0.089595 0.50508 0.18133 0.20979 0.32124 0.11167 0.12363 0.0443 0.10657 0.27078 0.13571 -0.069988 0.16516 0.095995 0.040385 -0.038561 0.085065 0.47034 0.36743 -0.0097919 0.069711 0.15071 0.11627 0.13208 0.28542 0.027576 0.05735 0.29052 0.11282 0.79978 0.17833 0.34647 0.083779 0.48254 0.067698 0.50704 0.15038 0.1925 0.33149 0.11868 0.084451 -0.018936 0.12814 0.19079 0.18086 -0.063852 0.19003 0.14976 0.038245 -0.087622 0.047178 0.45764 0.29814 -0.033648 0.047385 0.13724 0.087627 0.08753
0.05342 0.031498 0.011313 -0.10142 -0.018564 0.2109 0.05847 -0.05057 0.016917 0.16852 -0.0086692 -0.010246 -0.094878 -0.029593 0.19008 0.039095 -0.032437 0.047975 0.25434 -0.13479 0.68354 0.027095 0.098064 0.31795 0 0.50116 0.48425 0.073427 0.1437 0.10803 0.25806 0.61743 0.36919 -0.060702 0.24936 0.36397 0.22453 0.0029976 -0.096376 0.15658 -0.12934 0.64032 0.080746 0.47805 0.31978 0.34499 0.087255 0.2111 0.15592 0.091436 -0.017523 -0.10029 0.080751 -0.13096 0.50893 -0.031375 0.062671 0.23273 0.74405 0.31206 0.38055 0.062449 0.046189 0.091475 0.22408 0.52187 0.30415 -0.069427 0.11884 0.25423 0.13133 -0.018824 -0.084703 0.036973 -0.13139 0.4811 0.010678 0.18852 0.15135 0.169 0.067194 0.0072458 0.2247 0.11398 -0.0068786 -0.13633
0.14604 0.034918 0.053402 0.029625 0.013755 0.11846 0.12086 -0.022284 0.0094174 0.21213 -0.017669 0.039518 0.014612 -0.013568 0.11424 0.11119 -0.033646 0.03152 0.29485 0.0060491 0.52802 -0.11372 0.12772 0.3554 0.50116 0 0.011153 0.11201 0.23524 -0.045719 0.059509 0.45726 0.10845 -0.030329 0.42214 0.35217 0.43352 -0.10341 0.0247 0.039277 0.12382 0.0055989 -0.058726 0.37893 0.23958 0.35469 0.19542 0.41878 0.027222 0.11374 -0.0051802 0.099897 0.17732 0.0079365 0.32598 -0.14374 0.090391 0.27672 0.3238 0.53623 -0.073515 0.071325 0.13956 -0.050325 -0.0085928 0.3161 0.047479 -0.044562 0.29395 0.25271 0.31834 -0.12473 0.01281 0.010831 0.084482 -0.019702 -0.088208 0.14379 0.077038 0.26242 0.14821 0.22477 0.031645 0.078081 0.0065789 0.058607
0.090299 0.12802 0.062845 -0.0030961 -0.0063078 0.3107 -0.0071223 0.043188 0.10861 0.11526 0.13201 0.063357 -0.016453 0.0025588 0.2909 -0.0078516 0.067247 0.10866 -0.13057 0.015026 0.18925 0.10107 0.040316 0.08 0.48425 0.011153 0 0.011265 0.03278 0.11268 0.45096 0.18633 0.35707 0.05953 -0.20987 -0.019044 -0.23607 0.13589 0.025683 0.38309 -0.12667 0.76632 0.42608 0.068658 0.20126 0.010052 0.00024898 -0.13274 0.103 0.033254 0.10544 -0.023853 -0.12711 0.01309 0.091392 0.075236 0.05284 0.052755 0.33214 -0.03195 0.72917 0.036275 -0.032608 0.099526 0.4135 0.18431 0.2926 0.047382 -0.26399 -0.10144 -0.22488 0.15752 0.035932 0.2641 -0.11901 0.67009 0.3052 -0.018353 0.12924 -0.082722 0.018808 -0.16805 0.10316 0.04302 0.081804 -0.050173
-0.0013236 0.072716 -0.0011243 0.017019 -0.0070963 0.1131 0.073086 0.013146 0.011548 -0.065592 0.055746 0.00072376 0.030347 -0.014161 0.11177 0.032187 0.025977 0.013038 0.084598 0.028629 -0.033314 0.17926 0.028932 0.51292 0.073427 0.11201 0.011265 0 0.042025 0.36446 0.10497 0.02916 0.051435 0.063331 0.010141 -0.0034974 0.03542 0.26327 0.038951 0.0071444 0.079485 -0.051839 0.060233 -0.073145 -0.0018978 0.26482 0.18725 -0.095806 0.017479 0.055059 0.10852 0.095252 0.1674 0.051101 -0.050399 0.18382 0.022504 0.53007 0.0018023 0.16249 -1.5527e-05 0.94017 0.058975 0.30065 0.07739 0.055288 0.080056 0.060768 0.079333 -0.013038 0.094996 0.26188 0.095984 0.010696 0.13333 -0.015743 0.051537 -0.066099 0.013455 0.29624 0.14919 0.0063481 0.027371 0.046572 0.096386 0.094064
0.19559 0.14179 0.19232 0.14722 0.070723 0.071895 0.0031248 0.021564 0.077777 0.2014 0.12287 0.17766 0.14279 0.031003 0.073157 0.0031083 0.014248 0.090003 0.062368 0.23914 0.2628 0.043406 0.07865 0.089595 0.1437 0.23524 0.03278 0.042025 0 0.045205 0.0091831 0.03474 0.053875 0.067381 0.42212 0.26798 0.44315 0.091915 0.018513 0.27775 0.11424 0.095666 0.20272 0.45379 0.293 0.20125 0.077137 0.41811 -0.046657 0.0357 0.14039 0.33286 0.086615 0.22694 0.21732 0.017484 0.045303 0.057883 0.12738 0.14723 -0.01037 0.034683 0.38174 0.038426 0.009819 0.025154 0.012146 0.039531 0.38349 0.20434 0.42523 0.085435 0.021514 0.21719 0.10786 0.072473 0.15368 0.28842 0.2163 0.098035 0.063661 0.31351 -0.024962 -0.016218 0.12336 0.32135
-0.056985 0.10686 0.001013 0.016169 0.0011419 0.11806 0.045021 0.0033033 0.070456 -0.018227 0.088257 -0.022282 0.0038616 0.0046732 0.099781 0.041771 0.02752 0.071046 0.076445 0.17362 -0.05623 0.9081 0.035233 0.50508 0.10803 -0.045719 0.11268 0.36446 0.045205 0 0.047754 -0.12252 0.22455 0.38477 -0.042717 -0.16456 -0.077473 0.9019 0.35793 0.073765 0.28906 0.2277 0.071548 -0.021101 0.078278 0.66213 0.21999 0.027984 -0.018817 0.023564 0.25948 0.25482 0.09401 0.13566 -0.16842 0.89562 0.0068159 0.51021 -0.020241 0.010121 0.14109 0.415 0.010758 0.91734 0.023512 -0.1427 0.22474 0.34763 -0.067979 -0.21601 -0.093239 0.8518 0.39358 0.065462 0.30187 0.28553 0.072042 -0.097952 -0.0085998 0.60807 0.19602 0.083522 -0.050214 0.010175 0.21277 0.21513
-0.15967 -0.038671 -0.030411 -0.035498 -0.023072 0.28743 0.16072 0.057488 0.010715 -0.040659 -0.071588 -0.064673 -0.066733 -0.030368 0.28764 0.13407 0.052607 0.0040711 0.052194 -0.10014 0.088259 0.024457 0.083894 0.18133 0.25806 0.059509 0.45096 0.10497 0.0091831 0.047754 0 0.33677 0.23874 0.0015535 -0.16172 0.086916 -0.10407 0.0059815 0.044397 -0.05101 -0.029789 0.33586 0.34786 -0.26039 0.19478 -0.069052 0.20052 -0.30405 0.24996 0.16998 0.023322 -0.073977 -0.031336 -0.13034 -0.15435 0.01023 0.038492 0.18051 0.045701 0.020645 0.33212 0.12825 -0.11501 0.041399 0.51816 0.20708 0.20363 -0.0064426 -0.33914 -0.10246 -0.25799 -0.0059031 0.061278 -0.14566 -0.053926 0.17425 0.18456 -0.38401 -0.020975 -0.092955 0.16411 -0.35523 0.20421 0.1541 0.013017 -0.11348
-0.097766 -0.11699 -0.081449 -0.15376 -0.032049 0.19371 0.16371 -0.059748 -0.049491 0.032326 -0.18486 -0.13704 -0.15086 -0.05471 0.16059 0.11743 -0.06586 -0.030484 0.60173 -0.28265 0.45968 -0.15262 0.099842 0.20979 0.61743 0.45726 0.18633 0.02916 0.03474 -0.12252 0.33677 0 0.12948 -0.21113 0.22665 0.57653 0.35618 -0.19316 -0.13156 -0.11168 -0.14241 0.21644 -0.03788 -0.010546 0.29447 -0.10997 0.37527 0.093538 0.31801 0.25391 -0.094339 -0.20334 0.2466 -0.28363 0.19064 -0.20016 0.068549 0.14678 0.34224 0.29018 0.043701 0.024174 -0.057612 -0.10732 0.17769 0.74367 0.081341 -0.19638 -0.055408 0.38808 0.067896 -0.22341 -0.10378 -0.22901 -0.1683 -0.012117 -0.12441 -0.20119 0.046007 -0.13988 0.27523 -0.19054 0.32536 0.24659 -0.06968 -0.21933
0.014244 0.011835 -0.029794 -0.022035 -0.011703 0.25732 0.063666 0.026805 0.054558 0.025986 0.011475 -0.033879 -0.019305 -0.0016905 0.24322 0.091769 0.0053091 0.059105 0.013874 0.02058 0.15722 0.15574 0.085354 0.32124 0.36919 0.10845 0.35707 0.051435 0.053875 0.22455 0.23874 0.12948 0 0.10311 -0.046224 -0.024599 -0.068956 0.14346 0.058823 0.062874 -0.010567 0.41341 0.19441 0.055513 0.12269 0.14153 0.14169 -0.048943 0.036609 0.083939 0.090529 0.052395 0.04477 0.011121 0.11477 0.13198 0.069193 0.27046 0.27909 0.097512 0.35423 0.054304 0.014924 0.21343 0.25329 0.15317 0.40618 0.078948 -0.067566 -0.026341 -0.027122 0.11718 0.038003 0.047741 -0.016727 0.39783 0.14834 0.0023208 0.11479 0.081561 0.12928 -0.072071 0.077856 0.08575 0.062833 0.012988
0.092482 0.14603 0.035285 0.16176 0.0088858 0.07903 0.026954 0.044162 0.10771 0.1574 0.10427 0.021404 0.13797 0.044302 0.084579 0.037525 0.025661 0.076309 -0.022039 0.35742 -0.09416 0.38033 0.040749 0.11167 -0.060702 -0.030329 0.05953 0.063331 0.067381 0.38477 0.0015535 -0.21113 0.10311 0 0.10643 -0.21702 -0.014309 0.42369 0.54425 0.2275 0.60791 0.16655 0.082656 0.1221 0.30149 0.38524 0.20701 0.28937 -0.07806 -0.0066055 0.36907 0.47611 0.035803 0.31256 -0.10261 0.36356 0.0037627 0.10839 -0.091862 -0.02705 0.081009 0.069034 0.037132 0.34937 -0.016381 -0.21797 0.13394 0.7689 0.14534 -0.22502 0.047136 0.39786 0.47234 0.27355 0.54107 0.22568 0.071632 0.093188 0.22748 0.30755 0.19991 0.33441 -0.09444 -0.021004 0.31904 0.43001
0.098352 0.10151 0.23193 0.1777 0.069384 -0.02769 0.016264 -0.016901 0.038902 0.22194 0.031269 0.20364 0.14775 0.021739 -0.03805 0.0066586 -0.017831 0.0293 0.49279 0.20408 0.55755 -0.068625 0.060309 0.12363 0.24936 0.42214 -0.20987 0.010141 0.42212 -0.042717 -0.16172 0.22665 -0.046224 0.10643 0 0.38559 0.83397 0.0020924 0.054995 0.10244 0.31499 -0.085992 -0.088274 0.55609 0.53688 0.27644 0.25239 0.65464 -0.042731 0.014341 0.12781 0.35388 0.24985 0.1943 0.33547 -0.10111 0.02183 0.054507 0.11042 0.19345 -0.28373 -0.0042508 0.28458 -0.041616 -0.19359 0.061539 -0.053823 0.086562 0.65358 0.26831 0.59867 -0.019413 0.064469 0.029592 0.27977 -0.15419 -0.10326 0.23622 0.27813 0.16286 0.19076 0.4406 -0.049068 -0.0257 0.12735 0.32339
-0.053243 -0.075188 -0.019573 -0.091961 0.0028077 0.035916 0.077275 -0.08035 -0.053603 0.084992 -0.14004 -0.046562 -0.098751 -0.040396 -0.00053404 0.042172 -0.076557 -0.049613 0.24323 -0.22598 0.43967 -0.17097 0.035936 0.0443 0.36397 0.35217 -0.019044 -0.0034974 0.26798 -0.16456 0.086916 0.57653 -0.024599 -0.21702 0.38559 0 0.58205 -0.16152 -0.14327 -0.1364 -0.10243 -0.078246 -0.15762 0.14577 0.22537 -0.084816 0.039331 0.15344 0.1732 0.092582 -0.076049 -0.13401 -0.0056241 -0.22612 0.16484 -0.20222 0.051233 0.026317 0.12149 0.16545 -0.18194 -0.012521 0.10093 -0.15632 -0.013836 0.27096 -0.023924 -0.19612 0.11531 0.55181 0.21869 -0.18057 -0.10213 -0.2271 -0.098853 -0.2701 -0.22831 -0.1507 -0.076512 -0.14182 0.0055256 -0.080384 0.13765 0.073464 -0.0656 -0.13595
0.02981 0.0046775 0.13809 0.074547 0.05697 -0.019634 0.068351 -0.064234 -0.010579 0.17319 -0.049932 0.11628 0.064144 -0.0058152 -0.048985 0.048082 -0.053902 0.00015799 0.56949 0.036718 0.50833 -0.11715 0.065886 0.10657 0.22453 0.43352 -0.23607 0.03542 0.44315 -0.077473 -0.10407 0.35618 -0.068956 -0.014309 0.83397 0.58205 0 -0.071293 -0.036954 -0.027836 0.21316 -0.21767 -0.19128 0.38783 0.35063 0.15454 0.26122 0.53546 0.05326 0.039069 0.025548 0.2043 0.28361 -0.0045392 0.27171 -0.14153 0.047398 0.045795 0.0082213 0.22397 -0.33946 0.023912 0.26269 -0.082372 -0.17909 0.11 -0.078972 -0.024008 0.51769 0.44306 0.61119 -0.091782 6.1518e-05 -0.11646 0.16587 -0.31448 -0.20863 0.081784 0.045789 0.065267 0.1821 0.25362 -0.042321 0.0018729 0.041234 0.18239
0.062449 0.20446 0.062582 0.089713 0.036716 0.070413 -0.014221 0.039598 0.14125 0.097464 0.20584 0.056106 0.081389 0.042208 0.056201 -0.045918 0.036666 0.14533 -0.025756 0.27542 -0.099035 0.85647 0.019224 0.27078 0.0029976 -0.10341 0.13589 0.26327 0.091915 0.9019 0.0059815 -0.19316 0.14346 0.42369 0.0020924 -0.16152 -0.071293 0 0.40496 0.20298 0.3348 0.26111 0.11438 0.036195 0.1203 0.56653 0.10635 0.11869 -0.059421 -0.010442 0.30348 0.33811 -0.00029625 0.25115 -0.15867 0.81184 -0.0074907 0.28251 -0.057449 -0.060721 0.16683 0.33895 0.060115 0.85836 0.004824 -0.21185 0.14118 0.39339 -0.0019713 -0.19693 -0.06185 0.9553 0.43575 0.20892 0.36477 0.31101 0.12927 -0.0080035 0.058811 0.51587 0.091829 0.23026 -0.073274 -0.041707 0.26578 0.32548
-0.002309 0.09722 -0.024281 0.13722 0.049934 0.10355 0.070338 0.021833 0.077982 0.20151 0.030292 -0.017773 0.068029 0.041631 0.090094 0.069106 0.006596 0.063988 0.044089 0.27262 -0.036354 0.34117 0.050206 0.13571 -0.096376 0.0247 0.025683 0.038951 0.018513 0.35793 0.044397 -0.13156 0.058823 0.54425 0.054995 -0.14327 -0.036954 0.40496 0 0.046604 0.88319 0.040346 0.00077722 0.0074829 0.28201 0.44474 0.33758 0.3189 -0.013472 0.049967 0.47367 0.577 0.042105 0.22414 -0.17077 0.31413 -0.0047465 0.13464 -0.17986 -0.014761 0.0016514 0.041939 -0.035229 0.33377 0.0030165 -0.20337 0.083271 0.49192 0.019583 -0.22043 -0.10934 0.36434 0.89451 0.066993 0.77997 0.049775 -0.020629 -0.10334 0.10848 0.34394 0.3004 0.28716 -0.087315 -0.0058485 0.37403 0.46239
0.3635 0.31581 0.19527 0.20628 0.091512 0.070121 -0.13348 0.05816 0.18203 0.30555 0.32622 0.21323 0.21368 0.075913 0.060482 -0.11696 0.054303 0.17677 -0.12024 0.42402 0.095094 0.039011 0.030978 -0.069988 0.15658 0.039277 0.38309 0.0071444 0.27775 0.073765 -0.05101 -0.11168 0.062874 0.2275 0.10244 -0.1364 -0.027836 0.20298 0.046604 0 0.055553 0.51272 0.35635 0.44601 0.29876 0.16362 -0.085811 0.38185 -0.097394 -0.058108 0.18932 0.34425 -0.062736 0.39075 0.16411 0.051849 0.036301 -0.080829 0.21785 0.062444 0.38345 0.0051721 0.23894 0.031287 0.056552 -0.035823 0.027055 0.18413 0.20627 -0.082259 0.1205 0.23257 0.035074 0.6797 0.08516 0.48289 0.32033 0.43538 0.31454 0.081355 -0.067581 0.39427 -0.10488 -0.09143 0.17587 0.35538
0.035523 0.08285 0.054209 0.24418 0.075287 0.078841 0.088666 0.021823 0.056573 0.23137 0.038976 0.047212 0.18169 0.052829 0.083448 0.099993 0.0013794 0.052614 0.14015 0.36801 0.097997 0.29899 0.0644 0.16516 -0.12934 0.12382 -0.12667 0.079485 0.11424 0.28906 -0.029789 -0.14241 -0.010567 0.60791 0.31499 -0.10243 0.21316 0.3348 0.88319 0.055553 0 -0.10081 -0.020954 0.10202 0.47713 0.50406 0.36352 0.45592 -0.049209 0.027025 0.41922 0.61728 0.13401 0.30998 -0.083524 0.26526 -0.0014131 0.15662 -0.24252 0.029918 -0.14174 0.092813 0.057309 0.27721 -0.085071 -0.23557 0.04443 0.57505 0.25361 -0.19156 0.062625 0.30214 0.8261 0.078161 0.90774 -0.047778 -0.041101 -0.030452 0.26036 0.44828 0.32004 0.39635 -0.12664 -0.017136 0.32648 0.52819
0.19053 0.17897 0.072263 0.028144 0.013842 0.22756 -0.05001 0.035706 0.1365 0.20989 0.18872 0.058108 0.012575 0.033032 0.21258 -0.037403 0.057297 0.14928 -0.044624 0.098128 0.31354 0.24032 0.025221 0.095995 0.64032 0.0055989 0.76632 -0.051839 0.095666 0.2277 0.33586 0.21644 0.41341 0.16655 -0.085992 -0.078246 -0.21767 0.26111 0.040346 0.51272 -0.10081 0 0.40412 0.31474 0.31738 0.18193 0.014431 0.10872 0.091589 0.03023 0.11073 0.060924 -0.025396 0.088131 0.23369 0.21402 0.042902 0.066947 0.51848 -0.0037963 0.72844 0.010826 0.0037339 0.20663 0.33801 0.27087 0.3436 0.12479 -0.14925 -0.10411 -0.16424 0.26537 0.029947 0.39992 -0.096433 0.90156 0.32119 0.19249 0.27712 0.033898 0.034826 0.037972 0.14118 0.043311 0.10158 0.02221
0.095641 0.15365 0.1698 0.12492 0.062885 0.20005 -0.0074074 0.109 0.13104 0.081366 0.18145 0.16051 0.10893 0.052699 0.20193 -0.00035867 0.11837 0.12366 -0.12422 0.29242 -0.033848 0.060169 0.048816 0.040385 0.080746 -0.058726 0.42608 0.060233 0.20272 0.071548 0.34786 -0.03788 0.19441 0.082656 -0.088274 -0.15762 -0.19128 0.11438 0.00077722 0.35635 -0.020954 0.40412 0 0.059647 0.32792 -0.013422 0.033047 -0.028458 0.020019 0.019996 0.15956 0.18835 -0.081401 0.26936 -0.05619 0.052068 0.032549 0.015532 0.03694 -0.049975 0.39858 0.066792 0.12868 0.05185 0.37044 0.016313 0.14335 0.070752 -0.090971 -0.19509 -0.093466 0.11557 -0.015601 0.3052 -0.023942 0.35354 0.55284 0.044055 0.26966 -0.066494 0.057914 -0.0059271 0.011688 0.019381 0.12643 0.17495
0.39216 0.20988 0.25678 0.16572 0.075063 -0.031712 -0.14316 -0.0063272 0.10161 0.44177 0.20171 0.24586 0.14306 0.040521 -0.043757 -0.12182 -0.018676 0.12148 -0.0085769 0.29081 0.65141 -0.032704 0.031101 -0.038561 0.47805 0.37893 0.068658 -0.073145 0.45379 -0.021101 -0.26039 -0.010546 0.055513 0.1221 0.55609 0.14577 0.38783 0.036195 0.0074829 0.44601 0.10202 0.31474 0.059647 0 0.44185 0.4121 -0.12051 0.68759 -0.14655 -0.10152 0.089234 0.27483 0.012991 0.25933 0.55736 -0.056729 0.031979 -0.065906 0.4411 0.21154 0.027993 -0.075536 0.31837 -0.04571 -0.18306 0.047938 0.0073712 0.093152 0.50274 0.20349 0.3546 0.042052 -0.033012 0.3991 0.095534 0.29306 0.047138 0.7218 0.30627 0.23664 -0.093925 0.51669 -0.11435 -0.1405 0.07905 0.23483
0.070867 0.16464 0.19452 0.17133 0.072344 0.14448 0.048232 0.010055 0.080268 0.27621 0.093294 0.12735 0.14106 0.048043 0.12933 0.034991 0.012388 0.081785 0.22883 0.34264 0.39256 0.087704 0.066487 0.085065 0.31978 0.23958 0.20126 -0.0018978 0.293 0.078278 0.19478 0.29447 0.12269 0.30149 0.53688 0.22537 0.35063 0.1203 0.28201 0.29876 0.47713 0.31738 0.32792 0.44185 0 0.32266 0.17994 0.50291 0.093235 0.042524 0.20231 0.33893 0.036744 0.27043 0.14412 0.033804 0.03571 0.037446 0.046111 0.098464 0.071282 0.0088173 0.075544 0.068194 0.079908 0.056142 0.098447 0.29344 0.23369 -0.031618 0.12199 0.095688 0.23713 0.1728 0.39438 0.11837 0.15498 0.078552 0.50235 0.1866 0.15644 0.25299 0.069625 0.022772 0.17248 0.2785
0.14064 0.10331 0.056668 0.10254 0.013215 0.077193 0.03176 0.0062177 0.04123 0.22066 0.064324 0.066678 0.081438 0.011668 0.070953 0.037782 -0.0011527 0.056471 0.059964 0.26656 0.38594 0.63813 0.085648 0.47034 0.34499 0.35469 0.010052 0.26482 0.20125 0.66213 -0.069052 -0.10997 0.14153 0.38524 0.27644 -0.084816 0.15454 0.56653 0.44474 0.16362 0.50406 0.18193 -0.013422 0.4121 0.32266 0 0.11296 0.47809 -0.06886 -0.0054694 0.18494 0.36795 0.1021 0.23785 0.1829 0.59943 0.04192 0.4422 0.15076 0.2839 0.048761 0.25291 0.12617 0.66327 -0.065946 -0.13326 0.14234 0.34282 0.25768 -0.10497 0.14193 0.54624 0.39565 0.17052 0.45575 0.27729 -0.00078527 0.20323 0.17439 0.92172 0.070232 0.39671 -0.067902 -0.028568 0.16056 0.3121
-0.17591 -0.10651 -0.065911 -0.016854 0.010892 0.23415 0.23826 0.0067126 0.0064475 -0.12313 -0.15479 -0.089573 -0.04166 -0.017964 0.21535 0.21123 0.014954 0.013706 0.70377 0.064155 0.080684 0.18881 0.11095 0.36743 0.087255 0.19542 0.00024898 0.18725 0.077137 0.21999 0.20052 0.37527 0.14169 0.20701 0.25239 0.039331 0.26122 0.10635 0.33758 -0.085811 0.36352 0.014431 0.033047 -0.12051 0.17994 0.11296 0 0.10024 0.081347 0.22203 0.55381 0.32488 0.56868 0.047811 -0.08467 0.14722 0.067466 0.33904 -0.071007 0.10736 -0.054816 0.1762 0.018814 0.20548 0.12165 0.1953 0.14179 0.23058 0.1087 -0.043316 0.11265 0.035711 0.36425 -0.10836 0.3467 -0.017271 0.029803 -0.19287 0.059564 0.11017 0.8401 0.032207 0.037523 0.20298 0.44508 0.26317
0.37528 0.21714 0.19123 0.23849 0.10684 -0.088751 -0.079171 0.00019591 0.11295 0.39357 0.20915 0.19474 0.21832 0.079379 -0.10211 -0.080358 -0.03017 0.13951 0.19211 0.39409 0.44872 -0.0074608 0.050991 -0.0097919 0.2111 0.41878 -0.13274 -0.095806 0.41811 0.027984 -0.30405 0.093538 -0.048943 0.28937 0.65464 0.15344 0.53546 0.11869 0.3189 0.38185 0.45592 0.10872 -0.028458 0.68759 0.50291 0.47809 0.10024 0 -0.095593 -0.053681 0.27492 0.56121 0.19718 0.38355 0.39625 -0.025901 0.0092318 -0.060657 0.26907 0.28456 -0.13422 -0.082484 0.33818 0.0039449 -0.27633 0.094015 -0.065396 0.24408 0.63153 0.22699 0.51929 0.12157 0.2405 0.35589 0.41691 0.14562 -0.003951 0.5262 0.42687 0.37124 0.0684 0.81409 -0.090287 -0.089151 0.20652 0.50098
-0.10101 -0.055649 -0.05833 -0.078261 -0.031929 0.05233 0.054958 -0.007615 -0.036431 -0.034089 -0.08889 -0.090293 -0.089188 -0.04376 0.031385 0.043486 -0.012033 -0.0352 0.14523 -0.1485 0.024572 -0.030902 0.027986 0.069711 0.15592 0.027222 0.103 0.017479 -0.046657 -0.018817 0.24996 0.31801 0.036609 -0.07806 -0.042731 0.1732 0.05326 -0.059421 -0.013472 -0.097394 -0.049209 0.091589 0.020019 -0.14655 0.093235 -0.06886 0.081347 -0.095593 0 0.091548 -0.080071 -0.13008 0.041544 -0.16088 -0.092727 -0.028213 0.0013155 0.057952 0.0029972 0.016584 0.042558 0.028276 -0.10095 -0.018293 0.13701 0.22055 0.022096 -0.058873 -0.16171 0.067739 -0.093762 -0.06308 0.0041919 -0.17427 -0.080739 -0.01595 -0.033745 -0.25132 -0.020003 -0.051875 0.064576 -0.19253 0.23116 0.080422 -0.046185 -0.15791
-0.062298 -0.055451 -0.050962 -0.020227 -0.020763 0.14177 0.12292 0.0019515 -0.019777 -0.010668 -0.073535 -0.071216 -0.039346 -0.006602 0.12013 0.10333 -0.013828 0.026335 0.15546 -0.040105 0.0038594 0.025406 0.089943 0.15071 0.091436 0.11374 0.033254 0.055059 0.0357 0.023564 0.16998 0.25391 0.083939 -0.0066055 0.014341 0.092582 0.039069 -0.010442 0.049967 -0.058108 0.027025 0.03023 0.019996 -0.10152 0.042524 -0.0054694 0.22203 -0.053681 0.091548 0 0.033786 0.028269 0.086662 -0.064378 -0.060585 0.013097 0.033339 0.1242 0.0080961 0.08811 0.021087 0.044669 -0.037013 0.036898 0.11834 0.18835 0.062056 -0.0039107 -0.033492 0.020922 -0.0083935 -0.02821 0.036724 -0.087042 0.0067654 0.0029768 -0.006196 -0.14225 0.012581 -0.011149 0.1854 -0.083769 0.097395 0.14415 0.01433 0.0068106
0.038992 0.15834 0.065357 0.1156 0.058016 0.11043 0.017378 0.039281 0.11424 0.036775 0.16589 0.060492 0.10106 0.064409 0.085279 0.016964 0.03668 0.1514 0.12994 0.29142 -0.010492 0.19568 0.047139 0.11627 -0.017523 -0.0051802 0.10544 0.10852 0.14039 0.25948 0.023322 -0.094339 0.090529 0.36907 0.12781 -0.076049 0.025548 0.30348 0.47367 0.18932 0.41922 0.11073 0.15956 0.089234 0.20231 0.18494 0.55381 0.27492 -0.080071 0.033786 0 0.49027 0.20749 0.28994 -0.0004183 0.18753 0.02593 0.11761 -0.008691 -0.013485 0.090263 0.1022 0.13224 0.23036 0.049518 -0.076437 0.10174 0.35694 0.18065 -0.078199 0.096863 0.27622 0.43462 0.23057 0.40064 0.15244 0.16149 0.076921 0.19969 0.1646 0.52429 0.33187 -0.050684 -0.0041307 0.61795 0.44482
0.22674 0.26865 0.18118 0.33316 0.13863 0.078007 0.026576 0.081128 0.17846 0.22818 0.26092 0.1853 0.30344 0.11201 0.076181 0.028727 0.057441 0.18681 0.090113 0.56803 -0.026723 0.2212 0.091743 0.13208 -0.10029 0.099897 -0.023853 0.095252 0.33286 0.25482 -0.073977 -0.20334 0.052395 0.47611 0.35388 -0.13401 0.2043 0.33811 0.577 0.34425 0.61728 0.060924 0.18835 0.27483 0.33893 0.36795 0.32488 0.56121 -0.13008 0.028269 0.49027 0 0.16662 0.53098 -0.0090249 0.20857 0.044819 0.09221 -0.07301 0.070144 0.0039515 0.1019 0.30676 0.22639 -0.054462 -0.17746 0.050974 0.44666 0.4581 -0.10087 0.3089 0.33507 0.50694 0.38853 0.59059 0.14492 0.19656 0.2366 0.33024 0.32295 0.28214 0.61621 -0.14055 -0.028662 0.39071 0.75048
-0.025364 -0.12046 -0.02419 -0.017025 -0.010786 0.043582 0.095245 -0.018579 -0.026018 -0.13189 -0.13487 -0.02023 0.0025402 -0.017368 0.046674 0.10443 -0.010672 -0.0050889 0.62463 0.028024 0.078115 0.086566 0.022555 0.28542 0.080751 0.17732 -0.12711 0.1674 0.086615 0.09401 -0.031336 0.2466 0.04477 0.035803 0.24985 -0.0056241 0.28361 -0.00029625 0.042105 -0.062736 0.13401 -0.025396 -0.081401 0.012991 0.036744 0.1021 0.56868 0.19718 0.041544 0.086662 0.20749 0.16662 0 0.037866 0.18899 0.088537 0.037025 0.31585 0.18531 0.24478 -0.1239 0.1255 0.12347 0.09839 -0.019452 0.42163 0.046727 0.041238 0.38933 0.17089 0.45855 -0.034861 0.091327 -0.036425 0.19236 0.043113 -0.024797 0.066252 0.24886 0.096151 0.68892 0.19635 0.061558 0.15693 0.18256 0.15443
