0,0.366251230239868,0.276734322309494,0.296140551567078,0.0803800672292709,-0.0297977831214666,-0.103948175907135,0.0657417997717857,0.216491386294365,0.709842443466187,0.441608071327209,0.357070624828339,0.308677643537521,0.11911790817976,-0.0289512015879154,-0.118554838001728,0.0519614778459072,0.270642459392548,-0.1668900847435,0.275872796773911,0.0561379790306091,-0.0450608916580677,0.0169391073286533,-0.0991687700152397,0.0644813254475594,0.140256211161613,0.081726148724556,-0.0146368946880102,0.212355434894562,-0.0314221456646919,-0.171542778611183,-0.102305822074413,0.00390737364068627,0.0948725119233131,0.0942651629447937,-0.0425763577222824,0.0224683675915003,0.111326143145561,0.00142526160925627,0.394205749034882,0.04893659055233,0.184897407889366,0.100986905395985,0.406419843435287,0.0415129363536835,0.135818228125572,-0.16947928071022,0.394298255443573,-0.0969554707407951,-0.0742626115679741,0.0747581720352173,0.250761151313782,0.0142615009099245,0.318036198616028,0.410945564508438,-0.0329381003975868,0.0312445499002934,-0.132648169994354,0.339085876941681,0.220312297344208,0.188570156693459,-0.0351277552545071,0.325344264507294,-0.067652702331543,-0.0509849861264229,0.113957621157169,-0.00311819580383599,0.113577909767628,0.407633602619171,0.198361426591873,0.312339454889297,0.119767047464848,0.00561853544786572,0.473211914300919,0.130024239420891,0.311520516872406,0.190936148166656,0.601328313350677,0.41965126991272,0.147632122039795,-0.132825046777725,0.558021545410156,-0.00405767560005188,-0.0851360633969307,0.0731368735432625,0.306805223226547
0.366251230239868,0,0.261816084384918,0.284167647361755,0.112595871090889,-0.00380432629026473,-0.0934718623757362,0.0702448338270187,0.218473434448242,0.371693849563599,0.510680198669434,0.274675458669662,0.25993600487709,0.0967024639248848,-0.0182880293577909,-0.112211927771568,0.063792772591114,0.217047169804573,-0.118487015366554,0.300068020820618,0.0408272258937359,0.0692070350050926,0.0152664259076118,-0.0886665061116219,0.0424665398895741,0.0296139027923346,0.138942673802376,0.0638121515512466,0.166976749897003,0.0984289273619652,-0.038198959082365,-0.110816478729248,0.00629879022017121,0.12958174943924,0.118082106113434,-0.0477616600692272,0.0128065142780542,0.231212630867958,0.0808519497513771,0.357605040073395,0.0831663385033607,0.193435922265053,0.166103914380074,0.24275578558445,0.178549185395241,0.0971030294895172,-0.108931362628937,0.242846131324768,-0.0444350354373455,-0.0663996860384941,0.196236073970795,0.295632928609848,-0.109905995428562,0.289839029312134,0.0567955411970615,0.0636440962553024,0.00999702140688896,-0.115967907011509,0.0376992896199226,-0.0180652905255556,0.121875949203968,0.0553160570561886,0.135017365217209,0.0513765886425972,-0.020680321380496,-0.111209817230701,-0.0300692468881607,0.0738022848963737,0.166764363646507,-0.0258314311504364,0.0794530883431435,0.259514153003693,0.0276182349771261,0.338754147291183,0.0505257286131382,0.176149934530258,0.158205106854439,0.196123957633972,0.156523153185844,0.0331251919269562,-0.12809120118618,0.227925479412079,-0.0509871989488602,-0.0784706845879555,0.172654315829277,0.279880851507187
0.276734322309494,0.261816084384918,0,0.393622010946274,0.105487614870071,0.021075040102005,-0.0211970023810863,0.143811240792274,0.137712448835373,0.291602313518524,0.273226469755173,0.573140859603882,0.380267560482025,0.0662214308977127,0.00614850968122482,-0.0370384193956852,0.126061052083969,0.150593370199203,-0.0340448655188084,0.23993293941021,0.112556211650372,-0.0147535111755133,0.000344286672770977,-0.0713564455509186,0.00898874178528786,0.0487308986485004,0.0621325299143791,-0.00530796544626355,0.210530534386635,-0.00244152615778148,-0.0263926982879639,-0.0693761184811592,-0.0334419161081314,0.0368182696402073,0.246882393956184,0.0117373736575246,0.146676331758499,0.0706458687782288,-0.0182895977050066,0.220475390553474,0.0642130002379417,0.0700283125042915,0.179304465651512,0.277019321918488,0.201232507824898,0.0297060608863831,-0.064833402633667,0.201609864830971,-0.0626785382628441,-0.0522455088794231,0.0911315008997917,0.198780730366707,-0.019650049507618,0.207167714834213,0.107955507934093,-0.0289997532963753,0.024282718077302,-0.0997369214892387,0.000278009101748466,0.0170441493391991,0.0413190722465515,0.00908982660621405,0.162066832184792,-0.0434219352900982,-0.0149194598197937,-0.0886619091033936,-0.0326968915760517,0.0161746423691511,0.214166447520256,-0.0190182067453861,0.147832557559013,0.0747250691056252,-0.040599849075079,0.2143764346838,0.068890243768692,0.0512017048895359,0.139959409832954,0.185475364327431,0.160749509930611,-0.0117578320205212,-0.0700021237134933,0.199120208621025,-0.0791869387030602,-0.0585636496543884,0.0972977876663208,0.199155285954475
0.296140551567078,0.284167647361755,0.393622010946274,0,0.203242525458336,-0.012138850055635,-0.0179802663624287,0.113549210131168,0.142301246523857,0.273878812789917,0.280858516693115,0.378557771444321,0.628089189529419,0.125161498785019,-0.022511575371027,-0.0296577364206314,0.0918630883097649,0.149502843618393,-0.0727707892656326,0.317016214132309,-0.0355575904250145,0.0043995794840157,0.00471982313320041,-0.0483276844024658,-0.11923336237669,0.0155617604032159,-0.0250906199216843,0.018920911476016,0.159288436174393,0.00938674435019493,-0.0581580847501755,-0.161940783262253,-0.0446750447154045,0.156550765037537,0.180136725306511,-0.0691642239689827,0.0661840885877609,0.0936942771077156,0.128327786922455,0.220792859792709,0.251369714736938,0.0047206929884851,0.117266066372395,0.191942378878593,0.160656169056892,0.0857630148530006,-0.0276806708425283,0.258345097303391,-0.0824752226471901,-0.0308494251221418,0.140320867300034,0.343043625354767,-0.00377075257711112,0.307413816452026,0.0179257448762655,0.00127047626301646,0.0016198568046093,-0.0804830119013786,-0.0835521295666695,-0.0234249662607908,-0.0215265117585659,0.0337417796254158,0.145294278860092,-0.0170479286462069,-0.0490256696939468,-0.150501027703285,-0.023230254650116,0.123380549252033,0.264463096857071,-0.0464819669723511,0.148377776145935,0.108246147632599,0.0591853931546211,0.253680527210236,0.224866256117821,0.0342544727027416,0.128330692648888,0.19200998544693,0.175314232707024,0.0627758726477623,-0.0429481938481331,0.303022265434265,-0.0864007025957108,-0.0678891018033028,0.133852228522301,0.352366924285889
0.0803800672292709,0.112595871090889,0.105487614870071,0.203242525458336,0,-0.00563888065516949,-0.0118276169523597,0.0185385420918465,0.0506181865930557,0.0970419868826866,0.0924225151538849,0.108371093869209,0.164335817098618,0.0451737381517887,-0.0128318518400192,-0.0269526187330484,0.0266509763896465,0.0570575036108494,-0.0266189556568861,0.107311569154263,0.00040251572499983,-0.00216479762457311,0.0030706140678376,-0.0213290210813284,-0.0301942583173513,0.00328733888454735,-0.0125129790976644,-0.0103728929534554,0.0705717951059341,-0.00497966725379229,-0.0236345436424017,-0.035429410636425,-0.0182064548134804,0.014916505664587,0.0667482912540436,0.00646266480907798,0.0529560074210167,0.0406275987625122,0.0534641891717911,0.097098708152771,0.0796579867601395,-0.00113959005102515,0.0509656071662903,0.0785692110657692,0.0653310492634773,0.00164595840033144,0.00533683551475406,0.108836680650711,-0.0332476980984211,-0.0216624885797501,0.0576196759939194,0.142502784729004,-0.00208394764922559,0.121442943811417,-0.018312631174922,-0.0117989126592875,-0.0136254839599133,-0.0474214032292366,-0.0517526268959045,-0.012773659080267,-0.0220209546387196,-0.000320198945701122,0.0613109320402145,-0.0221625920385122,-0.0252254568040371,-0.0533862411975861,-0.0316943526268005,0.0132578937336802,0.0830512046813965,-0.00489521492272615,0.0621698312461376,0.0450213775038719,0.0317091904580593,0.0801146700978279,0.0632066652178764,-0.0163618177175522,0.0300482716411352,0.0447181724011898,0.0435033403337002,-0.0202084574848413,-0.00983566232025623,0.102736659348011,-0.0447169244289398,-0.0243181865662336,0.0468163155019283,0.129862949252129
-0.0297977831214666,-0.00380432629026473,0.021075040102005,-0.012138850055635,-0.00563888065516949,0,0.18176381289959,0.0124412393197417,0.0793677791953087,0.0306099280714989,-0.0170768611133099,0.00666286051273346,-0.0231893733143806,-0.0287408567965031,0.447320878505707,0.189129203557968,0.0392565131187439,0.0627540498971939,0.0669207125902176,0.0152306547388434,0.140723243355751,0.0707254931330681,0.130206421017647,0.227798983454704,0.246564731001854,0.11923748254776,0.345458686351776,0.133899807929993,0.0543632581830025,0.0981111824512482,0.314508408308029,0.204476878046989,0.286125659942627,0.0663047879934311,-0.0567875951528549,0.00951937865465879,-0.0343124270439148,0.0549744144082069,0.0883607715368271,0.0677699819207191,0.0363674871623516,0.264486908912659,0.233911022543907,-0.0545196384191513,0.155594021081924,0.0442240536212921,0.22416789829731,-0.126293644309044,0.0524322278797626,0.149294018745422,0.0933641046285629,0.0459878705441952,0.00751312635838985,0.00529433181509376,-0.00215694354847074,0.0542531684041023,0.0922038853168488,0.211287468671799,0.142932027578354,0.0795619711279869,0.298975646495819,0.130029782652855,0.00703845452517271,0.0901066660881042,0.307831376791,0.147815391421318,0.237062647938728,0.0545049756765366,-0.145990759134293,-0.0455003045499325,-0.0992766544222832,0.0377971157431602,0.0945139527320862,0.014249175786972,0.0291394367814064,0.22099681198597,0.163716584444046,-0.116424962878227,0.0634755119681358,0.0241396781057119,0.181145176291466,-0.156917899847031,0.0636755153536797,0.129139810800552,0.0666650906205177,0.0188152063637972
-0.103948175907135,-0.0934718623757362,-0.0211970023810863,-0.0179802663624287,-0.0118276169523597,0.18176381289959,0,-0.00289783091284335,-0.00675805239006877,-0.0558170676231384,-0.116442233324051,-0.0485717430710793,-0.0359572432935238,-0.0331395603716373,0.180267810821533,0.258718520402908,0.00105992483440787,-0.0314536020159721,0.13515892624855,-0.0505364052951336,0.0562967844307423,0.0180649347603321,0.0667992606759071,0.181511208415031,0.0657220706343651,0.129628151655197,-0.000151094980537891,0.0664090439677238,-0.00145487196277827,0.0372260212898254,0.164866954088211,0.162236467003822,0.0718882232904434,0.0241195969283581,0.00914615578949451,0.0623713433742523,0.0662685930728912,-0.0211247447878122,0.0596911050379276,-0.12587833404541,0.0681478008627892,-0.0390471369028091,0.00408368231728673,-0.144748449325562,0.0555478669703007,0.0170025750994682,0.229944318532944,-0.0813982784748077,0.0362039990723133,0.125674113631248,0.00534725142642856,0.0193303115665913,0.0857915729284286,-0.0600881949067116,-0.0585154928267002,0.0123626450076699,0.0310683660209179,0.161228433251381,-0.0258183218538761,0.0728399306535721,-0.0252524558454752,0.0572120063006878,-0.0291332211345434,0.0369767248630524,0.103327974677086,0.0975990667939186,0.0626108199357986,0.0310087818652391,-0.0685587078332901,-0.0124131580814719,-0.0305284857749939,-0.0305763315409422,0.0752318724989891,-0.141849473118782,0.0745294168591499,-0.0531429834663868,-0.0222729742527008,-0.192035213112831,-0.0224514454603195,0.0258397366851568,0.189687803387642,-0.145041257143021,0.0256203580647707,0.110207334160805,-0.0107280369848013,-0.0185522940009832
0.0657417997717857,0.0702448338270187,0.143811240792274,0.113549210131168,0.0185385420918465,0.0124412393197417,-0.00289783091284335,0,0.0558998920023441,0.053902380168438,0.0829500108957291,0.128253787755966,0.108412340283394,0.0118276458233595,0.0270125269889832,0.0037450713571161,0.102448053658009,0.0609767697751522,-0.0436329655349255,0.0910588204860687,-0.056503139436245,0.00835114996880293,-0.00231318036094308,-0.0228615775704384,-0.0504209771752357,-0.0259929150342941,0.0448444150388241,0.0101120295003057,0.0207688640803099,-0.000826797273475677,0.0538925118744373,-0.0586631000041962,0.0141714112833142,0.0504427142441273,-0.0198581460863352,-0.0688494369387627,-0.0651971623301506,0.0399099066853523,0.0256161633878946,0.0665003508329391,0.0196040365844965,0.032369427382946,0.108832240104675,-0.00222666189074516,0.0122040016576648,-0.00280048418790102,0.0107055241242051,0.00144644582178444,-0.00795232970267534,-0.00622139032930136,0.0510486140847206,0.0798941478133202,-0.0214342959225178,0.0778786987066269,-0.0390533730387688,0.0117253633216023,-0.00546692637726665,-0.0195763614028692,-0.0286893770098686,-0.00608957791700959,0.0540075302124023,0.0245990287512541,0.027884105220437,-0.0075841685757041,0.0579437352716923,-0.0451161302626133,0.00274677434936166,0.0460018664598465,0.000639707955997437,-0.0709112212061882,-0.0130132185295224,0.045102771371603,0.0120947035029531,0.0755727961659431,0.0329190120100975,0.041617963463068,0.0985426679253578,0.0144267054274678,0.0298239197582006,-0.00807856488972902,0.0123660527169704,0.0454559996724129,-0.0186149999499321,-0.00941673666238785,0.0592926256358624,0.0928406193852425
0.216491386294365,0.218473434448242,0.137712448835373,0.142301246523857,0.0506181865930557,0.0793677791953087,-0.00675805239006877,0.0558998920023441,0,0.223876714706421,0.223166763782501,0.125290647149086,0.128972873091698,0.049322672188282,0.0597690567374229,-0.0199893955141306,0.046294342726469,0.186287850141525,-0.0518635921180248,0.176779717206955,-0.000262245535850525,0.0413417629897594,0.0143514154478908,-0.0115984082221985,0.0151210594922304,-0.00568556971848011,0.123359628021717,0.0156967286020517,0.0800687521696091,0.0632739812135696,0.0109978057444096,-0.0529840290546417,0.0541178248822689,0.0939776375889778,0.0393052399158478,-0.0524653010070324,-0.010379197075963,0.147016733884811,0.0771832689642906,0.191077157855034,0.0485957302153111,0.139801874756813,0.138684913516045,0.102112509310246,0.0806343778967857,0.0316847786307335,0.0113658476620913,0.11272469162941,-0.0411432608962059,-0.026319969445467,0.133270442485809,0.186730474233627,-0.0252761673182249,0.177721351385117,0.0394277349114418,0.0310460515320301,0.019509656354785,-0.0351772755384445,0.0424164421856403,0.00644891057163477,0.131636410951614,0.00528282672166824,0.100710280239582,0.0513200424611568,0.055333387106657,-0.0221085976809263,0.0243059583008289,0.0596958696842194,0.0860615447163582,-0.0289941504597664,0.0438739433884621,0.14685945212841,0.0576198883354664,0.182192116975784,0.0499051138758659,0.153866693377495,0.14100144803524,0.105749383568764,0.122067429125309,0.00165442598517984,0.00474003702402115,0.149342820048332,-0.0312146339565516,-0.00872831698507071,0.125481575727463,0.18541494011879
0.709842443466187,0.371693849563599,0.291602313518524,0.273878812789917,0.0970419868826866,0.0306099280714989,-0.0558170676231384,0.053902380168438,0.223876714706421,0,0.346352010965347,0.284631371498108,0.231646701693535,0.103007063269615,0.0155565366148949,-0.0760067328810692,0.039825327694416,0.238986819982529,-0.0486463904380798,0.263548046350479,0.244788959622383,-0.0376483947038651,0.0348398201167583,-0.14202643930912,0.195064038038254,0.219138190150261,0.122048728168011,-0.100388273596764,0.225136160850525,-0.0420113429427147,-0.0266978312283754,0.0626940950751305,0.0223018899559975,0.167725965380669,0.250637769699097,0.127830132842064,0.216842517256737,0.100436821579933,0.210447400808334,0.325674474239349,0.243096202611923,0.212815254926682,0.0983212888240814,0.471473455429077,0.302030295133591,0.183249309659004,-0.12704211473465,0.403325021266937,-0.00778722297400236,-0.0106011359021068,0.0565313696861267,0.224041700363159,-0.109721168875694,0.19912189245224,0.125168308615685,-0.0397940054535866,0.0116169564425945,-0.169420257210732,0.0816817656159401,0.0842514336109161,0.0849105939269066,-0.0687964037060738,0.106829054653645,-0.0590197667479515,-0.0331950038671494,0.00633150059729815,-0.00213542999699712,0.105060219764709,0.162893533706665,0.0524552799761295,0.0903799384832382,0.110042802989483,0.094225749373436,0.272916078567505,0.116705663502216,0.125974625349045,0.0750406756997108,0.23643496632576,0.122687295079231,0.035254068672657,-0.124527126550674,0.337927430868149,-0.0369853265583515,-0.0588127672672272,0.0691957995295525,0.199183851480484
0.441608071327209,0.510680198669434,0.273226469755173,0.280858516693115,0.0924225151538849,-0.0170768611133099,-0.116442233324051,0.0829500108957291,0.223166763782501,0.346352010965347,0,0.326455533504486,0.30397093296051,0.108049757778645,-0.0288189519196749,-0.130374774336815,0.0956485420465469,0.250205338001251,-0.200576931238174,0.318278819322586,-0.017651692032814,0.0492045693099499,0.010237954556942,-0.112793050706387,0.00997156742960215,-0.0363959260284901,0.149564102292061,0.0393890328705311,0.140958726406097,0.0773683339357376,-0.0635194554924965,-0.177172034978867,0.0126764858141541,0.0916808769106865,0.0346958823502064,-0.12596669793129,-0.0648855715990067,0.228074088692665,0.0189734399318695,0.363261133432388,0.0341063663363457,0.211785823106766,0.196664869785309,0.227370575070381,0.0956335142254829,0.0611221082508564,-0.158149197697639,0.232341945171356,-0.0794899016618729,-0.0826956555247307,0.186370238661766,0.281942814588547,-0.117949336767197,0.331958472728729,0.146393015980721,0.0594212897121906,0.00924779009073973,-0.138922363519669,0.130788594484329,-0.00802165549248457,0.192764654755592,0.0196901746094227,0.193793475627899,0.0345452129840851,-0.000506205426063389,-0.078318752348423,-0.0112002482637763,0.0975186303257942,0.236827328801155,-0.000213837251067162,0.144840151071548,0.262507379055023,0.000367218599421903,0.413757830858231,0.066699281334877,0.266593426465988,0.210877075791359,0.314184576272964,0.264576584100723,0.0403793044388294,-0.142993494868279,0.315619945526123,-0.0419903881847858,-0.102410949766636,0.190505921840668,0.31676259636879
0.357070624828339,0.274675458669662,0.573140859603882,0.378557771444321,0.108371093869209,0.00666286051273346,-0.0485717430710793,0.128253787755966,0.125290647149086,0.284631371498108,0.326455533504486,0,0.396349668502808,0.0842946395277977,0.0049775242805481,-0.0365919657051563,0.142918691039085,0.145574703812599,-0.0847171545028687,0.238302290439606,0.06181800365448,-0.0390836820006371,-0.0113207083195448,-0.0927520766854286,-0.0248814579099417,0.0217185914516449,0.0655819252133369,-0.0128488587215543,0.201339453458786,-0.0217281617224216,-0.0680666416883469,-0.132615461945534,-0.0371425300836563,0.0240868143737316,0.208624765276909,-0.025380278006196,0.112711057066917,0.0676593855023384,-0.0232263151556253,0.243849873542786,0.0482954755425453,0.0571069307625294,0.173507422208786,0.255314320325851,0.120374910533428,0.0381926260888577,-0.0995074585080147,0.205550998449326,-0.0976237282156944,-0.0753059685230255,0.0790598466992378,0.199189499020576,-0.0139998439699411,0.260714650154114,0.185982599854469,-0.0602881275117397,0.0163718741387129,-0.107004575431347,0.0605232268571854,0.0467555522918701,0.065491147339344,-0.0211484674364328,0.238167345523834,-0.0544937700033188,-0.0112341195344925,-0.0630854815244675,-0.017824973911047,0.0284678228199482,0.292280226945877,0.0591983050107956,0.232303768396378,0.0739400312304497,-0.0772958025336266,0.272636502981186,0.0533909164369106,0.097035750746727,0.194175362586975,0.286418110132217,0.231753304600716,-0.00393403135240078,-0.091507688164711,0.259211629629135,-0.070620022714138,-0.0655160471796989,0.0765799582004547,0.235593348741531
0.308677643537521,0.25993600487709,0.380267560482025,0.628089189529419,0.164335817098618,-0.0231893733143806,-0.0359572432935238,0.108412340283394,0.128972873091698,0.231646701693535,0.30397093296051,0.396349668502808,0,0.147098273038864,-0.0198516771197319,-0.0203098226338625,0.12063430249691,0.151314735412598,-0.0749959796667099,0.292199492454529,-0.0396361351013184,0.00456514023244381,0.00816258136183023,-0.0632187053561211,-0.124503172934055,-0.00365418894216418,-0.0462776757776737,0.0210188515484333,0.152046084403992,0.00401928368955851,-0.0907139778137207,-0.170781061053276,-0.0439573228359222,0.137907922267914,0.153437197208405,-0.0860745757818222,0.0554015152156353,0.096800871193409,0.0705806538462639,0.221615016460419,0.204375505447388,-0.0186116620898247,0.0964241698384285,0.171821013092995,0.120739966630936,0.0749427154660225,-0.0484681725502014,0.247945979237556,-0.0941087380051613,-0.0542367547750473,0.129129037261009,0.321538507938385,0.0236323978751898,0.309860408306122,0.0325396023690701,-0.00572276581078768,0.00807002373039722,-0.070359505712986,-0.0790518373250961,0.0108271911740303,-0.0389421619474888,0.0266266968101263,0.180643647909164,-0.0204808004200459,-0.0563847571611404,-0.140205532312393,-0.0391648411750793,0.130059748888016,0.290276885032654,-0.0329160392284393,0.177293539047241,0.103892438113689,0.0613085255026817,0.2541623711586,0.257067054510117,0.0275015197694302,0.122819699347019,0.203698053956032,0.184536024928093,0.0702901855111122,-0.0185997672379017,0.321583896875381,-0.102026775479317,-0.0623749606311321,0.128956347703934,0.381890624761581
0.11911790817976,0.0967024639248848,0.0662214308977127,0.125161498785019,0.0451737381517887,-0.0287408567965031,-0.0331395603716373,0.0118276458233595,0.049322672188282,0.103007063269615,0.108049757778645,0.0842946395277977,0.147098273038864,0,-0.0194059927016497,-0.0379013791680336,0.0131385438144207,0.0903567150235176,-0.0332175269722939,0.13447692990303,-0.0421629585325718,0.0113075217232108,0.00772919459268451,-0.0286092069000006,-0.0336452350020409,-0.0252186004072428,0.00697029381990433,-0.0147887375205755,0.039243072271347,0.00788102205842733,-0.0358696915209293,-0.0577876195311546,-0.013814496807754,0.0458352230489254,0.0193427745252848,-0.0434264056384563,-0.00702976854518056,0.0568280480802059,0.0501300282776356,0.08565454185009,0.0608819648623466,0.0302369669079781,0.0471312887966633,0.0528730452060699,0.0385188981890678,0.0212764590978622,-0.0206369441002607,0.0931249409914017,-0.0445982664823532,-0.0143866837024689,0.0780595391988754,0.120460413396358,-0.0123921101912856,0.106851100921631,0.000743047217838466,0.00783246010541916,-0.000154811888933182,-0.0307049378752708,-0.0149199990555644,-0.0159334093332291,0.0141896810382605,-0.0117305414751172,0.030127540230751,0.0122813545167446,-0.0288448091596365,-0.0415701605379581,-0.0129129309207201,0.0563833229243755,0.0746325477957726,-0.0292465481907129,0.0501448810100555,0.0658364519476891,0.0445181541144848,0.0867807492613792,0.0675567016005516,0.0374476723372936,0.0597722455859184,0.0700231716036797,0.0830866321921349,0.00180892448406667,-0.0204425547271967,0.119359254837036,-0.0348816737532616,-0.0316453687846661,0.063893087208271,0.133611679077148
-0.0289512015879154,-0.0182880293577909,0.00614850968122482,-0.022511575371027,-0.0128318518400192,0.447320878505707,0.180267810821533,0.0270125269889832,0.0597690567374229,0.0155565366148949,-0.0288189519196749,0.0049775242805481,-0.0198516771197319,-0.0194059927016497,0,0.228766769170761,0.0456928424537182,0.0525743998587132,0.0436887256801128,0.00611321115866303,0.113965600728989,0.0704882144927979,0.113669216632843,0.22455045580864,0.214663937687874,0.0952311381697655,0.322758495807648,0.121648579835892,0.0382555052638054,0.0971281230449677,0.31903013586998,0.161199241876602,0.275022774934769,0.076165184378624,-0.0846849977970123,-0.0402931571006775,-0.0839276909828186,0.049754973500967,0.0816958621144295,0.0474491864442825,0.0415898002684116,0.253657072782516,0.235973715782166,-0.0915164202451706,0.128954693675041,0.0488550141453743,0.210520997643471,-0.144727498292923,0.0299685951322317,0.131247907876968,0.0668949410319328,0.0436115488409996,0.00911420863121748,0.0158485192805529,0.0334521643817425,0.0626734495162964,0.11233776807785,0.221559435129166,0.162491515278816,0.114054687321186,0.323311865329742,0.108917124569416,0.0316467024385929,0.0893456786870956,0.299881190061569,0.157828807830811,0.285968899726868,0.058660302311182,-0.13091641664505,-0.0569850280880928,-0.0988148525357246,0.0454212203621864,0.111685656011105,0.0339773967862129,0.033105380833149,0.245292782783508,0.186145544052124,-0.100419536232948,0.0771957412362099,0.0519254505634308,0.196944743394852,-0.142783597111702,0.0449217744171619,0.148490071296692,0.058470007032156,0.0371799096465111
-0.118554838001728,-0.112211927771568,-0.0370384193956852,-0.0296577364206314,-0.0269526187330484,0.189129203557968,0.258718520402908,0.0037450713571161,-0.0199893955141306,-0.0760067328810692,-0.130374774336815,-0.0365919657051563,-0.0203098226338625,-0.0379013791680336,0.228766769170761,0,0.0239948257803917,-0.015780383720994,0.102363623678684,-0.0538611374795437,0.0477256923913956,0.0198488663882017,0.0732700377702713,0.182582020759583,0.0490140281617641,0.108545772731304,-0.00300660100765526,0.0369485728442669,-0.0134151224046946,0.0331185236573219,0.140924587845802,0.121457472443581,0.0995581597089767,0.0239457003772259,-0.0181357469409704,0.0260502584278584,0.0257200337946415,-0.0610058642923832,0.0466346181929111,-0.120933420956135,0.0698497146368027,-0.0322078503668308,0.0137798013165593,-0.138698399066925,0.0257410295307636,0.0231680274009705,0.202579990029335,-0.0925386846065521,0.0314356684684753,0.109866924583912,0.00440569361671805,0.00679923733696342,0.0899071097373962,-0.0511960946023464,-0.0214070752263069,0.00899300817400217,0.0519861169159412,0.19347870349884,0.00192567752674222,0.116105042397976,-0.0155053772032261,0.0368869118392467,-0.0180452615022659,0.0370651483535767,0.122578620910645,0.0953113213181496,0.106065675616264,0.027002377435565,-0.0478506721556187,-0.0107766948640347,-0.00907381903380156,-0.0650724694132805,0.0747385397553444,-0.13757760822773,0.0814530551433563,-0.0410172306001186,-0.0163596011698246,-0.159718051552773,-0.0213354043662548,0.0351583212614059,0.213514193892479,-0.11625462770462,0.0229301787912846,0.132352367043495,-0.0132539281621575,-0.00494815828278661
0.0519614778459072,0.063792772591114,0.126061052083969,0.0918630883097649,0.0266509763896465,0.0392565131187439,0.00105992483440787,0.102448053658009,0.046294342726469,0.039825327694416,0.0956485420465469,0.142918691039085,0.12063430249691,0.0131385438144207,0.0456928424537182,0.0239948257803917,0,0.0642147064208984,-0.0354236401617527,0.0842069536447525,-0.0493078380823135,0.0247322488576174,0.0104472311213613,-0.0134270461276174,-0.0233257673680782,-0.0434407331049442,0.0752059817314148,0.0318764597177505,0.021269328892231,0.0230326615273952,0.0523833930492401,-0.0691079124808311,0.00265054334886372,0.0271480940282345,-0.0267504546791315,-0.0783690586686134,-0.0595241487026215,0.0386472940444946,0.0114149730652571,0.0600486397743225,0.00324046495370567,0.0571753606200218,0.120708800852299,-0.0148200318217278,0.0147250667214394,0.00184643780812621,0.0100782923400402,-0.0330413021147251,-0.01372523419559,-0.0155544234439731,0.0470041781663895,0.0582814589142799,-0.0187880098819733,0.0770317986607552,-0.0370681099593639,0.0251169018447399,0.00146025221329182,0.00521063385531306,-0.0261403862386942,-0.0219273660331964,0.0597539767622948,0.025599816814065,0.0214514303952456,0.0123847564682364,0.0466569922864437,-0.0500451698899269,0.0168696399778128,0.0299013201147318,-0.0143983671441674,-0.0920864194631577,-0.0364841222763062,0.0459419749677181,-0.00340324733406305,0.0689940378069878,0.00450560776516795,0.0539771318435669,0.12175877392292,0.0156824178993702,0.00835021026432514,0.000327160581946373,0.0135770328342915,0.0109317526221275,-0.0268473215401173,-0.00791071355342865,0.04630421474576,0.0702625438570976
0.270642459392548,0.217047169804573,0.150593370199203,0.149502843618393,0.0570575036108494,0.0627540498971939,-0.0314536020159721,0.0609767697751522,0.186287850141525,0.238986819982529,0.250205338001251,0.145574703812599,0.151314735412598,0.0903567150235176,0.0525743998587132,-0.015780383720994,0.0642147064208984,0,-0.0604446306824684,0.169939771294594,0.034363616257906,0.0345322452485561,0.0393122024834156,-0.0121156489476562,0.0425541959702969,0.0237392112612724,0.112753495573997,0.00696049211546779,0.0997926518321037,0.0605266839265823,0.00614848453551531,-0.0343775115907192,0.0605975016951561,0.0768861472606659,0.03476257994771,-0.0423635989427567,-0.000217802822589874,0.145486667752266,0.0684733688831329,0.179426446557045,0.0487780161201954,0.149632781744003,0.128752946853638,0.121821917593479,0.0816822424530983,0.0453644320368767,0.017804155126214,0.141007170081139,-0.0392072573304176,0.0201124977320433,0.160301193594933,0.193973809480667,-0.00199014809913933,0.18587389588356,0.088611975312233,0.0403801463544369,0.0176248960196972,-0.0180077273398638,0.0833301693201065,0.0307845324277878,0.135844469070435,0.0123105626553297,0.105860844254494,0.0443520098924637,0.0531190000474453,0.00472652912139893,0.0450840294361115,0.0883280634880066,0.113067701458931,0.00945806037634611,0.0840339437127113,0.158884644508362,0.0637646988034248,0.193178579211235,0.0677149295806885,0.173839211463928,0.136706858873367,0.142640709877014,0.145542353391647,0.0394163131713867,0.0202216766774654,0.177412897348404,-0.00368827488273382,-0.00435514422133565,0.141839563846588,0.215359732508659
-0.1668900847435,-0.118487015366554,-0.0340448655188084,-0.0727707892656326,-0.0266189556568861,0.0669207125902176,0.13515892624855,-0.0436329655349255,-0.0518635921180248,-0.0486463904380798,-0.200576931238174,-0.0847171545028687,-0.0749959796667099,-0.0332175269722939,0.0436887256801128,0.102363623678684,-0.0354236401617527,-0.0604446306824684,0,-0.0706562176346779,0.252657741308212,0.0442743189632893,0.0279551111161709,0.241466209292412,0.202114537358284,0.262401938438416,-0.136344820261002,0.0648715198040009,0.0496468022465706,0.0739958211779594,0.0380317866802216,0.587056159973145,-0.0110573302954435,-0.030208483338356,0.465046972036362,0.203126698732376,0.522926807403564,-0.0468932874500751,0.0466984882950783,-0.110074065625668,0.124192573130131,-0.0511112436652184,-0.12901172041893,-0.00814646668732166,0.180067285895348,0.035235833376646,0.67874151468277,0.131674587726593,0.126113250851631,0.164743795990944,0.10619629919529,0.0692411065101624,0.605066657066345,-0.0885133072733879,0.0290217977017164,0.0273955129086971,0.0138378832489252,0.200999274849892,0.0363813154399395,0.174528241157532,-0.176265224814415,0.0839522704482079,0.000350902788341045,0.0798595026135445,-0.0510365441441536,0.361806184053421,0.017605397850275,0.0067000393755734,0.152055367827415,0.185135081410408,0.219473391771317,-0.0680106654763222,0.125847294926643,-0.184368625283241,0.097756490111351,-0.11479352414608,-0.127511218190193,-0.0882123112678528,0.0236714109778404,0.0244416408240795,0.569531917572021,-0.020556865260005,0.0816169455647469,0.159484446048737,0.123172603547573,0.0424697250127792
0.275872796773911,0.300068020820618,0.23993293941021,0.317016214132309,0.107311569154263,0.0152306547388434,-0.0505364052951336,0.0910588204860687,0.176779717206955,0.263548046350479,0.318278819322586,0.238302290439606,0.292199492454529,0.13447692990303,0.00611321115866303,-0.0538611374795437,0.0842069536447525,0.169939771294594,-0.0706562176346779,0,-0.0876720026135445,0.141203388571739,0.0455148629844189,-0.0169809740036726,-0.161341205239296,-0.0119417030364275,-0.0224915724247694,0.0278614200651646,0.24644772708416,0.151168346405029,-0.123014137148857,-0.290351003408432,-0.0152690671384335,0.340416043996811,0.208596289157867,-0.189816653728485,0.0227253567427397,0.266731977462769,0.245425492525101,0.443317085504532,0.360980331897736,0.0646325796842575,0.266252726316452,0.302711397409439,0.329924613237381,0.235873177647591,0.0390209630131721,0.40481036901474,-0.143105462193489,-0.0560324527323246,0.293521016836166,0.5712651014328,0.0526232123374939,0.60725724697113,-0.0873519033193588,0.141112148761749,0.00552081968635321,-0.0454949773848057,-0.166868895292282,-0.0186779797077179,0.0119026051834226,0.0358059220016003,0.185865670442581,0.115650065243244,-0.0875123366713524,-0.292400747537613,-0.0143007133156061,0.314234733581543,0.310641527175903,-0.228340074419975,0.116716168820858,0.26662802696228,0.191318109631538,0.454338610172272,0.343889713287354,0.121207423508167,0.267751842737198,0.255889296531677,0.276010364294052,0.176552429795265,0.0275350362062454,0.443849861621857,-0.180932000279427,-0.104286372661591,0.24320912361145,0.555862426757812
0.0561379790306091,0.0408272258937359,0.112556211650372,-0.0355575904250145,0.00040251572499983,0.140723243355751,0.0562967844307423,-0.056503139436245,-0.000262245535850525,0.244788959622383,-0.017651692032814,0.06181800365448,-0.0396361351013184,-0.0421629585325718,0.113965600728989,0.0477256923913956,-0.0493078380823135,0.034363616257906,0.252657741308212,-0.0876720026135445,0,-0.152291998267174,0.0619096457958221,0.186384573578835,0.687584400177002,0.535080194473267,0.188966900110245,-0.0392606966197491,0.280189365148544,-0.104513064026833,0.111062280833721,0.480407625436783,0.156425535678864,-0.0781298205256462,0.581022620201111,0.438224405050278,0.556447505950928,-0.135018080472946,-0.0257021971046925,0.0935043096542358,0.117624551057816,0.290121704339981,-0.0104516102001071,0.652822494506836,0.412284135818481,0.322634488344193,0.0814075022935867,0.406724035739899,0.0811572894454002,0.00628690794110298,-0.013520653359592,-0.0338091999292374,0.0341633036732674,-0.0908652991056442,0.640494823455811,-0.18137164413929,0.0565653406083584,0.10135105997324,0.490582436323166,0.285865515470505,0.067371778190136,-0.0190118290483952,0.128438681364059,-0.0967050567269325,0.0675968006253242,0.317609548568726,0.119231961667538,-0.0598025545477867,0.307912260293961,0.339991629123688,0.291373074054718,-0.124966852366924,0.0196730438619852,-0.014329600147903,0.0359356440603733,0.159858837723732,-0.0897833853960037,0.261859744787216,0.151207491755486,0.155597612261772,0.0541503317654133,0.11766804754734,0.106177285313606,0.0159623064100742,-0.00255598872900009,-0.0623381398618221
-0.0450608916580677,0.0692070350050926,-0.0147535111755133,0.0043995794840157,-0.00216479762457311,0.0707254931330681,0.0180649347603321,0.00835114996880293,0.0413417629897594,-0.0376483947038651,0.0492045693099499,-0.0390836820006371,0.00456514023244381,0.0113075217232108,0.0704882144927979,0.0198488663882017,0.0247322488576174,0.0345322452485561,0.0442743189632893,0.141203388571739,-0.152291998267174,0,0.00279219844378531,0.327374517917633,0.0334873124957085,-0.134921655058861,0.114443339407444,0.178762957453728,0.013904582709074,0.924455046653748,-0.00797561835497618,-0.159948706626892,0.146499037742615,0.322306394577026,-0.107624523341656,-0.195784658193588,-0.171597763895988,0.870668768882751,0.283338040113449,0.0488936901092529,0.246551498770714,0.292444854974747,0.0391845852136612,-0.041328389197588,0.0138571765273809,0.665067255496979,0.168668627738953,-0.0205359440296888,-0.0469501316547394,0.00747329369187355,0.179178044199944,0.193334594368935,0.111986108124256,0.134638980031013,-0.239667639136314,0.971348643302917,-0.00324664334766567,0.374265849590302,-0.0380457192659378,-0.0670314133167267,0.171854138374329,0.205489203333855,-0.0407876819372177,0.913173317909241,-0.0364330261945724,-0.174412623047829,0.161600813269615,0.300361901521683,-0.130352735519409,-0.265231162309647,-0.188602447509766,0.826409757137299,0.331745624542236,0.0644025132060051,0.284563690423965,0.350350588560104,0.044771820306778,-0.089884951710701,-0.0381525233387947,0.598079800605774,0.174199119210243,0.0253278911113739,-0.0922335237264633,0.0105454511940479,0.139871776103973,0.171341985464096
0.0169391073286533,0.0152664259076118,0.000344286672770977,0.00471982313320041,0.0030706140678376,0.130206421017647,0.0667992606759071,-0.00231318036094308,0.0143514154478908,0.0348398201167583,0.010237954556942,-0.0113207083195448,0.00816258136183023,0.00772919459268451,0.113669216632843,0.0732700377702713,0.0104472311213613,0.0393122024834156,0.0279551111161709,0.0455148629844189,0.0619096457958221,0.00279219844378531,0,0.161059617996216,0.0991336330771446,0.131776303052902,0.0521698966622353,0.0309147257357836,0.0907729491591454,0.0269969068467617,0.0839956626296043,0.0991123244166374,0.102728553116322,0.0178381726145744,0.0620790235698223,0.0367018096148968,0.0686331167817116,0.0103216748684645,0.0306954998522997,0.0395531840622425,0.0400974974036217,0.0399590022861958,0.0623043589293957,0.0326613411307335,0.0608475096523762,0.075396403670311,0.102109417319298,0.0452214889228344,0.0302161425352097,0.100348047912121,0.0459631495177746,0.090151809155941,0.0132142407819629,0.0288290791213512,0.0405470691621304,-0.00449346238747239,0.0558850802481174,0.127362474799156,0.0730280205607414,0.115870952606201,0.0595231577754021,0.0165751613676548,0.0586947351694107,0.0251631699502468,0.0856037884950638,0.0664332062005997,0.0816785842180252,-0.012250691652298,0.0568516179919243,0.0211210865527391,0.0579425990581512,0.00732669420540333,0.0240311697125435,0.0343801490962505,0.0271826777607203,0.0578034855425358,0.0379159301519394,-0.00354071659967303,0.0439956225454807,0.0659585893154144,0.0715950056910515,0.0335808806121349,0.0234836339950562,0.0486415773630142,0.027049059048295,0.0827791690826416
-0.0991687700152397,-0.0886665061116219,-0.0713564455509186,-0.0483276844024658,-0.0213290210813284,0.227798983454704,0.181511208415031,-0.0228615775704384,-0.0115984082221985,-0.14202643930912,-0.112793050706387,-0.0927520766854286,-0.0632187053561211,-0.0286092069000006,0.22455045580864,0.182582020759583,-0.0134270461276174,-0.0121156489476562,0.241466209292412,-0.0169809740036726,0.186384573578835,0.327374517917633,0.161059617996216,0,0.318318873643875,0.349229782819748,0.0670917704701424,0.540498852729797,0.05571249127388,0.513185381889343,0.168319880962372,0.200137048959732,0.332585155963898,0.0593484975397587,0.0909273773431778,0.0267652478069067,0.0717107728123665,0.261150062084198,0.0758094564080238,-0.0925210192799568,0.111628614366055,0.0976562574505806,0.0211851187050343,-0.0685840845108032,0.0237131845206022,0.498492181301117,0.345183432102203,-0.048840943723917,0.0541064292192459,0.155036076903343,0.0954934135079384,0.0923571586608887,0.253051102161407,0.00914275459945202,0.0455933250486851,0.310507833957672,0.120278373360634,0.821427941322327,0.214281812310219,0.371567904949188,0.0867687240242958,0.500361442565918,0.0465332195162773,0.520371675491333,0.141797885298729,0.18711619079113,0.342774629592896,0.0675484612584114,0.0727197453379631,-0.0305159669369459,0.107936725020409,0.214357390999794,0.135041683912277,-0.0740600228309631,0.141334921121597,0.169501423835754,0.0199060253798962,-0.0887952744960785,0.00720858899876475,0.504940032958984,0.277839154005051,-0.048679880797863,0.0456628203392029,0.134588226675987,0.0573824495077133,0.0604065097868443
