0,0.303896278142929,0.245236203074455,0.260885328054428,0.0698162615299225,-0.0414642356336117,-0.119313143193722,0.048153430223465,0.199544444680214,0.663299441337585,0.405665427446365,0.346451580524445,0.280905157327652,0.09383874386549,-0.0221531335264444,-0.106404259800911,0.0242813974618912,0.26066055893898,-0.179234206676483,0.240052983164787,0.0718590840697289,-0.0280326753854752,0.0100239077582955,-0.117435425519943,0.0254700295627117,0.122517302632332,0.0584350824356079,-0.0377341732382774,0.217555806040764,-0.0102417236194015,-0.197543203830719,-0.138220086693764,0.0028638388030231,0.0737794563174248,0.0959537103772163,-0.0443084612488747,0.035325963050127,0.112236477434635,-0.0384159721434116,0.357488870620728,0.0221765488386154,0.17755962908268,0.0742929056286812,0.388879239559174,0.0516945496201515,0.109260722994804,-0.170036479830742,0.345915347337723,-0.114581167697906,-0.0703355669975281,0.0680329129099846,0.233840391039848,-0.0249550379812717,0.318934321403503,0.472524166107178,-0.0262234341353178,0.0469830706715584,-0.137997910380363,0.399511963129044,0.24401019513607,0.170844942331314,-0.066154919564724,0.360146403312683,-0.0737004801630974,-0.0498491562902927,0.129757329821587,0.0116596715524793,0.103071913123131,0.453436464071274,0.244315326213837,0.34491953253746,0.12753438949585,-0.0279418509453535,0.453499376773834,0.116842642426491,0.333319187164307,0.175492823123932,0.620277762413025,0.443277359008789,0.153109893202782,-0.11602770537138,0.531817376613617,-0.000436257541878149,-0.0909609571099281,0.0558598451316357,0.294109344482422
0.303896278142929,0,0.237012550234795,0.245425656437874,0.103046365082264,0.0162013936787844,-0.0872979760169983,0.0613556727766991,0.214421853423119,0.338071167469025,0.47078749537468,0.243513211607933,0.232420831918716,0.0943795740604401,-0.00037399583379738,-0.0991963297128677,0.0476590469479561,0.20440049469471,-0.100745834410191,0.243657529354095,0.0576571077108383,0.0955256894230843,0.0203690174967051,-0.0691386535763741,0.042345006018877,0.0606965534389019,0.120763197541237,0.0727835074067116,0.155564397573471,0.125716269016266,-0.0374222695827484,-0.0853580087423325,0.0179323349148035,0.109169505536556,0.112404502928257,-0.0677586793899536,0.0130612347275019,0.218680530786514,0.0740318596363068,0.303529530763626,0.0700955763459206,0.180551111698151,0.156356886029243,0.199009582400322,0.185414835810661,0.0952995643019676,-0.0956385061144829,0.18849740922451,-0.0515020675957203,-0.0493563115596771,0.157885700464249,0.253117263317108,-0.12228374928236,0.247286021709442,0.0540838614106178,0.083384245634079,0.0212760698050261,-0.102549806237221,0.0465881936252117,-0.0128576597198844,0.102049149572849,0.0519977957010269,0.111132390797138,0.0738971009850502,-0.0202462673187256,-0.0905088186264038,-0.0148881068453193,0.0479219220578671,0.14287257194519,-0.0339589603245258,0.048773255199194,0.249226868152618,0.03089564666152,0.27973598241806,0.042256336659193,0.153492659330368,0.136641085147858,0.145511239767075,0.139452680945396,0.0259080063551664,-0.117988087236881,0.153648793697357,-0.0499818101525307,-0.0579084120690823,0.122539430856705,0.235279187560081
0.245236203074455,0.237012550234795,0,0.361335217952728,0.10737107694149,0.0164565928280354,-0.0366616956889629,0.128720596432686,0.142909750342369,0.288885205984116,0.251336067914963,0.571627378463745,0.346398085355759,0.0610752105712891,0.00667370250448585,-0.0390313416719437,0.105250239372253,0.141632899641991,-0.0264465287327766,0.2195765376091,0.129233956336975,0.00954944640398026,-0.00449811341241002,-0.0626921877264977,0.0128947282209992,0.0625372007489204,0.0546815544366837,0.0202930625528097,0.216894254088402,0.027236994355917,-0.0308679733425379,-0.075125128030777,-0.0360800176858902,0.0132609223946929,0.250362455844879,-0.00912531837821007,0.158844977617264,0.092128299176693,-0.0613805614411831,0.189719408750534,0.0410378687083721,0.0658954158425331,0.183360725641251,0.26199871301651,0.214797228574753,0.0491639785468578,-0.0664024949073792,0.174479812383652,-0.0559685193002224,-0.0624928362667561,0.0736583173274994,0.175234258174896,-0.0287901777774096,0.192357271909714,0.0941440090537071,-0.0124610885977745,0.0229223798960447,-0.0891010239720345,-0.00558928167447448,0.0118919024243951,0.0306872576475143,0.0236626751720905,0.152013078331947,-0.0215639155358076,-0.0237351506948471,-0.0957532525062561,-0.0340656265616417,-0.00740713626146317,0.195685550570488,-0.0374782979488373,0.139313325285912,0.10111541301012,-0.0663463473320007,0.170758292078972,0.0386862494051456,0.0366894900798798,0.133279532194138,0.156857565045357,0.140025988221169,0.00489336019381881,-0.0722189322113991,0.156724184751511,-0.0723383128643036,-0.0608328841626644,0.0782913863658905,0.171770200133324
0.260885328054428,0.245425656437874,0.361335217952728,0,0.188687771558762,0.00356781180016696,-0.00563268177211285,0.0926885902881622,0.134024232625961,0.250852137804031,0.256182223558426,0.34798076748848,0.592566847801208,0.115554548799992,-0.0136040607467294,-0.0131455427035689,0.0837586373090744,0.133185848593712,-0.0364141017198563,0.281624138355255,-0.0281863249838352,0.0345476232469082,0.00101398362312466,-0.018399054184556,-0.132063642144203,0.0484867207705975,-0.0277342032641172,0.0295115951448679,0.141270965337753,0.0318948403000832,-0.0486254580318928,-0.153561681509018,-0.0225539095699787,0.145340114831924,0.164024218916893,-0.0990182608366013,0.0784951373934746,0.101650476455688,0.115265302360058,0.178582891821861,0.250425398349762,0.00520638702437282,0.106834255158901,0.143066883087158,0.177583575248718,0.1106351390481,0.0111561296507716,0.238881215453148,-0.0799285769462585,-0.0194608811289072,0.11372210085392,0.319506257772446,-0.0138646997511387,0.275233745574951,-0.00801873113960028,0.0250381696969271,0.0154668837785721,-0.0451986119151115,-0.0860887914896011,-0.00402728142216802,-0.0208371225744486,0.0402716398239136,0.128886476159096,0.00474168453365564,-0.043090932071209,-0.149634659290314,0.00343908043578267,0.113389037549496,0.226050436496735,-0.0628825426101685,0.130371630191803,0.11776776611805,0.0680463016033173,0.21910372376442,0.235696643590927,0.0277389846742153,0.112060502171516,0.149103164672852,0.153471738100052,0.0961396098136902,-0.0144883943721652,0.267542719841003,-0.0800831541419029,-0.0566268153488636,0.108001850545406,0.319543749094009
0.0698162615299225,0.103046365082264,0.10737107694149,0.188687771558762,0,-0.00243063154630363,-0.0151070384308696,0.0216556303203106,0.0559560805559158,0.0853987336158752,0.0868764668703079,0.103546805679798,0.165538966655731,0.0271472111344337,-0.0158453788608313,-0.0247513670474291,0.0139543367549777,0.0462702102959156,-0.025408199056983,0.0984422266483307,0.00505067221820354,0.00572434533387423,0.0081818513572216,-0.00549458293244243,-0.0213298257440329,0.028243362903595,-0.0133296400308609,-0.00731804175302386,0.072797603905201,0.00800828542560339,-0.0239900536835194,-0.0366394408047199,-0.00756286457180977,-0.000209759920835495,0.0653979256749153,-0.000183187425136566,0.0538522228598595,0.0386988967657089,0.0349398590624332,0.0861085206270218,0.0709424167871475,0.00428869295865297,0.0624402835965157,0.0734369978308678,0.0735532566905022,0.0163609050214291,0.00476267887279391,0.102352447807789,-0.0368901081383228,-0.0163460522890091,0.0532338917255402,0.132004842162132,-0.024227499961853,0.111047133803368,-0.0187124256044626,-0.00335488980636001,-0.0110661741346121,-0.0316289812326431,-0.0411727055907249,-0.0108021227642894,-0.0171013418585062,-0.00189647683873773,0.0574076250195503,-0.00726409070193768,-0.0313583016395569,-0.057543758302927,-0.0177829023450613,0.0125604318454862,0.0761098936200142,-0.0076101878657937,0.0563008449971676,0.0395180210471153,0.0198541022837162,0.0699702352285385,0.0575811043381691,-0.0174700617790222,0.0232245400547981,0.0376556366682053,0.0403388775885105,-0.00529647991061211,-0.028724217787385,0.0863239169120789,-0.0434838198125362,-0.0296906214207411,0.0207246821373701,0.115577310323715
-0.0414642356336117,0.0162013936787844,0.0164565928280354,0.00356781180016696,-0.00243063154630363,0,0.177269011735916,0.020215904340148,0.0822930857539177,0.0419650338590145,-0.00708420807495713,0.00375213194638491,-0.00947706680744886,-0.0241024643182755,0.43251433968544,0.190648838877678,0.0306054539978504,0.0627695694565773,0.078406535089016,0.0397431142628193,0.127374947071075,0.0669906139373779,0.120861172676086,0.211187064647675,0.223247110843658,0.125054761767387,0.342292100191116,0.109837397933006,0.0594951324164867,0.0937901437282562,0.305155128240585,0.200721681118011,0.253766357898712,0.0726005285978317,-0.0484307073056698,0.0428639017045498,-0.0312929265201092,0.0544322766363621,0.0966886281967163,0.0767409130930901,0.0605757907032967,0.23154228925705,0.21855853497982,-0.0583928152918816,0.140802294015884,0.0593962036073208,0.224024832248688,-0.105918414890766,0.0556121058762074,0.144255921244621,0.0971247479319572,0.061493307352066,0.0370110459625721,0.00628287205472589,-0.0386114232242107,0.0445336923003197,0.0869897678494453,0.193121701478958,0.0594983734190464,0.0608944185078144,0.278340578079224,0.113704495131969,-0.0137508260086179,0.0756784081459045,0.27128741145134,0.0813362151384354,0.210371792316437,0.0773521885275841,-0.153489381074905,-0.0692979916930199,-0.116379536688328,0.0328973084688187,0.095136895775795,0.0131862573325634,0.0600614808499813,0.162574097514153,0.132474303245544,-0.149026811122894,-0.00339133851230145,0.0236226692795753,0.182021677494049,-0.137449875473976,0.0303484667092562,0.119887888431549,0.0764503479003906,0.0253330152481794
-0.119313143193722,-0.0872979760169983,-0.0366616956889629,-0.00563268177211285,-0.0151070384308696,0.177269011735916,0,-0.00330710224807262,-0.00143151078373194,-0.0594233684241772,-0.105974823236465,-0.0620919466018677,-0.0236573293805122,-0.0248211249709129,0.178844764828682,0.258398354053497,-0.00707406876608729,-0.0230217557400465,0.157413214445114,-0.0405287593603134,0.025144912302494,0.0120181599631906,0.063523642718792,0.181466847658157,0.0569420531392097,0.125726029276848,0.00595190329477191,0.0628946572542191,-0.0242767445743084,0.0273242387920618,0.182526424527168,0.185538336634636,0.0637235641479492,0.0374810136854649,-0.00069381098728627,0.0762515738606453,0.0688750594854355,-0.0259131826460361,0.0825092270970345,-0.128571733832359,0.092924103140831,-0.0531370975077152,-0.00878994818776846,-0.178551241755486,0.0436057932674885,0.0259764175862074,0.238997742533684,-0.08487568795681,0.0696987360715866,0.122558943927288,-0.00266163167543709,0.0216953940689564,0.107763096690178,-0.0625173598527908,-0.106832630932331,0.00140085630118847,0.0255520585924387,0.165970131754875,-0.0739450603723526,0.0733227208256721,-0.0303068906068802,0.0506059043109417,-0.0530054308474064,0.0239662490785122,0.0960505157709122,0.0786888226866722,0.042958527803421,0.0329552888870239,-0.0908278003334999,-0.0278077460825443,-0.0443545840680599,-0.0463477447628975,0.0894057378172874,-0.151921540498734,0.0958026051521301,-0.0755492821335793,-0.0353029854595661,-0.22297078371048,-0.0452165529131889,0.0279316604137421,0.191160872578621,-0.140459150075912,0.0125126512721181,0.104022204875946,-0.00702069886028767,-0.0289776939898729
0.048153430223465,0.0613556727766991,0.128720596432686,0.0926885902881622,0.0216556303203106,0.020215904340148,-0.00330710224807262,0,0.0545176863670349,0.0288184899836779,0.0637748017907143,0.121166452765465,0.0967494994401932,0.0146464938297868,0.0278086289763451,0.0104547096416354,0.0884516090154648,0.0569420978426933,-0.0263423155993223,0.0890382081270218,-0.060765165835619,0.0202369447797537,-0.00421732291579247,-0.0236266348510981,-0.0638230815529823,-0.0293277408927679,0.0406455844640732,0.0187278017401695,0.0120572820305824,0.00941059645265341,0.0536215603351593,-0.0638016760349274,0.0229317676275969,0.0404584333300591,-0.0320252887904644,-0.0879283621907234,-0.0707475990056992,0.0405728705227375,0.0173141434788704,0.0489606261253357,0.0184477902948856,0.0378350429236889,0.116591908037663,-0.024357583373785,0.00750951142981648,-0.00192215642891824,0.014375769533217,-0.00976267736405134,-0.0051803532987833,0.00135057338047773,0.0328822880983353,0.0732982233166695,-0.0121059855446219,0.0772926732897758,-0.0434464700520039,0.0289785265922546,-0.00714231422170997,-0.00632477225735784,-0.0381641276180744,-0.00279990793205798,0.0657833144068718,0.0388460569083691,0.0242451019585133,0.00736153917387128,0.0599516332149506,-0.0554959364235401,0.0129121756181121,0.0413137823343277,-0.0225493237376213,-0.0999238789081573,-0.0346783697605133,0.0499515905976295,0.00683235516771674,0.0642043203115463,0.0347358919680119,0.0528528578579426,0.104254126548767,0.00153715233318508,0.00912942178547382,0.00789832510054111,0.0156651176512241,0.0425172485411167,-0.0151169011369348,-0.0047997566871345,0.049633476883173,0.0795814171433449
0.199544444680214,0.214421853423119,0.142909750342369,0.134024232625961,0.0559560805559158,0.0822930857539177,-0.00143151078373194,0.0545176863670349,0,0.213801741600037,0.218803361058235,0.129138246178627,0.134489744901657,0.035353384912014,0.0583911463618279,-0.0169788841158152,0.0296184774488211,0.174724817276001,-0.0389304384589195,0.161233440041542,0.0153886880725622,0.0495284162461758,0.0151958847418427,0.00591067597270012,0.0184666756540537,0.0206184331327677,0.0996959358453751,0.0193677730858326,0.0817512720823288,0.0740422606468201,0.00929154548794031,-0.0340958498418331,0.0507839657366276,0.0807288214564323,0.0430821292102337,-0.0404349379241467,-0.000700876000337303,0.145451739430428,0.0505928508937359,0.172290071845055,0.0444420836865902,0.124649971723557,0.126385897397995,0.0950891748070717,0.0887802019715309,0.0319253467023373,0.00703621981665492,0.0967486351728439,-0.0351978875696659,-0.0179670825600624,0.104125112295151,0.168399661779404,-0.0262598432600498,0.168722748756409,0.0337298661470413,0.0333633199334145,0.0267620608210564,-0.0201332941651344,0.0386805161833763,0.027424143627286,0.112165093421936,0.00434913719072938,0.085868164896965,0.0574864447116852,0.0450177565217018,-0.0200750101357698,0.0287244692444801,0.0523589439690113,0.082988552749157,-0.0338781997561455,0.0390875563025475,0.144388675689697,0.042605672031641,0.166165471076965,0.0447143875062466,0.135330647230148,0.128888219594955,0.0865440145134926,0.101525329053402,-0.00340942176990211,-0.00105670990888029,0.124414257705212,-0.0484359338879585,0.00420011999085546,0.0926020294427872,0.162209540605545
0.663299441337585,0.338071167469025,0.288885205984116,0.250852137804031,0.0853987336158752,0.0419650338590145,-0.0594233684241772,0.0288184899836779,0.213801741600037,0,0.312323689460754,0.27139288187027,0.216399043798447,0.085241012275219,0.0337792411446571,-0.0695614814758301,0.0105757592245936,0.224226921796799,-0.0604798458516598,0.241751357913017,0.315397471189499,0.0263890065252781,0.0417559444904327,-0.133775770664215,0.238783106207848,0.224571838974953,0.122461691498756,-0.0810273140668869,0.250478625297546,0.0254860073328018,-0.0253446791321039,0.0659466087818146,0.0219088457524776,0.127485081553459,0.272238790988922,0.127565965056419,0.235970333218575,0.161046400666237,0.134642153978348,0.311887949705124,0.20729798078537,0.229655459523201,0.0995286628603935,0.491066634654999,0.346039563417435,0.200790554285049,-0.123830229043961,0.357361674308777,-0.0211128909140825,-0.00634495122358203,0.0417858436703682,0.220191523432732,-0.139556810259819,0.194868862628937,0.154564216732979,0.005121816881001,0.0309015437960625,-0.159014627337456,0.0883848890662193,0.0870672166347504,0.0589017458260059,-0.0616107061505318,0.101398997008801,-0.0179595034569502,-0.0481033213436604,-0.0275613814592361,0.000617626996245235,0.0729461833834648,0.18961127102375,0.0429510436952114,0.0883807316422462,0.169648543000221,0.0496974587440491,0.243964537978172,0.100889965891838,0.120643503963947,0.0448199510574341,0.218235462903976,0.0957169458270073,0.0418756529688835,-0.102079965174198,0.286969274282455,-0.052908893674612,-0.0695894211530685,0.0508971884846687,0.193075209856033
0.405665427446365,0.47078749537468,0.251336067914963,0.256182223558426,0.0868764668703079,-0.00708420807495713,-0.105974823236465,0.0637748017907143,0.218803361058235,0.312323689460754,0,0.301830172538757,0.275461614131927,0.0899971649050713,-0.0167242232710123,-0.11475096642971,0.0750029608607292,0.235084161162376,-0.174273386597633,0.271959841251373,-0.00841066893190145,0.072679415345192,0.00818656571209431,-0.0924293398857117,-0.0182912182062864,-0.00937337707728148,0.119734317064285,0.0443467684090137,0.121400706470013,0.10153341293335,-0.0782527551054955,-0.169735133647919,0.0196750443428755,0.0829094275832176,0.0250769890844822,-0.132594972848892,-0.0551484264433384,0.218881636857986,0.0206548646092415,0.311564058065414,0.02486177906394,0.196459457278252,0.180188208818436,0.175753250718117,0.0899800509214401,0.0545167401432991,-0.140467137098312,0.191027864813805,-0.0896604210138321,-0.0770886167883873,0.174440562725067,0.247013866901398,-0.129496663808823,0.306907534599304,0.166983619332314,0.0811824724078178,0.0125326719135046,-0.118496261537075,0.150779813528061,0.0143231116235256,0.171954080462456,0.0231712944805622,0.186353892087936,0.0554461367428303,-0.014093330129981,-0.0507413074374199,0.00787028856575489,0.0931266993284225,0.246201574802399,0.0125132594257593,0.151202440261841,0.264146208763123,-0.000886434456333518,0.380509197711945,0.0642553716897964,0.254236578941345,0.198538556694984,0.29245725274086,0.264613717794418,0.0476312413811684,-0.123566031455994,0.269934892654419,-0.0369357950985432,-0.0938293486833572,0.153606593608856,0.284601122140884
0.346451580524445,0.243513211607933,0.571627378463745,0.34798076748848,0.103546805679798,0.00375213194638491,-0.0620919466018677,0.121166452765465,0.129138246178627,0.27139288187027,0.301830172538757,0,0.369641423225403,0.0828004702925682,0.0056962538510561,-0.0405176654458046,0.128028273582458,0.134858205914497,-0.0611225441098213,0.211266413331032,0.0704323202371597,-0.00691178720444441,-0.0191004332154989,-0.0714121460914612,-0.0212699547410011,0.0446974709630013,0.0518454536795616,0.0197484102100134,0.193114593625069,0.0182788372039795,-0.0713404342532158,-0.150572881102562,-0.0366600789129734,0.0010351404780522,0.208517611026764,-0.0448162667453289,0.12265519797802,0.0985085666179657,-0.0428725630044937,0.204530313611031,0.0413929298520088,0.0543501935899258,0.159381195902824,0.243327409029007,0.123459741473198,0.0642508044838905,-0.0805649086833,0.180230975151062,-0.103092558681965,-0.0875424072146416,0.0709339082241058,0.183654814958572,-0.013274990953505,0.251588046550751,0.192248299717903,-0.0390096493065357,0.00827641692012548,-0.0865210294723511,0.0809559524059296,0.053817231208086,0.05632608756423,-0.000906959874555469,0.236370995640755,-0.0289641674607992,-0.0163910910487175,-0.0661048963665962,-0.00752464262768626,0.0196487251669168,0.293349415063858,0.0553492531180382,0.233687445521355,0.104854635894299,-0.0868877843022346,0.246053755283356,0.0406695269048214,0.100542783737183,0.186955004930496,0.284198760986328,0.235844224691391,0.026247289031744,-0.0809238106012344,0.230366259813309,-0.0722125619649887,-0.0675128176808357,0.0653643310070038,0.215290725231171
0.280905157327652,0.232420831918716,0.346398085355759,0.592566847801208,0.165538966655731,-0.00947706680744886,-0.0236573293805122,0.0967494994401932,0.134489744901657,0.216399043798447,0.275461614131927,0.369641423225403,0,0.133731171488762,-0.00671518547460437,-0.0130950435996056,0.114875733852386,0.142355844378471,-0.0391066707670689,0.257514774799347,-0.0303849764168262,0.0293997637927532,0.0120506454259157,-0.0336193740367889,-0.121770672500134,0.0384420305490494,-0.041572455316782,0.0382066629827023,0.144939824938774,0.0262845642864704,-0.0831029862165451,-0.141869828104973,-0.0208359006792307,0.128680780529976,0.14150957763195,-0.0998306125402451,0.070680059492588,0.102637782692909,0.05180723965168,0.188519135117531,0.196051672101021,-0.0118573270738125,0.0898146405816078,0.122175805270672,0.142929181456566,0.0950722768902779,-0.011780240572989,0.227185517549515,-0.0866461917757988,-0.0425241105258465,0.107387058436871,0.296079039573669,0.001652717939578,0.280910760164261,0.00606385059654713,0.0107107982039452,0.0125954262912273,-0.0315048918128014,-0.0656856819987297,0.044998113065958,-0.0326498746871948,0.0370559878647327,0.16408659517765,-0.00203688140027225,-0.0477929674088955,-0.1227842643857,-0.0181183572858572,0.116691440343857,0.242701232433319,-0.0471426546573639,0.155607134103775,0.118081569671631,0.0576199255883694,0.225347876548767,0.243154242634773,0.0279011335223913,0.114766985177994,0.16655096411705,0.166255563497543,0.0931548178195953,0.00512405671179295,0.281196862459183,-0.0901000946760178,-0.0454032197594643,0.105789318680763,0.347016662359238
0.09383874386549,0.0943795740604401,0.0610752105712891,0.115554548799992,0.0271472111344337,-0.0241024643182755,-0.0248211249709129,0.0146464938297868,0.035353384912014,0.085241012275219,0.0899971649050713,0.0828004702925682,0.133731171488762,0,-0.0132333375513554,-0.0320214554667473,0.0153168654069304,0.0893939286470413,-0.0200922898948193,0.112917013466358,-0.0313549749553204,0.0141579527407885,0.0104620279744267,-0.023197939619422,-0.0378750935196877,-0.0107803680002689,-0.00452920282259583,-0.0150593956932425,0.0223625004291534,0.0140403145924211,-0.0329267270863056,-0.0504229366779327,-0.00512321572750807,0.0344375111162663,0.0167971886694431,-0.0422532595694065,-0.00348668894730508,0.0471241101622581,0.0377018265426159,0.0647983029484749,0.0533143021166325,0.0245549194514751,0.0502875298261642,0.022252332419157,0.0441171303391457,0.0124866524711251,-0.0113464593887329,0.0783492475748062,-0.0490316301584244,-0.0118988798931241,0.0595536939799786,0.103030644357204,-0.0178310908377171,0.095218226313591,0.0042171273380518,0.00971726514399052,-0.00665434217080474,-0.0124641144648194,-0.0115572018548846,-0.00665843626484275,0.0130255687981844,-0.0140454648062587,0.0203635711222887,0.0125503968447447,-0.0205314662307501,-0.022515282034874,-0.0141570782288909,0.0511981770396233,0.062688060104847,-0.0327387414872646,0.0415138453245163,0.0591782629489899,0.0456930659711361,0.0695236325263977,0.0573201291263103,0.0358677469193935,0.0635669380426407,0.0531750023365021,0.08172457665205,-0.00750034209340811,-0.00205389410257339,0.0990757346153259,-0.0177094005048275,-0.0187041591852903,0.0434358976781368,0.113847620785236
-0.0221531335264444,-0.00037399583379738,0.00667370250448585,-0.0136040607467294,-0.0158453788608313,0.43251433968544,0.178844764828682,0.0278086289763451,0.0583911463618279,0.0337792411446571,-0.0167242232710123,0.0056962538510561,-0.00671518547460437,-0.0132333375513554,0,0.235400468111038,0.0428939796984196,0.0641454830765724,0.0396850854158401,0.0249383095651865,0.106373570859432,0.0522165894508362,0.097906306385994,0.1984583735466,0.186661377549171,0.106002770364285,0.305892825126648,0.0987701341509819,0.043324176222086,0.0743492990732193,0.299977451562881,0.151347547769547,0.23910653591156,0.0861983671784401,-0.0657477080821991,-0.00476044602692127,-0.0722611546516418,0.0344312749803066,0.0830103009939194,0.0622632279992104,0.0661585777997971,0.215854838490486,0.206418752670288,-0.0825015157461166,0.111733056604862,0.0593630373477936,0.195413336157799,-0.130612432956696,0.0324096418917179,0.110555462539196,0.0668510794639587,0.0591796562075615,0.0369249805808067,0.0206036288291216,0.0140600195154548,0.0421293526887894,0.100837647914886,0.19993057847023,0.0957646667957306,0.104427918791771,0.292171865701675,0.094356544315815,0.0157971251755953,0.0593346729874611,0.253344297409058,0.0911364108324051,0.256626129150391,0.0650787353515625,-0.120474003255367,-0.0606886707246304,-0.106343507766724,0.0308863464742899,0.103600062429905,0.0201071295887232,0.0575588084757328,0.191290751099586,0.152523994445801,-0.108266271650791,0.0213208142668009,0.0540385879576206,0.197805747389793,-0.120473705232143,0.00175097782630473,0.127078518271446,0.0682294368743896,0.0454116091132164
-0.106404259800911,-0.0991963297128677,-0.0390313416719437,-0.0131455427035689,-0.0247513670474291,0.190648838877678,0.258398354053497,0.0104547096416354,-0.0169788841158152,-0.0695614814758301,-0.11475096642971,-0.0405176654458046,-0.0130950435996056,-0.0320214554667473,0.235400468111038,0,0.0291116870939732,-0.00194713973905891,0.120419830083847,-0.0315907634794712,0.0374472364783287,0.0141965504735708,0.0764359682798386,0.180076897144318,0.0434152409434319,0.113556236028671,0.00526450108736753,0.0179486311972141,-0.017858762294054,0.0231695231050253,0.150054007768631,0.124274887144566,0.0990693792700768,0.0488487519323826,-0.00882051698863506,0.0332469567656517,0.0377110801637173,-0.0621773935854435,0.0923390462994576,-0.10629503428936,0.112730219960213,-0.0301999468356371,0.0030755172483623,-0.133600056171417,0.0246763806790113,0.039719395339489,0.215561598539352,-0.0731375366449356,0.0413193739950657,0.104940168559551,0.00596233922988176,0.0350429154932499,0.108774416148663,-0.0350706614553928,-0.0439522489905357,-0.000492702412884682,0.0395798273384571,0.191151559352875,-0.0250289496034384,0.128055706620216,-0.0171400047838688,0.0235733222216368,-0.0104485303163528,0.0231378767639399,0.107239939272404,0.0803200006484985,0.097355917096138,0.0525819770991802,-0.0523789636790752,-0.0186067130416632,-0.00612316932529211,-0.0782190039753914,0.113492347300053,-0.127889484167099,0.120229654014111,-0.0424418225884438,-0.0326827429234982,-0.152680546045303,-0.0342929884791374,0.0420038029551506,0.227643460035324,-0.0890660881996155,0.0183626115322113,0.135405033826828,-0.00396106392145157,0.0190196335315704
0.0242813974618912,0.0476590469479561,0.105250239372253,0.0837586373090744,0.0139543367549777,0.0306054539978504,-0.00707406876608729,0.0884516090154648,0.0296184774488211,0.0105757592245936,0.0750029608607292,0.128028273582458,0.114875733852386,0.0153168654069304,0.0428939796984196,0.0291116870939732,0,0.0624958276748657,-0.0162493363022804,0.0806926563382149,-0.0607037842273712,0.031350776553154,0.00759877590462565,-0.00324018090032041,-0.0507300198078156,-0.0423264428973198,0.0686703696846962,0.0379072204232216,0.000197190791368484,0.0277682170271873,0.0605874881148338,-0.0613448955118656,-0.000658474746160209,0.0223969724029303,-0.0411116480827332,-0.0799123346805573,-0.0610212758183479,0.0311380364000797,0.0158813875168562,0.0380030833184719,0.00617592548951507,0.0525269918143749,0.128384232521057,-0.0513667911291122,0.0139653338119388,-0.0037625003606081,0.0282104518264532,-0.0417386665940285,-0.00336622470058501,-0.0163707286119461,0.0354951359331608,0.0521735325455666,-0.0010890974663198,0.0803862363100052,-0.0543648339807987,0.0327253043651581,-0.00286338990554214,0.0167440585792065,-0.0456568636000156,-0.014916324056685,0.0582698471844196,0.0401705056428909,0.00355630181729794,0.0164254028350115,0.0461756251752377,-0.0476652048528194,0.0233328118920326,0.0373184382915497,-0.0400492399930954,-0.107992522418499,-0.0443934537470341,0.0371166206896305,0.0123680019751191,0.0455837845802307,0.0163767989724874,0.0468822047114372,0.116305932402611,-0.0149577017873526,0.00306986621581018,0.0079334182664752,0.0334600582718849,0.00761986477300525,-0.00526612112298608,-0.00466265203431249,0.0400773733854294,0.0637151300907135
0.26066055893898,0.20440049469471,0.141632899641991,0.133185848593712,0.0462702102959156,0.0627695694565773,-0.0230217557400465,0.0569420978426933,0.174724817276001,0.224226921796799,0.235084161162376,0.134858205914497,0.142355844378471,0.0893939286470413,0.0641454830765724,-0.00194713973905891,0.0624958276748657,0,-0.0486630983650684,0.153257861733437,0.0489984191954136,0.0510784834623337,0.0438623689115047,0.00568606145679951,0.0483995899558067,0.0284334402531385,0.112765282392502,0.00193981954362243,0.0885929688811302,0.0820294395089149,0.00595679925754666,-0.0211937837302685,0.0651337951421738,0.0571667775511742,0.0282641127705574,-0.0480662658810616,0.00263814860954881,0.153423115611076,0.0571314021945,0.158223927021027,0.0486187115311623,0.149668425321579,0.126616939902306,0.0924055501818657,0.0899448245763779,0.0450358875095844,0.0184289067983627,0.109889343380928,-0.0350530929863453,0.0279948823153973,0.150970801711082,0.175303548574448,-0.000266300514340401,0.175291016697884,0.101012893021107,0.0563976913690567,0.024776803329587,-0.00272955815307796,0.108752548694611,0.0338479243218899,0.128658518195152,0.00331196747720242,0.113261088728905,0.0637785270810127,0.0674964413046837,0.0269600432366133,0.0547338239848614,0.083510510623455,0.109490059316158,0.0175568014383316,0.0804505124688148,0.163031622767448,0.0580394826829433,0.16930878162384,0.0616426318883896,0.181517839431763,0.137607991695404,0.133882150053978,0.159616529941559,0.0353862978518009,0.0387705340981483,0.138732299208641,0.0110481213778257,0.00415849173441529,0.131151959300041,0.199596881866455
-0.179234206676483,-0.100745834410191,-0.0264465287327766,-0.0364141017198563,-0.025408199056983,0.078406535089016,0.157413214445114,-0.0263423155993223,-0.0389304384589195,-0.0604798458516598,-0.174273386597633,-0.0611225441098213,-0.0391066707670689,-0.0200922898948193,0.0396850854158401,0.120419830083847,-0.0162493363022804,-0.0486630983650684,0,-0.0286494586616755,0.21754278242588,0.0401300713419914,0.0282942913472652,0.285193055868149,0.20340833067894,0.265605688095093,-0.149915486574173,0.0898600369691849,0.0545050427317619,0.0857079699635506,0.0478744208812714,0.569512963294983,-0.0202397163957357,0.00436797179281712,0.465517461299896,0.149388492107391,0.556178331375122,-0.0349083468317986,0.0838060528039932,-0.118104383349419,0.16730760037899,-0.0759194493293762,-0.11261448264122,-0.0196974277496338,0.168053418397903,0.0731193497776985,0.703105211257935,0.143853530287743,0.114891670644283,0.15013575553894,0.110424183309078,0.119383975863457,0.647166192531586,-0.0421048030257225,-0.023846035823226,0.0284533891826868,0.0133974337950349,0.23736560344696,-0.0229792408645153,0.203040346503258,-0.179585874080658,0.0916396081447601,-0.00256615877151489,0.0854846388101578,-0.0353710949420929,0.365581512451172,0.00695915659889579,0.0228315535932779,0.181793868541718,0.1540157943964,0.278327822685242,-0.0663507506251335,0.148644909262657,-0.179820194840431,0.136034190654755,-0.1402468085289,-0.108482323586941,-0.102295443415642,0.0314583890140057,0.0325010269880295,0.585182845592499,-0.0175806377083063,0.0566621236503124,0.162201404571533,0.139860957860947,0.0842580124735832
0.240052983164787,0.243657529354095,0.2195765376091,0.281624138355255,0.0984422266483307,0.0397431142628193,-0.0405287593603134,0.0890382081270218,0.161233440041542,0.241751357913017,0.271959841251373,0.211266413331032,0.257514774799347,0.112917013466358,0.0249383095651865,-0.0315907634794712,0.0806926563382149,0.153257861733437,-0.0286494586616755,0,-0.0576531179249287,0.152156576514244,0.0478055141866207,0.0334135480225086,-0.16374371945858,0.0381851680576801,0.00509663997218013,0.0304528698325157,0.266577392816544,0.170987442135811,-0.10791027545929,-0.284072667360306,0.0197782348841429,0.304647415876389,0.204549074172974,-0.233376055955887,0.0397187285125256,0.238549336791039,0.214547947049141,0.431399405002594,0.329667270183563,0.114448867738247,0.311395555734634,0.287174612283707,0.366144359111786,0.269279450178146,0.0960055813193321,0.430339068174362,-0.139660835266113,-0.0492434874176979,0.285639017820358,0.566027760505676,0.0424360744655132,0.600418031215668,-0.109293736517429,0.160629197955132,-0.00232759350910783,0.00505334418267012,-0.169698312878609,0.0127014359459281,0.0316090993583202,0.053629208356142,0.19896787405014,0.134310618042946,-0.0646504759788513,-0.280575752258301,0.0187045130878687,0.29092675447464,0.25361967086792,-0.255465567111969,0.106735348701477,0.243913114070892,0.176894396543503,0.449216455221176,0.310356318950653,0.137790188193321,0.297947078943253,0.228769481182098,0.245088428258896,0.206742078065872,0.0735631883144379,0.439722627401352,-0.171182319521904,-0.091292567551136,0.223401382565498,0.542705893516541
0.0718590840697289,0.0576571077108383,0.129233956336975,-0.0281863249838352,0.00505067221820354,0.127374947071075,0.025144912302494,-0.060765165835619,0.0153886880725622,0.315397471189499,-0.00841066893190145,0.0704323202371597,-0.0303849764168262,-0.0313549749553204,0.106373570859432,0.0374472364783287,-0.0607037842273712,0.0489984191954136,0.21754278242588,-0.0576531179249287,0,-0.0930141508579254,0.0631378963589668,0.184811845421791,0.730512976646423,0.529567360877991,0.224518030881882,-0.0845025554299355,0.322916984558105,-0.0431631803512573,0.0847654864192009,0.465675234794617,0.167394146323204,-0.109663851559162,0.593899428844452,0.464225947856903,0.554158389568329,-0.0583179593086243,-0.0773321241140366,0.125630676746368,0.0705419182777405,0.350743412971497,-0.0199227184057236,0.690096497535706,0.427144110202789,0.369852334260941,0.0226742252707481,0.370664864778519,0.00670622289180756,-0.000650426256470382,-0.00852214172482491,-0.0103995585814118,0.0408144779503345,-0.0842130929231644,0.644646883010864,-0.148294419050217,0.0679070949554443,0.110094726085663,0.462578922510147,0.230318322777748,0.0996077060699463,-0.0781400799751282,0.112980782985687,-0.0555737391114235,0.0384815819561481,0.220270410180092,0.126840874552727,-0.107426829636097,0.366601258516312,0.323170065879822,0.288347661495209,-0.0708669945597649,-0.033522505313158,-0.0259300172328949,0.0235271360725164,0.174208790063858,-0.104715250432491,0.239669993519783,0.0790161266922951,0.158122450113297,0.034433476626873,0.0615762360394001,0.032929215580225,-0.00884480029344559,0.0138303572311997,-0.0516430512070656
-0.0280326753854752,0.0955256894230843,0.00954944640398026,0.0345476232469082,0.00572434533387423,0.0669906139373779,0.0120181599631906,0.0202369447797537,0.0495284162461758,0.0263890065252781,0.072679415345192,-0.00691178720444441,0.0293997637927532,0.0141579527407885,0.0522165894508362,0.0141965504735708,0.031350776553154,0.0510784834623337,0.0401300713419914,0.152156576514244,-0.0930141508579254,0,0.000208321958780289,0.313588201999664,-0.0153673468157649,-0.10177505761385,0.0882470011711121,0.124160043895245,0.0386241525411606,0.922800600528717,-0.0115598496049643,-0.178896769881248,0.161666318774223,0.309660464525223,-0.0725701749324799,-0.210784330964088,-0.13878245651722,0.877740979194641,0.245582357048988,0.060304269194603,0.237704232335091,0.235358983278275,0.075899600982666,-0.00845267996191978,0.075541689991951,0.66796600818634,0.14429584145546,0.036366693675518,-0.0407488569617271,0.00313043827190995,0.168281108140945,0.201749235391617,0.0435563400387764,0.157139107584953,-0.225863486528397,0.971327662467957,-0.0174468476325274,0.32717564702034,-0.120170637965202,-0.0632981956005096,0.130682468414307,0.214990898966789,-0.00281899305991828,0.913633763790131,-0.00652371207252145,-0.192752853035927,0.168477684259415,0.279273360967636,-0.144762977957726,-0.264114052057266,-0.18718047440052,0.841236591339111,0.27824530005455,0.0570873208343983,0.231786474585533,0.292307943105698,0.0814118981361389,-0.0808461681008339,-0.0403793789446354,0.558798313140869,0.13311168551445,0.0321060456335545,-0.0740454569458961,0.00437643518671393,0.126355662941933,0.174154475331306
0.0100239077582955,0.0203690174967051,-0.00449811341241002,0.00101398362312466,0.0081818513572216,0.120861172676086,0.063523642718792,-0.00421732291579247,0.0151958847418427,0.0417559444904327,0.00818656571209431,-0.0191004332154989,0.0120506454259157,0.0104620279744267,0.097906306385994,0.0764359682798386,0.00759877590462565,0.0438623689115047,0.0282942913472652,0.0478055141866207,0.0631378963589668,0.000208321958780289,0,0.155256897211075,0.102840103209019,0.125565260648727,0.046539481729269,0.017760843038559,0.0744525790214539,0.0196047611534595,0.0878156796097755,0.102891720831394,0.0879263579845428,0.0409816987812519,0.0563608966767788,0.0416877530515194,0.0718924850225449,0.00952151883393526,0.0405368842184544,0.031307864934206,0.0537893064320087,0.0213676933199167,0.0550347007811069,0.0159559994935989,0.0676486194133759,0.0746448189020157,0.0969675108790398,0.0384981781244278,0.0325619988143444,0.0885185301303864,0.0378870591521263,0.0873828753829002,0.0150018418207765,0.0244999080896378,0.0217688493430614,-0.00964805483818054,0.04743842035532,0.123528353869915,0.0560094378888607,0.103988960385323,0.0415277369320393,-0.0011731976410374,0.0421968996524811,0.0185695085674524,0.0721128508448601,0.0574949309229851,0.0582041256129742,0.00720343552529812,0.0398490987718105,0.0270921215415001,0.0347450450062752,-0.00162512110546231,0.0378332547843456,0.0175192952156067,0.047410998493433,0.0348100066184998,0.0146911339834332,-0.0164258778095245,0.0359896048903465,0.0546314343810081,0.0626198053359985,0.0213260725140572,0.0186012461781502,0.0465180836617947,0.0159324686974287,0.066771887242794
-0.117435425519943,-0.0691386535763741,-0.0626921877264977,-0.018399054184556,-0.00549458293244243,0.211187064647675,0.181466847658157,-0.0236266348510981,0.00591067597270012,-0.133775770664215,-0.0924293398857117,-0.0714121460914612,-0.0336193740367889,-0.023197939619422,0.1984583735466,0.180076897144318,-0.00324018090032041,0.00568606145679951,0.285193055868149,0.0334135480225086,0.184811845421791,0.313588201999664,0.155256897211075,0,0.235697016119957,0.350721746683121,0.0730375275015831,0.46790024638176,0.0746137201786041,0.495087891817093,0.174165561795235,0.178397342562675,0.318023443222046,0.0982117205858231,0.0967799127101898,-0.000893991207703948,0.0778170675039291,0.258729666471481,0.144097611308098,-0.0621728226542473,0.172391593456268,0.0874324142932892,0.0526706352829933,-0.0628867596387863,0.063545286655426,0.487377405166626,0.363140493631363,0.017259256914258,0.0608587190508842,0.14824153482914,0.122338630259037,0.145368367433548,0.273031622171402,0.0367752611637115,-0.0158171616494656,0.293521285057068,0.104186341166496,0.80201643705368,0.0694089233875275,0.336167097091675,0.0855012163519859,0.440390765666962,0.0514429248869419,0.499105453491211,0.155687019228935,0.144199475646019,0.325877159833908,0.0947940349578857,0.0353819690644741,-0.0507963038980961,0.0852040573954582,0.183039203286171,0.174750372767448,-0.0554938390851021,0.187465980648994,0.139030277729034,0.0510297752916813,-0.111608646810055,0.0105129042640328,0.448756337165833,0.288357555866241,-0.0328092612326145,0.0149665009230375,0.127418994903564,0.0913635119795799,0.0916368439793587
