0 0.32818 0.26491 0.27988 0.090219 -0.0077311 -0.091272 0.059904 0.2097 0.72411 0.41146 0.3571 0.29475 0.11713 0.0019104 -0.098689 0.040616 0.26454 -0.16769 0.23732 0.049131 -0.020442 0.024133 -0.057865 0.047888 0.13163 0.095014 0.035739 0.1848 0.0063638 -0.15537 -0.11806 0.015897 0.13457 0.085451 -0.08009 0.0059917 0.12444 0.072815 0.3703 0.076746 0.18257 0.097398 0.36169 0.025741 0.18561 -0.18198 0.35119 -0.10523 -0.066686 0.030961 0.2331 -0.048122 0.27642 0.41827 -0.016154 0.035595 -0.074574 0.36502 0.24973 0.19374 0.010523 0.31963 -0.027727 -0.02574 0.12902 0.028481 0.14515 0.39723 0.1917 0.30262 0.14407 0.073424 0.45874 0.18183 0.31937 0.18004 0.59979 0.40232 0.20176 -0.12733 0.54378 0.00030542 -0.087594 0.051161 0.2847
0.32818 0 0.23837 0.26427 0.11191 0.01752 -0.07748 0.070484 0.22249 0.34572 0.48786 0.25663 0.24999 0.096584 -0.002217 -0.093819 0.054413 0.20726 -0.11525 0.26185 0.039603 0.099663 0.02075 -0.049403 0.061651 0.041899 0.14247 0.083515 0.14141 0.14119 -0.029265 -0.1109 0.016341 0.18865 0.10407 -0.078705 0.0021116 0.23622 0.15256 0.33291 0.13199 0.19313 0.16169 0.21168 0.15823 0.14208 -0.10908 0.2342 -0.047479 -0.056372 0.16816 0.29454 -0.12275 0.25141 0.061097 0.099519 0.01463 -0.067951 0.066352 -0.0018653 0.13532 0.076736 0.12819 0.096774 -0.0098238 -0.089285 -0.012444 0.1224 0.15484 -0.038459 0.0722 0.26879 0.10259 0.31548 0.11033 0.19246 0.15079 0.18403 0.16634 0.081173 -0.11493 0.22763 -0.04966 -0.07446 0.15583 0.26755
0.26491 0.23837 0 0.39243 0.10348 0.038116 -0.017752 0.14369 0.14147 0.27879 0.26427 0.57671 0.37877 0.066246 0.037822 -0.028593 0.11634 0.15289 -0.038935 0.19501 0.10988 0.0077145 0.014092 -0.032476 0.028847 0.043639 0.085253 0.013017 0.18771 0.032306 -0.001261 -0.072908 -0.020762 0.060221 0.22014 -0.017004 0.13335 0.096165 0.020677 0.1959 0.081478 0.085272 0.17255 0.24326 0.19144 0.067174 -0.070647 0.17592 -0.050872 -0.046063 0.064879 0.18323 -0.029857 0.16604 0.11 -0.0073084 0.035403 -0.052441 0.028618 0.028679 0.069952 0.015339 0.16131 0.0014386 0.0063067 -0.075278 -0.0099654 0.032211 0.1926 -0.023945 0.13801 0.10444 -0.00041451 0.19566 0.092807 0.080756 0.12052 0.17077 0.15794 0.017634 -0.064778 0.17658 -0.060349 -0.052627 0.076488 0.17043
0.27988 0.26427 0.39243 0 0.19414 0.015979 -0.006308 0.10496 0.13898 0.25722 0.27357 0.37838 0.64799 0.12507 0.011368 -0.015227 0.095179 0.14626 -0.060471 0.29412 -0.037354 0.03774 0.012068 -0.021842 -0.091402 0.0098954 0.0089705 0.029555 0.14121 0.053657 -0.027442 -0.16088 -0.019455 0.20012 0.17158 -0.10026 0.059113 0.13244 0.20233 0.20779 0.28582 0.034071 0.13001 0.15299 0.15756 0.11973 -0.026966 0.2388 -0.069182 -0.018445 0.12556 0.35226 -0.018269 0.27703 0.017898 0.03977 0.013097 -0.032129 -0.047194 -0.014267 0.026282 0.032043 0.15221 0.032952 -0.020588 -0.13204 0.012441 0.16025 0.26201 -0.062339 0.1549 0.14852 0.13594 0.24742 0.27098 0.078435 0.13272 0.17863 0.18622 0.097041 -0.037342 0.30717 -0.060998 -0.056125 0.12283 0.3471
0.090219 0.11191 0.10348 0.19414 0 -0.0039827 -0.021676 0.020026 0.056326 0.098786 0.10601 0.11501 0.16905 0.044224 -0.0028084 -0.028122 0.021585 0.061664 -0.018985 0.10723 -0.0018567 0.0052219 0.012914 -0.013009 -0.020949 0.0015261 -0.0062874 -0.0082348 0.071355 0.0071363 -0.028557 -0.036133 -0.010652 0.026903 0.07001 0.00066322 0.049437 0.05304 0.080156 0.091369 0.091449 0.01157 0.055382 0.070411 0.063233 0.017711 0.0076536 0.10733 -0.029565 -0.021634 0.063681 0.14473 -0.0074387 0.10998 -0.014799 -0.0014033 -0.013524 -0.033539 -0.03562 -0.0097153 -0.0031482 -0.0023583 0.064329 -0.0049724 -0.020273 -0.044589 -0.016857 0.030221 0.088562 -0.009925 0.064733 0.054019 0.06103 0.080032 0.084211 0.0044265 0.024734 0.046668 0.053407 -0.0033625 -0.0066875 0.10892 -0.038392 -0.025251 0.048239 0.13142
-0.0077311 0.01752 0.038116 0.015979 -0.0039827 0 0.16669 0.023516 0.08795 0.062027 0.0005731 0.026491 0.0059326 -0.015197 0.4328 0.16376 0.041165 0.069533 0.069532 0.045771 0.15015 0.10633 0.13495 0.22015 0.24642 0.12634 0.33833 0.12759 0.088851 0.13053 0.2951 0.21034 0.27475 0.072414 -0.028718 0.025535 -0.017328 0.091261 0.090172 0.10256 0.058813 0.27518 0.22727 0.0088342 0.1822 0.085211 0.21968 -0.063604 0.05683 0.1514 0.11857 0.084006 0.031333 0.027262 0.0086976 0.085847 0.089661 0.21304 0.13249 0.092352 0.28621 0.13658 0.013919 0.1195 0.26863 0.13649 0.23427 0.069848 -0.11422 -0.053717 -0.094834 0.067878 0.096673 0.037052 0.054667 0.22561 0.15161 -0.087022 0.074274 0.049606 0.18593 -0.10557 0.049609 0.12296 0.10158 0.050107
-0.091272 -0.07748 -0.017752 -0.006308 -0.021676 0.16669 0 -0.0097703 -0.0082747 -0.040628 -0.10218 -0.041854 -0.028946 -0.023641 0.17436 0.25149 -0.012382 -0.032272 0.15911 -0.042208 0.05467 0.029214 0.076292 0.18186 0.074927 0.13344 -0.00013586 0.071359 0.021156 0.038828 0.1649 0.17047 0.070063 0.010736 0.027258 0.082622 0.075339 -0.014069 0.049469 -0.12414 0.064166 -0.03168 0.00027716 -0.12439 0.064812 0.030221 0.23472 -0.062009 0.043764 0.13533 0.015326 0.028358 0.092127 -0.050217 -0.061999 0.020688 0.027493 0.15925 -0.031284 0.074554 -0.028734 0.064374 -0.02331 0.0356 0.085546 0.087235 0.056401 0.01698 -0.058993 -0.018624 -0.027294 -0.033455 0.05194 -0.14211 0.064452 -0.059473 -0.022396 -0.1881 -0.02499 0.036445 0.18697 -0.13082 0.025833 0.11036 0.00077388 -0.0079251
0.059904 0.070484 0.14369 0.10496 0.020026 0.023516 -0.0097703 0 0.051793 0.0366 0.073374 0.1282 0.10019 0.013422 0.035527 0.0022539 0.10738 0.064688 -0.034339 0.086844 -0.060789 0.0233 0.00045471 -0.0082951 -0.044886 -0.021978 0.054426 0.020212 0.023483 0.013238 0.067587 -0.05915 0.024846 0.04772 -0.025557 -0.085339 -0.075781 0.048622 0.023883 0.069425 0.01521 0.044831 0.11778 -0.001759 0.0074352 0.0088395 0.0044866 -0.00095647 -0.0044716 0.0022768 0.042826 0.087498 -0.021909 0.071502 -0.038634 0.025555 -0.002326 -0.0005333 -0.020331 0.004929 0.068127 0.033594 0.032802 0.0050979 0.064949 -0.039858 0.0094136 0.045448 0.0029387 -0.083241 -0.011063 0.054006 0.01662 0.077493 0.03555 0.059161 0.098581 0.02109 0.034113 0.010319 0.012749 0.057562 -0.016144 0.0052156 0.053974 0.089619
0.2097 0.22249 0.14147 0.13898 0.056326 0.08795 -0.0082747 0.051793 0 0.2228 0.23045 0.12931 0.13291 0.047993 0.073428 -0.022895 0.052726 0.19699 -0.051837 0.16584 0.0034269 0.076116 0.016647 0.003587 0.029957 0.0076589 0.13015 0.02243 0.078547 0.10497 0.021631 -0.054169 0.065625 0.13177 0.035649 -0.06678 -0.016291 0.17874 0.10505 0.19266 0.080983 0.15436 0.13504 0.10358 0.07508 0.063396 -0.0034169 0.11621 -0.029042 -0.018892 0.12185 0.1881 -0.038555 0.17134 0.043449 0.069392 0.031092 -0.010271 0.05872 0.020022 0.1481 0.017359 0.09009 0.091836 0.060038 -0.012572 0.036123 0.07984 0.086407 -0.036904 0.03759 0.18587 0.08187 0.18871 0.072502 0.17832 0.136 0.10887 0.12433 0.030279 -0.0030748 0.15497 -0.035267 -0.0074753 0.12319 0.17599
0.72411 0.34572 0.27879 0.25722 0.098786 0.062027 -0.040628 0.0366 0.2228 0 0.31866 0.27567 0.21559 0.10106 0.055659 -0.052811 0.031607 0.22857 -0.084987 0.23189 0.2554 0.01221 0.053028 -0.074708 0.2114 0.22894 0.15304 -0.051341 0.20341 0.021569 -0.01468 0.057569 0.049686 0.20691 0.22296 0.090973 0.18771 0.13644 0.27951 0.31642 0.28499 0.23785 0.088423 0.455 0.27595 0.26598 -0.13138 0.39549 -0.023722 -0.0011975 0.034074 0.23559 -0.15342 0.17162 0.1282 0.0025748 0.029602 -0.079919 0.11914 0.13813 0.10671 -0.022589 0.10232 0.011705 -0.015198 0.013902 0.038873 0.14161 0.14401 0.033505 0.049298 0.15483 0.16674 0.2716 0.17814 0.15711 0.052913 0.23382 0.097348 0.10868 -0.10633 0.34099 -0.036617 -0.057193 0.057641 0.19773
0.41146 0.48786 0.26427 0.27357 0.10601 0.0005731 -0.10218 0.073374 0.23045 0.31866 0 0.31968 0.30004 0.11233 -0.01035 -0.10863 0.092195 0.24825 -0.19964 0.29301 -0.026348 0.078242 0.015031 -0.0691 0.0048136 -0.021792 0.1409 0.070737 0.12312 0.11933 -0.064918 -0.1981 0.011422 0.13929 0.023772 -0.15843 -0.069659 0.24054 0.070941 0.34621 0.077657 0.19069 0.18778 0.19364 0.067934 0.10376 -0.16533 0.21902 -0.089574 -0.078212 0.16778 0.28821 -0.14578 0.30125 0.14937 0.088955 0.0053408 -0.092892 0.14669 0.00046571 0.19648 0.045457 0.18689 0.077641 -0.0079231 -0.068247 0.0076784 0.14457 0.2396 -0.014031 0.15246 0.27897 0.055346 0.39999 0.12005 0.26722 0.20427 0.31015 0.26552 0.082355 -0.13735 0.32033 -0.037949 -0.10484 0.16926 0.30853
0.3571 0.25663 0.57671 0.37838 0.11501 0.026491 -0.041854 0.1282 0.12931 0.27567 0.31968 0 0.40653 0.085565 0.028249 -0.028553 0.14567 0.15522 -0.08233 0.20596 0.050958 -0.019178 -0.0058588 -0.05101 -0.0085809 0.02316 0.079868 0.02537 0.18177 0.010261 -0.045547 -0.13956 -0.027295 0.044124 0.18619 -0.057488 0.10482 0.094905 0.015693 0.22031 0.06417 0.059822 0.17233 0.22088 0.1073 0.084458 -0.09876 0.17468 -0.083904 -0.06667 0.062621 0.1937 -0.028894 0.23162 0.17949 -0.04267 0.023211 -0.068248 0.078797 0.060239 0.08835 0.0030684 0.23241 -0.020468 0.0048776 -0.050413 0.012986 0.046509 0.27861 0.046087 0.23 0.1041 -0.033859 0.26679 0.086782 0.11933 0.1841 0.28268 0.22905 0.043001 -0.085814 0.24547 -0.051704 -0.055431 0.057803 0.21704
0.29475 0.24999 0.37877 0.64799 0.16905 0.0059326 -0.028946 0.10019 0.13291 0.21559 0.30004 0.40653 0 0.14512 0.012266 -0.0051816 0.11493 0.15705 -0.06504 0.26461 -0.042542 0.035011 0.014517 -0.024038 -0.094468 -0.0018054 -0.0026338 0.056344 0.1297 0.049048 -0.066447 -0.16933 -0.021779 0.1664 0.1417 -0.11526 0.044822 0.13109 0.12278 0.21467 0.21729 0.018166 0.11223 0.12879 0.11391 0.10496 -0.052661 0.21548 -0.08531 -0.047039 0.11569 0.31705 0.0052262 0.28309 0.033667 0.028715 0.015185 -0.018508 -0.033067 0.030928 0.013664 0.049192 0.18769 0.02751 -0.0347 -0.11684 0.0014335 0.16039 0.29367 -0.041956 0.19124 0.14921 0.12818 0.25099 0.29085 0.077806 0.13099 0.20147 0.19616 0.10064 -0.010402 0.3217 -0.084745 -0.048235 0.12028 0.37355
0.11713 0.096584 0.066246 0.12507 0.044224 -0.015197 -0.023641 0.013422 0.047993 0.10106 0.11233 0.085565 0.14512 0 -0.008736 -0.026647 0.0038491 0.092329 -0.027649 0.13414 -0.04345 0.015871 0.011324 -0.020908 -0.029611 -0.02026 0.013841 -0.0095418 0.03207 0.01859 -0.029938 -0.060745 0.00067889 0.063419 0.024916 -0.047152 -0.0094026 0.060595 0.065567 0.090905 0.068975 0.038713 0.058596 0.045075 0.050835 0.018612 -0.017889 0.081199 -0.042027 -0.012146 0.074889 0.12469 -0.019467 0.10833 0.0050138 0.017046 0.0044755 -0.023407 -0.0020461 -0.007921 0.028698 -0.01255 0.034349 0.019214 -0.0072368 -0.031155 -0.0036764 0.072577 0.082599 -0.032181 0.062535 0.074653 0.072024 0.095705 0.091373 0.051464 0.07409 0.07074 0.098192 0.0079973 -0.014888 0.12449 -0.025891 -0.026813 0.065135 0.13939
0.0019104 -0.002217 0.037822 0.011368 -0.0028084 0.4328 0.17436 0.035527 0.073428 0.055659 -0.01035 0.028249 0.012266 -0.008736 0 0.21055 0.039564 0.069088 0.055835 0.042498 0.14044 0.090521 0.10857 0.2307 0.23227 0.13214 0.32357 0.12657 0.094689 0.10767 0.30073 0.17834 0.2711 0.069567 -0.029643 -0.007022 -0.037958 0.072358 0.073415 0.088982 0.057367 0.26228 0.23503 -0.0066878 0.16778 0.078722 0.21599 -0.075981 0.043606 0.13076 0.099786 0.083496 0.039833 0.043591 0.061037 0.080395 0.10129 0.22826 0.16696 0.13794 0.30046 0.11755 0.059961 0.10353 0.2616 0.15875 0.27551 0.061803 -0.079438 -0.048827 -0.067938 0.061825 0.10289 0.067548 0.054811 0.24739 0.17175 -0.057555 0.10103 0.072472 0.20618 -0.077235 0.030599 0.1424 0.10409 0.080079
-0.098689 -0.093819 -0.028593 -0.015227 -0.028122 0.16376 0.25149 0.0022539 -0.022895 -0.052811 -0.10863 -0.028553 -0.0051816 -0.026647 0.21055 0 0.014092 -0.0064522 0.1202 -0.0337 0.050754 0.026587 0.071364 0.16908 0.053858 0.12363 -0.010798 0.026239 0.022395 0.031094 0.13358 0.12888 0.090646 0.011056 0.012336 0.048424 0.05477 -0.052057 0.031306 -0.1108 0.063673 -0.027977 0.0032654 -0.10496 0.047179 0.032718 0.20012 -0.064593 0.043762 0.10547 0.014041 0.025012 0.10311 -0.038091 -0.016782 0.014521 0.040781 0.18051 -0.003512 0.12069 -0.028925 0.025973 -0.0006736 0.027089 0.094075 0.089083 0.098085 0.016475 -0.016875 -0.0071627 0.015436 -0.061041 0.048715 -0.13096 0.069757 -0.052124 -0.028359 -0.14046 -0.013164 0.042102 0.20604 -0.089408 0.026004 0.13273 0.0022427 0.020491
0.040616 0.054413 0.11634 0.095179 0.021585 0.041165 -0.012382 0.10738 0.052726 0.031607 0.092195 0.14567 0.11493 0.0038491 0.039564 0.014092 0 0.066976 -0.022561 0.088938 -0.048838 0.030538 0.016921 -0.0048924 -0.017864 -0.034528 0.079154 0.033015 0.015694 0.033493 0.053746 -0.068274 0.0091261 0.032558 -0.01796 -0.080257 -0.061709 0.047857 0.0051083 0.065175 -0.0048711 0.072372 0.12239 -0.010779 0.019896 0.00319 0.012696 -0.028281 -0.013325 -0.014259 0.04068 0.06218 -0.011212 0.075651 -0.035608 0.029371 0.0072054 0.018257 -0.018851 -0.014795 0.069147 0.028242 0.024984 0.021399 0.047481 -0.035132 0.023131 0.037192 -0.0093741 -0.10208 -0.022958 0.049724 -0.0027555 0.072878 0.00011831 0.073032 0.11321 0.020033 0.019082 0.0037486 0.022779 0.018499 -0.018243 -0.0027918 0.045515 0.068691
0.26454 0.20726 0.15289 0.14626 0.061664 0.069533 -0.032272 0.064688 0.19699 0.22857 0.24825 0.15522 0.15705 0.092329 0.069088 -0.0064522 0.066976 0 -0.065711 0.167 0.030844 0.05612 0.038935 0.011226 0.054684 0.029608 0.11916 0.02828 0.090171 0.095006 0.013433 -0.03084 0.070331 0.098251 0.024822 -0.057558 -0.0091082 0.16779 0.082546 0.18719 0.067194 0.15383 0.13348 0.11663 0.077118 0.06417 0.0086805 0.13382 -0.036894 0.026993 0.16788 0.19339 -0.0094612 0.18145 0.10522 0.068013 0.027926 0.012417 0.10962 0.044367 0.1468 0.030046 0.11729 0.083729 0.064585 0.02015 0.057864 0.11805 0.12229 0.012855 0.087811 0.18556 0.077039 0.20588 0.089542 0.19262 0.14003 0.1551 0.16568 0.060928 0.022585 0.17923 -5.4768e-05 0.0016823 0.13381 0.21621
-0.16769 -0.11525 -0.038935 -0.060471 -0.018985 0.069532 0.15911 -0.034339 -0.051837 -0.084987 -0.19964 -0.08233 -0.06504 -0.027649 0.055835 0.1202 -0.022561 -0.065711 0 -0.05103 0.23731 0.036402 0.045652 0.26597 0.20688 0.27198 -0.17661 0.091384 0.076992 0.064726 0.010478 0.55979 0.00047631 -0.023938 0.49883 0.24557 0.54542 -0.04768 0.059453 -0.11638 0.15847 -0.081202 -0.14419 0.0059549 0.18572 0.089353 0.73788 0.24916 0.11004 0.1603 0.167 0.11789 0.66057 -0.059778 0.038599 0.018095 0.020543 0.22666 0.02464 0.19419 -0.21403 0.093475 0.0069377 0.058184 -0.066606 0.30591 0.026125 -0.0065955 0.21822 0.1623 0.24586 -0.081467 0.10119 -0.17896 0.12136 -0.16073 -0.12823 -0.11257 0.0088019 0.064144 0.61796 0.038549 0.052428 0.16728 0.16758 0.080974
0.23732 0.26185 0.19501 0.29412 0.10723 0.045771 -0.042208 0.086844 0.16584 0.23189 0.29301 0.20596 0.26461 0.13414 0.042498 -0.0337 0.088938 0.167 -0.05103 0 -0.12446 0.17743 0.052579 0.020865 -0.11265 -0.01681 0.013244 0.034142 0.19691 0.20296 -0.093123 -0.27515 0.010367 0.41108 0.19122 -0.2346 0.0063616 0.29374 0.34676 0.41249 0.40943 0.094056 0.27981 0.2574 0.31387 0.2767 0.040662 0.36271 -0.13037 -0.044173 0.2858 0.56857 0.014283 0.58333 -0.09702 0.19104 0.0098874 0.0096053 -0.10084 0.0088219 0.063565 0.036353 0.1819 0.17415 -0.038504 -0.23888 0.032564 0.38768 0.30596 -0.24034 0.12172 0.29351 0.30142 0.44257 0.40629 0.17213 0.27686 0.24927 0.30354 0.228 0.04791 0.47146 -0.15409 -0.082421 0.24041 0.56067
0.049131 0.039603 0.10988 -0.037354 -0.0018567 0.15015 0.05467 -0.060789 0.0034269 0.2554 -0.026348 0.050958 -0.042542 -0.04345 0.14044 0.050754 -0.048838 0.030844 0.23731 -0.12446 0 -0.13684 0.068687 0.18774 0.72111 0.5611 0.20135 -0.04702 0.27646 -0.086105 0.12222 0.50388 0.16652 -0.093298 0.54737 0.48038 0.54879 -0.12639 -0.015349 0.1064 0.11392 0.31033 -0.046874 0.69903 0.42217 0.39614 0.071803 0.46809 0.025715 0.013363 -0.022777 -0.060362 0.038316 -0.12911 0.64482 -0.19003 0.065482 0.11795 0.52131 0.31944 0.062267 -0.007148 0.083072 -0.082312 0.059535 0.32758 0.12406 -0.080899 0.22563 0.36745 0.18734 -0.13154 -0.0029534 -0.025673 0.044712 0.14676 -0.126 0.25542 0.076157 0.17198 0.057702 0.076288 0.077496 0.027176 -0.006331 -0.12023
-0.020442 0.099663 0.0077145 0.03774 0.0052219 0.10633 0.029214 0.0233 0.076116 0.01221 0.078242 -0.019178 0.035011 0.015871 0.090521 0.026587 0.030538 0.05612 0.036402 0.17743 -0.13684 0 0.021963 0.3219 0.066211 -0.13412 0.13667 0.23748 0.041579 0.92013 0.016403 -0.14439 0.15391 0.37372 -0.067973 -0.18073 -0.13336 0.88 0.31275 0.091917 0.2922 0.29218 0.084641 -0.015756 0.098427 0.63445 0.18401 0.023186 -0.031 0.018497 0.21013 0.24287 0.07095 0.16591 -0.23157 0.97411 0.0068636 0.36076 -0.050479 -0.085621 0.16645 0.30472 -0.0024098 0.91004 -0.0070169 -0.18497 0.16142 0.34431 -0.094904 -0.24348 -0.14696 0.84249 0.36645 0.087274 0.30725 0.32243 0.092937 -0.077606 0.014158 0.58569 0.16553 0.063412 -0.064817 0.018456 0.18038 0.22229
0.024133 0.02075 0.014092 0.012068 0.012914 0.13495 0.076292 0.00045471 0.016647 0.053028 0.015031 -0.0058588 0.014517 0.011324 0.10857 0.071364 0.016921 0.038935 0.045652 0.052579 0.068687 0.021963 0 0.1594 0.1116 0.14676 0.059045 0.036207 0.094338 0.045952 0.09014 0.10795 0.095415 0.032167 0.067147 0.038031 0.070644 0.027366 0.049367 0.041768 0.057912 0.045722 0.060054 0.046178 0.071551 0.092838 0.1096 0.066017 0.030929 0.10417 0.049618 0.10157 0.018063 0.024147 0.036758 0.010998 0.053236 0.13346 0.073909 0.11523 0.056112 0.030053 0.05741 0.043961 0.082231 0.073887 0.082616 0.010015 0.052365 0.01034 0.040358 0.018312 0.039399 0.033595 0.049706 0.058922 0.032222 -0.0044941 0.045162 0.077725 0.081141 0.036397 0.015842 0.049421 0.028062 0.090233
-0.057865 -0.049403 -0.032476 -0.021842 -0.013009 0.22015 0.18186 -0.0082951 0.003587 -0.074708 -0.0691 -0.05101 -0.024038 -0.020908 0.2307 0.16908 -0.0048924 0.011226 0.26597 0.020865 0.18774 0.3219 0.1594 0 0.32918 0.36098 0.069022 0.55065 0.1078 0.51103 0.16877 0.20967 0.3241 0.10198 0.1365 0.048562 0.10416 0.27688 0.091493 -0.055134 0.14185 0.097705 0.041622 -0.012708 0.10489 0.50561 0.34031 0.0085148 0.063112 0.1517 0.11772 0.13456 0.23984 0.041896 0.057447 0.28835 0.10808 0.81066 0.20388 0.35399 0.067091 0.51357 0.076976 0.5076 0.12836 0.19149 0.34491 0.11245 0.1136 -0.023054 0.1353 0.19919 0.14951 -0.046037 0.18455 0.13715 0.037144 -0.068648 0.055708 0.50842 0.27318 -0.0062155 0.043982 0.13861 0.09118 0.096881
0.047888 0.061651 0.028847 -0.091402 -0.020949 0.24642 0.074927 -0.044886 0.029957 0.2114 0.0048136 -0.0085809 -0.094468 -0.029611 0.23227 0.053858 -0.017864 0.054684 0.20688 -0.11265 0.72111 0.066211 0.1116 0.32918 0 0.51425 0.54376 0.071918 0.18154 0.1158 0.31499 0.6485 0.41621 -0.022008 0.23953 0.36622 0.25133 0.016802 -0.051583 0.21808 -0.095156 0.71091 0.1122 0.53191 0.37853 0.39406 0.11612 0.25886 0.15394 0.11359 0.011431 -0.082902 0.040739 -0.12828 0.4844 -0.014167 0.06864 0.24223 0.74566 0.31712 0.41722 0.078092 0.032766 0.10286 0.26207 0.52659 0.33574 -0.031873 0.024249 0.22722 0.053744 0.00077818 -0.051642 0.06262 -0.11309 0.52373 0.030473 0.14041 0.14552 0.18558 0.084309 -0.0019729 0.20495 0.13719 0.02585 -0.13222
0.13163 0.041899 0.043639 0.0098954 0.0015261 0.12634 0.13344 -0.021978 0.0076589 0.22894 -0.021792 0.02316 -0.0018054 -0.02026 0.13214 0.12363 -0.034528 0.029608 0.27198 -0.01681 0.5611 -0.13412 0.14676 0.36098 0.51425 0 -0.016188 0.10198 0.24532 -0.07464 0.066481 0.45801 0.11627 -0.03115 0.44085 0.3885 0.4781 -0.12453 0.030283 0.029003 0.14277 -0.02653 -0.083213 0.39632 0.22294 0.39893 0.17564 0.43821 0.013467 0.1243 -0.0017783 0.094321 0.12414 -0.019099 0.33329 -0.16804 0.092668 0.27224 0.32261 0.56811 -0.10722 0.068615 0.12852 -0.07217 -0.010688 0.30557 0.059464 -0.042835 0.26154 0.2451 0.30898 -0.14362 0.0063553 -0.017092 0.079133 -0.061398 -0.11112 0.11787 0.021455 0.2765 0.13474 0.20856 0.041359 0.08722 0.0046518 0.041287
0.095014 0.14247 0.085253 0.0089705 -0.0062874 0.33833 -0.00013586 0.054426 0.13015 0.15304 0.1409 0.079868 -0.0026338 0.013841 0.32357 -0.010798 0.079154 0.11916 -0.17661 0.013244 0.20135 0.13667 0.059045 0.069022 0.54376 -0.016188 0 0.020544 0.045076 0.12863 0.50022 0.22087 0.39031 0.078223 -0.23153 -0.038886 -0.2535 0.15592 0.044661 0.4297 -0.13103 0.8243 0.46327 0.11614 0.2584 -0.0032741 -0.0028313 -0.14355 0.13622 0.045319 0.12566 -0.027645 -0.16192 0.0075979 0.073477 0.096784 0.058608 0.059044 0.35525 -0.047494 0.7698 0.048819 -0.027173 0.11646 0.45919 0.21806 0.3124 0.057552 -0.31688 -0.11213 -0.28378 0.18071 0.056366 0.2853 -0.12479 0.71766 0.33016 -0.04071 0.17551 -0.10101 0.010864 -0.19484 0.11732 0.063729 0.10337 -0.057899
0.035739 0.083515 0.013017 0.029555 -0.0082348 0.12759 0.071359 0.020212 0.02243 -0.051341 0.070737 0.02537 0.056344 -0.0095418 0.12657 0.026239 0.033015 0.02828 0.091384 0.034142 -0.04702 0.23748 0.036207 0.55065 0.071918 0.10198 0.020544 0 0.061979 0.41465 0.098647 0.027778 0.046732 0.066566 0.0095035 -0.00089326 0.027679 0.32967 0.023128 0.03114 0.080474 -0.022155 0.076325 -0.088698 -0.011686 0.30119 0.1796 -0.10299 0.015746 0.053649 0.13096 0.12135 0.15444 0.07636 -0.03112 0.2455 0.029051 0.5648 0.039976 0.17627 0.02255 0.95613 0.097159 0.33758 0.072525 0.065574 0.082177 0.064538 0.11494 -0.0031434 0.11743 0.31442 0.10433 0.042993 0.15689 0.019655 0.073912 -0.046134 0.02832 0.37156 0.14424 0.023518 0.034618 0.047257 0.10395 0.13019
0.1848 0.14141 0.18771 0.14121 0.071355 0.088851 0.021156 0.023483 0.078547 0.20341 0.12312 0.18177 0.1297 0.03207 0.094689 0.022395 0.015694 0.090171 0.076992 0.19691 0.27646 0.041579 0.094338 0.1078 0.18154 0.24532 0.045076 0.061979 0 0.057916 0.066495 0.088988 0.06076 0.07023 0.4212 0.29112 0.47114 0.10192 0.039536 0.2511 0.12278 0.092198 0.201 0.43181 0.28877 0.19449 0.07273 0.39417 -0.031385 0.05448 0.1272 0.31936 0.081062 0.18312 0.22182 0.023447 0.05465 0.080263 0.15217 0.16493 -0.0030488 0.058435 0.38769 0.045787 0.057127 0.072397 0.021832 0.046384 0.3559 0.23277 0.42068 0.089743 0.041716 0.18582 0.10601 0.071894 0.15315 0.25809 0.21931 0.090281 0.066542 0.26997 0.010824 0.00020304 0.11956 0.29947
0.0063638 0.14119 0.032306 0.053657 0.0071363 0.13053 0.038828 0.013238 0.10497 0.021569 0.11933 0.010261 0.049048 0.01859 0.10767 0.031094 0.033493 0.095006 0.064726 0.20296 -0.086105 0.92013 0.045952 0.51103 0.1158 -0.07464 0.12863 0.41465 0.057916 0 0.034754 -0.12549 0.21497 0.3816 -0.02816 -0.16581 -0.075651 0.9155 0.3382 0.11566 0.29504 0.25624 0.093413 -0.0051287 0.093756 0.65912 0.21408 0.062386 -0.019765 0.014675 0.27965 0.28679 0.076874 0.18216 -0.16353 0.91129 0.015904 0.51361 0.010689 -0.0047941 0.16248 0.45713 0.040417 0.93059 0.0062425 -0.13923 0.22784 0.34452 -0.0058871 -0.20361 -0.059796 0.87638 0.38446 0.12059 0.31802 0.31053 0.097582 -0.052168 0.038673 0.63078 0.18404 0.13984 -0.043071 0.0019288 0.2417 0.26479
-0.15537 -0.029265 -0.001261 -0.027442 -0.028557 0.2951 0.1649 0.067587 0.021631 -0.01468 -0.064918 -0.045547 -0.066447 -0.029938 0.30073 0.13358 0.053746 0.013433 0.010478 -0.093123 0.12222 0.016403 0.09014 0.16877 0.31499 0.066481 0.50022 0.098647 0.066495 0.034754 0 0.37311 0.2702 -0.025137 -0.16153 0.089915 -0.096734 -0.00085717 0.0063524 -0.0070114 -0.069898 0.4019 0.39004 -0.19252 0.26691 -0.092764 0.18757 -0.28565 0.27582 0.17829 0.029973 -0.080722 -0.049373 -0.11734 -0.1442 0.0013054 0.035532 0.17757 0.068228 0.017287 0.36652 0.12668 -0.084918 0.032412 0.54808 0.23491 0.21848 -0.030001 -0.34922 -0.096325 -0.27592 -0.015273 0.030971 -0.12312 -0.090097 0.2204 0.21806 -0.38185 0.02771 -0.11865 0.14939 -0.35783 0.21159 0.16511 0.025379 -0.12219
-0.11806 -0.1109 -0.072908 -0.16088 -0.036133 0.21034 0.17047 -0.05915 -0.054169 0.057569 -0.1981 -0.13956 -0.16933 -0.060745 0.17834 0.12888 -0.068274 -0.03084 0.55979 -0.27515 0.50388 -0.14439 0.10795 0.20967 0.6485 0.45801 0.22087 0.027778 0.088988 -0.12549 0.37311 0 0.1575 -0.20872 0.21672 0.60959 0.36373 -0.20195 -0.11771 -0.076744 -0.1337 0.26377 -0.016176 0.057364 0.36686 -0.087634 0.38199 0.1462 0.31212 0.28267 -0.078984 -0.1982 0.23033 -0.29203 0.18769 -0.19449 0.074307 0.15885 0.32285 0.28582 0.055575 0.039422 -0.06298 -0.10752 0.19995 0.73583 0.095434 -0.1933 -0.12775 0.39221 -0.035286 -0.22479 -0.09993 -0.22749 -0.17987 -0.0078395 -0.11726 -0.24754 0.033632 -0.12946 0.27709 -0.21143 0.31007 0.2728 -0.05311 -0.22655
0.015897 0.016341 -0.020762 -0.019455 -0.010652 0.27475 0.070063 0.024846 0.065625 0.049686 0.011422 -0.027295 -0.021779 0.00067889 0.2711 0.090646 0.0091261 0.070331 0.00047631 0.010367 0.16652 0.15391 0.095415 0.3241 0.41621 0.11627 0.39031 0.046732 0.06076 0.21497 0.2702 0.1575 0 0.10196 -0.046155 -0.02619 -0.07512 0.12996 0.05534 0.073158 -0.027693 0.44595 0.20849 0.077522 0.15099 0.14081 0.14663 -0.057045 0.050485 0.091233 0.092645 0.042199 0.028616 0.0022738 0.12181 0.11742 0.069569 0.27548 0.311 0.11009 0.38074 0.053069 0.010633 0.21125 0.26735 0.1846 0.43761 0.082482 -0.081989 -0.029092 -0.050158 0.10758 0.041361 0.048571 -0.019882 0.41501 0.15267 -0.0023121 0.1333 0.080349 0.13966 -0.074192 0.080852 0.10103 0.06676 0.00045177
0.13457 0.18865 0.060221 0.20012 0.026903 0.072414 0.010736 0.04772 0.13177 0.20691 0.13929 0.044124 0.1664 0.063419 0.069567 0.011056 0.032558 0.098251 -0.023938 0.41108 -0.093298 0.37372 0.032167 0.10198 -0.022008 -0.03115 0.078223 0.066566 0.07023 0.3816 -0.025137 -0.20872 0.10196 0 0.13544 -0.22018 -0.0038064 0.43805 0.52996 0.28793 0.59197 0.21594 0.10176 0.17061 0.32492 0.39237 0.15139 0.3508 -0.077522 -0.016839 0.37452 0.50242 0.01339 0.3688 -0.10313 0.35361 0.0037112 0.085971 -0.059299 -0.032399 0.1084 0.056781 0.048628 0.34821 -0.034991 -0.22359 0.1361 0.78147 0.19105 -0.23062 0.071955 0.41883 0.45281 0.34274 0.53382 0.27791 0.092952 0.15259 0.26401 0.31972 0.14871 0.42346 -0.10215 -0.041651 0.33062 0.47264
0.085451 0.10407 0.22014 0.17158 0.07001 -0.028718 0.027258 -0.025557 0.035649 0.22296 0.023772 0.18619 0.1417 0.024916 -0.029643 0.012336 -0.01796 0.024822 0.49883 0.19122 0.54737 -0.067973 0.067147 0.1365 0.23953 0.44085 -0.23153 0.0095035 0.4212 -0.02816 -0.16153 0.21672 -0.046155 0.13544 0 0.3903 0.84814 0.0052373 0.10506 0.080145 0.36957 -0.099888 -0.10948 0.55223 0.49141 0.31712 0.24861 0.66903 -0.054976 0.013407 0.11588 0.3709 0.26423 0.1825 0.34081 -0.085901 0.027919 0.073783 0.11692 0.21648 -0.29156 0.0040484 0.27422 -0.03324 -0.19558 0.046718 -0.045973 0.11513 0.65836 0.2569 0.60158 -0.019659 0.09687 0.020736 0.31193 -0.15254 -0.11442 0.2244 0.24166 0.19339 0.19466 0.44486 -0.04524 -0.02937 0.122 0.31934
-0.08009 -0.078705 -0.017004 -0.10026 0.00066322 0.025535 0.082622 -0.085339 -0.06678 0.090973 -0.15843 -0.057488 -0.11526 -0.047152 -0.007022 0.048424 -0.080257 -0.057558 0.24557 -0.2346 0.48038 -0.18073 0.038031 0.048562 0.36622 0.3885 -0.038886 -0.00089326 0.29112 -0.16581 0.089915 0.60959 -0.02619 -0.22018 0.3903 0 0.62849 -0.17074 -0.13738 -0.13588 -0.077825 -0.079208 -0.17191 0.18051 0.23435 -0.075426 0.037443 0.20795 0.1579 0.094685 -0.08696 -0.13667 -0.0035531 -0.24356 0.18225 -0.19871 0.041329 0.02265 0.10554 0.1838 -0.20298 0.005884 0.092318 -0.15844 -0.018847 0.28145 -0.039152 -0.19649 0.058634 0.56233 0.20341 -0.18766 -0.10639 -0.24621 -0.10126 -0.2962 -0.24304 -0.16761 -0.1083 -0.14036 -0.00033595 -0.084087 0.12699 0.082659 -0.067434 -0.1507
0.0059917 0.0021116 0.13335 0.059113 0.049437 -0.017328 0.075339 -0.075781 -0.016291 0.18771 -0.069659 0.10482 0.044822 -0.0094026 -0.037958 0.05477 -0.061709 -0.0091082 0.54542 0.0063616 0.54879 -0.13336 0.070644 0.10416 0.25133 0.4781 -0.2535 0.027679 0.47114 -0.075651 -0.096734 0.36373 -0.07512 -0.0038064 0.84814 0.62849 0 -0.076452 -0.016255 -0.048528 0.24825 -0.22755 -0.20809 0.42385 0.34511 0.18918 0.22606 0.56116 0.033387 0.036164 0.0089486 0.19427 0.27403 -0.036669 0.29449 -0.14471 0.048342 0.047993 0.012841 0.24832 -0.34654 0.026598 0.27316 -0.085661 -0.17497 0.091749 -0.082303 -0.013083 0.49869 0.4653 0.5884 -0.095553 0.015027 -0.13871 0.16325 -0.33134 -0.22723 0.071996 0.0023492 0.084623 0.16133 0.23639 -0.024041 -0.00058158 0.038339 0.15344
0.12444 0.23622 0.096165 0.13244 0.05304 0.091261 -0.014069 0.048622 0.17874 0.13644 0.24054 0.094905 0.13109 0.060595 0.072358 -0.052057 0.047857 0.16779 -0.04768 0.29374 -0.12639 0.88 0.027366 0.27688 0.016802 -0.12453 0.15592 0.32967 0.10192 0.9155 -0.00085717 -0.20195 0.12996 0.43805 0.0052373 -0.17074 -0.076452 0 0.41945 0.23983 0.37611 0.28645 0.13532 0.040275 0.12009 0.56735 0.10319 0.14251 -0.05844 -0.023588 0.3283 0.3759 -0.02099 0.28335 -0.15737 0.84379 0.0079717 0.28533 -0.031766 -0.062156 0.19468 0.39349 0.091708 0.87292 0.0028433 -0.19627 0.14118 0.40514 0.040745 -0.17971 -0.033741 0.96641 0.45494 0.25894 0.40335 0.3365 0.14932 0.040038 0.099374 0.53605 0.082991 0.27661 -0.058767 -0.049762 0.29742 0.37048
0.072815 0.15256 0.020677 0.20233 0.080156 0.090172 0.049469 0.023883 0.10505 0.27951 0.070941 0.015693 0.12278 0.065567 0.073415 0.031306 0.0051083 0.082546 0.059453 0.34676 -0.015349 0.31275 0.049367 0.091493 -0.051583 0.030283 0.044661 0.023128 0.039536 0.3382 0.0063524 -0.11771 0.05534 0.52996 0.10506 -0.13738 -0.016255 0.41945 0 0.11535 0.89819 0.099778 0.024586 0.083996 0.34236 0.43063 0.29287 0.41941 -0.020231 0.03342 0.49594 0.61879 0.028717 0.30393 -0.16412 0.28444 0.0033129 0.073843 -0.14435 -0.035274 0.021035 0.016258 -0.012632 0.30621 -0.032859 -0.215 0.072683 0.4771 0.081662 -0.22441 -0.081042 0.38425 0.89636 0.14765 0.79212 0.10066 -0.00071259 -0.030375 0.1596 0.33543 0.23806 0.40109 -0.098825 -0.025577 0.40866 0.51537
0.3703 0.33291 0.1959 0.20779 0.091369 0.10256 -0.12414 0.069425 0.19266 0.31642 0.34621 0.22031 0.21467 0.090905 0.088982 -0.1108 0.065175 0.18719 -0.11638 0.41249 0.1064 0.091917 0.041768 -0.055134 0.21808 0.029003 0.4297 0.03114 0.2511 0.11566 -0.0070114 -0.076744 0.073158 0.28793 0.080145 -0.13588 -0.048528 0.23983 0.11535 0 0.088246 0.55116 0.37206 0.44505 0.28097 0.18582 -0.095523 0.35803 -0.077415 -0.052056 0.19444 0.34744 -0.086608 0.37742 0.17317 0.099401 0.046015 -0.059784 0.27633 0.064321 0.43657 0.030264 0.24023 0.074157 0.09819 0.029182 0.041125 0.23373 0.17352 -0.07191 0.09834 0.26044 0.096265 0.69618 0.11471 0.53423 0.33766 0.44576 0.34883 0.083337 -0.064155 0.37902 -0.07845 -0.084657 0.18596 0.36072
0.076746 0.13199 0.081478 0.28582 0.091449 0.058813 0.064166 0.01521 0.080983 0.28499 0.077657 0.06417 0.21729 0.068975 0.057367 0.063673 -0.0048711 0.067194 0.15847 0.40943 0.11392 0.2922 0.057912 0.14185 -0.095156 0.14277 -0.13103 0.080474 0.12278 0.29504 -0.069898 -0.1337 -0.027693 0.59197 0.36957 -0.077825 0.24825 0.37611 0.89819 0.088246 0 -0.070673 -0.02196 0.14859 0.49714 0.51124 0.2995 0.5381 -0.056304 0.013327 0.42061 0.643 0.1103 0.35899 -0.081654 0.26305 0.0037333 0.12036 -0.21109 0.027575 -0.14409 0.082312 0.072933 0.27674 -0.12161 -0.24925 0.02953 0.56053 0.31883 -0.1935 0.10355 0.34563 0.82265 0.12359 0.91058 -0.026035 -0.037837 0.030202 0.27831 0.4478 0.24718 0.4833 -0.11974 -0.037443 0.33662 0.55833
0.18257 0.19313 0.085272 0.034071 0.01157 0.27518 -0.03168 0.044831 0.15436 0.23785 0.19069 0.059822 0.018166 0.038713 0.26228 -0.027977 0.072372 0.15383 -0.081202 0.094056 0.31033 0.29218 0.045722 0.097705 0.71091 -0.02653 0.8243 -0.022155 0.092198 0.25624 0.4019 0.26377 0.44595 0.21594 -0.099888 -0.079208 -0.22755 0.28645 0.099778 0.55116 -0.070673 0 0.43498 0.33498 0.37427 0.18163 0.032188 0.084714 0.13202 0.049471 0.12754 0.05629 -0.059815 0.071707 0.19615 0.24572 0.057297 0.090772 0.55595 -0.019012 0.7829 0.048254 -0.0014516 0.24252 0.39663 0.32087 0.36785 0.16412 -0.21132 -0.10458 -0.23526 0.29532 0.087996 0.41693 -0.067446 0.92429 0.34364 0.14768 0.32282 0.023475 0.057057 0.0049219 0.15618 0.082064 0.13198 0.023698
0.097398 0.16169 0.17255 0.13001 0.055382 0.22727 0.00027716 0.11778 0.13504 0.088423 0.18778 0.17233 0.11223 0.058596 0.23503 0.0032654 0.12239 0.13348 -0.14419 0.27981 -0.046874 0.084641 0.060054 0.041622 0.1122 -0.083213 0.46327 0.076325 0.201 0.093413 0.39004 -0.016176 0.20849 0.10176 -0.10948 -0.17191 -0.20809 0.13532 0.024586 0.37206 -0.02196 0.43498 0 0.067907 0.34539 -0.027922 0.034484 -0.053973 0.047878 0.036609 0.15655 0.18745 -0.091014 0.26157 -0.065453 0.073491 0.043048 0.033652 0.057369 -0.052784 0.42866 0.081934 0.14527 0.072172 0.41197 0.062333 0.15619 0.085121 -0.099836 -0.17814 -0.11071 0.13151 0.019421 0.3149 -0.0059527 0.38519 0.57018 0.040775 0.32395 -0.073766 0.062376 -0.0093105 0.033166 0.045288 0.13929 0.177
0.36169 0.21168 0.24326 0.15299 0.070411 0.0088342 -0.12439 -0.001759 0.10358 0.455 0.19364 0.22088 0.12879 0.045075 -0.0066878 -0.10496 -0.010779 0.11663 0.0059549 0.2574 0.69903 -0.015756 0.046178 -0.012708 0.53191 0.39632 0.11614 -0.088698 0.43181 -0.0051287 -0.19252 0.057364 0.077522 0.17061 0.55223 0.18051 0.42385 0.040275 0.083996 0.44505 0.14859 0.33498 0.067907 0 0.47006 0.44168 -0.11244 0.67653 -0.12381 -0.088085 0.080507 0.2568 -0.018026 0.21377 0.54898 -0.0369 0.039288 -0.046701 0.45494 0.23343 0.064955 -0.07234 0.27606 -0.02707 -0.12473 0.095741 0.033518 0.13553 0.42605 0.19451 0.30895 0.05075 0.025952 0.37723 0.11035 0.3112 0.044245 0.70436 0.28979 0.22543 -0.079471 0.45279 -0.076983 -0.12358 0.08004 0.19796
0.025741 0.15823 0.19144 0.15756 0.063233 0.1822 0.064812 0.0074352 0.07508 0.27595 0.067934 0.1073 0.11391 0.050835 0.16778 0.047179 0.019896 0.077118 0.18572 0.31387 0.42217 0.098427 0.071551 0.10489 0.37853 0.22294 0.2584 -0.011686 0.28877 0.093756 0.26691 0.36686 0.15099 0.32492 0.49141 0.23435 0.34511 0.12009 0.34236 0.28097 0.49714 0.37427 0.34539 0.47006 0 0.31988 0.17658 0.49299 0.12149 0.06406 0.19139 0.30897 0.036102 0.22805 0.10251 0.04631 0.048509 0.074159 0.059851 0.09675 0.11308 0.012418 0.045268 0.084995 0.133 0.10426 0.13413 0.31763 0.15526 -0.040566 0.027995 0.095623 0.29133 0.14322 0.41128 0.15384 0.1623 0.015167 0.51012 0.18331 0.17168 0.21074 0.083275 0.05344 0.17786 0.24306
0.18561 0.14208 0.067174 0.11973 0.017711 0.085211 0.030221 0.0088395 0.063396 0.26598 0.10376 0.084458 0.10496 0.018612 0.078722 0.032718 0.00319 0.06417 0.089353 0.2767 0.39614 0.63445 0.092838 0.50561 0.39406 0.39893 -0.0032741 0.30119 0.19449 0.65912 -0.092764 -0.087634 0.14081 0.39237 0.31712 -0.075426 0.18918 0.56735 0.43063 0.18582 0.51124 0.18163 -0.027922 0.44168 0.31988 0 0.082189 0.51747 -0.066273 -0.011808 0.18226 0.37343 0.052482 0.26007 0.2068 0.59121 0.051078 0.45412 0.22769 0.31922 0.038551 0.2694 0.13408 0.659 -0.09448 -0.11567 0.15225 0.3558 0.32663 -0.10408 0.17737 0.55303 0.37723 0.2009 0.46645 0.27856 -0.013286 0.26114 0.18376 0.93938 0.033356 0.44212 -0.065151 -0.040693 0.16271 0.32526
-0.18198 -0.10908 -0.070647 -0.026966 0.0076536 0.21968 0.23472 0.0044866 -0.0034169 -0.13138 -0.16533 -0.09876 -0.052661 -0.017889 0.21599 0.20012 0.012696 0.0086805 0.73788 0.040662 0.071803 0.18401 0.1096 0.34031 0.11612 0.17564 -0.0028313 0.1796 0.07273 0.21408 0.18757 0.38199 0.14663 0.15139 0.24861 0.037443 0.22606 0.10319 0.29287 -0.095523 0.2995 0.032188 0.034484 -0.11244 0.17658 0.082189 0 0.10281 0.075612 0.22574 0.5646 0.30364 0.58818 0.036171 -0.075591 0.15153 0.072636 0.32748 -0.033245 0.094012 -0.053008 0.15545 0.019748 0.19985 0.10993 0.19714 0.16017 0.19022 0.10351 -0.044842 0.065631 0.039515 0.32852 -0.10553 0.2977 0.0020269 0.035758 -0.18717 0.06397 0.10675 0.85234 0.040606 0.035259 0.2064 0.46493 0.24906
0.35119 0.2342 0.17592 0.2388 0.10733 -0.063604 -0.062009 -0.00095647 0.11621 0.39549 0.21902 0.17468 0.21548 0.081199 -0.075981 -0.064593 -0.028281 0.13382 0.24916 0.36271 0.46809 0.023186 0.066017 0.0085148 0.25886 0.43821 -0.14355 -0.10299 0.39417 0.062386 -0.28565 0.1462 -0.057045 0.3508 0.66903 0.20795 0.56116 0.14251 0.41941 0.35803 0.5381 0.084714 -0.053973 0.67653 0.49299 0.51747 0.10281 0 -0.081719 -0.038266 0.28156 0.5677 0.18514 0.34916 0.391 0.014008 0.028454 -0.051939 0.29623 0.28884 -0.14124 -0.077481 0.31343 0.040083 -0.25668 0.14033 -0.050955 0.29098 0.6103 0.23656 0.49645 0.14372 0.31372 0.32178 0.46048 0.13569 -0.027866 0.50256 0.40405 0.36145 0.087498 0.8184 -0.054592 -0.079469 0.22367 0.5015
-0.10523 -0.047479 -0.050872 -0.069182 -0.029565 0.05683 0.043764 -0.0044716 -0.029042 -0.023722 -0.089574 -0.083904 -0.08531 -0.042027 0.043606 0.043762 -0.013325 -0.036894 0.11004 -0.13037 0.025715 -0.031 0.030929 0.063112 0.15394 0.013467 0.13622 0.015746 -0.031385 -0.019765 0.27582 0.31212 0.050485 -0.077522 -0.054976 0.1579 0.033387 -0.05844 -0.020231 -0.077415 -0.056304 0.13202 0.047878 -0.12381 0.12149 -0.066273 0.075612 -0.081719 0 0.094682 -0.072686 -0.13024 0.03378 -0.14599 -0.10398 -0.025905 0.0088175 0.060696 -0.014747 0.013201 0.062234 0.028237 -0.096805 -0.017182 0.15281 0.19772 0.032285 -0.063489 -0.17443 0.05741 -0.13195 -0.053763 -0.0026785 -0.16121 -0.076498 0.0026479 -0.0072567 -0.26554 -0.016722 -0.048741 0.061467 -0.19489 0.21069 0.091909 -0.041893 -0.14789
-0.066686 -0.056372 -0.046063 -0.018445 -0.021634 0.1514 0.13533 0.0022768 -0.018892 -0.0011975 -0.078212 -0.06667 -0.047039 -0.012146 0.13076 0.10547 -0.014259 0.026993 0.1603 -0.044173 0.013363 0.018497 0.10417 0.1517 0.11359 0.1243 0.045319 0.053649 0.05448 0.014675 0.17829 0.28267 0.091233 -0.016839 0.013407 0.094685 0.036164 -0.023588 0.03342 -0.052056 0.013327 0.049471 0.036609 -0.088085 0.06406 -0.011808 0.22574 -0.038266 0.094682 0 0.030406 0.02245 0.092955 -0.067943 -0.058124 0.007646 0.03998 0.12521 0.01899 0.096377 0.024896 0.048229 -0.026763 0.030056 0.13126 0.20573 0.064765 -0.017967 -0.044175 0.023981 -0.034044 -0.033288 0.01985 -0.096148 -0.0079284 0.0071463 0.002433 -0.15106 0.022917 -0.013345 0.19287 -0.087092 0.098592 0.17016 0.016493 0.0047552
0.030961 0.16816 0.064879 0.12556 0.063681 0.11857 0.015326 0.042826 0.12185 0.034074 0.16778 0.062621 0.11569 0.074889 0.099786 0.014041 0.04068 0.16788 0.167 0.2858 -0.022777 0.21013 0.049618 0.11772 0.011431 -0.0017783 0.12566 0.13096 0.1272 0.27965 0.029973 -0.078984 0.092645 0.37452 0.11588 -0.08696 0.0089486 0.3283 0.49594 0.19444 0.42061 0.12754 0.15655 0.080507 0.19139 0.18226 0.5646 0.28156 -0.072686 0.030406 0 0.50011 0.22727 0.29075 -0.0039031 0.2125 0.040135 0.12781 0.024332 -0.0070508 0.10875 0.11659 0.13373 0.2504 0.054182 -0.055889 0.11326 0.36166 0.1754 -0.080595 0.084178 0.30103 0.46073 0.23867 0.41442 0.17967 0.16353 0.079375 0.20304 0.17305 0.53616 0.36147 -0.043082 -0.0046018 0.65054 0.4592
0.2331 0.29454 0.18323 0.35226 0.14473 0.084006 0.028358 0.087498 0.1881 0.23559 0.28821 0.1937 0.31705 0.12469 0.083496 0.025012 0.06218 0.19339 0.11789 0.56857 -0.060362 0.24287 0.10157 0.13456 -0.082902 0.094321 -0.027645 0.12135 0.31936 0.28679 -0.080722 -0.1982 0.042199 0.50242 0.3709 -0.13667 0.19427 0.3759 0.61879 0.34744 0.643 0.05629 0.18745 0.2568 0.30897 0.37343 0.30364 0.5677 -0.13024 0.02245 0.50011 0 0.15031 0.54035 -0.013561 0.23962 0.054098 0.094923 -0.041775 0.067989 0.0099744 0.11962 0.31746 0.2556 -0.052812 -0.1538 0.057511 0.47018 0.48736 -0.097383 0.32949 0.36607 0.54251 0.40174 0.61295 0.16607 0.20163 0.26477 0.34402 0.32672 0.27318 0.64465 -0.12357 -0.036861 0.41164 0.76995
-0.048122 -0.12275 -0.029857 -0.018269 -0.0074387 0.031333 0.092127 -0.021909 -0.038555 -0.15342 -0.14578 -0.028894 0.0052262 -0.019467 0.039833 0.10311 -0.011212 -0.0094612 0.66057 0.014283 0.038316 0.07095 0.018063 0.23984 0.040739 0.12414 -0.16192 0.15444 0.081062 0.076874 -0.049373 0.23033 0.028616 0.01339 0.26423 -0.0035531 0.27403 -0.02099 0.028717 -0.086608 0.1103 -0.059815 -0.091014 -0.018026 0.036102 0.052482 0.58818 0.18514 0.03378 0.092955 0.22727 0.15031 0 0.026134 0.17373 0.077649 0.034288 0.27019 0.16536 0.19489 -0.15826 0.10167 0.11333 0.071867 -0.037687 0.39971 0.037306 0.030875 0.40091 0.15698 0.44882 -0.050888 0.071133 -0.047459 0.1619 -0.00047284 -0.044079 0.021674 0.2269 0.055343 0.71179 0.18613 0.047258 0.16699 0.19779 0.1421
