0,0.32098463177681,0.264464974403381,0.279625415802002,0.084137000143528,-0.0270376149564981,-0.102907188236713,0.0494211874902248,0.206878542900085,0.702228188514709,0.395598143339157,0.346894145011902,0.293328762054443,0.103456139564514,-0.0134006617590785,-0.106540873646736,0.032499834895134,0.258254110813141,-0.158540487289429,0.241374522447586,0.0714328065514565,-0.0836836770176888,0.0196935795247555,-0.089259959757328,0.0534202009439468,0.146038517355919,0.0902992263436317,-0.00132358737755567,0.195594295859337,-0.0569852367043495,-0.159674525260925,-0.0977659374475479,0.0142438840121031,0.0924820899963379,0.098351739346981,-0.0532427206635475,0.029810443520546,0.0624492354691029,-0.00230902759358287,0.363500654697418,0.0355227515101433,0.190530315041542,0.0956406071782112,0.392155706882477,0.0708670169115067,0.140642434358597,-0.175911203026772,0.375283390283585,-0.101014845073223,-0.0622982196509838,0.03899210318923,0.226735413074493,-0.0253639090806246,0.290996253490448,0.41240394115448,-0.0726574435830116,0.0339011214673519,-0.11727386713028,0.331565529108047,0.220866024494171,0.173542976379395,-0.0314619243144989,0.31540259718895,-0.0931010469794273,-0.0440800711512566,0.0998056307435036,0.0150222759693861,0.116862207651138,0.409286051988602,0.196220830082893,0.296371102333069,0.0915857180953026,0.00851778592914343,0.443787485361099,0.13522657752037,0.304040610790253,0.169888570904732,0.583050489425659,0.405372440814972,0.163283482193947,-0.13520759344101,0.546438336372375,-0.0168219916522503,-0.091159000992775,0.0403224304318428,0.273169815540314
0.32098463177681,0,0.230497092008591,0.248537629842758,0.10307415574789,0.00640695914626122,-0.0833370313048363,0.0648504197597504,0.213698491454124,0.33333283662796,0.474891871213913,0.245646819472313,0.232285052537918,0.0898553431034088,-0.00847383867949247,-0.0956791415810585,0.0485032089054585,0.208851501345634,-0.106076873838902,0.25286665558815,0.0374600701034069,0.0690384209156036,0.0156818181276321,-0.0649344101548195,0.0314980708062649,0.0349178276956081,0.128018245100975,0.0727161839604378,0.141790702939034,0.106861121952534,-0.0386713817715645,-0.116986706852913,0.0118346987292171,0.146025866270065,0.101511806249619,-0.0751876980066299,0.00467752991244197,0.204457521438599,0.0972199589014053,0.315811783075333,0.0828495398163795,0.178971409797668,0.153654992580414,0.20988355576992,0.164640694856644,0.103311583399773,-0.106507621705532,0.217144936323166,-0.0556489452719688,-0.0554511211812496,0.158335894346237,0.268648087978363,-0.12046018242836,0.247262552380562,0.056801151484251,0.0665818750858307,0.00774626573547721,-0.0949365496635437,0.0428162515163422,-0.0150103168562055,0.115363426506519,0.0594223290681839,0.121997773647308,0.0657564476132393,-0.0281262323260307,-0.102754391729832,-0.0200652629137039,0.0823923945426941,0.152202859520912,-0.0357789099216461,0.0642386302351952,0.241522058844566,0.0448554791510105,0.30237865447998,0.0556912608444691,0.167399421334267,0.140775069594383,0.177016362547874,0.151202887296677,0.0449341908097267,-0.125094443559647,0.201566055417061,-0.0618178173899651,-0.0711645856499672,0.134180411696434,0.241333067417145
0.264464974403381,0.230497092008591,0,0.377995073795319,0.109480649232864,0.0186449382454157,-0.0254687760025263,0.141986817121506,0.134294122457504,0.273760348558426,0.256559461355209,0.563627958297729,0.363730609416962,0.0636630356311798,0.0177874509245157,-0.0244537591934204,0.112739503383636,0.148307263851166,-0.0303800534456968,0.208091169595718,0.111648201942444,-0.0177797712385654,0.00875187013298273,-0.0510488301515579,0.0113134998828173,0.0534024760127068,0.0628445670008659,-0.00112425489351153,0.19231516122818,0.00101301318500191,-0.030410734936595,-0.0814486518502235,-0.0297944322228432,0.0352849811315536,0.231934905052185,-0.0195732563734055,0.138087049126625,0.0625820383429527,-0.0242809969931841,0.195267155766487,0.054208729416132,0.0722632706165314,0.169803589582443,0.256782799959183,0.194523215293884,0.0566676743328571,-0.0659107714891434,0.191226154565811,-0.0583300888538361,-0.050962146371603,0.0653572082519531,0.181176453828812,-0.0241904333233833,0.186965748667717,0.119000352919102,-0.0333715230226517,0.0232947673648596,-0.0777454078197479,0.0152689572423697,0.0217510238289833,0.048197865486145,-0.00113084493204951,0.160187155008316,-0.0272855255752802,-0.0195791963487864,-0.0822964385151863,-0.0272754486650229,0.00918018911033869,0.209256440401077,-0.0269485618919134,0.147802844643593,0.0780675709247589,-0.0379416085779667,0.196014553308487,0.065066821873188,0.0634229257702827,0.123438000679016,0.189879715442657,0.164748132228851,0.0153139661997557,-0.0670351311564445,0.195152252912521,-0.0723248273134232,-0.0568319708108902,0.0743836686015129,0.178128316998482
0.279625415802002,0.248537629842758,0.377995073795319,0,0.19650436937809,0.00638780975714326,-0.00518228858709335,0.110488533973694,0.133336067199707,0.259347409009933,0.262326747179031,0.364020764827728,0.612740814685822,0.115926519036293,0.000499235873576254,-0.0103753600269556,0.0901835113763809,0.142105236649513,-0.0578994937241077,0.29216992855072,-0.0276729706674814,0.00758874090388417,0.0112469689920545,-0.0274791624397039,-0.101424410939217,0.0296250972896814,-0.00309610553085804,0.0170188378542662,0.147220775485039,0.0161689128726721,-0.0354979336261749,-0.153756365180016,-0.0220348332077265,0.161764919757843,0.177704259753227,-0.0919613167643547,0.0745468884706497,0.0897133275866508,0.137224584817886,0.206283137202263,0.24418069422245,0.0281438734382391,0.124922245740891,0.165715128183365,0.171331480145454,0.102537557482719,-0.0168542843312025,0.238487720489502,-0.0782608836889267,-0.0202269181609154,0.115600220859051,0.333160102367401,-0.0170252285897732,0.279231309890747,0.018177842721343,0.00687272474169731,0.0100002195686102,-0.0437009669840336,-0.062839537858963,-0.00713122077286243,0.00954953767359257,0.0197604596614838,0.145203858613968,-0.0021610336843878,-0.0329699479043484,-0.139634102582932,0.00544923357665539,0.125702545046806,0.252903401851654,-0.0586830340325832,0.149371534585953,0.109677843749523,0.079028494656086,0.239522024989128,0.230107098817825,0.0584912523627281,0.125902414321899,0.175418749451637,0.18019112944603,0.0881431847810745,-0.0366007350385189,0.293111324310303,-0.080496683716774,-0.0572988763451576,0.106725871562958,0.332627683877945
0.084137000143528,0.10307415574789,0.109480649232864,0.19650436937809,0,-0.00484029529616237,-0.017101151868701,0.0225831121206284,0.0547931753098965,0.0966050177812576,0.0954516530036926,0.110398456454277,0.171138972043991,0.0355042144656181,-0.00962311867624521,-0.0235573947429657,0.0178388543426991,0.056120902299881,-0.0212029181420803,0.107912264764309,0.00246306764893234,-0.00400588056072593,0.00528053054586053,-0.00712685799226165,-0.018563648685813,0.0137550001963973,-0.00630779936909676,-0.00709634646773338,0.0707234665751457,0.00114185223355889,-0.0230721961706877,-0.0320489294826984,-0.0117027750238776,0.0088857626542449,0.0693844333291054,0.00280770566314459,0.0569699965417385,0.0367161706089973,0.0499339811503887,0.0915119275450706,0.0752867683768272,0.0138420341536403,0.062884546816349,0.0750633478164673,0.072344072163105,0.0132152074947953,0.0108923530206084,0.106842130422592,-0.0319288372993469,-0.0207631103694439,0.0580158717930317,0.138632163405418,-0.0107856541872025,0.112279169261456,-0.0116772288456559,-0.0118817333132029,-0.0113982958719134,-0.0326962284743786,-0.037451196461916,-0.010143892839551,-0.00749372551217675,-0.00155497959349304,0.0619702078402042,-0.0143424244597554,-0.0235245991498232,-0.0452222712337971,-0.0162213183939457,0.0175850205123425,0.0854624882340431,-0.00313579849898815,0.0638229846954346,0.0381170362234116,0.0293895509094,0.075926311314106,0.0624858140945435,-3.21296975016594e-05,0.0273290853947401,0.0451969541609287,0.0556939244270325,-0.00833520665764809,-0.0121501283720136,0.101516135036945,-0.0406215116381645,-0.0265148673206568,0.0334953106939793,0.1212093308568
-0.0270376149564981,0.00640695914626122,0.0186449382454157,0.00638780975714326,-0.00484029529616237,0,0.167424455285072,0.0194510985165834,0.0723151937127113,0.0314235799014568,-0.011298194527626,0.0112858721986413,-0.00364936282858253,-0.0185968261212111,0.409813702106476,0.173905581235886,0.031828548759222,0.058157604187727,0.0851521492004395,0.0369106344878674,0.131999596953392,0.0925653353333473,0.116914078593254,0.22062785923481,0.210903987288475,0.118462048470974,0.31070151925087,0.113096445798874,0.0718949735164642,0.118061751127243,0.287427842617035,0.193713828921318,0.257315874099731,0.0790299475193024,-0.0276897624135017,0.0359162501990795,-0.0196344386786222,0.0704125687479973,0.103549249470234,0.0701214671134949,0.0788414776325226,0.227562218904495,0.200045108795166,-0.031711783260107,0.14448356628418,0.0771932676434517,0.234147757291794,-0.0887508988380432,0.0523301102221012,0.141766682267189,0.110431350767612,0.0780074521899223,0.0435823425650597,0.0156253352761269,-0.000455842324299738,0.0738498941063881,0.0876943171024323,0.205399259924889,0.102827914059162,0.0776499509811401,0.255905270576477,0.12184777110815,0.00436002248898149,0.106622450053692,0.2608922123909,0.121946029365063,0.21089506149292,0.0790122821927071,-0.110580541193485,-0.0454780608415604,-0.0865712761878967,0.0487001575529575,0.103983037173748,0.0197709482163191,0.0692728534340858,0.183278307318687,0.129535555839539,-0.104257829487324,0.046322263777256,0.0411662273108959,0.195780083537102,-0.118533596396446,0.0531733892858028,0.115879744291306,0.0916077718138695,0.0462409667670727
-0.102907188236713,-0.0833370313048363,-0.0254687760025263,-0.00518228858709335,-0.017101151868701,0.167424455285072,0,-0.00360310007818043,-0.00720957480370998,-0.056745745241642,-0.109165139496326,-0.0468022488057613,-0.0251830164343119,-0.0247319750487804,0.168678730726242,0.251443117856979,-0.00959456339478493,-0.032562542706728,0.150828048586845,-0.04711639508605,0.0407807976007462,0.0330925844609737,0.0646457597613335,0.18420273065567,0.058470468968153,0.120858833193779,-0.00712232617661357,0.0730862766504288,0.00312477257102728,0.0450214110314846,0.160718277096748,0.163714408874512,0.0636661946773529,0.0269539523869753,0.0162643007934093,0.0772746205329895,0.068350538611412,-0.0142205432057381,0.0703379735350609,-0.133477166295052,0.0886655822396278,-0.0500095225870609,-0.00740742916241288,-0.143159076571465,0.048232015222311,0.03175950050354,0.238259449601173,-0.0791707783937454,0.0549577511847019,0.122917614877224,0.0173781085759401,0.0265761036425829,0.0952446758747101,-0.0576074756681919,-0.0651506930589676,0.0240974891930819,0.0245769135653973,0.163669213652611,-0.0423962771892548,0.0722423866391182,-0.0384212844073772,0.0646146237850189,-0.0321926921606064,0.0410406589508057,0.0868542343378067,0.0826867744326591,0.0436354614794254,0.0278569534420967,-0.0588322579860687,-0.0161031167954206,-0.0262116827070713,-0.0343619845807552,0.0754603669047356,-0.149684086441994,0.0909912660717964,-0.0715869590640068,-0.0304040350019932,-0.189695551991463,-0.0272826477885246,0.036542072892189,0.193140715360641,-0.136039867997169,0.0266305487602949,0.100347153842449,0.00233471347019076,-0.0103883733972907
0.0494211874902248,0.0648504197597504,0.141986817121506,0.110488533973694,0.0225831121206284,0.0194510985165834,-0.00360310007818043,0,0.0527784638106823,0.0358596034348011,0.0683052688837051,0.121519491076469,0.103343918919563,0.0185961630195379,0.0301002506166697,0.00901805702596903,0.0920856595039368,0.0596413649618626,-0.0341999717056751,0.0852694436907768,-0.0561437197029591,0.015062402933836,-0.0019580761436373,-0.0124816913157701,-0.050570335239172,-0.0222836453467607,0.0431881137192249,0.0131463501602411,0.021564070135355,0.00330327311530709,0.0574876107275486,-0.0597480200231075,0.0268046949058771,0.0441620014607906,-0.016900610178709,-0.0803502947092056,-0.0642339363694191,0.0395984575152397,0.0218331348150969,0.0581599697470665,0.0218232460319996,0.0357063487172127,0.108998961746693,-0.00632723746821284,0.0100546898320317,0.00621767248958349,0.00671263737604022,0.000195908825844526,-0.00761501863598824,0.0019514694577083,0.0392811521887779,0.0811282694339752,-0.0185789596289396,0.0693110451102257,-0.0426314100623131,0.0214181076735258,-0.00545240007340908,-0.00256069749593735,-0.0333652459084988,0.000203167088329792,0.0564832948148251,0.0298295393586159,0.0291333217173815,0.00157948688138276,0.057991299778223,-0.0493747517466545,0.0127690806984901,0.0453163720667362,-0.00416992511600256,-0.0899509191513062,-0.0175083484500647,0.0474236235022545,0.0109542198479176,0.0655113756656647,0.0361620485782623,0.0495115146040916,0.0908298045396805,0.00922608375549316,0.0208380110561848,0.00821977853775024,0.0160766262561083,0.0511658638715744,-0.019688056781888,0.0016771808732301,0.0568753853440285,0.0856954976916313
0.206878542900085,0.213698491454124,0.134294122457504,0.133336067199707,0.0547931753098965,0.0723151937127113,-0.00720957480370998,0.0527784638106823,0,0.211880818009377,0.217968642711639,0.125561103224754,0.13088783621788,0.0390959307551384,0.0543244481086731,-0.0229077581316233,0.0417530722916126,0.182244926691055,-0.0422203280031681,0.16662585735321,0.00329602067358792,0.0436158515512943,0.0117283593863249,-0.00362998712807894,0.0169171206653118,0.00941740721464157,0.108609452843666,0.0115480097010732,0.0777772292494774,0.0704561844468117,0.0107154343277216,-0.0494912378489971,0.0545581094920635,0.107705950737,0.0389024950563908,-0.0536032058298588,-0.0105787049978971,0.141253665089607,0.0779817849397659,0.182033523917198,0.0565725341439247,0.136498644948006,0.131041273474693,0.101613126695156,0.0802683606743813,0.0412302911281586,0.00644747912883759,0.112953074276447,-0.0364309698343277,-0.0197765361517668,0.114237822592258,0.178464874625206,-0.0260182525962591,0.172449380159378,0.037548840045929,0.0340587869286537,0.0214709639549255,-0.0236354265362024,0.044184722006321,0.0172779262065887,0.127138257026672,0.000876933103427291,0.0844827145338058,0.0597069412469864,0.0491267442703247,-0.0180266201496124,0.0263078864663839,0.0689575746655464,0.0850455686450005,-0.0337829664349556,0.0411160066723824,0.146070912480354,0.0564757473766804,0.178838014602661,0.0542812421917915,0.152019679546356,0.130161315202713,0.104353286325932,0.115938059985638,0.0109358923509717,0.000699024531058967,0.148606717586517,-0.0418711416423321,-0.0081585394218564,0.107727974653244,0.166376635432243
0.702228188514709,0.33333283662796,0.273760348558426,0.259347409009933,0.0966050177812576,0.0314235799014568,-0.056745745241642,0.0358596034348011,0.211880818009377,0,0.314820677042007,0.275890082120895,0.223845735192299,0.0888896435499191,0.0342856384813786,-0.0622134283185005,0.0261658597737551,0.227448493242264,-0.0686940550804138,0.242112323641777,0.227921575307846,-0.0252930466085672,0.0411484949290752,-0.113801755011082,0.16851769387722,0.212134510278702,0.115260899066925,-0.065592497587204,0.201403215527534,-0.0182265359908342,-0.0406591296195984,0.0323255881667137,0.0259862374514341,0.157404780387878,0.221943452954292,0.0849922671914101,0.173191323876381,0.0974636822938919,0.201505661010742,0.305554121732712,0.231371730566025,0.209894046187401,0.0813661143183708,0.441765159368515,0.276206374168396,0.220661371946335,-0.123126611113548,0.393571406602859,-0.0340891629457474,-0.0106679778546095,0.0367752462625504,0.228176280856133,-0.131885960698128,0.194083124399185,0.138788595795631,-0.0329985059797764,0.0274073705077171,-0.13140107691288,0.0952592566609383,0.108516216278076,0.0755187943577766,-0.0463190414011478,0.107188515365124,-0.0337668545544147,-0.0446972697973251,-0.0106329787522554,0.0134229492396116,0.107337728142738,0.187230035662651,0.0402199514210224,0.0745765566825867,0.117408789694309,0.0986081883311272,0.264644682407379,0.137250259518623,0.132778063416481,0.0512094236910343,0.252706617116928,0.102575987577438,0.0817863196134567,-0.106932640075684,0.355636209249496,-0.0602975226938725,-0.0722234025597572,0.0510692670941353,0.200706660747528
0.395598143339157,0.474891871213913,0.256559461355209,0.262326747179031,0.0954516530036926,-0.011298194527626,-0.109165139496326,0.0683052688837051,0.217968642711639,0.314820677042007,0,0.303605437278748,0.278893709182739,0.0998973250389099,-0.0216619223356247,-0.114181697368622,0.083553746342659,0.241433247923851,-0.179509431123734,0.282905429601669,-0.0132347252219915,0.045288972556591,0.0125274416059256,-0.0853702872991562,-0.00866921897977591,-0.0176692865788937,0.132010519504547,0.0557460114359856,0.122867964208126,0.0882574617862701,-0.0715879276394844,-0.184864193201065,0.0114751262590289,0.104267150163651,0.0312686003744602,-0.140041023492813,-0.0499324277043343,0.205839812755585,0.0302916280925274,0.326222807168961,0.0389759205281734,0.188724771142006,0.181454688310623,0.201710671186447,0.0932944118976593,0.0643236711621284,-0.15479251742363,0.20915162563324,-0.0888901054859161,-0.0735346749424934,0.165885135531425,0.260917246341705,-0.134866535663605,0.295081436634064,0.141730561852455,0.061236921697855,3.49059700965881e-06,-0.113921366631985,0.122891373932362,-0.0107713239267468,0.175972834229469,0.0316367782652378,0.176002681255341,0.046741534024477,-0.0204232204705477,-0.078247532248497,-0.000954214192461222,0.118205443024635,0.230826154351234,-0.00817597284913063,0.137008711695671,0.254843831062317,0.00668985303491354,0.381550788879395,0.0706450119614601,0.245751574635506,0.191370278596878,0.291070610284805,0.249611288309097,0.0508161187171936,-0.138484686613083,0.295743197202682,-0.0495999753475189,-0.0991135910153389,0.15666452050209,0.282346338033676
0.346894145011902,0.245646819472313,0.563627958297729,0.364020764827728,0.110398456454277,0.0112858721986413,-0.0468022488057613,0.121519491076469,0.125561103224754,0.275890082120895,0.303605437278748,0,0.39019238948822,0.0817293599247932,0.0156856682151556,-0.0247336905449629,0.136991202831268,0.145885363221169,-0.066017247736454,0.203159391880035,0.0717438459396362,-0.0474254861474037,-0.00971484836190939,-0.0688798278570175,-0.0102461958304048,0.0395181402564049,0.0633574873209,0.000723764183931053,0.177662268280983,-0.0222818329930305,-0.0646728053689003,-0.137043997645378,-0.033879242837429,0.0214040782302618,0.20364074409008,-0.0465619042515755,0.116282917559147,0.0561056733131409,-0.0177734140306711,0.213233143091202,0.0472115129232407,0.0581081174314022,0.160513833165169,0.245864287018776,0.127347260713577,0.0666782408952713,-0.0895734578371048,0.194743424654007,-0.0902928784489632,-0.0712159648537636,0.0604923069477081,0.185303941369057,-0.0202300883829594,0.23700338602066,0.1900694668293,-0.0714569240808487,0.0132481465116143,-0.0876235663890839,0.0668143033981323,0.0538003593683243,0.0658834502100945,-0.0210898090153933,0.223054230213165,-0.0510700196027756,-0.0188181456178427,-0.0605209060013294,-0.00169947394169867,0.0322437398135662,0.286177575588226,0.0452419966459274,0.22848092019558,0.0681194663047791,-0.063749685883522,0.253492444753647,0.0635270774364471,0.102276831865311,0.174534723162651,0.288514256477356,0.233521282672882,0.028422811999917,-0.0829547271132469,0.254938542842865,-0.0668798759579659,-0.0571220330893993,0.0551110580563545,0.213228806853294
0.293328762054443,0.232285052537918,0.363730609416962,0.612740814685822,0.171138972043991,-0.00364936282858253,-0.0251830164343119,0.103343918919563,0.13088783621788,0.223845735192299,0.278893709182739,0.39019238948822,0,0.140924677252769,0.00345775787718594,-0.00814793072640896,0.115073412656784,0.146381914615631,-0.0607500597834587,0.267096817493439,-0.0276192277669907,-0.00344852823764086,0.0140236401930451,-0.0401636995375156,-0.0948777198791504,0.0146124046295881,-0.0164533313363791,0.0303468815982342,0.142794221639633,0.00386162800714374,-0.0667331516742706,-0.15086130797863,-0.0193053986877203,0.137965828180313,0.147751465439796,-0.098751075565815,0.0641441345214844,0.0813891664147377,0.0680291131138802,0.213683217763901,0.181688070297241,0.012575164437294,0.108931057155132,0.14305879175663,0.141056597232819,0.0814382582902908,-0.0416601449251175,0.218324422836304,-0.0891878083348274,-0.0393459610641003,0.101061820983887,0.303436458110809,0.00254019559361041,0.281743973493576,0.0307825859636068,-0.0115295341238379,0.0107962219044566,-0.0365179218351841,-0.0514824315905571,0.030940605327487,-0.00457445299252868,0.0253032017499208,0.172479704022408,-0.0158974509686232,-0.0396938696503639,-0.120677277445793,-0.00917279254645109,0.13134640455246,0.268350005149841,-0.0411884225904942,0.171112716197968,0.103261485695839,0.0756667107343674,0.240497350692749,0.245528161525726,0.0526249557733536,0.125918954610825,0.192339360713959,0.190080851316452,0.0826172903180122,-0.0122015159577131,0.303304970264435,-0.0951089709997177,-0.0493768528103828,0.104964531958103,0.353698372840881
0.103456139564514,0.0898553431034088,0.0636630356311798,0.115926519036293,0.0355042144656181,-0.0185968261212111,-0.0247319750487804,0.0185961630195379,0.0390959307551384,0.0888896435499191,0.0998973250389099,0.0817293599247932,0.140924677252769,0,-0.0122266300022602,-0.0296955611556768,0.0119199734181166,0.0886736214160919,-0.0269715096801519,0.125651180744171,-0.0345311127603054,0.00592321483418345,0.00820301193743944,-0.0214303843677044,-0.0295927803963423,-0.0135677251964808,0.00255883159115911,-0.0141606424003839,0.0310025028884411,0.00467318622395396,-0.0303682889789343,-0.0547104254364967,-0.00169048854149878,0.0443020090460777,0.021739287301898,-0.0403955243527889,-0.00581517117097974,0.0422077439725399,0.0416311137378216,0.0759128928184509,0.0528287403285503,0.0330321937799454,0.0526990666985512,0.0405206941068172,0.0480425879359245,0.0116678066551685,-0.0179640837013721,0.0793786123394966,-0.0437603928148746,-0.00660195201635361,0.0644091814756393,0.112006664276123,-0.0173681080341339,0.105074748396873,0.00879321526736021,0.00235431198962033,-0.00380717986263335,-0.019159747287631,-0.005690295714885,-0.00807053130120039,0.0198088120669127,-0.0141656324267387,0.0269781779497862,0.00587779982015491,-0.0116203874349594,-0.0252792164683342,-0.0109784891828895,0.0570964068174362,0.0773390009999275,-0.0289330277591944,0.0551511012017727,0.0573434308171272,0.0478431582450867,0.0795504674315453,0.0656952559947968,0.042693130671978,0.0673766955733299,0.0633754283189774,0.0932801440358162,-0.001468236441724,-0.00978347659111023,0.112858287990093,-0.0224295165389776,-0.0205788537859917,0.0545798987150192,0.123737655580044
-0.0134006617590785,-0.00847383867949247,0.0177874509245157,0.000499235873576254,-0.00962311867624521,0.409813702106476,0.168678730726242,0.0301002506166697,0.0543244481086731,0.0342856384813786,-0.0216619223356247,0.0156856682151556,0.00345775787718594,-0.0122266300022602,0,0.217567518353462,0.0378707721829414,0.0583731606602669,0.059164185076952,0.0303784012794495,0.119473472237587,0.0786030068993568,0.0974690839648247,0.22026315331459,0.19008295238018,0.114239208400249,0.290895491838455,0.111770756542683,0.0731574967503548,0.0997807309031487,0.287643939256668,0.160587266087532,0.243220970034599,0.0845788419246674,-0.0380504280328751,-0.00053403660422191,-0.0489847958087921,0.0562006123363972,0.0900939777493477,0.0604820176959038,0.0834479629993439,0.21258319914341,0.201928704977036,-0.0437567792832851,0.129333630204201,0.0709534883499146,0.215346470475197,-0.10211431235075,0.0313847586512566,0.120125621557236,0.0852791294455528,0.0761809647083282,0.046674408018589,0.0309402719140053,0.0435285642743111,0.0728307813405991,0.0992423519492149,0.217401176691055,0.128879696130753,0.120620064437389,0.272237211465836,0.107150591909885,0.0341448821127415,0.0917425528168678,0.248555913567543,0.131767243146896,0.250701159238815,0.0711041986942291,-0.0851299315690994,-0.0388426631689072,-0.0755582228302956,0.0497923940420151,0.109035700559616,0.0348363667726517,0.0682033896446228,0.203320428729057,0.147495672106743,-0.0738145112991333,0.0658182203769684,0.0649897381663322,0.208290785551071,-0.0965094864368439,0.0284668486565351,0.127605006098747,0.0858985707163811,0.0705386325716972
-0.106540873646736,-0.0956791415810585,-0.0244537591934204,-0.0103753600269556,-0.0235573947429657,0.173905581235886,0.251443117856979,0.00901805702596903,-0.0229077581316233,-0.0622134283185005,-0.114181697368622,-0.0247336905449629,-0.00814793072640896,-0.0296955611556768,0.217567518353462,0,0.0219749286770821,-0.0111183114349842,0.115993246436119,-0.0361007452011108,0.0446480363607407,0.0374790318310261,0.0690914988517761,0.180590704083443,0.0390953570604324,0.111187726259232,-0.00785160716623068,0.0321869738399982,0.00310830608941615,0.0417705066502094,0.134070292115211,0.117426455020905,0.0917691737413406,0.0375245958566666,0.00665859552100301,0.0421716049313545,0.0480822250247002,-0.0459179915487766,0.0691056326031685,-0.116955883800983,0.0999926552176476,-0.0374032258987427,-0.000358674646122381,-0.121820457279682,0.0349908471107483,0.0377820618450642,0.211229860782623,-0.0803584307432175,0.0434860959649086,0.103328116238117,0.0169642344117165,0.0287274029105902,0.104426577687263,-0.0356122106313705,-0.0241801682859659,0.0243123769760132,0.0419791042804718,0.188771322369576,-0.0167195927351713,0.112459786236286,-0.0269606374204159,0.0339842438697815,-0.00484536727890372,0.039590235799551,0.0981566309928894,0.0806360468268394,0.090203195810318,0.0388592816889286,-0.0256001874804497,-0.0112541224807501,0.00553983636200428,-0.057528305798769,0.0845212340354919,-0.13510425388813,0.102037571370602,-0.0520997680723667,-0.0289812162518501,-0.145821705460548,-0.0203898120671511,0.0392114706337452,0.219991013407707,-0.102548398077488,0.0283489916473627,0.125412449240685,0.00055768241873011,0.0249081254005432
0.032499834895134,0.0485032089054585,0.112739503383636,0.0901835113763809,0.0178388543426991,0.031828548759222,-0.00959456339478493,0.0920856595039368,0.0417530722916126,0.0261658597737551,0.083553746342659,0.136991202831268,0.115073412656784,0.0119199734181166,0.0378707721829414,0.0219749286770821,0,0.0650312379002571,-0.022418700158596,0.0850443989038467,-0.0473240688443184,0.0274646338075399,0.0136992512270808,-0.0052250549197197,-0.0324367433786392,-0.0336458906531334,0.0672468841075897,0.0259771123528481,0.0142483478412032,0.0275202859193087,0.0526067987084389,-0.0658598989248276,0.00530911469832063,0.0256611239165068,-0.0178313571959734,-0.0765571743249893,-0.0539020672440529,0.0366655588150024,0.00659603346139193,0.0543028190732002,0.00137935625389218,0.0572974346578121,0.118372388184071,-0.0186758823692799,0.0123875821009278,-0.00115273240953684,0.0149540835991502,-0.0301699750125408,-0.0120327845215797,-0.013828007504344,0.0366798155009747,0.0574414134025574,-0.0106721753254533,0.0752871111035347,-0.0333814956247807,0.0285288263112307,0.00347859691828489,0.010850322432816,-0.0306493416428566,-0.0144336400553584,0.0538841970264912,0.0217723343521357,0.0187689419835806,0.0174667872488499,0.0373179726302624,-0.04661013931036,0.0194102209061384,0.0330663062632084,-0.0129804164171219,-0.0973587036132812,-0.0244223512709141,0.0427169725298882,-0.00156346114818007,0.0609889551997185,0.00392579240724444,0.0559694059193134,0.107691153883934,0.00950266513973475,0.00758520700037479,0.00474911369383335,0.023736733943224,0.019437538459897,-0.0141463186591864,-0.00916415639221668,0.0432142689824104,0.0665245875716209
0.258254110813141,0.208851501345634,0.148307263851166,0.142105236649513,0.056120902299881,0.058157604187727,-0.032562542706728,0.0596413649618626,0.182244926691055,0.227448493242264,0.241433247923851,0.145885363221169,0.146381914615631,0.0886736214160919,0.0583731606602669,-0.0111183114349842,0.0650312379002571,0,-0.0574365817010403,0.166640996932983,0.036755096167326,0.0365085825324059,0.0353740602731705,0.00597337959334254,0.0479749292135239,0.0315195433795452,0.108658321201801,0.0130380438640714,0.0900033414363861,0.0710462778806686,0.00407109037041664,-0.0304840207099915,0.0591051653027534,0.0763093531131744,0.0293004158884287,-0.0496126376092434,0.000157993286848068,0.145325466990471,0.0639883428812027,0.176774725317955,0.0526142939925194,0.149282276630402,0.12365534901619,0.121479898691177,0.0817851200699806,0.0564708337187767,0.0137062827125192,0.139510035514832,-0.0351999960839748,0.0263347662985325,0.151397287845612,0.186805382370949,-0.00508886110037565,0.181060299277306,0.102462142705917,0.0456839799880981,0.0234258621931076,0.000249283388257027,0.102531671524048,0.037233728915453,0.133103281259537,0.0134027395397425,0.114735826849937,0.0597774051129818,0.0523678362369537,0.0152831431478262,0.0477445721626282,0.0966801717877388,0.118110366165638,0.0126886907964945,0.0847736075520515,0.163219943642616,0.0578300058841705,0.188416093587875,0.0690335631370544,0.179835796356201,0.131927475333214,0.15307243168354,0.158703938126564,0.0514147877693176,0.0255870502442122,0.176325350999832,-0.00630382588133216,0.000791285012383014,0.131247222423553,0.210220187902451
-0.158540487289429,-0.106076873838902,-0.0303800534456968,-0.0578994937241077,-0.0212029181420803,0.0851521492004395,0.150828048586845,-0.0341999717056751,-0.0422203280031681,-0.0686940550804138,-0.179509431123734,-0.066017247736454,-0.0607500597834587,-0.0269715096801519,0.059164185076952,0.115993246436119,-0.022418700158596,-0.0574365817010403,0,-0.0628508776426315,0.275380313396454,0.0444629304111004,0.0432051196694374,0.284028798341751,0.254336565732956,0.294849663972855,-0.13057042658329,0.0845975428819656,0.0623682737350464,0.0764450877904892,0.0521938651800156,0.601732432842255,0.0138737112283707,-0.0220392122864723,0.492794841527939,0.243227198719978,0.569492220878601,-0.0257564466446638,0.044089388102293,-0.120241358876228,0.140153124928474,-0.0446243025362492,-0.124215729534626,-0.00857688672840595,0.228830903768539,0.0599636733531952,0.703765988349915,0.192105934023857,0.145229443907738,0.155461117625237,0.129944503307343,0.0901128500699997,0.624625265598297,-0.067824974656105,0.0496137961745262,0.021929606795311,0.0191867146641016,0.232964307069778,0.0582714304327965,0.21310743689537,-0.172188550233841,0.0922436192631721,0.0147868553176522,0.0713305547833443,-0.0258169155567884,0.383513540029526,0.0277362577617168,-0.0132550578564405,0.200920909643173,0.180538192391396,0.294856697320938,-0.0683490037918091,0.0991062372922897,-0.196028769016266,0.111260756850243,-0.117979682981968,-0.111878044903278,-0.0993518978357315,0.0646815523505211,0.024883083999157,0.585727214813232,-0.0163058694452047,0.0859643071889877,0.167319938540459,0.139593496918678,0.0525877475738525
0.241374522447586,0.25286665558815,0.208091169595718,0.29216992855072,0.107912264764309,0.0369106344878674,-0.04711639508605,0.0852694436907768,0.16662585735321,0.242112323641777,0.282905429601669,0.203159391880035,0.267096817493439,0.125651180744171,0.0303784012794495,-0.0361007452011108,0.0850443989038467,0.166640996932983,-0.0628508776426315,0,-0.0828753188252449,0.148032054305077,0.0477090030908585,0.0165287908166647,-0.134788811206818,0.00604912033304572,0.0150260692462325,0.0286288484930992,0.239141672849655,0.173615053296089,-0.100143902003765,-0.282646954059601,0.0205804891884327,0.357421785593033,0.204083144664764,-0.225979015231133,0.0367177538573742,0.275424808263779,0.272622764110565,0.42402046918869,0.368008464574814,0.0981284976005554,0.292416572570801,0.290813088417053,0.342644691467285,0.266562759876251,0.0641551092267036,0.394088625907898,-0.148503556847572,-0.0401050858199596,0.291417598724365,0.568030297756195,0.0280241016298532,0.593477368354797,-0.0847679972648621,0.15833592414856,0.000638327503111213,-0.00758873065933585,-0.13604873418808,0.00688947597518563,0.0508950613439083,0.0365941002964973,0.199341595172882,0.143503770232201,-0.0531052686274052,-0.275886476039886,0.025403656065464,0.337349414825439,0.291662156581879,-0.240554437041283,0.119770787656307,0.277834326028824,0.228220656514168,0.446802377700806,0.359731435775757,0.150956213474274,0.280512869358063,0.242089211940765,0.279621750116348,0.220409616827965,0.0556497387588024,0.462297797203064,-0.174814373254776,-0.089305691421032,0.239728912711143,0.555696904659271
0.0714328065514565,0.0374600701034069,0.111648201942444,-0.0276729706674814,0.00246306764893234,0.131999596953392,0.0407807976007462,-0.0561437197029591,0.00329602067358792,0.227921575307846,-0.0132347252219915,0.0717438459396362,-0.0276192277669907,-0.0345311127603054,0.119473472237587,0.0446480363607407,-0.0473240688443184,0.036755096167326,0.275380313396454,-0.0828753188252449,0,-0.117576189339161,0.0580194145441055,0.204808264970779,0.683537900447845,0.528022468090057,0.189250975847244,-0.0333142057061195,0.26280403137207,-0.0562301352620125,0.0882592424750328,0.45968222618103,0.15722231566906,-0.0941596403717995,0.557552695274353,0.43967017531395,0.508326649665833,-0.0990354791283607,-0.0363541729748249,0.0950943678617477,0.0979965627193451,0.313543081283569,-0.0338476710021496,0.651406526565552,0.392564684152603,0.38593789935112,0.0806835070252419,0.448723584413528,0.0245718881487846,0.00385943287983537,-0.0104921599850059,-0.0267229545861483,0.0781146287918091,-0.0863128080964088,0.65831732749939,-0.161992058157921,0.0645123720169067,0.132994443178177,0.50341796875,0.276786923408508,0.0690557584166527,-0.00853071548044682,0.109467066824436,-0.050386730581522,0.0446788594126701,0.298553377389908,0.121671058237553,-0.0864771381020546,0.318805366754532,0.352791428565979,0.259116798639297,-0.102511033415794,-0.0119945798069239,-0.0141987456008792,0.0575467012822628,0.169809654355049,-0.10513623803854,0.282496243715286,0.112703241407871,0.185777619481087,0.0623326636850834,0.115150064229965,0.057348258793354,0.00771722011268139,-0.00479686399921775,-0.069037951529026
-0.0836836770176888,0.0690384209156036,-0.0177797712385654,0.00758874090388417,-0.00400588056072593,0.0925653353333473,0.0330925844609737,0.015062402933836,0.0436158515512943,-0.0252930466085672,0.045288972556591,-0.0474254861474037,-0.00344852823764086,0.00592321483418345,0.0786030068993568,0.0374790318310261,0.0274646338075399,0.0365085825324059,0.0444629304111004,0.148032054305077,-0.117576189339161,0,0.0143107129260898,0.316039711236954,0.0270949564874172,-0.113724857568741,0.101073019206524,0.179255083203316,0.0434063002467155,0.908102691173553,0.0244570802897215,-0.152619868516922,0.155737519264221,0.380327016115189,-0.0686252564191818,-0.170965358614922,-0.117153413593769,0.85647052526474,0.341172963380814,0.0390106290578842,0.29899325966835,0.240319028496742,0.0601691603660583,-0.0327038392424583,0.0877041220664978,0.638129115104675,0.188808709383011,-0.00746079673990607,-0.030902286991477,0.0254058241844177,0.195680603384972,0.221202030777931,0.0865661129355431,0.124601311981678,-0.247586816549301,0.96567690372467,-0.00158901757095009,0.348714351654053,-0.107243649661541,-0.0777756497263908,0.121642805635929,0.252139806747437,-0.0252117067575455,0.89575606584549,0.00329928216524422,-0.195573762059212,0.15678083896637,0.351427584886551,-0.146044015884399,-0.251140862703323,-0.175104930996895,0.801750361919403,0.381692051887512,0.0245901830494404,0.30136626958847,0.274539083242416,0.0638689920306206,-0.134694278240204,-0.0341567173600197,0.557913482189178,0.178692668676376,0.00941285211592913,-0.0660048574209213,0.0249491836875677,0.162784218788147,0.181597754359245
0.0196935795247555,0.0156818181276321,0.00875187013298273,0.0112469689920545,0.00528053054586053,0.116914078593254,0.0646457597613335,-0.0019580761436373,0.0117283593863249,0.0411484949290752,0.0125274416059256,-0.00971484836190939,0.0140236401930451,0.00820301193743944,0.0974690839648247,0.0690914988517761,0.0136992512270808,0.0353740602731705,0.0432051196694374,0.0477090030908585,0.0580194145441055,0.0143107129260898,0,0.152048781514168,0.098064124584198,0.127721071243286,0.0403161011636257,0.0289322137832642,0.0786500349640846,0.0352326929569244,0.0838935747742653,0.0998418852686882,0.0853537172079086,0.040749192237854,0.060309462249279,0.0359356962144375,0.0658861771225929,0.0192236863076687,0.0502063892781734,0.0309778172522783,0.0643997266888618,0.0252208840101957,0.0488156899809837,0.0311008971184492,0.0664866417646408,0.0856482312083244,0.110949896275997,0.0509914755821228,0.0279862582683563,0.0899434983730316,0.0471386946737766,0.091743215918541,0.0225553214550018,0.024019630625844,0.0304464399814606,0.00432660430669785,0.0443295687437057,0.127757266163826,0.0617681853473186,0.107810445129871,0.0416702963411808,0.0147982984781265,0.045076597481966,0.0357801094651222,0.0718914046883583,0.0678320527076721,0.0649630501866341,0.012009933590889,0.0526335313916206,0.0185633320361376,0.036998488008976,0.00669506331905723,0.0376681610941887,0.0271272249519825,0.0569519363343716,0.0438496880233288,0.0204546563327312,-0.00739540951326489,0.0449051335453987,0.0729336142539978,0.0752587988972664,0.0330534242093563,0.0191152580082417,0.0447076596319675,0.0235341861844063,0.0772654116153717
-0.089259959757328,-0.0649344101548195,-0.0510488301515579,-0.0274791624397039,-0.00712685799226165,0.22062785923481,0.18420273065567,-0.0124816913157701,-0.00362998712807894,-0.113801755011082,-0.0853702872991562,-0.0688798278570175,-0.0401636995375156,-0.0214303843677044,0.22026315331459,0.180590704083443,-0.0052250549197197,0.00597337959334254,0.284028798341751,0.0165287908166647,0.204808264970779,0.316039711236954,0.152048781514168,0,0.317953824996948,0.355404615402222,0.0800000056624413,0.512917399406433,0.0895947441458702,0.505079507827759,0.18132646381855,0.209793150424957,0.321244835853577,0.111672438681126,0.123630128800869,0.0443002730607986,0.106569834053516,0.270776003599167,0.135711163282394,-0.0699875429272652,0.165160417556763,0.0959948748350143,0.0403848998248577,-0.0385605581104755,0.0850648358464241,0.47034102678299,0.367433339357376,-0.00979185104370117,0.0697110891342163,0.150713235139847,0.116265378892422,0.13207645714283,0.285423785448074,0.0275757275521755,0.0573504492640495,0.290516197681427,0.112824261188507,0.799776792526245,0.178325697779655,0.346466153860092,0.0837789103388786,0.482541710138321,0.0676984041929245,0.507042169570923,0.150383666157722,0.192503288388252,0.331492990255356,0.118683353066444,0.084450975060463,-0.018936064094305,0.12814399600029,0.190785229206085,0.18086089193821,-0.0638520419597626,0.190034717321396,0.149757578969002,0.0382452681660652,-0.0876219272613525,0.0471784733235836,0.457639962434769,0.298135787248611,-0.0336478725075722,0.0473853759467602,0.137238040566444,0.0876273736357689,0.0875298604369164
