0 0.36625 0.27673 0.29614 0.08038 -0.029798 -0.10395 0.065742 0.21649 0.70984 0.44161 0.35707 0.30868 0.11912 -0.028951 -0.11855 0.051961 0.27064 -0.16689 0.27587 0.056138 -0.045061 0.016939 -0.099169 0.064481 0.14026 0.081726 -0.014637 0.21236 -0.031422 -0.17154 -0.10231 0.0039074 0.094873 0.094265 -0.042576 0.022468 0.11133 0.0014253 0.39421 0.048937 0.1849 0.10099 0.40642 0.041513 0.13582 -0.16948 0.3943 -0.096955 -0.074263 0.074758 0.25076 0.014262 0.31804 0.41095 -0.032938 0.031245 -0.13265 0.33909 0.22031 0.18857 -0.035128 0.32534 -0.067653 -0.050985 0.11396 -0.0031182 0.11358 0.40763 0.19836 0.31234 0.11977 0.0056185 0.47321 0.13002 0.31152 0.19094 0.60133 0.41965 0.14763 -0.13283 0.55802 -0.0040577 -0.085136 0.073137 0.30681
0.36625 0 0.26182 0.28417 0.1126 -0.0038043 -0.093472 0.070245 0.21847 0.37169 0.51068 0.27468 0.25994 0.096702 -0.018288 -0.11221 0.063793 0.21705 -0.11849 0.30007 0.040827 0.069207 0.015266 -0.088667 0.042467 0.029614 0.13894 0.063812 0.16698 0.098429 -0.038199 -0.11082 0.0062988 0.12958 0.11808 -0.047762 0.012807 0.23121 0.080852 0.35761 0.083166 0.19344 0.1661 0.24276 0.17855 0.097103 -0.10893 0.24285 -0.044435 -0.0664 0.19624 0.29563 -0.10991 0.28984 0.056796 0.063644 0.009997 -0.11597 0.037699 -0.018065 0.12188 0.055316 0.13502 0.051377 -0.02068 -0.11121 -0.030069 0.073802 0.16676 -0.025831 0.079453 0.25951 0.027618 0.33875 0.050526 0.17615 0.15821 0.19612 0.15652 0.033125 -0.12809 0.22793 -0.050987 -0.078471 0.17265 0.27988
0.27673 0.26182 0 0.39362 0.10549 0.021075 -0.021197 0.14381 0.13771 0.2916 0.27323 0.57314 0.38027 0.066221 0.0061485 -0.037038 0.12606 0.15059 -0.034045 0.23993 0.11256 -0.014754 0.00034429 -0.071356 0.0089887 0.048731 0.062133 -0.005308 0.21053 -0.0024415 -0.026393 -0.069376 -0.033442 0.036818 0.24688 0.011737 0.14668 0.070646 -0.01829 0.22048 0.064213 0.070028 0.1793 0.27702 0.20123 0.029706 -0.064833 0.20161 -0.062679 -0.052246 0.091132 0.19878 -0.01965 0.20717 0.10796 -0.029 0.024283 -0.099737 0.00027801 0.017044 0.041319 0.0090898 0.16207 -0.043422 -0.014919 -0.088662 -0.032697 0.016175 0.21417 -0.019018 0.14783 0.074725 -0.0406 0.21438 0.06889 0.051202 0.13996 0.18548 0.16075 -0.011758 -0.070002 0.19912 -0.079187 -0.058564 0.097298 0.19916
0.29614 0.28417 0.39362 0 0.20324 -0.012139 -0.01798 0.11355 0.1423 0.27388 0.28086 0.37856 0.62809 0.12516 -0.022512 -0.029658 0.091863 0.1495 -0.072771 0.31702 -0.035558 0.0043996 0.0047198 -0.048328 -0.11923 0.015562 -0.025091 0.018921 0.15929 0.0093867 -0.058158 -0.16194 -0.044675 0.15655 0.18014 -0.069164 0.066184 0.093694 0.12833 0.22079 0.25137 0.0047207 0.11727 0.19194 0.16066 0.085763 -0.027681 0.25835 -0.082475 -0.030849 0.14032 0.34304 -0.0037708 0.30741 0.017926 0.0012705 0.0016199 -0.080483 -0.083552 -0.023425 -0.021527 0.033742 0.14529 -0.017048 -0.049026 -0.1505 -0.02323 0.12338 0.26446 -0.046482 0.14838 0.10825 0.059185 0.25368 0.22487 0.034254 0.12833 0.19201 0.17531 0.062776 -0.042948 0.30302 -0.086401 -0.067889 0.13385 0.35237
0.08038 0.1126 0.10549 0.20324 0 -0.0056389 -0.011828 0.018539 0.050618 0.097042 0.092423 0.10837 0.16434 0.045174 -0.012832 -0.026953 0.026651 0.057058 -0.026619 0.10731 0.00040252 -0.0021648 0.0030706 -0.021329 -0.030194 0.0032873 -0.012513 -0.010373 0.070572 -0.0049797 -0.023635 -0.035429 -0.018206 0.014917 0.066748 0.0064627 0.052956 0.040628 0.053464 0.097099 0.079658 -0.0011396 0.050966 0.078569 0.065331 0.001646 0.0053368 0.10884 -0.033248 -0.021662 0.05762 0.1425 -0.0020839 0.12144 -0.018313 -0.011799 -0.013625 -0.047421 -0.051753 -0.012774 -0.022021 -0.0003202 0.061311 -0.022163 -0.025225 -0.053386 -0.031694 0.013258 0.083051 -0.0048952 0.06217 0.045021 0.031709 0.080115 0.063207 -0.016362 0.030048 0.044718 0.043503 -0.020208 -0.0098357 0.10274 -0.044717 -0.024318 0.046816 0.12986
-0.029798 -0.0038043 0.021075 -0.012139 -0.0056389 0 0.18176 0.012441 0.079368 0.03061 -0.017077 0.0066629 -0.023189 -0.028741 0.44732 0.18913 0.039257 0.062754 0.066921 0.015231 0.14072 0.070725 0.13021 0.2278 0.24656 0.11924 0.34546 0.1339 0.054363 0.098111 0.31451 0.20448 0.28613 0.066305 -0.056788 0.0095194 -0.034312 0.054974 0.088361 0.06777 0.036367 0.26449 0.23391 -0.05452 0.15559 0.044224 0.22417 -0.12629 0.052432 0.14929 0.093364 0.045988 0.0075131 0.0052943 -0.0021569 0.054253 0.092204 0.21129 0.14293 0.079562 0.29898 0.13003 0.0070385 0.090107 0.30783 0.14782 0.23706 0.054505 -0.14599 -0.0455 -0.099277 0.037797 0.094514 0.014249 0.029139 0.221 0.16372 -0.11642 0.063476 0.02414 0.18115 -0.15692 0.063676 0.12914 0.066665 0.018815
-0.10395 -0.093472 -0.021197 -0.01798 -0.011828 0.18176 0 -0.0028978 -0.0067581 -0.055817 -0.11644 -0.048572 -0.035957 -0.03314 0.18027 0.25872 0.0010599 -0.031454 0.13516 -0.050536 0.056297 0.018065 0.066799 0.18151 0.065722 0.12963 -0.00015109 0.066409 -0.0014549 0.037226 0.16487 0.16224 0.071888 0.02412 0.0091462 0.062371 0.066269 -0.021125 0.059691 -0.12588 0.068148 -0.039047 0.0040837 -0.14475 0.055548 0.017003 0.22994 -0.081398 0.036204 0.12567 0.0053473 0.01933 0.085792 -0.060088 -0.058515 0.012363 0.031068 0.16123 -0.025818 0.07284 -0.025252 0.057212 -0.029133 0.036977 0.10333 0.097599 0.062611 0.031009 -0.068559 -0.012413 -0.030528 -0.030576 0.075232 -0.14185 0.074529 -0.053143 -0.022273 -0.19204 -0.022451 0.02584 0.18969 -0.14504 0.02562 0.11021 -0.010728 -0.018552
0.065742 0.070245 0.14381 0.11355 0.018539 0.012441 -0.0028978 0 0.0559 0.053902 0.08295 0.12825 0.10841 0.011828 0.027013 0.0037451 0.10245 0.060977 -0.043633 0.091059 -0.056503 0.0083511 -0.0023132 -0.022862 -0.050421 -0.025993 0.044844 0.010112 0.020769 -0.0008268 0.053893 -0.058663 0.014171 0.050443 -0.019858 -0.068849 -0.065197 0.03991 0.025616 0.0665 0.019604 0.032369 0.10883 -0.0022267 0.012204 -0.0028005 0.010706 0.0014464 -0.0079523 -0.0062214 0.051049 0.079894 -0.021434 0.077879 -0.039053 0.011725 -0.0054669 -0.019576 -0.028689 -0.0060896 0.054008 0.024599 0.027884 -0.0075842 0.057944 -0.045116 0.0027468 0.046002 0.00063971 -0.070911 -0.013013 0.045103 0.012095 0.075573 0.032919 0.041618 0.098543 0.014427 0.029824 -0.0080786 0.012366 0.045456 -0.018615 -0.0094167 0.059293 0.092841
0.21649 0.21847 0.13771 0.1423 0.050618 0.079368 -0.0067581 0.0559 0 0.22388 0.22317 0.12529 0.12897 0.049323 0.059769 -0.019989 0.046294 0.18629 -0.051864 0.17678 -0.00026225 0.041342 0.014351 -0.011598 0.015121 -0.0056856 0.12336 0.015697 0.080069 0.063274 0.010998 -0.052984 0.054118 0.093978 0.039305 -0.052465 -0.010379 0.14702 0.077183 0.19108 0.048596 0.1398 0.13868 0.10211 0.080634 0.031685 0.011366 0.11272 -0.041143 -0.02632 0.13327 0.18673 -0.025276 0.17772 0.039428 0.031046 0.01951 -0.035177 0.042416 0.0064489 0.13164 0.0052828 0.10071 0.05132 0.055333 -0.022109 0.024306 0.059696 0.086062 -0.028994 0.043874 0.14686 0.05762 0.18219 0.049905 0.15387 0.141 0.10575 0.12207 0.0016544 0.00474 0.14934 -0.031215 -0.0087283 0.12548 0.18541
0.70984 0.37169 0.2916 0.27388 0.097042 0.03061 -0.055817 0.053902 0.22388 0 0.34635 0.28463 0.23165 0.10301 0.015557 -0.076007 0.039825 0.23899 -0.048646 0.26355 0.24479 -0.037648 0.03484 -0.14203 0.19506 0.21914 0.12205 -0.10039 0.22514 -0.042011 -0.026698 0.062694 0.022302 0.16773 0.25064 0.12783 0.21684 0.10044 0.21045 0.32567 0.2431 0.21282 0.098321 0.47147 0.30203 0.18325 -0.12704 0.40333 -0.0077872 -0.010601 0.056531 0.22404 -0.10972 0.19912 0.12517 -0.039794 0.011617 -0.16942 0.081682 0.084251 0.084911 -0.068796 0.10683 -0.05902 -0.033195 0.0063315 -0.0021354 0.10506 0.16289 0.052455 0.09038 0.11004 0.094226 0.27292 0.11671 0.12597 0.075041 0.23643 0.12269 0.035254 -0.12453 0.33793 -0.036985 -0.058813 0.069196 0.19918
0.44161 0.51068 0.27323 0.28086 0.092423 -0.017077 -0.11644 0.08295 0.22317 0.34635 0 0.32646 0.30397 0.10805 -0.028819 -0.13037 0.095649 0.25021 -0.20058 0.31828 -0.017652 0.049205 0.010238 -0.11279 0.0099716 -0.036396 0.14956 0.039389 0.14096 0.077368 -0.063519 -0.17717 0.012676 0.091681 0.034696 -0.12597 -0.064886 0.22807 0.018973 0.36326 0.034106 0.21179 0.19666 0.22737 0.095634 0.061122 -0.15815 0.23234 -0.07949 -0.082696 0.18637 0.28194 -0.11795 0.33196 0.14639 0.059421 0.0092478 -0.13892 0.13079 -0.0080217 0.19276 0.01969 0.19379 0.034545 -0.00050621 -0.078319 -0.0112 0.097519 0.23683 -0.00021384 0.14484 0.26251 0.00036722 0.41376 0.066699 0.26659 0.21088 0.31418 0.26458 0.040379 -0.14299 0.31562 -0.04199 -0.10241 0.19051 0.31676
0.35707 0.27468 0.57314 0.37856 0.10837 0.0066629 -0.048572 0.12825 0.12529 0.28463 0.32646 0 0.39635 0.084295 0.0049775 -0.036592 0.14292 0.14557 -0.084717 0.2383 0.061818 -0.039084 -0.011321 -0.092752 -0.024881 0.021719 0.065582 -0.012849 0.20134 -0.021728 -0.068067 -0.13262 -0.037143 0.024087 0.20862 -0.02538 0.11271 0.067659 -0.023226 0.24385 0.048295 0.057107 0.17351 0.25531 0.12037 0.038193 -0.099507 0.20555 -0.097624 -0.075306 0.07906 0.19919 -0.014 0.26071 0.18598 -0.060288 0.016372 -0.107 0.060523 0.046756 0.065491 -0.021148 0.23817 -0.054494 -0.011234 -0.063085 -0.017825 0.028468 0.29228 0.059198 0.2323 0.07394 -0.077296 0.27264 0.053391 0.097036 0.19418 0.28642 0.23175 -0.003934 -0.091508 0.25921 -0.07062 -0.065516 0.07658 0.23559
0.30868 0.25994 0.38027 0.62809 0.16434 -0.023189 -0.035957 0.10841 0.12897 0.23165 0.30397 0.39635 0 0.1471 -0.019852 -0.02031 0.12063 0.15131 -0.074996 0.2922 -0.039636 0.0045651 0.0081626 -0.063219 -0.1245 -0.0036542 -0.046278 0.021019 0.15205 0.0040193 -0.090714 -0.17078 -0.043957 0.13791 0.15344 -0.086075 0.055402 0.096801 0.070581 0.22162 0.20438 -0.018612 0.096424 0.17182 0.12074 0.074943 -0.048468 0.24795 -0.094109 -0.054237 0.12913 0.32154 0.023632 0.30986 0.03254 -0.0057228 0.00807 -0.07036 -0.079052 0.010827 -0.038942 0.026627 0.18064 -0.020481 -0.056385 -0.14021 -0.039165 0.13006 0.29028 -0.032916 0.17729 0.10389 0.061309 0.25416 0.25707 0.027502 0.12282 0.2037 0.18454 0.07029 -0.0186 0.32158 -0.10203 -0.062375 0.12896 0.38189
0.11912 0.096702 0.066221 0.12516 0.045174 -0.028741 -0.03314 0.011828 0.049323 0.10301 0.10805 0.084295 0.1471 0 -0.019406 -0.037901 0.013139 0.090357 -0.033218 0.13448 -0.042163 0.011308 0.0077292 -0.028609 -0.033645 -0.025219 0.0069703 -0.014789 0.039243 0.007881 -0.03587 -0.057788 -0.013814 0.045835 0.019343 -0.043426 -0.0070298 0.056828 0.05013 0.085655 0.060882 0.030237 0.047131 0.052873 0.038519 0.021276 -0.020637 0.093125 -0.044598 -0.014387 0.07806 0.12046 -0.012392 0.10685 0.00074305 0.0078325 -0.00015481 -0.030705 -0.01492 -0.015933 0.01419 -0.011731 0.030128 0.012281 -0.028845 -0.04157 -0.012913 0.056383 0.074633 -0.029247 0.050145 0.065836 0.044518 0.086781 0.067557 0.037448 0.059772 0.070023 0.083087 0.0018089 -0.020443 0.11936 -0.034882 -0.031645 0.063893 0.13361
-0.028951 -0.018288 0.0061485 -0.022512 -0.012832 0.44732 0.18027 0.027013 0.059769 0.015557 -0.028819 0.0049775 -0.019852 -0.019406 0 0.22877 0.045693 0.052574 0.043689 0.0061132 0.11397 0.070488 0.11367 0.22455 0.21466 0.095231 0.32276 0.12165 0.038256 0.097128 0.31903 0.1612 0.27502 0.076165 -0.084685 -0.040293 -0.083928 0.049755 0.081696 0.047449 0.04159 0.25366 0.23597 -0.091516 0.12895 0.048855 0.21052 -0.14473 0.029969 0.13125 0.066895 0.043612 0.0091142 0.015849 0.033452 0.062673 0.11234 0.22156 0.16249 0.11405 0.32331 0.10892 0.031647 0.089346 0.29988 0.15783 0.28597 0.05866 -0.13092 -0.056985 -0.098815 0.045421 0.11169 0.033977 0.033105 0.24529 0.18615 -0.10042 0.077196 0.051925 0.19694 -0.14278 0.044922 0.14849 0.05847 0.03718
-0.11855 -0.11221 -0.037038 -0.029658 -0.026953 0.18913 0.25872 0.0037451 -0.019989 -0.076007 -0.13037 -0.036592 -0.02031 -0.037901 0.22877 0 0.023995 -0.01578 0.10236 -0.053861 0.047726 0.019849 0.07327 0.18258 0.049014 0.10855 -0.0030066 0.036949 -0.013415 0.033119 0.14092 0.12146 0.099558 0.023946 -0.018136 0.02605 0.02572 -0.061006 0.046635 -0.12093 0.06985 -0.032208 0.01378 -0.1387 0.025741 0.023168 0.20258 -0.092539 0.031436 0.10987 0.0044057 0.0067992 0.089907 -0.051196 -0.021407 0.008993 0.051986 0.19348 0.0019257 0.11611 -0.015505 0.036887 -0.018045 0.037065 0.12258 0.095311 0.10607 0.027002 -0.047851 -0.010777 -0.0090738 -0.065072 0.074739 -0.13758 0.081453 -0.041017 -0.01636 -0.15972 -0.021335 0.035158 0.21351 -0.11625 0.02293 0.13235 -0.013254 -0.0049482
0.051961 0.063793 0.12606 0.091863 0.026651 0.039257 0.0010599 0.10245 0.046294 0.039825 0.095649 0.14292 0.12063 0.013139 0.045693 0.023995 0 0.064215 -0.035424 0.084207 -0.049308 0.024732 0.010447 -0.013427 -0.023326 -0.043441 0.075206 0.031876 0.021269 0.023033 0.052383 -0.069108 0.0026505 0.027148 -0.02675 -0.078369 -0.059524 0.038647 0.011415 0.060049 0.0032405 0.057175 0.12071 -0.01482 0.014725 0.0018464 0.010078 -0.033041 -0.013725 -0.015554 0.047004 0.058281 -0.018788 0.077032 -0.037068 0.025117 0.0014603 0.0052106 -0.02614 -0.021927 0.059754 0.0256 0.021451 0.012385 0.046657 -0.050045 0.01687 0.029901 -0.014398 -0.092086 -0.036484 0.045942 -0.0034032 0.068994 0.0045056 0.053977 0.12176 0.015682 0.0083502 0.00032716 0.013577 0.010932 -0.026847 -0.0079107 0.046304 0.070263
0.27064 0.21705 0.15059 0.1495 0.057058 0.062754 -0.031454 0.060977 0.18629 0.23899 0.25021 0.14557 0.15131 0.090357 0.052574 -0.01578 0.064215 0 -0.060445 0.16994 0.034364 0.034532 0.039312 -0.012116 0.042554 0.023739 0.11275 0.0069605 0.099793 0.060527 0.0061485 -0.034378 0.060598 0.076886 0.034763 -0.042364 -0.0002178 0.14549 0.068473 0.17943 0.048778 0.14963 0.12875 0.12182 0.081682 0.045364 0.017804 0.14101 -0.039207 0.020112 0.1603 0.19397 -0.0019901 0.18587 0.088612 0.04038 0.017625 -0.018008 0.08333 0.030785 0.13584 0.012311 0.10586 0.044352 0.053119 0.0047265 0.045084 0.088328 0.11307 0.0094581 0.084034 0.15888 0.063765 0.19318 0.067715 0.17384 0.13671 0.14264 0.14554 0.039416 0.020222 0.17741 -0.0036883 -0.0043551 0.14184 0.21536
-0.16689 -0.11849 -0.034045 -0.072771 -0.026619 0.066921 0.13516 -0.043633 -0.051864 -0.048646 -0.20058 -0.084717 -0.074996 -0.033218 0.043689 0.10236 -0.035424 -0.060445 0 -0.070656 0.25266 0.044274 0.027955 0.24147 0.20211 0.2624 -0.13634 0.064872 0.049647 0.073996 0.038032 0.58706 -0.011057 -0.030208 0.46505 0.20313 0.52293 -0.046893 0.046698 -0.11007 0.12419 -0.051111 -0.12901 -0.0081465 0.18007 0.035236 0.67874 0.13167 0.12611 0.16474 0.1062 0.069241 0.60507 -0.088513 0.029022 0.027396 0.013838 0.201 0.036381 0.17453 -0.17627 0.083952 0.0003509 0.07986 -0.051037 0.36181 0.017605 0.0067 0.15206 0.18514 0.21947 -0.068011 0.12585 -0.18437 0.097756 -0.11479 -0.12751 -0.088212 0.023671 0.024442 0.56953 -0.020557 0.081617 0.15948 0.12317 0.04247
0.27587 0.30007 0.23993 0.31702 0.10731 0.015231 -0.050536 0.091059 0.17678 0.26355 0.31828 0.2383 0.2922 0.13448 0.0061132 -0.053861 0.084207 0.16994 -0.070656 0 -0.087672 0.1412 0.045515 -0.016981 -0.16134 -0.011942 -0.022492 0.027861 0.24645 0.15117 -0.12301 -0.29035 -0.015269 0.34042 0.2086 -0.18982 0.022725 0.26673 0.24543 0.44332 0.36098 0.064633 0.26625 0.30271 0.32992 0.23587 0.039021 0.40481 -0.14311 -0.056032 0.29352 0.57127 0.052623 0.60726 -0.087352 0.14111 0.0055208 -0.045495 -0.16687 -0.018678 0.011903 0.035806 0.18587 0.11565 -0.087512 -0.2924 -0.014301 0.31423 0.31064 -0.22834 0.11672 0.26663 0.19132 0.45434 0.34389 0.12121 0.26775 0.25589 0.27601 0.17655 0.027535 0.44385 -0.18093 -0.10429 0.24321 0.55586
0.056138 0.040827 0.11256 -0.035558 0.00040252 0.14072 0.056297 -0.056503 -0.00026225 0.24479 -0.017652 0.061818 -0.039636 -0.042163 0.11397 0.047726 -0.049308 0.034364 0.25266 -0.087672 0 -0.15229 0.06191 0.18638 0.68758 0.53508 0.18897 -0.039261 0.28019 -0.10451 0.11106 0.48041 0.15643 -0.07813 0.58102 0.43822 0.55645 -0.13502 -0.025702 0.093504 0.11762 0.29012 -0.010452 0.65282 0.41228 0.32263 0.081408 0.40672 0.081157 0.0062869 -0.013521 -0.033809 0.034163 -0.090865 0.64049 -0.18137 0.056565 0.10135 0.49058 0.28587 0.067372 -0.019012 0.12844 -0.096705 0.067597 0.31761 0.11923 -0.059803 0.30791 0.33999 0.29137 -0.12497 0.019673 -0.01433 0.035936 0.15986 -0.089783 0.26186 0.15121 0.1556 0.05415 0.11767 0.10618 0.015962 -0.002556 -0.062338
-0.045061 0.069207 -0.014754 0.0043996 -0.0021648 0.070725 0.018065 0.0083511 0.041342 -0.037648 0.049205 -0.039084 0.0045651 0.011308 0.070488 0.019849 0.024732 0.034532 0.044274 0.1412 -0.15229 0 0.0027922 0.32737 0.033487 -0.13492 0.11444 0.17876 0.013905 0.92446 -0.0079756 -0.15995 0.1465 0.32231 -0.10762 -0.19578 -0.1716 0.87067 0.28334 0.048894 0.24655 0.29244 0.039185 -0.041328 0.013857 0.66507 0.16867 -0.020536 -0.04695 0.0074733 0.17918 0.19333 0.11199 0.13464 -0.23967 0.97135 -0.0032466 0.37427 -0.038046 -0.067031 0.17185 0.20549 -0.040788 0.91317 -0.036433 -0.17441 0.1616 0.30036 -0.13035 -0.26523 -0.1886 0.82641 0.33175 0.064403 0.28456 0.35035 0.044772 -0.089885 -0.038153 0.59808 0.1742 0.025328 -0.092234 0.010545 0.13987 0.17134
0.016939 0.015266 0.00034429 0.0047198 0.0030706 0.13021 0.066799 -0.0023132 0.014351 0.03484 0.010238 -0.011321 0.0081626 0.0077292 0.11367 0.07327 0.010447 0.039312 0.027955 0.045515 0.06191 0.0027922 0 0.16106 0.099134 0.13178 0.05217 0.030915 0.090773 0.026997 0.083996 0.099112 0.10273 0.017838 0.062079 0.036702 0.068633 0.010322 0.030695 0.039553 0.040097 0.039959 0.062304 0.032661 0.060848 0.075396 0.10211 0.045221 0.030216 0.10035 0.045963 0.090152 0.013214 0.028829 0.040547 -0.0044935 0.055885 0.12736 0.073028 0.11587 0.059523 0.016575 0.058695 0.025163 0.085604 0.066433 0.081679 -0.012251 0.056852 0.021121 0.057943 0.0073267 0.024031 0.03438 0.027183 0.057803 0.037916 -0.0035407 0.043996 0.065959 0.071595 0.033581 0.023484 0.048642 0.027049 0.082779
-0.099169 -0.088667 -0.071356 -0.048328 -0.021329 0.2278 0.18151 -0.022862 -0.011598 -0.14203 -0.11279 -0.092752 -0.063219 -0.028609 0.22455 0.18258 -0.013427 -0.012116 0.24147 -0.016981 0.18638 0.32737 0.16106 0 0.31832 0.34923 0.067092 0.5405 0.055712 0.51319 0.16832 0.20014 0.33259 0.059348 0.090927 0.026765 0.071711 0.26115 0.075809 -0.092521 0.11163 0.097656 0.021185 -0.068584 0.023713 0.49849 0.34518 -0.048841 0.054106 0.15504 0.095493 0.092357 0.25305 0.0091428 0.045593 0.31051 0.12028 0.82143 0.21428 0.37157 0.086769 0.50036 0.046533 0.52037 0.1418 0.18712 0.34277 0.067548 0.07272 -0.030516 0.10794 0.21436 0.13504 -0.07406 0.14133 0.1695 0.019906 -0.088795 0.0072086 0.50494 0.27784 -0.04868 0.045663 0.13459 0.057382 0.060407
0.064481 0.042467 0.0089887 -0.11923 -0.030194 0.24656 0.065722 -0.050421 0.015121 0.19506 0.0099716 -0.024881 -0.1245 -0.033645 0.21466 0.049014 -0.023326 0.042554 0.20211 -0.16134 0.68758 0.033487 0.099134 0.31832 0 0.48839 0.55089 0.072645 0.14098 0.090951 0.32099 0.60447 0.41152 -0.067368 0.20969 0.33102 0.23582 -0.0056499 -0.076434 0.15438 -0.1543 0.66901 0.14828 0.42532 0.33368 0.30229 0.070255 0.11225 0.20003 0.097487 -0.018653 -0.12907 0.036303 -0.15644 0.50095 -0.011355 0.066379 0.23062 0.75329 0.32323 0.46262 0.055019 0.052179 0.083508 0.30763 0.55348 0.33576 -0.064937 0.049373 0.24168 0.11744 -0.0098031 -0.045578 0.048121 -0.16803 0.52248 0.068194 0.16186 0.17963 0.15589 0.043405 -0.053746 0.26455 0.13555 -0.011722 -0.15371
0.14026 0.029614 0.048731 0.015562 0.0032873 0.11924 0.12963 -0.025993 -0.0056856 0.21914 -0.036396 0.021719 -0.0036542 -0.025219 0.095231 0.10855 -0.043441 0.023739 0.2624 -0.011942 0.53508 -0.13492 0.13178 0.34923 0.48839 0 -0.025604 0.098184 0.25659 -0.075507 0.080469 0.47189 0.10708 -0.066024 0.42613 0.40935 0.47745 -0.13015 -0.035338 0.021973 0.098247 -0.038549 -0.066129 0.3661 0.21165 0.32611 0.17563 0.39258 0.056194 0.12401 -0.014301 0.075894 0.14495 -0.0063441 0.29797 -0.14824 0.096801 0.26537 0.27769 0.5645 -0.12092 0.067302 0.14851 -0.065888 0.00068461 0.31154 0.042684 -0.069859 0.26477 0.27079 0.34318 -0.13746 -0.031527 -0.011084 0.026596 -0.064985 -0.10074 0.11208 0.039773 0.24533 0.12268 0.18929 0.062092 0.086411 -0.013005 0.032294
0.081726 0.13894 0.062133 -0.025091 -0.012513 0.34546 -0.00015109 0.044844 0.12336 0.12205 0.14956 0.065582 -0.046278 0.0069703 0.32276 -0.0030066 0.075206 0.11275 -0.13634 -0.022492 0.18897 0.11444 0.05217 0.067092 0.55089 -0.025604 0 0.021054 0.012505 0.11356 0.51374 0.23201 0.3979 0.078566 -0.2417 -0.044943 -0.24312 0.15466 0.042356 0.36445 -0.16766 0.80366 0.48201 0.015722 0.25661 -0.039074 0.01268 -0.20844 0.13893 0.051038 0.11553 -0.058485 -0.15438 -0.020407 0.07748 0.078049 0.052112 0.043874 0.38691 -0.052388 0.77894 0.02703 -0.03796 0.093771 0.49912 0.2477 0.31572 0.051596 -0.31721 -0.10586 -0.23713 0.17246 0.06438 0.24993 -0.1466 0.70469 0.35839 -0.050675 0.1758 -0.11375 0.028651 -0.21953 0.13185 0.062979 0.092808 -0.0689
-0.014637 0.063812 -0.005308 0.018921 -0.010373 0.1339 0.066409 0.010112 0.015697 -0.10039 0.039389 -0.012849 0.021019 -0.014789 0.12165 0.036949 0.031876 0.0069605 0.064872 0.027861 -0.039261 0.17876 0.030915 0.5405 0.072645 0.098184 0.021054 0 0.038523 0.37147 0.10756 0.015655 0.06994 0.029804 0.0054256 -0.0067044 0.0066078 0.27726 -0.012106 0.023393 0.044626 -0.042061 0.074652 -0.088889 -0.038986 0.30558 0.16577 -0.11553 -0.00016701 0.050512 0.099916 0.10244 0.15276 0.059317 -0.064069 0.19245 0.035349 0.56676 0.02661 0.18454 0.013412 0.94605 0.065257 0.30964 0.076049 0.047688 0.087479 0.037621 0.079282 -0.034526 0.084715 0.28711 0.075093 0.03346 0.10877 0.0020509 0.070915 -0.07711 -0.022051 0.34307 0.13296 0.0056352 0.011766 0.047984 0.084714 0.10731
0.21236 0.16698 0.21053 0.15929 0.070572 0.054363 -0.0014549 0.020769 0.080069 0.22514 0.14096 0.20134 0.15205 0.039243 0.038256 -0.013415 0.021269 0.099793 0.049647 0.24645 0.28019 0.013905 0.090773 0.055712 0.14098 0.25659 0.012505 0.038523 0 0.011292 0.00055668 0.079742 0.022313 0.026699 0.45213 0.31879 0.47562 0.076301 -0.032282 0.28133 0.082586 0.064252 0.20063 0.48664 0.29733 0.15509 0.065402 0.398 -0.049757 0.038868 0.14699 0.33187 0.07622 0.23989 0.22817 -0.0024665 0.055819 0.016055 0.10949 0.15882 -0.041977 0.033873 0.4073 -0.004506 -0.0038647 0.032838 -0.018173 0.0030198 0.40771 0.2551 0.45484 0.07159 -0.029522 0.21605 0.06188 0.040826 0.16134 0.30913 0.21216 0.058657 0.039432 0.28949 -0.0074961 -0.021956 0.13058 0.32835
-0.031422 0.098429 -0.0024415 0.0093867 -0.0049797 0.098111 0.037226 -0.0008268 0.063274 -0.042011 0.077368 -0.021728 0.0040193 0.007881 0.097128 0.033119 0.023033 0.060527 0.073996 0.15117 -0.10451 0.92446 0.026997 0.51319 0.090951 -0.075507 0.11356 0.37147 0.011292 0 0.010458 -0.14424 0.21911 0.3219 -0.094979 -0.19803 -0.13821 0.90731 0.31066 0.060517 0.23802 0.26778 0.053869 -0.050668 -0.012659 0.69061 0.20684 0.0059614 -0.032536 0.0030914 0.24215 0.22263 0.10864 0.13248 -0.18052 0.91338 0.0086237 0.52731 0.030734 0.0088658 0.17834 0.38762 -0.016945 0.93224 -0.013269 -0.13611 0.23187 0.29308 -0.06795 -0.23988 -0.12173 0.8699 0.35982 0.087534 0.28306 0.34951 0.054153 -0.071286 -0.035881 0.64503 0.19356 0.089925 -0.074344 -0.0073286 0.19548 0.19852
-0.17154 -0.038199 -0.026393 -0.058158 -0.023635 0.31451 0.16487 0.053893 0.010998 -0.026698 -0.063519 -0.068067 -0.090714 -0.03587 0.31903 0.14092 0.052383 0.0061485 0.038032 -0.12301 0.11106 -0.0079756 0.083996 0.16832 0.32099 0.080469 0.51374 0.10756 0.00055668 0.010458 0 0.37421 0.27723 0.0078076 -0.1709 0.076455 -0.092151 -0.016879 0.025558 -0.04683 -0.090201 0.38128 0.39848 -0.27663 0.26237 -0.10865 0.19689 -0.34592 0.26734 0.18109 0.017044 -0.11569 -0.084084 -0.15335 -0.16473 -0.019961 0.044904 0.16814 0.080884 0.010141 0.38923 0.12303 -0.12413 0.0013412 0.57665 0.23483 0.21919 -0.0045601 -0.3755 -0.099265 -0.27 -0.024508 0.057034 -0.14533 -0.094879 0.19474 0.23103 -0.40614 -0.0054334 -0.12368 0.14893 -0.38127 0.22379 0.17523 0.0064061 -0.14451
-0.10231 -0.11082 -0.069376 -0.16194 -0.035429 0.20448 0.16224 -0.058663 -0.052984 0.062694 -0.17717 -0.13262 -0.17078 -0.057788 0.1612 0.12146 -0.069108 -0.034378 0.58706 -0.29035 0.48041 -0.15995 0.099112 0.20014 0.60447 0.47189 0.23201 0.015655 0.079742 -0.14424 0.37421 0 0.14573 -0.2118 0.24093 0.54754 0.40236 -0.20456 -0.14235 -0.092687 -0.19328 0.24232 0.029468 -0.019675 0.33887 -0.15112 0.35988 0.0097749 0.30937 0.27499 -0.096423 -0.20571 0.20758 -0.28998 0.19982 -0.19564 0.075115 0.13341 0.35108 0.31018 0.084169 0.014881 -0.011382 -0.12567 0.22953 0.76099 0.080691 -0.18345 -0.076267 0.42476 0.10958 -0.21949 -0.09382 -0.21616 -0.21318 0.0025941 -0.06681 -0.18012 0.088299 -0.16204 0.25512 -0.21003 0.33346 0.27136 -0.065904 -0.21892
0.0039074 0.0062988 -0.033442 -0.044675 -0.018206 0.28613 0.071888 0.014171 0.054118 0.022302 0.012676 -0.037143 -0.043957 -0.013814 0.27502 0.099558 0.0026505 0.060598 -0.011057 -0.015269 0.15643 0.1465 0.10273 0.33259 0.41152 0.10708 0.3979 0.06994 0.022313 0.21911 0.27723 0.14573 0 0.087754 -0.080663 -0.045836 -0.088228 0.13558 0.049742 0.040383 -0.057401 0.4495 0.21286 0.0070279 0.11334 0.11403 0.14251 -0.1084 0.060115 0.091706 0.083798 0.0093939 0.014416 -0.023525 0.10504 0.12192 0.066335 0.28745 0.31647 0.093689 0.41039 0.057823 0.002994 0.20646 0.30059 0.16837 0.43886 0.056166 -0.1158 -0.041387 -0.056374 0.12005 0.038736 0.02458 -0.055877 0.43292 0.1606 -0.029527 0.10406 0.071234 0.12152 -0.12551 0.091937 0.10608 0.046453 -0.022395
0.094873 0.12958 0.036818 0.15655 0.014917 0.066305 0.02412 0.050443 0.093978 0.16773 0.091681 0.024087 0.13791 0.045835 0.076165 0.023946 0.027148 0.076886 -0.030208 0.34042 -0.07813 0.32231 0.017838 0.059348 -0.067368 -0.066024 0.078566 0.029804 0.026699 0.3219 0.0078076 -0.2118 0.087754 0 0.057865 -0.22518 -0.06549 0.38295 0.5223 0.23901 0.58427 0.21492 0.093055 0.096991 0.29391 0.33748 0.16948 0.27734 -0.068173 -0.018758 0.3337 0.42209 0.015686 0.29403 -0.11623 0.29568 -0.0029842 0.062063 -0.091392 -0.076037 0.10108 0.021225 -0.0076842 0.29593 -0.011866 -0.21002 0.11867 0.76555 0.088118 -0.23997 -0.02332 0.35934 0.45692 0.29621 0.53764 0.25791 0.065146 0.061044 0.22021 0.26725 0.16425 0.30981 -0.09963 -0.033907 0.28468 0.38658
0.094265 0.11808 0.24688 0.18014 0.066748 -0.056788 0.0091462 -0.019858 0.039305 0.25064 0.034696 0.20862 0.15344 0.019343 -0.084685 -0.018136 -0.02675 0.034763 0.46505 0.2086 0.58102 -0.10762 0.062079 0.090927 0.20969 0.42613 -0.2417 0.0054256 0.45213 -0.094979 -0.1709 0.24093 -0.080663 0.057865 0 0.42191 0.83738 -0.043146 -0.0067741 0.11253 0.29004 -0.12977 -0.098758 0.58366 0.50794 0.20256 0.19943 0.6229 -0.036586 0.014366 0.10638 0.34185 0.2358 0.19898 0.32537 -0.13078 0.016889 0.015029 0.041042 0.18301 -0.32862 0.011582 0.29697 -0.091815 -0.23644 0.024139 -0.084701 0.062618 0.65733 0.29487 0.59238 -0.048179 0.017632 0.030795 0.22298 -0.1998 -0.12662 0.225 0.22117 0.10623 0.13995 0.39465 -0.042781 -0.040604 0.11498 0.31324
-0.042576 -0.047762 0.011737 -0.069164 0.0064627 0.0095194 0.062371 -0.068849 -0.052465 0.12783 -0.12597 -0.02538 -0.086075 -0.043426 -0.040293 0.02605 -0.078369 -0.042364 0.20313 -0.18982 0.43822 -0.19578 0.036702 0.026765 0.33102 0.40935 -0.044943 -0.0067044 0.31879 -0.19803 0.076455 0.54754 -0.045836 -0.22518 0.42191 0 0.61551 -0.17968 -0.18344 -0.079533 -0.11116 -0.099749 -0.13201 0.23663 0.23023 -0.10429 -0.015464 0.16053 0.17292 0.081113 -0.079642 -0.099406 -0.042595 -0.18965 0.16133 -0.20331 0.040354 -0.017979 0.068244 0.17942 -0.21111 -0.015916 0.14732 -0.19005 -0.041942 0.23097 -0.054412 -0.19235 0.14185 0.53785 0.28591 -0.18499 -0.13109 -0.18103 -0.12815 -0.29071 -0.21222 -0.10165 -0.099435 -0.16155 -0.043945 -0.041745 0.12593 0.058238 -0.062986 -0.10355
0.022468 0.012807 0.14668 0.066184 0.052956 -0.034312 0.066269 -0.065197 -0.010379 0.21684 -0.064886 0.11271 0.055402 -0.0070298 -0.083928 0.02572 -0.059524 -0.0002178 0.52293 0.022725 0.55645 -0.1716 0.068633 0.071711 0.23582 0.47745 -0.24312 0.0066078 0.47562 -0.13821 -0.092151 0.40236 -0.088228 -0.06549 0.83738 0.61551 0 -0.11916 -0.11099 -0.011813 0.15852 -0.22788 -0.18075 0.43868 0.3588 0.074786 0.19912 0.49258 0.043421 0.053458 -0.0038762 0.17792 0.24423 -0.024879 0.26957 -0.18408 0.042318 -0.001597 -0.030224 0.22136 -0.36275 0.012021 0.27387 -0.14532 -0.18783 0.1006 -0.10359 -0.053086 0.49253 0.46494 0.60063 -0.1279 -0.053328 -0.11582 0.078627 -0.34714 -0.21985 0.072652 -0.011323 -0.018314 0.12535 0.19249 -0.03158 -0.0056431 0.021249 0.15498
0.11133 0.23121 0.070646 0.093694 0.040628 0.054974 -0.021125 0.03991 0.14702 0.10044 0.22807 0.067659 0.096801 0.056828 0.049755 -0.061006 0.038647 0.14549 -0.046893 0.26673 -0.13502 0.87067 0.010322 0.26115 -0.0056499 -0.13015 0.15466 0.27726 0.076301 0.90731 -0.016879 -0.20456 0.13558 0.38295 -0.043146 -0.17968 -0.11916 0 0.3574 0.20863 0.27813 0.30993 0.11238 0.010663 0.0509 0.57964 0.087866 0.093626 -0.0714 -0.02897 0.30563 0.32625 0.0099385 0.25874 -0.17194 0.83561 -0.0016838 0.28218 -0.01662 -0.066631 0.20979 0.31274 0.051311 0.86841 -0.021157 -0.199 0.13842 0.35371 -0.0029314 -0.20312 -0.070321 0.96137 0.40424 0.23989 0.33638 0.36431 0.12718 0.015677 0.043447 0.5303 0.079366 0.22743 -0.08032 -0.055105 0.2717 0.32135
0.0014253 0.080852 -0.01829 0.12833 0.053464 0.088361 0.059691 0.025616 0.077183 0.21045 0.018973 -0.023226 0.070581 0.05013 0.081696 0.046635 0.011415 0.068473 0.046698 0.24543 -0.025702 0.28334 0.030695 0.075809 -0.076434 -0.035338 0.042356 -0.012106 -0.032282 0.31066 0.025558 -0.14235 0.049742 0.5223 -0.0067741 -0.18344 -0.11099 0.3574 0 0.05663 0.84938 0.11172 0.017967 0.00085073 0.26756 0.40659 0.2902 0.32358 -0.020513 0.033178 0.43366 0.52307 0.028568 0.21342 -0.16206 0.25577 -0.0022929 0.081479 -0.13533 -0.067275 0.033155 -0.010032 -0.07254 0.28689 -0.0010259 -0.19108 0.074484 0.46516 -0.028836 -0.24973 -0.17602 0.33051 0.86767 0.094087 0.75525 0.12415 -0.022398 -0.091485 0.11692 0.31448 0.26192 0.2635 -0.10047 -0.013267 0.34457 0.40719
0.39421 0.35761 0.22048 0.22079 0.097099 0.06777 -0.12588 0.0665 0.19108 0.32567 0.36326 0.24385 0.22162 0.085655 0.047449 -0.12093 0.060049 0.17943 -0.11007 0.44332 0.093504 0.048894 0.039553 -0.092521 0.15438 0.021973 0.36445 0.023393 0.28133 0.060517 -0.04683 -0.092687 0.040383 0.23901 0.11253 -0.079533 -0.011813 0.20863 0.05663 0 0.069315 0.48257 0.34749 0.4322 0.28423 0.11601 -0.060739 0.3578 -0.064101 -0.065663 0.21725 0.36049 -0.02739 0.40615 0.15558 0.040142 0.035498 -0.11546 0.18436 0.035811 0.35175 0.018817 0.25024 0.013397 0.059769 -0.027913 0.00070729 0.19178 0.21756 -0.054708 0.13636 0.22685 0.041404 0.6866 0.081916 0.45015 0.32637 0.43037 0.31964 0.025781 -0.045355 0.36443 -0.078974 -0.096972 0.20989 0.37651
0.048937 0.083166 0.064213 0.25137 0.079658 0.036367 0.068148 0.019604 0.048596 0.2431 0.034106 0.048295 0.20438 0.060882 0.04159 0.06985 0.0032405 0.048778 0.12419 0.36098 0.11762 0.24655 0.040097 0.11163 -0.1543 0.098247 -0.16766 0.044626 0.082586 0.23802 -0.090201 -0.19328 -0.057401 0.58427 0.29004 -0.11116 0.15852 0.27813 0.84938 0.069315 0 -0.094978 -0.057036 0.14732 0.43919 0.48842 0.28205 0.51853 -0.065292 -0.0054821 0.37054 0.57649 0.12666 0.31503 -0.061222 0.21458 -0.011718 0.1067 -0.24088 -0.0077733 -0.17652 0.058096 0.019502 0.23138 -0.13588 -0.27565 0.0049991 0.55478 0.26434 -0.2202 0.020722 0.26474 0.7788 0.11228 0.90156 -0.023527 -0.086921 0.0036639 0.25492 0.43309 0.25637 0.43059 -0.15378 -0.046988 0.28807 0.49212
0.1849 0.19344 0.070028 0.0047207 -0.0011396 0.26449 -0.039047 0.032369 0.1398 0.21282 0.21179 0.057107 -0.018612 0.030237 0.25366 -0.032208 0.057175 0.14963 -0.051111 0.064633 0.29012 0.29244 0.039959 0.097656 0.66901 -0.038549 0.80366 -0.042061 0.064252 0.26778 0.38128 0.24232 0.4495 0.21492 -0.12977 -0.099749 -0.22788 0.30993 0.11172 0.48257 -0.094978 0 0.43155 0.22231 0.33369 0.15174 0.046225 0.018829 0.11574 0.042418 0.13893 0.045852 -0.01756 0.061136 0.20908 0.24557 0.041186 0.072143 0.53777 -0.018037 0.77169 -0.0053438 -0.0049914 0.24522 0.40652 0.3213 0.37094 0.15542 -0.18904 -0.11433 -0.17 0.30402 0.10297 0.39827 -0.079908 0.91196 0.35956 0.14663 0.31553 0.01756 0.071126 -0.0021265 0.17107 0.065256 0.1384 0.029872
0.10099 0.1661 0.1793 0.11727 0.050966 0.23391 0.0040837 0.10883 0.13868 0.098321 0.19666 0.17351 0.096424 0.047131 0.23597 0.01378 0.12071 0.12875 -0.12901 0.26625 -0.010452 0.039185 0.062304 0.021185 0.14828 -0.066129 0.48201 0.074652 0.20063 0.053869 0.39848 0.029468 0.21286 0.093055 -0.098758 -0.13201 -0.18075 0.11238 0.017967 0.34749 -0.057036 0.43155 0 0.038929 0.38015 -0.070073 0.05186 -0.087611 0.040377 0.047123 0.16981 0.16406 -0.096662 0.25503 -0.046972 0.023633 0.044827 -0.0014089 0.083599 -0.059025 0.44011 0.070637 0.14604 0.025612 0.42608 0.075307 0.14861 0.07222 -0.10729 -0.1415 -0.096261 0.10606 0.0076517 0.29426 -0.044174 0.35618 0.59104 0.034038 0.32062 -0.11138 0.062256 -0.056848 0.034851 0.041112 0.14575 0.15831
0.40642 0.24276 0.27702 0.19194 0.078569 -0.05452 -0.14475 -0.0022267 0.10211 0.47147 0.22737 0.25531 0.17182 0.052873 -0.091516 -0.1387 -0.01482 0.12182 -0.0081465 0.30271 0.65282 -0.041328 0.032661 -0.068584 0.42532 0.3661 0.015722 -0.088889 0.48664 -0.050668 -0.27663 -0.019675 0.0070279 0.096991 0.58366 0.23663 0.43868 0.010663 0.00085073 0.4322 0.14732 0.22231 0.038929 0 0.43049 0.34562 -0.12103 0.65256 -0.094737 -0.11085 0.099111 0.27824 0.040347 0.28898 0.52959 -0.054203 0.020884 -0.10435 0.34851 0.18274 -0.039209 -0.079205 0.32299 -0.071566 -0.21291 0.0073664 -0.041264 0.082765 0.50966 0.21337 0.37111 0.024179 -0.032384 0.38462 0.097132 0.21299 0.024457 0.70401 0.29809 0.1815 -0.098889 0.47959 -0.09908 -0.15896 0.092233 0.25258
0.041513 0.17855 0.20123 0.16066 0.065331 0.15559 0.055548 0.012204 0.080634 0.30203 0.095634 0.12037 0.12074 0.038519 0.12895 0.025741 0.014725 0.081682 0.18007 0.32992 0.41228 0.013857 0.060848 0.023713 0.33368 0.21165 0.25661 -0.038986 0.29733 -0.012659 0.26237 0.33887 0.11334 0.29391 0.50794 0.23023 0.3588 0.0509 0.26756 0.28423 0.43919 0.33369 0.38015 0.43049 0 0.19117 0.13172 0.4235 0.10673 0.057853 0.17407 0.28152 -0.033989 0.24416 0.094088 -0.029841 0.028109 -0.022756 0.0089893 0.049695 0.097692 -0.019469 0.067715 -0.023427 0.13312 0.067195 0.077351 0.28533 0.17026 -0.0044583 0.077292 0.032233 0.23331 0.15264 0.3491 0.09211 0.20152 0.023839 0.5086 0.07124 0.11102 0.17367 0.074565 0.028509 0.16718 0.22923
0.13582 0.097103 0.029706 0.085763 0.001646 0.044224 0.017003 -0.0028005 0.031685 0.18325 0.061122 0.038193 0.074943 0.021276 0.048855 0.023168 0.0018464 0.045364 0.035236 0.23587 0.32263 0.66507 0.075396 0.49849 0.30229 0.32611 -0.039074 0.30558 0.15509 0.69061 -0.10865 -0.15112 0.11403 0.33748 0.20256 -0.10429 0.074786 0.57964 0.40659 0.11601 0.48842 0.15174 -0.070073 0.34562 0.19117 0 0.078333 0.46471 -0.059582 -0.021373 0.16648 0.31896 0.10386 0.22523 0.147 0.63622 0.036915 0.46987 0.15736 0.28317 0.027973 0.25232 0.082894 0.69536 -0.11172 -0.14668 0.13704 0.3032 0.24062 -0.13803 0.088877 0.58006 0.35454 0.16305 0.44407 0.28873 -0.052672 0.18466 0.12243 0.93566 0.045068 0.39401 -0.078401 -0.040508 0.14337 0.2779
-0.16948 -0.10893 -0.064833 -0.027681 0.0053368 0.22417 0.22994 0.010706 0.011366 -0.12704 -0.15815 -0.099507 -0.048468 -0.020637 0.21052 0.20258 0.010078 0.017804 0.67874 0.039021 0.081408 0.16867 0.10211 0.34518 0.070255 0.17563 0.01268 0.16577 0.065402 0.20684 0.19689 0.35988 0.14251 0.16948 0.19943 -0.015464 0.19912 0.087866 0.2902 -0.060739 0.28205 0.046225 0.05186 -0.12103 0.13172 0.078333 0 0.065263 0.046657 0.22119 0.55045 0.29834 0.54672 0.039091 -0.071722 0.13145 0.074006 0.31858 -0.040305 0.098856 -0.027755 0.15617 0.021578 0.19424 0.12314 0.20549 0.148 0.2006 0.091092 -0.038198 0.077453 0.039397 0.34891 -0.068732 0.30302 0.03055 0.043613 -0.1569 0.046298 0.091618 0.83223 0.040902 0.039047 0.19424 0.45198 0.24646
0.3943 0.24285 0.20161 0.25835 0.10884 -0.12629 -0.081398 0.0014464 0.11272 0.40333 0.23234 0.20555 0.24795 0.093125 -0.14473 -0.092539 -0.033041 0.14101 0.13167 0.40481 0.40672 -0.020536 0.045221 -0.048841 0.11225 0.39258 -0.20844 -0.11553 0.398 0.0059614 -0.34592 0.0097749 -0.1084 0.27734 0.6229 0.16053 0.49258 0.093626 0.32358 0.3578 0.51853 0.018829 -0.087611 0.65256 0.4235 0.46471 0.065263 0 -0.095742 -0.065974 0.28309 0.57231 0.19095 0.4 0.38336 -0.035442 0.0028248 -0.10934 0.15305 0.25374 -0.21035 -0.086299 0.3145 -0.015863 -0.32159 0.018974 -0.10819 0.23296 0.64483 0.17533 0.50348 0.099899 0.21263 0.36041 0.43105 0.096104 -0.058772 0.51865 0.4072 0.35182 0.059397 0.83674 -0.097914 -0.11171 0.21761 0.52199
-0.096955 -0.044435 -0.062679 -0.082475 -0.033248 0.052432 0.036204 -0.0079523 -0.041143 -0.0077872 -0.07949 -0.097624 -0.094109 -0.044598 0.029969 0.031436 -0.013725 -0.039207 0.12611 -0.14311 0.081157 -0.04695 0.030216 0.054106 0.20003 0.056194 0.13893 -0.00016701 -0.049757 -0.032536 0.26734 0.30937 0.060115 -0.068173 -0.036586 0.17292 0.043421 -0.0714 -0.020513 -0.064101 -0.065292 0.11574 0.040377 -0.094737 0.10673 -0.059582 0.046657 -0.095742 0 0.078602 -0.080714 -0.13957 -0.0028068 -0.16762 -0.076486 -0.039042 0.0039503 0.040175 0.031113 0.017048 0.072489 0.0033807 -0.10554 -0.034049 0.15025 0.20606 0.026503 -0.05419 -0.16746 0.074512 -0.11127 -0.063315 0.0050337 -0.14941 -0.083599 -0.0092896 -0.017644 -0.22166 -0.043165 -0.053475 0.030199 -0.18434 0.21546 0.079902 -0.047344 -0.1578
-0.074263 -0.0664 -0.052246 -0.030849 -0.021662 0.14929 0.12567 -0.0062214 -0.02632 -0.010601 -0.082696 -0.075306 -0.054237 -0.014387 0.13125 0.10987 -0.015554 0.020112 0.16474 -0.056032 0.0062869 0.0074733 0.10035 0.15504 0.097487 0.12401 0.051038 0.050512 0.038868 0.0030914 0.18109 0.27499 0.091706 -0.018758 0.014366 0.081113 0.053458 -0.02897 0.033178 -0.065663 -0.0054821 0.042418 0.047123 -0.11085 0.057853 -0.021373 0.22119 -0.065974 0.078602 0 0.016466 0.0086017 0.07551 -0.075998 -0.055864 -0.0024329 0.033202 0.12822 0.021679 0.091786 0.043862 0.043965 -0.03395 0.020019 0.14172 0.20875 0.067292 -0.01978 -0.054791 0.039059 -0.010484 -0.044304 0.024619 -0.10391 -0.027155 0.006291 0.015905 -0.14733 0.019993 -0.023789 0.18352 -0.10203 0.091618 0.16707 0.0011317 -0.015529
0.074758 0.19624 0.091132 0.14032 0.05762 0.093364 0.0053473 0.051049 0.13327 0.056531 0.18637 0.07906 0.12913 0.07806 0.066895 0.0044057 0.047004 0.1603 0.1062 0.29352 -0.013521 0.17918 0.045963 0.095493 -0.018653 -0.014301 0.11553 0.099916 0.14699 0.24215 0.017044 -0.096423 0.083798 0.3337 0.10638 -0.079642 -0.0038762 0.30563 0.43366 0.21725 0.37054 0.13893 0.16981 0.099111 0.17407 0.16648 0.55045 0.28309 -0.080714 0.016466 0 0.5016 0.21091 0.31016 0.0086532 0.16831 0.035017 0.089444 0.011969 -0.026517 0.099906 0.093495 0.14027 0.21101 0.044003 -0.07546 0.083793 0.32361 0.19795 -0.069542 0.097644 0.28124 0.40942 0.27033 0.37475 0.18163 0.17482 0.11021 0.20309 0.15074 0.52735 0.35073 -0.051743 -0.025185 0.6461 0.46591
0.25076 0.29563 0.19878 0.34304 0.1425 0.045988 0.01933 0.079894 0.18673 0.22404 0.28194 0.19919 0.32154 0.12046 0.043612 0.0067992 0.058281 0.19397 0.069241 0.57127 -0.033809 0.19333 0.090152 0.092357 -0.12907 0.075894 -0.058485 0.10244 0.33187 0.22263 -0.11569 -0.20571 0.0093939 0.42209 0.34185 -0.099406 0.17792 0.32625 0.52307 0.36049 0.57649 0.045852 0.16406 0.27824 0.28152 0.31896 0.29834 0.57231 -0.13957 0.0086017 0.5016 0 0.1941 0.54921 0.012894 0.17298 0.058655 0.037903 -0.081661 0.046948 -0.029732 0.10161 0.3168 0.18788 -0.088305 -0.18037 0.01088 0.39252 0.48392 -0.079478 0.31026 0.31941 0.44107 0.41288 0.54104 0.14975 0.18713 0.275 0.32545 0.27006 0.2661 0.6063 -0.14145 -0.042992 0.40413 0.75757
0.014262 -0.10991 -0.01965 -0.0037708 -0.0020839 0.0075131 0.085792 -0.021434 -0.025276 -0.10972 -0.11795 -0.014 0.023632 -0.012392 0.0091142 0.089907 -0.018788 -0.0019901 0.60507 0.052623 0.034163 0.11199 0.013214 0.25305 0.036303 0.14495 -0.15438 0.15276 0.07622 0.10864 -0.084084 0.20758 0.014416 0.015686 0.2358 -0.042595 0.24423 0.0099385 0.028568 -0.02739 0.12666 -0.01756 -0.096662 0.040347 -0.033989 0.10386 0.54672 0.19095 -0.0028068 0.07551 0.21091 0.1941 0 0.069437 0.18485 0.11167 0.037932 0.2809 0.16335 0.22613 -0.14165 0.12728 0.12396 0.11391 -0.080662 0.37785 0.040135 0.056505 0.41578 0.16223 0.43829 -0.010507 0.10487 0.0085706 0.2028 0.065659 -0.044262 0.12162 0.21021 0.10472 0.67432 0.26783 0.011935 0.13903 0.18414 0.19824
