0 0.3039 0.24524 0.26089 0.069816 -0.041464 -0.11931 0.048153 0.19954 0.6633 0.40567 0.34645 0.28091 0.093839 -0.022153 -0.1064 0.024281 0.26066 -0.17923 0.24005 0.071859 -0.028033 0.010024 -0.11744 0.02547 0.12252 0.058435 -0.037734 0.21756 -0.010242 -0.19754 -0.13822 0.0028638 0.073779 0.095954 -0.044308 0.035326 0.11224 -0.038416 0.35749 0.022177 0.17756 0.074293 0.38888 0.051695 0.10926 -0.17004 0.34592 -0.11458 -0.070336 0.068033 0.23384 -0.024955 0.31893 0.47252 -0.026223 0.046983 -0.138 0.39951 0.24401 0.17084 -0.066155 0.36015 -0.0737 -0.049849 0.12976 0.01166 0.10307 0.45344 0.24432 0.34492 0.12753 -0.027942 0.4535 0.11684 0.33332 0.17549 0.62028 0.44328 0.15311 -0.11603 0.53182 -0.00043626 -0.090961 0.05586 0.29411
0.3039 0 0.23701 0.24543 0.10305 0.016201 -0.087298 0.061356 0.21442 0.33807 0.47079 0.24351 0.23242 0.09438 -0.000374 -0.099196 0.047659 0.2044 -0.10075 0.24366 0.057657 0.095526 0.020369 -0.069139 0.042345 0.060697 0.12076 0.072784 0.15556 0.12572 -0.037422 -0.085358 0.017932 0.10917 0.1124 -0.067759 0.013061 0.21868 0.074032 0.30353 0.070096 0.18055 0.15636 0.19901 0.18541 0.0953 -0.095639 0.1885 -0.051502 -0.049356 0.15789 0.25312 -0.12228 0.24729 0.054084 0.083384 0.021276 -0.10255 0.046588 -0.012858 0.10205 0.051998 0.11113 0.073897 -0.020246 -0.090509 -0.014888 0.047922 0.14287 -0.033959 0.048773 0.24923 0.030896 0.27974 0.042256 0.15349 0.13664 0.14551 0.13945 0.025908 -0.11799 0.15365 -0.049982 -0.057908 0.12254 0.23528
0.24524 0.23701 0 0.36134 0.10737 0.016457 -0.036662 0.12872 0.14291 0.28889 0.25134 0.57163 0.3464 0.061075 0.0066737 -0.039031 0.10525 0.14163 -0.026447 0.21958 0.12923 0.0095494 -0.0044981 -0.062692 0.012895 0.062537 0.054682 0.020293 0.21689 0.027237 -0.030868 -0.075125 -0.03608 0.013261 0.25036 -0.0091253 0.15884 0.092128 -0.061381 0.18972 0.041038 0.065895 0.18336 0.262 0.2148 0.049164 -0.066402 0.17448 -0.055969 -0.062493 0.073658 0.17523 -0.02879 0.19236 0.094144 -0.012461 0.022922 -0.089101 -0.0055893 0.011892 0.030687 0.023663 0.15201 -0.021564 -0.023735 -0.095753 -0.034066 -0.0074071 0.19569 -0.037478 0.13931 0.10112 -0.066346 0.17076 0.038686 0.036689 0.13328 0.15686 0.14003 0.0048934 -0.072219 0.15672 -0.072338 -0.060833 0.078291 0.17177
0.26089 0.24543 0.36134 0 0.18869 0.0035678 -0.0056327 0.092689 0.13402 0.25085 0.25618 0.34798 0.59257 0.11555 -0.013604 -0.013146 0.083759 0.13319 -0.036414 0.28162 -0.028186 0.034548 0.001014 -0.018399 -0.13206 0.048487 -0.027734 0.029512 0.14127 0.031895 -0.048625 -0.15356 -0.022554 0.14534 0.16402 -0.099018 0.078495 0.10165 0.11527 0.17858 0.25043 0.0052064 0.10683 0.14307 0.17758 0.11064 0.011156 0.23888 -0.079929 -0.019461 0.11372 0.31951 -0.013865 0.27523 -0.0080187 0.025038 0.015467 -0.045199 -0.086089 -0.0040273 -0.020837 0.040272 0.12889 0.0047417 -0.043091 -0.14963 0.0034391 0.11339 0.22605 -0.062883 0.13037 0.11777 0.068046 0.2191 0.2357 0.027739 0.11206 0.1491 0.15347 0.09614 -0.014488 0.26754 -0.080083 -0.056627 0.108 0.31954
0.069816 0.10305 0.10737 0.18869 0 -0.0024306 -0.015107 0.021656 0.055956 0.085399 0.086876 0.10355 0.16554 0.027147 -0.015845 -0.024751 0.013954 0.04627 -0.025408 0.098442 0.0050507 0.0057243 0.0081819 -0.0054946 -0.02133 0.028243 -0.01333 -0.007318 0.072798 0.0080083 -0.02399 -0.036639 -0.0075629 -0.00020976 0.065398 -0.00018319 0.053852 0.038699 0.03494 0.086109 0.070942 0.0042887 0.06244 0.073437 0.073553 0.016361 0.0047627 0.10235 -0.03689 -0.016346 0.053234 0.132 -0.024227 0.11105 -0.018712 -0.0033549 -0.011066 -0.031629 -0.041173 -0.010802 -0.017101 -0.0018965 0.057408 -0.0072641 -0.031358 -0.057544 -0.017783 0.01256 0.07611 -0.0076102 0.056301 0.039518 0.019854 0.06997 0.057581 -0.01747 0.023225 0.037656 0.040339 -0.0052965 -0.028724 0.086324 -0.043484 -0.029691 0.020725 0.11558
-0.041464 0.016201 0.016457 0.0035678 -0.0024306 0 0.17727 0.020216 0.082293 0.041965 -0.0070842 0.0037521 -0.0094771 -0.024102 0.43251 0.19065 0.030605 0.06277 0.078407 0.039743 0.12737 0.066991 0.12086 0.21119 0.22325 0.12505 0.34229 0.10984 0.059495 0.09379 0.30516 0.20072 0.25377 0.072601 -0.048431 0.042864 -0.031293 0.054432 0.096689 0.076741 0.060576 0.23154 0.21856 -0.058393 0.1408 0.059396 0.22402 -0.10592 0.055612 0.14426 0.097125 0.061493 0.037011 0.0062829 -0.038611 0.044534 0.08699 0.19312 0.059498 0.060894 0.27834 0.1137 -0.013751 0.075678 0.27129 0.081336 0.21037 0.077352 -0.15349 -0.069298 -0.11638 0.032897 0.095137 0.013186 0.060061 0.16257 0.13247 -0.14903 -0.0033913 0.023623 0.18202 -0.13745 0.030348 0.11989 0.07645 0.025333
-0.11931 -0.087298 -0.036662 -0.0056327 -0.015107 0.17727 0 -0.0033071 -0.0014315 -0.059423 -0.10597 -0.062092 -0.023657 -0.024821 0.17884 0.2584 -0.0070741 -0.023022 0.15741 -0.040529 0.025145 0.012018 0.063524 0.18147 0.056942 0.12573 0.0059519 0.062895 -0.024277 0.027324 0.18253 0.18554 0.063724 0.037481 -0.00069381 0.076252 0.068875 -0.025913 0.082509 -0.12857 0.092924 -0.053137 -0.0087899 -0.17855 0.043606 0.025976 0.239 -0.084876 0.069699 0.12256 -0.0026616 0.021695 0.10776 -0.062517 -0.10683 0.0014009 0.025552 0.16597 -0.073945 0.073323 -0.030307 0.050606 -0.053005 0.023966 0.096051 0.078689 0.042959 0.032955 -0.090828 -0.027808 -0.044355 -0.046348 0.089406 -0.15192 0.095803 -0.075549 -0.035303 -0.22297 -0.045217 0.027932 0.19116 -0.14046 0.012513 0.10402 -0.0070207 -0.028978
0.048153 0.061356 0.12872 0.092689 0.021656 0.020216 -0.0033071 0 0.054518 0.028818 0.063775 0.12117 0.096749 0.014646 0.027809 0.010455 0.088452 0.056942 -0.026342 0.089038 -0.060765 0.020237 -0.0042173 -0.023627 -0.063823 -0.029328 0.040646 0.018728 0.012057 0.0094106 0.053622 -0.063802 0.022932 0.040458 -0.032025 -0.087928 -0.070748 0.040573 0.017314 0.048961 0.018448 0.037835 0.11659 -0.024358 0.0075095 -0.0019222 0.014376 -0.0097627 -0.0051804 0.0013506 0.032882 0.073298 -0.012106 0.077293 -0.043446 0.028979 -0.0071423 -0.0063248 -0.038164 -0.0027999 0.065783 0.038846 0.024245 0.0073615 0.059952 -0.055496 0.012912 0.041314 -0.022549 -0.099924 -0.034678 0.049952 0.0068324 0.064204 0.034736 0.052853 0.10425 0.0015372 0.0091294 0.0078983 0.015665 0.042517 -0.015117 -0.0047998 0.049633 0.079581
0.19954 0.21442 0.14291 0.13402 0.055956 0.082293 -0.0014315 0.054518 0 0.2138 0.2188 0.12914 0.13449 0.035353 0.058391 -0.016979 0.029618 0.17472 -0.03893 0.16123 0.015389 0.049528 0.015196 0.0059107 0.018467 0.020618 0.099696 0.019368 0.081751 0.074042 0.0092915 -0.034096 0.050784 0.080729 0.043082 -0.040435 -0.00070088 0.14545 0.050593 0.17229 0.044442 0.12465 0.12639 0.095089 0.08878 0.031925 0.0070362 0.096749 -0.035198 -0.017967 0.10413 0.1684 -0.02626 0.16872 0.03373 0.033363 0.026762 -0.020133 0.038681 0.027424 0.11217 0.0043491 0.085868 0.057486 0.045018 -0.020075 0.028724 0.052359 0.082989 -0.033878 0.039088 0.14439 0.042606 0.16617 0.044714 0.13533 0.12889 0.086544 0.10153 -0.0034094 -0.0010567 0.12441 -0.048436 0.0042001 0.092602 0.16221
0.6633 0.33807 0.28889 0.25085 0.085399 0.041965 -0.059423 0.028818 0.2138 0 0.31232 0.27139 0.2164 0.085241 0.033779 -0.069561 0.010576 0.22423 -0.06048 0.24175 0.3154 0.026389 0.041756 -0.13378 0.23878 0.22457 0.12246 -0.081027 0.25048 0.025486 -0.025345 0.065947 0.021909 0.12749 0.27224 0.12757 0.23597 0.16105 0.13464 0.31189 0.2073 0.22966 0.099529 0.49107 0.34604 0.20079 -0.12383 0.35736 -0.021113 -0.006345 0.041786 0.22019 -0.13956 0.19487 0.15456 0.0051218 0.030902 -0.15901 0.088385 0.087067 0.058902 -0.061611 0.1014 -0.01796 -0.048103 -0.027561 0.00061763 0.072946 0.18961 0.042951 0.088381 0.16965 0.049697 0.24396 0.10089 0.12064 0.04482 0.21824 0.095717 0.041876 -0.10208 0.28697 -0.052909 -0.069589 0.050897 0.19308
0.40567 0.47079 0.25134 0.25618 0.086876 -0.0070842 -0.10597 0.063775 0.2188 0.31232 0 0.30183 0.27546 0.089997 -0.016724 -0.11475 0.075003 0.23508 -0.17427 0.27196 -0.0084107 0.072679 0.0081866 -0.092429 -0.018291 -0.0093734 0.11973 0.044347 0.1214 0.10153 -0.078253 -0.16974 0.019675 0.082909 0.025077 -0.13259 -0.055148 0.21888 0.020655 0.31156 0.024862 0.19646 0.18019 0.17575 0.08998 0.054517 -0.14047 0.19103 -0.08966 -0.077089 0.17444 0.24701 -0.1295 0.30691 0.16698 0.081182 0.012533 -0.1185 0.15078 0.014323 0.17195 0.023171 0.18635 0.055446 -0.014093 -0.050741 0.0078703 0.093127 0.2462 0.012513 0.1512 0.26415 -0.00088643 0.38051 0.064255 0.25424 0.19854 0.29246 0.26461 0.047631 -0.12357 0.26993 -0.036936 -0.093829 0.15361 0.2846
0.34645 0.24351 0.57163 0.34798 0.10355 0.0037521 -0.062092 0.12117 0.12914 0.27139 0.30183 0 0.36964 0.0828 0.0056963 -0.040518 0.12803 0.13486 -0.061123 0.21127 0.070432 -0.0069118 -0.0191 -0.071412 -0.02127 0.044697 0.051845 0.019748 0.19311 0.018279 -0.07134 -0.15057 -0.03666 0.0010351 0.20852 -0.044816 0.12266 0.098509 -0.042873 0.20453 0.041393 0.05435 0.15938 0.24333 0.12346 0.064251 -0.080565 0.18023 -0.10309 -0.087542 0.070934 0.18365 -0.013275 0.25159 0.19225 -0.03901 0.0082764 -0.086521 0.080956 0.053817 0.056326 -0.00090696 0.23637 -0.028964 -0.016391 -0.066105 -0.0075246 0.019649 0.29335 0.055349 0.23369 0.10485 -0.086888 0.24605 0.04067 0.10054 0.18696 0.2842 0.23584 0.026247 -0.080924 0.23037 -0.072213 -0.067513 0.065364 0.21529
0.28091 0.23242 0.3464 0.59257 0.16554 -0.0094771 -0.023657 0.096749 0.13449 0.2164 0.27546 0.36964 0 0.13373 -0.0067152 -0.013095 0.11488 0.14236 -0.039107 0.25751 -0.030385 0.0294 0.012051 -0.033619 -0.12177 0.038442 -0.041572 0.038207 0.14494 0.026285 -0.083103 -0.14187 -0.020836 0.12868 0.14151 -0.099831 0.07068 0.10264 0.051807 0.18852 0.19605 -0.011857 0.089815 0.12218 0.14293 0.095072 -0.01178 0.22719 -0.086646 -0.042524 0.10739 0.29608 0.0016527 0.28091 0.0060639 0.010711 0.012595 -0.031505 -0.065686 0.044998 -0.03265 0.037056 0.16409 -0.0020369 -0.047793 -0.12278 -0.018118 0.11669 0.2427 -0.047143 0.15561 0.11808 0.05762 0.22535 0.24315 0.027901 0.11477 0.16655 0.16626 0.093155 0.0051241 0.2812 -0.0901 -0.045403 0.10579 0.34702
0.093839 0.09438 0.061075 0.11555 0.027147 -0.024102 -0.024821 0.014646 0.035353 0.085241 0.089997 0.0828 0.13373 0 -0.013233 -0.032021 0.015317 0.089394 -0.020092 0.11292 -0.031355 0.014158 0.010462 -0.023198 -0.037875 -0.01078 -0.0045292 -0.015059 0.022363 0.01404 -0.032927 -0.050423 -0.0051232 0.034438 0.016797 -0.042253 -0.0034867 0.047124 0.037702 0.064798 0.053314 0.024555 0.050288 0.022252 0.044117 0.012487 -0.011346 0.078349 -0.049032 -0.011899 0.059554 0.10303 -0.017831 0.095218 0.0042171 0.0097173 -0.0066543 -0.012464 -0.011557 -0.0066584 0.013026 -0.014045 0.020364 0.01255 -0.020531 -0.022515 -0.014157 0.051198 0.062688 -0.032739 0.041514 0.059178 0.045693 0.069524 0.05732 0.035868 0.063567 0.053175 0.081725 -0.0075003 -0.0020539 0.099076 -0.017709 -0.018704 0.043436 0.11385
-0.022153 -0.000374 0.0066737 -0.013604 -0.015845 0.43251 0.17884 0.027809 0.058391 0.033779 -0.016724 0.0056963 -0.0067152 -0.013233 0 0.2354 0.042894 0.064145 0.039685 0.024938 0.10637 0.052217 0.097906 0.19846 0.18666 0.106 0.30589 0.09877 0.043324 0.074349 0.29998 0.15135 0.23911 0.086198 -0.065748 -0.0047604 -0.072261 0.034431 0.08301 0.062263 0.066159 0.21585 0.20642 -0.082502 0.11173 0.059363 0.19541 -0.13061 0.03241 0.11056 0.066851 0.05918 0.036925 0.020604 0.01406 0.042129 0.10084 0.19993 0.095765 0.10443 0.29217 0.094357 0.015797 0.059335 0.25334 0.091136 0.25663 0.065079 -0.12047 -0.060689 -0.10634 0.030886 0.1036 0.020107 0.057559 0.19129 0.15252 -0.10827 0.021321 0.054039 0.19781 -0.12047 0.001751 0.12708 0.068229 0.045412
-0.1064 -0.099196 -0.039031 -0.013146 -0.024751 0.19065 0.2584 0.010455 -0.016979 -0.069561 -0.11475 -0.040518 -0.013095 -0.032021 0.2354 0 0.029112 -0.0019471 0.12042 -0.031591 0.037447 0.014197 0.076436 0.18008 0.043415 0.11356 0.0052645 0.017949 -0.017859 0.02317 0.15005 0.12427 0.099069 0.048849 -0.0088205 0.033247 0.037711 -0.062177 0.092339 -0.1063 0.11273 -0.0302 0.0030755 -0.1336 0.024676 0.039719 0.21556 -0.073138 0.041319 0.10494 0.0059623 0.035043 0.10877 -0.035071 -0.043952 -0.0004927 0.03958 0.19115 -0.025029 0.12806 -0.01714 0.023573 -0.010449 0.023138 0.10724 0.08032 0.097356 0.052582 -0.052379 -0.018607 -0.0061232 -0.078219 0.11349 -0.12789 0.12023 -0.042442 -0.032683 -0.15268 -0.034293 0.042004 0.22764 -0.089066 0.018363 0.13541 -0.0039611 0.01902
0.024281 0.047659 0.10525 0.083759 0.013954 0.030605 -0.0070741 0.088452 0.029618 0.010576 0.075003 0.12803 0.11488 0.015317 0.042894 0.029112 0 0.062496 -0.016249 0.080693 -0.060704 0.031351 0.0075988 -0.0032402 -0.05073 -0.042326 0.06867 0.037907 0.00019719 0.027768 0.060587 -0.061345 -0.00065847 0.022397 -0.041112 -0.079912 -0.061021 0.031138 0.015881 0.038003 0.0061759 0.052527 0.12838 -0.051367 0.013965 -0.0037625 0.02821 -0.041739 -0.0033662 -0.016371 0.035495 0.052174 -0.0010891 0.080386 -0.054365 0.032725 -0.0028634 0.016744 -0.045657 -0.014916 0.05827 0.040171 0.0035563 0.016425 0.046176 -0.047665 0.023333 0.037318 -0.040049 -0.10799 -0.044393 0.037117 0.012368 0.045584 0.016377 0.046882 0.11631 -0.014958 0.0030699 0.0079334 0.03346 0.0076199 -0.0052661 -0.0046627 0.040077 0.063715
0.26066 0.2044 0.14163 0.13319 0.04627 0.06277 -0.023022 0.056942 0.17472 0.22423 0.23508 0.13486 0.14236 0.089394 0.064145 -0.0019471 0.062496 0 -0.048663 0.15326 0.048998 0.051078 0.043862 0.0056861 0.0484 0.028433 0.11277 0.0019398 0.088593 0.082029 0.0059568 -0.021194 0.065134 0.057167 0.028264 -0.048066 0.0026381 0.15342 0.057131 0.15822 0.048619 0.14967 0.12662 0.092406 0.089945 0.045036 0.018429 0.10989 -0.035053 0.027995 0.15097 0.1753 -0.0002663 0.17529 0.10101 0.056398 0.024777 -0.0027296 0.10875 0.033848 0.12866 0.003312 0.11326 0.063779 0.067496 0.02696 0.054734 0.083511 0.10949 0.017557 0.080451 0.16303 0.058039 0.16931 0.061643 0.18152 0.13761 0.13388 0.15962 0.035386 0.038771 0.13873 0.011048 0.0041585 0.13115 0.1996
-0.17923 -0.10075 -0.026447 -0.036414 -0.025408 0.078407 0.15741 -0.026342 -0.03893 -0.06048 -0.17427 -0.061123 -0.039107 -0.020092 0.039685 0.12042 -0.016249 -0.048663 0 -0.028649 0.21754 0.04013 0.028294 0.28519 0.20341 0.26561 -0.14992 0.08986 0.054505 0.085708 0.047874 0.56951 -0.02024 0.004368 0.46552 0.14939 0.55618 -0.034908 0.083806 -0.1181 0.16731 -0.075919 -0.11261 -0.019697 0.16805 0.073119 0.70311 0.14385 0.11489 0.15014 0.11042 0.11938 0.64717 -0.042105 -0.023846 0.028453 0.013397 0.23737 -0.022979 0.20304 -0.17959 0.09164 -0.0025662 0.085485 -0.035371 0.36558 0.0069592 0.022832 0.18179 0.15402 0.27833 -0.066351 0.14864 -0.17982 0.13603 -0.14025 -0.10848 -0.1023 0.031458 0.032501 0.58518 -0.017581 0.056662 0.1622 0.13986 0.084258
0.24005 0.24366 0.21958 0.28162 0.098442 0.039743 -0.040529 0.089038 0.16123 0.24175 0.27196 0.21127 0.25751 0.11292 0.024938 -0.031591 0.080693 0.15326 -0.028649 0 -0.057653 0.15216 0.047806 0.033414 -0.16374 0.038185 0.0050966 0.030453 0.26658 0.17099 -0.10791 -0.28407 0.019778 0.30465 0.20455 -0.23338 0.039719 0.23855 0.21455 0.4314 0.32967 0.11445 0.3114 0.28717 0.36614 0.26928 0.096006 0.43034 -0.13966 -0.049243 0.28564 0.56603 0.042436 0.60042 -0.10929 0.16063 -0.0023276 0.0050533 -0.1697 0.012701 0.031609 0.053629 0.19897 0.13431 -0.06465 -0.28058 0.018705 0.29093 0.25362 -0.25547 0.10674 0.24391 0.17689 0.44922 0.31036 0.13779 0.29795 0.22877 0.24509 0.20674 0.073563 0.43972 -0.17118 -0.091293 0.2234 0.54271
0.071859 0.057657 0.12923 -0.028186 0.0050507 0.12737 0.025145 -0.060765 0.015389 0.3154 -0.0084107 0.070432 -0.030385 -0.031355 0.10637 0.037447 -0.060704 0.048998 0.21754 -0.057653 0 -0.093014 0.063138 0.18481 0.73051 0.52957 0.22452 -0.084503 0.32292 -0.043163 0.084765 0.46568 0.16739 -0.10966 0.5939 0.46423 0.55416 -0.058318 -0.077332 0.12563 0.070542 0.35074 -0.019923 0.6901 0.42714 0.36985 0.022674 0.37066 0.0067062 -0.00065043 -0.0085221 -0.0104 0.040814 -0.084213 0.64465 -0.14829 0.067907 0.11009 0.46258 0.23032 0.099608 -0.07814 0.11298 -0.055574 0.038482 0.22027 0.12684 -0.10743 0.3666 0.32317 0.28835 -0.070867 -0.033523 -0.02593 0.023527 0.17421 -0.10472 0.23967 0.079016 0.15812 0.034433 0.061576 0.032929 -0.0088448 0.01383 -0.051643
-0.028033 0.095526 0.0095494 0.034548 0.0057243 0.066991 0.012018 0.020237 0.049528 0.026389 0.072679 -0.0069118 0.0294 0.014158 0.052217 0.014197 0.031351 0.051078 0.04013 0.15216 -0.093014 0 0.00020832 0.31359 -0.015367 -0.10178 0.088247 0.12416 0.038624 0.9228 -0.01156 -0.1789 0.16167 0.30966 -0.07257 -0.21078 -0.13878 0.87774 0.24558 0.060304 0.2377 0.23536 0.0759 -0.0084527 0.075542 0.66797 0.1443 0.036367 -0.040749 0.0031304 0.16828 0.20175 0.043556 0.15714 -0.22586 0.97133 -0.017447 0.32718 -0.12017 -0.063298 0.13068 0.21499 -0.002819 0.91363 -0.0065237 -0.19275 0.16848 0.27927 -0.14476 -0.26411 -0.18718 0.84124 0.27825 0.057087 0.23179 0.29231 0.081412 -0.080846 -0.040379 0.5588 0.13311 0.032106 -0.074045 0.0043764 0.12636 0.17415
0.010024 0.020369 -0.0044981 0.001014 0.0081819 0.12086 0.063524 -0.0042173 0.015196 0.041756 0.0081866 -0.0191 0.012051 0.010462 0.097906 0.076436 0.0075988 0.043862 0.028294 0.047806 0.063138 0.00020832 0 0.15526 0.10284 0.12557 0.046539 0.017761 0.074453 0.019605 0.087816 0.10289 0.087926 0.040982 0.056361 0.041688 0.071892 0.0095215 0.040537 0.031308 0.053789 0.021368 0.055035 0.015956 0.067649 0.074645 0.096968 0.038498 0.032562 0.088519 0.037887 0.087383 0.015002 0.0245 0.021769 -0.0096481 0.047438 0.12353 0.056009 0.10399 0.041528 -0.0011732 0.042197 0.01857 0.072113 0.057495 0.058204 0.0072034 0.039849 0.027092 0.034745 -0.0016251 0.037833 0.017519 0.047411 0.03481 0.014691 -0.016426 0.03599 0.054631 0.06262 0.021326 0.018601 0.046518 0.015932 0.066772
-0.11744 -0.069139 -0.062692 -0.018399 -0.0054946 0.21119 0.18147 -0.023627 0.0059107 -0.13378 -0.092429 -0.071412 -0.033619 -0.023198 0.19846 0.18008 -0.0032402 0.0056861 0.28519 0.033414 0.18481 0.31359 0.15526 0 0.2357 0.35072 0.073038 0.4679 0.074614 0.49509 0.17417 0.1784 0.31802 0.098212 0.09678 -0.00089399 0.077817 0.25873 0.1441 -0.062173 0.17239 0.087432 0.052671 -0.062887 0.063545 0.48738 0.36314 0.017259 0.060859 0.14824 0.12234 0.14537 0.27303 0.036775 -0.015817 0.29352 0.10419 0.80202 0.069409 0.33617 0.085501 0.44039 0.051443 0.49911 0.15569 0.1442 0.32588 0.094794 0.035382 -0.050796 0.085204 0.18304 0.17475 -0.055494 0.18747 0.13903 0.05103 -0.11161 0.010513 0.44876 0.28836 -0.032809 0.014967 0.12742 0.091364 0.091637
0.02547 0.042345 0.012895 -0.13206 -0.02133 0.22325 0.056942 -0.063823 0.018467 0.23878 -0.018291 -0.02127 -0.12177 -0.037875 0.18666 0.043415 -0.05073 0.0484 0.20341 -0.16374 0.73051 -0.015367 0.10284 0.2357 0 0.49649 0.50957 -0.0030128 0.17363 0.021904 0.28182 0.67057 0.34575 -0.11587 0.28836 0.43562 0.28717 -0.024976 -0.14613 0.15824 -0.1895 0.64514 0.093492 0.48651 0.36319 0.21491 0.029895 0.074836 0.16619 0.1043 -0.041586 -0.146 0.05303 -0.18051 0.48468 -0.096874 0.064065 0.1432 0.68832 0.25433 0.39577 -0.032065 0.021772 0.001227 0.22856 0.51766 0.27595 -0.13373 0.11819 0.28283 0.12525 -0.065744 -0.11291 -0.015299 -0.18496 0.44154 -0.0015527 0.11977 0.12847 0.025597 0.022814 -0.11011 0.21049 0.11915 -0.012371 -0.17501
0.12252 0.060697 0.062537 0.048487 0.028243 0.12505 0.12573 -0.029328 0.020618 0.22457 -0.0093734 0.044697 0.038442 -0.01078 0.106 0.11356 -0.042326 0.028433 0.26561 0.038185 0.52957 -0.10178 0.12557 0.35072 0.49649 0 0.0053988 0.077524 0.26464 -0.036793 0.061431 0.41832 0.093451 -0.0052833 0.44857 0.34927 0.45612 -0.081968 0.029662 0.06572 0.15067 -0.0088212 -0.049611 0.40236 0.25091 0.37844 0.16449 0.42758 0.020123 0.10475 -0.0014134 0.14898 0.16504 0.025892 0.28944 -0.12331 0.097101 0.28604 0.26434 0.54294 -0.090682 0.030134 0.15547 -0.04641 -0.017322 0.24928 0.036167 -0.030103 0.31652 0.25234 0.3437 -0.1079 0.030216 0.025689 0.1137 -0.038942 -0.090854 0.12933 0.071956 0.27979 0.12553 0.23624 0.0024415 0.067203 0.020968 0.091479
0.058435 0.12076 0.054682 -0.027734 -0.01333 0.34229 0.0059519 0.040646 0.099696 0.12246 0.11973 0.051845 -0.041572 -0.0045292 0.30589 0.0052645 0.06867 0.11277 -0.14992 0.0050966 0.22452 0.088247 0.046539 0.073038 0.50957 0.0053988 0 0.0038046 0.012467 0.081586 0.48282 0.21324 0.37071 0.034728 -0.22058 -0.0055501 -0.23928 0.11113 -0.011156 0.36321 -0.169 0.77577 0.4549 0.020266 0.20884 -0.017893 -0.013938 -0.20976 0.10823 0.047894 0.087377 -0.061962 -0.13031 -0.013514 0.061303 0.036237 0.044224 0.036822 0.2871 -0.068187 0.73687 0.037383 -0.076188 0.059416 0.4274 0.1508 0.29852 0.011621 -0.30338 -0.14438 -0.26069 0.12452 0.010172 0.22005 -0.14518 0.6528 0.31262 -0.081608 0.061493 -0.11966 0.0067981 -0.22313 0.082613 0.046845 0.066748 -0.078361
-0.037734 0.072784 0.020293 0.029512 -0.007318 0.10984 0.062895 0.018728 0.019368 -0.081027 0.044347 0.019748 0.038207 -0.015059 0.09877 0.017949 0.037907 0.0019398 0.08986 0.030453 -0.084503 0.12416 0.017761 0.4679 -0.0030128 0.077524 0.0038046 0 0.025811 0.31489 0.11451 0.031116 0.024816 0.04727 -0.020919 -0.024132 0.013231 0.21266 0.018899 0.016927 0.038214 -0.10679 0.091507 -0.10289 0.0017129 0.19991 0.18249 -0.11502 0.025176 0.047328 0.10099 0.060864 0.14181 0.036588 -0.15525 0.12842 0.0077973 0.47091 -0.10964 0.11743 -0.021634 0.93736 0.042079 0.23184 0.083931 0.045898 0.04362 0.045711 -0.0026849 -0.040299 0.049325 0.19917 0.071954 0.0051924 0.089405 -0.087207 0.072062 -0.11582 -0.012389 0.19875 0.13987 -0.049136 0.0036386 0.040529 0.088901 0.064127
0.21756 0.15556 0.21689 0.14127 0.072798 0.059495 -0.024277 0.012057 0.081751 0.25048 0.1214 0.19311 0.14494 0.022363 0.043324 -0.017859 0.00019719 0.088593 0.054505 0.26658 0.32292 0.038624 0.074453 0.074614 0.17363 0.26464 0.012467 0.025811 0 0.032882 -0.051162 0.018234 0.043455 0.044613 0.4831 0.29765 0.48643 0.079399 -0.03777 0.31116 0.088281 0.085589 0.18027 0.53566 0.32083 0.21999 0.058547 0.4361 -0.078511 0.0083391 0.14466 0.33789 0.071599 0.24985 0.21643 0.012685 0.044358 0.033278 0.11195 0.13807 -0.041195 0.0071039 0.39958 0.021869 -0.033692 -0.011156 0.0013179 0.0064277 0.41493 0.22449 0.44238 0.076318 -0.023622 0.22501 0.067048 0.034896 0.14109 0.32412 0.18174 0.086239 0.045187 0.30929 -0.043816 -0.042909 0.12451 0.33207
-0.010242 0.12572 0.027237 0.031895 0.0080083 0.09379 0.027324 0.0094106 0.074042 0.025486 0.10153 0.018279 0.026285 0.01404 0.074349 0.02317 0.027768 0.082029 0.085708 0.17099 -0.043163 0.9228 0.019605 0.49509 0.021904 -0.036793 0.081586 0.31489 0.032882 0 0.015776 -0.14383 0.22339 0.30905 -0.058105 -0.20036 -0.095008 0.91279 0.26388 0.068586 0.21941 0.20768 0.080011 -0.02191 0.053004 0.67944 0.18774 0.055395 -0.020385 0.0097213 0.24341 0.22477 0.062949 0.14201 -0.17116 0.91028 -0.013693 0.49357 -0.069999 0.025578 0.13153 0.38775 0.016709 0.92732 0.017098 -0.14828 0.2211 0.27411 -0.086332 -0.22919 -0.1158 0.87279 0.29596 0.071004 0.23133 0.27582 0.083857 -0.078226 -0.036373 0.59947 0.16778 0.090429 -0.064648 0.0023271 0.18445 0.19636
-0.19754 -0.037422 -0.030868 -0.048625 -0.02399 0.30516 0.18253 0.053622 0.0092915 -0.025345 -0.078253 -0.07134 -0.083103 -0.032927 0.29998 0.15005 0.060587 0.0059568 0.047874 -0.10791 0.084765 -0.01156 0.087816 0.17417 0.28182 0.061431 0.48282 0.11451 -0.051162 0.015776 0 0.36574 0.24058 0.012233 -0.18869 0.10128 -0.098632 -0.019978 0.052186 -0.073753 -0.041924 0.32986 0.36192 -0.33547 0.20947 -0.10794 0.19797 -0.3526 0.26707 0.18335 0.00077508 -0.11861 -0.04207 -0.16397 -0.23391 -0.030735 0.029782 0.16451 -0.039696 -0.011359 0.33629 0.14282 -0.19618 -0.0020354 0.52541 0.15955 0.19837 -0.013308 -0.40301 -0.15484 -0.31524 -0.034179 0.066998 -0.19333 -0.051137 0.11711 0.16697 -0.47904 -0.10411 -0.13048 0.14627 -0.38618 0.16045 0.16478 -0.0088334 -0.15748
-0.13822 -0.085358 -0.075125 -0.15356 -0.036639 0.20072 0.18554 -0.063802 -0.034096 0.065947 -0.16974 -0.15057 -0.14187 -0.050423 0.15135 0.12427 -0.061345 -0.021194 0.56951 -0.28407 0.46568 -0.1789 0.10289 0.1784 0.67057 0.41832 0.21324 0.031116 0.018234 -0.14383 0.36574 0 0.10537 -0.21625 0.23859 0.59145 0.39255 -0.18996 -0.16832 -0.11211 -0.19327 0.2209 -0.019974 -0.025656 0.29172 -0.17933 0.30233 -0.071318 0.32756 0.27504 -0.13494 -0.23852 0.23317 -0.3077 0.15114 -0.22617 0.07538 0.10351 0.31273 0.24221 0.058548 0.00478 -0.084077 -0.13706 0.19098 0.74054 0.064121 -0.21168 -0.052388 0.38846 0.077637 -0.22673 -0.12532 -0.25795 -0.20459 -0.035362 -0.13077 -0.23109 0.027139 -0.21443 0.22552 -0.26712 0.29995 0.26364 -0.080617 -0.24562
0.0028638 0.017932 -0.03608 -0.022554 -0.0075629 0.25377 0.063724 0.022932 0.050784 0.021909 0.019675 -0.03666 -0.020836 -0.0051232 0.23911 0.099069 -0.00065847 0.065134 -0.02024 0.019778 0.16739 0.16167 0.087926 0.31802 0.34575 0.093451 0.37071 0.024816 0.043455 0.22339 0.24058 0.10537 0 0.091244 -0.065201 -0.042989 -0.082258 0.14638 0.051944 0.057694 -0.027297 0.42669 0.20332 0.024763 0.11147 0.13618 0.12344 -0.074331 0.035381 0.081845 0.088716 0.031413 0.017234 0.0079754 0.087075 0.12421 0.066412 0.26363 0.22698 0.077584 0.36848 0.040209 -0.003974 0.19893 0.25942 0.10765 0.40865 0.054091 -0.10204 -0.058717 -0.058574 0.11669 0.029111 0.031868 -0.031259 0.39706 0.15326 -0.030787 0.070209 0.064676 0.11233 -0.099326 0.055703 0.08013 0.059141 1.9068e-05
0.073779 0.10917 0.013261 0.14534 -0.00020976 0.072601 0.037481 0.040458 0.080729 0.12749 0.082909 0.0010351 0.12868 0.034438 0.086198 0.048849 0.022397 0.057167 0.004368 0.30465 -0.10966 0.30966 0.040982 0.098212 -0.11587 -0.0052833 0.034728 0.04727 0.044613 0.30905 0.012233 -0.21625 0.091244 0 0.081933 -0.23957 -0.04164 0.33423 0.55627 0.19446 0.61077 0.12505 0.067767 0.058947 0.28525 0.37852 0.23165 0.33272 -0.075198 -0.0082012 0.33224 0.45223 0.046932 0.27559 -0.1324 0.29217 0.0043906 0.10307 -0.13689 -0.011878 0.044981 0.066208 0.017311 0.28319 -0.017506 -0.21049 0.12514 0.77206 0.10308 -0.23208 0.018183 0.30951 0.49621 0.25399 0.5721 0.16965 0.048849 0.057527 0.1747 0.31334 0.21867 0.3447 -0.09172 -0.015335 0.27695 0.40032
0.095954 0.1124 0.25036 0.16402 0.065398 -0.048431 -0.00069381 -0.032025 0.043082 0.27224 0.025077 0.20852 0.14151 0.016797 -0.065748 -0.0088205 -0.041112 0.028264 0.46552 0.20455 0.5939 -0.07257 0.056361 0.09678 0.28836 0.44857 -0.22058 -0.020919 0.4831 -0.058105 -0.18869 0.23859 -0.065201 0.081933 0 0.38321 0.85394 -0.0060734 -0.0033596 0.15098 0.28238 -0.084753 -0.11257 0.61071 0.56268 0.27763 0.23076 0.66158 -0.068075 0.0067459 0.11718 0.37136 0.23212 0.20087 0.31056 -0.11104 0.022847 0.035451 0.092387 0.20106 -0.31156 -0.036285 0.30265 -0.055109 -0.22023 0.053669 -0.07175 0.063645 0.68314 0.29504 0.62466 -0.027955 0.038247 0.033665 0.24504 -0.18467 -0.12509 0.24763 0.25308 0.15917 0.18188 0.43375 -0.052348 -0.03283 0.13532 0.33971
-0.044308 -0.067759 -0.0091253 -0.099018 -0.00018319 0.042864 0.076252 -0.087928 -0.040435 0.12757 -0.13259 -0.044816 -0.099831 -0.042253 -0.0047604 0.033247 -0.079912 -0.048066 0.14939 -0.23338 0.46423 -0.21078 0.041688 -0.00089399 0.43562 0.34927 -0.0055501 -0.024132 0.29765 -0.20036 0.10128 0.59145 -0.042989 -0.23957 0.38321 0 0.59447 -0.17076 -0.18989 -0.11858 -0.15319 -0.080379 -0.17026 0.20756 0.22845 -0.121 -0.044232 0.051192 0.16229 0.085937 -0.092967 -0.14975 -0.054023 -0.24136 0.18112 -0.22947 0.067746 -0.01743 0.13317 0.14253 -0.17347 -0.061765 0.11157 -0.19482 -0.016775 0.23794 -0.038109 -0.22085 0.16346 0.57569 0.23365 -0.18878 -0.13019 -0.2273 -0.13951 -0.29016 -0.24913 -0.14508 -0.060186 -0.17079 -0.05818 -0.1228 0.12221 0.070855 -0.069746 -0.15057
0.035326 0.013061 0.15884 0.078495 0.053852 -0.031293 0.068875 -0.070748 -0.00070088 0.23597 -0.055148 0.12266 0.07068 -0.0034867 -0.072261 0.037711 -0.061021 0.0026381 0.55618 0.039719 0.55416 -0.13878 0.071892 0.077817 0.28717 0.45612 -0.23928 0.013231 0.48643 -0.095008 -0.098632 0.39255 -0.082258 -0.04164 0.85394 0.59447 0 -0.078508 -0.086319 0.0014143 0.1793 -0.23059 -0.22042 0.44868 0.36859 0.14676 0.23393 0.51342 0.030826 0.041861 0.0074513 0.20935 0.28628 -0.0045872 0.26057 -0.16027 0.059149 0.019154 0.016432 0.22898 -0.36516 -0.014086 0.26921 -0.10462 -0.18965 0.11969 -0.092118 -0.051788 0.55964 0.47258 0.64366 -0.099189 -0.024991 -0.12117 0.12329 -0.35416 -0.23177 0.087874 0.044418 0.038984 0.17076 0.22542 -0.059394 0.0024658 0.03743 0.19002
0.11224 0.21868 0.092128 0.10165 0.038699 0.054432 -0.025913 0.040573 0.14545 0.16105 0.21888 0.098509 0.10264 0.047124 0.034431 -0.062177 0.031138 0.15342 -0.034908 0.23855 -0.058318 0.87774 0.0095215 0.25873 -0.024976 -0.081968 0.11113 0.21266 0.079399 0.91279 -0.019978 -0.18996 0.14638 0.33423 -0.0060734 -0.17076 -0.078508 0 0.27967 0.17582 0.23727 0.23465 0.10582 0.033408 0.10659 0.56837 0.063782 0.10942 -0.062221 -0.018495 0.26881 0.27872 -0.04646 0.23388 -0.13316 0.83295 -0.0208 0.26065 -0.057586 -0.041277 0.15535 0.29859 0.068496 0.8691 -0.010816 -0.19748 0.14314 0.30306 -0.011629 -0.19245 -0.083322 0.96119 0.31724 0.18668 0.27096 0.28603 0.1312 0.0072556 0.03638 0.49219 0.051697 0.19288 -0.075254 -0.047502 0.22076 0.28263
-0.038416 0.074032 -0.061381 0.11527 0.03494 0.096689 0.082509 0.017314 0.050593 0.13464 0.020655 -0.042873 0.051807 0.037702 0.08301 0.092339 0.015881 0.057131 0.083806 0.21455 -0.077332 0.24558 0.040537 0.1441 -0.14613 0.029662 -0.011156 0.018899 -0.03777 0.26388 0.052186 -0.16832 0.051944 0.55627 -0.0033596 -0.18989 -0.086319 0.27967 0 0.013688 0.87858 0.0027138 -0.0059244 -0.078703 0.2278 0.44004 0.36434 0.36022 -0.008685 0.048625 0.45165 0.56428 0.08246 0.19591 -0.18649 0.22812 -0.0069193 0.15033 -0.20418 0.00079078 -0.035585 0.026827 -0.067616 0.25162 0.0060546 -0.2073 0.084851 0.5139 -0.02832 -0.23293 -0.13646 0.24469 0.90798 0.06485 0.7971 0.019199 -0.026624 -0.13152 0.075412 0.34802 0.33871 0.29421 -0.083361 0.001822 0.33654 0.44767
0.35749 0.30353 0.18972 0.17858 0.086109 0.076741 -0.12857 0.048961 0.17229 0.31189 0.31156 0.20453 0.18852 0.064798 0.062263 -0.1063 0.038003 0.15822 -0.1181 0.4314 0.12563 0.060304 0.031308 -0.062173 0.15824 0.06572 0.36321 0.016927 0.31116 0.068586 -0.073753 -0.11211 0.057694 0.19446 0.15098 -0.11858 0.0014143 0.17582 0.013688 0 0.03392 0.51953 0.3518 0.45487 0.32271 0.17386 -0.056608 0.39629 -0.093339 -0.064942 0.18676 0.34985 -0.062968 0.39901 0.1386 0.055018 0.040096 -0.078097 0.19824 0.068334 0.3584 0.011916 0.24243 0.024529 0.043225 -0.056582 0.021115 0.15246 0.20697 -0.099227 0.1452 0.20292 0.015645 0.67695 0.058979 0.464 0.31004 0.41992 0.2783 0.079819 -0.050858 0.38415 -0.10594 -0.093577 0.17101 0.36047
0.022177 0.070096 0.041038 0.25043 0.070942 0.060576 0.092924 0.018448 0.044442 0.2073 0.024862 0.041393 0.19605 0.053314 0.066159 0.11273 0.0061759 0.048619 0.16731 0.32967 0.070542 0.2377 0.053789 0.17239 -0.1895 0.15067 -0.169 0.038214 0.088281 0.21941 -0.041924 -0.19327 -0.027297 0.61077 0.28238 -0.15319 0.1793 0.23727 0.87858 0.03392 0 -0.14059 -0.044309 0.06189 0.44138 0.53111 0.37846 0.54165 -0.053547 0.0086141 0.38961 0.61794 0.15505 0.29328 -0.1082 0.20895 -0.0062259 0.17329 -0.27841 0.06321 -0.1891 0.053349 0.038615 0.2183 -0.10754 -0.25697 0.0361 0.58605 0.2281 -0.20691 0.048696 0.21319 0.83181 0.080466 0.92055 -0.079171 -0.065995 -0.05319 0.22432 0.47467 0.35584 0.43004 -0.13418 -0.019085 0.29827 0.52115
0.17756 0.18055 0.065895 0.0052064 0.0042887 0.23154 -0.053137 0.037835 0.12465 0.22966 0.19646 0.05435 -0.011857 0.024555 0.21585 -0.0302 0.052527 0.14967 -0.075919 0.11445 0.35074 0.23536 0.021368 0.087432 0.64514 -0.0088212 0.77577 -0.10679 0.085589 0.20768 0.32986 0.2209 0.42669 0.12505 -0.084753 -0.080379 -0.23059 0.23465 0.0027138 0.51953 -0.14059 0 0.43147 0.27676 0.32418 0.14538 -0.0021753 0.039577 0.083523 0.041161 0.096474 0.034751 -0.055696 0.095966 0.20141 0.17791 0.031043 0.03203 0.46378 -0.044907 0.73925 -0.028299 -0.042147 0.17284 0.34079 0.23096 0.35737 0.083051 -0.18276 -0.17336 -0.19919 0.22936 0.00074999 0.38994 -0.1252 0.90254 0.3359 0.15242 0.2086 -0.01537 0.017865 -0.016895 0.13063 0.035085 0.092366 0.0092715
0.074293 0.15636 0.18336 0.10683 0.06244 0.21856 -0.0087899 0.11659 0.12639 0.099529 0.18019 0.15938 0.089815 0.050288 0.20642 0.0030755 0.12838 0.12662 -0.11261 0.3114 -0.019923 0.0759 0.055035 0.052671 0.093492 -0.049611 0.4549 0.091507 0.18027 0.080011 0.36192 -0.019974 0.20332 0.067767 -0.11257 -0.17026 -0.22042 0.10582 -0.0059244 0.3518 -0.044309 0.43147 0 0.018946 0.35235 -0.016559 0.043402 -0.061331 0.016071 0.021703 0.16182 0.15887 -0.07624 0.27544 -0.1161 0.058476 0.015708 0.021494 -0.01447 -0.073519 0.41803 0.10834 0.075649 0.059119 0.3753 -0.015034 0.14686 0.048465 -0.16212 -0.25347 -0.14865 0.11281 -0.028695 0.28288 -0.048808 0.33623 0.5813 -0.024942 0.20339 -0.081105 0.058334 -0.053661 -0.0025953 0.019372 0.12218 0.14523
0.38888 0.19901 0.262 0.14307 0.073437 -0.058393 -0.17855 -0.024358 0.095089 0.49107 0.17575 0.24333 0.12218 0.022252 -0.082502 -0.1336 -0.051367 0.092406 -0.019697 0.28717 0.6901 -0.0084527 0.015956 -0.062887 0.48651 0.40236 0.020266 -0.10289 0.53566 -0.02191 -0.33547 -0.025656 0.024763 0.058947 0.61071 0.20756 0.44868 0.033408 -0.078703 0.45487 0.06189 0.27676 0.018946 0 0.47328 0.38874 -0.13592 0.66377 -0.16527 -0.11339 0.086742 0.27205 -0.0052868 0.25986 0.55289 -0.041791 0.030145 -0.08667 0.41216 0.19446 -0.034031 -0.10151 0.35257 -0.045159 -0.24507 0.0025217 -0.023135 0.037583 0.53915 0.22519 0.39755 0.031869 -0.083993 0.38124 0.0427 0.23274 0.011052 0.71074 0.26931 0.21467 -0.1015 0.46894 -0.11282 -0.15935 0.078096 0.24185
0.051695 0.18541 0.2148 0.17758 0.073553 0.1408 0.043606 0.0075095 0.08878 0.34604 0.08998 0.12346 0.14293 0.044117 0.11173 0.024676 0.013965 0.089945 0.16805 0.36614 0.42714 0.075542 0.067649 0.063545 0.36319 0.25091 0.20884 0.0017129 0.32083 0.053004 0.20947 0.29172 0.11147 0.28525 0.56268 0.22845 0.36859 0.10659 0.2278 0.32271 0.44138 0.32418 0.35235 0.47328 0 0.30778 0.13452 0.47269 0.079006 0.047472 0.18241 0.33835 -0.0017674 0.27751 0.061101 0.011079 0.029758 0.018488 -0.033357 0.056937 0.044175 0.020148 0.035991 0.034783 0.064214 -0.025939 0.080182 0.27041 0.2171 -0.071785 0.10581 0.076075 0.20567 0.15731 0.36349 0.057089 0.16238 0.036153 0.43401 0.15619 0.11928 0.22252 0.038165 0.0065819 0.16646 0.27057
0.10926 0.0953 0.049164 0.11064 0.016361 0.059396 0.025976 -0.0019222 0.031925 0.20079 0.054517 0.064251 0.095072 0.012487 0.059363 0.039719 -0.0037625 0.045036 0.073119 0.26928 0.36985 0.66797 0.074645 0.48738 0.21491 0.37844 -0.017893 0.19991 0.21999 0.67944 -0.10794 -0.17933 0.13618 0.37852 0.27763 -0.121 0.14676 0.56837 0.44004 0.17386 0.53111 0.14538 -0.016559 0.38874 0.30778 0 0.13441 0.55175 -0.083406 -0.024072 0.19567 0.38577 0.076102 0.25065 0.11233 0.64081 0.030467 0.47438 0.025199 0.30871 0.022258 0.21913 0.138 0.69137 -0.087973 -0.18728 0.13895 0.32961 0.22594 -0.13505 0.13535 0.56242 0.38719 0.18877 0.47051 0.26245 -0.0044746 0.16189 0.13922 0.92733 0.087137 0.41252 -0.087722 -0.035113 0.16338 0.32307
-0.17004 -0.095639 -0.066402 0.011156 0.0047627 0.22402 0.239 0.014376 0.0070362 -0.12383 -0.14047 -0.080565 -0.01178 -0.011346 0.19541 0.21556 0.02821 0.018429 0.70311 0.096006 0.022674 0.1443 0.096968 0.36314 0.029895 0.16449 -0.013938 0.18249 0.058547 0.18774 0.19797 0.30233 0.12344 0.23165 0.23076 -0.044232 0.23393 0.063782 0.36434 -0.056608 0.37846 -0.0021753 0.043402 -0.13592 0.13452 0.13441 0 0.13603 0.050595 0.21053 0.55965 0.36574 0.56755 0.086082 -0.13314 0.11252 0.063427 0.32498 -0.13199 0.084995 -0.052125 0.17606 0.0059956 0.18148 0.11601 0.14637 0.13497 0.2538 0.098668 -0.071636 0.1014 0.0068368 0.39742 -0.067236 0.3737 -0.025468 0.045012 -0.16752 0.020071 0.12006 0.84219 0.089065 0.0071056 0.19327 0.46814 0.30638
0.34592 0.1885 0.17448 0.23888 0.10235 -0.10592 -0.084876 -0.0097627 0.096749 0.35736 0.19103 0.18023 0.22719 0.078349 -0.13061 -0.073138 -0.041739 0.10989 0.14385 0.43034 0.37066 0.036367 0.038498 0.017259 0.074836 0.42758 -0.20976 -0.11502 0.4361 0.055395 -0.3526 -0.071318 -0.074331 0.33272 0.66158 0.051192 0.51342 0.10942 0.36022 0.39629 0.54165 0.039577 -0.061331 0.66377 0.47269 0.55175 0.13603 0 -0.13916 -0.079395 0.29757 0.63623 0.1847 0.43293 0.3184 0.011923 0.0091506 -0.013167 0.15738 0.30867 -0.20439 -0.10358 0.35007 0.038405 -0.30055 -0.022616 -0.072742 0.29191 0.66928 0.15695 0.55094 0.1071 0.29794 0.40374 0.50163 0.10089 -0.013342 0.50941 0.40379 0.45499 0.11339 0.85149 -0.10714 -0.10443 0.22746 0.57286
-0.11458 -0.051502 -0.055969 -0.079929 -0.03689 0.055612 0.069699 -0.0051804 -0.035198 -0.021113 -0.08966 -0.10309 -0.086646 -0.049032 0.03241 0.041319 -0.0033662 -0.035053 0.11489 -0.13966 0.0067062 -0.040749 0.032562 0.060859 0.16619 0.020123 0.10823 0.025176 -0.078511 -0.020385 0.26707 0.32756 0.035381 -0.075198 -0.068075 0.16229 0.030826 -0.062221 -0.008685 -0.093339 -0.053547 0.083523 0.016071 -0.16527 0.079006 -0.083406 0.050595 -0.13916 0 0.10162 -0.09872 -0.14495 0.016046 -0.1682 -0.12575 -0.0417 -0.0015954 0.048332 -0.029452 0.0029013 0.043964 0.031086 -0.1435 -0.031164 0.13347 0.1966 0.012846 -0.056238 -0.18477 0.032663 -0.12979 -0.072613 0.013572 -0.1826 -0.078659 -0.036934 -0.048344 -0.27543 -0.063429 -0.065392 0.04945 -0.19278 0.2173 0.078857 -0.04973 -0.17139
-0.070336 -0.049356 -0.062493 -0.019461 -0.016346 0.14426 0.12256 0.0013506 -0.017967 -0.006345 -0.077089 -0.087542 -0.042524 -0.011899 0.11056 0.10494 -0.016371 0.027995 0.15014 -0.049243 -0.00065043 0.0031304 0.088519 0.14824 0.1043 0.10475 0.047894 0.047328 0.0083391 0.0097213 0.18335 0.27504 0.081845 -0.0082012 0.0067459 0.085937 0.041861 -0.018495 0.048625 -0.064942 0.0086141 0.041161 0.021703 -0.11339 0.047472 -0.024072 0.21053 -0.079395 0.10162 0 0.014504 0.0064144 0.09371 -0.078034 -0.077565 -0.0093858 0.029484 0.11509 -0.0041618 0.074489 0.028043 0.035887 -0.058989 0.016062 0.12898 0.19164 0.066762 -0.0086002 -0.056087 0.0173 -0.022379 -0.040363 0.031949 -0.099832 -0.0059935 0.00043001 -0.014126 -0.15215 -0.00040431 -0.033264 0.17287 -0.10263 0.073182 0.15022 0.0019692 -0.013772
0.068033 0.15789 0.073658 0.11372 0.053234 0.097125 -0.0026616 0.032882 0.10413 0.041786 0.17444 0.070934 0.10739 0.059554 0.066851 0.0059623 0.035495 0.15097 0.11042 0.28564 -0.0085221 0.16828 0.037887 0.12234 -0.041586 -0.0014134 0.087377 0.10099 0.14466 0.24341 0.00077508 -0.13494 0.088716 0.33224 0.11718 -0.092967 0.0074513 0.26881 0.45165 0.18676 0.38961 0.096474 0.16182 0.086742 0.18241 0.19567 0.55965 0.29757 -0.09872 0.014504 0 0.49457 0.19019 0.30837 0.021472 0.15605 0.018312 0.10931 -0.0023049 -0.01143 0.076245 0.099172 0.14149 0.20862 0.049693 -0.089025 0.10574 0.33643 0.19458 -0.065901 0.10716 0.24069 0.41818 0.25133 0.38209 0.14359 0.17658 0.11241 0.1964 0.16538 0.52829 0.33991 -0.046718 -0.016051 0.62548 0.46039
0.23384 0.25312 0.17523 0.31951 0.132 0.061493 0.021695 0.073298 0.1684 0.22019 0.24701 0.18365 0.29608 0.10303 0.05918 0.035043 0.052174 0.1753 0.11938 0.56603 -0.0104 0.20175 0.087383 0.14537 -0.146 0.14898 -0.061962 0.060864 0.33789 0.22477 -0.11861 -0.23852 0.031413 0.45223 0.37136 -0.14975 0.20935 0.27872 0.56428 0.34985 0.61794 0.034751 0.15887 0.27205 0.33835 0.38577 0.36574 0.63623 -0.14495 0.0064144 0.49457 0 0.18713 0.54586 -0.019867 0.18699 0.048082 0.10426 -0.10083 0.10476 -0.040175 0.080047 0.30555 0.19837 -0.086494 -0.19657 0.044212 0.43147 0.46057 -0.10381 0.324 0.27491 0.50225 0.40274 0.59681 0.11576 0.18602 0.24682 0.29944 0.33146 0.31858 0.63454 -0.14849 -0.027905 0.38561 0.76409
-0.024955 -0.12228 -0.02879 -0.013865 -0.024227 0.037011 0.10776 -0.012106 -0.02626 -0.13956 -0.1295 -0.013275 0.0016527 -0.017831 0.036925 0.10877 -0.0010891 -0.0002663 0.64717 0.042436 0.040814 0.043556 0.015002 0.27303 0.05303 0.16504 -0.13031 0.14181 0.071599 0.062949 -0.04207 0.23317 0.017234 0.046932 0.23212 -0.054023 0.28628 -0.04646 0.08246 -0.062968 0.15505 -0.055696 -0.07624 -0.0052868 -0.0017674 0.076102 0.56755 0.1847 0.016046 0.09371 0.19019 0.18713 0 0.049738 0.12534 0.060402 0.029095 0.29024 0.13157 0.24223 -0.1237 0.10793 0.11947 0.072674 -0.01967 0.44705 0.023349 0.051607 0.36508 0.18086 0.43758 -0.067038 0.12552 -0.02669 0.19453 0.027696 -0.013896 0.066069 0.25143 0.063323 0.69423 0.16188 0.026391 0.15523 0.17879 0.16207
