0 0.34001 0.27032 0.28119 0.084284 -0.0076275 -0.092228 0.062729 0.2125 0.72561 0.41974 0.35878 0.29506 0.11259 0.0021149 -0.097032 0.043526 0.26565 -0.1571 0.23609 0.074879 -0.033432 0.027247 -0.048524 0.071356 0.1478 0.099148 0.031271 0.19598 0.0013488 -0.14892 -0.10451 0.016055 0.12028 0.10764 -0.054798 0.022322 0.11403 0.059933 0.36499 0.086306 0.18655 0.09626 0.36849 0.04657 0.18047 -0.1667 0.36295 -0.10148 -0.065246 0.045343 0.23821 -0.046222 0.28289 0.43344 -0.028994 0.037958 -0.072795 0.37762 0.25641 0.19255 0.0093668 0.33292 -0.031815 -0.026995 0.13416 0.023708 0.13392 0.40733 0.20607 0.31122 0.13122 0.061651 0.45168 0.18181 0.31564 0.17825 0.6011 0.40844 0.19717 -0.12029 0.54308 0.01048 -0.080612 0.057989 0.28927
0.34001 0 0.24718 0.27294 0.10891 0.018172 -0.078331 0.071155 0.2208 0.35316 0.48165 0.26485 0.25534 0.095593 -0.00022741 -0.093564 0.056529 0.20778 -0.10312 0.26104 0.055876 0.079346 0.024234 -0.046114 0.070414 0.054362 0.14279 0.079365 0.15247 0.12254 -0.025841 -0.096106 0.018357 0.17073 0.12526 -0.061271 0.015437 0.22266 0.13183 0.33258 0.12656 0.19388 0.16065 0.22314 0.17569 0.13022 -0.10075 0.24377 -0.043781 -0.051613 0.16986 0.29239 -0.12231 0.25673 0.06919 0.077496 0.017706 -0.070417 0.06769 0.0063259 0.12647 0.076421 0.13599 0.08206 -0.012099 -0.085616 -0.011327 0.10018 0.16654 -0.033858 0.079272 0.25467 0.08174 0.31474 0.10165 0.18271 0.14889 0.18853 0.16719 0.069208 -0.1108 0.23154 -0.044626 -0.066931 0.1553 0.26736
0.27032 0.24718 0 0.38629 0.097689 0.032573 -0.023091 0.14559 0.14073 0.28727 0.26612 0.57033 0.37164 0.066106 0.029655 -0.030344 0.11652 0.15361 -0.025486 0.20438 0.12776 -0.0034207 0.012182 -0.034864 0.03867 0.058611 0.078654 0.0044828 0.19711 0.020479 -0.0050915 -0.063077 -0.020877 0.058773 0.23993 0.00058172 0.14229 0.084623 0.014504 0.20159 0.090271 0.086767 0.17084 0.25942 0.2121 0.064138 -0.066225 0.19409 -0.049711 -0.046828 0.072893 0.18989 -0.033804 0.17765 0.11546 -0.018949 0.034648 -0.059579 0.032442 0.031219 0.060499 0.012886 0.16539 -0.0072954 -0.0018128 -0.071753 -0.014125 0.028558 0.2027 -0.022053 0.14066 0.094922 -0.0081067 0.19758 0.095681 0.072567 0.12074 0.17546 0.16405 0.015388 -0.065259 0.18371 -0.061806 -0.05057 0.082649 0.17762
0.28119 0.27294 0.38629 0 0.18857 0.012799 -0.0084717 0.10792 0.13973 0.26059 0.27792 0.3695 0.6405 0.12295 0.0054694 -0.016409 0.093375 0.14764 -0.054767 0.29891 -0.022573 0.028925 0.015069 -0.01524 -0.086737 0.023879 0.0035825 0.031975 0.14876 0.044791 -0.031664 -0.1509 -0.022068 0.19324 0.18742 -0.085728 0.062739 0.1205 0.19413 0.20945 0.29602 0.030923 0.12486 0.16811 0.17129 0.1173 -0.011191 0.25517 -0.07076 -0.017801 0.13934 0.35534 -0.020946 0.28673 0.017185 0.032192 0.014164 -0.032278 -0.050377 -0.0084294 0.011506 0.039086 0.15043 0.027488 -0.02992 -0.13244 0.0038876 0.15393 0.26642 -0.064451 0.15303 0.13968 0.12913 0.24605 0.27665 0.065338 0.12579 0.17876 0.18272 0.095858 -0.027775 0.30973 -0.066027 -0.053092 0.13013 0.34993
0.084284 0.10891 0.097689 0.18857 0 -0.0040462 -0.018688 0.020208 0.053716 0.095605 0.099985 0.10632 0.16019 0.044211 -0.004909 -0.026591 0.018051 0.057734 -0.018236 0.10236 0.002238 0.00070191 0.011577 -0.01111 -0.019318 0.0033171 -0.0075163 -0.0085966 0.070362 0.0045763 -0.027072 -0.034169 -0.010744 0.023094 0.071076 0.0023556 0.049123 0.046685 0.075736 0.09163 0.093531 0.0098908 0.053186 0.070754 0.067571 0.016453 0.0095959 0.10792 -0.029516 -0.021505 0.06127 0.14252 -0.010715 0.11068 -0.014986 -0.0056096 -0.011894 -0.030516 -0.036272 -0.008813 -0.007895 0.00042689 0.060205 -0.0079258 -0.023046 -0.045407 -0.017095 0.027285 0.086709 -0.010835 0.062042 0.047307 0.056153 0.077853 0.08105 2.9234e-06 0.024975 0.04441 0.050534 -0.0036758 -0.0079848 0.10582 -0.038099 -0.021108 0.045244 0.12722
-0.0076275 0.018172 0.032573 0.012799 -0.0040462 0 0.16643 0.02339 0.086382 0.056555 0.0051252 0.024868 0.003405 -0.016662 0.43044 0.16437 0.042829 0.07012 0.065217 0.041292 0.13648 0.097287 0.13459 0.21928 0.23668 0.12544 0.33738 0.12617 0.079921 0.12003 0.30167 0.2064 0.2744 0.074341 -0.036971 0.020528 -0.021131 0.081759 0.092313 0.098394 0.050753 0.26757 0.23385 -0.0049173 0.16616 0.080046 0.21417 -0.075639 0.055389 0.14885 0.10682 0.075665 0.033983 0.024791 0.0012413 0.0768 0.089159 0.20836 0.12695 0.087331 0.28721 0.12836 0.012688 0.10757 0.27728 0.13485 0.23195 0.067041 -0.11962 -0.054283 -0.09462 0.060011 0.097774 0.038368 0.046465 0.22126 0.15581 -0.091004 0.067835 0.046728 0.1826 -0.1134 0.05024 0.12315 0.092949 0.048668
-0.092228 -0.078331 -0.023091 -0.0084717 -0.018688 0.16643 0 -0.0086906 -0.0084961 -0.042138 -0.10057 -0.043662 -0.028079 -0.023807 0.17042 0.24958 -0.0083758 -0.029508 0.14877 -0.040929 0.047362 0.028639 0.076083 0.17494 0.061659 0.13035 -0.0029161 0.072233 0.014083 0.037957 0.16096 0.1652 0.069416 0.019542 0.018526 0.077094 0.070932 -0.012862 0.057737 -0.12012 0.064725 -0.038347 0.00051892 -0.12614 0.053875 0.028637 0.23064 -0.067717 0.041871 0.13256 0.013961 0.027543 0.092827 -0.051607 -0.068137 0.020789 0.031729 0.15477 -0.040986 0.069389 -0.028499 0.06087 -0.026184 0.033846 0.087189 0.084557 0.051023 0.02281 -0.063511 -0.020703 -0.027912 -0.031558 0.062689 -0.13991 0.06823 -0.061664 -0.023558 -0.18718 -0.029649 0.034807 0.18873 -0.13003 0.025107 0.10942 0.00059716 -0.0084746
0.062729 0.071155 0.14559 0.10792 0.020208 0.02339 -0.0086906 0 0.051674 0.042291 0.077285 0.12936 0.10425 0.0157 0.034629 0.0032091 0.10827 0.064097 -0.036876 0.087832 -0.058122 0.019723 0.0009976 -0.0080733 -0.042448 -0.019855 0.055355 0.017397 0.024029 0.010023 0.065772 -0.056157 0.025844 0.047557 -0.024142 -0.081209 -0.074954 0.046135 0.023102 0.070953 0.015469 0.047276 0.12222 -2.4566e-05 0.011365 0.0079659 0.0076245 -0.0019195 -0.0047699 0.00030762 0.04551 0.08717 -0.021157 0.076383 -0.039983 0.022994 -0.0051495 -0.00087666 -0.017952 0.0038411 0.06924 0.031366 0.030168 0.003449 0.063917 -0.036309 0.0097547 0.043878 0.001399 -0.085213 -0.01259 0.052816 0.015001 0.07988 0.034554 0.060104 0.10346 0.0194 0.033899 0.0081832 0.0151 0.055249 -0.01863 -3.3535e-05 0.056397 0.089812
0.2125 0.2208 0.14073 0.13973 0.053716 0.086382 -0.0084961 0.051674 0 0.2228 0.22498 0.12841 0.13414 0.044959 0.071506 -0.019219 0.050338 0.19246 -0.043004 0.16435 0.010921 0.06459 0.019517 0.0086149 0.03274 0.01312 0.12656 0.022955 0.079996 0.093 0.019277 -0.048842 0.0641 0.11766 0.045393 -0.056364 -0.008862 0.1656 0.094515 0.19011 0.07484 0.14996 0.13412 0.10481 0.082435 0.056699 0.0042143 0.11582 -0.029786 -0.019 0.12113 0.18626 -0.034743 0.17044 0.045992 0.057726 0.030316 -0.0082831 0.059712 0.022013 0.13938 0.018165 0.095911 0.082455 0.056845 -0.011664 0.035065 0.070031 0.090496 -0.032842 0.044122 0.17205 0.073703 0.18335 0.069219 0.17018 0.13588 0.10776 0.12409 0.027038 0.0035478 0.15149 -0.034656 -0.0029156 0.12135 0.17439
0.72561 0.35316 0.28727 0.26059 0.095605 0.056555 -0.042138 0.042291 0.2228 0 0.32363 0.28095 0.21717 0.098269 0.052333 -0.051757 0.033863 0.23151 -0.054975 0.23392 0.28028 -0.014039 0.051731 -0.075889 0.2335 0.24454 0.15176 -0.066319 0.21473 0.00056237 -0.0098769 0.07099 0.047565 0.19158 0.24804 0.10921 0.20517 0.11741 0.25475 0.31455 0.27895 0.24178 0.090777 0.47059 0.30241 0.24757 -0.12385 0.40486 -0.016488 -0.0021927 0.038986 0.2286 -0.14967 0.17263 0.14338 -0.022894 0.028326 -0.090407 0.12754 0.13625 0.10145 -0.032294 0.10867 -0.010582 -0.018764 0.017097 0.028657 0.12527 0.15124 0.040215 0.063693 0.13391 0.14465 0.26031 0.16561 0.15296 0.055431 0.23844 0.10718 0.087853 -0.10663 0.32856 -0.032532 -0.050797 0.057369 0.1918
0.41974 0.48165 0.26612 0.27792 0.099985 0.0051252 -0.10057 0.077285 0.22498 0.32363 0 0.32076 0.30465 0.11023 -0.0023062 -0.10794 0.093037 0.24676 -0.18913 0.2875 -0.0079402 0.06328 0.021542 -0.058596 0.020493 -0.0064955 0.14522 0.067601 0.1332 0.10846 -0.056154 -0.17867 0.018266 0.12043 0.044142 -0.13843 -0.057385 0.22939 0.056161 0.34308 0.074915 0.19768 0.186 0.20258 0.083123 0.099962 -0.15117 0.22988 -0.083181 -0.072223 0.16887 0.28718 -0.14031 0.3041 0.15826 0.074561 0.01017 -0.086166 0.15655 0.011424 0.19104 0.046389 0.19475 0.071389 -0.0037177 -0.057495 0.013813 0.12952 0.24943 -0.0033806 0.15746 0.26693 0.040295 0.39653 0.11395 0.26397 0.20289 0.31141 0.26686 0.080193 -0.12654 0.3238 -0.034005 -0.094813 0.17185 0.30859
0.35878 0.26485 0.57033 0.3695 0.10632 0.024868 -0.043662 0.12936 0.12841 0.28095 0.32076 0 0.39454 0.084319 0.027251 -0.032601 0.14492 0.15281 -0.074423 0.20682 0.069919 -0.029179 -0.0054954 -0.051314 0.004288 0.037846 0.080651 0.016947 0.19145 0.0036801 -0.046499 -0.12868 -0.023418 0.040408 0.20002 -0.041929 0.10869 0.084103 0.011283 0.22245 0.070344 0.067479 0.17377 0.23455 0.12565 0.077328 -0.090648 0.19031 -0.083915 -0.066961 0.07049 0.19862 -0.03296 0.2378 0.19093 -0.051591 0.022487 -0.072073 0.092392 0.064186 0.085166 0.00087541 0.23931 -0.024972 -0.00081046 -0.043115 0.010608 0.043149 0.28318 0.051573 0.22843 0.094498 -0.040735 0.26647 0.084157 0.11825 0.18353 0.28715 0.23791 0.037023 -0.085501 0.24998 -0.054557 -0.052729 0.06203 0.21984
0.29506 0.25534 0.37164 0.6405 0.16019 0.003405 -0.028079 0.10425 0.13414 0.21717 0.30465 0.39454 0 0.14338 0.0090336 -0.0080766 0.11463 0.15492 -0.062464 0.27099 -0.033989 0.027522 0.017865 -0.018691 -0.09538 0.0084194 -0.010583 0.057559 0.1373 0.042316 -0.069884 -0.16412 -0.022133 0.1673 0.15623 -0.10372 0.045988 0.12089 0.12303 0.21689 0.23339 0.01345 0.10891 0.14322 0.12508 0.10401 -0.034411 0.23411 -0.088113 -0.044888 0.13257 0.32717 0.0039043 0.29322 0.031374 0.022477 0.016911 -0.016884 -0.038862 0.035265 0.00062074 0.054506 0.18805 0.02469 -0.042145 -0.11864 -0.004287 0.15949 0.29914 -0.047032 0.19111 0.14013 0.12639 0.25193 0.30127 0.065262 0.12577 0.20082 0.19396 0.10104 0.00098273 0.32881 -0.08718 -0.046593 0.13139 0.38292
0.11259 0.095593 0.066106 0.12295 0.044211 -0.016662 -0.023807 0.0157 0.044959 0.098269 0.11023 0.084319 0.14338 0 -0.0086927 -0.02802 0.0069588 0.08932 -0.026747 0.12898 -0.041097 0.011453 0.0108 -0.018101 -0.029076 -0.018112 0.011553 -0.0096694 0.035034 0.014458 -0.032809 -0.057048 -0.0026441 0.057403 0.028124 -0.042954 -0.0081178 0.05532 0.060385 0.086796 0.067852 0.035592 0.053453 0.045832 0.05012 0.017331 -0.012677 0.082729 -0.038847 -0.010667 0.075277 0.12236 -0.019138 0.10606 0.0039194 0.011866 0.006025 -0.021205 -0.0052615 -0.0066878 0.022348 -0.0095663 0.033537 0.016781 -0.010976 -0.030384 -0.0072815 0.065619 0.080519 -0.031439 0.060622 0.069614 0.063694 0.090206 0.085512 0.046643 0.068853 0.068116 0.092563 0.0053827 -0.010887 0.12026 -0.024419 -0.02398 0.062866 0.13463
0.0021149 -0.00022741 0.029655 0.0054694 -0.004909 0.43044 0.17042 0.034629 0.071506 0.052333 -0.0023062 0.027251 0.0090336 -0.0086927 0 0.20738 0.040227 0.067911 0.051517 0.033828 0.12509 0.085387 0.10957 0.22747 0.22136 0.12829 0.3214 0.12348 0.081188 0.1009 0.30516 0.17453 0.27139 0.074335 -0.041251 -0.014116 -0.043798 0.064827 0.078146 0.082502 0.052007 0.25523 0.24009 -0.023445 0.14911 0.07779 0.21268 -0.087419 0.041471 0.13437 0.089028 0.074438 0.044062 0.039055 0.050995 0.073774 0.10593 0.22137 0.16157 0.13165 0.30401 0.10972 0.051735 0.09466 0.2714 0.15781 0.27543 0.065742 -0.088966 -0.05023 -0.072202 0.054569 0.10532 0.064869 0.047692 0.24533 0.17404 -0.063687 0.090572 0.071806 0.20313 -0.08948 0.03238 0.14107 0.091264 0.072557
-0.097032 -0.093564 -0.030344 -0.016409 -0.026591 0.16437 0.24958 0.0032091 -0.019219 -0.051757 -0.10794 -0.032601 -0.0080766 -0.02802 0.20738 0 0.015172 -0.00657 0.1139 -0.036896 0.044092 0.028215 0.071862 0.16801 0.043442 0.12004 -0.0098577 0.029063 0.013022 0.032134 0.13507 0.12832 0.090117 0.020242 0.0043314 0.046779 0.050555 -0.050885 0.041454 -0.10882 0.066567 -0.031276 0.0049876 -0.10915 0.038253 0.03126 0.19939 -0.07075 0.040533 0.10867 0.0092605 0.02108 0.10419 -0.040322 -0.027781 0.017338 0.041425 0.17849 -0.013954 0.11722 -0.025697 0.025926 -0.0069312 0.02855 0.099893 0.089617 0.09554 0.024608 -0.028151 -0.0083113 0.0086094 -0.058695 0.061451 -0.12834 0.073437 -0.05269 -0.027247 -0.14701 -0.019655 0.04104 0.20753 -0.09478 0.022857 0.13195 0.00072567 0.016599
0.043526 0.056529 0.11652 0.093375 0.018051 0.042829 -0.0083758 0.10827 0.050338 0.033863 0.093037 0.14492 0.11463 0.0069588 0.040227 0.015172 0 0.065604 -0.025551 0.086675 -0.047641 0.028387 0.017022 -0.0031291 -0.017625 -0.034344 0.079198 0.032832 0.016996 0.031161 0.05548 -0.067415 0.0094031 0.028188 -0.020107 -0.08183 -0.063108 0.045033 0.0085629 0.064536 -0.0034341 0.072708 0.12459 -0.011718 0.016766 0.0027477 0.014868 -0.028746 -0.015096 -0.012876 0.043889 0.063941 -0.011259 0.07721 -0.036105 0.02807 0.0068928 0.015544 -0.017575 -0.014132 0.06752 0.027662 0.023585 0.021427 0.046911 -0.036161 0.021732 0.032068 -0.010475 -0.10276 -0.026243 0.049067 -0.0025902 0.070818 0.0012746 0.070796 0.11548 0.016994 0.015875 0.0032002 0.022051 0.017101 -0.02069 -0.0046128 0.047689 0.068593
0.26565 0.20778 0.15361 0.14764 0.057734 0.07012 -0.029508 0.064097 0.19246 0.23151 0.24676 0.15281 0.15492 0.08932 0.067911 -0.00657 0.065604 0 -0.060852 0.16379 0.037123 0.05018 0.044654 0.015613 0.056842 0.035334 0.11703 0.021986 0.093369 0.088435 0.015964 -0.027003 0.070093 0.089361 0.034009 -0.049928 -0.0024125 0.15872 0.077934 0.18541 0.068656 0.153 0.13398 0.11883 0.082662 0.064036 0.016393 0.13857 -0.033901 0.026232 0.16528 0.19266 -0.0072322 0.18225 0.1003 0.06138 0.026037 0.013916 0.10536 0.045359 0.14292 0.026432 0.11508 0.078989 0.062839 0.017953 0.05668 0.10661 0.12204 0.010694 0.088794 0.17527 0.074377 0.20129 0.088414 0.18718 0.139 0.15113 0.15779 0.058898 0.023856 0.17554 -0.00069687 0.0033602 0.1328 0.21581
-0.1571 -0.10312 -0.025486 -0.054767 -0.018236 0.065217 0.14877 -0.036876 -0.043004 -0.054975 -0.18913 -0.074423 -0.062464 -0.026747 0.051517 0.1139 -0.025551 -0.060852 0 -0.045 0.25498 0.03788 0.040378 0.25413 0.22038 0.27459 -0.14989 0.084173 0.082784 0.068531 0.027447 0.59185 -0.00345 -0.012949 0.50241 0.26549 0.56607 -0.033272 0.061549 -0.095212 0.14858 -0.057744 -0.13501 0.012185 0.21936 0.071057 0.70924 0.22556 0.12511 0.16852 0.14029 0.10409 0.63215 -0.064139 0.031191 0.021183 0.019537 0.20884 0.017431 0.18495 -0.19081 0.090672 -0.00055732 0.060073 -0.052952 0.33178 0.01623 0.00074977 0.18961 0.17127 0.25257 -0.062032 0.10737 -0.17273 0.10661 -0.14162 -0.12084 -0.11403 0.025654 0.050703 0.58541 0.014098 0.06001 0.16568 0.1521 0.0663
0.23609 0.26104 0.20438 0.29891 0.10236 0.041292 -0.040929 0.087832 0.16435 0.23392 0.2875 0.20682 0.27099 0.12898 0.033828 -0.036896 0.086675 0.16379 -0.045 0 -0.10473 0.17124 0.054831 0.028559 -0.11506 -0.008805 0.0035945 0.047618 0.21145 0.19124 -0.095382 -0.26521 0.0072547 0.38398 0.21261 -0.21439 0.013614 0.28462 0.32189 0.41365 0.40136 0.092534 0.27429 0.26471 0.33064 0.27217 0.060162 0.37779 -0.12757 -0.039122 0.29139 0.56851 0.020515 0.58911 -0.1026 0.18072 0.013121 0.012709 -0.11695 0.0099711 0.044325 0.05599 0.18073 0.16471 -0.0506 -0.23909 0.02379 0.35975 0.30859 -0.24206 0.12632 0.28428 0.27825 0.43779 0.39638 0.15609 0.27409 0.2366 0.29305 0.22225 0.059692 0.4656 -0.15548 -0.078682 0.24096 0.55636
0.074879 0.055876 0.12776 -0.022573 0.002238 0.13648 0.047362 -0.058122 0.010921 0.28028 -0.0079402 0.069919 -0.033989 -0.041097 0.12509 0.044092 -0.047641 0.037123 0.25498 -0.10473 0 -0.14718 0.067609 0.17425 0.73381 0.5697 0.19531 -0.082138 0.28717 -0.092772 0.10752 0.49304 0.16191 -0.070816 0.56767 0.47393 0.55874 -0.126 -0.0044063 0.11278 0.13594 0.31962 -0.04607 0.70865 0.43615 0.39495 0.04794 0.4844 0.03567 0.0023188 -0.021268 -0.041496 0.035298 -0.11894 0.6591 -0.19776 0.062793 0.10268 0.53621 0.31293 0.062948 -0.039886 0.09736 -0.088787 0.050378 0.31225 0.1205 -0.067387 0.26766 0.36563 0.22372 -0.1257 0.0074667 -0.014869 0.055149 0.16193 -0.12577 0.28702 0.11277 0.17499 0.034541 0.10377 0.086942 0.019165 -0.0056539 -0.096637
-0.033432 0.079346 -0.0034207 0.028925 0.00070191 0.097287 0.028639 0.019723 0.06459 -0.014039 0.06328 -0.029179 0.027522 0.011453 0.085387 0.028215 0.028387 0.05018 0.03788 0.17124 -0.14718 0 0.020806 0.36492 0.050385 -0.13055 0.11838 0.28465 0.032053 0.92399 0.012481 -0.14547 0.15741 0.34771 -0.070846 -0.18552 -0.14029 0.88519 0.29742 0.074657 0.28341 0.26795 0.070829 -0.037626 0.070935 0.65626 0.19551 0.0066129 -0.029637 0.023277 0.19604 0.23015 0.094029 0.16513 -0.23473 0.97495 0.00182 0.40209 -0.05859 -0.071197 0.15107 0.34043 -0.015118 0.91549 -0.013954 -0.17873 0.16806 0.3256 -0.08936 -0.25586 -0.1433 0.84362 0.35326 0.072354 0.31019 0.3175 0.083626 -0.087481 -0.0021712 0.60767 0.17813 0.057665 -0.069593 0.018471 0.16526 0.20942
0.027247 0.024234 0.012182 0.015069 0.011577 0.13459 0.076083 0.0009976 0.019517 0.051731 0.021542 -0.0054954 0.017865 0.0108 0.10957 0.071862 0.017022 0.044654 0.040378 0.054831 0.067609 0.020806 0 0.16284 0.11166 0.14402 0.059671 0.038193 0.097488 0.044987 0.091728 0.10512 0.097866 0.034458 0.068281 0.038642 0.070876 0.028255 0.049783 0.047733 0.059084 0.048424 0.0628 0.04514 0.0709 0.09389 0.11055 0.065719 0.0326 0.10492 0.050929 0.10531 0.018495 0.026706 0.036113 0.010048 0.059223 0.1336 0.072396 0.11715 0.059841 0.030604 0.05978 0.042532 0.083799 0.071236 0.086585 0.010063 0.056155 0.010147 0.048867 0.019506 0.041232 0.038839 0.050962 0.061716 0.034488 -0.0036106 0.048009 0.077933 0.080515 0.040813 0.020058 0.05064 0.030953 0.093722
-0.048524 -0.046114 -0.034864 -0.01524 -0.01111 0.21928 0.17494 -0.0080733 0.0086149 -0.075889 -0.058596 -0.051314 -0.018691 -0.018101 0.22747 0.16801 -0.0031291 0.015613 0.25413 0.028559 0.17425 0.36492 0.16284 0 0.31103 0.3441 0.078881 0.56099 0.10014 0.53755 0.17069 0.19944 0.32694 0.10743 0.12427 0.04043 0.099845 0.31845 0.10419 -0.047122 0.14627 0.11029 0.045167 -0.026727 0.09373 0.52082 0.3441 -0.0028497 0.0667 0.15358 0.12076 0.13556 0.24977 0.046955 0.044444 0.3334 0.11066 0.81042 0.18446 0.34969 0.08436 0.51642 0.072136 0.53356 0.13282 0.18165 0.34481 0.11969 0.10987 -0.031759 0.14162 0.25088 0.16181 -0.037533 0.19324 0.16231 0.041951 -0.077356 0.055777 0.52265 0.27742 -0.0046289 0.040664 0.13721 0.092726 0.10192
0.071356 0.070414 0.03867 -0.086737 -0.019318 0.23668 0.061659 -0.042448 0.03274 0.2335 0.020493 0.004288 -0.09538 -0.029076 0.22136 0.043442 -0.017625 0.056842 0.22038 -0.11506 0.73381 0.050385 0.11166 0.31103 0 0.5234 0.55662 0.045216 0.18451 0.10179 0.32003 0.63717 0.41163 -0.02232 0.24941 0.36487 0.26564 0.012688 -0.054059 0.22423 -0.096878 0.71885 0.12754 0.53125 0.3917 0.385 0.078997 0.25212 0.16981 0.09967 -0.00075557 -0.090194 0.040098 -0.13467 0.50692 -0.022784 0.069206 0.22207 0.75437 0.3128 0.43371 0.050718 0.044656 0.089577 0.27105 0.52107 0.33058 -0.032657 0.044463 0.23717 0.074636 -0.0002895 -0.053242 0.07317 -0.12069 0.54088 0.037169 0.16675 0.1685 0.17667 0.050838 -0.0098023 0.21613 0.13062 0.01545 -0.13476
0.1478 0.054362 0.058611 0.023879 0.0033171 0.12544 0.13035 -0.019855 0.01312 0.24454 -0.0064955 0.037846 0.0084194 -0.018112 0.12829 0.12004 -0.034344 0.035334 0.27459 -0.008805 0.5697 -0.13055 0.14402 0.3441 0.5234 0 -0.0066259 0.08801 0.26048 -0.071346 0.07374 0.4609 0.11468 -0.020505 0.44584 0.39735 0.48814 -0.11285 0.030961 0.038087 0.1504 -0.017678 -0.07905 0.39977 0.23346 0.38605 0.16903 0.44339 0.026886 0.12012 -0.002763 0.10163 0.11959 -0.018894 0.33204 -0.16151 0.093697 0.25814 0.31937 0.56372 -0.10086 0.055791 0.13937 -0.068344 -0.0049163 0.29764 0.05636 -0.035526 0.26616 0.25657 0.32668 -0.12625 0.014517 -0.0095013 0.081397 -0.053826 -0.11249 0.12606 0.029617 0.26618 0.12494 0.21106 0.051982 0.085232 0.0083438 0.047974
0.099148 0.14279 0.078654 0.0035825 -0.0075163 0.33738 -0.0029161 0.055355 0.12656 0.15176 0.14522 0.080651 -0.010583 0.011553 0.3214 -0.0098577 0.079198 0.11703 -0.14989 0.0035945 0.19531 0.11838 0.059671 0.078881 0.55662 -0.0066259 0 0.010026 0.038825 0.1144 0.51138 0.23749 0.39334 0.074496 -0.22717 -0.040926 -0.23746 0.14097 0.034461 0.42188 -0.14976 0.82454 0.47577 0.091277 0.25917 -0.010793 -0.0012319 -0.15985 0.14375 0.052418 0.11256 -0.041542 -0.1383 0.0042276 0.084136 0.080141 0.058514 0.060107 0.37576 -0.046085 0.77533 0.036171 -0.025564 0.10098 0.47448 0.23982 0.31534 0.050919 -0.31205 -0.10956 -0.26824 0.16247 0.044101 0.28539 -0.14074 0.72272 0.34178 -0.03823 0.1856 -0.10937 0.014286 -0.2099 0.11842 0.068175 0.091798 -0.063229
0.031271 0.079365 0.0044828 0.031975 -0.0085966 0.12617 0.072233 0.017397 0.022955 -0.066319 0.067601 0.016947 0.057559 -0.0096694 0.12348 0.029063 0.032832 0.021986 0.084173 0.047618 -0.082138 0.28465 0.038193 0.56099 0.045216 0.08801 0.010026 0 0.054833 0.44466 0.089769 0.0074295 0.052546 0.068922 3.2011e-05 -0.01575 0.010189 0.35187 0.041469 0.028911 0.08958 -0.035099 0.073071 -0.10496 -0.024805 0.33905 0.19377 -0.10949 0.0089715 0.053864 0.13156 0.13047 0.15848 0.090727 -0.066492 0.29616 0.030274 0.57801 0.0058344 0.17584 0.013819 0.95395 0.086284 0.38214 0.058378 0.041038 0.090151 0.07672 0.10686 -0.028782 0.106 0.35023 0.12578 0.042763 0.17848 0.016696 0.072674 -0.062422 0.0092471 0.41294 0.15606 0.037308 0.02095 0.042383 0.10653 0.14115
0.19598 0.15247 0.19711 0.14876 0.070362 0.079921 0.014083 0.024029 0.079996 0.21473 0.1332 0.19145 0.1373 0.035034 0.081188 0.013022 0.016996 0.093369 0.082784 0.21145 0.28717 0.032053 0.097488 0.10014 0.18451 0.26048 0.038825 0.054833 0 0.04646 0.053055 0.093671 0.051924 0.065132 0.43837 0.30276 0.47632 0.092578 0.024421 0.26435 0.12056 0.091403 0.20084 0.45439 0.30194 0.19213 0.073102 0.40807 -0.035533 0.049589 0.13382 0.32838 0.075437 0.20178 0.22283 0.014164 0.055828 0.067639 0.14881 0.1675 -0.013562 0.051343 0.39946 0.035669 0.039702 0.06352 0.013743 0.038494 0.37035 0.23184 0.43417 0.085575 0.027337 0.19947 0.10081 0.066047 0.1548 0.27454 0.21983 0.090326 0.060177 0.28325 0.0076607 -0.0043795 0.12075 0.30925
0.0013488 0.12254 0.020479 0.044791 0.0045763 0.12003 0.037957 0.010023 0.093 0.00056237 0.10846 0.0036801 0.042316 0.014458 0.1009 0.032134 0.031161 0.088435 0.068531 0.19124 -0.092772 0.92399 0.044987 0.53755 0.10179 -0.071346 0.1144 0.44466 0.04646 0 0.032938 -0.12375 0.21534 0.35593 -0.033752 -0.16779 -0.083646 0.92017 0.32044 0.099966 0.27973 0.23959 0.082732 -0.027228 0.069831 0.67193 0.22116 0.042325 -0.015833 0.01975 0.26224 0.26591 0.096447 0.17487 -0.16748 0.91429 0.012749 0.541 0.0053566 0.008423 0.15176 0.48117 0.027077 0.93018 0.0015208 -0.13125 0.23047 0.3258 -0.0055429 -0.21242 -0.056989 0.88279 0.36915 0.10585 0.31584 0.31107 0.088388 -0.062169 0.02481 0.64318 0.19093 0.12869 -0.044582 0.0038023 0.22345 0.24457
-0.14892 -0.025841 -0.0050915 -0.031664 -0.027072 0.30167 0.16096 0.065772 0.019277 -0.0098769 -0.056154 -0.046499 -0.069884 -0.032809 0.30516 0.13507 0.05548 0.015964 0.027447 -0.095382 0.10752 0.012481 0.091728 0.17069 0.32003 0.07374 0.51138 0.089769 0.053055 0.032938 0 0.38489 0.27557 -0.010573 -0.16899 0.085598 -0.089597 -0.003997 0.014658 -0.0068449 -0.081559 0.40709 0.40282 -0.21675 0.26387 -0.097407 0.19135 -0.30056 0.28403 0.18328 0.027066 -0.089412 -0.035918 -0.1215 -0.14757 -0.0015948 0.041046 0.17535 0.077986 0.016338 0.38333 0.11589 -0.091162 0.028276 0.56206 0.25048 0.22497 -0.020498 -0.35773 -0.096717 -0.27145 -0.016939 0.036816 -0.11586 -0.096453 0.23118 0.22926 -0.38908 0.03423 -0.12289 0.15394 -0.36783 0.20982 0.17324 0.024078 -0.12554
-0.10451 -0.096106 -0.063077 -0.1509 -0.034169 0.2064 0.1652 -0.056157 -0.048842 0.07099 -0.17867 -0.12868 -0.16412 -0.057048 0.17453 0.12832 -0.067415 -0.027003 0.59185 -0.26521 0.49304 -0.14547 0.10512 0.19944 0.63717 0.4609 0.23749 0.0074295 0.093671 -0.12375 0.38489 0 0.15233 -0.18161 0.22052 0.59404 0.38876 -0.19748 -0.10601 -0.062558 -0.1365 0.27705 0.0055049 0.042734 0.38402 -0.10235 0.36478 0.11895 0.32055 0.27878 -0.084293 -0.1948 0.23963 -0.28675 0.19151 -0.19101 0.07295 0.14414 0.32923 0.28299 0.077009 0.018362 -0.05469 -0.11069 0.21494 0.7466 0.091108 -0.17212 -0.12291 0.39733 0.0045371 -0.21979 -0.085322 -0.20931 -0.18045 0.012455 -0.098601 -0.23475 0.07094 -0.14322 0.2636 -0.21019 0.31074 0.27046 -0.054456 -0.22053
0.016055 0.018357 -0.020877 -0.022068 -0.010744 0.2744 0.069416 0.025844 0.0641 0.047565 0.018266 -0.023418 -0.022133 -0.0026441 0.27139 0.090117 0.0094031 0.070093 -0.00345 0.0072547 0.16191 0.15741 0.097866 0.32694 0.41163 0.11468 0.39334 0.052546 0.051924 0.21534 0.27557 0.15233 0 0.099454 -0.05281 -0.02856 -0.072423 0.13735 0.052094 0.070877 -0.033222 0.4466 0.21429 0.060314 0.14211 0.14518 0.14074 -0.067256 0.056173 0.093264 0.087137 0.034507 0.031857 -0.00044312 0.11535 0.12035 0.072129 0.27884 0.30516 0.10627 0.38504 0.055775 0.010673 0.20893 0.27966 0.17888 0.43769 0.076194 -0.08278 -0.03271 -0.043707 0.11495 0.037171 0.045963 -0.027415 0.42124 0.15492 -0.010173 0.12645 0.082834 0.13384 -0.08706 0.079359 0.10289 0.06068 -0.0028304
0.12028 0.17073 0.058773 0.19324 0.023094 0.074341 0.019542 0.047557 0.11766 0.19158 0.12043 0.040408 0.1673 0.057403 0.074335 0.020242 0.028188 0.089361 -0.012949 0.38398 -0.070816 0.34771 0.034458 0.10743 -0.02232 -0.020505 0.074496 0.068922 0.065132 0.35593 -0.010573 -0.18161 0.099454 0 0.13228 -0.20223 -0.0022724 0.41618 0.51495 0.26916 0.58365 0.20388 0.094083 0.15164 0.31468 0.37488 0.17242 0.33386 -0.063642 -0.0067646 0.35591 0.47402 0.038664 0.34217 -0.097237 0.32162 0.0048719 0.090965 -0.0623 -0.026981 0.098215 0.059355 0.03827 0.32084 -0.022312 -0.1937 0.13051 0.76677 0.1766 -0.21961 0.062233 0.39464 0.44031 0.3207 0.51984 0.25744 0.084274 0.12851 0.24926 0.29954 0.1701 0.39058 -0.093604 -0.030937 0.30922 0.44402
0.10764 0.12526 0.23993 0.18742 0.071076 -0.036971 0.018526 -0.024142 0.045393 0.24804 0.044142 0.20002 0.15623 0.028124 -0.041251 0.0043314 -0.020107 0.034009 0.50241 0.21261 0.56767 -0.070846 0.068281 0.12427 0.24941 0.44584 -0.22717 3.2011e-05 0.43837 -0.033752 -0.16899 0.22052 -0.05281 0.13228 0 0.39917 0.84465 0.006016 0.095971 0.10044 0.37522 -0.088737 -0.11418 0.57601 0.51083 0.3031 0.22954 0.6822 -0.049356 0.0092705 0.12058 0.38243 0.24411 0.19596 0.34402 -0.091563 0.029144 0.059388 0.11186 0.21272 -0.294 0.0035328 0.28608 -0.037181 -0.2115 0.039747 -0.054659 0.11071 0.66653 0.2603 0.60594 -0.0087941 0.096639 0.034365 0.31235 -0.14829 -0.11837 0.24179 0.24554 0.18525 0.17238 0.45401 -0.043707 -0.032473 0.12316 0.3325
-0.054798 -0.061271 0.00058172 -0.085728 0.0023556 0.020528 0.077094 -0.081209 -0.056364 0.10921 -0.13843 -0.041929 -0.10372 -0.042954 -0.014116 0.046779 -0.08183 -0.049928 0.26549 -0.21439 0.47393 -0.18552 0.038642 0.04043 0.36487 0.39735 -0.040926 -0.01575 0.30276 -0.16779 0.085598 0.59404 -0.02856 -0.20223 0.39917 0 0.63031 -0.17076 -0.13906 -0.11303 -0.072774 -0.081213 -0.16506 0.20246 0.24049 -0.075741 0.015856 0.21254 0.16085 0.08202 -0.08224 -0.11815 -0.0094029 -0.23079 0.19386 -0.20071 0.043324 0.0078046 0.11461 0.17986 -0.19964 -0.013239 0.11545 -0.16245 -0.02482 0.2704 -0.041224 -0.1865 0.084158 0.56623 0.22892 -0.182 -0.10717 -0.22066 -0.10197 -0.28731 -0.23872 -0.13239 -0.084063 -0.13916 -0.016242 -0.067356 0.12622 0.070718 -0.067366 -0.13308
0.022322 0.015437 0.14229 0.062739 0.049123 -0.021131 0.070932 -0.074954 -0.008862 0.20517 -0.057385 0.10869 0.045988 -0.0081178 -0.043798 0.050555 -0.063108 -0.0024125 0.56607 0.013614 0.55874 -0.14029 0.070876 0.099845 0.26564 0.48814 -0.23746 0.010189 0.47632 -0.083646 -0.089597 0.38876 -0.072423 -0.0022724 0.84465 0.63031 0 -0.083901 -0.025743 -0.03605 0.24102 -0.21052 -0.20443 0.42152 0.37094 0.16957 0.21921 0.55967 0.045802 0.03937 0.010646 0.19226 0.25677 -0.034733 0.29444 -0.15182 0.050085 0.038401 0.016224 0.24517 -0.3362 0.016881 0.27221 -0.094179 -0.1707 0.10652 -0.082388 -0.014346 0.48891 0.46567 0.59654 -0.096602 0.012695 -0.13249 0.15285 -0.31979 -0.22305 0.072156 0.015297 0.06985 0.14767 0.22973 -0.014152 0.0014972 0.03538 0.15129
0.11403 0.22266 0.084623 0.1205 0.046685 0.081759 -0.012862 0.046135 0.1656 0.11741 0.22939 0.084103 0.12089 0.05532 0.064827 -0.050885 0.045033 0.15872 -0.033272 0.28462 -0.126 0.88519 0.028255 0.31845 0.012688 -0.11285 0.14097 0.35187 0.092578 0.92017 -0.003997 -0.19748 0.13735 0.41618 0.006016 -0.17076 -0.083901 0 0.40198 0.22158 0.36355 0.27047 0.12322 0.021118 0.10409 0.58794 0.11761 0.12801 -0.056995 -0.017444 0.3127 0.35963 -0.0036951 0.2784 -0.15928 0.85065 0.0044544 0.32672 -0.03339 -0.048989 0.17908 0.4161 0.081177 0.8825 -0.0084222 -0.19336 0.14731 0.38948 0.045792 -0.19099 -0.032184 0.96715 0.44064 0.24074 0.40353 0.332 0.13917 0.025045 0.081849 0.55803 0.092573 0.26262 -0.065004 -0.048822 0.27912 0.3534
0.059933 0.13183 0.014504 0.19413 0.075736 0.092313 0.057737 0.023102 0.094515 0.25475 0.056161 0.011283 0.12303 0.060385 0.078146 0.041454 0.0085629 0.077934 0.061549 0.32189 -0.0044063 0.29742 0.049783 0.10419 -0.054059 0.030961 0.034461 0.041469 0.024421 0.32044 0.014658 -0.10601 0.052094 0.51495 0.095971 -0.13906 -0.025743 0.40198 0 0.097503 0.88581 0.088656 0.014544 0.065388 0.31176 0.42589 0.31821 0.39458 -0.0082591 0.044864 0.47993 0.59737 0.061223 0.27967 -0.14843 0.26324 0.0031083 0.087047 -0.13488 -0.024352 0.016371 0.027302 -0.024199 0.28464 -0.025253 -0.18671 0.071815 0.46531 0.078595 -0.21956 -0.079545 0.36484 0.89232 0.13046 0.78256 0.096226 -0.0056374 -0.036448 0.15237 0.32715 0.27259 0.37029 -0.089024 -0.011059 0.39201 0.49285
0.36499 0.33258 0.20159 0.20945 0.09163 0.098394 -0.12012 0.070953 0.19011 0.31455 0.34308 0.22245 0.21689 0.086796 0.082502 -0.10882 0.064536 0.18541 -0.095212 0.41365 0.11278 0.074657 0.047733 -0.047122 0.22423 0.038087 0.42188 0.028911 0.26435 0.099966 -0.0068449 -0.062558 0.070877 0.26916 0.10044 -0.11303 -0.03605 0.22158 0.097503 0 0.085081 0.54739 0.36811 0.43986 0.30097 0.169 -0.068257 0.36282 -0.068028 -0.045961 0.20462 0.35097 -0.072011 0.3843 0.16559 0.078086 0.046004 -0.05787 0.26361 0.064276 0.41949 0.033757 0.24327 0.059123 0.093123 0.029511 0.037318 0.21632 0.18445 -0.07247 0.10748 0.24019 0.076357 0.69301 0.10652 0.51948 0.3365 0.43415 0.34605 0.067052 -0.042607 0.37541 -0.073693 -0.07723 0.18976 0.36203
0.086306 0.12656 0.090271 0.29602 0.093531 0.050753 0.064725 0.015469 0.07484 0.27895 0.074915 0.070344 0.23339 0.067852 0.052007 0.066567 -0.0034341 0.068656 0.14858 0.40136 0.13594 0.28341 0.059084 0.14627 -0.096878 0.1504 -0.14976 0.08958 0.12056 0.27973 -0.081559 -0.1365 -0.033222 0.58365 0.37522 -0.072774 0.24102 0.36355 0.88581 0.085081 0 -0.084877 -0.045327 0.15967 0.47074 0.51134 0.31031 0.54727 -0.050917 0.017088 0.41083 0.63211 0.12533 0.3512 -0.062112 0.24857 0.003346 0.12449 -0.20564 0.037097 -0.15725 0.088183 0.065707 0.26018 -0.1323 -0.24034 0.024447 0.55474 0.33311 -0.18885 0.11821 0.33469 0.81722 0.11881 0.91101 -0.033226 -0.05416 0.04027 0.26887 0.44793 0.26633 0.48563 -0.11638 -0.033057 0.32563 0.54979
0.18655 0.19388 0.086767 0.030923 0.0098908 0.26757 -0.038347 0.047276 0.14996 0.24178 0.19768 0.067479 0.01345 0.035592 0.25523 -0.031276 0.072708 0.153 -0.057744 0.092534 0.31962 0.26795 0.048424 0.11029 0.71885 -0.017678 0.82454 -0.035099 0.091403 0.23959 0.40709 0.27705 0.4466 0.20388 -0.088737 -0.081213 -0.21052 0.27047 0.088656 0.54739 -0.084877 0 0.4454 0.31838 0.37907 0.17257 0.031381 0.072913 0.14003 0.052437 0.12043 0.049483 -0.041805 0.078109 0.21217 0.22178 0.054696 0.093224 0.56096 -0.018934 0.78084 0.035894 0.0010473 0.2264 0.40569 0.33255 0.36771 0.15095 -0.1958 -0.11191 -0.21612 0.2736 0.071326 0.42307 -0.081489 0.92463 0.35589 0.15415 0.3323 0.012657 0.054296 -0.0066464 0.15362 0.081192 0.12437 0.021787
0.09626 0.16065 0.17084 0.12486 0.053186 0.23385 0.00051892 0.12222 0.13412 0.090777 0.186 0.17377 0.10891 0.053453 0.24009 0.0049876 0.12459 0.13398 -0.13501 0.27429 -0.04607 0.070829 0.0628 0.045167 0.12754 -0.07905 0.47577 0.073071 0.20084 0.082732 0.40282 0.0055049 0.21429 0.094083 -0.11418 -0.16506 -0.20443 0.12322 0.014544 0.36811 -0.045327 0.4454 0 0.055649 0.35338 -0.037779 0.040898 -0.067942 0.04728 0.043147 0.15696 0.1801 -0.084775 0.26346 -0.067573 0.059613 0.048011 0.032649 0.069465 -0.05281 0.43685 0.077128 0.14575 0.063131 0.42794 0.07713 0.16166 0.075231 -0.11101 -0.17696 -0.11566 0.11995 0.0052202 0.31422 -0.029259 0.38777 0.57945 0.030912 0.32099 -0.08305 0.066143 -0.030379 0.028696 0.052305 0.13842 0.16913
0.36849 0.22314 0.25942 0.16811 0.070754 -0.0049173 -0.12614 -2.4566e-05 0.10481 0.47059 0.20258 0.23455 0.14322 0.045832 -0.023445 -0.10915 -0.011718 0.11883 0.012185 0.26471 0.70865 -0.037626 0.04514 -0.026727 0.53125 0.39977 0.091277 -0.10496 0.45439 -0.027228 -0.21675 0.042734 0.060314 0.15164 0.57601 0.20246 0.42152 0.021118 0.065388 0.43986 0.15967 0.31838 0.055649 0 0.48543 0.42003 -0.11628 0.68727 -0.12287 -0.094916 0.081863 0.26544 -0.018894 0.22547 0.54726 -0.060502 0.035087 -0.056014 0.44115 0.22422 0.031435 -0.082304 0.28561 -0.044861 -0.15223 0.071396 0.017147 0.11844 0.44722 0.18999 0.31985 0.033848 0.013946 0.37002 0.11399 0.28618 0.033632 0.70572 0.29088 0.20812 -0.08588 0.46294 -0.077547 -0.12747 0.077565 0.20909
0.04657 0.17569 0.2121 0.17129 0.067571 0.16616 0.053875 0.011365 0.082435 0.30241 0.083123 0.12565 0.12508 0.05012 0.14911 0.038253 0.016766 0.082662 0.21936 0.33064 0.43615 0.070935 0.0709 0.09373 0.3917 0.23346 0.25917 -0.024805 0.30194 0.069831 0.26387 0.38402 0.14211 0.31468 0.51083 0.24049 0.37094 0.10409 0.31176 0.30097 0.47074 0.37907 0.35338 0.48543 0 0.29311 0.15122 0.49127 0.12273 0.06493 0.17703 0.30256 0.034948 0.23917 0.1137 0.019091 0.04749 0.055625 0.067015 0.090826 0.10999 0.0028302 0.054325 0.057332 0.12961 0.11479 0.12003 0.29855 0.1614 -0.029544 0.052968 0.083825 0.26238 0.15687 0.37935 0.15273 0.1746 0.034002 0.52076 0.15572 0.14573 0.19906 0.074861 0.052554 0.16465 0.23824
0.18047 0.13022 0.064138 0.1173 0.016453 0.080046 0.028637 0.0079659 0.056699 0.24757 0.099962 0.077328 0.10401 0.017331 0.07779 0.03126 0.0027477 0.064036 0.071057 0.27217 0.39495 0.65626 0.09389 0.52082 0.385 0.38605 -0.010793 0.33905 0.19213 0.67193 -0.097407 -0.10235 0.14518 0.37488 0.3031 -0.075741 0.16957 0.58794 0.42589 0.169 0.51134 0.17257 -0.037779 0.42003 0.29311 0 0.093119 0.50384 -0.062288 -0.0095097 0.17713 0.36022 0.068216 0.25264 0.20053 0.61385 0.048007 0.47814 0.2177 0.32135 0.035283 0.29956 0.12537 0.67507 -0.098513 -0.12405 0.15975 0.34398 0.32073 -0.11232 0.17888 0.57333 0.37703 0.18504 0.47053 0.28682 -0.01997 0.24464 0.17152 0.93749 0.047535 0.43168 -0.057637 -0.036999 0.15998 0.31519
-0.1667 -0.10075 -0.066225 -0.011191 0.0095959 0.21417 0.23064 0.0076245 0.0042143 -0.12385 -0.15117 -0.090648 -0.034411 -0.012677 0.21268 0.19939 0.014868 0.016393 0.70924 0.060162 0.04794 0.19551 0.11055 0.3441 0.078997 0.16903 -0.0012319 0.19377 0.073102 0.22116 0.19135 0.36478 0.14074 0.17242 0.22954 0.015856 0.21921 0.11761 0.31821 -0.068257 0.31031 0.031381 0.040898 -0.11628 0.15122 0.093119 0 0.095474 0.0725 0.22548 0.56976 0.3229 0.58532 0.055383 -0.085061 0.16063 0.072806 0.3264 -0.055257 0.093181 -0.043321 0.16564 0.020332 0.20237 0.11545 0.19416 0.1535 0.20676 0.10622 -0.054219 0.080541 0.05481 0.35279 -0.077133 0.31288 0.013821 0.047059 -0.17294 0.062918 0.11273 0.84937 0.056364 0.028253 0.2021 0.47038 0.2708
0.36295 0.24377 0.19409 0.25517 0.10792 -0.075639 -0.067717 -0.0019195 0.11582 0.40486 0.22988 0.19031 0.23411 0.082729 -0.087419 -0.07075 -0.028746 0.13857 0.22556 0.37779 0.4844 0.0066129 0.065719 -0.0028497 0.25212 0.44339 -0.15985 -0.10949 0.40807 0.042325 -0.30056 0.11895 -0.067256 0.33386 0.6822 0.21254 0.55967 0.12801 0.39458 0.36282 0.54727 0.072913 -0.067942 0.68727 0.49127 0.50384 0.095474 0 -0.081532 -0.043812 0.27874 0.57355 0.16667 0.36052 0.39172 -0.0095428 0.023234 -0.062055 0.27333 0.29242 -0.16129 -0.08087 0.31931 0.021389 -0.27526 0.10799 -0.065381 0.27831 0.63217 0.22358 0.51357 0.13016 0.29413 0.32767 0.46492 0.12219 -0.036728 0.51313 0.40246 0.35075 0.07853 0.828 -0.058613 -0.084375 0.21749 0.50904
-0.10148 -0.043781 -0.049711 -0.07076 -0.029516 0.055389 0.041871 -0.0047699 -0.029786 -0.016488 -0.083181 -0.083915 -0.088113 -0.038847 0.041471 0.040533 -0.015096 -0.033901 0.12511 -0.12757 0.03567 -0.029637 0.0326 0.0667 0.16981 0.026886 0.14375 0.0089715 -0.035533 -0.015833 0.28403 0.32055 0.056173 -0.063642 -0.049356 0.16085 0.045802 -0.056995 -0.0082591 -0.068028 -0.050917 0.14003 0.04728 -0.12287 0.12273 -0.062288 0.0725 -0.081532 0 0.093123 -0.072093 -0.12888 0.03764 -0.14965 -0.094807 -0.024333 0.007098 0.059495 -0.0012704 0.013731 0.073711 0.020289 -0.099508 -0.014872 0.15746 0.20471 0.033678 -0.053508 -0.17165 0.055659 -0.12346 -0.052763 0.01106 -0.1511 -0.070847 0.012396 -0.0073866 -0.26025 -0.013725 -0.049587 0.058847 -0.19214 0.21178 0.090343 -0.040425 -0.14567
-0.065246 -0.051613 -0.046828 -0.017801 -0.021505 0.14885 0.13256 0.00030762 -0.019 -0.0021927 -0.072223 -0.066961 -0.044888 -0.010667 0.13437 0.10867 -0.012876 0.026232 0.16852 -0.039122 0.0023188 0.023277 0.10492 0.15358 0.09967 0.12012 0.052418 0.053864 0.049589 0.01975 0.18328 0.27878 0.093264 -0.0067646 0.0092705 0.08202 0.03937 -0.017444 0.044864 -0.045961 0.017088 0.052437 0.043147 -0.094916 0.06493 -0.0095097 0.22548 -0.043812 0.093123 0 0.030093 0.024119 0.098156 -0.062997 -0.065563 0.014058 0.039301 0.12793 0.011681 0.090133 0.034074 0.047129 -0.029869 0.033877 0.13628 0.20558 0.069166 -0.0087881 -0.051045 0.017626 -0.028686 -0.028262 0.034807 -0.09052 -0.001937 0.013539 0.0071888 -0.15344 0.024689 -0.011433 0.1937 -0.087048 0.092767 0.168 0.016883 0.0073102
0.045343 0.16986 0.072893 0.13934 0.06127 0.10682 0.013961 0.04551 0.12113 0.038986 0.16887 0.07049 0.13257 0.075277 0.089028 0.0092605 0.043889 0.16528 0.14029 0.29139 -0.021268 0.19604 0.050929 0.12076 -0.00075557 -0.002763 0.11256 0.13156 0.13382 0.26224 0.027066 -0.084293 0.087137 0.35591 0.12058 -0.08224 0.010646 0.3127 0.47993 0.20462 0.41083 0.12043 0.15696 0.081863 0.17703 0.17713 0.56976 0.27874 -0.072093 0.030093 0 0.50626 0.22691 0.30165 -0.00037394 0.19271 0.039134 0.12509 0.016056 -0.0073086 0.098248 0.11701 0.13924 0.23178 0.049397 -0.058448 0.10433 0.34447 0.19505 -0.077976 0.10231 0.28756 0.44393 0.24783 0.40407 0.17443 0.16671 0.089607 0.19947 0.16391 0.54092 0.35789 -0.046533 -0.0051807 0.6444 0.46698
0.23821 0.29239 0.18989 0.35534 0.14252 0.075665 0.027543 0.08717 0.18626 0.2286 0.28718 0.19862 0.32717 0.12236 0.074438 0.02108 0.063941 0.19266 0.10409 0.56851 -0.041496 0.23015 0.10531 0.13556 -0.090194 0.10163 -0.041542 0.13047 0.32838 0.26591 -0.089412 -0.1948 0.034507 0.47402 0.38243 -0.11815 0.19226 0.35963 0.59737 0.35097 0.63211 0.049483 0.1801 0.26544 0.30256 0.36022 0.3229 0.57355 -0.12888 0.024119 0.50626 0 0.15608 0.54542 -0.01285 0.22023 0.059153 0.091196 -0.052457 0.073013 -0.0069448 0.12968 0.32113 0.23555 -0.065525 -0.15539 0.047298 0.44517 0.49701 -0.093492 0.33906 0.35047 0.52274 0.40298 0.6036 0.15264 0.19964 0.26652 0.33305 0.31434 0.28811 0.6413 -0.12625 -0.030481 0.41029 0.76864
-0.046222 -0.12231 -0.033804 -0.020946 -0.010715 0.033983 0.092827 -0.021157 -0.034743 -0.14967 -0.14031 -0.03296 0.0039043 -0.019138 0.044062 0.10419 -0.011259 -0.0072322 0.63215 0.020515 0.035298 0.094029 0.018495 0.24977 0.040098 0.11959 -0.1383 0.15848 0.075437 0.096447 -0.035918 0.23963 0.031857 0.038664 0.24411 -0.0094029 0.25677 -0.0036951 0.061223 -0.072011 0.12533 -0.041805 -0.084775 -0.018894 0.034948 0.068216 0.58532 0.16667 0.03764 0.098156 0.22691 0.15608 0 0.035547 0.15648 0.099731 0.034784 0.27915 0.15044 0.19903 -0.13311 0.11039 0.10358 0.092722 -0.023822 0.40892 0.039825 0.056675 0.37267 0.1472 0.43412 -0.034658 0.11143 -0.037005 0.18014 0.02239 -0.034748 0.025867 0.23048 0.069149 0.70787 0.18334 0.043326 0.16534 0.19992 0.14479
