0 0.35164 0.28244 0.29166 0.083509 -0.011992 -0.10031 0.058541 0.22141 0.73453 0.43217 0.36947 0.30082 0.10312 -0.010565 -0.095168 0.043189 0.27482 -0.17146 0.25494 0.096536 -0.033687 0.025268 -0.095207 0.076562 0.15405 0.092279 -0.033563 0.21656 -0.031488 -0.154 -0.11695 0.010439 0.10323 0.11763 -0.025167 0.051584 0.10389 -0.0076301 0.38838 0.048569 0.20223 0.1077 0.40456 0.083527 0.12925 -0.18682 0.37148 -0.10632 -0.054414 0.038975 0.23136 -0.061586 0.30164 0.40976 -0.028424 0.037573 -0.13091 0.33902 0.21811 0.1779 -0.043886 0.3305 -0.07641 -0.031738 0.080555 0.01607 0.13042 0.39979 0.19835 0.29742 0.12295 0.0051797 0.45537 0.14376 0.30797 0.18459 0.58162 0.39051 0.13954 -0.14027 0.52804 -0.032634 -0.089501 0.042914 0.2757
0.35164 0 0.25758 0.27311 0.1173 0.0017971 -0.094178 0.077702 0.23968 0.36209 0.51678 0.27991 0.26179 0.099181 -0.016646 -0.11288 0.055245 0.23242 -0.13095 0.26917 0.050739 0.084641 0.019615 -0.094143 0.04299 0.029912 0.13038 0.052706 0.15834 0.10992 -0.049569 -0.12949 -0.0018269 0.14945 0.11717 -0.060944 0.016669 0.23024 0.07863 0.34533 0.073827 0.18453 0.16467 0.23043 0.1707 0.086479 -0.14163 0.22919 -0.0688 -0.06174 0.16184 0.2676 -0.13981 0.26455 0.082582 0.081645 0.0095272 -0.1238 0.065891 -0.031716 0.12822 0.043798 0.13768 0.063705 -0.028677 -0.11489 -0.030324 0.082567 0.1726 -0.018799 0.084711 0.26596 0.027364 0.31936 0.059887 0.17886 0.15411 0.20727 0.17401 0.020575 -0.15305 0.21832 -0.058235 -0.082596 0.14841 0.2506
0.28244 0.25758 0 0.40221 0.11116 0.031174 -0.028652 0.15173 0.14814 0.29903 0.28717 0.59445 0.39265 0.066369 0.023869 -0.024886 0.12477 0.1559 -0.048078 0.23537 0.11339 0.0061046 0.0096228 -0.067408 0.018398 0.048116 0.074122 -0.015184 0.20845 0.013613 -0.028497 -0.097455 -0.048069 0.036335 0.23214 -0.0099483 0.13884 0.089414 -0.034059 0.22848 0.061641 0.079358 0.1921 0.26037 0.19526 0.03588 -0.083827 0.19522 -0.069466 -0.050724 0.085729 0.18522 -0.03732 0.20882 0.11857 -0.011413 0.027722 -0.090114 0.019579 0.012275 0.059114 -0.0035883 0.17611 -0.020949 -0.0071027 -0.087887 -0.037681 0.019511 0.21503 -0.022296 0.15482 0.10073 -0.046125 0.22313 0.076669 0.07055 0.14629 0.19528 0.16509 -0.0078437 -0.076017 0.19936 -0.076958 -0.066204 0.092144 0.18701
0.29166 0.27311 0.40221 0 0.20178 0.017095 -0.0032397 0.12096 0.1498 0.27294 0.29316 0.38485 0.64938 0.12893 0.0071573 -0.0055291 0.10364 0.15668 -0.065524 0.33037 -0.023087 0.044806 0.014294 -0.035619 -0.10187 0.015028 -0.0025725 -0.0023801 0.17358 0.037131 -0.033416 -0.17492 -0.024259 0.18783 0.19824 -0.088893 0.083716 0.12416 0.13854 0.23885 0.2685 0.041261 0.1583 0.17335 0.1913 0.099654 -0.032896 0.26708 -0.093158 -0.020693 0.12744 0.35596 -0.035232 0.31645 0.027118 0.044499 0.0058992 -0.051286 -0.051737 -0.015565 0.024395 0.0091543 0.16626 0.013327 -0.021217 -0.15388 0.0032801 0.15166 0.27533 -0.058913 0.15886 0.14053 0.080414 0.26992 0.25749 0.082497 0.15844 0.19221 0.20158 0.076121 -0.045982 0.31025 -0.089979 -0.061517 0.12788 0.36216
0.083509 0.1173 0.11116 0.20178 0 0.0053596 -0.015749 0.02329 0.062075 0.096473 0.10386 0.11391 0.17585 0.03842 -0.0025505 -0.020727 0.030353 0.05949 -0.018801 0.11536 0.0065208 0.010116 0.010148 -0.011525 -0.011077 0.013991 -0.0063916 -0.011058 0.081681 0.01628 -0.019236 -0.036045 -0.0085205 0.018311 0.074994 0.0056167 0.058618 0.051406 0.051422 0.095941 0.080947 0.017921 0.071041 0.074138 0.075719 0.0062695 0.0060364 0.11182 -0.036414 -0.017936 0.066111 0.14495 -0.015855 0.11938 -0.014361 0.0049058 -0.012816 -0.034071 -0.03167 -0.017721 0.0019876 -0.0013258 0.066028 -0.0059127 -0.019156 -0.047864 -0.016212 0.028018 0.083396 -0.005183 0.060398 0.056082 0.036682 0.078147 0.066453 0.0049221 0.038155 0.044553 0.057809 -0.013134 -0.014422 0.099466 -0.042163 -0.025946 0.042986 0.13351
-0.011992 0.0017971 0.031174 0.017095 0.0053596 0 0.17437 0.024249 0.081572 0.043979 -0.013758 0.018163 0.0090786 -0.022359 0.43691 0.1861 0.036929 0.0613 0.10615 0.049979 0.14646 0.088297 0.13001 0.23329 0.22484 0.12644 0.3287 0.12793 0.090466 0.12179 0.3015 0.2135 0.26915 0.082289 -0.010002 0.038882 -0.0096284 0.073263 0.1048 0.081316 0.078454 0.251 0.21888 -0.00098208 0.15918 0.09263 0.25044 -0.056412 0.060207 0.15684 0.12072 0.10081 0.077845 0.025697 0.024429 0.07179 0.093571 0.21989 0.11747 0.10052 0.27062 0.13742 0.028623 0.11539 0.26525 0.14515 0.22243 0.073947 -0.078907 -0.025792 -0.062627 0.050912 0.11136 0.032744 0.071179 0.20319 0.13985 -0.075949 0.077478 0.060217 0.21221 -0.080766 0.061119 0.13047 0.10485 0.069133
-0.10031 -0.094178 -0.028652 -0.0032397 -0.015749 0.17437 0 -0.0097657 -0.010662 -0.057032 -0.1209 -0.043498 -0.025067 -0.025677 0.18123 0.2697 -0.009386 -0.038794 0.16279 -0.040888 0.032644 0.015257 0.077314 0.1853 0.056739 0.12659 -0.0020972 0.069869 -0.0021858 0.029497 0.17226 0.17567 0.067836 0.021473 0.019413 0.073119 0.065454 -0.031204 0.068181 -0.13277 0.090206 -0.046392 -0.008632 -0.14976 0.064558 0.032636 0.24934 -0.066497 0.05494 0.13685 0.012764 0.031105 0.11858 -0.055687 -0.061891 0.0024582 0.030248 0.17273 -0.040166 0.088444 -0.038189 0.062309 -0.030707 0.031094 0.090213 0.095597 0.045325 0.020327 -0.050501 -0.01303 -0.022421 -0.051465 0.076315 -0.14286 0.09266 -0.068954 -0.027114 -0.19097 -0.0077606 0.039287 0.20723 -0.12054 0.037557 0.11531 -0.0023155 0.0010548
0.058541 0.077702 0.15173 0.12096 0.02329 0.024249 -0.0097657 0 0.06465 0.044071 0.078753 0.13384 0.11709 0.019955 0.032799 0.014476 0.10368 0.070228 -0.037434 0.10772 -0.055702 0.02668 0.00093218 -0.012417 -0.054283 -0.022528 0.049347 0.016074 0.032036 0.014879 0.061986 -0.065583 0.022057 0.052763 -0.01733 -0.083067 -0.066207 0.049512 0.023213 0.069559 0.021998 0.038837 0.12219 0.00019142 0.012338 0.010792 0.0061186 0.0055413 -0.010471 -0.000816 0.048925 0.088778 -0.018251 0.083307 -0.045163 0.034487 -0.0050461 -0.0025832 -0.033941 -0.00089366 0.065036 0.032953 0.037004 0.011101 0.062322 -0.050779 0.014547 0.050428 -0.00088235 -0.09142 -0.013797 0.057266 0.013401 0.073692 0.040392 0.0538 0.10357 0.011667 0.023385 0.010833 0.019087 0.057235 -0.018832 -0.0030641 0.06548 0.096063
0.22141 0.23968 0.14814 0.1498 0.062075 0.081572 -0.010662 0.06465 0 0.23182 0.24771 0.135 0.14584 0.048918 0.062672 -0.021322 0.052492 0.20402 -0.044756 0.18172 0.01476 0.063763 0.022423 -0.0085006 0.023629 0.0062483 0.11597 0.014613 0.088148 0.087381 0.0099093 -0.05556 0.056339 0.11676 0.046759 -0.045431 0.00011241 0.16764 0.08468 0.21058 0.063275 0.14825 0.13483 0.11701 0.084761 0.042657 0.0007161 0.12524 -0.040541 -0.018053 0.1283 0.1861 -0.0285 0.18133 0.048281 0.054211 0.028632 -0.027299 0.050462 0.016514 0.14152 0.0063132 0.098548 0.071145 0.053561 -0.025689 0.027122 0.080228 0.097726 -0.022785 0.052678 0.1717 0.065772 0.19493 0.065073 0.1633 0.14552 0.12198 0.12739 0.006852 -0.0024095 0.16385 -0.048169 -0.0086844 0.12462 0.18234
0.73453 0.36209 0.29903 0.27294 0.096473 0.043979 -0.057032 0.044071 0.23182 0 0.35129 0.30521 0.23414 0.094053 0.032215 -0.064262 0.032729 0.24307 -0.095386 0.25351 0.25093 0.0081101 0.046773 -0.14777 0.19842 0.20632 0.12084 -0.098613 0.21745 -0.007779 -0.044562 0.003789 0.014582 0.16557 0.2345 0.10653 0.18314 0.1356 0.17946 0.33909 0.22804 0.22081 0.10106 0.46302 0.27766 0.18587 -0.14475 0.38318 -0.043614 -0.0086582 0.03957 0.22699 -0.15176 0.20335 0.15972 -0.0033668 0.024553 -0.16041 0.11244 0.098027 0.085602 -0.068969 0.12694 -0.032679 -0.036562 -0.02431 0.0019853 0.10833 0.20097 0.06875 0.091673 0.14427 0.076002 0.28076 0.13718 0.14289 0.07062 0.28148 0.11473 0.041539 -0.12123 0.34602 -0.064622 -0.076129 0.054108 0.20281
0.43217 0.51678 0.28717 0.29316 0.10386 -0.013758 -0.1209 0.078753 0.24771 0.35129 0 0.34216 0.31409 0.11004 -0.027986 -0.12249 0.096837 0.26591 -0.19399 0.30602 0.0067683 0.06961 0.019513 -0.10809 -0.0001176 -0.02172 0.13322 0.032208 0.14188 0.09338 -0.072478 -0.19235 -0.00075904 0.11152 0.054476 -0.12323 -0.030399 0.23042 0.023137 0.35606 0.040255 0.19431 0.19411 0.22235 0.10123 0.055042 -0.17859 0.23641 -0.10224 -0.080273 0.17525 0.26825 -0.15176 0.32275 0.1749 0.083289 0.0047405 -0.13827 0.14747 -0.0186 0.19002 0.015838 0.19767 0.049988 -0.023473 -0.089689 -0.012078 0.11322 0.26039 0.0095551 0.16154 0.27919 -0.0027938 0.40921 0.077668 0.25722 0.21152 0.32151 0.27263 0.034366 -0.15797 0.3188 -0.052071 -0.11156 0.17278 0.29606
0.36947 0.27991 0.59445 0.38485 0.11391 0.018163 -0.043498 0.13384 0.135 0.30521 0.34216 0 0.41284 0.085144 0.024765 -0.02265 0.14776 0.1559 -0.081627 0.23548 0.076209 -0.019733 -0.0064055 -0.085805 -0.0038169 0.035706 0.077294 -0.016858 0.197 -0.003265 -0.055725 -0.15143 -0.048768 0.029237 0.21034 -0.033701 0.12159 0.08885 -0.018819 0.24677 0.060351 0.072276 0.18508 0.25199 0.12938 0.052394 -0.10179 0.20622 -0.098033 -0.069103 0.0813 0.19166 -0.036163 0.26425 0.19168 -0.046393 0.010996 -0.10126 0.077974 0.047433 0.078653 -0.028161 0.24464 -0.04231 -0.0072166 -0.071591 -0.013704 0.041814 0.292 0.052483 0.23555 0.095872 -0.067003 0.28296 0.072989 0.12012 0.19938 0.29394 0.2365 0.007642 -0.093522 0.25768 -0.075446 -0.064249 0.073727 0.23042
0.30082 0.26179 0.39265 0.64938 0.17585 0.0090786 -0.025067 0.11709 0.14584 0.23414 0.31409 0.41284 0 0.14945 0.011603 -0.013716 0.13055 0.16617 -0.068982 0.31688 -0.027043 0.043735 0.020087 -0.047005 -0.10163 0.0061215 -0.01878 0.0081404 0.16593 0.036258 -0.063501 -0.17472 -0.02049 0.15876 0.17104 -0.10096 0.073692 0.12298 0.072656 0.24607 0.21361 0.022452 0.14085 0.15567 0.15981 0.086763 -0.052387 0.24946 -0.10158 -0.037394 0.12364 0.32935 -0.014275 0.32049 0.028796 0.033301 0.0095506 -0.041789 -0.050284 0.018517 0.0050558 0.013432 0.19406 0.012496 -0.034684 -0.14697 -0.011141 0.14968 0.2908 -0.051952 0.18284 0.14148 0.072118 0.27555 0.2715 0.075998 0.15638 0.20523 0.2048 0.073016 -0.019885 0.32046 -0.10537 -0.061922 0.13501 0.38982
0.10312 0.099181 0.066369 0.12893 0.03842 -0.022359 -0.025677 0.019955 0.048918 0.094053 0.11004 0.085144 0.14945 0 -0.0094685 -0.028342 0.015589 0.09906 -0.023309 0.13173 -0.029113 0.020384 0.012059 -0.023483 -0.029558 -0.0179 0.0010673 -0.016891 0.035002 0.013504 -0.030824 -0.05665 0.0011247 0.048306 0.0252 -0.041338 -0.0057267 0.050644 0.04575 0.086275 0.057272 0.035881 0.060128 0.041259 0.053152 0.011036 -0.019737 0.087389 -0.049124 -0.0099233 0.06984 0.11609 -0.017299 0.11773 0.010457 0.019739 -0.0032273 -0.020439 0.00070655 -0.011285 0.024896 -0.013667 0.03104 0.015781 -0.015498 -0.027354 -0.004413 0.064353 0.079327 -0.029282 0.053385 0.069379 0.049704 0.087583 0.068574 0.049904 0.079025 0.066461 0.093679 -0.0015513 -0.011713 0.11238 -0.022679 -0.025138 0.061335 0.13592
-0.010565 -0.016646 0.023869 0.0071573 -0.0025505 0.43691 0.18123 0.032799 0.062672 0.032215 -0.027986 0.024765 0.011603 -0.0094685 0 0.23561 0.047717 0.057684 0.081285 0.039961 0.12771 0.07246 0.11351 0.23814 0.19678 0.11778 0.30142 0.12531 0.093975 0.1018 0.30778 0.18363 0.26304 0.089723 -0.022505 0.0047236 -0.034103 0.052547 0.096202 0.065193 0.087608 0.23036 0.21475 -0.028902 0.15051 0.090295 0.23442 -0.072742 0.040843 0.13616 0.093468 0.098767 0.077486 0.034624 0.056144 0.072145 0.11179 0.24046 0.13174 0.14407 0.27629 0.12387 0.059001 0.10012 0.25752 0.15704 0.26812 0.06834 -0.053381 -0.024327 -0.053598 0.043632 0.12578 0.042795 0.077441 0.21703 0.15938 -0.056141 0.10334 0.084846 0.23378 -0.062113 0.042072 0.14778 0.092822 0.090179
-0.095168 -0.11288 -0.024886 -0.0055291 -0.020727 0.1861 0.2697 0.014476 -0.021322 -0.064262 -0.12249 -0.02265 -0.013716 -0.028342 0.23561 0 0.029841 -0.00699 0.13015 -0.025177 0.032239 0.021734 0.074355 0.18457 0.028848 0.11267 -0.001423 0.032485 0.0021774 0.035036 0.14393 0.12619 0.10024 0.035068 0.0084878 0.031461 0.04237 -0.05471 0.075987 -0.10681 0.10825 -0.03104 0.0034872 -0.12519 0.046972 0.040763 0.22776 -0.063194 0.043686 0.11375 0.018813 0.042479 0.13118 -0.023084 -0.022687 0.0070385 0.043992 0.19609 -0.017108 0.12637 -0.028527 0.02928 -0.0010763 0.033978 0.1062 0.09515 0.10136 0.04098 -0.01204 -0.014854 0.014942 -0.069076 0.094866 -0.12112 0.11177 -0.042026 -0.028455 -0.14516 0.0027936 0.045941 0.24103 -0.076437 0.027061 0.14668 0.0055966 0.041629
0.043189 0.055245 0.12477 0.10364 0.030353 0.036929 -0.009386 0.10368 0.052492 0.032729 0.096837 0.14776 0.13055 0.015589 0.047717 0.029841 0 0.072761 -0.026565 0.10601 -0.044898 0.036956 0.015315 -0.006135 -0.027936 -0.038022 0.076985 0.023508 0.016147 0.036404 0.061202 -0.066948 0.0049672 0.03379 -0.021905 -0.075211 -0.055872 0.043298 0.014937 0.061976 0.0056145 0.066604 0.13097 -0.011763 0.017391 0.0088879 0.016991 -0.017911 -0.011266 -0.010035 0.039685 0.067151 -0.0098515 0.085141 -0.037451 0.045138 0.0033477 0.012805 -0.029277 -0.014605 0.058647 0.022648 0.026602 0.027138 0.049577 -0.051943 0.021321 0.044244 -0.013638 -0.10309 -0.025816 0.054323 0.0038297 0.072483 0.009975 0.069897 0.12024 0.0084981 0.0064012 0.011311 0.023648 0.027181 -0.0073924 -0.0088671 0.056232 0.078442
0.27482 0.23242 0.1559 0.15668 0.05949 0.0613 -0.038794 0.070228 0.20402 0.24307 0.26591 0.1559 0.16617 0.09906 0.057684 -0.00699 0.072761 0 -0.049399 0.18313 0.048511 0.05504 0.037148 0.0020634 0.059461 0.028916 0.11196 0.009726 0.10096 0.086513 0.008445 -0.026772 0.06105 0.091882 0.044262 -0.03954 0.014282 0.164 0.075615 0.19192 0.065461 0.1583 0.13321 0.13132 0.089433 0.054376 0.020475 0.16057 -0.03777 0.026537 0.17104 0.19743 -0.0039054 0.19187 0.1135 0.067286 0.023591 -0.0042088 0.11015 0.033195 0.14213 0.017404 0.12122 0.071518 0.058491 0.014209 0.048323 0.10998 0.12968 0.025721 0.097364 0.1804 0.067113 0.20361 0.078888 0.19371 0.14589 0.16512 0.17478 0.046179 0.028241 0.18718 0.0025533 -0.0071336 0.15136 0.2256
-0.17146 -0.13095 -0.048078 -0.065524 -0.018801 0.10615 0.16279 -0.037434 -0.044756 -0.095386 -0.19399 -0.081627 -0.068982 -0.023309 0.081285 0.13015 -0.026565 -0.049399 0 -0.071652 0.2264 0.020297 0.043972 0.30897 0.26601 0.31625 -0.11025 0.099847 0.042246 0.06884 0.083174 0.6309 0.043669 -0.043513 0.46032 0.18333 0.53457 -0.04767 0.049329 -0.14176 0.13926 -0.017772 -0.10188 -0.045628 0.23223 0.054812 0.74115 0.16405 0.14839 0.18349 0.17025 0.098659 0.68496 -0.067598 0.051916 -0.005271 0.02478 0.26301 0.078455 0.23415 -0.14857 0.095975 0.007818 0.062197 0.0069911 0.44462 0.050522 -0.020636 0.19778 0.18186 0.31085 -0.092661 0.10325 -0.20268 0.10786 -0.077282 -0.094815 -0.11806 0.10843 0.032264 0.63278 0.0039188 0.10891 0.19921 0.17377 0.065245
0.25494 0.26917 0.23537 0.33037 0.11536 0.049979 -0.040888 0.10772 0.18172 0.25351 0.30602 0.23548 0.31688 0.13173 0.039961 -0.025177 0.10601 0.18313 -0.071652 0 -0.072013 0.16072 0.052358 0.021504 -0.14195 -0.0069879 0.015744 0.026205 0.26343 0.17351 -0.073149 -0.30822 0.023946 0.37418 0.21559 -0.21561 0.03853 0.27405 0.25995 0.45076 0.37274 0.10334 0.33987 0.28168 0.3593 0.25418 0.048015 0.41192 -0.16266 -0.03535 0.30267 0.57656 0.020152 0.62322 -0.071513 0.17632 0.0076568 -0.0048838 -0.1145 -0.0042439 0.071911 0.042338 0.22519 0.13661 -0.025368 -0.28293 0.029453 0.35726 0.30638 -0.2436 0.13505 0.28192 0.21593 0.46283 0.36761 0.16387 0.34039 0.25114 0.31091 0.20498 0.051095 0.47001 -0.18408 -0.094437 0.2586 0.57369
0.096536 0.050739 0.11339 -0.023087 0.0065208 0.14646 0.032644 -0.055702 0.01476 0.25093 0.0067683 0.076209 -0.027043 -0.029113 0.12771 0.032239 -0.044898 0.048511 0.2264 -0.072013 0 -0.11823 0.066565 0.19212 0.72689 0.54861 0.21287 -0.02402 0.28634 -0.06035 0.091118 0.45086 0.16361 -0.096522 0.57355 0.47519 0.51023 -0.066377 -0.048239 0.13991 0.10835 0.35213 -0.0092165 0.69144 0.4054 0.36207 0.084566 0.43698 0.01423 0.015015 0.016668 0.014988 0.063745 -0.062983 0.68692 -0.16529 0.067103 0.11947 0.53404 0.28909 0.097063 0.0061439 0.13064 -0.056556 0.060695 0.30756 0.12332 -0.083722 0.37549 0.3896 0.27508 -0.079531 -0.013446 0.030626 0.060585 0.20761 -0.082547 0.35058 0.15854 0.16995 0.0671 0.15566 0.078276 0.0042843 0.023184 -0.026926
-0.033687 0.084641 0.0061046 0.044806 0.010116 0.088297 0.015257 0.02668 0.063763 0.0081101 0.06961 -0.019733 0.043735 0.020384 0.07246 0.021734 0.036956 0.05504 0.020297 0.16072 -0.11823 0 0.011264 0.32091 0.024945 -0.13225 0.11721 0.21161 0.052614 0.91199 0.020441 -0.15389 0.18255 0.36859 -0.069425 -0.16392 -0.11589 0.86508 0.31126 0.049274 0.26162 0.28985 0.080477 -0.023945 0.092029 0.66646 0.13973 0.025885 -0.028011 0.016217 0.19426 0.22039 0.078381 0.1497 -0.22049 0.96988 -0.0043929 0.33278 -0.058164 -0.077772 0.16734 0.26336 -0.00229 0.89897 0.012676 -0.18136 0.17765 0.34135 -0.1242 -0.22368 -0.14476 0.8252 0.34083 0.040289 0.26652 0.31382 0.093438 -0.10165 0.0010527 0.57001 0.13861 0.042491 -0.066025 0.0077103 0.16471 0.1868
0.025268 0.019615 0.0096228 0.014294 0.010148 0.13001 0.077314 0.00093218 0.022423 0.046773 0.019513 -0.0064055 0.020087 0.012059 0.11351 0.074355 0.015315 0.037148 0.043972 0.052358 0.066565 0.011264 0 0.15594 0.10897 0.12779 0.055128 0.030377 0.090576 0.036341 0.098804 0.10969 0.10287 0.035467 0.064763 0.037782 0.066891 0.021546 0.05403 0.042218 0.065131 0.038135 0.06508 0.036235 0.081669 0.079788 0.12344 0.060936 0.030176 0.097356 0.055711 0.11093 0.031827 0.025297 0.043793 0.00076882 0.056009 0.1344 0.076068 0.11617 0.055032 0.013993 0.062191 0.036464 0.087189 0.083067 0.081696 0.0083215 0.063633 0.029194 0.040111 0.008279 0.042915 0.028763 0.057865 0.05649 0.041397 0.0022614 0.06532 0.069673 0.084805 0.036863 0.025006 0.053453 0.034198 0.089714
-0.095207 -0.094143 -0.067408 -0.035619 -0.011525 0.23329 0.1853 -0.012417 -0.0085006 -0.14777 -0.10809 -0.085805 -0.047005 -0.023483 0.23814 0.18457 -0.006135 0.0020634 0.30897 0.021504 0.19212 0.32091 0.15594 0 0.3022 0.35387 0.082094 0.54842 0.090713 0.53377 0.18824 0.2097 0.36193 0.089019 0.13427 0.019467 0.097719 0.27053 0.13496 -0.088681 0.15292 0.098899 0.042855 -0.03048 0.083679 0.49615 0.38856 0.0026028 0.065235 0.155 0.13504 0.16117 0.32268 0.037876 0.078887 0.30346 0.11374 0.83065 0.21383 0.36083 0.093633 0.51961 0.079096 0.55096 0.16186 0.2253 0.36962 0.10762 0.12028 -0.0017212 0.13845 0.19426 0.18048 -0.063159 0.1709 0.16751 0.045807 -0.059449 0.075898 0.48474 0.32704 -0.02578 0.059273 0.15057 0.10027 0.11368
0.076562 0.04299 0.018398 -0.10187 -0.011077 0.22484 0.056739 -0.054283 0.023629 0.19842 -0.0001176 -0.0038169 -0.10163 -0.029558 0.19678 0.028848 -0.027936 0.059461 0.26601 -0.14195 0.72689 0.024945 0.10897 0.3022 0 0.52448 0.4913 0.11225 0.17943 0.098752 0.26276 0.63228 0.37651 -0.085492 0.30906 0.41156 0.26844 0.03135 -0.098295 0.164 -0.1105 0.64697 0.079169 0.54791 0.32734 0.32066 0.13451 0.21847 0.14978 0.10494 0.014226 -0.060259 0.11877 -0.13847 0.54554 -0.032884 0.071803 0.20932 0.7617 0.32422 0.37983 0.088747 0.079303 0.09064 0.22055 0.5492 0.31332 -0.085877 0.19501 0.31874 0.17427 -0.00037732 -0.076497 0.04307 -0.12296 0.48046 0.0083578 0.25941 0.18044 0.14881 0.10344 0.047881 0.24369 0.11926 0.020966 -0.096566
0.15405 0.029912 0.048116 0.015028 0.013991 0.12644 0.12659 -0.022528 0.0062483 0.20632 -0.02172 0.035706 0.0061215 -0.0179 0.11778 0.11267 -0.038022 0.028916 0.31625 -0.0069879 0.54861 -0.13225 0.12779 0.35387 0.52448 0 0.0044602 0.11504 0.25709 -0.063568 0.066544 0.47392 0.11242 -0.06647 0.45378 0.38625 0.45381 -0.11014 -0.022019 0.039551 0.11051 -0.0077846 -0.052714 0.39011 0.25408 0.32878 0.22422 0.42226 0.029107 0.13038 0.0057821 0.1135 0.21042 0.0091731 0.35473 -0.16239 0.092316 0.2952 0.35584 0.57158 -0.091957 0.08162 0.15939 -0.062077 -0.0057319 0.34638 0.044811 -0.075244 0.33587 0.29356 0.34349 -0.13992 -0.013093 0.010025 0.069771 -0.03384 -0.085386 0.15997 0.10418 0.24653 0.17265 0.22462 0.047012 0.097457 0.0077064 0.066938
0.092279 0.13038 0.074122 -0.0025725 -0.0063916 0.3287 -0.0020972 0.049347 0.11597 0.12084 0.13322 0.077294 -0.01878 0.0010673 0.30142 -0.001423 0.076985 0.11196 -0.11025 0.015744 0.21287 0.11721 0.055128 0.082094 0.4913 0.0044602 0 0.030957 0.041288 0.13421 0.46677 0.20253 0.36519 0.085805 -0.1861 -0.012024 -0.22172 0.15793 0.065379 0.37177 -0.10462 0.77701 0.42684 0.10345 0.20065 0.022672 0.04111 -0.12679 0.11855 0.04793 0.13367 -0.0066025 -0.11106 0.0027657 0.09744 0.10054 0.055235 0.047195 0.31548 -0.031049 0.7382 0.054184 -0.02011 0.12261 0.41883 0.19308 0.30118 0.064329 -0.24405 -0.094637 -0.20901 0.18164 0.077755 0.25957 -0.099825 0.67224 0.30372 0.010627 0.13497 -0.067956 0.044855 -0.13811 0.1182 0.045945 0.10793 -0.02814
-0.033563 0.052706 -0.015184 -0.0023801 -0.011058 0.12793 0.069869 0.016074 0.014613 -0.098613 0.032208 -0.016858 0.0081404 -0.016891 0.12531 0.032485 0.023508 0.009726 0.099847 0.026205 -0.02402 0.21161 0.030377 0.54842 0.11225 0.11504 0.030957 0 0.049258 0.41186 0.13096 0.06874 0.080747 0.036311 0.015321 -0.0094158 0.026875 0.30911 0.014342 -0.00024572 0.036995 -0.013863 0.078333 -0.069357 0.018531 0.28467 0.17188 -0.10436 0.025568 0.060385 0.10738 0.090018 0.17022 0.039495 -0.048306 0.20216 0.02432 0.54261 0.052201 0.1447 0.02394 0.94942 0.069653 0.34746 0.10984 0.10015 0.088715 0.040552 0.056152 -0.00051622 0.082519 0.29177 0.071918 -0.010921 0.074279 0.015811 0.072922 -0.070525 0.027944 0.29258 0.14594 -0.045367 0.032714 0.059728 0.098957 0.0833
0.21656 0.15834 0.20845 0.17358 0.081681 0.090466 -0.0021858 0.032036 0.088148 0.21745 0.14188 0.197 0.16593 0.035002 0.093975 0.0021774 0.016147 0.10096 0.042246 0.26343 0.28634 0.052614 0.090576 0.090713 0.17943 0.25709 0.041288 0.049258 0 0.049827 0.01897 0.014187 0.067531 0.076131 0.45116 0.28861 0.46237 0.11113 0.025101 0.30688 0.14698 0.11654 0.24193 0.48934 0.3197 0.20972 0.075821 0.43512 -0.074076 0.042394 0.1582 0.36502 0.080307 0.24975 0.2705 0.035439 0.050001 0.052881 0.17355 0.15439 0.011602 0.034728 0.43057 0.037608 0.038714 0.024965 0.022196 0.049387 0.42551 0.23545 0.45468 0.09671 0.032323 0.24095 0.13516 0.1091 0.19332 0.33377 0.26217 0.097402 0.064796 0.34608 -0.029853 -0.012573 0.14264 0.36198
-0.031488 0.10992 0.013613 0.037131 0.01628 0.12179 0.029497 0.014879 0.087381 -0.007779 0.09338 -0.003265 0.036258 0.013504 0.1018 0.035036 0.036404 0.086513 0.06884 0.17351 -0.06035 0.91199 0.036341 0.53377 0.098752 -0.063568 0.13421 0.41186 0.049827 0 0.056815 -0.12032 0.26518 0.37235 -0.042471 -0.15347 -0.071174 0.90802 0.34177 0.067912 0.25654 0.26133 0.085776 -0.020053 0.080612 0.68001 0.18921 0.058771 -0.013915 0.018451 0.26249 0.25833 0.093076 0.15021 -0.14529 0.89723 0.0057919 0.51684 0.018996 0.011024 0.18491 0.44464 0.028229 0.93039 0.041318 -0.1246 0.26008 0.34251 -0.050571 -0.18456 -0.077672 0.86559 0.37179 0.069256 0.27221 0.31025 0.097955 -0.075729 0.018094 0.6162 0.17045 0.10272 -0.042811 0.003135 0.22054 0.22275
-0.154 -0.049569 -0.028497 -0.033416 -0.019236 0.3015 0.17226 0.061986 0.0099093 -0.044562 -0.072478 -0.055725 -0.063501 -0.030824 0.30778 0.14393 0.061202 0.008445 0.083174 -0.073149 0.091118 0.020441 0.098804 0.18824 0.26276 0.066544 0.46677 0.13096 0.01897 0.056815 0 0.35672 0.25041 0.0057524 -0.14667 0.071465 -0.098532 0.011957 0.05964 -0.051274 -0.027132 0.35007 0.36419 -0.22746 0.20292 -0.055348 0.23637 -0.29311 0.27263 0.18287 0.046705 -0.046773 0.0066682 -0.1154 -0.14234 0.017651 0.0462 0.19104 0.040724 0.040985 0.33973 0.14576 -0.099942 0.049518 0.52845 0.23423 0.21096 -0.010057 -0.30634 -0.09291 -0.23381 0.0031618 0.074616 -0.13229 -0.044297 0.19038 0.19348 -0.34693 0.0093082 -0.069041 0.19537 -0.31234 0.21554 0.17658 0.035776 -0.079037
-0.11695 -0.12949 -0.097455 -0.17492 -0.036045 0.2135 0.17567 -0.065583 -0.05556 0.003789 -0.19235 -0.15143 -0.17472 -0.05665 0.18363 0.12619 -0.066948 -0.026772 0.6309 -0.30822 0.45086 -0.15389 0.10969 0.2097 0.63228 0.47392 0.20253 0.06874 0.014187 -0.12032 0.35672 0 0.1439 -0.24099 0.22264 0.55084 0.35925 -0.18224 -0.13365 -0.14395 -0.15719 0.22039 -0.036032 -0.018812 0.27457 -0.15567 0.45525 0.0042348 0.31272 0.28112 -0.057173 -0.19973 0.32116 -0.3053 0.21903 -0.20027 0.076334 0.15061 0.35191 0.30578 0.052368 0.043953 -0.056741 -0.099906 0.19331 0.77891 0.092219 -0.22857 -0.031797 0.40338 0.10222 -0.22541 -0.095702 -0.24363 -0.18509 0.0012413 -0.12568 -0.18653 0.082716 -0.16941 0.34265 -0.20141 0.34749 0.29149 -0.046707 -0.21267
0.010439 -0.0018269 -0.048069 -0.024259 -0.0085205 0.26915 0.067836 0.022057 0.056339 0.014582 -0.00075904 -0.048768 -0.02049 0.0011247 0.26304 0.10024 0.0049672 0.06105 0.043669 0.023946 0.16361 0.18255 0.10287 0.36193 0.37651 0.11242 0.36519 0.080747 0.067531 0.26518 0.25041 0.1439 0 0.11271 -0.024067 -0.015363 -0.062486 0.16547 0.078476 0.051277 0.0069984 0.42732 0.19172 0.069966 0.12414 0.18181 0.18411 -0.031033 0.037471 0.094994 0.11519 0.076324 0.090044 0.020073 0.13389 0.16604 0.072885 0.31812 0.30062 0.11651 0.36253 0.093847 0.029489 0.27064 0.25701 0.1765 0.45221 0.095904 -0.028958 -0.0079583 -0.010586 0.13708 0.062918 0.048349 0.0072009 0.41235 0.14547 0.022225 0.12689 0.13197 0.17204 -0.043736 0.081079 0.099544 0.080412 0.042077
0.10323 0.14945 0.036335 0.18783 0.018311 0.082289 0.021473 0.052763 0.11676 0.16557 0.11152 0.029237 0.15876 0.048306 0.089723 0.035068 0.03379 0.091882 -0.043513 0.37418 -0.096522 0.36859 0.035467 0.089019 -0.085492 -0.06647 0.085805 0.036311 0.076131 0.37235 0.0057524 -0.24099 0.11271 0 0.09914 -0.22477 -0.026736 0.41141 0.55588 0.26242 0.61644 0.20188 0.10488 0.11953 0.32896 0.3786 0.16249 0.34644 -0.080107 -0.020013 0.35905 0.47849 0.03647 0.32628 -0.08545 0.35484 1.4069e-05 0.088577 -0.075901 -0.050555 0.11784 0.049458 0.04778 0.34001 -0.0069154 -0.21628 0.14872 0.79145 0.15223 -0.2135 0.054222 0.38834 0.48892 0.30709 0.56 0.26102 0.094924 0.1134 0.26661 0.31074 0.17866 0.39157 -0.10034 -0.036088 0.32164 0.44343
0.11763 0.11717 0.23214 0.19824 0.074994 -0.010002 0.019413 -0.01733 0.046759 0.2345 0.054476 0.21034 0.17104 0.0252 -0.022505 0.0084878 -0.021905 0.044262 0.46032 0.21559 0.57355 -0.069425 0.064763 0.13427 0.30906 0.45378 -0.1861 0.015321 0.45116 -0.042471 -0.14667 0.22264 -0.024067 0.09914 0 0.39704 0.84154 0.020673 0.03964 0.13394 0.34271 -0.03993 -0.053155 0.56281 0.56759 0.2651 0.2476 0.67179 -0.062053 0.023168 0.15587 0.39451 0.2566 0.22426 0.39612 -0.10364 0.025079 0.068904 0.18547 0.21259 -0.25314 0.0085972 0.32092 -0.048636 -0.16223 0.086334 -0.038024 0.089017 0.69947 0.32451 0.63371 -0.013176 0.054606 0.055656 0.30185 -0.09818 -0.06458 0.2653 0.34262 0.15645 0.19617 0.4726 -0.037583 -0.020875 0.15986 0.36592
-0.025167 -0.060944 -0.0099483 -0.088893 0.0056167 0.038882 0.073119 -0.083067 -0.045431 0.10653 -0.12323 -0.033701 -0.10096 -0.041338 0.0047236 0.031461 -0.075211 -0.03954 0.18333 -0.21561 0.47519 -0.16392 0.037782 0.019467 0.41156 0.38625 -0.012024 -0.0094158 0.28861 -0.15347 0.071465 0.55084 -0.015363 -0.22477 0.39704 0 0.59006 -0.12589 -0.15179 -0.11088 -0.088775 -0.056493 -0.16018 0.22434 0.2172 -0.091707 0.020863 0.1442 0.158 0.08339 -0.05746 -0.10838 -0.028626 -0.21215 0.21834 -0.19627 0.057227 -0.00078283 0.1626 0.17171 -0.1679 -0.03287 0.13396 -0.15042 -0.019303 0.25758 -0.032222 -0.21467 0.1514 0.57985 0.22885 -0.1534 -0.10961 -0.2025 -0.10658 -0.23757 -0.23185 -0.082318 -0.048838 -0.14439 -0.012299 -0.047943 0.15355 0.072026 -0.053006 -0.1131
0.051584 0.016669 0.13884 0.083716 0.058618 -0.0096284 0.065454 -0.066207 0.00011241 0.18314 -0.030399 0.12159 0.073692 -0.0057267 -0.034103 0.04237 -0.055872 0.014282 0.53457 0.03853 0.51023 -0.11589 0.066891 0.097719 0.26844 0.45381 -0.22172 0.026875 0.46237 -0.071174 -0.098532 0.35925 -0.062486 -0.026736 0.84154 0.59006 0 -0.043244 -0.046375 -0.0031841 0.22357 -0.1871 -0.16079 0.40028 0.38541 0.13668 0.26119 0.53682 0.023261 0.049071 0.055628 0.22817 0.27223 0.014972 0.32766 -0.14116 0.055118 0.042377 0.067815 0.23637 -0.31305 0.01491 0.29943 -0.081872 -0.15211 0.13916 -0.076782 -0.032284 0.55064 0.49047 0.63534 -0.074897 -0.0025594 -0.096432 0.17363 -0.26946 -0.17232 0.12495 0.1194 0.055319 0.17875 0.29133 -0.030683 0.014403 0.068148 0.20964
0.10389 0.23024 0.089414 0.12416 0.051406 0.073263 -0.031204 0.049512 0.16764 0.1356 0.23042 0.08885 0.12298 0.050644 0.052547 -0.05471 0.043298 0.164 -0.04767 0.27405 -0.066377 0.86508 0.021546 0.27053 0.03135 -0.11014 0.15793 0.30911 0.11113 0.90802 0.011957 -0.18224 0.16547 0.41141 0.020673 -0.12589 -0.043244 0 0.37149 0.21057 0.30001 0.30127 0.13093 0.060131 0.13816 0.56931 0.062482 0.14994 -0.050553 -0.018099 0.30785 0.3351 -0.024649 0.26175 -0.11189 0.81328 -0.0072121 0.25726 -0.011733 -0.065729 0.20745 0.36389 0.096601 0.85753 0.020113 -0.1957 0.15469 0.37993 0.025983 -0.1413 -0.031646 0.96501 0.39739 0.20912 0.32864 0.33556 0.15527 0.027025 0.090258 0.49254 0.051752 0.23855 -0.068499 -0.052109 0.27581 0.32406
-0.0076301 0.07863 -0.034059 0.13854 0.051422 0.1048 0.068181 0.023213 0.08468 0.17946 0.023137 -0.018819 0.072656 0.04575 0.096202 0.075987 0.014937 0.075615 0.049329 0.25995 -0.048239 0.31126 0.05403 0.13496 -0.098295 -0.022019 0.065379 0.014342 0.025101 0.34177 0.05964 -0.13365 0.078476 0.55588 0.03964 -0.15179 -0.046375 0.37149 0 0.065006 0.87519 0.085764 0.023226 -0.015213 0.30159 0.42733 0.29883 0.37166 -0.0002343 0.050801 0.46345 0.56634 0.078237 0.22854 -0.14094 0.29144 -0.0063422 0.14066 -0.1294 -0.024184 0.049877 0.031988 -0.023424 0.31703 0.022151 -0.16505 0.10688 0.49651 0.033549 -0.18586 -0.082129 0.3373 0.89586 0.087416 0.77009 0.10234 0.0058879 -0.085735 0.17253 0.34827 0.28584 0.32252 -0.074852 -0.008398 0.37437 0.45961
0.38838 0.34533 0.22848 0.23885 0.095941 0.081316 -0.13277 0.069559 0.21058 0.33909 0.35606 0.24677 0.24607 0.086275 0.065193 -0.10681 0.061976 0.19192 -0.14176 0.45076 0.13991 0.049274 0.042218 -0.088681 0.164 0.039551 0.37177 -0.00024572 0.30688 0.067912 -0.051274 -0.14395 0.051277 0.26242 0.13394 -0.11088 -0.0031841 0.21057 0.065006 0 0.10354 0.50349 0.36829 0.4746 0.31558 0.16621 -0.09378 0.40693 -0.11143 -0.057988 0.20399 0.36032 -0.09921 0.41387 0.2025 0.061024 0.043586 -0.10103 0.22063 0.059703 0.3903 0.0013867 0.27103 0.02068 0.067043 -0.07233 0.025945 0.22591 0.2355 -0.074076 0.14278 0.2378 0.053857 0.68976 0.13041 0.48425 0.33852 0.47532 0.33683 0.074178 -0.081428 0.42987 -0.11386 -0.10929 0.19543 0.38013
0.048569 0.073827 0.061641 0.2685 0.080947 0.078454 0.090206 0.021998 0.063275 0.22804 0.040255 0.060351 0.21361 0.057272 0.087608 0.10825 0.0056145 0.065461 0.13926 0.37274 0.10835 0.26162 0.065131 0.15292 -0.1105 0.11051 -0.10462 0.036995 0.14698 0.25654 -0.027132 -0.15719 0.0069984 0.61644 0.34271 -0.088775 0.22357 0.30001 0.87519 0.10354 0 -0.060383 2.9244e-06 0.1072 0.51843 0.49065 0.31655 0.55664 -0.052638 0.021856 0.41127 0.626 0.15119 0.33939 -0.020615 0.23051 -0.0039555 0.14923 -0.17178 0.035904 -0.10692 0.06619 0.085271 0.24086 -0.069105 -0.20354 0.061935 0.58497 0.30828 -0.14513 0.11064 0.26876 0.81364 0.12061 0.91661 0.0029257 -0.0063917 0.0074 0.34171 0.44271 0.30136 0.4659 -0.12036 -0.028854 0.33174 0.5466
0.20223 0.18453 0.079358 0.041261 0.017921 0.251 -0.046392 0.038837 0.14825 0.22081 0.19431 0.072276 0.022452 0.035881 0.23036 -0.03104 0.066604 0.1583 -0.017772 0.10334 0.35213 0.28985 0.038135 0.098899 0.64697 -0.0077846 0.77701 -0.013863 0.11654 0.26133 0.35007 0.22039 0.42732 0.20188 -0.03993 -0.056493 -0.1871 0.30127 0.085764 0.50349 -0.060383 0 0.40396 0.35032 0.31444 0.20089 0.068886 0.091217 0.096379 0.041617 0.14728 0.091389 -0.0047715 0.085624 0.26198 0.26476 0.047933 0.061054 0.50773 -0.0040647 0.74656 0.048568 0.031167 0.24009 0.35032 0.27356 0.36508 0.1631 -0.10796 -0.08265 -0.12827 0.30501 0.072634 0.39767 -0.057399 0.90923 0.32842 0.2375 0.2789 0.052209 0.075071 0.063537 0.15139 0.042157 0.13597 0.059192
0.1077 0.16467 0.1921 0.1583 0.071041 0.21888 -0.008632 0.12219 0.13483 0.10106 0.19411 0.18508 0.14085 0.060128 0.21475 0.0034872 0.13097 0.13321 -0.10188 0.33987 -0.0092165 0.080477 0.06508 0.042855 0.079169 -0.052714 0.42684 0.078333 0.24193 0.085776 0.36419 -0.036032 0.19172 0.10488 -0.053155 -0.16018 -0.16079 0.13093 0.023226 0.36829 2.9244e-06 0.40396 0 0.10135 0.33084 0.012512 0.05573 0.0043823 0.019429 0.028381 0.17743 0.22219 -0.068477 0.30032 -0.035282 0.080989 0.043078 0.01823 0.030587 -0.033922 0.4022 0.087272 0.1663 0.064971 0.39091 0.021729 0.1434 0.091079 -0.04299 -0.19129 -0.053376 0.13713 0.0076835 0.31932 0.006699 0.35774 0.58559 0.084583 0.28829 -0.047262 0.073576 0.042534 0.0092602 0.022685 0.14914 0.2236
0.40456 0.23043 0.26037 0.17335 0.074138 -0.00098208 -0.14976 0.00019142 0.11701 0.46302 0.22235 0.25199 0.15567 0.041259 -0.028902 -0.12519 -0.011763 0.13132 -0.045628 0.28168 0.69144 -0.023945 0.036235 -0.03048 0.54791 0.39011 0.10345 -0.069357 0.48934 -0.020053 -0.22746 -0.018812 0.069966 0.11953 0.56281 0.22434 0.40028 0.060131 -0.015213 0.4746 0.1072 0.35032 0.10135 0 0.46631 0.38056 -0.13475 0.66318 -0.15046 -0.082824 0.10067 0.27801 -0.018984 0.26164 0.58317 -0.051867 0.035524 -0.060207 0.49549 0.20995 0.066259 -0.063096 0.3536 -0.048638 -0.12879 0.063038 0.026374 0.11213 0.50871 0.23478 0.35177 0.054446 -0.033157 0.40807 0.10915 0.31973 0.08332 0.73381 0.31619 0.21161 -0.095969 0.50667 -0.10585 -0.14551 0.097557 0.24938
0.083527 0.1707 0.19526 0.1913 0.075719 0.15918 0.064558 0.012338 0.084761 0.27766 0.10123 0.12938 0.15981 0.053152 0.15051 0.046972 0.017391 0.089433 0.23223 0.3593 0.4054 0.092029 0.081669 0.083679 0.32734 0.25408 0.20065 0.018531 0.3197 0.080612 0.20292 0.27457 0.12414 0.32896 0.56759 0.2172 0.38541 0.13816 0.30159 0.31558 0.51843 0.31444 0.33084 0.46631 0 0.32321 0.21597 0.53125 0.079123 0.054306 0.24415 0.3769 0.071048 0.29087 0.19608 0.037813 0.047402 0.035557 0.070186 0.11297 0.07118 0.023114 0.11241 0.064845 0.088269 0.080566 0.10562 0.31321 0.30961 0.014417 0.19182 0.10521 0.2582 0.2003 0.43902 0.12526 0.16939 0.13023 0.53835 0.19619 0.19237 0.32862 0.084346 0.034 0.20948 0.33204
0.12925 0.086479 0.03588 0.099654 0.0062695 0.09263 0.032636 0.010792 0.042657 0.18587 0.055042 0.052394 0.086763 0.011036 0.090295 0.040763 0.0088879 0.054376 0.054812 0.25418 0.36207 0.66646 0.079788 0.49615 0.32066 0.32878 0.022672 0.28467 0.20972 0.68001 -0.055348 -0.15567 0.18181 0.3786 0.2651 -0.091707 0.13668 0.56931 0.42733 0.16621 0.49065 0.20089 0.012512 0.38056 0.32321 0 0.10728 0.47141 -0.062221 -0.003381 0.18676 0.37298 0.10938 0.24725 0.17393 0.63421 0.041072 0.45714 0.19191 0.27526 0.084019 0.26139 0.13165 0.68515 -0.028419 -0.13032 0.17015 0.35388 0.26424 -0.095295 0.13289 0.55688 0.38509 0.17655 0.44497 0.29455 0.032142 0.20123 0.19199 0.93598 0.078675 0.37013 -0.060345 -0.03446 0.16356 0.31468
-0.18682 -0.14163 -0.083827 -0.032896 0.0060364 0.25044 0.24934 0.0061186 0.0007161 -0.14475 -0.17859 -0.10179 -0.052387 -0.019737 0.23442 0.22776 0.016991 0.020475 0.74115 0.048015 0.084566 0.13973 0.12344 0.38856 0.13451 0.22422 0.04111 0.17188 0.075821 0.18921 0.23637 0.45525 0.18411 0.16249 0.2476 0.020863 0.26119 0.062482 0.29883 -0.09378 0.31655 0.068886 0.05573 -0.13475 0.21597 0.10728 0 0.12755 0.090206 0.25305 0.57267 0.32314 0.62441 0.045281 -0.038281 0.10416 0.073286 0.3633 -0.0065397 0.13939 -0.01758 0.17302 0.031638 0.18482 0.1554 0.29095 0.17542 0.18506 0.12133 -0.014548 0.1401 0.0021007 0.32297 -0.10902 0.30551 0.036802 0.054639 -0.18347 0.13264 0.11772 0.86218 0.058516 0.067524 0.24385 0.47129 0.26915
0.37148 0.22919 0.19522 0.26708 0.11182 -0.056412 -0.066497 0.0055413 0.12524 0.38318 0.23641 0.20622 0.24946 0.087389 -0.072742 -0.063194 -0.017911 0.16057 0.16405 0.41192 0.43698 0.025885 0.060936 0.0026028 0.21847 0.42226 -0.12679 -0.10436 0.43512 0.058771 -0.29311 0.0042348 -0.031033 0.34644 0.67179 0.1442 0.53682 0.14994 0.37166 0.40693 0.55664 0.091217 0.0043823 0.66318 0.53125 0.47141 0.12755 0 -0.13089 -0.039296 0.32779 0.60712 0.20092 0.42546 0.43632 0.0050794 0.01219 -0.036905 0.30215 0.28621 -0.10228 -0.087198 0.3705 0.028022 -0.23337 0.069016 -0.034762 0.3131 0.67814 0.22387 0.54457 0.14007 0.2931 0.38783 0.51023 0.16967 0.043718 0.53864 0.48648 0.38207 0.11309 0.85307 -0.099527 -0.093867 0.25193 0.55657
-0.10632 -0.0688 -0.069466 -0.093158 -0.036414 0.060207 0.05494 -0.010471 -0.040541 -0.043614 -0.10224 -0.098033 -0.10158 -0.049124 0.040843 0.043686 -0.011266 -0.03777 0.14839 -0.16266 0.01423 -0.028011 0.030176 0.065235 0.14978 0.029107 0.11855 0.025568 -0.074076 -0.013915 0.27263 0.31272 0.037471 -0.080107 -0.062053 0.158 0.023261 -0.050553 -0.0002343 -0.11143 -0.052638 0.096379 0.019429 -0.15046 0.079123 -0.062221 0.090206 -0.13089 0 0.099822 -0.076693 -0.14172 0.048779 -0.17645 -0.098007 -0.025237 0.002814 0.055205 -0.0069729 0.018908 0.056868 0.027735 -0.11341 -0.012068 0.15187 0.21253 0.024382 -0.062729 -0.17819 0.065682 -0.12046 -0.052462 0.017239 -0.17619 -0.07852 -0.0093123 -0.033663 -0.25119 -0.027815 -0.046353 0.076793 -0.19285 0.24018 0.089486 -0.045564 -0.1681
-0.054414 -0.06174 -0.050724 -0.020693 -0.017936 0.15684 0.13685 -0.000816 -0.018053 -0.0086582 -0.080273 -0.069103 -0.037394 -0.0099233 0.13616 0.11375 -0.010035 0.026537 0.18349 -0.03535 0.015015 0.016217 0.097356 0.155 0.10494 0.13038 0.04793 0.060385 0.042394 0.018451 0.18287 0.28112 0.094994 -0.020013 0.023168 0.08339 0.049071 -0.018099 0.050801 -0.057988 0.021856 0.041617 0.028381 -0.082824 0.054306 -0.003381 0.25305 -0.039296 0.099822 0 0.044146 0.040756 0.11898 -0.063939 -0.041123 0.0036168 0.043027 0.12951 0.024626 0.10103 0.02817 0.047876 -0.024306 0.032529 0.13112 0.21707 0.073753 -0.023212 -0.014968 0.035623 0.0070173 -0.034136 0.030811 -0.088811 -0.0047797 0.01615 -0.0077529 -0.12687 0.038633 -0.0091607 0.21475 -0.072243 0.10134 0.17519 0.020534 0.017786
0.038975 0.16184 0.085729 0.12744 0.066111 0.12072 0.012764 0.048925 0.1283 0.03957 0.17525 0.0813 0.12364 0.06984 0.093468 0.018813 0.039685 0.17104 0.17025 0.30267 0.016668 0.19426 0.055711 0.13504 0.014226 0.0057821 0.13367 0.10738 0.1582 0.26249 0.046705 -0.057173 0.11519 0.35905 0.15587 -0.05746 0.055628 0.30785 0.46345 0.20399 0.41127 0.14728 0.17743 0.10067 0.24415 0.18676 0.57267 0.32779 -0.076693 0.044146 0 0.50186 0.25116 0.30992 0.039607 0.19077 0.034772 0.13364 0.039494 -0.0077822 0.11798 0.11343 0.16145 0.23595 0.07484 -0.038356 0.12534 0.35143 0.21088 -0.044185 0.13315 0.28517 0.42073 0.23779 0.39981 0.18379 0.18494 0.096072 0.24725 0.16987 0.54603 0.36036 -0.038232 0.0080722 0.66066 0.46898
0.23136 0.2676 0.18522 0.35596 0.14495 0.10081 0.031105 0.088778 0.1861 0.22699 0.26825 0.19166 0.32935 0.11609 0.098767 0.042479 0.067151 0.19743 0.098659 0.57656 0.014988 0.22039 0.11093 0.16117 -0.060259 0.1135 -0.0066025 0.090018 0.36502 0.25833 -0.046773 -0.19973 0.076324 0.47849 0.39451 -0.10838 0.22817 0.3351 0.56634 0.36032 0.626 0.091389 0.22219 0.27801 0.3769 0.37298 0.32314 0.60712 -0.14172 0.040756 0.50186 0 0.17833 0.55443 0.063573 0.21521 0.053998 0.11825 0.0075308 0.087314 0.037595 0.10751 0.34678 0.22653 -0.014092 -0.14156 0.081223 0.45608 0.50337 -0.058719 0.34813 0.32807 0.50227 0.39781 0.60594 0.19014 0.24966 0.26717 0.39668 0.3295 0.29545 0.64171 -0.12928 -0.019586 0.4128 0.77518
-0.061586 -0.13981 -0.03732 -0.035232 -0.015855 0.077845 0.11858 -0.018251 -0.0285 -0.15176 -0.15176 -0.036163 -0.014275 -0.017299 0.077486 0.13118 -0.0098515 -0.0039054 0.68496 0.020152 0.063745 0.078381 0.031827 0.32268 0.11877 0.21042 -0.11106 0.17022 0.080307 0.093076 0.0066682 0.32116 0.090044 0.03647 0.2566 -0.028626 0.27223 -0.024649 0.078237 -0.09921 0.15119 -0.0047715 -0.068477 -0.018984 0.071048 0.10938 0.62441 0.20092 0.048779 0.11898 0.25116 0.17833 0 0.034636 0.18493 0.083781 0.03689 0.34488 0.20089 0.26479 -0.11144 0.12519 0.11661 0.10295 0.011832 0.47044 0.075898 0.04652 0.36811 0.16385 0.44881 -0.062452 0.11754 -0.066076 0.19593 0.064612 -0.0085896 0.021116 0.27785 0.095946 0.74058 0.19522 0.070285 0.19206 0.22665 0.1578
