0,0.33227926492691,0.269841015338898,0.277852386236191,0.0833062678575516,-0.00708045065402985,-0.0892597809433937,0.0606158748269081,0.209581583738327,0.720168173313141,0.410496115684509,0.354744434356689,0.292617291212082,0.110723502933979,0.000826580275315791,-0.0955286249518394,0.0427915044128895,0.262362480163574,-0.148026302456856,0.230560973286629,0.0709564760327339,-0.0362252742052078,0.0254602283239365,-0.0516150519251823,0.0725270882248878,0.142581149935722,0.0973053127527237,0.0187390893697739,0.184326395392418,-0.00834562256932259,-0.151837006211281,-0.104095794260502,0.0154535258188844,0.115551516413689,0.0891458988189697,-0.0578233003616333,0.0166551172733307,0.100681535899639,0.0475235432386398,0.359823763370514,0.067688874900341,0.189906731247902,0.0924732461571693,0.362105309963226,0.037142388522625,0.180647954344749,-0.17721489071846,0.352069705724716,-0.10068503767252,-0.0637234747409821,0.0264488663524389,0.220899656414986,-0.0297812093049288,0.270885020494461,0.422262489795685,-0.0320645868778229,0.03354412317276,-0.0758255645632744,0.374112278223038,0.24965226650238,0.196188613772392,-0.00315351481549442,0.317451059818268,-0.0390906594693661,-0.0293165501207113,0.125534445047379,0.0236355643719435,0.127255797386169,0.383644849061966,0.20032986998558,0.295268207788467,0.118375234305859,0.0543126128613949,0.442536443471909,0.172225266695023,0.318992555141449,0.170603886246681,0.589424610137939,0.395847290754318,0.198426142334938,-0.125433966517448,0.528100967407227,0.00237683695740998,-0.0830506011843681,0.0416659973561764,0.269790351390839
0.33227926492691,0,0.248490378260612,0.27122837305069,0.110531933605671,0.0157373603433371,-0.0778383016586304,0.0728269293904305,0.221129283308983,0.346045732498169,0.490255385637283,0.264101296663284,0.25528958439827,0.0949258804321289,-0.00242363102734089,-0.0945794656872749,0.057168148458004,0.212601765990257,-0.102362066507339,0.258919060230255,0.0438172891736031,0.0855205059051514,0.0199057329446077,-0.0503307022154331,0.0614793673157692,0.0417878367006779,0.144395872950554,0.0729071199893951,0.143784329295158,0.124951630830765,-0.0304449293762445,-0.108215309679508,0.0152001371607184,0.173427358269691,0.110458604991436,-0.0643246695399284,0.0109088299795985,0.227351471781731,0.127551645040512,0.330670148134232,0.11450457572937,0.193461880087852,0.158879086375237,0.212488651275635,0.163042157888412,0.124054431915283,-0.110615558922291,0.232732102274895,-0.0479903928935528,-0.053304560482502,0.164917439222336,0.284913927316666,-0.111532062292099,0.251740038394928,0.0660720616579056,0.0835633352398872,0.0141704259440303,-0.0734015926718712,0.0672627091407776,-0.00216072844341397,0.136915266513824,0.0696223378181458,0.132350400090218,0.0843813270330429,-0.0118319485336542,-0.0896791517734528,-0.0126925855875015,0.105084113776684,0.157330423593521,-0.032848384231329,0.0764078423380852,0.260566920042038,0.0759553387761116,0.312773615121841,0.0930910930037498,0.188485339283943,0.149300321936607,0.185659363865852,0.167812123894691,0.0636250600218773,-0.116611428558826,0.22581747174263,-0.049998801201582,-0.0716678127646446,0.152321562170982,0.258459985256195
0.269841015338898,0.248490378260612,0,0.39450940489769,0.105055168271065,0.0341183729469776,-0.0181762352585793,0.14946748316288,0.14198599755764,0.287666767835617,0.271300584077835,0.578115582466125,0.380414932966232,0.0673871338367462,0.0300050210207701,-0.0290099661797285,0.119678094983101,0.154565468430519,-0.0215891804546118,0.206423714756966,0.12171184271574,-0.00214952463284135,0.012999732978642,-0.0344835892319679,0.0368245579302311,0.0539296418428421,0.082567885518074,0.00013025663793087,0.191002562642097,0.0221511702984571,-0.00930121541023254,-0.0664433017373085,-0.0237896852195263,0.0521125718951225,0.230944857001305,-0.00673431763425469,0.141451984643936,0.0882729291915894,0.00525768101215363,0.205409228801727,0.0789395868778229,0.0912355929613113,0.171408757567406,0.252714157104492,0.201166108250618,0.0608930177986622,-0.0647525787353516,0.19328336417675,-0.0525309219956398,-0.0442073903977871,0.0710565894842148,0.187140256166458,-0.0202394016087055,0.180130451917648,0.118718802928925,-0.0182538200169802,0.0333916321396828,-0.0585358813405037,0.0356246046721935,0.029116578400135,0.0691541880369186,0.00666205398738384,0.165815755724907,-0.00710261519998312,0.00113990576937795,-0.0715280100703239,-0.0128643792122602,0.024798134341836,0.201610565185547,-0.0212803296744823,0.142119273543358,0.0967890918254852,-0.0177125912159681,0.201790377497673,0.0859221443533897,0.0828647017478943,0.123832322657108,0.177751734852791,0.166411146521568,0.0106132198125124,-0.059767410159111,0.184569656848907,-0.0617221370339394,-0.0529499240219593,0.0835285410284996,0.175537779927254
0.277852386236191,0.27122837305069,0.39450940489769,0,0.196775004267693,0.0130926091223955,-0.00692304503172636,0.112274475395679,0.141567513346672,0.257928729057312,0.278999209403992,0.377085208892822,0.641090333461761,0.123588904738426,0.00817936006933451,-0.014610106125474,0.0964770317077637,0.150202289223671,-0.0443451255559921,0.298774093389511,-0.0246458109468222,0.0334466472268105,0.0132391015067697,-0.0169690679758787,-0.08160749822855,0.0141237117350101,0.0126979881897569,0.0236636493355036,0.151468709111214,0.0480645932257175,-0.0269765052944422,-0.149514243006706,-0.020134998485446,0.193031743168831,0.18109855055809,-0.0834920108318329,0.0683542564511299,0.127033054828644,0.17780664563179,0.218174621462822,0.273274511098862,0.043912660330534,0.134833484888077,0.160909041762352,0.170241728425026,0.113680087029934,-0.0193124990910292,0.247206836938858,-0.0695921927690506,-0.0168974343687296,0.132834240794182,0.35044065117836,-0.00963539257645607,0.284492313861847,0.0211523585021496,0.0353593789041042,0.0101547604426742,-0.0333525724709034,-0.0415932238101959,-0.0140071734786034,0.0289717372506857,0.0279166363179684,0.154306516051292,0.0294390432536602,-0.020259590819478,-0.126610964536667,0.00975438859313726,0.154153317213058,0.260731309652328,-0.0592275038361549,0.153114855289459,0.145386829972267,0.112218677997589,0.251997053623199,0.2580526471138,0.0831126719713211,0.135192468762398,0.178892537951469,0.189539566636086,0.0883603245019913,-0.0336848422884941,0.305966556072235,-0.066326767206192,-0.055164884775877,0.126916378736496,0.347055196762085
0.0833062678575516,0.110531933605671,0.105055168271065,0.196775004267693,0,-0.00278650620020926,-0.0178999584168196,0.0209022536873817,0.055700421333313,0.0954359918832779,0.100581049919128,0.114091001451015,0.167995095252991,0.0443256497383118,-0.00276496121659875,-0.0254807099699974,0.0232536774128675,0.0620952695608139,-0.0122072156518698,0.106265611946583,0.00287720328196883,0.000948181550484151,0.010744346305728,-0.00898001901805401,-0.0168983601033688,0.00441768392920494,-0.00450454605743289,-0.0101313851773739,0.0710713267326355,0.00698128016665578,-0.0252071563154459,-0.0311513468623161,-0.00951280351728201,0.0226781591773033,0.0726490244269371,0.00591541733592749,0.0550529845058918,0.0487150810658932,0.0703985169529915,0.0916649028658867,0.0877876654267311,0.011063301935792,0.0574103556573391,0.0698984563350677,0.0676139518618584,0.0129356114193797,0.00894073583185673,0.108090408146381,-0.0266532301902771,-0.0195626318454742,0.0618312582373619,0.142816513776779,-0.00279311020858586,0.1106141731143,-0.0153286810964346,-0.00462978007271886,-0.0127296904101968,-0.0304118879139423,-0.0344291143119335,-0.0109067466109991,-0.00294354162178934,-0.00264164945110679,0.064179465174675,-0.00758041720837355,-0.018790315836668,-0.0415252819657326,-0.0169427935034037,0.0263756159693003,0.0869581997394562,-0.0074628870934248,0.0651247426867485,0.050567738711834,0.0529627837240696,0.0767548829317093,0.0775003284215927,0.00182078580837697,0.028963441029191,0.0426380410790443,0.0531851164996624,-0.00879622716456652,-0.00534307071939111,0.103938594460487,-0.0388074740767479,-0.0223762672394514,0.0454893745481968,0.128487154841423
-0.00708045065402985,0.0157373603433371,0.0341183729469776,0.0130926091223955,-0.00278650620020926,0,0.164508000016212,0.0211979951709509,0.0861587077379227,0.0576408579945564,0.000515323074068874,0.0252675302326679,0.00371519452892244,-0.0150844557210803,0.433398246765137,0.167152747511864,0.040787361562252,0.0722462385892868,0.0660432204604149,0.0451376661658287,0.145499110221863,0.101058840751648,0.13371068239212,0.222460642457008,0.24126048386097,0.123921066522598,0.34099292755127,0.127594739198685,0.0895775035023689,0.12695474922657,0.300887316465378,0.206074744462967,0.277330785989761,0.0783308073878288,-0.0269246101379395,0.0215535275638103,-0.0174178536981344,0.0884860381484032,0.0958936959505081,0.0987391546368599,0.0625600293278694,0.271716117858887,0.230940848588943,-0.000135317444801331,0.177986890077591,0.0807158127427101,0.220653757452965,-0.0694356635212898,0.0578588470816612,0.152137249708176,0.11845601350069,0.086490198969841,0.0321732759475708,0.0291589740663767,0.00982229690998793,0.0806482955813408,0.0882165655493736,0.211429074406624,0.126353055238724,0.0861454829573631,0.287433296442032,0.130739629268646,0.0212951134890318,0.115377955138683,0.276442646980286,0.140286669135094,0.234317138791084,0.0704483166337013,-0.105836071074009,-0.0490273460745811,-0.0835913345217705,0.0669625774025917,0.101093024015427,0.0394985377788544,0.0528224781155586,0.227166399359703,0.157329112291336,-0.087375245988369,0.0840706750750542,0.0457124635577202,0.188284009695053,-0.104583770036697,0.0536490455269814,0.122517891228199,0.101685613393784,0.057734303176403
-0.0892597809433937,-0.0778383016586304,-0.0181762352585793,-0.00692304503172636,-0.0178999584168196,0.164508000016212,0,-0.00910043716430664,-0.00833959504961967,-0.0403280481696129,-0.103238061070442,-0.0417205579578876,-0.0268446374684572,-0.0242706853896379,0.170494377613068,0.250296413898468,-0.00922907050698996,-0.0309671238064766,0.14859627187252,-0.0378270745277405,0.046878308057785,0.0284126996994019,0.0736870318651199,0.175073891878128,0.0632778853178024,0.126973271369934,0.00149326375685632,0.0678287670016289,0.0202231667935848,0.0397985577583313,0.161338344216347,0.163063004612923,0.0697059780359268,0.0171611253172159,0.0258213505148888,0.0753766447305679,0.0715590640902519,-0.0124965375289321,0.0555790551006794,-0.120289862155914,0.0715550109744072,-0.0346451215445995,0.00154029740951955,-0.122883878648281,0.0618866942822933,0.0257643684744835,0.23265814781189,-0.0613043755292892,0.0455817170441151,0.13393197953701,0.0190845355391502,0.0315766893327236,0.0915697142481804,-0.0496587157249451,-0.0636433809995651,0.0195004716515541,0.0285560097545385,0.152951747179031,-0.037262387573719,0.0693240240216255,-0.0301587581634521,0.0564458444714546,-0.0188101660460234,0.035498134791851,0.087858222424984,0.0876661762595177,0.0541706271469593,0.0217782873660326,-0.0527115538716316,-0.0186537094414234,-0.0226593911647797,-0.0306786652654409,0.0588431805372238,-0.136634811758995,0.0687067061662674,-0.0592031329870224,-0.0209311619400978,-0.185053870081902,-0.0200188849121332,0.030307050794363,0.188889697194099,-0.123516425490379,0.0279219131916761,0.107845559716225,0.00369345676153898,5.95077872276306e-05
0.0606158748269081,0.0728269293904305,0.14946748316288,0.112274475395679,0.0209022536873817,0.0211979951709509,-0.00910043716430664,0,0.0543570779263973,0.0400484427809715,0.077365405857563,0.130651563405991,0.108497075736523,0.0173302218317986,0.0332292169332504,0.00256948452442884,0.109306126832962,0.0664292499423027,-0.0360643491148949,0.0932491719722748,-0.057497676461935,0.0217711236327887,0.000759333197493106,-0.00726803950965405,-0.0429528616368771,-0.0220497418195009,0.0575087666511536,0.0183198992162943,0.0261775627732277,0.0104558737948537,0.0666637346148491,-0.057597316801548,0.0233278479427099,0.0468368977308273,-0.0235976800322533,-0.0813285186886787,-0.0727225765585899,0.0466675236821175,0.0218262355774641,0.0733496844768524,0.0156444720923901,0.0479015931487083,0.121331982314587,0.00211014575324953,0.0134400902315974,0.0100227631628513,0.0044429418630898,0.00135479553136975,-0.00494825234636664,0.00105957838241011,0.0462979413568974,0.0882504284381866,-0.0204074941575527,0.0768959075212479,-0.0397722087800503,0.0241062324494123,-0.00467097340151668,0.00233829068019986,-0.0199979320168495,0.00384647049941123,0.0696048811078072,0.0328853130340576,0.033415962010622,0.00332334800623357,0.0649753659963608,-0.038804542273283,0.0110903074964881,0.0452363230288029,0.00425920588895679,-0.0867230221629143,-0.0125006753951311,0.05370082706213,0.0136155970394611,0.0788188204169273,0.0345936492085457,0.0605975836515427,0.101286850869656,0.0199167151004076,0.0357727184891701,0.00929033104330301,0.0155078368261456,0.0568108186125755,-0.0164083279669285,0.0022015378344804,0.0579630061984062,0.0909869149327278
0.209581583738327,0.221129283308983,0.14198599755764,0.141567513346672,0.055700421333313,0.0861587077379227,-0.00833959504961967,0.0543570779263973,0,0.219330251216888,0.229075402021408,0.131654590368271,0.136353328824043,0.0473239086568356,0.0716901794075966,-0.0211343038827181,0.0523845255374908,0.198613345623016,-0.0436096228659153,0.165006771683693,0.00674351491034031,0.0631344616413116,0.0182696599513292,0.00450546806678176,0.0308002457022667,0.00796935614198446,0.129788234829903,0.0225313417613506,0.0776002630591393,0.0925506353378296,0.0208993516862392,-0.0529693588614464,0.065657764673233,0.116591818630695,0.0362814292311668,-0.0582942329347134,-0.0132981240749359,0.16747958958149,0.0908014997839928,0.190971747040749,0.0678694918751717,0.153708040714264,0.137932419776917,0.100431025028229,0.0780581012368202,0.0528296418488026,-0.000116303563117981,0.112839929759502,-0.0304523650556803,-0.018957857042551,0.123237498104572,0.180941760540009,-0.0287456307560205,0.171506732702255,0.0461637675762177,0.0567724145948887,0.027089724317193,-0.0127476314082742,0.0610611289739609,0.0184801574796438,0.147856384515762,0.0170630402863026,0.0931852385401726,0.0817184448242188,0.0602241046726704,-0.010766732506454,0.0352891534566879,0.0744907185435295,0.0855341479182243,-0.0314764752984047,0.041463490575552,0.17430017888546,0.0684700980782509,0.185493752360344,0.0643008649349213,0.174887031316757,0.138245984911919,0.106872491538525,0.127814844250679,0.0231720060110092,0.000872034346684813,0.150826901197433,-0.0348024778068066,-0.00483721541240811,0.121557839214802,0.174308776855469
0.720168173313141,0.346045732498169,0.287666767835617,0.257928729057312,0.0954359918832779,0.0576408579945564,-0.0403280481696129,0.0400484427809715,0.219330251216888,0,0.319141626358032,0.282286822795868,0.217749670147896,0.0959980338811874,0.0503397546708584,-0.0528076142072678,0.0353905968368053,0.230380013585091,-0.0555144101381302,0.225258082151413,0.262420475482941,-0.00519344862550497,0.0488330312073231,-0.0726227164268494,0.22090870141983,0.233443066477776,0.147934332489967,-0.0649905651807785,0.200569555163383,0.0032811698038131,-0.0173327177762985,0.0562336407601833,0.0447996594011784,0.188255652785301,0.223685875535011,0.0977274477481842,0.188441246747971,0.112753361463547,0.24695810675621,0.305182158946991,0.263806462287903,0.237987846136093,0.0840981304645538,0.449006050825119,0.273333072662354,0.252013772726059,-0.123115345835686,0.3900406062603,-0.0192974843084812,-0.00362534262239933,0.0297732204198837,0.217649966478348,-0.135099038481712,0.168818891048431,0.142759248614311,-0.0133146923035383,0.0271437633782625,-0.0899597853422165,0.129859521985054,0.130798816680908,0.107265174388885,-0.034271627664566,0.102669961750507,-0.00370900682173669,-0.0174180455505848,0.0134702520444989,0.0272379033267498,0.122933238744736,0.143636494874954,0.0425472222268581,0.0588408373296261,0.128581658005714,0.139639467000961,0.258093893527985,0.157862856984138,0.15760412812233,0.0558200925588608,0.237575247883797,0.105542719364166,0.0958090126514435,-0.10439807921648,0.323572814464569,-0.0364043563604355,-0.0560770556330681,0.0484096147119999,0.182903304696083
0.410496115684509,0.490255385637283,0.271300584077835,0.278999209403992,0.100581049919128,0.000515323074068874,-0.103238061070442,0.077365405857563,0.229075402021408,0.319141626358032,0,0.323286682367325,0.304178774356842,0.110340043902397,-0.00883018411695957,-0.108140043914318,0.0961991772055626,0.253920286893845,-0.183393657207489,0.287463873624802,-0.0148610370233655,0.0666237771511078,0.0189813859760761,-0.066349633038044,0.0144908418878913,-0.0185606833547354,0.148020341992378,0.0585008896887302,0.126352876424789,0.106056846678257,-0.0597764626145363,-0.184530347585678,0.0144435977563262,0.124651312828064,0.0301939230412245,-0.138577908277512,-0.0594598799943924,0.230293855071068,0.0519869700074196,0.344565600156784,0.063567265868187,0.197901368141174,0.186512723565102,0.193122401833534,0.0790359601378441,0.0862925872206688,-0.163415536284447,0.216870367527008,-0.0859293565154076,-0.0727152898907661,0.162866458296776,0.277814894914627,-0.131719917058945,0.299481153488159,0.15252947807312,0.0767039582133293,0.00642374623566866,-0.0956824272871017,0.152350246906281,-0.000913075869902968,0.200737982988358,0.0360320061445236,0.186377987265587,0.0677454546093941,-0.00368295609951019,-0.0623935498297215,0.00896237976849079,0.12980543076992,0.235942363739014,-0.00404874794185162,0.1479222625494,0.269526213407516,0.0342845432460308,0.395668387413025,0.104625537991524,0.267491698265076,0.202975988388062,0.304077744483948,0.264798372983932,0.0666497871279716,-0.133631691336632,0.313201606273651,-0.0393688157200813,-0.099091649055481,0.167182460427284,0.299438506364822
0.354744434356689,0.264101296663284,0.578115582466125,0.377085208892822,0.114091001451015,0.0252675302326679,-0.0417205579578876,0.130651563405991,0.131654590368271,0.282286822795868,0.323286682367325,0,0.404548585414886,0.083755224943161,0.0256062522530556,-0.0299047995358706,0.146144911646843,0.155756130814552,-0.066696785390377,0.208099022507668,0.0693071857094765,-0.030796367675066,-0.00469279289245605,-0.0542597658932209,0.00568199204280972,0.0324974916875362,0.083843506872654,0.00827950332313776,0.185532793402672,-0.00181630451697856,-0.0486642904579639,-0.127408295869827,-0.0286409873515368,0.0361146368086338,0.194707617163658,-0.0421396903693676,0.113083906471729,0.0839252471923828,0.00136292644310743,0.226639553904533,0.0611838325858116,0.0718549937009811,0.17286579310894,0.228007897734642,0.122726373374462,0.0724726170301437,-0.0932323187589645,0.189593300223351,-0.0823168903589249,-0.064837746322155,0.0651979595422745,0.191621363162994,-0.0220634732395411,0.236165553331375,0.188713639974594,-0.0556178279221058,0.0205568317323923,-0.0734546408057213,0.0889316350221634,0.0588774643838406,0.0900074914097786,-0.00905752833932638,0.233730271458626,-0.0296890512108803,0.000405601196689531,-0.0466507822275162,0.00694190384820104,0.038312990218401,0.279357045888901,0.0497822910547256,0.226284950971603,0.0928182229399681,-0.0479382909834385,0.265580385923386,0.0775792077183723,0.12433860450983,0.181919768452644,0.280198842287064,0.234104514122009,0.0303194336593151,-0.0834172442555428,0.245274856686592,-0.0537764616310596,-0.052659522742033,0.058797761797905,0.215196877717972
0.292617291212082,0.25528958439827,0.380414932966232,0.641090333461761,0.167995095252991,0.00371519452892244,-0.0268446374684572,0.108497075736523,0.136353328824043,0.217749670147896,0.304178774356842,0.404548585414886,0,0.143741086125374,0.00779657764360309,-0.00737549411132932,0.118606500327587,0.159222990274429,-0.051890142261982,0.275020182132721,-0.032505951821804,0.0297865755856037,0.0171889737248421,-0.0236227866262197,-0.0878187865018845,-0.00216566328890622,-0.000724403071217239,0.0435892604291439,0.138822704553604,0.0416119582951069,-0.0646420046687126,-0.159861013293266,-0.0205132178962231,0.16228511929512,0.148801699280739,-0.0999137461185455,0.0516074597835541,0.123904459178448,0.10751149058342,0.226541310548782,0.212548270821571,0.0263369400054216,0.119091726839542,0.136617749929428,0.13009786605835,0.0976131334900856,-0.0442174412310123,0.226779595017433,-0.0852563679218292,-0.0420326702296734,0.123815886676311,0.31993779540062,0.0135893076658249,0.290384650230408,0.0313151851296425,0.0246459059417248,0.0144030721858144,-0.0214974619448185,-0.033862367272377,0.0252605527639389,0.0160626973956823,0.0411458648741245,0.188865318894386,0.0237694121897221,-0.0344470329582691,-0.114459849894047,-0.00272390036843717,0.153851911425591,0.288235187530518,-0.0418237149715424,0.185871869325638,0.142019867897034,0.107965424656868,0.256412178277969,0.280422508716583,0.0810022279620171,0.133145526051521,0.199327528476715,0.199402436614037,0.0914717093110085,-0.00625743018463254,0.321016669273376,-0.0857514068484306,-0.0481189675629139,0.126562014222145,0.376623868942261
0.110723502933979,0.0949258804321289,0.0673871338367462,0.123588904738426,0.0443256497383118,-0.0150844557210803,-0.0242706853896379,0.0173302218317986,0.0473239086568356,0.0959980338811874,0.110340043902397,0.083755224943161,0.143741086125374,0,-0.00744958594441414,-0.0273068565875292,0.00802364479750395,0.0936340689659119,-0.022260595113039,0.130876258015633,-0.0385296642780304,0.0145111568272114,0.0112358089536428,-0.0192268192768097,-0.0258916281163692,-0.0206958800554276,0.014170772396028,-0.0111357644200325,0.0321558527648449,0.0168313048779964,-0.0284928269684315,-0.0547218322753906,0.00137419591192156,0.0583100095391273,0.02382617816329,-0.0432577803730965,-0.00891772005707026,0.0573083497583866,0.0589583590626717,0.0880348458886147,0.0629828572273254,0.0405624508857727,0.0577775500714779,0.0436063334345818,0.0506436005234718,0.0160866249352694,-0.0149811925366521,0.0797004774212837,-0.039516419172287,-0.010283580981195,0.0726500153541565,0.120765417814255,-0.0130514707416296,0.105832323431969,0.0047924923710525,0.0150870317593217,0.0030216898303479,-0.0208280794322491,-0.000422914017690346,-0.0104615865275264,0.029448663815856,-0.011047787964344,0.0303701870143414,0.0186654403805733,-0.00670690415427089,-0.0285923108458519,-0.00390964699909091,0.0676809400320053,0.0782262608408928,-0.0335061587393284,0.0561058633029461,0.0705915838479996,0.062405351549387,0.0908187851309776,0.0824677720665932,0.0508229620754719,0.0710116550326347,0.0666596367955208,0.0931879207491875,0.00524689396843314,-0.0119857909157872,0.118488624691963,-0.0255896151065826,-0.0249797534197569,0.0628980845212936,0.133553296327591
0.000826580275315791,-0.00242363102734089,0.0300050210207701,0.00817936006933451,-0.00276496121659875,0.433398246765137,0.170494377613068,0.0332292169332504,0.0716901794075966,0.0503397546708584,-0.00883018411695957,0.0256062522530556,0.00779657764360309,-0.00744958594441414,0,0.211695179343224,0.0400994755327702,0.0703963488340378,0.0497184582054615,0.0402208268642426,0.131025761365891,0.0882366374135017,0.109511353075504,0.230345830321312,0.224268600344658,0.124546892940998,0.322181284427643,0.123424187302589,0.0935426726937294,0.106645010411739,0.306693941354752,0.174896940588951,0.275370895862579,0.077162116765976,-0.0354689471423626,-0.0112476320937276,-0.0412059016525745,0.0714979767799377,0.0824342966079712,0.0825557708740234,0.0618857815861702,0.257685989141464,0.240783229470253,-0.0196448359638453,0.162776589393616,0.0742872953414917,0.215380907058716,-0.0836343541741371,0.0457541011273861,0.135323986411095,0.0993913933634758,0.0854263454675674,0.039761133491993,0.0443430319428444,0.0565283596515656,0.0775557905435562,0.104017041623592,0.22418837249279,0.157104954123497,0.128505378961563,0.301228553056717,0.110210530459881,0.0607192628085613,0.100759491324425,0.271116614341736,0.162350729107857,0.277292817831039,0.0650907531380653,-0.077020600438118,-0.0443922095000744,-0.0629253163933754,0.0607081055641174,0.108265608549118,0.0643921121954918,0.0525885187089443,0.250000715255737,0.178037643432617,-0.0611006319522858,0.109781116247177,0.0649746134877205,0.20852442085743,-0.0824564322829247,0.037158627063036,0.140894934535027,0.100749410688877,0.0818452760577202
-0.0955286249518394,-0.0945794656872749,-0.0290099661797285,-0.014610106125474,-0.0254807099699974,0.167152747511864,0.250296413898468,0.00256948452442884,-0.0211343038827181,-0.0528076142072678,-0.108140043914318,-0.0299047995358706,-0.00737549411132932,-0.0273068565875292,0.211695179343224,0,0.0166900102049112,-0.00633626524358988,0.11231505125761,-0.0324614532291889,0.041006825864315,0.0282954443246126,0.0727571099996567,0.167381927371025,0.0418827757239342,0.1137355864048,-0.00453020306304097,0.0255982130765915,0.0188176166266203,0.0339297354221344,0.135045126080513,0.124195866286755,0.0941460654139519,0.0213580727577209,0.00879365112632513,0.0433679036796093,0.0479539707303047,-0.0471490286290646,0.0425422079861164,-0.105787552893162,0.0724903494119644,-0.0277833100408316,0.00849864911288023,-0.109705895185471,0.0439405702054501,0.0278234481811523,0.202278017997742,-0.0683722272515297,0.0421941056847572,0.10860051214695,0.0166031215339899,0.0292032528668642,0.10280054807663,-0.0343539193272591,-0.027250224724412,0.018858689814806,0.0412076525390148,0.174729764461517,-0.0140550872310996,0.112534172832966,-0.0263555273413658,0.0208474546670914,0.0023397826589644,0.0295886844396591,0.0997858345508575,0.0918259248137474,0.0978744477033615,0.0245037041604519,-0.0165329687297344,-0.00952637102454901,0.0141274193301797,-0.0560842640697956,0.0592546127736568,-0.125338450074196,0.0755895748734474,-0.0470807552337646,-0.0234125461429358,-0.144130036234856,-0.00864274054765701,0.034891702234745,0.210278078913689,-0.0890788435935974,0.0255185626447201,0.130432695150375,0.0045786127448082,0.0263636112213135
0.0427915044128895,0.057168148458004,0.119678094983101,0.0964770317077637,0.0232536774128675,0.040787361562252,-0.00922907050698996,0.109306126832962,0.0523845255374908,0.0353905968368053,0.0961991772055626,0.146144911646843,0.118606500327587,0.00802364479750395,0.0400994755327702,0.0166900102049112,0,0.0681874230504036,-0.0239663254469633,0.091244600713253,-0.0470598191022873,0.0291202887892723,0.017489256337285,-0.00398163730278611,-0.0161149557679892,-0.0347122326493263,0.079570010304451,0.0306273922324181,0.0188143905252218,0.0324446111917496,0.0548264272511005,-0.0666747391223907,0.0107041941955686,0.030963072553277,-0.0187121126800776,-0.0780822411179543,-0.0595412589609623,0.047458041459322,0.00671391095966101,0.0687260925769806,-0.00362010486423969,0.0737955123186111,0.124193832278252,-0.00889283698052168,0.0188894793391228,0.00343768252059817,0.0133393816649914,-0.0263572782278061,-0.0147895608097315,-0.012775169685483,0.0438572354614735,0.0643918290734291,-0.012007424607873,0.0774785801768303,-0.0343822427093983,0.0299392957240343,0.00817029643803835,0.0183637216687202,-0.0184975434094667,-0.0142497671768069,0.0694326683878899,0.0265894457697868,0.0264851916581392,0.0224006287753582,0.0483963675796986,-0.036859966814518,0.0231926366686821,0.0345545373857021,-0.00645675556734204,-0.101134024560452,-0.0238079465925694,0.051796019077301,-0.0047364654019475,0.0746447071433067,0.000424094469053671,0.0748045220971107,0.116790369153023,0.0192485004663467,0.0188440456986427,0.00364931486546993,0.0233439765870571,0.0195361282676458,-0.0182681810110807,-0.00338095822371542,0.0489742122590542,0.0720231384038925
0.262362480163574,0.212601765990257,0.154565468430519,0.150202289223671,0.0620952695608139,0.0722462385892868,-0.0309671238064766,0.0664292499423027,0.198613345623016,0.230380013585091,0.253920286893845,0.155756130814552,0.159222990274429,0.0936340689659119,0.0703963488340378,-0.00633626524358988,0.0681874230504036,0,-0.0593747273087502,0.166107267141342,0.0375807136297226,0.0488364063203335,0.0413974113762379,0.0132864844053984,0.0603196583688259,0.031872346997261,0.122681804001331,0.0232852082699537,0.0919634774327278,0.0878802761435509,0.0153333703055978,-0.0270382519811392,0.0724708884954453,0.0950671061873436,0.0284318327903748,-0.0506353154778481,-0.00408960087224841,0.160140007734299,0.0762465968728065,0.187973618507385,0.0635053217411041,0.157850041985512,0.135499998927116,0.117874562740326,0.0827130302786827,0.0623853988945484,0.0113037591800094,0.138050556182861,-0.0351907461881638,0.0274287667125463,0.164279207587242,0.191661074757576,-0.00488204741850495,0.182726547122002,0.103149317204952,0.0595891065895557,0.0266612116247416,0.0104323290288448,0.110068827867508,0.0402990132570267,0.152282699942589,0.0269025973975658,0.117262087762356,0.07792067527771,0.0652008950710297,0.0197030883282423,0.0583002604544163,0.107903994619846,0.119537048041821,0.0130504965782166,0.0867793411016464,0.177857518196106,0.0712144002318382,0.202780961990356,0.0848288312554359,0.193485409021378,0.141384094953537,0.151996895670891,0.167018681764603,0.0560776628553867,0.0225671213120222,0.17663586139679,-0.000594436132814735,0.00110513949766755,0.135292008519173,0.214523866772652
-0.148026302456856,-0.102362066507339,-0.0215891804546118,-0.0443451255559921,-0.0122072156518698,0.0660432204604149,0.14859627187252,-0.0360643491148949,-0.0436096228659153,-0.0555144101381302,-0.183393657207489,-0.066696785390377,-0.051890142261982,-0.022260595113039,0.0497184582054615,0.11231505125761,-0.0239663254469633,-0.0593747273087502,0,-0.033673532307148,0.238218992948532,0.0387005321681499,0.0433034747838974,0.252335458993912,0.202265933156013,0.274777352809906,-0.160533741116524,0.0772531405091286,0.0853897407650948,0.0656305924057961,0.019275801256299,0.574010491371155,0.000310339499264956,-0.0111164785921574,0.511693596839905,0.22983992099762,0.555735945701599,-0.031328521668911,0.0691142827272415,-0.0942787230014801,0.178731098771095,-0.060565609484911,-0.135902717709541,0.0201151520013809,0.214885130524635,0.0745171010494232,0.725560009479523,0.254000306129456,0.122292831540108,0.161375880241394,0.171057879924774,0.126787230372429,0.64630514383316,-0.044693186879158,0.0411400459706783,0.0202316455543041,0.0213370639830828,0.205175533890724,0.0178488567471504,0.186164602637291,-0.201824799180031,0.0819543898105621,0.0158662274479866,0.0588717050850391,-0.060217447578907,0.333443313837051,0.0179226212203503,0.00459147384390235,0.237018764019012,0.157298415899277,0.273734390735626,-0.0653674155473709,0.108024902641773,-0.164899736642838,0.127485349774361,-0.134885504841805,-0.118310511112213,-0.0996064841747284,0.0427362285554409,0.0456684082746506,0.60750412940979,0.0460745804011822,0.0630511417984962,0.162185832858086,0.171175166964531,0.0911190286278725
0.230560973286629,0.258919060230255,0.206423714756966,0.298774093389511,0.106265611946583,0.0451376661658287,-0.0378270745277405,0.0932491719722748,0.165006771683693,0.225258082151413,0.287463873624802,0.208099022507668,0.275020182132721,0.130876258015633,0.0402208268642426,-0.0324614532291889,0.091244600713253,0.166107267141342,-0.033673532307148,0,-0.110856294631958,0.173218280076981,0.0538661144673824,0.0279248859733343,-0.1152638271451,-0.017798388376832,0.0178422760218382,0.0413070134818554,0.215081915259361,0.195467710494995,-0.0845610201358795,-0.266998440027237,0.0129188345745206,0.391018778085709,0.202341377735138,-0.208797797560692,0.0155514124780893,0.292119890451431,0.319198071956635,0.418566793203354,0.396184414625168,0.0987582579255104,0.284813284873962,0.259715706110001,0.327366560697556,0.265555500984192,0.0540711097419262,0.372638314962387,-0.128227099776268,-0.0407035276293755,0.291559219360352,0.564484715461731,0.038551140576601,0.586860299110413,-0.0969076752662659,0.18640860915184,0.0124268401414156,0.0121450060978532,-0.106941543519497,0.00672699930146337,0.0641309097409248,0.0497768446803093,0.187953323125839,0.169187188148499,-0.0334869213402271,-0.234174653887749,0.0294486712664366,0.366453260183334,0.306565493345261,-0.236799612641335,0.120809972286224,0.292514741420746,0.274766683578491,0.444112241268158,0.39624086022377,0.16719351708889,0.279587000608444,0.240513131022453,0.301042467355728,0.220649003982544,0.0591403879225254,0.467911720275879,-0.158115014433861,-0.0781272128224373,0.244372636079788,0.55686616897583
0.0709564760327339,0.0438172891736031,0.12171184271574,-0.0246458109468222,0.00287720328196883,0.145499110221863,0.046878308057785,-0.057497676461935,0.00674351491034031,0.262420475482941,-0.0148610370233655,0.0693071857094765,-0.032505951821804,-0.0385296642780304,0.131025761365891,0.041006825864315,-0.0470598191022873,0.0375807136297226,0.238218992948532,-0.110856294631958,0,-0.146094843745232,0.0667656362056732,0.184732347726822,0.716577053070068,0.561602592468262,0.193010255694389,-0.0673922821879387,0.267882585525513,-0.0919961407780647,0.107583768665791,0.475424200296402,0.159984260797501,-0.0821360647678375,0.545134902000427,0.454559624195099,0.538753807544708,-0.126532509922981,-0.0151219684630632,0.0979645103216171,0.125195607542992,0.31618070602417,-0.0448414646089077,0.695430219173431,0.404283374547958,0.38625305891037,0.0689200088381767,0.463117748498917,0.0312107410281897,0.0122197894379497,-0.0190667975693941,-0.0462050475180149,0.0403668507933617,-0.112095102667809,0.65745997428894,-0.19545841217041,0.0587811283767223,0.102547742426395,0.533571720123291,0.303684294223785,0.065748006105423,-0.0333825089037418,0.0959831401705742,-0.0852016061544418,0.0534635633230209,0.312318623065948,0.117547959089279,-0.0760156065225601,0.254916101694107,0.364456087350845,0.214269250631332,-0.130261212587357,-0.00458975275978446,-0.0161319803446531,0.0428159683942795,0.166805014014244,-0.116673037409782,0.285504132509232,0.109085358679295,0.168387532234192,0.0464835725724697,0.0881683155894279,0.0793833583593369,0.0195721425116062,-0.0086006335914135,-0.100265063345432
-0.0362252742052078,0.0855205059051514,-0.00214952463284135,0.0334466472268105,0.000948181550484151,0.101058840751648,0.0284126996994019,0.0217711236327887,0.0631344616413116,-0.00519344862550497,0.0666237771511078,-0.030796367675066,0.0297865755856037,0.0145111568272114,0.0882366374135017,0.0282954443246126,0.0291202887892723,0.0488364063203335,0.0387005321681499,0.173218280076981,-0.146094843745232,0,0.0184788648039103,0.327124893665314,0.0354778952896595,-0.139360755681992,0.127560794353485,0.270734071731567,0.0392177999019623,0.914785206317902,0.0177032221108675,-0.147367864847183,0.150734454393387,0.372102200984955,-0.0689912065863609,-0.17531056702137,-0.134622901678085,0.870993793010712,0.325822591781616,0.0830127820372581,0.301578253507614,0.272705614566803,0.0707040652632713,-0.0268176626414061,0.084625132381916,0.626044094562531,0.189885631203651,0.0198876466602087,-0.0287786424160004,0.0165397394448519,0.207081034779549,0.240560665726662,0.0891431123018265,0.15865620970726,-0.244432240724564,0.971263110637665,0.00672298669815063,0.374340534210205,-0.0798735842108727,-0.0780885443091393,0.154112786054611,0.329542249441147,-0.0114306211471558,0.903347730636597,-0.00843726936727762,-0.184852600097656,0.159162417054176,0.347106754779816,-0.0933943837881088,-0.249371945858002,-0.147286981344223,0.829853117465973,0.368573904037476,0.0799768343567848,0.318540513515472,0.298047006130219,0.0822175890207291,-0.0895930826663971,-0.00187750498298556,0.570282697677612,0.171874672174454,0.0662164315581322,-0.0749912858009338,0.0157804153859615,0.173223555088043,0.215897440910339
0.0254602283239365,0.0199057329446077,0.012999732978642,0.0132391015067697,0.010744346305728,0.13371068239212,0.0736870318651199,0.000759333197493106,0.0182696599513292,0.0488330312073231,0.0189813859760761,-0.00469279289245605,0.0171889737248421,0.0112358089536428,0.109511353075504,0.0727571099996567,0.017489256337285,0.0413974113762379,0.0433034747838974,0.0538661144673824,0.0667656362056732,0.0184788648039103,0,0.159579277038574,0.109883651137352,0.140047311782837,0.0584918260574341,0.0383060909807682,0.0982024148106575,0.0431848727166653,0.0925841182470322,0.105657085776329,0.0981304198503494,0.0310462880879641,0.0655063837766647,0.0402619652450085,0.0692702606320381,0.0266234017908573,0.0471796281635761,0.0456037484109402,0.0577858090400696,0.0468712970614433,0.0597871653735638,0.043585617095232,0.0716407224535942,0.0872708559036255,0.109924912452698,0.0651505365967751,0.0316920652985573,0.103368982672691,0.0535752512514591,0.103163786232471,0.0231928415596485,0.0252373032271862,0.0375065803527832,0.00748963421210647,0.054818332195282,0.128389164805412,0.0738346427679062,0.113660961389542,0.0598537139594555,0.0275839678943157,0.0630091205239296,0.0421894155442715,0.0834450200200081,0.0743903294205666,0.0831966623663902,0.0097743533551693,0.0566202960908413,0.0165065973997116,0.0467356517910957,0.0181067883968353,0.0362816452980042,0.0362883619964123,0.0491504147648811,0.0603850781917572,0.0345085225999355,-0.00335918646305799,0.0509459748864174,0.0727765485644341,0.0809161067008972,0.0397110357880592,0.0190599430352449,0.0520961433649063,0.0319371931254864,0.0927175283432007
-0.0516150519251823,-0.0503307022154331,-0.0344835892319679,-0.0169690679758787,-0.00898001901805401,0.222460642457008,0.175073891878128,-0.00726803950965405,0.00450546806678176,-0.0726227164268494,-0.066349633038044,-0.0542597658932209,-0.0236227866262197,-0.0192268192768097,0.230345830321312,0.167381927371025,-0.00398163730278611,0.0132864844053984,0.252335458993912,0.0279248859733343,0.184732347726822,0.327124893665314,0.159579277038574,0,0.318532526493073,0.34797140955925,0.0823028460144997,0.54632043838501,0.105566084384918,0.515892148017883,0.176473066210747,0.208422780036926,0.32825168967247,0.104132376611233,0.132753267884254,0.0453861989080906,0.100330464541912,0.289188295602798,0.0991302877664566,-0.0445454940199852,0.146294265985489,0.10890344530344,0.045014776289463,-0.00821528211236,0.0999554842710495,0.489309400320053,0.340816378593445,0.0147961229085922,0.0706692487001419,0.151284709572792,0.118264362215996,0.143501594662666,0.245521157979965,0.0458269976079464,0.051907729357481,0.298477679491043,0.108545549213886,0.804707407951355,0.187266960740089,0.348156541585922,0.0799940675497055,0.504805445671082,0.0801283642649651,0.513722062110901,0.139601975679398,0.19644857943058,0.342403739690781,0.114101149141788,0.118317931890488,-0.0214822385460138,0.136019334197044,0.217714503407478,0.147814720869064,-0.0339587554335594,0.176789417862892,0.152481406927109,0.0416161082684994,-0.0663813427090645,0.0612474866211414,0.487031757831573,0.272851973772049,-0.00116119673475623,0.0451502911746502,0.136835306882858,0.0899295061826706,0.105834603309631
