0 0.331 0.26575 0.27567 0.080268 -0.020913 -0.097064 0.059869 0.20471 0.72373 0.41349 0.35401 0.29203 0.11277 -0.009946 -0.10013 0.040755 0.26132 -0.16858 0.22397 0.055428 -0.027461 0.022946 -0.06273 0.043098 0.13999 0.081351 0.014908 0.18365 -0.0051894 -0.16051 -0.12591 0.0021013 0.1168 0.089069 -0.068606 0.0050474 0.10441 0.050338 0.35548 0.068926 0.16693 0.085481 0.34869 0.032378 0.17858 -0.17954 0.33761 -0.1043 -0.07308 0.029446 0.21689 -0.062907 0.27145 0.42131 -0.025025 0.035288 -0.081992 0.36903 0.25443 0.1806 -0.0041486 0.32307 -0.03653 -0.035533 0.12311 0.018548 0.13273 0.39081 0.19672 0.29976 0.12527 0.055161 0.44342 0.17286 0.30361 0.17041 0.59345 0.39386 0.20462 -0.13165 0.51859 -0.0014028 -0.087643 0.040583 0.26615
0.331 0 0.25503 0.27444 0.11036 0.012276 -0.081183 0.075453 0.2261 0.35503 0.49733 0.26808 0.26073 0.1024 -0.0059145 -0.097542 0.055488 0.21261 -0.10851 0.25894 0.048966 0.086735 0.020185 -0.050183 0.06051 0.055805 0.1391 0.075966 0.14914 0.12782 -0.030799 -0.10098 0.013123 0.16586 0.11899 -0.068054 0.010967 0.2269 0.12867 0.33572 0.1164 0.18954 0.16451 0.21246 0.17553 0.12286 -0.10663 0.23261 -0.046433 -0.056189 0.16831 0.28531 -0.12531 0.25777 0.062308 0.085266 0.017697 -0.074863 0.065142 -0.0037199 0.12912 0.067202 0.13275 0.087811 -0.015021 -0.087698 -0.015699 0.099764 0.15733 -0.038354 0.07391 0.26188 0.078726 0.31517 0.090215 0.181 0.15499 0.17762 0.16416 0.059734 -0.12137 0.21376 -0.047147 -0.073202 0.15185 0.25936
0.26575 0.25503 0 0.39339 0.10078 0.028674 -0.022703 0.14789 0.14571 0.29117 0.27641 0.58532 0.38156 0.06995 0.023929 -0.036698 0.11633 0.15362 -0.035681 0.19624 0.11562 0.0034306 0.0057653 -0.043932 0.021946 0.050303 0.073719 -0.00023857 0.19203 0.022969 -0.0089249 -0.07646 -0.028448 0.049854 0.2287 -0.016194 0.13411 0.088074 0.0019122 0.1983 0.07857 0.080502 0.17026 0.24936 0.20286 0.059151 -0.076325 0.1803 -0.052337 -0.054614 0.067176 0.17884 -0.039683 0.17198 0.10233 -0.014118 0.035002 -0.065692 0.021349 0.021586 0.058013 0.0061764 0.15943 -0.0052418 -0.0052126 -0.083847 -0.017815 0.023702 0.18815 -0.031296 0.13368 0.099297 -0.020327 0.19216 0.081424 0.06842 0.12177 0.16481 0.14985 0.0080881 -0.072876 0.16716 -0.063437 -0.056895 0.077641 0.16526
0.27567 0.27444 0.39339 0 0.19042 0.0078642 -0.0067136 0.10523 0.14105 0.25962 0.27994 0.37582 0.64908 0.12635 0.0034863 -0.016958 0.093292 0.14782 -0.051684 0.29369 -0.031863 0.032012 0.0065914 -0.022743 -0.10194 0.018018 0.0012986 0.019139 0.14343 0.044691 -0.031049 -0.15945 -0.022751 0.19325 0.17928 -0.099859 0.060392 0.11973 0.19009 0.20277 0.28725 0.027135 0.12519 0.14967 0.17626 0.11579 -0.017632 0.25074 -0.067349 -0.023839 0.12818 0.35045 -0.021154 0.28269 0.01252 0.034623 0.012355 -0.037754 -0.054471 -0.017292 0.014172 0.024735 0.1486 0.027578 -0.031319 -0.13601 0.0070585 0.15422 0.25635 -0.070312 0.14955 0.13939 0.12334 0.24333 0.26708 0.064381 0.12925 0.16971 0.1847 0.090454 -0.035329 0.30118 -0.065989 -0.056299 0.12167 0.34163
0.080268 0.11036 0.10078 0.19042 0 -0.0070926 -0.019958 0.020573 0.054466 0.09273 0.10297 0.11052 0.16368 0.046016 -0.008917 -0.031275 0.017771 0.059006 -0.019574 0.10378 -0.0043045 0.0019543 0.012754 -0.012791 -0.024563 0.0021133 -0.010462 -0.010065 0.070258 0.00483 -0.029114 -0.038302 -0.011437 0.022476 0.069127 -0.00027275 0.048707 0.048182 0.072869 0.088834 0.089052 0.0062811 0.054915 0.067716 0.068093 0.014464 0.0054506 0.10748 -0.029309 -0.023175 0.060908 0.14173 -0.012228 0.11165 -0.020631 -0.0023761 -0.013716 -0.032613 -0.039232 -0.013105 -0.0092231 -0.0023287 0.060431 -0.0069641 -0.025477 -0.04785 -0.018459 0.025064 0.085042 -0.012438 0.060467 0.049226 0.055154 0.077459 0.079677 -0.0036699 0.024512 0.041519 0.050042 -0.0062314 -0.011949 0.10278 -0.039449 -0.022961 0.04274 0.1279
-0.020913 0.012276 0.028674 0.0078642 -0.0070926 0 0.17193 0.021243 0.087517 0.052759 -0.0029168 0.018421 0.00019902 -0.018267 0.44366 0.17328 0.042015 0.068755 0.077607 0.044711 0.14069 0.1081 0.13604 0.22858 0.24791 0.12867 0.3454 0.12536 0.085073 0.13274 0.30835 0.216 0.27945 0.082408 -0.035057 0.027521 -0.021096 0.092585 0.10197 0.10043 0.061019 0.27597 0.23048 -0.0029076 0.17355 0.087364 0.2203 -0.067503 0.061116 0.15502 0.11662 0.086011 0.037851 0.025595 -0.0050608 0.08494 0.088678 0.2158 0.12267 0.094943 0.29348 0.13034 0.0098145 0.11772 0.2809 0.13265 0.23833 0.077862 -0.12212 -0.05697 -0.097159 0.065895 0.10686 0.035639 0.056819 0.22666 0.15227 -0.10019 0.062485 0.051349 0.18814 -0.10118 0.049803 0.12747 0.104 0.05487
-0.097064 -0.081183 -0.022703 -0.0067136 -0.019958 0.17193 0 -0.0094996 -0.0066272 -0.043097 -0.10436 -0.046412 -0.027727 -0.024953 0.17953 0.25485 -0.009692 -0.030258 0.15859 -0.034933 0.046994 0.033103 0.077109 0.18396 0.070112 0.12911 0.0075776 0.071455 0.01403 0.044383 0.1715 0.16847 0.074968 0.023065 0.019409 0.075735 0.069477 -0.006387 0.057214 -0.12115 0.070369 -0.028874 0.0019118 -0.12971 0.056232 0.033244 0.23454 -0.062846 0.047345 0.1353 0.012904 0.03133 0.097889 -0.049618 -0.071938 0.023249 0.028206 0.1604 -0.037777 0.074792 -0.022186 0.061188 -0.029387 0.041346 0.094093 0.083692 0.058401 0.025841 -0.064333 -0.025272 -0.031927 -0.027305 0.061654 -0.13843 0.070016 -0.051334 -0.022071 -0.19113 -0.028826 0.037709 0.18949 -0.12146 0.024027 0.11217 0.0029126 -0.0034199
0.059869 0.075453 0.14789 0.10523 0.020573 0.021243 -0.0094996 0 0.054929 0.038314 0.07606 0.13001 0.10406 0.013421 0.034168 0.0016319 0.10807 0.064789 -0.032616 0.089597 -0.061591 0.026979 -0.0003173 -0.0070071 -0.045501 -0.022949 0.055018 0.021396 0.025873 0.015647 0.06808 -0.058402 0.024532 0.049081 -0.028645 -0.085559 -0.076401 0.049946 0.022595 0.069036 0.014686 0.047112 0.12103 -0.0044545 0.013169 0.011766 0.0061346 -0.0012274 -0.0037078 0.0019677 0.046058 0.086877 -0.021579 0.077056 -0.041276 0.029582 -0.0053291 0.0022769 -0.021388 0.0066141 0.070632 0.036077 0.030999 0.0083588 0.065535 -0.040623 0.011874 0.045892 -0.00060585 -0.086649 -0.016165 0.056467 0.014674 0.077974 0.035 0.058866 0.10317 0.0174 0.033433 0.013199 0.0137 0.056487 -0.015626 0.00010323 0.057081 0.087578
0.20471 0.2261 0.14571 0.14105 0.054466 0.087517 -0.0066272 0.054929 0 0.22309 0.23306 0.1304 0.13671 0.050962 0.073602 -0.021121 0.047999 0.1983 -0.043946 0.16461 0.010214 0.071657 0.019503 0.012064 0.033079 0.014238 0.1263 0.022886 0.078592 0.10192 0.02197 -0.047369 0.06715 0.12141 0.042017 -0.056652 -0.010238 0.17394 0.095641 0.19209 0.075057 0.15051 0.13675 0.10188 0.084081 0.05888 0.0012568 0.11538 -0.029029 -0.019422 0.12501 0.18555 -0.036104 0.17253 0.043091 0.064689 0.031519 -0.0043451 0.05949 0.020543 0.14289 0.015607 0.092793 0.091786 0.057256 -0.011222 0.039726 0.07374 0.08479 -0.034357 0.041373 0.18071 0.076191 0.18484 0.068341 0.17043 0.13858 0.10155 0.12158 0.025286 -0.0015762 0.14689 -0.037938 -0.0039693 0.12418 0.17341
0.72373 0.35503 0.29117 0.25962 0.09273 0.052759 -0.043097 0.038314 0.22309 0 0.32357 0.27824 0.21926 0.10094 0.045317 -0.057489 0.031175 0.22735 -0.081322 0.22145 0.26797 0.0068568 0.048141 -0.083561 0.21815 0.23784 0.14763 -0.07088 0.20571 0.0099897 -0.011569 0.055007 0.040262 0.19136 0.22547 0.094002 0.18434 0.12366 0.25235 0.30827 0.26773 0.2338 0.089206 0.46 0.28749 0.25351 -0.13243 0.37918 -0.017617 -0.0084356 0.033475 0.21647 -0.16412 0.16354 0.12785 -0.0062139 0.025859 -0.098745 0.11258 0.12479 0.096484 -0.040789 0.097164 0.00012668 -0.020027 0.0052509 0.023516 0.12412 0.12917 0.027621 0.041143 0.14153 0.13839 0.25697 0.15419 0.14528 0.05344 0.22305 0.086368 0.088908 -0.11477 0.30839 -0.035725 -0.057056 0.045183 0.17574
0.41349 0.49733 0.27641 0.27994 0.10297 -0.0029168 -0.10436 0.07606 0.23306 0.32357 0 0.32851 0.30959 0.11545 -0.014716 -0.11113 0.092528 0.2541 -0.18757 0.28834 -0.016617 0.070552 0.015983 -0.067196 0.0025028 -0.0089406 0.13849 0.062256 0.12783 0.11109 -0.064511 -0.18782 0.010637 0.1199 0.036505 -0.14637 -0.06193 0.23194 0.055632 0.34656 0.067493 0.18983 0.18824 0.1874 0.08475 0.089451 -0.15787 0.22171 -0.086986 -0.081009 0.17149 0.28123 -0.14676 0.30816 0.15238 0.081812 0.0084056 -0.095366 0.1503 0.00074035 0.19078 0.035889 0.19059 0.07421 -0.012217 -0.062971 0.0077117 0.12786 0.24428 -0.0080841 0.15609 0.27117 0.04027 0.40019 0.10846 0.2576 0.20727 0.3013 0.26513 0.072168 -0.13863 0.30737 -0.037156 -0.10578 0.16767 0.30182
0.35401 0.26808 0.58532 0.37582 0.11052 0.018421 -0.046412 0.13001 0.1304 0.27824 0.32851 0 0.40502 0.086862 0.019654 -0.036288 0.14552 0.15279 -0.07599 0.20234 0.055964 -0.022945 -0.011475 -0.05521 -0.013359 0.031879 0.071487 0.015555 0.18371 0.0071299 -0.050483 -0.14073 -0.031847 0.03424 0.1922 -0.053735 0.10602 0.088497 0.0014008 0.21876 0.062565 0.054831 0.16653 0.22013 0.11611 0.076739 -0.096464 0.17738 -0.085599 -0.073588 0.064636 0.18549 -0.036207 0.23433 0.17715 -0.046354 0.022254 -0.073379 0.079163 0.055757 0.07749 -0.0040746 0.23487 -0.021492 -0.0066719 -0.055951 0.0051778 0.037987 0.27333 0.045025 0.22576 0.10051 -0.049569 0.25986 0.076357 0.10834 0.18169 0.27534 0.22292 0.035345 -0.089958 0.23128 -0.05777 -0.057202 0.056852 0.20915
0.29203 0.26073 0.38156 0.64908 0.16368 0.00019902 -0.027727 0.10406 0.13671 0.21926 0.30959 0.40502 0 0.14732 0.0045464 -0.0091241 0.11469 0.15849 -0.054145 0.2694 -0.041788 0.028463 0.012818 -0.026118 -0.10653 0.0046123 -0.013489 0.045409 0.1341 0.039809 -0.070484 -0.17025 -0.025326 0.16627 0.15069 -0.1157 0.046041 0.12272 0.11754 0.213 0.22722 0.011868 0.10908 0.12618 0.13361 0.1004 -0.038952 0.22919 -0.085684 -0.050576 0.12564 0.31996 0.0061847 0.29143 0.025643 0.021626 0.014086 -0.021712 -0.042367 0.027564 0.0021376 0.039355 0.18724 0.023278 -0.044367 -0.1212 -0.0038187 0.15784 0.29177 -0.052499 0.19026 0.14018 0.11976 0.24965 0.29185 0.066117 0.12885 0.19207 0.19892 0.094371 -0.0042082 0.31952 -0.086549 -0.050362 0.12465 0.37503
0.11277 0.1024 0.06995 0.12635 0.046016 -0.018267 -0.024953 0.013421 0.050962 0.10094 0.11545 0.086862 0.14732 0 -0.008078 -0.028197 0.0073055 0.094821 -0.023958 0.13087 -0.04071 0.01521 0.0089681 -0.022079 -0.03228 -0.019094 0.010971 -0.01139 0.031592 0.019845 -0.035147 -0.059571 -0.0011484 0.05877 0.02531 -0.04802 -0.0090693 0.061462 0.063286 0.09048 0.067785 0.037591 0.056851 0.039534 0.053463 0.017049 -0.01453 0.084639 -0.043069 -0.014128 0.076905 0.12433 -0.016861 0.10871 0.0038594 0.017881 0.0043949 -0.023609 -0.0052783 -0.010594 0.026532 -0.012069 0.032127 0.021257 -0.013717 -0.03021 -0.0059195 0.06966 0.08069 -0.035418 0.059806 0.075313 0.066761 0.092536 0.086836 0.048711 0.072465 0.064868 0.096859 0.0052399 -0.012555 0.12099 -0.025512 -0.026101 0.065344 0.13658
-0.009946 -0.0059145 0.023929 0.0034863 -0.008917 0.44366 0.17953 0.034168 0.073602 0.045317 -0.014716 0.019654 0.0045464 -0.008078 0 0.22217 0.037634 0.069158 0.064884 0.039073 0.12877 0.093124 0.11109 0.24032 0.23276 0.1334 0.32699 0.12217 0.088752 0.11089 0.31597 0.18454 0.27979 0.085291 -0.035929 -0.0023756 -0.041269 0.071825 0.086578 0.082962 0.063332 0.26247 0.23631 -0.024265 0.16009 0.081901 0.21746 -0.079684 0.04944 0.13691 0.097311 0.086127 0.049183 0.040238 0.046235 0.080178 0.10533 0.23331 0.15775 0.13813 0.30726 0.11048 0.053419 0.10257 0.27577 0.15779 0.28503 0.07446 -0.088012 -0.049984 -0.071039 0.057936 0.115 0.0614 0.059947 0.24997 0.17133 -0.07136 0.091527 0.073051 0.21284 -0.075879 0.033796 0.145 0.10184 0.081927
-0.10013 -0.097542 -0.036698 -0.016958 -0.031275 0.17328 0.25485 0.0016319 -0.021121 -0.057489 -0.11113 -0.036288 -0.0091241 -0.028197 0.22217 0 0.014712 -0.0055516 0.12262 -0.032612 0.041631 0.0282 0.074674 0.17343 0.049971 0.11932 -0.00045741 0.02367 0.016937 0.031996 0.14256 0.12713 0.098166 0.028583 0.0033027 0.040573 0.047742 -0.048681 0.045615 -0.10692 0.073222 -0.021014 0.0051757 -0.10984 0.040413 0.035098 0.20116 -0.064169 0.043118 0.10688 0.010796 0.028909 0.11152 -0.03701 -0.027683 0.016834 0.039871 0.18155 -0.0062495 0.1229 -0.017694 0.021781 -0.0037757 0.028373 0.10451 0.090832 0.10251 0.032041 -0.023979 -0.011606 0.012119 -0.061673 0.064106 -0.12695 0.079008 -0.038656 -0.028873 -0.14198 -0.012589 0.041725 0.2123 -0.079457 0.025013 0.13622 0.0033475 0.025799
0.040755 0.055488 0.11633 0.093292 0.017771 0.042015 -0.009692 0.10807 0.047999 0.031175 0.092528 0.14552 0.11469 0.0073055 0.037634 0.014712 0 0.067738 -0.023867 0.088338 -0.051462 0.030361 0.014499 -0.0019028 -0.021156 -0.035197 0.077359 0.032511 0.01289 0.03268 0.054501 -0.068974 0.0091934 0.031904 -0.024107 -0.080592 -0.065163 0.045647 0.0090785 0.062137 -0.00070705 0.071391 0.12263 -0.017335 0.022421 0.0071624 0.013473 -0.029208 -0.012271 -0.014516 0.04182 0.061244 -0.014074 0.076191 -0.041377 0.031118 0.0067241 0.019512 -0.022375 -0.013964 0.067385 0.029054 0.020699 0.022997 0.049023 -0.039226 0.02393 0.03479 -0.015969 -0.10551 -0.029638 0.048139 -0.00023803 0.067382 0.0040744 0.070355 0.11494 0.011976 0.015047 0.0075187 0.020165 0.016332 -0.015127 -0.0012754 0.047515 0.067232
0.26132 0.21261 0.15362 0.14782 0.059006 0.068755 -0.030258 0.064789 0.1983 0.22735 0.2541 0.15279 0.15849 0.094821 0.069158 -0.0055516 0.067738 0 -0.058056 0.16365 0.034004 0.058931 0.043308 0.015845 0.055738 0.034773 0.11799 0.02279 0.091279 0.097436 0.017614 -0.0262 0.070067 0.091439 0.029581 -0.05299 -0.005249 0.16854 0.081081 0.18574 0.068432 0.15347 0.13468 0.1071 0.084877 0.064285 0.01488 0.13441 -0.037442 0.025403 0.17065 0.19207 -0.0092199 0.1829 0.098517 0.069898 0.023029 0.013336 0.10857 0.040921 0.14587 0.02491 0.11676 0.088053 0.066872 0.021095 0.060182 0.11155 0.11796 0.0098947 0.085492 0.18476 0.077091 0.20038 0.08761 0.1902 0.14372 0.14533 0.16349 0.058155 0.025016 0.16832 0.0028897 -0.00011889 0.13694 0.21368
-0.16858 -0.10851 -0.035681 -0.051684 -0.019574 0.077607 0.15859 -0.032616 -0.043946 -0.081322 -0.18757 -0.07599 -0.054145 -0.023958 0.064884 0.12262 -0.023867 -0.058056 0 -0.032268 0.22187 0.053846 0.041813 0.27292 0.20678 0.25732 -0.15106 0.094466 0.078063 0.086112 0.026909 0.56253 0.0081323 0.0073033 0.48667 0.22508 0.55785 -0.02022 0.09298 -0.099661 0.18032 -0.051435 -0.12818 0.0032358 0.18508 0.085589 0.73777 0.2291 0.11187 0.16577 0.17763 0.13559 0.67568 -0.047452 0.026407 0.034945 0.023124 0.22983 0.019921 0.18351 -0.18534 0.097695 0.012667 0.07657 -0.045701 0.32205 0.031473 0.021924 0.20322 0.15539 0.25216 -0.058854 0.13885 -0.16625 0.13971 -0.12302 -0.11088 -0.11027 0.028861 0.063543 0.63079 0.046412 0.053911 0.16926 0.18069 0.10214
0.22397 0.25894 0.19624 0.29369 0.10378 0.044711 -0.034933 0.089597 0.16461 0.22145 0.28834 0.20234 0.2694 0.13087 0.039073 -0.032612 0.088338 0.16365 -0.032268 0 -0.11497 0.17748 0.050561 0.032085 -0.1271 -0.010969 0.0011192 0.032624 0.20584 0.19769 -0.095454 -0.26713 0.010482 0.39563 0.20462 -0.23072 0.014114 0.28118 0.33506 0.41333 0.40491 0.084407 0.27753 0.24219 0.34318 0.27795 0.06455 0.38997 -0.12674 -0.044627 0.29534 0.56857 0.026837 0.59372 -0.10305 0.18993 0.008897 0.020519 -0.11384 0.012848 0.046488 0.042184 0.18271 0.17332 -0.048796 -0.23339 0.031119 0.37261 0.30333 -0.24132 0.1257 0.28029 0.29063 0.43848 0.39917 0.14798 0.27825 0.22961 0.30263 0.22966 0.06041 0.4722 -0.15347 -0.079805 0.23922 0.55683
0.055428 0.048966 0.11562 -0.031863 -0.0043045 0.14069 0.046994 -0.061591 0.010214 0.26797 -0.016617 0.055964 -0.041788 -0.04071 0.12877 0.041631 -0.051462 0.034004 0.22187 -0.11497 0 -0.1334 0.06874 0.17639 0.73299 0.57034 0.20149 -0.081601 0.28899 -0.087308 0.11495 0.49688 0.16221 -0.085055 0.56146 0.47068 0.54373 -0.11102 -0.013682 0.11497 0.12112 0.32237 -0.045367 0.72076 0.41949 0.38691 0.052779 0.44505 0.025305 0.008129 -0.015263 -0.045038 0.023859 -0.12405 0.6578 -0.19216 0.06299 0.095289 0.5279 0.29776 0.066769 -0.045793 0.094972 -0.086507 0.052863 0.31039 0.11829 -0.081538 0.24837 0.35325 0.2044 -0.11954 -0.00045958 -0.017831 0.043762 0.16437 -0.12166 0.281 0.085371 0.16691 0.043646 0.068392 0.072443 0.020912 -0.0019341 -0.10229
-0.027461 0.086735 0.0034306 0.032012 0.0019543 0.1081 0.033103 0.026979 0.071657 0.0068568 0.070552 -0.022945 0.028463 0.01521 0.093124 0.0282 0.030361 0.058931 0.053846 0.17748 -0.1334 0 0.021836 0.34628 0.051373 -0.13633 0.13659 0.25418 0.041614 0.92466 0.014749 -0.13964 0.16919 0.36148 -0.067253 -0.18619 -0.12692 0.88712 0.31668 0.089398 0.29373 0.28123 0.087037 -0.034466 0.10724 0.64914 0.19562 0.032836 -0.031187 0.02195 0.21348 0.2452 0.095587 0.17513 -0.23754 0.97569 0.0033485 0.39139 -0.058502 -0.071144 0.17241 0.31911 -0.011403 0.91551 -0.0030662 -0.18072 0.18345 0.33841 -0.091897 -0.25426 -0.14941 0.85053 0.36515 0.089208 0.31177 0.3184 0.097225 -0.09148 0.015438 0.58858 0.17125 0.071152 -0.066667 0.017621 0.17497 0.22222
0.022946 0.020185 0.0057653 0.0065914 0.012754 0.13604 0.077109 -0.0003173 0.019503 0.048141 0.015983 -0.011475 0.012818 0.0089681 0.11109 0.074674 0.014499 0.043308 0.041813 0.050561 0.06874 0.021836 0 0.1672 0.11424 0.14206 0.063297 0.038582 0.096391 0.045451 0.096143 0.10973 0.10162 0.033766 0.06443 0.038782 0.068174 0.02683 0.048843 0.044608 0.055386 0.049919 0.062148 0.04117 0.068978 0.090448 0.10787 0.062538 0.031583 0.10518 0.049679 0.10141 0.018785 0.024725 0.034633 0.0098774 0.054373 0.13854 0.076075 0.1171 0.062224 0.02929 0.058862 0.043049 0.087069 0.074493 0.0872 0.011466 0.048682 0.012824 0.041284 0.017678 0.040776 0.03348 0.04719 0.062878 0.031781 -0.0078195 0.045405 0.076669 0.079721 0.036073 0.019822 0.050929 0.028955 0.089289
-0.06273 -0.050183 -0.043932 -0.022743 -0.012791 0.22858 0.18396 -0.0070071 0.012064 -0.083561 -0.067196 -0.05521 -0.026118 -0.022079 0.24032 0.17343 -0.0019028 0.015845 0.27292 0.032085 0.17639 0.34628 0.1672 0 0.31033 0.34609 0.089309 0.55157 0.10553 0.53034 0.18351 0.20129 0.33972 0.11162 0.12727 0.034889 0.098772 0.306 0.11149 -0.045586 0.15059 0.11487 0.049557 -0.026549 0.098404 0.50786 0.3456 0.012885 0.070058 0.15533 0.12556 0.14775 0.26392 0.048312 0.041255 0.319 0.10525 0.8188 0.18717 0.3555 0.094146 0.51183 0.074563 0.52715 0.14663 0.1914 0.35987 0.11795 0.11129 -0.029228 0.13628 0.23203 0.16382 -0.033784 0.18959 0.16467 0.045398 -0.077745 0.061549 0.50867 0.28537 0.0061039 0.039693 0.14066 0.10021 0.10911
0.043098 0.06051 0.021946 -0.10194 -0.024563 0.24791 0.070112 -0.045501 0.033079 0.21815 0.0025028 -0.013359 -0.10653 -0.03228 0.23276 0.049971 -0.021156 0.055738 0.20678 -0.1271 0.73299 0.051373 0.11424 0.31033 0 0.52634 0.56187 0.044189 0.1816 0.086795 0.33604 0.66454 0.41004 -0.040278 0.24115 0.38117 0.24676 0.0092352 -0.068535 0.22233 -0.11997 0.72973 0.1234 0.53856 0.37509 0.34973 0.094011 0.19641 0.17047 0.11568 0.00038345 -0.09902 0.043495 -0.14814 0.4868 -0.034387 0.071037 0.21547 0.75563 0.30436 0.43858 0.045828 0.033742 0.073158 0.28127 0.54071 0.33135 -0.0551 0.018826 0.23609 0.057075 -0.014529 -0.0653 0.061496 -0.13996 0.54896 0.039027 0.14605 0.14936 0.14316 0.070163 -0.052661 0.21778 0.14109 0.017153 -0.14276
0.13999 0.055805 0.050303 0.018018 0.0021133 0.12867 0.12911 -0.022949 0.014238 0.23784 -0.0089406 0.031879 0.0046123 -0.019094 0.1334 0.11932 -0.035197 0.034773 0.25732 -0.010969 0.57034 -0.13633 0.14206 0.34609 0.52634 0 0.0048166 0.076407 0.25793 -0.082004 0.076689 0.44728 0.11562 -0.02955 0.44073 0.37992 0.46702 -0.11919 0.017278 0.044202 0.13026 -0.0055447 -0.073407 0.4182 0.22497 0.37769 0.15872 0.42889 0.019496 0.11847 -0.0040948 0.097392 0.11505 -0.017516 0.34724 -0.16611 0.086471 0.2475 0.33661 0.5594 -0.086283 0.039379 0.14089 -0.081852 -0.0016682 0.30218 0.054328 -0.048013 0.26194 0.25126 0.31201 -0.13799 -0.00080312 -0.00077385 0.06154 -0.036231 -0.10303 0.14184 0.031064 0.25574 0.1169 0.19194 0.038633 0.082505 0.0034239 0.039468
0.081351 0.1391 0.073719 0.0012986 -0.010462 0.3454 0.0075776 0.055018 0.1263 0.14763 0.13849 0.071487 -0.013489 0.010971 0.32699 -0.00045741 0.077359 0.11799 -0.15106 0.0011192 0.20149 0.13659 0.063297 0.089309 0.56187 0.0048166 0 0.020001 0.040706 0.12399 0.51631 0.24516 0.39765 0.078892 -0.22698 -0.019042 -0.24104 0.14771 0.041646 0.4236 -0.13826 0.8291 0.4641 0.097948 0.25422 -0.0022139 -0.0017369 -0.17049 0.15096 0.058031 0.11717 -0.036185 -0.14854 -0.0051006 0.054427 0.091581 0.059412 0.073331 0.35093 -0.040149 0.77424 0.051916 -0.037564 0.11205 0.47336 0.22347 0.31918 0.052672 -0.32462 -0.11515 -0.27778 0.16968 0.052443 0.27823 -0.13001 0.72291 0.3308 -0.064173 0.15437 -0.10591 0.013552 -0.20989 0.12339 0.069984 0.098214 -0.058604
0.014908 0.075966 -0.00023857 0.019139 -0.010065 0.12536 0.071455 0.021396 0.022886 -0.07088 0.062256 0.015555 0.045409 -0.01139 0.12217 0.02367 0.032511 0.02279 0.094466 0.032624 -0.081601 0.25418 0.038582 0.55157 0.044189 0.076407 0.020001 0 0.045608 0.43384 0.10223 0.017497 0.05042 0.050214 -0.0050021 -0.016801 0.010522 0.33117 0.019353 0.023358 0.066299 -0.035776 0.075566 -0.11711 -0.028562 0.29788 0.17736 -0.11667 0.015193 0.055494 0.12365 0.11445 0.16148 0.074886 -0.074399 0.26637 0.027006 0.57219 0.0027757 0.16735 0.024001 0.95702 0.084153 0.36312 0.075433 0.055619 0.086344 0.052891 0.093446 -0.016618 0.098445 0.3218 0.10077 0.033661 0.14168 0.0096429 0.076864 -0.077579 0.011606 0.36628 0.14398 0.013345 0.027312 0.04509 0.10178 0.1228
0.18365 0.14914 0.19203 0.14343 0.070258 0.085073 0.01403 0.025873 0.078592 0.20571 0.12783 0.18371 0.1341 0.031592 0.088752 0.016937 0.01289 0.091279 0.078063 0.20584 0.28899 0.041614 0.096391 0.10553 0.1816 0.25793 0.040706 0.045608 0 0.053952 0.053973 0.085386 0.06176 0.071014 0.43807 0.29477 0.47425 0.095214 0.035631 0.26675 0.1235 0.091774 0.19831 0.45606 0.2998 0.19699 0.069296 0.4029 -0.042517 0.048329 0.13641 0.32976 0.076128 0.20071 0.22813 0.023868 0.051896 0.071984 0.154 0.16356 -0.0064383 0.043353 0.39947 0.044956 0.04514 0.064998 0.02233 0.042668 0.36743 0.23623 0.43122 0.087709 0.038827 0.19869 0.10365 0.068015 0.1571 0.27221 0.21986 0.091137 0.063505 0.28229 0.0015712 -0.0056463 0.12231 0.31167
-0.0051894 0.12782 0.022969 0.044691 0.00483 0.13274 0.044383 0.015647 0.10192 0.0099897 0.11109 0.0071299 0.039809 0.019845 0.11089 0.031996 0.03268 0.097436 0.086112 0.19769 -0.087308 0.92466 0.045451 0.53034 0.086795 -0.082004 0.12399 0.43384 0.053952 0 0.036948 -0.12317 0.22679 0.36769 -0.029729 -0.16694 -0.069354 0.92284 0.3402 0.1066 0.29086 0.23695 0.093551 -0.034758 0.093362 0.66397 0.22393 0.062633 -0.014938 0.018638 0.28155 0.2828 0.10334 0.1826 -0.17568 0.91502 0.012962 0.5457 -0.0082997 0.008192 0.16504 0.4789 0.031121 0.93489 0.01469 -0.13584 0.24601 0.33666 -0.0081808 -0.2099 -0.060204 0.88615 0.38334 0.11725 0.32037 0.29813 0.099375 -0.073993 0.035927 0.63063 0.18972 0.14368 -0.045692 0.0053569 0.23737 0.26075
-0.16051 -0.030799 -0.0089249 -0.031049 -0.029114 0.30835 0.1715 0.06808 0.02197 -0.011569 -0.064511 -0.050483 -0.070484 -0.035147 0.31597 0.14256 0.054501 0.017614 0.026909 -0.095454 0.11495 0.014749 0.096143 0.18351 0.33604 0.076689 0.51631 0.10223 0.053973 0.036948 0 0.39005 0.28284 -0.0049641 -0.17166 0.10353 -0.092833 -0.0013488 0.021997 -0.0099891 -0.068109 0.41157 0.39517 -0.20942 0.25708 -0.09499 0.19124 -0.30351 0.28583 0.18646 0.028405 -0.084104 -0.039435 -0.12634 -0.16552 -0.0007358 0.039031 0.18656 0.066657 0.020704 0.38351 0.1291 -0.10056 0.030547 0.56845 0.23976 0.23061 -0.01726 -0.36429 -0.10135 -0.28302 -0.017366 0.041117 -0.12397 -0.08702 0.23393 0.22001 -0.40253 0.010989 -0.12731 0.15661 -0.35714 0.21128 0.17369 0.027533 -0.12198
-0.12591 -0.10098 -0.07646 -0.15945 -0.038302 0.216 0.16847 -0.058402 -0.047369 0.055007 -0.18782 -0.14073 -0.17025 -0.059571 0.18454 0.12713 -0.068974 -0.0262 0.56253 -0.26713 0.49688 -0.13964 0.10973 0.20129 0.66454 0.44728 0.24516 0.017497 0.085386 -0.12317 0.39005 0 0.15667 -0.19121 0.21479 0.60851 0.38037 -0.18886 -0.11303 -0.063116 -0.14555 0.29835 0.0045823 0.058352 0.35295 -0.11776 0.37709 0.070925 0.31913 0.29153 -0.07622 -0.19966 0.2447 -0.29213 0.18142 -0.19232 0.07685 0.1402 0.33271 0.26173 0.084055 0.024717 -0.063792 -0.11018 0.22419 0.74749 0.095365 -0.18625 -0.1416 0.39031 -0.019749 -0.21882 -0.09467 -0.21776 -0.19209 0.03817 -0.095908 -0.24416 0.048927 -0.16349 0.28303 -0.24265 0.31255 0.27818 -0.046825 -0.22587
0.0021013 0.013123 -0.028448 -0.022751 -0.011437 0.27945 0.074968 0.024532 0.06715 0.040262 0.010637 -0.031847 -0.025326 -0.0011484 0.27979 0.098166 0.0091934 0.070067 0.0081323 0.010482 0.16221 0.16919 0.10162 0.33972 0.41004 0.11562 0.39765 0.05042 0.06176 0.22679 0.28284 0.15667 0 0.10966 -0.046794 -0.022223 -0.072105 0.14226 0.063083 0.071738 -0.023802 0.44902 0.21226 0.060937 0.15033 0.1474 0.14662 -0.066934 0.057864 0.098343 0.094551 0.043718 0.036186 0.0018287 0.10675 0.12889 0.071318 0.29316 0.29899 0.1103 0.38857 0.058315 0.012824 0.2202 0.28171 0.18151 0.44888 0.085899 -0.085493 -0.033216 -0.047339 0.11613 0.047369 0.05027 -0.018121 0.42329 0.1556 -0.015495 0.12488 0.084739 0.14052 -0.07929 0.078571 0.10518 0.065643 0.0069335
0.1168 0.16586 0.049854 0.19325 0.022476 0.082408 0.023065 0.049081 0.12141 0.19136 0.1199 0.03424 0.16627 0.05877 0.085291 0.028583 0.031904 0.091439 0.0073033 0.39563 -0.085055 0.36148 0.033766 0.11162 -0.040278 -0.02955 0.078892 0.050214 0.071014 0.36769 -0.0049641 -0.19121 0.10966 0 0.13067 -0.21287 -0.0035986 0.42245 0.53863 0.27159 0.60539 0.20033 0.1012 0.1415 0.34531 0.38046 0.18219 0.3611 -0.063736 -0.0083869 0.3618 0.49242 0.046261 0.35284 -0.11336 0.33711 0.004979 0.096602 -0.078358 -0.030148 0.10266 0.047287 0.038329 0.33494 -0.020261 -0.20472 0.14153 0.78724 0.17411 -0.23017 0.06283 0.39655 0.46916 0.3288 0.5493 0.25141 0.087276 0.12027 0.26106 0.30641 0.17469 0.41824 -0.097729 -0.028888 0.31362 0.46216
0.089069 0.11899 0.2287 0.17928 0.069127 -0.035057 0.019409 -0.028645 0.042017 0.22547 0.036505 0.1922 0.15069 0.02531 -0.035929 0.0033027 -0.024107 0.029581 0.48667 0.20462 0.56146 -0.067253 0.06443 0.12727 0.24115 0.44073 -0.22698 -0.0050021 0.43807 -0.029729 -0.17166 0.21479 -0.046794 0.13067 0 0.38321 0.85099 0.01447 0.096566 0.10066 0.37298 -0.090341 -0.11381 0.5729 0.50431 0.30419 0.24327 0.67625 -0.060272 0.0082234 0.13064 0.38796 0.26138 0.20192 0.35521 -0.088549 0.025423 0.062916 0.12762 0.20388 -0.2863 -0.0077646 0.29371 -0.032259 -0.20639 0.050401 -0.047809 0.10836 0.67245 0.26627 0.61073 -0.0084808 0.098064 0.031273 0.30794 -0.14737 -0.11188 0.24461 0.26225 0.19054 0.19593 0.45466 -0.04918 -0.032621 0.13334 0.33891
-0.068606 -0.068054 -0.016194 -0.099859 -0.00027275 0.027521 0.075735 -0.085559 -0.056652 0.094002 -0.14637 -0.053735 -0.1157 -0.04802 -0.0023756 0.040573 -0.080592 -0.05299 0.22508 -0.23072 0.47068 -0.18619 0.038782 0.034889 0.38117 0.37992 -0.019042 -0.016801 0.29477 -0.16694 0.10353 0.60851 -0.022223 -0.21287 0.38321 0 0.62312 -0.16612 -0.14799 -0.11931 -0.096833 -0.057589 -0.1585 0.20376 0.21321 -0.098281 0.024419 0.15176 0.15457 0.094521 -0.082114 -0.13622 -0.012465 -0.24189 0.19419 -0.1984 0.044727 0.003763 0.12821 0.1633 -0.17864 -0.018269 0.10802 -0.16145 -0.0028334 0.28289 -0.03544 -0.19896 0.063214 0.56724 0.20942 -0.18058 -0.11437 -0.23067 -0.12566 -0.26391 -0.22948 -0.14768 -0.08794 -0.15612 -0.0069233 -0.10195 0.1303 0.083293 -0.064052 -0.14874
0.0050474 0.010967 0.13411 0.060392 0.048707 -0.021096 0.069477 -0.076401 -0.010238 0.18434 -0.06193 0.10602 0.046041 -0.0090693 -0.041269 0.047742 -0.065163 -0.005249 0.55785 0.014114 0.54373 -0.12692 0.068174 0.098772 0.24676 0.46702 -0.24104 0.010522 0.47425 -0.069354 -0.092833 0.38037 -0.072105 -0.0035986 0.85099 0.62312 0 -0.066674 -0.019332 -0.036315 0.24127 -0.2171 -0.20485 0.42326 0.35251 0.16399 0.23644 0.54494 0.031485 0.040565 0.020261 0.19755 0.28595 -0.023153 0.29773 -0.13804 0.04679 0.040127 0.024965 0.22995 -0.33347 0.012517 0.27745 -0.078864 -0.16877 0.1131 -0.080337 -0.015703 0.49672 0.47215 0.5954 -0.086697 0.018972 -0.13373 0.15306 -0.31827 -0.21619 0.072422 0.027989 0.071171 0.17169 0.2314 -0.025248 0.0037013 0.044655 0.16143
0.10441 0.2269 0.088074 0.11973 0.048182 0.092585 -0.006387 0.049946 0.17394 0.12366 0.23194 0.088497 0.12272 0.061462 0.071825 -0.048681 0.045647 0.16854 -0.02022 0.28118 -0.11102 0.88712 0.02683 0.306 0.0092352 -0.11919 0.14771 0.33117 0.095214 0.92284 -0.0013488 -0.18886 0.14226 0.42245 0.01447 -0.16612 -0.066674 0 0.41696 0.22178 0.37139 0.26625 0.12569 0.01439 0.12753 0.57358 0.12036 0.1456 -0.055891 -0.016971 0.33089 0.36537 0.0056609 0.27797 -0.16056 0.85131 0.00668 0.32624 -0.037956 -0.048495 0.18928 0.39984 0.085034 0.88526 -0.00074627 -0.1889 0.15881 0.39447 0.043571 -0.18298 -0.035691 0.96956 0.45056 0.24213 0.40418 0.31771 0.1449 0.011492 0.091658 0.53522 0.091979 0.26848 -0.064691 -0.047077 0.29251 0.35943
0.050338 0.12867 0.0019122 0.19009 0.072869 0.10197 0.057214 0.022595 0.095641 0.25235 0.055632 0.0014008 0.11754 0.063286 0.086578 0.045615 0.0090785 0.081081 0.09298 0.33506 -0.013682 0.31668 0.048843 0.11149 -0.068535 0.017278 0.041646 0.019353 0.035631 0.3402 0.021997 -0.11303 0.063083 0.53863 0.096566 -0.14799 -0.019332 0.41696 0 0.103 0.89693 0.087868 0.025294 0.061888 0.34059 0.43583 0.32605 0.43568 -0.0082652 0.043651 0.48934 0.61668 0.072095 0.29554 -0.16411 0.28472 0.0057638 0.097086 -0.155 -0.028108 0.019779 0.012782 -0.022504 0.30657 -0.019444 -0.20027 0.083073 0.49091 0.076548 -0.22945 -0.079172 0.37402 0.90415 0.14307 0.79425 0.092577 -0.0011338 -0.044524 0.16615 0.33438 0.27226 0.40799 -0.0912 -0.0083742 0.39901 0.51385
0.35548 0.33572 0.1983 0.20277 0.088834 0.10043 -0.12115 0.069036 0.19209 0.30827 0.34656 0.21876 0.213 0.09048 0.082962 -0.10692 0.062137 0.18574 -0.099661 0.41333 0.11497 0.089398 0.044608 -0.045586 0.22233 0.044202 0.4236 0.023358 0.26675 0.1066 -0.0099891 -0.063116 0.071738 0.27159 0.10066 -0.11931 -0.036315 0.22178 0.103 0 0.080505 0.55087 0.37085 0.43845 0.31042 0.17901 -0.072584 0.3619 -0.070228 -0.047865 0.20554 0.34774 -0.083162 0.38553 0.1595 0.089945 0.043559 -0.055021 0.26376 0.063219 0.42463 0.028196 0.24135 0.06945 0.089135 0.023088 0.038689 0.21958 0.17347 -0.077773 0.10767 0.24078 0.084799 0.69821 0.10186 0.51975 0.33757 0.42608 0.34167 0.081379 -0.052865 0.36675 -0.078927 -0.081269 0.18991 0.35897
0.068926 0.1164 0.07857 0.28725 0.089052 0.061019 0.070369 0.014686 0.075057 0.26773 0.067493 0.062565 0.22722 0.067785 0.063332 0.073222 -0.00070705 0.068432 0.18032 0.40491 0.12112 0.29373 0.055386 0.15059 -0.11997 0.13026 -0.13826 0.066299 0.1235 0.29086 -0.068109 -0.14555 -0.023802 0.60539 0.37298 -0.096833 0.24127 0.37139 0.89693 0.080505 0 -0.084987 -0.030779 0.14073 0.50155 0.5149 0.32625 0.57128 -0.051983 0.014621 0.41587 0.64424 0.14363 0.36103 -0.076674 0.26139 0.0029411 0.13045 -0.2222 0.028072 -0.14934 0.067412 0.067185 0.27203 -0.12273 -0.24614 0.035302 0.57433 0.3272 -0.203 0.11082 0.33533 0.82605 0.12217 0.91632 -0.037413 -0.045613 0.026155 0.29174 0.4461 0.27401 0.5065 -0.12225 -0.030218 0.33011 0.56041
0.16693 0.18954 0.080502 0.027135 0.0062811 0.27597 -0.028874 0.047112 0.15051 0.2338 0.18983 0.054831 0.011868 0.037591 0.26247 -0.021014 0.071391 0.15347 -0.051435 0.084407 0.32237 0.28123 0.049919 0.11487 0.72973 -0.0055447 0.8291 -0.035776 0.091774 0.23695 0.41157 0.29835 0.44902 0.20033 -0.090341 -0.057589 -0.2171 0.26625 0.087868 0.55087 -0.084987 0 0.43942 0.31462 0.38767 0.16428 0.03899 0.051329 0.14876 0.060175 0.1254 0.045791 -0.050762 0.066431 0.17774 0.22512 0.057409 0.09722 0.55192 -0.012293 0.78655 0.040177 -0.012892 0.2235 0.40777 0.33124 0.37407 0.14871 -0.21838 -0.11887 -0.22853 0.26916 0.074429 0.41701 -0.077999 0.92878 0.35182 0.12472 0.31094 0.006925 0.058827 -0.023414 0.1637 0.087457 0.12702 0.017135
0.085481 0.16451 0.17026 0.12519 0.054915 0.23048 0.0019118 0.12103 0.13675 0.089206 0.18824 0.16653 0.10908 0.056851 0.23631 0.0051757 0.12263 0.13468 -0.12818 0.27753 -0.045367 0.087037 0.062148 0.049557 0.1234 -0.073407 0.4641 0.075566 0.19831 0.093551 0.39517 0.0045823 0.21226 0.1012 -0.11381 -0.1585 -0.20485 0.12569 0.025294 0.37085 -0.030779 0.43942 0 0.051271 0.35336 -0.021978 0.036153 -0.056297 0.050049 0.037719 0.15796 0.18084 -0.089656 0.26273 -0.084495 0.075566 0.044996 0.040179 0.050788 -0.050856 0.42694 0.085518 0.13403 0.075597 0.41348 0.063304 0.16016 0.082837 -0.11834 -0.18344 -0.11877 0.12521 0.017298 0.3104 -0.013949 0.38183 0.57453 0.014209 0.30122 -0.071703 0.061699 -0.017601 0.038544 0.047807 0.14046 0.1717
0.34869 0.21246 0.24936 0.14967 0.067716 -0.0029076 -0.12971 -0.0044545 0.10188 0.46 0.1874 0.22013 0.12618 0.039534 -0.024265 -0.10984 -0.017335 0.1071 0.0032358 0.24219 0.72076 -0.034466 0.04117 -0.026549 0.53856 0.4182 0.097948 -0.11711 0.45606 -0.034758 -0.20942 0.058352 0.060937 0.1415 0.5729 0.20376 0.42326 0.01439 0.061888 0.43845 0.14073 0.31462 0.051271 0 0.4907 0.41865 -0.11353 0.67003 -0.12694 -0.092189 0.080776 0.24959 -0.029083 0.20704 0.55652 -0.063796 0.033651 -0.063844 0.45153 0.22121 0.035881 -0.095882 0.28503 -0.04943 -0.14982 0.090845 0.017824 0.10769 0.43236 0.19613 0.31624 0.023933 0.012187 0.3615 0.094872 0.27657 0.029657 0.70282 0.27694 0.21268 -0.087549 0.42622 -0.08421 -0.1277 0.071061 0.18978
0.032378 0.17553 0.20286 0.17626 0.068093 0.17355 0.056232 0.013169 0.084081 0.28749 0.08475 0.11611 0.13361 0.053463 0.16009 0.040413 0.022421 0.084877 0.18508 0.34318 0.41949 0.10724 0.068978 0.098404 0.37509 0.22497 0.25422 -0.028562 0.2998 0.093362 0.25708 0.35295 0.15033 0.34531 0.50431 0.21321 0.35251 0.12753 0.34059 0.31042 0.50155 0.38767 0.35336 0.4907 0 0.32125 0.16508 0.49979 0.10583 0.056872 0.20035 0.33129 0.034247 0.2616 0.10211 0.04866 0.048635 0.060875 0.06009 0.079072 0.11472 -0.0011689 0.051079 0.083972 0.12503 0.088388 0.13366 0.32982 0.1622 -0.057655 0.042372 0.098882 0.28875 0.17316 0.41023 0.17392 0.18173 0.043263 0.52281 0.17232 0.16505 0.23369 0.078348 0.045852 0.18228 0.26901
0.17858 0.12286 0.059151 0.11579 0.014464 0.087364 0.033244 0.011766 0.05888 0.25351 0.089451 0.076739 0.1004 0.017049 0.081901 0.035098 0.0071624 0.064285 0.085589 0.27795 0.38691 0.64914 0.090448 0.50786 0.34973 0.37769 -0.0022139 0.29788 0.19699 0.66397 -0.09499 -0.11776 0.1474 0.38046 0.30419 -0.098281 0.16399 0.57358 0.43583 0.17901 0.5149 0.16428 -0.021978 0.41865 0.32125 0 0.10001 0.53445 -0.067082 -0.012412 0.18506 0.37726 0.071771 0.26434 0.19176 0.6104 0.0455 0.4673 0.19694 0.32295 0.044673 0.26216 0.12657 0.66492 -0.09072 -0.1258 0.16093 0.34735 0.31911 -0.11953 0.17017 0.55642 0.37948 0.20543 0.46853 0.27211 -0.0084776 0.24693 0.1902 0.94068 0.045229 0.45011 -0.068648 -0.036563 0.15863 0.32737
-0.17954 -0.10663 -0.076325 -0.017632 0.0054506 0.2203 0.23454 0.0061346 0.0012568 -0.13243 -0.15787 -0.096464 -0.038952 -0.01453 0.21746 0.20116 0.013473 0.01488 0.73777 0.06455 0.052779 0.19562 0.10787 0.3456 0.094011 0.15872 -0.0017369 0.17736 0.069296 0.22393 0.19124 0.37709 0.14662 0.18219 0.24327 0.024419 0.23644 0.12036 0.32605 -0.072584 0.32625 0.03899 0.036153 -0.11353 0.16508 0.10001 0 0.12504 0.072278 0.22711 0.58417 0.33377 0.60361 0.060464 -0.093114 0.16003 0.072586 0.32979 -0.051148 0.087621 -0.044684 0.15435 0.020931 0.20774 0.11681 0.19467 0.16187 0.21688 0.10746 -0.050139 0.072379 0.051458 0.36142 -0.081704 0.32513 0.016479 0.044866 -0.17809 0.071876 0.11914 0.86105 0.081162 0.032483 0.20867 0.48382 0.28258
0.33761 0.23261 0.1803 0.25074 0.10748 -0.067503 -0.062846 -0.0012274 0.11538 0.37918 0.22171 0.17738 0.22919 0.084639 -0.079684 -0.064169 -0.029208 0.13441 0.2291 0.38997 0.44505 0.032836 0.062538 0.012885 0.19641 0.42889 -0.17049 -0.11667 0.4029 0.062633 -0.30351 0.070925 -0.066934 0.3611 0.67625 0.15176 0.54494 0.1456 0.43568 0.3619 0.57128 0.051329 -0.056297 0.67003 0.49979 0.53445 0.12504 0 -0.10332 -0.05 0.29805 0.59637 0.17895 0.38013 0.37158 0.01413 0.019475 -0.048023 0.24827 0.27939 -0.16269 -0.092314 0.31744 0.045677 -0.27425 0.084945 -0.055533 0.30385 0.62906 0.18438 0.50834 0.13869 0.33037 0.3373 0.49153 0.10902 -0.025606 0.4983 0.40782 0.3884 0.10249 0.8389 -0.07593 -0.087866 0.22857 0.53014
-0.1043 -0.046433 -0.052337 -0.067349 -0.029309 0.061116 0.047345 -0.0037078 -0.029029 -0.017617 -0.086986 -0.085599 -0.085684 -0.043069 0.04944 0.043118 -0.012271 -0.037442 0.11187 -0.12674 0.025305 -0.031187 0.031583 0.070058 0.17047 0.019496 0.15096 0.015193 -0.042517 -0.014938 0.28583 0.31913 0.057864 -0.063736 -0.060272 0.15457 0.031485 -0.055891 -0.0082652 -0.070228 -0.051983 0.14876 0.050049 -0.12694 0.10583 -0.067082 0.072278 -0.10332 0 0.10032 -0.073461 -0.12781 0.034692 -0.14842 -0.10719 -0.028152 0.0088049 0.060551 -0.0076539 0.009434 0.078718 0.027418 -0.10326 -0.016801 0.1671 0.19868 0.037759 -0.054385 -0.18117 0.04593 -0.13646 -0.053671 0.0078973 -0.15402 -0.072012 0.021873 -0.0028205 -0.26509 -0.021809 -0.055972 0.062585 -0.19188 0.21217 0.093464 -0.037548 -0.14485
-0.07308 -0.056189 -0.054614 -0.023839 -0.023175 0.15502 0.1353 0.0019677 -0.019422 -0.0084356 -0.081009 -0.073588 -0.050576 -0.014128 0.13691 0.10688 -0.014516 0.025403 0.16577 -0.044627 0.008129 0.02195 0.10518 0.15533 0.11568 0.11847 0.058031 0.055494 0.048329 0.018638 0.18646 0.29153 0.098343 -0.0083869 0.0082234 0.094521 0.040565 -0.016971 0.043651 -0.047865 0.014621 0.060175 0.037719 -0.092189 0.056872 -0.012412 0.22711 -0.05 0.10032 0 0.030667 0.022753 0.1013 -0.067765 -0.063411 0.011304 0.037494 0.12746 0.01997 0.092498 0.037348 0.049721 -0.032849 0.032503 0.1427 0.21425 0.072167 -0.011494 -0.051997 0.0232 -0.03635 -0.02858 0.031002 -0.094259 -0.0049264 0.021272 0.0039259 -0.15392 0.021926 -0.015641 0.20046 -0.086595 0.098373 0.17232 0.0188 0.0069895
0.029446 0.16831 0.067176 0.12818 0.060908 0.11662 0.012904 0.046058 0.12501 0.033475 0.17149 0.064636 0.12564 0.076905 0.097311 0.010796 0.04182 0.17065 0.17763 0.29534 -0.015263 0.21348 0.049679 0.12556 0.00038345 -0.0040948 0.11717 0.12365 0.13641 0.28155 0.028405 -0.07622 0.094551 0.3618 0.13064 -0.082114 0.020261 0.33089 0.48934 0.20554 0.41587 0.1254 0.15796 0.080776 0.20035 0.18506 0.58417 0.29805 -0.073461 0.030667 0 0.51246 0.23559 0.30897 -0.0080629 0.20924 0.039778 0.13335 0.013033 -0.0096518 0.10104 0.11246 0.13849 0.25216 0.050333 -0.058558 0.11447 0.35453 0.18956 -0.079713 0.097211 0.30193 0.45724 0.24717 0.40961 0.17275 0.17111 0.077546 0.20268 0.17321 0.5472 0.36523 -0.043076 -0.0039917 0.6611 0.47285
0.21689 0.28531 0.17884 0.35045 0.14173 0.086011 0.03133 0.086877 0.18555 0.21647 0.28123 0.18549 0.31996 0.12433 0.086127 0.028909 0.061244 0.19207 0.13559 0.56857 -0.045038 0.2452 0.10141 0.14775 -0.09902 0.097392 -0.036185 0.11445 0.32976 0.2828 -0.084104 -0.19966 0.043718 0.49242 0.38796 -0.13622 0.19755 0.36537 0.61668 0.34774 0.64424 0.045791 0.18084 0.24959 0.33129 0.37726 0.33377 0.59637 -0.12781 0.022753 0.51246 0 0.1664 0.55239 -0.014279 0.23803 0.055546 0.1097 -0.051951 0.07405 -0.0014746 0.11657 0.31919 0.25634 -0.062879 -0.1534 0.064463 0.46338 0.49573 -0.10072 0.33851 0.35386 0.54446 0.40362 0.61551 0.14738 0.20134 0.25204 0.34842 0.3333 0.29281 0.65518 -0.12777 -0.031563 0.41493 0.77655
-0.062907 -0.12531 -0.039683 -0.021154 -0.012228 0.037851 0.097889 -0.021579 -0.036104 -0.16412 -0.14676 -0.036207 0.0061847 -0.016861 0.049183 0.11152 -0.014074 -0.0092199 0.67568 0.026837 0.023859 0.095587 0.018785 0.26392 0.043495 0.11505 -0.14854 0.16148 0.076128 0.10334 -0.039435 0.2447 0.036186 0.046261 0.26138 -0.012465 0.28595 0.0056609 0.072095 -0.083162 0.14363 -0.050762 -0.089656 -0.029083 0.034247 0.071771 0.60361 0.17895 0.034692 0.1013 0.23559 0.1664 0 0.035856 0.14385 0.10077 0.032156 0.29183 0.1509 0.19763 -0.14066 0.11803 0.11142 0.10032 -0.024324 0.41324 0.045656 0.062186 0.37664 0.15171 0.43751 -0.030044 0.1174 -0.049563 0.19164 0.01666 -0.039873 0.0066901 0.23252 0.077282 0.72631 0.18239 0.045972 0.1699 0.20598 0.15355
