0 0.34682 0.27919 0.29331 0.091295 -0.009807 -0.094971 0.066615 0.21676 0.73629 0.42615 0.36636 0.30659 0.11916 -0.0058459 -0.10518 0.048166 0.27268 -0.16674 0.24507 0.051106 -0.028085 0.018696 -0.075448 0.052921 0.12345 0.095633 0.013537 0.18126 -0.0090773 -0.15776 -0.11948 0.0079644 0.12964 0.075381 -0.074004 0.0062306 0.11658 0.064297 0.37309 0.07188 0.18373 0.10275 0.36238 0.032719 0.16525 -0.18457 0.34026 -0.10154 -0.070363 0.042069 0.22558 -0.033474 0.28018 0.40298 -0.021281 0.030706 -0.095933 0.3478 0.23234 0.19347 -0.0049481 0.31216 -0.040621 -0.029785 0.10932 0.016925 0.14158 0.37707 0.18613 0.2891 0.13543 0.06425 0.45549 0.17405 0.31644 0.18297 0.58799 0.39611 0.18065 -0.13405 0.52664 -0.0055388 -0.087272 0.057321 0.27733
0.34682 0 0.2565 0.28232 0.11604 0.010145 -0.083209 0.074452 0.22784 0.36412 0.5093 0.27384 0.26453 0.10064 -0.010806 -0.10266 0.061287 0.21782 -0.12402 0.27455 0.037022 0.091266 0.019149 -0.073007 0.056308 0.028575 0.14607 0.07137 0.1472 0.1255 -0.031919 -0.11764 0.0072283 0.17801 0.10098 -0.072199 0.0063509 0.23762 0.13109 0.3482 0.11087 0.19596 0.16907 0.21873 0.16377 0.11682 -0.1197 0.2274 -0.045528 -0.062979 0.18075 0.29186 -0.12886 0.2631 0.054993 0.090988 0.011767 -0.092999 0.055132 -0.016429 0.13728 0.068131 0.13146 0.079827 -0.0093686 -0.10352 -0.02321 0.10939 0.14747 -0.032732 0.069926 0.27138 0.075946 0.32587 0.084038 0.18952 0.16004 0.18782 0.16219 0.053883 -0.13075 0.21882 -0.050908 -0.081271 0.16627 0.26731
0.27919 0.2565 0 0.40922 0.11026 0.03241 -0.019895 0.14799 0.1451 0.2946 0.28077 0.58907 0.39322 0.070217 0.026088 -0.032887 0.12423 0.15821 -0.041518 0.20811 0.11468 -0.0033396 0.010124 -0.053037 0.026926 0.042272 0.086066 -0.0029623 0.19613 0.015574 -0.0091385 -0.074644 -0.030924 0.051869 0.22692 -0.0098045 0.14123 0.089526 0.0080454 0.2099 0.076457 0.086007 0.17659 0.25592 0.1946 0.046743 -0.070811 0.18011 -0.051979 -0.051687 0.080387 0.18531 -0.03317 0.17787 0.11089 -0.016442 0.031113 -0.074671 0.022532 0.019903 0.067665 0.0037471 0.16583 -0.016338 0.0021537 -0.082184 -0.021557 0.024731 0.19674 -0.020894 0.14048 0.099229 -0.015628 0.20633 0.083172 0.077653 0.12881 0.17856 0.15864 -0.0024824 -0.068342 0.17696 -0.063628 -0.057048 0.089381 0.17695
0.29331 0.28232 0.40922 0 0.20518 0.012223 -0.011167 0.11172 0.1469 0.27628 0.29061 0.39014 0.65596 0.12885 0.005319 -0.020763 0.099115 0.15593 -0.067427 0.30934 -0.028743 0.026772 0.010724 -0.040189 -0.090682 0.0076568 0.010952 0.013697 0.15472 0.038085 -0.03224 -0.16082 -0.028209 0.19856 0.1773 -0.089204 0.070434 0.12478 0.18492 0.22903 0.27574 0.040329 0.13709 0.17301 0.16917 0.10404 -0.031832 0.24609 -0.071497 -0.024619 0.13938 0.3548 -0.023813 0.28921 0.022359 0.028564 0.0084936 -0.055562 -0.052053 -0.02214 0.026715 0.018543 0.1566 0.015426 -0.023358 -0.13691 0.0007685 0.15901 0.26059 -0.054603 0.15635 0.14158 0.11448 0.26004 0.25418 0.079654 0.14211 0.18822 0.18948 0.074143 -0.046025 0.30445 -0.066904 -0.062908 0.13304 0.35407
0.091295 0.11604 0.11026 0.20518 0 -0.0018438 -0.01832 0.02341 0.058906 0.10417 0.10547 0.11894 0.17419 0.047123 -0.0025856 -0.027484 0.025414 0.065126 -0.02047 0.11093 -0.00019271 -0.00010939 0.010049 -0.021059 -0.021303 -0.00079803 -0.0045247 -0.014019 0.074719 0.00015894 -0.025209 -0.036056 -0.012259 0.026195 0.070007 0.0043413 0.054142 0.04778 0.074997 0.097195 0.08889 0.010585 0.058085 0.075269 0.066214 0.0084635 0.005843 0.10833 -0.030226 -0.021387 0.065482 0.1457 -0.0078949 0.11394 -0.016238 -0.005283 -0.013698 -0.041318 -0.038813 -0.014913 -0.0038515 -0.0058291 0.06745 -0.013002 -0.017218 -0.045045 -0.02221 0.026752 0.084461 -0.0066775 0.065489 0.051163 0.053594 0.083249 0.076083 0.0016726 0.030317 0.045902 0.052072 -0.014184 -0.0080285 0.10517 -0.040247 -0.024882 0.050084 0.13276
-0.009807 0.010145 0.03241 0.012223 -0.0018438 0 0.17375 0.020362 0.088512 0.054738 -0.0075377 0.020578 0.0008585 -0.017172 0.44008 0.17201 0.039024 0.068155 0.074372 0.039123 0.14979 0.095555 0.13809 0.22887 0.2491 0.12897 0.34185 0.13475 0.088418 0.12357 0.302 0.21633 0.28158 0.071822 -0.025929 0.028939 -0.012533 0.08047 0.091134 0.09684 0.058311 0.2701 0.22868 -0.00226 0.18038 0.079285 0.22712 -0.063495 0.054388 0.15553 0.11906 0.082022 0.032316 0.024778 0.0097386 0.075996 0.092998 0.21995 0.13523 0.094099 0.28964 0.14015 0.020188 0.1138 0.28021 0.14692 0.23968 0.06585 -0.11074 -0.042857 -0.089163 0.058362 0.10141 0.031761 0.053399 0.22304 0.15333 -0.08762 0.07986 0.048188 0.19271 -0.10305 0.051045 0.12736 0.099228 0.05098
-0.094971 -0.083209 -0.019895 -0.011167 -0.01832 0.17375 0 -0.0085508 -0.0069233 -0.048966 -0.10904 -0.044403 -0.033838 -0.026918 0.17839 0.26014 -0.010282 -0.034879 0.15621 -0.042496 0.054639 0.025164 0.077979 0.18579 0.072945 0.13328 0.0026348 0.071378 0.020077 0.038141 0.16409 0.17169 0.073899 0.014562 0.026859 0.077487 0.075392 -0.018447 0.052617 -0.12332 0.069671 -0.031876 0.0019201 -0.12971 0.068238 0.028925 0.24091 -0.056974 0.040414 0.13785 0.017252 0.030643 0.093325 -0.050351 -0.056466 0.015467 0.028776 0.16287 -0.029051 0.077446 -0.027119 0.061686 -0.02042 0.035882 0.093207 0.096017 0.061233 0.022086 -0.052854 -0.014391 -0.022347 -0.036728 0.060847 -0.13931 0.072826 -0.057003 -0.020692 -0.18849 -0.015998 0.034939 0.19534 -0.1216 0.028519 0.11335 0.00078789 -0.0023909
0.066615 0.074452 0.14799 0.11172 0.02341 0.020362 -0.0085508 0 0.056037 0.047046 0.080593 0.13306 0.10776 0.014639 0.031835 0.0019425 0.10969 0.066703 -0.038082 0.092415 -0.057794 0.020776 0.0018776 -0.014229 -0.046247 -0.022431 0.054256 0.015983 0.025383 0.0081682 0.062744 -0.05952 0.021113 0.047613 -0.022636 -0.080254 -0.070829 0.048118 0.022756 0.075293 0.015932 0.04469 0.11839 0.0028895 0.012305 0.0059564 0.0031015 0.0010182 -0.0057456 -0.0011504 0.050441 0.086516 -0.02315 0.076913 -0.037824 0.023498 -0.0021137 -0.0058555 -0.021788 0.00018589 0.066372 0.028577 0.033305 0.0021447 0.064388 -0.041425 0.0069282 0.045316 0.0027224 -0.081249 -0.011206 0.05375 0.013753 0.081444 0.033191 0.056863 0.10171 0.022277 0.035328 0.0043134 0.010774 0.055282 -0.016865 0.00068458 0.059056 0.090782
0.21676 0.22784 0.1451 0.1469 0.058906 0.088512 -0.0069233 0.056037 0 0.23015 0.23779 0.13524 0.13823 0.050892 0.071771 -0.022098 0.054617 0.2033 -0.052225 0.1711 0.0020071 0.066703 0.017277 -0.0068722 0.025374 -0.0011876 0.13244 0.017753 0.079793 0.093543 0.019927 -0.05653 0.064354 0.1259 0.031349 -0.064445 -0.014822 0.17402 0.10235 0.20019 0.072303 0.15488 0.14089 0.10327 0.076211 0.049033 -0.00054464 0.11395 -0.031501 -0.019544 0.13246 0.18858 -0.036196 0.17509 0.042067 0.060688 0.027924 -0.023226 0.053851 0.011073 0.15243 0.013456 0.094464 0.080731 0.062161 -0.016792 0.032259 0.078398 0.081396 -0.031012 0.037095 0.18133 0.075625 0.19298 0.064275 0.17646 0.14321 0.11095 0.12726 0.016889 -0.0023957 0.15157 -0.036491 -0.007924 0.1303 0.18083
0.73629 0.36412 0.2946 0.27628 0.10417 0.054738 -0.048966 0.047046 0.23015 0 0.33772 0.29056 0.23306 0.1053 0.045198 -0.063874 0.040021 0.24144 -0.083117 0.24461 0.24461 0.0063311 0.045618 -0.10108 0.19728 0.21168 0.15183 -0.069196 0.20263 0.0064588 -0.021169 0.039476 0.040292 0.20367 0.21735 0.08555 0.1838 0.13403 0.27057 0.32174 0.27825 0.23599 0.096914 0.45152 0.27647 0.24013 -0.13399 0.38919 -0.024701 -0.010823 0.046285 0.23084 -0.14299 0.18454 0.12179 7.6226e-06 0.023029 -0.10949 0.10659 0.11839 0.10939 -0.034834 0.10162 -0.0029065 -0.018153 0.00090605 0.0234 0.13646 0.13807 0.032975 0.052167 0.15056 0.1512 0.27675 0.16498 0.15609 0.066911 0.23755 0.10398 0.086409 -0.11421 0.33671 -0.043499 -0.0603 0.066183 0.1964
0.42615 0.5093 0.28077 0.29061 0.10547 -0.0075377 -0.10904 0.080593 0.23779 0.33772 0 0.33344 0.31284 0.11445 -0.019442 -0.11519 0.098614 0.25802 -0.20555 0.30155 -0.02529 0.067286 0.013281 -0.091917 0.004396 -0.033574 0.14399 0.055781 0.12646 0.10059 -0.066501 -0.20092 0.0034962 0.12736 0.021878 -0.14805 -0.064124 0.23538 0.053964 0.35894 0.059476 0.19345 0.19375 0.20418 0.075093 0.078137 -0.17496 0.21369 -0.087338 -0.083165 0.17586 0.28346 -0.14836 0.31055 0.14204 0.078898 0.0040706 -0.11851 0.13502 -0.01551 0.1953 0.035015 0.18636 0.057743 -0.0071051 -0.083166 -0.0054924 0.13093 0.22959 -0.0088791 0.14608 0.27544 0.033783 0.4057 0.095596 0.26262 0.21031 0.31119 0.2587 0.056144 -0.15209 0.30901 -0.043882 -0.10936 0.17884 0.30629
0.36636 0.27384 0.58907 0.39014 0.11894 0.020578 -0.044403 0.13306 0.13524 0.29056 0.33344 0 0.41582 0.089012 0.019342 -0.032581 0.15181 0.15841 -0.083925 0.21753 0.057332 -0.031349 -0.0086071 -0.072814 -0.008752 0.021182 0.082405 0.0036669 0.18762 -0.0098538 -0.051346 -0.13835 -0.036891 0.038292 0.19125 -0.048723 0.11259 0.084396 0.0026419 0.23556 0.058157 0.064877 0.17734 0.23271 0.11609 0.058415 -0.10169 0.17847 -0.08495 -0.070737 0.070321 0.19067 -0.029804 0.23975 0.17873 -0.053959 0.019432 -0.090616 0.072281 0.049151 0.086519 -0.013569 0.23434 -0.038474 0.00095654 -0.059779 0.00011338 0.039604 0.27639 0.048484 0.22803 0.09412 -0.048967 0.27192 0.074614 0.11888 0.18972 0.28352 0.2272 0.015404 -0.09162 0.23911 -0.058765 -0.058979 0.065847 0.21844
0.30659 0.26453 0.39322 0.65596 0.17419 0.0008585 -0.033838 0.10776 0.13823 0.23306 0.31284 0.41582 0 0.14773 0.0046327 -0.012648 0.12163 0.16306 -0.073704 0.28143 -0.033802 0.021747 0.012903 -0.046119 -0.094897 -0.0069662 -0.0031855 0.032178 0.14394 0.027767 -0.069702 -0.16909 -0.030002 0.16646 0.14705 -0.1035 0.055036 0.11855 0.10762 0.23341 0.20934 0.021676 0.12154 0.15016 0.1279 0.086579 -0.059284 0.22285 -0.08745 -0.051107 0.12444 0.32071 -0.0014151 0.29454 0.03545 0.014321 0.012532 -0.044622 -0.041238 0.018599 0.0099956 0.030054 0.19043 0.0057133 -0.03515 -0.12344 -0.011298 0.15921 0.28884 -0.035038 0.19143 0.13647 0.10533 0.26238 0.27492 0.076892 0.13989 0.20797 0.19816 0.076885 -0.020662 0.31661 -0.087056 -0.053412 0.13076 0.37943
0.11916 0.10064 0.070217 0.12885 0.047123 -0.017172 -0.026918 0.014639 0.050892 0.1053 0.11445 0.089012 0.14773 0 -0.011178 -0.030038 0.0071665 0.095416 -0.02868 0.13595 -0.043734 0.012308 0.0090992 -0.028283 -0.031124 -0.024238 0.012545 -0.013803 0.034464 0.012961 -0.031131 -0.060609 -0.0030488 0.060222 0.021171 -0.045226 -0.008688 0.058905 0.061042 0.093559 0.064091 0.038694 0.058028 0.048911 0.04808 0.013871 -0.020133 0.081697 -0.039828 -0.014193 0.076443 0.12453 -0.019334 0.10936 0.0019025 0.014063 0.0029849 -0.030982 -0.0065897 -0.013862 0.026551 -0.014314 0.033484 0.01468 -0.0096203 -0.035726 -0.0072377 0.068936 0.077736 -0.031841 0.057477 0.072325 0.063726 0.095795 0.08277 0.049124 0.074049 0.071055 0.090907 0.0005503 -0.017857 0.12072 -0.027548 -0.028289 0.068963 0.14002
-0.0058459 -0.010806 0.026088 0.005319 -0.0025856 0.44008 0.17839 0.031835 0.071771 0.045198 -0.019442 0.019342 0.0046327 -0.011178 0 0.21571 0.039917 0.065765 0.058623 0.034351 0.13463 0.082142 0.1146 0.23577 0.22585 0.12772 0.32013 0.13044 0.089904 0.10411 0.30835 0.18083 0.27662 0.072079 -0.032247 -0.0066074 -0.037305 0.062746 0.077404 0.07752 0.058968 0.25272 0.23637 -0.025306 0.16447 0.071677 0.22049 -0.077958 0.037296 0.13518 0.096713 0.080052 0.038166 0.039533 0.057583 0.073096 0.1056 0.23142 0.16152 0.13593 0.30166 0.11945 0.058208 0.09887 0.27155 0.16489 0.28205 0.061971 -0.08118 -0.041607 -0.068222 0.052607 0.10824 0.058046 0.054185 0.24111 0.17305 -0.06381 0.10453 0.066852 0.21182 -0.079276 0.03308 0.14786 0.098287 0.077204
-0.10518 -0.10266 -0.032887 -0.020763 -0.027484 0.17201 0.26014 0.0019425 -0.022098 -0.063874 -0.11519 -0.032581 -0.012648 -0.030038 0.21571 0 0.016468 -0.01027 0.12053 -0.035401 0.049151 0.025462 0.076006 0.17692 0.049753 0.12265 -0.0094971 0.031163 0.019408 0.033092 0.13797 0.13005 0.097774 0.016388 0.012883 0.042987 0.05122 -0.055095 0.036419 -0.1141 0.071389 -0.031943 0.0058443 -0.11393 0.045572 0.03406 0.20879 -0.060207 0.038578 0.10956 0.014945 0.025609 0.10527 -0.040047 -0.017487 0.013 0.04182 0.18637 -0.0054091 0.12205 -0.028237 0.028223 -0.0034086 0.030432 0.10263 0.096087 0.10349 0.022792 -0.015615 -0.0069368 0.015611 -0.06492 0.059556 -0.1302 0.081106 -0.052753 -0.026354 -0.14549 -0.0083488 0.04372 0.21513 -0.082391 0.027775 0.13653 0.0014544 0.021644
0.048166 0.061287 0.12423 0.099115 0.025414 0.039024 -0.010282 0.10969 0.054617 0.040021 0.098614 0.15181 0.12163 0.0071665 0.039917 0.016468 0 0.070485 -0.029578 0.091917 -0.047513 0.031135 0.016684 -0.0089789 -0.016352 -0.037604 0.081417 0.030968 0.020561 0.03205 0.053759 -0.06794 0.0080666 0.030064 -0.019661 -0.076686 -0.057358 0.050412 0.0034602 0.071812 -0.0075145 0.071769 0.12431 -0.0076803 0.020746 0.0026403 0.0071534 -0.028238 -0.014218 -0.015139 0.044634 0.061946 -0.016805 0.0783 -0.034719 0.030224 0.005964 0.013946 -0.019122 -0.016437 0.069391 0.026037 0.027422 0.020446 0.049589 -0.039369 0.020821 0.034363 -0.0094216 -0.09745 -0.024953 0.052825 -0.0068094 0.076971 -0.0035909 0.07149 0.11789 0.022484 0.018134 0.0018342 0.016642 0.01626 -0.019995 -0.0040049 0.048569 0.071363
0.27268 0.21782 0.15821 0.15593 0.065126 0.068155 -0.034879 0.066703 0.2033 0.24144 0.25802 0.15841 0.16306 0.095416 0.065765 -0.01027 0.070485 0 -0.064531 0.17365 0.034239 0.048811 0.037724 0.0011745 0.055555 0.026625 0.12038 0.020426 0.095371 0.085485 0.011771 -0.031042 0.068626 0.097875 0.027937 -0.051456 -0.0023295 0.16306 0.079523 0.19324 0.061905 0.15595 0.1358 0.12414 0.082498 0.055194 0.0093612 0.13794 -0.037907 0.024379 0.1729 0.19613 -0.0087192 0.18636 0.099929 0.06052 0.024967 -0.0015695 0.10186 0.037372 0.14889 0.02449 0.11665 0.072646 0.062685 0.013523 0.051081 0.11382 0.1185 0.013061 0.086243 0.18154 0.072407 0.2105 0.081593 0.19043 0.1433 0.15621 0.1639 0.049577 0.019378 0.1788 -0.0031507 -0.0024796 0.14214 0.21859
-0.16674 -0.12402 -0.041518 -0.067427 -0.02047 0.074372 0.15621 -0.038082 -0.052225 -0.083117 -0.20555 -0.083925 -0.073704 -0.02868 0.058623 0.12053 -0.029578 -0.064531 0 -0.059498 0.24556 0.024521 0.04656 0.27061 0.21133 0.28399 -0.16324 0.082256 0.084164 0.056264 0.028873 0.58653 0.009035 -0.035005 0.50947 0.23877 0.55362 -0.058371 0.049656 -0.11995 0.15057 -0.071337 -0.1428 0.0026342 0.18894 0.072737 0.73822 0.23911 0.12102 0.16589 0.16141 0.11352 0.6733 -0.067593 0.04964 0.0036071 0.021499 0.22419 0.038893 0.1956 -0.19949 0.084359 0.016517 0.052181 -0.051616 0.35154 0.029297 -0.009831 0.22992 0.18548 0.26159 -0.091931 0.099939 -0.18109 0.11805 -0.14304 -0.12867 -0.10688 0.028206 0.048422 0.6236 0.038844 0.070409 0.17365 0.15961 0.077729
0.24507 0.27455 0.20811 0.30934 0.11093 0.039123 -0.042496 0.092415 0.1711 0.24461 0.30155 0.21753 0.28143 0.13595 0.034351 -0.035401 0.091917 0.17365 -0.059498 0 -0.11754 0.15889 0.052493 -0.00062772 -0.12713 -0.02357 0.0054059 0.024092 0.21305 0.17771 -0.094804 -0.27953 0.0024632 0.40746 0.19237 -0.21968 0.019511 0.27914 0.32554 0.43233 0.39536 0.087722 0.28546 0.27229 0.32658 0.25317 0.038291 0.36947 -0.13294 -0.047019 0.29713 0.57273 0.01416 0.59645 -0.1042 0.16976 0.0074492 -0.014999 -0.11919 -0.0057827 0.056289 0.028783 0.18555 0.14644 -0.038315 -0.24909 0.016865 0.37849 0.2996 -0.23363 0.12403 0.27769 0.27459 0.45288 0.38572 0.15994 0.28788 0.25164 0.29698 0.19751 0.039617 0.46117 -0.15781 -0.087614 0.25111 0.56354
0.051106 0.037022 0.11468 -0.028743 -0.00019271 0.14979 0.054639 -0.057794 0.0020071 0.24461 -0.02529 0.057332 -0.033802 -0.043734 0.13463 0.049151 -0.047513 0.034239 0.24556 -0.11754 0 -0.14996 0.070471 0.1844 0.71678 0.55726 0.19882 -0.049283 0.28097 -0.10156 0.11742 0.49454 0.16236 -0.092605 0.56605 0.47107 0.54878 -0.13567 -0.017622 0.10339 0.13022 0.30699 -0.031654 0.69355 0.42881 0.36604 0.085724 0.45895 0.035151 0.014443 -0.013692 -0.046424 0.054596 -0.11307 0.65489 -0.19703 0.062946 0.11164 0.52136 0.31266 0.061617 -0.011332 0.10409 -0.095956 0.061378 0.32964 0.12123 -0.077175 0.26072 0.36693 0.21401 -0.13785 0.0027627 -0.016044 0.055801 0.15324 -0.11514 0.2763 0.11515 0.16073 0.066534 0.091949 0.07163 0.024595 -0.0040008 -0.10009
-0.028085 0.091266 -0.0033396 0.026772 -0.00010939 0.095555 0.025164 0.020776 0.066703 0.0063311 0.067286 -0.031349 0.021747 0.012308 0.082142 0.025462 0.031135 0.048811 0.024521 0.15889 -0.14996 0 0.018596 0.31865 0.056135 -0.14129 0.13412 0.24637 0.035939 0.92424 0.016401 -0.14851 0.15684 0.36045 -0.085962 -0.17428 -0.13625 0.88271 0.30487 0.077482 0.26919 0.29533 0.070805 -0.02611 0.074024 0.64014 0.16498 0.0074423 -0.029373 0.0161 0.19542 0.22446 0.057527 0.1436 -0.25199 0.97592 0.0061299 0.36148 -0.059749 -0.086282 0.17659 0.30675 -0.016177 0.91366 -0.010589 -0.18838 0.15969 0.33073 -0.12279 -0.24196 -0.16301 0.84271 0.35023 0.070302 0.28735 0.32373 0.080151 -0.089875 -0.019985 0.58758 0.14664 0.042778 -0.071625 0.014291 0.16276 0.19999
0.018696 0.019149 0.010124 0.010724 0.010049 0.13809 0.077979 0.0018776 0.017277 0.045618 0.013281 -0.0086071 0.012903 0.0090992 0.1146 0.076006 0.016684 0.037724 0.04656 0.052493 0.070471 0.018596 0 0.16528 0.11294 0.14669 0.061513 0.038928 0.099885 0.042246 0.09325 0.11253 0.10091 0.029576 0.068561 0.040343 0.073434 0.022781 0.046964 0.04475 0.055289 0.046553 0.064665 0.042262 0.073448 0.088402 0.11492 0.064181 0.032562 0.10784 0.054859 0.10474 0.023254 0.023992 0.03981 0.0066294 0.053284 0.13716 0.075275 0.11745 0.059857 0.029525 0.060478 0.041079 0.087564 0.078516 0.084789 0.0070289 0.054846 0.015196 0.047053 0.015341 0.039006 0.035753 0.04705 0.061284 0.036723 -0.0051342 0.049253 0.074539 0.085096 0.038526 0.017674 0.052569 0.031582 0.093323
-0.075448 -0.073007 -0.053037 -0.040189 -0.021059 0.22887 0.18579 -0.014229 -0.0068722 -0.10108 -0.091917 -0.072814 -0.046119 -0.028283 0.23577 0.17692 -0.0089789 0.0011745 0.27061 -0.00062772 0.1844 0.31865 0.16528 0 0.34036 0.36487 0.077111 0.55828 0.094539 0.51352 0.18223 0.23089 0.33927 0.082619 0.12571 0.05027 0.10081 0.26561 0.082749 -0.068592 0.12246 0.10227 0.038004 -0.031009 0.090866 0.49196 0.34864 -0.009212 0.072779 0.15962 0.10565 0.1211 0.24846 0.024963 0.054812 0.28792 0.11059 0.82182 0.21577 0.36301 0.082002 0.51941 0.071448 0.51449 0.14491 0.2161 0.35236 0.093608 0.096399 -0.012708 0.12942 0.19165 0.14045 -0.057361 0.16191 0.14862 0.032242 -0.077569 0.048556 0.49486 0.28125 -0.021713 0.055134 0.14619 0.077431 0.082808
0.052921 0.056308 0.026926 -0.090682 -0.021303 0.2491 0.072945 -0.046247 0.025374 0.19728 0.004396 -0.008752 -0.094897 -0.031124 0.22585 0.049753 -0.016352 0.055555 0.21133 -0.12713 0.71678 0.056135 0.11294 0.34036 0 0.51634 0.54527 0.096135 0.17502 0.11424 0.31642 0.6358 0.41906 -0.039943 0.24419 0.36011 0.24707 0.010343 -0.05738 0.19723 -0.098339 0.70371 0.12694 0.50691 0.37169 0.37479 0.10886 0.23466 0.1628 0.11385 0.0033302 -0.091207 0.058684 -0.1298 0.49663 -0.010437 0.069942 0.25251 0.75347 0.32323 0.4256 0.099826 0.045319 0.10095 0.27066 0.53244 0.33812 -0.042771 0.042921 0.23123 0.066467 -0.0022572 -0.045679 0.060015 -0.11384 0.52677 0.040282 0.15441 0.16983 0.18869 0.079063 -0.00066691 0.20581 0.13595 0.013583 -0.13552
0.12345 0.028575 0.042272 0.0076568 -0.00079803 0.12897 0.13328 -0.022431 -0.0011876 0.21168 -0.033574 0.021182 -0.0069662 -0.024238 0.12772 0.12265 -0.037604 0.026625 0.28399 -0.02357 0.55726 -0.14129 0.14669 0.36487 0.51634 0 -0.015453 0.10519 0.24323 -0.083496 0.077822 0.47863 0.11493 -0.04891 0.43832 0.40039 0.47286 -0.13776 0.0066765 0.021132 0.1323 -0.034695 -0.075091 0.37875 0.22574 0.37459 0.18991 0.42486 0.03265 0.13203 -0.0053043 0.085465 0.14286 -0.018309 0.32847 -0.17394 0.091107 0.27631 0.32029 0.57591 -0.11205 0.072752 0.13493 -0.077657 -0.00026014 0.33011 0.055669 -0.059597 0.26024 0.25725 0.32287 -0.15456 -0.010701 -0.017862 0.064935 -0.068971 -0.10751 0.11021 0.036805 0.26144 0.14347 0.2035 0.048544 0.097366 -0.0060481 0.033884
0.095633 0.14607 0.086066 0.010952 -0.0045247 0.34185 0.0026348 0.054256 0.13244 0.15183 0.14399 0.082405 -0.0031855 0.012545 0.32013 -0.0094971 0.081417 0.12038 -0.16324 0.0054059 0.19882 0.13412 0.061513 0.077111 0.54527 -0.015453 0 0.034331 0.047056 0.13416 0.50485 0.22095 0.39645 0.07845 -0.22564 -0.03427 -0.23851 0.16204 0.050998 0.41539 -0.13352 0.8197 0.47011 0.094111 0.26581 -0.011707 0.0061834 -0.15249 0.1313 0.050175 0.12949 -0.033002 -0.15413 0.0052079 0.069172 0.10226 0.058907 0.062901 0.3525 -0.049001 0.77411 0.060957 -0.027631 0.12014 0.46968 0.21837 0.31513 0.058042 -0.31418 -0.11187 -0.27537 0.18689 0.068126 0.2777 -0.12671 0.71159 0.33721 -0.043838 0.17779 -0.098535 0.018964 -0.19613 0.10842 0.061429 0.10685 -0.057371
0.013537 0.07137 -0.0029623 0.013697 -0.014019 0.13475 0.071378 0.015983 0.017753 -0.069196 0.055781 0.0036669 0.032178 -0.013803 0.13044 0.031163 0.030968 0.020426 0.082256 0.024092 -0.049283 0.24637 0.038928 0.55828 0.096135 0.10519 0.034331 0 0.054226 0.4296 0.11145 0.03793 0.067132 0.042923 0.00016121 -0.0005984 0.013518 0.3443 0.0072965 0.0278 0.054993 -0.0077274 0.077391 -0.089305 -0.017399 0.3028 0.16988 -0.11312 0.021229 0.055169 0.11954 0.11161 0.14684 0.058969 -0.04541 0.25579 0.032743 0.57269 0.053956 0.17585 0.037069 0.95883 0.086763 0.3583 0.084913 0.07124 0.093619 0.043961 0.086028 -0.0069173 0.093195 0.33374 0.087798 0.033458 0.1255 0.032755 0.072052 -0.058445 0.0070742 0.36316 0.13668 0.0023667 0.037235 0.051742 0.096707 0.11398
0.18126 0.1472 0.19613 0.15472 0.074719 0.088418 0.020077 0.025383 0.079793 0.20263 0.12646 0.18762 0.14394 0.034464 0.089904 0.019408 0.020561 0.095371 0.084164 0.21305 0.28097 0.035939 0.099885 0.094539 0.17502 0.24323 0.047056 0.054226 0 0.047491 0.065316 0.095805 0.054028 0.065178 0.43319 0.30168 0.48184 0.098938 0.036658 0.25965 0.12633 0.092686 0.21465 0.43429 0.30618 0.17619 0.087552 0.39155 -0.027714 0.056184 0.1418 0.33401 0.087983 0.20055 0.21808 0.018331 0.056386 0.06489 0.13849 0.15746 -0.0053393 0.054581 0.39637 0.033626 0.060665 0.069348 0.014499 0.041454 0.36557 0.23636 0.42737 0.088289 0.038965 0.19428 0.1079 0.070467 0.16675 0.25599 0.22452 0.074825 0.074184 0.2709 0.0068824 0.0010381 0.13177 0.31474
-0.0090773 0.1255 0.015574 0.038085 0.00015894 0.12357 0.038141 0.0081682 0.093543 0.0064588 0.10059 -0.0098538 0.027767 0.012961 0.10411 0.033092 0.03205 0.085485 0.056264 0.17771 -0.10156 0.92424 0.042246 0.51352 0.11424 -0.083496 0.13416 0.4296 0.047491 0 0.036459 -0.12617 0.22653 0.36997 -0.053173 -0.16429 -0.085442 0.91758 0.33593 0.097656 0.27221 0.26388 0.080426 -0.022965 0.064754 0.66002 0.20176 0.040746 -0.014963 0.013835 0.26591 0.26627 0.066208 0.15626 -0.1835 0.91584 0.017304 0.51987 0.0079111 -0.0077406 0.18181 0.46475 0.024526 0.93631 0.0086991 -0.13907 0.23227 0.33195 -0.042773 -0.20445 -0.08456 0.87974 0.37725 0.10144 0.29766 0.31933 0.085887 -0.06654 0.0032037 0.62959 0.17041 0.11406 -0.047638 0.00017472 0.22642 0.24077
-0.15776 -0.031919 -0.0091385 -0.03224 -0.025209 0.302 0.16409 0.062744 0.019927 -0.021169 -0.066501 -0.051346 -0.069702 -0.031131 0.30835 0.13797 0.053759 0.011771 0.028873 -0.094804 0.11742 0.016401 0.09325 0.18223 0.31642 0.077822 0.50485 0.11145 0.065316 0.036459 0 0.37741 0.27871 -0.016119 -0.15011 0.088504 -0.082426 0.00069763 0.014946 -0.017376 -0.069329 0.39523 0.39473 -0.21026 0.26932 -0.087201 0.2016 -0.28526 0.27518 0.18273 0.034442 -0.078495 -0.041991 -0.11885 -0.14703 0.0031733 0.041781 0.1871 0.068241 0.024493 0.37113 0.13591 -0.083435 0.033745 0.55952 0.24409 0.2244 -0.019557 -0.34103 -0.091469 -0.26627 -0.012339 0.044947 -0.12383 -0.084064 0.21412 0.21977 -0.38397 0.030168 -0.10952 0.16287 -0.34639 0.21124 0.17156 0.029685 -0.11402
-0.11948 -0.11764 -0.074644 -0.16082 -0.036056 0.21633 0.17169 -0.05952 -0.05653 0.039476 -0.20092 -0.13835 -0.16909 -0.060609 0.18083 0.13005 -0.06794 -0.031042 0.58653 -0.27953 0.49454 -0.14851 0.11253 0.23089 0.6358 0.47863 0.22095 0.03793 0.095805 -0.12617 0.37741 0 0.16415 -0.21897 0.23247 0.5894 0.37554 -0.20468 -0.12421 -0.096488 -0.14172 0.24964 -0.0030916 0.03057 0.36216 -0.097075 0.40948 0.12682 0.31261 0.28703 -0.074277 -0.19255 0.25983 -0.28505 0.19373 -0.19461 0.077892 0.17256 0.32898 0.3054 0.058993 0.048282 -0.045465 -0.10787 0.21154 0.75418 0.10074 -0.19752 -0.098008 0.39928 0.00014296 -0.22662 -0.096144 -0.22895 -0.1806 -0.0082725 -0.10481 -0.23617 0.062183 -0.12759 0.30132 -0.19767 0.31186 0.28173 -0.054607 -0.21789
0.0079644 0.0072283 -0.030924 -0.028209 -0.012259 0.28158 0.073899 0.021113 0.064354 0.040292 0.0034962 -0.036891 -0.030002 -0.0030488 0.27662 0.097774 0.0080666 0.068626 0.009035 0.0024632 0.16236 0.15684 0.10091 0.33927 0.41906 0.11493 0.39645 0.067132 0.054028 0.22653 0.27871 0.16415 0 0.099896 -0.04836 -0.024268 -0.071889 0.13528 0.057685 0.06092 -0.030726 0.44816 0.21263 0.058038 0.14934 0.13795 0.15646 -0.066864 0.055604 0.096223 0.092526 0.037697 0.039387 -0.0028733 0.11689 0.12691 0.069541 0.29293 0.31221 0.10693 0.39097 0.070088 0.012969 0.22486 0.27889 0.18849 0.45027 0.079136 -0.084399 -0.027818 -0.050732 0.11422 0.047505 0.038427 -0.023473 0.41911 0.15425 -0.010737 0.13325 0.083874 0.1441 -0.083269 0.080251 0.10558 0.064622 -0.00098812
0.12964 0.17801 0.051869 0.19856 0.026195 0.071822 0.014562 0.047613 0.1259 0.20367 0.12736 0.038292 0.16646 0.060222 0.072079 0.016388 0.030064 0.097875 -0.035005 0.40746 -0.092605 0.36045 0.029576 0.082619 -0.039943 -0.04891 0.07845 0.042923 0.065178 0.36997 -0.016119 -0.21897 0.099896 0 0.12337 -0.21813 -0.011668 0.42645 0.54999 0.29282 0.61185 0.22046 0.10118 0.16072 0.32746 0.38444 0.1495 0.35962 -0.076101 -0.018334 0.37525 0.49962 0.0030332 0.35885 -0.1093 0.33873 0.00083615 0.071789 -0.074104 -0.05149 0.10961 0.032284 0.041381 0.33552 -0.026488 -0.22951 0.13396 0.79908 0.17632 -0.23089 0.056707 0.40492 0.47504 0.34422 0.55344 0.27528 0.092176 0.13945 0.26136 0.30488 0.1453 0.42804 -0.10072 -0.043899 0.33078 0.47047
0.075381 0.10098 0.22692 0.1773 0.070007 -0.025929 0.026859 -0.022636 0.031349 0.21735 0.021878 0.19125 0.14705 0.021171 -0.032247 0.012883 -0.019661 0.027937 0.50947 0.19237 0.56605 -0.085962 0.068561 0.12571 0.24419 0.43832 -0.22564 0.00016121 0.43319 -0.053173 -0.15011 0.23247 -0.04836 0.12337 0 0.40235 0.85046 -0.015504 0.088145 0.082927 0.36723 -0.10238 -0.10378 0.56087 0.50285 0.27561 0.26624 0.65508 -0.037564 0.01398 0.12998 0.37284 0.27548 0.18494 0.34617 -0.10732 0.025624 0.059767 0.10966 0.20328 -0.29096 0.00072217 0.28712 -0.056319 -0.18879 0.05957 -0.052627 0.10995 0.66679 0.28248 0.6031 -0.037755 0.086388 0.020943 0.30163 -0.15614 -0.10993 0.22141 0.24628 0.15813 0.20498 0.4272 -0.035598 -0.026605 0.13178 0.3258
-0.074004 -0.072199 -0.0098045 -0.089204 0.0043413 0.028939 0.077487 -0.080254 -0.064445 0.08555 -0.14805 -0.048723 -0.1035 -0.045226 -0.0066074 0.042987 -0.076686 -0.051456 0.23877 -0.21968 0.47107 -0.17428 0.040343 0.05027 0.36011 0.40039 -0.03427 -0.0005984 0.30168 -0.16429 0.088504 0.5894 -0.024268 -0.21813 0.40235 0 0.61965 -0.16396 -0.14326 -0.12118 -0.073559 -0.078475 -0.15607 0.19753 0.23295 -0.079914 0.039294 0.20682 0.16018 0.089529 -0.076035 -0.1147 -0.0031054 -0.222 0.17963 -0.19177 0.04154 0.018146 0.10202 0.18896 -0.20172 0.0043649 0.1151 -0.15775 -0.01958 0.27132 -0.037051 -0.19208 0.090284 0.55535 0.21987 -0.17793 -0.10433 -0.22255 -0.097481 -0.28696 -0.2322 -0.1451 -0.097888 -0.14016 0.0036896 -0.061036 0.1244 0.080982 -0.059291 -0.12666
0.0062306 0.0063509 0.14123 0.070434 0.054142 -0.012533 0.075392 -0.070829 -0.014822 0.1838 -0.064124 0.11259 0.055036 -0.008688 -0.037305 0.05122 -0.057358 -0.0023295 0.55362 0.019511 0.54878 -0.13625 0.073434 0.10081 0.24707 0.47286 -0.23851 0.013518 0.48184 -0.085442 -0.082426 0.37554 -0.071889 -0.011668 0.85046 0.61965 0 -0.080909 -0.021198 -0.041019 0.24852 -0.21711 -0.19079 0.42348 0.35517 0.15496 0.25276 0.54977 0.044032 0.040951 0.024523 0.21502 0.28419 -0.023989 0.2889 -0.15034 0.048519 0.035854 0.0070179 0.23265 -0.33806 0.015247 0.28593 -0.095334 -0.16129 0.10554 -0.08092 -0.014395 0.50765 0.47282 0.59389 -0.098824 0.014099 -0.1265 0.16044 -0.31839 -0.21154 0.070343 0.018863 0.051253 0.17802 0.23444 -0.016949 0.0058851 0.048629 0.17489
0.11658 0.23762 0.089526 0.12478 0.04778 0.08047 -0.018447 0.048118 0.17402 0.13403 0.23538 0.084396 0.11855 0.058905 0.062746 -0.055095 0.050412 0.16306 -0.058371 0.27914 -0.13567 0.88271 0.022781 0.26561 0.010343 -0.13776 0.16204 0.3443 0.098938 0.91758 0.00069763 -0.20468 0.13528 0.42645 -0.015504 -0.16396 -0.080909 0 0.40901 0.23108 0.3451 0.29564 0.12857 0.030444 0.10008 0.55712 0.085253 0.12022 -0.054911 -0.026415 0.32472 0.35982 -0.034389 0.26568 -0.17524 0.84709 0.0070504 0.27879 -0.042514 -0.073864 0.21101 0.40298 0.081527 0.87524 0.002823 -0.20488 0.13783 0.39188 0.0062007 -0.17954 -0.052584 0.96898 0.43862 0.24406 0.37229 0.34075 0.14494 0.024183 0.064877 0.52047 0.06121 0.24463 -0.064352 -0.053795 0.29193 0.34967
0.064297 0.13109 0.0080454 0.18492 0.074997 0.091134 0.052617 0.022756 0.10235 0.27057 0.053964 0.0026419 0.10762 0.061042 0.077404 0.036419 0.0034602 0.079523 0.049656 0.32554 -0.017622 0.30487 0.046964 0.082749 -0.05738 0.0066765 0.050998 0.0072965 0.036658 0.33593 0.014946 -0.12421 0.057685 0.54999 0.088145 -0.14326 -0.021198 0.40901 0 0.11534 0.89199 0.10729 0.023923 0.075891 0.3312 0.43438 0.28555 0.42789 -0.019779 0.033696 0.49009 0.60761 0.018005 0.28332 -0.15562 0.27565 0.00052796 0.069689 -0.13691 -0.04267 0.033689 -0.0033362 -0.012936 0.30277 -0.020312 -0.20634 0.079118 0.49173 0.069141 -0.21696 -0.084427 0.37192 0.89798 0.14262 0.78705 0.10957 -0.003094 -0.026998 0.15936 0.3329 0.23669 0.40687 -0.091598 -0.022967 0.40263 0.50324
0.37309 0.3482 0.2099 0.22903 0.097195 0.09684 -0.12332 0.075293 0.20019 0.32174 0.35894 0.23556 0.23341 0.093559 0.07752 -0.1141 0.071812 0.19324 -0.11995 0.43233 0.10339 0.077482 0.04475 -0.068592 0.19723 0.021132 0.41539 0.0278 0.25965 0.097656 -0.017376 -0.096488 0.06092 0.29282 0.082927 -0.12118 -0.041019 0.23108 0.11534 0 0.096105 0.53843 0.37527 0.44655 0.28845 0.16645 -0.089011 0.35556 -0.079891 -0.05493 0.21311 0.36093 -0.079477 0.39642 0.16084 0.084138 0.043411 -0.075556 0.24651 0.050694 0.41974 0.031226 0.24544 0.053612 0.093853 -0.0019197 0.026579 0.23577 0.18021 -0.075238 0.10124 0.2516 0.094726 0.70412 0.11589 0.51793 0.34693 0.44546 0.34146 0.066625 -0.063392 0.37559 -0.087297 -0.092951 0.2072 0.3746
0.07188 0.11087 0.076457 0.27574 0.08889 0.058311 0.069671 0.015932 0.072303 0.27825 0.059476 0.058157 0.20934 0.064091 0.058968 0.071389 -0.0075145 0.061905 0.15057 0.39536 0.13022 0.26919 0.055289 0.12246 -0.098339 0.1323 -0.13352 0.054993 0.12633 0.27221 -0.069329 -0.14172 -0.030726 0.61185 0.36723 -0.073559 0.24852 0.3451 0.89199 0.096105 0 -0.073416 -0.029741 0.16647 0.49639 0.50773 0.29283 0.5604 -0.055437 0.0083565 0.41658 0.63605 0.10515 0.34531 -0.058091 0.23656 -0.001276 0.10465 -0.20398 0.018896 -0.14301 0.055931 0.076012 0.25478 -0.11686 -0.2424 0.028145 0.57676 0.31651 -0.17806 0.10927 0.31369 0.81558 0.1268 0.91214 -0.022083 -0.045825 0.041396 0.28438 0.43505 0.24649 0.50103 -0.11737 -0.038126 0.33124 0.55199
0.18373 0.19596 0.086007 0.040329 0.010585 0.2701 -0.031876 0.04469 0.15488 0.23599 0.19345 0.064877 0.021676 0.038694 0.25272 -0.031943 0.071769 0.15595 -0.071337 0.087722 0.30699 0.29533 0.046553 0.10227 0.70371 -0.034695 0.8197 -0.0077274 0.092686 0.26388 0.39523 0.24964 0.44816 0.22046 -0.10238 -0.078475 -0.21711 0.29564 0.10729 0.53843 -0.073416 0 0.43591 0.31075 0.36858 0.17374 0.037049 0.070751 0.12574 0.049958 0.1348 0.055916 -0.044575 0.071925 0.19498 0.25675 0.054697 0.09217 0.54376 -0.025639 0.78216 0.062116 -0.00085923 0.24825 0.39487 0.30863 0.36623 0.16664 -0.2029 -0.1066 -0.22515 0.30234 0.098262 0.41363 -0.068865 0.92299 0.34945 0.15162 0.32122 0.027515 0.057114 0.00016263 0.14231 0.072901 0.1385 0.026514
0.10275 0.16907 0.17659 0.13709 0.058085 0.22868 0.0019201 0.11839 0.14089 0.096914 0.19375 0.17734 0.12154 0.058028 0.23637 0.0058443 0.12431 0.1358 -0.1428 0.28546 -0.031654 0.070805 0.064665 0.038004 0.12694 -0.075091 0.47011 0.077391 0.21465 0.080426 0.39473 -0.0030916 0.21263 0.10118 -0.10378 -0.15607 -0.19079 0.12857 0.023923 0.37527 -0.029741 0.43591 0 0.070291 0.3614 -0.037722 0.038664 -0.053925 0.043378 0.042688 0.16596 0.18717 -0.094088 0.26887 -0.055493 0.061954 0.045849 0.026697 0.06632 -0.049535 0.43442 0.082793 0.15478 0.058309 0.42431 0.068593 0.15368 0.085287 -0.094586 -0.1673 -0.10689 0.12509 0.019522 0.3187 -0.015428 0.38122 0.5814 0.047385 0.33183 -0.083011 0.062811 -0.013696 0.02712 0.045366 0.14876 0.18178
0.36238 0.21873 0.25592 0.17301 0.075269 -0.00226 -0.12971 0.0028895 0.10327 0.45152 0.20418 0.23271 0.15016 0.048911 -0.025306 -0.11393 -0.0076803 0.12414 0.0026342 0.27229 0.69355 -0.02611 0.042262 -0.031009 0.50691 0.37875 0.094111 -0.089305 0.43429 -0.022965 -0.21026 0.03057 0.058038 0.16072 0.56087 0.19753 0.42348 0.030444 0.075891 0.44655 0.16647 0.31075 0.070291 0 0.46925 0.41226 -0.1099 0.66345 -0.11851 -0.094198 0.093473 0.267 -0.0026551 0.2368 0.54356 -0.044788 0.035329 -0.059894 0.43445 0.2151 0.04523 -0.066804 0.28468 -0.041989 -0.13696 0.068975 0.014762 0.1279 0.44204 0.19464 0.31853 0.043817 0.020507 0.38276 0.1201 0.29284 0.048942 0.71069 0.2958 0.21333 -0.081246 0.45072 -0.085904 -0.13235 0.088501 0.21487
0.032719 0.16377 0.1946 0.16917 0.066214 0.18038 0.068238 0.012305 0.076211 0.27647 0.075093 0.11609 0.1279 0.04808 0.16447 0.045572 0.020746 0.082498 0.18894 0.32658 0.42881 0.074024 0.073448 0.090866 0.37169 0.22574 0.26581 -0.017399 0.30618 0.064754 0.26932 0.36216 0.14934 0.32746 0.50285 0.23295 0.35517 0.10008 0.3312 0.28845 0.49639 0.36858 0.3614 0.46925 0 0.28958 0.18664 0.4919 0.11628 0.061957 0.20334 0.3141 0.033543 0.24596 0.11229 0.025221 0.045922 0.05777 0.056148 0.089505 0.11508 0.008647 0.067448 0.056662 0.14134 0.10994 0.12537 0.31861 0.17969 -0.027219 0.048184 0.075387 0.28524 0.15758 0.40787 0.14389 0.18227 0.030441 0.5303 0.15592 0.17798 0.22196 0.079652 0.051517 0.18786 0.25607
0.16525 0.11682 0.046743 0.10404 0.0084635 0.079285 0.028925 0.0059564 0.049033 0.24013 0.078137 0.058415 0.086579 0.013871 0.071677 0.03406 0.0026403 0.055194 0.072737 0.25317 0.36604 0.64014 0.088402 0.49196 0.37479 0.37459 -0.011707 0.3028 0.17619 0.66002 -0.087201 -0.097075 0.13795 0.38444 0.27561 -0.079914 0.15496 0.55712 0.43438 0.16645 0.50773 0.17374 -0.037722 0.41226 0.28958 0 0.076791 0.50377 -0.054796 -0.0085447 0.16882 0.3559 0.056696 0.23729 0.1819 0.5995 0.044828 0.44577 0.21491 0.30755 0.039959 0.26233 0.11507 0.66066 -0.087273 -0.11331 0.14529 0.34651 0.28199 -0.10574 0.15302 0.54212 0.37385 0.18803 0.46263 0.27612 -0.021757 0.24362 0.16255 0.9399 0.030514 0.43549 -0.060669 -0.036531 0.1469 0.30592
-0.18457 -0.1197 -0.070811 -0.031832 0.005843 0.22712 0.24091 0.0031015 -0.00054464 -0.13399 -0.17496 -0.10169 -0.059284 -0.020133 0.22049 0.20879 0.0071534 0.0093612 0.73822 0.038291 0.085724 0.16498 0.11492 0.34864 0.10886 0.18991 0.0061834 0.16988 0.087552 0.20176 0.2016 0.40948 0.15646 0.1495 0.26624 0.039294 0.25276 0.085253 0.28555 -0.089011 0.29283 0.037049 0.038664 -0.1099 0.18664 0.076791 0 0.11853 0.07747 0.2354 0.5683 0.31069 0.59551 0.03583 -0.064876 0.12889 0.076189 0.32851 -0.03389 0.102 -0.044942 0.14793 0.03185 0.18761 0.12291 0.23038 0.16359 0.18615 0.12084 -0.022955 0.087587 0.022447 0.3282 -0.10073 0.29751 0.0071619 0.037284 -0.18343 0.076518 0.09447 0.85919 0.053322 0.045274 0.2167 0.46299 0.25599
0.34026 0.2274 0.18011 0.24609 0.10833 -0.063495 -0.056974 0.0010182 0.11395 0.38919 0.21369 0.17847 0.22285 0.081697 -0.077958 -0.060207 -0.028238 0.13794 0.23911 0.36947 0.45895 0.0074423 0.064181 -0.009212 0.23466 0.42486 -0.15249 -0.11312 0.39155 0.040746 -0.28526 0.12682 -0.066864 0.35962 0.65508 0.20682 0.54977 0.12022 0.42789 0.35556 0.5604 0.070751 -0.053925 0.66345 0.4919 0.50377 0.11853 0 -0.074655 -0.033859 0.29654 0.57808 0.19808 0.35709 0.38347 -0.0042365 0.02171 -0.06618 0.26825 0.27838 -0.14941 -0.083977 0.30917 0.018292 -0.25652 0.12453 -0.060743 0.3002 0.60761 0.22804 0.49532 0.11861 0.31947 0.32555 0.47905 0.1273 -0.026919 0.49035 0.41231 0.35202 0.10004 0.82872 -0.053019 -0.077814 0.23339 0.51261
-0.10154 -0.045528 -0.051979 -0.071497 -0.030226 0.054388 0.040414 -0.0057456 -0.031501 -0.024701 -0.087338 -0.08495 -0.08745 -0.039828 0.037296 0.038578 -0.014218 -0.037907 0.12102 -0.13294 0.035151 -0.029373 0.032562 0.072779 0.1628 0.03265 0.1313 0.021229 -0.027714 -0.014963 0.27518 0.31261 0.055604 -0.076101 -0.037564 0.16018 0.044032 -0.054911 -0.019779 -0.079891 -0.055437 0.12574 0.043378 -0.11851 0.11628 -0.054796 0.07747 -0.074655 0 0.09014 -0.072392 -0.12809 0.037645 -0.14731 -0.09875 -0.023435 0.0078254 0.064492 -0.0082369 0.017252 0.059764 0.033285 -0.092136 -0.014312 0.1491 0.19914 0.032303 -0.060098 -0.16255 0.060993 -0.11907 -0.049064 0.00085741 -0.1591 -0.074998 -0.0036872 -0.012668 -0.25388 -0.021193 -0.038921 0.062285 -0.18427 0.20857 0.089304 -0.040279 -0.14609
-0.070363 -0.062979 -0.051687 -0.024619 -0.021387 0.15553 0.13785 -0.0011504 -0.019544 -0.010823 -0.083165 -0.070737 -0.051107 -0.014193 0.13518 0.10956 -0.015139 0.024379 0.16589 -0.047019 0.014443 0.0161 0.10784 0.15962 0.11385 0.13203 0.050175 0.055169 0.056184 0.013835 0.18273 0.28703 0.096223 -0.018334 0.01398 0.089529 0.040951 -0.026415 0.033696 -0.05493 0.0083565 0.049958 0.042688 -0.094198 0.061957 -0.0085447 0.2354 -0.033859 0.09014 0 0.030977 0.024949 0.097371 -0.068318 -0.053004 0.0063656 0.041414 0.13022 0.024201 0.10056 0.034664 0.048287 -0.024188 0.030368 0.13857 0.21781 0.069681 -0.018472 -0.042382 0.032496 -0.026252 -0.037671 0.024215 -0.095406 -0.00996 0.011453 0.0062554 -0.14967 0.02863 -0.012016 0.2016 -0.079736 0.10105 0.17552 0.015781 0.0070529
0.042069 0.18075 0.080387 0.13938 0.065482 0.11906 0.017252 0.050441 0.13246 0.046285 0.17586 0.070321 0.12444 0.076443 0.096713 0.014945 0.044634 0.1729 0.16141 0.29713 -0.013692 0.19542 0.054859 0.10565 0.0033302 -0.0053043 0.12949 0.11954 0.1418 0.26591 0.034442 -0.074277 0.092526 0.37525 0.12998 -0.076035 0.024523 0.32472 0.49009 0.21311 0.41658 0.1348 0.16596 0.093473 0.20334 0.16882 0.5683 0.29654 -0.072392 0.030977 0 0.51353 0.22384 0.30245 -0.00051852 0.19578 0.042082 0.11296 0.015741 -0.016905 0.11278 0.1088 0.1439 0.23504 0.05904 -0.059925 0.10676 0.36266 0.1857 -0.07291 0.096777 0.29755 0.45506 0.25107 0.40857 0.1806 0.17399 0.086569 0.20936 0.15511 0.53875 0.36517 -0.04354 -0.0065888 0.66385 0.4731
0.22558 0.29186 0.18531 0.3548 0.1457 0.082022 0.030643 0.086516 0.18858 0.23084 0.28346 0.19067 0.32071 0.12453 0.080052 0.025609 0.061946 0.19613 0.11352 0.57273 -0.046424 0.22446 0.10474 0.1211 -0.091207 0.085465 -0.033002 0.11161 0.33401 0.26627 -0.078495 -0.19255 0.037697 0.49962 0.37284 -0.1147 0.21502 0.35982 0.60761 0.36093 0.63605 0.055916 0.18717 0.267 0.3141 0.3559 0.31069 0.57808 -0.12809 0.024949 0.51353 0 0.15717 0.54282 -0.0086814 0.21677 0.054076 0.077217 -0.050768 0.056765 0.0047193 0.11131 0.32335 0.23279 -0.047392 -0.15473 0.047859 0.46551 0.48712 -0.079593 0.33773 0.34909 0.53034 0.40797 0.60156 0.16356 0.20664 0.26246 0.3416 0.30225 0.27698 0.64093 -0.12006 -0.036151 0.4232 0.77645
-0.033474 -0.12886 -0.03317 -0.023813 -0.0078949 0.032316 0.093325 -0.02315 -0.036196 -0.14299 -0.14836 -0.029804 -0.0014151 -0.019334 0.038166 0.10527 -0.016805 -0.0087192 0.6733 0.01416 0.054596 0.057527 0.023254 0.24846 0.058684 0.14286 -0.15413 0.14684 0.087983 0.066208 -0.041991 0.25983 0.039387 0.0030332 0.27548 -0.0031054 0.28419 -0.034389 0.018005 -0.079477 0.10515 -0.044575 -0.094088 -0.0026551 0.033543 0.056696 0.59551 0.19808 0.037645 0.097371 0.22384 0.15717 0 0.027203 0.19022 0.061268 0.038519 0.27148 0.18625 0.21047 -0.14745 0.095778 0.12303 0.062227 -0.032422 0.43337 0.043862 0.024776 0.41855 0.18154 0.4542 -0.066345 0.067644 -0.044877 0.16239 0.023029 -0.044941 0.0432 0.23875 0.052613 0.71663 0.2072 0.055556 0.17233 0.19184 0.14959
