0,0.329224467277527,0.265560507774353,0.279521465301514,0.0875264182686806,-0.00897429697215557,-0.0900431796908379,0.0597186572849751,0.207815960049629,0.720964074134827,0.410476893186569,0.356273382902145,0.294129282236099,0.114435091614723,0.000674060429446399,-0.0963811278343201,0.0413741804659367,0.263125091791153,-0.158568128943443,0.233977645635605,0.0593719258904457,-0.0241759903728962,0.0228619780391455,-0.0575027801096439,0.0575573667883873,0.134334862232208,0.0898729637265205,0.0255817417055368,0.184224128723145,-0.000806089316029102,-0.158389911055565,-0.120299220085144,0.0119585581123829,0.128937810659409,0.0884440317749977,-0.0709349662065506,0.0120920380577445,0.112182982265949,0.0663641467690468,0.36339470744133,0.0786285772919655,0.181069239974022,0.0902598649263382,0.36066672205925,0.0253345090895891,0.183355644345284,-0.181604743003845,0.350710541009903,-0.105638362467289,-0.0650211721658707,0.0293916817754507,0.226840525865555,-0.0403520464897156,0.27271693944931,0.417399287223816,-0.0203814599663019,0.03488739579916,-0.0778648406267166,0.368169605731964,0.250677019357681,0.189090594649315,0.00284348404966295,0.31894913315773,-0.0331896878778934,-0.0321459099650383,0.120752036571503,0.0242796987295151,0.141318663954735,0.391413927078247,0.19402077794075,0.299008190631866,0.1319330483675,0.069473072886467,0.450118005275726,0.185423389077187,0.315710812807083,0.17226579785347,0.594328582286835,0.392141282558441,0.196932032704353,-0.12463116645813,0.53337299823761,-0.00634628580883145,-0.0864470601081848,0.0476420447230339,0.278488159179688
0.329224467277527,0,0.243362069129944,0.267448395490646,0.112473711371422,0.0158316567540169,-0.0777861773967743,0.0722188800573349,0.222548827528954,0.346772581338882,0.489248394966125,0.260337352752686,0.252487510442734,0.0965646207332611,-0.00235283211804926,-0.0954625383019447,0.0556858889758587,0.210355222225189,-0.110838063061237,0.258025228977203,0.0418803282082081,0.0938381105661392,0.0190578158944845,-0.0531016178429127,0.0620866268873215,0.0407322682440281,0.142117902636528,0.0774567425251007,0.140871956944466,0.133334472775459,-0.0315435193479061,-0.112351469695568,0.0140571072697639,0.182932704687119,0.106091096997261,-0.070862740278244,0.00647936621680856,0.231572180986404,0.142739906907082,0.33174866437912,0.123319409787655,0.191718831658363,0.157996818423271,0.210394680500031,0.156798049807549,0.12946343421936,-0.112810105085373,0.230569884181023,-0.048373706638813,-0.0553207956254482,0.165589824318886,0.28690043091774,-0.119452647864819,0.249228239059448,0.061869528144598,0.0930178835988045,0.0147675769403577,-0.0741452574729919,0.0654573142528534,-0.00474613113328815,0.1352718770504,0.0709199011325836,0.128079831600189,0.089781291782856,-0.0128713063895702,-0.092949241399765,-0.014606699347496,0.11540575325489,0.152516469359398,-0.0351975113153458,0.0724278166890144,0.265304058790207,0.0919668450951576,0.312750637531281,0.102416940033436,0.188241302967072,0.14806067943573,0.183508336544037,0.16314409673214,0.0679936483502388,-0.118137858808041,0.223326832056046,-0.0527928732335567,-0.0748357847332954,0.154271990060806,0.2608363032341
0.265560507774353,0.243362069129944,0,0.394365578889847,0.105736821889877,0.0373656116425991,-0.0173406675457954,0.147566616535187,0.142570152878761,0.284691482782364,0.268209129571915,0.578810513019562,0.380413442850113,0.0668358132243156,0.0352353416383266,-0.0288300700485706,0.117891728878021,0.153303474187851,-0.0324619375169277,0.200203493237495,0.117168165743351,0.00360273686237633,0.0122404210269451,-0.0366500169038773,0.032219659537077,0.0477822497487068,0.084359347820282,0.00610254378989339,0.190291449427605,0.0256040934473276,-0.00629259739071131,-0.0724262371659279,-0.0243988521397114,0.0556742139160633,0.225038230419159,-0.0124461073428392,0.13705438375473,0.0916022509336472,0.0151131078600883,0.20058736205101,0.0820229649543762,0.0857272893190384,0.170993059873581,0.24706195294857,0.192416772246361,0.0604302883148193,-0.0705440640449524,0.181333601474762,-0.0520355999469757,-0.0460045337677002,0.0689399093389511,0.183510765433311,-0.0282964967191219,0.171040624380112,0.112019009888172,-0.0119298668578267,0.0347902663052082,-0.0593949854373932,0.0296355001628399,0.0268655512481928,0.0693910866975784,0.00982963666319847,0.163313716650009,-0.0052195256575942,0.00328319263644516,-0.0766135081648827,-0.013836907222867,0.0292568411678076,0.194861084222794,-0.023185171186924,0.137341931462288,0.100110754370689,-0.00681388843804598,0.19784215092659,0.0905823186039925,0.079459510743618,0.121881097555161,0.1724953353405,0.156198158860207,0.00773785123601556,-0.0638678297400475,0.17724484205246,-0.0629298537969589,-0.0543161146342754,0.0806736946105957,0.172660917043686
0.279521465301514,0.267448395490646,0.394365578889847,0,0.197846069931984,0.0143278138712049,-0.00607766909524798,0.109314970672131,0.140578165650368,0.259323090314865,0.276852518320084,0.37875160574913,0.646376729011536,0.124951496720314,0.010816783644259,-0.0137376431375742,0.0966855809092522,0.148501321673393,-0.0552314408123493,0.295582234859467,-0.031699113547802,0.0353194996714592,0.0108960019424558,-0.0233836378902197,-0.0875594615936279,0.0105026373639703,0.0103607345372438,0.0238671097904444,0.14665350317955,0.048478327691555,-0.0282396823167801,-0.158672153949738,-0.020779475569725,0.198932155966759,0.174726784229279,-0.0923611149191856,0.0636474564671516,0.128218725323677,0.190364167094231,0.211763545870781,0.278342932462692,0.0380434058606625,0.131013125181198,0.154387548565865,0.158634275197983,0.114538595080376,-0.0275750197470188,0.241882592439651,-0.0701895728707314,-0.0181912891566753,0.127308487892151,0.348044842481613,-0.0163442678749561,0.278119117021561,0.0177510883659124,0.0375577956438065,0.0116185313090682,-0.0365976095199585,-0.0444681085646152,-0.015068075619638,0.0281494483351707,0.0268831197172403,0.153128415346146,0.0282822474837303,-0.0206683650612831,-0.131325051188469,0.0104611907154322,0.158910602331161,0.258918941020966,-0.0605713725090027,0.154409646987915,0.145787090063095,0.124902561306953,0.248745396733284,0.264831602573395,0.0808569341897964,0.134556159377098,0.177878752350807,0.184846371412277,0.0882253125309944,-0.0384597964584827,0.304955273866653,-0.0656841248273849,-0.0576181188225746,0.124908961355686,0.346596479415894
0.0875264182686806,0.112473711371422,0.105736821889877,0.197846069931984,0,-0.00359007297083735,-0.0208706166595221,0.0211741831153631,0.0569610558450222,0.0978419110178947,0.104385495185852,0.116283781826496,0.17090879380703,0.0447992198169231,-0.003077098634094,-0.0276369731873274,0.0238185506314039,0.0628474354743958,-0.0162714999169111,0.107530049979687,8.66837799549103e-05,0.00367372226901352,0.0108127752318978,-0.0127753736451268,-0.0184431206434965,0.00230854330584407,-0.00541376508772373,-0.00967808440327644,0.0712182596325874,0.00728371553122997,-0.0270248800516129,-0.0350119136273861,-0.00988030806183815,0.0257834363728762,0.0712379068136215,0.00399862881749868,0.052343875169754,0.0517494231462479,0.0748954191803932,0.09116131067276,0.0892369970679283,0.0111324498429894,0.0570779778063297,0.0707838535308838,0.0646937713027,0.0142284240573645,0.00658865692093968,0.107363291084766,-0.0281759109348059,-0.0204133223742247,0.0628217160701752,0.143116623163223,-0.00686308136209846,0.110681615769863,-0.0157232992351055,-0.00218842946924269,-0.0134244589135051,-0.033372089266777,-0.0350394807755947,-0.0113818924874067,-0.00207287608645856,-0.0031266687437892,0.0645026862621307,-0.00647271238267422,-0.0194644331932068,-0.0441421084105968,-0.0180681608617306,0.0294316448271275,0.0863278061151505,-0.00773716252297163,0.0648494884371758,0.0538026131689548,0.0571002885699272,0.0783066749572754,0.080490730702877,0.00320726656354964,0.0279923211783171,0.0447937436401844,0.0526417642831802,-0.00776758091524243,-0.00808321125805378,0.105686642229557,-0.0398511774837971,-0.0250888951122761,0.0472602471709251,0.131028831005096
-0.00897429697215557,0.0158316567540169,0.0373656116425991,0.0143278138712049,-0.00359007297083735,0,0.165467247366905,0.0222443342208862,0.0881775915622711,0.0590444356203079,-0.000932512513827533,0.0257714353501797,0.00488029280677438,-0.0158850476145744,0.434381395578384,0.166060253977776,0.0400844216346741,0.0705877095460892,0.0704359710216522,0.0455407835543156,0.151713013648987,0.102364376187325,0.134278371930122,0.221302077174187,0.246383622288704,0.127408295869827,0.340493589639664,0.124978460371494,0.0902605056762695,0.126903489232063,0.296700537204742,0.209374904632568,0.275926649570465,0.0726803466677666,-0.0275925733149052,0.0249772295355797,-0.0176328159868717,0.0893512070178986,0.0903985574841499,0.10115597397089,0.0594322867691517,0.274644047021866,0.228455543518066,0.0050232489593327,0.180766984820366,0.0834572017192841,0.220252454280853,-0.0656418725848198,0.0568720437586308,0.151522636413574,0.119850508868694,0.084966242313385,0.0338860675692558,0.0279263611882925,0.0128057431429625,0.0804474279284477,0.0889464244246483,0.212182402610779,0.129352226853371,0.0900859087705612,0.28748220205307,0.131031036376953,0.0176318604499102,0.115653246641159,0.271189212799072,0.138786107301712,0.234899282455444,0.0687483176589012,-0.109779566526413,-0.0508702956140041,-0.0899930745363235,0.0653771311044693,0.0968525260686874,0.0384497344493866,0.0525875054299831,0.22679315507412,0.1541827917099,-0.087349645793438,0.0793367773294449,0.0470677502453327,0.186714336276054,-0.102777130901814,0.0504520311951637,0.122467078268528,0.101857237517834,0.0530541948974133
-0.0900431796908379,-0.0777861773967743,-0.0173406675457954,-0.00607766909524798,-0.0208706166595221,0.165467247366905,0,-0.00911885034292936,-0.00745338760316372,-0.0404256172478199,-0.102642297744751,-0.0414970442652702,-0.0265679303556681,-0.0232808496803045,0.17285493016243,0.251617521047592,-0.0111630279570818,-0.0315847508609295,0.155446946620941,-0.0391454137861729,0.0496456883847713,0.0273129269480705,0.0747873559594154,0.179740756750107,0.0701463669538498,0.131780043244362,0.00272561772726476,0.066784143447876,0.0194628592580557,0.0370542109012604,0.164955660700798,0.167754977941513,0.0704033523797989,0.0136003009974957,0.0255135335028172,0.0791236385703087,0.0727071240544319,-0.0144636491313577,0.0510439313948154,-0.120472311973572,0.0678118988871574,-0.0317102409899235,0.0011983331060037,-0.125277578830719,0.0649669542908669,0.0293471161276102,0.235748633742332,-0.0600291453301907,0.0459737554192543,0.134779706597328,0.0170890111476183,0.0292053110897541,0.09437295794487,-0.0493142642080784,-0.0617553666234016,0.017496645450592,0.0263236723840237,0.157059028744698,-0.0320037491619587,0.073360912501812,-0.0287625454366207,0.0572295114398003,-0.0210291463881731,0.0340803079307079,0.0882181227207184,0.0891872942447662,0.0563994571566582,0.0192632451653481,-0.0560067519545555,-0.0186835918575525,-0.0255752075463533,-0.034230649471283,0.0537179186940193,-0.136833146214485,0.0665281489491463,-0.0576061345636845,-0.0214087888598442,-0.187916323542595,-0.0204089656472206,0.0348432175815105,0.188912287354469,-0.124083302915096,0.0283323526382446,0.110678277909756,0.00224900990724564,-0.00318623380735517
0.0597186572849751,0.0722188800573349,0.147566616535187,0.109314970672131,0.0211741831153631,0.0222443342208862,-0.00911885034292936,0,0.0541044846177101,0.0385975651443005,0.0748371928930283,0.130539119243622,0.105453997850418,0.0150797581300139,0.0350559279322624,0.00312769180163741,0.109175808727741,0.0662415996193886,-0.0342316702008247,0.0918279588222504,-0.0591403469443321,0.0239009819924831,1.09570100903511e-05,-0.00873071886599064,-0.0455429181456566,-0.0233674645423889,0.0550071597099304,0.0193368308246136,0.0248534474521875,0.0125877093523741,0.0666705295443535,-0.0597029849886894,0.0233685076236725,0.0479854047298431,-0.0255276374518871,-0.0843672975897789,-0.0746451169252396,0.0481846444308758,0.023758552968502,0.0705850124359131,0.0161436311900616,0.044987864792347,0.119206368923187,-0.000446805701358244,0.00959249772131443,0.009461953304708,0.00489112548530102,0.000796841748524457,-0.00465206429362297,0.00121546385344118,0.0455291010439396,0.0876099839806557,-0.020680533722043,0.0740839615464211,-0.0399968214333057,0.0258499663323164,-0.00298195565119386,-5.96949830651283e-05,-0.0229057502001524,0.00410766061395407,0.068517692387104,0.0331239327788353,0.0323225297033787,0.00483918376266956,0.0645141452550888,-0.0412705615162849,0.0104646338149905,0.0464731268584728,0.00284514762461185,-0.0862348601222038,-0.0128838112577796,0.0545965433120728,0.0161526016891003,0.0779708251357079,0.0366665571928024,0.0581494309008121,0.0991599559783936,0.0194815862923861,0.0326739773154259,0.0095251239836216,0.0145170269533992,0.05743008852005,-0.0173890963196754,0.00344727211631835,0.0571011602878571,0.0909081250429153
0.207815960049629,0.222548827528954,0.142570152878761,0.140578165650368,0.0569610558450222,0.0881775915622711,-0.00745338760316372,0.0541044846177101,0,0.221318110823631,0.230590656399727,0.130670934915543,0.134423658251762,0.0483055971562862,0.0727622658014297,-0.021102411672473,0.053215965628624,0.199343577027321,-0.0476821921765804,0.164740905165672,0.00596143305301666,0.0699297934770584,0.017057754099369,0.00288846273906529,0.0306461732834578,0.0075926030986011,0.129359915852547,0.0218012724071741,0.0770817026495934,0.0991909876465797,0.0213618669658899,-0.0545784197747707,0.0659552663564682,0.127416133880615,0.0351585783064365,-0.0616758838295937,-0.0147517779842019,0.173705577850342,0.100751742720604,0.191673919558525,0.0760131478309631,0.153756380081177,0.13457877933979,0.100985519587994,0.0742871016263962,0.0569337047636509,-0.00249246181920171,0.113529160618782,-0.0291626565158367,-0.0184952169656754,0.123674929141998,0.182324931025505,-0.0345867164433002,0.170416712760925,0.0435698069632053,0.0633880645036697,0.0291977748274803,-0.0131848994642496,0.0578788593411446,0.0185995846986771,0.148252367973328,0.0159006081521511,0.0902637466788292,0.0864892229437828,0.0598844662308693,-0.0136887580156326,0.0349001549184322,0.0796521678566933,0.0835207030177116,-0.0339005403220654,0.0375654436647892,0.180685147643089,0.0777124986052513,0.185624837875366,0.0701227411627769,0.175388619303703,0.136329531669617,0.106026135385036,0.123356282711029,0.0236075315624475,-0.00116288417484611,0.151273727416992,-0.0370607599616051,-0.00629518320783973,0.123699001967907,0.174399629235268
0.720964074134827,0.346772581338882,0.284691482782364,0.259323090314865,0.0978419110178947,0.0590444356203079,-0.0404256172478199,0.0385975651443005,0.221318110823631,0,0.319186687469482,0.280824184417725,0.218156486749649,0.0994264334440231,0.0518120490014553,-0.0531895644962788,0.0324818417429924,0.229550644755363,-0.0743926987051964,0.228078603744507,0.261536210775375,0.0077725937590003,0.0500925034284592,-0.0778385400772095,0.215577483177185,0.229360297322273,0.147245764732361,-0.0588255561888218,0.202019363641739,0.0134318703785539,-0.0195899419486523,0.0483984276652336,0.0448342636227608,0.19882820546627,0.224783957004547,0.0925271064043045,0.188268169760704,0.126842439174652,0.266775578260422,0.310310512781143,0.278287470340729,0.234625518321991,0.0835644751787186,0.453409135341644,0.269698917865753,0.257682055234909,-0.129609361290932,0.389831066131592,-0.0242753829807043,-0.00444779498502612,0.0350436270236969,0.228398442268372,-0.14793036878109,0.169740036129951,0.135839447379112,-0.000977712566964328,0.0275907292962074,-0.0909884944558144,0.121758684515953,0.129183813929558,0.103241585195065,-0.0308494027704,0.101055651903152,0.00427546352148056,-0.0201405882835388,0.00382225587964058,0.0296889431774616,0.135325834155083,0.144704714417458,0.0368872322142124,0.0508510917425156,0.144507095217705,0.155360549688339,0.264501094818115,0.172471016645432,0.15309964120388,0.0523516125977039,0.237209871411324,0.0937124714255333,0.0965357646346092,-0.106621295213699,0.332381039857864,-0.0428429469466209,-0.0601644106209278,0.0546898804605007,0.191556945443153
0.410476893186569,0.489248394966125,0.268209129571915,0.276852518320084,0.104385495185852,-0.000932512513827533,-0.102642297744751,0.0748371928930283,0.230590656399727,0.319186687469482,0,0.322165876626968,0.30179962515831,0.111092895269394,-0.0111441733315587,-0.10830445587635,0.095042809844017,0.25199019908905,-0.192541688680649,0.288802236318588,-0.0208485424518585,0.0738584399223328,0.0156616065651178,-0.0709507986903191,0.00894112326204777,-0.0226248875260353,0.142148479819298,0.0642496347427368,0.122368954122066,0.112829208374023,-0.0645319372415543,-0.19464099407196,0.0105080613866448,0.132976248860359,0.0257939640432596,-0.148571163415909,-0.064657174050808,0.235790014266968,0.0648595243692398,0.344290465116501,0.071020282804966,0.19170381128788,0.184605479240417,0.190699473023415,0.0697973221540451,0.0918255969882011,-0.167541891336441,0.215569242835045,-0.0888863801956177,-0.0757828652858734,0.165540769696236,0.279484033584595,-0.141782030463219,0.298910945653915,0.149324148893356,0.0838076919317245,0.00594976777210832,-0.0978545695543289,0.147987440228462,-0.00165963021572679,0.197372078895569,0.0388271063566208,0.184912741184235,0.0719693452119827,-0.00716621102765203,-0.0694243088364601,0.00486839981749654,0.139088451862335,0.235481455922127,-0.00916903093457222,0.148679867386818,0.275073736906052,0.0481985211372375,0.396371424198151,0.114199496805668,0.264980852603912,0.202344477176666,0.305903106927872,0.262601345777512,0.0707016214728355,-0.137656927108765,0.313225418329239,-0.0403424836695194,-0.103419184684753,0.168868899345398,0.302410483360291
0.356273382902145,0.260337352752686,0.578810513019562,0.37875160574913,0.116283781826496,0.0257714353501797,-0.0414970442652702,0.130539119243622,0.130670934915543,0.280824184417725,0.322165876626968,0,0.407627552747726,0.0851106345653534,0.0281954742968082,-0.0285514015704393,0.145908311009407,0.155254006385803,-0.0748393088579178,0.207609891891479,0.061577070504427,-0.0232554394751787,-0.00662643555551767,-0.0549058690667152,-0.00195570033974946,0.0277661960572004,0.0811829194426537,0.0166479162871838,0.183706387877464,0.00312580424360931,-0.047748226672411,-0.136215567588806,-0.0305778328329325,0.0418477542698383,0.192587777972221,-0.0491910353302956,0.111246198415756,0.0894073620438576,0.0122937289997935,0.222951352596283,0.0665804743766785,0.063218928873539,0.170184835791588,0.223692700266838,0.111677013337612,0.0769096240401268,-0.0974835157394409,0.180683478713036,-0.0837526470422745,-0.0661759823560715,0.0633792281150818,0.190911620855331,-0.0264918226748705,0.232583582401276,0.182492345571518,-0.0480590313673019,0.0219681467860937,-0.0737330317497253,0.0818309932947159,0.0590672791004181,0.0880180671811104,-0.00417673122137785,0.233548164367676,-0.0268160626292229,0.000754956970922649,-0.0520079657435417,0.00739855179563165,0.0438492335379124,0.278737783432007,0.0485605113208294,0.228379487991333,0.0979306548833847,-0.0369632504880428,0.264679700136185,0.0866299420595169,0.119469970464706,0.181973651051521,0.279612928628922,0.226689398288727,0.0320837907493114,-0.0854395925998688,0.24284254014492,-0.0552585422992706,-0.054180633276701,0.0588193349540234,0.216223418712616
0.294129282236099,0.252487510442734,0.380413442850113,0.646376729011536,0.17090879380703,0.00488029280677438,-0.0265679303556681,0.105453997850418,0.134423658251762,0.218156486749649,0.30179962515831,0.407627552747726,0,0.144503057003021,0.0106091741472483,-0.00554053578525782,0.117726795375347,0.158928200602531,-0.0595921501517296,0.26902574300766,-0.0375127419829369,0.0325400531291962,0.0150292282924056,-0.0270633958280087,-0.0905642509460449,-0.00285944226197898,-0.00181931408587843,0.0472818277776241,0.134428307414055,0.0426460467278957,-0.0655491575598717,-0.16653348505497,-0.0219301227480173,0.165437415242195,0.144514679908752,-0.107740730047226,0.0484108626842499,0.124906934797764,0.11410827934742,0.219616532325745,0.213205471634865,0.0223560184240341,0.115285024046898,0.130822077393532,0.117875896394253,0.0993004664778709,-0.0522093586623669,0.218691319227219,-0.0858174338936806,-0.0444444790482521,0.116774223744869,0.314786076545715,0.00710972910746932,0.283517301082611,0.0300573613494635,0.026405269280076,0.0143197001889348,-0.0239549521356821,-0.0327013470232487,0.0271198507398367,0.0156755279749632,0.0420976914465427,0.187994420528412,0.022376149892807,-0.0338122621178627,-0.117106132209301,-0.00179792556446046,0.156518131494522,0.28736612200737,-0.0417191386222839,0.187918022274971,0.143535420298576,0.116324327886105,0.253086805343628,0.28343191742897,0.0801215395331383,0.132558062672615,0.198694661259651,0.19395524263382,0.0913910195231438,-0.0108390599489212,0.317543625831604,-0.0868341475725174,-0.0487956926226616,0.122499257326126,0.373088896274567
0.114435091614723,0.0965646207332611,0.0668358132243156,0.124951496720314,0.0447992198169231,-0.0158850476145744,-0.0232808496803045,0.0150797581300139,0.0483055971562862,0.0994264334440231,0.111092895269394,0.0851106345653534,0.144503057003021,0,-0.0090866032987833,-0.0271555688232183,0.00543418899178505,0.0934406220912933,-0.0244162939488888,0.132749542593956,-0.0403285659849644,0.0157391186803579,0.0109108341857791,-0.0217815637588501,-0.027493005618453,-0.0209197346121073,0.0132356397807598,-0.0102233905345201,0.03121542558074,0.0177704840898514,-0.0300382059067488,-0.0585611201822758,0.000914114760234952,0.0617329254746437,0.0239025801420212,-0.0450781248509884,-0.00941359624266624,0.0585214793682098,0.063435010612011,0.0883171707391739,0.0668628141283989,0.0394922867417336,0.0586610920727253,0.0436691716313362,0.0494115501642227,0.0167896691709757,-0.0178066622465849,0.08047254383564,-0.0408838279545307,-0.0123632550239563,0.0731980130076408,0.121910512447357,-0.0162692759186029,0.106789201498032,0.00470293965190649,0.0168218389153481,0.00239098630845547,-0.0235279705375433,-0.000693022622726858,-0.0107820946723223,0.0289312712848186,-0.0121141234412789,0.031425878405571,0.0191046334803104,-0.00728068454191089,-0.0311343353241682,-0.00425670342519879,0.0713830664753914,0.0796218886971474,-0.0336434207856655,0.0587546303868294,0.0727996975183487,0.0683155283331871,0.0919354856014252,0.088203027844429,0.050865214318037,0.0728393271565437,0.0684021338820457,0.0945479720830917,0.00563916750252247,-0.0141918621957302,0.119883805513382,-0.02679692953825,-0.0268094055354595,0.0642312467098236,0.136181697249413
0.000674060429446399,-0.00235283211804926,0.0352353416383266,0.010816783644259,-0.003077098634094,0.434381395578384,0.17285493016243,0.0350559279322624,0.0727622658014297,0.0518120490014553,-0.0111441733315587,0.0281954742968082,0.0106091741472483,-0.0090866032987833,0,0.21244914829731,0.0417979173362255,0.0691093355417252,0.0538751743733883,0.0419359840452671,0.13748987019062,0.0874574035406113,0.109008252620697,0.230390623211861,0.229136183857918,0.130099669098854,0.322703808546066,0.121936991810799,0.0963819324970245,0.105221092700958,0.303979873657227,0.177723199129105,0.273830264806747,0.0713140517473221,-0.0332348421216011,-0.00834035500884056,-0.0414873585104942,0.0706361159682274,0.0757297575473785,0.0859995856881142,0.0592557527124882,0.260698467493057,0.238541945815086,-0.0146618839353323,0.166049540042877,0.0755954384803772,0.215010240674019,-0.0802557319402695,0.0446135923266411,0.131690621376038,0.100507684051991,0.0848110839724541,0.0407195724546909,0.0440396852791309,0.0616695508360863,0.0761646926403046,0.101988717913628,0.225168004631996,0.160720676183701,0.133073508739471,0.30044412612915,0.109910398721695,0.0620489306747913,0.099457859992981,0.266037821769714,0.160132884979248,0.276014566421509,0.0612569078803062,-0.0783390030264854,-0.0466653071343899,-0.0671142637729645,0.059386994689703,0.103868700563908,0.0660071223974228,0.0528792105615139,0.249203994870186,0.176218762993813,-0.0597945116460323,0.107255131006241,0.0662886798381805,0.206945508718491,-0.0788189843297005,0.0334862992167473,0.142110362648964,0.102080121636391,0.0810560956597328
-0.0963811278343201,-0.0954625383019447,-0.0288300700485706,-0.0137376431375742,-0.0276369731873274,0.166060253977776,0.251617521047592,0.00312769180163741,-0.021102411672473,-0.0531895644962788,-0.10830445587635,-0.0285514015704393,-0.00554053578525782,-0.0271555688232183,0.21244914829731,0,0.0159224309027195,-0.00611461699008942,0.117966078221798,-0.0321675315499306,0.0441849827766418,0.0262118447571993,0.0720821842551231,0.168546468019485,0.0474140346050262,0.118622586131096,-0.00690420530736446,0.022247351706028,0.02006546407938,0.0311633422970772,0.135287299752235,0.126192331314087,0.0940866321325302,0.0157465729862452,0.00988343916833401,0.0430820547044277,0.0489364080131054,-0.0502065531909466,0.0371126756072044,-0.10622638463974,0.0687099546194077,-0.0262094438076019,0.00710485083982348,-0.10787507891655,0.0465484485030174,0.0325524918735027,0.204676449298859,-0.0645842030644417,0.0420403406023979,0.10704255849123,0.0165224242955446,0.0288117844611406,0.106869220733643,-0.0351000726222992,-0.0206091087311506,0.0146790100261569,0.0403013527393341,0.177196681499481,-0.00599501468241215,0.116421796381474,-0.0263396706432104,0.0191797818988562,0.00160631770268083,0.0266750603914261,0.0983241274952888,0.0911761969327927,0.0999283939599991,0.0197971612215042,-0.0164725705981255,-0.0105044106021523,0.0139003889635205,-0.060719907283783,0.0534093081951141,-0.125507399439812,0.0733119547367096,-0.0463864356279373,-0.0255095772445202,-0.141442254185677,-0.00799976475536823,0.040737833827734,0.210880950093269,-0.0845803618431091,0.0274826437234879,0.133731633424759,0.00408231792971492,0.0249582752585411
0.0413741804659367,0.0556858889758587,0.117891728878021,0.0966855809092522,0.0238185506314039,0.0400844216346741,-0.0111630279570818,0.109175808727741,0.053215965628624,0.0324818417429924,0.095042809844017,0.145908311009407,0.117726795375347,0.00543418899178505,0.0417979173362255,0.0159224309027195,0,0.0697094425559044,-0.0236100237816572,0.0909880474209785,-0.0492296479642391,0.0302339475601912,0.0165401734411716,-0.00573282083496451,-0.0181532632559538,-0.0364079102873802,0.0797009021043777,0.03061393648386,0.0174375418573618,0.0325310677289963,0.0554798878729343,-0.0672296732664108,0.0100463703274727,0.0327849239110947,-0.0199070796370506,-0.0790311321616173,-0.0613676905632019,0.0478288270533085,0.00619868608191609,0.0661614760756493,-0.00474508013576269,0.0726017728447914,0.12319853156805,-0.0118169449269772,0.0185747016221285,0.00268195942044258,0.0122713791206479,-0.0283606257289648,-0.0139837944880128,-0.0139570226892829,0.0419184900820255,0.0615363046526909,-0.0118130277842283,0.0767509862780571,-0.0365799479186535,0.0309179686009884,0.00791510939598083,0.0173760261386633,-0.0205459240823984,-0.0155123388394713,0.0701763853430748,0.026517890393734,0.0250994153320789,0.0211780779063702,0.0489482469856739,-0.0368987694382668,0.0233932696282864,0.0369827076792717,-0.00979867856949568,-0.10288905352354,-0.0241518504917622,0.0509698800742626,-0.00309908133931458,0.0735448822379112,0.000672970316372812,0.0737122669816017,0.115270532667637,0.0176969170570374,0.0174450352787971,0.00294883758760989,0.0230519529432058,0.0184554141014814,-0.0170603115111589,-0.00274172285571694,0.047704141587019,0.0709446892142296
0.263125091791153,0.210355222225189,0.153303474187851,0.148501321673393,0.0628474354743958,0.0705877095460892,-0.0315847508609295,0.0662415996193886,0.199343577027321,0.229550644755363,0.25199019908905,0.155254006385803,0.158928200602531,0.0934406220912933,0.0691093355417252,-0.00611461699008942,0.0697094425559044,0,-0.0613970868289471,0.165738493204117,0.0356643795967102,0.0533486194908619,0.0388625599443913,0.0115123614668846,0.0592101253569126,0.0304062552750111,0.121211856603622,0.0253722108900547,0.0907258689403534,0.0924380272626877,0.0150674218311906,-0.0289590619504452,0.0712863728404045,0.0995020717382431,0.0252034459263086,-0.0538280643522739,-0.0067945416085422,0.164755076169968,0.0814594551920891,0.186027064919472,0.065792590379715,0.156123220920563,0.133645668625832,0.115602359175682,0.0789790526032448,0.0612004548311234,0.0088418098166585,0.133946254849434,-0.0357863306999207,0.0276292525231838,0.166297242045403,0.190856069326401,-0.00802525412291288,0.181068420410156,0.103723093867302,0.064340852200985,0.0265508648008108,0.0098362984135747,0.110127776861191,0.0406345017254353,0.150371834635735,0.0275478884577751,0.1171805113554,0.0811603218317032,0.065912738442421,0.0198379065841436,0.0580688826739788,0.116153232753277,0.118319429457188,0.0126557201147079,0.0846609845757484,0.18259471654892,0.0754917711019516,0.202838063240051,0.0874014422297478,0.193772524595261,0.141258582472801,0.151846438646317,0.166130900382996,0.0552076920866966,0.0230876952409744,0.174533367156982,0.000318213365972042,0.00127808027900755,0.135748073458672,0.214368745684624
-0.158568128943443,-0.110838063061237,-0.0324619375169277,-0.0552314408123493,-0.0162714999169111,0.0704359710216522,0.155446946620941,-0.0342316702008247,-0.0476821921765804,-0.0743926987051964,-0.192541688680649,-0.0748393088579178,-0.0595921501517296,-0.0244162939488888,0.0538751743733883,0.117966078221798,-0.0236100237816572,-0.0613970868289471,0,-0.043395921587944,0.229210838675499,0.036298893392086,0.0439613126218319,0.26458203792572,0.199216708540916,0.274762451648712,-0.168547794222832,0.079985685646534,0.0777952745556831,0.0666233375668526,0.0189072731882334,0.566625237464905,0.00435453560203314,-0.0203004125505686,0.500721454620361,0.226503267884254,0.549767673015594,-0.0409754775464535,0.0638031810522079,-0.107529275119305,0.167863413691521,-0.0696592107415199,-0.138953849673271,0.00978643726557493,0.192922592163086,0.0878686234354973,0.736613094806671,0.249058783054352,0.115911424160004,0.158682361245155,0.170760005712509,0.12563294172287,0.6614590883255,-0.0492030754685402,0.042272113263607,0.0191419906914234,0.0215423852205276,0.221090242266655,0.0267241839319468,0.191938161849976,-0.207391276955605,0.0826888456940651,0.0141220260411501,0.059699509292841,-0.0588199310004711,0.3266841173172,0.0254126582294703,-0.0037401330191642,0.231799259781837,0.160702958703041,0.263774186372757,-0.0772548764944077,0.10341177880764,-0.170264303684235,0.125823929905891,-0.142633005976677,-0.121589682996273,-0.102572865784168,0.0289224423468113,0.0595185644924641,0.619263052940369,0.0488704778254032,0.0611587762832642,0.166472032666206,0.169657975435257,0.0900995209813118
0.233977645635605,0.258025228977203,0.200203493237495,0.295582234859467,0.107530049979687,0.0455407835543156,-0.0391454137861729,0.0918279588222504,0.164740905165672,0.228078603744507,0.288802236318588,0.207609891891479,0.26902574300766,0.132749542593956,0.0419359840452671,-0.0321675315499306,0.0909880474209785,0.165738493204117,-0.043395921587944,0,-0.114989012479782,0.17451174557209,0.0522452257573605,0.0208598840981722,-0.113177381455898,-0.0211348980665207,0.0155086126178503,0.0342920571565628,0.205999121069908,0.197379842400551,-0.0882155671715736,-0.276249289512634,0.011545036919415,0.403376996517181,0.196511372923851,-0.222157254815102,0.00990334153175354,0.289303570985794,0.335534334182739,0.415884792804718,0.40194496512413,0.0969765186309814,0.284494400024414,0.257926136255264,0.314082413911819,0.268663972616196,0.043339591473341,0.367338865995407,-0.12958100438118,-0.0432669594883919,0.287512451410294,0.563746392726898,0.0264323893934488,0.583261847496033,-0.0979997739195824,0.189446568489075,0.00953623838722706,0.00766242388635874,-0.0997053235769272,0.00626199273392558,0.0651857852935791,0.0388356596231461,0.185466155409813,0.169584304094315,-0.0335940234363079,-0.238481849431992,0.0306216683238745,0.378321439027786,0.303571790456772,-0.238100588321686,0.123685836791992,0.290222495794296,0.289864331483841,0.442911475896835,0.400730520486832,0.170538648962975,0.281195223331451,0.248221978545189,0.301587164402008,0.221221417188644,0.0509803220629692,0.467707604169846,-0.156322911381721,-0.0821840539574623,0.241542667150497,0.557297468185425
0.0593719258904457,0.0418803282082081,0.117168165743351,-0.031699113547802,8.66837799549103e-05,0.151713013648987,0.0496456883847713,-0.0591403469443321,0.00596143305301666,0.261536210775375,-0.0208485424518585,0.061577070504427,-0.0375127419829369,-0.0403285659849644,0.13748987019062,0.0441849827766418,-0.0492296479642391,0.0356643795967102,0.229210838675499,-0.114989012479782,0,-0.141743212938309,0.0679024159908295,0.187183544039726,0.719828128814697,0.564050078392029,0.200846880674362,-0.0600131526589394,0.274694979190826,-0.0900610089302063,0.114853836596012,0.484440356492996,0.166644647717476,-0.0920716598629951,0.543689012527466,0.464067369699478,0.538723468780518,-0.126835271716118,-0.0169083084911108,0.108180545270443,0.121360898017883,0.31558096408844,-0.0433177389204502,0.699882805347443,0.410357773303986,0.389310926198959,0.068317636847496,0.457318425178528,0.0258824657648802,0.0106297582387924,-0.0186461471021175,-0.0483544915914536,0.0291782859712839,-0.117287337779999,0.654242873191833,-0.193865388631821,0.0615405850112438,0.107656419277191,0.527026772499084,0.309934020042419,0.0658527463674545,-0.0251050870865583,0.0921266153454781,-0.0868262052536011,0.0567486882209778,0.312513053417206,0.121074922382832,-0.0797343775629997,0.241126716136932,0.364942848682404,0.192119926214218,-0.133767575025558,-0.00552868796512485,-0.0148218013346195,0.0453049167990685,0.15857982635498,-0.117680363357067,0.275468170642853,0.0872481614351273,0.164465636014938,0.0513930730521679,0.0800813660025597,0.0699499398469925,0.0212607756257057,-0.00579919898882508,-0.106598623096943
-0.0241759903728962,0.0938381105661392,0.00360273686237633,0.0353194996714592,0.00367372226901352,0.102364376187325,0.0273129269480705,0.0239009819924831,0.0699297934770584,0.0077725937590003,0.0738584399223328,-0.0232554394751787,0.0325400531291962,0.0157391186803579,0.0874574035406113,0.0262118447571993,0.0302339475601912,0.0533486194908619,0.036298893392086,0.17451174557209,-0.141743212938309,0,0.0197390336543322,0.315521985292435,0.0475040562450886,-0.140859365463257,0.132084101438522,0.251831114292145,0.040340468287468,0.916824102401733,0.0142068779096007,-0.150140807032585,0.153481811285019,0.372410893440247,-0.0664655119180679,-0.176998525857925,-0.131697252392769,0.875265836715698,0.319521129131317,0.0884697735309601,0.296428799629211,0.284993052482605,0.0777745842933655,-0.0202252510935068,0.0885262116789818,0.627806067466736,0.182268619537354,0.0278398785740137,-0.032719649374485,0.0140183959156275,0.208867236971855,0.241219237446785,0.0838148072361946,0.160885289311409,-0.239450752735138,0.972979009151459,0.00577171053737402,0.362024635076523,-0.0656123161315918,-0.0852482169866562,0.160822868347168,0.316797524690628,-0.00805020704865456,0.906061768531799,-0.00829828437417746,-0.188070997595787,0.161014646291733,0.343342006206512,-0.0933996289968491,-0.245767712593079,-0.142196893692017,0.838156700134277,0.367500960826874,0.0842732340097427,0.311810493469238,0.311634033918381,0.0870805904269218,-0.0828305408358574,0.00513467704877257,0.577512264251709,0.167631551623344,0.0674527660012245,-0.0718407556414604,0.014826332218945,0.177341103553772,0.219390153884888
0.0228619780391455,0.0190578158944845,0.0122404210269451,0.0108960019424558,0.0108127752318978,0.134278371930122,0.0747873559594154,1.09570100903511e-05,0.017057754099369,0.0500925034284592,0.0156616065651178,-0.00662643555551767,0.0150292282924056,0.0109108341857791,0.109008252620697,0.0720821842551231,0.0165401734411716,0.0388625599443913,0.0439613126218319,0.0522452257573605,0.0679024159908295,0.0197390336543322,0,0.158168151974678,0.11071390658617,0.141901314258575,0.0591153092682362,0.0342855304479599,0.0956006199121475,0.0434027090668678,0.0914578884840012,0.106921285390854,0.0970903262495995,0.0312465894967318,0.0649474263191223,0.0388030186295509,0.0684271454811096,0.0254692584276199,0.0482213832437992,0.0421707853674889,0.0570812150835991,0.045328788459301,0.0597998276352882,0.0435363277792931,0.0710026770830154,0.0883545503020287,0.108926653862,0.0635292455554008,0.0311227850615978,0.103454321622849,0.0510826855897903,0.101136051118374,0.020513117313385,0.0229744669049978,0.0377405732870102,0.00802082661539316,0.0516784898936749,0.129450678825378,0.0750117376446724,0.113278090953827,0.0577951222658157,0.0247512329369783,0.0595990195870399,0.0422593429684639,0.0834600403904915,0.0740872919559479,0.0814314112067223,0.00921910721808672,0.0533793270587921,0.0145175876095891,0.0405586659908295,0.0163373984396458,0.0374413058161736,0.0332025401294231,0.0483435466885567,0.0595977455377579,0.0328797474503517,-0.00407873094081879,0.0476250685751438,0.073532298207283,0.0802943855524063,0.0360598154366016,0.01718695089221,0.0506900474429131,0.0288289487361908,0.0896637588739395
-0.0575027801096439,-0.0531016178429127,-0.0366500169038773,-0.0233836378902197,-0.0127753736451268,0.221302077174187,0.179740756750107,-0.00873071886599064,0.00288846273906529,-0.0778385400772095,-0.0709507986903191,-0.0549058690667152,-0.0270633958280087,-0.0217815637588501,0.230390623211861,0.168546468019485,-0.00573282083496451,0.0115123614668846,0.26458203792572,0.0208598840981722,0.187183544039726,0.315521985292435,0.158168151974678,0,0.324639976024628,0.35594967007637,0.0750817060470581,0.542924404144287,0.10628853738308,0.508142948150635,0.174328431487083,0.206548452377319,0.329755634069443,0.100025750696659,0.136526376008987,0.0472483597695827,0.102292008697987,0.275082170963287,0.0942924842238426,-0.0521543920040131,0.145352274179459,0.101645618677139,0.0413329564034939,-0.0123174833133817,0.0981700345873833,0.49641340970993,0.343911737203598,0.0162140280008316,0.0667083784937859,0.150367736816406,0.118553943932056,0.139814183115959,0.248912304639816,0.0415647849440575,0.0562088005244732,0.285544216632843,0.106362022459507,0.810311496257782,0.199118047952652,0.352908968925476,0.0719988644123077,0.50422215461731,0.0782907977700233,0.506176769733429,0.135778680443764,0.195558175444603,0.346539437770844,0.109579801559448,0.116487048566341,-0.0201180018484592,0.135795369744301,0.197331771254539,0.147111415863037,-0.040606152266264,0.181330636143684,0.143066212534904,0.0372487977147102,-0.0682409256696701,0.0566339157521725,0.49536320567131,0.277126252651215,1.51153653860092e-05,0.0449643582105637,0.138886272907257,0.0904280766844749,0.102173842489719
