0,0.332279801368713,0.25592240691185,0.264896482229233,0.0714979246258736,-0.0262975469231606,-0.104885660111904,0.056980486959219,0.20193213224411,0.704980254173279,0.413061738014221,0.348275691270828,0.278339773416519,0.101728826761246,-0.0168113689869642,-0.0997368767857552,0.0373464524745941,0.258155047893524,-0.17388217151165,0.228512480854988,0.0557508580386639,-0.0282891113311052,0.0151224248111248,-0.0934327691793442,0.0535867810249329,0.134154409170151,0.0926468670368195,-0.034943338483572,0.206303820014,-0.0210387650877237,-0.151381239295006,-0.128410071134567,0.000967316038440913,0.0953985378146172,0.0893379002809525,-0.0429205559194088,0.0153845874592662,0.0866153985261917,0.0147567298263311,0.357397675514221,0.0371221154928207,0.188922092318535,0.087532065808773,0.36068332195282,0.0592426024377346,0.131645992398262,-0.167015910148621,0.329345226287842,-0.0947385653853416,-0.0733695179224014,0.0381321422755718,0.20810729265213,-0.0516959317028522,0.275232702493668,0.397474229335785,-0.0311207845807076,0.0396864041686058,-0.120033226907253,0.354789704084396,0.228950977325439,0.180892914533615,-0.0394349545240402,0.315869241952896,-0.0650142207741737,-0.0350360237061977,0.103487350046635,0.0175774320960045,0.124182425439358,0.372885137796402,0.198488682508469,0.282138496637344,0.100309580564499,0.0232575982809067,0.436386317014694,0.13325822353363,0.309219479560852,0.169812083244324,0.57471752166748,0.383825451135635,0.15457472205162,-0.127632617950439,0.496855944395065,-0.00761649198830128,-0.0880319699645042,0.0391162931919098,0.254424124956131
0.332279801368713,0,0.258949458599091,0.279006689786911,0.111939579248428,0.00736193638294935,-0.0875199809670448,0.075972318649292,0.229887530207634,0.35978889465332,0.506579518318176,0.27319660782814,0.262747347354889,0.102528117597103,-0.0130204735323787,-0.101090215146542,0.0561958365142345,0.21794305741787,-0.110878549516201,0.266651928424835,0.0497885346412659,0.0776869580149651,0.0172924734652042,-0.0727554485201836,0.0529515147209167,0.0552223809063435,0.132001087069511,0.0573254488408566,0.162212371826172,0.11272419244051,-0.0333124287426472,-0.10239265859127,0.00861930195242167,0.135203987360001,0.12531952559948,-0.0647707358002663,0.0135002052411437,0.212884679436684,0.102132223546505,0.336386352777481,0.0917482823133469,0.185533791780472,0.166128307580948,0.216655194759369,0.19072924554348,0.0966920331120491,-0.0996848866343498,0.221335798501968,-0.0509376190602779,-0.06133933365345,0.175159484148026,0.278832226991653,-0.128870338201523,0.266924411058426,0.0478476211428642,0.072439432144165,0.0209066718816757,-0.106890797615051,0.0510179474949837,-0.0195739381015301,0.117189712822437,0.0468716323375702,0.127411350607872,0.0647120773792267,-0.0225985981523991,-0.100056782364845,-0.0217583365738392,0.0772024467587471,0.149112418293953,-0.0352556705474854,0.0635707080364227,0.242587193846703,0.0517166629433632,0.311515271663666,0.0602799355983734,0.165869891643524,0.155031606554985,0.171344488859177,0.147872671484947,0.0255311448127031,-0.125945910811424,0.189559429883957,-0.0459601320326328,-0.0763950347900391,0.152449727058411,0.252943873405457
0.25592240691185,0.258949458599091,0,0.3919777572155,0.0977267995476723,0.024993970990181,-0.0262678153812885,0.146199554204941,0.144786387681961,0.29381588101387,0.273767679929733,0.589901685714722,0.37871590256691,0.0666757896542549,0.0134292123839259,-0.0401579402387142,0.116653397679329,0.14694856107235,-0.0421729683876038,0.205026641488075,0.116177640855312,-0.00335255963727832,-0.00326375244185328,-0.0665473714470863,0.0182022154331207,0.0544977746903896,0.0718036517500877,-0.0112714013084769,0.210210621356964,0.0120493285357952,-0.0105198258534074,-0.0802441388368607,-0.0397759117186069,0.0286712870001793,0.232316330075264,-0.011188386939466,0.135263994336128,0.069923147559166,-0.0272026807069778,0.200847014784813,0.0571286901831627,0.0739944949746132,0.177352949976921,0.254132747650146,0.207449719309807,0.0357620231807232,-0.0730441361665726,0.179863035678864,-0.0521074943244457,-0.0619131065905094,0.0772679820656776,0.173687040805817,-0.0424014292657375,0.176380231976509,0.0846843123435974,-0.0212955959141254,0.0295156687498093,-0.0915495678782463,0.00327350525185466,0.0108043840155005,0.0478230714797974,0.00444886134937406,0.15508721768856,-0.0255047865211964,-0.0108542880043387,-0.094744436442852,-0.030926126986742,0.00894291698932648,0.178306803107262,-0.0347337946295738,0.123503565788269,0.080324649810791,-0.0454830750823021,0.186827912926674,0.0584657229483128,0.0465360917150974,0.13141430914402,0.155086681246758,0.135298803448677,-0.0126822553575039,-0.0768691673874855,0.157077804207802,-0.0645225122570992,-0.0626590475440025,0.0836471244692802,0.163370013237
0.264896482229233,0.279006689786911,0.3919777572155,0,0.185851961374283,0.00572580471634865,-0.00458345143124461,0.109820313751698,0.139569371938705,0.258172124624252,0.282904267311096,0.370383948087692,0.641521692276001,0.126564249396324,-0.00521470187231898,-0.0206652861088514,0.0942957177758217,0.142153322696686,-0.0552009865641594,0.30148908495903,-0.0353278815746307,0.0261992327868938,0.00101220107171685,-0.0328825712203979,-0.113101430237293,0.028807794675231,-0.00674648443236947,0.00251626619137824,0.150920882821083,0.0301920622587204,-0.0290791932493448,-0.164614289999008,-0.0266708191484213,0.175744488835335,0.177188381552696,-0.101886451244354,0.0611239112913609,0.0964202508330345,0.158688083291054,0.198079615831375,0.267927050590515,0.0218247380107641,0.124922133982182,0.151082023978233,0.183643087744713,0.107382051646709,-0.0100207850337029,0.253060400485992,-0.0717573836445808,-0.0280579756945372,0.128489479422569,0.344524890184402,-0.0262979660183191,0.289979726076126,-0.0109085729345679,0.0247617270797491,0.0102741308510303,-0.0551930330693722,-0.0732086524367332,-0.0183740183711052,0.0010818587616086,0.0185800418257713,0.138177290558815,0.00495980633422732,-0.034468125551939,-0.152128159999847,0.00095028494251892,0.139624714851379,0.233472093939781,-0.0707836002111435,0.130381926894188,0.113194920122623,0.0947548449039459,0.23690265417099,0.245501354336739,0.0472315475344658,0.131577879190445,0.15701986849308,0.168672829866409,0.0801002681255341,-0.0365490838885307,0.282381236553192,-0.0757655054330826,-0.0627254173159599,0.122785836458206,0.335764616727829
0.0714979246258736,0.111939579248428,0.0977267995476723,0.185851961374283,0,-0.0050751706585288,-0.0210183523595333,0.0193330440670252,0.0540680065751076,0.0865397229790688,0.0953705906867981,0.101107515394688,0.157825693488121,0.0396699570119381,-0.0120214726775885,-0.0300600901246071,0.0175378005951643,0.0516691468656063,-0.0244317073374987,0.101734414696693,-0.00705348933115602,0.00803908240050077,0.0092596523463726,-0.0149265704676509,-0.0250418800860643,0.00771010108292103,-0.0146218994632363,-0.0130075570195913,0.0741449892520905,0.00910197291523218,-0.026906693354249,-0.0436499267816544,-0.0121014462783933,0.0164789911359549,0.0660663917660713,-0.000831817102152854,0.047636304050684,0.0448306538164616,0.0584637559950352,0.0884109362959862,0.0807030275464058,0.00316025293432176,0.0545967891812325,0.0692769885063171,0.0683064758777618,0.0144392177462578,0.0059365862980485,0.106902293860912,-0.0325636602938175,-0.0232142452150583,0.0605910532176495,0.137900069355965,-0.0189430508762598,0.115077592432499,-0.0290620643645525,0.00315171363763511,-0.0112733114510775,-0.0349903516471386,-0.0437865518033504,-0.0155809037387371,-0.0135229341685772,-0.00157553108874708,0.0548915416002274,-0.00525072123855352,-0.0300299655646086,-0.0548002980649471,-0.0218969639390707,0.0226170774549246,0.0767276808619499,-0.0102745005860925,0.0529039204120636,0.046950601041317,0.042744442820549,0.0737255290150642,0.0687440186738968,-0.0108998091891408,0.0237019695341587,0.0376977548003197,0.0429570041596889,-0.00692515727132559,-0.0217625256627798,0.0972976237535477,-0.0423545129597187,-0.023954126983881,0.036770299077034,0.124084047973156
-0.0262975469231606,0.00736193638294935,0.024993970990181,0.00572580471634865,-0.0050751706585288,0,0.177631676197052,0.019816929474473,0.0877544581890106,0.0397289358079433,-0.00569656305015087,0.0146876303479075,-0.00154500140342861,-0.0238250475376844,0.448945760726929,0.186441451311111,0.0396993868052959,0.0643527135252953,0.0786122977733612,0.0335393287241459,0.144001707434654,0.0822791308164597,0.133673712611198,0.225997030735016,0.246286734938622,0.124376006424427,0.351393014192581,0.115527123212814,0.0670436695218086,0.108076885342598,0.316026031970978,0.217290610074997,0.278449773788452,0.0730365961790085,-0.0471563301980495,0.0315792635083199,-0.0306313280016184,0.0695410147309303,0.0919516533613205,0.0873016268014908,0.054920919239521,0.264936864376068,0.226460814476013,-0.0288686268031597,0.154819011688232,0.0679976269602776,0.214613154530525,-0.0961387455463409,0.0636672303080559,0.15085743367672,0.106191575527191,0.0690752193331718,0.0311918444931507,0.0181692000478506,0.00272703054361045,0.0561238452792168,0.0887486487627029,0.208108201622963,0.122822798788548,0.0905360206961632,0.300066471099854,0.116604253649712,0.00761605612933636,0.0915147438645363,0.285519361495972,0.126883402466774,0.236740455031395,0.0701386034488678,-0.132806077599525,-0.0510850809514523,-0.103448517620564,0.0441311486065388,0.0960607379674911,0.0303840581327677,0.0514963455498219,0.214544609189034,0.147922948002815,-0.10368213057518,0.0535240955650806,0.0313401706516743,0.179389297962189,-0.120659172534943,0.0599038973450661,0.124443598091602,0.0910299494862556,0.0399059876799583
-0.104885660111904,-0.0875199809670448,-0.0262678153812885,-0.00458345143124461,-0.0210183523595333,0.177631676197052,0,-0.00616188580170274,-0.00572340283542871,-0.0565250664949417,-0.105752646923065,-0.0505704879760742,-0.0257218983024359,-0.0290290340781212,0.184461981058121,0.262387752532959,-0.00725785922259092,-0.0312347915023565,0.151669844985008,-0.0412896871566772,0.0382850654423237,0.0168745629489422,0.0747577250003815,0.184812694787979,0.0630922913551331,0.125635668635368,0.00985331367701292,0.0694141536951065,-0.0101490020751953,0.0329682156443596,0.179774880409241,0.176971092820168,0.0739393681287766,0.0293914489448071,0.000920347636565566,0.0692186802625656,0.0628575310111046,-0.012984249740839,0.0604547597467899,-0.125567778944969,0.0746207982301712,-0.037624467164278,-0.000902848085388541,-0.161904036998749,0.0454777851700783,0.0215884987264872,0.22930520772934,-0.0836103111505508,0.0553746707737446,0.130673751235008,0.00397540023550391,0.0206252485513687,0.0969827175140381,-0.0523268952965736,-0.0697490200400352,0.00471891788765788,0.0294532757252455,0.166229605674744,-0.0365994945168495,0.0812404155731201,-0.0194752998650074,0.0546533390879631,-0.0352499969303608,0.03087761066854,0.100170470774174,0.0929725468158722,0.0563821047544479,0.0295009668916464,-0.0705929398536682,-0.0189860071986914,-0.0336945466697216,-0.0337078645825386,0.0691950395703316,-0.138060986995697,0.077076680958271,-0.054707009345293,-0.0236874800175428,-0.197315484285355,-0.0206163674592972,0.0285798013210297,0.188527598977089,-0.130809843540192,0.0294644199311733,0.112104363739491,-0.00487934565171599,-0.0103855011984706
0.056980486959219,0.075972318649292,0.146199554204941,0.109820313751698,0.0193330440670252,0.019816929474473,-0.00616188580170274,0,0.0578422546386719,0.0400954075157642,0.0772529914975166,0.133284404873848,0.1090989112854,0.0145150488242507,0.029863603413105,0.00713675282895565,0.105735167860985,0.0627829730510712,-0.0345135070383549,0.0957781672477722,-0.0613378137350082,0.0225967932492495,-0.00378168723545969,-0.0190796721726656,-0.0495603084564209,-0.0271857548505068,0.0516075789928436,0.012517080642283,0.0266135334968567,0.0102965449914336,0.0659066811203957,-0.0600786805152893,0.022394647821784,0.0521134398877621,-0.0310006681829691,-0.0842898041009903,-0.0765105783939362,0.0437187328934669,0.0229818467050791,0.0647126883268356,0.019363621249795,0.043763592839241,0.121440328657627,-0.0112192900851369,0.0140022439882159,0.0045189019292593,0.00898757483810186,-0.00137539359275252,-0.00203583110123873,-0.00226745079271495,0.0466494932770729,0.0840260460972786,-0.0242665857076645,0.0809174180030823,-0.0446380116045475,0.0276094097644091,-0.00631853519007564,-0.00757862348109484,-0.0285196993499994,0.00161570869386196,0.0693209767341614,0.0324211902916431,0.0287013873457909,0.00556429335847497,0.066749781370163,-0.047769945114851,0.012965627014637,0.0513759516179562,-0.0108203962445259,-0.0866147503256798,-0.0254311803728342,0.0508798025548458,0.0130557240918279,0.0754131227731705,0.0378682874143124,0.0565224066376686,0.107506938278675,0.0128319058567286,0.0261767487972975,0.00703133130446076,0.0136981261894107,0.0508211515843868,-0.0118803177028894,-0.00510254735127091,0.0598090216517448,0.0873029679059982
0.20193213224411,0.229887530207634,0.144786387681961,0.139569371938705,0.0540680065751076,0.0877544581890106,-0.00572340283542871,0.0578422546386719,0,0.222011864185333,0.233384311199188,0.128468945622444,0.135071083903313,0.0507502816617489,0.0660411566495895,-0.0197796262800694,0.0413187593221664,0.191306993365288,-0.0389822237193584,0.165318176150322,0.0128368558362126,0.0592566691339016,0.0182296633720398,0.00458943145349622,0.0292150545865297,0.0105176512151957,0.119782187044621,0.0109626315534115,0.0828258544206619,0.0848875343799591,0.0198573861271143,-0.041746374219656,0.0595223680138588,0.11078767478466,0.044735349714756,-0.0448369830846786,-0.00575092248618603,0.155362114310265,0.083135761320591,0.189048632979393,0.0617136918008327,0.142853453755379,0.133125185966492,0.100556433200836,0.0895156189799309,0.040520440787077,0.0100921671837568,0.110279366374016,-0.0297777000814676,-0.0224969051778316,0.123587839305401,0.180605247616768,-0.0322118401527405,0.170986622571945,0.0329269766807556,0.047545000910759,0.0300208944827318,-0.0180368404835463,0.0459763370454311,0.0163920614868402,0.13211028277874,0.0019300359999761,0.0910058692097664,0.0730804651975632,0.0518205687403679,-0.0190596617758274,0.0327409356832504,0.0649234429001808,0.0772690176963806,-0.0309576690196991,0.036253783851862,0.156690090894699,0.0682973563671112,0.176745772361755,0.0572561547160149,0.152249127626419,0.138215288519859,0.0938521400094032,0.108435802161694,0.00164076162036508,-0.00158541894052178,0.134820252656937,-0.0380019135773182,-0.00326924631372094,0.117888666689396,0.170198813080788
0.704980254173279,0.35978889465332,0.29381588101387,0.258172124624252,0.0865397229790688,0.0397289358079433,-0.0565250664949417,0.0400954075157642,0.222011864185333,0,0.332090079784393,0.282348781824112,0.22021695971489,0.0971160233020782,0.0307877361774445,-0.0667474865913391,0.0235571693629026,0.228848472237587,-0.0934822708368301,0.222366169095039,0.27303671836853,0.00299735832959414,0.0389768518507481,-0.135377466678619,0.227501094341278,0.219504058361053,0.146610513329506,-0.107842221856117,0.221672564744949,-0.00996784493327141,-0.011184393428266,0.0447825118899345,0.027856694534421,0.155892565846443,0.232617542147636,0.105729982256889,0.191245526075363,0.116860054433346,0.197584986686707,0.3116275370121,0.220162376761436,0.24376605451107,0.0948393419384956,0.466501533985138,0.305515348911285,0.199814677238464,-0.135869398713112,0.361145585775375,-0.00816601980477571,-0.0196674689650536,0.0337258949875832,0.200876504182816,-0.171803250908852,0.164484858512878,0.124273523688316,-0.0177903138101101,0.0234475117176771,-0.160805955529213,0.0953150168061256,0.080965057015419,0.0905838385224342,-0.0729964151978493,0.0887214317917824,-0.0349187254905701,-0.0320546366274357,-0.016481040045619,0.00447386875748634,0.0960252285003662,0.12517461180687,0.0346519015729427,0.0377696640789509,0.127064287662506,0.0876836478710175,0.25018298625946,0.106364920735359,0.139072746038437,0.0583662204444408,0.224865362048149,0.0786551609635353,0.022591095417738,-0.131091147661209,0.278491407632828,-0.0386082977056503,-0.0638360232114792,0.0425521470606327,0.163411259651184
0.413061738014221,0.506579518318176,0.273767679929733,0.282904267311096,0.0953705906867981,-0.00569656305015087,-0.105752646923065,0.0772529914975166,0.233384311199188,0.332090079784393,0,0.328669637441635,0.307965874671936,0.109308890998363,-0.0200623515993357,-0.111686803400517,0.0894975736737251,0.249547973275185,-0.18087075650692,0.296486377716064,-0.0101214358583093,0.0606955774128437,0.012666811235249,-0.0925218388438225,0.00146043568383902,-0.0109535213559866,0.134782880544662,0.0344511717557907,0.136592105031013,0.0948087424039841,-0.0602426901459694,-0.180208116769791,0.0096069211140275,0.0992994606494904,0.0436028465628624,-0.131146892905235,-0.0526940524578094,0.215614825487137,0.0431944914162159,0.340680152177811,0.0492471940815449,0.193301483988762,0.19076170027256,0.193160012364388,0.103710450232029,0.0614800006151199,-0.143625602126122,0.216712206602097,-0.083708867430687,-0.0831005275249481,0.179630905389786,0.271334201097488,-0.143668115139008,0.316084444522858,0.140185862779617,0.0737939327955246,0.00991763081401587,-0.123387470841408,0.138642713427544,-0.00703818630427122,0.179611399769783,0.0176209434866905,0.185647815465927,0.0523748099803925,-0.0119085088372231,-0.0746259018778801,-0.000861983513459563,0.115026190876961,0.233741581439972,-0.00303947180509567,0.145886614918709,0.251213163137436,0.0252548418939114,0.395251840353012,0.0875638723373413,0.245531693100929,0.204936131834984,0.291815400123596,0.255011826753616,0.0462522618472576,-0.132812976837158,0.287752002477646,-0.0381799899041653,-0.107693091034889,0.173057079315186,0.2949059009552
0.348275691270828,0.27319660782814,0.589901685714722,0.370383948087692,0.101107515394688,0.0146876303479075,-0.0505704879760742,0.133284404873848,0.128468945622444,0.282348781824112,0.328669637441635,0,0.393414825201035,0.0829715430736542,0.0152412438765168,-0.0366156436502934,0.140931993722916,0.139946699142456,-0.076756164431572,0.207812517881393,0.0588507875800133,-0.0228084810078144,-0.0172594971954823,-0.0744569599628448,-0.0158060640096664,0.0364537313580513,0.0757843255996704,-0.00417827069759369,0.194276005029678,0.00162461237050593,-0.0437432490289211,-0.142825454473495,-0.0405134297907352,0.0194559618830681,0.195853218436241,-0.0430895946919918,0.10768549144268,0.0727604255080223,-0.0187347810715437,0.219707533717155,0.0493862964212894,0.0560029223561287,0.166551619768143,0.226013720035553,0.124888099730015,0.0499281175434589,-0.0880292356014252,0.178762704133987,-0.0868380814790726,-0.0769941955804825,0.070472925901413,0.175574243068695,-0.0345366336405277,0.239182025194168,0.163157865405083,-0.0489653535187244,0.0187717974185944,-0.092890664935112,0.0672111511230469,0.0464367754757404,0.0704113095998764,-0.0139023503288627,0.23317788541317,-0.0366788543760777,-0.00466517033055425,-0.0665612369775772,-0.0071100159548223,0.030989732593298,0.26061886548996,0.0491629876196384,0.212890177965164,0.0826774314045906,-0.069919615983963,0.25118425488472,0.0560358613729477,0.094304583966732,0.186340063810349,0.261559188365936,0.213142991065979,0.00704761361703277,-0.09211266040802,0.216844707727432,-0.0630876272916794,-0.0623296014964581,0.0637057647109032,0.203326836228371
0.278339773416519,0.262747347354889,0.37871590256691,0.641521692276001,0.157825693488121,-0.00154500140342861,-0.0257218983024359,0.1090989112854,0.135071083903313,0.22021695971489,0.307965874671936,0.393414825201035,0,0.144685611128807,-0.00178148970007896,-0.0152361318469048,0.117979280650616,0.150905221700668,-0.0512148514389992,0.27517756819725,-0.03836964443326,0.0239485558122396,0.00924286339432001,-0.0432177074253559,-0.10910938680172,0.0203791707754135,-0.0226198695600033,0.0157423838973045,0.149629384279251,0.0240888334810734,-0.067086435854435,-0.161780506372452,-0.03041747584939,0.159930422902107,0.156558141112328,-0.109791338443756,0.052887462079525,0.10067693144083,0.0968903675675392,0.203901380300522,0.218915536999702,0.00528829637914896,0.106965467333794,0.130950450897217,0.149620786309242,0.0904044434428215,-0.0255509298294783,0.234717577695847,-0.084547758102417,-0.0497925393283367,0.124506928026676,0.315508157014847,0.0021616411395371,0.294290959835052,-0.00014069490134716,0.0107194343581796,0.010099096223712,-0.0413734130561352,-0.0626646354794502,0.0243405885994434,-0.0149520458653569,0.0200004205107689,0.175085499882698,0.00113266403786838,-0.0413620658218861,-0.136194258928299,-0.0138711202889681,0.14827772974968,0.260837316513062,-0.0530418083071709,0.163873210549355,0.112866409122944,0.0921906977891922,0.236294940114021,0.268758654594421,0.0442547984421253,0.128839820623398,0.168575063347816,0.180470064282417,0.0780362114310265,-0.00302699021995068,0.29544660449028,-0.0888106301426888,-0.0553796477615833,0.124280273914337,0.365402072668076
0.101728826761246,0.102528117597103,0.0666757896542549,0.126564249396324,0.0396699570119381,-0.0238250475376844,-0.0290290340781212,0.0145150488242507,0.0507502816617489,0.0971160233020782,0.109308890998363,0.0829715430736542,0.144685611128807,0,-0.0116254575550556,-0.0306139271706343,0.0123969260603189,0.091035895049572,-0.0232693571597338,0.129336997866631,-0.0343732126057148,0.0147246653214097,0.00876740645617247,-0.0271792430430651,-0.0314029417932034,-0.0191155485808849,0.00484809651970863,-0.017592104151845,0.0324710942804813,0.017529122531414,-0.0369952283799648,-0.0576161369681358,-0.00633328966796398,0.0499420315027237,0.0232140067964792,-0.0448180176317692,-0.0057624694891274,0.0542978383600712,0.0595966838300228,0.0825147777795792,0.0671958178281784,0.034881379455328,0.0525985769927502,0.0360424853861332,0.0498567037284374,0.0179240293800831,-0.0118259629234672,0.0887050703167915,-0.048103217035532,-0.0158897843211889,0.0730678886175156,0.119493551552296,-0.0180597528815269,0.105097852647305,-0.00311353267170489,0.0189892016351223,0.00121504941489547,-0.0225609485059977,-0.0131794372573495,-0.016290195286274,0.0188985224813223,-0.014634539373219,0.0241441912949085,0.0191256292164326,-0.0215185508131981,-0.0356574431061745,-0.00822084583342075,0.0634894296526909,0.0679360553622246,-0.0377048142254353,0.0479568168520927,0.0678385272622108,0.0610257424414158,0.0822783410549164,0.0753749683499336,0.0419291891157627,0.0677007213234901,0.0547240749001503,0.0848270356655121,-0.000728860381059349,-0.0108719998970628,0.109640888869762,-0.0239103212952614,-0.0263862032443285,0.0626120418310165,0.128736585378647
-0.0168113689869642,-0.0130204735323787,0.0134292123839259,-0.00521470187231898,-0.0120214726775885,0.448945760726929,0.184461981058121,0.029863603413105,0.0660411566495895,0.0307877361774445,-0.0200623515993357,0.0152412438765168,-0.00178148970007896,-0.0116254575550556,0,0.232532396912575,0.0395919270813465,0.0609928593039513,0.0557759441435337,0.0254201665520668,0.125166475772858,0.0685218200087547,0.110274240374565,0.228403761982918,0.218486249446869,0.119202747941017,0.323044866323471,0.110704757273197,0.0615806020796299,0.0889062732458115,0.320379853248596,0.17955419421196,0.270586967468262,0.0813946053385735,-0.0566313117742538,0.000545175222214311,-0.0594010055065155,0.0489998646080494,0.077619232237339,0.0645325407385826,0.0593446344137192,0.245040521025658,0.225366041064262,-0.0583108998835087,0.135500267148018,0.0644175782799721,0.20440386235714,-0.117484524846077,0.0493730306625366,0.128104969859123,0.0784654766321182,0.0708942711353302,0.0333764962852001,0.0303805861622095,0.0461974702775478,0.0546552315354347,0.107771508395672,0.222295507788658,0.14741262793541,0.12858921289444,0.308576643466949,0.0989961177110672,0.0430049709975719,0.0790951997041702,0.274532198905945,0.140102207660675,0.282319605350494,0.0652599632740021,-0.10263754427433,-0.0486155152320862,-0.0860830619931221,0.0382686294615269,0.108229763805866,0.0453186556696892,0.053882148116827,0.231632500886917,0.166908040642738,-0.0785766839981079,0.0777569636702538,0.0548039823770523,0.20293815433979,-0.103516586124897,0.0433524549007416,0.139374107122421,0.0823587998747826,0.0646040290594101
-0.0997368767857552,-0.101090215146542,-0.0401579402387142,-0.0206652861088514,-0.0300600901246071,0.186441451311111,0.262387752532959,0.00713675282895565,-0.0197796262800694,-0.0667474865913391,-0.111686803400517,-0.0366156436502934,-0.0152361318469048,-0.0306139271706343,0.232532396912575,0,0.0216853376477957,-0.00546770682558417,0.122292518615723,-0.0366856269538403,0.0382939279079437,0.0170326456427574,0.0786479115486145,0.177354454994202,0.0451144389808178,0.11731218546629,0.0045652287080884,0.0286004897207022,-0.0043126936070621,0.0226906947791576,0.147960379719734,0.127534180879593,0.101444825530052,0.0370236039161682,-0.0081160506233573,0.0306749567389488,0.039456482976675,-0.0525926128029823,0.0559443533420563,-0.10621277987957,0.0825684443116188,-0.0234014354646206,0.00697429152205586,-0.128367885947227,0.0297944359481335,0.030589597299695,0.203451678156853,-0.0741806551814079,0.0410020984709263,0.107404813170433,0.0063329329714179,0.0279878843575716,0.107099018990993,-0.032813549041748,-0.020947078242898,0.00214325170964003,0.0436358079314232,0.190451711416245,-0.00131407030858099,0.128971368074417,-0.00738125573843718,0.0253347624093294,-0.00641591427847743,0.0220350679010153,0.113073617219925,0.0954770669341087,0.104908592998981,0.0370198674499989,-0.0317565687000751,-0.0101668667048216,0.00728496583178639,-0.0659684836864471,0.076618567109108,-0.122698739171028,0.0899016931653023,-0.0310195721685886,-0.0260531827807426,-0.140176728367805,-0.00637331651523709,0.0375889241695404,0.213514313101768,-0.0834691748023033,0.0315035581588745,0.13667294383049,-0.00171848305035383,0.0226099640130997
0.0373464524745941,0.0561958365142345,0.116653397679329,0.0942957177758217,0.0175378005951643,0.0396993868052959,-0.00725785922259092,0.105735167860985,0.0413187593221664,0.0235571693629026,0.0894975736737251,0.140931993722916,0.117979280650616,0.0123969260603189,0.0395919270813465,0.0216853376477957,0,0.0645454302430153,-0.0244343113154173,0.0898111537098885,-0.0559570454061031,0.0319062322378159,0.00871880352497101,-0.0077280979603529,-0.0305740553885698,-0.0400170125067234,0.0771847739815712,0.0277488138526678,0.0114961266517639,0.0304632615298033,0.0601006187498569,-0.0646681860089302,0.00316794542595744,0.0287611484527588,-0.0324753224849701,-0.0799999088048935,-0.0637630075216293,0.0383157357573509,0.013159042224288,0.0511303395032883,0.00399551540613174,0.0630777403712273,0.124530076980591,-0.0285164825618267,0.0203056409955025,0.00349751557223499,0.0171651169657707,-0.0314396321773529,-0.0049492004327476,-0.0141970217227936,0.0390749536454678,0.0583741702139378,-0.015955476090312,0.0803124755620956,-0.0515422187745571,0.0331405960023403,0.00267818477004766,0.0127526596188545,-0.0347978882491589,-0.0179529376327991,0.0636713802814484,0.0273785032331944,0.0145030841231346,0.0199346877634525,0.0500754676759243,-0.0494194552302361,0.0230541098862886,0.0375820994377136,-0.0285769067704678,-0.104421332478523,-0.0388956479728222,0.0414112843573093,0.00636817002668977,0.0582876615226269,0.00971890147775412,0.0601389892399311,0.115253269672394,0.000282378867268562,0.00641414849087596,0.00679845735430717,0.0190281979739666,0.0139983892440796,-0.00991057138890028,-0.00388841796666384,0.0477507524192333,0.0664435476064682
0.258155047893524,0.21794305741787,0.14694856107235,0.142153322696686,0.0516691468656063,0.0643527135252953,-0.0312347915023565,0.0627829730510712,0.191306993365288,0.228848472237587,0.249547973275185,0.139946699142456,0.150905221700668,0.091035895049572,0.0609928593039513,-0.00546770682558417,0.0645454302430153,0,-0.0471323132514954,0.159360080957413,0.0412550158798695,0.0535115301609039,0.0401894748210907,0.00474761659279466,0.0540531724691391,0.0297269243746996,0.114208050072193,-0.000564079673495144,0.0926456972956657,0.0847519412636757,0.0170574504882097,-0.0214462131261826,0.0650250315666199,0.0728331804275513,0.0336136668920517,-0.0417205542325974,0.00187069701496512,0.152779579162598,0.0748273581266403,0.169659942388535,0.057288620620966,0.153296053409576,0.128638610243797,0.101469226181507,0.088661327958107,0.0483384542167187,0.0238523166626692,0.126676648855209,-0.032714981585741,0.0241978112608194,0.163272440433502,0.182980313897133,-0.00501865427941084,0.175970107316971,0.0899724289774895,0.0616211220622063,0.0193973258137703,-0.00247011194005609,0.103146336972713,0.0295685324817896,0.137118577957153,0.00763446930795908,0.108839258551598,0.0724902749061584,0.0674445331096649,0.0208518076688051,0.0551383383572102,0.106592908501625,0.101958237588406,0.0124105298891664,0.0752172768115997,0.164065957069397,0.0728428438305855,0.186542868614197,0.0713283494114876,0.182532846927643,0.141207545995712,0.136468261480331,0.152453631162643,0.0384395495057106,0.0347592495381832,0.150637954473495,0.0111505957320333,-0.00249982299283147,0.140111520886421,0.203754156827927
-0.17388217151165,-0.110878549516201,-0.0421729683876038,-0.0552009865641594,-0.0244317073374987,0.0786122977733612,0.151669844985008,-0.0345135070383549,-0.0389822237193584,-0.0934822708368301,-0.18087075650692,-0.076756164431572,-0.0512148514389992,-0.0232693571597338,0.0557759441435337,0.122292518615723,-0.0244343113154173,-0.0471323132514954,0,-0.041331835091114,0.193029463291168,0.040851179510355,0.0339391641318798,0.275094419717789,0.186715811491013,0.255789041519165,-0.139218479394913,0.0799046084284782,0.0510056018829346,0.0785515829920769,0.0403746701776981,0.557499527931213,0.00771800987422466,-0.00999706797301769,0.439642876386642,0.1485246270895,0.533772945404053,-0.032324381172657,0.0770413056015968,-0.104911476373672,0.149031728506088,-0.0441508591175079,-0.115553073585033,-0.0410495959222317,0.14557184278965,0.0587921105325222,0.72276371717453,0.165701538324356,0.109037585556507,0.165138572454453,0.164532035589218,0.12807884812355,0.675432085990906,-0.0431618168950081,0.0184364281594753,0.0218245815485716,0.0211242493242025,0.228690758347511,0.0252929423004389,0.192058488726616,-0.168046295642853,0.0808116272091866,0.0143568236380816,0.0728288665413857,-0.0294610895216465,0.364405065774918,0.0286497194319963,0.0127373095601797,0.197512865066528,0.160869896411896,0.272221326828003,-0.0654297918081284,0.140722587704659,-0.159334450960159,0.132005259394646,-0.0959669500589371,-0.0950065478682518,-0.0957918390631676,0.047251258045435,0.0412710718810558,0.626078963279724,0.0322392359375954,0.0574515499174595,0.173111110925674,0.178279012441635,0.10694658011198
0.228512480854988,0.266651928424835,0.205026641488075,0.30148908495903,0.101734414696693,0.0335393287241459,-0.0412896871566772,0.0957781672477722,0.165318176150322,0.222366169095039,0.296486377716064,0.207812517881393,0.27517756819725,0.129336997866631,0.0254201665520668,-0.0366856269538403,0.0898111537098885,0.159360080957413,-0.041331835091114,0,-0.10732839256525,0.166910082101822,0.0453728586435318,0.015514861792326,-0.160804435610771,-0.0093215350061655,-0.0114363469183445,0.0137009443715215,0.235191106796265,0.178142890334129,-0.110775679349899,-0.298736333847046,0.00206662411801517,0.367832273244858,0.205734416842461,-0.247814133763313,0.0125689590349793,0.251430481672287,0.294356346130371,0.431866705417633,0.375396400690079,0.0820555314421654,0.283386886119843,0.257675439119339,0.342253834009171,0.272347390651703,0.0716906189918518,0.419559001922607,-0.145546913146973,-0.058186624199152,0.299277693033218,0.574630379676819,0.0277480632066727,0.607812285423279,-0.129057765007019,0.177696093916893,-0.000717386486940086,-0.00431318348273635,-0.153108790516853,-0.00840524863451719,0.0320153422653675,0.0372017584741116,0.18772991001606,0.149292588233948,-0.0678214430809021,-0.275928854942322,0.0129435500130057,0.349455833435059,0.276780873537064,-0.247013956308365,0.11191987991333,0.252192825078964,0.247379511594772,0.448092103004456,0.363476306200027,0.129160553216934,0.290099531412125,0.232653602957726,0.266014456748962,0.217285886406898,0.056940533220768,0.457574784755707,-0.170447424054146,-0.10078239440918,0.241380050778389,0.554027557373047
0.0557508580386639,0.0497885346412659,0.116177640855312,-0.0353278815746307,-0.00705348933115602,0.144001707434654,0.0382850654423237,-0.0613378137350082,0.0128368558362126,0.27303671836853,-0.0101214358583093,0.0588507875800133,-0.03836964443326,-0.0343732126057148,0.125166475772858,0.0382939279079437,-0.0559570454061031,0.0412550158798695,0.193029463291168,-0.10732839256525,0,-0.130535185337067,0.0667027607560158,0.188945665955544,0.724946975708008,0.563233017921448,0.220323830842972,-0.0687085017561913,0.300281524658203,-0.0811020508408546,0.110513895750046,0.476144969463348,0.17243205010891,-0.099381648004055,0.579713821411133,0.465050250291824,0.534953355789185,-0.0993817523121834,-0.0418336950242519,0.123492851853371,0.0954257994890213,0.33606806397438,-0.0250222217291594,0.699201166629791,0.415306150913239,0.361569613218307,0.0479298830032349,0.385639131069183,0.0321572162210941,-0.000434920162661001,-0.00197501410730183,-0.0305828396230936,0.0122567787766457,-0.11205180734396,0.669547080993652,-0.189417585730553,0.0683399960398674,0.10181962698698,0.510006308555603,0.271873027086258,0.0883957594633102,-0.0434818938374519,0.116187900304794,-0.0870125293731689,0.0545334927737713,0.28547540307045,0.126216232776642,-0.093494787812233,0.307144373655319,0.335055142641068,0.246769562363625,-0.104863464832306,-0.0177517589181662,-0.00928479339927435,0.0285858735442162,0.181754931807518,-0.101418912410736,0.294382631778717,0.0994311422109604,0.145263433456421,0.0350482277572155,0.0635067149996758,0.0737071484327316,0.012805805541575,0.0110093802213669,-0.0717837065458298
-0.0282891113311052,0.0776869580149651,-0.00335255963727832,0.0261992327868938,0.00803908240050077,0.0822791308164597,0.0168745629489422,0.0225967932492495,0.0592566691339016,0.00299735832959414,0.0606955774128437,-0.0228084810078144,0.0239485558122396,0.0147246653214097,0.0685218200087547,0.0170326456427574,0.0319062322378159,0.0535115301609039,0.040851179510355,0.166910082101822,-0.130535185337067,0,0.00295315659604967,0.311046153306961,0.0217361394315958,-0.152376964688301,0.12285540252924,0.170852094888687,0.0304918233305216,0.924576580524445,-0.00909111090004444,-0.170328482985497,0.173019826412201,0.336180090904236,-0.0889473780989647,-0.208410143852234,-0.146425276994705,0.890248656272888,0.291942000389099,0.0696266815066338,0.268397241830826,0.280084282159805,0.0791220963001251,-0.0341790653765202,0.0793275609612465,0.657238245010376,0.152154386043549,0.0160962827503681,-0.0490977391600609,0.00346633279696107,0.194310635328293,0.223250284790993,0.0770305395126343,0.173207864165306,-0.254120767116547,0.9747194647789,-0.00951112154871225,0.342405825853348,-0.0762702077627182,-0.087535671889782,0.173002377152443,0.23990561068058,-0.0274720583111048,0.915669620037079,-0.0108425077050924,-0.198018044233322,0.183843940496445,0.316241770982742,-0.126663848757744,-0.259574711322784,-0.177511855959892,0.853775322437286,0.336207807064056,0.0748085603117943,0.282136619091034,0.32806721329689,0.0868306457996368,-0.0975298061966896,-0.0184012241661549,0.578536868095398,0.143058225512505,0.042009212076664,-0.0857950150966644,0.00422146776691079,0.157865673303604,0.19600111246109
0.0151224248111248,0.0172924734652042,-0.00326375244185328,0.00101220107171685,0.0092596523463726,0.133673712611198,0.0747577250003815,-0.00378168723545969,0.0182296633720398,0.0389768518507481,0.012666811235249,-0.0172594971954823,0.00924286339432001,0.00876740645617247,0.110274240374565,0.0786479115486145,0.00871880352497101,0.0401894748210907,0.0339391641318798,0.0453728586435318,0.0667027607560158,0.00295315659604967,0,0.163850173354149,0.108479775488377,0.134882226586342,0.0578463189303875,0.0261691398918629,0.0873676165938377,0.0253374464809895,0.0954413264989853,0.11015997081995,0.102048486471176,0.0304573941975832,0.0614526756107807,0.0427682846784592,0.0685101822018623,0.00850180350244045,0.0388158038258553,0.0383384078741074,0.0503832250833511,0.0357895381748676,0.0606180615723133,0.0277651287615299,0.0683015510439873,0.0738408416509628,0.103335313498974,0.0470654778182507,0.0343151092529297,0.0992527455091476,0.0434178560972214,0.0907058343291283,0.0153142437338829,0.0223093740642071,0.0380717739462852,-0.00943566113710403,0.0528377927839756,0.137159913778305,0.0744170770049095,0.115970842540264,0.057532861828804,0.0121585680171847,0.0539828911423683,0.0249899011105299,0.0890032425522804,0.0743989944458008,0.0796084180474281,0.00330918468534946,0.0485997460782528,0.0250890217721462,0.0422062091529369,0.000653834897093475,0.034956268966198,0.0275640767067671,0.0424008592963219,0.0530246831476688,0.0262599773705006,-0.00781615544110537,0.0478254817426205,0.0610454194247723,0.0714762881398201,0.0280549675226212,0.0258985087275505,0.0498622767627239,0.0218170490115881,0.0800633579492569
-0.0934327691793442,-0.0727554485201836,-0.0665473714470863,-0.0328825712203979,-0.0149265704676509,0.225997030735016,0.184812694787979,-0.0190796721726656,0.00458943145349622,-0.135377466678619,-0.0925218388438225,-0.0744569599628448,-0.0432177074253559,-0.0271792430430651,0.228403761982918,0.177354454994202,-0.0077280979603529,0.00474761659279466,0.275094419717789,0.015514861792326,0.188945665955544,0.311046153306961,0.163850173354149,0,0.29487556219101,0.340617448091507,0.083954244852066,0.528464257717133,0.0751363933086395,0.503452718257904,0.180935680866241,0.188355877995491,0.349661499261856,0.0803621411323547,0.109713464975357,0.0158300325274467,0.0885275080800056,0.270829766988754,0.105555392801762,-0.0743202865123749,0.143591120839119,0.0986975505948067,0.044094018638134,-0.0560114271938801,0.0635585859417915,0.486952871084213,0.336099475622177,-0.0216109547764063,0.0636718571186066,0.148342609405518,0.112628109753132,0.129889100790024,0.273065835237503,0.0350386053323746,0.0429315492510796,0.28686198592186,0.107543312013149,0.821983933448792,0.180528253316879,0.357649952173233,0.101159609854221,0.489271581172943,0.0617688596248627,0.510735392570496,0.158137038350105,0.185292154550552,0.363121688365936,0.0896646231412888,0.0870584174990654,-0.0258094277232885,0.124993376433849,0.202314808964729,0.151654630899429,-0.0521482676267624,0.170875713229179,0.16459958255291,0.0446334518492222,-0.0768212899565697,0.0462221279740334,0.480425924062729,0.28105965256691,-0.0304483622312546,0.035806018859148,0.134412318468094,0.0893067270517349,0.0896773487329483
