0,0.325811415910721,0.24838450551033,0.264730840921402,0.0807718634605408,-0.000461538293166086,-0.0895517095923424,0.053076483309269,0.202999219298363,0.715557217597961,0.408803284168243,0.345278292894363,0.284402132034302,0.102842316031456,0.0107003329321742,-0.0869004428386688,0.0334196612238884,0.258076310157776,-0.13759933412075,0.215099826455116,0.0546262934803963,0.0110165346413851,0.0285487174987793,-0.0548755042254925,0.051041305065155,0.136114493012428,0.10233747959137,0.00677435146644711,0.193547084927559,0.0131995575502515,-0.147194489836693,-0.0962439924478531,0.0145195499062538,0.134596884250641,0.0726083815097809,-0.0615340583026409,0.0185186024755239,0.121163748204708,0.078978918492794,0.341361492872238,0.0941965505480766,0.191039815545082,0.0958599150180817,0.329690277576447,0.0454491041600704,0.16708593070507,-0.140608221292496,0.336080551147461,-0.0945927947759628,-0.0508140400052071,0.039658185094595,0.223468825221062,-0.0257083550095558,0.263665914535522,0.394787847995758,0.00817673467099667,0.0401993356645107,-0.0783064141869545,0.340784430503845,0.225662603974342,0.186515539884567,0.00946799665689468,0.314096659421921,-0.0134985400363803,-0.031455148011446,0.131584659218788,0.0261699426919222,0.152897715568542,0.361317753791809,0.178556606173515,0.272282272577286,0.142027869820595,0.0882127955555916,0.430940240621567,0.191966876387596,0.305812180042267,0.166987910866737,0.560792982578278,0.367017239332199,0.184701889753342,-0.106762759387493,0.509350538253784,-0.00846936088055372,-0.073590062558651,0.0453241132199764,0.275803118944168
0.325811415910721,0,0.247750744223595,0.274799257516861,0.115410126745701,0.0129453735426068,-0.0775802358984947,0.0776184424757957,0.228656873106956,0.347316712141037,0.516036331653595,0.26998171210289,0.266241312026978,0.107545852661133,-0.00403284234926105,-0.0969215929508209,0.059589359909296,0.220864370465279,-0.0974378660321236,0.256322026252747,0.0376024655997753,0.111389316618443,0.023215040564537,-0.0525725968182087,0.0432930812239647,0.0433569476008415,0.137233436107635,0.0784089118242264,0.144594505429268,0.139834210276604,-0.0408957488834858,-0.110151581466198,0.0142886620014906,0.185289606451988,0.104306891560555,-0.0768037438392639,0.0022447258234024,0.236187890172005,0.148496866226196,0.328120023012161,0.136995106935501,0.191054001450539,0.160456165671349,0.201827809214592,0.162573114037514,0.127191737294197,-0.0947368890047073,0.232676193118095,-0.0552155636250973,-0.0546099431812763,0.177307158708572,0.287694960832596,-0.11019653826952,0.260719418525696,0.0616186335682869,0.105343505740166,0.0153101412579417,-0.0709881633520126,0.0611740797758102,-0.017254551872611,0.133153170347214,0.0705872625112534,0.132357195019722,0.103377193212509,-0.0248185526579618,-0.090806633234024,-0.0124103333801031,0.121034279465675,0.159917399287224,-0.0419426113367081,0.0756641551852226,0.270381063222885,0.0933897569775581,0.315659672021866,0.114069655537605,0.185287103056908,0.149975091218948,0.173274949193001,0.164228975772858,0.0614508576691151,-0.11227760463953,0.217950984835625,-0.0541698038578033,-0.0745233148336411,0.155014842748642,0.268365293741226
0.24838450551033,0.247750744223595,0,0.400957733392715,0.113714434206486,0.0369269847869873,-0.0192293860018253,0.153320387005806,0.143209487199783,0.278098076581955,0.276231616735458,0.598338961601257,0.395641922950745,0.0700314119458199,0.0324722230434418,-0.0298065114766359,0.124908678233624,0.150820061564445,-0.0191074591130018,0.192382410168648,0.0974754244089127,0.0304642710834742,0.00980954244732857,-0.0369196198880672,0.0145163247361779,0.0408812798559666,0.0806204304099083,0.00409597298130393,0.18941430747509,0.0469198934733868,-0.00808989442884922,-0.0718816444277763,-0.028270622715354,0.0542008839547634,0.214131012558937,-0.0233978945761919,0.129528746008873,0.107166826725006,0.0110410768538713,0.194809764623642,0.0823916047811508,0.0905528888106346,0.178846314549446,0.222823172807693,0.199429005384445,0.0527896285057068,-0.0492718480527401,0.175122797489166,-0.0528795979917049,-0.0465719997882843,0.0844941884279251,0.185494914650917,-0.0130654750391841,0.176984921097755,0.0902309715747833,0.00930781196802855,0.034165196120739,-0.0492258034646511,0.0156079353764653,0.0114877400919795,0.0631134212017059,0.0155942728742957,0.155877247452736,0.0231691226363182,-0.0035295553971082,-0.0744281113147736,-0.0156395137310028,0.0355035327374935,0.188962206244469,-0.0381127744913101,0.132793113589287,0.120874278247356,-0.00531349936500192,0.193829074501991,0.0913299396634102,0.0750517472624779,0.124156221747398,0.146837949752808,0.143567532300949,0.0103462301194668,-0.0514734834432602,0.16494420170784,-0.0641030073165894,-0.0482092201709747,0.0849379599094391,0.179828837513924
0.264730840921402,0.274799257516861,0.400957733392715,0,0.211125552654266,0.0195309817790985,-0.00494891824200749,0.117581740021706,0.137849971652031,0.247210502624512,0.284669429063797,0.382321119308472,0.663462042808533,0.130831092596054,0.0169230550527573,-0.00825075712054968,0.102818019688129,0.14641535282135,-0.0344883538782597,0.296206295490265,-0.0469428598880768,0.0688779056072235,0.0141197899356484,0.00387648423202336,-0.100027203559875,0.020288547500968,0.0123014850541949,0.027494752779603,0.151337474584579,0.0796250402927399,-0.0268627107143402,-0.161029368638992,-0.00754969473928213,0.212617605924606,0.170764282345772,-0.106262594461441,0.0575530007481575,0.146458819508553,0.203788891434669,0.209846943616867,0.294719666242599,0.0475076511502266,0.1373091340065,0.133613124489784,0.177940160036087,0.136783435940742,0.0044341990724206,0.261167585849762,-0.0684119686484337,-0.0161943081766367,0.139616325497627,0.364589720964432,-0.00855988077819347,0.290554136037827,0.00324391364119947,0.065934881567955,0.0135533874854445,-0.0143272280693054,-0.05252381041646,-0.0143097033724189,0.0282019525766373,0.0358076803386211,0.15969705581665,0.0643680840730667,-0.0254249833524227,-0.135987669229507,0.0195638108998537,0.173299416899681,0.252471655607224,-0.0731401219964027,0.148403525352478,0.16255883872509,0.141678407788277,0.253079682588577,0.281931936740875,0.0869684740900993,0.137133568525314,0.158855006098747,0.179376825690269,0.108581840991974,-0.0163979586213827,0.30481618642807,-0.0705157518386841,-0.0530988909304142,0.134464547038078,0.363758146762848
0.0807718634605408,0.115410126745701,0.113714434206486,0.211125552654266,0,0.00265600648708642,-0.0166848804801702,0.0255847722291946,0.0584386400878429,0.0965275093913078,0.110493816435337,0.121412940323353,0.187210097908974,0.0465574413537979,-0.000367099390132353,-0.0243780575692654,0.0250238683074713,0.0575766861438751,-0.0102514093741775,0.0997312963008881,0.000303187407553196,0.0121082505211234,0.016186261549592,0.000831363548059016,-0.0186291951686144,0.0159154236316681,-0.00895229261368513,-0.00713838823139668,0.0774674862623215,0.0162026602774858,-0.0262933559715748,-0.0330611318349838,-0.00847047660499811,0.0220562573522329,0.0762248188257217,0.0071744816377759,0.0561110787093639,0.0562340095639229,0.0738990604877472,0.0898651853203773,0.0981337949633598,0.00674077542498708,0.0573714002966881,0.0687438920140266,0.0693776085972786,0.0167509932070971,0.0126280775293708,0.111072346568108,-0.0312520004808903,-0.0187155697494745,0.0678371861577034,0.148338213562965,-0.00583144277334213,0.11053092032671,-0.0244366303086281,0.00584434764459729,-0.0153158968314528,-0.0250788554549217,-0.0394106544554234,-0.0108693856745958,-0.00794907193630934,0.00134583201725036,0.0670731514692307,0.00364579749293625,-0.0262294430285692,-0.0470273345708847,-0.0200462266802788,0.0318488255143166,0.0869600027799606,-0.00935990456491709,0.0657023414969444,0.0577635541558266,0.063641294836998,0.0746896713972092,0.0848692283034325,-0.00634774705395103,0.0268500335514545,0.0377753563225269,0.0456365682184696,-0.0069843353703618,-0.00733523955568671,0.100452333688736,-0.0448744408786297,-0.0221081171184778,0.0437748245894909,0.136706605553627
-0.000461538293166086,0.0129453735426068,0.0369269847869873,0.0195309817790985,0.00265600648708642,0,0.171060800552368,0.0220256391912699,0.0870273411273956,0.0600751675665379,0.00119823904242367,0.0264398064464331,0.0129223875701427,-0.0145080676302314,0.445740878582001,0.182337999343872,0.0448019281029701,0.0742633044719696,0.068113200366497,0.0581877864897251,0.135556563735008,0.102216556668282,0.135870650410652,0.226545229554176,0.241380929946899,0.125027552247047,0.334247201681137,0.139295816421509,0.0947405248880386,0.136721804738045,0.302168428897858,0.195603057742119,0.272709518671036,0.0832889825105667,-0.0203639268875122,0.0174377616494894,-0.0216412954032421,0.0996844843029976,0.0975534096360207,0.109823606908321,0.0637544691562653,0.259431302547455,0.22812694311142,0.0089110704138875,0.165373638272285,0.0869851335883141,0.21666719019413,-0.0558859445154667,0.051033366471529,0.157775536179543,0.125393316149712,0.102267719805241,0.0405541136860847,0.047938659787178,0.00256602978333831,0.0810443609952927,0.0903005078434944,0.220084697008133,0.122517451643944,0.100332640111446,0.282303065061569,0.143453642725945,0.0299024768173695,0.122760564088821,0.275339066982269,0.118954055011272,0.231018170714378,0.0738007053732872,-0.0924937576055527,-0.0530826523900032,-0.0629700347781181,0.0758509933948517,0.107715368270874,0.051388718187809,0.0670603066682816,0.215379416942596,0.16653273999691,-0.0686547607183456,0.0786496624350548,0.0562844201922417,0.188970595598221,-0.0750595554709435,0.0489656254649162,0.124257162213326,0.113895483314991,0.0811949446797371
-0.0895517095923424,-0.0775802358984947,-0.0192293860018253,-0.00494891824200749,-0.0166848804801702,0.171060800552368,0,-0.0103981122374535,-0.00154901540372521,-0.0391945131123066,-0.105538435280323,-0.0461648441851139,-0.0253911446779966,-0.0231955032795668,0.180396229028702,0.26140758395195,-0.00911712180823088,-0.0281489603221416,0.153273463249207,-0.0193779245018959,0.0428197644650936,0.0171391647309065,0.0804158970713615,0.187564745545387,0.0688500553369522,0.137473896145821,-0.00668817944824696,0.0731878578662872,0.0100841671228409,0.0429048053920269,0.172047793865204,0.16227163374424,0.0694827511906624,0.017889354377985,0.0283463541418314,0.0733122378587723,0.0711798444390297,-0.0102792344987392,0.0574057288467884,-0.116201892495155,0.0741400346159935,-0.0429297685623169,-0.00125638884492218,-0.12986196577549,0.0564402863383293,0.0366978198289871,0.230741873383522,-0.0520508922636509,0.0460259802639484,0.135540217161179,0.0151500133797526,0.0421503782272339,0.103658273816109,-0.043749775737524,-0.070872575044632,0.00911869201809168,0.0293953567743301,0.167188197374344,-0.0358808040618896,0.0928215309977531,-0.0338309966027737,0.0620779171586037,-0.0206967871636152,0.035031508654356,0.0935926362872124,0.0760937035083771,0.0600472800433636,0.0239623971283436,-0.0488751716911793,-0.0275819394737482,-0.016751866787672,-0.0302443262189627,0.0628200322389603,-0.13338640332222,0.0754016265273094,-0.058628011494875,-0.0180829465389252,-0.185033082962036,-0.0190788041800261,0.0444246530532837,0.190656065940857,-0.106683596968651,0.0259361583739519,0.113830380141735,0.00677997479215264,0.0117986053228378
0.053076483309269,0.0776184424757957,0.153320387005806,0.117581740021706,0.0255847722291946,0.0220256391912699,-0.0103981122374535,0,0.0558557026088238,0.0350113473832607,0.0770865976810455,0.137693211436272,0.116581216454506,0.0165739636868238,0.0369035787880421,0.00429569697007537,0.115343488752842,0.0682419836521149,-0.027824142947793,0.0924894064664841,-0.0636091306805611,0.0360631942749023,-4.25102189183235e-05,-0.00312412390485406,-0.0465134531259537,-0.0236042253673077,0.0593038313090801,0.0274666585028172,0.0247690379619598,0.0266250986605883,0.0652559846639633,-0.0626342073082924,0.0242235455662012,0.057570643723011,-0.0284936912357807,-0.0894537419080734,-0.0754103437066078,0.0578157007694244,0.0281956177204847,0.0685940086841583,0.0220562517642975,0.050635077059269,0.121717698872089,-0.00393588840961456,0.0148120941594243,0.0160091631114483,0.0101590501144528,0.00483770109713078,-0.00413718307390809,0.0040559358894825,0.0472104027867317,0.0882262662053108,-0.0160534270107746,0.0817078426480293,-0.0411640405654907,0.0394528433680534,-0.00443217996507883,0.00810060743242502,-0.0222561787813902,0.0031256543006748,0.0740093067288399,0.0452717468142509,0.0333351828157902,0.0195507518947124,0.060437373816967,-0.0448197610676289,0.0153633505105972,0.0550757572054863,-0.000643612002022564,-0.0922189727425575,-0.0156788751482964,0.0643883571028709,0.0201757866889238,0.0778207033872604,0.041245561093092,0.0631123930215836,0.10499631613493,0.015800129622221,0.0326598472893238,0.016888128593564,0.0174464732408524,0.0577601306140423,-0.0159683711826801,0.000739790382795036,0.0587391331791878,0.0885574445128441
0.202999219298363,0.228656873106956,0.143209487199783,0.137849971652031,0.0584386400878429,0.0870273411273956,-0.00154901540372521,0.0558557026088238,0,0.221317887306213,0.241547256708145,0.13464929163456,0.138489201664925,0.0567287690937519,0.0773839578032494,-0.0181192122399807,0.047949343919754,0.203313574194908,-0.0390815213322639,0.156684294342995,0.009202447719872,0.0742655992507935,0.0234628245234489,0.0149534493684769,0.0313037931919098,0.0110562723129988,0.121379695832729,0.029015026986599,0.0772089287638664,0.105777703225613,0.0200069043785334,-0.0469771213829517,0.0691595822572708,0.121095277369022,0.0343281701207161,-0.0579458251595497,-0.0137740885838866,0.173912316560745,0.0984432846307755,0.18246391415596,0.0791303738951683,0.145453989505768,0.133569940924644,0.0981400460004807,0.0779583230614662,0.0578479766845703,0.00567732052877545,0.111732572317123,-0.0297044292092323,-0.0223348066210747,0.12420417368412,0.182917401194572,-0.0236599836498499,0.172169134020805,0.0451663434505463,0.0666028037667274,0.0283629260957241,-0.00157802237663418,0.0603694505989552,0.0188007820397615,0.142453044652939,0.0219374448060989,0.0909672230482101,0.0948248356580734,0.0530280955135822,-0.00778320897370577,0.0402951836585999,0.0796074792742729,0.089045025408268,-0.0334400907158852,0.04505330696702,0.182547882199287,0.0795805901288986,0.179498836398125,0.0767262354493141,0.165144473314285,0.137514784932137,0.10456059128046,0.121296256780624,0.0223878715187311,-0.000557148770894855,0.146033182740211,-0.0380099564790726,-0.00435478938743472,0.123200967907906,0.177746206521988
0.715557217597961,0.347316712141037,0.278098076581955,0.247210502624512,0.0965275093913078,0.0600751675665379,-0.0391945131123066,0.0350113473832607,0.221317887306213,0,0.320523738861084,0.274500548839569,0.214047431945801,0.0931413695216179,0.0501941628754139,-0.052932009100914,0.0258253403007984,0.225163906812668,-0.0670608654618263,0.213941544294357,0.244478449225426,0.0471781045198441,0.0544196516275406,-0.0880529135465622,0.191766008734703,0.212423518300056,0.144829973578453,-0.0726155266165733,0.199362829327583,0.0327856279909611,-0.0165513940155506,0.0452552400529385,0.0431653708219528,0.203666269779205,0.209231361746788,0.0816956982016563,0.180806860327721,0.144367456436157,0.266910552978516,0.297438114881516,0.279369354248047,0.22379857301712,0.0912769511342049,0.425491005182266,0.267810523509979,0.239092886447906,-0.100126065313816,0.374358683824539,-0.0250179748982191,0.0010669237235561,0.0460305958986282,0.225952684879303,-0.131219148635864,0.167021483182907,0.115576982498169,0.0318370126187801,0.0298201981931925,-0.0931854471564293,0.0913495495915413,0.108304038643837,0.087470106780529,-0.0298276245594025,0.0943293049931526,0.0290925540030003,-0.0243393015116453,0.0023404392413795,0.0276770740747452,0.140766218304634,0.142805114388466,0.0269639194011688,0.0495787374675274,0.162882074713707,0.149735897779465,0.255369573831558,0.17542852461338,0.1345304697752,0.0539397783577442,0.209693089127541,0.0742421522736549,0.0909082591533661,-0.0918972045183182,0.323194652795792,-0.0497655458748341,-0.0520845092833042,0.04711939021945,0.197360277175903
0.408803284168243,0.516036331653595,0.276231616735458,0.284669429063797,0.110493816435337,0.00119823904242367,-0.105538435280323,0.0770865976810455,0.241547256708145,0.320523738861084,0,0.335796773433685,0.315473109483719,0.11989776045084,-0.0148854991421103,-0.110443450510502,0.096331462264061,0.262901216745377,-0.169736534357071,0.286498099565506,-0.0175671242177486,0.0998566150665283,0.0156432501971722,-0.0652029365301132,-0.00264414725825191,-0.0183939840644598,0.146415874361992,0.059879694133997,0.130882263183594,0.127286538481712,-0.0719749629497528,-0.186259672045708,0.0213796943426132,0.139530450105667,0.0231772549450397,-0.148670926690102,-0.0594681352376938,0.24820801615715,0.0819123834371567,0.341775983572006,0.0870294645428658,0.202148422598839,0.188353538513184,0.181602045893669,0.0821393877267838,0.0914682447910309,-0.143694430589676,0.226159110665321,-0.0942093133926392,-0.0777344331145287,0.182679489254951,0.282680302858353,-0.13021619617939,0.312549233436584,0.154134199023247,0.107693731784821,0.00545948650687933,-0.093721516430378,0.146476835012436,-0.018372505903244,0.200276881456375,0.0417773388326168,0.189479395747185,0.0945875272154808,-0.0236546155065298,-0.0649851113557816,0.00987181439995766,0.149487987160683,0.241186618804932,-0.0124216843396425,0.149663880467415,0.289336353540421,0.0658559426665306,0.403152823448181,0.131476685404778,0.267592906951904,0.205133244395256,0.294617354869843,0.261633723974228,0.0685091465711594,-0.130361542105675,0.306905150413513,-0.0451232381165028,-0.106969766318798,0.178429573774338,0.310693383216858
0.345278292894363,0.26998171210289,0.598338961601257,0.382321119308472,0.121412940323353,0.0264398064464331,-0.0461648441851139,0.137693211436272,0.13464929163456,0.274500548839569,0.335796773433685,0,0.417275607585907,0.0878663212060928,0.0316448137164116,-0.0255070570856333,0.151080384850502,0.151064798235893,-0.057518620043993,0.197549343109131,0.0489507503807545,0.00797063112258911,-0.00540918717160821,-0.0483546145260334,-0.0107057159766555,0.023934306576848,0.0880261585116386,0.0172369312494993,0.182889863848686,0.0351360216736794,-0.0445075444877148,-0.129334136843681,-0.0231543406844139,0.0433032102882862,0.181936994194984,-0.0535860061645508,0.110022813081741,0.115094371140003,0.0178450401872396,0.218388915061951,0.0711194351315498,0.0800407081842422,0.178871914744377,0.2033371925354,0.123236551880836,0.0720278918743134,-0.0670664831995964,0.178655564785004,-0.0824793800711632,-0.0602033287286758,0.0834502652287483,0.194192856550217,-0.00625424133613706,0.240225329995155,0.171522527933121,-0.0193664729595184,0.0229252614080906,-0.0621815361082554,0.0818975940346718,0.0400026701390743,0.0918928757309914,0.00427728425711393,0.231613397598267,0.00836900342255831,0.00089287175796926,-0.046066589653492,0.00719180935993791,0.0518639497458935,0.273787587881088,0.0384775549173355,0.21979159116745,0.125812619924545,-0.0279824864119291,0.263576060533524,0.0872547551989555,0.127599343657494,0.189467087388039,0.259945839643478,0.220324456691742,0.0351366996765137,-0.070386990904808,0.228557094931602,-0.0573412701487541,-0.0510029643774033,0.071184478700161,0.222351267933846
0.284402132034302,0.266241312026978,0.395641922950745,0.663462042808533,0.187210097908974,0.0129223875701427,-0.0253911446779966,0.116581216454506,0.138489201664925,0.214047431945801,0.315473109483719,0.417275607585907,0,0.150442466139793,0.0211464855819941,-0.00388252083212137,0.12385418266058,0.159931316971779,-0.030942901968956,0.276876538991928,-0.0461492910981178,0.0645730718970299,0.0194151271134615,-0.000699814292602241,-0.0974449440836906,0.011241796426475,-0.000244209542870522,0.0497415214776993,0.148317784070969,0.0771544128656387,-0.0635103583335876,-0.162891626358032,-0.00748781953006983,0.182544097304344,0.156954601407051,-0.11390433460474,0.0561157204210758,0.150704175233841,0.133033707737923,0.217091783881187,0.24189692735672,0.0327792875468731,0.125980064272881,0.121488593518734,0.147343561053276,0.120992571115494,-0.0118448091670871,0.244118511676788,-0.0826790034770966,-0.0387079194188118,0.139021888375282,0.337366551160812,0.02113988250494,0.29817271232605,0.013129772618413,0.0558683462440968,0.0204514097422361,0.00144224322866648,-0.0452357716858387,0.0258374214172363,0.0154784191399813,0.0501661784946918,0.190149158239365,0.061768215149641,-0.040491446852684,-0.123972028493881,0.00852743908762932,0.17355027794838,0.283031076192856,-0.0589120276272297,0.18641309440136,0.165898382663727,0.138142436742783,0.25580245256424,0.302156984806061,0.0821478590369225,0.135085910558701,0.175269171595573,0.191456571221352,0.108383879065514,0.0144866816699505,0.317082732915878,-0.0925552845001221,-0.045111708343029,0.136401474475861,0.393228352069855
0.102842316031456,0.107545852661133,0.0700314119458199,0.130831092596054,0.0465574413537979,-0.0145080676302314,-0.0231955032795668,0.0165739636868238,0.0567287690937519,0.0931413695216179,0.11989776045084,0.0878663212060928,0.150442466139793,0,-0.00600243592634797,-0.0269719716161489,0.0112924324348569,0.0980671048164368,-0.0172770116478205,0.125946417450905,-0.0375820472836494,0.0303871631622314,0.0161489471793175,-0.0171906854957342,-0.0276677329093218,-0.0188226364552975,0.0102015994489193,-0.0120718758553267,0.0324301421642303,0.0302438084036112,-0.0300396010279655,-0.055466640740633,0.00649399450048804,0.0663554444909096,0.0270207561552525,-0.044750165194273,-0.00946702342480421,0.0661343261599541,0.073550246655941,0.0834807306528091,0.0778854116797447,0.0398215241730213,0.0582748986780643,0.0306633822619915,0.0538696646690369,0.0198903027921915,-0.00711663253605366,0.0854605138301849,-0.043135154992342,-0.01078577991575,0.075832799077034,0.124671168625355,-0.0133036496117711,0.106008179485798,0.00155711418483406,0.0300263501703739,0.00448021618649364,-0.013532898388803,-0.00580282276496291,-0.0119267664849758,0.0307861138135195,-0.0108937695622444,0.0293090026825666,0.0329535454511642,-0.0166082438081503,-0.0289491508156061,-0.00673170760273933,0.0794627442955971,0.0777614787220955,-0.0358356460928917,0.0521850623190403,0.0790971592068672,0.08189407736063,0.0881233289837837,0.0963412895798683,0.0529408268630505,0.0716937109827995,0.0521098151803017,0.0919416919350624,0.00881076697260141,-0.00801198650151491,0.113192819058895,-0.0235571581870317,-0.0206023901700974,0.0641501694917679,0.138486951589584
0.0107003329321742,-0.00403284234926105,0.0324722230434418,0.0169230550527573,-0.000367099390132353,0.445740878582001,0.180396229028702,0.0369035787880421,0.0773839578032494,0.0501941628754139,-0.0148854991421103,0.0316448137164116,0.0211464855819941,-0.00600243592634797,0,0.227350905537605,0.047356553375721,0.0699525699019432,0.0544412918388844,0.0614074505865574,0.122172690927982,0.0830995887517929,0.115817129611969,0.234989315271378,0.219092532992363,0.120526030659676,0.309013843536377,0.127972438931465,0.100585997104645,0.112661831080914,0.306328028440475,0.161506488919258,0.278485000133514,0.0829573422670364,-0.0222597420215607,-0.012804395519197,-0.0396267771720886,0.0781539082527161,0.087586335837841,0.088092252612114,0.0702244639396667,0.243005454540253,0.234335020184517,-0.0125823812559247,0.157221704721451,0.0829118862748146,0.211614668369293,-0.0697456225752831,0.0465474091470242,0.139238983392715,0.106535099446774,0.106663502752781,0.0477346554398537,0.0644602999091148,0.0491909459233284,0.0736347883939743,0.107078433036804,0.233080595731735,0.145037367939949,0.13826622068882,0.287573724985123,0.11780846118927,0.0692281350493431,0.103624664247036,0.262347429990768,0.133706778287888,0.280686259269714,0.0731294378638268,-0.0572030209004879,-0.0531335137784481,-0.0421116687357426,0.0649165436625481,0.120171703398228,0.0684777200222015,0.0726484507322311,0.233534321188927,0.188735216856003,-0.0416726917028427,0.110148139297962,0.077037014067173,0.211939543485641,-0.0492900721728802,0.0319473892450333,0.140874311327934,0.112404190003872,0.103971913456917
-0.0869004428386688,-0.0969215929508209,-0.0298065114766359,-0.00825075712054968,-0.0243780575692654,0.182337999343872,0.26140758395195,0.00429569697007537,-0.0181192122399807,-0.052932009100914,-0.110443450510502,-0.0255070570856333,-0.00388252083212137,-0.0269719716161489,0.227350905537605,0,0.0209895838052034,-0.00385028449818492,0.117139399051666,-0.0182817615568638,0.0426577664911747,0.0131021486595273,0.0800477340817451,0.180212125182152,0.0482920370995998,0.128342613577843,-0.0140049019828439,0.0268991962075233,0.0177992787212133,0.0333533883094788,0.137514933943748,0.117418244481087,0.0976928770542145,0.0277245435863733,0.0206836182624102,0.0344974137842655,0.0509983114898205,-0.0494849346578121,0.0541280135512352,-0.0983274579048157,0.0792336314916611,-0.0337129086256027,0.00525523908436298,-0.104852974414825,0.0453384630382061,0.0364314429461956,0.199042975902557,-0.0518829487264156,0.0419516898691654,0.108457200229168,0.0115988086909056,0.0479330793023109,0.107606701552868,-0.0203749798238277,-0.0259640086442232,0.00527928257361054,0.0493540801107883,0.183887377381325,-0.0100955236703157,0.134798526763916,-0.0339732207357883,0.0177143719047308,0.00761094130575657,0.0213667303323746,0.102608650922775,0.0801744014024734,0.103311397135258,0.0304693765938282,-0.00628524227067828,-0.0141909914091229,0.0294026918709278,-0.0651874542236328,0.0698708519339561,-0.115195453166962,0.08622957020998,-0.0431608818471432,-0.0264996327459812,-0.131756737828255,0.00130297453142703,0.0456382781267166,0.211483359336853,-0.0624525807797909,0.0228763818740845,0.137135818600655,0.00772497616708279,0.0445995591580868
0.0334196612238884,0.059589359909296,0.124908678233624,0.102818019688129,0.0250238683074713,0.0448019281029701,-0.00911712180823088,0.115343488752842,0.047949343919754,0.0258253403007984,0.096331462264061,0.151080384850502,0.12385418266058,0.0112924324348569,0.047356553375721,0.0209895838052034,0,0.0702494457364082,-0.0203077737241983,0.087455190718174,-0.0518304668366909,0.0360026992857456,0.014672470279038,0.00368146295659244,-0.0197854265570641,-0.032721746712923,0.0813815742731094,0.0383328050374985,0.0178864747285843,0.0392710044980049,0.0592916235327721,-0.0651161223649979,0.0122026745229959,0.036734826862812,-0.0275067798793316,-0.0776225328445435,-0.0622538663446903,0.048387672752142,0.0122490506619215,0.0637893527746201,0.00213569961488247,0.0761957094073296,0.126900807023048,-0.017358984798193,0.0247145127505064,0.0105327097699046,0.0196279250085354,-0.0268530901521444,-0.00925019476562738,-0.0109341815114021,0.044121328741312,0.0629528611898422,-0.0114804841578007,0.0789709687232971,-0.0435385592281818,0.0371098071336746,0.00646132510155439,0.0265452321618795,-0.0207632575184107,-0.0134528037160635,0.0751384347677231,0.0340253263711929,0.0216256026178598,0.0320452898740768,0.0490559488534927,-0.0367694459855556,0.0267019420862198,0.0473616644740105,-0.017473304644227,-0.107544787228107,-0.030090045183897,0.0520435310900211,0.00548304757103324,0.0675934478640556,0.00852554105222225,0.0760255828499794,0.120126560330391,0.00954250246286392,0.0158725380897522,0.0127857029438019,0.0269065964967012,0.0166787207126617,-0.0105947563424706,-0.000591634714510292,0.0488251820206642,0.0731730088591576
0.258076310157776,0.220864370465279,0.150820061564445,0.14641535282135,0.0575766861438751,0.0742633044719696,-0.0281489603221416,0.0682419836521149,0.203313574194908,0.225163906812668,0.262901216745377,0.151064798235893,0.159931316971779,0.0980671048164368,0.0699525699019432,-0.00385028449818492,0.0702494457364082,0,-0.044974822551012,0.162237942218781,0.0373127646744251,0.0684448778629303,0.0407080501317978,0.0226029306650162,0.0576322190463543,0.0291965566575527,0.124330535531044,0.0266755819320679,0.0970513522624969,0.107000604271889,0.0180593878030777,-0.0186095051467419,0.0780895352363586,0.103052228689194,0.0253211446106434,-0.0509987771511078,-0.00563248805701733,0.17452435195446,0.0955379977822304,0.18108856678009,0.0780156627297401,0.160117968916893,0.138545572757721,0.104846656322479,0.0863852277398109,0.0639102831482887,0.0267629362642765,0.138823956251144,-0.0380736701190472,0.0327766500413418,0.180710017681122,0.193641886115074,0.000765661534387618,0.181097865104675,0.0968198999762535,0.0780489519238472,0.0231272429227829,0.0181707385927439,0.106909200549126,0.030102826654911,0.148305088281631,0.0369267649948597,0.118156224489212,0.099174477159977,0.0655031651258469,0.0274991784244776,0.0620546080172062,0.120143100619316,0.118340834975243,0.0146386502310634,0.0871900618076324,0.190212652087212,0.0881453827023506,0.199293941259384,0.0964942798018456,0.193832293152809,0.145381733775139,0.142977729439735,0.166717901825905,0.0545780695974827,0.0281217768788338,0.167622983455658,0.00426960829645395,-0.00170142971910536,0.142246901988983,0.219296619296074
-0.13759933412075,-0.0974378660321236,-0.0191074591130018,-0.0344883538782597,-0.0102514093741775,0.068113200366497,0.153273463249207,-0.027824142947793,-0.0390815213322639,-0.0670608654618263,-0.169736534357071,-0.057518620043993,-0.030942901968956,-0.0172770116478205,0.0544412918388844,0.117139399051666,-0.0203077737241983,-0.044974822551012,0,-0.0165992826223373,0.191512852907181,0.0285800285637379,0.0377610735595226,0.262702226638794,0.18028712272644,0.267426878213882,-0.181596383452415,0.0914686396718025,0.0726930648088455,0.0705041587352753,0.0194668713957071,0.545915722846985,-0.00698685133829713,-0.0136202946305275,0.518031358718872,0.186224907636642,0.546952486038208,-0.0292930621653795,0.0709660202264786,-0.105382867157459,0.176146239042282,-0.0820315182209015,-0.130930840969086,0.00330166798084974,0.173743352293968,0.0548470914363861,0.749893307685852,0.210336774587631,0.0902062281966209,0.158163502812386,0.19839283823967,0.159439757466316,0.708973526954651,-0.0271339546889067,0.0333761461079121,0.0103970784693956,0.0254312586039305,0.226596429944038,0.0272019989788532,0.203093200922012,-0.202207431197166,0.0765661895275116,0.0263681076467037,0.0578127838671207,-0.0484550483524799,0.332192838191986,0.0290083028376102,0.00377220357768238,0.278818309307098,0.166888996958733,0.317445874214172,-0.0710122659802437,0.110145717859268,-0.169737830758095,0.131455570459366,-0.125913307070732,-0.109013848006725,-0.0696382075548172,0.0696891844272614,0.031973123550415,0.653917610645294,0.0624125488102436,0.0661289393901825,0.164616361260414,0.203368291258812,0.132063776254654
0.215099826455116,0.256322026252747,0.192382410168648,0.296206295490265,0.0997312963008881,0.0581877864897251,-0.0193779245018959,0.0924894064664841,0.156684294342995,0.213941544294357,0.286498099565506,0.197549343109131,0.276876538991928,0.125946417450905,0.0614074505865574,-0.0182817615568638,0.087455190718174,0.162237942218781,-0.0165992826223373,0,-0.105795204639435,0.187621906399727,0.0506973452866077,0.0645571947097778,-0.115138359367847,0.00119413051288575,0.0223798956722021,0.0449085012078285,0.213583335280418,0.205564394593239,-0.0734366029500961,-0.26030758023262,0.0356989279389381,0.407929599285126,0.193051785230637,-0.209181383252144,0.00981773156672716,0.272211134433746,0.333382040262222,0.402798175811768,0.41560086607933,0.105961501598358,0.290043354034424,0.224893033504486,0.3432277739048,0.286473423242569,0.0844175517559052,0.39650571346283,-0.126942381262779,-0.042256124317646,0.288420379161835,0.561223924160004,0.0364098250865936,0.581459403038025,-0.0983849465847015,0.196685969829559,0.00925056915730238,0.0515210665762424,-0.102875553071499,0.0246698334813118,0.0665056630969048,0.0563312284648418,0.192802935838699,0.181886434555054,-0.0400647558271885,-0.225652188062668,0.0525446981191635,0.382591247558594,0.28485181927681,-0.231237009167671,0.104611836373806,0.273357003927231,0.28757581114769,0.426357477903366,0.403469145298004,0.164774373173714,0.28082412481308,0.203275516629219,0.292020082473755,0.226217240095139,0.0756509453058243,0.45194274187088,-0.157622158527374,-0.0762508064508438,0.239247873425484,0.55183219909668
0.0546262934803963,0.0376024655997753,0.0974754244089127,-0.0469428598880768,0.000303187407553196,0.135556563735008,0.0428197644650936,-0.0636091306805611,0.009202447719872,0.244478449225426,-0.0175671242177486,0.0489507503807545,-0.0461492910981178,-0.0375820472836494,0.122172690927982,0.0426577664911747,-0.0518304668366909,0.0373127646744251,0.191512852907181,-0.105795204639435,0,-0.133748933672905,0.0713865384459496,0.178256869316101,0.710194528102875,0.540985703468323,0.187984898686409,-0.0610604137182236,0.27205753326416,-0.0816635712981224,0.106360606849194,0.469145953655243,0.164713621139526,-0.105328619480133,0.53548538684845,0.449429482221603,0.539483308792114,-0.107613056898117,-0.0402112901210785,0.109431430697441,0.0879940614104271,0.288498491048813,-0.0477879568934441,0.698969006538391,0.341527283191681,0.32489350438118,0.0706366747617722,0.418293386697769,0.000511672289576381,0.0125131541863084,-0.000331290066242218,-0.0317047461867332,0.0577271208167076,-0.098569929599762,0.654408931732178,-0.183182299137115,0.0691279545426369,0.101585149765015,0.51505446434021,0.284593671560287,0.0564896427094936,-0.0265858545899391,0.10299363732338,-0.0780199840664864,0.0589288659393787,0.306181281805038,0.122930511832237,-0.095507375895977,0.296755373477936,0.362481445074081,0.241425663232803,-0.111919037997723,-0.0283908564597368,-0.00782467052340508,0.0240716058760881,0.138051971793175,-0.105642415583134,0.302641272544861,0.0699769631028175,0.137864857912064,0.0611890740692616,0.0993887335062027,0.0686535686254501,0.0199364796280861,0.00948086846619844,-0.0690901204943657
0.0110165346413851,0.111389316618443,0.0304642710834742,0.0688779056072235,0.0121082505211234,0.102216556668282,0.0171391647309065,0.0360631942749023,0.0742655992507935,0.0471781045198441,0.0998566150665283,0.00797063112258911,0.0645730718970299,0.0303871631622314,0.0830995887517929,0.0131021486595273,0.0360026992857456,0.0684448778629303,0.0285800285637379,0.187621906399727,-0.133748933672905,0,0.0140505162999034,0.337780267000198,0.0505951009690762,-0.142032966017723,0.145900100469589,0.245254307985306,0.0478017441928387,0.925421833992004,0.00830741785466671,-0.171623393893242,0.185227140784264,0.362927049398422,-0.0744432806968689,-0.178978770971298,-0.141283690929413,0.886657118797302,0.310405820608139,0.101961635053158,0.291771978139877,0.298955053091049,0.0880328640341759,-0.00446299789473414,0.0979707837104797,0.679347276687622,0.143600568175316,0.0343979485332966,-0.0314121022820473,0.00790513027459383,0.210876241326332,0.252700418233871,0.0565854422748089,0.187054142355919,-0.232912763953209,0.97630500793457,0.00516224652528763,0.38735756278038,-0.0441117994487286,-0.058044295758009,0.185141250491142,0.309399873018265,0.00738610234111547,0.915049195289612,-0.00449473736807704,-0.207432851195335,0.198713406920433,0.332821488380432,-0.0896702706813812,-0.237367182970047,-0.139880061149597,0.853740572929382,0.343150854110718,0.108302839100361,0.304788500070572,0.341809779405594,0.0999453663825989,-0.0722602531313896,0.0170505493879318,0.60489958524704,0.140178442001343,0.0658168941736221,-0.0779780745506287,0.00700969807803631,0.177304849028587,0.232598304748535
0.0285487174987793,0.023215040564537,0.00980954244732857,0.0141197899356484,0.016186261549592,0.135870650410652,0.0804158970713615,-4.25102189183235e-05,0.0234628245234489,0.0544196516275406,0.0156432501971722,-0.00540918717160821,0.0194151271134615,0.0161489471793175,0.115817129611969,0.0800477340817451,0.014672470279038,0.0407080501317978,0.0377610735595226,0.0506973452866077,0.0713865384459496,0.0140505162999034,0,0.166610509157181,0.112724781036377,0.144007965922356,0.061250165104866,0.0394228920340538,0.0971472710371017,0.0399577096104622,0.0994123369455338,0.104048393666744,0.107856228947639,0.0350590385496616,0.0641780644655228,0.04110386967659,0.0712531954050064,0.0216148793697357,0.0552315562963486,0.0458570010960102,0.0661169663071632,0.0408086590468884,0.0624038614332676,0.0423789545893669,0.0724539756774902,0.0854812040925026,0.110673472285271,0.0702676773071289,0.0263854991644621,0.106340669095516,0.0526430308818817,0.109290473163128,0.0251119751483202,0.0290821641683578,0.0372341051697731,0.00230068969540298,0.0569710768759251,0.136830165982246,0.0798313990235329,0.116807729005814,0.0567721053957939,0.0249188616871834,0.0625716000795364,0.0364671945571899,0.0870566293597221,0.0738444626331329,0.0893246084451675,0.00742268236353993,0.0574871078133583,0.0221491549164057,0.0458951964974403,0.0119887161999941,0.0429999530315399,0.0264640897512436,0.0542027279734612,0.0577845312654972,0.0342381596565247,-0.00472484575584531,0.0482579469680786,0.0699007362127304,0.0851084589958191,0.0418587736785412,0.0133459400385618,0.0529809631407261,0.0341025181114674,0.0944495350122452
-0.0548755042254925,-0.0525725968182087,-0.0369196198880672,0.00387648423202336,0.000831363548059016,0.226545229554176,0.187564745545387,-0.00312412390485406,0.0149534493684769,-0.0880529135465622,-0.0652029365301132,-0.0483546145260334,-0.000699814292602241,-0.0171906854957342,0.234989315271378,0.180212125182152,0.00368146295659244,0.0226029306650162,0.262702226638794,0.0645571947097778,0.178256869316101,0.337780267000198,0.166610509157181,0,0.307453066110611,0.345150738954544,0.0688357129693031,0.551563262939453,0.110515229403973,0.539381384849548,0.177036508917809,0.171041160821915,0.341883599758148,0.110940128564835,0.127142339944839,0.0234288685023785,0.0910419449210167,0.301723927259445,0.122681379318237,-0.0419719554483891,0.165993303060532,0.0918781906366348,0.0480809472501278,0.00420663086697459,0.0872233584523201,0.510054349899292,0.343535363674164,0.0379955768585205,0.0535618551075459,0.152057811617851,0.137306913733482,0.180430546402931,0.27346858382225,0.0757051035761833,0.0468674302101135,0.310207545757294,0.109535194933414,0.831402599811554,0.197595044970512,0.379069000482559,0.073925256729126,0.514960050582886,0.0972185954451561,0.534821510314941,0.151653707027435,0.170260831713676,0.373019307851791,0.117101311683655,0.132429867982864,-0.023556599393487,0.152682021260262,0.224463015794754,0.161243438720703,-0.0231136213988066,0.194076538085938,0.153061807155609,0.0496230535209179,-0.0401871129870415,0.0703309401869774,0.51096498966217,0.296481370925903,0.0235366635024548,0.0423917844891548,0.136870577931404,0.117493107914925,0.146727472543716
