0 0.33228 0.25592 0.2649 0.071498 -0.026298 -0.10489 0.05698 0.20193 0.70498 0.41306 0.34828 0.27834 0.10173 -0.016811 -0.099737 0.037346 0.25816 -0.17388 0.22851 0.055751 -0.028289 0.015122 -0.093433 0.053587 0.13415 0.092647 -0.034943 0.2063 -0.021039 -0.15138 -0.12841 0.00096732 0.095399 0.089338 -0.042921 0.015385 0.086615 0.014757 0.3574 0.037122 0.18892 0.087532 0.36068 0.059243 0.13165 -0.16702 0.32935 -0.094739 -0.07337 0.038132 0.20811 -0.051696 0.27523 0.39747 -0.031121 0.039686 -0.12003 0.35479 0.22895 0.18089 -0.039435 0.31587 -0.065014 -0.035036 0.10349 0.017577 0.12418 0.37289 0.19849 0.28214 0.10031 0.023258 0.43639 0.13326 0.30922 0.16981 0.57472 0.38383 0.15457 -0.12763 0.49686 -0.0076165 -0.088032 0.039116 0.25442
0.33228 0 0.25895 0.27901 0.11194 0.0073619 -0.08752 0.075972 0.22989 0.35979 0.50658 0.2732 0.26275 0.10253 -0.01302 -0.10109 0.056196 0.21794 -0.11088 0.26665 0.049789 0.077687 0.017292 -0.072755 0.052952 0.055222 0.132 0.057325 0.16221 0.11272 -0.033312 -0.10239 0.0086193 0.1352 0.12532 -0.064771 0.0135 0.21288 0.10213 0.33639 0.091748 0.18553 0.16613 0.21666 0.19073 0.096692 -0.099685 0.22134 -0.050938 -0.061339 0.17516 0.27883 -0.12887 0.26692 0.047848 0.072439 0.020907 -0.10689 0.051018 -0.019574 0.11719 0.046872 0.12741 0.064712 -0.022599 -0.10006 -0.021758 0.077202 0.14911 -0.035256 0.063571 0.24259 0.051717 0.31152 0.06028 0.16587 0.15503 0.17134 0.14787 0.025531 -0.12595 0.18956 -0.04596 -0.076395 0.15245 0.25294
0.25592 0.25895 0 0.39198 0.097727 0.024994 -0.026268 0.1462 0.14479 0.29382 0.27377 0.5899 0.37872 0.066676 0.013429 -0.040158 0.11665 0.14695 -0.042173 0.20503 0.11618 -0.0033526 -0.0032638 -0.066547 0.018202 0.054498 0.071804 -0.011271 0.21021 0.012049 -0.01052 -0.080244 -0.039776 0.028671 0.23232 -0.011188 0.13526 0.069923 -0.027203 0.20085 0.057129 0.073994 0.17735 0.25413 0.20745 0.035762 -0.073044 0.17986 -0.052107 -0.061913 0.077268 0.17369 -0.042401 0.17638 0.084684 -0.021296 0.029516 -0.09155 0.0032735 0.010804 0.047823 0.0044489 0.15509 -0.025505 -0.010854 -0.094744 -0.030926 0.0089429 0.17831 -0.034734 0.1235 0.080325 -0.045483 0.18683 0.058466 0.046536 0.13141 0.15509 0.1353 -0.012682 -0.076869 0.15708 -0.064523 -0.062659 0.083647 0.16337
0.2649 0.27901 0.39198 0 0.18585 0.0057258 -0.0045835 0.10982 0.13957 0.25817 0.2829 0.37038 0.64152 0.12656 -0.0052147 -0.020665 0.094296 0.14215 -0.055201 0.30149 -0.035328 0.026199 0.0010122 -0.032883 -0.1131 0.028808 -0.0067465 0.0025163 0.15092 0.030192 -0.029079 -0.16461 -0.026671 0.17574 0.17719 -0.10189 0.061124 0.09642 0.15869 0.19808 0.26793 0.021825 0.12492 0.15108 0.18364 0.10738 -0.010021 0.25306 -0.071757 -0.028058 0.12849 0.34452 -0.026298 0.28998 -0.010909 0.024762 0.010274 -0.055193 -0.073209 -0.018374 0.0010819 0.01858 0.13818 0.0049598 -0.034468 -0.15213 0.00095028 0.13962 0.23347 -0.070784 0.13038 0.11319 0.094755 0.2369 0.2455 0.047232 0.13158 0.15702 0.16867 0.0801 -0.036549 0.28238 -0.075766 -0.062725 0.12279 0.33576
0.071498 0.11194 0.097727 0.18585 0 -0.0050752 -0.021018 0.019333 0.054068 0.08654 0.095371 0.10111 0.15783 0.03967 -0.012021 -0.03006 0.017538 0.051669 -0.024432 0.10173 -0.0070535 0.0080391 0.0092597 -0.014927 -0.025042 0.0077101 -0.014622 -0.013008 0.074145 0.009102 -0.026907 -0.04365 -0.012101 0.016479 0.066066 -0.00083182 0.047636 0.044831 0.058464 0.088411 0.080703 0.0031603 0.054597 0.069277 0.068306 0.014439 0.0059366 0.1069 -0.032564 -0.023214 0.060591 0.1379 -0.018943 0.11508 -0.029062 0.0031517 -0.011273 -0.03499 -0.043787 -0.015581 -0.013523 -0.0015755 0.054892 -0.0052507 -0.03003 -0.0548 -0.021897 0.022617 0.076728 -0.010275 0.052904 0.046951 0.042744 0.073726 0.068744 -0.0109 0.023702 0.037698 0.042957 -0.0069252 -0.021763 0.097298 -0.042355 -0.023954 0.03677 0.12408
-0.026298 0.0073619 0.024994 0.0057258 -0.0050752 0 0.17763 0.019817 0.087754 0.039729 -0.0056966 0.014688 -0.001545 -0.023825 0.44895 0.18644 0.039699 0.064353 0.078612 0.033539 0.144 0.082279 0.13367 0.226 0.24629 0.12438 0.35139 0.11553 0.067044 0.10808 0.31603 0.21729 0.27845 0.073037 -0.047156 0.031579 -0.030631 0.069541 0.091952 0.087302 0.054921 0.26494 0.22646 -0.028869 0.15482 0.067998 0.21461 -0.096139 0.063667 0.15086 0.10619 0.069075 0.031192 0.018169 0.002727 0.056124 0.088749 0.20811 0.12282 0.090536 0.30007 0.1166 0.0076161 0.091515 0.28552 0.12688 0.23674 0.070139 -0.13281 -0.051085 -0.10345 0.044131 0.096061 0.030384 0.051496 0.21454 0.14792 -0.10368 0.053524 0.03134 0.17939 -0.12066 0.059904 0.12444 0.09103 0.039906
-0.10489 -0.08752 -0.026268 -0.0045835 -0.021018 0.17763 0 -0.0061619 -0.0057234 -0.056525 -0.10575 -0.05057 -0.025722 -0.029029 0.18446 0.26239 -0.0072579 -0.031235 0.15167 -0.04129 0.038285 0.016875 0.074758 0.18481 0.063092 0.12564 0.0098533 0.069414 -0.010149 0.032968 0.17977 0.17697 0.073939 0.029391 0.00092035 0.069219 0.062858 -0.012984 0.060455 -0.12557 0.074621 -0.037624 -0.00090285 -0.1619 0.045478 0.021588 0.22931 -0.08361 0.055375 0.13067 0.0039754 0.020625 0.096983 -0.052327 -0.069749 0.0047189 0.029453 0.16623 -0.036599 0.08124 -0.019475 0.054653 -0.03525 0.030878 0.10017 0.092973 0.056382 0.029501 -0.070593 -0.018986 -0.033695 -0.033708 0.069195 -0.13806 0.077077 -0.054707 -0.023687 -0.19732 -0.020616 0.02858 0.18853 -0.13081 0.029464 0.1121 -0.0048793 -0.010386
0.05698 0.075972 0.1462 0.10982 0.019333 0.019817 -0.0061619 0 0.057842 0.040095 0.077253 0.13328 0.1091 0.014515 0.029864 0.0071368 0.10574 0.062783 -0.034514 0.095778 -0.061338 0.022597 -0.0037817 -0.01908 -0.04956 -0.027186 0.051608 0.012517 0.026614 0.010297 0.065907 -0.060079 0.022395 0.052113 -0.031001 -0.08429 -0.076511 0.043719 0.022982 0.064713 0.019364 0.043764 0.12144 -0.011219 0.014002 0.0045189 0.0089876 -0.0013754 -0.0020358 -0.0022675 0.046649 0.084026 -0.024267 0.080917 -0.044638 0.027609 -0.0063185 -0.0075786 -0.02852 0.0016157 0.069321 0.032421 0.028701 0.0055643 0.06675 -0.04777 0.012966 0.051376 -0.01082 -0.086615 -0.025431 0.05088 0.013056 0.075413 0.037868 0.056522 0.10751 0.012832 0.026177 0.0070313 0.013698 0.050821 -0.01188 -0.0051025 0.059809 0.087303
0.20193 0.22989 0.14479 0.13957 0.054068 0.087754 -0.0057234 0.057842 0 0.22201 0.23338 0.12847 0.13507 0.05075 0.066041 -0.01978 0.041319 0.19131 -0.038982 0.16532 0.012837 0.059257 0.01823 0.0045894 0.029215 0.010518 0.11978 0.010963 0.082826 0.084888 0.019857 -0.041746 0.059522 0.11079 0.044735 -0.044837 -0.0057509 0.15536 0.083136 0.18905 0.061714 0.14285 0.13313 0.10056 0.089516 0.04052 0.010092 0.11028 -0.029778 -0.022497 0.12359 0.18061 -0.032212 0.17099 0.032927 0.047545 0.030021 -0.018037 0.045976 0.016392 0.13211 0.00193 0.091006 0.07308 0.051821 -0.01906 0.032741 0.064923 0.077269 -0.030958 0.036254 0.15669 0.068297 0.17675 0.057256 0.15225 0.13822 0.093852 0.10844 0.0016408 -0.0015854 0.13482 -0.038002 -0.0032692 0.11789 0.1702
0.70498 0.35979 0.29382 0.25817 0.08654 0.039729 -0.056525 0.040095 0.22201 0 0.33209 0.28235 0.22022 0.097116 0.030788 -0.066747 0.023557 0.22885 -0.093482 0.22237 0.27304 0.0029974 0.038977 -0.13538 0.2275 0.2195 0.14661 -0.10784 0.22167 -0.0099678 -0.011184 0.044783 0.027857 0.15589 0.23262 0.10573 0.19125 0.11686 0.19758 0.31163 0.22016 0.24377 0.094839 0.4665 0.30552 0.19981 -0.13587 0.36115 -0.008166 -0.019667 0.033726 0.20088 -0.1718 0.16448 0.12427 -0.01779 0.023448 -0.16081 0.095315 0.080965 0.090584 -0.072996 0.088721 -0.034919 -0.032055 -0.016481 0.0044739 0.096025 0.12517 0.034652 0.03777 0.12706 0.087684 0.25018 0.10636 0.13907 0.058366 0.22487 0.078655 0.022591 -0.13109 0.27849 -0.038608 -0.063836 0.042552 0.16341
0.41306 0.50658 0.27377 0.2829 0.095371 -0.0056966 -0.10575 0.077253 0.23338 0.33209 0 0.32867 0.30797 0.10931 -0.020062 -0.11169 0.089498 0.24955 -0.18087 0.29649 -0.010121 0.060696 0.012667 -0.092522 0.0014604 -0.010954 0.13478 0.034451 0.13659 0.094809 -0.060243 -0.18021 0.0096069 0.099299 0.043603 -0.13115 -0.052694 0.21561 0.043194 0.34068 0.049247 0.1933 0.19076 0.19316 0.10371 0.06148 -0.14363 0.21671 -0.083709 -0.083101 0.17963 0.27133 -0.14367 0.31608 0.14019 0.073794 0.0099176 -0.12339 0.13864 -0.0070382 0.17961 0.017621 0.18565 0.052375 -0.011909 -0.074626 -0.00086198 0.11503 0.23374 -0.0030395 0.14589 0.25121 0.025255 0.39525 0.087564 0.24553 0.20494 0.29182 0.25501 0.046252 -0.13281 0.28775 -0.03818 -0.10769 0.17306 0.29491
0.34828 0.2732 0.5899 0.37038 0.10111 0.014688 -0.05057 0.13328 0.12847 0.28235 0.32867 0 0.39341 0.082972 0.015241 -0.036616 0.14093 0.13995 -0.076756 0.20781 0.058851 -0.022808 -0.017259 -0.074457 -0.015806 0.036454 0.075784 -0.0041783 0.19428 0.0016246 -0.043743 -0.14283 -0.040513 0.019456 0.19585 -0.04309 0.10769 0.07276 -0.018735 0.21971 0.049386 0.056003 0.16655 0.22601 0.12489 0.049928 -0.088029 0.17876 -0.086838 -0.076994 0.070473 0.17557 -0.034537 0.23918 0.16316 -0.048965 0.018772 -0.092891 0.067211 0.046437 0.070411 -0.013902 0.23318 -0.036679 -0.0046652 -0.066561 -0.00711 0.03099 0.26062 0.049163 0.21289 0.082677 -0.06992 0.25118 0.056036 0.094305 0.18634 0.26156 0.21314 0.0070476 -0.092113 0.21684 -0.063088 -0.06233 0.063706 0.20333
0.27834 0.26275 0.37872 0.64152 0.15783 -0.001545 -0.025722 0.1091 0.13507 0.22022 0.30797 0.39341 0 0.14469 -0.0017815 -0.015236 0.11798 0.15091 -0.051215 0.27518 -0.03837 0.023949 0.0092429 -0.043218 -0.10911 0.020379 -0.02262 0.015742 0.14963 0.024089 -0.067086 -0.16178 -0.030417 0.15993 0.15656 -0.10979 0.052887 0.10068 0.09689 0.2039 0.21892 0.0052883 0.10697 0.13095 0.14962 0.090404 -0.025551 0.23472 -0.084548 -0.049793 0.12451 0.31551 0.0021616 0.29429 -0.00014069 0.010719 0.010099 -0.041373 -0.062665 0.024341 -0.014952 0.02 0.17509 0.0011327 -0.041362 -0.13619 -0.013871 0.14828 0.26084 -0.053042 0.16387 0.11287 0.092191 0.23629 0.26876 0.044255 0.12884 0.16858 0.18047 0.078036 -0.003027 0.29545 -0.088811 -0.05538 0.12428 0.3654
0.10173 0.10253 0.066676 0.12656 0.03967 -0.023825 -0.029029 0.014515 0.05075 0.097116 0.10931 0.082972 0.14469 0 -0.011625 -0.030614 0.012397 0.091036 -0.023269 0.12934 -0.034373 0.014725 0.0087674 -0.027179 -0.031403 -0.019116 0.0048481 -0.017592 0.032471 0.017529 -0.036995 -0.057616 -0.0063333 0.049942 0.023214 -0.044818 -0.0057625 0.054298 0.059597 0.082515 0.067196 0.034881 0.052599 0.036042 0.049857 0.017924 -0.011826 0.088705 -0.048103 -0.01589 0.073068 0.11949 -0.01806 0.1051 -0.0031135 0.018989 0.001215 -0.022561 -0.013179 -0.01629 0.018899 -0.014635 0.024144 0.019126 -0.021519 -0.035657 -0.0082208 0.063489 0.067936 -0.037705 0.047957 0.067839 0.061026 0.082278 0.075375 0.041929 0.067701 0.054724 0.084827 -0.00072886 -0.010872 0.10964 -0.02391 -0.026386 0.062612 0.12874
-0.016811 -0.01302 0.013429 -0.0052147 -0.012021 0.44895 0.18446 0.029864 0.066041 0.030788 -0.020062 0.015241 -0.0017815 -0.011625 0 0.23253 0.039592 0.060993 0.055776 0.02542 0.12517 0.068522 0.11027 0.2284 0.21849 0.1192 0.32304 0.1107 0.061581 0.088906 0.32038 0.17955 0.27059 0.081395 -0.056631 0.00054518 -0.059401 0.049 0.077619 0.064533 0.059345 0.24504 0.22537 -0.058311 0.1355 0.064418 0.2044 -0.11748 0.049373 0.1281 0.078465 0.070894 0.033376 0.030381 0.046197 0.054655 0.10777 0.2223 0.14741 0.12859 0.30858 0.098996 0.043005 0.079095 0.27453 0.1401 0.28232 0.06526 -0.10264 -0.048616 -0.086083 0.038269 0.10823 0.045319 0.053882 0.23163 0.16691 -0.078577 0.077757 0.054804 0.20294 -0.10352 0.043352 0.13937 0.082359 0.064604
-0.099737 -0.10109 -0.040158 -0.020665 -0.03006 0.18644 0.26239 0.0071368 -0.01978 -0.066747 -0.11169 -0.036616 -0.015236 -0.030614 0.23253 0 0.021685 -0.0054677 0.12229 -0.036686 0.038294 0.017033 0.078648 0.17735 0.045114 0.11731 0.0045652 0.0286 -0.0043127 0.022691 0.14796 0.12753 0.10144 0.037024 -0.0081161 0.030675 0.039456 -0.052593 0.055944 -0.10621 0.082568 -0.023401 0.0069743 -0.12837 0.029794 0.03059 0.20345 -0.074181 0.041002 0.1074 0.0063329 0.027988 0.1071 -0.032814 -0.020947 0.0021433 0.043636 0.19045 -0.0013141 0.12897 -0.0073813 0.025335 -0.0064159 0.022035 0.11307 0.095477 0.10491 0.03702 -0.031757 -0.010167 0.007285 -0.065968 0.076619 -0.1227 0.089902 -0.03102 -0.026053 -0.14018 -0.0063733 0.037589 0.21351 -0.083469 0.031504 0.13667 -0.0017185 0.02261
0.037346 0.056196 0.11665 0.094296 0.017538 0.039699 -0.0072579 0.10574 0.041319 0.023557 0.089498 0.14093 0.11798 0.012397 0.039592 0.021685 0 0.064545 -0.024434 0.089811 -0.055957 0.031906 0.0087188 -0.0077281 -0.030574 -0.040017 0.077185 0.027749 0.011496 0.030463 0.060101 -0.064668 0.0031679 0.028761 -0.032475 -0.08 -0.063763 0.038316 0.013159 0.05113 0.0039955 0.063078 0.12453 -0.028516 0.020306 0.0034975 0.017165 -0.03144 -0.0049492 -0.014197 0.039075 0.058374 -0.015955 0.080312 -0.051542 0.033141 0.0026782 0.012753 -0.034798 -0.017953 0.063671 0.027379 0.014503 0.019935 0.050075 -0.049419 0.023054 0.037582 -0.028577 -0.10442 -0.038896 0.041411 0.0063682 0.058288 0.0097189 0.060139 0.11525 0.00028238 0.0064141 0.0067985 0.019028 0.013998 -0.0099106 -0.0038884 0.047751 0.066444
0.25816 0.21794 0.14695 0.14215 0.051669 0.064353 -0.031235 0.062783 0.19131 0.22885 0.24955 0.13995 0.15091 0.091036 0.060993 -0.0054677 0.064545 0 -0.047132 0.15936 0.041255 0.053512 0.040189 0.0047476 0.054053 0.029727 0.11421 -0.00056408 0.092646 0.084752 0.017057 -0.021446 0.065025 0.072833 0.033614 -0.041721 0.0018707 0.15278 0.074827 0.16966 0.057289 0.1533 0.12864 0.10147 0.088661 0.048338 0.023852 0.12668 -0.032715 0.024198 0.16327 0.18298 -0.0050187 0.17597 0.089972 0.061621 0.019397 -0.0024701 0.10315 0.029569 0.13712 0.0076345 0.10884 0.07249 0.067445 0.020852 0.055138 0.10659 0.10196 0.012411 0.075217 0.16407 0.072843 0.18654 0.071328 0.18253 0.14121 0.13647 0.15245 0.03844 0.034759 0.15064 0.011151 -0.0024998 0.14011 0.20375
-0.17388 -0.11088 -0.042173 -0.055201 -0.024432 0.078612 0.15167 -0.034514 -0.038982 -0.093482 -0.18087 -0.076756 -0.051215 -0.023269 0.055776 0.12229 -0.024434 -0.047132 0 -0.041332 0.19303 0.040851 0.033939 0.27509 0.18672 0.25579 -0.13922 0.079905 0.051006 0.078552 0.040375 0.5575 0.007718 -0.0099971 0.43964 0.14852 0.53377 -0.032324 0.077041 -0.10491 0.14903 -0.044151 -0.11555 -0.04105 0.14557 0.058792 0.72276 0.1657 0.10904 0.16514 0.16453 0.12808 0.67543 -0.043162 0.018436 0.021825 0.021124 0.22869 0.025293 0.19206 -0.16805 0.080812 0.014357 0.072829 -0.029461 0.36441 0.02865 0.012737 0.19751 0.16087 0.27222 -0.06543 0.14072 -0.15933 0.13201 -0.095967 -0.095007 -0.095792 0.047251 0.041271 0.62608 0.032239 0.057452 0.17311 0.17828 0.10695
0.22851 0.26665 0.20503 0.30149 0.10173 0.033539 -0.04129 0.095778 0.16532 0.22237 0.29649 0.20781 0.27518 0.12934 0.02542 -0.036686 0.089811 0.15936 -0.041332 0 -0.10733 0.16691 0.045373 0.015515 -0.1608 -0.0093215 -0.011436 0.013701 0.23519 0.17814 -0.11078 -0.29874 0.0020666 0.36783 0.20573 -0.24781 0.012569 0.25143 0.29436 0.43187 0.3754 0.082056 0.28339 0.25768 0.34225 0.27235 0.071691 0.41956 -0.14555 -0.058187 0.29928 0.57463 0.027748 0.60781 -0.12906 0.1777 -0.00071739 -0.0043132 -0.15311 -0.0084052 0.032015 0.037202 0.18773 0.14929 -0.067821 -0.27593 0.012944 0.34946 0.27678 -0.24701 0.11192 0.25219 0.24738 0.44809 0.36348 0.12916 0.2901 0.23265 0.26601 0.21729 0.056941 0.45757 -0.17045 -0.10078 0.24138 0.55403
0.055751 0.049789 0.11618 -0.035328 -0.0070535 0.144 0.038285 -0.061338 0.012837 0.27304 -0.010121 0.058851 -0.03837 -0.034373 0.12517 0.038294 -0.055957 0.041255 0.19303 -0.10733 0 -0.13054 0.066703 0.18895 0.72495 0.56323 0.22032 -0.068709 0.30028 -0.081102 0.11051 0.47614 0.17243 -0.099382 0.57971 0.46505 0.53495 -0.099382 -0.041834 0.12349 0.095426 0.33607 -0.025022 0.6992 0.41531 0.36157 0.04793 0.38564 0.032157 -0.00043492 -0.001975 -0.030583 0.012257 -0.11205 0.66955 -0.18942 0.06834 0.10182 0.51001 0.27187 0.088396 -0.043482 0.11619 -0.087013 0.054533 0.28548 0.12622 -0.093495 0.30714 0.33506 0.24677 -0.10486 -0.017752 -0.0092848 0.028586 0.18175 -0.10142 0.29438 0.099431 0.14526 0.035048 0.063507 0.073707 0.012806 0.011009 -0.071784
-0.028289 0.077687 -0.0033526 0.026199 0.0080391 0.082279 0.016875 0.022597 0.059257 0.0029974 0.060696 -0.022808 0.023949 0.014725 0.068522 0.017033 0.031906 0.053512 0.040851 0.16691 -0.13054 0 0.0029532 0.31105 0.021736 -0.15238 0.12286 0.17085 0.030492 0.92458 -0.0090911 -0.17033 0.17302 0.33618 -0.088947 -0.20841 -0.14643 0.89025 0.29194 0.069627 0.2684 0.28008 0.079122 -0.034179 0.079328 0.65724 0.15215 0.016096 -0.049098 0.0034663 0.19431 0.22325 0.077031 0.17321 -0.25412 0.97472 -0.0095111 0.34241 -0.07627 -0.087536 0.173 0.23991 -0.027472 0.91567 -0.010843 -0.19802 0.18384 0.31624 -0.12666 -0.25957 -0.17751 0.85378 0.33621 0.074809 0.28214 0.32807 0.086831 -0.09753 -0.018401 0.57854 0.14306 0.042009 -0.085795 0.0042215 0.15787 0.196
0.015122 0.017292 -0.0032638 0.0010122 0.0092597 0.13367 0.074758 -0.0037817 0.01823 0.038977 0.012667 -0.017259 0.0092429 0.0087674 0.11027 0.078648 0.0087188 0.040189 0.033939 0.045373 0.066703 0.0029532 0 0.16385 0.10848 0.13488 0.057846 0.026169 0.087368 0.025337 0.095441 0.11016 0.10205 0.030457 0.061453 0.042768 0.06851 0.0085018 0.038816 0.038338 0.050383 0.03579 0.060618 0.027765 0.068302 0.073841 0.10334 0.047065 0.034315 0.099253 0.043418 0.090706 0.015314 0.022309 0.038072 -0.0094357 0.052838 0.13716 0.074417 0.11597 0.057533 0.012159 0.053983 0.02499 0.089003 0.074399 0.079608 0.0033092 0.0486 0.025089 0.042206 0.00065383 0.034956 0.027564 0.042401 0.053025 0.02626 -0.0078162 0.047825 0.061045 0.071476 0.028055 0.025899 0.049862 0.021817 0.080063
-0.093433 -0.072755 -0.066547 -0.032883 -0.014927 0.226 0.18481 -0.01908 0.0045894 -0.13538 -0.092522 -0.074457 -0.043218 -0.027179 0.2284 0.17735 -0.0077281 0.0047476 0.27509 0.015515 0.18895 0.31105 0.16385 0 0.29488 0.34062 0.083954 0.52846 0.075136 0.50345 0.18094 0.18836 0.34966 0.080362 0.10971 0.01583 0.088528 0.27083 0.10556 -0.07432 0.14359 0.098698 0.044094 -0.056011 0.063559 0.48695 0.3361 -0.021611 0.063672 0.14834 0.11263 0.12989 0.27307 0.035039 0.042932 0.28686 0.10754 0.82198 0.18053 0.35765 0.10116 0.48927 0.061769 0.51074 0.15814 0.18529 0.36312 0.089665 0.087058 -0.025809 0.12499 0.20231 0.15165 -0.052148 0.17088 0.1646 0.044633 -0.076821 0.046222 0.48043 0.28106 -0.030448 0.035806 0.13441 0.089307 0.089677
0.053587 0.052952 0.018202 -0.1131 -0.025042 0.24629 0.063092 -0.04956 0.029215 0.2275 0.0014604 -0.015806 -0.10911 -0.031403 0.21849 0.045114 -0.030574 0.054053 0.18672 -0.1608 0.72495 0.021736 0.10848 0.29488 0 0.51108 0.55073 0.05521 0.16945 0.060987 0.32306 0.6539 0.3997 -0.098019 0.24957 0.41029 0.25831 -0.001922 -0.11929 0.19271 -0.17324 0.69568 0.12056 0.51009 0.34154 0.27263 0.069043 0.091789 0.18699 0.10364 -0.016235 -0.12502 0.032017 -0.16998 0.51645 -0.06701 0.072488 0.18544 0.75451 0.28573 0.43834 0.033856 0.044796 0.045939 0.26891 0.54347 0.32514 -0.10353 0.05815 0.25778 0.092452 -0.030899 -0.099797 0.039084 -0.17993 0.51979 0.036848 0.18031 0.14338 0.077552 0.041494 -0.10411 0.24085 0.13698 0.0050858 -0.15128
0.13415 0.055222 0.054498 0.028808 0.0077101 0.12438 0.12564 -0.027186 0.010518 0.2195 -0.010954 0.036454 0.020379 -0.019116 0.1192 0.11731 -0.040017 0.029727 0.25579 -0.0093215 0.56323 -0.15238 0.13488 0.34062 0.51108 0 0.0037037 0.076732 0.26063 -0.093888 0.080421 0.43752 0.10965 -0.049391 0.45493 0.38194 0.46932 -0.13043 -0.010465 0.046259 0.10443 -0.01352 -0.063664 0.40864 0.23461 0.34466 0.14969 0.41101 0.030606 0.10997 -0.014708 0.09886 0.13943 -0.0074197 0.35458 -0.177 0.092259 0.25923 0.32934 0.56252 -0.090561 0.035504 0.15878 -0.094627 -0.0029163 0.30424 0.039773 -0.06603 0.29287 0.26755 0.34215 -0.1498 -0.016132 0.01029 0.05429 -0.039315 -0.091294 0.15738 0.062677 0.23742 0.10526 0.20359 0.033769 0.082337 -0.0029867 0.052922
0.092647 0.132 0.071804 -0.0067465 -0.014622 0.35139 0.0098533 0.051608 0.11978 0.14661 0.13478 0.075784 -0.02262 0.0048481 0.32304 0.0045652 0.077185 0.11421 -0.13922 -0.011436 0.22032 0.12286 0.057846 0.083954 0.55073 0.0037037 0 0.0057396 0.022071 0.11804 0.51373 0.24292 0.39874 0.068246 -0.23723 -0.0044296 -0.24106 0.14255 0.031871 0.38698 -0.13943 0.80613 0.45951 0.066812 0.22293 -0.01353 0.0098911 -0.20621 0.15354 0.048722 0.11661 -0.045861 -0.15819 -0.016454 0.07544 0.07327 0.05265 0.049596 0.34932 -0.047699 0.76942 0.035556 -0.046904 0.10191 0.46441 0.20026 0.32329 0.045036 -0.32864 -0.12425 -0.27196 0.15923 0.05042 0.25771 -0.13025 0.70401 0.32613 -0.049436 0.11559 -0.11973 0.016689 -0.22474 0.13266 0.057592 0.097874 -0.06284
-0.034943 0.057325 -0.011271 0.0025163 -0.013008 0.11553 0.069414 0.012517 0.010963 -0.10784 0.034451 -0.0041783 0.015742 -0.017592 0.1107 0.0286 0.027749 -0.00056408 0.079905 0.013701 -0.068709 0.17085 0.026169 0.52846 0.05521 0.076732 0.0057396 0 0.031135 0.37129 0.11103 0.02595 0.052353 0.025416 -0.0084018 -0.019607 0.013204 0.26112 -2.3844e-05 -0.0061581 0.043914 -0.076181 0.071091 -0.12084 -0.033516 0.2441 0.1623 -0.13148 0.016745 0.053207 0.10012 0.076372 0.1538 0.04068 -0.098814 0.18287 0.019703 0.54156 -0.016683 0.15031 -0.0027966 0.95218 0.062743 0.29256 0.081295 0.063425 0.075818 0.026372 0.051387 -0.0071658 0.076821 0.24593 0.082895 -0.0035112 0.10512 -0.037465 0.065294 -0.10525 -0.0033625 0.28899 0.13561 -0.030032 0.022975 0.04877 0.088403 0.077156
0.2063 0.16221 0.21021 0.15092 0.074145 0.067044 -0.010149 0.026614 0.082826 0.22167 0.13659 0.19428 0.14963 0.032471 0.061581 -0.0043127 0.011496 0.092646 0.051006 0.23519 0.30028 0.030492 0.087368 0.075136 0.16945 0.26063 0.022071 0.031135 0 0.032715 -0.0004822 0.049103 0.045285 0.050341 0.46195 0.29518 0.4846 0.080748 -0.0024393 0.29826 0.094087 0.081412 0.19461 0.49998 0.30452 0.19002 0.063002 0.41871 -0.066185 0.030434 0.15441 0.34246 0.067466 0.23311 0.24078 0.0127 0.052103 0.036705 0.14172 0.15053 -0.022587 0.022041 0.42027 0.020592 0.010367 0.031981 0.003298 0.019308 0.40082 0.24683 0.44725 0.07763 0.0012858 0.22489 0.079784 0.054988 0.16729 0.31682 0.20949 0.078276 0.045522 0.303 -0.016077 -0.023349 0.13576 0.33444
-0.021039 0.11272 0.012049 0.030192 0.009102 0.10808 0.032968 0.010297 0.084888 -0.0099678 0.094809 0.0016246 0.024089 0.017529 0.088906 0.022691 0.030463 0.084752 0.078552 0.17814 -0.081102 0.92458 0.025337 0.50345 0.060987 -0.093888 0.11804 0.37129 0.032715 0 0.019995 -0.15069 0.23759 0.32966 -0.060179 -0.19184 -0.093459 0.92334 0.31237 0.079037 0.25721 0.23675 0.087107 -0.050875 0.055509 0.66912 0.19133 0.032547 -0.025552 0.0040842 0.26406 0.25153 0.088662 0.16512 -0.19229 0.91332 -0.0013132 0.51249 -0.024922 -0.0075891 0.17074 0.43051 0.0038426 0.93723 0.012232 -0.15564 0.24773 0.30573 -0.055383 -0.22193 -0.095932 0.88876 0.35422 0.094661 0.28388 0.30395 0.091475 -0.087266 -0.01056 0.62051 0.17163 0.1037 -0.064987 -0.0055287 0.22007 0.22377
-0.15138 -0.033312 -0.01052 -0.029079 -0.026907 0.31603 0.17977 0.065907 0.019857 -0.011184 -0.060243 -0.043743 -0.067086 -0.036995 0.32038 0.14796 0.060101 0.017057 0.040375 -0.11078 0.11051 -0.0090911 0.095441 0.18094 0.32306 0.080421 0.51373 0.11103 -0.0004822 0.019995 0 0.39007 0.27631 0.00378 -0.19254 0.10013 -0.10147 -0.013225 0.029358 -0.043084 -0.05821 0.37946 0.38547 -0.26498 0.21653 -0.1051 0.1958 -0.34267 0.29085 0.18551 0.019449 -0.099953 -0.05735 -0.13879 -0.15605 -0.023894 0.040378 0.17536 0.066029 0.029574 0.38461 0.12805 -0.12197 0.0077948 0.56609 0.22912 0.22416 -0.017612 -0.37356 -0.10743 -0.28807 -0.026971 0.048461 -0.13952 -0.075078 0.20509 0.21024 -0.40333 -0.014553 -0.13204 0.1532 -0.36546 0.22385 0.17127 0.018973 -0.12989
-0.12841 -0.10239 -0.080244 -0.16461 -0.04365 0.21729 0.17697 -0.060079 -0.041746 0.044783 -0.18021 -0.14283 -0.16178 -0.057616 0.17955 0.12753 -0.064668 -0.021446 0.5575 -0.29874 0.47614 -0.17033 0.11016 0.18836 0.6539 0.43752 0.24292 0.02595 0.049103 -0.15069 0.39007 0 0.14567 -0.22445 0.20104 0.5857 0.38597 -0.19963 -0.15967 -0.097657 -0.20418 0.26645 0.0054191 -0.010598 0.2987 -0.18774 0.3648 -0.055413 0.32768 0.29279 -0.097591 -0.2317 0.2389 -0.30995 0.21158 -0.22385 0.081009 0.11528 0.35973 0.26028 0.083953 0.010672 -0.056388 -0.14002 0.2274 0.76977 0.088943 -0.21887 -0.10585 0.40381 0.029437 -0.23319 -0.12619 -0.23719 -0.23252 0.027865 -0.088026 -0.22179 0.058661 -0.22483 0.2758 -0.27662 0.3346 0.29081 -0.059428 -0.23686
0.00096732 0.0086193 -0.039776 -0.026671 -0.012101 0.27845 0.073939 0.022395 0.059522 0.027857 0.0096069 -0.040513 -0.030417 -0.0063333 0.27059 0.10144 0.0031679 0.065025 0.007718 0.0020666 0.17243 0.17302 0.10205 0.34966 0.3997 0.10965 0.39874 0.052353 0.045285 0.23759 0.27631 0.14567 0 0.10227 -0.057958 -0.019469 -0.077749 0.15073 0.060163 0.050459 -0.024426 0.44772 0.20423 0.0395 0.12829 0.14796 0.14047 -0.090558 0.057074 0.092919 0.092265 0.032366 0.023976 -0.0012085 0.11057 0.13381 0.066743 0.30083 0.29567 0.10325 0.39561 0.060669 0.010632 0.22866 0.28138 0.15942 0.45015 0.076366 -0.097502 -0.037018 -0.054241 0.12192 0.043273 0.041636 -0.025048 0.42804 0.15526 -0.0099666 0.10325 0.081302 0.13 -0.10309 0.08197 0.096974 0.061724 0.0037153
0.095399 0.1352 0.028671 0.17574 0.016479 0.073037 0.029391 0.052113 0.11079 0.15589 0.099299 0.019456 0.15993 0.049942 0.081395 0.037024 0.028761 0.072833 -0.0099971 0.36783 -0.099382 0.33618 0.030457 0.080362 -0.098019 -0.049391 0.068246 0.025416 0.050341 0.32966 0.00378 -0.22445 0.10227 0 0.091502 -0.24198 -0.040126 0.38387 0.5428 0.2465 0.61198 0.181 0.09639 0.095954 0.3365 0.36749 0.17995 0.34255 -0.072417 -0.020657 0.34543 0.47286 0.034657 0.33513 -0.12718 0.3086 -0.0025326 0.077171 -0.11005 -0.048973 0.090745 0.024301 0.019806 0.30209 -0.014951 -0.21879 0.13517 0.78418 0.13389 -0.2362 0.037519 0.3581 0.48192 0.31336 0.56848 0.22747 0.07868 0.093935 0.24662 0.29892 0.17591 0.38944 -0.10275 -0.034391 0.29653 0.43922
0.089338 0.12532 0.23232 0.17719 0.066066 -0.047156 0.00092035 -0.031001 0.044735 0.23262 0.043603 0.19585 0.15656 0.023214 -0.056631 -0.0081161 -0.032475 0.033614 0.43964 0.20573 0.57971 -0.088947 0.061453 0.10971 0.24957 0.45493 -0.23723 -0.0084018 0.46195 -0.060179 -0.19254 0.20104 -0.057958 0.091502 0 0.37107 0.84393 -0.006539 0.045705 0.13291 0.32472 -0.10048 -0.11857 0.59321 0.52228 0.27868 0.22236 0.68437 -0.077131 0.0028106 0.13748 0.3922 0.25866 0.21157 0.35864 -0.11547 0.025905 0.047608 0.11788 0.19975 -0.30318 -0.017642 0.31371 -0.063717 -0.21813 0.050447 -0.069316 0.075225 0.69957 0.30144 0.62359 -0.024844 0.059393 0.043408 0.28042 -0.16619 -0.11504 0.27255 0.26758 0.16782 0.18174 0.4631 -0.055456 -0.034699 0.14696 0.36004
-0.042921 -0.064771 -0.011188 -0.10189 -0.00083182 0.031579 0.069219 -0.08429 -0.044837 0.10573 -0.13115 -0.04309 -0.10979 -0.044818 0.00054518 0.030675 -0.08 -0.041721 0.14852 -0.24781 0.46505 -0.20841 0.042768 0.01583 0.41029 0.38194 -0.0044296 -0.019607 0.29518 -0.19184 0.10013 0.5857 -0.019469 -0.24198 0.37107 0 0.60574 -0.16887 -0.19305 -0.10879 -0.15286 -0.055976 -0.15453 0.20902 0.18866 -0.12941 -0.019912 0.073638 0.15485 0.091406 -0.081556 -0.15156 -0.043021 -0.24573 0.24508 -0.21844 0.059267 -0.015405 0.17264 0.16396 -0.15714 -0.048974 0.13671 -0.18919 0.001474 0.28584 -0.032505 -0.23094 0.12021 0.58581 0.22284 -0.18433 -0.14626 -0.21726 -0.16212 -0.24354 -0.22042 -0.11295 -0.055128 -0.17759 -0.0435 -0.11455 0.14422 0.084903 -0.060293 -0.14628
0.015385 0.0135 0.13526 0.061124 0.047636 -0.030631 0.062858 -0.076511 -0.0057509 0.19125 -0.052694 0.10769 0.052887 -0.0057625 -0.059401 0.039456 -0.063763 0.0018707 0.53377 0.012569 0.53495 -0.14643 0.06851 0.088528 0.25831 0.46932 -0.24106 0.013204 0.4846 -0.093459 -0.10147 0.38597 -0.077749 -0.040126 0.84393 0.60574 0 -0.080585 -0.068149 -0.016342 0.18454 -0.22325 -0.20738 0.41435 0.3466 0.12737 0.23859 0.5247 0.025579 0.053476 0.023309 0.19567 0.28945 -0.011166 0.29918 -0.15869 0.054616 0.030368 0.040057 0.23182 -0.34263 0.002317 0.29137 -0.10298 -0.17262 0.14203 -0.093557 -0.049685 0.53408 0.50054 0.62429 -0.10185 -0.020837 -0.11673 0.12044 -0.32002 -0.20712 0.090883 0.054972 0.040005 0.1687 0.23964 -0.036136 0.014517 0.0504 0.18031
0.086615 0.21288 0.069923 0.09642 0.044831 0.069541 -0.012984 0.043719 0.15536 0.11686 0.21561 0.07276 0.10068 0.054298 0.049 -0.052593 0.038316 0.15278 -0.032324 0.25143 -0.099382 0.89025 0.0085018 0.27083 -0.001922 -0.13043 0.14255 0.26112 0.080748 0.92334 -0.013225 -0.19963 0.15073 0.38387 -0.006539 -0.16887 -0.080585 0 0.37601 0.18898 0.31443 0.26981 0.1087 0.0026157 0.098423 0.57081 0.094159 0.11445 -0.061747 -0.026526 0.31089 0.32305 -0.0051123 0.25092 -0.17948 0.85148 -0.0079292 0.28452 -0.049026 -0.072196 0.18526 0.35081 0.057393 0.88541 -0.011269 -0.20667 0.15887 0.36129 -0.0042032 -0.18428 -0.074743 0.96818 0.41466 0.20588 0.3555 0.31535 0.13019 -0.014665 0.039549 0.51535 0.077419 0.22222 -0.075561 -0.052459 0.27532 0.3155
0.014757 0.10213 -0.027203 0.15869 0.058464 0.091952 0.060455 0.022982 0.083136 0.19758 0.043194 -0.018735 0.09689 0.059597 0.077619 0.055944 0.013159 0.074827 0.077041 0.29436 -0.041834 0.29194 0.038816 0.10556 -0.11929 -0.010465 0.031871 -2.3844e-05 -0.0024393 0.31237 0.029358 -0.15967 0.060163 0.5428 0.045705 -0.19305 -0.068149 0.37601 0 0.071887 0.88669 0.07369 0.024839 -0.0015224 0.30589 0.43682 0.31012 0.40431 -0.017885 0.036105 0.47053 0.59588 0.067789 0.27658 -0.1667 0.26289 0.0003822 0.10567 -0.16944 -0.03468 0.015983 -0.0084258 -0.045109 0.28437 -0.0050651 -0.2126 0.081684 0.49591 0.038177 -0.23481 -0.096291 0.33554 0.90298 0.12903 0.79188 0.086177 -0.0039729 -0.06406 0.16118 0.33783 0.27658 0.37337 -0.095844 -0.012541 0.37098 0.49419
0.3574 0.33639 0.20085 0.19808 0.088411 0.087302 -0.12557 0.064713 0.18905 0.31163 0.34068 0.21971 0.2039 0.082515 0.064533 -0.10621 0.05113 0.16966 -0.10491 0.43187 0.12349 0.069627 0.038338 -0.07432 0.19271 0.046259 0.38698 -0.0061581 0.29826 0.079037 -0.043084 -0.097657 0.050459 0.2465 0.13291 -0.10879 -0.016342 0.18898 0.071887 0 0.060865 0.52539 0.35596 0.45593 0.31674 0.16781 -0.062684 0.37523 -0.084079 -0.066711 0.20456 0.35511 -0.08979 0.39361 0.1381 0.062161 0.03717 -0.092914 0.21389 0.042272 0.3809 0.0017887 0.24051 0.038122 0.053754 -0.040413 0.019985 0.20478 0.17558 -0.091395 0.11074 0.20784 0.064292 0.69125 0.07882 0.47745 0.32243 0.4275 0.28911 0.067555 -0.058825 0.36025 -0.094489 -0.10179 0.19364 0.35934
0.037122 0.091748 0.057129 0.26793 0.080703 0.054921 0.074621 0.019364 0.061714 0.22016 0.049247 0.049386 0.21892 0.067196 0.059345 0.082568 0.0039955 0.057289 0.14903 0.3754 0.095426 0.2684 0.050383 0.14359 -0.17324 0.10443 -0.13943 0.043914 0.094087 0.25721 -0.05821 -0.20418 -0.024426 0.61198 0.32472 -0.15286 0.18454 0.31443 0.88669 0.060865 0 -0.090532 -0.025496 0.094222 0.48806 0.51355 0.31744 0.55068 -0.063445 0.0013837 0.4038 0.63142 0.14907 0.34896 -0.086816 0.23612 -0.0040736 0.14034 -0.24965 0.014789 -0.1505 0.0464 0.042814 0.24213 -0.10868 -0.26454 0.032294 0.58018 0.29038 -0.20832 0.085734 0.28385 0.82395 0.11664 0.91891 -0.034964 -0.046755 0.0005663 0.30233 0.44795 0.29181 0.47762 -0.13961 -0.035861 0.31862 0.54575
0.18892 0.18553 0.073994 0.021825 0.0031603 0.26494 -0.037624 0.043764 0.14285 0.24377 0.1933 0.056003 0.0052883 0.034881 0.24504 -0.023401 0.063078 0.1533 -0.044151 0.082056 0.33607 0.28008 0.03579 0.098698 0.69568 -0.01352 0.80613 -0.076181 0.081412 0.23675 0.37946 0.26645 0.44772 0.181 -0.10048 -0.055976 -0.22325 0.26981 0.07369 0.52539 -0.090532 0 0.42451 0.29823 0.34206 0.15533 0.042662 0.019755 0.12936 0.041512 0.12992 0.04835 -0.072376 0.073461 0.18713 0.21328 0.043952 0.052093 0.51793 -0.030506 0.76813 -0.0011321 -0.024354 0.21652 0.3764 0.27725 0.37975 0.14076 -0.22116 -0.14382 -0.22143 0.26383 0.06253 0.40674 -0.087221 0.9215 0.34232 0.15893 0.24519 -0.011027 0.048696 -0.033147 0.16522 0.06007 0.1302 0.020791
0.087532 0.16613 0.17735 0.12492 0.054597 0.22646 -0.00090285 0.12144 0.13313 0.094839 0.19076 0.16655 0.10697 0.052599 0.22537 0.0069743 0.12453 0.12864 -0.11555 0.28339 -0.025022 0.079122 0.060618 0.044094 0.12056 -0.063664 0.45951 0.071091 0.19461 0.087107 0.38547 0.0054191 0.20423 0.09639 -0.11857 -0.15453 -0.20738 0.1087 0.024839 0.35596 -0.025496 0.42451 0 0.039711 0.34142 -0.018097 0.046646 -0.059583 0.044066 0.027368 0.16756 0.17565 -0.10111 0.26278 -0.094687 0.066112 0.033169 0.025014 0.031081 -0.055731 0.42166 0.085473 0.11935 0.069002 0.39568 0.031393 0.15277 0.080178 -0.14484 -0.20105 -0.13626 0.11222 0.016129 0.29755 -0.020382 0.35454 0.57812 0.004775 0.25197 -0.074115 0.060487 -0.034665 0.042965 0.028513 0.14436 0.16451
0.36068 0.21666 0.25413 0.15108 0.069277 -0.028869 -0.1619 -0.011219 0.10056 0.4665 0.19316 0.22601 0.13095 0.036042 -0.058311 -0.12837 -0.028516 0.10147 -0.04105 0.25768 0.6992 -0.034179 0.027765 -0.056011 0.51009 0.40864 0.066812 -0.12084 0.49998 -0.050875 -0.26498 -0.010598 0.0395 0.095954 0.59321 0.20902 0.41435 0.0026157 -0.0015224 0.45593 0.094222 0.29823 0.039711 0 0.48036 0.38105 -0.13356 0.65853 -0.14962 -0.11429 0.087658 0.25976 -0.03763 0.22774 0.54542 -0.070534 0.029903 -0.092331 0.41798 0.18674 -0.00027215 -0.099865 0.31763 -0.067401 -0.19681 0.028348 -0.0069801 0.078075 0.47598 0.20495 0.33513 0.010524 -0.031195 0.37666 0.06674 0.24981 0.02893 0.71921 0.24735 0.19387 -0.11429 0.43649 -0.11575 -0.14978 0.078965 0.21675
0.059243 0.19073 0.20745 0.18364 0.068306 0.15482 0.045478 0.014002 0.089516 0.30552 0.10371 0.12489 0.14962 0.049857 0.1355 0.029794 0.020306 0.088661 0.14557 0.34225 0.41531 0.079328 0.068302 0.063559 0.34154 0.23461 0.22293 -0.033516 0.30452 0.055509 0.21653 0.2987 0.12829 0.3365 0.52228 0.18866 0.3466 0.098423 0.30589 0.31674 0.48806 0.34206 0.34142 0.48036 0 0.30752 0.14548 0.49183 0.081857 0.03714 0.21225 0.33986 -0.0064929 0.28059 0.13138 0.01662 0.042322 0.019845 0.04344 0.070771 0.085732 -0.013411 0.068222 0.043233 0.089055 0.047525 0.10562 0.31707 0.21135 -0.042599 0.081858 0.070182 0.25918 0.18761 0.40082 0.12765 0.18943 0.092329 0.51532 0.15036 0.13833 0.24786 0.076688 0.023933 0.19228 0.28855
0.13165 0.096692 0.035762 0.10738 0.014439 0.067998 0.021588 0.0045189 0.04052 0.19981 0.06148 0.049928 0.090404 0.017924 0.064418 0.03059 0.0034975 0.048338 0.058792 0.27235 0.36157 0.65724 0.073841 0.48695 0.27263 0.34466 -0.01353 0.2441 0.19002 0.66912 -0.1051 -0.18774 0.14796 0.36749 0.27868 -0.12941 0.12737 0.57081 0.43682 0.16781 0.51355 0.15533 -0.018097 0.38105 0.30752 0 0.082217 0.52105 -0.088959 -0.027065 0.18294 0.37849 0.075174 0.26326 0.13119 0.62444 0.034816 0.45451 0.11078 0.28548 0.0358 0.22173 0.10756 0.67625 -0.091906 -0.17652 0.14959 0.33705 0.26684 -0.1405 0.14517 0.56185 0.38039 0.19704 0.46927 0.26491 -0.004508 0.20414 0.16217 0.9366 0.039458 0.4239 -0.10209 -0.044716 0.15608 0.31991
-0.16702 -0.099685 -0.073044 -0.010021 0.0059366 0.21461 0.22931 0.0089876 0.010092 -0.13587 -0.14363 -0.088029 -0.025551 -0.011826 0.2044 0.20345 0.017165 0.023852 0.72276 0.071691 0.04793 0.15215 0.10334 0.3361 0.069043 0.14969 0.0098911 0.1623 0.063002 0.19133 0.1958 0.3648 0.14047 0.17995 0.22236 -0.019912 0.23859 0.094159 0.31012 -0.062684 0.31744 0.042662 0.046646 -0.13356 0.14548 0.082217 0 0.11706 0.062084 0.22074 0.58534 0.33577 0.5914 0.078268 -0.086204 0.11359 0.06771 0.31085 -0.058196 0.083084 -0.030396 0.14353 0.024568 0.17685 0.12337 0.20093 0.15008 0.20784 0.11387 -0.035813 0.096954 0.03173 0.35364 -0.060357 0.32184 0.024125 0.053982 -0.15435 0.076119 0.097753 0.85459 0.082909 0.035112 0.20559 0.48632 0.29263
0.32935 0.22134 0.17986 0.25306 0.1069 -0.096139 -0.08361 -0.0013754 0.11028 0.36115 0.21671 0.17876 0.23472 0.088705 -0.11748 -0.074181 -0.03144 0.12668 0.1657 0.41956 0.38564 0.016096 0.047065 -0.021611 0.091789 0.41101 -0.20621 -0.13148 0.41871 0.032547 -0.34267 -0.055413 -0.090558 0.34255 0.68437 0.073638 0.5247 0.11445 0.40431 0.37523 0.55068 0.019755 -0.059583 0.65853 0.49183 0.52105 0.11706 0 -0.14938 -0.071503 0.30434 0.62346 0.18157 0.41642 0.33148 -0.0061876 0.0071313 -0.064512 0.15731 0.25144 -0.20022 -0.10145 0.32272 0.014893 -0.3028 -0.0085913 -0.086436 0.29489 0.65278 0.14591 0.52479 0.10912 0.30416 0.36815 0.49319 0.080374 -0.017806 0.51095 0.39635 0.40559 0.08969 0.85144 -0.12469 -0.11019 0.23213 0.56009
-0.094739 -0.050938 -0.052107 -0.071757 -0.032564 0.063667 0.055375 -0.0020358 -0.029778 -0.008166 -0.083709 -0.086838 -0.084548 -0.048103 0.049373 0.041002 -0.0049492 -0.032715 0.10904 -0.14555 0.032157 -0.049098 0.034315 0.063672 0.18699 0.030606 0.15354 0.016745 -0.066185 -0.025552 0.29085 0.32768 0.057074 -0.072417 -0.077131 0.15485 0.025579 -0.061747 -0.017885 -0.084079 -0.063445 0.12936 0.044066 -0.14962 0.081857 -0.088959 0.062084 -0.14938 0 0.1041 -0.086897 -0.14563 0.011334 -0.1672 -0.084972 -0.047892 0.0058624 0.047982 0.019736 0.012897 0.086821 0.01858 -0.11383 -0.032759 0.1721 0.21729 0.034358 -0.063207 -0.18402 0.047181 -0.13794 -0.063985 0.0012261 -0.16339 -0.086618 0.013512 -0.0098695 -0.25769 -0.036819 -0.072879 0.051888 -0.20878 0.22466 0.094357 -0.044079 -0.16569
-0.07337 -0.061339 -0.061913 -0.028058 -0.023214 0.15086 0.13067 -0.0022675 -0.022497 -0.019667 -0.083101 -0.076994 -0.049793 -0.01589 0.1281 0.1074 -0.014197 0.024198 0.16514 -0.058187 -0.00043492 0.0034663 0.099253 0.14834 0.10364 0.10997 0.048722 0.053207 0.030434 0.0040842 0.18551 0.29279 0.092919 -0.020657 0.0028106 0.091406 0.053476 -0.026526 0.036105 -0.066711 0.0013837 0.041512 0.027368 -0.11429 0.03714 -0.027065 0.22074 -0.071503 0.1041 0 0.016749 0.0065868 0.095546 -0.076567 -0.053326 -0.0089877 0.03638 0.11782 0.021201 0.090329 0.035009 0.039448 -0.037276 0.014695 0.13929 0.22231 0.068965 -0.023824 -0.044468 0.037888 -0.02309 -0.042371 0.022253 -0.10187 -0.017018 0.010288 -0.0036956 -0.1478 0.020685 -0.033133 0.19049 -0.097861 0.097632 0.16985 0.0042243 -0.0042892
0.038132 0.17516 0.077268 0.12849 0.060591 0.10619 0.0039754 0.046649 0.12359 0.033726 0.17963 0.070473 0.12451 0.073068 0.078465 0.0063329 0.039075 0.16327 0.16453 0.29928 -0.001975 0.19431 0.043418 0.11263 -0.016235 -0.014708 0.11661 0.10012 0.15441 0.26406 0.019449 -0.097591 0.092265 0.34543 0.13748 -0.081556 0.023309 0.31089 0.47053 0.20456 0.4038 0.12992 0.16756 0.087658 0.21225 0.18294 0.58534 0.30434 -0.086897 0.016749 0 0.5134 0.22351 0.31999 -0.0016931 0.18325 0.031306 0.11192 0.0044249 -0.027059 0.097592 0.099716 0.14558 0.23182 0.049961 -0.082168 0.10543 0.34607 0.19333 -0.070987 0.10436 0.27997 0.44361 0.25604 0.39838 0.16733 0.18029 0.091444 0.20505 0.16928 0.54659 0.35606 -0.045443 -0.016471 0.66476 0.47618
0.20811 0.27883 0.17369 0.34452 0.1379 0.069075 0.020625 0.084026 0.18061 0.20088 0.27133 0.17557 0.31551 0.11949 0.070894 0.027988 0.058374 0.18298 0.12808 0.57463 -0.030583 0.22325 0.090706 0.12989 -0.12502 0.09886 -0.045861 0.076372 0.34246 0.25153 -0.099953 -0.2317 0.032366 0.47286 0.3922 -0.15156 0.19567 0.32305 0.59588 0.35511 0.63142 0.04835 0.17565 0.25976 0.33986 0.37849 0.33577 0.62346 -0.14563 0.0065868 0.5134 0 0.17965 0.56125 -0.024363 0.2126 0.051019 0.095357 -0.077354 0.066203 -0.018273 0.087851 0.31052 0.2224 -0.077254 -0.1905 0.045788 0.44616 0.4813 -0.10254 0.32873 0.31082 0.52661 0.4078 0.60713 0.13645 0.20209 0.25351 0.32915 0.33326 0.29166 0.64844 -0.14454 -0.040327 0.41218 0.7778
-0.051696 -0.12887 -0.042401 -0.026298 -0.018943 0.031192 0.096983 -0.024267 -0.032212 -0.1718 -0.14367 -0.034537 0.0021616 -0.01806 0.033376 0.1071 -0.015955 -0.0050187 0.67543 0.027748 0.012257 0.077031 0.015314 0.27307 0.032017 0.13943 -0.15819 0.1538 0.067466 0.088662 -0.05735 0.2389 0.023976 0.034657 0.25866 -0.043021 0.28945 -0.0051123 0.067789 -0.08979 0.14907 -0.072376 -0.10111 -0.03763 -0.0064929 0.075174 0.5914 0.18157 0.011334 0.095546 0.22351 0.17965 0 0.04252 0.13584 0.083932 0.027183 0.292 0.14348 0.21657 -0.14682 0.11737 0.12249 0.095049 -0.035831 0.41791 0.033908 0.052171 0.38837 0.17129 0.44823 -0.035225 0.11834 -0.043984 0.20116 0.014514 -0.038124 0.033111 0.2345 0.083861 0.72133 0.19924 0.03018 0.16159 0.20242 0.16821
