0 0.32922 0.26556 0.27952 0.087526 -0.0089743 -0.090043 0.059719 0.20782 0.72096 0.41048 0.35627 0.29413 0.11444 0.00067406 -0.096381 0.041374 0.26313 -0.15857 0.23398 0.059372 -0.024176 0.022862 -0.057503 0.057557 0.13433 0.089873 0.025582 0.18422 -0.00080609 -0.15839 -0.1203 0.011959 0.12894 0.088444 -0.070935 0.012092 0.11218 0.066364 0.36339 0.078629 0.18107 0.09026 0.36067 0.025335 0.18336 -0.1816 0.35071 -0.10564 -0.065021 0.029392 0.22684 -0.040352 0.27272 0.4174 -0.020381 0.034887 -0.077865 0.36817 0.25068 0.18909 0.0028435 0.31895 -0.03319 -0.032146 0.12075 0.02428 0.14132 0.39141 0.19402 0.29901 0.13193 0.069473 0.45012 0.18542 0.31571 0.17227 0.59433 0.39214 0.19693 -0.12463 0.53337 -0.0063463 -0.086447 0.047642 0.27849
0.32922 0 0.24336 0.26745 0.11247 0.015832 -0.077786 0.072219 0.22255 0.34677 0.48925 0.26034 0.25249 0.096565 -0.0023528 -0.095463 0.055686 0.21036 -0.11084 0.25803 0.04188 0.093838 0.019058 -0.053102 0.062087 0.040732 0.14212 0.077457 0.14087 0.13333 -0.031544 -0.11235 0.014057 0.18293 0.10609 -0.070863 0.0064794 0.23157 0.14274 0.33175 0.12332 0.19172 0.158 0.21039 0.1568 0.12946 -0.11281 0.23057 -0.048374 -0.055321 0.16559 0.2869 -0.11945 0.24923 0.06187 0.093018 0.014768 -0.074145 0.065457 -0.0047461 0.13527 0.07092 0.12808 0.089781 -0.012871 -0.092949 -0.014607 0.11541 0.15252 -0.035198 0.072428 0.2653 0.091967 0.31275 0.10242 0.18824 0.14806 0.18351 0.16314 0.067994 -0.11814 0.22333 -0.052793 -0.074836 0.15427 0.26084
0.26556 0.24336 0 0.39437 0.10574 0.037366 -0.017341 0.14757 0.14257 0.28469 0.26821 0.57881 0.38041 0.066836 0.035235 -0.02883 0.11789 0.1533 -0.032462 0.2002 0.11717 0.0036027 0.01224 -0.03665 0.03222 0.047782 0.084359 0.0061025 0.19029 0.025604 -0.0062926 -0.072426 -0.024399 0.055674 0.22504 -0.012446 0.13705 0.091602 0.015113 0.20059 0.082023 0.085727 0.17099 0.24706 0.19242 0.06043 -0.070544 0.18133 -0.052036 -0.046005 0.06894 0.18351 -0.028296 0.17104 0.11202 -0.01193 0.03479 -0.059395 0.029636 0.026866 0.069391 0.0098296 0.16331 -0.0052195 0.0032832 -0.076614 -0.013837 0.029257 0.19486 -0.023185 0.13734 0.10011 -0.0068139 0.19784 0.090582 0.07946 0.12188 0.1725 0.1562 0.0077379 -0.063868 0.17724 -0.06293 -0.054316 0.080674 0.17266
0.27952 0.26745 0.39437 0 0.19785 0.014328 -0.0060777 0.10931 0.14058 0.25932 0.27685 0.37875 0.64638 0.12495 0.010817 -0.013738 0.096686 0.1485 -0.055231 0.29558 -0.031699 0.035319 0.010896 -0.023384 -0.087559 0.010503 0.010361 0.023867 0.14665 0.048478 -0.02824 -0.15867 -0.020779 0.19893 0.17473 -0.092361 0.063647 0.12822 0.19036 0.21176 0.27834 0.038043 0.13101 0.15439 0.15863 0.11454 -0.027575 0.24188 -0.07019 -0.018191 0.12731 0.34804 -0.016344 0.27812 0.017751 0.037558 0.011619 -0.036598 -0.044468 -0.015068 0.028149 0.026883 0.15313 0.028282 -0.020668 -0.13133 0.010461 0.15891 0.25892 -0.060571 0.15441 0.14579 0.1249 0.24875 0.26483 0.080857 0.13456 0.17788 0.18485 0.088225 -0.03846 0.30496 -0.065684 -0.057618 0.12491 0.3466
0.087526 0.11247 0.10574 0.19785 0 -0.0035901 -0.020871 0.021174 0.056961 0.097842 0.10439 0.11628 0.17091 0.044799 -0.0030771 -0.027637 0.023819 0.062847 -0.016271 0.10753 8.6684e-05 0.0036737 0.010813 -0.012775 -0.018443 0.0023085 -0.0054138 -0.0096781 0.071218 0.0072837 -0.027025 -0.035012 -0.0098803 0.025783 0.071238 0.0039986 0.052344 0.051749 0.074895 0.091161 0.089237 0.011132 0.057078 0.070784 0.064694 0.014228 0.0065887 0.10736 -0.028176 -0.020413 0.062822 0.14312 -0.0068631 0.11068 -0.015723 -0.0021884 -0.013424 -0.033372 -0.035039 -0.011382 -0.0020729 -0.0031267 0.064503 -0.0064727 -0.019464 -0.044142 -0.018068 0.029432 0.086328 -0.0077372 0.064849 0.053803 0.0571 0.078307 0.080491 0.0032073 0.027992 0.044794 0.052642 -0.0077676 -0.0080832 0.10569 -0.039851 -0.025089 0.04726 0.13103
-0.0089743 0.015832 0.037366 0.014328 -0.0035901 0 0.16547 0.022244 0.088178 0.059044 -0.00093251 0.025771 0.0048803 -0.015885 0.43438 0.16606 0.040084 0.070588 0.070436 0.045541 0.15171 0.10236 0.13428 0.2213 0.24638 0.12741 0.34049 0.12498 0.090261 0.1269 0.2967 0.20937 0.27593 0.07268 -0.027593 0.024977 -0.017633 0.089351 0.090399 0.10116 0.059432 0.27464 0.22846 0.0050232 0.18077 0.083457 0.22025 -0.065642 0.056872 0.15152 0.11985 0.084966 0.033886 0.027926 0.012806 0.080447 0.088946 0.21218 0.12935 0.090086 0.28748 0.13103 0.017632 0.11565 0.27119 0.13879 0.2349 0.068748 -0.10978 -0.05087 -0.089993 0.065377 0.096853 0.03845 0.052588 0.22679 0.15418 -0.08735 0.079337 0.047068 0.18671 -0.10278 0.050452 0.12247 0.10186 0.053054
-0.090043 -0.077786 -0.017341 -0.0060777 -0.020871 0.16547 0 -0.0091189 -0.0074534 -0.040426 -0.10264 -0.041497 -0.026568 -0.023281 0.17285 0.25162 -0.011163 -0.031585 0.15545 -0.039145 0.049646 0.027313 0.074787 0.17974 0.070146 0.13178 0.0027256 0.066784 0.019463 0.037054 0.16496 0.16775 0.070403 0.0136 0.025514 0.079124 0.072707 -0.014464 0.051044 -0.12047 0.067812 -0.03171 0.0011983 -0.12528 0.064967 0.029347 0.23575 -0.060029 0.045974 0.13478 0.017089 0.029205 0.094373 -0.049314 -0.061755 0.017497 0.026324 0.15706 -0.032004 0.073361 -0.028763 0.05723 -0.021029 0.03408 0.088218 0.089187 0.056399 0.019263 -0.056007 -0.018684 -0.025575 -0.034231 0.053718 -0.13683 0.066528 -0.057606 -0.021409 -0.18792 -0.020409 0.034843 0.18891 -0.12408 0.028332 0.11068 0.002249 -0.0031862
0.059719 0.072219 0.14757 0.10931 0.021174 0.022244 -0.0091189 0 0.054104 0.038598 0.074837 0.13054 0.10545 0.01508 0.035056 0.0031277 0.10918 0.066242 -0.034232 0.091828 -0.05914 0.023901 1.0957e-05 -0.0087307 -0.045543 -0.023367 0.055007 0.019337 0.024853 0.012588 0.066671 -0.059703 0.023369 0.047985 -0.025528 -0.084367 -0.074645 0.048185 0.023759 0.070585 0.016144 0.044988 0.11921 -0.00044681 0.0095925 0.009462 0.0048911 0.00079684 -0.0046521 0.0012155 0.045529 0.08761 -0.020681 0.074084 -0.039997 0.02585 -0.002982 -5.9695e-05 -0.022906 0.0041077 0.068518 0.033124 0.032323 0.0048392 0.064514 -0.041271 0.010465 0.046473 0.0028451 -0.086235 -0.012884 0.054597 0.016153 0.077971 0.036667 0.058149 0.09916 0.019482 0.032674 0.0095251 0.014517 0.05743 -0.017389 0.0034473 0.057101 0.090908
0.20782 0.22255 0.14257 0.14058 0.056961 0.088178 -0.0074534 0.054104 0 0.22132 0.23059 0.13067 0.13442 0.048306 0.072762 -0.021102 0.053216 0.19934 -0.047682 0.16474 0.0059614 0.06993 0.017058 0.0028885 0.030646 0.0075926 0.12936 0.021801 0.077082 0.099191 0.021362 -0.054578 0.065955 0.12742 0.035159 -0.061676 -0.014752 0.17371 0.10075 0.19167 0.076013 0.15376 0.13458 0.10099 0.074287 0.056934 -0.0024925 0.11353 -0.029163 -0.018495 0.12367 0.18232 -0.034587 0.17042 0.04357 0.063388 0.029198 -0.013185 0.057879 0.0186 0.14825 0.015901 0.090264 0.086489 0.059884 -0.013689 0.0349 0.079652 0.083521 -0.033901 0.037565 0.18069 0.077712 0.18562 0.070123 0.17539 0.13633 0.10603 0.12336 0.023608 -0.0011629 0.15127 -0.037061 -0.0062952 0.1237 0.1744
0.72096 0.34677 0.28469 0.25932 0.097842 0.059044 -0.040426 0.038598 0.22132 0 0.31919 0.28082 0.21816 0.099426 0.051812 -0.05319 0.032482 0.22955 -0.074393 0.22808 0.26154 0.0077726 0.050093 -0.077839 0.21558 0.22936 0.14725 -0.058826 0.20202 0.013432 -0.01959 0.048398 0.044834 0.19883 0.22478 0.092527 0.18827 0.12684 0.26678 0.31031 0.27829 0.23463 0.083564 0.45341 0.2697 0.25768 -0.12961 0.38983 -0.024275 -0.0044478 0.035044 0.2284 -0.14793 0.16974 0.13584 -0.00097771 0.027591 -0.090988 0.12176 0.12918 0.10324 -0.030849 0.10106 0.0042755 -0.020141 0.0038223 0.029689 0.13533 0.1447 0.036887 0.050851 0.14451 0.15536 0.2645 0.17247 0.1531 0.052352 0.23721 0.093712 0.096536 -0.10662 0.33238 -0.042843 -0.060164 0.05469 0.19156
0.41048 0.48925 0.26821 0.27685 0.10439 -0.00093251 -0.10264 0.074837 0.23059 0.31919 0 0.32217 0.3018 0.11109 -0.011144 -0.1083 0.095043 0.25199 -0.19254 0.2888 -0.020849 0.073858 0.015662 -0.070951 0.0089411 -0.022625 0.14215 0.06425 0.12237 0.11283 -0.064532 -0.19464 0.010508 0.13298 0.025794 -0.14857 -0.064657 0.23579 0.06486 0.34429 0.07102 0.1917 0.18461 0.1907 0.069797 0.091826 -0.16754 0.21557 -0.088886 -0.075783 0.16554 0.27948 -0.14178 0.29891 0.14932 0.083808 0.0059498 -0.097855 0.14799 -0.0016596 0.19737 0.038827 0.18491 0.071969 -0.0071662 -0.069424 0.0048684 0.13909 0.23548 -0.009169 0.14868 0.27507 0.048199 0.39637 0.1142 0.26498 0.20234 0.3059 0.2626 0.070702 -0.13766 0.31323 -0.040342 -0.10342 0.16887 0.30241
0.35627 0.26034 0.57881 0.37875 0.11628 0.025771 -0.041497 0.13054 0.13067 0.28082 0.32217 0 0.40763 0.085111 0.028195 -0.028551 0.14591 0.15525 -0.074839 0.20761 0.061577 -0.023255 -0.0066264 -0.054906 -0.0019557 0.027766 0.081183 0.016648 0.18371 0.0031258 -0.047748 -0.13622 -0.030578 0.041848 0.19259 -0.049191 0.11125 0.089407 0.012294 0.22295 0.06658 0.063219 0.17018 0.22369 0.11168 0.07691 -0.097484 0.18068 -0.083753 -0.066176 0.063379 0.19091 -0.026492 0.23258 0.18249 -0.048059 0.021968 -0.073733 0.081831 0.059067 0.088018 -0.0041767 0.23355 -0.026816 0.00075496 -0.052008 0.0073986 0.043849 0.27874 0.048561 0.22838 0.097931 -0.036963 0.26468 0.08663 0.11947 0.18197 0.27961 0.22669 0.032084 -0.08544 0.24284 -0.055259 -0.054181 0.058819 0.21622
0.29413 0.25249 0.38041 0.64638 0.17091 0.0048803 -0.026568 0.10545 0.13442 0.21816 0.3018 0.40763 0 0.1445 0.010609 -0.0055405 0.11773 0.15893 -0.059592 0.26903 -0.037513 0.03254 0.015029 -0.027063 -0.090564 -0.0028594 -0.0018193 0.047282 0.13443 0.042646 -0.065549 -0.16653 -0.02193 0.16544 0.14451 -0.10774 0.048411 0.12491 0.11411 0.21962 0.21321 0.022356 0.11529 0.13082 0.11788 0.0993 -0.052209 0.21869 -0.085817 -0.044444 0.11677 0.31479 0.0071097 0.28352 0.030057 0.026405 0.01432 -0.023955 -0.032701 0.02712 0.015676 0.042098 0.18799 0.022376 -0.033812 -0.11711 -0.0017979 0.15652 0.28737 -0.041719 0.18792 0.14354 0.11632 0.25309 0.28343 0.080122 0.13256 0.19869 0.19396 0.091391 -0.010839 0.31754 -0.086834 -0.048796 0.1225 0.37309
0.11444 0.096565 0.066836 0.12495 0.044799 -0.015885 -0.023281 0.01508 0.048306 0.099426 0.11109 0.085111 0.1445 0 -0.0090866 -0.027156 0.0054342 0.093441 -0.024416 0.13275 -0.040329 0.015739 0.010911 -0.021782 -0.027493 -0.02092 0.013236 -0.010223 0.031215 0.01777 -0.030038 -0.058561 0.00091411 0.061733 0.023903 -0.045078 -0.0094136 0.058521 0.063435 0.088317 0.066863 0.039492 0.058661 0.043669 0.049412 0.01679 -0.017807 0.080473 -0.040884 -0.012363 0.073198 0.12191 -0.016269 0.10679 0.0047029 0.016822 0.002391 -0.023528 -0.00069302 -0.010782 0.028931 -0.012114 0.031426 0.019105 -0.0072807 -0.031134 -0.0042567 0.071383 0.079622 -0.033643 0.058755 0.0728 0.068316 0.091935 0.088203 0.050865 0.072839 0.068402 0.094548 0.0056392 -0.014192 0.11988 -0.026797 -0.026809 0.064231 0.13618
0.00067406 -0.0023528 0.035235 0.010817 -0.0030771 0.43438 0.17285 0.035056 0.072762 0.051812 -0.011144 0.028195 0.010609 -0.0090866 0 0.21245 0.041798 0.069109 0.053875 0.041936 0.13749 0.087457 0.10901 0.23039 0.22914 0.1301 0.3227 0.12194 0.096382 0.10522 0.30398 0.17772 0.27383 0.071314 -0.033235 -0.0083404 -0.041487 0.070636 0.07573 0.086 0.059256 0.2607 0.23854 -0.014662 0.16605 0.075595 0.21501 -0.080256 0.044614 0.13169 0.10051 0.084811 0.04072 0.04404 0.06167 0.076165 0.10199 0.22517 0.16072 0.13307 0.30044 0.10991 0.062049 0.099458 0.26604 0.16013 0.27601 0.061257 -0.078339 -0.046665 -0.067114 0.059387 0.10387 0.066007 0.052879 0.2492 0.17622 -0.059795 0.10726 0.066289 0.20695 -0.078819 0.033486 0.14211 0.10208 0.081056
-0.096381 -0.095463 -0.02883 -0.013738 -0.027637 0.16606 0.25162 0.0031277 -0.021102 -0.05319 -0.1083 -0.028551 -0.0055405 -0.027156 0.21245 0 0.015922 -0.0061146 0.11797 -0.032168 0.044185 0.026212 0.072082 0.16855 0.047414 0.11862 -0.0069042 0.022247 0.020065 0.031163 0.13529 0.12619 0.094087 0.015747 0.0098834 0.043082 0.048936 -0.050207 0.037113 -0.10623 0.06871 -0.026209 0.0071049 -0.10788 0.046548 0.032552 0.20468 -0.064584 0.04204 0.10704 0.016522 0.028812 0.10687 -0.0351 -0.020609 0.014679 0.040301 0.1772 -0.005995 0.11642 -0.02634 0.01918 0.0016063 0.026675 0.098324 0.091176 0.099928 0.019797 -0.016473 -0.010504 0.0139 -0.06072 0.053409 -0.12551 0.073312 -0.046386 -0.02551 -0.14144 -0.0079998 0.040738 0.21088 -0.08458 0.027483 0.13373 0.0040823 0.024958
0.041374 0.055686 0.11789 0.096686 0.023819 0.040084 -0.011163 0.10918 0.053216 0.032482 0.095043 0.14591 0.11773 0.0054342 0.041798 0.015922 0 0.069709 -0.02361 0.090988 -0.04923 0.030234 0.01654 -0.0057328 -0.018153 -0.036408 0.079701 0.030614 0.017438 0.032531 0.05548 -0.06723 0.010046 0.032785 -0.019907 -0.079031 -0.061368 0.047829 0.0061987 0.066161 -0.0047451 0.072602 0.1232 -0.011817 0.018575 0.002682 0.012271 -0.028361 -0.013984 -0.013957 0.041918 0.061536 -0.011813 0.076751 -0.03658 0.030918 0.0079151 0.017376 -0.020546 -0.015512 0.070176 0.026518 0.025099 0.021178 0.048948 -0.036899 0.023393 0.036983 -0.0097987 -0.10289 -0.024152 0.05097 -0.0030991 0.073545 0.00067297 0.073712 0.11527 0.017697 0.017445 0.0029488 0.023052 0.018455 -0.01706 -0.0027417 0.047704 0.070945
0.26313 0.21036 0.1533 0.1485 0.062847 0.070588 -0.031585 0.066242 0.19934 0.22955 0.25199 0.15525 0.15893 0.093441 0.069109 -0.0061146 0.069709 0 -0.061397 0.16574 0.035664 0.053349 0.038863 0.011512 0.05921 0.030406 0.12121 0.025372 0.090726 0.092438 0.015067 -0.028959 0.071286 0.099502 0.025203 -0.053828 -0.0067945 0.16476 0.081459 0.18603 0.065793 0.15612 0.13365 0.1156 0.078979 0.0612 0.0088418 0.13395 -0.035786 0.027629 0.1663 0.19086 -0.0080253 0.18107 0.10372 0.064341 0.026551 0.0098363 0.11013 0.040635 0.15037 0.027548 0.11718 0.08116 0.065913 0.019838 0.058069 0.11615 0.11832 0.012656 0.084661 0.18259 0.075492 0.20284 0.087401 0.19377 0.14126 0.15185 0.16613 0.055208 0.023088 0.17453 0.00031821 0.0012781 0.13575 0.21437
-0.15857 -0.11084 -0.032462 -0.055231 -0.016271 0.070436 0.15545 -0.034232 -0.047682 -0.074393 -0.19254 -0.074839 -0.059592 -0.024416 0.053875 0.11797 -0.02361 -0.061397 0 -0.043396 0.22921 0.036299 0.043961 0.26458 0.19922 0.27476 -0.16855 0.079986 0.077795 0.066623 0.018907 0.56663 0.0043545 -0.0203 0.50072 0.2265 0.54977 -0.040975 0.063803 -0.10753 0.16786 -0.069659 -0.13895 0.0097864 0.19292 0.087869 0.73661 0.24906 0.11591 0.15868 0.17076 0.12563 0.66146 -0.049203 0.042272 0.019142 0.021542 0.22109 0.026724 0.19194 -0.20739 0.082689 0.014122 0.0597 -0.05882 0.32668 0.025413 -0.0037401 0.2318 0.1607 0.26377 -0.077255 0.10341 -0.17026 0.12582 -0.14263 -0.12159 -0.10257 0.028922 0.059519 0.61926 0.04887 0.061159 0.16647 0.16966 0.0901
0.23398 0.25803 0.2002 0.29558 0.10753 0.045541 -0.039145 0.091828 0.16474 0.22808 0.2888 0.20761 0.26903 0.13275 0.041936 -0.032168 0.090988 0.16574 -0.043396 0 -0.11499 0.17451 0.052245 0.02086 -0.11318 -0.021135 0.015509 0.034292 0.206 0.19738 -0.088216 -0.27625 0.011545 0.40338 0.19651 -0.22216 0.0099033 0.2893 0.33553 0.41588 0.40194 0.096977 0.28449 0.25793 0.31408 0.26866 0.04334 0.36734 -0.12958 -0.043267 0.28751 0.56375 0.026432 0.58326 -0.098 0.18945 0.0095362 0.0076624 -0.099705 0.006262 0.065186 0.038836 0.18547 0.16958 -0.033594 -0.23848 0.030622 0.37832 0.30357 -0.2381 0.12369 0.29022 0.28986 0.44291 0.40073 0.17054 0.2812 0.24822 0.30159 0.22122 0.05098 0.46771 -0.15632 -0.082184 0.24154 0.5573
0.059372 0.04188 0.11717 -0.031699 8.6684e-05 0.15171 0.049646 -0.05914 0.0059614 0.26154 -0.020849 0.061577 -0.037513 -0.040329 0.13749 0.044185 -0.04923 0.035664 0.22921 -0.11499 0 -0.14174 0.067902 0.18718 0.71983 0.56405 0.20085 -0.060013 0.27469 -0.090061 0.11485 0.48444 0.16664 -0.092072 0.54369 0.46407 0.53872 -0.12684 -0.016908 0.10818 0.12136 0.31558 -0.043318 0.69988 0.41036 0.38931 0.068318 0.45732 0.025882 0.01063 -0.018646 -0.048354 0.029178 -0.11729 0.65424 -0.19387 0.061541 0.10766 0.52703 0.30993 0.065853 -0.025105 0.092127 -0.086826 0.056749 0.31251 0.12107 -0.079734 0.24113 0.36494 0.19212 -0.13377 -0.0055287 -0.014822 0.045305 0.15858 -0.11768 0.27547 0.087248 0.16447 0.051393 0.080081 0.06995 0.021261 -0.0057992 -0.1066
-0.024176 0.093838 0.0036027 0.035319 0.0036737 0.10236 0.027313 0.023901 0.06993 0.0077726 0.073858 -0.023255 0.03254 0.015739 0.087457 0.026212 0.030234 0.053349 0.036299 0.17451 -0.14174 0 0.019739 0.31552 0.047504 -0.14086 0.13208 0.25183 0.04034 0.91682 0.014207 -0.15014 0.15348 0.37241 -0.066466 -0.177 -0.1317 0.87527 0.31952 0.08847 0.29643 0.28499 0.077775 -0.020225 0.088526 0.62781 0.18227 0.02784 -0.03272 0.014018 0.20887 0.24122 0.083815 0.16089 -0.23945 0.97298 0.0057717 0.36202 -0.065612 -0.085248 0.16082 0.3168 -0.0080502 0.90606 -0.0082983 -0.18807 0.16101 0.34334 -0.0934 -0.24577 -0.1422 0.83816 0.3675 0.084273 0.31181 0.31163 0.087081 -0.082831 0.0051347 0.57751 0.16763 0.067453 -0.071841 0.014826 0.17734 0.21939
0.022862 0.019058 0.01224 0.010896 0.010813 0.13428 0.074787 1.0957e-05 0.017058 0.050093 0.015662 -0.0066264 0.015029 0.010911 0.10901 0.072082 0.01654 0.038863 0.043961 0.052245 0.067902 0.019739 0 0.15817 0.11071 0.1419 0.059115 0.034286 0.095601 0.043403 0.091458 0.10692 0.09709 0.031247 0.064947 0.038803 0.068427 0.025469 0.048221 0.042171 0.057081 0.045329 0.0598 0.043536 0.071003 0.088355 0.10893 0.063529 0.031123 0.10345 0.051083 0.10114 0.020513 0.022974 0.037741 0.0080208 0.051678 0.12945 0.075012 0.11328 0.057795 0.024751 0.059599 0.042259 0.08346 0.074087 0.081431 0.0092191 0.053379 0.014518 0.040559 0.016337 0.037441 0.033203 0.048344 0.059598 0.03288 -0.0040787 0.047625 0.073532 0.080294 0.03606 0.017187 0.05069 0.028829 0.089664
-0.057503 -0.053102 -0.03665 -0.023384 -0.012775 0.2213 0.17974 -0.0087307 0.0028885 -0.077839 -0.070951 -0.054906 -0.027063 -0.021782 0.23039 0.16855 -0.0057328 0.011512 0.26458 0.02086 0.18718 0.31552 0.15817 0 0.32464 0.35595 0.075082 0.54292 0.10629 0.50814 0.17433 0.20655 0.32976 0.10003 0.13653 0.047248 0.10229 0.27508 0.094292 -0.052154 0.14535 0.10165 0.041333 -0.012317 0.09817 0.49641 0.34391 0.016214 0.066708 0.15037 0.11855 0.13981 0.24891 0.041565 0.056209 0.28554 0.10636 0.81031 0.19912 0.35291 0.071999 0.50422 0.078291 0.50618 0.13578 0.19556 0.34654 0.10958 0.11649 -0.020118 0.1358 0.19733 0.14711 -0.040606 0.18133 0.14307 0.037249 -0.068241 0.056634 0.49536 0.27713 1.5115e-05 0.044964 0.13889 0.090428 0.10217
0.057557 0.062087 0.03222 -0.087559 -0.018443 0.24638 0.070146 -0.045543 0.030646 0.21558 0.0089411 -0.0019557 -0.090564 -0.027493 0.22914 0.047414 -0.018153 0.05921 0.19922 -0.11318 0.71983 0.047504 0.11071 0.32464 0 0.51976 0.5363 0.066304 0.18113 0.10003 0.30961 0.63404 0.41376 -0.034614 0.24247 0.35796 0.25114 0.0053465 -0.061977 0.21073 -0.094868 0.70145 0.11395 0.53145 0.37337 0.37636 0.10551 0.24993 0.15636 0.10951 0.0067872 -0.080152 0.039095 -0.12448 0.50218 -0.031676 0.067359 0.23092 0.74528 0.31601 0.41421 0.065791 0.042512 0.086385 0.25694 0.52321 0.33172 -0.04201 0.047271 0.23792 0.068968 -0.013575 -0.060767 0.063075 -0.11939 0.52077 0.035904 0.1606 0.1599 0.16876 0.076162 -0.0027278 0.20588 0.13136 0.018566 -0.12803
0.13433 0.040732 0.047782 0.010503 0.0023085 0.12741 0.13178 -0.023367 0.0075926 0.22936 -0.022625 0.027766 -0.0028594 -0.02092 0.1301 0.11862 -0.036408 0.030406 0.27476 -0.021135 0.56405 -0.14086 0.1419 0.35595 0.51976 0 -0.0097457 0.084884 0.24668 -0.081479 0.067768 0.45746 0.11617 -0.041351 0.43783 0.39239 0.47121 -0.12945 0.016312 0.032743 0.13631 -0.021688 -0.079493 0.39901 0.22416 0.38263 0.17956 0.43482 0.020865 0.12317 -0.0034421 0.093153 0.12938 -0.018627 0.33949 -0.17329 0.089659 0.26201 0.33179 0.56454 -0.10558 0.047523 0.13787 -0.079799 -0.0097716 0.30937 0.054393 -0.053262 0.26333 0.25658 0.30871 -0.15079 -0.0056738 -0.0098713 0.068828 -0.057986 -0.10794 0.127 0.030823 0.25955 0.13319 0.20366 0.039091 0.088657 2.3018e-06 0.039873
0.089873 0.14212 0.084359 0.010361 -0.0054138 0.34049 0.0027256 0.055007 0.12936 0.14725 0.14215 0.081183 -0.0018193 0.013236 0.3227 -0.0069042 0.079701 0.12121 -0.16855 0.015509 0.20085 0.13208 0.059115 0.075082 0.5363 -0.0097457 0 0.024579 0.048493 0.12724 0.49654 0.21796 0.39158 0.080023 -0.22532 -0.039792 -0.24423 0.15473 0.050159 0.41513 -0.12726 0.81464 0.46 0.10577 0.26082 -0.0098712 -0.0024366 -0.14859 0.13351 0.046734 0.12454 -0.025166 -0.15945 0.010793 0.079345 0.091362 0.058458 0.060625 0.33926 -0.04819 0.76534 0.051139 -0.02867 0.11509 0.45398 0.21421 0.3125 0.058898 -0.30572 -0.11512 -0.26983 0.17997 0.060678 0.27576 -0.12484 0.70988 0.33073 -0.041241 0.17703 -0.10577 0.014917 -0.19317 0.11682 0.059852 0.1015 -0.053322
0.025582 0.077457 0.0061025 0.023867 -0.0096781 0.12498 0.066784 0.019337 0.021801 -0.058826 0.06425 0.016648 0.047282 -0.010223 0.12194 0.022247 0.030614 0.025372 0.079986 0.034292 -0.060013 0.25183 0.034286 0.54292 0.066304 0.084884 0.024579 0 0.054136 0.42777 0.1017 0.022399 0.050479 0.058326 -0.00065894 -0.0077529 0.010353 0.34444 0.016522 0.03045 0.073248 -0.018236 0.075993 -0.092201 -0.019 0.29672 0.16858 -0.1072 0.01488 0.053178 0.1238 0.11606 0.15215 0.07114 -0.047905 0.2571 0.026946 0.55933 0.025478 0.16195 0.026598 0.95184 0.087331 0.35648 0.076333 0.062407 0.082578 0.057775 0.098401 -0.011892 0.099775 0.33038 0.095021 0.040031 0.14338 0.022394 0.075 -0.055112 0.016862 0.35675 0.13862 0.015504 0.030825 0.04856 0.10149 0.12289
0.18422 0.14087 0.19029 0.14665 0.071218 0.090261 0.019463 0.024853 0.077082 0.20202 0.12237 0.18371 0.13443 0.031215 0.096382 0.020065 0.017438 0.090726 0.077795 0.206 0.27469 0.04034 0.095601 0.10629 0.18113 0.24668 0.048493 0.054136 0 0.055581 0.061603 0.080487 0.06205 0.070075 0.42194 0.28872 0.46538 0.098463 0.040606 0.25817 0.12802 0.097611 0.20675 0.43518 0.28982 0.1917 0.072984 0.39599 -0.033203 0.05319 0.12929 0.32616 0.085176 0.19355 0.22664 0.02332 0.052702 0.074381 0.15688 0.16503 0.0011252 0.05124 0.39438 0.043614 0.057604 0.06839 0.022006 0.045335 0.36435 0.23244 0.42375 0.087378 0.042232 0.1941 0.11231 0.079028 0.1594 0.26589 0.22455 0.087145 0.068889 0.27752 0.0036416 1.6181e-05 0.12016 0.30788
-0.00080609 0.13333 0.025604 0.048478 0.0072837 0.1269 0.037054 0.012588 0.099191 0.013432 0.11283 0.0031258 0.042646 0.01777 0.10522 0.031163 0.032531 0.092438 0.066623 0.19738 -0.090061 0.91682 0.043403 0.50814 0.10003 -0.081479 0.12724 0.42777 0.055581 0 0.033082 -0.13212 0.21937 0.38035 -0.027749 -0.16155 -0.074071 0.91302 0.34653 0.11236 0.30011 0.24757 0.086433 -0.012667 0.082835 0.65054 0.21329 0.067739 -0.020903 0.010768 0.27896 0.28465 0.090378 0.17618 -0.16975 0.90781 0.014531 0.51808 -0.0038228 -0.0051914 0.16025 0.46725 0.035456 0.92684 0.0068132 -0.14094 0.23074 0.34325 -0.0064437 -0.20357 -0.056265 0.87409 0.3879 0.11744 0.32281 0.2998 0.091689 -0.059091 0.028339 0.62093 0.18768 0.14211 -0.049937 -0.00054345 0.23998 0.26287
-0.15839 -0.031544 -0.0062926 -0.02824 -0.027025 0.2967 0.16496 0.066671 0.021362 -0.01959 -0.064532 -0.047748 -0.065549 -0.030038 0.30398 0.13529 0.05548 0.015067 0.018907 -0.088216 0.11485 0.014207 0.091458 0.17433 0.30961 0.067768 0.49654 0.1017 0.061603 0.033082 0 0.37059 0.27363 -0.018518 -0.15861 0.081384 -0.094862 -0.0028562 0.014047 -0.013977 -0.066221 0.39563 0.38959 -0.20139 0.26554 -0.093271 0.19239 -0.29039 0.27404 0.17921 0.032437 -0.076207 -0.043236 -0.11418 -0.14113 -0.00051825 0.037344 0.17924 0.061337 0.016715 0.36581 0.12601 -0.088344 0.029571 0.5459 0.23867 0.22026 -0.023355 -0.34071 -0.09839 -0.26849 -0.016102 0.035344 -0.12306 -0.089392 0.22059 0.21939 -0.38149 0.035365 -0.11869 0.15559 -0.35054 0.21239 0.16726 0.02726 -0.11534
-0.1203 -0.11235 -0.072426 -0.15867 -0.035012 0.20937 0.16775 -0.059703 -0.054578 0.048398 -0.19464 -0.13622 -0.16653 -0.058561 0.17772 0.12619 -0.06723 -0.028959 0.56663 -0.27625 0.48444 -0.15014 0.10692 0.20655 0.63404 0.45746 0.21796 0.022399 0.080487 -0.13212 0.37059 0 0.1537 -0.21452 0.21568 0.58887 0.36538 -0.20606 -0.1264 -0.08782 -0.14131 0.25728 -0.0097285 0.036019 0.36508 -0.1075 0.39113 0.11724 0.31461 0.28243 -0.077922 -0.19981 0.23469 -0.28563 0.19325 -0.1998 0.07288 0.15159 0.31954 0.27942 0.053799 0.032104 -0.061228 -0.11327 0.19863 0.74328 0.090469 -0.19798 -0.11327 0.389 -0.013022 -0.23049 -0.10674 -0.22841 -0.18966 -0.0042397 -0.11001 -0.24172 0.055413 -0.14465 0.28252 -0.21762 0.31879 0.27227 -0.056858 -0.22537
0.011959 0.014057 -0.024399 -0.020779 -0.0098803 0.27593 0.070403 0.023369 0.065955 0.044834 0.010508 -0.030578 -0.02193 0.00091411 0.27383 0.094087 0.010046 0.071286 0.0043545 0.011545 0.16664 0.15348 0.09709 0.32976 0.41376 0.11617 0.39158 0.050479 0.06205 0.21937 0.27363 0.1537 0 0.10507 -0.044951 -0.024389 -0.072768 0.13169 0.059531 0.069289 -0.022629 0.44541 0.21136 0.07027 0.15042 0.14039 0.14953 -0.058648 0.05335 0.093873 0.095796 0.045469 0.036543 0.0044068 0.12173 0.11997 0.068699 0.28143 0.30683 0.10763 0.382 0.055383 0.014106 0.2157 0.27338 0.18391 0.44367 0.083731 -0.076898 -0.028403 -0.045649 0.10817 0.045701 0.047435 -0.017284 0.41733 0.15598 -0.0056886 0.13457 0.081365 0.14253 -0.075376 0.079896 0.10222 0.068932 0.0047911
0.12894 0.18293 0.055674 0.19893 0.025783 0.07268 0.0136 0.047985 0.12742 0.19883 0.13298 0.041848 0.16544 0.061733 0.071314 0.015747 0.032785 0.099502 -0.0203 0.40338 -0.092072 0.37241 0.031247 0.10003 -0.034614 -0.041351 0.080023 0.058326 0.070075 0.38035 -0.018518 -0.21452 0.10507 0 0.1312 -0.21723 -0.0078303 0.43781 0.53317 0.28442 0.59664 0.2166 0.10253 0.15817 0.31865 0.38461 0.15557 0.35009 -0.075266 -0.017716 0.37511 0.49592 0.024039 0.35859 -0.10593 0.35344 0.0013708 0.086602 -0.066164 -0.041265 0.1091 0.050477 0.045639 0.34635 -0.028014 -0.22279 0.13701 0.78031 0.18242 -0.23047 0.065104 0.4174 0.45826 0.33838 0.53857 0.27392 0.093509 0.14291 0.2582 0.31541 0.15369 0.4183 -0.10298 -0.041164 0.33077 0.46727
0.088444 0.10609 0.22504 0.17473 0.071238 -0.027593 0.025514 -0.025528 0.035159 0.22478 0.025794 0.19259 0.14451 0.023903 -0.033235 0.0098834 -0.019907 0.025203 0.50072 0.19651 0.54369 -0.066466 0.064947 0.13653 0.24247 0.43783 -0.22532 -0.00065894 0.42194 -0.027749 -0.15861 0.21568 -0.044951 0.1312 0 0.39053 0.84473 0.0062939 0.10152 0.091287 0.37395 -0.088643 -0.10664 0.55574 0.49275 0.30751 0.25318 0.66874 -0.051297 0.01241 0.12334 0.37403 0.26842 0.19052 0.34133 -0.083072 0.025044 0.067589 0.13127 0.20953 -0.28597 -0.0053768 0.28273 -0.031497 -0.19216 0.051028 -0.047837 0.11302 0.66251 0.2658 0.60122 -0.018928 0.091326 0.030779 0.31122 -0.14336 -0.1108 0.23255 0.25217 0.18498 0.19554 0.44666 -0.047277 -0.028882 0.12602 0.32645
-0.070935 -0.070863 -0.012446 -0.092361 0.0039986 0.024977 0.079124 -0.084367 -0.061676 0.092527 -0.14857 -0.049191 -0.10774 -0.045078 -0.0083404 0.043082 -0.079031 -0.053828 0.2265 -0.22216 0.46407 -0.177 0.038803 0.047248 0.35796 0.39239 -0.039792 -0.0077529 0.28872 -0.16155 0.081384 0.58887 -0.024389 -0.21723 0.39053 0 0.61555 -0.16454 -0.14496 -0.12552 -0.075786 -0.0795 -0.16874 0.19355 0.22487 -0.07713 0.032613 0.1997 0.1503 0.089349 -0.083274 -0.12387 -0.015807 -0.22656 0.18828 -0.19288 0.039926 0.01506 0.10752 0.17809 -0.19986 -0.0060714 0.10382 -0.15471 -0.026423 0.26541 -0.039771 -0.19411 0.079382 0.5577 0.21425 -0.18033 -0.11274 -0.23001 -0.10388 -0.28665 -0.23941 -0.14196 -0.10123 -0.14059 -0.0081287 -0.069993 0.12204 0.075647 -0.067485 -0.13601
0.012092 0.0064794 0.13705 0.063647 0.052344 -0.017633 0.072707 -0.074645 -0.014752 0.18827 -0.064657 0.11125 0.048411 -0.0094136 -0.041487 0.048936 -0.061368 -0.0067945 0.54977 0.0099033 0.53872 -0.1317 0.068427 0.10229 0.25114 0.47121 -0.24423 0.010353 0.46538 -0.074071 -0.094862 0.36538 -0.072768 -0.0078303 0.84473 0.61555 0 -0.074987 -0.016731 -0.041548 0.24913 -0.21729 -0.20429 0.42443 0.34398 0.17522 0.23478 0.55631 0.036141 0.036922 0.013592 0.19911 0.27433 -0.02782 0.29678 -0.14155 0.046702 0.037982 0.026965 0.23983 -0.3392 0.0089345 0.279 -0.08412 -0.16973 0.10349 -0.082164 -0.015643 0.50465 0.46943 0.59185 -0.095099 0.01221 -0.12844 0.16162 -0.31774 -0.22135 0.080988 0.01693 0.072181 0.16305 0.24226 -0.025839 0.00063159 0.03809 0.16193
0.11218 0.23157 0.091602 0.12822 0.051749 0.089351 -0.014464 0.048185 0.17371 0.12684 0.23579 0.089407 0.12491 0.058521 0.070636 -0.050207 0.047829 0.16476 -0.040975 0.2893 -0.12684 0.87527 0.025469 0.27508 0.0053465 -0.12945 0.15473 0.34444 0.098463 0.91302 -0.0028562 -0.20606 0.13169 0.43781 0.0062939 -0.16454 -0.074987 0 0.42497 0.23701 0.37751 0.28189 0.12817 0.033013 0.11176 0.55822 0.101 0.14611 -0.059353 -0.026272 0.32695 0.37146 -0.0075964 0.27714 -0.16241 0.83845 0.0062231 0.29095 -0.044532 -0.064289 0.19227 0.40614 0.086968 0.87104 0.00063756 -0.20037 0.14052 0.40445 0.03821 -0.18048 -0.03216 0.96577 0.45741 0.25214 0.40498 0.32759 0.14461 0.02986 0.086782 0.52429 0.08618 0.27255 -0.068651 -0.051815 0.29503 0.36532
0.066364 0.14274 0.015113 0.19036 0.074895 0.090399 0.051044 0.023759 0.10075 0.26678 0.06486 0.012294 0.11411 0.063435 0.07573 0.037113 0.0061987 0.081459 0.063803 0.33553 -0.016908 0.31952 0.048221 0.094292 -0.061977 0.016312 0.050159 0.016522 0.040606 0.34653 0.014047 -0.1264 0.059531 0.53317 0.10152 -0.14496 -0.016731 0.42497 0 0.11632 0.89046 0.10305 0.026212 0.075483 0.32762 0.43328 0.29595 0.41898 -0.02057 0.033632 0.49769 0.61106 0.044256 0.29555 -0.1607 0.29381 0.0018796 0.07945 -0.14146 -0.040261 0.028038 0.0093655 -0.01222 0.3142 -0.023628 -0.20882 0.078129 0.48246 0.079098 -0.22497 -0.077031 0.38879 0.89381 0.14858 0.78498 0.10888 0.0034523 -0.029793 0.16118 0.34039 0.24596 0.40104 -0.097947 -0.023771 0.41031 0.51017
0.36339 0.33175 0.20059 0.21176 0.091161 0.10116 -0.12047 0.070585 0.19167 0.31031 0.34429 0.22295 0.21962 0.088317 0.086 -0.10623 0.066161 0.18603 -0.10753 0.41588 0.10818 0.08847 0.042171 -0.052154 0.21073 0.032743 0.41513 0.03045 0.25817 0.11236 -0.013977 -0.08782 0.069289 0.28442 0.091287 -0.12552 -0.041548 0.23701 0.11632 0 0.097086 0.53904 0.36676 0.44196 0.28287 0.18204 -0.093244 0.36117 -0.078772 -0.052358 0.19491 0.34903 -0.077101 0.38096 0.17132 0.094265 0.044087 -0.059793 0.2604 0.063152 0.42248 0.032238 0.24272 0.070928 0.091441 0.010924 0.036286 0.23138 0.18217 -0.075532 0.10607 0.25682 0.097571 0.68956 0.12549 0.52077 0.33401 0.44334 0.34118 0.083237 -0.060358 0.3831 -0.086177 -0.086773 0.18801 0.36471
0.078629 0.12332 0.082023 0.27834 0.089237 0.059432 0.067812 0.016144 0.076013 0.27829 0.07102 0.06658 0.21321 0.066863 0.059256 0.06871 -0.0047451 0.065793 0.16786 0.40194 0.12136 0.29643 0.057081 0.14535 -0.094868 0.13631 -0.12726 0.073248 0.12802 0.30011 -0.066221 -0.14131 -0.022629 0.59664 0.37395 -0.075786 0.24913 0.37751 0.89046 0.097086 0 -0.064853 -0.023265 0.15234 0.48628 0.51474 0.3053 0.5447 -0.05786 0.011255 0.42368 0.63791 0.12932 0.35453 -0.072628 0.26956 0.0026359 0.12213 -0.19652 0.024687 -0.13835 0.074096 0.078524 0.28176 -0.11461 -0.2431 0.034438 0.5658 0.31789 -0.18543 0.10928 0.3458 0.81683 0.13291 0.909 -0.014998 -0.036025 0.037566 0.2807 0.45055 0.25286 0.48757 -0.12257 -0.036369 0.33964 0.55591
0.18107 0.19172 0.085727 0.038043 0.011132 0.27464 -0.03171 0.044988 0.15376 0.23463 0.1917 0.063219 0.022356 0.039492 0.2607 -0.026209 0.072602 0.15612 -0.069659 0.096977 0.31558 0.28499 0.045329 0.10165 0.70145 -0.021688 0.81464 -0.018236 0.097611 0.24757 0.39563 0.25728 0.44541 0.2166 -0.088643 -0.0795 -0.21729 0.28189 0.10305 0.53904 -0.064853 0 0.4314 0.32839 0.37484 0.17171 0.032275 0.080873 0.12895 0.047523 0.12813 0.060982 -0.050409 0.076683 0.20753 0.23589 0.055143 0.089804 0.53735 -0.019736 0.77488 0.0509 -0.0007968 0.23345 0.39077 0.31281 0.36568 0.16598 -0.19081 -0.109 -0.21667 0.29003 0.091128 0.40865 -0.062692 0.91948 0.34492 0.15373 0.32358 0.017922 0.060922 0.0075077 0.15286 0.074938 0.13144 0.030383
0.09026 0.158 0.17099 0.13101 0.057078 0.22846 0.0011983 0.11921 0.13458 0.083564 0.18461 0.17018 0.11529 0.058661 0.23854 0.0071049 0.1232 0.13365 -0.13895 0.28449 -0.043318 0.077775 0.0598 0.041333 0.11395 -0.079493 0.46 0.075993 0.20675 0.086433 0.38959 -0.0097285 0.21136 0.10253 -0.10664 -0.16874 -0.20429 0.12817 0.026212 0.36676 -0.023265 0.4314 0 0.058923 0.34941 -0.032354 0.032906 -0.054258 0.046093 0.039252 0.15583 0.18523 -0.090429 0.26477 -0.059823 0.06731 0.044643 0.032651 0.054072 -0.050192 0.42806 0.083768 0.14546 0.065419 0.41449 0.067599 0.15625 0.086315 -0.096837 -0.17835 -0.10583 0.12645 0.019902 0.30972 -0.0075929 0.38225 0.57299 0.036676 0.32695 -0.078393 0.064437 -0.0091864 0.036122 0.045538 0.13951 0.17815
0.36067 0.21039 0.24706 0.15439 0.070784 0.0050232 -0.12528 -0.00044681 0.10099 0.45341 0.1907 0.22369 0.13082 0.043669 -0.014662 -0.10788 -0.011817 0.1156 0.0097864 0.25793 0.69988 -0.020225 0.043536 -0.012317 0.53145 0.39901 0.10577 -0.092201 0.43518 -0.012667 -0.20139 0.036019 0.07027 0.15817 0.55574 0.19355 0.42443 0.033013 0.075483 0.44196 0.15234 0.32839 0.058923 0 0.45384 0.43381 -0.11594 0.6698 -0.12648 -0.091305 0.081359 0.2598 -0.008691 0.21589 0.55137 -0.041518 0.035845 -0.050776 0.45729 0.22819 0.053929 -0.077283 0.28173 -0.032837 -0.13466 0.077909 0.025376 0.12576 0.43548 0.20053 0.31309 0.042169 0.022318 0.37476 0.11695 0.30147 0.039131 0.7073 0.27654 0.22141 -0.081353 0.45182 -0.089289 -0.12911 0.079424 0.20369
0.025335 0.1568 0.19242 0.15863 0.064694 0.18077 0.064967 0.0095925 0.074287 0.2697 0.069797 0.11168 0.11788 0.049412 0.16605 0.046548 0.018575 0.078979 0.19292 0.31408 0.41036 0.088526 0.071003 0.09817 0.37337 0.22416 0.26082 -0.019 0.28982 0.082835 0.26554 0.36508 0.15042 0.31865 0.49275 0.22487 0.34398 0.11176 0.32762 0.28287 0.48628 0.37484 0.34941 0.45384 0 0.2987 0.17939 0.48073 0.11942 0.063395 0.19272 0.30305 0.03432 0.23449 0.11234 0.037798 0.045968 0.060593 0.062074 0.086187 0.11606 0.0052406 0.049557 0.073563 0.13463 0.11087 0.12787 0.31196 0.16327 -0.038333 0.037681 0.087847 0.27738 0.14821 0.39687 0.155 0.17073 0.02385 0.51969 0.1626 0.17208 0.20725 0.091071 0.051068 0.17551 0.2427
0.18336 0.12946 0.06043 0.11454 0.014228 0.083457 0.029347 0.009462 0.056934 0.25768 0.091826 0.07691 0.0993 0.01679 0.075595 0.032552 0.002682 0.0612 0.087869 0.26866 0.38931 0.62781 0.088355 0.49641 0.37636 0.38263 -0.0098712 0.29672 0.1917 0.65054 -0.093271 -0.1075 0.14039 0.38461 0.30751 -0.07713 0.17522 0.55822 0.43328 0.18204 0.51474 0.17171 -0.032354 0.43381 0.2987 0 0.086811 0.52313 -0.066515 -0.014371 0.18302 0.37302 0.075119 0.25307 0.19533 0.58851 0.046716 0.44903 0.21812 0.31478 0.032855 0.26017 0.13023 0.65061 -0.089637 -0.12272 0.14909 0.34749 0.3153 -0.10224 0.17275 0.54257 0.3744 0.20145 0.46931 0.26767 -0.015001 0.25811 0.17183 0.93461 0.040524 0.44342 -0.074039 -0.041297 0.15995 0.32417
-0.1816 -0.11281 -0.070544 -0.027575 0.0065887 0.22025 0.23575 0.0048911 -0.0024925 -0.12961 -0.16754 -0.097484 -0.052209 -0.017807 0.21501 0.20468 0.012271 0.0088418 0.73661 0.04334 0.068318 0.18227 0.10893 0.34391 0.10551 0.17956 -0.0024366 0.16858 0.072984 0.21329 0.19239 0.39113 0.14953 0.15557 0.25318 0.032613 0.23478 0.101 0.29595 -0.093244 0.3053 0.032275 0.032906 -0.11594 0.17939 0.086811 0 0.11146 0.0778 0.22858 0.56296 0.30538 0.59346 0.0402 -0.075172 0.14997 0.072459 0.32895 -0.038365 0.095007 -0.054372 0.14801 0.018828 0.19944 0.11434 0.21251 0.15904 0.18996 0.11136 -0.04661 0.074362 0.037072 0.32797 -0.10376 0.29845 0.0040816 0.035627 -0.18958 0.071912 0.10922 0.85068 0.048533 0.040019 0.21016 0.46185 0.25181
0.35071 0.23057 0.18133 0.24188 0.10736 -0.065642 -0.060029 0.00079684 0.11353 0.38983 0.21557 0.18068 0.21869 0.080473 -0.080256 -0.064584 -0.028361 0.13395 0.24906 0.36734 0.45732 0.02784 0.063529 0.016214 0.24993 0.43482 -0.14859 -0.1072 0.39599 0.067739 -0.29039 0.11724 -0.058648 0.35009 0.66874 0.1997 0.55631 0.14611 0.41898 0.36117 0.5447 0.080873 -0.054258 0.6698 0.48073 0.52313 0.11146 0 -0.087846 -0.039366 0.28973 0.57527 0.2 0.35839 0.3868 0.020124 0.023924 -0.049309 0.29827 0.28943 -0.14478 -0.083583 0.32107 0.046076 -0.25922 0.12135 -0.052411 0.29186 0.61997 0.23128 0.50543 0.14331 0.31389 0.33117 0.47396 0.13629 -0.02614 0.50738 0.40418 0.37421 0.094074 0.82367 -0.066802 -0.081139 0.22776 0.51191
-0.10564 -0.048374 -0.052036 -0.07019 -0.028176 0.056872 0.045974 -0.0046521 -0.029163 -0.024275 -0.088886 -0.083753 -0.085817 -0.040884 0.044614 0.04204 -0.013984 -0.035786 0.11591 -0.12958 0.025882 -0.03272 0.031123 0.066708 0.15636 0.020865 0.13351 0.01488 -0.033203 -0.020903 0.27404 0.31461 0.05335 -0.075266 -0.051297 0.1503 0.036141 -0.059353 -0.02057 -0.078772 -0.05786 0.12895 0.046093 -0.12648 0.11942 -0.066515 0.0778 -0.087846 0 0.095189 -0.073253 -0.12974 0.03757 -0.14575 -0.099455 -0.028957 0.0087633 0.059441 -0.014404 0.014469 0.062994 0.026712 -0.098851 -0.018381 0.15203 0.19942 0.031988 -0.061158 -0.1694 0.054642 -0.12536 -0.054516 -0.0027689 -0.16183 -0.079433 0.0035369 -0.0086972 -0.26241 -0.014341 -0.051358 0.063229 -0.19365 0.21437 0.090438 -0.040731 -0.14773
-0.065021 -0.055321 -0.046005 -0.018191 -0.020413 0.15152 0.13478 0.0012155 -0.018495 -0.0044478 -0.075783 -0.066176 -0.044444 -0.012363 0.13169 0.10704 -0.013957 0.027629 0.15868 -0.043267 0.01063 0.014018 0.10345 0.15037 0.10951 0.12317 0.046734 0.053178 0.05319 0.010768 0.17921 0.28243 0.093873 -0.017716 0.01241 0.089349 0.036922 -0.026272 0.033632 -0.052358 0.011255 0.047523 0.039252 -0.091305 0.063395 -0.014371 0.22858 -0.039366 0.095189 0 0.032541 0.024291 0.092266 -0.064598 -0.054282 0.0032233 0.039832 0.12302 0.019276 0.093348 0.027134 0.046607 -0.026172 0.02634 0.13303 0.20873 0.065251 -0.017198 -0.039631 0.026034 -0.028265 -0.036468 0.019647 -0.092244 -0.010814 0.0085349 0.0055258 -0.1484 0.029078 -0.016516 0.19421 -0.083396 0.1037 0.17 0.017435 0.0072674
0.029392 0.16559 0.06894 0.12731 0.062822 0.11985 0.017089 0.045529 0.12367 0.035044 0.16554 0.063379 0.11677 0.073198 0.10051 0.016522 0.041918 0.1663 0.17076 0.28751 -0.018646 0.20887 0.051083 0.11855 0.0067872 -0.0034421 0.12454 0.1238 0.12929 0.27896 0.032437 -0.077922 0.095796 0.37511 0.12334 -0.083274 0.013592 0.32695 0.49769 0.19491 0.42368 0.12813 0.15583 0.081359 0.19272 0.18302 0.56296 0.28973 -0.073253 0.032541 0 0.5005 0.23363 0.29172 -0.0038002 0.21068 0.039655 0.12965 0.018816 -0.0091906 0.10711 0.11385 0.13216 0.25105 0.054528 -0.055575 0.11306 0.3629 0.17743 -0.082391 0.086815 0.29966 0.46239 0.23676 0.41619 0.17648 0.16318 0.075751 0.2019 0.17272 0.53712 0.36193 -0.04479 -0.0040364 0.6503 0.45971
0.22684 0.2869 0.18351 0.34804 0.14312 0.084966 0.029205 0.08761 0.18232 0.2284 0.27948 0.19091 0.31479 0.12191 0.084811 0.028812 0.061536 0.19086 0.12563 0.56375 -0.048354 0.24122 0.10114 0.13981 -0.080152 0.093153 -0.025166 0.11606 0.32616 0.28465 -0.076207 -0.19981 0.045469 0.49592 0.37403 -0.12387 0.19911 0.37146 0.61106 0.34903 0.63791 0.060982 0.18523 0.2598 0.30305 0.37302 0.30538 0.57527 -0.12974 0.024291 0.5005 0 0.16676 0.53642 -0.010642 0.23835 0.054187 0.097445 -0.034297 0.069564 0.011044 0.11572 0.3209 0.25493 -0.046697 -0.15097 0.05982 0.46396 0.4864 -0.091321 0.33206 0.36195 0.537 0.40258 0.61074 0.16779 0.20175 0.26146 0.33942 0.32581 0.27764 0.64536 -0.1273 -0.033928 0.41102 0.76947
-0.040352 -0.11945 -0.028296 -0.016344 -0.0068631 0.033886 0.094373 -0.020681 -0.034587 -0.14793 -0.14178 -0.026492 0.0071097 -0.016269 0.04072 0.10687 -0.011813 -0.0080253 0.66146 0.026432 0.029178 0.083815 0.020513 0.24891 0.039095 0.12938 -0.15945 0.15215 0.085176 0.090378 -0.043236 0.23469 0.036543 0.024039 0.26842 -0.015807 0.27433 -0.0075964 0.044256 -0.077101 0.12932 -0.050409 -0.090429 -0.008691 0.03432 0.075119 0.59346 0.2 0.03757 0.092266 0.23363 0.16676 0 0.038197 0.16674 0.089966 0.035966 0.2793 0.16285 0.19877 -0.15595 0.099754 0.11874 0.085715 -0.033425 0.40425 0.04285 0.041044 0.41053 0.14814 0.45099 -0.040295 0.085278 -0.040293 0.17984 0.014305 -0.04197 0.02783 0.22837 0.074994 0.71536 0.20438 0.051886 0.16649 0.20206 0.15744
