0,0.380537658929825,0.287421405315399,0.295289546251297,0.0823313072323799,0.00700340606272221,-0.0963866338133812,0.0768396854400635,0.23045614361763,0.751639842987061,0.463654786348343,0.38141393661499,0.31345471739769,0.113315731287003,0.00207944656722248,-0.0938836559653282,0.0599194131791592,0.28593036532402,-0.178563445806503,0.245561793446541,0.0718055441975594,0.0436763912439346,0.0232940521091223,-0.0868808478116989,0.0718084424734116,0.130958706140518,0.131125777959824,-0.029687998816371,0.217437207698822,0.0347002930939198,-0.122421234846115,-0.0966787338256836,0.0162229388952255,0.111614160239697,0.091643713414669,-0.0353419072926044,0.0257465895265341,0.171221926808357,0.0255369897931814,0.372612059116364,0.0531357154250145,0.229060366749763,0.13703128695488,0.349737375974655,0.0756274983286858,0.113274648785591,-0.166885793209076,0.319200754165649,-0.0815182998776436,-0.0601423867046833,0.0632339641451836,0.227055609226227,-0.0844930037856102,0.287758201360703,0.362222969532013,0.0320633575320244,0.0368324108421803,-0.118399001657963,0.312597990036011,0.194857135415077,0.213044822216034,-0.00913200806826353,0.324242830276489,-0.005676310043782,-0.0115967653691769,0.103631936013699,0.0207094997167587,0.12372162938118,0.344273537397385,0.185592606663704,0.269292265176773,0.178098946809769,0.0370288826525211,0.446112453937531,0.140386715531349,0.315439343452454,0.203991204500198,0.551996946334839,0.365627616643906,0.129644125699997,-0.145999565720558,0.485657930374146,-0.00696793850511312,-0.0780696272850037,0.0674349814653397,0.276451259851456
0.380537658929825,0,0.28537854552269,0.316285967826843,0.129470258951187,0.0026544809807092,-0.0967761352658272,0.0883615761995316,0.249759003520012,0.392626792192459,0.555130958557129,0.310200184583664,0.301774203777313,0.116847425699234,-0.0167584158480167,-0.117618478834629,0.073844388127327,0.243514850735664,-0.146049618721008,0.300345838069916,0.0543376691639423,0.10971587896347,0.0243056677281857,-0.092112772166729,0.0560993254184723,0.0383316352963448,0.153089702129364,0.0665242299437523,0.176531314849854,0.130588427186012,-0.0318341962993145,-0.115114115178585,0.00164526177104563,0.149244919419289,0.126616239547729,-0.0558902435004711,0.0130670676007867,0.261095315217972,0.0863169729709625,0.374695628881454,0.081357829272747,0.208722919225693,0.196981638669968,0.24641652405262,0.187218874692917,0.0977202132344246,-0.13189660012722,0.241854682564735,-0.0534377843141556,-0.0701262205839157,0.201047539710999,0.29477396607399,-0.15449321269989,0.295766800642014,0.0597503483295441,0.0998224541544914,0.018462622538209,-0.116790995001793,0.0592558495700359,-0.0283965021371841,0.142440885305405,0.0685336291790009,0.149165213108063,0.0840501561760902,-0.0156064853072166,-0.111791729927063,-0.0272321291267872,0.0804480165243149,0.166992381215096,-0.0239100437611341,0.0863173305988312,0.288875460624695,0.0347716771066189,0.346973210573196,0.0639797896146774,0.188627168536186,0.184563606977463,0.206555768847466,0.171388402581215,0.0309938099235296,-0.158294633030891,0.225548103451729,-0.0399868227541447,-0.0879069194197655,0.182322263717651,0.284025222063065
0.287421405315399,0.28537854552269,0,0.420126974582672,0.105790577828884,0.042211752384901,-0.0272320080548525,0.15951843559742,0.156572818756104,0.314307808876038,0.306793540716171,0.613069713115692,0.415276974439621,0.0744518339633942,0.02736428193748,-0.0362176112830639,0.136828511953354,0.162962332367897,-0.0583214424550533,0.234228581190109,0.102121204137802,0.0388017371296883,0.00848905276507139,-0.0649651736021042,0.0251968428492546,0.0397193655371666,0.0978828147053719,-0.00149279902689159,0.213483780622482,0.049511082470417,0.00505201611667871,-0.0751814022660255,-0.0371193140745163,0.0474325455725193,0.212530106306076,-0.00682871602475643,0.118822954595089,0.126883968710899,-0.0216239802539349,0.234647065401077,0.0624625645577908,0.108642756938934,0.212637200951576,0.249041512608528,0.211182683706284,0.0308032725006342,-0.0729224979877472,0.174213588237762,-0.0554040484130383,-0.0548229813575745,0.112488642334938,0.195232108235359,-0.0456821843981743,0.204645410180092,0.0839504152536392,0.0187461972236633,0.0381276085972786,-0.0760407820343971,0.0128249330446124,0.00819568708539009,0.0758230835199356,0.0245944801717997,0.170578464865685,0.0139249991625547,0.0113966930657625,-0.0807969123125076,-0.0235262122005224,0.0299070198088884,0.192436546087265,-0.0258330423384905,0.132380932569504,0.133492931723595,-0.0394265539944172,0.225632563233376,0.0773220881819725,0.07929627597332,0.156992495059967,0.161004990339279,0.151344001293182,-0.00574099645018578,-0.0775385499000549,0.171465948224068,-0.0662458017468452,-0.0583174377679825,0.109001852571964,0.193438321352005
0.295289546251297,0.316285967826843,0.420126974582672,0,0.20515801012516,0.0200546476989985,-0.0119290351867676,0.130366936326027,0.157809749245644,0.275729924440384,0.321198880672455,0.396532148122787,0.681140840053558,0.144239842891693,0.00884769111871719,-0.0230334382504225,0.118481144309044,0.165383234620094,-0.0787710696458817,0.342589378356934,-0.0387785993516445,0.0813532248139381,0.0132671063765883,-0.0222963690757751,-0.101759769022465,0.0153184412047267,0.0144049925729632,0.0145372804254293,0.177270993590355,0.0791491493582726,-0.0236192028969526,-0.17389865219593,-0.0186904203146696,0.207919597625732,0.188020497560501,-0.102232724428177,0.0501772202551365,0.161632314324379,0.172221377491951,0.250493824481964,0.284727901220322,0.064964734017849,0.176173537969589,0.174212038516998,0.203687623143196,0.116773247718811,-0.0194433256983757,0.275370180606842,-0.0757705867290497,-0.0261304378509521,0.167902022600174,0.379677563905716,-0.0506342276930809,0.330160528421402,0.000753406318835914,0.0766124352812767,0.00858443602919579,-0.0474821329116821,-0.0643821358680725,-0.0269751101732254,0.0304752625524998,0.0371456779539585,0.163536608219147,0.0530276149511337,-0.0211405083537102,-0.154966592788696,0.000843173649627715,0.166968658566475,0.25377032160759,-0.0702104344964027,0.144297271966934,0.172518774867058,0.101807720959187,0.283734947443008,0.263766348361969,0.0922039598226547,0.172559976577759,0.179785370826721,0.191945776343346,0.0892900973558426,-0.0460720025002956,0.307386130094528,-0.0751247853040695,-0.062398012727499,0.159450203180313,0.380148202180862
0.0823313072323799,0.129470258951187,0.105790577828884,0.20515801012516,0,0.00780278444290161,-0.0172601900994778,0.0210553482174873,0.0622681863605976,0.0974278599023819,0.116688340902328,0.115604817867279,0.178038984537125,0.0490205436944962,0.00342080066911876,-0.0261716265231371,0.0307597238570452,0.0611594915390015,-0.0282342694699764,0.109582990407944,-0.00450763013213873,0.0233479999005795,0.0153425429016352,-0.0153306247666478,-0.0207094065845013,0.00748090539127588,-0.00485464930534363,-0.0149139678105712,0.084209643304348,0.0257112700492144,-0.0205456148833036,-0.042779516428709,-0.00585357565432787,0.0275771766901016,0.0701480358839035,0.00356059591285884,0.0446278415620327,0.0686051845550537,0.0701020434498787,0.104205660521984,0.0925581157207489,0.0139261214062572,0.0648032426834106,0.0747806876897812,0.070920541882515,0.0104911094531417,0.0040449989028275,0.114687524735928,-0.033109538257122,-0.0195849221199751,0.0795959755778313,0.152067288756371,-0.0234740562736988,0.121788881719112,-0.0291441380977631,0.0166887268424034,-0.0195691715925932,-0.0354420058429241,-0.0417525097727776,-0.0198139864951372,-0.00261682970449328,-0.00247224373742938,0.0651170983910561,0.00945944711565971,-0.0220937225967646,-0.0553533621132374,-0.0241410043090582,0.0329248309135437,0.0760908797383308,-0.0139189418405294,0.0550233460962772,0.0699673369526863,0.0584143996238708,0.0864937454462051,0.0763584151864052,-0.00292846653610468,0.0389436185359955,0.0419496968388557,0.0438624955713749,-0.00989873148500919,-0.0195271875709295,0.102312497794628,-0.0456084720790386,-0.024748045951128,0.0582504607737064,0.142533481121063
0.00700340606272221,0.0026544809807092,0.042211752384901,0.0200546476989985,0.00780278444290161,0,0.175166592001915,0.0235102400183678,0.0896302163600922,0.0536167658865452,-0.00315690669231117,0.0292604714632034,0.0135942725464702,-0.021799324080348,0.4598388671875,0.19079165160656,0.0466218255460262,0.0697455033659935,0.0863283425569534,0.0546648986637592,0.135071516036987,0.0849458575248718,0.146373093128204,0.232625618577003,0.242070257663727,0.123865179717541,0.335632801055908,0.159361377358437,0.0888243541121483,0.124351806938648,0.306943565607071,0.206425204873085,0.274931639432907,0.0807759240269661,-0.0194835439324379,0.0109204165637493,-0.0141553850844502,0.0829787999391556,0.0960092693567276,0.108714394271374,0.0623505152761936,0.256019562482834,0.235168635845184,0.0105708232149482,0.154449105262756,0.0930246785283089,0.223786741495132,-0.0559777542948723,0.0446520298719406,0.15927255153656,0.112919472157955,0.0943376049399376,0.0586793646216393,0.0454939939081669,0.0218181256204844,0.0687761083245277,0.0976906046271324,0.229365661740303,0.144219189882278,0.110979355871677,0.290161550045013,0.159963712096214,0.0419534333050251,0.116352736949921,0.283177614212036,0.138712838292122,0.235063254833221,0.0653240755200386,-0.0757710486650467,-0.0325957536697388,-0.0529656819999218,0.0624994337558746,0.109602600336075,0.0594915226101875,0.0650274381041527,0.221282213926315,0.16728812456131,-0.0486215315759182,0.0958980172872543,0.0698397979140282,0.195436075329781,-0.0726526156067848,0.0669143423438072,0.133768618106842,0.101666778326035,0.0756784901022911
-0.0963866338133812,-0.0967761352658272,-0.0272320080548525,-0.0119290351867676,-0.0172601900994778,0.175166592001915,0,-0.0124227646738291,-0.00768576515838504,-0.0570503510534763,-0.119989357888699,-0.0480487309396267,-0.0370542481541634,-0.0310221910476685,0.187428027391434,0.278636962175369,-0.00482620671391487,-0.0396348685026169,0.158696502447128,-0.0263064615428448,0.0417323112487793,0.00168976769782603,0.08536247164011,0.185448437929153,0.0495104156434536,0.136462315917015,-0.0188119187951088,0.0796618312597275,-0.000981390126980841,0.0286641158163548,0.165865108370781,0.163909688591957,0.0689964666962624,0.0264219008386135,0.0272123962640762,0.0605900026857853,0.0684002488851547,-0.0318041630089283,0.0648484751582146,-0.121811605989933,0.0895691514015198,-0.0570993088185787,-0.0107812834903598,-0.137880921363831,0.0550095997750759,0.0381436198949814,0.237554892897606,-0.0502407029271126,0.0335717722773552,0.141160011291504,0.00489531271159649,0.0367511548101902,0.118046097457409,-0.0462466292083263,-0.061192087829113,-0.0052921324968338,0.0363596901297569,0.173452317714691,-0.0417175516486168,0.0983771458268166,-0.044266365468502,0.0649703592061996,-0.0289754569530487,0.0246364753693342,0.0925980508327484,0.0865845009684563,0.0529595352709293,0.0341975763440132,-0.0424058809876442,-0.0200309623032808,-0.0126388585194945,-0.0482226461172104,0.0806756019592285,-0.132657513022423,0.0921793356537819,-0.0711407735943794,-0.0243160296231508,-0.183217778801918,-0.012509360909462,0.0470570847392082,0.204941391944885,-0.103832006454468,0.0325849168002605,0.119940534234047,-0.00727409496903419,0.0103669436648488
0.0768396854400635,0.0883615761995316,0.15951843559742,0.130366936326027,0.0210553482174873,0.0235102400183678,-0.0124227646738291,0,0.0643178001046181,0.0604174099862576,0.093015231192112,0.149560734629631,0.12790410220623,0.0203549824655056,0.0313651449978352,0.00440674694254994,0.12299071252346,0.0728287771344185,-0.0448517464101315,0.110613405704498,-0.055328942835331,0.036025445908308,0.00319518544711173,-0.0146988769993186,-0.0440962575376034,-0.0216473452746868,0.0643897727131844,0.0210482571274042,0.0322218723595142,0.0260332878679037,0.0665826573967934,-0.0623855441808701,0.016303975135088,0.0599828399717808,-0.0224956758320332,-0.081599548459053,-0.0741802901029587,0.0632181838154793,0.020472876727581,0.081120178103447,0.0195628218352795,0.0526462718844414,0.130143508315086,0.00919396243989468,0.0176809150725603,0.0104693854227662,0.00431214598938823,0.00670708483085036,-0.00682255113497376,-0.00491805328056216,0.0611629821360111,0.0903139486908913,-0.0279535073786974,0.0946745127439499,-0.0374066382646561,0.0379091948270798,-0.00487656751647592,-0.00807203631848097,-0.0187201499938965,-0.00352667993865907,0.0774369984865189,0.0394442901015282,0.038924477994442,0.0146964620798826,0.0647384375333786,-0.0464915595948696,0.0094085605815053,0.0533134266734123,0.00498610408976674,-0.0796094760298729,-0.0127184353768826,0.0671033933758736,0.0125620746985078,0.0870210155844688,0.0366618111729622,0.0646447092294693,0.11935406178236,0.0266751982271671,0.0373336747288704,0.00840066000819206,0.00700205937027931,0.0574782006442547,-0.0111979721114039,-0.00991731882095337,0.0664094686508179,0.0993201956152916
0.23045614361763,0.249759003520012,0.156572818756104,0.157809749245644,0.0622681863605976,0.0896302163600922,-0.00768576515838504,0.0643178001046181,0,0.245486855506897,0.261152178049088,0.141693621873856,0.153085425496101,0.0621228665113449,0.0760460942983627,-0.0241624750196934,0.0527901686728001,0.213770285248756,-0.0531848669052124,0.183583348989487,0.0137591511011124,0.0855864733457565,0.0258695669472218,0.00398220820352435,0.0297251064330339,0.000259896740317345,0.13696001470089,0.0285459868609905,0.0939007624983788,0.111758351325989,0.0215720143169165,-0.0526404455304146,0.0653402805328369,0.107935331761837,0.0421818383038044,-0.0508726872503757,-0.0079722860828042,0.191874876618385,0.0842812955379486,0.212414190173149,0.0603676214814186,0.159197196364403,0.1499053388834,0.11816343665123,0.0860173627734184,0.0444296188652515,-5.98952174186707e-05,0.118229985237122,-0.0349822379648685,-0.0283949580043554,0.142615169286728,0.196104228496552,-0.0387998484075069,0.185132145881653,0.0440739579498768,0.0734939724206924,0.0341298989951611,-0.0162412859499454,0.0549928322434425,0.00825149100273848,0.151850491762161,0.0259402934461832,0.109312772750854,0.094276137650013,0.0603030994534492,-0.0219198688864708,0.0344624631106853,0.0684534460306168,0.0965020582079887,-0.0231832582503557,0.0523585826158524,0.195596918463707,0.070391446352005,0.197046667337418,0.0626041889190674,0.17246513068676,0.157508715987206,0.123087383806705,0.128286808729172,0.0120258023962379,-0.00797319505363703,0.153214707970619,-0.0321834124624729,-0.00709798466414213,0.141015350818634,0.195534557104111
0.751639842987061,0.392626792192459,0.314307808876038,0.275729924440384,0.0974278599023819,0.0536167658865452,-0.0570503510534763,0.0604174099862576,0.245486855506897,0,0.3760626912117,0.315244287252426,0.244867101311684,0.105264879763126,0.033887654542923,-0.06773442029953,0.0473757423460484,0.25194188952446,-0.103160515427589,0.248010069131851,0.24274417757988,0.0534587725996971,0.0454825796186924,-0.145663321018219,0.203089386224747,0.187858462333679,0.164105117321014,-0.0974157750606537,0.222026571631432,0.0240524876862764,-0.00593909341841936,0.0308642294257879,0.0276053193956614,0.179354146122932,0.221583068370819,0.107622370123863,0.194809883832932,0.178327545523643,0.201148420572281,0.337821930646896,0.22496272623539,0.249965488910675,0.128600776195526,0.450471967458725,0.284201294183731,0.170385509729385,-0.13986761868,0.353062301874161,-0.0146037274971604,-0.0133448541164398,0.0615460947155952,0.212906032800674,-0.172263160347939,0.190816268324852,0.111500449478626,0.0326246842741966,0.0191190224140882,-0.151286840438843,0.082868255674839,0.0801230445504189,0.108364380896091,-0.0483501553535461,0.111679725348949,0.00315811741165817,-0.0129415616393089,-0.0120885521173477,0.00840487610548735,0.106605164706707,0.140740349888802,0.0510034300386906,0.0724610537290573,0.184044748544693,0.0906224548816681,0.276023924350739,0.125518530607224,0.145017847418785,0.0923182517290115,0.23341791331768,0.101541586220264,0.0252792425453663,-0.135883674025536,0.303114384412766,-0.0424551069736481,-0.0583761818706989,0.0685489624738693,0.190224826335907
0.463654786348343,0.555130958557129,0.306793540716171,0.321198880672455,0.116688340902328,-0.00315690669231117,-0.119989357888699,0.093015231192112,0.261152178049088,0.3760626912117,0,0.368205517530441,0.353800892829895,0.130870908498764,-0.0169857870787382,-0.130337134003639,0.108926773071289,0.284035831689835,-0.218120843172073,0.330172806978226,0.00304409675300121,0.100057773292065,0.0142448702827096,-0.0983120650053024,0.014081914909184,-0.0239688493311405,0.162007048726082,0.0431948117911816,0.158651605248451,0.118805818259716,-0.0541353598237038,-0.18743360042572,0.00979766622185707,0.108197197318077,0.0519551262259483,-0.130657598376274,-0.0556298233568668,0.266973078250885,0.0324765704572201,0.383337438106537,0.0452428162097931,0.224119529128075,0.222930371761322,0.22725835442543,0.106309130787849,0.0667086541652679,-0.170694813132286,0.247820168733597,-0.0917239412665367,-0.0917860642075539,0.203351885080338,0.294217139482498,-0.172607034444809,0.348736613988876,0.160662904381752,0.104841783642769,0.0123872794210911,-0.128729820251465,0.147175893187523,-0.0207363739609718,0.215498387813568,0.0423424988985062,0.214542895555496,0.0796358063817024,-0.00419532274827361,-0.0837245061993599,-0.00574444234371185,0.110600605607033,0.249427959322929,0.00375304836779833,0.162496030330658,0.303095906972885,0.0149180684238672,0.434370517730713,0.0887800827622414,0.274482250213623,0.237604677677155,0.329871773719788,0.272391319274902,0.0476630926132202,-0.165600687265396,0.321502953767776,-0.0359123349189758,-0.117140710353851,0.206337183713913,0.326988995075226
0.38141393661499,0.310200184583664,0.613069713115692,0.396532148122787,0.115604817867279,0.0292604714632034,-0.0480487309396267,0.149560734629631,0.141693621873856,0.315244287252426,0.368205517530441,0,0.427166879177094,0.0937713086605072,0.0285783689469099,-0.0308123789727688,0.161785528063774,0.158438295125961,-0.104434750974178,0.239533618092537,0.0564183853566647,0.0179722476750612,-0.00632766308262944,-0.0766663923859596,-0.00657307775691152,0.0216499585658312,0.108392842113972,0.00499601615592837,0.209471330046654,0.0400891564786434,-0.0282057970762253,-0.138271018862724,-0.0336856357753277,0.0374126881361008,0.182765752077103,-0.0409230217337608,0.0958918929100037,0.132532000541687,-0.0186805706471205,0.258749097585678,0.0504976063966751,0.102846339344978,0.215886205434799,0.22970212996006,0.138857260346413,0.0441970825195312,-0.0929404720664024,0.181778058409691,-0.084310382604599,-0.0689618214964867,0.105589330196381,0.200943246483803,-0.0494349226355553,0.270866274833679,0.163407921791077,-0.00778219709172845,0.0214933436363935,-0.0870698466897011,0.0771205276250839,0.036441870033741,0.107537858188152,0.011199064552784,0.251609981060028,-7.52883497625589e-05,0.0165230929851532,-0.0602805688977242,-0.00853664148598909,0.0430613122880459,0.269347697496414,0.0491327494382858,0.213961496949196,0.137165516614914,-0.0700591057538986,0.294913828372955,0.0634899735450745,0.136551171541214,0.22116930782795,0.266974598169327,0.22685332596302,0.0121827162802219,-0.102840684354305,0.230922102928162,-0.0619114264845848,-0.0637659877538681,0.0899149253964424,0.236863017082214
0.31345471739769,0.301774203777313,0.415276974439621,0.681140840053558,0.178038984537125,0.0135942725464702,-0.0370542481541634,0.12790410220623,0.153085425496101,0.244867101311684,0.353800892829895,0.427166879177094,0,0.158030420541763,0.017074953764677,-0.0211357455700636,0.14136266708374,0.176064774394035,-0.0828325673937798,0.325314968824387,-0.0386753380298615,0.0808902829885483,0.0186091512441635,-0.0349181890487671,-0.108803510665894,0.00739199621602893,-0.00157567684073001,0.0263431593775749,0.174323961138725,0.0797144621610641,-0.0589841343462467,-0.178570359945297,-0.0185996368527412,0.183933973312378,0.174180746078491,-0.112958811223507,0.0480376780033112,0.171044081449509,0.105868510901928,0.252730160951614,0.238646164536476,0.0442321859300137,0.161896705627441,0.163010865449905,0.175142675638199,0.101442731916904,-0.0362061262130737,0.264431804418564,-0.0863835066556931,-0.0465776771306992,0.167786672711372,0.355391919612885,-0.0227876901626587,0.33794367313385,0.0112752029672265,0.0675671845674515,0.0180735737085342,-0.035476952791214,-0.0655232518911362,0.0106421643868089,0.0107200061902404,0.0434435270726681,0.201016083359718,0.0540592260658741,-0.0364130139350891,-0.148634508252144,-0.0138571886345744,0.17015965282917,0.286126971244812,-0.0543588325381279,0.186313793063164,0.178404361009598,0.0961971879005432,0.285123825073242,0.290014207363129,0.0838154852390289,0.170216113328934,0.195880711078644,0.205222055315971,0.0878303572535515,-0.018136378377676,0.324801325798035,-0.0958714261651039,-0.0576695129275322,0.162758305668831,0.417247116565704
0.113315731287003,0.116847425699234,0.0744518339633942,0.144239842891693,0.0490205436944962,-0.021799324080348,-0.0310221910476685,0.0203549824655056,0.0621228665113449,0.105264879763126,0.130870908498764,0.0937713086605072,0.158030420541763,0,-0.00892464071512222,-0.0316466055810452,0.0176559761166573,0.106148086488247,-0.036061767488718,0.13650980591774,-0.0357230603694916,0.0330917350947857,0.0169283747673035,-0.0273647513240576,-0.0296293776482344,-0.0256884451955557,0.0192754939198494,-0.017373763024807,0.042160626500845,0.0287435352802277,-0.0286220498383045,-0.0583142340183258,-0.0044913818128407,0.0569759719073772,0.0293904840946198,-0.0456963144242764,-0.0107777873054147,0.0706491470336914,0.0631532445549965,0.0998733043670654,0.068446584045887,0.0463038645684719,0.0664048343896866,0.0439757108688354,0.0551886633038521,0.0136002274230123,-0.0145972780883312,0.0923651978373528,-0.0444998666644096,-0.0141653167083859,0.0871467962861061,0.128778427839279,-0.0308109242469072,0.116734318435192,-0.00300079514272511,0.0333708263933659,0.00589808961376548,-0.0250353664159775,-0.0101340813562274,-0.0189402922987938,0.0338267758488655,-0.0104883462190628,0.0347752086818218,0.030724698677659,-0.0224065650254488,-0.0414853245019913,-0.00382035784423351,0.0679254829883575,0.067201092839241,-0.033294353634119,0.0477831698954105,0.0850889980792999,0.0659568086266518,0.0969130843877792,0.0785641521215439,0.0569552071392536,0.083507351577282,0.0643401816487312,0.0864347070455551,0.000803118397016078,-0.021656010299921,0.111072689294815,-0.02203050814569,-0.0286415871232748,0.0742672830820084,0.144908532500267
0.00207944656722248,-0.0167584158480167,0.02736428193748,0.00884769111871719,0.00342080066911876,0.4598388671875,0.187428027391434,0.0313651449978352,0.0760460942983627,0.033887654542923,-0.0169857870787382,0.0285783689469099,0.017074953764677,-0.00892464071512222,0,0.235029071569443,0.0476914048194885,0.0624530799686909,0.0723324716091156,0.053801704198122,0.116511963307858,0.0751568824052811,0.127718031406403,0.241427317261696,0.211976170539856,0.110557794570923,0.309443175792694,0.149340137839317,0.0871977433562279,0.111381679773331,0.314763367176056,0.170992091298103,0.278380304574966,0.0870110243558884,-0.024116350337863,-0.0210507605224848,-0.033365897834301,0.06593406945467,0.0894441828131676,0.0830985009670258,0.0702230259776115,0.235916778445244,0.233631700277328,-0.0247473940253258,0.14500917494297,0.0944954752922058,0.223797798156738,-0.0698467418551445,0.0375959612429142,0.144643053412437,0.0915109366178513,0.100414782762527,0.063554160296917,0.0571154989302158,0.0546967908740044,0.0693040415644646,0.119798593223095,0.24811740219593,0.155474111437798,0.148622587323189,0.295126378536224,0.14236456155777,0.0735443830490112,0.107320748269558,0.269057154655457,0.149331793189049,0.292122960090637,0.0753742307424545,-0.0452201366424561,-0.0428794771432877,-0.0357516929507256,0.0561266988515854,0.133993908762932,0.0727028176188469,0.0779441893100739,0.234502136707306,0.184423938393593,-0.0374821126461029,0.119822233915329,0.0967690572142601,0.222468227148056,-0.0497540645301342,0.0523482076823711,0.155632942914963,0.0969250425696373,0.0973743498325348
-0.0938836559653282,-0.117618478834629,-0.0362176112830639,-0.0230334382504225,-0.0261716265231371,0.19079165160656,0.278636962175369,0.00440674694254994,-0.0241624750196934,-0.06773442029953,-0.130337134003639,-0.0308123789727688,-0.0211357455700636,-0.0316466055810452,0.235029071569443,0,0.0233161225914955,-0.012778346426785,0.127110511064529,-0.0250158701092005,0.0388221442699432,-0.0016447895905003,0.0815481245517731,0.188113838434219,0.0330434069037437,0.127645894885063,-0.0233331732451916,0.043496660888195,0.00322777545079589,0.0225663874298334,0.13882640004158,0.122681960463524,0.0963789746165276,0.0318504683673382,0.0127356722950935,0.0267330165952444,0.045691192150116,-0.0713116154074669,0.0566875487565994,-0.108172729611397,0.0920526012778282,-0.0470451302826405,-0.00464390870183706,-0.116448014974594,0.0395009182393551,0.0414191782474518,0.209501966834068,-0.0497989468276501,0.0333459228277206,0.114173844456673,-0.000415751681430265,0.0358710587024689,0.122120551764965,-0.0228764023631811,-0.017098318785429,-0.0078722033649683,0.0529010407626629,0.201147362589836,-0.0128087187185884,0.148120015859604,-0.0436987243592739,0.0335259884595871,-0.00845964532345533,0.0171863045543432,0.10650697350502,0.0917521119117737,0.107023403048515,0.0417440198361874,-0.00581264682114124,-0.00886762700974941,0.0285466741770506,-0.0841592326760292,0.0855198949575424,-0.11995193362236,0.104577213525772,-0.0514044016599655,-0.0325118750333786,-0.138134732842445,0.0035340313334018,0.0547285079956055,0.225665345788002,-0.0596271157264709,0.0253617018461227,0.149814277887344,-0.00433907937258482,0.0320136845111847
0.0599194131791592,0.073844388127327,0.136828511953354,0.118481144309044,0.0307597238570452,0.0466218255460262,-0.00482620671391487,0.12299071252346,0.0527901686728001,0.0473757423460484,0.108926773071289,0.161785528063774,0.14136266708374,0.0176559761166573,0.0476914048194885,0.0233161225914955,0,0.0738110318779945,-0.0339695103466511,0.102560713887215,-0.0501097962260246,0.0426922254264355,0.0127046005800366,-0.00569487642496824,-0.017930630594492,-0.0358127541840076,0.0885011479258537,0.0380190052092075,0.0200019683688879,0.0427328124642372,0.061220046132803,-0.0697840601205826,0.00179730250965804,0.0374606139957905,-0.0282524488866329,-0.0810609459877014,-0.0631118416786194,0.0549417659640312,0.0125232776626945,0.0735718682408333,0.00320800323970616,0.0783081129193306,0.138214454054832,-0.00383359636180103,0.029240682721138,0.0131328888237476,0.0161740370094776,-0.0206738747656345,-0.0100342538207769,-0.0138790337368846,0.051912646740675,0.0722838565707207,-0.0229765679687262,0.0908344611525536,-0.0466619320213795,0.0456311292946339,0.00530067086219788,0.0139156421646476,-0.0232151057571173,-0.0137299476191401,0.0753789022564888,0.0360162258148193,0.0270166099071503,0.0335246585309505,0.0537310689687729,-0.0482256077229977,0.0191317647695541,0.047484714537859,-0.0149972997605801,-0.102234065532684,-0.0336314551532269,0.0605604350566864,0.00291325221769512,0.0817315503954887,0.0116567993536592,0.0764795169234276,0.129503205418587,0.0193336196243763,0.0169457476586103,0.0135474391281605,0.0158127676695585,0.0227629672735929,-0.0143754333257675,-0.00562323862686753,0.0570093430578709,0.0823537558317184
0.28593036532402,0.243514850735664,0.162962332367897,0.165383234620094,0.0611594915390015,0.0697455033659935,-0.0396348685026169,0.0728287771344185,0.213770285248756,0.25194188952446,0.284035831689835,0.158438295125961,0.176064774394035,0.106148086488247,0.0624530799686909,-0.012778346426785,0.0738110318779945,0,-0.0567190945148468,0.184115663170815,0.0425386168062687,0.0774284973740578,0.0421577729284763,0.00271265278570354,0.0578271336853504,0.0211751088500023,0.127745434641838,0.0166271682828665,0.111072599887848,0.107543587684631,0.0225644204765558,-0.0221586003899574,0.0760833993554115,0.0920310392975807,0.0418875403702259,-0.0432588122785091,0.00478431116789579,0.185215353965759,0.0823111981153488,0.201394632458687,0.0632627308368683,0.173947051167488,0.15253946185112,0.121498331427574,0.0909079536795616,0.0484475754201412,0.0270491410046816,0.149188250303268,-0.0389974638819695,0.0252069663256407,0.19970990717411,0.20632903277874,-0.0122114848345518,0.198838666081429,0.0916709899902344,0.0861445665359497,0.0233913473784924,-0.000703988480381668,0.0972941070795059,0.020698769018054,0.153418317437172,0.0349552184343338,0.120158731937408,0.093537800014019,0.0665331929922104,0.0140771428123116,0.0540479496121407,0.105658926069736,0.11936204880476,0.0211158823221922,0.0940508246421814,0.198823019862175,0.0784863010048866,0.219874680042267,0.081438310444355,0.200777515769005,0.160773366689682,0.156257793307304,0.163867235183716,0.0453337766230106,0.0171878207474947,0.173959910869598,0.0141777666285634,-0.00748696550726891,0.162748098373413,0.234859898686409
-0.178563445806503,-0.146049618721008,-0.0583214424550533,-0.0787710696458817,-0.0282342694699764,0.0863283425569534,0.158696502447128,-0.0448517464101315,-0.0531848669052124,-0.103160515427589,-0.218120843172073,-0.104434750974178,-0.0828325673937798,-0.036061767488718,0.0723324716091156,0.127110511064529,-0.0339695103466511,-0.0567190945148468,0,-0.0655993893742561,0.220182701945305,0.00720853917300701,0.0401753410696983,0.280187338590622,0.233970150351524,0.282156854867935,-0.138876542448997,0.0952268615365028,0.0465184450149536,0.0580847784876823,0.0513904877007008,0.607908010482788,0.0221639964729548,-0.0429218150675297,0.453588664531708,0.191234886646271,0.52004861831665,-0.0737761035561562,0.0523354969918728,-0.128504201769829,0.120344877243042,-0.031488623470068,-0.121861323714256,-0.0307826604694128,0.175986602902412,0.0529156476259232,0.741024732589722,0.145569354295731,0.108829215168953,0.193546503782272,0.162405475974083,0.0968399047851562,0.710251450538635,-0.0734600648283958,0.0579442717134953,-0.00644439272582531,0.0257793962955475,0.248159110546112,0.0666127875447273,0.217722430825233,-0.172897890210152,0.079092837870121,-0.00332558969967067,0.0512501895427704,-0.0202146302908659,0.413213431835175,0.0547070391476154,-0.00206651235930622,0.204761147499084,0.180053412914276,0.273579984903336,-0.102080047130585,0.112208038568497,-0.186155900359154,0.0931700840592384,-0.0866563245654106,-0.111555963754654,-0.0966302454471588,0.0702572539448738,0.0377989485859871,0.651134014129639,0.0262003652751446,0.0789050534367561,0.202792957425117,0.177833274006844,0.0754555314779282
0.245561793446541,0.300345838069916,0.234228581190109,0.342589378356934,0.109582990407944,0.0546648986637592,-0.0263064615428448,0.110613405704498,0.183583348989487,0.248010069131851,0.330172806978226,0.239533618092537,0.325314968824387,0.13650980591774,0.053801704198122,-0.0250158701092005,0.102560713887215,0.184115663170815,-0.0655993893742561,0,-0.0865739062428474,0.191306322813034,0.0533917397260666,0.0310918763279915,-0.137236878275871,0.00102443818468601,0.0177875887602568,0.0227534770965576,0.247302755713463,0.190478190779686,-0.0688838437199593,-0.278821140527725,0.0196051839739084,0.401109963655472,0.224143952131271,-0.205459862947464,0.0139952143654227,0.273138642311096,0.295504987239838,0.454654186964035,0.388556629419327,0.12103945016861,0.327102243900299,0.266238898038864,0.372058421373367,0.25909423828125,0.0692655891180038,0.426482170820236,-0.141523748636246,-0.0383650213479996,0.319437623023987,0.586470723152161,-0.00446060672402382,0.620808959007263,-0.101793669164181,0.195370405912399,0.0128665389493108,0.0143430344760418,-0.131418481469154,0.000947446736972779,0.0695414021611214,0.0483089499175549,0.203849777579308,0.160199165344238,-0.0441626384854317,-0.249312475323677,0.0302796717733145,0.37226802110672,0.280648320913315,-0.218558505177498,0.115190960466862,0.274859577417374,0.249618887901306,0.458527415990829,0.37477633357048,0.16808994114399,0.32675102353096,0.225771948695183,0.29809433221817,0.195729047060013,0.0492564029991627,0.4452004134655,-0.167150691151619,-0.0872233361005783,0.275473684072495,0.574114441871643
0.0718055441975594,0.0543376691639423,0.102121204137802,-0.0387785993516445,-0.00450763013213873,0.135071516036987,0.0417323112487793,-0.055328942835331,0.0137591511011124,0.24274417757988,0.00304409675300121,0.0564183853566647,-0.0386753380298615,-0.0357230603694916,0.116511963307858,0.0388221442699432,-0.0501097962260246,0.0425386168062687,0.220182701945305,-0.0865739062428474,0,-0.135032132267952,0.0741041898727417,0.185487687587738,0.731406927108765,0.544281840324402,0.194084689021111,-0.00910191796720028,0.299142420291901,-0.0760384202003479,0.106414929032326,0.471986442804337,0.168727710843086,-0.0848995968699455,0.577399373054504,0.469898074865341,0.56887674331665,-0.0823883190751076,-0.0471821315586567,0.137721300125122,0.11709152162075,0.31138026714325,-0.022720156237483,0.707939624786377,0.392390519380569,0.341357409954071,0.0773841366171837,0.406426906585693,0.0238629225641489,0.00332357245497406,0.0228779222816229,0.000726705300621688,0.077094092965126,-0.0773605778813362,0.676071286201477,-0.183079928159714,0.0740082785487175,0.116364479064941,0.537577986717224,0.308392196893692,0.0753082409501076,0.0225778892636299,0.136110424995422,-0.0762890204787254,0.0709938779473305,0.329421937465668,0.132211804389954,-0.0700635388493538,0.384335160255432,0.37162572145462,0.314001113176346,-0.0844151824712753,-0.0182401426136494,0.0289529245346785,0.05160241574049,0.174548000097275,-0.0903468579053879,0.338973313570023,0.154195055365562,0.176863834261894,0.0689619556069374,0.166794061660767,0.106256775557995,0.0136170135810971,0.0312353931367397,-0.0326225608587265
0.0436763912439346,0.10971587896347,0.0388017371296883,0.0813532248139381,0.0233479999005795,0.0849458575248718,0.00168976769782603,0.036025445908308,0.0855864733457565,0.0534587725996971,0.100057773292065,0.0179722476750612,0.0808902829885483,0.0330917350947857,0.0751568824052811,-0.0016447895905003,0.0426922254264355,0.0774284973740578,0.00720853917300701,0.191306322813034,-0.135032132267952,0,0.00513579929247499,0.346361607313156,0.0612492859363556,-0.141437202692032,0.157388255000114,0.223721966147423,0.050760556012392,0.92954432964325,0.00194474996533245,-0.159871786832809,0.195132151246071,0.315388798713684,-0.0854159519076347,-0.187176749110222,-0.152532353997231,0.894800364971161,0.258781254291534,0.118365034461021,0.221402138471603,0.358522832393646,0.104267969727516,0.00357490056194365,0.0667611509561539,0.698262393474579,0.117477282881737,0.0495570637285709,-0.0364133454859257,0.0102844266220927,0.200415030121803,0.23797033727169,0.0645532384514809,0.2071603089571,-0.205133393406868,0.978604197502136,0.00467992573976517,0.372357130050659,0.0164047535508871,-0.0491137355566025,0.234584122896194,0.285587161779404,0.0201380513608456,0.921331644058228,-0.0024691722355783,-0.173654600977898,0.201800242066383,0.29461807012558,-0.0904531702399254,-0.219172045588493,-0.125089704990387,0.862117528915405,0.290551662445068,0.12698221206665,0.254074722528458,0.401907712221146,0.121684573590755,-0.0257885679602623,0.0261488892138004,0.615698158740997,0.112733326852322,0.078551396727562,-0.0840049013495445,0.00484692957252264,0.169698178768158,0.22667321562767
0.0232940521091223,0.0243056677281857,0.00848905276507139,0.0132671063765883,0.0153425429016352,0.146373093128204,0.08536247164011,0.00319518544711173,0.0258695669472218,0.0454825796186924,0.0142448702827096,-0.00632766308262944,0.0186091512441635,0.0169283747673035,0.127718031406403,0.0815481245517731,0.0127046005800366,0.0421577729284763,0.0401753410696983,0.0533917397260666,0.0741041898727417,0.00513579929247499,0,0.170134112238884,0.107019431889057,0.142687737941742,0.0661759078502655,0.0489920787513256,0.100723773241043,0.0353419631719589,0.105736508965492,0.106802828609943,0.115106277167797,0.0262185651808977,0.072464182972908,0.0398132726550102,0.0740083158016205,0.0161581374704838,0.0463751591742039,0.0524409003555775,0.0579184219241142,0.0436130501329899,0.0757640600204468,0.0423053316771984,0.0772748216986656,0.0805356130003929,0.119344636797905,0.0647362172603607,0.0289205331355333,0.110694453120232,0.0574057213962078,0.112965501844883,0.0270256418734789,0.0293567329645157,0.049883060157299,-0.00247330171987414,0.0688807889819145,0.148568719625473,0.0842258259654045,0.129400968551636,0.061423122882843,0.0369588769972324,0.0725865811109543,0.0355723090469837,0.0968219488859177,0.0805636867880821,0.100558787584305,-0.00353740924037993,0.0712338760495186,0.0269632525742054,0.0630715265870094,0.00972132291644812,0.0432999953627586,0.0333079397678375,0.0484867841005325,0.0596012063324451,0.0502907112240791,0.00317372567951679,0.0605688020586967,0.0728663876652718,0.0887406393885612,0.0444284901022911,0.023858992382884,0.0597060061991215,0.0404672026634216,0.100587487220764
-0.0868808478116989,-0.092112772166729,-0.0649651736021042,-0.0222963690757751,-0.0153306247666478,0.232625618577003,0.185448437929153,-0.0146988769993186,0.00398220820352435,-0.145663321018219,-0.0983120650053024,-0.0766663923859596,-0.0349181890487671,-0.0273647513240576,0.241427317261696,0.188113838434219,-0.00569487642496824,0.00271265278570354,0.280187338590622,0.0310918763279915,0.185487687587738,0.346361607313156,0.170134112238884,0,0.288649648427963,0.363841474056244,0.0615293420851231,0.608270525932312,0.08477383852005,0.56025367975235,0.169685453176498,0.18766950070858,0.365612655878067,0.0753787681460381,0.120423719286919,0.00447113625705242,0.0918089672923088,0.292030990123749,0.103341840207577,-0.0729489177465439,0.132345631718636,0.096341609954834,0.033479630947113,-0.0205138437449932,0.0537129268050194,0.544636964797974,0.349666118621826,0.00199559447355568,0.0504096485674381,0.16125462949276,0.124957948923111,0.151300191879272,0.294707179069519,0.0578271634876728,0.0842439606785774,0.3265101313591,0.122395694255829,0.85150021314621,0.234733581542969,0.403560310602188,0.0859965980052948,0.57194584608078,0.0828465893864632,0.571086227893829,0.153518527746201,0.209257647395134,0.391300559043884,0.0983185470104218,0.142295062541962,-0.00642397115007043,0.168819963932037,0.230734035372734,0.153370231389999,-0.0376409366726875,0.16334468126297,0.179978266358376,0.0395115986466408,-0.0291505325585604,0.0651345998048782,0.551645278930664,0.30521422624588,0.00174807209987193,0.0571527220308781,0.152059853076935,0.0980174690485001,0.121440231800079
0.0718084424734116,0.0560993254184723,0.0251968428492546,-0.101759769022465,-0.0207094065845013,0.242070257663727,0.0495104156434536,-0.0440962575376034,0.0297251064330339,0.203089386224747,0.014081914909184,-0.00657307775691152,-0.108803510665894,-0.0296293776482344,0.211976170539856,0.0330434069037437,-0.017930630594492,0.0578271336853504,0.233970150351524,-0.137236878275871,0.731406927108765,0.0612492859363556,0.107019431889057,0.288649648427963,0,0.464535593986511,0.563968598842621,0.137814998626709,0.185895696282387,0.111180923879147,0.330942988395691,0.640178680419922,0.40885329246521,-0.0982746332883835,0.24611322581768,0.383825600147247,0.281438320875168,0.0551183000206947,-0.0996602028608322,0.202764928340912,-0.151323243975639,0.695663511753082,0.131066724658012,0.532528519630432,0.324822306632996,0.278270810842514,0.104246601462364,0.13495098054409,0.170105949044228,0.10035977512598,0.0249863211065531,-0.0938224717974663,0.0993663147091866,-0.149113029241562,0.514857053756714,-0.00920889526605606,0.0792136937379837,0.205119967460632,0.768901228904724,0.291480600833893,0.450018018484116,0.131600856781006,0.076354019343853,0.107731051743031,0.29476198554039,0.564295053482056,0.335129767656326,-0.0849163308739662,0.129948690533638,0.269217044115067,0.137982606887817,0.0357818230986595,-0.0659732446074486,0.0772463232278824,-0.154574185609818,0.523113131523132,0.0615569651126862,0.2275460511446,0.190126717090607,0.127783179283142,0.0767508894205093,-0.00722206477075815,0.259843438863754,0.135075211524963,0.0358360521495342,-0.113365612924099
