0 0.31399 0.23854 0.26009 0.077492 -0.003777 -0.091671 0.049621 0.19699 0.67603 0.39667 0.33925 0.27164 0.1005 0.012059 -0.093257 0.030266 0.25273 -0.13294 0.21164 0.074648 -0.022697 0.026438 -0.040778 0.087626 0.1513 0.096171 0.024491 0.19635 -0.0038823 -0.14684 -0.098733 0.033033 0.12891 0.10559 -0.054494 0.028089 0.10111 0.071492 0.34708 0.098197 0.20145 0.0773 0.36414 0.041448 0.16654 -0.12785 0.37357 -0.11161 -0.05185 0.056691 0.23183 -0.0065875 0.2656 0.43013 -0.018088 0.046487 -0.076426 0.38258 0.24914 0.18408 0.0087361 0.33318 -0.040174 -0.029402 0.13604 0.034309 0.14844 0.40563 0.20842 0.30131 0.11639 0.076014 0.43501 0.18857 0.324 0.16551 0.58634 0.38481 0.18146 -0.086959 0.54455 0.0027258 -0.078557 0.055247 0.28799
0.31399 0 0.22509 0.25856 0.10583 0.011267 -0.078033 0.070094 0.21678 0.33036 0.48016 0.25164 0.24666 0.092084 0.00035725 -0.094203 0.051973 0.20567 -0.095023 0.23286 0.029099 0.084715 0.022633 -0.064304 0.039339 0.03527 0.12341 0.077706 0.13955 0.11835 -0.033229 -0.1157 0.014138 0.17476 0.10718 -0.074354 0.0082079 0.21148 0.13458 0.30579 0.13104 0.1823 0.13586 0.19385 0.16051 0.11946 -0.095561 0.22112 -0.05784 -0.045884 0.15757 0.27427 -0.11606 0.23608 0.058377 0.083104 0.0096752 -0.083144 0.047541 -0.014802 0.11874 0.068587 0.12453 0.079744 -0.025525 -0.10288 -0.014949 0.1051 0.15436 -0.030832 0.068839 0.24515 0.083883 0.29255 0.10874 0.17197 0.12745 0.16746 0.1436 0.056884 -0.10648 0.21444 -0.054553 -0.067274 0.14236 0.25238
0.23854 0.22509 0 0.38787 0.11178 0.033521 -0.024278 0.14649 0.12557 0.26343 0.24767 0.57332 0.37386 0.060884 0.028047 -0.024011 0.11954 0.13816 -0.0083388 0.18859 0.11346 0.0077116 0.0065292 -0.037355 0.026671 0.060406 0.071054 0.015623 0.19681 0.023036 -0.015296 -0.067355 -0.031199 0.048438 0.23758 0.00040053 0.14735 0.079321 0.013738 0.19267 0.08601 0.07698 0.1582 0.23897 0.19478 0.054978 -0.046906 0.18866 -0.0556 -0.039933 0.076629 0.17956 -0.016183 0.1709 0.10062 -0.0091985 0.025264 -0.062755 0.014449 0.020519 0.05328 0.024177 0.15989 -0.0052135 -0.012653 -0.073829 -0.030267 0.027891 0.19683 -0.028211 0.13859 0.089487 0.00070121 0.18506 0.094649 0.05972 0.11766 0.16273 0.13656 0.011663 -0.05083 0.18258 -0.070058 -0.052986 0.081453 0.17762
0.26009 0.25856 0.38787 0 0.20785 0.015656 -0.0061049 0.11788 0.13213 0.24721 0.26687 0.37416 0.64107 0.12394 0.010456 -0.011506 0.09467 0.13813 -0.040219 0.29156 -0.03706 0.046125 0.012964 -0.0075383 -0.091159 0.027206 0.0040061 0.035236 0.15673 0.053714 -0.025414 -0.15312 -0.015103 0.19609 0.18438 -0.084567 0.078758 0.12264 0.18588 0.20705 0.28906 0.036235 0.12344 0.1533 0.16928 0.11609 0.0062351 0.2557 -0.084838 -0.010035 0.13886 0.35017 -0.018088 0.28231 -0.00032678 0.045778 0.0096767 -0.027323 -0.064267 -0.011069 0.015324 0.042804 0.1466 0.033974 -0.026695 -0.14131 0.0091164 0.16247 0.24753 -0.063441 0.14322 0.13927 0.13151 0.24061 0.27065 0.065996 0.12872 0.15773 0.15655 0.095062 -0.01491 0.29775 -0.08605 -0.052648 0.13185 0.35098
0.077492 0.10583 0.11178 0.20785 0 0.00095468 -0.0141 0.023608 0.051232 0.096628 0.093456 0.11635 0.18241 0.042771 -0.0052856 -0.023206 0.022648 0.050764 -0.011416 0.095018 0.007345 0.00080974 0.010194 -0.0049873 -0.01323 0.01988 -0.01251 -0.0010339 0.079007 0.0051085 -0.019578 -0.029229 -0.01116 0.011898 0.081744 0.011932 0.063662 0.04258 0.063011 0.087572 0.09106 0.0038684 0.053762 0.074062 0.071688 0.011382 0.014891 0.10783 -0.033026 -0.0192 0.059304 0.14219 -0.0078773 0.10756 -0.018748 -0.0042408 -0.012753 -0.028889 -0.038914 -0.0065305 -0.012154 0.0097162 0.064882 -0.012182 -0.024383 -0.045731 -0.024706 0.025307 0.086635 -0.0024852 0.063409 0.047243 0.047833 0.070463 0.073551 -0.0097356 0.027213 0.03776 0.041103 -0.012869 -0.0087635 0.096775 -0.044141 -0.020331 0.036051 0.12975
-0.003777 0.011267 0.033521 0.015656 0.00095468 0 0.16512 0.024222 0.081311 0.049297 0.0042994 0.02548 0.0073676 -0.017977 0.42306 0.17591 0.041808 0.0636 0.064513 0.052304 0.12409 0.079827 0.12421 0.21115 0.21354 0.12248 0.32847 0.12012 0.08075 0.10651 0.29351 0.18667 0.26204 0.068955 -0.033582 0.016076 -0.025364 0.070676 0.080852 0.092516 0.051779 0.25012 0.23558 -0.01853 0.15056 0.061111 0.2255 -0.08118 0.053261 0.14527 0.11223 0.0811 0.047361 0.032666 -0.001117 0.059748 0.088608 0.20151 0.10231 0.086334 0.27338 0.12455 0.018888 0.094475 0.2669 0.11772 0.21777 0.063134 -0.10398 -0.058203 -0.077135 0.053297 0.09071 0.038467 0.048943 0.19874 0.15912 -0.083304 0.069354 0.030762 0.18728 -0.10758 0.044333 0.11757 0.094863 0.057471
-0.091671 -0.078033 -0.024278 -0.0061049 -0.0141 0.16512 0 -0.0061938 -0.0056712 -0.041035 -0.10084 -0.048944 -0.025036 -0.020956 0.16958 0.24754 -0.007965 -0.030448 0.14373 -0.024932 0.038774 0.020362 0.076187 0.18437 0.06462 0.13279 -0.0017522 0.070459 0.003117 0.036917 0.16663 0.16362 0.068562 0.019627 0.014084 0.076222 0.072035 -0.012929 0.056957 -0.11671 0.066697 -0.042997 0.011076 -0.13971 0.057114 0.024093 0.23524 -0.066538 0.052945 0.1285 0.018873 0.03242 0.099512 -0.045397 -0.071623 0.0078402 0.026153 0.16066 -0.044966 0.070446 -0.028454 0.059767 -0.026805 0.029217 0.090165 0.074667 0.0548 0.022109 -0.065214 -0.025174 -0.027212 -0.032741 0.063714 -0.13286 0.069691 -0.065229 -0.017063 -0.19232 -0.019422 0.028276 0.19484 -0.13024 0.026153 0.10477 0.0077677 -0.00025851
0.049621 0.070094 0.14649 0.11788 0.023608 0.024222 -0.0061938 0 0.057306 0.031096 0.073309 0.13533 0.11561 0.01862 0.036252 0.010433 0.1081 0.066897 -0.032333 0.093259 -0.069475 0.023111 -0.001477 -0.0073063 -0.055004 -0.025241 0.049872 0.024335 0.021897 0.012319 0.063678 -0.065822 0.026594 0.05129 -0.02482 -0.088866 -0.073624 0.047215 0.030912 0.064431 0.025057 0.042864 0.12208 -0.0084726 0.0048288 0.0083522 0.016669 0.002064 -0.0097452 0.003747 0.046686 0.086724 -0.015567 0.07971 -0.04698 0.03083 -0.004111 0.00045383 -0.028025 0.00035499 0.066162 0.040669 0.029872 0.010054 0.056765 -0.045383 0.014904 0.053617 -0.005187 -0.09529 -0.018205 0.0544 0.019905 0.07274 0.044084 0.057958 0.10121 0.012812 0.023114 0.01083 0.023945 0.055608 -0.024751 0.0023028 0.061971 0.090057
0.19699 0.21678 0.12557 0.13213 0.051232 0.081311 -0.0056712 0.057306 0 0.20771 0.22079 0.11862 0.12699 0.044706 0.065128 -0.0086179 0.049701 0.18187 -0.041777 0.15078 -0.00038732 0.054451 0.019508 0.005391 0.022807 0.0086871 0.10875 0.021187 0.070314 0.079931 0.01407 -0.053625 0.059903 0.12151 0.037823 -0.053701 -0.012859 0.14614 0.09454 0.16998 0.076713 0.13959 0.11603 0.091246 0.072438 0.052133 0.0078841 0.10565 -0.033429 -0.017294 0.10893 0.16998 -0.02781 0.15952 0.036527 0.047955 0.023018 -0.013861 0.04513 0.020876 0.12745 0.016531 0.086529 0.069342 0.048978 -0.020039 0.029901 0.077166 0.083422 -0.033664 0.037234 0.15098 0.074465 0.16855 0.0756 0.15331 0.12519 0.09473 0.10804 0.01966 0.0028102 0.14692 -0.037979 -0.0046266 0.11041 0.1664
0.67603 0.33036 0.26343 0.24721 0.096628 0.049297 -0.041035 0.031096 0.20771 0 0.3011 0.26711 0.20463 0.087671 0.052559 -0.050773 0.017267 0.22148 -0.031803 0.21728 0.26794 -0.0035655 0.055747 -0.090131 0.21913 0.23557 0.11795 -0.062665 0.21103 -0.0027357 -0.026861 0.057171 0.043327 0.18635 0.26169 0.1082 0.21257 0.11301 0.25488 0.29541 0.28382 0.21483 0.065321 0.45134 0.28191 0.22055 -0.09484 0.40173 -0.030358 0.0034863 0.043179 0.23224 -0.11375 0.16416 0.13835 -0.011743 0.033015 -0.10971 0.10086 0.11443 0.066831 -0.028847 0.10799 -0.017241 -0.042488 -0.00040904 0.020343 0.13031 0.18675 0.044579 0.074422 0.12496 0.14578 0.23836 0.18069 0.12047 0.035628 0.23138 0.067923 0.071336 -0.078885 0.34445 -0.054405 -0.057344 0.058194 0.2044
0.39667 0.48016 0.24767 0.26687 0.093456 0.0042994 -0.10084 0.073309 0.22079 0.3011 0 0.31127 0.29173 0.10297 -0.0060698 -0.10451 0.089321 0.2387 -0.17044 0.25963 -0.026191 0.070818 0.018715 -0.080055 0.00020667 -0.023681 0.13517 0.058393 0.11939 0.10331 -0.058696 -0.18307 0.019492 0.12896 0.028283 -0.14396 -0.054153 0.22107 0.072663 0.31402 0.082607 0.19907 0.16758 0.1785 0.078811 0.088872 -0.13437 0.21212 -0.095419 -0.063652 0.16384 0.26316 -0.1287 0.28742 0.14885 0.087919 0.0030705 -0.10352 0.14576 -0.0044657 0.1886 0.039509 0.18383 0.0663 -0.012494 -0.067881 0.0059909 0.14433 0.23228 -0.001562 0.14113 0.26114 0.057167 0.37581 0.12672 0.26297 0.18749 0.2905 0.24977 0.072022 -0.1149 0.31216 -0.040116 -0.092162 0.16583 0.29244
0.33925 0.25164 0.57332 0.37416 0.11635 0.02548 -0.048944 0.13533 0.11862 0.26711 0.31127 0 0.40264 0.081839 0.029811 -0.025392 0.14429 0.14023 -0.055916 0.18945 0.059392 -0.0069261 -0.007199 -0.054741 -0.0031114 0.040186 0.075239 0.021387 0.18647 0.014897 -0.049075 -0.13459 -0.027254 0.047402 0.2019 -0.040088 0.11654 0.086893 0.029673 0.21052 0.081045 0.06861 0.15996 0.22396 0.11564 0.073155 -0.067678 0.1918 -0.090265 -0.059275 0.07744 0.19087 -0.013532 0.23165 0.17574 -0.031669 0.013736 -0.074378 0.079984 0.052152 0.081439 0.0017142 0.23251 -0.015266 -0.0090593 -0.052201 0.0053915 0.05829 0.28253 0.04618 0.22595 0.093964 -0.015774 0.25257 0.094751 0.11775 0.17467 0.27395 0.21509 0.035285 -0.07163 0.24812 -0.067074 -0.054847 0.070297 0.22438
0.27164 0.24666 0.37386 0.64107 0.18241 0.0073676 -0.025036 0.11561 0.12699 0.20463 0.29173 0.40264 0 0.13979 0.011442 -0.011652 0.11719 0.14698 -0.046273 0.26421 -0.040655 0.044421 0.016965 -0.014076 -0.090768 0.01626 -0.010932 0.055236 0.1463 0.048113 -0.061327 -0.15789 -0.014595 0.16815 0.15763 -0.095067 0.065846 0.12024 0.11637 0.20868 0.23093 0.019594 0.10743 0.13835 0.13304 0.10816 -0.020209 0.23452 -0.097646 -0.032735 0.12564 0.32016 0.0044473 0.28582 0.0076199 0.035835 0.012051 -0.01778 -0.052473 0.026202 0.0035807 0.054104 0.17425 0.028951 -0.035314 -0.13007 -0.0025888 0.16222 0.26962 -0.053859 0.1699 0.13486 0.12464 0.2426 0.28934 0.061702 0.12617 0.17241 0.16059 0.099714 0.010912 0.3075 -0.10256 -0.047442 0.12868 0.37442
0.1005 0.092084 0.060884 0.12394 0.042771 -0.017977 -0.020956 0.01862 0.044706 0.087671 0.10297 0.081839 0.13979 0 -0.011961 -0.028751 0.0090496 0.084605 -0.019074 0.11981 -0.034135 0.015655 0.013434 -0.023064 -0.024868 -0.017786 0.001785 -0.014652 0.03166 0.013467 -0.035227 -0.053422 -0.00087251 0.057067 0.027274 -0.04057 -0.0040451 0.047091 0.059596 0.077411 0.072461 0.033456 0.047189 0.041198 0.047125 0.019175 -0.0099578 0.084971 -0.043405 -0.0078227 0.065121 0.11608 -0.017344 0.10043 0.0062442 0.016141 0.00032597 -0.021051 -0.0049158 -0.0071832 0.021175 -0.013265 0.026641 0.016636 -0.016992 -0.024925 -0.015332 0.068108 0.076332 -0.029364 0.051587 0.061411 0.061294 0.078417 0.084898 0.044608 0.065732 0.061535 0.084428 0.0041556 -0.0070741 0.11157 -0.02554 -0.025751 0.055823 0.12836
0.012059 0.00035725 0.028047 0.010456 -0.0052856 0.42306 0.16958 0.036252 0.065128 0.052559 -0.0060698 0.029811 0.011442 -0.011961 0 0.21053 0.052004 0.058548 0.039749 0.048941 0.11068 0.063808 0.10706 0.21 0.19385 0.11382 0.30958 0.10784 0.082555 0.085509 0.29651 0.15532 0.25913 0.071024 -0.050231 -0.021098 -0.055624 0.051211 0.071246 0.077846 0.05657 0.24094 0.23826 -0.036942 0.14009 0.061078 0.21139 -0.096309 0.03925 0.13083 0.091497 0.083287 0.04613 0.048876 0.046126 0.058916 0.10579 0.20741 0.13332 0.12641 0.28809 0.098832 0.054713 0.076278 0.26014 0.13332 0.26003 0.058729 -0.080847 -0.056693 -0.067534 0.04446 0.097956 0.062147 0.049886 0.22809 0.18589 -0.049061 0.10203 0.055149 0.2035 -0.087993 0.031826 0.1294 0.090044 0.076883
-0.093257 -0.094203 -0.024011 -0.011506 -0.023206 0.17591 0.24754 0.010433 -0.0086179 -0.050773 -0.10451 -0.025392 -0.011652 -0.028751 0.21053 0 0.026034 -0.0083317 0.10572 -0.017833 0.040804 0.026596 0.071705 0.18114 0.043195 0.11963 -0.0049662 0.034443 0.0057765 0.043439 0.13654 0.12187 0.094917 0.024971 0.00050028 0.038374 0.049251 -0.041356 0.0554 -0.095763 0.076519 -0.032194 0.020049 -0.11858 0.040081 0.030601 0.2075 -0.067324 0.039619 0.1105 0.019898 0.038129 0.10077 -0.0248 -0.032444 0.010476 0.045145 0.18647 -0.019466 0.11373 -0.027391 0.031288 -0.002532 0.03445 0.10623 0.075998 0.095544 0.029089 -0.032585 -0.019077 0.0060532 -0.051364 0.070433 -0.11406 0.077035 -0.048947 -0.016316 -0.14451 -0.011607 0.035157 0.21605 -0.096043 0.017126 0.12966 0.0090754 0.03164
0.030266 0.051973 0.11954 0.09467 0.022648 0.041808 -0.007965 0.1081 0.049701 0.017267 0.089321 0.14429 0.11719 0.0090496 0.052004 0.026034 0 0.065977 -0.021319 0.084451 -0.056845 0.028781 0.013005 9.8936e-05 -0.02696 -0.036956 0.076577 0.034864 0.018361 0.030947 0.060719 -0.063993 0.009473 0.029464 -0.021741 -0.077989 -0.056903 0.037409 0.013126 0.051586 0.0013856 0.064372 0.12472 -0.020061 0.011165 0.0044577 0.02472 -0.028097 -0.012069 -0.0060009 0.039658 0.060852 -0.0074053 0.080751 -0.042125 0.032798 0.0017117 0.018384 -0.027489 -0.017444 0.061973 0.031719 0.018942 0.021518 0.043532 -0.045387 0.020631 0.040359 -0.014606 -0.10515 -0.024532 0.046687 0.0040221 0.06343 0.0060745 0.064452 0.11711 0.0072729 0.0044568 0.0079828 0.029673 0.016486 -0.018737 -0.0084688 0.046677 0.07186
0.25273 0.20567 0.13816 0.13813 0.050764 0.0636 -0.030448 0.066897 0.18187 0.22148 0.2387 0.14023 0.14698 0.084605 0.058548 -0.0083317 0.065977 0 -0.051206 0.15191 0.032948 0.045677 0.034519 0.013518 0.052805 0.030085 0.11163 0.015624 0.089586 0.077282 0.01128 -0.028099 0.067992 0.091111 0.028171 -0.049478 -0.00072202 0.14336 0.080847 0.16165 0.072293 0.14976 0.12325 0.10978 0.079811 0.060232 0.021095 0.13311 -0.034322 0.0348 0.15612 0.17695 -0.0048879 0.16851 0.094041 0.057431 0.017346 0.0084307 0.098405 0.034574 0.13565 0.027007 0.1091 0.065576 0.063905 0.015942 0.051792 0.11541 0.11157 0.0095621 0.080505 0.15791 0.073892 0.18077 0.088292 0.18127 0.13181 0.13891 0.14848 0.051968 0.029376 0.1657 -0.0027019 -0.0063682 0.12808 0.20233
-0.13294 -0.095023 -0.0083388 -0.040219 -0.011416 0.064513 0.14373 -0.032333 -0.041777 -0.031803 -0.17044 -0.055916 -0.046273 -0.019074 0.039749 0.10572 -0.021319 -0.051206 0 -0.042208 0.24521 0.0079833 0.029171 0.25274 0.21542 0.29389 -0.14553 0.067349 0.059548 0.049715 0.048866 0.59504 -0.011714 -0.046075 0.4898 0.21119 0.55182 -0.049057 0.021263 -0.10487 0.12106 -0.07001 -0.12362 -0.010036 0.21665 0.028344 0.69269 0.16056 0.13608 0.15235 0.12428 0.10385 0.63415 -0.056141 0.024473 -0.010918 0.014593 0.19116 0.01643 0.19674 -0.18328 0.065967 -0.004077 0.038074 -0.033637 0.36511 0.0085935 -0.028778 0.20214 0.185 0.30716 -0.084157 0.071017 -0.18492 0.077721 -0.13827 -0.11102 -0.102 0.063711 0.0035642 0.56615 -0.027211 0.093887 0.15867 0.14513 0.067895
0.21164 0.23286 0.18859 0.29156 0.095018 0.052304 -0.024932 0.093259 0.15078 0.21728 0.25963 0.18945 0.26421 0.11981 0.048941 -0.017833 0.084451 0.15191 -0.042208 0 -0.092219 0.16461 0.050629 0.0414 -0.11298 -0.0019751 0.011142 0.041587 0.22237 0.18108 -0.068076 -0.27545 0.030699 0.3857 0.20125 -0.19317 0.021915 0.25867 0.31655 0.38282 0.40531 0.1015 0.27747 0.24309 0.32854 0.27967 0.072102 0.37802 -0.14375 -0.032758 0.26689 0.54572 0.030298 0.56093 -0.098131 0.17579 0.0032734 0.020341 -0.11401 0.0002633 0.057808 0.055028 0.1819 0.15372 -0.030134 -0.25386 0.035949 0.36583 0.27097 -0.24564 0.10399 0.26054 0.27123 0.40714 0.39223 0.15705 0.28032 0.20198 0.25837 0.22453 0.076801 0.44077 -0.17204 -0.075402 0.21759 0.53849
0.074648 0.029099 0.11346 -0.03706 0.007345 0.12409 0.038774 -0.069475 -0.00038732 0.26794 -0.026191 0.059392 -0.040655 -0.034135 0.11068 0.040804 -0.056845 0.032948 0.24521 -0.092219 0 -0.16044 0.062598 0.19516 0.68412 0.57046 0.15654 -0.062363 0.26999 -0.094559 0.070468 0.44404 0.15152 -0.10547 0.57187 0.45851 0.54518 -0.13588 -0.035141 0.096681 0.11327 0.26912 -0.076974 0.66889 0.33401 0.34701 0.067657 0.4565 0.02256 0.00048811 -0.017485 -0.025663 0.062083 -0.10567 0.6549 -0.20266 0.062521 0.10975 0.48659 0.29781 0.022047 -0.032675 0.09734 -0.094333 0.023471 0.26787 0.11173 -0.088299 0.33193 0.35936 0.25194 -0.13569 -0.014457 -0.02508 0.045478 0.11669 -0.13723 0.30223 0.070036 0.15007 0.041471 0.13228 0.060608 0.0072523 -0.0029757 -0.064081
-0.022697 0.084715 0.0077116 0.046125 0.00080974 0.079827 0.020362 0.023111 0.054451 -0.0035655 0.070818 -0.0069261 0.044421 0.015655 0.063808 0.026596 0.028781 0.045677 0.0079833 0.16461 -0.16044 0 0.011284 0.2865 -0.018694 -0.16694 0.1059 0.20882 0.037114 0.91314 0.0038844 -0.19481 0.1563 0.36138 -0.074607 -0.17899 -0.13016 0.8719 0.29688 0.059486 0.28554 0.25188 0.071254 -0.038064 0.064409 0.66052 0.15809 -0.004001 -0.045347 0.0080534 0.18824 0.22797 0.081389 0.16109 -0.24967 0.9716 -0.010569 0.33891 -0.10419 -0.098078 0.13834 0.25764 -0.015582 0.90336 -0.012873 -0.22143 0.15689 0.33266 -0.10641 -0.24443 -0.13611 0.8284 0.34724 0.057391 0.31132 0.29175 0.07766 -0.11731 -0.018996 0.59734 0.16626 0.033327 -0.082304 0.0080561 0.1645 0.20483
0.026438 0.022633 0.0065292 0.012964 0.010194 0.12421 0.076187 -0.001477 0.019508 0.055747 0.018715 -0.007199 0.016965 0.013434 0.10706 0.071705 0.013005 0.034519 0.029171 0.050629 0.062598 0.011284 0 0.15615 0.11023 0.13541 0.05116 0.027245 0.087284 0.037909 0.089335 0.10429 0.096999 0.034008 0.061037 0.041434 0.065979 0.019372 0.048135 0.038395 0.059791 0.03491 0.058786 0.036773 0.070319 0.081908 0.1132 0.059855 0.029919 0.10207 0.048504 0.10045 0.019829 0.023932 0.03096 0.00052484 0.052671 0.12558 0.064443 0.11011 0.049469 0.012268 0.056347 0.032071 0.079826 0.065065 0.076595 0.0050302 0.054014 0.014535 0.039598 0.0071715 0.035894 0.026695 0.046397 0.04956 0.030426 -0.0061857 0.044097 0.06415 0.07669 0.032318 0.015425 0.049662 0.024427 0.085005
-0.040778 -0.064304 -0.037355 -0.0075383 -0.0049873 0.21115 0.18437 -0.0073063 0.005391 -0.090131 -0.080055 -0.054741 -0.014076 -0.023064 0.21 0.18114 9.8936e-05 0.013518 0.25274 0.0414 0.19516 0.2865 0.15615 0 0.32176 0.33958 0.066859 0.51733 0.1022 0.48348 0.16962 0.18284 0.32517 0.074579 0.12776 0.04672 0.116 0.25155 0.086933 -0.058177 0.1407 0.076355 0.052977 -0.027281 0.072427 0.47121 0.35456 0.014673 0.050326 0.14432 0.12032 0.14748 0.27613 0.047547 0.057401 0.25194 0.11922 0.80538 0.17159 0.36067 0.066544 0.47463 0.085095 0.47629 0.15367 0.17205 0.33741 0.083763 0.10841 -0.019865 0.15971 0.18081 0.13383 -0.045357 0.15967 0.12451 0.052905 -0.060432 0.054742 0.45222 0.29138 -0.018646 0.033249 0.13459 0.09866 0.11035
0.087626 0.039339 0.026671 -0.091159 -0.01323 0.21354 0.06462 -0.055004 0.022807 0.21913 0.00020667 -0.0031114 -0.090768 -0.024868 0.19385 0.043195 -0.02696 0.052805 0.21542 -0.11298 0.68412 -0.018694 0.11023 0.32176 0 0.53739 0.48752 0.079973 0.17493 0.059558 0.26847 0.60812 0.3855 -0.087537 0.27038 0.349 0.27774 -0.033189 -0.1113 0.18772 -0.12513 0.62233 0.087156 0.50751 0.30869 0.3101 0.089438 0.2333 0.16117 0.10281 -0.0042677 -0.077094 0.08909 -0.13174 0.51324 -0.089301 0.071256 0.22282 0.72162 0.34552 0.36563 0.065283 0.065662 0.039712 0.23039 0.51859 0.31375 -0.088325 0.14788 0.26528 0.16777 -0.050619 -0.10235 0.048266 -0.14652 0.44662 0.02328 0.22217 0.15602 0.12635 0.06319 0.034737 0.22793 0.11771 0.010161 -0.11347
0.1513 0.03527 0.060406 0.027206 0.01988 0.12248 0.13279 -0.025241 0.0086871 0.23557 -0.023681 0.040186 0.01626 -0.017786 0.11382 0.11963 -0.036956 0.030085 0.29389 -0.0019751 0.57046 -0.16694 0.13541 0.33958 0.53739 0 -0.0057374 0.058016 0.25481 -0.10078 0.066582 0.46171 0.11573 -0.058929 0.44439 0.38932 0.48228 -0.14988 0.0016507 0.040477 0.12541 -0.020916 -0.066244 0.38256 0.22695 0.29922 0.19616 0.44757 0.025766 0.11967 0.0027479 0.1126 0.15832 -0.0083746 0.33306 -0.20162 0.097965 0.24656 0.31253 0.55398 -0.10813 0.017934 0.14703 -0.10907 -0.006002 0.30377 0.051401 -0.073344 0.29648 0.26564 0.33251 -0.16909 -0.0092644 -0.0034689 0.056459 -0.065163 -0.10053 0.13483 0.048222 0.19883 0.14048 0.22839 0.030921 0.085767 0.016004 0.064451
0.096171 0.12341 0.071054 0.0040061 -0.01251 0.32847 -0.0017522 0.049872 0.10875 0.11795 0.13517 0.075239 -0.010932 0.001785 0.30958 -0.0049662 0.076577 0.11163 -0.14553 0.011142 0.15654 0.1059 0.05116 0.066859 0.48752 -0.0057374 0 0.024325 0.02975 0.10896 0.47782 0.19892 0.37738 0.070981 -0.23052 -0.065057 -0.2547 0.13871 0.037486 0.39059 -0.12815 0.77893 0.4549 0.065172 0.21075 -0.018566 0.021335 -0.16505 0.12821 0.052545 0.12664 -0.027204 -0.10409 0.013113 0.082768 0.077323 0.052455 0.0509 0.33757 -0.033605 0.74909 0.048282 -0.024856 0.098646 0.44199 0.21265 0.30208 0.04727 -0.26975 -0.11041 -0.22728 0.16593 0.051176 0.27107 -0.11628 0.6918 0.3393 0.00060967 0.17369 -0.10324 0.03219 -0.17959 0.11706 0.05038 0.092298 -0.050357
0.024491 0.077706 0.015623 0.035236 -0.0010339 0.12012 0.070459 0.024335 0.021187 -0.062665 0.058393 0.021387 0.055236 -0.014652 0.10784 0.034443 0.034864 0.015624 0.067349 0.041587 -0.062363 0.20882 0.027245 0.51733 0.079973 0.058016 0.024325 0 0.043433 0.39894 0.11237 0.0064569 0.057973 0.032575 -0.0040185 -0.017968 0.019669 0.30629 -0.00097913 0.015194 0.048442 -0.043897 0.082255 -0.092942 -0.017493 0.26737 0.18502 -0.1214 -0.00068787 0.054374 0.11894 0.10458 0.15986 0.065237 -0.067653 0.2099 0.021963 0.53707 -0.0095961 0.14297 0.0093349 0.9297 0.072577 0.32376 0.085799 0.040457 0.079866 0.03158 0.066026 -0.029524 0.094561 0.29869 0.072047 0.019908 0.1143 -0.008986 0.078293 -0.067934 0.00095551 0.30227 0.15594 -0.020973 0.0056138 0.047683 0.10524 0.10901
0.19635 0.13955 0.19681 0.15673 0.079007 0.08075 0.003117 0.021897 0.070314 0.21103 0.11939 0.18647 0.1463 0.03166 0.082555 0.0057765 0.018361 0.089586 0.059548 0.22237 0.26999 0.037114 0.087284 0.1022 0.17493 0.25481 0.02975 0.043433 0 0.039868 0.031058 0.040142 0.060485 0.071888 0.43241 0.29007 0.4621 0.082345 0.024155 0.27367 0.12486 0.089488 0.20316 0.46027 0.29075 0.19594 0.071419 0.40923 -0.053886 0.036973 0.12647 0.33139 0.08337 0.21582 0.22829 0.017955 0.046423 0.060407 0.14171 0.15654 -0.015273 0.032188 0.40566 0.028708 0.02746 0.020525 0.016142 0.039507 0.39609 0.22203 0.43253 0.075226 0.023864 0.20442 0.11074 0.066928 0.16 0.29167 0.20333 0.091442 0.058192 0.30362 -0.023528 -0.0098914 0.11315 0.32477
-0.0038823 0.11835 0.023036 0.053714 0.0051085 0.10651 0.036917 0.012319 0.079931 -0.0027357 0.10331 0.014897 0.048113 0.013467 0.085509 0.043439 0.030947 0.077282 0.049715 0.18108 -0.094559 0.91314 0.037909 0.48348 0.059558 -0.10078 0.10896 0.39894 0.039868 0 0.030119 -0.16768 0.22349 0.35679 -0.047332 -0.16374 -0.075199 0.91016 0.31769 0.076534 0.27474 0.22441 0.080309 -0.031722 0.050438 0.67634 0.20678 0.028772 -0.031161 0.01309 0.25583 0.26099 0.092849 0.16219 -0.17505 0.89979 0.0022367 0.5072 -0.033433 -0.0090823 0.14027 0.4272 0.018385 0.91447 0.0050676 -0.16713 0.22581 0.32114 -0.027257 -0.20535 -0.058807 0.86963 0.36327 0.082843 0.30552 0.28183 0.08486 -0.087588 -0.0095936 0.62841 0.19641 0.097775 -0.061667 -0.0043096 0.22025 0.23675
-0.14684 -0.033229 -0.015296 -0.025414 -0.019578 0.29351 0.16663 0.063678 0.01407 -0.026861 -0.058696 -0.049075 -0.061327 -0.035227 0.29651 0.13654 0.060719 0.01128 0.048866 -0.068076 0.070468 0.0038844 0.089335 0.16962 0.26847 0.066582 0.47782 0.11237 0.031058 0.030119 0 0.35575 0.25294 -0.0038983 -0.16985 0.052264 -0.10303 -0.0078361 0.026392 -0.02219 -0.058004 0.36881 0.39149 -0.24689 0.23278 -0.094474 0.20589 -0.30767 0.27518 0.18414 0.03265 -0.065982 -0.0077133 -0.10245 -0.15438 -0.0044701 0.042004 0.17269 0.036718 0.024964 0.35178 0.13094 -0.10334 0.019757 0.52887 0.22758 0.20531 -0.016073 -0.33258 -0.10604 -0.24509 -0.016323 0.045735 -0.11925 -0.071711 0.19952 0.22351 -0.36193 0.037349 -0.1081 0.1668 -0.34591 0.20723 0.16954 0.025002 -0.10276
-0.098733 -0.1157 -0.067355 -0.15312 -0.029229 0.18667 0.16362 -0.065822 -0.053625 0.057171 -0.18307 -0.13459 -0.15789 -0.053422 0.15532 0.12187 -0.063993 -0.028099 0.59504 -0.27545 0.44404 -0.19481 0.10429 0.18284 0.60812 0.46171 0.19892 0.0064569 0.040142 -0.16768 0.35575 0 0.12049 -0.24573 0.2107 0.55448 0.35885 -0.23291 -0.16518 -0.096541 -0.18977 0.21045 -0.015715 -0.023007 0.31082 -0.19455 0.34985 0.024757 0.34273 0.27346 -0.10566 -0.21718 0.26775 -0.29416 0.17169 -0.23822 0.071311 0.11663 0.31497 0.28447 0.042667 0.0037105 -0.065239 -0.15102 0.19234 0.7537 0.066259 -0.231 -0.069987 0.40888 0.069227 -0.25795 -0.14338 -0.2336 -0.22906 -0.037584 -0.11192 -0.20437 0.075891 -0.21749 0.24334 -0.23205 0.34992 0.26366 -0.074487 -0.23401
0.033033 0.014138 -0.031199 -0.015103 -0.01116 0.26204 0.068562 0.026594 0.059903 0.043327 0.019492 -0.027254 -0.014595 -0.00087251 0.25913 0.094917 0.009473 0.067992 -0.011714 0.030699 0.15152 0.1563 0.096999 0.32517 0.3855 0.11573 0.37738 0.057973 0.060485 0.22349 0.25294 0.12049 0 0.098748 -0.049989 -0.035996 -0.073291 0.14499 0.050469 0.063125 -0.018828 0.42913 0.21546 0.056228 0.11862 0.14996 0.14348 -0.05546 0.038246 0.093744 0.097193 0.050789 0.04414 0.021017 0.11907 0.12724 0.068916 0.28429 0.29026 0.1128 0.36978 0.063947 0.020966 0.21747 0.26928 0.1538 0.4316 0.074598 -0.056117 -0.031881 -0.018971 0.1231 0.035243 0.05314 -0.018545 0.40921 0.16985 0.013223 0.12713 0.093975 0.13464 -0.069362 0.073846 0.090366 0.072371 0.020654
0.12891 0.17476 0.048438 0.19609 0.011898 0.068955 0.019627 0.05129 0.12151 0.18635 0.12896 0.047402 0.16815 0.057067 0.071024 0.024971 0.029464 0.091111 -0.046075 0.3857 -0.10547 0.36138 0.034008 0.074579 -0.087537 -0.058929 0.070981 0.032575 0.071888 0.35679 -0.0038983 -0.24573 0.098748 0 0.10438 -0.22944 -0.025339 0.42071 0.52396 0.25909 0.59399 0.20741 0.10496 0.12579 0.30848 0.38415 0.1562 0.33428 -0.083613 -0.02305 0.35671 0.48352 0.019957 0.34394 -0.103 0.3418 -0.0095995 0.065298 -0.092172 -0.058592 0.097082 0.026532 0.034649 0.32714 -0.021941 -0.23218 0.12473 0.76435 0.15584 -0.23321 0.050403 0.39399 0.4523 0.31048 0.54149 0.25599 0.090659 0.10928 0.24334 0.31534 0.17135 0.38973 -0.11187 -0.040959 0.31157 0.4487
0.10559 0.10718 0.23758 0.18438 0.081744 -0.033582 0.014084 -0.02482 0.037823 0.26169 0.028283 0.2019 0.15763 0.027274 -0.050231 0.00050028 -0.021741 0.028171 0.4898 0.20125 0.57187 -0.074607 0.061037 0.12776 0.27038 0.44439 -0.23052 -0.0040185 0.43241 -0.047332 -0.16985 0.2107 -0.049989 0.10438 0 0.39267 0.83275 -0.016478 0.055873 0.11339 0.3287 -0.086405 -0.10768 0.56627 0.52398 0.2566 0.22397 0.6603 -0.060275 0.0097097 0.10313 0.36209 0.25064 0.1961 0.32893 -0.10304 0.020672 0.051165 0.098331 0.18523 -0.30184 -0.006977 0.27601 -0.049741 -0.21013 0.019873 -0.057838 0.093203 0.66569 0.26363 0.59359 -0.033002 0.065318 0.025849 0.27773 -0.16107 -0.11731 0.23196 0.22453 0.14107 0.16358 0.42964 -0.062322 -0.029911 0.11858 0.3349
-0.054494 -0.074354 0.00040053 -0.084567 0.011932 0.016076 0.076222 -0.088866 -0.053701 0.1082 -0.14396 -0.040088 -0.095067 -0.04057 -0.021098 0.038374 -0.077989 -0.049478 0.21119 -0.19317 0.45851 -0.17899 0.041434 0.04672 0.349 0.38932 -0.065057 -0.017968 0.29007 -0.16374 0.052264 0.55448 -0.035996 -0.22944 0.39267 0 0.60578 -0.16685 -0.16498 -0.11055 -0.10081 -0.12551 -0.17468 0.1909 0.21046 -0.0958 -0.0041797 0.15506 0.16876 0.080956 -0.093816 -0.11418 -0.025859 -0.20882 0.1641 -0.19907 0.052743 0.010372 0.070074 0.16323 -0.21923 -0.027324 0.11582 -0.15998 -0.055193 0.2182 -0.040846 -0.21022 0.13124 0.55189 0.23458 -0.18211 -0.13214 -0.22344 -0.1152 -0.31555 -0.25133 -0.13769 -0.11408 -0.15104 -0.039137 -0.075735 0.11605 0.060611 -0.072901 -0.11867
0.028089 0.0082079 0.14735 0.078758 0.063662 -0.025364 0.072035 -0.073624 -0.012859 0.21257 -0.054153 0.11654 0.065846 -0.0040451 -0.055624 0.049251 -0.056903 -0.00072202 0.55182 0.021915 0.54518 -0.13016 0.065979 0.116 0.27774 0.48228 -0.2547 0.019669 0.4621 -0.075199 -0.10303 0.35885 -0.073291 -0.025339 0.83275 0.60578 0 -0.08141 -0.047463 -0.031853 0.21256 -0.22964 -0.20931 0.41367 0.35666 0.1499 0.22373 0.53325 0.03207 0.038828 0.0016369 0.20031 0.26429 -0.01596 0.29228 -0.15024 0.051219 0.045779 0.019848 0.23067 -0.35451 0.013626 0.27182 -0.086463 -0.17432 0.088049 -0.085127 -0.029939 0.52692 0.46294 0.61032 -0.097732 -0.0061512 -0.13276 0.14398 -0.32982 -0.22624 0.090566 0.0041449 0.058859 0.15087 0.23825 -0.043433 0.0016716 0.033205 0.18016
0.10111 0.21148 0.079321 0.12264 0.04258 0.070676 -0.012929 0.047215 0.14614 0.11301 0.22107 0.086893 0.12024 0.047091 0.051211 -0.041356 0.037409 0.14336 -0.049057 0.25867 -0.13588 0.8719 0.019372 0.25155 -0.033189 -0.14988 0.13871 0.30629 0.082345 0.91016 -0.0078361 -0.23291 0.14499 0.42071 -0.016478 -0.16685 -0.08141 0 0.39357 0.19397 0.34654 0.26865 0.10815 0.012536 0.088582 0.58412 0.099154 0.095008 -0.069379 -0.022737 0.29518 0.33501 -0.0035317 0.25219 -0.17172 0.83429 -0.011103 0.28093 -0.070391 -0.082806 0.16873 0.3605 0.068394 0.87179 -0.015936 -0.23112 0.13933 0.39019 0.015973 -0.18451 -0.048923 0.96122 0.43355 0.20712 0.39232 0.31507 0.123 -0.01203 0.036802 0.53814 0.090321 0.22561 -0.088353 -0.054445 0.26467 0.32879
0.071492 0.13458 0.013738 0.18588 0.063011 0.080852 0.056957 0.030912 0.09454 0.25488 0.072663 0.029673 0.11637 0.059596 0.071246 0.0554 0.013126 0.080847 0.021263 0.31655 -0.035141 0.29688 0.048135 0.086933 -0.1113 0.0016507 0.037486 -0.00097913 0.024155 0.31769 0.026392 -0.16518 0.050469 0.52396 0.055873 -0.16498 -0.047463 0.39357 0 0.10006 0.8705 0.081213 0.034666 0.040822 0.29578 0.45094 0.27777 0.38132 -0.023207 0.032259 0.46877 0.59195 0.030729 0.28017 -0.15372 0.26885 -0.013153 0.079997 -0.16435 -0.042817 0.018185 -0.0092656 -0.038337 0.29209 -0.014267 -0.2225 0.065864 0.4696 0.050771 -0.23189 -0.095257 0.35748 0.86563 0.13422 0.77383 0.085639 0.0076696 -0.055489 0.15125 0.35421 0.25934 0.34525 -0.11218 -0.029804 0.37393 0.48653
0.34708 0.30579 0.19267 0.20705 0.087572 0.092516 -0.11671 0.064431 0.16998 0.29541 0.31402 0.21052 0.20868 0.077411 0.077846 -0.095763 0.051586 0.16165 -0.10487 0.38282 0.096681 0.059486 0.038395 -0.058177 0.18772 0.040477 0.39059 0.015194 0.27367 0.076534 -0.02219 -0.096541 0.063125 0.25909 0.11339 -0.11055 -0.031853 0.19397 0.10006 0 0.11175 0.51812 0.33842 0.43669 0.29745 0.17483 -0.061913 0.38052 -0.08394 -0.043374 0.1833 0.3373 -0.063138 0.36215 0.16742 0.066836 0.043722 -0.066672 0.23325 0.060826 0.38759 0.020687 0.24607 0.040317 0.073829 -0.010321 0.027997 0.21577 0.20002 -0.077417 0.11307 0.21717 0.087834 0.66466 0.13817 0.48336 0.31708 0.42888 0.31636 0.080972 -0.037368 0.39348 -0.085757 -0.080169 0.16773 0.35103
0.098197 0.13104 0.08601 0.28906 0.09106 0.051779 0.066697 0.025057 0.076713 0.28382 0.082607 0.081045 0.23093 0.072461 0.05657 0.076519 0.0013856 0.072293 0.12106 0.40531 0.11327 0.28554 0.059791 0.1407 -0.12513 0.12541 -0.12815 0.048442 0.12486 0.27474 -0.058004 -0.18977 -0.018828 0.59399 0.3287 -0.10081 0.21256 0.34654 0.8705 0.11175 0 -0.063383 -0.01067 0.13697 0.46995 0.51543 0.30006 0.54625 -0.073546 0.0022881 0.4141 0.63795 0.11569 0.36003 -0.064304 0.25018 -0.0087332 0.11048 -0.22391 0.0074749 -0.13395 0.057457 0.050526 0.25813 -0.10872 -0.27388 0.029767 0.56936 0.29045 -0.2154 0.081935 0.31961 0.81432 0.14358 0.90912 -0.014891 -0.028638 0.0079104 0.26077 0.45535 0.28054 0.46711 -0.15309 -0.043779 0.33379 0.55977
0.20145 0.1823 0.07698 0.036235 0.0038684 0.25012 -0.042997 0.042864 0.13959 0.21483 0.19907 0.06861 0.019594 0.033456 0.24094 -0.032194 0.064372 0.14976 -0.07001 0.1015 0.26912 0.25188 0.03491 0.076355 0.62233 -0.020916 0.77893 -0.043897 0.089488 0.22441 0.36881 0.21045 0.42913 0.20741 -0.086405 -0.12551 -0.22964 0.26865 0.081213 0.51812 -0.063383 0 0.42514 0.30807 0.31958 0.16225 0.046803 0.074784 0.10795 0.045588 0.13602 0.06925 -0.00078107 0.094637 0.22297 0.21929 0.047503 0.061184 0.50613 -0.0068674 0.73983 0.020091 0.0065212 0.20942 0.37443 0.28469 0.35409 0.16098 -0.13744 -0.11256 -0.15614 0.27487 0.069383 0.40662 -0.056249 0.89907 0.35414 0.20825 0.31539 0.018151 0.06501 0.03506 0.16076 0.057711 0.1229 0.039909
0.0773 0.13586 0.1582 0.12344 0.053762 0.23558 0.011076 0.12208 0.11603 0.065321 0.16758 0.15996 0.10743 0.047189 0.23826 0.020049 0.12472 0.12325 -0.12362 0.27747 -0.076974 0.071254 0.058786 0.052977 0.087156 -0.066244 0.4549 0.082255 0.20316 0.080309 0.39149 -0.015715 0.21546 0.10496 -0.10768 -0.17468 -0.20931 0.10815 0.034666 0.33842 -0.01067 0.42514 0 0.034335 0.33706 -0.016045 0.066546 -0.06017 0.035731 0.050158 0.1633 0.18237 -0.062614 0.27078 -0.080135 0.066331 0.036377 0.041617 0.039494 -0.042722 0.42467 0.089159 0.1359 0.0637 0.41587 0.058426 0.15875 0.092125 -0.09994 -0.19899 -0.10025 0.11038 0.021674 0.29282 0.0028954 0.37189 0.58224 0.027638 0.30006 -0.064318 0.083385 -0.0084378 0.027422 0.046101 0.13178 0.17439
0.36414 0.19385 0.23897 0.1533 0.074062 -0.01853 -0.13971 -0.0084726 0.091246 0.45134 0.1785 0.22396 0.13835 0.041198 -0.036942 -0.11858 -0.020061 0.10978 -0.010036 0.24309 0.66889 -0.038064 0.036773 -0.027281 0.50751 0.38256 0.065172 -0.092942 0.46027 -0.031722 -0.24689 -0.023007 0.056228 0.12579 0.56627 0.1909 0.41367 0.012536 0.040822 0.43669 0.13697 0.30807 0.034335 0 0.42604 0.3792 -0.11303 0.67292 -0.15263 -0.099408 0.083529 0.2674 0.0057251 0.2263 0.54662 -0.065066 0.032458 -0.058566 0.43582 0.20581 0.0083973 -0.078165 0.31129 -0.054466 -0.16835 0.030926 0.0073956 0.11289 0.49074 0.18928 0.3299 0.020327 0.0016692 0.37048 0.11246 0.26964 0.030697 0.69651 0.24451 0.19929 -0.079836 0.50375 -0.11026 -0.13359 0.073848 0.23739
0.041448 0.16051 0.19478 0.16928 0.071688 0.15056 0.057114 0.0048288 0.072438 0.28191 0.078811 0.11564 0.13304 0.047125 0.14009 0.040081 0.011165 0.079811 0.21665 0.32854 0.33401 0.064409 0.070319 0.072427 0.30869 0.22695 0.21075 -0.017493 0.29075 0.050438 0.23278 0.31082 0.11862 0.30848 0.52398 0.21046 0.35666 0.088582 0.29578 0.29745 0.46995 0.31958 0.33706 0.42604 0 0.26345 0.15653 0.46388 0.11492 0.064617 0.18036 0.31551 0.045513 0.25785 0.091834 0.017686 0.034099 0.028923 0.0016642 0.067376 0.067011 0.0026435 0.049263 0.037755 0.10071 0.07016 0.093687 0.30171 0.21934 -0.034763 0.094301 0.067831 0.24899 0.14948 0.3918 0.095993 0.16777 0.037744 0.49702 0.14415 0.14697 0.22811 0.07801 0.03659 0.16168 0.26584
0.16654 0.11946 0.054978 0.11609 0.011382 0.061111 0.024093 0.0083522 0.052133 0.22055 0.088872 0.073155 0.10816 0.019175 0.061078 0.030601 0.0044577 0.060232 0.028344 0.27967 0.34701 0.66052 0.081908 0.47121 0.3101 0.29922 -0.018566 0.26737 0.19594 0.67634 -0.094474 -0.19455 0.14996 0.38415 0.2566 -0.0958 0.1499 0.58412 0.45094 0.17483 0.51543 0.16225 -0.016045 0.3792 0.26345 0 0.098421 0.50577 -0.088892 -0.026828 0.19611 0.38756 0.072447 0.26635 0.14744 0.61918 0.034748 0.43976 0.13844 0.26453 0.030929 0.21952 0.12241 0.67454 -0.074438 -0.1954 0.15582 0.35112 0.28167 -0.1329 0.15274 0.57026 0.39721 0.19472 0.47552 0.25963 0.0046825 0.19685 0.14079 0.92306 0.072372 0.42944 -0.089299 -0.045828 0.17817 0.34335
-0.12785 -0.095561 -0.046906 0.0062351 0.014891 0.2255 0.23524 0.016669 0.0078841 -0.09484 -0.13437 -0.067678 -0.020209 -0.0099578 0.21139 0.2075 0.02472 0.021095 0.69269 0.072102 0.067657 0.15809 0.1132 0.35456 0.089438 0.19616 0.021335 0.18502 0.071419 0.20678 0.20589 0.34985 0.14348 0.1562 0.22397 -0.0041797 0.22373 0.099154 0.27777 -0.061913 0.30006 0.046803 0.066546 -0.11303 0.15653 0.098421 0 0.090824 0.068385 0.22215 0.55976 0.32428 0.58469 0.06631 -0.057846 0.12445 0.068805 0.32655 -0.041348 0.10163 -0.023577 0.17047 0.02173 0.19119 0.13258 0.18651 0.14822 0.1781 0.11698 -0.055341 0.11785 0.040329 0.30452 -0.072158 0.28724 0.031608 0.063842 -0.15048 0.082209 0.10768 0.8266 0.037858 0.034585 0.19555 0.45824 0.26491
0.37357 0.22112 0.18866 0.2557 0.10783 -0.08118 -0.066538 0.002064 0.10565 0.40173 0.21212 0.1918 0.23452 0.084971 -0.096309 -0.067324 -0.028097 0.13311 0.16056 0.37802 0.4565 -0.004001 0.059855 0.014673 0.2333 0.44757 -0.16505 -0.1214 0.40923 0.028772 -0.30767 0.024757 -0.05546 0.33428 0.6603 0.15506 0.53325 0.095008 0.38132 0.38052 0.54625 0.074784 -0.06017 0.67292 0.46388 0.50577 0.090824 0 -0.12363 -0.062024 0.27493 0.58453 0.16888 0.37789 0.38965 -0.024114 0.015499 -0.06105 0.25663 0.28097 -0.15544 -0.1012 0.32628 0.0064822 -0.26732 0.038922 -0.059427 0.29002 0.64698 0.18605 0.5043 0.096872 0.28693 0.35291 0.4776 0.12471 -0.026091 0.5158 0.37149 0.37756 0.080773 0.82759 -0.10325 -0.094958 0.20498 0.52743
-0.11161 -0.05784 -0.0556 -0.084838 -0.033026 0.053261 0.052945 -0.0097452 -0.033429 -0.030358 -0.095419 -0.090265 -0.097646 -0.043405 0.03925 0.039619 -0.012069 -0.034322 0.13608 -0.14375 0.02256 -0.045347 0.029919 0.050326 0.16117 0.025766 0.12821 -0.00068787 -0.053886 -0.031161 0.27518 0.34273 0.038246 -0.083613 -0.060275 0.16876 0.03207 -0.069379 -0.023207 -0.08394 -0.073546 0.10795 0.035731 -0.15263 0.11492 -0.088892 0.068385 -0.12363 0 0.099908 -0.086285 -0.14771 0.041398 -0.15979 -0.10783 -0.041847 0.0056369 0.045254 -0.017265 0.010609 0.058096 0.0067147 -0.11045 -0.030465 0.15044 0.22521 0.019008 -0.074192 -0.17794 0.074892 -0.11827 -0.0657 -0.0021182 -0.16946 -0.092686 -0.015813 -0.025748 -0.25973 -0.012656 -0.07087 0.051252 -0.20755 0.24522 0.088037 -0.051769 -0.16928
-0.05185 -0.045884 -0.039933 -0.010035 -0.0192 0.14527 0.1285 0.003747 -0.017294 0.0034863 -0.063652 -0.059275 -0.032735 -0.0078227 0.13083 0.1105 -0.0060009 0.0348 0.15235 -0.032758 0.00048811 0.0080534 0.10207 0.14432 0.10281 0.11967 0.052545 0.054374 0.036973 0.01309 0.18414 0.27346 0.093744 -0.02305 0.0097097 0.080956 0.038828 -0.022737 0.032259 -0.043374 0.0022881 0.045588 0.050158 -0.099408 0.064617 -0.026828 0.22215 -0.062024 0.099908 0 0.032394 0.02411 0.09377 -0.057794 -0.064463 -0.0018521 0.036219 0.11896 0.0079128 0.086475 0.037353 0.044685 -0.031142 0.021455 0.13169 0.19798 0.067962 -0.019348 -0.036649 0.014774 -0.013799 -0.035232 0.013984 -0.086065 -0.02354 0.0087149 0.016144 -0.14334 0.034098 -0.032595 0.1871 -0.1031 0.097736 0.16327 0.014731 0.0071227
0.056691 0.15757 0.076629 0.13886 0.059304 0.11223 0.018873 0.046686 0.10893 0.043179 0.16384 0.07744 0.12564 0.065121 0.091497 0.019898 0.039658 0.15612 0.12428 0.26689 -0.017485 0.18824 0.048504 0.12032 -0.0042677 0.0027479 0.12664 0.11894 0.12647 0.25583 0.03265 -0.10566 0.097193 0.35671 0.10313 -0.093816 0.0016369 0.29518 0.46877 0.1833 0.4141 0.13602 0.1633 0.083529 0.18036 0.19611 0.55976 0.27493 -0.086285 0.032394 0 0.48197 0.2139 0.28562 0.023418 0.18855 0.027088 0.12734 0.028218 -0.0102 0.11097 0.12051 0.12653 0.23348 0.052563 -0.067737 0.10785 0.34666 0.18153 -0.082264 0.091312 0.26913 0.43101 0.23037 0.40661 0.18676 0.16857 0.093279 0.20217 0.17955 0.53739 0.34737 -0.054187 -0.009582 0.62893 0.44516
0.23183 0.27427 0.17956 0.35017 0.14219 0.0811 0.03242 0.086724 0.16998 0.23224 0.26316 0.19087 0.32016 0.11608 0.083287 0.038129 0.060852 0.17695 0.10385 0.54572 -0.025663 0.22797 0.10045 0.14748 -0.077094 0.1126 -0.027204 0.10458 0.33139 0.26099 -0.065982 -0.21718 0.050789 0.48352 0.36209 -0.11418 0.20031 0.33501 0.59195 0.3373 0.63795 0.06925 0.18237 0.2674 0.31551 0.38756 0.32428 0.58453 -0.14771 0.02411 0.48197 0 0.16048 0.52757 -0.0030991 0.21958 0.051071 0.099518 -0.04495 0.070176 0.0085765 0.11211 0.31124 0.23336 -0.046626 -0.17715 0.05563 0.45637 0.468 -0.105 0.31722 0.32834 0.52137 0.38419 0.60829 0.15825 0.20401 0.24325 0.30583 0.33237 0.29467 0.6243 -0.14997 -0.0276 0.38125 0.75717
-0.0065875 -0.11606 -0.016183 -0.018088 -0.0078773 0.047361 0.099512 -0.015567 -0.02781 -0.11375 -0.1287 -0.013532 0.0044473 -0.017344 0.04613 0.10077 -0.0074053 -0.0048879 0.63415 0.030298 0.062083 0.081389 0.019829 0.27613 0.08909 0.15832 -0.10409 0.15986 0.08337 0.092849 -0.0077133 0.26775 0.04414 0.019957 0.25064 -0.025859 0.26429 -0.0035317 0.030729 -0.063138 0.11569 -0.00078107 -0.062614 0.0057251 0.045513 0.072447 0.58469 0.16888 0.041398 0.09377 0.2139 0.16048 0 0.037145 0.17816 0.082955 0.036113 0.28647 0.19991 0.23609 -0.095822 0.11459 0.12285 0.09064 0.0072841 0.44498 0.051242 0.03259 0.37653 0.17625 0.46363 -0.038791 0.07678 -0.034543 0.14903 0.070162 -0.0076054 0.071052 0.26565 0.060787 0.7014 0.1586 0.077502 0.16734 0.19102 0.14648
