0,0.314126968383789,0.238606959581375,0.260182499885559,0.0775428861379623,-0.00382686499506235,-0.0915969759225845,0.0496686398983002,0.197089344263077,0.676504731178284,0.396658062934875,0.339235842227936,0.271663725376129,0.100504748523235,0.0120613891631365,-0.09318657964468,0.0302875675261021,0.252739399671555,-0.133246749639511,0.211937263607979,0.0748104229569435,-0.0227956101298332,0.026339877396822,-0.0408474281430244,0.087958000600338,0.151416689157486,0.0962388142943382,0.0244408771395683,0.196375578641891,-0.00405243784189224,-0.146935775876045,-0.0989402830600739,0.0329268276691437,0.128913477063179,0.105691827833652,-0.0544023811817169,0.0280456244945526,0.101083807647228,0.0718572959303856,0.347307503223419,0.0982837304472923,0.201551303267479,0.0773346498608589,0.364411652088165,0.0416051112115383,0.166561871767044,-0.127948582172394,0.373798787593842,-0.11162693053484,-0.051905483007431,0.0567506849765778,0.232001766562462,-0.00656740227714181,0.265755087137222,0.430058985948563,-0.0181572660803795,0.046454519033432,-0.0765492394566536,0.382527440786362,0.249065741896629,0.184061422944069,0.00867953337728977,0.333019345998764,-0.040293000638485,-0.0295782219618559,0.135776579380035,0.0341749377548695,0.148681223392487,0.405524581670761,0.208142891526222,0.301134198904037,0.116398759186268,0.0763187110424042,0.435230374336243,0.188665926456451,0.323991924524307,0.165521115064621,0.586392462253571,0.384910434484482,0.181300461292267,-0.086931936442852,0.544511198997498,0.00241727661341429,-0.0785147994756699,0.0553862489759922,0.288105815649033
0.314126968383789,0,0.225194156169891,0.258500099182129,0.105848006904125,0.0111702689900994,-0.0780264288187027,0.0699886679649353,0.216754019260406,0.330418795347214,0.48011702299118,0.251566052436829,0.24653397500515,0.0920606106519699,0.000274132005870342,-0.0941628664731979,0.051920048892498,0.205662161111832,-0.0950818285346031,0.233131811022758,0.0291675571352243,0.0845197960734367,0.0225738137960434,-0.0643292367458344,0.0395483858883381,0.0353296920657158,0.123434387147427,0.0774691253900528,0.139595657587051,0.118151918053627,-0.0333071239292622,-0.115843944251537,0.0140864374116063,0.174759566783905,0.107177458703518,-0.0742530673742294,0.00819050800055265,0.211352452635765,0.134684458374977,0.305995672941208,0.130972340703011,0.18237516283989,0.135816037654877,0.194111809134483,0.160507693886757,0.119292907416821,-0.0955763161182404,0.221376791596413,-0.0579019859433174,-0.0459461063146591,0.157753452658653,0.27438822388649,-0.116078145802021,0.236266002058983,0.0583518147468567,0.0828837528824806,0.00963441841304302,-0.0833340138196945,0.0476155541837215,-0.0147157600149512,0.118701212108135,0.0683922916650772,0.124475754797459,0.0795052647590637,-0.0256418585777283,-0.102985061705112,-0.0150969251990318,0.105211138725281,0.154340788722038,-0.0308587253093719,0.0688677281141281,0.244960680603981,0.0839961245656013,0.292762666940689,0.108723036944866,0.172003895044327,0.12739722430706,0.167735934257507,0.143626749515533,0.0567549169063568,-0.106445349752903,0.214568287134171,-0.0546780154109001,-0.0673151686787605,0.142565742135048,0.252462685108185
0.238606959581375,0.225194156169891,0,0.387760490179062,0.111744232475758,0.0334771685302258,-0.0242672227323055,0.146415755152702,0.125584185123444,0.263415724039078,0.247653678059578,0.573199272155762,0.373750686645508,0.060852687805891,0.0280614756047726,-0.0239879451692104,0.119465336203575,0.138144552707672,-0.00848584715276957,0.188750430941582,0.113640055060387,0.00754347862675786,0.00653942860662937,-0.0374325700104237,0.0269053876399994,0.0605159103870392,0.0711163580417633,0.0153887765482068,0.196845561265945,0.0228192750364542,-0.0153431380167603,-0.0674278736114502,-0.0311738941818476,0.0485372319817543,0.237619608640671,0.000416023627622053,0.147267252206802,0.0790677666664124,0.0139681063592434,0.192862510681152,0.0861062407493591,0.0770166367292404,0.158116608858109,0.239278227090836,0.194778069853783,0.0550000369548798,-0.047054186463356,0.188973397016525,-0.0556273423135281,-0.0400035157799721,0.0767097175121307,0.179690986871719,-0.0162929221987724,0.170972004532814,0.100784748792648,-0.00933313742280006,0.0253148414194584,-0.0629324316978455,0.0146730942651629,0.0205700322985649,0.0533421337604523,0.0239741858094931,0.159910395741463,-0.00539437681436539,-0.0126935774460435,-0.0739069953560829,-0.0303067825734615,0.0280023589730263,0.196961835026741,-0.028136333450675,0.138621211051941,0.0893461108207703,0.000872062286362052,0.185287967324257,0.0948188304901123,0.0598073564469814,0.117619596421719,0.163093194365501,0.136738047003746,0.0116276713088155,-0.0509078800678253,0.182857528328896,-0.0699851363897324,-0.0530135966837406,0.081553541123867,0.177772328257561
0.260182499885559,0.258500099182129,0.387760490179062,0,0.207868665456772,0.0156238274648786,-0.00606614351272583,0.117784790694714,0.132079735398293,0.247266799211502,0.266857504844666,0.37400558590889,0.640980362892151,0.123893678188324,0.0104315336793661,-0.011460236273706,0.0945567339658737,0.138056993484497,-0.0405464544892311,0.291649430990219,-0.0369672253727913,0.0458854734897614,0.0129501903429627,-0.00766067858785391,-0.0909662917256355,0.0273401495069265,0.00404814956709743,0.0349784940481186,0.156682565808296,0.0534761622548103,-0.0254430789500475,-0.153219863772392,-0.0151486406102777,0.196092501282692,0.184413596987724,-0.0845343694090843,0.0786060988903046,0.12239782512188,0.185877293348312,0.20720075070858,0.288907051086426,0.0363125316798687,0.123238004744053,0.153488844633102,0.169104561209679,0.1160489320755,0.00607093051075935,0.255836635828018,-0.0848479941487312,-0.0101230042055249,0.138877406716347,0.350102931261063,-0.0181588847190142,0.282301098108292,-0.000246286392211914,0.0455345883965492,0.00969604775309563,-0.0274563618004322,-0.0640516579151154,-0.0109206344932318,0.0153634212911129,0.0426266677677631,0.146523833274841,0.0337700508534908,-0.0267270505428314,-0.141382604837418,0.00904638692736626,0.16247846186161,0.247634872794151,-0.0634195655584335,0.143237724900246,0.139076009392738,0.131536513566971,0.240673080086708,0.270640790462494,0.0660993754863739,0.12865549325943,0.157987877726555,0.156642869114876,0.0950595363974571,-0.0149224987253547,0.297919690608978,-0.0860047787427902,-0.0526937209069729,0.13190969824791,0.350983291864395
0.0775428861379623,0.105848006904125,0.111744232475758,0.207868665456772,0,0.000906504457816482,-0.0141360554844141,0.0236111916601658,0.0512137413024902,0.0966118350625038,0.0933673828840256,0.116269290447235,0.182303875684738,0.0427192375063896,-0.00529218371957541,-0.0231855530291796,0.0226114671677351,0.0506879650056362,-0.0114799151197076,0.0951092913746834,0.00731890881434083,0.000823657319415361,0.0101561676710844,-0.00502441031858325,-0.0132251670584083,0.0197956413030624,-0.012529170140624,-0.00112981302663684,0.0789357349276543,0.00508381146937609,-0.0195967387408018,-0.0293059479445219,-0.011182701215148,0.0119885727763176,0.0816797018051147,0.0119293406605721,0.0635896101593971,0.042518075555563,0.0629796013236046,0.0876410007476807,0.0910202488303185,0.0039164531044662,0.0537266172468662,0.0741051435470581,0.0716733485460281,0.0113647552207112,0.0149061307311058,0.107824355363846,-0.0330646187067032,-0.0192136690020561,0.0592533014714718,0.14214651286602,-0.00789528805762529,0.107655495405197,-0.0187511183321476,-0.00428719446063042,-0.012722734361887,-0.0288769509643316,-0.0388714037835598,-0.00655040889978409,-0.0121583789587021,0.00964108761399984,0.0647326856851578,-0.0121936295181513,-0.0243830289691687,-0.0457728430628777,-0.024658840149641,0.0253734029829502,0.0866324603557587,-0.0024723089300096,0.0633809715509415,0.0471847802400589,0.0477773435413837,0.0704760327935219,0.0735649615526199,-0.00965170655399561,0.0271946433931589,0.0378331243991852,0.0411955192685127,-0.0128649128600955,-0.00875008944422007,0.0968178883194923,-0.0441406220197678,-0.020284304395318,0.0360683500766754,0.129746705293655
-0.00382686499506235,0.0111702689900994,0.0334771685302258,0.0156238274648786,0.000906504457816482,0,0.165028050541878,0.024175263941288,0.0812439695000648,0.0491180457174778,0.00419061398133636,0.0254743136465549,0.00729741621762514,-0.0179329048842192,0.42278915643692,0.175790965557098,0.0417214743793011,0.0635532736778259,0.0646749064326286,0.0520715527236462,0.124131090939045,0.0796478167176247,0.124104909598827,0.211242809891701,0.213496744632721,0.122436344623566,0.328314512968063,0.120045781135559,0.0806098058819771,0.106265917420387,0.293349951505661,0.186792373657227,0.262038975954056,0.0686654150485992,-0.0336937420070171,0.0161166954785585,-0.0254012234508991,0.070463053882122,0.0805112347006798,0.0922678261995316,0.0515024699270725,0.249922797083855,0.235401958227158,-0.0186661724001169,0.150294736027718,0.061053954064846,0.225299507379532,-0.0814319774508476,0.0531616285443306,0.145167037844658,0.112110771238804,0.0807577818632126,0.0473312996327877,0.0324606820940971,-0.000853074947372079,0.0595311969518661,0.0885597541928291,0.201552718877792,0.102606631815434,0.0863106027245522,0.273294240236282,0.124376580119133,0.0188599321991205,0.0942763388156891,0.266924530267715,0.117935262620449,0.217835620045662,0.0629622489213943,-0.104060150682926,-0.0579871386289597,-0.0772227719426155,0.0530823618173599,0.0903215557336807,0.0384072624146938,0.0486835353076458,0.198652103543282,0.15895888209343,-0.0832082107663155,0.0693564489483833,0.0306895971298218,0.187075108289719,-0.107704497873783,0.0444802716374397,0.117473021149635,0.0946389436721802,0.0571891702711582
-0.0915969759225845,-0.0780264288187027,-0.0242672227323055,-0.00606614351272583,-0.0141360554844141,0.165028050541878,0,-0.00618910696357489,-0.0057233115658164,-0.0410935655236244,-0.100792750716209,-0.048878125846386,-0.0249715521931648,-0.0209659542888403,0.169482305645943,0.247469559311867,-0.00800558552145958,-0.0304079297930002,0.14362570643425,-0.0251143518835306,0.038680262863636,0.020299544557929,0.0761311426758766,0.184249430894852,0.0644363686442375,0.1326744556427,-0.0017929858295247,0.0703218802809715,0.0030707863625139,0.0367652587592602,0.166502997279167,0.163525447249413,0.0685043334960938,0.0195809789001942,0.0139612900093198,0.0761618465185165,0.0718995556235313,-0.0129853785037994,0.0567525215446949,-0.116683572530746,0.0665310323238373,-0.0429666191339493,0.0110195418819785,-0.13970360159874,0.0568932294845581,0.0240418426692486,0.235061198472977,-0.0666964575648308,0.0528940968215466,0.128365725278854,0.0187977179884911,0.0322821661829948,0.0994466468691826,-0.0454295314848423,-0.0714684948325157,0.00776528706774116,0.0261221714317799,0.160567462444305,-0.0447591915726662,0.0704741328954697,-0.028419116511941,0.0595994591712952,-0.0267928186804056,0.0290972124785185,0.0901383087038994,0.0747619718313217,0.0547753050923347,0.022062323987484,-0.0651095733046532,-0.0250557959079742,-0.0272060204297304,-0.0328003689646721,0.0634832829236984,-0.132743895053864,0.0695683434605598,-0.0651574283838272,-0.017070859670639,-0.192137658596039,-0.0193649064749479,0.028247157111764,0.194668680429459,-0.130186036229134,0.0262629445642233,0.104721538722515,0.00766851613298059,-0.000289568677544594
0.0496686398983002,0.0699886679649353,0.146415755152702,0.117784790694714,0.0236111916601658,0.024175263941288,-0.00618910696357489,0,0.0572335459291935,0.0311381965875626,0.0732928663492203,0.135211169719696,0.115545146167278,0.0186125617474318,0.0362426079809666,0.010442447848618,0.108044117689133,0.0668232664465904,-0.0323767699301243,0.0932740047574043,-0.0694497153162956,0.0230135805904865,-0.00147365301381797,-0.00737633835524321,-0.0548882745206356,-0.0252362210303545,0.0498731844127178,0.0241906195878983,0.0218608155846596,0.0121853370219469,0.0636385306715965,-0.0657421201467514,0.0265727993100882,0.0512614510953426,-0.0248893387615681,-0.0888340845704079,-0.0736594945192337,0.0470922738313675,0.0309246815741062,0.0644337311387062,0.0250251535326242,0.0428246855735779,0.121982552111149,-0.00847532600164413,0.00475826254114509,0.00828075502067804,0.0166387483477592,0.00204988336190581,-0.00972843170166016,0.00373075902462006,0.0466571301221848,0.0866705626249313,-0.0156063893809915,0.0796612873673439,-0.0469307266175747,0.0307161528617144,-0.00405013188719749,0.000399478682084009,-0.0279232263565063,0.000424119614763185,0.0661791414022446,0.0405139289796352,0.0297842137515545,0.009962547570467,0.0568154379725456,-0.0453037694096565,0.0148958591744304,0.0536095201969147,-0.00522083509713411,-0.0951622277498245,-0.0182111263275146,0.0543207935988903,0.0198914799839258,0.0728143826127052,0.0440569184720516,0.0579475611448288,0.101128168404102,0.0128550147637725,0.0231373105198145,0.0107131116092205,0.0239900983870029,0.0555800907313824,-0.0246658250689507,0.0022966933902353,0.0620012357831001,0.0900068953633308
0.197089344263077,0.216754019260406,0.125584185123444,0.132079735398293,0.0512137413024902,0.0812439695000648,-0.0057233115658164,0.0572335459291935,0,0.207722291350365,0.220722436904907,0.118583083152771,0.126928746700287,0.0446722507476807,0.0649831593036652,-0.00866330694407225,0.0496960990130901,0.181828528642654,-0.0417532920837402,0.150854900479317,-0.00031430646777153,0.0543013289570808,0.0194272119551897,0.00528142368420959,0.0228608455508947,0.00866307131946087,0.108758486807346,0.0210529342293739,0.0703157484531403,0.0797164440155029,0.0139970183372498,-0.0536844432353973,0.0598282776772976,0.121546544134617,0.0378182083368301,-0.0536675117909908,-0.012857892550528,0.145995572209358,0.0946087315678596,0.170089691877365,0.0766495391726494,0.139601930975914,0.115956962108612,0.0913245156407356,0.0723703876137733,0.0520070977509022,0.00791050586849451,0.105728626251221,-0.0334843993186951,-0.0173231586813927,0.109039179980755,0.169940575957298,-0.0278440248221159,0.15955825150013,0.0365712568163872,0.0478055328130722,0.0229971613734961,-0.0139923514798284,0.0451793149113655,0.0208249818533659,0.127468660473824,0.0164038110524416,0.0864715948700905,0.0691748037934303,0.0489645078778267,-0.0200713202357292,0.0297772511839867,0.0771861523389816,0.0833716168999672,-0.033604308962822,0.0372339673340321,0.1508509516716,0.074526883661747,0.168602660298347,0.0755761489272118,0.153331741690636,0.125181049108505,0.0948592945933342,0.108027219772339,0.0195410884916782,0.00288871605880558,0.146905720233917,-0.0379986837506294,-0.00465856213122606,0.110482379794121,0.166353523731232
0.676504731178284,0.330418795347214,0.263415724039078,0.247266799211502,0.0966118350625038,0.0491180457174778,-0.0410935655236244,0.0311381965875626,0.207722291350365,0,0.301138758659363,0.267105668783188,0.204617634415627,0.0876922458410263,0.0524346344172955,-0.0507678240537643,0.0173180662095547,0.221526905894279,-0.0319668054580688,0.21758271753788,0.267960518598557,-0.00380724808201194,0.0556148737668991,-0.0902567505836487,0.219290390610695,0.235721290111542,0.117867350578308,-0.0628282725811005,0.211059018969536,-0.00298821041360497,-0.0271448325365782,0.0569463483989239,0.0431891940534115,0.186270371079445,0.261645078659058,0.10825303196907,0.212325215339661,0.1129095479846,0.255052834749222,0.295579701662064,0.283761382102966,0.214861989021301,0.0652690827846527,0.451610684394836,0.281944245100021,0.220642432570457,-0.09508016705513,0.402125149965286,-0.0303895492106676,0.00334968464449048,0.0432681702077389,0.232423454523087,-0.113885417580605,0.164363965392113,0.13832950592041,-0.0119170928373933,0.0330176986753941,-0.109900146722794,0.101017571985722,0.11437401920557,0.0668496787548065,-0.0289383176714182,0.107947394251823,-0.0174277145415545,-0.0427131801843643,-0.00058218085905537,0.020105192437768,0.130387857556343,0.186750128865242,0.0444593690335751,0.0743280202150345,0.124904707074165,0.145850569009781,0.238588944077492,0.18067529797554,0.120483048260212,0.0356985405087471,0.231801256537437,0.0680338740348816,0.0712763667106628,-0.0791013538837433,0.344753533601761,-0.0545913353562355,-0.0573590956628323,0.0582768358290195,0.20449523627758
0.396658062934875,0.48011702299118,0.247653678059578,0.266857504844666,0.0933673828840256,0.00419061398133636,-0.100792750716209,0.0732928663492203,0.220722436904907,0.301138758659363,0,0.311164498329163,0.291664689779282,0.102927088737488,-0.00612432323396206,-0.104434251785278,0.0892812162637711,0.238636657595634,-0.170503690838814,0.259946167469025,-0.0260761938989162,0.0706882625818253,0.0186479557305574,-0.0800939872860909,0.000453159183962271,-0.0236791223287582,0.135158449411392,0.0582529157400131,0.119385458528996,0.103210665285587,-0.0587137006223202,-0.183185130357742,0.0194343235343695,0.12897926568985,0.0283553991466761,-0.143845424056053,-0.0541108585894108,0.220964148640633,0.0727995187044144,0.314121901988983,0.0826318636536598,0.199074119329453,0.167568936944008,0.178708970546722,0.0788762345910072,0.0887354910373688,-0.134352579712868,0.212276101112366,-0.0953428819775581,-0.0636821016669273,0.163968309760094,0.263257443904877,-0.128732889890671,0.287520855665207,0.148685395717621,0.0877763330936432,0.00302409287542105,-0.103651806712151,0.145690008997917,-0.00451842602342367,0.188457384705544,0.0393742322921753,0.183694154024124,0.0661780759692192,-0.0124880475923419,-0.0680950358510017,0.00586073845624924,0.144489213824272,0.232168719172478,-0.0016216435469687,0.141058281064034,0.261023163795471,0.0572876296937466,0.375871181488037,0.126723363995552,0.262891441583633,0.187355846166611,0.290548175573349,0.249716609716415,0.0718894451856613,-0.114774636924267,0.312100559473038,-0.0402546375989914,-0.092174656689167,0.166014775633812,0.292484968900681
0.339235842227936,0.251566052436829,0.573199272155762,0.37400558590889,0.116269290447235,0.0254743136465549,-0.048878125846386,0.135211169719696,0.118583083152771,0.267105668783188,0.311164498329163,0,0.402513116598129,0.0817791745066643,0.0298202261328697,-0.0253517311066389,0.144186317920685,0.140182390809059,-0.0560132898390293,0.189581289887428,0.0596960410475731,-0.00718387635424733,-0.00721108634024858,-0.0547785051167011,-0.00278933369554579,0.0403653047978878,0.0753328204154968,0.0211881119757891,0.186506822705269,0.014617620036006,-0.04902283847332,-0.134560257196426,-0.0272838287055492,0.0474543087184429,0.202013894915581,-0.0399928539991379,0.116531744599342,0.086590439081192,0.0297867655754089,0.210650950670242,0.0811047777533531,0.0686546713113785,0.159859389066696,0.224171444773674,0.115728832781315,0.0731166079640388,-0.06783127784729,0.192031428217888,-0.0902279764413834,-0.0593296512961388,0.0773943737149239,0.190892845392227,-0.0135824764147401,0.231626778841019,0.175911739468575,-0.0318783558905125,0.0137875471264124,-0.0744883865118027,0.0801425501704216,0.0522872060537338,0.0814750492572784,0.00157661514822394,0.232513099908829,-0.0155004663392901,-0.00909666903316975,-0.0521758869290352,0.00528578739613295,0.0583380311727524,0.282520353794098,0.0462806858122349,0.225896224379539,0.093744084239006,-0.0157182179391384,0.252638965845108,0.0948236286640167,0.117727406322956,0.17466051876545,0.274124413728714,0.215175345540047,0.0351572744548321,-0.0716409385204315,0.248211741447449,-0.0670477822422981,-0.0548099875450134,0.0702842101454735,0.224333703517914
0.271663725376129,0.24653397500515,0.373750686645508,0.640980362892151,0.182303875684738,0.00729741621762514,-0.0249715521931648,0.115545146167278,0.126928746700287,0.204617634415627,0.291664689779282,0.402513116598129,0,0.139772534370422,0.0113649358972907,-0.0115553699433804,0.117110423743725,0.146899193525314,-0.0464812330901623,0.264235287904739,-0.040488988161087,0.0441779084503651,0.0169604774564505,-0.0141960810869932,-0.0905133113265038,0.0163520127534866,-0.0108600575476885,0.0549408942461014,0.146246373653412,0.0478411354124546,-0.0613580383360386,-0.157880827784538,-0.0146823944523931,0.16811241209507,0.157663956284523,-0.095003567636013,0.0657656565308571,0.119922369718552,0.116406954824924,0.208760052919388,0.230812758207321,0.019723841920495,0.107300788164139,0.13849675655365,0.132867276668549,0.108053401112556,-0.0202285367995501,0.234636753797531,-0.097670204937458,-0.0328388065099716,0.125611513853073,0.320101588964462,0.00444931397214532,0.285811096429825,0.00778326671570539,0.0356091968715191,0.0120651023462415,-0.0179714057594538,-0.0522179827094078,0.0262977257370949,0.00363039574585855,0.053840596228838,0.174158081412315,0.0287268701940775,-0.0352623835206032,-0.130061522126198,-0.00268579926341772,0.162200331687927,0.269732534885406,-0.0537561327219009,0.169934302568436,0.13462620973587,0.124640099704266,0.242682248353958,0.289297938346863,0.0618402883410454,0.126129910349846,0.172634795308113,0.160729870200157,0.0996165350079536,0.0110020833089948,0.30759608745575,-0.102497406303883,-0.0474523305892944,0.128734081983566,0.374381542205811
0.100504748523235,0.0920606106519699,0.060852687805891,0.123893678188324,0.0427192375063896,-0.0179329048842192,-0.0209659542888403,0.0186125617474318,0.0446722507476807,0.0876922458410263,0.102927088737488,0.0817791745066643,0.139772534370422,0,-0.0119909914210439,-0.0287535414099693,0.00903999339789152,0.0845495611429214,-0.0191470384597778,0.119906812906265,-0.0341373793780804,0.0156662296503782,0.0133891310542822,-0.0230243001133204,-0.0247701685875654,-0.0177749153226614,0.00180827628355473,-0.0146318646147847,0.031668771058321,0.0134616466239095,-0.0352213159203529,-0.0534318499267101,-0.000919535523280501,0.0570959821343422,0.0272252429276705,-0.0404732786118984,-0.0040694335475564,0.0470702908933163,0.0596935637295246,0.0773488059639931,0.072469525039196,0.0334945097565651,0.0471313335001469,0.0412098839879036,0.0471016652882099,0.0191902872174978,-0.00995142757892609,0.0850033164024353,-0.0433646477758884,-0.00789218209683895,0.0651540830731392,0.116086006164551,-0.0172817371785641,0.10041019320488,0.00616497732698917,0.0161227583885193,0.000328022986650467,-0.0210122186690569,-0.00492098927497864,-0.00726587465032935,0.0211313720792532,-0.0132455388084054,0.0265788771212101,0.0166689045727253,-0.0169579405337572,-0.024993259459734,-0.0153572428971529,0.0681189224123955,0.0763035342097282,-0.0293430685997009,0.05157620459795,0.0613937079906464,0.0613590963184834,0.0783754587173462,0.0849203541874886,0.0445762649178505,0.0656268820166588,0.061479851603508,0.0843624323606491,0.0041561727412045,-0.00700506567955017,0.111489780247211,-0.0255622956901789,-0.025720939040184,0.0558730810880661,0.128319516777992
0.0120613891631365,0.000274132005870342,0.0280614756047726,0.0104315336793661,-0.00529218371957541,0.42278915643692,0.169482305645943,0.0362426079809666,0.0649831593036652,0.0524346344172955,-0.00612432323396206,0.0298202261328697,0.0113649358972907,-0.0119909914210439,0,0.210439816117287,0.0519571416079998,0.0584702007472515,0.0398417189717293,0.0486919172108173,0.110661804676056,0.0635790973901749,0.106938101351261,0.210016623139381,0.193715587258339,0.113839872181416,0.309381067752838,0.107806265354156,0.0824419185519218,0.0852660983800888,0.296417713165283,0.155416533350945,0.25900274515152,0.0707342699170113,-0.0503432750701904,-0.0210217926651239,-0.0557183288037777,0.0509691871702671,0.0708871781826019,0.0775910019874573,0.0563057921826839,0.24066798388958,0.238172367215157,-0.0370703414082527,0.139768049120903,0.0609273500740528,0.211185216903687,-0.0966285392642021,0.0391102470457554,0.130671709775925,0.091287687420845,0.0829876661300659,0.0460621416568756,0.0487148687243462,0.0463197454810143,0.0586758144199848,0.105698071420193,0.207360908389091,0.133492350578308,0.12637010216713,0.287967890501022,0.0986974239349365,0.0546696297824383,0.0760616213083267,0.260145574808121,0.133485093712807,0.259953409433365,0.0584591813385487,-0.0810296535491943,-0.0564718209207058,-0.0676519796252251,0.0442748740315437,0.0974921882152557,0.0620354302227497,0.0495102666318417,0.227890953421593,0.185772627592087,-0.049045667052269,0.101952791213989,0.0549569837749004,0.203236803412437,-0.0882129892706871,0.0318697206676006,0.129339009523392,0.0897729992866516,0.0766449794173241
-0.09318657964468,-0.0941628664731979,-0.0239879451692104,-0.011460236273706,-0.0231855530291796,0.175790965557098,0.247469559311867,0.010442447848618,-0.00866330694407225,-0.0507678240537643,-0.104434251785278,-0.0253517311066389,-0.0115553699433804,-0.0287535414099693,0.210439816117287,0,0.0259874556213617,-0.00835010409355164,0.105685591697693,-0.0179903507232666,0.0406764559447765,0.0265153236687183,0.0717028826475143,0.180965900421143,0.0429450608789921,0.119501367211342,-0.00503617571666837,0.0343593880534172,0.00569528248161077,0.0432455092668533,0.136446833610535,0.12177449464798,0.094835102558136,0.024848273023963,0.000472526502562687,0.0382138006389141,0.0491218902170658,-0.0414585806429386,0.0552097409963608,-0.095772810280323,0.0763811096549034,-0.0322351828217506,0.0200273934751749,-0.118580788373947,0.0399149954319,0.0305947028100491,0.207407265901566,-0.0674466490745544,0.039523258805275,0.110455766320229,0.0198366325348616,0.0380074642598629,0.100808702409267,-0.0248483549803495,-0.0323239229619503,0.0104073118418455,0.0451134778559208,0.186373442411423,-0.0193603616207838,0.113647922873497,-0.0273128133267164,0.031178742647171,-0.00249565625563264,0.034327819943428,0.106223210692406,0.0760424509644508,0.0955229550600052,0.0288729816675186,-0.0325150117278099,-0.0190448015928268,0.00602967338636518,-0.0514244623482227,0.0701658427715302,-0.114008590579033,0.0769120529294014,-0.0489179529249668,-0.0163037143647671,-0.144363567233086,-0.0116077577695251,0.0351364240050316,0.215921476483345,-0.0959883406758308,0.0172024946659803,0.129559546709061,0.0090190339833498,0.0315740555524826
0.0302875675261021,0.051920048892498,0.119465336203575,0.0945567339658737,0.0226114671677351,0.0417214743793011,-0.00800558552145958,0.108044117689133,0.0496960990130901,0.0173180662095547,0.0892812162637711,0.144186317920685,0.117110423743725,0.00903999339789152,0.0519571416079998,0.0259874556213617,0,0.0659810826182365,-0.0213395226746798,0.0844590663909912,-0.05679627135396,0.028692739084363,0.0129453726112843,2.6448629796505e-05,-0.0268523432314396,-0.0369333326816559,0.0766143053770065,0.0347043685615063,0.0183946751058102,0.0308516155928373,0.0607632100582123,-0.0639228522777557,0.00946931168437004,0.0294225513935089,-0.0218416173011065,-0.0779752805829048,-0.0569068379700184,0.037349209189415,0.0131065063178539,0.0516013912856579,0.00128275831229985,0.0643763989210129,0.124679856002331,-0.0200874973088503,0.0110738687217236,0.00433936854824424,0.0246099419891834,-0.0281019806861877,-0.0120641216635704,-0.006007662974298,0.0396141745150089,0.0607615001499653,-0.00742519414052367,0.0807093158364296,-0.0420381277799606,0.0327040106058121,0.00174694985616952,0.0183003153651953,-0.0274093560874462,-0.0174405910074711,0.0620128735899925,0.0315529108047485,0.0189609713852406,0.0214364361017942,0.0435412041842937,-0.0453073941171169,0.0206280183047056,0.0402951017022133,-0.0146385598927736,-0.105047173798084,-0.0245034769177437,0.0466086640954018,0.00398908834904432,0.0634138658642769,0.0059928297996521,0.0644209161400795,0.117001064121723,0.00730926357209682,0.00448985723778605,0.0078709265217185,0.029668640345335,0.0164858382195234,-0.0186597909778357,-0.00846439972519875,0.046683344990015,0.0718095302581787
0.252739399671555,0.205662161111832,0.138144552707672,0.138056993484497,0.0506879650056362,0.0635532736778259,-0.0304079297930002,0.0668232664465904,0.181828528642654,0.221526905894279,0.238636657595634,0.140182390809059,0.146899193525314,0.0845495611429214,0.0584702007472515,-0.00835010409355164,0.0659810826182365,0,-0.0511947050690651,0.151978895068169,0.0329638794064522,0.0456376820802689,0.0345129445195198,0.0134391114115715,0.0528564788401127,0.0301044452935457,0.111546918749809,0.0155350947752595,0.0895766243338585,0.0771737024188042,0.0112440818920732,-0.0281352512538433,0.0678436979651451,0.0911362990736961,0.028108112514019,-0.0493657551705837,-0.000736877205781639,0.143272265791893,0.0809373781085014,0.161673367023468,0.072246327996254,0.149718776345253,0.123164877295494,0.109881915152073,0.079754538834095,0.0601890310645103,0.0210925377905369,0.133149534463882,-0.0343292392790318,0.0347010791301727,0.156049326062202,0.17693966627121,-0.00490744924172759,0.168545603752136,0.0939866304397583,0.0573474131524563,0.0173775274306536,0.00837772898375988,0.0984023362398148,0.0346441306173801,0.135599568486214,0.0269178338348866,0.109060816466808,0.0654980018734932,0.0638619586825371,0.0158851724117994,0.0516869314014912,0.115609638392925,0.111436657607555,0.0095652574673295,0.0804186314344406,0.157816633582115,0.0740099474787712,0.180776312947273,0.0882775261998177,0.181203007698059,0.131700336933136,0.138993710279465,0.148394718766212,0.0519323162734509,0.029485534876585,0.165700569748878,-0.00271015614271164,-0.00629919813945889,0.128106415271759,0.202328220009804
-0.133246749639511,-0.0950818285346031,-0.00848584715276957,-0.0405464544892311,-0.0114799151197076,0.0646749064326286,0.14362570643425,-0.0323767699301243,-0.0417532920837402,-0.0319668054580688,-0.170503690838814,-0.0560132898390293,-0.0464812330901623,-0.0191470384597778,0.0398417189717293,0.105685591697693,-0.0213395226746798,-0.0511947050690651,0,-0.0426358915865421,0.24527733027935,0.00787127017974854,0.0291853379458189,0.25260254740715,0.215607598423958,0.293949335813522,-0.145021483302116,0.0669586136937141,0.0595866553485394,0.0496170558035374,0.0491883382201195,0.595717012882233,-0.01153664290905,-0.0463898703455925,0.48954439163208,0.211518436670303,0.552058219909668,-0.0492177531123161,0.0207628831267357,-0.104779869318008,0.120123200118542,-0.0694610476493835,-0.123402111232281,-0.010361110791564,0.217097759246826,0.0278851743787527,0.692625522613525,0.160129234194756,0.13630636036396,0.152496233582497,0.124092273414135,0.10326287150383,0.634023666381836,-0.0564524494111538,0.0242676697671413,-0.0110414084047079,0.014645230025053,0.191083654761314,0.0169528685510159,0.196901708841324,-0.182927459478378,0.0657142028212547,-0.00392990978434682,0.0379541218280792,-0.0333328023552895,0.365829139947891,0.00866543874144554,-0.0291920490562916,0.201698571443558,0.185009509325027,0.307049989700317,-0.0842806622385979,0.070620521903038,-0.184942632913589,0.077152781188488,-0.137955904006958,-0.110754735767841,-0.102282397449017,0.0638276264071465,0.00323951779864728,0.566041886806488,-0.0276474356651306,0.094076581299305,0.158737435936928,0.144852891564369,0.0674359053373337
0.211937263607979,0.233131811022758,0.188750430941582,0.291649430990219,0.0951092913746834,0.0520715527236462,-0.0251143518835306,0.0932740047574043,0.150854900479317,0.21758271753788,0.259946167469025,0.189581289887428,0.264235287904739,0.119906812906265,0.0486919172108173,-0.0179903507232666,0.0844590663909912,0.151978895068169,-0.0426358915865421,0,-0.09219029545784,0.164589181542397,0.0505845583975315,0.0410461202263832,-0.112829446792603,-0.00212377123534679,0.0110352821648121,0.0412388034164906,0.222454637289047,0.180951371788979,-0.0684680938720703,-0.275829941034317,0.0304729025810957,0.385813027620316,0.201493829488754,-0.193326562643051,0.0218652244657278,0.258619993925095,0.316841751337051,0.383396774530411,0.405392855405807,0.101665869355202,0.277347385883331,0.243626773357391,0.328535526990891,0.279635399580002,0.0721259191632271,0.378403902053833,-0.143848434090614,-0.0329614579677582,0.267274409532547,0.546054124832153,0.0300268922001123,0.561365723609924,-0.0982460975646973,0.17568476498127,0.00323529075831175,0.0199941676110029,-0.113962441682816,0.000203055795282125,0.057664979249239,0.0546694360673428,0.181818470358849,0.153601095080376,-0.0303646605461836,-0.254312366247177,0.0357057712972164,0.365983605384827,0.271280020475388,-0.245793744921684,0.104228094220161,0.260516196489334,0.271429240703583,0.407565891742706,0.392424166202545,0.15719498693943,0.280208855867386,0.202609360218048,0.258516609668732,0.224544480443001,0.0767628401517868,0.441116899251938,-0.172103196382523,-0.0756811201572418,0.217944785952568,0.53875869512558
0.0748104229569435,0.0291675571352243,0.113640055060387,-0.0369672253727913,0.00731890881434083,0.124131090939045,0.038680262863636,-0.0694497153162956,-0.00031430646777153,0.267960518598557,-0.0260761938989162,0.0596960410475731,-0.040488988161087,-0.0341373793780804,0.110661804676056,0.0406764559447765,-0.05679627135396,0.0329638794064522,0.24527733027935,-0.09219029545784,0,-0.160438850522041,0.062542200088501,0.195379242300987,0.684612274169922,0.570704102516174,0.156675025820732,-0.0620058588683605,0.270078122615814,-0.0943964719772339,0.0702608078718185,0.444015681743622,0.151579797267914,-0.105602785944939,0.57189279794693,0.458674937486649,0.544848561286926,-0.13565756380558,-0.0353700891137123,0.0968855172395706,0.113122962415218,0.269118189811707,-0.0766000598669052,0.669111609458923,0.334749102592468,0.347352534532547,0.0669769644737244,0.456512212753296,0.0227223597466946,0.0002334825694561,-0.0176066290587187,-0.0257232915610075,0.0615639463067055,-0.105547279119492,0.6551593542099,-0.202655822038651,0.0625137239694595,0.109924755990505,0.486920177936554,0.297922611236572,0.022214699536562,-0.032254371792078,0.0977420508861542,-0.0941948741674423,0.0233483258634806,0.267925769090652,0.111719787120819,-0.0883510857820511,0.331842690706253,0.359331786632538,0.251603543758392,-0.135385259985924,-0.0146951228380203,-0.0247251279652119,0.0455364882946014,0.116711035370827,-0.136973574757576,0.302870124578476,0.0704465061426163,0.150358483195305,0.0408314429223537,0.132471784949303,0.0603400729596615,0.00716851931065321,-0.00316609698347747,-0.064056895673275
-0.0227956101298332,0.0845197960734367,0.00754347862675786,0.0458854734897614,0.000823657319415361,0.0796478167176247,0.020299544557929,0.0230135805904865,0.0543013289570808,-0.00380724808201194,0.0706882625818253,-0.00718387635424733,0.0441779084503651,0.0156662296503782,0.0635790973901749,0.0265153236687183,0.028692739084363,0.0456376820802689,0.00787127017974854,0.164589181542397,-0.160438850522041,0,0.0112209040671587,0.286319822072983,-0.0183221362531185,-0.167027190327644,0.105921097099781,0.209077656269073,0.0371518917381763,0.913184344768524,0.00365440873429179,-0.194875806570053,0.156199663877487,0.361348509788513,-0.0744123980402946,-0.178959846496582,-0.130133792757988,0.871956408023834,0.296970009803772,0.0594909153878689,0.285621345043182,0.252398639917374,0.0709366425871849,-0.0380155444145203,0.0641025304794312,0.66050797700882,0.158185437321663,-0.0039013521745801,-0.0455027259886265,0.0079279001802206,0.188398644328117,0.227900356054306,0.0813917890191078,0.161023795604706,-0.249639824032784,0.971633672714233,-0.0105968443676829,0.338766366243362,-0.103875130414963,-0.0982725098729134,0.138442695140839,0.257820844650269,-0.0156753398478031,0.903407752513885,-0.013066066429019,-0.221487998962402,0.1568653434515,0.332749903202057,-0.106260851025581,-0.244365379214287,-0.135866597294807,0.828468382358551,0.347377002239227,0.0573366247117519,0.311441421508789,0.292434453964233,0.0774200186133385,-0.117213904857635,-0.0189975053071976,0.597510933876038,0.166350200772285,0.0333573929965496,-0.0823258757591248,0.00796795077621937,0.164619535207748,0.204743340611458
0.026339877396822,0.0225738137960434,0.00653942860662937,0.0129501903429627,0.0101561676710844,0.124104909598827,0.0761311426758766,-0.00147365301381797,0.0194272119551897,0.0556148737668991,0.0186479557305574,-0.00721108634024858,0.0169604774564505,0.0133891310542822,0.106938101351261,0.0717028826475143,0.0129453726112843,0.0345129445195198,0.0291853379458189,0.0505845583975315,0.062542200088501,0.0112209040671587,0,0.156077906489372,0.110098421573639,0.135360464453697,0.0510466918349266,0.0270826406776905,0.0872243568301201,0.0377774238586426,0.0892244502902031,0.104229524731636,0.0969158485531807,0.0339708067476749,0.0610236562788486,0.0414283499121666,0.0659403726458549,0.0192697457969189,0.0480697974562645,0.0383160039782524,0.0597460865974426,0.0347637683153152,0.0587174780666828,0.0367109514772892,0.0702619552612305,0.0818528532981873,0.113088540732861,0.0597121752798557,0.0299305263906717,0.102013729512691,0.048428688198328,0.100334584712982,0.0198313016444445,0.023917730897665,0.030908090993762,0.000447201513452455,0.0525625795125961,0.125519022345543,0.0644326210021973,0.110058091580868,0.0493823103606701,0.0121255237609148,0.0562646836042404,0.0319838635623455,0.0798350274562836,0.0651006475090981,0.0764539986848831,0.0050027733668685,0.0540033169090748,0.0145641714334488,0.0395573973655701,0.0071067581884563,0.0358175337314606,0.0266903694719076,0.0463984049856663,0.0495118238031864,0.0303458906710148,-0.00616050511598587,0.0441154725849628,0.0641198754310608,0.0765736103057861,0.0322994850575924,0.0154048399999738,0.049578033387661,0.0243366789072752,0.0849769860506058
-0.0408474281430244,-0.0643292367458344,-0.0374325700104237,-0.00766067858785391,-0.00502441031858325,0.211242809891701,0.184249430894852,-0.00737633835524321,0.00528142368420959,-0.0902567505836487,-0.0800939872860909,-0.0547785051167011,-0.0141960810869932,-0.0230243001133204,0.210016623139381,0.180965900421143,2.6448629796505e-05,0.0134391114115715,0.25260254740715,0.0410461202263832,0.195379242300987,0.286319822072983,0.156077906489372,0,0.322201490402222,0.33957901597023,0.0668436512351036,0.517168283462524,0.102124437689781,0.483278810977936,0.169617608189583,0.182955980300903,0.325293242931366,0.0743673890829086,0.127877816557884,0.0468561686575413,0.116015195846558,0.251528292894363,0.0866654962301254,-0.0583571828901768,0.140607759356499,0.0764783695340157,0.0528292469680309,-0.0274594575166702,0.0723110511898994,0.471152722835541,0.354461461305618,0.0142581854015589,0.0503534935414791,0.14426526427269,0.120127320289612,0.147174030542374,0.27592521905899,0.0473038554191589,0.0577673837542534,0.251800447702408,0.119137026369572,0.805416941642761,0.172270521521568,0.360671490430832,0.0666657909750938,0.474476546049118,0.0850911438465118,0.476096749305725,0.153637394309044,0.172285005450249,0.337485432624817,0.0836056023836136,0.108347296714783,-0.0197122301906347,0.159639209508896,0.18067492544651,0.133576333522797,-0.0455091893672943,0.159580945968628,0.124784685671329,0.0527811720967293,-0.0603814348578453,0.0548661947250366,0.452200055122375,0.291249781847,-0.018827510997653,0.0333408936858177,0.134522154927254,0.0984171703457832,0.110122360289097
