0 0.31413 0.23861 0.26018 0.077543 -0.0038269 -0.091597 0.049669 0.19709 0.6765 0.39666 0.33924 0.27166 0.1005 0.012061 -0.093187 0.030288 0.25274 -0.13325 0.21194 0.07481 -0.022796 0.02634 -0.040847 0.087958 0.15142 0.096239 0.024441 0.19638 -0.0040524 -0.14694 -0.09894 0.032927 0.12891 0.10569 -0.054402 0.028046 0.10108 0.071857 0.34731 0.098284 0.20155 0.077335 0.36441 0.041605 0.16656 -0.12795 0.3738 -0.11163 -0.051905 0.056751 0.232 -0.0065674 0.26576 0.43006 -0.018157 0.046455 -0.076549 0.38253 0.24907 0.18406 0.0086795 0.33302 -0.040293 -0.029578 0.13578 0.034175 0.14868 0.40552 0.20814 0.30113 0.1164 0.076319 0.43523 0.18867 0.32399 0.16552 0.58639 0.38491 0.1813 -0.086932 0.54451 0.0024173 -0.078515 0.055386 0.28811
0.31413 0 0.22519 0.2585 0.10585 0.01117 -0.078026 0.069989 0.21675 0.33042 0.48012 0.25157 0.24653 0.092061 0.00027413 -0.094163 0.05192 0.20566 -0.095082 0.23313 0.029168 0.08452 0.022574 -0.064329 0.039548 0.03533 0.12343 0.077469 0.1396 0.11815 -0.033307 -0.11584 0.014086 0.17476 0.10718 -0.074253 0.0081905 0.21135 0.13468 0.306 0.13097 0.18238 0.13582 0.19411 0.16051 0.11929 -0.095576 0.22138 -0.057902 -0.045946 0.15775 0.27439 -0.11608 0.23627 0.058352 0.082884 0.0096344 -0.083334 0.047616 -0.014716 0.1187 0.068392 0.12448 0.079505 -0.025642 -0.10299 -0.015097 0.10521 0.15434 -0.030859 0.068868 0.24496 0.083996 0.29276 0.10872 0.172 0.1274 0.16774 0.14363 0.056755 -0.10645 0.21457 -0.054678 -0.067315 0.14257 0.25246
0.23861 0.22519 0 0.38776 0.11174 0.033477 -0.024267 0.14642 0.12558 0.26342 0.24765 0.5732 0.37375 0.060853 0.028061 -0.023988 0.11947 0.13814 -0.0084858 0.18875 0.11364 0.0075435 0.0065394 -0.037433 0.026905 0.060516 0.071116 0.015389 0.19685 0.022819 -0.015343 -0.067428 -0.031174 0.048537 0.23762 0.00041602 0.14727 0.079068 0.013968 0.19286 0.086106 0.077017 0.15812 0.23928 0.19478 0.055 -0.047054 0.18897 -0.055627 -0.040004 0.07671 0.17969 -0.016293 0.17097 0.10078 -0.0093331 0.025315 -0.062932 0.014673 0.02057 0.053342 0.023974 0.15991 -0.0053944 -0.012694 -0.073907 -0.030307 0.028002 0.19696 -0.028136 0.13862 0.089346 0.00087206 0.18529 0.094819 0.059807 0.11762 0.16309 0.13674 0.011628 -0.050908 0.18286 -0.069985 -0.053014 0.081554 0.17777
0.26018 0.2585 0.38776 0 0.20787 0.015624 -0.0060661 0.11778 0.13208 0.24727 0.26686 0.37401 0.64098 0.12389 0.010432 -0.01146 0.094557 0.13806 -0.040546 0.29165 -0.036967 0.045885 0.01295 -0.0076607 -0.090966 0.02734 0.0040481 0.034978 0.15668 0.053476 -0.025443 -0.15322 -0.015149 0.19609 0.18441 -0.084534 0.078606 0.1224 0.18588 0.2072 0.28891 0.036313 0.12324 0.15349 0.1691 0.11605 0.0060709 0.25584 -0.084848 -0.010123 0.13888 0.3501 -0.018159 0.2823 -0.00024629 0.045535 0.009696 -0.027456 -0.064052 -0.010921 0.015363 0.042627 0.14652 0.03377 -0.026727 -0.14138 0.0090464 0.16248 0.24763 -0.06342 0.14324 0.13908 0.13154 0.24067 0.27064 0.066099 0.12866 0.15799 0.15664 0.09506 -0.014922 0.29792 -0.086005 -0.052694 0.13191 0.35098
0.077543 0.10585 0.11174 0.20787 0 0.0009065 -0.014136 0.023611 0.051214 0.096612 0.093367 0.11627 0.1823 0.042719 -0.0052922 -0.023186 0.022611 0.050688 -0.01148 0.095109 0.0073189 0.00082366 0.010156 -0.0050244 -0.013225 0.019796 -0.012529 -0.0011298 0.078936 0.0050838 -0.019597 -0.029306 -0.011183 0.011989 0.08168 0.011929 0.06359 0.042518 0.06298 0.087641 0.09102 0.0039165 0.053727 0.074105 0.071673 0.011365 0.014906 0.10782 -0.033065 -0.019214 0.059253 0.14215 -0.0078953 0.10766 -0.018751 -0.0042872 -0.012723 -0.028877 -0.038871 -0.0065504 -0.012158 0.0096411 0.064733 -0.012194 -0.024383 -0.045773 -0.024659 0.025373 0.086632 -0.0024723 0.063381 0.047185 0.047777 0.070476 0.073565 -0.0096517 0.027195 0.037833 0.041196 -0.012865 -0.0087501 0.096818 -0.044141 -0.020284 0.036068 0.12975
-0.0038269 0.01117 0.033477 0.015624 0.0009065 0 0.16503 0.024175 0.081244 0.049118 0.0041906 0.025474 0.0072974 -0.017933 0.42279 0.17579 0.041721 0.063553 0.064675 0.052072 0.12413 0.079648 0.1241 0.21124 0.2135 0.12244 0.32831 0.12005 0.08061 0.10627 0.29335 0.18679 0.26204 0.068665 -0.033694 0.016117 -0.025401 0.070463 0.080511 0.092268 0.051502 0.24992 0.2354 -0.018666 0.15029 0.061054 0.2253 -0.081432 0.053162 0.14517 0.11211 0.080758 0.047331 0.032461 -0.00085307 0.059531 0.08856 0.20155 0.10261 0.086311 0.27329 0.12438 0.01886 0.094276 0.26692 0.11794 0.21784 0.062962 -0.10406 -0.057987 -0.077223 0.053082 0.090322 0.038407 0.048684 0.19865 0.15896 -0.083208 0.069356 0.03069 0.18708 -0.1077 0.04448 0.11747 0.094639 0.057189
-0.091597 -0.078026 -0.024267 -0.0060661 -0.014136 0.16503 0 -0.0061891 -0.0057233 -0.041094 -0.10079 -0.048878 -0.024972 -0.020966 0.16948 0.24747 -0.0080056 -0.030408 0.14363 -0.025114 0.03868 0.0203 0.076131 0.18425 0.064436 0.13267 -0.001793 0.070322 0.0030708 0.036765 0.1665 0.16353 0.068504 0.019581 0.013961 0.076162 0.0719 -0.012985 0.056753 -0.11668 0.066531 -0.042967 0.01102 -0.1397 0.056893 0.024042 0.23506 -0.066696 0.052894 0.12837 0.018798 0.032282 0.099447 -0.04543 -0.071468 0.0077653 0.026122 0.16057 -0.044759 0.070474 -0.028419 0.059599 -0.026793 0.029097 0.090138 0.074762 0.054775 0.022062 -0.06511 -0.025056 -0.027206 -0.0328 0.063483 -0.13274 0.069568 -0.065157 -0.017071 -0.19214 -0.019365 0.028247 0.19467 -0.13019 0.026263 0.10472 0.0076685 -0.00028957
0.049669 0.069989 0.14642 0.11778 0.023611 0.024175 -0.0061891 0 0.057234 0.031138 0.073293 0.13521 0.11555 0.018613 0.036243 0.010442 0.10804 0.066823 -0.032377 0.093274 -0.06945 0.023014 -0.0014737 -0.0073763 -0.054888 -0.025236 0.049873 0.024191 0.021861 0.012185 0.063639 -0.065742 0.026573 0.051261 -0.024889 -0.088834 -0.073659 0.047092 0.030925 0.064434 0.025025 0.042825 0.12198 -0.0084753 0.0047583 0.0082808 0.016639 0.0020499 -0.0097284 0.0037308 0.046657 0.086671 -0.015606 0.079661 -0.046931 0.030716 -0.0040501 0.00039948 -0.027923 0.00042412 0.066179 0.040514 0.029784 0.0099625 0.056815 -0.045304 0.014896 0.05361 -0.0052208 -0.095162 -0.018211 0.054321 0.019891 0.072814 0.044057 0.057948 0.10113 0.012855 0.023137 0.010713 0.02399 0.05558 -0.024666 0.0022967 0.062001 0.090007
0.19709 0.21675 0.12558 0.13208 0.051214 0.081244 -0.0057233 0.057234 0 0.20772 0.22072 0.11858 0.12693 0.044672 0.064983 -0.0086633 0.049696 0.18183 -0.041753 0.15085 -0.00031431 0.054301 0.019427 0.0052814 0.022861 0.0086631 0.10876 0.021053 0.070316 0.079716 0.013997 -0.053684 0.059828 0.12155 0.037818 -0.053668 -0.012858 0.146 0.094609 0.17009 0.07665 0.1396 0.11596 0.091325 0.07237 0.052007 0.0079105 0.10573 -0.033484 -0.017323 0.10904 0.16994 -0.027844 0.15956 0.036571 0.047806 0.022997 -0.013992 0.045179 0.020825 0.12747 0.016404 0.086472 0.069175 0.048965 -0.020071 0.029777 0.077186 0.083372 -0.033604 0.037234 0.15085 0.074527 0.1686 0.075576 0.15333 0.12518 0.094859 0.10803 0.019541 0.0028887 0.14691 -0.037999 -0.0046586 0.11048 0.16635
0.6765 0.33042 0.26342 0.24727 0.096612 0.049118 -0.041094 0.031138 0.20772 0 0.30114 0.26711 0.20462 0.087692 0.052435 -0.050768 0.017318 0.22153 -0.031967 0.21758 0.26796 -0.0038072 0.055615 -0.090257 0.21929 0.23572 0.11787 -0.062828 0.21106 -0.0029882 -0.027145 0.056946 0.043189 0.18627 0.26165 0.10825 0.21233 0.11291 0.25505 0.29558 0.28376 0.21486 0.065269 0.45161 0.28194 0.22064 -0.09508 0.40213 -0.03039 0.0033497 0.043268 0.23242 -0.11389 0.16436 0.13833 -0.011917 0.033018 -0.1099 0.10102 0.11437 0.06685 -0.028938 0.10795 -0.017428 -0.042713 -0.00058218 0.020105 0.13039 0.18675 0.044459 0.074328 0.1249 0.14585 0.23859 0.18068 0.12048 0.035699 0.2318 0.068034 0.071276 -0.079101 0.34475 -0.054591 -0.057359 0.058277 0.2045
0.39666 0.48012 0.24765 0.26686 0.093367 0.0041906 -0.10079 0.073293 0.22072 0.30114 0 0.31116 0.29166 0.10293 -0.0061243 -0.10443 0.089281 0.23864 -0.1705 0.25995 -0.026076 0.070688 0.018648 -0.080094 0.00045316 -0.023679 0.13516 0.058253 0.11939 0.10321 -0.058714 -0.18319 0.019434 0.12898 0.028355 -0.14385 -0.054111 0.22096 0.0728 0.31412 0.082632 0.19907 0.16757 0.17871 0.078876 0.088735 -0.13435 0.21228 -0.095343 -0.063682 0.16397 0.26326 -0.12873 0.28752 0.14869 0.087776 0.0030241 -0.10365 0.14569 -0.0045184 0.18846 0.039374 0.18369 0.066178 -0.012488 -0.068095 0.0058607 0.14449 0.23217 -0.0016216 0.14106 0.26102 0.057288 0.37587 0.12672 0.26289 0.18736 0.29055 0.24972 0.071889 -0.11477 0.3121 -0.040255 -0.092175 0.16601 0.29248
0.33924 0.25157 0.5732 0.37401 0.11627 0.025474 -0.048878 0.13521 0.11858 0.26711 0.31116 0 0.40251 0.081779 0.02982 -0.025352 0.14419 0.14018 -0.056013 0.18958 0.059696 -0.0071839 -0.0072111 -0.054779 -0.0027893 0.040365 0.075333 0.021188 0.18651 0.014618 -0.049023 -0.13456 -0.027284 0.047454 0.20201 -0.039993 0.11653 0.08659 0.029787 0.21065 0.081105 0.068655 0.15986 0.22417 0.11573 0.073117 -0.067831 0.19203 -0.090228 -0.05933 0.077394 0.19089 -0.013582 0.23163 0.17591 -0.031878 0.013788 -0.074488 0.080143 0.052287 0.081475 0.0015766 0.23251 -0.0155 -0.0090967 -0.052176 0.0052858 0.058338 0.28252 0.046281 0.2259 0.093744 -0.015718 0.25264 0.094824 0.11773 0.17466 0.27412 0.21518 0.035157 -0.071641 0.24821 -0.067048 -0.05481 0.070284 0.22433
0.27166 0.24653 0.37375 0.64098 0.1823 0.0072974 -0.024972 0.11555 0.12693 0.20462 0.29166 0.40251 0 0.13977 0.011365 -0.011555 0.11711 0.1469 -0.046481 0.26424 -0.040489 0.044178 0.01696 -0.014196 -0.090513 0.016352 -0.01086 0.054941 0.14625 0.047841 -0.061358 -0.15788 -0.014682 0.16811 0.15766 -0.095004 0.065766 0.11992 0.11641 0.20876 0.23081 0.019724 0.1073 0.1385 0.13287 0.10805 -0.020229 0.23464 -0.09767 -0.032839 0.12561 0.3201 0.0044493 0.28581 0.0077833 0.035609 0.012065 -0.017971 -0.052218 0.026298 0.0036304 0.053841 0.17416 0.028727 -0.035262 -0.13006 -0.0026858 0.1622 0.26973 -0.053756 0.16993 0.13463 0.12464 0.24268 0.2893 0.06184 0.12613 0.17263 0.16073 0.099617 0.011002 0.3076 -0.1025 -0.047452 0.12873 0.37438
0.1005 0.092061 0.060853 0.12389 0.042719 -0.017933 -0.020966 0.018613 0.044672 0.087692 0.10293 0.081779 0.13977 0 -0.011991 -0.028754 0.00904 0.08455 -0.019147 0.11991 -0.034137 0.015666 0.013389 -0.023024 -0.02477 -0.017775 0.0018083 -0.014632 0.031669 0.013462 -0.035221 -0.053432 -0.00091954 0.057096 0.027225 -0.040473 -0.0040694 0.04707 0.059694 0.077349 0.07247 0.033495 0.047131 0.04121 0.047102 0.01919 -0.0099514 0.085003 -0.043365 -0.0078922 0.065154 0.11609 -0.017282 0.10041 0.006165 0.016123 0.00032802 -0.021012 -0.004921 -0.0072659 0.021131 -0.013246 0.026579 0.016669 -0.016958 -0.024993 -0.015357 0.068119 0.076304 -0.029343 0.051576 0.061394 0.061359 0.078375 0.08492 0.044576 0.065627 0.06148 0.084362 0.0041562 -0.0070051 0.11149 -0.025562 -0.025721 0.055873 0.12832
0.012061 0.00027413 0.028061 0.010432 -0.0052922 0.42279 0.16948 0.036243 0.064983 0.052435 -0.0061243 0.02982 0.011365 -0.011991 0 0.21044 0.051957 0.05847 0.039842 0.048692 0.11066 0.063579 0.10694 0.21002 0.19372 0.11384 0.30938 0.10781 0.082442 0.085266 0.29642 0.15542 0.259 0.070734 -0.050343 -0.021022 -0.055718 0.050969 0.070887 0.077591 0.056306 0.24067 0.23817 -0.03707 0.13977 0.060927 0.21119 -0.096629 0.03911 0.13067 0.091288 0.082988 0.046062 0.048715 0.04632 0.058676 0.1057 0.20736 0.13349 0.12637 0.28797 0.098697 0.05467 0.076062 0.26015 0.13349 0.25995 0.058459 -0.08103 -0.056472 -0.067652 0.044275 0.097492 0.062035 0.04951 0.22789 0.18577 -0.049046 0.10195 0.054957 0.20324 -0.088213 0.03187 0.12934 0.089773 0.076645
-0.093187 -0.094163 -0.023988 -0.01146 -0.023186 0.17579 0.24747 0.010442 -0.0086633 -0.050768 -0.10443 -0.025352 -0.011555 -0.028754 0.21044 0 0.025987 -0.0083501 0.10569 -0.01799 0.040676 0.026515 0.071703 0.18097 0.042945 0.1195 -0.0050362 0.034359 0.0056953 0.043246 0.13645 0.12177 0.094835 0.024848 0.00047253 0.038214 0.049122 -0.041459 0.05521 -0.095773 0.076381 -0.032235 0.020027 -0.11858 0.039915 0.030595 0.20741 -0.067447 0.039523 0.11046 0.019837 0.038007 0.10081 -0.024848 -0.032324 0.010407 0.045113 0.18637 -0.01936 0.11365 -0.027313 0.031179 -0.0024957 0.034328 0.10622 0.076042 0.095523 0.028873 -0.032515 -0.019045 0.0060297 -0.051424 0.070166 -0.11401 0.076912 -0.048918 -0.016304 -0.14436 -0.011608 0.035136 0.21592 -0.095988 0.017202 0.12956 0.009019 0.031574
0.030288 0.05192 0.11947 0.094557 0.022611 0.041721 -0.0080056 0.10804 0.049696 0.017318 0.089281 0.14419 0.11711 0.00904 0.051957 0.025987 0 0.065981 -0.02134 0.084459 -0.056796 0.028693 0.012945 2.6449e-05 -0.026852 -0.036933 0.076614 0.034704 0.018395 0.030852 0.060763 -0.063923 0.0094693 0.029423 -0.021842 -0.077975 -0.056907 0.037349 0.013107 0.051601 0.0012828 0.064376 0.12468 -0.020087 0.011074 0.0043394 0.02461 -0.028102 -0.012064 -0.0060077 0.039614 0.060762 -0.0074252 0.080709 -0.042038 0.032704 0.0017469 0.0183 -0.027409 -0.017441 0.062013 0.031553 0.018961 0.021436 0.043541 -0.045307 0.020628 0.040295 -0.014639 -0.10505 -0.024503 0.046609 0.0039891 0.063414 0.0059928 0.064421 0.117 0.0073093 0.0044899 0.0078709 0.029669 0.016486 -0.01866 -0.0084644 0.046683 0.07181
0.25274 0.20566 0.13814 0.13806 0.050688 0.063553 -0.030408 0.066823 0.18183 0.22153 0.23864 0.14018 0.1469 0.08455 0.05847 -0.0083501 0.065981 0 -0.051195 0.15198 0.032964 0.045638 0.034513 0.013439 0.052856 0.030104 0.11155 0.015535 0.089577 0.077174 0.011244 -0.028135 0.067844 0.091136 0.028108 -0.049366 -0.00073688 0.14327 0.080937 0.16167 0.072246 0.14972 0.12316 0.10988 0.079755 0.060189 0.021093 0.13315 -0.034329 0.034701 0.15605 0.17694 -0.0049074 0.16855 0.093987 0.057347 0.017378 0.0083777 0.098402 0.034644 0.1356 0.026918 0.10906 0.065498 0.063862 0.015885 0.051687 0.11561 0.11144 0.0095653 0.080419 0.15782 0.07401 0.18078 0.088278 0.1812 0.1317 0.13899 0.14839 0.051932 0.029486 0.1657 -0.0027102 -0.0062992 0.12811 0.20233
-0.13325 -0.095082 -0.0084858 -0.040546 -0.01148 0.064675 0.14363 -0.032377 -0.041753 -0.031967 -0.1705 -0.056013 -0.046481 -0.019147 0.039842 0.10569 -0.02134 -0.051195 0 -0.042636 0.24528 0.0078713 0.029185 0.2526 0.21561 0.29395 -0.14502 0.066959 0.059587 0.049617 0.049188 0.59572 -0.011537 -0.04639 0.48954 0.21152 0.55206 -0.049218 0.020763 -0.10478 0.12012 -0.069461 -0.1234 -0.010361 0.2171 0.027885 0.69263 0.16013 0.13631 0.1525 0.12409 0.10326 0.63402 -0.056452 0.024268 -0.011041 0.014645 0.19108 0.016953 0.1969 -0.18293 0.065714 -0.0039299 0.037954 -0.033333 0.36583 0.0086654 -0.029192 0.2017 0.18501 0.30705 -0.084281 0.070621 -0.18494 0.077153 -0.13796 -0.11075 -0.10228 0.063828 0.0032395 0.56604 -0.027647 0.094077 0.15874 0.14485 0.067436
0.21194 0.23313 0.18875 0.29165 0.095109 0.052072 -0.025114 0.093274 0.15085 0.21758 0.25995 0.18958 0.26424 0.11991 0.048692 -0.01799 0.084459 0.15198 -0.042636 0 -0.09219 0.16459 0.050585 0.041046 -0.11283 -0.0021238 0.011035 0.041239 0.22245 0.18095 -0.068468 -0.27583 0.030473 0.38581 0.20149 -0.19333 0.021865 0.25862 0.31684 0.3834 0.40539 0.10167 0.27735 0.24363 0.32854 0.27964 0.072126 0.3784 -0.14385 -0.032961 0.26727 0.54605 0.030027 0.56137 -0.098246 0.17568 0.0032353 0.019994 -0.11396 0.00020306 0.057665 0.054669 0.18182 0.1536 -0.030365 -0.25431 0.035706 0.36598 0.27128 -0.24579 0.10423 0.26052 0.27143 0.40757 0.39242 0.15719 0.28021 0.20261 0.25852 0.22454 0.076763 0.44112 -0.1721 -0.075681 0.21794 0.53876
0.07481 0.029168 0.11364 -0.036967 0.0073189 0.12413 0.03868 -0.06945 -0.00031431 0.26796 -0.026076 0.059696 -0.040489 -0.034137 0.11066 0.040676 -0.056796 0.032964 0.24528 -0.09219 0 -0.16044 0.062542 0.19538 0.68461 0.5707 0.15668 -0.062006 0.27008 -0.094396 0.070261 0.44402 0.15158 -0.1056 0.57189 0.45867 0.54485 -0.13566 -0.03537 0.096886 0.11312 0.26912 -0.0766 0.66911 0.33475 0.34735 0.066977 0.45651 0.022722 0.00023348 -0.017607 -0.025723 0.061564 -0.10555 0.65516 -0.20266 0.062514 0.10992 0.48692 0.29792 0.022215 -0.032254 0.097742 -0.094195 0.023348 0.26793 0.11172 -0.088351 0.33184 0.35933 0.2516 -0.13539 -0.014695 -0.024725 0.045536 0.11671 -0.13697 0.30287 0.070447 0.15036 0.040831 0.13247 0.06034 0.0071685 -0.0031661 -0.064057
-0.022796 0.08452 0.0075435 0.045885 0.00082366 0.079648 0.0203 0.023014 0.054301 -0.0038072 0.070688 -0.0071839 0.044178 0.015666 0.063579 0.026515 0.028693 0.045638 0.0078713 0.16459 -0.16044 0 0.011221 0.28632 -0.018322 -0.16703 0.10592 0.20908 0.037152 0.91318 0.0036544 -0.19488 0.1562 0.36135 -0.074412 -0.17896 -0.13013 0.87196 0.29697 0.059491 0.28562 0.2524 0.070937 -0.038016 0.064103 0.66051 0.15819 -0.0039014 -0.045503 0.0079279 0.1884 0.2279 0.081392 0.16102 -0.24964 0.97163 -0.010597 0.33877 -0.10388 -0.098273 0.13844 0.25782 -0.015675 0.90341 -0.013066 -0.22149 0.15687 0.33275 -0.10626 -0.24437 -0.13587 0.82847 0.34738 0.057337 0.31144 0.29243 0.07742 -0.11721 -0.018998 0.59751 0.16635 0.033357 -0.082326 0.007968 0.16462 0.20474
0.02634 0.022574 0.0065394 0.01295 0.010156 0.1241 0.076131 -0.0014737 0.019427 0.055615 0.018648 -0.0072111 0.01696 0.013389 0.10694 0.071703 0.012945 0.034513 0.029185 0.050585 0.062542 0.011221 0 0.15608 0.1101 0.13536 0.051047 0.027083 0.087224 0.037777 0.089224 0.10423 0.096916 0.033971 0.061024 0.041428 0.06594 0.01927 0.04807 0.038316 0.059746 0.034764 0.058717 0.036711 0.070262 0.081853 0.11309 0.059712 0.029931 0.10201 0.048429 0.10033 0.019831 0.023918 0.030908 0.0004472 0.052563 0.12552 0.064433 0.11006 0.049382 0.012126 0.056265 0.031984 0.079835 0.065101 0.076454 0.0050028 0.054003 0.014564 0.039557 0.0071068 0.035818 0.02669 0.046398 0.049512 0.030346 -0.0061605 0.044115 0.06412 0.076574 0.032299 0.015405 0.049578 0.024337 0.084977
-0.040847 -0.064329 -0.037433 -0.0076607 -0.0050244 0.21124 0.18425 -0.0073763 0.0052814 -0.090257 -0.080094 -0.054779 -0.014196 -0.023024 0.21002 0.18097 2.6449e-05 0.013439 0.2526 0.041046 0.19538 0.28632 0.15608 0 0.3222 0.33958 0.066844 0.51717 0.10212 0.48328 0.16962 0.18296 0.32529 0.074367 0.12788 0.046856 0.11602 0.25153 0.086665 -0.058357 0.14061 0.076478 0.052829 -0.027459 0.072311 0.47115 0.35446 0.014258 0.050353 0.14427 0.12013 0.14717 0.27593 0.047304 0.057767 0.2518 0.11914 0.80542 0.17227 0.36067 0.066666 0.47448 0.085091 0.4761 0.15364 0.17229 0.33749 0.083606 0.10835 -0.019712 0.15964 0.18067 0.13358 -0.045509 0.15958 0.12478 0.052781 -0.060381 0.054866 0.4522 0.29125 -0.018828 0.033341 0.13452 0.098417 0.11012
0.087958 0.039548 0.026905 -0.090966 -0.013225 0.2135 0.064436 -0.054888 0.022861 0.21929 0.00045316 -0.0027893 -0.090513 -0.02477 0.19372 0.042945 -0.026852 0.052856 0.21561 -0.11283 0.68461 -0.018322 0.1101 0.3222 0 0.53761 0.48727 0.080458 0.17503 0.0602 0.268 0.60767 0.38564 -0.087595 0.27018 0.34896 0.27753 -0.032466 -0.11164 0.18787 -0.12526 0.62249 0.087386 0.50772 0.30859 0.31103 0.088825 0.23336 0.16082 0.10242 -0.0044276 -0.076972 0.088725 -0.13141 0.51385 -0.088906 0.071201 0.22319 0.72225 0.34553 0.36567 0.065733 0.065935 0.040275 0.22996 0.51828 0.31386 -0.08824 0.14759 0.26513 0.16754 -0.04985 -0.10278 0.04856 -0.14654 0.44684 0.023439 0.22296 0.15598 0.12714 0.062465 0.034759 0.2274 0.11744 0.009916 -0.11331
0.15142 0.03533 0.060516 0.02734 0.019796 0.12244 0.13267 -0.025236 0.0086631 0.23572 -0.023679 0.040365 0.016352 -0.017775 0.11384 0.1195 -0.036933 0.030104 0.29395 -0.0021238 0.5707 -0.16703 0.13536 0.33958 0.53761 0 -0.0058262 0.057912 0.25491 -0.10087 0.066546 0.46186 0.11566 -0.059043 0.44466 0.38979 0.48225 -0.14979 0.0016564 0.040514 0.12544 -0.021042 -0.066196 0.38286 0.22725 0.29935 0.19598 0.44763 0.025902 0.11957 0.0025555 0.11255 0.15826 -0.0083937 0.3335 -0.20169 0.097951 0.24651 0.31279 0.5541 -0.1082 0.017785 0.1473 -0.10915 -0.0060595 0.30402 0.051157 -0.073442 0.29654 0.26591 0.33246 -0.16897 -0.0093849 -0.0033811 0.056568 -0.06529 -0.10049 0.13534 0.048516 0.19885 0.14025 0.22864 0.030699 0.085792 0.015836 0.064534
0.096239 0.12343 0.071116 0.0040481 -0.012529 0.32831 -0.001793 0.049873 0.10876 0.11787 0.13516 0.075333 -0.01086 0.0018083 0.30938 -0.0050362 0.076614 0.11155 -0.14502 0.011035 0.15668 0.10592 0.051047 0.066844 0.48727 -0.0058262 0 0.024267 0.029634 0.10909 0.47769 0.19889 0.3773 0.070936 -0.23083 -0.064949 -0.25453 0.13891 0.037363 0.39031 -0.12827 0.7789 0.45485 0.064915 0.21044 -0.018569 0.0211 -0.1652 0.12789 0.052314 0.12654 -0.027333 -0.10404 0.013098 0.083104 0.077282 0.052429 0.050804 0.33769 -0.03371 0.74905 0.04817 -0.024876 0.098732 0.4419 0.21263 0.30203 0.047363 -0.2701 -0.11031 -0.22721 0.16607 0.050969 0.27097 -0.11639 0.69156 0.33916 0.00061492 0.17346 -0.10322 0.032047 -0.17984 0.11705 0.050205 0.092216 -0.050495
0.024441 0.077469 0.015389 0.034978 -0.0011298 0.12005 0.070322 0.024191 0.021053 -0.062828 0.058253 0.021188 0.054941 -0.014632 0.10781 0.034359 0.034704 0.015535 0.066959 0.041239 -0.062006 0.20908 0.027083 0.51717 0.080458 0.057912 0.024267 0 0.043458 0.3992 0.11226 0.0065556 0.057986 0.032366 -0.0040252 -0.017745 0.019749 0.30699 -0.0012723 0.014974 0.048325 -0.043819 0.081946 -0.092965 -0.017651 0.2673 0.18468 -0.12159 -0.0006991 0.054331 0.11868 0.10425 0.15965 0.064931 -0.067025 0.21018 0.021942 0.53695 -0.0087446 0.14285 0.0093966 0.92993 0.072603 0.32396 0.085723 0.040795 0.079959 0.031307 0.066097 -0.029037 0.094672 0.29908 0.071828 0.019714 0.11412 -0.0086837 0.078091 -0.067677 0.0013168 0.30224 0.1558 -0.021045 0.0059341 0.047694 0.10505 0.10869
0.19638 0.1396 0.19685 0.15668 0.078936 0.08061 0.0030708 0.021861 0.070316 0.21106 0.11939 0.18651 0.14625 0.031669 0.082442 0.0056953 0.018395 0.089577 0.059587 0.22245 0.27008 0.037152 0.087224 0.10212 0.17503 0.25491 0.029634 0.043458 0 0.039934 0.030826 0.040151 0.060335 0.071816 0.43235 0.29017 0.46201 0.082499 0.02435 0.27366 0.12491 0.089402 0.203 0.46035 0.29073 0.19595 0.071436 0.40932 -0.053753 0.036855 0.12667 0.3314 0.083407 0.2159 0.22834 0.017983 0.046433 0.060318 0.14179 0.1566 -0.015339 0.032147 0.40563 0.02877 0.027254 0.020575 0.016016 0.039505 0.39603 0.22207 0.43246 0.075399 0.024036 0.20449 0.11088 0.066901 0.15993 0.29194 0.20336 0.09148 0.058191 0.30365 -0.023495 -0.0099424 0.11324 0.32476
-0.0040524 0.11815 0.022819 0.053476 0.0050838 0.10627 0.036765 0.012185 0.079716 -0.0029882 0.10321 0.014618 0.047841 0.013462 0.085266 0.043246 0.030852 0.077174 0.049617 0.18095 -0.094396 0.91318 0.037777 0.48328 0.0602 -0.10087 0.10909 0.3992 0.039934 0 0.029838 -0.16772 0.22349 0.3566 -0.047124 -0.16372 -0.075085 0.91026 0.31766 0.076616 0.27468 0.2249 0.080045 -0.031707 0.050227 0.67628 0.20674 0.02876 -0.031294 0.012951 0.25595 0.26081 0.092782 0.16203 -0.17493 0.89987 0.0021816 0.50699 -0.032935 -0.0093515 0.14046 0.42741 0.018357 0.91461 0.0048626 -0.16719 0.2258 0.32108 -0.027252 -0.2053 -0.058599 0.8697 0.3633 0.082792 0.30549 0.28248 0.084643 -0.087481 -0.0095514 0.62853 0.19645 0.097641 -0.061638 -0.0044835 0.22036 0.23656
-0.14694 -0.033307 -0.015343 -0.025443 -0.019597 0.29335 0.1665 0.063639 0.013997 -0.027145 -0.058714 -0.049023 -0.061358 -0.035221 0.29642 0.13645 0.060763 0.011244 0.049188 -0.068468 0.070261 0.0036544 0.089224 0.16962 0.268 0.066546 0.47769 0.11226 0.030826 0.029838 0 0.35597 0.25287 -0.0041111 -0.17033 0.052224 -0.10315 -0.0080373 0.025985 -0.022576 -0.058392 0.36842 0.3915 -0.24738 0.23231 -0.094596 0.20562 -0.30807 0.27495 0.18409 0.032367 -0.0664 -0.0078395 -0.10265 -0.15412 -0.0047463 0.041992 0.17266 0.037061 0.025073 0.35186 0.13077 -0.10331 0.019512 0.52902 0.22791 0.20528 -0.01627 -0.33289 -0.10585 -0.24511 -0.016507 0.045266 -0.11936 -0.07207 0.19918 0.22345 -0.36205 0.03729 -0.1082 0.1665 -0.34619 0.20739 0.16945 0.024726 -0.1031
-0.09894 -0.11584 -0.067428 -0.15322 -0.029306 0.18679 0.16353 -0.065742 -0.053684 0.056946 -0.18319 -0.13456 -0.15788 -0.053432 0.15542 0.12177 -0.063923 -0.028135 0.59572 -0.27583 0.44402 -0.19488 0.10423 0.18296 0.60767 0.46186 0.19889 0.0065556 0.040151 -0.16772 0.35597 0 0.1205 -0.24601 0.21002 0.55444 0.35897 -0.2329 -0.16572 -0.096899 -0.19035 0.20996 -0.015364 -0.023568 0.3109 -0.19462 0.34977 0.0241 0.34253 0.27338 -0.10589 -0.21745 0.26759 -0.29426 0.17168 -0.23831 0.071298 0.1168 0.31492 0.28455 0.042548 0.003843 -0.065073 -0.15113 0.19247 0.75383 0.066295 -0.23131 -0.070607 0.40877 0.068912 -0.25792 -0.14383 -0.23376 -0.22941 -0.03814 -0.11166 -0.20461 0.075576 -0.21751 0.24311 -0.23262 0.34978 0.26355 -0.074789 -0.23418
0.032927 0.014086 -0.031174 -0.015149 -0.011183 0.26204 0.068504 0.026573 0.059828 0.043189 0.019434 -0.027284 -0.014682 -0.00091954 0.259 0.094835 0.0094693 0.067844 -0.011537 0.030473 0.15158 0.1562 0.096916 0.32529 0.38564 0.11566 0.3773 0.057986 0.060335 0.22349 0.25287 0.1205 0 0.098769 -0.050043 -0.035865 -0.073262 0.14497 0.050447 0.062912 -0.018835 0.42908 0.2154 0.056065 0.11851 0.14993 0.1435 -0.055684 0.038171 0.093666 0.097113 0.050596 0.044098 0.020891 0.11915 0.12718 0.06884 0.28438 0.29046 0.11275 0.36978 0.063923 0.020918 0.21747 0.26929 0.15377 0.4316 0.074678 -0.056384 -0.031824 -0.019052 0.12306 0.035189 0.053005 -0.018604 0.40914 0.16974 0.01322 0.12704 0.093943 0.13458 -0.069635 0.073806 0.090349 0.072229 0.02045
0.12891 0.17476 0.048537 0.19609 0.011989 0.068665 0.019581 0.051261 0.12155 0.18627 0.12898 0.047454 0.16811 0.057096 0.070734 0.024848 0.029423 0.091136 -0.04639 0.38581 -0.1056 0.36135 0.033971 0.074367 -0.087595 -0.059043 0.070936 0.032366 0.071816 0.3566 -0.0041111 -0.24601 0.098769 0 0.10462 -0.22965 -0.025462 0.42061 0.52389 0.25916 0.59412 0.20753 0.10484 0.12594 0.30827 0.38417 0.15622 0.3343 -0.083674 -0.023217 0.35685 0.48355 0.019848 0.34411 -0.103 0.34171 -0.0096871 0.065099 -0.09212 -0.058682 0.097084 0.026158 0.03459 0.327 -0.022071 -0.23248 0.12469 0.76442 0.15615 -0.23332 0.050516 0.39396 0.45228 0.31062 0.54155 0.25626 0.090627 0.10953 0.24345 0.31537 0.1713 0.38986 -0.11185 -0.041041 0.3117 0.44871
0.10569 0.10718 0.23762 0.18441 0.08168 -0.033694 0.013961 -0.024889 0.037818 0.26165 0.028355 0.20201 0.15766 0.027225 -0.050343 0.00047253 -0.021842 0.028108 0.48954 0.20149 0.57189 -0.074412 0.061024 0.12788 0.27018 0.44466 -0.23083 -0.0040252 0.43235 -0.047124 -0.17033 0.21002 -0.050043 0.10462 0 0.39246 0.83257 -0.01619 0.056424 0.11356 0.32921 -0.086585 -0.10792 0.56666 0.52404 0.25717 0.22386 0.66083 -0.060265 0.0094938 0.10345 0.36237 0.25047 0.19632 0.329 -0.10285 0.020759 0.051254 0.09846 0.18561 -0.30205 -0.0070493 0.27622 -0.049552 -0.21052 0.019643 -0.057936 0.093419 0.6661 0.26351 0.5937 -0.032704 0.065658 0.026149 0.27844 -0.16097 -0.11748 0.23277 0.22484 0.14172 0.1635 0.43055 -0.062464 -0.030008 0.11869 0.33529
-0.054402 -0.074253 0.00041602 -0.084534 0.011929 0.016117 0.076162 -0.088834 -0.053668 0.10825 -0.14385 -0.039993 -0.095004 -0.040473 -0.021022 0.038214 -0.077975 -0.049366 0.21152 -0.19333 0.45867 -0.17896 0.041428 0.046856 0.34896 0.38979 -0.064949 -0.017745 0.29017 -0.16372 0.052224 0.55444 -0.035865 -0.22965 0.39246 0 0.60558 -0.1666 -0.1653 -0.1106 -0.10104 -0.12546 -0.17438 0.19118 0.21056 -0.095529 -0.0044136 0.15524 0.16866 0.080809 -0.093841 -0.11419 -0.02609 -0.2088 0.16449 -0.19905 0.052714 0.010428 0.070446 0.16347 -0.21913 -0.02722 0.11612 -0.15999 -0.055247 0.21829 -0.040787 -0.21055 0.13123 0.55192 0.23429 -0.18185 -0.13243 -0.22336 -0.11534 -0.31543 -0.25112 -0.13712 -0.11402 -0.15076 -0.039512 -0.075492 0.11582 0.060528 -0.072995 -0.1186
0.028046 0.0081905 0.14727 0.078606 0.06359 -0.025401 0.0719 -0.073659 -0.012858 0.21233 -0.054111 0.11653 0.065766 -0.0040694 -0.055718 0.049122 -0.056907 -0.00073688 0.55206 0.021865 0.54485 -0.13013 0.06594 0.11602 0.27753 0.48225 -0.25453 0.019749 0.46201 -0.075085 -0.10315 0.35897 -0.073262 -0.025462 0.83257 0.60558 0 -0.081203 -0.04746 -0.031711 0.21226 -0.22942 -0.20924 0.41341 0.35667 0.1499 0.22374 0.53341 0.032405 0.038786 0.001829 0.20028 0.26435 -0.01587 0.29198 -0.15016 0.05121 0.045811 0.020108 0.23089 -0.35435 0.013696 0.27202 -0.086402 -0.17442 0.088387 -0.085162 -0.030135 0.52697 0.46294 0.61052 -0.097559 -0.0061896 -0.1324 0.14406 -0.32944 -0.22613 0.090894 0.0045117 0.058963 0.15085 0.23876 -0.043414 0.0016769 0.033238 0.18029
0.10108 0.21135 0.079068 0.1224 0.042518 0.070463 -0.012985 0.047092 0.146 0.11291 0.22096 0.08659 0.11992 0.04707 0.050969 -0.041459 0.037349 0.14327 -0.049218 0.25862 -0.13566 0.87196 0.01927 0.25153 -0.032466 -0.14979 0.13891 0.30699 0.082499 0.91026 -0.0080373 -0.2329 0.14497 0.42061 -0.01619 -0.1666 -0.081203 0 0.39358 0.19413 0.34645 0.26918 0.10793 0.0127 0.088357 0.58407 0.099093 0.095277 -0.069449 -0.022843 0.29543 0.33495 -0.0036076 0.25214 -0.17158 0.83434 -0.011087 0.28085 -0.069837 -0.082962 0.16897 0.36129 0.068369 0.87186 -0.016057 -0.23116 0.13935 0.39022 0.016023 -0.18434 -0.0486 0.96129 0.43362 0.20722 0.39231 0.31567 0.12282 -0.011778 0.036829 0.53822 0.09041 0.22566 -0.088363 -0.054542 0.26492 0.32869
0.071857 0.13468 0.013968 0.18588 0.06298 0.080511 0.056753 0.030925 0.094609 0.25505 0.0728 0.029787 0.11641 0.059694 0.070887 0.05521 0.013107 0.080937 0.020763 0.31684 -0.03537 0.29697 0.04807 0.086665 -0.11164 0.0016564 0.037363 -0.0012723 0.02435 0.31766 0.025985 -0.16572 0.050447 0.52389 0.056424 -0.1653 -0.04746 0.39358 0 0.10027 0.87075 0.081387 0.034479 0.041266 0.29549 0.45116 0.27774 0.38173 -0.02349 0.032046 0.46908 0.59221 0.030654 0.28057 -0.15363 0.26893 -0.013179 0.079701 -0.16424 -0.042851 0.018198 -0.0097248 -0.038159 0.29211 -0.014502 -0.22286 0.065794 0.46965 0.051536 -0.23199 -0.094803 0.35754 0.86587 0.1346 0.77406 0.086066 0.0075587 -0.054774 0.15139 0.35446 0.25929 0.34624 -0.11222 -0.029942 0.37424 0.48692
0.34731 0.306 0.19286 0.2072 0.087641 0.092268 -0.11668 0.064434 0.17009 0.29558 0.31412 0.21065 0.20876 0.077349 0.077591 -0.095773 0.051601 0.16167 -0.10478 0.3834 0.096886 0.059491 0.038316 -0.058357 0.18787 0.040514 0.39031 0.014974 0.27366 0.076616 -0.022576 -0.096899 0.062912 0.25916 0.11356 -0.1106 -0.031711 0.19413 0.10027 0 0.11175 0.51797 0.33832 0.43695 0.29738 0.17475 -0.061928 0.38065 -0.084039 -0.04359 0.18347 0.33752 -0.063186 0.36248 0.16736 0.066808 0.043708 -0.066899 0.23309 0.060709 0.38716 0.020429 0.24588 0.040346 0.073549 -0.010696 0.027768 0.21596 0.2001 -0.077492 0.11308 0.21733 0.08799 0.66477 0.13825 0.48323 0.31694 0.42914 0.31616 0.08089 -0.037371 0.3934 -0.085941 -0.080382 0.16801 0.3512
0.098284 0.13097 0.086106 0.28891 0.09102 0.051502 0.066531 0.025025 0.07665 0.28376 0.082632 0.081105 0.23081 0.07247 0.056306 0.076381 0.0012828 0.072246 0.12012 0.40539 0.11312 0.28562 0.059746 0.14061 -0.12526 0.12544 -0.12827 0.048325 0.12491 0.27468 -0.058392 -0.19035 -0.018835 0.59412 0.32921 -0.10104 0.21226 0.34645 0.87075 0.11175 0 -0.063247 -0.010945 0.1373 0.46975 0.5158 0.29986 0.54632 -0.073649 0.0020549 0.41435 0.63801 0.1154 0.36023 -0.064136 0.25027 -0.0086936 0.11045 -0.22369 0.0076015 -0.13399 0.057149 0.050672 0.25817 -0.10893 -0.27418 0.029708 0.56949 0.29117 -0.2153 0.082205 0.31958 0.81445 0.14375 0.90926 -0.014474 -0.028817 0.0086167 0.2611 0.4558 0.28038 0.46785 -0.15308 -0.043879 0.33401 0.55996
0.20155 0.18238 0.077017 0.036313 0.0039165 0.24992 -0.042967 0.042825 0.1396 0.21486 0.19907 0.068655 0.019724 0.033495 0.24067 -0.032235 0.064376 0.14972 -0.069461 0.10167 0.26912 0.2524 0.034764 0.076478 0.62249 -0.021042 0.7789 -0.043819 0.089402 0.2249 0.36842 0.20996 0.42908 0.20753 -0.086585 -0.12546 -0.22942 0.26918 0.081387 0.51797 -0.063247 0 0.42495 0.30792 0.31924 0.16252 0.046703 0.074801 0.10737 0.045303 0.13615 0.069365 -0.00078173 0.094796 0.22318 0.21968 0.047441 0.061246 0.50647 -0.0070034 0.73993 0.020176 0.006461 0.20992 0.3741 0.28437 0.35406 0.16136 -0.13775 -0.11263 -0.156 0.27536 0.069477 0.40663 -0.056087 0.89923 0.35397 0.2084 0.31518 0.018403 0.064914 0.034836 0.16048 0.05742 0.123 0.040032
0.077335 0.13582 0.15812 0.12324 0.053727 0.2354 0.01102 0.12198 0.11596 0.065269 0.16757 0.15986 0.1073 0.047131 0.23817 0.020027 0.12468 0.12316 -0.1234 0.27735 -0.0766 0.070937 0.058717 0.052829 0.087386 -0.066196 0.45485 0.081946 0.203 0.080045 0.3915 -0.015364 0.2154 0.10484 -0.10792 -0.17438 -0.20924 0.10793 0.034479 0.33832 -0.010945 0.42495 0 0.034093 0.33683 -0.016307 0.066374 -0.060387 0.035613 0.050188 0.1632 0.18207 -0.062836 0.27057 -0.079776 0.06598 0.036338 0.041447 0.039822 -0.042668 0.4246 0.08882 0.13583 0.063401 0.41592 0.058694 0.1587 0.092035 -0.10029 -0.19861 -0.10026 0.11015 0.02148 0.29281 0.0026028 0.3716 0.5821 0.027624 0.29998 -0.064547 0.08323 -0.0088685 0.027673 0.046001 0.13168 0.17407
0.36441 0.19411 0.23928 0.15349 0.074105 -0.018666 -0.1397 -0.0084753 0.091325 0.45161 0.17871 0.22417 0.1385 0.04121 -0.03707 -0.11858 -0.020087 0.10988 -0.010361 0.24363 0.66911 -0.038016 0.036711 -0.027459 0.50772 0.38286 0.064915 -0.092965 0.46035 -0.031707 -0.24738 -0.023568 0.056065 0.12594 0.56666 0.19118 0.41341 0.0127 0.041266 0.43695 0.1373 0.30792 0.034093 0 0.42641 0.3794 -0.1134 0.67334 -0.15259 -0.099655 0.083599 0.26773 0.0053481 0.22658 0.54668 -0.06496 0.032474 -0.058729 0.43556 0.20574 0.008145 -0.078138 0.31135 -0.054401 -0.16897 0.030371 0.0071566 0.11315 0.49105 0.18919 0.32986 0.020577 0.0020165 0.37078 0.11299 0.2695 0.030618 0.69714 0.24471 0.19953 -0.080087 0.50395 -0.11058 -0.13371 0.073956 0.23771
0.041605 0.16051 0.19478 0.1691 0.071673 0.15029 0.056893 0.0047583 0.07237 0.28194 0.078876 0.11573 0.13287 0.047102 0.13977 0.039915 0.011074 0.079755 0.2171 0.32854 0.33475 0.064103 0.070262 0.072311 0.30859 0.22725 0.21044 -0.017651 0.29073 0.050227 0.23231 0.3109 0.11851 0.30827 0.52404 0.21056 0.35667 0.088357 0.29549 0.29738 0.46975 0.31924 0.33683 0.42641 0 0.2638 0.15623 0.46413 0.11466 0.064371 0.18038 0.31535 0.045182 0.25789 0.092351 0.017301 0.034139 0.028745 0.002088 0.067647 0.066782 0.0024168 0.049466 0.03759 0.10036 0.070062 0.093529 0.30153 0.2195 -0.034584 0.094585 0.067672 0.2486 0.14964 0.39167 0.095665 0.1677 0.038504 0.49719 0.14442 0.14655 0.22828 0.077949 0.036398 0.16158 0.26572
0.16656 0.11929 0.055 0.11605 0.011365 0.061054 0.024042 0.0082808 0.052007 0.22064 0.088735 0.073117 0.10805 0.01919 0.060927 0.030595 0.0043394 0.060189 0.027885 0.27964 0.34735 0.66051 0.081853 0.47115 0.31103 0.29935 -0.018569 0.2673 0.19595 0.67628 -0.094596 -0.19462 0.14993 0.38417 0.25717 -0.095529 0.1499 0.58407 0.45116 0.17475 0.5158 0.16252 -0.016307 0.3794 0.2638 0 0.098428 0.50575 -0.088798 -0.026833 0.19615 0.38747 0.072238 0.26625 0.14778 0.61917 0.034712 0.43964 0.13871 0.2643 0.030859 0.21953 0.12222 0.67455 -0.0747 -0.19553 0.15569 0.3513 0.28189 -0.13283 0.15271 0.57021 0.39752 0.1945 0.47595 0.26002 0.0044224 0.1971 0.14114 0.92323 0.072346 0.42967 -0.089407 -0.045842 0.17824 0.34324
-0.12795 -0.095576 -0.047054 0.0060709 0.014906 0.2253 0.23506 0.016639 0.0079105 -0.09508 -0.13435 -0.067831 -0.020229 -0.0099514 0.21119 0.20741 0.02461 0.021093 0.69263 0.072126 0.066977 0.15819 0.11309 0.35446 0.088825 0.19598 0.0211 0.18468 0.071436 0.20674 0.20562 0.34977 0.1435 0.15622 0.22386 -0.0044136 0.22374 0.099093 0.27774 -0.061928 0.29986 0.046703 0.066374 -0.1134 0.15623 0.098428 0 0.090838 0.068205 0.22198 0.5598 0.32418 0.58468 0.066438 -0.058216 0.12446 0.068776 0.32649 -0.041353 0.10179 -0.023673 0.17011 0.021752 0.19117 0.13243 0.18669 0.14821 0.17806 0.11724 -0.055431 0.11814 0.040219 0.30453 -0.07205 0.28731 0.031595 0.063718 -0.15051 0.082215 0.10782 0.82677 0.038119 0.034696 0.19545 0.45815 0.26501
0.3738 0.22138 0.18897 0.25584 0.10782 -0.081432 -0.066696 0.0020499 0.10573 0.40213 0.21228 0.19203 0.23464 0.085003 -0.096629 -0.067447 -0.028102 0.13315 0.16013 0.3784 0.45651 -0.0039014 0.059712 0.014258 0.23336 0.44763 -0.1652 -0.12159 0.40932 0.02876 -0.30807 0.0241 -0.055684 0.3343 0.66083 0.15524 0.53341 0.095277 0.38173 0.38065 0.54632 0.074801 -0.060387 0.67334 0.46413 0.50575 0.090838 0 -0.12358 -0.062238 0.27528 0.58485 0.16858 0.37814 0.38941 -0.023973 0.015478 -0.06139 0.25637 0.28083 -0.15579 -0.10125 0.3263 0.0065156 -0.26787 0.038342 -0.059852 0.29017 0.64737 0.18606 0.50444 0.097221 0.28735 0.35299 0.47799 0.12468 -0.026241 0.51627 0.37157 0.37769 0.080688 0.82801 -0.10347 -0.0951 0.20538 0.52781
-0.11163 -0.057902 -0.055627 -0.084848 -0.033065 0.053162 0.052894 -0.0097284 -0.033484 -0.03039 -0.095343 -0.090228 -0.09767 -0.043365 0.03911 0.039523 -0.012064 -0.034329 0.13631 -0.14385 0.022722 -0.045503 0.029931 0.050353 0.16082 0.025902 0.12789 -0.0006991 -0.053753 -0.031294 0.27495 0.34253 0.038171 -0.083674 -0.060265 0.16866 0.032405 -0.069449 -0.02349 -0.084039 -0.073649 0.10737 0.035613 -0.15259 0.11466 -0.088798 0.068205 -0.12358 0 0.099748 -0.086397 -0.14773 0.041332 -0.15983 -0.1076 -0.041951 0.0055957 0.04521 -0.017199 0.010673 0.057869 0.0067093 -0.11035 -0.030563 0.15033 0.22514 0.018937 -0.074312 -0.17786 0.074891 -0.11809 -0.065765 -0.0024211 -0.16949 -0.092836 -0.016236 -0.025795 -0.25964 -0.012921 -0.070775 0.050998 -0.20756 0.24509 0.087909 -0.051843 -0.16935
-0.051905 -0.045946 -0.040004 -0.010123 -0.019214 0.14517 0.12837 0.0037308 -0.017323 0.0033497 -0.063682 -0.05933 -0.032839 -0.0078922 0.13067 0.11046 -0.0060077 0.034701 0.1525 -0.032961 0.00023348 0.0079279 0.10201 0.14427 0.10242 0.11957 0.052314 0.054331 0.036855 0.012951 0.18409 0.27338 0.093666 -0.023217 0.0094938 0.080809 0.038786 -0.022843 0.032046 -0.04359 0.0020549 0.045303 0.050188 -0.099655 0.064371 -0.026833 0.22198 -0.062238 0.099748 0 0.032193 0.02391 0.093673 -0.057878 -0.064507 -0.00201 0.036192 0.11895 0.0078818 0.086515 0.037215 0.044599 -0.031147 0.021345 0.13172 0.19797 0.067893 -0.019537 -0.036801 0.014797 -0.013852 -0.035335 0.01378 -0.086086 -0.0237 0.0084967 0.016168 -0.14339 0.033985 -0.032565 0.18683 -0.10316 0.097833 0.16316 0.014532 0.006958
0.056751 0.15775 0.07671 0.13888 0.059253 0.11211 0.018798 0.046657 0.10904 0.043268 0.16397 0.077394 0.12561 0.065154 0.091288 0.019837 0.039614 0.15605 0.12409 0.26727 -0.017607 0.1884 0.048429 0.12013 -0.0044276 0.0025555 0.12654 0.11868 0.12667 0.25595 0.032367 -0.10589 0.097113 0.35685 0.10345 -0.093841 0.001829 0.29543 0.46908 0.18347 0.41435 0.13615 0.1632 0.083599 0.18038 0.19615 0.5598 0.27528 -0.086397 0.032193 0 0.4822 0.21386 0.28593 0.023207 0.18867 0.02708 0.12711 0.028045 -0.010286 0.11092 0.12025 0.12654 0.2336 0.052378 -0.068012 0.1077 0.34679 0.18176 -0.08236 0.091552 0.26933 0.43137 0.2306 0.40694 0.18687 0.16843 0.093353 0.20226 0.17973 0.53755 0.34766 -0.05426 -0.0096786 0.62909 0.44536
0.232 0.27439 0.17969 0.3501 0.14215 0.080758 0.032282 0.086671 0.16994 0.23242 0.26326 0.19089 0.3201 0.11609 0.082988 0.038007 0.060762 0.17694 0.10326 0.54605 -0.025723 0.2279 0.10033 0.14717 -0.076972 0.11255 -0.027333 0.10425 0.3314 0.26081 -0.0664 -0.21745 0.050596 0.48355 0.36237 -0.11419 0.20028 0.33495 0.59221 0.33752 0.63801 0.069365 0.18207 0.26773 0.31535 0.38747 0.32418 0.58485 -0.14773 0.02391 0.4822 0 0.16023 0.52773 -0.0032337 0.21951 0.051037 0.099178 -0.044942 0.070139 0.0083517 0.11175 0.31112 0.23321 -0.046905 -0.17745 0.055328 0.45643 0.46825 -0.10491 0.31722 0.32829 0.5216 0.38435 0.60845 0.15839 0.20372 0.24361 0.30587 0.33241 0.29461 0.62457 -0.14992 -0.027782 0.3815 0.75729
-0.0065674 -0.11608 -0.016293 -0.018159 -0.0078953 0.047331 0.099447 -0.015606 -0.027844 -0.11389 -0.12873 -0.013582 0.0044493 -0.017282 0.046062 0.10081 -0.0074252 -0.0049074 0.63402 0.030027 0.061564 0.081392 0.019831 0.27593 0.088725 0.15826 -0.10404 0.15965 0.083407 0.092782 -0.0078395 0.26759 0.044098 0.019848 0.25047 -0.02609 0.26435 -0.0036076 0.030654 -0.063186 0.1154 -0.00078173 -0.062836 0.0053481 0.045182 0.072238 0.58468 0.16858 0.041332 0.093673 0.21386 0.16023 0 0.037005 0.17799 0.082959 0.036149 0.28645 0.20032 0.23637 -0.095765 0.11437 0.12294 0.090644 0.0072488 0.44511 0.05121 0.032489 0.37663 0.17618 0.46401 -0.038806 0.076685 -0.03448 0.14899 0.070295 -0.0077185 0.070973 0.26572 0.06078 0.70156 0.15862 0.077514 0.16728 0.19084 0.14635
