0,0.313989996910095,0.238543778657913,0.260087370872498,0.0774918496608734,-0.00377698591910303,-0.0916711390018463,0.0496213026344776,0.196991145610809,0.676028728485107,0.396665573120117,0.339252233505249,0.271643757820129,0.100497134029865,0.0120586566627026,-0.0932571887969971,0.0302658677101135,0.252729743719101,-0.132944941520691,0.211643919348717,0.0746483355760574,-0.0226968247443438,0.02643839456141,-0.040778387337923,0.0876264497637749,0.151295766234398,0.0961706042289734,0.024490762501955,0.196348741650581,-0.00388231780380011,-0.146836116909981,-0.0987330973148346,0.0330333709716797,0.128906086087227,0.105589091777802,-0.0544936247169971,0.028089240193367,0.101105496287346,0.071492001414299,0.347082078456879,0.098196841776371,0.201454862952232,0.0772996470332146,0.364142447710037,0.0414475724101067,0.166540399193764,-0.127854138612747,0.373569279909134,-0.111606501042843,-0.051850114017725,0.0566909089684486,0.231831505894661,-0.00658748811110854,0.265596896409988,0.430127829313278,-0.0180876143276691,0.0464870110154152,-0.076425664126873,0.382582187652588,0.249137803912163,0.18407829105854,0.00873606000095606,0.333184123039246,-0.0401744097471237,-0.0294017847627401,0.136036962270737,0.0343094952404499,0.148435547947884,0.405633002519608,0.208417505025864,0.301312953233719,0.116391330957413,0.0760140120983124,0.435011684894562,0.188565760850906,0.323999643325806,0.16551262140274,0.586342811584473,0.384811639785767,0.181462123990059,-0.0869594067335129,0.544550538063049,0.00272575463168323,-0.078557051718235,0.0552474558353424,0.287990361452103
0.313989996910095,0,0.225086525082588,0.258563965559006,0.105834640562534,0.0112670445814729,-0.0780331641435623,0.0700943246483803,0.216784372925758,0.330356240272522,0.480156660079956,0.251638144254684,0.24666003882885,0.0920843631029129,0.000357248791260645,-0.0942026004195213,0.0519725270569324,0.205665275454521,-0.0950232148170471,0.232861995697021,0.0290988720953465,0.0847145393490791,0.0226328372955322,-0.0643040612339973,0.039338830858469,0.0352701768279076,0.123406305909157,0.0777058005332947,0.139551714062691,0.118347331881523,-0.0332285277545452,-0.115700162947178,0.0141376005485654,0.174755424261093,0.107179552316666,-0.0743541195988655,0.0082079004496336,0.211478754878044,0.134578928351402,0.305791765451431,0.131035953760147,0.182303860783577,0.135860368609428,0.193851053714752,0.160510450601578,0.119462668895721,-0.0955605357885361,0.221119418740273,-0.0578404441475868,-0.0458841994404793,0.1575658172369,0.27427414059639,-0.116063810884953,0.236079320311546,0.0583765991032124,0.0831043496727943,0.00967518426477909,-0.0831439420580864,0.0475406087934971,-0.0148024400696158,0.118741378188133,0.0685868859291077,0.124528847634792,0.0797442942857742,-0.025524789467454,-0.10287681221962,-0.0149491205811501,0.105102904140949,0.154360800981522,-0.0308315865695477,0.0688386857509613,0.245146945118904,0.0838825702667236,0.292549788951874,0.108738407492638,0.171965196728706,0.127445116639137,0.167463466525078,0.143603295087814,0.0568839535117149,-0.106477566063404,0.214436545968056,-0.0545530393719673,-0.0672740936279297,0.142363548278809,0.252377420663834
0.238543778657913,0.225086525082588,0,0.387868463993073,0.111779198050499,0.0335205048322678,-0.0242778044193983,0.146493464708328,0.125565573573112,0.263428092002869,0.247670575976372,0.573315382003784,0.373855441808701,0.0608839318156242,0.0280468873679638,-0.0240111947059631,0.119543209671974,0.138155847787857,-0.00833878293633461,0.188586786389351,0.113457456231117,0.00771160796284676,0.00652915565297008,-0.0373547896742821,0.0266710631549358,0.0604064725339413,0.0710538849234581,0.0156225217506289,0.196806952357292,0.0230359919369221,-0.0152960093691945,-0.0673547014594078,-0.0311988480389118,0.0484379529953003,0.237580075860023,0.00040053014527075,0.147349119186401,0.0793206840753555,0.0137378014624119,0.192672714591026,0.0860098525881767,0.0769799202680588,0.158195689320564,0.238970801234245,0.194775104522705,0.0549781918525696,-0.0469061806797981,0.188663527369499,-0.055599644780159,-0.0399329476058483,0.076629102230072,0.179556131362915,-0.0161831770092249,0.170898199081421,0.100616291165352,-0.00919846165925264,0.025263823568821,-0.0627547055482864,0.0144486706703901,0.020518658682704,0.0532804429531097,0.0241772942245007,0.159887820482254,-0.00521354796364903,-0.012653386220336,-0.0738289132714272,-0.0302670951932669,0.0278911180794239,0.196827739477158,-0.0282111894339323,0.138589039444923,0.0894872397184372,0.000701213139109313,0.185063138604164,0.0946487188339233,0.0597197711467743,0.117662198841572,0.162733152508736,0.136563777923584,0.0116625465452671,-0.0508300513029099,0.18257974088192,-0.0700576156377792,-0.0529864020645618,0.0814533904194832,0.17762291431427
0.260087370872498,0.258563965559006,0.387868463993073,0,0.207851007580757,0.015656067058444,-0.00610487768426538,0.117878369987011,0.132130220532417,0.247213587164879,0.266870886087418,0.374155879020691,0.641072750091553,0.123939670622349,0.010456177406013,-0.0115060759708285,0.0946695283055305,0.138133153319359,-0.0402186848223209,0.291563242673874,-0.0370598137378693,0.0461251027882099,0.0129644190892577,-0.00753826508298516,-0.0911585614085197,0.0272058974951506,0.00400611758232117,0.0352355614304543,0.156730353832245,0.0537140071392059,-0.0254138149321079,-0.153123125433922,-0.0151025783270597,0.196091562509537,0.184378117322922,-0.0845674201846123,0.0787583962082863,0.122638009488583,0.185875698924065,0.207053005695343,0.289062768220901,0.0362348556518555,0.123441725969315,0.153298065066338,0.16927732527256,0.116085946559906,0.00623514968901873,0.255696803331375,-0.0848383978009224,-0.0100347008556128,0.13885971903801,0.35017141699791,-0.0180875174701214,0.282306045293808,-0.000326784327626228,0.0457778088748455,0.00967665854841471,-0.0273230914026499,-0.0642666518688202,-0.0110686859115958,0.0153244826942682,0.0428041182458401,0.146596014499664,0.0339743979275227,-0.0266948603093624,-0.141309157013893,0.00911642331629992,0.162473291158676,0.247529938817024,-0.0634408369660378,0.143218904733658,0.13926500082016,0.131505221128464,0.240609347820282,0.270651310682297,0.0659961849451065,0.128724470734596,0.15773007273674,0.156548365950584,0.0950618162751198,-0.0149102816358209,0.297747761011124,-0.0860497578978539,-0.0526475496590137,0.131854578852654,0.350980937480927
0.0774918496608734,0.105834640562534,0.111779198050499,0.207851007580757,0,0.00095467985374853,-0.0140999555587769,0.0236079040914774,0.0512317605316639,0.096628338098526,0.093456394970417,0.116346530616283,0.182413473725319,0.0427714996039867,-0.00528558343648911,-0.0232056546956301,0.0226479768753052,0.0507636219263077,-0.0114160720258951,0.0950179025530815,0.00734500773251057,0.000809742894489318,0.0101938368752599,-0.00498732039704919,-0.0132298972457647,0.0198802091181278,-0.0125100323930383,-0.00103390181902796,0.0790068879723549,0.00510849012061954,-0.0195776168256998,-0.0292290486395359,-0.0111595913767815,0.0118975983932614,0.081743985414505,0.0119316540658474,0.063661590218544,0.04258007183671,0.0630114376544952,0.08757234364748,0.0910604149103165,0.00386836961843073,0.0537624768912792,0.0740619599819183,0.071688286960125,0.0113815609365702,0.0148913320153952,0.107832692563534,-0.0330262295901775,-0.0191995557397604,0.059304166585207,0.142188608646393,-0.00787734985351562,0.1075594201684,-0.0187484174966812,-0.00424081785604358,-0.0127528654411435,-0.0288894902914762,-0.0389138907194138,-0.00653051864355803,-0.0121543649584055,0.00971621088683605,0.0648823380470276,-0.0121821984648705,-0.0243825484067202,-0.0457311645150185,-0.0247062556445599,0.0253074113279581,0.0866348221898079,-0.00248520774766803,0.0634085014462471,0.0472425557672977,0.047832977026701,0.0704634115099907,0.0735509023070335,-0.00973560381680727,0.0272133909165859,0.0377599038183689,0.04110287129879,-0.0128693915903568,-0.00876354239881039,0.0967748388648033,-0.0441405884921551,-0.0203313920646906,0.0360506810247898,0.129747807979584
-0.00377698591910303,0.0112670445814729,0.0335205048322678,0.015656067058444,0.00095467985374853,0,0.165119856595993,0.0242218598723412,0.0813113823533058,0.0492966137826443,0.00429936544969678,0.0254797823727131,0.00736763700842857,-0.0179766248911619,0.423064410686493,0.175913244485855,0.0418076924979687,0.0636002868413925,0.0645125582814217,0.0523040555417538,0.124085083603859,0.0798266902565956,0.124205060303211,0.211147829890251,0.213539972901344,0.122483514249325,0.32847461104393,0.120120123028755,0.0807498320937157,0.10650958865881,0.293508648872375,0.186670586466789,0.262040108442307,0.0689552128314972,-0.0335819758474827,0.016076173633337,-0.0253644715994596,0.0706757307052612,0.080851711332798,0.0925156101584435,0.05177853256464,0.250119835138321,0.235581696033478,-0.018529936671257,0.150560662150383,0.0611114650964737,0.225500211119652,-0.0811795294284821,0.0532606616616249,0.145269647240639,0.112233199179173,0.0810996666550636,0.0473609417676926,0.0326660424470901,-0.00111696263775229,0.059748075902462,0.0886082798242569,0.201510816812515,0.102311514317989,0.0863342508673668,0.273376911878586,0.124546051025391,0.0188884623348713,0.0944746881723404,0.266899853944778,0.117715202271938,0.217768833041191,0.0631342157721519,-0.103982239961624,-0.0582025870680809,-0.0771349221467972,0.0532966777682304,0.0907098278403282,0.0384665429592133,0.0489434860646725,0.198737487196922,0.159123063087463,-0.0833035036921501,0.0693538263440132,0.0307624731212854,0.187280043959618,-0.107583545148373,0.0443327501416206,0.117572471499443,0.0948627665638924,0.0574711598455906
-0.0916711390018463,-0.0780331641435623,-0.0242778044193983,-0.00610487768426538,-0.0140999555587769,0.165119856595993,0,-0.00619384739547968,-0.00567117566242814,-0.0410352610051632,-0.100835524499416,-0.0489442124962807,-0.0250355247408152,-0.0209559258073568,0.169577687978745,0.247538477182388,-0.00796503853052855,-0.0304481815546751,0.143733352422714,-0.0249317809939384,0.0387744791805744,0.0203617140650749,0.0761865675449371,0.184367105364799,0.0646198019385338,0.132793337106705,-0.00175215222407132,0.0704585090279579,0.00311701302416623,0.0369171015918255,0.166631624102592,0.163616582751274,0.0685617551207542,0.0196267850697041,0.0140835838392377,0.0762222483754158,0.0720348432660103,-0.0129290530458093,0.0569573603570461,-0.116708874702454,0.0666969865560532,-0.0429972521960735,0.0110763190314174,-0.139707788825035,0.0571138449013233,0.0240934882313013,0.235238909721375,-0.0665381774306297,0.0529445931315422,0.12850396335125,0.0188734885305166,0.0324204042553902,0.0995116233825684,-0.0453967377543449,-0.0716226920485497,0.00784019380807877,0.0261528193950653,0.160657271742821,-0.0449658595025539,0.0704456344246864,-0.0284542758017778,0.0597674325108528,-0.0268046520650387,0.0292168203741312,0.0901647731661797,0.0746674165129662,0.0548004731535912,0.022108793258667,-0.0652139186859131,-0.0251740887761116,-0.0272115655243397,-0.0327413789927959,0.0637138187885284,-0.132860064506531,0.0696913227438927,-0.0652292147278786,-0.017063332721591,-0.192317351698875,-0.0194219741970301,0.0282757692039013,0.194837406277657,-0.130236461758614,0.0261526443064213,0.104773953557014,0.00776772387325764,-0.000258512794971466
0.0496213026344776,0.0700943246483803,0.146493464708328,0.117878369987011,0.0236079040914774,0.0242218598723412,-0.00619384739547968,0,0.0573055148124695,0.0310955885797739,0.0733090937137604,0.135327249765396,0.11561307311058,0.0186203196644783,0.0362516008317471,0.0104332063347101,0.108098357915878,0.0668967813253403,-0.0323330014944077,0.0932586565613747,-0.0694752335548401,0.0231108367443085,-0.00147702067624778,-0.00730629358440638,-0.0550041757524014,-0.0252411160618067,0.049872137606144,0.0243351943790913,0.0218966118991375,0.0123185412958264,0.0636777803301811,-0.0658221319317818,0.0265937205404043,0.0512901097536087,-0.024819852784276,-0.0888664796948433,-0.0736236125230789,0.0472146086394787,0.0309121888130903,0.0644311010837555,0.0250573456287384,0.0428641512989998,0.122083365917206,-0.00847256183624268,0.00482881953939795,0.00835223030298948,0.0166685041040182,0.00206404202617705,-0.00974515732377768,0.00374703737907112,0.0466862320899963,0.0867238640785217,-0.015567272901535,0.0797102004289627,-0.0469798743724823,0.030829569324851,-0.00411102455109358,0.000453831598861143,-0.0280250031501055,0.000354993593646213,0.0661615282297134,0.0406691916286945,0.0298722516745329,0.0100537007674575,0.0567651018500328,-0.0453832596540451,0.014904348179698,0.0536170899868011,-0.00518701318651438,-0.0952895730733871,-0.0182054303586483,0.0544004514813423,0.0199048742651939,0.0727404356002808,0.0440837778151035,0.0579583719372749,0.101206414401531,0.0128119690343738,0.023114075884223,0.0108295809477568,0.0239450670778751,0.055608194321394,-0.0247509721666574,0.00230276840738952,0.0619706362485886,0.090056523680687
0.196991145610809,0.216784372925758,0.125565573573112,0.132130220532417,0.0512317605316639,0.0813113823533058,-0.00567117566242814,0.0573055148124695,0,0.207705467939377,0.220790013670921,0.118622787296772,0.126989990472794,0.0447062365710735,0.0651284828782082,-0.00861789938062429,0.0497008226811886,0.18186753988266,-0.0417765118181705,0.150784447789192,-0.000387322128517553,0.0544513911008835,0.0195083413273096,0.00539101101458073,0.0228067580610514,0.0086870938539505,0.10874579846859,0.0211867224425077,0.0703140273690224,0.0799305438995361,0.0140704773366451,-0.0536250025033951,0.0599032193422318,0.121512167155743,0.0378233045339584,-0.0537011586129665,-0.0128588685765862,0.146135866641998,0.0945400521159172,0.169979721307755,0.0767134353518486,0.139586493372917,0.116025134921074,0.0912459418177605,0.0724384561181068,0.0521327517926693,0.00788409356027842,0.105650052428246,-0.033428642898798,-0.0172939375042915,0.108928516507149,0.169979974627495,-0.0278101693838835,0.159521952271461,0.0365271829068661,0.0479552522301674,0.0230182856321335,-0.0138608338311315,0.0451302193105221,0.0208756309002638,0.127454578876495,0.0165311899036169,0.0865291431546211,0.0693422704935074,0.0489782467484474,-0.0200388599187136,0.0299014654010534,0.0771660953760147,0.0834224000573158,-0.033664382994175,0.0372344888746738,0.150984331965446,0.0744654163718224,0.168553113937378,0.0756002739071846,0.153313815593719,0.125191256403923,0.0947304740548134,0.108038291335106,0.0196601673960686,0.002810163423419,0.146921798586845,-0.0379794836044312,-0.00462661823257804,0.110413037240505,0.166403785347939
0.676028728485107,0.330356240272522,0.263428092002869,0.247213587164879,0.096628338098526,0.0492966137826443,-0.0410352610051632,0.0310955885797739,0.207705467939377,0,0.301100313663483,0.267108380794525,0.20462504029274,0.0876714065670967,0.0525591485202312,-0.0507734417915344,0.0172672774642706,0.221480056643486,-0.0318027175962925,0.217276751995087,0.267942130565643,-0.00356554333120584,0.0557466745376587,-0.0901308506727219,0.219129651784897,0.235566884279251,0.117949269711971,-0.0626651272177696,0.211034893989563,-0.00273569370619953,-0.0268607549369335,0.0571705959737301,0.0433273129165173,0.186353102326393,0.261687099933624,0.108200944960117,0.21257221698761,0.113013558089733,0.254882842302322,0.295406728982925,0.283815026283264,0.214833751320839,0.0653206929564476,0.451342046260834,0.281912803649902,0.220548450946808,-0.0948401167988777,0.401728212833405,-0.0303577501326799,0.00348630524240434,0.0431793108582497,0.232241436839104,-0.113746672868729,0.1641646027565,0.138348177075386,-0.0117426728829741,0.0330146923661232,-0.109708443284035,0.100857555866241,0.11443055421114,0.0668308585882187,-0.0288474597036839,0.107987880706787,-0.0172405038028955,-0.0424881502985954,-0.000409036845667288,0.0203432682901621,0.130311638116837,0.186751067638397,0.0445792376995087,0.0744215399026871,0.124964363873005,0.145781442523003,0.238355174660683,0.180693224072456,0.120465807616711,0.0356280356645584,0.231376975774765,0.0679232776165009,0.0713361874222755,-0.0788845270872116,0.344451278448105,-0.0544047653675079,-0.057343915104866,0.0581935383379459,0.20439775288105
0.396665573120117,0.480156660079956,0.247670575976372,0.266870886087418,0.093456394970417,0.00429936544969678,-0.100835524499416,0.0733090937137604,0.220790013670921,0.301100313663483,0,0.31127393245697,0.291725695133209,0.102973856031895,-0.00606978684663773,-0.104505822062492,0.0893208757042885,0.238699153065681,-0.170439526438713,0.259629487991333,-0.0261907503008842,0.0708179920911789,0.018715301528573,-0.0800550729036331,0.000206673517823219,-0.0236811153590679,0.135167315602303,0.0583930015563965,0.119387239217758,0.103314720094204,-0.0586964152753353,-0.183069258928299,0.0194916129112244,0.128962010145187,0.0282826963812113,-0.143955558538437,-0.0541528575122356,0.22107307612896,0.0726632550358772,0.314015448093414,0.0826066061854362,0.199071258306503,0.167576059699059,0.178501904010773,0.07881098985672,0.0888718366622925,-0.134365141391754,0.212121725082397,-0.0954185128211975,-0.0636524185538292,0.163836672902107,0.263161867856979,-0.128695696592331,0.287424117326736,0.148854225873947,0.0879185721278191,0.00307052931748331,-0.103524021804333,0.145763143897057,-0.0044657438993454,0.188600689172745,0.0395086631178856,0.183826327323914,0.0663003996014595,-0.0124937761574984,-0.0678806304931641,0.00599087495356798,0.144332766532898,0.232284441590309,-0.00156197755131871,0.14113487303257,0.261142045259476,0.0571665875613689,0.375811547040939,0.126719400286674,0.26296928524971,0.187493041157722,0.290497034788132,0.249767050147057,0.0720216631889343,-0.114898905158043,0.312159329652786,-0.0401161201298237,-0.0921615362167358,0.165832474827766,0.292440205812454
0.339252233505249,0.251638144254684,0.573315382003784,0.374155879020691,0.116346530616283,0.0254797823727131,-0.0489442124962807,0.135327249765396,0.118622787296772,0.267108380794525,0.31127393245697,0,0.402642697095871,0.0818386524915695,0.0298112891614437,-0.0253915879875422,0.144290462136269,0.140234604477882,-0.0559164024889469,0.189447790384293,0.0593918226659298,-0.00692605599761009,-0.00719897774979472,-0.0547407679259777,-0.00311139528639615,0.0401859693229198,0.075238898396492,0.021387217566371,0.186469927430153,0.0148971043527126,-0.0490750335156918,-0.13459375500679,-0.0272540897130966,0.0474017858505249,0.201904430985451,-0.0400879383087158,0.116544455289841,0.0868931263685226,0.0296731553971767,0.210516184568405,0.081044889986515,0.0686104372143745,0.159958854317665,0.223957553505898,0.115642689168453,0.0731551721692085,-0.0676776915788651,0.191799700260162,-0.0902648791670799,-0.059275072067976,0.077439621090889,0.190870329737663,-0.0135317547246814,0.231648325920105,0.175735488533974,-0.031669408082962,0.0137361716479063,-0.0743781328201294,0.0799839943647385,0.0521515980362892,0.0814387872815132,0.00171418231911957,0.232506066560745,-0.015265685506165,-0.00905926432460546,-0.0522006899118423,0.00539147155359387,0.0582896582782269,0.282532334327698,0.0461799502372742,0.225948214530945,0.0939640030264854,-0.015774168074131,0.25256609916687,0.0947510823607445,0.117748707532883,0.17467175424099,0.273954451084137,0.215093821287155,0.0352848246693611,-0.0716302767395973,0.248115926980972,-0.0670740827918053,-0.0548474676907063,0.070297084748745,0.224379524588585
0.271643757820129,0.24666003882885,0.373855441808701,0.641072750091553,0.182413473725319,0.00736763700842857,-0.0250355247408152,0.11561307311058,0.126989990472794,0.20462504029274,0.291725695133209,0.402642697095871,0,0.13978910446167,0.0114415250718594,-0.0116523541510105,0.117188349366188,0.146980613470078,-0.0462726913392544,0.264207303524017,-0.0406550690531731,0.0444206371903419,0.0169652029871941,-0.0140762589871883,-0.0907681882381439,0.0162595976144075,-0.0109318038448691,0.0552362985908985,0.146302610635757,0.048112977296114,-0.0613269954919815,-0.157885953783989,-0.0145952189341187,0.168151557445526,0.157630786299706,-0.0950669720768929,0.0658460333943367,0.120238550007343,0.116367690265179,0.20867720246315,0.230934783816338,0.0195943284779787,0.107429958879948,0.138349175453186,0.133039683103561,0.108159214258194,-0.020208552479744,0.234516680240631,-0.0976456850767136,-0.0327348262071609,0.125643014907837,0.320156097412109,0.00444729859009385,0.285819470882416,0.00761988153681159,0.0358345434069633,0.012051222845912,-0.0177803505212069,-0.0524729639291763,0.0262021590024233,0.00358068430796266,0.0541036576032639,0.174247816205025,0.0289512407034636,-0.0353138074278831,-0.130073621869087,-0.00258882134221494,0.162221565842628,0.269621312618256,-0.0538589991629124,0.169897213578224,0.134858936071396,0.124639764428139,0.242601945996284,0.289341926574707,0.0617021061480045,0.126170471310616,0.172414854168892,0.160594031214714,0.0997140631079674,0.0109120244160295,0.307504653930664,-0.102563470602036,-0.0474417693912983,0.128680720925331,0.374417781829834
0.100497134029865,0.0920843631029129,0.0608839318156242,0.123939670622349,0.0427714996039867,-0.0179766248911619,-0.0209559258073568,0.0186203196644783,0.0447062365710735,0.0876714065670967,0.102973856031895,0.0818386524915695,0.13978910446167,0,-0.011961174197495,-0.0287512075155973,0.00904961116611958,0.0846053287386894,-0.0190742295235395,0.119805164635181,-0.0341345220804214,0.0156545955687761,0.0134344967082143,-0.0230641588568687,-0.0248676352202892,-0.0177860390394926,0.00178503338247538,-0.0146523732692003,0.0316599793732166,0.0134673761203885,-0.0352265313267708,-0.0534216575324535,-0.000872509321197867,0.0570670925080776,0.0272740535438061,-0.040570043027401,-0.00404514698311687,0.0470906049013138,0.0595955327153206,0.0774110481142998,0.0724607035517693,0.0334560535848141,0.0471894592046738,0.0411980152130127,0.0471253134310246,0.0191751625388861,-0.00995781645178795,0.084971010684967,-0.0434049777686596,-0.0078227324411273,0.0651214420795441,0.116077594459057,-0.0173436626791954,0.100425109267235,0.00624418864026666,0.0161407329142094,0.000325970351696014,-0.0210507735610008,-0.00491576548665762,-0.00718323746696115,0.0211750790476799,-0.0132647883147001,0.0266408696770668,0.0166361033916473,-0.0169921219348907,-0.0249254554510117,-0.0153323812410235,0.068108357489109,0.0763320028781891,-0.0293637681752443,0.0515868067741394,0.0614105314016342,0.0612944364547729,0.0784171372652054,0.0848984122276306,0.0446084216237068,0.0657319948077202,0.061534695327282,0.0844280049204826,0.00415558693930507,-0.00707409204915166,0.111567996442318,-0.0255404412746429,-0.025751231238246,0.0558233372867107,0.128360107541084
0.0120586566627026,0.000357248791260645,0.0280468873679638,0.010456177406013,-0.00528558343648911,0.423064410686493,0.169577687978745,0.0362516008317471,0.0651284828782082,0.0525591485202312,-0.00606978684663773,0.0298112891614437,0.0114415250718594,-0.011961174197495,0,0.21052947640419,0.05200370028615,0.0585482455790043,0.039749301970005,0.0489408113062382,0.110681630671024,0.0638081878423691,0.107055075466633,0.210002839565277,0.193848982453346,0.113824300467968,0.3095782995224,0.107840068638325,0.08255535364151,0.085509404540062,0.29650804400444,0.155315354466438,0.259134739637375,0.0710238292813301,-0.0502310283482075,-0.021098118275404,-0.0556238815188408,0.0512113645672798,0.0712456554174423,0.0778457075357437,0.0565695092082024,0.240936875343323,0.238256707787514,-0.0369421057403088,0.140087991952896,0.0610779896378517,0.211390390992165,-0.0963094905018806,0.0392495132982731,0.130831494927406,0.0914966613054276,0.083287201821804,0.0461296066641808,0.0488755591213703,0.0461257994174957,0.0589158721268177,0.105791352689266,0.207413032650948,0.133321180939674,0.126410886645317,0.288090914487839,0.098831906914711,0.0547127462923527,0.0762781724333763,0.260136038064957,0.133315622806549,0.260034441947937,0.0587293803691864,-0.0808472856879234,-0.0566927641630173,-0.067534327507019,0.0444598458707333,0.097955733537674,0.0621474422514439,0.0498864687979221,0.228090286254883,0.185890346765518,-0.0490614622831345,0.102034315466881,0.0551494508981705,0.203504785895348,-0.0879930928349495,0.0318260118365288,0.129397183656693,0.0900435969233513,0.0768830999732018
-0.0932571887969971,-0.0942026004195213,-0.0240111947059631,-0.0115060759708285,-0.0232056546956301,0.175913244485855,0.247538477182388,0.0104332063347101,-0.00861789938062429,-0.0507734417915344,-0.104505822062492,-0.0253915879875422,-0.0116523541510105,-0.0287512075155973,0.21052947640419,0,0.0260337311774492,-0.00833170022815466,0.105720430612564,-0.017833000048995,0.0408035703003407,0.0265956819057465,0.0717046186327934,0.181139573454857,0.0431954711675644,0.119632795453072,-0.00496621057391167,0.034443374723196,0.00577651150524616,0.0434388555586338,0.136538878083229,0.121866285800934,0.0949168130755424,0.0249706283211708,0.000500275695230812,0.0383739620447159,0.0492506437003613,-0.0413555204868317,0.0553995966911316,-0.0957633852958679,0.0765191838145256,-0.0321942865848541,0.0200493913143873,-0.118583761155605,0.0400809533894062,0.0306011755019426,0.20749531686306,-0.0673238784074783,0.0396188795566559,0.110495403409004,0.0198976211249828,0.0381291657686234,0.100769214332104,-0.0247998517006636,-0.0324436277151108,0.0104763060808182,0.0451450534164906,0.186474323272705,-0.0194661021232605,0.113729923963547,-0.027391105890274,0.031287781894207,-0.0025319664273411,0.034450177103281,0.106231339275837,0.0759981945157051,0.0955440551042557,0.0290886033326387,-0.0325849205255508,-0.0190773028880358,0.00605323864147067,-0.0513640008866787,0.0704330205917358,-0.11405710875988,0.0770352631807327,-0.0489465855062008,-0.0163163691759109,-0.144511610269547,-0.0116066290065646,0.0351565517485142,0.216053128242493,-0.0960426032543182,0.0171261541545391,0.129658356308937,0.00907539017498493,0.0316401831805706
0.0302658677101135,0.0519725270569324,0.119543209671974,0.0946695283055305,0.0226479768753052,0.0418076924979687,-0.00796503853052855,0.108098357915878,0.0497008226811886,0.0172672774642706,0.0893208757042885,0.144290462136269,0.117188349366188,0.00904961116611958,0.05200370028615,0.0260337311774492,0,0.0659773126244545,-0.0213193036615849,0.0844508036971092,-0.0568453520536423,0.0287808235734701,0.0130054410547018,9.89362597465515e-05,-0.0269599482417107,-0.0369557365775108,0.0765770301222801,0.0348640494048595,0.0183608531951904,0.0309469848871231,0.0607192851603031,-0.0639931634068489,0.00947296433150768,0.0294638723134995,-0.0217412747442722,-0.0779891237616539,-0.0569034218788147,0.0374085754156113,0.0131264850497246,0.0515864603221416,0.00138556119054556,0.0643720626831055,0.124721050262451,-0.0200612265616655,0.0111646940931678,0.00445774849504232,0.0247202198952436,-0.0280966702848673,-0.0120689580217004,-0.00600089970976114,0.0396577715873718,0.0608523227274418,-0.00740527780726552,0.0807509273290634,-0.0421250462532043,0.0327975191175938,0.00171165843494236,0.0183841250836849,-0.0274889431893826,-0.0174435377120972,0.0619734190404415,0.0317188948392868,0.0189423747360706,0.0215184949338436,0.0435322746634483,-0.0453867092728615,0.0206314250826836,0.0403587929904461,-0.0146062672138214,-0.105148516595364,-0.0245318505913019,0.0466869473457336,0.00402211071923375,0.0634299665689468,0.00607450818642974,0.0644524171948433,0.11711498349905,0.00727290520444512,0.00445683533325791,0.00798282958567142,0.0296733304858208,0.0164859592914581,-0.0187370460480452,-0.00846880860626698,0.0466771423816681,0.0718602314591408
0.252729743719101,0.205665275454521,0.138155847787857,0.138133153319359,0.0507636219263077,0.0636002868413925,-0.0304481815546751,0.0668967813253403,0.18186753988266,0.221480056643486,0.238699153065681,0.140234604477882,0.146980613470078,0.0846053287386894,0.0585482455790043,-0.00833170022815466,0.0659773126244545,0,-0.0512056201696396,0.151908561587334,0.0329484269022942,0.0456774979829788,0.0345193855464458,0.0135176200419664,0.0528054758906364,0.0300854332745075,0.111627966165543,0.0156235499307513,0.0895857661962509,0.0772818252444267,0.0112796723842621,-0.0280989371240139,0.0679915025830269,0.0911108627915382,0.0281712021678686,-0.049477580934763,-0.000722024473361671,0.143362700939178,0.0808473452925682,0.161653235554695,0.0722927823662758,0.149757876992226,0.123250067234039,0.10977628827095,0.0798110365867615,0.0602315254509449,0.0210950914770365,0.133106216788292,-0.0343222469091415,0.0348002389073372,0.156115010380745,0.176947817206383,-0.00488793291151524,0.168512418866158,0.0940407142043114,0.0574307255446911,0.017346104606986,0.00843071006238461,0.0984053462743759,0.0345741100609303,0.135645315051079,0.0270070545375347,0.109100729227066,0.0655760392546654,0.0639050081372261,0.015941996127367,0.051792036741972,0.11541473865509,0.111567668616772,0.0095620583742857,0.0805045366287231,0.157907366752625,0.0738921239972115,0.180768057703972,0.0882918983697891,0.181272476911545,0.131809040904045,0.138908341526985,0.14848005771637,0.0519681833684444,0.0293756108731031,0.165695428848267,-0.00270186457782984,-0.00636821379885077,0.128082752227783,0.202325209975243
-0.132944941520691,-0.0950232148170471,-0.00833878293633461,-0.0402186848223209,-0.0114160720258951,0.0645125582814217,0.143733352422714,-0.0323330014944077,-0.0417765118181705,-0.0318027175962925,-0.170439526438713,-0.0559164024889469,-0.0462726913392544,-0.0190742295235395,0.039749301970005,0.105720430612564,-0.0213193036615849,-0.0512056201696396,0,-0.0422082990407944,0.245207980275154,0.00798325333744287,0.0291712414473295,0.252743005752563,0.215423390269279,0.293891280889511,-0.145526632666588,0.0673489198088646,0.0595483891665936,0.0497150234878063,0.0488660633563995,0.595042049884796,-0.0117141818627715,-0.0460746623575687,0.489804059267044,0.211189940571785,0.551817655563354,-0.0490569025278091,0.0212629418820143,-0.104870982468128,0.121057160198689,-0.0700104385614395,-0.12361703813076,-0.0100358668714762,0.216648653149605,0.0283435173332691,0.692689478397369,0.160561546683311,0.136077120900154,0.152349948883057,0.124281190335751,0.103854544460773,0.634145617485046,-0.0561407059431076,0.0244725048542023,-0.0109175145626068,0.0145931653678417,0.191157475113869,0.016429603099823,0.196740716695786,-0.183275863528252,0.0659665390849113,-0.00407700752839446,0.0380740687251091,-0.0336366631090641,0.365106195211411,0.00859353598207235,-0.0287781972438097,0.202139958739281,0.18499681353569,0.307159006595612,-0.0841574296355247,0.0710168182849884,-0.184923410415649,0.0777213424444199,-0.1382707208395,-0.111018247902393,-0.101997628808022,0.0637107789516449,0.00356417871080339,0.566152572631836,-0.027210732921958,0.0938870087265968,0.158673286437988,0.145125582814217,0.0678954571485519
0.211643919348717,0.232861995697021,0.188586786389351,0.291563242673874,0.0950179025530815,0.0523040555417538,-0.0249317809939384,0.0932586565613747,0.150784447789192,0.217276751995087,0.259629487991333,0.189447790384293,0.264207303524017,0.119805164635181,0.0489408113062382,-0.017833000048995,0.0844508036971092,0.151908561587334,-0.0422082990407944,0,-0.0922189801931381,0.164614573121071,0.0506292432546616,0.0413997434079647,-0.112981908023357,-0.00197509373538196,0.011141624301672,0.0415870770812035,0.222370758652687,0.181076392531395,-0.0680763274431229,-0.275454163551331,0.0306993871927261,0.385704576969147,0.201252177357674,-0.193174734711647,0.0219152551144361,0.258665889501572,0.316552042961121,0.382816284894943,0.405308276414871,0.101500794291496,0.277469038963318,0.243090018630028,0.328539550304413,0.279667437076569,0.072102002799511,0.378016114234924,-0.143751874566078,-0.0327579416334629,0.266888916492462,0.545717000961304,0.0302979648113251,0.560932874679565,-0.0981314703822136,0.175787329673767,0.00327338883653283,0.0203414019197226,-0.11400580406189,0.000263301189988852,0.0578080005943775,0.0550284050405025,0.181898579001427,0.153715208172798,-0.0301343575119972,-0.25386318564415,0.0359489284455776,0.365828901529312,0.270969033241272,-0.245643571019173,0.103987000882626,0.260538876056671,0.271225541830063,0.40713769197464,0.392229169607162,0.157054960727692,0.280319184064865,0.201982766389847,0.258370876312256,0.224533468484879,0.0768009573221207,0.440767049789429,-0.172036066651344,-0.0754023864865303,0.217591881752014,0.538492739200592
0.0746483355760574,0.0290988720953465,0.113457456231117,-0.0370598137378693,0.00734500773251057,0.124085083603859,0.0387744791805744,-0.0694752335548401,-0.000387322128517553,0.267942130565643,-0.0261907503008842,0.0593918226659298,-0.0406550690531731,-0.0341345220804214,0.110681630671024,0.0408035703003407,-0.0568453520536423,0.0329484269022942,0.245207980275154,-0.0922189801931381,0,-0.160439431667328,0.0625978037714958,0.19516097009182,0.684123158454895,0.570464134216309,0.156542405486107,-0.0623626224696636,0.269994258880615,-0.0945588648319244,0.0704675763845444,0.444043695926666,0.151523545384407,-0.105472758412361,0.571872472763062,0.458509802818298,0.545184791088104,-0.135876148939133,-0.0351409949362278,0.096680648624897,0.113274320960045,0.26912447810173,-0.0769739896059036,0.668893218040466,0.334010481834412,0.347005695104599,0.0676573216915131,0.456495881080627,0.0225603934377432,0.000488106132252142,-0.0174850877374411,-0.0256632771342993,0.0620834231376648,-0.105665050446987,0.654896080493927,-0.202664762735367,0.0625207796692848,0.10975481569767,0.486588805913925,0.297814786434174,0.022047434002161,-0.0326754413545132,0.0973401144146919,-0.0943325236439705,0.0234705954790115,0.267872989177704,0.111731164157391,-0.0882992520928383,0.331926226615906,0.359356313943863,0.251939833164215,-0.135690316557884,-0.0144571792334318,-0.0250803213566542,0.0454776026308537,0.116694778203964,-0.137226164340973,0.302232652902603,0.0700363740324974,0.150067389011383,0.0414705649018288,0.132276102900505,0.0606077872216702,0.00725231133401394,-0.00297573488205671,-0.0640813857316971
-0.0226968247443438,0.0847145393490791,0.00771160796284676,0.0461251027882099,0.000809742894489318,0.0798266902565956,0.0203617140650749,0.0231108367443085,0.0544513911008835,-0.00356554333120584,0.0708179920911789,-0.00692605599761009,0.0444206371903419,0.0156545955687761,0.0638081878423691,0.0265956819057465,0.0287808235734701,0.0456774979829788,0.00798325333744287,0.164614573121071,-0.160439431667328,0,0.0112844910472631,0.286497712135315,-0.0186935663223267,-0.166935622692108,0.105897776782513,0.208819955587387,0.0371140614151955,0.913143634796143,0.00388438533991575,-0.194813802838326,0.156300887465477,0.361382663249969,-0.0746074318885803,-0.178987890481949,-0.13016277551651,0.871904969215393,0.296881079673767,0.0594863705337048,0.285536557435989,0.25188073515892,0.0712537467479706,-0.038064070045948,0.0644091889262199,0.660518765449524,0.158087685704231,-0.00400096084922552,-0.0453473739326,0.00805339124053717,0.188238650560379,0.227966323494911,0.0813885182142258,0.161091804504395,-0.249674811959267,0.9715975522995,-0.0105691011995077,0.33891087770462,-0.104192316532135,-0.0980783998966217,0.138343214988708,0.257636100053787,-0.0155817558988929,0.903358519077301,-0.0128732165321708,-0.221429571509361,0.156892970204353,0.332664221525192,-0.106405027210712,-0.244428858160973,-0.136113718152046,0.828403294086456,0.34724286198616,0.0573913715779781,0.311318218708038,0.291748642921448,0.0776596963405609,-0.117308996617794,-0.0189959742128849,0.597336769104004,0.16625902056694,0.0333270132541656,-0.0823038965463638,0.00805608462542295,0.164503559470177,0.204825520515442
0.02643839456141,0.0226328372955322,0.00652915565297008,0.0129644190892577,0.0101938368752599,0.124205060303211,0.0761865675449371,-0.00147702067624778,0.0195083413273096,0.0557466745376587,0.018715301528573,-0.00719897774979472,0.0169652029871941,0.0134344967082143,0.107055075466633,0.0717046186327934,0.0130054410547018,0.0345193855464458,0.0291712414473295,0.0506292432546616,0.0625978037714958,0.0112844910472631,0,0.156149372458458,0.110229521989822,0.135409623384476,0.0511604398488998,0.0272449422627687,0.0872844830155373,0.0379089452326298,0.0893345326185226,0.104287713766098,0.0969988331198692,0.0340077243745327,0.0610372386872768,0.0414343476295471,0.0659793168306351,0.0193715393543243,0.0481349639594555,0.0383946970105171,0.0597910769283772,0.0349102318286896,0.058786429464817,0.0367732755839825,0.070319265127182,0.0819075778126717,0.113199725747108,0.059855442494154,0.0299194436520338,0.102069996297359,0.0485038198530674,0.100454948842525,0.0198287982493639,0.0239323172718287,0.0309604071080685,0.000524837465491146,0.0526706241071224,0.125575825572014,0.0644433572888374,0.110109254717827,0.0494694635272026,0.0122677162289619,0.0563474260270596,0.0320708639919758,0.0798256993293762,0.065065361559391,0.0765946060419083,0.00503018451854587,0.0540143996477127,0.0145345246419311,0.0395977832376957,0.00717149721458554,0.0358940623700619,0.0266951993107796,0.046397190541029,0.0495603457093239,0.0304256845265627,-0.00618568807840347,0.0440972372889519,0.0641501322388649,0.0766903534531593,0.0323181934654713,0.015424981713295,0.0496623516082764,0.0244268458336592,0.0850052163004875
-0.040778387337923,-0.0643040612339973,-0.0373547896742821,-0.00753826508298516,-0.00498732039704919,0.211147829890251,0.184367105364799,-0.00730629358440638,0.00539101101458073,-0.0901308506727219,-0.0800550729036331,-0.0547407679259777,-0.0140762589871883,-0.0230641588568687,0.210002839565277,0.181139573454857,9.89362597465515e-05,0.0135176200419664,0.252743005752563,0.0413997434079647,0.19516097009182,0.286497712135315,0.156149372458458,0,0.321764677762985,0.339582949876785,0.0668588653206825,0.517325401306152,0.102197460830212,0.483482420444489,0.169616803526878,0.182840451598167,0.325167506933212,0.0745788663625717,0.127762123942375,0.0467197485268116,0.115996837615967,0.2515549659729,0.0869331657886505,-0.0581769794225693,0.140702873468399,0.0763549208641052,0.052977092564106,-0.0272814035415649,0.0724268183112144,0.471214443445206,0.354558020830154,0.0146725187078118,0.0503261908888817,0.144322425127029,0.120317384600639,0.147478058934212,0.276125192642212,0.0475470647215843,0.057401143014431,0.251941651105881,0.119215108454227,0.805378675460815,0.171592101454735,0.360673189163208,0.0665439516305923,0.474634528160095,0.0850954204797745,0.476289212703705,0.153671056032181,0.172050669789314,0.33741158246994,0.0837633982300758,0.108405508100986,-0.0198652446269989,0.159712612628937,0.180811494588852,0.133830294013023,-0.0453573316335678,0.159669980406761,0.124513253569603,0.05290487408638,-0.0604320652782917,0.0547420606017113,0.452224761247635,0.291381180286407,-0.0186459608376026,0.0332490615546703,0.134591743350029,0.09865952283144,0.110354617238045
