0 0.38054 0.28742 0.29529 0.082331 0.0070034 -0.096387 0.07684 0.23046 0.75164 0.46365 0.38141 0.31345 0.11332 0.0020794 -0.093884 0.059919 0.28593 -0.17856 0.24556 0.071806 0.043676 0.023294 -0.086881 0.071808 0.13096 0.13113 -0.029688 0.21744 0.0347 -0.12242 -0.096679 0.016223 0.11161 0.091644 -0.035342 0.025747 0.17122 0.025537 0.37261 0.053136 0.22906 0.13703 0.34974 0.075627 0.11327 -0.16689 0.3192 -0.081518 -0.060142 0.063234 0.22706 -0.084493 0.28776 0.36222 0.032063 0.036832 -0.1184 0.3126 0.19486 0.21304 -0.009132 0.32424 -0.0056763 -0.011597 0.10363 0.020709 0.12372 0.34427 0.18559 0.26929 0.1781 0.037029 0.44611 0.14039 0.31544 0.20399 0.552 0.36563 0.12964 -0.146 0.48566 -0.0069679 -0.07807 0.067435 0.27645
0.38054 0 0.28538 0.31629 0.12947 0.0026545 -0.096776 0.088362 0.24976 0.39263 0.55513 0.3102 0.30177 0.11685 -0.016758 -0.11762 0.073844 0.24351 -0.14605 0.30035 0.054338 0.10972 0.024306 -0.092113 0.056099 0.038332 0.15309 0.066524 0.17653 0.13059 -0.031834 -0.11511 0.0016453 0.14924 0.12662 -0.05589 0.013067 0.2611 0.086317 0.3747 0.081358 0.20872 0.19698 0.24642 0.18722 0.09772 -0.1319 0.24185 -0.053438 -0.070126 0.20105 0.29477 -0.15449 0.29577 0.05975 0.099822 0.018463 -0.11679 0.059256 -0.028397 0.14244 0.068534 0.14917 0.08405 -0.015606 -0.11179 -0.027232 0.080448 0.16699 -0.02391 0.086317 0.28888 0.034772 0.34697 0.06398 0.18863 0.18456 0.20656 0.17139 0.030994 -0.15829 0.22555 -0.039987 -0.087907 0.18232 0.28403
0.28742 0.28538 0 0.42013 0.10579 0.042212 -0.027232 0.15952 0.15657 0.31431 0.30679 0.61307 0.41528 0.074452 0.027364 -0.036218 0.13683 0.16296 -0.058321 0.23423 0.10212 0.038802 0.0084891 -0.064965 0.025197 0.039719 0.097883 -0.0014928 0.21348 0.049511 0.005052 -0.075181 -0.037119 0.047433 0.21253 -0.0068287 0.11882 0.12688 -0.021624 0.23465 0.062463 0.10864 0.21264 0.24904 0.21118 0.030803 -0.072922 0.17421 -0.055404 -0.054823 0.11249 0.19523 -0.045682 0.20465 0.08395 0.018746 0.038128 -0.076041 0.012825 0.0081957 0.075823 0.024594 0.17058 0.013925 0.011397 -0.080797 -0.023526 0.029907 0.19244 -0.025833 0.13238 0.13349 -0.039427 0.22563 0.077322 0.079296 0.15699 0.161 0.15134 -0.005741 -0.077539 0.17147 -0.066246 -0.058317 0.109 0.19344
0.29529 0.31629 0.42013 0 0.20516 0.020055 -0.011929 0.13037 0.15781 0.27573 0.3212 0.39653 0.68114 0.14424 0.0088477 -0.023033 0.11848 0.16538 -0.078771 0.34259 -0.038779 0.081353 0.013267 -0.022296 -0.10176 0.015318 0.014405 0.014537 0.17727 0.079149 -0.023619 -0.1739 -0.01869 0.20792 0.18802 -0.10223 0.050177 0.16163 0.17222 0.25049 0.28473 0.064965 0.17617 0.17421 0.20369 0.11677 -0.019443 0.27537 -0.075771 -0.02613 0.1679 0.37968 -0.050634 0.33016 0.00075341 0.076612 0.0085844 -0.047482 -0.064382 -0.026975 0.030475 0.037146 0.16354 0.053028 -0.021141 -0.15497 0.00084317 0.16697 0.25377 -0.07021 0.1443 0.17252 0.10181 0.28373 0.26377 0.092204 0.17256 0.17979 0.19195 0.08929 -0.046072 0.30739 -0.075125 -0.062398 0.15945 0.38015
0.082331 0.12947 0.10579 0.20516 0 0.0078028 -0.01726 0.021055 0.062268 0.097428 0.11669 0.1156 0.17804 0.049021 0.0034208 -0.026172 0.03076 0.061159 -0.028234 0.10958 -0.0045076 0.023348 0.015343 -0.015331 -0.020709 0.0074809 -0.0048546 -0.014914 0.08421 0.025711 -0.020546 -0.04278 -0.0058536 0.027577 0.070148 0.0035606 0.044628 0.068605 0.070102 0.10421 0.092558 0.013926 0.064803 0.074781 0.070921 0.010491 0.004045 0.11469 -0.03311 -0.019585 0.079596 0.15207 -0.023474 0.12179 -0.029144 0.016689 -0.019569 -0.035442 -0.041753 -0.019814 -0.0026168 -0.0024722 0.065117 0.0094594 -0.022094 -0.055353 -0.024141 0.032925 0.076091 -0.013919 0.055023 0.069967 0.058414 0.086494 0.076358 -0.0029285 0.038944 0.04195 0.043862 -0.0098987 -0.019527 0.10231 -0.045608 -0.024748 0.05825 0.14253
0.0070034 0.0026545 0.042212 0.020055 0.0078028 0 0.17517 0.02351 0.08963 0.053617 -0.0031569 0.02926 0.013594 -0.021799 0.45984 0.19079 0.046622 0.069746 0.086328 0.054665 0.13507 0.084946 0.14637 0.23263 0.24207 0.12387 0.33563 0.15936 0.088824 0.12435 0.30694 0.20643 0.27493 0.080776 -0.019484 0.01092 -0.014155 0.082979 0.096009 0.10871 0.062351 0.25602 0.23517 0.010571 0.15445 0.093025 0.22379 -0.055978 0.044652 0.15927 0.11292 0.094338 0.058679 0.045494 0.021818 0.068776 0.097691 0.22937 0.14422 0.11098 0.29016 0.15996 0.041953 0.11635 0.28318 0.13871 0.23506 0.065324 -0.075771 -0.032596 -0.052966 0.062499 0.1096 0.059492 0.065027 0.22128 0.16729 -0.048622 0.095898 0.06984 0.19544 -0.072653 0.066914 0.13377 0.10167 0.075678
-0.096387 -0.096776 -0.027232 -0.011929 -0.01726 0.17517 0 -0.012423 -0.0076858 -0.05705 -0.11999 -0.048049 -0.037054 -0.031022 0.18743 0.27864 -0.0048262 -0.039635 0.1587 -0.026306 0.041732 0.0016898 0.085362 0.18545 0.04951 0.13646 -0.018812 0.079662 -0.00098139 0.028664 0.16587 0.16391 0.068996 0.026422 0.027212 0.06059 0.0684 -0.031804 0.064848 -0.12181 0.089569 -0.057099 -0.010781 -0.13788 0.05501 0.038144 0.23755 -0.050241 0.033572 0.14116 0.0048953 0.036751 0.11805 -0.046247 -0.061192 -0.0052921 0.03636 0.17345 -0.041718 0.098377 -0.044266 0.06497 -0.028975 0.024636 0.092598 0.086585 0.05296 0.034198 -0.042406 -0.020031 -0.012639 -0.048223 0.080676 -0.13266 0.092179 -0.071141 -0.024316 -0.18322 -0.012509 0.047057 0.20494 -0.10383 0.032585 0.11994 -0.0072741 0.010367
0.07684 0.088362 0.15952 0.13037 0.021055 0.02351 -0.012423 0 0.064318 0.060417 0.093015 0.14956 0.1279 0.020355 0.031365 0.0044067 0.12299 0.072829 -0.044852 0.11061 -0.055329 0.036025 0.0031952 -0.014699 -0.044096 -0.021647 0.06439 0.021048 0.032222 0.026033 0.066583 -0.062386 0.016304 0.059983 -0.022496 -0.0816 -0.07418 0.063218 0.020473 0.08112 0.019563 0.052646 0.13014 0.009194 0.017681 0.010469 0.0043121 0.0067071 -0.0068226 -0.0049181 0.061163 0.090314 -0.027954 0.094675 -0.037407 0.037909 -0.0048766 -0.008072 -0.01872 -0.0035267 0.077437 0.039444 0.038924 0.014696 0.064738 -0.046492 0.0094086 0.053313 0.0049861 -0.079609 -0.012718 0.067103 0.012562 0.087021 0.036662 0.064645 0.11935 0.026675 0.037334 0.0084007 0.0070021 0.057478 -0.011198 -0.0099173 0.066409 0.09932
0.23046 0.24976 0.15657 0.15781 0.062268 0.08963 -0.0076858 0.064318 0 0.24549 0.26115 0.14169 0.15309 0.062123 0.076046 -0.024162 0.05279 0.21377 -0.053185 0.18358 0.013759 0.085586 0.02587 0.0039822 0.029725 0.0002599 0.13696 0.028546 0.093901 0.11176 0.021572 -0.05264 0.06534 0.10794 0.042182 -0.050873 -0.0079723 0.19187 0.084281 0.21241 0.060368 0.1592 0.14991 0.11816 0.086017 0.04443 -5.9895e-05 0.11823 -0.034982 -0.028395 0.14262 0.1961 -0.0388 0.18513 0.044074 0.073494 0.03413 -0.016241 0.054993 0.0082515 0.15185 0.02594 0.10931 0.094276 0.060303 -0.02192 0.034462 0.068453 0.096502 -0.023183 0.052359 0.1956 0.070391 0.19705 0.062604 0.17247 0.15751 0.12309 0.12829 0.012026 -0.0079732 0.15321 -0.032183 -0.007098 0.14102 0.19553
0.75164 0.39263 0.31431 0.27573 0.097428 0.053617 -0.05705 0.060417 0.24549 0 0.37606 0.31524 0.24487 0.10526 0.033888 -0.067734 0.047376 0.25194 -0.10316 0.24801 0.24274 0.053459 0.045483 -0.14566 0.20309 0.18786 0.16411 -0.097416 0.22203 0.024052 -0.0059391 0.030864 0.027605 0.17935 0.22158 0.10762 0.19481 0.17833 0.20115 0.33782 0.22496 0.24997 0.1286 0.45047 0.2842 0.17039 -0.13987 0.35306 -0.014604 -0.013345 0.061546 0.21291 -0.17226 0.19082 0.1115 0.032625 0.019119 -0.15129 0.082868 0.080123 0.10836 -0.04835 0.11168 0.0031581 -0.012942 -0.012089 0.0084049 0.10661 0.14074 0.051003 0.072461 0.18404 0.090622 0.27602 0.12552 0.14502 0.092318 0.23342 0.10154 0.025279 -0.13588 0.30311 -0.042455 -0.058376 0.068549 0.19022
0.46365 0.55513 0.30679 0.3212 0.11669 -0.0031569 -0.11999 0.093015 0.26115 0.37606 0 0.36821 0.3538 0.13087 -0.016986 -0.13034 0.10893 0.28404 -0.21812 0.33017 0.0030441 0.10006 0.014245 -0.098312 0.014082 -0.023969 0.16201 0.043195 0.15865 0.11881 -0.054135 -0.18743 0.0097977 0.1082 0.051955 -0.13066 -0.05563 0.26697 0.032477 0.38334 0.045243 0.22412 0.22293 0.22726 0.10631 0.066709 -0.17069 0.24782 -0.091724 -0.091786 0.20335 0.29422 -0.17261 0.34874 0.16066 0.10484 0.012387 -0.12873 0.14718 -0.020736 0.2155 0.042342 0.21454 0.079636 -0.0041953 -0.083725 -0.0057444 0.1106 0.24943 0.003753 0.1625 0.3031 0.014918 0.43437 0.08878 0.27448 0.2376 0.32987 0.27239 0.047663 -0.1656 0.3215 -0.035912 -0.11714 0.20634 0.32699
0.38141 0.3102 0.61307 0.39653 0.1156 0.02926 -0.048049 0.14956 0.14169 0.31524 0.36821 0 0.42717 0.093771 0.028578 -0.030812 0.16179 0.15844 -0.10443 0.23953 0.056418 0.017972 -0.0063277 -0.076666 -0.0065731 0.02165 0.10839 0.004996 0.20947 0.040089 -0.028206 -0.13827 -0.033686 0.037413 0.18277 -0.040923 0.095892 0.13253 -0.018681 0.25875 0.050498 0.10285 0.21589 0.2297 0.13886 0.044197 -0.09294 0.18178 -0.08431 -0.068962 0.10559 0.20094 -0.049435 0.27087 0.16341 -0.0077822 0.021493 -0.08707 0.077121 0.036442 0.10754 0.011199 0.25161 -7.5288e-05 0.016523 -0.060281 -0.0085366 0.043061 0.26935 0.049133 0.21396 0.13717 -0.070059 0.29491 0.06349 0.13655 0.22117 0.26697 0.22685 0.012183 -0.10284 0.23092 -0.061911 -0.063766 0.089915 0.23686
0.31345 0.30177 0.41528 0.68114 0.17804 0.013594 -0.037054 0.1279 0.15309 0.24487 0.3538 0.42717 0 0.15803 0.017075 -0.021136 0.14136 0.17606 -0.082833 0.32531 -0.038675 0.08089 0.018609 -0.034918 -0.1088 0.007392 -0.0015757 0.026343 0.17432 0.079714 -0.058984 -0.17857 -0.0186 0.18393 0.17418 -0.11296 0.048038 0.17104 0.10587 0.25273 0.23865 0.044232 0.1619 0.16301 0.17514 0.10144 -0.036206 0.26443 -0.086384 -0.046578 0.16779 0.35539 -0.022788 0.33794 0.011275 0.067567 0.018074 -0.035477 -0.065523 0.010642 0.01072 0.043444 0.20102 0.054059 -0.036413 -0.14863 -0.013857 0.17016 0.28613 -0.054359 0.18631 0.1784 0.096197 0.28512 0.29001 0.083815 0.17022 0.19588 0.20522 0.08783 -0.018136 0.3248 -0.095871 -0.05767 0.16276 0.41725
0.11332 0.11685 0.074452 0.14424 0.049021 -0.021799 -0.031022 0.020355 0.062123 0.10526 0.13087 0.093771 0.15803 0 -0.0089246 -0.031647 0.017656 0.10615 -0.036062 0.13651 -0.035723 0.033092 0.016928 -0.027365 -0.029629 -0.025688 0.019275 -0.017374 0.042161 0.028744 -0.028622 -0.058314 -0.0044914 0.056976 0.02939 -0.045696 -0.010778 0.070649 0.063153 0.099873 0.068447 0.046304 0.066405 0.043976 0.055189 0.0136 -0.014597 0.092365 -0.0445 -0.014165 0.087147 0.12878 -0.030811 0.11673 -0.0030008 0.033371 0.0058981 -0.025035 -0.010134 -0.01894 0.033827 -0.010488 0.034775 0.030725 -0.022407 -0.041485 -0.0038204 0.067925 0.067201 -0.033294 0.047783 0.085089 0.065957 0.096913 0.078564 0.056955 0.083507 0.06434 0.086435 0.00080312 -0.021656 0.11107 -0.022031 -0.028642 0.074267 0.14491
0.0020794 -0.016758 0.027364 0.0088477 0.0034208 0.45984 0.18743 0.031365 0.076046 0.033888 -0.016986 0.028578 0.017075 -0.0089246 0 0.23503 0.047691 0.062453 0.072332 0.053802 0.11651 0.075157 0.12772 0.24143 0.21198 0.11056 0.30944 0.14934 0.087198 0.11138 0.31476 0.17099 0.27838 0.087011 -0.024116 -0.021051 -0.033366 0.065934 0.089444 0.083099 0.070223 0.23592 0.23363 -0.024747 0.14501 0.094495 0.2238 -0.069847 0.037596 0.14464 0.091511 0.10041 0.063554 0.057115 0.054697 0.069304 0.1198 0.24812 0.15547 0.14862 0.29513 0.14236 0.073544 0.10732 0.26906 0.14933 0.29212 0.075374 -0.04522 -0.042879 -0.035752 0.056127 0.13399 0.072703 0.077944 0.2345 0.18442 -0.037482 0.11982 0.096769 0.22247 -0.049754 0.052348 0.15563 0.096925 0.097374
-0.093884 -0.11762 -0.036218 -0.023033 -0.026172 0.19079 0.27864 0.0044067 -0.024162 -0.067734 -0.13034 -0.030812 -0.021136 -0.031647 0.23503 0 0.023316 -0.012778 0.12711 -0.025016 0.038822 -0.0016448 0.081548 0.18811 0.033043 0.12765 -0.023333 0.043497 0.0032278 0.022566 0.13883 0.12268 0.096379 0.03185 0.012736 0.026733 0.045691 -0.071312 0.056688 -0.10817 0.092053 -0.047045 -0.0046439 -0.11645 0.039501 0.041419 0.2095 -0.049799 0.033346 0.11417 -0.00041575 0.035871 0.12212 -0.022876 -0.017098 -0.0078722 0.052901 0.20115 -0.012809 0.14812 -0.043699 0.033526 -0.0084596 0.017186 0.10651 0.091752 0.10702 0.041744 -0.0058126 -0.0088676 0.028547 -0.084159 0.08552 -0.11995 0.10458 -0.051404 -0.032512 -0.13813 0.003534 0.054729 0.22567 -0.059627 0.025362 0.14981 -0.0043391 0.032014
0.059919 0.073844 0.13683 0.11848 0.03076 0.046622 -0.0048262 0.12299 0.05279 0.047376 0.10893 0.16179 0.14136 0.017656 0.047691 0.023316 0 0.073811 -0.03397 0.10256 -0.05011 0.042692 0.012705 -0.0056949 -0.017931 -0.035813 0.088501 0.038019 0.020002 0.042733 0.06122 -0.069784 0.0017973 0.037461 -0.028252 -0.081061 -0.063112 0.054942 0.012523 0.073572 0.003208 0.078308 0.13821 -0.0038336 0.029241 0.013133 0.016174 -0.020674 -0.010034 -0.013879 0.051913 0.072284 -0.022977 0.090834 -0.046662 0.045631 0.0053007 0.013916 -0.023215 -0.01373 0.075379 0.036016 0.027017 0.033525 0.053731 -0.048226 0.019132 0.047485 -0.014997 -0.10223 -0.033631 0.06056 0.0029133 0.081732 0.011657 0.07648 0.1295 0.019334 0.016946 0.013547 0.015813 0.022763 -0.014375 -0.0056232 0.057009 0.082354
0.28593 0.24351 0.16296 0.16538 0.061159 0.069746 -0.039635 0.072829 0.21377 0.25194 0.28404 0.15844 0.17606 0.10615 0.062453 -0.012778 0.073811 0 -0.056719 0.18412 0.042539 0.077428 0.042158 0.0027127 0.057827 0.021175 0.12775 0.016627 0.11107 0.10754 0.022564 -0.022159 0.076083 0.092031 0.041888 -0.043259 0.0047843 0.18522 0.082311 0.20139 0.063263 0.17395 0.15254 0.1215 0.090908 0.048448 0.027049 0.14919 -0.038997 0.025207 0.19971 0.20633 -0.012211 0.19884 0.091671 0.086145 0.023391 -0.00070399 0.097294 0.020699 0.15342 0.034955 0.12016 0.093538 0.066533 0.014077 0.054048 0.10566 0.11936 0.021116 0.094051 0.19882 0.078486 0.21987 0.081438 0.20078 0.16077 0.15626 0.16387 0.045334 0.017188 0.17396 0.014178 -0.007487 0.16275 0.23486
-0.17856 -0.14605 -0.058321 -0.078771 -0.028234 0.086328 0.1587 -0.044852 -0.053185 -0.10316 -0.21812 -0.10443 -0.082833 -0.036062 0.072332 0.12711 -0.03397 -0.056719 0 -0.065599 0.22018 0.0072085 0.040175 0.28019 0.23397 0.28216 -0.13888 0.095227 0.046518 0.058085 0.05139 0.60791 0.022164 -0.042922 0.45359 0.19123 0.52005 -0.073776 0.052335 -0.1285 0.12034 -0.031489 -0.12186 -0.030783 0.17599 0.052916 0.74102 0.14557 0.10883 0.19355 0.16241 0.09684 0.71025 -0.07346 0.057944 -0.0064444 0.025779 0.24816 0.066613 0.21772 -0.1729 0.079093 -0.0033256 0.05125 -0.020215 0.41321 0.054707 -0.0020665 0.20476 0.18005 0.27358 -0.10208 0.11221 -0.18616 0.09317 -0.086656 -0.11156 -0.09663 0.070257 0.037799 0.65113 0.0262 0.078905 0.20279 0.17783 0.075456
0.24556 0.30035 0.23423 0.34259 0.10958 0.054665 -0.026306 0.11061 0.18358 0.24801 0.33017 0.23953 0.32531 0.13651 0.053802 -0.025016 0.10256 0.18412 -0.065599 0 -0.086574 0.19131 0.053392 0.031092 -0.13724 0.0010244 0.017788 0.022753 0.2473 0.19048 -0.068884 -0.27882 0.019605 0.40111 0.22414 -0.20546 0.013995 0.27314 0.2955 0.45465 0.38856 0.12104 0.3271 0.26624 0.37206 0.25909 0.069266 0.42648 -0.14152 -0.038365 0.31944 0.58647 -0.0044606 0.62081 -0.10179 0.19537 0.012867 0.014343 -0.13142 0.00094745 0.069541 0.048309 0.20385 0.1602 -0.044163 -0.24931 0.03028 0.37227 0.28065 -0.21856 0.11519 0.27486 0.24962 0.45853 0.37478 0.16809 0.32675 0.22577 0.29809 0.19573 0.049256 0.4452 -0.16715 -0.087223 0.27547 0.57411
0.071806 0.054338 0.10212 -0.038779 -0.0045076 0.13507 0.041732 -0.055329 0.013759 0.24274 0.0030441 0.056418 -0.038675 -0.035723 0.11651 0.038822 -0.05011 0.042539 0.22018 -0.086574 0 -0.13503 0.074104 0.18549 0.73141 0.54428 0.19408 -0.0091019 0.29914 -0.076038 0.10641 0.47199 0.16873 -0.0849 0.5774 0.4699 0.56888 -0.082388 -0.047182 0.13772 0.11709 0.31138 -0.02272 0.70794 0.39239 0.34136 0.077384 0.40643 0.023863 0.0033236 0.022878 0.00072671 0.077094 -0.077361 0.67607 -0.18308 0.074008 0.11636 0.53758 0.30839 0.075308 0.022578 0.13611 -0.076289 0.070994 0.32942 0.13221 -0.070064 0.38434 0.37163 0.314 -0.084415 -0.01824 0.028953 0.051602 0.17455 -0.090347 0.33897 0.1542 0.17686 0.068962 0.16679 0.10626 0.013617 0.031235 -0.032623
0.043676 0.10972 0.038802 0.081353 0.023348 0.084946 0.0016898 0.036025 0.085586 0.053459 0.10006 0.017972 0.08089 0.033092 0.075157 -0.0016448 0.042692 0.077428 0.0072085 0.19131 -0.13503 0 0.0051358 0.34636 0.061249 -0.14144 0.15739 0.22372 0.050761 0.92954 0.0019447 -0.15987 0.19513 0.31539 -0.085416 -0.18718 -0.15253 0.8948 0.25878 0.11837 0.2214 0.35852 0.10427 0.0035749 0.066761 0.69826 0.11748 0.049557 -0.036413 0.010284 0.20042 0.23797 0.064553 0.20716 -0.20513 0.9786 0.0046799 0.37236 0.016405 -0.049114 0.23458 0.28559 0.020138 0.92133 -0.0024692 -0.17365 0.2018 0.29462 -0.090453 -0.21917 -0.12509 0.86212 0.29055 0.12698 0.25407 0.40191 0.12168 -0.025789 0.026149 0.6157 0.11273 0.078551 -0.084005 0.0048469 0.1697 0.22667
0.023294 0.024306 0.0084891 0.013267 0.015343 0.14637 0.085362 0.0031952 0.02587 0.045483 0.014245 -0.0063277 0.018609 0.016928 0.12772 0.081548 0.012705 0.042158 0.040175 0.053392 0.074104 0.0051358 0 0.17013 0.10702 0.14269 0.066176 0.048992 0.10072 0.035342 0.10574 0.1068 0.11511 0.026219 0.072464 0.039813 0.074008 0.016158 0.046375 0.052441 0.057918 0.043613 0.075764 0.042305 0.077275 0.080536 0.11934 0.064736 0.028921 0.11069 0.057406 0.11297 0.027026 0.029357 0.049883 -0.0024733 0.068881 0.14857 0.084226 0.1294 0.061423 0.036959 0.072587 0.035572 0.096822 0.080564 0.10056 -0.0035374 0.071234 0.026963 0.063072 0.0097213 0.0433 0.033308 0.048487 0.059601 0.050291 0.0031737 0.060569 0.072866 0.088741 0.044428 0.023859 0.059706 0.040467 0.10059
-0.086881 -0.092113 -0.064965 -0.022296 -0.015331 0.23263 0.18545 -0.014699 0.0039822 -0.14566 -0.098312 -0.076666 -0.034918 -0.027365 0.24143 0.18811 -0.0056949 0.0027127 0.28019 0.031092 0.18549 0.34636 0.17013 0 0.28865 0.36384 0.061529 0.60827 0.084774 0.56025 0.16969 0.18767 0.36561 0.075379 0.12042 0.0044711 0.091809 0.29203 0.10334 -0.072949 0.13235 0.096342 0.03348 -0.020514 0.053713 0.54464 0.34967 0.0019956 0.05041 0.16125 0.12496 0.1513 0.29471 0.057827 0.084244 0.32651 0.1224 0.8515 0.23473 0.40356 0.085997 0.57195 0.082847 0.57109 0.15352 0.20926 0.3913 0.098319 0.1423 -0.006424 0.16882 0.23073 0.15337 -0.037641 0.16334 0.17998 0.039512 -0.029151 0.065135 0.55165 0.30521 0.0017481 0.057153 0.15206 0.098017 0.12144
0.071808 0.056099 0.025197 -0.10176 -0.020709 0.24207 0.04951 -0.044096 0.029725 0.20309 0.014082 -0.0065731 -0.1088 -0.029629 0.21198 0.033043 -0.017931 0.057827 0.23397 -0.13724 0.73141 0.061249 0.10702 0.28865 0 0.46454 0.56397 0.13781 0.1859 0.11118 0.33094 0.64018 0.40885 -0.098275 0.24611 0.38383 0.28144 0.055118 -0.09966 0.20276 -0.15132 0.69566 0.13107 0.53253 0.32482 0.27827 0.10425 0.13495 0.17011 0.10036 0.024986 -0.093822 0.099366 -0.14911 0.51486 -0.0092089 0.079214 0.20512 0.7689 0.29148 0.45002 0.1316 0.076354 0.10773 0.29476 0.5643 0.33513 -0.084916 0.12995 0.26922 0.13798 0.035782 -0.065973 0.077246 -0.15457 0.52311 0.061557 0.22755 0.19013 0.12778 0.076751 -0.0072221 0.25984 0.13508 0.035836 -0.11337
0.13096 0.038332 0.039719 0.015318 0.0074809 0.12387 0.13646 -0.021647 0.0002599 0.18786 -0.023969 0.02165 0.007392 -0.025688 0.11056 0.12765 -0.035813 0.021175 0.28216 0.0010244 0.54428 -0.14144 0.14269 0.36384 0.46454 0 -0.044898 0.14507 0.25872 -0.07799 0.074279 0.44216 0.10472 -0.053952 0.45888 0.37729 0.49095 -0.12728 -0.020511 0.019756 0.12439 -0.067796 -0.075319 0.37295 0.19357 0.36717 0.18976 0.4163 0.027705 0.12656 0.0086078 0.11014 0.19153 0.0052148 0.32638 -0.15878 0.10226 0.30601 0.3025 0.60327 -0.14287 0.11853 0.14778 -0.065052 -0.005019 0.32409 0.048052 -0.057174 0.32773 0.27285 0.37727 -0.1448 -0.014741 -0.006483 0.073655 -0.084465 -0.10682 0.12522 0.038429 0.29376 0.15163 0.2469 0.049574 0.097474 0.0086734 0.067222
0.13113 0.15309 0.097883 0.014405 -0.0048546 0.33563 -0.018812 0.06439 0.13696 0.16411 0.16201 0.10839 -0.0015757 0.019275 0.30944 -0.023333 0.088501 0.12775 -0.13888 0.017788 0.19408 0.15739 0.066176 0.061529 0.56397 -0.044898 0 0.060233 0.047534 0.16246 0.50452 0.21382 0.38733 0.081155 -0.21613 -0.054405 -0.23953 0.20637 0.048601 0.42101 -0.13917 0.81219 0.47226 0.13164 0.21917 0.0056018 0.015914 -0.17056 0.13675 0.041178 0.15276 -0.022053 -0.14492 0.013754 0.06786 0.11806 0.050894 0.037651 0.36247 -0.06554 0.78376 0.081956 -0.0011827 0.14611 0.46969 0.19571 0.31058 0.055764 -0.27834 -0.12781 -0.23611 0.22851 0.074307 0.30532 -0.12021 0.71118 0.36211 0.027731 0.17866 -0.075245 0.0073601 -0.16442 0.14103 0.052051 0.12683 -0.028567
-0.029688 0.066524 -0.0014928 0.014537 -0.014914 0.15936 0.079662 0.021048 0.028546 -0.097416 0.043195 0.004996 0.026343 -0.017374 0.14934 0.043497 0.038019 0.016627 0.095227 0.022753 -0.0091019 0.22372 0.048992 0.60827 0.13781 0.14507 0.060233 0 0.066527 0.44335 0.1526 0.07662 0.099677 0.01826 0.017443 0.0046632 0.025698 0.34677 0.0047585 0.018882 0.02257 0.013306 0.099486 -0.081006 0.0011222 0.31527 0.17231 -0.12025 0.037565 0.073536 0.12904 0.10538 0.15338 0.054246 -0.046847 0.22593 0.041119 0.60536 0.090693 0.20174 0.053527 0.96627 0.1032 0.37769 0.11641 0.10551 0.10909 0.027039 0.057343 0.0081859 0.089259 0.333 0.082758 0.0082725 0.072272 0.041659 0.093137 -0.068576 0.011186 0.35729 0.14404 -0.058515 0.037168 0.070388 0.10763 0.10835
0.21744 0.17653 0.21348 0.17727 0.08421 0.088824 -0.00098139 0.032222 0.093901 0.22203 0.15865 0.20947 0.17432 0.042161 0.087198 0.0032278 0.020002 0.11107 0.046518 0.2473 0.29914 0.050761 0.10072 0.084774 0.1859 0.25872 0.047534 0.066527 0 0.058881 0.036689 0.065653 0.060265 0.060137 0.46008 0.30317 0.49662 0.11771 0.0044046 0.30031 0.11328 0.11176 0.23509 0.49564 0.31782 0.19032 0.082376 0.40592 -0.063759 0.045054 0.18132 0.36298 0.071658 0.24316 0.25633 0.036592 0.065765 0.052703 0.16135 0.16087 0.0053014 0.060358 0.44579 0.041937 0.056347 0.058608 0.020197 0.030841 0.42075 0.26467 0.4706 0.10876 0.0065626 0.23298 0.09462 0.093199 0.19889 0.31773 0.24407 0.090555 0.063983 0.31499 -0.0018696 -0.0042227 0.16131 0.36612
0.0347 0.13059 0.049511 0.079149 0.025711 0.12435 0.028664 0.026033 0.11176 0.024052 0.11881 0.040089 0.079714 0.028744 0.11138 0.022566 0.042733 0.10754 0.058085 0.19048 -0.076038 0.92954 0.035342 0.56025 0.11118 -0.07799 0.16246 0.44335 0.058881 0 0.048452 -0.12437 0.27313 0.31102 -0.060959 -0.16833 -0.096618 0.92466 0.28534 0.11623 0.20998 0.32387 0.11865 -0.0082013 0.05216 0.70361 0.17213 0.059599 -0.010589 0.015026 0.26502 0.265 0.080101 0.19923 -0.13418 0.91551 0.016846 0.55329 0.08178 0.037714 0.23657 0.48412 0.051492 0.94699 0.035774 -0.10853 0.28435 0.28879 -0.016924 -0.17898 -0.054969 0.89334 0.32126 0.13647 0.25496 0.38706 0.12922 -0.013482 0.040688 0.64763 0.15209 0.12288 -0.048268 0.0054623 0.2308 0.25299
-0.12242 -0.031834 0.005052 -0.023619 -0.020546 0.30694 0.16587 0.066583 0.021572 -0.0059391 -0.054135 -0.028206 -0.058984 -0.028622 0.31476 0.13883 0.06122 0.022564 0.05139 -0.068884 0.10641 0.0019447 0.10574 0.16969 0.33094 0.074279 0.50452 0.1526 0.036689 0.048452 0 0.37103 0.27092 0.0058278 -0.15063 0.069366 -0.084157 0.020716 0.035252 -0.0091875 -0.059242 0.36873 0.39209 -0.19113 0.2486 -0.07264 0.21467 -0.30323 0.28549 0.18359 0.05101 -0.069216 -0.024367 -0.10527 -0.14491 0.0010733 0.043571 0.17547 0.074949 0.038292 0.37313 0.15881 -0.079535 0.035949 0.57505 0.22315 0.21783 -0.011456 -0.31486 -0.098471 -0.237 0.0091909 0.063211 -0.098557 -0.059221 0.20376 0.23713 -0.33232 0.044538 -0.086495 0.16875 -0.3158 0.24788 0.17408 0.048869 -0.091116
-0.096679 -0.11511 -0.075181 -0.1739 -0.04278 0.20643 0.16391 -0.062386 -0.05264 0.030864 -0.18743 -0.13827 -0.17857 -0.058314 0.17099 0.12268 -0.069784 -0.022159 0.60791 -0.27882 0.47199 -0.15987 0.1068 0.18767 0.64018 0.44216 0.21382 0.07662 0.065653 -0.12437 0.37103 0 0.14784 -0.23193 0.21398 0.56202 0.38938 -0.1787 -0.14249 -0.10161 -0.18076 0.2278 -0.011579 0.036484 0.29859 -0.14967 0.40908 -0.013733 0.29374 0.28408 -0.055383 -0.19882 0.3323 -0.29708 0.23037 -0.19832 0.08327 0.13328 0.35835 0.30317 0.068748 0.050284 -0.033742 -0.10869 0.2254 0.7702 0.092867 -0.21268 -0.03721 0.40315 0.085223 -0.20757 -0.10068 -0.21762 -0.20275 0.0070276 -0.091056 -0.15331 0.094962 -0.16475 0.32057 -0.18162 0.33649 0.30147 -0.030872 -0.20244
0.016223 0.0016453 -0.037119 -0.01869 -0.0058536 0.27493 0.068996 0.016304 0.06534 0.027605 0.0097977 -0.033686 -0.0186 -0.0044914 0.27838 0.096379 0.0017973 0.076083 0.022164 0.019605 0.16873 0.19513 0.11511 0.36561 0.40885 0.10472 0.38733 0.099677 0.060265 0.27313 0.27092 0.14784 0 0.096545 -0.037604 -0.034857 -0.068412 0.17604 0.059684 0.060785 -0.024507 0.44266 0.2027 0.06343 0.11875 0.18439 0.16333 -0.060778 0.04429 0.098425 0.10539 0.055453 0.059306 0.017015 0.12559 0.16232 0.073408 0.32927 0.32211 0.11862 0.3907 0.11093 0.033199 0.27512 0.27617 0.17555 0.47323 0.07973 -0.040272 -0.019672 -0.016289 0.15256 0.053367 0.056335 -0.010682 0.43053 0.16044 0.023525 0.13834 0.13512 0.15836 -0.060389 0.092722 0.11421 0.074785 0.033322
0.11161 0.14924 0.047433 0.20792 0.027577 0.080776 0.026422 0.059983 0.10794 0.17935 0.1082 0.037413 0.18393 0.056976 0.087011 0.03185 0.037461 0.092031 -0.042922 0.40111 -0.0849 0.31539 0.026219 0.075379 -0.098275 -0.053952 0.081155 0.01826 0.060137 0.31102 0.0058278 -0.23193 0.096545 0 0.10876 -0.22344 -0.036462 0.36363 0.56333 0.29209 0.62563 0.21649 0.11179 0.11854 0.34569 0.38615 0.15283 0.3919 -0.071608 -0.015091 0.3407 0.48318 0.019981 0.35783 -0.1066 0.28686 -0.0018702 0.073406 -0.090802 -0.050681 0.10567 0.021088 0.030108 0.28985 -0.017783 -0.22184 0.14131 0.80456 0.14846 -0.22867 0.043503 0.33798 0.4944 0.34997 0.5817 0.2623 0.085099 0.11051 0.26468 0.30246 0.16249 0.43486 -0.1156 -0.044957 0.30944 0.4609
0.091644 0.12662 0.21253 0.18802 0.070148 -0.019484 0.027212 -0.022496 0.042182 0.22158 0.051955 0.18277 0.17418 0.02939 -0.024116 0.012736 -0.028252 0.041888 0.45359 0.22414 0.5774 -0.085416 0.072464 0.12042 0.24611 0.45888 -0.21613 0.017443 0.46008 -0.060959 -0.15063 0.21398 -0.037604 0.10876 0 0.3877 0.84663 -0.014173 0.058049 0.13402 0.36053 -0.066052 -0.080182 0.57182 0.53154 0.25592 0.25684 0.66609 -0.073965 0.017114 0.16836 0.42327 0.2864 0.22293 0.38098 -0.10986 0.033286 0.073673 0.13131 0.22416 -0.28593 0.026893 0.31207 -0.06146 -0.18034 0.071516 -0.043375 0.10463 0.71847 0.3151 0.63542 -0.033394 0.071056 0.057237 0.3103 -0.12497 -0.088934 0.24124 0.276 0.16549 0.21696 0.47578 -0.04192 -0.020829 0.17828 0.38709
-0.035342 -0.05589 -0.0068287 -0.10223 0.0035606 0.01092 0.06059 -0.0816 -0.050873 0.10762 -0.13066 -0.040923 -0.11296 -0.045696 -0.021051 0.026733 -0.081061 -0.043259 0.19123 -0.20546 0.4699 -0.18718 0.039813 0.0044711 0.38383 0.37729 -0.054405 0.0046632 0.30317 -0.16833 0.069366 0.56202 -0.034857 -0.22344 0.3877 0 0.62928 -0.14156 -0.16913 -0.098423 -0.1073 -0.10003 -0.16913 0.2487 0.19404 -0.1039 -0.0071759 0.12638 0.16242 0.069375 -0.060099 -0.10729 0.011827 -0.21955 0.22629 -0.19441 0.059133 -0.022153 0.14394 0.17849 -0.20134 -0.023649 0.14198 -0.16771 -0.022027 0.2677 -0.052957 -0.20735 0.1513 0.58305 0.25412 -0.15381 -0.12904 -0.19541 -0.12915 -0.27709 -0.23301 -0.074196 -0.070261 -0.14331 -0.024768 -0.041468 0.14264 0.072858 -0.051655 -0.10694
0.025747 0.013067 0.11882 0.050177 0.044628 -0.014155 0.0684 -0.07418 -0.0079723 0.19481 -0.05563 0.095892 0.048038 -0.010778 -0.033366 0.045691 -0.063112 0.0047843 0.52005 0.013995 0.56888 -0.15253 0.074008 0.091809 0.28144 0.49095 -0.23953 0.025698 0.49662 -0.096618 -0.084157 0.38938 -0.068412 -0.036462 0.84663 0.62928 0 -0.083789 -0.058481 -0.0095336 0.20383 -0.19891 -0.18489 0.44542 0.36717 0.1381 0.24009 0.52057 0.020151 0.048589 0.057024 0.21617 0.28769 -0.02127 0.34272 -0.16735 0.062414 0.039736 0.054687 0.25647 -0.33563 0.012822 0.30231 -0.10604 -0.14877 0.13629 -0.079094 -0.032704 0.5452 0.51781 0.62418 -0.10517 -0.0096059 -0.11015 0.12942 -0.301 -0.19517 0.10953 0.052441 0.048328 0.178 0.2614 -0.022263 0.020015 0.077551 0.19099
0.17122 0.2611 0.12688 0.16163 0.068605 0.082979 -0.031804 0.063218 0.19187 0.17833 0.26697 0.13253 0.17104 0.070649 0.065934 -0.071312 0.054942 0.18522 -0.073776 0.27314 -0.082388 0.8948 0.016158 0.29203 0.055118 -0.12728 0.20637 0.34677 0.11771 0.92466 0.020716 -0.1787 0.17604 0.36363 -0.014173 -0.14156 -0.083789 0 0.33709 0.24844 0.25616 0.36708 0.16663 0.054171 0.11137 0.57601 0.055512 0.12773 -0.047018 -0.0277 0.32654 0.3452 -0.051241 0.28848 -0.11962 0.85018 0.0052814 0.28457 0.036204 -0.053494 0.26455 0.41727 0.11644 0.88555 0.019911 -0.16932 0.17438 0.33239 0.02451 -0.13136 -0.033435 0.97409 0.36945 0.26272 0.31136 0.39844 0.18908 0.071611 0.096819 0.50868 0.026603 0.22172 -0.060701 -0.056064 0.29618 0.34516
0.025537 0.086317 -0.021624 0.17222 0.070102 0.096009 0.064848 0.020473 0.084281 0.20115 0.032477 -0.018681 0.10587 0.063153 0.089444 0.056688 0.012523 0.082311 0.052335 0.2955 -0.047182 0.25878 0.046375 0.10334 -0.09966 -0.020511 0.048601 0.0047585 0.0044046 0.28534 0.035252 -0.14249 0.059684 0.56333 0.058049 -0.16913 -0.058481 0.33709 0 0.11074 0.88318 0.10467 0.023252 0.0031454 0.30526 0.43101 0.29025 0.43502 -0.0074973 0.051477 0.44626 0.58171 0.076528 0.27593 -0.1406 0.23553 0.0030378 0.11301 -0.11496 -0.02567 0.040427 0.012276 -0.029079 0.26453 -0.0022187 -0.18469 0.091325 0.50354 0.051578 -0.21193 -0.072484 0.30564 0.90398 0.14509 0.79027 0.12327 0.0022065 -0.046959 0.18127 0.34134 0.26675 0.39014 -0.091597 -0.0086435 0.38055 0.48806
0.37261 0.3747 0.23465 0.25049 0.10421 0.10871 -0.12181 0.08112 0.21241 0.33782 0.38334 0.25875 0.25273 0.099873 0.083099 -0.10817 0.073572 0.20139 -0.1285 0.45465 0.13772 0.11837 0.052441 -0.072949 0.20276 0.019756 0.42101 0.018882 0.30031 0.11623 -0.0091875 -0.10161 0.060785 0.29209 0.13402 -0.098423 -0.0095336 0.24844 0.11074 0 0.11875 0.54552 0.39168 0.46683 0.33506 0.17142 -0.049916 0.38811 -0.083655 -0.056608 0.24716 0.37898 -0.12092 0.41744 0.14428 0.10435 0.041423 -0.083292 0.20719 0.024982 0.41926 0.038347 0.26564 0.069915 0.083151 -0.049034 0.032984 0.24695 0.1847 -0.085742 0.11357 0.26048 0.093337 0.7022 0.1266 0.49993 0.35687 0.43744 0.32799 0.066131 -0.061985 0.38773 -0.092105 -0.10627 0.23287 0.39685
0.053136 0.081358 0.062463 0.28473 0.092558 0.062351 0.089569 0.019563 0.060368 0.22496 0.045243 0.050498 0.23865 0.068447 0.070223 0.092053 0.003208 0.063263 0.12034 0.38856 0.11709 0.2214 0.057918 0.13235 -0.15132 0.12439 -0.13917 0.02257 0.11328 0.20998 -0.059242 -0.18076 -0.024507 0.62563 0.36053 -0.1073 0.20383 0.25616 0.88318 0.11875 0 -0.061475 -0.020911 0.12182 0.50394 0.50398 0.29178 0.60847 -0.0547 0.020314 0.38534 0.62823 0.13651 0.36603 -0.028384 0.19263 0.0019398 0.13543 -0.19915 0.044661 -0.14442 0.045915 0.057003 0.20065 -0.10616 -0.22834 0.04312 0.58902 0.33813 -0.17684 0.13296 0.23204 0.81253 0.14763 0.92477 -0.0032896 -0.036361 0.03273 0.33897 0.44155 0.28175 0.52405 -0.13551 -0.03314 0.32669 0.55712
0.22906 0.20872 0.10864 0.064965 0.013926 0.25602 -0.057099 0.052646 0.1592 0.24997 0.22412 0.10285 0.044232 0.046304 0.23592 -0.047045 0.078308 0.17395 -0.031489 0.12104 0.31138 0.35852 0.043613 0.096342 0.69566 -0.067796 0.81219 0.013306 0.11176 0.32387 0.36873 0.2278 0.44266 0.21649 -0.066052 -0.10003 -0.19891 0.36708 0.10467 0.54552 -0.061475 0 0.43264 0.35447 0.31041 0.20664 0.066941 0.061473 0.096805 0.040625 0.17739 0.098466 -0.039502 0.1114 0.20419 0.29919 0.045509 0.067621 0.53656 -0.041611 0.78866 0.085903 0.040269 0.30685 0.37881 0.26727 0.37677 0.17261 -0.12812 -0.12341 -0.15428 0.36337 0.091812 0.45386 -0.043498 0.92837 0.37453 0.24743 0.31173 0.061055 0.057567 0.06387 0.16476 0.059976 0.17025 0.087281
0.13703 0.19698 0.21264 0.17617 0.064803 0.23517 -0.010781 0.13014 0.14991 0.1286 0.22293 0.21589 0.1619 0.066405 0.23363 -0.0046439 0.13821 0.15254 -0.12186 0.3271 -0.02272 0.10427 0.075764 0.03348 0.13107 -0.075319 0.47226 0.099486 0.23509 0.11865 0.39209 -0.011579 0.2027 0.11179 -0.080182 -0.16913 -0.18489 0.16663 0.023252 0.39168 -0.020911 0.43264 0 0.11886 0.36753 -0.0054848 0.061865 -0.024221 0.030066 0.030691 0.19997 0.2203 -0.097261 0.30616 -0.057886 0.095559 0.043306 0.020519 0.052855 -0.051469 0.44083 0.10361 0.18563 0.093991 0.42148 0.037087 0.15099 0.09041 -0.065965 -0.16877 -0.085067 0.16802 0.017448 0.33911 -0.0031291 0.37541 0.61512 0.094511 0.32892 -0.054935 0.058829 0.015649 0.045352 0.035902 0.17824 0.22237
0.34974 0.24642 0.24904 0.17421 0.074781 0.010571 -0.13788 0.009194 0.11816 0.45047 0.22726 0.2297 0.16301 0.043976 -0.024747 -0.11645 -0.0038336 0.1215 -0.030783 0.26624 0.70794 0.0035749 0.042305 -0.020514 0.53253 0.37295 0.13164 -0.081006 0.49564 -0.0082013 -0.19113 0.036484 0.06343 0.11854 0.57182 0.2487 0.44542 0.054171 0.0031454 0.46683 0.12182 0.35447 0.11886 0 0.48879 0.35034 -0.096109 0.63744 -0.11345 -0.0829 0.12353 0.27594 -0.026078 0.25211 0.52459 -0.029052 0.037464 -0.044418 0.43435 0.1877 0.057348 -0.040911 0.32463 -0.026178 -0.12231 0.088134 0.026606 0.11466 0.45984 0.21631 0.33437 0.060372 -0.019582 0.39034 0.08627 0.30001 0.072755 0.6915 0.26916 0.18596 -0.075542 0.45258 -0.093793 -0.13345 0.11264 0.24231
0.075627 0.18722 0.21118 0.20369 0.070921 0.15445 0.05501 0.017681 0.086017 0.2842 0.10631 0.13886 0.17514 0.055189 0.14501 0.039501 0.029241 0.090908 0.17599 0.37206 0.39239 0.066761 0.077275 0.053713 0.32482 0.19357 0.21917 0.0011222 0.31782 0.05216 0.2486 0.29859 0.11875 0.34569 0.53154 0.19404 0.36717 0.11137 0.30526 0.33506 0.50394 0.31041 0.36753 0.48879 0 0.27318 0.17531 0.49041 0.081557 0.054002 0.24174 0.35235 0.060018 0.29865 0.1372 0.016607 0.045787 0.028055 0.033677 0.0883 0.081018 0.014505 0.10558 0.036223 0.12315 0.078724 0.10377 0.32918 0.28165 0.0034082 0.142 0.083092 0.26382 0.21044 0.43093 0.11041 0.21366 0.11041 0.56714 0.15744 0.16869 0.29737 0.086601 0.045487 0.22148 0.31883
0.11327 0.09772 0.030803 0.11677 0.010491 0.093025 0.038144 0.010469 0.04443 0.17039 0.066709 0.044197 0.10144 0.0136 0.094495 0.041419 0.013133 0.048448 0.052916 0.25909 0.34136 0.69826 0.080536 0.54464 0.27827 0.36717 0.0056018 0.31527 0.19032 0.70361 -0.07264 -0.14967 0.18439 0.38615 0.25592 -0.1039 0.1381 0.57601 0.43101 0.17142 0.50398 0.20664 -0.0054848 0.35034 0.27318 0 0.089222 0.51236 -0.054617 0.0055187 0.17907 0.37107 0.071633 0.26303 0.13708 0.66662 0.052549 0.50356 0.17632 0.31913 0.068784 0.28928 0.12291 0.71193 -0.061098 -0.11928 0.18901 0.3597 0.27199 -0.11119 0.16519 0.57174 0.37416 0.20135 0.45891 0.31106 0.0051388 0.19261 0.15664 0.94913 0.059455 0.41906 -0.077108 -0.028881 0.16776 0.32685
-0.16689 -0.1319 -0.072922 -0.019443 0.004045 0.22379 0.23755 0.0043121 -5.9895e-05 -0.13987 -0.17069 -0.09294 -0.036206 -0.014597 0.2238 0.2095 0.016174 0.027049 0.74102 0.069266 0.077384 0.11748 0.11934 0.34967 0.10425 0.18976 0.015914 0.17231 0.082376 0.17213 0.21467 0.40908 0.16333 0.15283 0.25684 -0.0071759 0.24009 0.055512 0.29025 -0.049916 0.29178 0.066941 0.061865 -0.096109 0.17531 0.089222 0 0.13701 0.057843 0.24825 0.58591 0.33538 0.6361 0.070188 -0.021201 0.090761 0.079708 0.33492 -0.0042083 0.12963 -0.026734 0.15152 0.050225 0.16209 0.13742 0.24501 0.17606 0.18803 0.14646 -0.011787 0.13553 0.0059622 0.33207 -0.053505 0.30015 0.054156 0.064716 -0.12277 0.1215 0.10443 0.87622 0.11139 0.040778 0.23642 0.50732 0.30016
0.3192 0.24185 0.17421 0.27537 0.11469 -0.055978 -0.050241 0.0067071 0.11823 0.35306 0.24782 0.18178 0.26443 0.092365 -0.069847 -0.049799 -0.020674 0.14919 0.14557 0.42648 0.40643 0.049557 0.064736 0.0019956 0.13495 0.4163 -0.17056 -0.12025 0.40592 0.059599 -0.30323 -0.013733 -0.060778 0.3919 0.66609 0.12638 0.52057 0.12773 0.43502 0.38811 0.60847 0.061473 -0.024221 0.63744 0.49041 0.51236 0.13701 0 -0.12118 -0.035799 0.33684 0.63235 0.17324 0.42316 0.36886 0.024659 0.021577 -0.038328 0.18506 0.26698 -0.15438 -0.077326 0.32441 0.039894 -0.25761 0.040483 -0.045642 0.3404 0.66041 0.16229 0.52424 0.11716 0.32235 0.37268 0.53063 0.13632 0.00061398 0.49186 0.41637 0.38897 0.12302 0.87496 -0.12148 -0.095907 0.26867 0.58478
-0.081518 -0.053438 -0.055404 -0.075771 -0.03311 0.044652 0.033572 -0.0068226 -0.034982 -0.014604 -0.091724 -0.08431 -0.086384 -0.0445 0.037596 0.033346 -0.010034 -0.038997 0.10883 -0.14152 0.023863 -0.036413 0.028921 0.05041 0.17011 0.027705 0.13675 0.037565 -0.063759 -0.010589 0.28549 0.29374 0.04429 -0.071608 -0.073965 0.16242 0.020151 -0.047018 -0.0074973 -0.083655 -0.0547 0.096805 0.030066 -0.11345 0.081557 -0.054617 0.057843 -0.12118 0 0.086685 -0.073667 -0.13862 0.031662 -0.16489 -0.090117 -0.027112 0.0068593 0.049313 -0.0045588 0.021227 0.066851 0.02911 -0.10447 -0.015447 0.16812 0.18646 0.025236 -0.059764 -0.15776 0.061082 -0.13002 -0.03617 0.012928 -0.14914 -0.064749 -0.014843 -0.013048 -0.2267 -0.03718 -0.04155 0.057772 -0.17646 0.22731 0.088166 -0.040493 -0.15358
-0.060142 -0.070126 -0.054823 -0.02613 -0.019585 0.15927 0.14116 -0.0049181 -0.028395 -0.013345 -0.091786 -0.068962 -0.046578 -0.014165 0.14464 0.11417 -0.013879 0.025207 0.19355 -0.038365 0.0033236 0.010284 0.11069 0.16125 0.10036 0.12656 0.041178 0.073536 0.045054 0.015026 0.18359 0.28408 0.098425 -0.015091 0.017114 0.069375 0.048589 -0.0277 0.051477 -0.056608 0.020314 0.040625 0.030691 -0.0829 0.054002 0.0055187 0.24825 -0.035799 0.086685 0 0.031918 0.02962 0.12973 -0.068556 -0.035802 0.0012612 0.048046 0.13521 0.028481 0.10922 0.029079 0.055291 -0.021132 0.028001 0.14451 0.21791 0.078489 -0.020069 -0.018658 0.03535 -0.00030589 -0.039189 0.03487 -0.0916 -0.0036683 0.016003 0.0035146 -0.11893 0.046823 -0.0031606 0.22294 -0.067042 0.092324 0.19293 0.017696 0.018042
0.063234 0.20105 0.11249 0.1679 0.079596 0.11292 0.0048953 0.061163 0.14262 0.061546 0.20335 0.10559 0.16779 0.087147 0.091511 -0.00041575 0.051913 0.19971 0.16241 0.31944 0.022878 0.20042 0.057406 0.12496 0.024986 0.0086078 0.15276 0.12904 0.18132 0.26502 0.05101 -0.055383 0.10539 0.3407 0.16836 -0.060099 0.057024 0.32654 0.44626 0.24716 0.38534 0.17739 0.19997 0.12353 0.24174 0.17907 0.58591 0.33684 -0.073667 0.031918 0 0.52671 0.23976 0.3402 0.036126 0.19043 0.045877 0.1212 0.054512 -0.013802 0.13124 0.13571 0.18262 0.23644 0.069217 -0.044038 0.11674 0.33588 0.22023 -0.034401 0.14883 0.3064 0.41343 0.28145 0.37979 0.21085 0.21159 0.12532 0.23978 0.16249 0.54313 0.3687 -0.041215 -0.010802 0.69587 0.50169
0.22706 0.29477 0.19523 0.37968 0.15207 0.094338 0.036751 0.090314 0.1961 0.21291 0.29422 0.20094 0.35539 0.12878 0.10041 0.035871 0.072284 0.20633 0.09684 0.58647 0.00072671 0.23797 0.11297 0.1513 -0.093822 0.11014 -0.022053 0.10538 0.36298 0.265 -0.069216 -0.19882 0.055453 0.48318 0.42327 -0.10729 0.21617 0.3452 0.58171 0.37898 0.62823 0.098466 0.2203 0.27594 0.35235 0.37107 0.33538 0.63235 -0.13862 0.02962 0.52671 0 0.15704 0.57437 0.038175 0.22586 0.067382 0.11235 -0.024612 0.077948 0.01498 0.12477 0.35039 0.23542 -0.046709 -0.14626 0.066413 0.44942 0.50919 -0.053226 0.36116 0.33097 0.51283 0.42085 0.60237 0.19226 0.24385 0.28092 0.36712 0.3197 0.28949 0.64874 -0.13652 -0.022247 0.44184 0.7972
-0.084493 -0.15449 -0.045682 -0.050634 -0.023474 0.058679 0.11805 -0.027954 -0.0388 -0.17226 -0.17261 -0.049435 -0.022788 -0.030811 0.063554 0.12212 -0.022977 -0.012211 0.71025 -0.0044606 0.077094 0.064553 0.027026 0.29471 0.099366 0.19153 -0.14492 0.15338 0.071658 0.080101 -0.024367 0.3323 0.059306 0.019981 0.2864 0.011827 0.28769 -0.051241 0.076528 -0.12092 0.13651 -0.039502 -0.097261 -0.026078 0.060018 0.071633 0.6361 0.17324 0.031662 0.12973 0.23976 0.15704 0 0.019191 0.19175 0.074301 0.034089 0.31379 0.17242 0.24665 -0.14334 0.11095 0.10567 0.082213 -0.020059 0.47408 0.068487 0.050098 0.39089 0.18948 0.44492 -0.083052 0.13055 -0.083079 0.17621 0.024687 -0.041295 0.023832 0.25841 0.058606 0.75707 0.1946 0.046432 0.19998 0.23047 0.15091
