0 0.34916 0.27611 0.28956 0.090781 -0.0080722 -0.091808 0.066425 0.21805 0.7373 0.43241 0.36638 0.30842 0.12254 -0.0046837 -0.098923 0.046244 0.27384 -0.15868 0.24399 0.041056 0.015503 0.02242 -0.060689 0.032796 0.12687 0.090858 0.032127 0.18732 0.03519 -0.16198 -0.12481 0.0070216 0.12705 0.083432 -0.078613 0.00030041 0.16174 0.078834 0.36494 0.082732 0.18 0.10071 0.34646 0.018075 0.18284 -0.1779 0.33555 -0.10142 -0.070599 0.044804 0.23956 -0.047786 0.29052 0.40067 0.017472 0.033236 -0.077776 0.34292 0.23711 0.19254 0.011931 0.32154 0.0040517 -0.0352 0.1188 0.020797 0.13843 0.38421 0.18228 0.29591 0.17755 0.082432 0.45508 0.18431 0.30834 0.18152 0.58965 0.38635 0.20683 -0.13528 0.52779 -0.0049216 -0.086494 0.060711 0.29004
0.34916 0 0.26243 0.28757 0.11752 0.010227 -0.08011 0.075558 0.22983 0.36647 0.51626 0.28075 0.27291 0.10738 -0.0076491 -0.099018 0.060796 0.21813 -0.11439 0.28072 0.044044 0.10548 0.020472 -0.051171 0.059275 0.046461 0.146 0.084528 0.1511 0.14475 -0.034624 -0.10985 0.010782 0.17619 0.11299 -0.073754 0.0034827 0.25436 0.13877 0.34817 0.12049 0.19775 0.17316 0.22301 0.16378 0.13359 -0.11241 0.2387 -0.048697 -0.063972 0.18507 0.30088 -0.12511 0.27484 0.059783 0.10367 0.019794 -0.071914 0.061952 -0.001506 0.13562 0.076161 0.13876 0.10281 -0.013099 -0.093033 -0.01721 0.10998 0.16369 -0.039673 0.075244 0.28672 0.086044 0.32875 0.098558 0.18888 0.1641 0.19023 0.16814 0.072947 -0.12558 0.22771 -0.049046 -0.079031 0.16824 0.27864
0.27611 0.26243 0 0.40712 0.10354 0.03615 -0.018301 0.1496 0.15272 0.29513 0.28624 0.59739 0.3962 0.072886 0.028913 -0.037442 0.12313 0.16021 -0.036753 0.20791 0.1112 0.020573 0.01006 -0.040204 0.020508 0.041511 0.081974 0.010728 0.19347 0.044223 -0.0060225 -0.072112 -0.023702 0.052625 0.22127 -0.018084 0.13004 0.11784 0.0097877 0.20462 0.077022 0.090763 0.17922 0.24942 0.1977 0.059196 -0.069755 0.17616 -0.052349 -0.051847 0.080288 0.19288 -0.029041 0.1826 0.10437 0.0044776 0.038022 -0.057319 0.022202 0.023013 0.067295 0.012741 0.16409 0.013778 0.0034534 -0.077781 -0.011269 0.029119 0.19762 -0.024586 0.13849 0.126 -0.013373 0.20519 0.086714 0.079299 0.12656 0.16935 0.15586 0.014382 -0.070383 0.17363 -0.061363 -0.053942 0.087847 0.18145
0.28956 0.28757 0.40712 0 0.19657 0.0099004 -0.0091964 0.10883 0.14728 0.26603 0.29498 0.39068 0.66494 0.1325 0.0038845 -0.020642 0.10096 0.15531 -0.050792 0.30888 -0.036552 0.050561 0.0098447 -0.019672 -0.10045 0.0074032 0.0061866 0.028961 0.14744 0.065854 -0.03632 -0.16594 -0.021139 0.20277 0.17807 -0.10533 0.052537 0.14941 0.20241 0.21934 0.29219 0.038341 0.13495 0.16009 0.16948 0.12305 -0.019006 0.25623 -0.068248 -0.026103 0.14585 0.36483 -0.015986 0.2964 0.019935 0.050688 0.013194 -0.038513 -0.052536 -0.02045 0.020453 0.029847 0.15719 0.046114 -0.029507 -0.13623 0.0041014 0.1626 0.26878 -0.065886 0.15584 0.16611 0.13094 0.25804 0.27543 0.077521 0.13942 0.18265 0.19087 0.098285 -0.036532 0.31469 -0.062151 -0.057398 0.13815 0.36133
0.090781 0.11752 0.10354 0.19657 0 -0.0041632 -0.019723 0.019829 0.056392 0.10008 0.11219 0.1156 0.17174 0.050023 -0.0051105 -0.03174 0.023257 0.063601 -0.017923 0.10951 -0.0032839 0.0092303 0.013649 -0.01449 -0.02408 0.00080944 -0.0075451 -0.012213 0.071266 0.011706 -0.032361 -0.038099 -0.010321 0.028444 0.069666 -0.0013759 0.046867 0.061509 0.081023 0.096778 0.094196 0.011153 0.053724 0.07255 0.063616 0.016461 0.0052329 0.11137 -0.030016 -0.023528 0.070776 0.14929 -0.0093994 0.11685 -0.017097 0.0018174 -0.015393 -0.03527 -0.039618 -0.014211 -0.0060577 -0.0063097 0.065748 0.0007823 -0.024193 -0.049969 -0.019021 0.029891 0.088845 -0.014312 0.063782 0.061113 0.063207 0.083086 0.084473 -0.00031898 0.028386 0.046434 0.049671 -0.0059024 -0.010631 0.10788 -0.042835 -0.024437 0.054064 0.13552
-0.0080722 0.010227 0.03615 0.0099004 -0.0041632 0 0.17074 0.024244 0.086163 0.062854 -0.0048219 0.021981 0.0018294 -0.01749 0.44741 0.173 0.043178 0.070709 0.062009 0.046236 0.13928 0.10624 0.1421 0.22529 0.25087 0.12811 0.34686 0.14148 0.085862 0.13368 0.306 0.21513 0.27604 0.082246 -0.035468 0.015517 -0.023217 0.093871 0.097149 0.1074 0.055536 0.27432 0.23365 0.0039312 0.17902 0.089958 0.21725 -0.064167 0.052588 0.15525 0.11516 0.08256 0.021571 0.030949 -0.0045277 0.086004 0.090075 0.2191 0.13232 0.096383 0.29516 0.14602 0.014329 0.1227 0.28551 0.13484 0.23903 0.072908 -0.11838 -0.054344 -0.09282 0.069355 0.10365 0.042871 0.054807 0.22863 0.16081 -0.088631 0.073178 0.0567 0.18745 -0.098642 0.052081 0.12697 0.10137 0.051619
-0.091808 -0.08011 -0.018301 -0.0091964 -0.019723 0.17074 0 -0.010703 -0.0055206 -0.037357 -0.10713 -0.043433 -0.031337 -0.026793 0.18002 0.25606 -0.0093049 -0.031505 0.15531 -0.032557 0.053521 0.02636 0.079041 0.18183 0.068667 0.13476 -0.00062408 0.072106 0.017528 0.042174 0.16842 0.16835 0.071715 0.02375 0.028734 0.073279 0.074566 -0.014174 0.057753 -0.12336 0.074114 -0.035088 -0.0031165 -0.11973 0.062876 0.036518 0.23509 -0.052416 0.038076 0.13608 0.013647 0.03361 0.090623 -0.050016 -0.067165 0.018336 0.029778 0.16024 -0.036432 0.079739 -0.030355 0.061476 -0.02781 0.037955 0.09286 0.083244 0.058123 0.026733 -0.057195 -0.021728 -0.027228 -0.031597 0.063145 -0.14134 0.072332 -0.057235 -0.023652 -0.1879 -0.026968 0.041041 0.191 -0.116 0.025276 0.11365 -8.6216e-05 -0.0023585
0.066425 0.075558 0.1496 0.10883 0.019829 0.024244 -0.010703 0 0.052398 0.044738 0.078843 0.1331 0.10603 0.013436 0.033836 -0.0019264 0.11335 0.067692 -0.033377 0.091329 -0.056071 0.028432 0.0027387 -0.0057199 -0.037476 -0.018056 0.061733 0.022859 0.027407 0.018761 0.067502 -0.054106 0.023038 0.049636 -0.025977 -0.082337 -0.074956 0.055402 0.023291 0.072934 0.013932 0.051721 0.12121 0.0017409 0.013899 0.012485 0.0050798 0.0019015 -0.0058482 0.0010434 0.050141 0.089376 -0.024049 0.078766 -0.03645 0.030477 -0.0023912 0.00027968 -0.014231 0.0050776 0.074142 0.036177 0.035282 0.0088545 0.066205 -0.037522 0.010029 0.04481 0.0043411 -0.078918 -0.01275 0.060968 0.015086 0.082336 0.031602 0.061796 0.10502 0.024514 0.037017 0.012238 0.0095996 0.056435 -0.012809 -0.00091041 0.057168 0.091594
0.21805 0.22983 0.15272 0.14728 0.056392 0.086163 -0.0055206 0.052398 0 0.23274 0.2408 0.13749 0.14229 0.056032 0.075813 -0.025086 0.049082 0.20489 -0.048218 0.17262 0.0058553 0.081793 0.018785 0.011482 0.030142 0.0090622 0.13453 0.03053 0.082689 0.11477 0.022128 -0.054053 0.066231 0.12079 0.037615 -0.065579 -0.015737 0.19331 0.0976 0.19825 0.074138 0.15632 0.14419 0.10557 0.07743 0.060869 -0.0028656 0.11612 -0.029926 -0.024648 0.13181 0.19418 -0.038289 0.17939 0.045597 0.074927 0.032122 -0.005169 0.059994 0.017736 0.15026 0.022932 0.096505 0.10121 0.061413 -0.012432 0.039029 0.072625 0.091442 -0.034227 0.042062 0.20009 0.077687 0.19244 0.068476 0.17777 0.14353 0.1127 0.12602 0.029693 -0.0035975 0.15191 -0.03546 -0.0051488 0.13347 0.18364
0.7373 0.36647 0.29513 0.26603 0.10008 0.062854 -0.037357 0.044738 0.23274 0 0.33641 0.28658 0.22764 0.10702 0.048111 -0.053492 0.037643 0.23747 -0.07895 0.24385 0.23992 0.037028 0.049712 -0.077681 0.18809 0.2183 0.15062 -0.046612 0.20425 0.040051 -0.016379 0.046603 0.042291 0.2058 0.21478 0.082939 0.18075 0.16436 0.28035 0.31452 0.28029 0.22942 0.096302 0.44627 0.26299 0.25107 -0.12091 0.37894 -0.022147 -0.005938 0.052465 0.2385 -0.14702 0.18693 0.11253 0.027208 0.026602 -0.085385 0.097932 0.12423 0.10414 -0.023961 0.10367 0.030203 -0.014669 0.0082892 0.029744 0.13978 0.13937 0.023573 0.052182 0.17976 0.16629 0.27415 0.17588 0.14804 0.064317 0.22349 0.091402 0.10254 -0.10465 0.33326 -0.036961 -0.052469 0.06671 0.20488
0.43241 0.51626 0.28624 0.29498 0.11219 -0.0048219 -0.10713 0.078843 0.2408 0.33641 0 0.34164 0.32451 0.1246 -0.014978 -0.11738 0.097247 0.26225 -0.19687 0.30749 -0.023478 0.087732 0.013414 -0.068608 0.0058794 -0.02203 0.14992 0.070437 0.13319 0.12637 -0.064695 -0.19649 0.012274 0.12574 0.027181 -0.15833 -0.076261 0.26156 0.059495 0.36183 0.068151 0.20231 0.19874 0.19689 0.073988 0.095878 -0.16623 0.22504 -0.088568 -0.08578 0.18374 0.2967 -0.14721 0.32286 0.15388 0.096766 0.010577 -0.095288 0.14796 -0.0017484 0.20319 0.046874 0.19848 0.087936 -0.0059298 -0.065772 0.0056922 0.1313 0.24495 -0.013257 0.15557 0.29784 0.043914 0.41549 0.11119 0.27165 0.21882 0.31742 0.27169 0.07792 -0.14845 0.31592 -0.038049 -0.10998 0.18283 0.31759
0.36638 0.28075 0.59739 0.39068 0.1156 0.021981 -0.043433 0.1331 0.13749 0.28658 0.34164 0 0.41788 0.09289 0.021853 -0.035745 0.15165 0.16047 -0.082002 0.21705 0.053135 -0.0082028 -0.0083205 -0.056357 -0.015141 0.017073 0.084751 0.023956 0.18985 0.023757 -0.048309 -0.14057 -0.028058 0.035026 0.1849 -0.057871 0.10123 0.11924 0.0026626 0.23295 0.058863 0.069722 0.18237 0.22133 0.1134 0.075238 -0.09855 0.17527 -0.084335 -0.071652 0.078366 0.20023 -0.029382 0.24781 0.17902 -0.030199 0.024966 -0.071761 0.078693 0.052441 0.091291 0.0027605 0.24115 -0.0063234 0.0042971 -0.05345 0.0065083 0.04 0.28066 0.045692 0.2284 0.12821 -0.048476 0.27672 0.074678 0.1214 0.19374 0.28188 0.22788 0.03914 -0.092657 0.23929 -0.054195 -0.058667 0.067189 0.22321
0.30842 0.27291 0.3962 0.66494 0.17174 0.0018294 -0.031337 0.10603 0.14229 0.22764 0.32451 0.41788 0 0.15017 0.0075131 -0.011721 0.12215 0.16555 -0.056979 0.28205 -0.043467 0.04637 0.014212 -0.023299 -0.10536 -0.0046279 -0.0056029 0.052515 0.13714 0.063765 -0.075962 -0.17639 -0.022755 0.17192 0.15123 -0.1227 0.041363 0.15469 0.12805 0.22486 0.23199 0.022175 0.11984 0.13731 0.1263 0.10782 -0.042725 0.23506 -0.084335 -0.052524 0.14191 0.3342 0.007794 0.30279 0.037432 0.039897 0.018252 -0.021245 -0.040334 0.023214 0.0086156 0.045559 0.19361 0.043229 -0.046133 -0.12268 -0.0032141 0.16484 0.30226 -0.045993 0.19639 0.17101 0.1268 0.26104 0.29727 0.078235 0.13685 0.20626 0.20511 0.10162 -0.0095493 0.33086 -0.086239 -0.049016 0.13607 0.39086
0.12254 0.10738 0.072886 0.1325 0.050023 -0.01749 -0.026793 0.013436 0.056032 0.10702 0.1246 0.09289 0.15017 0 -0.0096202 -0.029879 0.0065316 0.098154 -0.028732 0.13624 -0.046417 0.024686 0.01348 -0.020985 -0.03352 -0.02326 0.016628 -0.0096661 0.03434 0.027638 -0.031717 -0.0631 -0.00011503 0.06234 0.026711 -0.050209 -0.012219 0.073451 0.070724 0.096237 0.072223 0.042886 0.060253 0.043393 0.051508 0.019099 -0.014891 0.085747 -0.043284 -0.0162 0.08659 0.13087 -0.019369 0.11256 0.0022417 0.025403 0.0054452 -0.02328 -0.0063731 -0.013381 0.031292 -0.011469 0.037919 0.029617 -0.012997 -0.035772 -0.0044729 0.074572 0.0813 -0.033776 0.058979 0.087411 0.075126 0.099318 0.092763 0.054691 0.075879 0.069165 0.09708 0.0085264 -0.016146 0.12397 -0.026126 -0.028467 0.070616 0.14382
-0.0046837 -0.0076491 0.028913 0.0038845 -0.0051105 0.44741 0.18002 0.033836 0.075813 0.048111 -0.014978 0.021853 0.0075131 -0.0096202 0 0.21838 0.039948 0.068298 0.052558 0.044421 0.12826 0.091966 0.11456 0.2373 0.23485 0.13007 0.3299 0.13372 0.089568 0.11406 0.31346 0.18065 0.27806 0.083709 -0.032601 -0.01622 -0.043059 0.075729 0.083686 0.087173 0.058768 0.26228 0.24018 -0.01823 0.16614 0.084747 0.2184 -0.07481 0.04127 0.13605 0.10109 0.08544 0.03378 0.047153 0.044834 0.080396 0.10658 0.23485 0.16261 0.13814 0.30911 0.12257 0.056345 0.10863 0.27601 0.15617 0.2848 0.073392 -0.085057 -0.055045 -0.068706 0.062952 0.11547 0.068759 0.059196 0.25087 0.17809 -0.064928 0.098661 0.079039 0.21181 -0.071398 0.033994 0.1453 0.10598 0.081146
-0.098923 -0.099018 -0.037442 -0.020642 -0.03174 0.173 0.25606 -0.0019264 -0.025086 -0.053492 -0.11738 -0.035745 -0.011721 -0.029879 0.21838 0 0.01348 -0.0071985 0.11763 -0.034076 0.050064 0.017991 0.077125 0.17014 0.052157 0.12551 -0.010298 0.026162 0.018275 0.027647 0.13899 0.12762 0.092701 0.022252 0.010425 0.042539 0.048755 -0.059298 0.038368 -0.11329 0.0693 -0.030087 -0.00094725 -0.1031 0.044704 0.035644 0.19781 -0.058723 0.041077 0.10655 0.0061633 0.023878 0.098149 -0.039117 -0.021635 0.0091472 0.043871 0.17934 -0.0054975 0.12832 -0.028939 0.022309 -0.0074928 0.021412 0.10002 0.087016 0.10389 0.026918 -0.018814 -0.0078255 0.012796 -0.07043 0.058906 -0.1328 0.076987 -0.049757 -0.032057 -0.14088 -0.01647 0.044321 0.20667 -0.078292 0.025774 0.1333 -0.0020534 0.018093
0.046244 0.060796 0.12313 0.10096 0.023257 0.043178 -0.0093049 0.11335 0.049082 0.037643 0.097247 0.15165 0.12215 0.0065316 0.039948 0.01348 0 0.069501 -0.024826 0.091356 -0.048834 0.031852 0.015984 -0.0025714 -0.014101 -0.031506 0.081324 0.035335 0.017604 0.033642 0.052545 -0.068274 0.010226 0.032825 -0.02186 -0.079648 -0.063947 0.051399 0.0059453 0.069608 -0.0038577 0.074875 0.12509 -0.0099419 0.024947 0.0052053 0.011696 -0.027053 -0.015164 -0.016106 0.044828 0.065265 -0.017552 0.078073 -0.040444 0.029771 0.0079879 0.018222 -0.018194 -0.013556 0.072045 0.030011 0.026938 0.023532 0.051077 -0.035418 0.024368 0.036876 -0.011204 -0.10232 -0.029836 0.053317 -0.0040149 0.075466 0.0018435 0.072904 0.11855 0.02105 0.019479 0.0049867 0.018469 0.017601 -0.018304 -0.00084296 0.047353 0.071305
0.27384 0.21813 0.16021 0.15531 0.063601 0.070709 -0.031505 0.067692 0.20489 0.23747 0.26225 0.16047 0.16555 0.098154 0.068298 -0.0071985 0.069501 0 -0.061629 0.17535 0.030341 0.064788 0.04317 0.010339 0.05414 0.027358 0.12536 0.028731 0.096253 0.10548 0.016051 -0.028871 0.073091 0.097939 0.030126 -0.059973 -0.010458 0.18288 0.083135 0.19782 0.067259 0.16185 0.14549 0.11414 0.082126 0.060603 0.014626 0.13672 -0.040319 0.023229 0.18492 0.20299 -0.010182 0.19325 0.097873 0.076819 0.027326 0.011045 0.10308 0.03822 0.15114 0.031126 0.12191 0.095699 0.065601 0.018123 0.057295 0.11274 0.12405 0.011106 0.088277 0.20073 0.079377 0.21351 0.089075 0.19708 0.14957 0.15454 0.16685 0.057655 0.01737 0.1762 0.00045405 7.0358e-05 0.14372 0.2238
-0.15868 -0.11439 -0.036753 -0.050792 -0.017923 0.062009 0.15531 -0.033377 -0.048218 -0.07895 -0.19687 -0.082002 -0.056979 -0.028732 0.052558 0.11763 -0.024826 -0.061629 0 -0.018296 0.22952 0.044985 0.043102 0.25935 0.1846 0.25832 -0.18827 0.093577 0.083009 0.076009 -0.0076728 0.53385 -0.0041607 0.0043802 0.50417 0.22016 0.55411 -0.04245 0.084705 -0.095814 0.19083 -0.073751 -0.14483 0.037302 0.16628 0.10475 0.73656 0.26168 0.093308 0.156 0.17944 0.15098 0.67879 -0.038751 0.047704 0.026675 0.02065 0.22455 0.021211 0.18563 -0.21726 0.090525 0.01135 0.068219 -0.077683 0.28896 0.027784 0.027582 0.24222 0.15583 0.25976 -0.072879 0.12698 -0.15813 0.1461 -0.13933 -0.12707 -0.079771 0.013597 0.077903 0.63122 0.090334 0.03961 0.16415 0.17812 0.11453
0.24399 0.28072 0.20791 0.30888 0.10951 0.046236 -0.032557 0.091329 0.17262 0.24385 0.30749 0.21705 0.28205 0.13624 0.044421 -0.034076 0.091356 0.17535 -0.018296 0 -0.11037 0.18633 0.05251 0.034099 -0.11205 -0.0055407 0.0096292 0.032961 0.20782 0.20974 -0.09731 -0.25957 0.011849 0.40809 0.20761 -0.22454 0.01409 0.29995 0.34153 0.4304 0.41307 0.10151 0.28313 0.26173 0.33896 0.27596 0.065226 0.39211 -0.12199 -0.04401 0.30542 0.5811 0.025652 0.59985 -0.094775 0.19644 0.014326 0.02441 -0.10398 0.013059 0.058004 0.041636 0.18825 0.18344 -0.046756 -0.22731 0.034402 0.3855 0.31055 -0.23197 0.11411 0.29863 0.2954 0.44896 0.40431 0.16777 0.28115 0.24403 0.3064 0.2222 0.056041 0.47024 -0.15113 -0.078379 0.25414 0.56738
0.041056 0.044044 0.1112 -0.036552 -0.0032839 0.13928 0.053521 -0.056071 0.0058553 0.23992 -0.023478 0.053135 -0.043467 -0.046417 0.12826 0.050064 -0.048834 0.030341 0.22952 -0.11037 0 -0.13049 0.072094 0.17758 0.71942 0.55538 0.19273 -0.050557 0.2842 -0.083613 0.12489 0.506 0.16203 -0.078044 0.56307 0.46735 0.56077 -0.11147 -0.010726 0.10293 0.12045 0.30173 -0.041432 0.71547 0.41764 0.37428 0.075084 0.44947 0.019241 0.013473 -0.0081748 -0.043083 0.052181 -0.11148 0.65411 -0.18561 0.066917 0.10562 0.52959 0.3147 0.061604 -0.023067 0.093892 -0.079648 0.063434 0.33791 0.12396 -0.067192 0.26412 0.35873 0.22993 -0.1189 -0.00079481 -0.013064 0.049475 0.14851 -0.11767 0.27429 0.10247 0.17067 0.064101 0.09764 0.078631 0.027275 0.0002351 -0.099827
0.015503 0.10548 0.020573 0.050561 0.0092303 0.10624 0.02636 0.028432 0.081793 0.037028 0.087732 -0.0082028 0.04637 0.024686 0.091966 0.017991 0.031852 0.064788 0.044985 0.18633 -0.13049 0 0.021639 0.37445 0.092526 -0.11807 0.14808 0.26145 0.049461 0.92958 0.012562 -0.13763 0.1664 0.35124 -0.067579 -0.1896 -0.13651 0.88733 0.29332 0.11403 0.27682 0.31816 0.085584 -0.0080855 0.093043 0.67577 0.17691 0.042691 -0.028234 0.019301 0.21586 0.2476 0.068494 0.18567 -0.21414 0.97676 0.011433 0.41539 -0.003606 -0.050314 0.19315 0.34441 0.015909 0.92059 -0.0064917 -0.17011 0.18346 0.32651 -0.079637 -0.24149 -0.13715 0.85187 0.33766 0.11404 0.30039 0.35969 0.10185 -0.050633 0.02469 0.61813 0.15334 0.082623 -0.064701 0.016987 0.17723 0.22987
0.02242 0.020472 0.01006 0.0098447 0.013649 0.1421 0.079041 0.0027387 0.018785 0.049712 0.013414 -0.0083205 0.014212 0.01348 0.11456 0.077125 0.015984 0.04317 0.043102 0.05251 0.072094 0.021639 0 0.16596 0.11242 0.14928 0.065856 0.043507 0.097543 0.046098 0.098732 0.10991 0.10272 0.030663 0.067279 0.036624 0.07104 0.028587 0.048468 0.045776 0.05572 0.051822 0.066638 0.043655 0.07097 0.092651 0.10876 0.067139 0.030968 0.10657 0.051647 0.1033 0.016098 0.02586 0.038267 0.01091 0.057826 0.13932 0.081656 0.12119 0.063126 0.036067 0.06174 0.045121 0.088621 0.076232 0.092131 0.0081841 0.052703 0.012695 0.046131 0.0207 0.041201 0.033623 0.048018 0.064729 0.038285 -0.0063609 0.045312 0.078807 0.082979 0.040684 0.015572 0.051515 0.032794 0.092588
-0.060689 -0.051171 -0.040204 -0.019672 -0.01449 0.22529 0.18183 -0.0057199 0.011482 -0.077681 -0.068608 -0.056357 -0.023299 -0.020985 0.2373 0.17014 -0.0025714 0.010339 0.25935 0.034099 0.17758 0.37445 0.16596 0 0.32345 0.35502 0.080118 0.57472 0.10312 0.55883 0.17258 0.20005 0.33435 0.11499 0.12527 0.022727 0.088404 0.32433 0.10161 -0.044944 0.14493 0.12599 0.040477 -0.013763 0.094766 0.54561 0.33868 0.0097012 0.064842 0.1562 0.12646 0.1425 0.2377 0.055674 0.055064 0.34348 0.10805 0.82712 0.21917 0.36677 0.087524 0.54125 0.072894 0.55568 0.13424 0.1882 0.36379 0.12656 0.11705 -0.032383 0.13164 0.25025 0.15294 -0.030138 0.18897 0.17732 0.039243 -0.065013 0.057664 0.55169 0.27415 0.011649 0.046671 0.14377 0.09689 0.10678
0.032796 0.059275 0.020508 -0.10045 -0.02408 0.25087 0.068667 -0.037476 0.030142 0.18809 0.0058794 -0.015141 -0.10536 -0.03352 0.23485 0.052157 -0.014101 0.05414 0.1846 -0.11205 0.71942 0.092526 0.11242 0.32345 0 0.49417 0.57554 0.079107 0.17561 0.12632 0.34706 0.65085 0.4189 -0.027373 0.21786 0.35298 0.22585 0.042563 -0.054801 0.22677 -0.12356 0.73054 0.13723 0.5198 0.37177 0.36665 0.10248 0.19887 0.15924 0.11534 0.014275 -0.095418 0.039765 -0.12767 0.47008 0.011362 0.071906 0.24142 0.75311 0.30072 0.45634 0.085289 0.031336 0.11699 0.29944 0.54504 0.34092 -0.024689 0.015564 0.21852 0.049492 0.022728 -0.050844 0.086975 -0.12881 0.54981 0.057344 0.13689 0.16659 0.18081 0.074582 -0.021686 0.21793 0.14261 0.026983 -0.13606
0.12687 0.046461 0.041511 0.0074032 0.00080944 0.12811 0.13476 -0.018056 0.0090622 0.2183 -0.02203 0.017073 -0.0046279 -0.02326 0.13007 0.12551 -0.031506 0.027358 0.25832 -0.0055407 0.55538 -0.11807 0.14928 0.35502 0.49417 0 -0.014637 0.10935 0.2459 -0.065751 0.078111 0.45085 0.10924 -0.021754 0.43652 0.37414 0.47025 -0.11179 0.026101 0.022311 0.14195 -0.02908 -0.076936 0.39532 0.20941 0.39617 0.17306 0.42438 0.017023 0.12388 0.0058807 0.097064 0.12879 -0.012041 0.32611 -0.14675 0.092456 0.26871 0.32102 0.57491 -0.10522 0.075038 0.12488 -0.059476 -0.00041379 0.30907 0.058701 -0.03102 0.26014 0.23905 0.31329 -0.13145 0.0054037 -0.01261 0.075613 -0.057694 -0.10977 0.11236 0.016228 0.28862 0.13262 0.20832 0.043774 0.090523 0.0044022 0.040916
0.090858 0.146 0.081974 0.0061866 -0.0075451 0.34686 -0.00062408 0.061733 0.13453 0.15062 0.14992 0.084751 -0.0056029 0.016628 0.3299 -0.010298 0.081324 0.12536 -0.18827 0.0096292 0.19273 0.14808 0.065856 0.080118 0.57554 -0.014637 0 0.036896 0.04784 0.13616 0.52245 0.23754 0.39769 0.077922 -0.23815 -0.045802 -0.26172 0.17293 0.037503 0.43755 -0.15459 0.83274 0.4764 0.10637 0.2613 -0.00019592 -0.01134 -0.16581 0.13882 0.050692 0.12493 -0.037157 -0.17665 0.0081269 0.046359 0.10349 0.060969 0.06944 0.36078 -0.050568 0.78644 0.062245 -0.022416 0.12378 0.4854 0.22625 0.31842 0.055973 -0.32325 -0.12198 -0.28467 0.19451 0.053075 0.30359 -0.1387 0.72883 0.35139 -0.045043 0.18504 -0.095811 0.0019129 -0.19833 0.12581 0.069802 0.10707 -0.058871
0.032127 0.084528 0.010728 0.028961 -0.012213 0.14148 0.072106 0.022859 0.03053 -0.046612 0.070437 0.023956 0.052515 -0.0096661 0.13372 0.026162 0.035335 0.028731 0.093577 0.032961 -0.050557 0.26145 0.043507 0.57472 0.079107 0.10935 0.036896 0 0.062062 0.44211 0.11033 0.029964 0.055135 0.057133 0.0070963 -0.0092045 0.017944 0.36053 0.016729 0.036801 0.067505 -0.0020026 0.081484 -0.096353 -0.012641 0.32977 0.16743 -0.1167 0.028662 0.057617 0.13146 0.11977 0.14372 0.077178 -0.045241 0.26879 0.034748 0.59011 0.045718 0.1921 0.041026 0.96324 0.1006 0.36897 0.077113 0.063945 0.088441 0.056809 0.10463 -0.012043 0.10592 0.34611 0.099105 0.042519 0.13767 0.035624 0.081756 -0.058875 0.020181 0.39691 0.1305 0.0048348 0.03872 0.048931 0.10227 0.12875
0.18732 0.1511 0.19347 0.14744 0.071266 0.085862 0.017528 0.027407 0.082689 0.20425 0.13319 0.18985 0.13714 0.03434 0.089568 0.018275 0.017604 0.096253 0.083009 0.20782 0.2842 0.049461 0.097543 0.10312 0.17561 0.2459 0.04784 0.062062 0 0.065757 0.061742 0.099037 0.058769 0.067011 0.43148 0.29092 0.4765 0.11162 0.029559 0.25958 0.1133 0.098096 0.20625 0.44752 0.2936 0.18674 0.08153 0.38884 -0.035893 0.052743 0.1437 0.33014 0.083815 0.20021 0.22179 0.030807 0.060277 0.07445 0.1504 0.16268 0.0020711 0.059979 0.39533 0.053238 0.057569 0.080081 0.01977 0.042971 0.36501 0.23755 0.43111 0.10166 0.030607 0.19738 0.093869 0.074522 0.1616 0.26456 0.21931 0.086535 0.072619 0.27103 0.012199 -0.0010316 0.12968 0.31246
0.03519 0.14475 0.044223 0.065854 0.011706 0.13368 0.042174 0.018761 0.11477 0.040051 0.12637 0.023757 0.063765 0.027638 0.11406 0.027647 0.033642 0.10548 0.076009 0.20974 -0.083613 0.92958 0.046098 0.55883 0.12632 -0.065751 0.13616 0.44211 0.065757 0 0.033831 -0.11948 0.2263 0.35975 -0.031593 -0.17521 -0.083362 0.92253 0.31826 0.12933 0.27511 0.28252 0.097967 -0.00391 0.082729 0.69096 0.20769 0.071234 -0.011986 0.01581 0.28423 0.28795 0.075145 0.19943 -0.14994 0.91943 0.021616 0.56479 0.048272 0.027204 0.18415 0.4983 0.053803 0.93992 0.012774 -0.12379 0.24983 0.32802 0.0066257 -0.20324 -0.053234 0.88742 0.35868 0.14103 0.31019 0.34615 0.1066 -0.032796 0.047658 0.65682 0.17138 0.15113 -0.042256 0.0061623 0.23996 0.27069
-0.16198 -0.034624 -0.0060225 -0.03632 -0.032361 0.306 0.16842 0.067502 0.022128 -0.016379 -0.064695 -0.048309 -0.075962 -0.031717 0.31346 0.13899 0.052545 0.016051 -0.0076728 -0.09731 0.12489 0.012562 0.098732 0.17258 0.34706 0.078111 0.52245 0.11033 0.061742 0.033831 0 0.38923 0.28052 -0.0081454 -0.16759 0.090818 -0.097194 0.0024879 0.01383 -0.0052901 -0.079423 0.40732 0.39725 -0.19664 0.28045 -0.089566 0.1886 -0.29976 0.27923 0.18165 0.029748 -0.09292 -0.065358 -0.12576 -0.16371 -0.0014205 0.037179 0.17821 0.073741 0.017777 0.38556 0.13039 -0.092155 0.028602 0.57509 0.23336 0.22635 -0.017515 -0.35968 -0.094607 -0.28536 -0.015186 0.03934 -0.11482 -0.093803 0.2247 0.22949 -0.3907 0.027524 -0.11806 0.14792 -0.3562 0.22324 0.16774 0.030545 -0.13015
-0.12481 -0.10985 -0.072112 -0.16594 -0.038099 0.21513 0.16835 -0.054106 -0.054053 0.046603 -0.19649 -0.14057 -0.17639 -0.0631 0.18065 0.12762 -0.068274 -0.028871 0.53385 -0.25957 0.506 -0.13763 0.10991 0.20005 0.65085 0.45085 0.23754 0.029964 0.099037 -0.11948 0.38923 0 0.15969 -0.1866 0.21225 0.59825 0.3641 -0.19213 -0.10596 -0.062549 -0.13894 0.27659 0.0029226 0.080095 0.36655 -0.089007 0.37739 0.11422 0.30116 0.28601 -0.070155 -0.18867 0.241 -0.28774 0.18314 -0.18722 0.077745 0.14609 0.32357 0.2804 0.075997 0.028602 -0.060276 -0.10553 0.22316 0.73743 0.097339 -0.17307 -0.12429 0.38152 -0.016567 -0.21596 -0.085935 -0.20634 -0.17811 0.016194 -0.097633 -0.22516 0.051403 -0.13279 0.28682 -0.19372 0.30498 0.27431 -0.041295 -0.21392
0.0070216 0.010782 -0.023702 -0.021139 -0.010321 0.27604 0.071715 0.023038 0.066231 0.042291 0.012274 -0.028058 -0.022755 -0.00011503 0.27806 0.092701 0.010226 0.073091 -0.0041607 0.011849 0.16203 0.1664 0.10272 0.33435 0.4189 0.10924 0.39769 0.055135 0.058769 0.2263 0.28052 0.15969 0 0.10375 -0.049784 -0.033717 -0.07986 0.14178 0.052531 0.074736 -0.038451 0.45141 0.21319 0.064331 0.15005 0.14778 0.14601 -0.066484 0.054533 0.094636 0.091658 0.040164 0.023103 0.0039204 0.1099 0.12537 0.069707 0.29083 0.30842 0.10897 0.38945 0.062598 0.012412 0.22046 0.27946 0.18391 0.44732 0.085734 -0.083644 -0.0334 -0.051396 0.11753 0.041529 0.052635 -0.022129 0.4222 0.15789 -0.0078414 0.13582 0.091008 0.13863 -0.073952 0.084306 0.10727 0.064792 0.0020902
0.12705 0.17619 0.052625 0.20277 0.028444 0.082246 0.02375 0.049636 0.12079 0.2058 0.12574 0.035026 0.17192 0.06234 0.083709 0.022252 0.032825 0.097939 0.0043802 0.40809 -0.078044 0.35124 0.030663 0.11499 -0.027373 -0.021754 0.077922 0.057133 0.067011 0.35975 -0.0081454 -0.1866 0.10375 0 0.1391 -0.21008 -0.0034565 0.41139 0.55437 0.28494 0.61142 0.21496 0.10115 0.14902 0.34467 0.3927 0.17827 0.37364 -0.065776 -0.0076137 0.37262 0.50041 0.031912 0.36395 -0.10973 0.32566 0.005681 0.1001 -0.066666 -0.02813 0.10226 0.056403 0.042277 0.33222 -0.026661 -0.20873 0.14057 0.79246 0.18104 -0.23124 0.063289 0.38819 0.47771 0.3379 0.55805 0.26821 0.085575 0.12425 0.26512 0.31148 0.1729 0.42937 -0.10022 -0.033747 0.32483 0.47211
0.083432 0.11299 0.22127 0.17807 0.069666 -0.035468 0.028734 -0.025977 0.037615 0.21478 0.027181 0.1849 0.15123 0.026711 -0.032601 0.010425 -0.02186 0.030126 0.50417 0.20761 0.56307 -0.067579 0.067279 0.12527 0.21786 0.43652 -0.23815 0.0070963 0.43148 -0.031593 -0.16759 0.21225 -0.049784 0.1391 0 0.37963 0.85513 0.0065803 0.10308 0.084132 0.38363 -0.097806 -0.11375 0.56986 0.49322 0.30209 0.2621 0.66793 -0.058445 0.012445 0.13774 0.3953 0.28291 0.19862 0.36149 -0.087462 0.028163 0.065848 0.11644 0.21283 -0.29514 0.0021335 0.28433 -0.034004 -0.20611 0.048295 -0.047728 0.12262 0.68219 0.26159 0.61329 -0.017226 0.099238 0.02666 0.31766 -0.15013 -0.11752 0.23005 0.24486 0.19183 0.20823 0.45588 -0.045733 -0.028796 0.13617 0.33976
-0.078613 -0.073754 -0.018084 -0.10533 -0.0013759 0.015517 0.073279 -0.082337 -0.065579 0.082939 -0.15833 -0.057871 -0.1227 -0.050209 -0.01622 0.042539 -0.079648 -0.059973 0.22016 -0.22454 0.46735 -0.1896 0.036624 0.022727 0.35298 0.37414 -0.045802 -0.0092045 0.29092 -0.17521 0.090818 0.59825 -0.033717 -0.21008 0.37963 0 0.62231 -0.17524 -0.14368 -0.1334 -0.093131 -0.085581 -0.16837 0.20859 0.21221 -0.095949 0.026095 0.18182 0.15193 0.087739 -0.082438 -0.13076 0.0056582 -0.241 0.18676 -0.2014 0.041605 -0.0049312 0.11126 0.17331 -0.20581 -0.013483 0.096836 -0.17015 -0.017098 0.28203 -0.049049 -0.18973 0.06708 0.56289 0.22092 -0.18846 -0.11353 -0.2298 -0.11951 -0.29161 -0.23748 -0.14206 -0.10056 -0.15269 -0.0026737 -0.076454 0.12169 0.07828 -0.068359 -0.14229
0.00030041 0.0034827 0.13004 0.052537 0.046867 -0.023217 0.074566 -0.074956 -0.015737 0.18075 -0.076261 0.10123 0.041363 -0.012219 -0.043059 0.048755 -0.063947 -0.010458 0.55411 0.01409 0.56077 -0.13651 0.07104 0.088404 0.22585 0.47025 -0.26172 0.017944 0.4765 -0.083362 -0.097194 0.3641 -0.07986 -0.0034565 0.85513 0.62231 0 -0.081305 -0.026606 -0.047859 0.24534 -0.23138 -0.20791 0.44565 0.34436 0.16703 0.23594 0.5408 0.028337 0.030589 0.024294 0.20442 0.29698 -0.031329 0.30663 -0.14853 0.049249 0.031951 0.0074833 0.23756 -0.3507 0.01042 0.27401 -0.092365 -0.17803 0.088909 -0.086552 -0.01097 0.50907 0.46854 0.59892 -0.09938 0.0070977 -0.13928 0.14797 -0.33397 -0.227 0.078364 0.00031719 0.065767 0.17172 0.22907 -0.027549 -0.0010436 0.043826 0.15888
0.16174 0.25436 0.11784 0.14941 0.061509 0.093871 -0.014174 0.055402 0.19331 0.16436 0.26156 0.11924 0.15469 0.073451 0.075729 -0.059298 0.051399 0.18288 -0.04245 0.29995 -0.11147 0.88733 0.028587 0.32433 0.042563 -0.11179 0.17293 0.36053 0.11162 0.92253 0.0024879 -0.19213 0.14178 0.41139 0.0065803 -0.17524 -0.081305 0 0.39267 0.25485 0.34541 0.31576 0.14631 0.044792 0.12047 0.59114 0.092701 0.14725 -0.051744 -0.023697 0.33907 0.37987 -0.030019 0.30178 -0.13632 0.84989 0.012937 0.33451 0.0089521 -0.035186 0.22051 0.43559 0.11052 0.88465 0.0081324 -0.17661 0.15885 0.37897 0.056698 -0.17429 -0.023796 0.97102 0.42483 0.27787 0.38383 0.3641 0.16652 0.061238 0.1127 0.55285 0.061224 0.27418 -0.056094 -0.048495 0.30118 0.37522
0.078834 0.13877 0.0097877 0.20241 0.081023 0.097149 0.057753 0.023291 0.0976 0.28035 0.059495 0.0026626 0.12805 0.070724 0.083686 0.038368 0.0059453 0.083135 0.084705 0.34153 -0.010726 0.29332 0.048468 0.10161 -0.054801 0.026101 0.037503 0.016729 0.029559 0.31826 0.01383 -0.10596 0.052531 0.55437 0.10308 -0.14368 -0.026606 0.39267 0 0.11516 0.89757 0.1013 0.016906 0.068995 0.34251 0.43021 0.31401 0.44606 -0.013061 0.039214 0.49203 0.61582 0.050568 0.30168 -0.15637 0.26354 0.0074651 0.085207 -0.1304 -0.025895 0.018973 0.02187 -0.012927 0.29203 -0.029455 -0.19593 0.076265 0.49586 0.080362 -0.22477 -0.080035 0.35807 0.90395 0.14609 0.79878 0.10931 -0.004406 -0.036259 0.16978 0.32965 0.26109 0.41766 -0.091347 -0.012339 0.4124 0.51587
0.36494 0.34817 0.20462 0.21934 0.096778 0.1074 -0.12336 0.072934 0.19825 0.31452 0.36183 0.23295 0.22486 0.096237 0.087173 -0.11329 0.069608 0.19782 -0.095814 0.4304 0.10293 0.11403 0.045776 -0.044944 0.22677 0.022311 0.43755 0.036801 0.25958 0.12933 -0.0052901 -0.062549 0.074736 0.28494 0.084132 -0.1334 -0.047859 0.25485 0.11516 0 0.085544 0.56409 0.38459 0.44027 0.29572 0.17996 -0.070753 0.35448 -0.073893 -0.051006 0.21936 0.3615 -0.078783 0.39956 0.14958 0.1142 0.044752 -0.050247 0.26413 0.051445 0.44146 0.041968 0.24785 0.089193 0.098255 0.029804 0.040481 0.23666 0.1723 -0.084604 0.096431 0.271 0.093644 0.7069 0.10555 0.53412 0.35171 0.4354 0.34958 0.081184 -0.053114 0.36847 -0.077258 -0.084246 0.205 0.37417
0.082732 0.12049 0.077022 0.29219 0.094196 0.055536 0.074114 0.013932 0.074138 0.28029 0.068151 0.058863 0.23199 0.072223 0.058768 0.0693 -0.0038577 0.067259 0.19083 0.41307 0.12045 0.27682 0.05572 0.14493 -0.12356 0.14195 -0.15459 0.067505 0.1133 0.27511 -0.079423 -0.13894 -0.038451 0.61142 0.38363 -0.093131 0.24534 0.34541 0.89757 0.085544 0 -0.082725 -0.040796 0.15046 0.4954 0.51368 0.32003 0.58242 -0.053271 0.013678 0.41726 0.64591 0.13449 0.36692 -0.065756 0.2466 0.007242 0.12765 -0.20821 0.038001 -0.16086 0.078002 0.071444 0.26485 -0.13364 -0.24115 0.028468 0.57473 0.34166 -0.19575 0.12039 0.31775 0.82372 0.11909 0.91858 -0.029166 -0.052131 0.035619 0.29248 0.44675 0.26857 0.52062 -0.1187 -0.030472 0.33541 0.56621
0.18 0.19775 0.090763 0.038341 0.011153 0.27432 -0.035088 0.051721 0.15632 0.22942 0.20231 0.069722 0.022175 0.042886 0.26228 -0.030087 0.074875 0.16185 -0.073751 0.10151 0.30173 0.31816 0.051822 0.12599 0.73054 -0.02908 0.83274 -0.0020026 0.098096 0.28252 0.40732 0.27659 0.45141 0.21496 -0.097806 -0.085581 -0.23138 0.31576 0.1013 0.56409 -0.082725 0 0.44074 0.32044 0.37014 0.19247 0.037016 0.066409 0.1293 0.054185 0.13985 0.061395 -0.064251 0.087543 0.16921 0.26487 0.05806 0.1149 0.55774 -0.023184 0.7955 0.069396 0.0087766 0.26885 0.40914 0.32582 0.37729 0.16934 -0.19716 -0.11711 -0.22686 0.31621 0.086804 0.44571 -0.065388 0.92945 0.36351 0.15342 0.33321 0.041438 0.054357 0.020087 0.16229 0.088708 0.1442 0.038869
0.10071 0.17316 0.17922 0.13495 0.053724 0.23365 -0.0031165 0.12121 0.14419 0.096302 0.19874 0.18237 0.11984 0.060253 0.24018 -0.00094725 0.12509 0.14549 -0.14483 0.28313 -0.041432 0.085584 0.066638 0.040477 0.13723 -0.076936 0.4764 0.081484 0.20625 0.097967 0.39725 0.0029226 0.21319 0.10115 -0.11375 -0.16837 -0.20791 0.14631 0.016906 0.38459 -0.040796 0.44074 0 0.068226 0.36565 -0.02933 0.036893 -0.057384 0.044111 0.035042 0.16425 0.18607 -0.10135 0.27077 -0.073696 0.07319 0.04578 0.033555 0.060224 -0.054254 0.43858 0.083974 0.15224 0.076685 0.42367 0.068042 0.15942 0.082243 -0.099802 -0.16758 -0.11674 0.14288 0.011205 0.32515 -0.021395 0.38413 0.58576 0.043257 0.33026 -0.074324 0.057333 -0.01501 0.041377 0.047802 0.15136 0.17708
0.34646 0.22301 0.24942 0.16009 0.07255 0.0039312 -0.11973 0.0017409 0.10557 0.44627 0.19689 0.22133 0.13731 0.043393 -0.01823 -0.1031 -0.0099419 0.11414 0.037302 0.26173 0.71547 -0.0080855 0.043655 -0.013763 0.5198 0.39532 0.10637 -0.096353 0.44752 -0.00391 -0.19664 0.080095 0.064331 0.14902 0.56986 0.20859 0.44565 0.044792 0.068995 0.44027 0.15046 0.32044 0.068226 0 0.47703 0.41444 -0.086829 0.66631 -0.11433 -0.083748 0.098468 0.2668 0.0061715 0.22899 0.54104 -0.029603 0.039591 -0.046673 0.4432 0.22343 0.050608 -0.074145 0.28287 -0.019231 -0.13485 0.11493 0.024848 0.12514 0.43571 0.19774 0.3265 0.05481 0.014864 0.37396 0.1031 0.28899 0.038029 0.69185 0.28335 0.21151 -0.063222 0.44 -0.07632 -0.11937 0.086234 0.20675
0.018075 0.16378 0.1977 0.16948 0.063616 0.17902 0.062876 0.013899 0.07743 0.26299 0.073988 0.1134 0.1263 0.051508 0.16614 0.044704 0.024947 0.082126 0.16628 0.33896 0.41764 0.093043 0.07097 0.094766 0.37177 0.20941 0.2613 -0.012641 0.2936 0.082729 0.28045 0.36655 0.15005 0.34467 0.49322 0.21221 0.34436 0.12047 0.34251 0.29572 0.4954 0.37014 0.36565 0.47703 0 0.29523 0.18074 0.48482 0.10593 0.065757 0.20887 0.31919 0.039487 0.25465 0.08824 0.040768 0.050995 0.06696 0.046164 0.085974 0.11707 0.0050187 0.055051 0.075127 0.1488 0.10063 0.13284 0.33671 0.175 -0.046434 0.040506 0.092666 0.29261 0.16556 0.41414 0.15425 0.18874 0.026839 0.53381 0.16286 0.17886 0.23018 0.083109 0.055493 0.19184 0.25859
0.18284 0.13359 0.059196 0.12305 0.016461 0.089958 0.036518 0.012485 0.060869 0.25107 0.095878 0.075238 0.10782 0.019099 0.084747 0.035644 0.0052053 0.060603 0.10475 0.27596 0.37428 0.67577 0.092651 0.54561 0.36665 0.39617 -0.00019592 0.32977 0.18674 0.69096 -0.089566 -0.089007 0.14778 0.3927 0.30209 -0.095949 0.16703 0.59114 0.43021 0.17996 0.51368 0.19247 -0.02933 0.41444 0.29523 0 0.097901 0.51982 -0.055214 -0.0027939 0.19272 0.37338 0.067788 0.26819 0.20208 0.63701 0.05505 0.50003 0.24267 0.3402 0.055663 0.30882 0.13876 0.69397 -0.090559 -0.09406 0.17152 0.36064 0.31806 -0.11198 0.17653 0.57571 0.36915 0.20744 0.47088 0.30496 -0.013336 0.24838 0.18236 0.94661 0.04519 0.44604 -0.057353 -0.029981 0.16547 0.32827
-0.1779 -0.11241 -0.069755 -0.019006 0.0052329 0.21725 0.23509 0.0050798 -0.0028656 -0.12091 -0.16623 -0.09855 -0.042725 -0.014891 0.2184 0.19781 0.011696 0.014626 0.73656 0.065226 0.075084 0.17691 0.10876 0.33868 0.10248 0.17306 -0.01134 0.16743 0.08153 0.20769 0.1886 0.37739 0.14601 0.17827 0.2621 0.026095 0.23594 0.092701 0.31401 -0.070753 0.32003 0.037016 0.036893 -0.086829 0.18074 0.097901 0 0.13239 0.065613 0.22618 0.57465 0.32806 0.59001 0.052834 -0.072746 0.14089 0.075523 0.32473 -0.038893 0.094451 -0.054593 0.14563 0.024857 0.19456 0.10893 0.19044 0.16721 0.21442 0.11976 -0.039789 0.073243 0.032336 0.35191 -0.084204 0.31682 0.011105 0.039072 -0.16808 0.072587 0.11297 0.86299 0.086358 0.027336 0.20909 0.48358 0.27772
0.33555 0.2387 0.17616 0.25623 0.11137 -0.064167 -0.052416 0.0019015 0.11612 0.37894 0.22504 0.17527 0.23506 0.085747 -0.07481 -0.058723 -0.027053 0.13672 0.26168 0.39211 0.44947 0.042691 0.067139 0.0097012 0.19887 0.42438 -0.16581 -0.1167 0.38884 0.071234 -0.29976 0.11422 -0.066484 0.37364 0.66793 0.18182 0.5408 0.14725 0.44606 0.35448 0.58242 0.066409 -0.057384 0.66631 0.48482 0.51982 0.13239 0 -0.086031 -0.038508 0.31047 0.59856 0.19848 0.37886 0.37821 0.028826 0.027993 -0.049109 0.25739 0.28451 -0.1565 -0.084094 0.31109 0.057312 -0.26991 0.12394 -0.050222 0.3168 0.62224 0.19614 0.49394 0.14221 0.33313 0.32942 0.49669 0.12968 -0.03346 0.49094 0.40285 0.37243 0.11498 0.84158 -0.06508 -0.078224 0.24243 0.53649
-0.10142 -0.048697 -0.052349 -0.068248 -0.030016 0.052588 0.038076 -0.0058482 -0.029926 -0.022147 -0.088568 -0.084335 -0.084335 -0.043284 0.04127 0.041077 -0.015164 -0.040319 0.093308 -0.12199 0.019241 -0.028234 0.030968 0.064842 0.15924 0.017023 0.13882 0.028662 -0.035893 -0.011986 0.27923 0.30116 0.054533 -0.065776 -0.058445 0.15193 0.028337 -0.051744 -0.013061 -0.073893 -0.053271 0.1293 0.044111 -0.11433 0.10593 -0.055214 0.065613 -0.086031 0 0.089662 -0.072444 -0.12498 0.028919 -0.14382 -0.10872 -0.020757 0.0093596 0.06086 -0.016763 0.013744 0.0656 0.032347 -0.095335 -0.013988 0.15989 0.18333 0.033702 -0.056204 -0.16549 0.053647 -0.12755 -0.046399 0.0043486 -0.15064 -0.068187 0.0024076 -0.0040637 -0.25353 -0.022913 -0.042199 0.057805 -0.17705 0.2072 0.089063 -0.037858 -0.13859
-0.070599 -0.063972 -0.051847 -0.026103 -0.023528 0.15525 0.13608 0.0010434 -0.024648 -0.005938 -0.08578 -0.071652 -0.052524 -0.0162 0.13605 0.10655 -0.016106 0.023229 0.156 -0.04401 0.013473 0.019301 0.10657 0.1562 0.11534 0.12388 0.050692 0.057617 0.052743 0.01581 0.18165 0.28601 0.094636 -0.0076137 0.012445 0.087739 0.030589 -0.023697 0.039214 -0.051006 0.013678 0.054185 0.035042 -0.083748 0.065757 -0.0027939 0.22618 -0.038508 0.089662 0 0.029214 0.019572 0.092772 -0.070632 -0.055612 0.0071323 0.040273 0.12771 0.022769 0.097563 0.028527 0.048621 -0.028172 0.030557 0.14152 0.20894 0.072246 -0.012418 -0.046945 0.027625 -0.034956 -0.034469 0.026697 -0.094493 -0.0062364 0.01487 0.0043637 -0.14421 0.026768 -0.0090773 0.19921 -0.079134 0.094831 0.17429 0.017694 0.0051338
0.044804 0.18507 0.080288 0.14585 0.070776 0.11516 0.013647 0.050141 0.13181 0.052465 0.18374 0.078366 0.14191 0.08659 0.10109 0.0061633 0.044828 0.18492 0.17944 0.30542 -0.0081748 0.21586 0.051647 0.12646 0.014275 0.0058807 0.12493 0.13146 0.1437 0.28423 0.029748 -0.070155 0.091658 0.37262 0.13774 -0.082438 0.024294 0.33907 0.49203 0.21936 0.41726 0.13985 0.16425 0.098468 0.20887 0.19272 0.57465 0.31047 -0.072444 0.029214 0 0.52337 0.23269 0.31564 -8.3026e-05 0.21189 0.04462 0.12981 0.027284 -0.004791 0.10675 0.12362 0.14641 0.25601 0.050794 -0.053008 0.11471 0.36046 0.19569 -0.072996 0.10292 0.31502 0.46012 0.25974 0.41126 0.1866 0.17586 0.090009 0.21296 0.17691 0.53945 0.37554 -0.045593 -0.0081217 0.67076 0.48161
0.23956 0.30088 0.19288 0.36483 0.14929 0.08256 0.03361 0.089376 0.19418 0.2385 0.2967 0.20023 0.3342 0.13087 0.08544 0.023878 0.065265 0.20299 0.15098 0.5811 -0.043083 0.2476 0.1033 0.1425 -0.095418 0.097064 -0.037157 0.11977 0.33014 0.28795 -0.09292 -0.18867 0.040164 0.50041 0.3953 -0.13076 0.20442 0.37987 0.61582 0.3615 0.64591 0.061395 0.18607 0.2668 0.31919 0.37338 0.32806 0.59856 -0.12498 0.019572 0.52337 0 0.16905 0.5582 -0.0020894 0.2387 0.059809 0.1009 -0.042638 0.069618 -3.6534e-05 0.12427 0.3285 0.26156 -0.066256 -0.14446 0.058631 0.46709 0.50463 -0.091158 0.34027 0.36891 0.54062 0.41126 0.6129 0.16804 0.20329 0.27022 0.34665 0.32292 0.28799 0.65658 -0.12741 -0.032883 0.42911 0.78322
-0.047786 -0.12511 -0.029041 -0.015986 -0.0093994 0.021571 0.090623 -0.024049 -0.038289 -0.14702 -0.14721 -0.029382 0.007794 -0.019369 0.03378 0.098149 -0.017552 -0.010182 0.67879 0.025652 0.052181 0.068494 0.016098 0.2377 0.039765 0.12879 -0.17665 0.14372 0.083815 0.075145 -0.065358 0.241 0.023103 0.031912 0.28291 0.0056582 0.29698 -0.030019 0.050568 -0.078783 0.13449 -0.064251 -0.10135 0.0061715 0.039487 0.067788 0.59001 0.19848 0.028919 0.092772 0.23269 0.16905 0 0.036979 0.18273 0.073322 0.031483 0.26439 0.15647 0.19657 -0.16756 0.093364 0.1136 0.068056 -0.055017 0.40255 0.037878 0.050781 0.41841 0.17245 0.45778 -0.058915 0.0944 -0.042034 0.17447 0.00014484 -0.054894 0.038824 0.23702 0.057747 0.7169 0.21907 0.038623 0.16477 0.20664 0.15901
