0,0.349160254001617,0.276112735271454,0.289560317993164,0.0907808691263199,-0.00807217974215746,-0.0918079316616058,0.0664247646927834,0.218052521348,0.737300515174866,0.432409912347794,0.366384118795395,0.308421730995178,0.122536897659302,-0.00468374136835337,-0.0989232733845711,0.0462439171969891,0.273841679096222,-0.158684894442558,0.243987843394279,0.0410556755959988,0.0155032491311431,0.0224200524389744,-0.0606889016926289,0.0327956825494766,0.126867070794106,0.0908582136034966,0.0321270413696766,0.187315762042999,0.0351900234818459,-0.161983877420425,-0.124813906848431,0.00702160969376564,0.127054616808891,0.083431713283062,-0.0786132216453552,0.000300414860248566,0.161736473441124,0.0788340047001839,0.364936858415604,0.0827318802475929,0.179995462298393,0.10070937871933,0.346462547779083,0.0180750340223312,0.182843014597893,-0.177903443574905,0.335548609495163,-0.101423822343349,-0.0705987140536308,0.0448041036725044,0.23956324160099,-0.0477862060070038,0.290518373250961,0.400672733783722,0.0174721367657185,0.0332363359630108,-0.0777755752205849,0.342922925949097,0.237112984061241,0.19253771007061,0.0119306296110153,0.321541488170624,0.00405167508870363,-0.0351997911930084,0.118795327842236,0.0207967758178711,0.138427197933197,0.384209603071213,0.182276159524918,0.295908629894257,0.177547112107277,0.0824315994977951,0.455078899860382,0.184305429458618,0.308337092399597,0.181524902582169,0.58964729309082,0.386347562074661,0.206828996539116,-0.135281294584274,0.527791380882263,-0.00492159416899085,-0.0864936038851738,0.0607109777629375,0.290044665336609
0.349160254001617,0,0.262429714202881,0.287570774555206,0.117518030107021,0.0102271074429154,-0.0801098123192787,0.0755580589175224,0.229827478528023,0.366472065448761,0.516263127326965,0.280749082565308,0.272909849882126,0.107381448149681,-0.00764909666031599,-0.0990175679326057,0.0607960410416126,0.21812741458416,-0.114392712712288,0.280722707509995,0.0440442264080048,0.105479031801224,0.0204719845205545,-0.0511705130338669,0.0592749640345573,0.0464607737958431,0.145995184779167,0.0845284089446068,0.151097550988197,0.14474980533123,-0.0346237048506737,-0.109850861132145,0.0107823805883527,0.176185414195061,0.112986676394939,-0.0737541988492012,0.00348267052322626,0.254360914230347,0.138769954442978,0.348168790340424,0.120491787791252,0.197747379541397,0.17316347360611,0.223006471991539,0.163776859641075,0.133592218160629,-0.112406112253666,0.238704293966293,-0.0486965142190456,-0.0639716908335686,0.18507182598114,0.300883114337921,-0.125111237168312,0.274837732315063,0.0597832538187504,0.103665314614773,0.0197943765670061,-0.0719136223196983,0.0619522109627724,-0.001505984691903,0.135620445013046,0.0761611610651016,0.138761892914772,0.1028106585145,-0.0130985146388412,-0.0930332317948341,-0.0172100439667702,0.109983399510384,0.163693591952324,-0.0396734178066254,0.0752438604831696,0.286716878414154,0.0860440954566002,0.328747779130936,0.0985579267144203,0.188878834247589,0.164095714688301,0.190232679247856,0.16813500225544,0.072946660220623,-0.125575795769691,0.227714121341705,-0.0490455366671085,-0.0790305286645889,0.168236538767815,0.278644472360611
0.276112735271454,0.262429714202881,0,0.407118231058121,0.103536948561668,0.0361504554748535,-0.0183006133884192,0.149601712822914,0.152721792459488,0.295132905244827,0.286238223314285,0.597387075424194,0.396204710006714,0.0728864520788193,0.0289131049066782,-0.0374418869614601,0.123125433921814,0.160209253430367,-0.0367534942924976,0.207905694842339,0.111201085150242,0.0205728951841593,0.0100595038384199,-0.0402040034532547,0.0205080974847078,0.0415114425122738,0.0819743797183037,0.0107284896075726,0.193465977907181,0.0442231819033623,-0.0060224886983633,-0.0721116065979004,-0.0237018615007401,0.0526253618299961,0.221273273229599,-0.01808444224298,0.130042836070061,0.117840282618999,0.00978768244385719,0.204618647694588,0.0770220682024956,0.090763196349144,0.179221227765083,0.249420300126076,0.197699666023254,0.0591957569122314,-0.0697552040219307,0.176156669855118,-0.0523488186299801,-0.0518468432128429,0.0802884921431541,0.192880436778069,-0.029040927067399,0.18260170519352,0.104366227984428,0.00447758100926876,0.0380216017365456,-0.0573190823197365,0.0222023967653513,0.0230132527649403,0.0672945454716682,0.0127408653497696,0.164085552096367,0.0137784173712134,0.00345342489890754,-0.0777811259031296,-0.0112686045467854,0.029118787497282,0.197615176439285,-0.0245859809219837,0.138486310839653,0.125999510288239,-0.0133728701621294,0.20518895983696,0.0867142453789711,0.0792985036969185,0.126561358571053,0.169353902339935,0.155862972140312,0.0143820336088538,-0.0703828111290932,0.173634305596352,-0.0613634027540684,-0.0539419651031494,0.0878474488854408,0.181451752781868
0.289560317993164,0.287570774555206,0.407118231058121,0,0.196566492319107,0.00990035105496645,-0.00919639132916927,0.10883192718029,0.147275686264038,0.26602777838707,0.294975072145462,0.390683382749557,0.664936065673828,0.132502794265747,0.00388448406010866,-0.0206421334296465,0.100957773625851,0.155313670635223,-0.0507919304072857,0.30888420343399,-0.0365524180233479,0.0505609288811684,0.00984466820955276,-0.0196718517690897,-0.100452072918415,0.00740315299481153,0.00618657097220421,0.0289614778012037,0.147437483072281,0.0658541917800903,-0.0363199785351753,-0.16594310104847,-0.0211387109011412,0.202769994735718,0.178069949150085,-0.105328842997551,0.0525373332202435,0.149412766098976,0.202412754297256,0.219343528151512,0.292194366455078,0.0383412502706051,0.134945049881935,0.16008822619915,0.169478893280029,0.123045295476913,-0.0190058704465628,0.256232649087906,-0.0682483017444611,-0.0261029675602913,0.145850419998169,0.364831835031509,-0.0159858576953411,0.296403288841248,0.0199352353811264,0.0506876297295094,0.0131939938291907,-0.0385128632187843,-0.0525358431041241,-0.0204499382525682,0.020452942699194,0.0298467222601175,0.15718948841095,0.0461139157414436,-0.0295067094266415,-0.136229187250137,0.00410137744620442,0.162604540586472,0.268781363964081,-0.065886102616787,0.15583573281765,0.166110590100288,0.130938857793808,0.258035778999329,0.275433272123337,0.0775214582681656,0.139420494437218,0.18265101313591,0.190874502062798,0.0982848852872849,-0.0365315265953541,0.314689695835114,-0.0621514916419983,-0.0573979765176773,0.138146921992302,0.361326903104782
0.0907808691263199,0.117518030107021,0.103536948561668,0.196566492319107,0,-0.00416319817304611,-0.0197227131575346,0.0198293682187796,0.0563920959830284,0.100080132484436,0.112191826105118,0.115603007376194,0.171740233898163,0.0500225834548473,-0.00511048175394535,-0.0317399464547634,0.0232572741806507,0.0636008381843567,-0.0179227255284786,0.109514020383358,-0.00328387063927948,0.00923028122633696,0.0136488042771816,-0.0144904684275389,-0.0240801237523556,0.000809438352007419,-0.00754508236423135,-0.0122130308300257,0.0712664872407913,0.0117060393095016,-0.0323605798184872,-0.0380991138517857,-0.0103209251537919,0.0284435134381056,0.0696663185954094,-0.00137589138466865,0.0468674972653389,0.0615085326135159,0.0810233652591705,0.0967784374952316,0.0941964909434319,0.0111527573317289,0.0537236481904984,0.0725497156381607,0.0636162161827087,0.0164605733007193,0.00523292692378163,0.111365489661694,-0.0300160497426987,-0.0235284343361855,0.0707762017846107,0.149286702275276,-0.00939943268895149,0.116850286722183,-0.0170967951416969,0.0018174055730924,-0.0153925940394402,-0.0352701619267464,-0.039618231356144,-0.0142110539600253,-0.00605765683576465,-0.00630966480821371,0.0657479465007782,0.000782299612183124,-0.0241934601217508,-0.0499689616262913,-0.0190211273729801,0.0298907104879618,0.0888452455401421,-0.0143119376152754,0.063781850039959,0.0611134134232998,0.063207320868969,0.0830862373113632,0.0844733342528343,-0.000318984501063824,0.0283864941447973,0.0464340150356293,0.0496710613369942,-0.00590241188183427,-0.0106305172666907,0.107880443334579,-0.0428350828588009,-0.0244372207671404,0.0540637001395226,0.13552151620388
-0.00807217974215746,0.0102271074429154,0.0361504554748535,0.00990035105496645,-0.00416319817304611,0,0.170735463500023,0.0242440719157457,0.0861633270978928,0.0628536120057106,-0.00482186116278172,0.0219814348965883,0.00182944093830884,-0.0174904819577932,0.447407603263855,0.172996610403061,0.0431777909398079,0.0707090795040131,0.0620085932314396,0.0462364293634892,0.139279127120972,0.106235027313232,0.142099961638451,0.225290417671204,0.250872731208801,0.128105670213699,0.34686204791069,0.141477018594742,0.0858619511127472,0.133675560355186,0.305995523929596,0.215130001306534,0.276043623685837,0.0822457671165466,-0.0354680381715298,0.0155168203637004,-0.0232173353433609,0.0938705429434776,0.0971489995718002,0.107400737702847,0.0555361546576023,0.274315804243088,0.233645111322403,0.00393121736124158,0.179015293717384,0.0899576619267464,0.217252358794212,-0.0641674250364304,0.0525875091552734,0.155245691537857,0.115162268280983,0.0825595781207085,0.0215711463242769,0.030949218198657,-0.00452774716541171,0.0860041528940201,0.0900750905275345,0.219099596142769,0.132321253418922,0.0963826328516006,0.295160263776779,0.146020278334618,0.0143290823325515,0.122700445353985,0.285511821508408,0.134837031364441,0.239025086164474,0.0729082375764847,-0.118377044796944,-0.0543442144989967,-0.0928195640444756,0.0693546235561371,0.103649958968163,0.0428707264363766,0.054806787520647,0.228626877069473,0.160811722278595,-0.0886308327317238,0.0731775164604187,0.0567002706229687,0.187450081110001,-0.0986422896385193,0.052081260830164,0.126967877149582,0.101371712982655,0.0516191758215427
-0.0918079316616058,-0.0801098123192787,-0.0183006133884192,-0.00919639132916927,-0.0197227131575346,0.170735463500023,0,-0.0107033355161548,-0.00552055984735489,-0.0373569913208485,-0.107132948935032,-0.043432742357254,-0.0313373394310474,-0.0267929043620825,0.180022403597832,0.256059974431992,-0.00930489040911198,-0.0315049141645432,0.155311778187752,-0.032557275146246,0.0535211898386478,0.0263603180646896,0.0790410339832306,0.181826770305634,0.0686672031879425,0.134758144617081,-0.000624083855655044,0.0721059069037437,0.0175275765359402,0.0421743355691433,0.168416306376457,0.168350085616112,0.0717150196433067,0.023750327527523,0.0287339631468058,0.073278971016407,0.0745662674307823,-0.0141740404069424,0.0577525720000267,-0.123357959091663,0.0741141960024834,-0.0350878424942493,-0.00311649148352444,-0.119725689291954,0.0628763735294342,0.0365180559456348,0.235087409615517,-0.0524156540632248,0.038076288998127,0.136081010103226,0.0136473495513201,0.0336096100509167,0.0906228572130203,-0.0500155761837959,-0.0671647265553474,0.018335897475481,0.0297781806439161,0.160237073898315,-0.0364321283996105,0.0797393620014191,-0.0303552970290184,0.0614755488932133,-0.0278098043054342,0.0379551611840725,0.0928601995110512,0.0832435786724091,0.0581231601536274,0.0267333406955004,-0.057195246219635,-0.0217281132936478,-0.0272279866039753,-0.0315971598029137,0.0631453692913055,-0.141335263848305,0.0723321586847305,-0.057234950363636,-0.0236523896455765,-0.187903597950935,-0.0269675776362419,0.0410411134362221,0.191001802682877,-0.115995578467846,0.0252755377441645,0.113654412329197,-8.62162560224533e-05,-0.00235846941359341
0.0664247646927834,0.0755580589175224,0.149601712822914,0.10883192718029,0.0198293682187796,0.0242440719157457,-0.0107033355161548,0,0.0523978620767593,0.0447381883859634,0.0788427516818047,0.133096113801003,0.106025107204914,0.0134358592331409,0.0338364392518997,-0.00192635646089911,0.113350369036198,0.0676923543214798,-0.0333767794072628,0.0913289189338684,-0.0560712516307831,0.0284322965890169,0.00273865717463195,-0.00571985216811299,-0.0374758169054985,-0.0180563405156136,0.0617328099906445,0.0228589028120041,0.027407044544816,0.0187610667198896,0.0675018131732941,-0.0541057847440243,0.0230382885783911,0.0496356822550297,-0.0259767826646566,-0.0823365747928619,-0.0749564245343208,0.0554015934467316,0.0232907310128212,0.0729339495301247,0.013931680470705,0.0517212003469467,0.121214672923088,0.00174085993785411,0.0138987395912409,0.0124846827238798,0.00507983472198248,0.00190147012472153,-0.00584820797666907,0.00104337150696665,0.0501408539712429,0.0893761441111565,-0.0240485388785601,0.0787661522626877,-0.0364497341215611,0.0304768308997154,-0.00239119958132505,0.000279678963124752,-0.0142308017238975,0.00507760280743241,0.0741418451070786,0.0361766144633293,0.0352822095155716,0.00885447114706039,0.0662054046988487,-0.0375222079455853,0.0100293578580022,0.0448100082576275,0.00434113340452313,-0.0789181441068649,-0.0127501720562577,0.0609678737819195,0.0150858452543616,0.0823364332318306,0.0316018015146255,0.0617958530783653,0.105018086731434,0.0245139393955469,0.0370169430971146,0.0122380089014769,0.00959955155849457,0.056435339152813,-0.0128089468926191,-0.000910405768081546,0.0571680590510368,0.0915936753153801
0.218052521348,0.229827478528023,0.152721792459488,0.147275686264038,0.0563920959830284,0.0861633270978928,-0.00552055984735489,0.0523978620767593,0,0.232740223407745,0.240797236561775,0.137489810585976,0.142293646931648,0.0560322478413582,0.0758125260472298,-0.0250855293124914,0.0490823723375797,0.204893812537193,-0.0482182092964649,0.172619715332985,0.00585526041686535,0.0817927494645119,0.0187847930938005,0.0114816594868898,0.0301416423171759,0.00906223244965076,0.134529918432236,0.0305297449231148,0.0826886966824532,0.114768803119659,0.022127578034997,-0.0540529564023018,0.0662308037281036,0.120789624750614,0.0376145839691162,-0.0655786916613579,-0.0157366972416639,0.193314537405968,0.0976004153490067,0.198246464133263,0.0741377398371696,0.156320706009865,0.144190236926079,0.105572126805782,0.0774301588535309,0.0608685612678528,-0.00286561949178576,0.116118259727955,-0.029926385730505,-0.0246475208550692,0.131805628538132,0.194180935621262,-0.0382889918982983,0.179385229945183,0.0455965995788574,0.0749265998601913,0.0321216210722923,-0.00516900839284062,0.0599938854575157,0.017735606059432,0.150255560874939,0.0229315981268883,0.0965045616030693,0.101206906139851,0.0614127404987812,-0.0124316271394491,0.0390292257070541,0.0726253241300583,0.0914422869682312,-0.0342273898422718,0.0420616902410984,0.200091525912285,0.0776865929365158,0.192440569400787,0.0684764310717583,0.177765488624573,0.143533855676651,0.1127043440938,0.126022011041641,0.0296932272613049,-0.00359749351628125,0.151912659406662,-0.0354595333337784,-0.00514878146350384,0.133467823266983,0.183642864227295
0.737300515174866,0.366472065448761,0.295132905244827,0.26602777838707,0.100080132484436,0.0628536120057106,-0.0373569913208485,0.0447381883859634,0.232740223407745,0,0.336410701274872,0.286577343940735,0.227635338902473,0.107023634016514,0.0481111705303192,-0.0534921325743198,0.0376430861651897,0.237469106912613,-0.078950397670269,0.243850842118263,0.239916637539864,0.0370275899767876,0.0497123710811138,-0.0776813626289368,0.188090220093727,0.218296900391579,0.150618389248848,-0.0466120168566704,0.204248577356339,0.0400510542094707,-0.0163793731480837,0.0466027483344078,0.0422911196947098,0.205801978707314,0.214775830507278,0.082939438521862,0.180754363536835,0.164363533258438,0.280350267887115,0.314520865678787,0.280292928218842,0.229421839118004,0.0963015854358673,0.446272432804108,0.262988477945328,0.251072496175766,-0.120911553502083,0.378941386938095,-0.0221466012299061,-0.00593804568052292,0.0524646751582623,0.238504037261009,-0.147019848227501,0.186929553747177,0.112526513636112,0.0272075720131397,0.026601605117321,-0.085384912788868,0.0979315862059593,0.124228365719318,0.104140974581242,-0.0239612404257059,0.103674411773682,0.0302032344043255,-0.0146685894578695,0.0082891620695591,0.0297442618757486,0.139783874154091,0.139372915029526,0.0235732961446047,0.0521819330751896,0.179761692881584,0.166290894150734,0.27414858341217,0.175875827670097,0.148041665554047,0.0643168464303017,0.223489969968796,0.0914018228650093,0.102535255253315,-0.104648120701313,0.333258241415024,-0.0369607582688332,-0.0524693913757801,0.0667102783918381,0.204881176352501
0.432409912347794,0.516263127326965,0.286238223314285,0.294975072145462,0.112191826105118,-0.00482186116278172,-0.107132948935032,0.0788427516818047,0.240797236561775,0.336410701274872,0,0.341640174388885,0.324509859085083,0.124598011374474,-0.0149775939062238,-0.117380887269974,0.0972469821572304,0.262253642082214,-0.196867242455482,0.307492166757584,-0.023478465154767,0.0877323672175407,0.0134142301976681,-0.0686079263687134,0.00587937561795115,-0.0220303740352392,0.149917244911194,0.0704366341233253,0.133194863796234,0.126367166638374,-0.0646950751543045,-0.196491748094559,0.0122739989310503,0.125735327601433,0.0271805711090565,-0.15833206474781,-0.0762612149119377,0.261557787656784,0.0594948269426823,0.361834496259689,0.0681513622403145,0.202309057116508,0.198739349842072,0.196885332465172,0.0739876925945282,0.0958781763911247,-0.166232258081436,0.225044265389442,-0.0885684639215469,-0.0857800245285034,0.183743819594383,0.296696215867996,-0.147206827998161,0.322857022285461,0.153878942131996,0.0967656672000885,0.0105767669156194,-0.0952881053090096,0.14796045422554,-0.00174843345303088,0.203192606568336,0.0468741841614246,0.198481798171997,0.0879357233643532,-0.00592976016923785,-0.0657719150185585,0.00569216161966324,0.131301984190941,0.244954690337181,-0.0132571775466204,0.155566066503525,0.297844707965851,0.0439135022461414,0.415487438440323,0.1111925765872,0.271645128726959,0.218815296888351,0.317422240972519,0.271688669919968,0.0779199376702309,-0.148447722196579,0.315915942192078,-0.0380491465330124,-0.109983786940575,0.18282712996006,0.317589610815048
0.366384118795395,0.280749082565308,0.597387075424194,0.390683382749557,0.115603007376194,0.0219814348965883,-0.043432742357254,0.133096113801003,0.137489810585976,0.286577343940735,0.341640174388885,0,0.417881280183792,0.0928896740078926,0.0218528248369694,-0.0357447601854801,0.151647001504898,0.160465583205223,-0.0820023119449615,0.217045530676842,0.0531351938843727,-0.00820281077176332,-0.00832045916467905,-0.0563574247062206,-0.015141281299293,0.0170733314007521,0.0847507864236832,0.0239556077867746,0.189845249056816,0.0237570814788342,-0.0483089834451675,-0.140570238232613,-0.0280583631247282,0.0350258871912956,0.184903904795647,-0.0578706748783588,0.101225718855858,0.119240313768387,0.00266256299801171,0.232951283454895,0.0588626600801945,0.0697220712900162,0.182366237044334,0.221331089735031,0.113401085138321,0.0752379521727562,-0.0985498279333115,0.175270467996597,-0.0843349993228912,-0.0716516152024269,0.0783662050962448,0.200231641530991,-0.0293823406100273,0.247809067368507,0.179016590118408,-0.0301992613822222,0.0249664671719074,-0.0717609599232674,0.0786934122443199,0.0524408034980297,0.0912910178303719,0.00276050670072436,0.241153120994568,-0.00632339948788285,0.00429709674790502,-0.053449671715498,0.0065083340741694,0.0399996638298035,0.280662059783936,0.0456919074058533,0.228397384285927,0.12820728123188,-0.0484761111438274,0.27672353386879,0.0746779665350914,0.121395036578178,0.193738833069801,0.281879842281342,0.227883011102676,0.0391396284103394,-0.092657059431076,0.239286065101624,-0.0541947335004807,-0.0586670599877834,0.0671891048550606,0.22321118414402
0.308421730995178,0.272909849882126,0.396204710006714,0.664936065673828,0.171740233898163,0.00182944093830884,-0.0313373394310474,0.106025107204914,0.142293646931648,0.227635338902473,0.324509859085083,0.417881280183792,0,0.150166258215904,0.00751314498484135,-0.0117205772548914,0.122152172029018,0.16554756462574,-0.0569793693721294,0.282049149274826,-0.0434665903449059,0.0463704355061054,0.014212092384696,-0.0232986677438021,-0.105364844202995,-0.00462787365540862,-0.00560288596898317,0.0525151565670967,0.137136101722717,0.0637650191783905,-0.0759623050689697,-0.176389560103416,-0.0227550119161606,0.171918973326683,0.151225745677948,-0.1227041259408,0.0413633920252323,0.154688894748688,0.128045976161957,0.224864467978477,0.231992408633232,0.0221749544143677,0.119842022657394,0.137307494878769,0.126303941011429,0.107819050550461,-0.0427246764302254,0.235057950019836,-0.0843350514769554,-0.0525239780545235,0.14191110432148,0.334202229976654,0.00779403233900666,0.302789598703384,0.037432324141264,0.0398970544338226,0.0182524546980858,-0.0212451294064522,-0.0403343215584755,0.0232138019055128,0.00861564837396145,0.0455590859055519,0.193610697984695,0.0432286784052849,-0.0461332872509956,-0.122679933905602,-0.00321411993354559,0.164842694997787,0.302256107330322,-0.0459927506744862,0.196391224861145,0.171010226011276,0.126795172691345,0.26104411482811,0.297267287969589,0.0782354399561882,0.136850699782372,0.206263035535812,0.205112874507904,0.101619176566601,-0.00954926013946533,0.33086496591568,-0.0862387344241142,-0.0490158647298813,0.136073291301727,0.39085841178894
0.122536897659302,0.107381448149681,0.0728864520788193,0.132502794265747,0.0500225834548473,-0.0174904819577932,-0.0267929043620825,0.0134358592331409,0.0560322478413582,0.107023634016514,0.124598011374474,0.0928896740078926,0.150166258215904,0,-0.00962024088948965,-0.0298788510262966,0.00653163576498628,0.0981536731123924,-0.0287322569638491,0.136239737272263,-0.0464166179299355,0.0246856529265642,0.0134799489751458,-0.0209849923849106,-0.033520445227623,-0.0232601966708899,0.0166278798133135,-0.00966609735041857,0.0343401916325092,0.027637992054224,-0.0317173562943935,-0.063100092113018,-0.000115032307803631,0.0623395927250385,0.0267112776637077,-0.0502087660133839,-0.0122186299413443,0.0734512209892273,0.0707235783338547,0.0962374657392502,0.0722230598330498,0.04288649559021,0.060253418982029,0.0433931015431881,0.0515082590281963,0.01909932307899,-0.0148906288668513,0.0857470482587814,-0.0432842783629894,-0.0162004716694355,0.0865904241800308,0.130866423249245,-0.019368777051568,0.112555488944054,0.00224166922271252,0.0254030991345644,0.00544524937868118,-0.023280456662178,-0.00637309160083532,-0.0133812511339784,0.0312918722629547,-0.0114686517044902,0.0379190109670162,0.0296166017651558,-0.0129967331886292,-0.0357718355953693,-0.00447289180010557,0.0745719522237778,0.0813003554940224,-0.0337758511304855,0.0589789897203445,0.0874109640717506,0.0751257389783859,0.0993180498480797,0.0927627086639404,0.0546909309923649,0.0758793354034424,0.0691648349165916,0.0970800593495369,0.0085264490917325,-0.016146307811141,0.123972184956074,-0.0261256415396929,-0.0284667387604713,0.0706161260604858,0.143818065524101
-0.00468374136835337,-0.00764909666031599,0.0289131049066782,0.00388448406010866,-0.00511048175394535,0.447407603263855,0.180022403597832,0.0338364392518997,0.0758125260472298,0.0481111705303192,-0.0149775939062238,0.0218528248369694,0.00751314498484135,-0.00962024088948965,0,0.218384847044945,0.039947759360075,0.0682982429862022,0.0525584630668163,0.044420912861824,0.128257051110268,0.0919664055109024,0.114556364715099,0.237301275134087,0.234852969646454,0.130074962973595,0.329902619123459,0.133720129728317,0.0895676985383034,0.114061571657658,0.313461780548096,0.18065470457077,0.278060406446457,0.0837092697620392,-0.0326011441648006,-0.0162201039493084,-0.0430593825876713,0.0757292062044144,0.0836860686540604,0.0871734246611595,0.0587677732110023,0.262284994125366,0.240183860063553,-0.018230352550745,0.166138380765915,0.0847470834851265,0.21839839220047,-0.074810117483139,0.0412704534828663,0.136052042245865,0.101086020469666,0.0854399278759956,0.0337804704904556,0.0471527278423309,0.0448337011039257,0.0803957134485245,0.106582820415497,0.234845250844955,0.162609472870827,0.138141259551048,0.30911248922348,0.122570835053921,0.0563450269401073,0.10863358527422,0.276007831096649,0.156167298555374,0.284803986549377,0.0733919516205788,-0.0850570350885391,-0.0550453998148441,-0.0687060803174973,0.0629518926143646,0.115466624498367,0.068758599460125,0.0591958165168762,0.250872731208801,0.178087458014488,-0.0649280175566673,0.0986608490347862,0.07903902977705,0.21181258559227,-0.0713976472616196,0.0339938700199127,0.145296975970268,0.10597637295723,0.0811462104320526
-0.0989232733845711,-0.0990175679326057,-0.0374418869614601,-0.0206421334296465,-0.0317399464547634,0.172996610403061,0.256059974431992,-0.00192635646089911,-0.0250855293124914,-0.0534921325743198,-0.117380887269974,-0.0357447601854801,-0.0117205772548914,-0.0298788510262966,0.218384847044945,0,0.0134802842512727,-0.00719849998131394,0.11762897670269,-0.0340761616826057,0.0500642396509647,0.0179911442101002,0.0771254599094391,0.170138359069824,0.0521568283438683,0.125514879822731,-0.010298409499228,0.0261615104973316,0.0182752665132284,0.0276465862989426,0.138994455337524,0.127620875835419,0.0927007123827934,0.0222517885267735,0.0104248970746994,0.0425388775765896,0.0487552210688591,-0.0592978000640869,0.0383676216006279,-0.113292992115021,0.0692997351288795,-0.0300867278128862,-0.000947252556215972,-0.103096164762974,0.0447037443518639,0.0356444865465164,0.197814434766769,-0.0587230883538723,0.0410769246518612,0.106545366346836,0.00616328604519367,0.0238777548074722,0.0981490984559059,-0.0391166731715202,-0.0216353442519903,0.00914720725268126,0.0438713133335114,0.179342001676559,-0.00549751752987504,0.128315687179565,-0.0289386697113514,0.022309236228466,-0.00749276718124747,0.0214118305593729,0.100023783743382,0.087015874683857,0.103885196149349,0.0269177034497261,-0.0188140776008368,-0.00782547332346439,0.0127957472577691,-0.070430301129818,0.0589063726365566,-0.132803335785866,0.0769870355725288,-0.0497572496533394,-0.0320574231445789,-0.140880197286606,-0.0164695642888546,0.0443210788071156,0.206665799021721,-0.0782922059297562,0.0257743149995804,0.133295997977257,-0.00205339677631855,0.0180933643132448
0.0462439171969891,0.0607960410416126,0.123125433921814,0.100957773625851,0.0232572741806507,0.0431777909398079,-0.00930489040911198,0.113350369036198,0.0490823723375797,0.0376430861651897,0.0972469821572304,0.151647001504898,0.122152172029018,0.00653163576498628,0.039947759360075,0.0134802842512727,0,0.0695010274648666,-0.024825993925333,0.0913561061024666,-0.0488342456519604,0.0318517200648785,0.0159838870167732,-0.00257138069719076,-0.0141012826934457,-0.0315058827400208,0.0813235491514206,0.035334900021553,0.0176035054028034,0.0336420685052872,0.0525447428226471,-0.0682743266224861,0.0102263689041138,0.0328247956931591,-0.0218602083623409,-0.0796477794647217,-0.0639468058943748,0.0513987503945827,0.00594533095136285,0.0696077942848206,-0.00385767174884677,0.0748749896883965,0.125087067484856,-0.00994191970676184,0.0249467417597771,0.00520534487441182,0.0116958012804389,-0.0270527005195618,-0.0151640977710485,-0.0161060988903046,0.0448275506496429,0.065264567732811,-0.0175524260848761,0.0780733302235603,-0.0404441095888615,0.0297713968902826,0.00798794813454151,0.0182217825204134,-0.0181935597211123,-0.0135556655004621,0.072045162320137,0.0300114434212446,0.0269376970827579,0.023532297462225,0.0510770864784718,-0.0354178696870804,0.0243677329272032,0.0368761904537678,-0.0112041160464287,-0.102324657142162,-0.0298359002918005,0.0533174239099026,-0.00401490367949009,0.0754664987325668,0.00184348435141146,0.0729037746787071,0.118548512458801,0.0210497099906206,0.0194794423878193,0.00498671364039183,0.018468651920557,0.0176009759306908,-0.0183044821023941,-0.000842964102048427,0.0473530776798725,0.0713054016232491
0.273841679096222,0.21812741458416,0.160209253430367,0.155313670635223,0.0636008381843567,0.0707090795040131,-0.0315049141645432,0.0676923543214798,0.204893812537193,0.237469106912613,0.262253642082214,0.160465583205223,0.16554756462574,0.0981536731123924,0.0682982429862022,-0.00719849998131394,0.0695010274648666,0,-0.0616285316646099,0.175347536802292,0.0303407404571772,0.0647881552577019,0.0431698597967625,0.0103389946743846,0.0541404820978642,0.0273582637310028,0.125357657670975,0.0287305321544409,0.0962525904178619,0.105480693280697,0.0160512514412403,-0.0288712177425623,0.0730913951992989,0.0979387536644936,0.0301257334649563,-0.0599732622504234,-0.0104575464501977,0.18287518620491,0.0831354558467865,0.197815254330635,0.0672589987516403,0.1618512570858,0.145494908094406,0.114144191145897,0.0821255743503571,0.0606034249067307,0.0146264573559165,0.136722251772881,-0.0403188541531563,0.0232292972505093,0.184918567538261,0.202985212206841,-0.0101823750883341,0.193249553442001,0.097873367369175,0.0768188014626503,0.027325576171279,0.0110454652458429,0.103083238005638,0.038220152258873,0.151139244437218,0.0311260633170605,0.121909685432911,0.0956991016864777,0.0656012445688248,0.0181230511516333,0.0572945065796375,0.112741708755493,0.124052695930004,0.0111058708280325,0.0882771164178848,0.200727477669716,0.0793769806623459,0.213512688875198,0.0890746265649796,0.197084113955498,0.149573773145676,0.154543951153755,0.166854724287987,0.0576551146805286,0.0173702035099268,0.176204949617386,0.000454053253633901,7.03576952219009e-05,0.143721878528595,0.223802760243416
-0.158684894442558,-0.114392712712288,-0.0367534942924976,-0.0507919304072857,-0.0179227255284786,0.0620085932314396,0.155311778187752,-0.0333767794072628,-0.0482182092964649,-0.078950397670269,-0.196867242455482,-0.0820023119449615,-0.0569793693721294,-0.0287322569638491,0.0525584630668163,0.11762897670269,-0.024825993925333,-0.0616285316646099,0,-0.0182963013648987,0.229521676898003,0.0449851863086224,0.0431023128330708,0.259351074695587,0.184604853391647,0.258315205574036,-0.188267529010773,0.093576692044735,0.083009198307991,0.0760087892413139,-0.00767284678295255,0.533854722976685,-0.00416069803759456,0.00438017584383488,0.504172146320343,0.220164999365807,0.554114103317261,-0.0424500368535519,0.0847052335739136,-0.0958135724067688,0.190832272171974,-0.0737514793872833,-0.144825279712677,0.0373018682003021,0.1662777364254,0.104751281440258,0.736555218696594,0.26167568564415,0.0933082103729248,0.156001955270767,0.179436951875687,0.150977119803429,0.678791522979736,-0.0387507379055023,0.047703642398119,0.0266751088202,0.0206504017114639,0.224551439285278,0.0212111063301563,0.185631185770035,-0.217257782816887,0.0905247628688812,0.0113496715202928,0.0682187452912331,-0.0776832699775696,0.288963198661804,0.0277839824557304,0.0275822151452303,0.242216274142265,0.155826851725578,0.259763389825821,-0.0728789195418358,0.12698470056057,-0.158127412199974,0.146096989512444,-0.139325425028801,-0.127072632312775,-0.0797714740037918,0.0135970236733556,0.0779026672244072,0.631216168403625,0.0903335586190224,0.0396100468933582,0.164153426885605,0.178115919232368,0.114533506333828
0.243987843394279,0.280722707509995,0.207905694842339,0.30888420343399,0.109514020383358,0.0462364293634892,-0.032557275146246,0.0913289189338684,0.172619715332985,0.243850842118263,0.307492166757584,0.217045530676842,0.282049149274826,0.136239737272263,0.044420912861824,-0.0340761616826057,0.0913561061024666,0.175347536802292,-0.0182963013648987,0,-0.110371649265289,0.186328917741776,0.0525096952915192,0.034099206328392,-0.112048037350178,-0.00554068526253104,0.00962923560291529,0.0329611897468567,0.207817733287811,0.209741696715355,-0.0973104014992714,-0.259567558765411,0.011849120259285,0.408088028430939,0.207606509327888,-0.224536508321762,0.0140897845849395,0.299953758716583,0.341534346342087,0.430398136377335,0.413074731826782,0.101513281464577,0.283134341239929,0.261728465557098,0.338955044746399,0.275956630706787,0.0652263984084129,0.392106980085373,-0.121994882822037,-0.0440102852880955,0.305417865514755,0.58109974861145,0.0256517566740513,0.599852442741394,-0.094774566590786,0.196444243192673,0.0143257882446051,0.0244095884263515,-0.103981144726276,0.013059220276773,0.0580043308436871,0.0416358336806297,0.188252106308937,0.183439627289772,-0.0467555075883865,-0.227309793233871,0.0344017744064331,0.385502815246582,0.310552358627319,-0.231973558664322,0.114111386239529,0.298633605241776,0.295400261878967,0.448957353830338,0.404307037591934,0.167769506573677,0.281148463487625,0.244034618139267,0.306403964757919,0.222198441624641,0.0560412108898163,0.470243185758591,-0.151132956147194,-0.0783793181180954,0.254142194986343,0.567383646965027
0.0410556755959988,0.0440442264080048,0.111201085150242,-0.0365524180233479,-0.00328387063927948,0.139279127120972,0.0535211898386478,-0.0560712516307831,0.00585526041686535,0.239916637539864,-0.023478465154767,0.0531351938843727,-0.0434665903449059,-0.0464166179299355,0.128257051110268,0.0500642396509647,-0.0488342456519604,0.0303407404571772,0.229521676898003,-0.110371649265289,0,-0.130494356155396,0.0720936208963394,0.177582010626793,0.719416260719299,0.555377781391144,0.192734807729721,-0.0505568310618401,0.2842036485672,-0.0836126431822777,0.124886266887188,0.50599879026413,0.162033557891846,-0.0780442208051682,0.563070833683014,0.467345893383026,0.560767769813538,-0.111468270421028,-0.0107258539646864,0.102933838963509,0.120448730885983,0.301732271909714,-0.0414316691458225,0.715467751026154,0.417643815279007,0.37428417801857,0.0750836282968521,0.449468612670898,0.0192406568676233,0.0134729780256748,-0.0081748403608799,-0.0430832915008068,0.0521810874342918,-0.111481174826622,0.654110789299011,-0.185612797737122,0.066916786134243,0.105617858469486,0.529590964317322,0.314703077077866,0.061604131013155,-0.0230671819299459,0.0938915386795998,-0.0796476528048515,0.0634342133998871,0.337912499904633,0.123961143195629,-0.0671919956803322,0.264116197824478,0.358728319406509,0.229930132627487,-0.11889635771513,-0.00079480541171506,-0.0130643881857395,0.0494746156036854,0.148506134748459,-0.117671139538288,0.27428787946701,0.102465882897377,0.170668765902519,0.0641009882092476,0.0976400449872017,0.0786311477422714,0.0272745806723833,0.000235100742429495,-0.0998265147209167
0.0155032491311431,0.105479031801224,0.0205728951841593,0.0505609288811684,0.00923028122633696,0.106235027313232,0.0263603180646896,0.0284322965890169,0.0817927494645119,0.0370275899767876,0.0877323672175407,-0.00820281077176332,0.0463704355061054,0.0246856529265642,0.0919664055109024,0.0179911442101002,0.0318517200648785,0.0647881552577019,0.0449851863086224,0.186328917741776,-0.130494356155396,0,0.0216387044638395,0.374451994895935,0.0925263985991478,-0.11807470023632,0.148075297474861,0.261451929807663,0.0494613982737064,0.929580092430115,0.0125623969361186,-0.137632563710213,0.166402384638786,0.35124084353447,-0.067578986287117,-0.189601868391037,-0.136505946516991,0.887327075004578,0.293322622776031,0.114025287330151,0.276816606521606,0.318162947893143,0.085584320127964,-0.00808545481413603,0.093043252825737,0.675768196582794,0.176905155181885,0.0426906570792198,-0.0282338634133339,0.0193013083189726,0.215856924653053,0.247601643204689,0.0684942752122879,0.185669362545013,-0.214144170284271,0.976762771606445,0.0114332195371389,0.41538867354393,-0.00360604864545166,-0.0503138601779938,0.193153589963913,0.344407230615616,0.0159090757369995,0.92059201002121,-0.00649173744022846,-0.170108988881111,0.18345719575882,0.326513588428497,-0.0796368420124054,-0.241486966609955,-0.137146934866905,0.85187155008316,0.33765971660614,0.114040859043598,0.300393581390381,0.359691619873047,0.101850882172585,-0.0506327152252197,0.024690255522728,0.618133783340454,0.153342619538307,0.0826234966516495,-0.0647010207176208,0.016986520960927,0.177232667803764,0.229870796203613
0.0224200524389744,0.0204719845205545,0.0100595038384199,0.00984466820955276,0.0136488042771816,0.142099961638451,0.0790410339832306,0.00273865717463195,0.0187847930938005,0.0497123710811138,0.0134142301976681,-0.00832045916467905,0.014212092384696,0.0134799489751458,0.114556364715099,0.0771254599094391,0.0159838870167732,0.0431698597967625,0.0431023128330708,0.0525096952915192,0.0720936208963394,0.0216387044638395,0,0.165955975651741,0.112418085336685,0.149280220270157,0.0658562928438187,0.0435067564249039,0.0975432768464088,0.0460977405309677,0.0987316146492958,0.10990871489048,0.102718994021416,0.0306627228856087,0.0672787129878998,0.0366236940026283,0.0710404068231583,0.0285870227962732,0.0484682284295559,0.0457760170102119,0.0557200275361538,0.0518220514059067,0.0666380077600479,0.0436549372971058,0.0709695592522621,0.0926507636904716,0.108757995069027,0.0671388506889343,0.0309677757322788,0.106570392847061,0.051647137850523,0.103295110166073,0.0160982310771942,0.0258602648973465,0.0382670797407627,0.0109096392989159,0.0578259415924549,0.139315828680992,0.0816564336419106,0.12118561565876,0.063126266002655,0.0360671170055866,0.0617400482296944,0.0451206751167774,0.0886211320757866,0.0762324780225754,0.0921306312084198,0.00818407349288464,0.0527033694088459,0.0126945646479726,0.04613146930933,0.0207000374794006,0.0412006974220276,0.0336229465901852,0.0480180382728577,0.0647289156913757,0.0382845066487789,-0.00636093458160758,0.045312475413084,0.0788074284791946,0.0829789042472839,0.0406844168901443,0.015572490170598,0.0515154972672462,0.0327935665845871,0.0925884395837784
-0.0606889016926289,-0.0511705130338669,-0.0402040034532547,-0.0196718517690897,-0.0144904684275389,0.225290417671204,0.181826770305634,-0.00571985216811299,0.0114816594868898,-0.0776813626289368,-0.0686079263687134,-0.0563574247062206,-0.0232986677438021,-0.0209849923849106,0.237301275134087,0.170138359069824,-0.00257138069719076,0.0103389946743846,0.259351074695587,0.034099206328392,0.177582010626793,0.374451994895935,0.165955975651741,0,0.323448151350021,0.355018615722656,0.0801175832748413,0.574723482131958,0.103122875094414,0.558832466602325,0.172583624720573,0.200054049491882,0.334348380565643,0.11498662084341,0.125272154808044,0.0227270927280188,0.0884044021368027,0.32432547211647,0.10161167383194,-0.0449441894888878,0.144929841160774,0.125993460416794,0.0404766574501991,-0.0137630244717002,0.0947658643126488,0.545610547065735,0.338678598403931,0.00970121752470732,0.0648421868681908,0.156203091144562,0.126458391547203,0.142496377229691,0.237704962491989,0.0556738190352917,0.0550636686384678,0.343484401702881,0.108051605522633,0.827119827270508,0.219167456030846,0.366772890090942,0.0875243991613388,0.541250765323639,0.0728940144181252,0.555683612823486,0.134244829416275,0.188198894262314,0.363785415887833,0.126558363437653,0.117054373025894,-0.0323828980326653,0.131635725498199,0.250247657299042,0.152940452098846,-0.0301382225006819,0.188974946737289,0.177318751811981,0.0392429828643799,-0.0650130659341812,0.0576638877391815,0.55168890953064,0.274151980876923,0.0116494987159967,0.046670950949192,0.143770813941956,0.0968900471925735,0.106779783964157
