0 0.34562 0.27996 0.28828 0.087542 -0.0061252 -0.091483 0.063296 0.2163 0.72628 0.4236 0.36623 0.30214 0.11348 -0.00047977 -0.097659 0.04498 0.27044 -0.14558 0.24278 0.07402 -0.02511 0.025538 -0.061119 0.078803 0.14386 0.10746 0.018776 0.20066 -0.0064464 -0.14573 -0.094255 0.01553 0.12139 0.095907 -0.049979 0.023376 0.11626 0.054632 0.37452 0.073844 0.20274 0.10515 0.37596 0.058699 0.16315 -0.16604 0.35676 -0.093809 -0.061755 0.043592 0.23674 -0.016401 0.28616 0.40955 -0.017583 0.034577 -0.089161 0.36065 0.23472 0.19808 0.0011543 0.32356 -0.039263 -0.022156 0.12417 0.022192 0.13631 0.38694 0.19656 0.29446 0.13081 0.058117 0.45318 0.16984 0.31972 0.18359 0.58631 0.40243 0.1766 -0.12438 0.53214 0.0023991 -0.081366 0.057639 0.28457
0.34562 0 0.25841 0.28202 0.11606 0.0080244 -0.083783 0.074397 0.22495 0.35693 0.50525 0.27662 0.26617 0.10061 -0.0091258 -0.099832 0.059746 0.21696 -0.10742 0.27025 0.047362 0.088077 0.020642 -0.061624 0.061959 0.040017 0.14407 0.077029 0.15324 0.12511 -0.034742 -0.1089 0.01049 0.16345 0.11588 -0.064508 0.011848 0.23456 0.11809 0.34292 0.10841 0.19812 0.16692 0.22847 0.1713 0.11724 -0.1137 0.23794 -0.05012 -0.059145 0.17565 0.2935 -0.11492 0.26575 0.068255 0.087042 0.014734 -0.085024 0.069083 -0.007242 0.13276 0.073677 0.13833 0.080497 -0.011755 -0.093295 -0.017396 0.096235 0.16613 -0.027834 0.079137 0.26722 0.063172 0.32351 0.083261 0.18841 0.15857 0.19893 0.16973 0.05607 -0.12444 0.22792 -0.048781 -0.076636 0.15966 0.26845
0.27996 0.25841 0 0.40161 0.11028 0.033229 -0.023218 0.14797 0.14523 0.29269 0.28198 0.58745 0.3901 0.070254 0.025348 -0.033186 0.12551 0.15948 -0.029822 0.21544 0.12285 0.0038463 0.012244 -0.0427 0.037305 0.053519 0.084334 0.0030712 0.20293 0.02683 -0.009331 -0.067706 -0.027694 0.048802 0.23586 -0.0058661 0.14119 0.095691 -0.0010621 0.21526 0.072402 0.093813 0.18322 0.26383 0.20844 0.054374 -0.065818 0.19533 -0.05576 -0.048043 0.082375 0.19436 -0.020013 0.19211 0.12164 -0.011959 0.033823 -0.065708 0.037676 0.027766 0.06757 0.011666 0.17255 -0.0054627 0.0034079 -0.070164 -0.017201 0.025438 0.21166 -0.016232 0.14817 0.10432 -0.023496 0.21444 0.084179 0.082996 0.13526 0.19056 0.1747 0.0099984 -0.06632 0.19276 -0.062312 -0.053365 0.090981 0.18714
0.28828 0.28202 0.40161 0 0.20461 0.012102 -0.011698 0.11439 0.14579 0.26632 0.29207 0.38551 0.65236 0.12989 0.0044966 -0.019562 0.10032 0.15471 -0.049278 0.31161 -0.022853 0.039862 0.013922 -0.020187 -0.081945 0.017213 0.0093115 0.026391 0.15778 0.052315 -0.030065 -0.1548 -0.022421 0.19404 0.18542 -0.089749 0.064633 0.13142 0.17956 0.22829 0.28292 0.045492 0.1405 0.17631 0.18237 0.11947 -0.018891 0.26212 -0.073649 -0.023095 0.14163 0.36059 -0.012743 0.301 0.026007 0.041162 0.010663 -0.038586 -0.039933 -0.012523 0.02461 0.032904 0.16013 0.031511 -0.021512 -0.13085 0.0057118 0.15736 0.26908 -0.055065 0.15356 0.14861 0.11235 0.26229 0.26669 0.083062 0.14366 0.19316 0.19743 0.09567 -0.035329 0.31798 -0.067719 -0.057501 0.13385 0.36026
0.087542 0.11606 0.11028 0.20461 0 -0.00031214 -0.017237 0.02235 0.057936 0.10051 0.10353 0.11785 0.1751 0.046517 -0.0031752 -0.024232 0.024469 0.062833 -0.015349 0.1082 0.0047577 0.0040839 0.010803 -0.010626 -0.015647 0.0075073 -0.0048335 -0.0098373 0.074802 0.0078133 -0.024567 -0.032232 -0.010672 0.02165 0.074455 0.0056395 0.05573 0.050119 0.070432 0.098468 0.092198 0.012071 0.058165 0.078315 0.071282 0.013795 0.0084612 0.11339 -0.031136 -0.02015 0.064836 0.14754 -0.0060965 0.117 -0.013702 -0.0035192 -0.013454 -0.033617 -0.034113 -0.012134 -0.00529 -0.0020066 0.066643 -0.0069405 -0.019621 -0.045157 -0.019196 0.026736 0.08965 -0.0068884 0.065815 0.052665 0.051208 0.081718 0.078431 0.00034525 0.031234 0.047816 0.053381 -0.0086734 -0.0086451 0.10712 -0.040937 -0.023779 0.045643 0.13349
-0.0061252 0.0080244 0.033229 0.012102 -0.00031214 0 0.16849 0.022163 0.083815 0.052887 -0.0032972 0.024436 0.0027893 -0.017537 0.43891 0.17482 0.040693 0.068808 0.064095 0.039766 0.13959 0.09172 0.13712 0.22203 0.2346 0.12403 0.33622 0.13522 0.083541 0.12111 0.30189 0.2067 0.27389 0.074163 -0.031928 0.021094 -0.022493 0.079957 0.091766 0.094362 0.054858 0.25917 0.23056 -0.0069402 0.16845 0.075695 0.22094 -0.074956 0.051752 0.15368 0.11228 0.081927 0.028244 0.027155 0.0087511 0.073001 0.091144 0.21368 0.12753 0.092057 0.28389 0.13794 0.01995 0.11037 0.28067 0.14045 0.23338 0.066888 -0.10823 -0.043251 -0.083127 0.059213 0.098876 0.03989 0.051385 0.21684 0.15868 -0.080706 0.080818 0.046309 0.18812 -0.10588 0.056754 0.12273 0.097833 0.053491
-0.091483 -0.083783 -0.023218 -0.011698 -0.017237 0.16849 0 -0.0093072 -0.0092699 -0.045876 -0.10969 -0.047945 -0.03218 -0.027559 0.17446 0.2556 -0.0095352 -0.035054 0.14523 -0.040144 0.045712 0.022803 0.074324 0.1779 0.058643 0.12737 -0.0070456 0.072987 0.0086212 0.037664 0.16026 0.16405 0.067845 0.016906 0.019716 0.072222 0.068772 -0.016559 0.057713 -0.12787 0.07159 -0.045746 -0.0047037 -0.13509 0.055254 0.028527 0.23178 -0.066526 0.038692 0.13372 0.011927 0.027688 0.088658 -0.052766 -0.062867 0.014916 0.029609 0.15742 -0.041073 0.074897 -0.033469 0.062242 -0.026068 0.034442 0.088153 0.086937 0.053823 0.021288 -0.058057 -0.016938 -0.025316 -0.033038 0.06481 -0.1428 0.073507 -0.066751 -0.024035 -0.18742 -0.022611 0.035223 0.1902 -0.12676 0.027407 0.10935 -0.0011316 -0.0054167
0.063296 0.074397 0.14797 0.11439 0.02235 0.022163 -0.0093072 0 0.055846 0.044779 0.081412 0.13172 0.11055 0.017106 0.032991 0.0035745 0.1103 0.066759 -0.036457 0.094825 -0.055728 0.02161 0.0020685 -0.010305 -0.042063 -0.020701 0.05813 0.016372 0.027746 0.011431 0.066266 -0.057245 0.023049 0.049739 -0.020944 -0.079809 -0.07182 0.048925 0.024961 0.074905 0.018563 0.047587 0.12274 0.0029043 0.017709 0.0075696 0.0070608 0.0041806 -0.004753 0.00044581 0.047613 0.089613 -0.021146 0.080766 -0.037753 0.025673 -0.0028446 -0.0018345 -0.018256 0.0027427 0.06923 0.031606 0.036251 0.005006 0.067141 -0.038674 0.010869 0.047729 0.0034994 -0.081901 -0.012164 0.055013 0.014392 0.081894 0.036403 0.06081 0.10473 0.022784 0.039099 0.0065124 0.014831 0.057204 -0.014867 0.0010232 0.05951 0.093748
0.2163 0.22495 0.14523 0.14579 0.057936 0.083815 -0.0092699 0.055846 0 0.2271 0.23426 0.13513 0.13953 0.050231 0.069305 -0.022945 0.051237 0.19937 -0.046839 0.16889 0.0076881 0.063941 0.020198 0.0018596 0.029723 0.0055978 0.12852 0.022874 0.081259 0.092076 0.018912 -0.053272 0.063823 0.11487 0.038291 -0.057856 -0.012462 0.1709 0.091242 0.19642 0.066888 0.15201 0.13969 0.10749 0.080455 0.050327 0.001671 0.11677 -0.033982 -0.021373 0.12546 0.18897 -0.031336 0.17629 0.046541 0.056879 0.027207 -0.016773 0.059482 0.01498 0.14619 0.017505 0.095539 0.079939 0.058708 -0.013541 0.033371 0.070918 0.089938 -0.029469 0.041776 0.17598 0.069376 0.19002 0.063383 0.1717 0.14317 0.11513 0.12804 0.019794 -0.00024099 0.15396 -0.033908 -0.0053041 0.12487 0.18022
0.72628 0.35693 0.29269 0.26632 0.10051 0.052887 -0.045876 0.044779 0.2271 0 0.33284 0.28994 0.22708 0.10081 0.042842 -0.057385 0.03618 0.23838 -0.06445 0.2419 0.24508 0.0047117 0.047897 -0.094439 0.20113 0.22024 0.14241 -0.062427 0.21145 0.006756 -0.02506 0.046562 0.036372 0.19019 0.22708 0.098033 0.18986 0.13271 0.25386 0.319 0.26791 0.22982 0.091557 0.45231 0.27825 0.22781 -0.12458 0.39608 -0.022814 -0.0065334 0.042345 0.23467 -0.12776 0.18717 0.13143 -0.0024689 0.025427 -0.10656 0.11393 0.12121 0.099426 -0.029669 0.11028 -0.0043938 -0.021876 0.0091267 0.021673 0.12895 0.1614 0.044063 0.068666 0.14518 0.14273 0.27215 0.16629 0.14859 0.063389 0.24576 0.10881 0.083279 -0.10651 0.34713 -0.039806 -0.056377 0.062098 0.20547
0.4236 0.50525 0.28198 0.29207 0.10353 -0.0032972 -0.10969 0.081412 0.23426 0.33284 0 0.33566 0.31735 0.11488 -0.01514 -0.1162 0.098375 0.25776 -0.18743 0.29891 -0.008816 0.069038 0.016645 -0.078617 0.020684 -0.01921 0.15152 0.058434 0.13631 0.10516 -0.058101 -0.18318 0.014912 0.11697 0.03652 -0.13824 -0.057415 0.23691 0.042723 0.35493 0.057431 0.20813 0.19637 0.21178 0.091577 0.080923 -0.16344 0.2266 -0.085605 -0.078628 0.17289 0.28575 -0.1316 0.31426 0.15636 0.08196 0.0072395 -0.10762 0.15556 -0.0062485 0.20001 0.042366 0.19374 0.063969 -0.0016267 -0.065281 0.0043346 0.12465 0.24383 -0.0012191 0.15328 0.27607 0.023726 0.40659 0.095453 0.27097 0.21235 0.31725 0.27085 0.060996 -0.14142 0.31696 -0.03863 -0.10361 0.17724 0.30831
0.36623 0.27662 0.58745 0.38551 0.11785 0.024436 -0.047945 0.13172 0.13513 0.28994 0.33566 0 0.41085 0.087714 0.022859 -0.033258 0.14959 0.15702 -0.073328 0.21951 0.07222 -0.023907 -0.0045801 -0.061002 0.0084304 0.032839 0.090645 0.011581 0.19782 0.0043077 -0.045531 -0.12929 -0.029353 0.0356 0.20015 -0.042779 0.11318 0.094 -0.0047759 0.23997 0.055753 0.081902 0.18663 0.24388 0.13447 0.066402 -0.096181 0.19418 -0.085252 -0.067573 0.0766 0.20071 -0.017932 0.25224 0.19527 -0.047699 0.021563 -0.079475 0.096226 0.05631 0.092118 -0.004263 0.2442 -0.026293 0.0074879 -0.045166 0.0052438 0.042012 0.29055 0.057001 0.23428 0.10227 -0.056324 0.28125 0.071982 0.13222 0.19747 0.29629 0.24645 0.026126 -0.088494 0.25266 -0.055016 -0.056704 0.068152 0.22755
0.30214 0.26617 0.3901 0.65236 0.1751 0.0027893 -0.03218 0.11055 0.13953 0.22708 0.31735 0.41085 0 0.14867 0.0058521 -0.012219 0.1237 0.16175 -0.055016 0.28678 -0.025925 0.035603 0.016985 -0.02831 -0.083586 0.0070223 -0.0031973 0.04411 0.14977 0.045665 -0.065772 -0.16003 -0.022414 0.16532 0.15935 -0.10269 0.055348 0.13004 0.10666 0.23333 0.22249 0.02699 0.1244 0.15758 0.14371 0.10401 -0.041983 0.24322 -0.086733 -0.048121 0.13351 0.33088 0.011497 0.30593 0.03693 0.029713 0.015407 -0.028156 -0.032638 0.026721 0.0079101 0.04392 0.19341 0.024765 -0.034038 -0.11915 -0.0058944 0.15757 0.29544 -0.03763 0.18749 0.14732 0.10565 0.26293 0.28811 0.07823 0.14014 0.21021 0.20483 0.096373 -0.0092169 0.33009 -0.088128 -0.05121 0.13385 0.38907
0.11348 0.10061 0.070254 0.12989 0.046517 -0.017537 -0.027559 0.017106 0.050231 0.10081 0.11488 0.087714 0.14867 0 -0.0093421 -0.030281 0.0084939 0.095321 -0.025969 0.13395 -0.037487 0.017294 0.01293 -0.020721 -0.024764 -0.019875 0.014689 -0.013191 0.036309 0.016342 -0.029456 -0.055965 3.3949e-05 0.057828 0.026442 -0.043072 -0.0079495 0.059192 0.061172 0.092695 0.067336 0.042227 0.057262 0.049039 0.052286 0.01811 -0.016986 0.086365 -0.040876 -0.010979 0.076055 0.12445 -0.016266 0.10892 0.004645 0.016527 0.0040792 -0.022209 -0.0027286 -0.011059 0.028502 -0.011611 0.03335 0.019519 -0.010785 -0.030437 -0.0062537 0.067332 0.079299 -0.03053 0.054796 0.072849 0.063641 0.092285 0.082754 0.051102 0.072813 0.069428 0.093009 0.0034412 -0.014494 0.11913 -0.026589 -0.026169 0.065274 0.13749
-0.00047977 -0.0091258 0.025348 0.0044966 -0.0031752 0.43891 0.17446 0.032991 0.069305 0.042842 -0.01514 0.022859 0.0058521 -0.0093421 0 0.21538 0.041929 0.063737 0.047483 0.035968 0.12466 0.078305 0.11488 0.22869 0.21246 0.12185 0.31651 0.12902 0.084256 0.1013 0.30749 0.17303 0.27026 0.073339 -0.039295 -0.012818 -0.048173 0.06286 0.079926 0.075651 0.057387 0.24355 0.23702 -0.030385 0.15321 0.071611 0.21472 -0.087289 0.038845 0.13588 0.090868 0.082557 0.034162 0.042698 0.052846 0.070202 0.10727 0.2266 0.15147 0.13409 0.29744 0.11644 0.055841 0.095785 0.27044 0.15729 0.27618 0.061506 -0.079772 -0.041393 -0.066446 0.052989 0.10819 0.06131 0.050891 0.23473 0.17732 -0.057612 0.10149 0.067804 0.2076 -0.083129 0.039774 0.14236 0.094605 0.07699
-0.097659 -0.099832 -0.033186 -0.019562 -0.024232 0.17482 0.2556 0.0035745 -0.022945 -0.057385 -0.1162 -0.033258 -0.012219 -0.030281 0.21538 0 0.017697 -0.0098927 0.11027 -0.034694 0.0428 0.021488 0.074839 0.17114 0.038053 0.11781 -0.012193 0.031252 0.010622 0.031515 0.1347 0.12427 0.093717 0.020858 0.0046829 0.039743 0.044283 -0.055126 0.046503 -0.11303 0.075182 -0.040652 0.0032056 -0.11639 0.037243 0.030776 0.20146 -0.067826 0.037103 0.1104 0.0088154 0.026197 0.095307 -0.036343 -0.023023 0.011156 0.044484 0.18017 -0.017925 0.12092 -0.0309 0.026499 -0.0049763 0.02687 0.099941 0.088204 0.099153 0.025178 -0.02295 -0.007823 0.0094211 -0.064154 0.066873 -0.12904 0.082303 -0.057542 -0.026935 -0.14506 -0.014337 0.039616 0.21093 -0.088773 0.023747 0.13146 0.00066819 0.021072
0.04498 0.059746 0.12551 0.10032 0.024469 0.040693 -0.0095352 0.1103 0.051237 0.03618 0.098375 0.14959 0.1237 0.0084939 0.041929 0.017697 0 0.068424 -0.025616 0.092339 -0.046679 0.031331 0.017818 -0.0050047 -0.015248 -0.034394 0.081737 0.033748 0.021988 0.033539 0.059065 -0.066193 0.0092598 0.029822 -0.018586 -0.078101 -0.057029 0.048668 0.0057412 0.069005 -0.0032378 0.07434 0.1282 -0.0069103 0.022894 0.0054853 0.012999 -0.023964 -0.013897 -0.013233 0.04383 0.065876 -0.014499 0.080445 -0.033949 0.03103 0.0072345 0.016009 -0.017535 -0.013772 0.069274 0.028526 0.028382 0.023919 0.051758 -0.037929 0.02249 0.036988 -0.0069079 -0.099309 -0.023544 0.052951 -0.0047012 0.075665 0.0017379 0.074869 0.12098 0.023566 0.020092 0.0062983 0.020016 0.020867 -0.017748 -0.0046972 0.048528 0.075374
0.27044 0.21696 0.15948 0.15471 0.062833 0.068808 -0.035054 0.066759 0.19937 0.23838 0.25776 0.15702 0.16175 0.095321 0.063737 -0.0098927 0.068424 0 -0.057698 0.17073 0.039836 0.050581 0.042216 0.0064867 0.059584 0.030827 0.12278 0.021431 0.098629 0.086082 0.013617 -0.025427 0.069139 0.091072 0.033456 -0.047698 -0.0010929 0.16205 0.0783 0.19207 0.062726 0.16109 0.13821 0.12608 0.088568 0.058241 0.017786 0.14358 -0.036484 0.026896 0.17151 0.19675 -0.0031372 0.18751 0.10166 0.062975 0.025838 0.0043805 0.1073 0.037199 0.1482 0.027611 0.11649 0.074845 0.064687 0.018969 0.054126 0.10784 0.12219 0.015439 0.088975 0.17962 0.072506 0.20711 0.082495 0.19299 0.14456 0.15847 0.1668 0.052941 0.022575 0.17983 0.00066243 -0.0012619 0.14165 0.21995
-0.14558 -0.10742 -0.029822 -0.049278 -0.015349 0.064095 0.14523 -0.036457 -0.046839 -0.06445 -0.18743 -0.073328 -0.055016 -0.025969 0.047483 0.11027 -0.025616 -0.057698 0 -0.033036 0.22597 0.037274 0.039725 0.25471 0.19234 0.26379 -0.16706 0.088107 0.0711 0.070437 0.0089627 0.55676 -0.0010144 -0.017573 0.49492 0.19875 0.54506 -0.034777 0.058391 -0.098091 0.16164 -0.069297 -0.13809 0.010571 0.18145 0.080111 0.71309 0.22531 0.10717 0.15715 0.16138 0.12879 0.64674 -0.045451 0.046134 0.016898 0.01895 0.21123 0.017628 0.18759 -0.19937 0.087644 0.012394 0.06382 -0.064092 0.32974 0.022002 0.0058912 0.2349 0.16067 0.27981 -0.065914 0.10779 -0.16664 0.12774 -0.13143 -0.12042 -0.08259 0.036715 0.053419 0.60285 0.048126 0.058978 0.15997 0.16702 0.095111
0.24278 0.27025 0.21544 0.31161 0.1082 0.039766 -0.040144 0.094825 0.16889 0.2419 0.29891 0.21951 0.28678 0.13395 0.035968 -0.034694 0.092339 0.17073 -0.033036 0 -0.094324 0.16955 0.052382 0.021942 -0.10845 -0.0086494 0.0084697 0.035681 0.22377 0.18846 -0.092399 -0.27061 0.010366 0.388 0.20873 -0.2102 0.01924 0.28528 0.3097 0.426 0.3966 0.10041 0.28179 0.27492 0.33842 0.26639 0.056912 0.38964 -0.13441 -0.044062 0.29157 0.57027 0.02989 0.59126 -0.090071 0.18037 0.010212 0.0049916 -0.10833 0.0035175 0.057256 0.047033 0.19095 0.15767 -0.040444 -0.24324 0.02493 0.36795 0.30387 -0.23414 0.1151 0.28609 0.26019 0.44413 0.38906 0.16235 0.2834 0.24989 0.29206 0.21443 0.052437 0.46202 -0.16328 -0.08361 0.2448 0.55956
0.07402 0.047362 0.12285 -0.022853 0.0047577 0.13959 0.045712 -0.055728 0.0076881 0.24508 -0.008816 0.07222 -0.025925 -0.037487 0.12466 0.0428 -0.046679 0.039836 0.22597 -0.094324 0 -0.13116 0.068525 0.19447 0.70263 0.55725 0.183 -0.039507 0.27997 -0.077129 0.098425 0.46577 0.15826 -0.080958 0.56514 0.45871 0.54253 -0.10831 -0.016015 0.10792 0.12635 0.29986 -0.041126 0.69223 0.39141 0.38027 0.070739 0.46229 0.023852 0.0058277 -0.0019391 -0.022692 0.059275 -0.090767 0.66269 -0.179 0.063738 0.118 0.53172 0.31393 0.05846 -0.0078964 0.11046 -0.071136 0.049513 0.31134 0.12137 -0.065139 0.31389 0.36966 0.24947 -0.10988 0.0013519 0.0026033 0.0608 0.1616 -0.11446 0.3069 0.1213 0.18589 0.052236 0.137 0.078844 0.014531 0.0034758 -0.069399
-0.02511 0.088077 0.0038463 0.039862 0.0040839 0.09172 0.022803 0.02161 0.063941 0.0047117 0.069038 -0.023907 0.035603 0.017294 0.078305 0.021488 0.031331 0.050581 0.037274 0.16955 -0.13116 0 0.015527 0.33158 0.068959 -0.13279 0.12511 0.23257 0.040427 0.91925 0.013726 -0.14846 0.16319 0.34267 -0.073608 -0.17896 -0.13686 0.87396 0.29069 0.082995 0.27036 0.29168 0.072333 -0.014747 0.077121 0.65341 0.16751 0.0164 -0.031871 0.014971 0.19298 0.23074 0.069692 0.15847 -0.23141 0.97251 0.0029791 0.37153 -0.046869 -0.073858 0.16748 0.30059 -0.0067011 0.90727 -0.0071605 -0.17918 0.16783 0.32074 -0.10345 -0.24647 -0.15416 0.8345 0.33247 0.075955 0.28488 0.31934 0.086095 -0.07895 -0.0065 0.59027 0.15358 0.044215 -0.072818 0.014589 0.15868 0.20522
0.025538 0.020642 0.012244 0.013922 0.010803 0.13712 0.074324 0.0020685 0.020198 0.047897 0.016645 -0.0045801 0.016985 0.01293 0.11488 0.074839 0.017818 0.042216 0.039725 0.052382 0.068525 0.015527 0 0.16372 0.11139 0.14169 0.060411 0.039708 0.098057 0.04074 0.094822 0.10945 0.10196 0.02895 0.06649 0.040166 0.070187 0.024486 0.044734 0.045082 0.055714 0.045951 0.064887 0.040574 0.073435 0.086331 0.11276 0.061105 0.032093 0.10441 0.052694 0.10458 0.021089 0.026327 0.041662 0.0051799 0.057168 0.13358 0.079282 0.11752 0.061734 0.029415 0.062997 0.039243 0.088528 0.078766 0.087601 0.0047892 0.058974 0.019125 0.049725 0.017026 0.035192 0.03545 0.047041 0.061981 0.037662 -0.0023863 0.052911 0.073377 0.081316 0.039224 0.02051 0.052591 0.033084 0.092712
-0.061119 -0.061624 -0.0427 -0.020187 -0.010626 0.22203 0.1779 -0.010305 0.0018596 -0.094439 -0.078617 -0.061002 -0.02831 -0.020721 0.22869 0.17114 -0.0050047 0.0064867 0.25471 0.021942 0.19447 0.33158 0.16372 0 0.33254 0.3522 0.07344 0.54776 0.096473 0.52139 0.17421 0.20814 0.33397 0.090021 0.12605 0.040581 0.094181 0.28474 0.092046 -0.057651 0.13859 0.10298 0.041941 -0.015733 0.088808 0.50939 0.34003 0.0018412 0.064226 0.15459 0.11612 0.13649 0.24541 0.043308 0.066535 0.30021 0.11193 0.81478 0.2078 0.36127 0.080615 0.51102 0.076708 0.5258 0.14159 0.19769 0.35052 0.10566 0.11257 -0.015976 0.13472 0.21872 0.14367 -0.043547 0.17055 0.1542 0.04309 -0.057794 0.059453 0.50975 0.27311 -0.0096877 0.052965 0.13646 0.086896 0.097528
0.078803 0.061959 0.037305 -0.081945 -0.015647 0.2346 0.058643 -0.042063 0.029723 0.20113 0.020684 0.0084304 -0.083586 -0.024764 0.21246 0.038053 -0.015248 0.059584 0.19234 -0.10845 0.70263 0.068959 0.11139 0.33254 0 0.5098 0.5321 0.10271 0.17307 0.1265 0.30018 0.61005 0.40803 -0.047368 0.24554 0.35676 0.24463 0.039785 -0.073103 0.2067 -0.1114 0.68483 0.11998 0.51619 0.34884 0.37131 0.087778 0.2326 0.15676 0.10156 0.011551 -0.074968 0.061049 -0.11288 0.51239 -0.00058703 0.069354 0.2442 0.75286 0.32305 0.42198 0.097938 0.061752 0.11502 0.26073 0.52599 0.33336 -0.039809 0.10221 0.24923 0.11605 0.025366 -0.066152 0.086965 -0.12276 0.52178 0.046718 0.20204 0.18583 0.19471 0.059497 0.027899 0.22608 0.12462 0.022741 -0.11292
0.14386 0.040017 0.053519 0.017213 0.0075073 0.12403 0.12737 -0.020701 0.0055978 0.22024 -0.01921 0.032839 0.0070223 -0.019875 0.12185 0.11781 -0.034394 0.030827 0.26379 -0.0086494 0.55725 -0.13279 0.14169 0.3522 0.5098 0 -0.012915 0.10756 0.24873 -0.073324 0.072727 0.4648 0.11116 -0.040463 0.43596 0.39735 0.46572 -0.11813 0.0050907 0.02902 0.12703 -0.025957 -0.070144 0.38178 0.22548 0.36281 0.17972 0.42684 0.027769 0.12451 -0.0011049 0.094214 0.14425 -0.0058365 0.3326 -0.16222 0.094583 0.26706 0.32476 0.56612 -0.10799 0.071699 0.14266 -0.068745 -0.0036438 0.31727 0.05162 -0.050099 0.28251 0.26832 0.32474 -0.1348 -0.0074632 -0.0043009 0.066342 -0.056424 -0.10333 0.12947 0.049669 0.26062 0.13415 0.22144 0.050059 0.089115 0.0035831 0.045937
0.10746 0.14407 0.084334 0.0093115 -0.0048335 0.33622 -0.0070456 0.05813 0.12852 0.14241 0.15152 0.090645 -0.0031973 0.014689 0.31651 -0.012193 0.081737 0.12278 -0.16706 0.0084697 0.183 0.12511 0.060411 0.07344 0.5321 -0.012915 0 0.032091 0.038081 0.12535 0.50222 0.21764 0.38892 0.070007 -0.23121 -0.045272 -0.24716 0.15799 0.037407 0.40805 -0.14838 0.80578 0.46937 0.089051 0.24589 -0.016278 0.001003 -0.15685 0.12986 0.049302 0.12676 -0.027666 -0.15093 0.013946 0.081608 0.090113 0.057277 0.057775 0.36057 -0.039796 0.77086 0.056526 -0.018752 0.11035 0.46937 0.22931 0.31292 0.054357 -0.29121 -0.10889 -0.24317 0.18202 0.050407 0.29165 -0.13699 0.71109 0.34843 -0.01548 0.19433 -0.098156 0.013981 -0.18603 0.12654 0.060147 0.10457 -0.049509
0.018776 0.077029 0.0030712 0.026391 -0.0098373 0.13522 0.072987 0.016372 0.022874 -0.062427 0.058434 0.011581 0.04411 -0.013191 0.12902 0.031252 0.033748 0.021431 0.088107 0.035681 -0.039507 0.23257 0.039708 0.54776 0.10271 0.10756 0.032091 0 0.057266 0.41136 0.11433 0.035499 0.063077 0.047206 0.0082819 -0.0088675 0.017992 0.32465 0.010633 0.032645 0.062456 -0.012438 0.084212 -0.075665 -0.005736 0.31464 0.17351 -0.10576 0.018767 0.057938 0.12137 0.1172 0.15073 0.06909 -0.042185 0.23733 0.033577 0.56046 0.047269 0.18186 0.030192 0.94894 0.089267 0.34416 0.086707 0.068334 0.088528 0.050964 0.094725 -0.017123 0.098967 0.31455 0.087825 0.034517 0.12679 0.022519 0.081886 -0.050769 0.018411 0.36863 0.13897 0.0039908 0.030982 0.050692 0.098852 0.11897
0.20066 0.15324 0.20293 0.15778 0.074802 0.083541 0.0086212 0.027746 0.081259 0.21145 0.13631 0.19782 0.14977 0.036309 0.084256 0.010622 0.021988 0.098629 0.0711 0.22377 0.27997 0.040427 0.098057 0.096473 0.17307 0.24873 0.038081 0.057266 0 0.051333 0.043658 0.081938 0.053169 0.061584 0.43117 0.29553 0.46999 0.10043 0.019653 0.2714 0.11555 0.094964 0.21309 0.4523 0.29775 0.18853 0.077481 0.40191 -0.041624 0.050211 0.1425 0.33574 0.086435 0.21568 0.23116 0.022906 0.057981 0.063639 0.15191 0.1607 -0.0069312 0.05323 0.40426 0.0373 0.04707 0.062061 0.012595 0.037809 0.38435 0.23323 0.43711 0.092755 0.021059 0.21182 0.10171 0.077787 0.16798 0.28613 0.2293 0.088549 0.064602 0.29344 0.0005156 -0.0056533 0.12908 0.32365
-0.0064464 0.12511 0.02683 0.052315 0.0078133 0.12111 0.037664 0.011431 0.092076 0.006756 0.10516 0.0043077 0.045665 0.016342 0.1013 0.031515 0.033539 0.086082 0.070437 0.18846 -0.077129 0.91925 0.04074 0.52139 0.1265 -0.073324 0.12535 0.41136 0.051333 0 0.037852 -0.12358 0.22917 0.35201 -0.042239 -0.16625 -0.087615 0.91175 0.31898 0.10196 0.26738 0.26291 0.085081 -0.0071819 0.07063 0.67074 0.20266 0.050455 -0.01725 0.01228 0.26223 0.26916 0.075816 0.16931 -0.16053 0.90777 0.013087 0.52832 0.022147 0.0084363 0.16971 0.45628 0.030635 0.92723 0.012276 -0.12932 0.23819 0.32227 -0.020363 -0.20737 -0.076302 0.87468 0.35676 0.10596 0.29169 0.31513 0.092748 -0.05257 0.017149 0.63041 0.17372 0.11619 -0.048386 0.00092053 0.22136 0.24212
-0.14573 -0.034742 -0.009331 -0.030065 -0.024567 0.30189 0.16026 0.066266 0.018912 -0.02506 -0.058101 -0.045531 -0.065772 -0.029456 0.30749 0.1347 0.059065 0.013617 0.0089627 -0.092399 0.098425 0.013726 0.094822 0.17421 0.30018 0.072727 0.50222 0.11433 0.043658 0.037852 0 0.36562 0.27137 -0.0088168 -0.16837 0.069803 -0.099778 0.0035664 0.019969 -0.024203 -0.072997 0.38374 0.39388 -0.22661 0.24917 -0.08867 0.1957 -0.30558 0.26988 0.18346 0.035474 -0.078109 -0.0489 -0.11693 -0.14158 0.0023316 0.041802 0.18238 0.068232 0.025138 0.37397 0.13499 -0.085743 0.033427 0.5585 0.24033 0.22236 -0.015745 -0.33817 -0.093433 -0.25544 -0.0074541 0.045225 -0.11508 -0.086596 0.21613 0.23029 -0.36849 0.037001 -0.10634 0.15746 -0.34975 0.21874 0.16827 0.030896 -0.11422
-0.094255 -0.1089 -0.067706 -0.1548 -0.032232 0.2067 0.16405 -0.057245 -0.053272 0.046562 -0.18318 -0.12929 -0.16003 -0.055965 0.17303 0.12427 -0.066193 -0.025427 0.55676 -0.27061 0.46577 -0.14846 0.10945 0.20814 0.61005 0.4648 0.21764 0.035499 0.081938 -0.12358 0.36562 0 0.15162 -0.20908 0.21827 0.56104 0.37288 -0.19271 -0.12239 -0.087652 -0.15245 0.23972 -0.0075192 0.023418 0.33002 -0.10985 0.37917 0.099375 0.29958 0.28096 -0.070713 -0.18558 0.24937 -0.28027 0.20697 -0.19441 0.076763 0.14833 0.32868 0.30316 0.064042 0.03223 -0.039609 -0.10797 0.20221 0.75102 0.091158 -0.18871 -0.072079 0.39314 0.054572 -0.21637 -0.09685 -0.20731 -0.18358 0.0016468 -0.10142 -0.20412 0.075127 -0.13821 0.27937 -0.18063 0.31945 0.26935 -0.049055 -0.20601
0.01553 0.01049 -0.027694 -0.022421 -0.010672 0.27389 0.067845 0.023049 0.063823 0.036372 0.014912 -0.029353 -0.022414 3.3949e-05 0.27026 0.093717 0.0092598 0.069139 -0.0010144 0.010366 0.15826 0.16319 0.10196 0.33397 0.40803 0.11116 0.38892 0.063077 0.053169 0.22917 0.27137 0.15162 0 0.096898 -0.050379 -0.027175 -0.077892 0.14445 0.052113 0.065334 -0.03225 0.44215 0.21262 0.05836 0.13761 0.14267 0.1491 -0.064471 0.052443 0.094152 0.094531 0.044551 0.036185 0.0058178 0.11883 0.13091 0.069264 0.29141 0.30739 0.1102 0.38408 0.067591 0.018952 0.22564 0.27808 0.18207 0.44386 0.07869 -0.069386 -0.023293 -0.035516 0.12348 0.038383 0.049762 -0.025975 0.41834 0.15976 0.0039452 0.1351 0.090427 0.13745 -0.077191 0.087004 0.10205 0.065646 0.0071189
0.12139 0.16345 0.048802 0.19404 0.02165 0.074163 0.016906 0.049739 0.11487 0.19019 0.11697 0.0356 0.16532 0.057828 0.073339 0.020858 0.029822 0.091072 -0.017573 0.388 -0.080958 0.34267 0.02895 0.090021 -0.047368 -0.040463 0.070007 0.047206 0.061584 0.35201 -0.0088168 -0.20908 0.096898 0 0.12093 -0.21342 -0.018099 0.40787 0.53282 0.27129 0.60108 0.20196 0.098795 0.1418 0.32365 0.37541 0.16025 0.34359 -0.073914 -0.014082 0.35887 0.48371 0.018214 0.34518 -0.10283 0.32072 0.00078706 0.080388 -0.079768 -0.045433 0.097161 0.044437 0.038269 0.31985 -0.023218 -0.21364 0.1333 0.77914 0.16655 -0.22615 0.048906 0.38667 0.45706 0.32143 0.54101 0.25278 0.087634 0.12595 0.25213 0.29674 0.16156 0.39964 -0.10432 -0.036405 0.31666 0.45236
0.095907 0.11588 0.23586 0.18542 0.074455 -0.031928 0.019716 -0.020944 0.038291 0.22708 0.03652 0.20015 0.15935 0.026442 -0.039295 0.0046829 -0.018586 0.033456 0.49492 0.20873 0.56514 -0.073608 0.06649 0.12605 0.24554 0.43596 -0.23121 0.0082819 0.43117 -0.042239 -0.16837 0.21827 -0.050379 0.12093 0 0.38617 0.83872 -0.0010415 0.071003 0.10354 0.34891 -0.08956 -0.10241 0.56455 0.50541 0.28021 0.24455 0.66357 -0.054949 0.012473 0.13078 0.37611 0.27011 0.1999 0.35337 -0.096525 0.026057 0.05824 0.12123 0.20265 -0.29321 0.008175 0.28825 -0.04346 -0.20129 0.051202 -0.05419 0.10586 0.67628 0.27444 0.60075 -0.01993 0.070519 0.035001 0.29428 -0.14609 -0.10999 0.24118 0.253 0.16728 0.18496 0.45008 -0.045878 -0.029595 0.13177 0.33565
-0.049979 -0.064508 -0.0058661 -0.089749 0.0056395 0.021094 0.072222 -0.079809 -0.057856 0.098033 -0.13824 -0.042779 -0.10269 -0.043072 -0.012818 0.039743 -0.078101 -0.047698 0.19875 -0.2102 0.45871 -0.17896 0.040166 0.040581 0.35676 0.39735 -0.045272 -0.0088675 0.29553 -0.16625 0.069803 0.56104 -0.027175 -0.21342 0.38617 0 0.60311 -0.16128 -0.14871 -0.11446 -0.086973 -0.087621 -0.16798 0.21089 0.19705 -0.076569 0.0054891 0.1972 0.15073 0.079924 -0.074012 -0.11005 -0.017932 -0.21782 0.19676 -0.19588 0.047194 0.0072395 0.12183 0.18592 -0.20342 -0.014948 0.12203 -0.16022 -0.035166 0.25609 -0.039736 -0.19383 0.11517 0.5579 0.23381 -0.17449 -0.11296 -0.20742 -0.10476 -0.28126 -0.23722 -0.11175 -0.0954 -0.13713 -0.020516 -0.042983 0.12209 0.068015 -0.062509 -0.11677
0.023376 0.011848 0.14119 0.064633 0.05573 -0.022493 0.068772 -0.07182 -0.012462 0.18986 -0.057415 0.11318 0.055348 -0.0079495 -0.048173 0.044283 -0.057029 -0.0010929 0.54506 0.01924 0.54253 -0.13686 0.070187 0.094181 0.24463 0.46572 -0.24716 0.017992 0.46999 -0.087615 -0.099778 0.37288 -0.077892 -0.018099 0.83872 0.60311 0 -0.079134 -0.046913 -0.03149 0.21632 -0.21606 -0.19426 0.41573 0.34607 0.14807 0.22741 0.53482 0.035593 0.038904 0.0208 0.20122 0.27788 -0.021699 0.30171 -0.1519 0.050976 0.030186 0.015908 0.23254 -0.34101 0.015618 0.28117 -0.096226 -0.17372 0.10672 -0.087267 -0.023849 0.5139 0.46909 0.6041 -0.095399 -0.0092662 -0.12313 0.14179 -0.31632 -0.2137 0.085889 0.02126 0.050918 0.15447 0.23926 -0.025823 0.0014515 0.038827 0.16901
0.11626 0.23456 0.095691 0.13142 0.050119 0.079957 -0.016559 0.048925 0.1709 0.13271 0.23691 0.094 0.13004 0.059192 0.06286 -0.055126 0.048668 0.16205 -0.034777 0.28528 -0.10831 0.87396 0.024486 0.28474 0.039785 -0.11813 0.15799 0.32465 0.10043 0.91175 0.0035664 -0.19271 0.14445 0.40787 -0.0010415 -0.16128 -0.079134 0 0.38836 0.23355 0.33343 0.3037 0.13132 0.044546 0.11316 0.5743 0.093105 0.13426 -0.055181 -0.025765 0.31628 0.36085 -0.018904 0.27716 -0.15213 0.83491 0.0028338 0.29528 -0.014754 -0.05594 0.20167 0.3929 0.086295 0.86925 0.0054742 -0.18992 0.14628 0.38048 0.033948 -0.18044 -0.04217 0.96433 0.41899 0.24631 0.36689 0.3409 0.15051 0.036163 0.079766 0.52988 0.068038 0.24904 -0.065923 -0.050061 0.28173 0.35066
0.054632 0.11809 -0.0010621 0.17956 0.070432 0.091766 0.057713 0.024961 0.091242 0.25386 0.042723 -0.0047759 0.10666 0.061172 0.079926 0.046503 0.0057412 0.0783 0.058391 0.3097 -0.016015 0.29069 0.044734 0.092046 -0.073103 0.0050907 0.037407 0.010633 0.019653 0.31898 0.019969 -0.12239 0.052113 0.53282 0.071003 -0.14871 -0.046913 0.38836 0 0.093579 0.8811 0.087746 0.016844 0.04543 0.3125 0.42484 0.29294 0.39476 -0.016124 0.03784 0.47151 0.5899 0.033292 0.26912 -0.15459 0.26349 -0.00021366 0.082178 -0.14559 -0.038349 0.019654 0.011494 -0.027128 0.28925 -0.017142 -0.19227 0.077895 0.47585 0.052739 -0.22087 -0.10345 0.35626 0.88811 0.11828 0.77925 0.091192 -0.0046662 -0.050382 0.14859 0.32751 0.25635 0.3653 -0.096264 -0.016167 0.38992 0.48492
0.37452 0.34292 0.21526 0.22829 0.098468 0.094362 -0.12787 0.074905 0.19642 0.319 0.35493 0.23997 0.23333 0.092695 0.075651 -0.11303 0.069005 0.19207 -0.098091 0.426 0.10792 0.082995 0.045082 -0.057651 0.2067 0.02902 0.40805 0.032645 0.2714 0.10196 -0.024203 -0.087652 0.065334 0.27129 0.10354 -0.11446 -0.03149 0.23355 0.093579 0 0.091286 0.53771 0.36753 0.45008 0.29983 0.16908 -0.072644 0.37178 -0.080664 -0.056429 0.20719 0.36341 -0.062613 0.39843 0.16951 0.08659 0.043631 -0.065485 0.25258 0.056937 0.41071 0.038725 0.25288 0.057298 0.086654 0.0022764 0.030625 0.22608 0.20271 -0.074983 0.11712 0.25334 0.069746 0.69501 0.11279 0.51199 0.34144 0.45134 0.34252 0.073799 -0.055866 0.38956 -0.085482 -0.088922 0.19744 0.377
0.073844 0.10841 0.072402 0.28292 0.092198 0.054858 0.07159 0.018563 0.066888 0.26791 0.057431 0.055753 0.22249 0.067336 0.057387 0.075182 -0.0032378 0.062726 0.16164 0.3966 0.12635 0.27036 0.055714 0.13859 -0.1114 0.12703 -0.14838 0.062456 0.11555 0.26738 -0.072997 -0.15245 -0.03225 0.60108 0.34891 -0.086973 0.21632 0.33343 0.8811 0.091286 0 -0.082317 -0.034587 0.14483 0.48199 0.50953 0.30074 0.54671 -0.058704 0.0093889 0.40657 0.6279 0.12078 0.34896 -0.063409 0.23953 0.00010766 0.12082 -0.21127 0.019874 -0.15291 0.07353 0.062697 0.2542 -0.11918 -0.24259 0.030987 0.56672 0.30961 -0.18746 0.087552 0.3092 0.8111 0.11549 0.91099 -0.030533 -0.046674 0.029163 0.27633 0.44304 0.265 0.48541 -0.12917 -0.035087 0.32666 0.5472
0.20274 0.19812 0.093813 0.045492 0.012071 0.25917 -0.045746 0.047587 0.15201 0.22982 0.20813 0.081902 0.02699 0.042227 0.24355 -0.040652 0.07434 0.16109 -0.069297 0.10041 0.29986 0.29168 0.045951 0.10298 0.68483 -0.025957 0.80578 -0.012438 0.094964 0.26291 0.38374 0.23972 0.44215 0.20196 -0.08956 -0.087621 -0.21606 0.3037 0.087746 0.53771 -0.082317 0 0.43378 0.31737 0.35256 0.17081 0.03371 0.076276 0.11457 0.045436 0.13713 0.071844 -0.042242 0.094914 0.21546 0.24907 0.05087 0.089058 0.53825 -0.0164 0.77299 0.056826 0.017111 0.2448 0.39086 0.31185 0.36513 0.16174 -0.15896 -0.10481 -0.18077 0.30772 0.070203 0.43162 -0.074692 0.91736 0.36035 0.19118 0.33367 0.030371 0.049153 0.027142 0.15559 0.068757 0.13771 0.044247
0.10515 0.16692 0.18322 0.1405 0.058165 0.23056 -0.0047037 0.12274 0.13969 0.091557 0.19637 0.18663 0.1244 0.057262 0.23702 0.0032056 0.1282 0.13821 -0.13809 0.28179 -0.041126 0.072333 0.064887 0.041941 0.11998 -0.070144 0.46937 0.084212 0.21309 0.085081 0.39388 -0.0075192 0.21262 0.098795 -0.10241 -0.16798 -0.19426 0.13132 0.016844 0.36753 -0.034587 0.43378 0 0.066802 0.35852 -0.030483 0.04641 -0.05194 0.037056 0.039376 0.16816 0.19196 -0.089746 0.27416 -0.049998 0.062985 0.04515 0.030345 0.068638 -0.044258 0.4349 0.087431 0.15826 0.063266 0.42202 0.068472 0.16022 0.086043 -0.086203 -0.17247 -0.093393 0.12787 0.0077988 0.32235 -0.019771 0.38288 0.58551 0.060274 0.33005 -0.073494 0.06665 -0.0086908 0.030855 0.043154 0.14827 0.18371
0.37596 0.22847 0.26383 0.17631 0.078315 -0.0069402 -0.13509 0.0029043 0.10749 0.45231 0.21178 0.24388 0.15758 0.049039 -0.030385 -0.11639 -0.0069103 0.12608 0.010571 0.27492 0.69223 -0.014747 0.040574 -0.015733 0.51619 0.38178 0.089051 -0.075665 0.4523 -0.0071819 -0.22661 0.023418 0.05836 0.1418 0.56455 0.21089 0.41573 0.044546 0.04543 0.45008 0.14483 0.31737 0.066802 0 0.46051 0.40612 -0.10783 0.67 -0.12766 -0.094403 0.096543 0.27501 0.01714 0.2506 0.55089 -0.035642 0.035596 -0.049306 0.45369 0.21351 0.041269 -0.056082 0.29999 -0.027186 -0.14681 0.069586 0.016992 0.12096 0.47254 0.20569 0.32822 0.055709 -0.0035616 0.39293 0.11325 0.29783 0.047808 0.71361 0.29853 0.21888 -0.082583 0.4796 -0.087396 -0.13146 0.089312 0.22949
0.058699 0.1713 0.20844 0.18237 0.071282 0.16845 0.055254 0.017709 0.080455 0.27825 0.091577 0.13447 0.14371 0.052286 0.15321 0.037243 0.022894 0.088568 0.18145 0.33842 0.39141 0.077121 0.073435 0.088808 0.34884 0.22548 0.24589 -0.005736 0.29775 0.07063 0.24917 0.33002 0.13761 0.32365 0.50541 0.19705 0.34607 0.11316 0.3125 0.29983 0.48199 0.35256 0.35852 0.46051 0 0.29082 0.16674 0.49094 0.094932 0.05948 0.20828 0.3248 0.034949 0.26694 0.13302 0.027677 0.045764 0.051242 0.0592 0.10008 0.10722 0.012761 0.078346 0.059966 0.12748 0.10264 0.11733 0.31713 0.21795 -0.029514 0.094702 0.090197 0.26409 0.18024 0.4034 0.14554 0.18842 0.071166 0.53666 0.16711 0.16099 0.25057 0.077971 0.043771 0.18695 0.27215
0.16315 0.11724 0.054374 0.11947 0.013795 0.075695 0.028527 0.0075696 0.050327 0.22781 0.080923 0.066402 0.10401 0.01811 0.071611 0.030776 0.0054853 0.058241 0.080111 0.26639 0.38027 0.65341 0.086331 0.50939 0.37131 0.36281 -0.016278 0.31464 0.18853 0.67074 -0.08867 -0.10985 0.14267 0.37541 0.28021 -0.076569 0.14807 0.5743 0.42484 0.16908 0.50953 0.17081 -0.030483 0.40612 0.29082 0 0.087394 0.49855 -0.058608 -0.010774 0.17699 0.36263 0.074006 0.25212 0.18457 0.61303 0.0459 0.46476 0.20708 0.30222 0.037955 0.28102 0.12589 0.67302 -0.082033 -0.12252 0.15385 0.34621 0.29475 -0.10574 0.14581 0.56387 0.36669 0.18623 0.46163 0.27032 -0.010811 0.23618 0.16475 0.93591 0.043031 0.4263 -0.064532 -0.035594 0.1568 0.31564
-0.16604 -0.1137 -0.065818 -0.018891 0.0084612 0.22094 0.23178 0.0070608 0.001671 -0.12458 -0.16344 -0.096181 -0.041983 -0.016986 0.21472 0.20146 0.012999 0.017786 0.71309 0.056912 0.070739 0.16751 0.11276 0.34003 0.087778 0.17972 0.001003 0.17351 0.077481 0.20266 0.1957 0.37917 0.1491 0.16025 0.24455 0.0054891 0.22741 0.093105 0.29294 -0.072644 0.30074 0.03371 0.04641 -0.10783 0.16674 0.087394 0 0.099924 0.066104 0.22931 0.56469 0.31822 0.57117 0.048717 -0.060412 0.13062 0.075253 0.32215 -0.047212 0.096183 -0.043087 0.15321 0.028181 0.18813 0.1207 0.21216 0.15778 0.19351 0.11822 -0.043047 0.087242 0.034393 0.32822 -0.087828 0.2985 0.01145 0.048451 -0.16617 0.07721 0.10059 0.84684 0.050628 0.036906 0.20502 0.46895 0.26274
0.35676 0.23794 0.19533 0.26212 0.11339 -0.074956 -0.066526 0.0041806 0.11677 0.39608 0.2266 0.19418 0.24322 0.086365 -0.087289 -0.067826 -0.023964 0.14358 0.22531 0.38964 0.46229 0.0164 0.061105 0.0018412 0.2326 0.42684 -0.15685 -0.10576 0.40191 0.050455 -0.30558 0.099375 -0.064471 0.34359 0.66357 0.1972 0.53482 0.13426 0.39476 0.37178 0.54671 0.076276 -0.05194 0.67 0.49094 0.49855 0.099924 0 -0.090569 -0.044199 0.291 0.57955 0.19507 0.3792 0.38936 0.0041686 0.021224 -0.061108 0.26815 0.27188 -0.15048 -0.076829 0.32062 0.027617 -0.26971 0.099688 -0.059757 0.29051 0.6295 0.2115 0.49338 0.13344 0.28826 0.33898 0.47382 0.13211 -0.024556 0.51045 0.40909 0.36008 0.084798 0.8319 -0.07487 -0.085645 0.22798 0.5232
-0.093809 -0.05012 -0.05576 -0.073649 -0.031136 0.051752 0.038692 -0.004753 -0.033982 -0.022814 -0.085605 -0.085252 -0.086733 -0.040876 0.038845 0.037103 -0.013897 -0.036484 0.10717 -0.13441 0.023852 -0.031871 0.032093 0.064226 0.15676 0.027769 0.12986 0.018767 -0.041624 -0.01725 0.26988 0.29958 0.052443 -0.073914 -0.054949 0.15073 0.035593 -0.055181 -0.016124 -0.080664 -0.058704 0.11457 0.037056 -0.12766 0.094932 -0.058608 0.066104 -0.090569 0 0.089628 -0.072192 -0.13065 0.028416 -0.15288 -0.090642 -0.024534 0.0076345 0.05671 -0.0042985 0.019367 0.064321 0.026845 -0.096403 -0.017029 0.14844 0.19962 0.032029 -0.059942 -0.16229 0.057401 -0.11114 -0.049609 0.0037983 -0.15764 -0.076868 -0.0016225 -0.012842 -0.24649 -0.022837 -0.042638 0.055921 -0.18501 0.21425 0.08624 -0.039392 -0.14848
-0.061755 -0.059145 -0.048043 -0.023095 -0.02015 0.15368 0.13372 0.00044581 -0.021373 -0.0065334 -0.078628 -0.067573 -0.048121 -0.010979 0.13588 0.1104 -0.013233 0.026896 0.15715 -0.044062 0.0058277 0.014971 0.10441 0.15459 0.10156 0.12451 0.049302 0.057938 0.050211 0.01228 0.18346 0.28096 0.094152 -0.014082 0.012473 0.079924 0.038904 -0.025765 0.03784 -0.056429 0.0093889 0.045436 0.039376 -0.094403 0.05948 -0.010774 0.22931 -0.044199 0.089628 0 0.030245 0.02326 0.093208 -0.068275 -0.049263 0.0037018 0.041988 0.12833 0.020329 0.097683 0.033298 0.047488 -0.023836 0.027763 0.13816 0.21557 0.070993 -0.01512 -0.039474 0.028439 -0.015538 -0.036281 0.025847 -0.092661 -0.011062 0.011479 0.0078503 -0.14087 0.034662 -0.015182 0.19649 -0.083177 0.10137 0.17024 0.014793 0.0058134
0.043592 0.17565 0.082375 0.14163 0.064836 0.11228 0.011927 0.047613 0.12546 0.042345 0.17289 0.0766 0.13351 0.076055 0.090868 0.0088154 0.04383 0.17151 0.16138 0.29157 -0.0019391 0.19298 0.052694 0.11612 0.011551 -0.0011049 0.12676 0.12137 0.1425 0.26223 0.035474 -0.070713 0.094531 0.35887 0.13078 -0.074012 0.0208 0.31628 0.47151 0.20719 0.40657 0.13713 0.16816 0.096543 0.20828 0.17699 0.56469 0.291 -0.072192 0.030245 0 0.50507 0.22554 0.30195 0.011729 0.18961 0.038724 0.12052 0.027393 -0.012793 0.10884 0.1155 0.14245 0.23261 0.05837 -0.04985 0.10842 0.34958 0.19173 -0.070005 0.098984 0.29033 0.43623 0.2474 0.39847 0.18088 0.17618 0.094569 0.21646 0.16275 0.53485 0.35436 -0.043988 -0.0072955 0.65254 0.46325
0.23674 0.2935 0.19436 0.36059 0.14754 0.081927 0.027688 0.089613 0.18897 0.23467 0.28575 0.20071 0.33088 0.12445 0.082557 0.026197 0.065876 0.19675 0.12879 0.57027 -0.022692 0.23074 0.10458 0.13649 -0.074968 0.094214 -0.027666 0.1172 0.33574 0.26916 -0.078109 -0.18558 0.044551 0.48371 0.37611 -0.11005 0.20122 0.36085 0.5899 0.36341 0.6279 0.071844 0.19196 0.27501 0.3248 0.36263 0.31822 0.57955 -0.13065 0.02326 0.50507 0 0.17152 0.54437 0.0047109 0.22202 0.057873 0.091294 -0.035724 0.061949 0.0095958 0.12285 0.32511 0.2367 -0.047307 -0.1479 0.05451 0.45243 0.48817 -0.082065 0.32293 0.35302 0.5123 0.40354 0.59692 0.17076 0.21008 0.26945 0.34088 0.31006 0.28133 0.63579 -0.13009 -0.029833 0.41312 0.76946
-0.016401 -0.11492 -0.020013 -0.012743 -0.0060965 0.028244 0.088658 -0.021146 -0.031336 -0.12776 -0.1316 -0.017932 0.011497 -0.016266 0.034162 0.095307 -0.014499 -0.0031372 0.64674 0.02989 0.059275 0.069692 0.021089 0.24541 0.061049 0.14425 -0.15093 0.15073 0.086435 0.075816 -0.0489 0.24937 0.036185 0.018214 0.27011 -0.017932 0.27788 -0.018904 0.033292 -0.062613 0.12078 -0.042242 -0.089746 0.01714 0.034949 0.074006 0.57117 0.19507 0.028416 0.093208 0.22554 0.17152 0 0.044143 0.20137 0.073543 0.036592 0.26968 0.16834 0.2134 -0.1448 0.10034 0.12375 0.073033 -0.0395 0.42008 0.041138 0.038889 0.41382 0.16522 0.4618 -0.046044 0.085443 -0.028265 0.17137 0.029413 -0.036755 0.066284 0.24646 0.06306 0.69896 0.2125 0.048357 0.16007 0.20274 0.16289
