0,0.320755809545517,0.244506761431694,0.27056896686554,0.0908904373645782,-0.0069174007512629,-0.0756404027342796,0.0677782818675041,0.200145229697227,0.698893547058105,0.393377989530563,0.325208991765976,0.292540282011032,0.117812685668468,0.000906867673620582,-0.0988421812653542,0.0476645119488239,0.25276044011116,-0.132132455706596,0.246697932481766,0.0256447587162256,0.0325644165277481,0.0329370424151421,-0.0067551895044744,0.0503485724329948,0.150321677327156,0.0890361443161964,0.0934900715947151,0.179701298475266,0.053147092461586,-0.162846609950066,-0.0991595983505249,0.0279824044555426,0.116357281804085,0.0296176820993423,-0.105853453278542,-0.0274364463984966,0.169303849339485,0.120724610984325,0.355979591608047,0.106013670563698,0.177246585488319,0.102725982666016,0.336822688579559,-0.0115157635882497,0.253055453300476,-0.145655378699303,0.343719333410263,-0.114611469209194,-0.0750121772289276,0.0254580415785313,0.241932824254036,0.0162732880562544,0.269651979207993,0.37839937210083,0.0232574995607138,0.0453900843858719,-0.0251318030059338,0.359480351209641,0.253052890300751,0.187031686306,0.0480091422796249,0.279557287693024,0.0538312010467052,-0.0420671813189983,0.14608983695507,0.0537198856472969,0.143354341387749,0.346548289060593,0.132861390709877,0.253453105688095,0.190607607364655,0.123451180756092,0.448953479528427,0.175461500883102,0.30420583486557,0.151994749903679,0.578976452350616,0.335131853818893,0.26608881354332,-0.125625163316727,0.524280667304993,-0.00158403685782105,-0.0829641669988632,0.0341409258544445,0.284953355789185
0.320755809545517,0,0.230763018131256,0.258821338415146,0.106121987104416,0.0289772916585207,-0.052764967083931,0.0671807676553726,0.212653890252113,0.341211467981339,0.500608444213867,0.251411080360413,0.246382758021355,0.105808839201927,0.0133363166823983,-0.0828460603952408,0.0569067485630512,0.193928629159927,-0.0921036079525948,0.27358478307724,0.0317680574953556,0.111064210534096,0.0245626159012318,-0.0148018775507808,0.0734671130776405,0.0430915951728821,0.156821981072426,0.0815428271889687,0.140410363674164,0.146922275424004,-0.0220844447612762,-0.0907884687185287,0.0425823777914047,0.204751878976822,0.0768982768058777,-0.103028416633606,-0.0115964505821466,0.24286125600338,0.196582272648811,0.333124756813049,0.159915149211884,0.2029999345541,0.162961274385452,0.191968783736229,0.153015092015266,0.157972916960716,-0.0680237486958504,0.225489571690559,-0.0484332703053951,-0.0614334419369698,0.191743910312653,0.319028049707413,-0.0938479378819466,0.26149320602417,0.0295257102698088,0.0986428260803223,0.0212622359395027,-0.0326712094247341,0.0522194467484951,0.00418252870440483,0.1535325050354,0.0615543127059937,0.123714819550514,0.122203655540943,-0.00443641981109977,-0.0764125660061836,0.00149275991134346,0.163144156336784,0.141003385186195,-0.0709520950913429,0.056827113032341,0.279587298631668,0.150620430707932,0.316850572824478,0.13415515422821,0.196648433804512,0.149123951792717,0.14849328994751,0.139107376337051,0.0974162220954895,-0.0921753868460655,0.209555849432945,-0.062528558075428,-0.081130288541317,0.169015198945999,0.281860798597336
0.244506761431694,0.230763018131256,0,0.396962106227875,0.0955006256699562,0.0398335680365562,-0.00120587309356779,0.147961765527725,0.132249400019646,0.258241593837738,0.247853517532349,0.589933395385742,0.387744665145874,0.0671268329024315,0.0241374168545008,-0.0395315065979958,0.115289628505707,0.12764647603035,-0.00806311331689358,0.167388319969177,0.124752134084702,0.00384631264023483,0.01344327442348,-0.0305293314158916,0.0160211566835642,0.056280642747879,0.0756325721740723,0.00192626332864165,0.194830700755119,0.0289183892309666,0.00513332476839423,-0.056234285235405,0.000303748995065689,0.0216319188475609,0.215066641569138,-0.0307054631412029,0.141491547226906,0.101408571004868,0.0117069613188505,0.15684375166893,0.080721452832222,0.082883819937706,0.142788931727409,0.234966188669205,0.186441600322723,0.0619718506932259,-0.0453669875860214,0.166567400097847,-0.0478049404919147,-0.0408570654690266,0.0328615941107273,0.180470749735832,-0.0103799672797322,0.136329829692841,0.100781932473183,-0.0166201926767826,0.0302560273557901,-0.0521086454391479,0.0135545851662755,0.0210553985089064,0.0572212114930153,-0.0138383200392127,0.150238201022148,0.0137442536652088,-0.00138384941965342,-0.0817942768335342,0.00240596942603588,0.00776830175891519,0.180755883455276,-0.0339974537491798,0.137056514620781,0.112988777458668,-0.0169663149863482,0.162183105945587,0.0666604116559029,0.0690155848860741,0.0822271779179573,0.150894775986671,0.120433650910854,0.0113624101504683,-0.0652514323592186,0.134866878390312,-0.054073978215456,-0.0508294403553009,0.0460519567131996,0.162711918354034
0.27056896686554,0.258821338415146,0.396962106227875,0,0.188244313001633,0.0153061682358384,-0.00174623180646449,0.103123590350151,0.143860712647438,0.240968778729439,0.260495603084564,0.389295637607574,0.650929689407349,0.122113928198814,-0.00123717810492963,-0.0169585440307856,0.0834270417690277,0.137281835079193,-0.0273344498127699,0.276173800230026,-0.0618520267307758,0.0286635179072618,0.0135381538420916,-0.0182918515056372,-0.118749156594276,-0.0059972582384944,-0.00487553048878908,0.0355026014149189,0.126793161034584,0.0495262369513512,-0.0397783219814301,-0.161131486296654,-0.02063755877316,0.177242070436478,0.151009351015091,-0.123623259365559,0.0554082281887531,0.130643576383591,0.202937871217728,0.171145170927048,0.274553716182709,0.00402311375364661,0.10246753692627,0.123990140855312,0.112438902258873,0.113064751029015,-0.00540851010009646,0.203152865171432,-0.0670662373304367,-0.0284238494932652,0.122039936482906,0.354635715484619,0.0171411633491516,0.254178732633591,0.000532071979250759,0.019973011687398,0.0128811215981841,-0.037507776170969,-0.0732953548431396,-0.0282256864011288,-0.00488017592579126,0.0163848325610161,0.147715374827385,0.045298233628273,-0.0448436737060547,-0.139803409576416,0.00108855171129107,0.14696329832077,0.263320684432983,-0.0771559327840805,0.160509169101715,0.152703568339348,0.135259240865707,0.212899476289749,0.246393397450447,0.0394538193941116,0.10173112899065,0.143440723419189,0.12211000919342,0.0890973284840584,-0.0287341736257076,0.275556981563568,-0.0675543621182442,-0.0597288943827152,0.103583872318268,0.340880990028381
0.0908904373645782,0.106121987104416,0.0955006256699562,0.188244313001633,0,-0.00909115467220545,-0.0242752861231565,0.0217128228396177,0.0500087030231953,0.102746702730656,0.10172002017498,0.102409407496452,0.159141972661018,0.053580280393362,-0.00899324007332325,-0.0358776189386845,0.0173308681696653,0.0567687675356865,-0.0103250211104751,0.107770226895809,-0.00671813590452075,0.0126261431723833,0.0190054904669523,-0.0136882802471519,-0.0343761928379536,0.00293381419032812,-0.00603685760870576,-0.0102337989956141,0.0593058355152607,0.00652701314538717,-0.0342326536774635,-0.0358419083058834,-0.0146796656772494,0.027152631431818,0.0655675679445267,-0.00583940511569381,0.0512270629405975,0.0657281205058098,0.0754625052213669,0.0864796340465546,0.0864077061414719,0.000282149761915207,0.0325385667383671,0.0695491507649422,0.0456899665296078,0.0184233356267214,0.00545872561633587,0.0946101099252701,-0.0273945983499289,-0.0319960713386536,0.0575123094022274,0.144743204116821,0.00118929927702993,0.104724548757076,-0.0243262406438589,-0.000656774616800249,-0.00846407748758793,-0.0417478419840336,-0.053646557033062,-0.013842886313796,-0.0122082866728306,-0.0113731529563665,0.0555158033967018,0.00348316156305373,-0.033100314438343,-0.0539817363023758,-0.0303635783493519,0.0220200847834349,0.0906244739890099,-0.0157477799803019,0.0685125738382339,0.0664143264293671,0.0630944967269897,0.070958711206913,0.0824956297874451,-0.0097008254379034,0.00749348429962993,0.0350996181368828,0.0243923328816891,-0.00900430977344513,-0.00559036852791905,0.0922605469822884,-0.0476618036627769,-0.0244549978524446,0.0438182540237904,0.132021427154541
-0.0069174007512629,0.0289772916585207,0.0398335680365562,0.0153061682358384,-0.00909115467220545,0,0.171566292643547,0.0185171738266945,0.0853011533617973,0.0729196295142174,0.0111926849931479,0.0295721516013145,0.00696182437241077,-0.0071416487917304,0.444917112588882,0.182355403900146,0.0525295212864876,0.0775046497583389,0.0214320402592421,0.0325874350965023,0.129961252212524,0.120201461017132,0.14637878537178,0.234742075204849,0.266654968261719,0.113559313118458,0.349013954401016,0.138981312513351,0.0728992074728012,0.144764468073845,0.30193305015564,0.202733218669891,0.291902542114258,0.104495532810688,-0.0596471391618252,-0.00951735209673643,-0.0504816137254238,0.111554622650146,0.111837260425091,0.100150756537914,0.0589854046702385,0.302739769220352,0.230055555701256,-0.0244802217930555,0.205014646053314,0.0752371475100517,0.19892530143261,-0.0893659591674805,0.0651884749531746,0.146716713905334,0.123405560851097,0.0759742483496666,-0.0322566889226437,0.0420453771948814,-0.016600688919425,0.099954292178154,0.084970086812973,0.227838814258575,0.139857888221741,0.0894873514771461,0.313315778970718,0.146692022681236,0.00664759706705809,0.134866639971733,0.293150097131729,0.128692224621773,0.252912998199463,0.0934431627392769,-0.151435866951942,-0.0835756361484528,-0.111137606203556,0.0857538729906082,0.111794359982014,0.0387258864939213,0.0768520310521126,0.251901715993881,0.164938479661942,-0.114461496472359,0.110706709325314,0.0374027863144875,0.180491924285889,-0.116007655858994,0.0423763319849968,0.122810795903206,0.114866480231285,0.0490169189870358
-0.0756404027342796,-0.052764967083931,-0.00120587309356779,-0.00174623180646449,-0.0242752861231565,0.171566292643547,0,-0.0165372081100941,0.00220671971328557,-0.0131509294733405,-0.086854912340641,-0.0318307764828205,-0.021506430581212,-0.0272144321352243,0.186073541641235,0.248128429055214,-0.00585898384451866,-0.0217232704162598,0.134478241205215,-0.0385857447981834,0.0535601601004601,0.0294490531086922,0.0785607919096947,0.176332086324692,0.0886228159070015,0.128314390778542,0.0138035388663411,0.0643850490450859,0.0135367522016168,0.0429857037961483,0.163378581404686,0.147921368479729,0.0767473503947258,0.0411484427750111,0.0122881485149264,0.052172739058733,0.0544083006680012,-0.00570607325062156,0.0598904974758625,-0.122685961425304,0.0670296400785446,-0.00495125260204077,0.0016606462886557,-0.122166588902473,0.0514382794499397,0.0222516003996134,0.217747554183006,-0.0660607516765594,0.0367564298212528,0.125437363982201,0.0217371229082346,0.0369396433234215,0.0579469464719296,-0.0511002205312252,-0.0480889528989792,0.0237435214221478,0.0235076546669006,0.157354339957237,-0.00138433638494462,0.0812628343701363,-0.000972980808001012,0.051571823656559,-0.0202272962778807,0.0346319191157818,0.103048779070377,0.0753226429224014,0.0790064036846161,0.0477018132805824,-0.0667161867022514,-0.0248134341090918,-0.0293396022170782,-0.0212179888039827,0.0603448338806629,-0.131186112761497,0.0719415843486786,-0.021362891420722,-0.0157881565392017,-0.1800307482481,-0.0163322873413563,0.0348422490060329,0.181145071983337,-0.113684728741646,0.0229032356292009,0.0995715856552124,0.0207144301384687,0.00381340482272208
0.0677782818675041,0.0671807676553726,0.147961765527725,0.103123590350151,0.0217128228396177,0.0185171738266945,-0.0165372081100941,0,0.0398573763668537,0.0419707968831062,0.0729675367474556,0.131590977311134,0.0949402898550034,0.00607528584077954,0.0302729308605194,-0.0152199864387512,0.105574116110802,0.0598934032022953,-0.0296907722949982,0.0765218734741211,-0.0648738816380501,0.0153335705399513,-0.00129582290537655,-0.000990795088000596,-0.0319165512919426,-0.0203280821442604,0.0594957321882248,0.0239229965955019,0.027336148545146,0.00637729233130813,0.0572626665234566,-0.0559907555580139,0.0313602723181248,0.0287731047719717,-0.0388125889003277,-0.0903473719954491,-0.0775602012872696,0.0439054258167744,0.0106405764818192,0.0673941001296043,0.00027496600523591,0.0535194389522076,0.112619824707508,-0.000902840634807944,0.0060225548222661,0.0108506707474589,0.000929662666749209,-0.00553512014448643,-0.00543930986896157,0.00520173739641905,0.0375728979706764,0.0839543044567108,-0.0306283626705408,0.0709397047758102,-0.0305357165634632,0.0140350218862295,0.00424126675352454,0.00647470727562904,-0.00966161489486694,0.00791528169065714,0.0729752853512764,0.0300345737487078,0.0280796233564615,-0.000114148017019033,0.0557807795703411,-0.031610444188118,0.0129395425319672,0.0279630161821842,0.00160143501125276,-0.0800914317369461,-0.0104141244664788,0.0502099134027958,-0.00209973729215562,0.0764107182621956,0.0139441089704633,0.0553251504898071,0.0928270295262337,0.0287630744278431,0.041531715542078,0.00775893591344357,-0.00127981998957694,0.0471879467368126,-0.0153094455599785,0.00383798149414361,0.0385232344269753,0.0775172412395477
0.200145229697227,0.212653890252113,0.132249400019646,0.143860712647438,0.0500087030231953,0.0853011533617973,0.00220671971328557,0.0398573763668537,0,0.215103432536125,0.225606605410576,0.129279866814613,0.12311714142561,0.0575477965176105,0.0849515795707703,-0.0235429983586073,0.0489080436527729,0.193147286772728,-0.0505650043487549,0.160386368632317,-0.00174606044311076,0.0758498385548592,0.0246674586087465,0.0193460304290056,0.0317012183368206,0.0109145492315292,0.128150269389153,0.0298759415745735,0.0762547627091408,0.106267526745796,0.0178601294755936,-0.0575244873762131,0.0798363834619522,0.124459013342857,0.0285233035683632,-0.0823196619749069,-0.0238612834364176,0.185575976967812,0.110246017575264,0.162198215723038,0.0928214937448502,0.151574864983559,0.132513180375099,0.0797560438513756,0.0675077512860298,0.0793769434094429,-0.00308885565027595,0.104070544242859,-0.0289006549865007,-0.026117080822587,0.118088349699974,0.19591923058033,-0.0430903993546963,0.16391609609127,0.0418401472270489,0.06794623285532,0.0279584247618914,-0.00289363157935441,0.0537400506436825,0.0130074825137854,0.146540477871895,0.0114659164100885,0.0849170535802841,0.104519441723824,0.0558518432080746,-0.0191829968243837,0.05148870870471,0.0745387896895409,0.0743213891983032,-0.0488222762942314,0.030129486694932,0.191226959228516,0.087204284965992,0.172087475657463,0.0713644400238991,0.169482111930847,0.119937278330326,0.0905424058437347,0.105830930173397,0.042120847851038,-0.0139832934364676,0.132471263408661,-0.0308214575052261,-0.0111940102651715,0.120819933712482,0.172859057784081
0.698893547058105,0.341211467981339,0.258241593837738,0.240968778729439,0.102746702730656,0.0729196295142174,-0.0131509294733405,0.0419707968831062,0.215103432536125,0,0.290354937314987,0.2373076826334,0.19907084107399,0.101535350084305,0.0559118539094925,-0.042218379676342,0.037419468164444,0.209288194775581,-0.0463014096021652,0.22814866900444,0.246572598814964,0.0405893847346306,0.0659106448292732,0.0129367234185338,0.214367285370827,0.280867069959641,0.156043946743011,-0.0020186984911561,0.20344252884388,0.0475038848817348,0.000485096097690985,0.109619230031967,0.0770947486162186,0.203908637166023,0.190551608800888,0.0794733539223671,0.174857601523399,0.147577658295631,0.323117733001709,0.282565295696259,0.311919867992401,0.213290631771088,0.0708111822605133,0.428407698869705,0.239593893289566,0.317760676145554,-0.0663675963878632,0.4096919298172,-0.0136357173323631,0.00299203721806407,0.0352206341922283,0.241613164544106,-0.0953112319111824,0.159256651997566,0.0928956270217896,0.0156572908163071,0.038203552365303,-0.0207555592060089,0.098304770886898,0.143141776323318,0.106681101024151,-0.00926479604095221,0.0913764834403992,0.0572967529296875,-0.0217050798237324,0.0444293096661568,0.0596310086548328,0.149126499891281,0.113072939217091,-0.000298608094453812,0.0179045218974352,0.167094618082047,0.202127948403358,0.263465911149979,0.176214039325714,0.143110647797585,0.032134685665369,0.192614376544952,0.0384874828159809,0.155802011489868,-0.0904580354690552,0.323110640048981,-0.0207218453288078,-0.034983653575182,0.0348108485341072,0.206305593252182
0.393377989530563,0.500608444213867,0.247853517532349,0.260495603084564,0.10172002017498,0.0111926849931479,-0.086854912340641,0.0729675367474556,0.225606605410576,0.290354937314987,0,0.303399801254272,0.29042461514473,0.117536596953869,0.00460949074476957,-0.0982230454683304,0.0964255556464195,0.23089212179184,-0.17426897585392,0.295650482177734,-0.0542671531438828,0.0935776010155678,0.0251743029803038,-0.0486036837100983,0.0110856862738729,-0.0370293371379375,0.164922252297401,0.07382632791996,0.129987791180611,0.130888000130653,-0.0492728278040886,-0.182433351874352,0.0372935310006142,0.154274523258209,-0.0223513841629028,-0.187751308083534,-0.0968950092792511,0.260146975517273,0.110474400222301,0.338694959878922,0.0938814133405685,0.200080841779709,0.200965851545334,0.152930051088333,0.0643433183431625,0.113500125706196,-0.12139455974102,0.19091984629631,-0.0903910174965858,-0.0887615010142326,0.171246588230133,0.306427896022797,-0.115115985274315,0.296952605247498,0.104535564780235,0.0880795940756798,0.0140501223504543,-0.0655408725142479,0.131547138094902,-0.00321469455957413,0.215616881847382,0.037555418908596,0.177725717425346,0.104362562298775,0.00941420719027519,-0.053684413433075,0.0297256074845791,0.175767108798027,0.201280057430267,-0.0483704246580601,0.117762237787247,0.290320992469788,0.119231194257736,0.383119732141495,0.146804749965668,0.268416911363602,0.196368589997292,0.263997912406921,0.239853113889694,0.0950677096843719,-0.123997382819653,0.281663328409195,-0.0537587329745293,-0.0999986231327057,0.179309025406837,0.320401608943939
0.325208991765976,0.251411080360413,0.589933395385742,0.389295637607574,0.102409407496452,0.0295721516013145,-0.0318307764828205,0.131590977311134,0.129279866814613,0.2373076826334,0.303399801254272,0,0.411115556955338,0.0854747071862221,0.0223554894328117,-0.0329354628920555,0.152142107486725,0.141746699810028,-0.0681830421090126,0.194580599665642,0.0511205643415451,-0.0146334441378713,0.00194414507132024,-0.0358148328959942,-0.0275701079517603,0.00299303838983178,0.0857597663998604,0.0237208586186171,0.184840634465218,0.0166712217032909,-0.0439030863344669,-0.134826242923737,-0.000642004306428134,0.0121411290019751,0.158906877040863,-0.0837083905935287,0.0974542945623398,0.114202871918678,0.00401501450687647,0.19836887717247,0.0610668174922466,0.0677004531025887,0.160580903291702,0.193934142589569,0.103431440889835,0.0825306624174118,-0.0848672166466713,0.146196976304054,-0.0745484381914139,-0.0631634443998337,0.0367415621876717,0.185384944081306,-0.00355544127523899,0.2142473757267,0.160500019788742,-0.0384812615811825,0.0339782722294331,-0.0568256862461567,0.0561941862106323,0.0395066998898983,0.0849993750452995,-0.0188565589487553,0.229044020175934,0.0102528622373939,0.0149219771847129,-0.0575330927968025,0.0270531848073006,0.0189704839140177,0.260516911745071,0.0270242672413588,0.213842377066612,0.134990215301514,-0.0430775843560696,0.231335535645485,0.0554328076541424,0.110948301851749,0.169822797179222,0.256782203912735,0.191394165158272,0.0389238148927689,-0.086885042488575,0.189375445246696,-0.0489279814064503,-0.0565463751554489,0.035428948700428,0.198663264513016
0.292540282011032,0.246382758021355,0.387744665145874,0.650929689407349,0.159141972661018,0.00696182437241077,-0.021506430581212,0.0949402898550034,0.12311714142561,0.19907084107399,0.29042461514473,0.411115556955338,0,0.141682714223862,-0.00191388884559274,-0.00894189812242985,0.109190903604031,0.144486889243126,-0.0324202999472618,0.244242131710052,-0.0564618408679962,0.0209976322948933,0.0188099853694439,-0.0144822290167212,-0.114152766764164,-0.0187066644430161,-0.0146303540095687,0.0558904223144054,0.122851818799973,0.0489317402243614,-0.0858308151364326,-0.169606983661652,-0.0236194171011448,0.139937326312065,0.122757740318775,-0.133651241660118,0.0445003286004066,0.143982008099556,0.126189857721329,0.169005036354065,0.211759328842163,0.00361222238279879,0.0889711156487465,0.114759549498558,0.0745664611458778,0.100051485002041,-0.0339696109294891,0.184656962752342,-0.084365226328373,-0.0583581440150738,0.108853042125702,0.314223349094391,0.0427424795925617,0.265941083431244,0.027061190456152,0.0160085093230009,0.0235665459185839,-0.0254158712923527,-0.0436009727418423,0.00930237956345081,-0.00230283080600202,0.0223086774349213,0.173246681690216,0.0449641942977905,-0.0562285557389259,-0.12016811221838,0.00912562105804682,0.146786078810692,0.298861116170883,-0.0535748191177845,0.204737097024918,0.162244573235512,0.128600493073463,0.212374731898308,0.264630943536758,0.0577816441655159,0.0992347151041031,0.172726944088936,0.146596968173981,0.0953205525875092,-0.0164876319468021,0.286938667297363,-0.0907951295375824,-0.0478794872760773,0.0953379645943642,0.359022736549377
0.117812685668468,0.105808839201927,0.0671268329024315,0.122113928198814,0.053580280393362,-0.0071416487917304,-0.0272144321352243,0.00607528584077954,0.0575477965176105,0.101535350084305,0.117536596953869,0.0854747071862221,0.141682714223862,0,-0.00848413351923227,-0.0285291690379381,0.00273209321312606,0.081088624894619,-0.0227643474936485,0.130190491676331,-0.0622889809310436,0.037672683596611,0.0133482227101922,-0.0178497955203056,-0.0383733250200748,-0.0351273231208324,0.00993651431053877,-0.0113969631493092,0.0319695845246315,0.0377471521496773,-0.0296183601021767,-0.0740318074822426,0.00407672766596079,0.0733214691281319,0.0188049171119928,-0.0671079680323601,-0.0199708715081215,0.0807083249092102,0.0951596572995186,0.0830226987600327,0.0824973732233047,0.0425003729760647,0.0486107692122459,0.0323911011219025,0.0367201268672943,0.0362137891352177,-0.00321076181717217,0.0736919641494751,-0.0458659790456295,-0.021549291908741,0.0836779400706291,0.137187451124191,-0.00611449219286442,0.102640837430954,-0.0133988130837679,0.0360780693590641,0.00934798363596201,-0.0169651471078396,-0.0141320992261171,-0.0189478695392609,0.0319773219525814,-0.0197086073458195,0.0325391329824924,0.0489330403506756,-0.0153938103467226,-0.0454755760729313,-0.00978829618543386,0.089975617825985,0.0888062343001366,-0.0459315776824951,0.0575002767145634,0.0933686494827271,0.0927285701036453,0.0945001393556595,0.109252110123634,0.0530565120279789,0.0572328120470047,0.0470231845974922,0.0792803838849068,0.0217967443168163,-0.0107581717893481,0.125220328569412,-0.0353047959506512,-0.0336349420249462,0.0670591965317726,0.147911429405212
0.000906867673620582,0.0133363166823983,0.0241374168545008,-0.00123717810492963,-0.00899324007332325,0.444917112588882,0.186073541641235,0.0302729308605194,0.0849515795707703,0.0559118539094925,0.00460949074476957,0.0223554894328117,-0.00191388884559274,-0.00848413351923227,0,0.219130888581276,0.0457302145659924,0.0755254477262497,0.0192844811826944,0.0421869531273842,0.109337173402309,0.105369247496128,0.117672301828861,0.242654249072075,0.254566311836243,0.115414790809155,0.340727210044861,0.126333102583885,0.071822427213192,0.130732700228691,0.302144914865494,0.154487907886505,0.300748080015182,0.110590174794197,-0.0626040995121002,-0.0511366277933121,-0.0944773629307747,0.0934877470135689,0.114783309400082,0.0819824263453484,0.0599036291241646,0.299869149923325,0.24647681415081,-0.0374933630228043,0.177577763795853,0.0627417117357254,0.209432274103165,-0.101291835308075,0.0552985817193985,0.126038312911987,0.130856528878212,0.0867688357830048,-0.0115047665312886,0.0589052513241768,0.0444727912545204,0.0953429937362671,0.10529463738203,0.24078094959259,0.19233027100563,0.12553596496582,0.337232947349548,0.114392645657063,0.0558371916413307,0.121029332280159,0.291182905435562,0.156612381339073,0.297748744487762,0.0967359095811844,-0.127378910779953,-0.0901667326688766,-0.0917969271540642,0.0740186423063278,0.128176227211952,0.0806331634521484,0.0814156234264374,0.288558453321457,0.195503920316696,-0.0639758259057999,0.14621713757515,0.0562729649245739,0.208634167909622,-0.0801640748977661,0.0286121293902397,0.140484407544136,0.123976401984692,0.0863838866353035
-0.0988421812653542,-0.0828460603952408,-0.0395315065979958,-0.0169585440307856,-0.0358776189386845,0.182355403900146,0.248128429055214,-0.0152199864387512,-0.0235429983586073,-0.042218379676342,-0.0982230454683304,-0.0329354628920555,-0.00894189812242985,-0.0285291690379381,0.219130888581276,0,0.00456300657242537,-0.00464567169547081,0.105719938874245,-0.0445954166352749,0.036950197070837,0.0318841263651848,0.0752950981259346,0.166677385568619,0.0652758702635765,0.124591529369354,-0.00471515441313386,0.0377007909119129,0.0111638316884637,0.0374784916639328,0.131624683737755,0.113436952233315,0.0858076363801956,0.0464132688939571,-0.0113433506339788,0.0200886037200689,0.023759113624692,-0.046011496335268,0.0455592274665833,-0.122635699808598,0.063313715159893,-0.0191918909549713,-0.00087044364772737,-0.124348685145378,0.0266437456011772,0.0228665228933096,0.185819804668427,-0.075914204120636,0.0476861484348774,0.100966967642307,0.0262483768165112,0.0209720358252525,0.0742717310786247,-0.0434911847114563,-0.00905522331595421,0.0227233320474625,0.0482276827096939,0.177491798996925,0.0190936680883169,0.119035981595516,-0.00854884553700686,0.0354106575250626,-0.0120615232735872,0.0237835086882114,0.105112187564373,0.0735824480652809,0.106786519289017,0.0396509133279324,-0.0306039303541183,-0.0128485755994916,0.00954433158040047,-0.0574595592916012,0.0552708208560944,-0.142267569899559,0.0771183967590332,-0.0330946557223797,-0.0221613496541977,-0.144678860902786,-0.0192199926823378,0.0368494056165218,0.200144827365875,-0.0791103541851044,0.0294791925698519,0.114109136164188,0.00844279769808054,0.0173980072140694
0.0476645119488239,0.0569067485630512,0.115289628505707,0.0834270417690277,0.0173308681696653,0.0525295212864876,-0.00585898384451866,0.105574116110802,0.0489080436527729,0.037419468164444,0.0964255556464195,0.152142107486725,0.109190903604031,0.00273209321312606,0.0457302145659924,0.00456300657242537,0,0.0596790201961994,-0.0267974138259888,0.0753950178623199,-0.0457277745008469,0.0103652561083436,0.0123919807374477,-0.00231486791744828,-0.0013491763966158,-0.0238211397081614,0.0799889340996742,0.0309891551733017,0.0259026158601046,0.0133677609264851,0.037271324545145,-0.0621862299740314,0.0214501693844795,0.0195935368537903,-0.0200614370405674,-0.0727893561124802,-0.0591156482696533,0.0376313775777817,-0.0120294420048594,0.0691402703523636,-0.0156456362456083,0.0717807114124298,0.117605954408646,-0.00620700465515256,0.026482654735446,-0.00124984537251294,0.000425230682594702,-0.0284913405776024,-0.0171584412455559,-0.0119190402328968,0.0298111587762833,0.0583884343504906,-0.0285146199166775,0.0747125297784805,-0.0365952365100384,0.00197539408691227,0.0102635947987437,0.023405184969306,-0.00714435009285808,-0.0147641161456704,0.0776493847370148,0.0192418526858091,0.0260077957063913,0.00846885517239571,0.0505777858197689,-0.0243834163993597,0.030619915574789,0.0228594914078712,-0.00956870149821043,-0.0924844667315483,-0.0257415547966957,0.036887139081955,-0.0216474123299122,0.0713893249630928,-0.012653780169785,0.0675091743469238,0.104676008224487,0.0280260723084211,0.027733227238059,-0.00383819849230349,0.0116406325250864,0.00611077947542071,-0.0281781777739525,0.00524310348555446,0.0230243001133204,0.0521298125386238
0.25276044011116,0.193928629159927,0.12764647603035,0.137281835079193,0.0567687675356865,0.0775046497583389,-0.0217232704162598,0.0598934032022953,0.193147286772728,0.209288194775581,0.23089212179184,0.141746699810028,0.144486889243126,0.081088624894619,0.0755254477262497,-0.00464567169547081,0.0596790201961994,0,-0.0565534271299839,0.157057657837868,0.0122703826054931,0.0583030097186565,0.0357012413442135,0.0234761405736208,0.0435840934514999,0.0272553507238626,0.125265300273895,0.0355442799627781,0.0873342081904411,0.0944307297468185,0.00749932136386633,-0.0362987369298935,0.0857145264744759,0.0855474695563316,0.011897168122232,-0.075419545173645,-0.0278285630047321,0.169485345482826,0.0803214013576508,0.168760538101196,0.0612832941114902,0.152732267975807,0.138509884476662,0.0879847183823586,0.0721572265028954,0.0678809583187103,0.00937740877270699,0.115428082644939,-0.045511532574892,0.0203391462564468,0.154928416013718,0.186433255672455,-0.00665114680305123,0.175624772906303,0.0830138474702835,0.0656308382749557,0.0261730924248695,0.0151964174583554,0.0960205048322678,0.0357991084456444,0.147760048508644,0.0251569859683514,0.120508581399918,0.094219408929348,0.0609796494245529,0.0143748847767711,0.064118780195713,0.116722233593464,0.110679939389229,-0.0101302266120911,0.0766693875193596,0.190213978290558,0.0849263370037079,0.194569408893585,0.0859348475933075,0.181835636496544,0.131798788905144,0.131880268454552,0.146942585706711,0.0585186220705509,0.0111035406589508,0.159611433744431,-0.010892741382122,-0.00897822622209787,0.113504625856876,0.201048821210861
-0.132132455706596,-0.0921036079525948,-0.00806311331689358,-0.0273344498127699,-0.0103250211104751,0.0214320402592421,0.134478241205215,-0.0296907722949982,-0.0505650043487549,-0.0463014096021652,-0.17426897585392,-0.0681830421090126,-0.0324202999472618,-0.0227643474936485,0.0192844811826944,0.105719938874245,-0.0267974138259888,-0.0565534271299839,0,-0.0154239209368825,0.217508062720299,0.0746373683214188,0.0301856435835361,0.194151908159256,0.091533787548542,0.200472578406334,-0.233776047825813,0.0623480789363384,0.0721053704619408,0.0767137855291367,-0.0612566918134689,0.396429568529129,-0.0603111125528812,0.0288166664540768,0.551942229270935,0.165083765983582,0.555097341537476,-0.0154549106955528,0.0873518139123917,-0.109318561851978,0.224265575408936,-0.120053976774216,-0.19439423084259,0.0383144468069077,0.0638983100652695,0.0805269107222557,0.748292803764343,0.267860174179077,0.0470523536205292,0.120897300541401,0.172496393322945,0.161071568727493,0.702013373374939,-0.0543482266366482,0.0656555369496346,0.0626859813928604,0.0160978455096483,0.152202472090721,-0.0114941708743572,0.126124396920204,-0.255234271287918,0.0660834610462189,0.00721884844824672,0.0633075460791588,-0.149793237447739,0.161313951015472,-0.0194645561277866,0.0222171638160944,0.296955734491348,0.117682375013828,0.266111195087433,-0.0427162311971188,0.122125118970871,-0.155537068843842,0.149295419454575,-0.158518746495247,-0.170047402381897,-0.0808875635266304,-0.0847873315215111,0.0442846454679966,0.66374671459198,0.102436564862728,0.00155537074897438,0.121200516819954,0.165078431367874,0.138909623026848
0.246697932481766,0.27358478307724,0.167388319969177,0.276173800230026,0.107770226895809,0.0325874350965023,-0.0385857447981834,0.0765218734741211,0.160386368632317,0.22814866900444,0.295650482177734,0.194580599665642,0.244242131710052,0.130190491676331,0.0421869531273842,-0.0445954166352749,0.0753950178623199,0.157057657837868,-0.0154239209368825,0,-0.1307642608881,0.171830013394356,0.0352619029581547,0.0118189631029963,-0.117149330675602,-0.0524103157222271,0.00195764028467238,0.00398923410102725,0.170511364936829,0.202399954199791,-0.11206977814436,-0.25825908780098,0.0056161624379456,0.380919903516769,0.141208335757256,-0.259221911430359,-0.0150136584416032,0.290002346038818,0.348730027675629,0.389394789934158,0.406006425619125,0.0684677958488464,0.26222226023674,0.231033980846405,0.268886893987656,0.275017470121384,0.0283327829092741,0.317586243152618,-0.125705361366272,-0.0740090236067772,0.253345102071762,0.540134251117706,0.0320711769163609,0.53972315788269,-0.0948686599731445,0.179970800876617,0.0173600427806377,0.00946284458041191,-0.0864997878670692,-0.00856683310121298,0.0452511720359325,-0.00408622389659286,0.152727782726288,0.193996444344521,-0.0555370151996613,-0.223550766706467,0.0271051786839962,0.371619462966919,0.303737908601761,-0.239205449819565,0.0810964182019234,0.295371025800705,0.306538969278336,0.411649584770203,0.382061421871185,0.132935628294945,0.231578975915909,0.221936255693436,0.248190060257912,0.22518315911293,0.0120446858927608,0.410419076681137,-0.155898526310921,-0.0909683480858803,0.199998274445534,0.521283626556396
0.0256447587162256,0.0317680574953556,0.124752134084702,-0.0618520267307758,-0.00671813590452075,0.129961252212524,0.0535601601004601,-0.0648738816380501,-0.00174606044311076,0.246572598814964,-0.0542671531438828,0.0511205643415451,-0.0564618408679962,-0.0622889809310436,0.109337173402309,0.036950197070837,-0.0457277745008469,0.0122703826054931,0.217508062720299,-0.1307642608881,0,-0.122297689318657,0.0688873678445816,0.195983156561852,0.639551043510437,0.567659020423889,0.162406995892525,-0.0378881581127644,0.258223682641983,-0.0841411277651787,0.142817810177803,0.524770319461823,0.161462664604187,-0.107468634843826,0.554358243942261,0.463259130716324,0.562116980552673,-0.102259337902069,-0.0351598002016544,0.0726621598005295,0.107599087059498,0.218841686844826,-0.0846441611647606,0.684606850147247,0.392221927642822,0.326483696699142,0.0715452805161476,0.470505714416504,0.0372599363327026,0.0164863020181656,-0.0585860908031464,-0.105698391795158,0.0383229069411755,-0.139086619019508,0.62581592798233,-0.178238317370415,0.0632669776678085,0.0800400823354721,0.457957178354263,0.30185467004776,0.0224548596888781,-0.034412294626236,0.0921020582318306,-0.0880748555064201,0.0450454689562321,0.320393651723862,0.10035801678896,-0.104589946568012,0.150533869862556,0.332461476325989,0.171825483441353,-0.113548897206783,-0.0605674982070923,-0.0393642298877239,-0.0250460039824247,0.0832951888442039,-0.148793205618858,0.242836892604828,0.0571439787745476,0.121095523238182,0.0248775966465473,0.010532321408391,0.0675651952624321,0.0274971164762974,-0.0440378785133362,-0.161252900958061
0.0325644165277481,0.111064210534096,0.00384631264023483,0.0286635179072618,0.0126261431723833,0.120201461017132,0.0294490531086922,0.0153335705399513,0.0758498385548592,0.0405893847346306,0.0935776010155678,-0.0146334441378713,0.0209976322948933,0.037672683596611,0.105369247496128,0.0318841263651848,0.0103652561083436,0.0583030097186565,0.0746373683214188,0.171830013394356,-0.122297689318657,0,0.0242189113050699,0.354222893714905,0.110822305083275,-0.152978748083115,0.157297298312187,0.271858960390091,0.0339226983487606,0.940069556236267,0.000816050742287189,-0.137898921966553,0.142638340592384,0.393422871828079,-0.0607715956866741,-0.203151032328606,-0.116887658834457,0.891050398349762,0.389134019613266,0.08594761043787,0.341597467660904,0.305671811103821,0.0676478296518326,-0.019491171464324,0.0879659056663513,0.644089937210083,0.207624271512032,0.0052903750911355,-0.0303420126438141,0.0087237861007452,0.262225776910782,0.265534341335297,0.0671617984771729,0.157058566808701,-0.207561835646629,0.978818356990814,0.0158857367932796,0.403785705566406,0.0165427792817354,-0.0721568837761879,0.185266807675362,0.332875490188599,0.00149635970592499,0.928852736949921,-0.0210013911128044,-0.173929318785667,0.169259682297707,0.37124639749527,-0.0521574430167675,-0.218910321593285,-0.134307414293289,0.858309984207153,0.431218773126602,0.0943332836031914,0.369897097349167,0.344357520341873,0.0637092292308807,-0.0799763724207878,0.0242213439196348,0.610898673534393,0.182740926742554,0.0740434378385544,-0.0645914897322655,0.0128007223829627,0.229125618934631,0.253235131502151
0.0329370424151421,0.0245626159012318,0.01344327442348,0.0135381538420916,0.0190054904669523,0.14637878537178,0.0785607919096947,-0.00129582290537655,0.0246674586087465,0.0659106448292732,0.0251743029803038,0.00194414507132024,0.0188099853694439,0.0133482227101922,0.117672301828861,0.0752950981259346,0.0123919807374477,0.0357012413442135,0.0301856435835361,0.0352619029581547,0.0688873678445816,0.0242189113050699,0,0.170584723353386,0.113118566572666,0.153921663761139,0.0645803213119507,0.0472447276115417,0.0900701805949211,0.0484680160880089,0.0893728286027908,0.108296729624271,0.103195205330849,0.0307046603411436,0.0516620986163616,0.037279587239027,0.0681911110877991,0.0311003625392914,0.0514704845845699,0.0376724675297737,0.0591109320521355,0.0575104653835297,0.0585727319121361,0.0335588455200195,0.0600955188274384,0.0869560465216637,0.0886413902044296,0.0675203502178192,0.03132364153862,0.111437909305096,0.0441691391170025,0.0872287154197693,0.00462184706702828,0.0312091074883938,0.0359887108206749,0.00929047074168921,0.05582519993186,0.12972916662693,0.0812006369233131,0.110380791127682,0.0652925819158554,0.0315256305038929,0.0578112974762917,0.0452560856938362,0.078218549489975,0.0690380558371544,0.083593524992466,0.0117139304056764,0.0364619866013527,0.0119991162791848,0.0410549230873585,0.0242565218359232,0.0397057756781578,0.0300944186747074,0.0446206964552402,0.0650757923722267,0.0223167911171913,-0.0204921513795853,0.0339916758239269,0.066069558262825,0.0682616382837296,0.0415677912533283,0.00127550144679844,0.0435443222522736,0.0289524812251329,0.0911201387643814
-0.0067551895044744,-0.0148018775507808,-0.0305293314158916,-0.0182918515056372,-0.0136882802471519,0.234742075204849,0.176332086324692,-0.000990795088000596,0.0193460304290056,0.0129367234185338,-0.0486036837100983,-0.0358148328959942,-0.0144822290167212,-0.0178497955203056,0.242654249072075,0.166677385568619,-0.00231486791744828,0.0234761405736208,0.194151908159256,0.0118189631029963,0.195983156561852,0.354222893714905,0.170584723353386,0,0.413621872663498,0.366713136434555,0.110631130635738,0.58111310005188,0.102202445268631,0.535724878311157,0.178330168128014,0.20318204164505,0.342879205942154,0.1229552552104,0.0954837873578072,0.0351952537894249,0.0718348622322083,0.328049421310425,0.0899684950709343,-0.0454724654555321,0.139968693256378,0.172371655702591,0.0404502600431442,-0.0278676673769951,0.0887983962893486,0.547097325325012,0.263012230396271,-0.00942343845963478,0.0826128050684929,0.139949202537537,0.0928163826465607,0.103960454463959,0.130464479327202,0.0330477990210056,0.0728450641036034,0.313987076282501,0.110197439789772,0.82583087682724,0.286640137434006,0.374933063983917,0.113171175122261,0.547691285610199,0.0663722455501556,0.520967364311218,0.13517826795578,0.18015468120575,0.368547558784485,0.118923835456371,0.0895038917660713,-0.0457135215401649,0.118015505373478,0.256448000669479,0.135524466633797,-0.0440318435430527,0.188402935862541,0.196257174015045,0.024089390411973,-0.103654183447361,0.0430192388594151,0.56120377779007,0.197503387928009,-0.000628571899142116,0.0522128157317638,0.128626257181168,0.0733556300401688,0.0732280015945435
