0,0.344152748584747,0.279788106679916,0.272248595952988,0.064436174929142,-0.0406756065785885,-0.132958248257637,0.0737744495272636,0.21886046230793,0.741033136844635,0.444873154163361,0.376385688781738,0.288301795721054,0.0933594107627869,-0.0318355523049831,-0.108279503881931,0.0549601726233959,0.277117550373077,-0.208369955420494,0.237954571843147,0.112393394112587,0.0412503369152546,-0.00315879727713764,-0.144682049751282,0.0687773749232292,0.119338393211365,0.103887118399143,-0.0397252254188061,0.23431521654129,0.0221627615392208,-0.172395899891853,-0.169085338711739,-0.0190076250582933,0.0380291268229485,0.138832420110703,-0.0146845476701856,0.0580388754606247,0.155739977955818,-0.0603459253907204,0.368324846029282,-0.0122756492346525,0.235775202512741,0.0899328514933586,0.384862214326859,0.0806752666831017,0.0625026524066925,-0.183090195059776,0.279857486486435,-0.104344457387924,-0.0807947963476181,0.101069532334805,0.211574777960777,-0.115328773856163,0.309865146875381,0.445953965187073,0.0201103966683149,0.0489282459020615,-0.175874784588814,0.39313542842865,0.218154162168503,0.200210511684418,-0.0497975870966911,0.360043704509735,-0.0512886196374893,-0.0296631623059511,0.0743672549724579,-0.00253535271622241,0.0765914767980576,0.401033580303192,0.244789645075798,0.307043522596359,0.161721929907799,-0.0523485876619816,0.442678540945053,0.0616963692009449,0.358142465353012,0.200676739215851,0.594012796878815,0.418413013219833,0.093933217227459,-0.144378691911697,0.45357871055603,-0.0105451829731464,-0.0901860892772675,0.0935842841863632,0.265845566987991
0.344152748584747,0,0.296039998531342,0.29480317234993,0.118901677429676,0.00874132383614779,-0.099582813680172,0.0797977522015572,0.23976919054985,0.388440132141113,0.499547570943832,0.290365964174271,0.272355586290359,0.105068922042847,-0.00552768493071198,-0.117727108299732,0.0559667088091373,0.230397433042526,-0.110325522720814,0.272576600313187,0.108725935220718,0.0738605707883835,0.0259804408997297,-0.109297499060631,0.0994315892457962,0.0865548849105835,0.150887191295624,0.0615954026579857,0.211189895868301,0.0907114371657372,-0.0121112167835236,-0.0508547052741051,-0.00540735153481364,0.0753599405288696,0.176323488354683,-0.00541366636753082,0.0647335350513458,0.218947738409042,0.0304079353809357,0.352604657411575,0.0353275761008263,0.21794356405735,0.180361226201057,0.250994116067886,0.23945663869381,0.0470075085759163,-0.102947242558002,0.200316831469536,-0.032335601747036,-0.0534454137086868,0.200102850794792,0.261182397603989,-0.142228707671165,0.270254880189896,0.0613333620131016,0.0595080778002739,0.0302986223250628,-0.145536527037621,0.0627460405230522,-0.0176431406289339,0.122464656829834,0.0495218150317669,0.12670274078846,0.0367233864963055,0.0012386612361297,-0.0941844135522842,-0.0310329739004374,0.0141829634085298,0.144179835915565,0.000388340529752895,0.0633519366383553,0.241791546344757,-0.00921570882201195,0.296186149120331,0.0032114835921675,0.164341285824776,0.170859456062317,0.169840008020401,0.151576310396194,-0.031041806563735,-0.138625547289848,0.170671552419662,-0.0233613606542349,-0.0628731846809387,0.173989832401276,0.245783358812332
0.279788106679916,0.296039998531342,0,0.385784357786179,0.0951707810163498,0.0319389961659908,-0.0563532412052155,0.144654184579849,0.162677437067032,0.339633464813232,0.291652500629425,0.592437326908112,0.367958635091782,0.0713596120476723,0.00334417587146163,-0.0575398318469524,0.118555001914501,0.150842621922493,-0.071481741964817,0.255635410547256,0.161758527159691,0.0174070261418819,-0.00614405609667301,-0.0952712222933769,0.0592770352959633,0.0746655538678169,0.0978139415383339,0.0175323858857155,0.254106938838959,0.0235886611044407,0.00619732588529587,-0.0725421458482742,-0.0541341193020344,0.000662945560179651,0.255599677562714,0.0209621768444777,0.156284928321838,0.108644612133503,-0.0908897370100021,0.246284782886505,0.0160825084894896,0.110691241919994,0.214963540434837,0.298947840929031,0.23871611058712,0.00955596938729286,-0.0864154770970345,0.16541263461113,-0.0564995370805264,-0.0814161747694016,0.124512739479542,0.17856453359127,-0.0740846246480942,0.208488240838051,0.0926168635487556,-0.00412499718368053,0.0304299760609865,-0.129192054271698,0.0126088447868824,0.000265337526798248,0.0604989491403103,0.0421054363250732,0.164530023932457,-0.0369738861918449,0.00653055170550942,-0.100298255681992,-0.0382838286459446,-0.0155342649668455,0.181669265031815,-0.0216902382671833,0.12767581641674,0.119706086814404,-0.103187151253223,0.200441375374794,0.0126979416236281,0.0559535771608353,0.177815720438957,0.166801929473877,0.133223041892052,-0.0382013246417046,-0.0959601029753685,0.145939841866493,-0.0623337738215923,-0.0795143023133278,0.116500474512577,0.171709924936295
0.272248595952988,0.29480317234993,0.385784357786179,0,0.178757846355438,0.0154908932745457,-0.00826997682452202,0.105271533131599,0.15503454208374,0.284637689590454,0.291769713163376,0.36172890663147,0.631802320480347,0.131672248244286,-0.0129324458539486,-0.0188902243971825,0.0969961732625961,0.155242025852203,-0.0243340283632278,0.319535553455353,0.0135706448927522,0.0464946515858173,-0.00250377273187041,-0.0378257259726524,-0.0916374251246452,0.060577604919672,-0.00933455768972635,0.0132399303838611,0.180676609277725,0.0267920903861523,-0.0267521291971207,-0.139040589332581,-0.0213119145482779,0.144446209073067,0.205997779965401,-0.0773797482252121,0.101603403687477,0.11219959706068,0.110459044575691,0.214314937591553,0.253298789262772,0.048246942460537,0.134732365608215,0.185083717107773,0.22534941136837,0.0846715867519379,0.0285687651485205,0.263235151767731,-0.0788995176553726,-0.0281582977622747,0.161634266376495,0.335713893175125,-0.0420486889779568,0.304592996835709,0.00227974145673215,0.0339848473668098,0.0129123171791434,-0.0752642452716827,-0.065490797162056,-0.011440658941865,0.00231951009482145,0.0405681915581226,0.125943258404732,-0.00358854955993593,-0.0260440483689308,-0.144556954503059,-0.00496308412402868,0.113743782043457,0.207763865590096,-0.0570096895098686,0.118011638522148,0.124378487467766,0.0523480959236622,0.239920407533646,0.223058298230171,0.056639414280653,0.153660550713539,0.168154940009117,0.164519846439362,0.0625146776437759,-0.0149240400642157,0.267624974250793,-0.0717375203967094,-0.0678288862109184,0.161725342273712,0.321965575218201
0.064436174929142,0.118901677429676,0.0951707810163498,0.178757846355438,0,-0.000778777350205928,-0.0167006552219391,0.0219379048794508,0.058226577937603,0.0765821039676666,0.0831318125128746,0.0933012068271637,0.145517781376839,0.027509393170476,-0.0107845300808549,-0.0286188181489706,0.0170610956847668,0.0480391681194305,-0.0320866480469704,0.103127934038639,0.00389361544512212,0.0157198794186115,0.0082424059510231,-0.0167795978486538,-0.00461077876389027,0.0203217640519142,-0.00860307365655899,-0.013775147497654,0.0819209516048431,0.0173504892736673,-0.0138399796560407,-0.0334525629878044,0.00500433705747128,0.00731615489348769,0.0602006986737251,0.00653777364641428,0.0484577119350433,0.0430061034858227,0.0385308675467968,0.089036263525486,0.0687938779592514,0.0157520547509193,0.0653779208660126,0.0728436857461929,0.0806378796696663,0.00711192563176155,-0.000401500583393499,0.100237742066383,-0.0391657091677189,-0.0157651212066412,0.0670250654220581,0.128864005208015,-0.0406741574406624,0.113552257418633,-0.0249515641480684,0.00965574383735657,-0.0170211065560579,-0.0331757664680481,-0.031228082254529,-0.0197804644703865,-0.00791940186172724,-0.00407825270667672,0.0453540831804276,-0.00280809309333563,-0.0198718588799238,-0.0544086880981922,-0.01393320877105,0.0153523506596684,0.054769579321146,-0.012862310744822,0.0377450659871101,0.0479925684630871,0.0235624592751265,0.0698608458042145,0.0485061891376972,-0.0120541397482157,0.037984237074852,0.0338821895420551,0.0401220507919788,-0.00829697493463755,-0.0434976257383823,0.0817847400903702,-0.0384762287139893,-0.0266122166067362,0.0355985201895237,0.11492083221674
-0.0406756065785885,0.00874132383614779,0.0319389961659908,0.0154908932745457,-0.000778777350205928,0,0.192089781165123,0.0227396208792925,0.100546717643738,0.0426075123250484,-0.00765671534463763,0.013982156291604,-0.00387759716250002,-0.0290009640157223,0.457820236682892,0.192091792821884,0.0290171224623919,0.0646940693259239,0.105600215494633,0.0453850999474525,0.140732124447823,0.0228716563433409,0.143536597490311,0.218134969472885,0.235968321561813,0.130254000425339,0.349727839231491,0.112733796238899,0.0701825022697449,0.0552572384476662,0.330006629228592,0.234135195612907,0.25390413403511,0.0637974888086319,-0.0380588732659817,0.0703798457980156,-0.014916080981493,0.017986923456192,0.0661063194274902,0.089170053601265,0.0421262867748737,0.216666668653488,0.244898065924644,-0.039399765431881,0.161439925432205,0.0431743040680885,0.210152015089989,-0.0922253578901291,0.0601084493100643,0.155591636896133,0.0817840248346329,0.0545590594410896,0.0686585307121277,0.00156856898684055,-0.0255815647542477,-0.00207865494303405,0.0929001942276955,0.196772485971451,0.0632300898432732,0.0747707188129425,0.285372406244278,0.112348265945911,0.000825902272481471,0.0358849428594112,0.28524312376976,0.101739808917046,0.213729679584503,0.0616822354495525,-0.134232625365257,-0.0346121862530708,-0.11723517626524,0.00140495260711759,0.0724808946251869,0.026169391348958,0.0433031469583511,0.137984812259674,0.140857934951782,-0.139673694968224,0.00863711070269346,0.0211821272969246,0.17321652173996,-0.136208772659302,0.0406094044446945,0.124501414597034,0.0664493292570114,0.0256343372166157
-0.132958248257637,-0.099582813680172,-0.0563532412052155,-0.00826997682452202,-0.0167006552219391,0.192089781165123,0,-0.00385061325505376,-0.0031769541092217,-0.0790321081876755,-0.113007821142673,-0.0686518549919128,-0.0307972393929958,-0.0311271585524082,0.194567978382111,0.278427928686142,-0.00749052269384265,-0.0293488632887602,0.174811393022537,-0.0385794378817081,0.0168539583683014,-0.0149121778085828,0.0779189169406891,0.175381690263748,0.0281899347901344,0.115011185407639,0.00168078788556159,0.0453392490744591,-0.0337999500334263,0.00267196097411215,0.183911606669426,0.189683526754379,0.0660851448774338,0.0578272379934788,-0.00752662261947989,0.065596766769886,0.0593760907649994,-0.0424836091697216,0.0938704758882523,-0.118682265281677,0.112925142049789,-0.0666600093245506,-0.00786277651786804,-0.188924714922905,0.0436328463256359,0.00704087689518929,0.241879671812057,-0.0723135843873024,0.056441143155098,0.133141025900841,-0.0138970976695418,0.0215827878564596,0.135940432548523,-0.0571413934230804,-0.106337457895279,-0.0278905630111694,0.0308935400098562,0.162064656615257,-0.0845061913132668,0.0790887176990509,-0.0383155010640621,0.0310394298285246,-0.0684060528874397,-0.0020088367164135,0.095220573246479,0.0869613289833069,0.0438933670520782,0.0569060482084751,-0.0892390757799149,-0.0251836832612753,-0.0463383793830872,-0.065511554479599,0.105197042226791,-0.129481062293053,0.115203201770782,-0.0902315601706505,-0.0373988971114159,-0.226390466094017,-0.0345981270074844,0.0132079366594553,0.201031476259232,-0.118399679660797,0.0126986056566238,0.107468262314796,-0.0208543837070465,-0.0178404077887535
0.0737744495272636,0.0797977522015572,0.144654184579849,0.105271533131599,0.0219379048794508,0.0227396208792925,-0.00385061325505376,0,0.0663525611162186,0.0570662431418896,0.0811176896095276,0.137353673577309,0.112167239189148,0.020291430875659,0.0259370170533657,0.013414460234344,0.110469065606594,0.0682076960802078,-0.0252851117402315,0.119131579995155,-0.0493343472480774,0.024677574634552,-0.00448070745915174,-0.0281637497246265,-0.047548808157444,-0.0211481582373381,0.0586243756115437,0.0214369427412748,0.0298135429620743,0.0146528501063585,0.0681973770260811,-0.050759918987751,0.0144111225381494,0.040854100137949,-0.0297291073948145,-0.07769725471735,-0.0662789866328239,0.0472208708524704,0.00230209832079709,0.0717684701085091,0.00717986188828945,0.0556186623871326,0.139751479029655,-0.00577897299081087,0.0194153897464275,-0.00419207056984305,0.0211786553263664,-0.00780727714300156,0.00329762534238398,-0.00848100334405899,0.0555442199110985,0.0857297256588936,-0.0138471592217684,0.0926054641604424,-0.0392251946032047,0.0348665527999401,-0.00315164006315172,-0.017078123986721,-0.0300609469413757,-0.00676592765375972,0.0871048718690872,0.0419411063194275,0.0306177791208029,0.00756932608783245,0.0717657506465912,-0.0515428185462952,0.0123042464256287,0.0399514995515347,-0.0246626622974873,-0.0868078991770744,-0.0322146192193031,0.0545835718512535,-0.00495834276080132,0.0858456566929817,0.0245562996715307,0.0702479779720306,0.130632311105728,0.00985682848840952,0.0127558372914791,0.00187675224151462,0.0154662802815437,0.0438417829573154,-0.00561154913157225,-0.0172260496765375,0.0700526833534241,0.0884633809328079
0.21886046230793,0.23976919054985,0.162677437067032,0.15503454208374,0.058226577937603,0.100546717643738,-0.0031769541092217,0.0663525611162186,0,0.231171309947968,0.239779472351074,0.13648384809494,0.15382419526577,0.0419087447226048,0.0757338926196098,-0.012465731240809,0.0337847284972668,0.192548364400864,-0.0318308621644974,0.17538794875145,0.0482331179082394,0.0453005209565163,0.0323512256145477,0.00433760229498148,0.0444424971938133,0.0286331381648779,0.12511020898819,0.0169970262795687,0.1114706620574,0.0707967057824135,0.0240094996988773,-0.0190392695367336,0.0506759136915207,0.0629270821809769,0.0662197396159172,-0.00320170004852116,0.029939591884613,0.15055476129055,0.0392834506928921,0.20616589486599,0.031436413526535,0.148431107401848,0.144673004746437,0.122259221971035,0.115100547671318,0.0142818195745349,0.0167083721607924,0.101990722119808,-0.0248754229396582,-0.00830551330000162,0.13281737267971,0.174669221043587,-0.0297986008226871,0.172969579696655,0.0451472364366055,0.0303921494632959,0.0410504713654518,-0.0279505997896194,0.0517043918371201,0.0271639432758093,0.131245747208595,0.00952396262437105,0.106138676404953,0.0482766926288605,0.0606463402509689,-0.0181484539061785,0.0341918580234051,0.0406296737492085,0.0885178297758102,-0.00494356639683247,0.0508375018835068,0.14415942132473,0.0450780987739563,0.181709617376328,0.0351311974227428,0.147600546479225,0.157233670353889,0.105346970260143,0.113849811255932,-0.0208339523524046,0.00543932290747762,0.128264307975769,-0.0408100336790085,0.0128281805664301,0.130054324865341,0.174720153212547
0.741033136844635,0.388440132141113,0.339633464813232,0.284637689590454,0.0765821039676666,0.0426075123250484,-0.0790321081876755,0.0570662431418896,0.231171309947968,0,0.362139999866486,0.322069257497787,0.250768959522247,0.098789170384407,0.0225098542869091,-0.087655209004879,0.0380750522017479,0.245918720960617,-0.147828668355942,0.25482040643692,0.369040668010712,0.0535420142114162,0.0291424505412579,-0.197094321250916,0.302814960479736,0.210542559623718,0.181734934449196,-0.0825467556715012,0.279951572418213,0.0127564175054431,0.00563938543200493,0.0237981807440519,-0.00476718042045832,0.100082993507385,0.288136452436447,0.142346262931824,0.232728362083435,0.191532969474792,0.0821787342429161,0.358741253614426,0.137131959199905,0.316377758979797,0.146277204155922,0.533288955688477,0.376442641019821,0.126558542251587,-0.165829449892044,0.322487711906433,0.0028185211122036,-0.0288507677614689,0.0795039236545563,0.199822321534157,-0.21706260740757,0.192153126001358,0.143429651856422,0.0247489474713802,0.0240009818226099,-0.217255592346191,0.0960327163338661,0.0475108064711094,0.108599215745926,-0.0361842885613441,0.100695058703423,-0.0433155298233032,-0.0245828423649073,-0.0673064067959785,-0.0361200161278248,0.0306649841368198,0.140512734651566,0.0369693264365196,0.0669445171952248,0.199330121278763,0.00181109912227839,0.254396975040436,0.0469852723181248,0.168218374252319,0.0954270586371422,0.211656138300896,0.0899787768721581,-0.0436442196369171,-0.139377251267433,0.229026913642883,-0.0420769937336445,-0.075489304959774,0.0886478424072266,0.166992515325546
0.444873154163361,0.499547570943832,0.291652500629425,0.291769713163376,0.0831318125128746,-0.00765671534463763,-0.113007821142673,0.0811176896095276,0.239779472351074,0.362139999866486,0,0.336660206317902,0.31255429983139,0.0996042713522911,-0.00859103817492723,-0.120996080338955,0.0806945264339447,0.251117527484894,-0.16408571600914,0.299109876155853,0.0477994792163372,0.0665367767214775,0.00872781500220299,-0.112061627209187,0.036052156239748,0.0160099323838949,0.144746571779251,0.0377116091549397,0.162342607975006,0.0734321847558022,-0.048578042536974,-0.134075656533241,-0.00212893495336175,0.0496490560472012,0.0988247245550156,-0.0657670721411705,0.00299724494107068,0.207469940185547,0.000478578702313825,0.336780995130539,0.00739220483228564,0.221861317753792,0.18775936961174,0.219152599573135,0.139199912548065,0.0288854148238897,-0.13752044737339,0.209492936730385,-0.068393386900425,-0.079105980694294,0.20755423605442,0.249543160200119,-0.160153642296791,0.3198621571064,0.183598101139069,0.0751614421606064,0.022225508466363,-0.143632039427757,0.16539303958416,0.0280752573162317,0.188324093818665,0.0285535883158445,0.205459445714951,0.0323905535042286,0.0103995036333799,-0.0556048825383186,-0.00624565128237009,0.0622457750141621,0.251955777406693,0.0475325807929039,0.166171714663506,0.24516761302948,-0.0200362130999565,0.393296718597412,0.0355875715613365,0.254237979650497,0.219467058777809,0.312976807355881,0.274822622537613,0.0270057544112206,-0.13801634311676,0.279717534780502,-0.0147099317982793,-0.100802354514599,0.197176247835159,0.283180058002472
0.376385688781738,0.290365964174271,0.592437326908112,0.36172890663147,0.0933012068271637,0.013982156291604,-0.0686518549919128,0.137353673577309,0.13648384809494,0.322069257497787,0.336660206317902,0,0.378543972969055,0.0840557590126991,0.0071713337674737,-0.0522439815104008,0.14017853140831,0.135530218482018,-0.0855293273925781,0.247556209564209,0.103541642427444,0.0109084323048592,-0.0205583442002535,-0.088117316365242,0.0268687754869461,0.0713794976472855,0.0939753204584122,0.0245629455894232,0.225701704621315,0.0293308701366186,-0.0305156074464321,-0.141717284917831,-0.0536590777337551,-0.00301862717606127,0.223814830183983,-0.0187078416347504,0.123466044664383,0.120925359427929,-0.0638248175382614,0.244505867362022,0.0302773416042328,0.102396979928017,0.184976980090141,0.267704874277115,0.154899954795837,0.028113441541791,-0.0825067460536957,0.170520707964897,-0.093905434012413,-0.0946118608117104,0.110433727502823,0.177338942885399,-0.0465086400508881,0.267985790967941,0.190491676330566,-0.0221817586570978,0.00606631021946669,-0.10653168708086,0.105384238064289,0.0567749552428722,0.0894149616360664,0.025457538664341,0.25472503900528,-0.0317214466631413,0.011198271997273,-0.0684768781065941,-0.0229320954531431,0.0134678985923529,0.275687396526337,0.0724496766924858,0.216545879840851,0.127442181110382,-0.113846153020859,0.272576987743378,0.0161358807235956,0.128269851207733,0.217598721385002,0.279816180467606,0.233624175190926,-0.0125494673848152,-0.104061141610146,0.208869799971581,-0.0657153278589249,-0.0842539146542549,0.0935755744576454,0.21338102221489
0.288301795721054,0.272355586290359,0.367958635091782,0.631802320480347,0.145517781376839,-0.00387759716250002,-0.0307972393929958,0.112167239189148,0.15382419526577,0.250768959522247,0.31255429983139,0.378543972969055,0,0.142230778932571,-0.00421696063131094,-0.0291833188384771,0.125471666455269,0.158762753009796,-0.0309377443045378,0.292119562625885,0.0143785532563925,0.0481933578848839,0.00904142204672098,-0.0562492571771145,-0.088236004114151,0.0604627281427383,-0.0246642660349607,0.0104409707710147,0.183221638202667,0.0262069962918758,-0.0659159645438194,-0.127054080367088,-0.0302436053752899,0.119135834276676,0.192882224917412,-0.0807835012674332,0.098127655684948,0.119172789156437,0.040846511721611,0.214116036891937,0.203158631920815,0.0264881867915392,0.113160610198975,0.171403184533119,0.190021395683289,0.0772296264767647,-0.00138032343238592,0.246376380324364,-0.090475395321846,-0.057625126093626,0.146239504218102,0.302366852760315,-0.033334381878376,0.308348447084427,0.017908213660121,0.0230712834745646,0.00876785255968571,-0.0649741888046265,-0.0518434271216393,0.0326403006911278,-0.0161883402615786,0.0240906160324812,0.178183645009995,0.000936799624469131,-0.0323063507676125,-0.130992293357849,-0.0347730815410614,0.10603516548872,0.240565240383148,-0.0307613909244537,0.159747049212456,0.131640017032623,0.0225091557949781,0.241207554936409,0.21971033513546,0.054838914424181,0.154372245073318,0.192414313554764,0.177754342556,0.0607119090855122,-0.00823907926678658,0.274965316057205,-0.074365422129631,-0.0545498952269554,0.152150556445122,0.357952386140823
0.0933594107627869,0.105068922042847,0.0713596120476723,0.131672248244286,0.027509393170476,-0.0290009640157223,-0.0311271585524082,0.020291430875659,0.0419087447226048,0.098789170384407,0.0996042713522911,0.0840557590126991,0.142230778932571,0,-0.0149283176288009,-0.032884880900383,0.0197060983628035,0.0992621332406998,-0.0163943581283092,0.116146184504032,-0.0109271807596087,0.0201861523091793,0.00835174601525068,-0.0345932133495808,-0.0304371993988752,-0.010305929929018,0.00307000777684152,-0.0203797109425068,0.0394455753266811,0.0211132187396288,-0.0364803783595562,-0.0453210324048996,-0.0110590616241097,0.02029849588871,0.0241040978580713,-0.0310025345534086,0.0138113368302584,0.0540256723761559,0.0400145463645458,0.0724484398961067,0.0486816167831421,0.032452717423439,0.0488394349813461,0.0328462012112141,0.0538276098668575,0.00792465172708035,-0.0145123107358813,0.0837325230240822,-0.0490806885063648,-0.0200666654855013,0.0681075230240822,0.103255450725555,-0.0253940634429455,0.103256866335869,-0.00407786900177598,0.0243177860975266,-0.00760315312072635,-0.0237235445529222,-0.0191803891211748,-0.0192037522792816,0.0116904694586992,-0.014283450320363,0.024855462834239,0.0162517912685871,-0.0246074981987476,-0.0324067808687687,-0.0101761035621166,0.0344918444752693,0.042151290923357,-0.0357073619961739,0.0321667641401291,0.0660145431756973,0.03624527156353,0.0663825049996376,0.0364059656858444,0.0384490266442299,0.0722626522183418,0.0526061803102493,0.0614709220826626,-0.0151721630245447,-0.0114016309380531,0.0852601602673531,-0.0220856312662363,-0.0246456637978554,0.0566498748958111,0.11379936337471
-0.0318355523049831,-0.00552768493071198,0.00334417587146163,-0.0129324458539486,-0.0107845300808549,0.457820236682892,0.194567978382111,0.0259370170533657,0.0757338926196098,0.0225098542869091,-0.00859103817492723,0.0071713337674737,-0.00421696063131094,-0.0149283176288009,0,0.241594225168228,0.0396089963614941,0.0670964047312737,0.0725173577666283,0.0206721890717745,0.108501762151718,0.00867451913654804,0.120934784412384,0.203781232237816,0.184974163770676,0.104081533849239,0.30405181646347,0.10597001761198,0.0420936495065689,0.0402599535882473,0.320248454809189,0.182116717100143,0.241634786128998,0.085914745926857,-0.0674487799406052,0.0258609000593424,-0.0591685697436333,-0.00816405657678843,0.062048427760601,0.0670133456587791,0.0545103065669537,0.191812306642532,0.226678028702736,-0.0851185396313667,0.12514828145504,0.05057393014431,0.193238377571106,-0.116191610693932,0.0429904982447624,0.118175379931927,0.0494788438081741,0.0532598234713078,0.0649966895580292,0.0104506565257907,0.0260567162185907,0.000615227909293026,0.118119664490223,0.215857058763504,0.0948185920715332,0.123264260590076,0.286624997854233,0.105396099388599,0.0302225053310394,0.0246475581079721,0.270101010799408,0.120994843542576,0.268832057714462,0.0585591830313206,-0.107703246176243,-0.022962860763073,-0.109026908874512,-0.0103577384725213,0.0948164835572243,0.0303092431277037,0.0455527938902378,0.16148079931736,0.160604208707809,-0.108266599476337,0.0427236035466194,0.0532872229814529,0.202230334281921,-0.122048676013947,0.0242257285863161,0.139285624027252,0.0517501495778561,0.0396631471812725
-0.108279503881931,-0.117727108299732,-0.0575398318469524,-0.0188902243971825,-0.0286188181489706,0.192091792821884,0.278427928686142,0.013414460234344,-0.012465731240809,-0.087655209004879,-0.120996080338955,-0.0522439815104008,-0.0291833188384771,-0.032884880900383,0.241594225168228,0,0.0305550787597895,-0.00509705441072583,0.145125478506088,-0.0318415611982346,0.0220042858272791,-0.0191140994429588,0.0873866155743599,0.173393785953522,0.0130386194214225,0.105079472064972,-0.0021234848536551,0.0112649202346802,-0.032387338578701,-0.00152687774971128,0.152354270219803,0.125419363379478,0.101520359516144,0.0679263770580292,-0.0199916567653418,0.0185777731239796,0.0258300453424454,-0.083784706890583,0.09665147960186,-0.095356747508049,0.127508401870728,-0.0444601662456989,0.0028643636032939,-0.138668462634087,0.0198051519691944,0.0345756933093071,0.225101515650749,-0.0475290715694427,0.0253006238490343,0.114140428602695,-0.0080819446593523,0.0325883626937866,0.14215287566185,-0.0304188281297684,-0.0418842919170856,-0.0340933129191399,0.0436548627912998,0.191316619515419,-0.0325000435113907,0.139566212892532,-0.0200810860842466,0.0167114902287722,-0.0235037356615067,0.000594664306845516,0.106761232018471,0.0936402603983879,0.101127356290817,0.0675706788897514,-0.058550301939249,-0.0181091856211424,-0.00828495621681213,-0.103250980377197,0.126476123929024,-0.111973389983177,0.136273249983788,-0.0507115684449673,-0.0442454479634762,-0.154104977846146,-0.028762798756361,0.0446086749434471,0.240703329443932,-0.0607673600316048,0.0129129262641072,0.15741765499115,-0.00582822691649199,0.0239651240408421
0.0549601726233959,0.0559667088091373,0.118555001914501,0.0969961732625961,0.0170610956847668,0.0290171224623919,-0.00749052269384265,0.110469065606594,0.0337847284972668,0.0380750522017479,0.0806945264339447,0.14017853140831,0.125471666455269,0.0197060983628035,0.0396089963614941,0.0305550787597895,0,0.0679901689291,-0.0154941659420729,0.0956931114196777,-0.0465604178607464,0.0268282610923052,0.00642517302185297,-0.00783307198435068,-0.0306807402521372,-0.0383092015981674,0.0906705483794212,0.0404465720057487,0.00330706033855677,0.0216741561889648,0.0773064121603966,-0.0453972779214382,-0.00444164359942079,0.0145020447671413,-0.0511584579944611,-0.0740638375282288,-0.0572414956986904,0.0309481471776962,0.000669455039314926,0.0481717512011528,-0.00514397071674466,0.0702456533908844,0.149322956800461,-0.0363062880933285,0.0302590634673834,-0.0105280326679349,0.0237889140844345,-0.035400778055191,0.0103690633550286,-0.0126988338306546,0.0373770333826542,0.0480735562741756,-0.0101121496409178,0.0850742757320404,-0.0612404607236385,0.0368585921823978,-0.00586342252790928,0.00761182652786374,-0.0439120791852474,-0.0131892282515764,0.0738305002450943,0.0505564101040363,0.00647010188549757,0.00914492178708315,0.0691576302051544,-0.0443350411951542,0.0124210640788078,0.0324608311057091,-0.049014575779438,-0.0950880721211433,-0.0516929216682911,0.0371729657053947,-0.00175219506490976,0.0538255795836449,0.00397854438051581,0.0585813671350479,0.127600893378258,-0.0143797434866428,0.000529078708495945,-0.00334347039461136,0.0221718605607748,0.00524481013417244,0.00422081258147955,-0.00715488195419312,0.0463269278407097,0.0659299269318581
0.277117550373077,0.230397433042526,0.150842621922493,0.155242025852203,0.0480391681194305,0.0646940693259239,-0.0293488632887602,0.0682076960802078,0.192548364400864,0.245918720960617,0.251117527484894,0.135530218482018,0.158762753009796,0.0992621332406998,0.0670964047312737,-0.00509705441072583,0.0679901689291,0,-0.0314990840852261,0.171675145626068,0.0702458620071411,0.0643986016511917,0.055796317756176,-0.00519591756165028,0.0684103816747665,0.0321296826004982,0.129267960786819,-0.00736141856759787,0.110813185572624,0.0858800038695335,0.0223673488944769,-0.00821539200842381,0.0689812824130058,0.0416738726198673,0.0579842068254948,-0.026996772736311,0.035335224121809,0.162539944052696,0.0534118227660656,0.171735480427742,0.0452873669564724,0.174622848629951,0.143934160470963,0.097959116101265,0.106482066214085,0.0373149588704109,0.0305180754512548,0.120002672076225,-0.0270892456173897,0.0290627237409353,0.180499523878098,0.190535709261894,-0.00786875002086163,0.191140860319138,0.0961965247988701,0.0685632675886154,0.0241440907120705,-0.0144607871770859,0.108687773346901,0.0287034623324871,0.142433628439903,0.00506518268957734,0.122235700488091,0.0650814324617386,0.0813329145312309,0.0298145152628422,0.0531697869300842,0.0769530460238457,0.10184109210968,0.0329018123447895,0.0841213241219521,0.170808330178261,0.0581341944634914,0.183395460247993,0.0439592450857162,0.195668637752533,0.15709824860096,0.141963988542557,0.1590436398983,0.0264345780014992,0.0418723002076149,0.131821900606155,0.0356731228530407,-0.0030754148028791,0.16901008784771,0.209846347570419
-0.208369955420494,-0.110325522720814,-0.071481741964817,-0.0243340283632278,-0.0320866480469704,0.105600215494633,0.174811393022537,-0.0252851117402315,-0.0318308621644974,-0.147828668355942,-0.16408571600914,-0.0855293273925781,-0.0309377443045378,-0.0163943581283092,0.0725173577666283,0.145125478506088,-0.0154941659420729,-0.0314990840852261,0,0.00946598313748837,0.12470992654562,0.0374511927366257,0.043156735599041,0.345103591680527,0.0993544012308121,0.231435239315033,-0.127769038081169,0.0925223082304001,0.0355233401060104,0.114838838577271,0.0707069858908653,0.515587449073792,0.0337936021387577,0.0571996979415417,0.337350457906723,0.0059564751572907,0.462476998567581,-0.0480188056826591,0.155312567949295,-0.0816926285624504,0.209998041391373,-0.0520324632525444,-0.0656164735555649,-0.0784218236804008,0.0783834382891655,0.125844836235046,0.727876782417297,0.152543812990189,0.0794283747673035,0.162923544645309,0.162178978323936,0.196730062365532,0.721620082855225,0.015496289357543,-0.0321392975747585,0.0218641478568316,0.0340145900845528,0.29332423210144,-0.0250670723617077,0.206894084811211,-0.137460708618164,0.078762874007225,0.00870777945965528,0.102079182863235,-0.00111258588731289,0.373551458120346,0.0583251491189003,0.0945301130414009,0.190745666623116,0.0858855247497559,0.304266393184662,-0.0785938799381256,0.220151513814926,-0.0990292280912399,0.210170865058899,-0.0724655911326408,-0.0734484493732452,-0.0855130478739738,0.033032450824976,0.108533099293709,0.6357741355896,0.123394161462784,0.00343007547780871,0.177584826946259,0.182704344391823,0.183908879756927
0.237954571843147,0.272576600313187,0.255635410547256,0.319535553455353,0.103127934038639,0.0453850999474525,-0.0385794378817081,0.119131579995155,0.17538794875145,0.25482040643692,0.299109876155853,0.247556209564209,0.292119562625885,0.116146184504032,0.0206721890717745,-0.0318415611982346,0.0956931114196777,0.171675145626068,0.00946598313748837,0,-0.0232407171279192,0.172626659274101,0.0607123449444771,0.021260529756546,-0.141580790281296,0.0324131287634373,0.0230956617742777,0.0158564057201147,0.301376610994339,0.168124005198479,-0.0903396010398865,-0.275072425603867,0.00686007412150502,0.281082630157471,0.250258445739746,-0.224513158202171,0.0711160078644753,0.223894655704498,0.208469226956367,0.474447995424271,0.284809619188309,0.178699150681496,0.340621054172516,0.293703854084015,0.397475838661194,0.257965505123138,0.118667632341385,0.447893977165222,-0.142786517739296,-0.0521015748381615,0.327829331159592,0.585289716720581,0.0191310625523329,0.640673398971558,-0.10766214877367,0.183464169502258,0.00169914145953953,-0.00389306526631117,-0.161595985293388,-0.0229948554188013,0.0634444206953049,0.0557943731546402,0.199048414826393,0.129086315631866,-0.0604410395026207,-0.276591330766678,0.00533492816612124,0.279438197612762,0.223927214741707,-0.249510824680328,0.123554594814777,0.220499724149704,0.165662780404091,0.467696905136108,0.258539766073227,0.183065414428711,0.356998115777969,0.244981050491333,0.242891207337379,0.190604493021965,0.0706495940685272,0.440703153610229,-0.163549810647964,-0.0903286933898926,0.270239740610123,0.556480050086975
0.112393394112587,0.108725935220718,0.161758527159691,0.0135706448927522,0.00389361544512212,0.140732124447823,0.0168539583683014,-0.0493343472480774,0.0482331179082394,0.369040668010712,0.0477994792163372,0.103541642427444,0.0143785532563925,-0.0109271807596087,0.108501762151718,0.0220042858272791,-0.0465604178607464,0.0702458620071411,0.12470992654562,-0.0232407171279192,0,-0.0878184214234352,0.0796263739466667,0.155636698007584,0.791294455528259,0.546934247016907,0.25827768445015,-0.0817615017294884,0.37468221783638,-0.0395694747567177,0.103108763694763,0.440833121538162,0.174286067485809,-0.0759829878807068,0.640219390392303,0.501035690307617,0.545533776283264,-0.00607955595478415,-0.0700219795107841,0.20045180618763,0.085648849606514,0.41603672504425,0.051823366433382,0.750782430171967,0.547762989997864,0.339732617139816,0.0305717308074236,0.361146956682205,0.0272305440157652,0.000854715472087264,0.0673917382955551,0.0652235224843025,0.0255940165370703,-0.0358019545674324,0.670078039169312,-0.159768521785736,0.0798184275627136,0.0967859551310539,0.504129350185394,0.229226112365723,0.137444198131561,-0.0573916845023632,0.154700174927711,-0.0677240192890167,0.0640121102333069,0.223093718290329,0.135980069637299,-0.0800773054361343,0.436879456043243,0.312830656766891,0.309915006160736,-0.0121308015659451,-0.0108330519869924,0.0485048033297062,0.065151646733284,0.229331895709038,-0.0512139983475208,0.305707901716232,0.19243723154068,0.140223369002342,0.0595737285912037,0.12848949432373,0.0576749779284,-0.0084769893437624,0.0792370140552521,0.032290481030941
0.0412503369152546,0.0738605707883835,0.0174070261418819,0.0464946515858173,0.0157198794186115,0.0228716563433409,-0.0149121778085828,0.024677574634552,0.0453005209565163,0.0535420142114162,0.0665367767214775,0.0109084323048592,0.0481933578848839,0.0201861523091793,0.00867451913654804,-0.0191140994429588,0.0268282610923052,0.0643986016511917,0.0374511927366257,0.172626659274101,-0.0878184214234352,0,-0.00932552199810743,0.286707133054733,-0.0120420018211007,-0.14190861582756,0.125586152076721,0.126752108335495,0.0328696817159653,0.936980783939362,-0.0564342439174652,-0.158104971051216,0.169600009918213,0.20183040201664,-0.0611028522253036,-0.218730390071869,-0.106435365974903,0.915844917297363,0.125251188874245,0.0964806228876114,0.158555060625076,0.315155386924744,0.088681198656559,-0.00654079718515277,0.0426289401948452,0.717959046363831,0.0695237293839455,0.0520908385515213,-0.0519709661602974,-0.00498807709664106,0.135269343852997,0.173650175333023,0.0210545565932989,0.197270765900612,-0.191633656620979,0.981354176998138,-0.0260803773999214,0.290985226631165,-0.0664004385471344,-0.0897835195064545,0.2293721139431,0.192355453968048,0.00511059816926718,0.933841645717621,-0.0202240031212568,-0.167832478880882,0.162739187479019,0.203893572092056,-0.110581263899803,-0.225742176175117,-0.131702095270157,0.888377845287323,0.155120983719826,0.0880182608962059,0.145254820585251,0.413664221763611,0.112371176481247,-0.0124141871929169,-0.0268456768244505,0.605115473270416,0.0548717528581619,0.0351228825747967,-0.0915089473128319,-0.0123242847621441,0.106273286044598,0.156894683837891
-0.00315879727713764,0.0259804408997297,-0.00614405609667301,-0.00250377273187041,0.0082424059510231,0.143536597490311,0.0779189169406891,-0.00448070745915174,0.0323512256145477,0.0291424505412579,0.00872781500220299,-0.0205583442002535,0.00904142204672098,0.00835174601525068,0.120934784412384,0.0873866155743599,0.00642517302185297,0.055796317756176,0.043156735599041,0.0607123449444771,0.0796263739466667,-0.00932552199810743,0,0.174730628728867,0.110777415335178,0.128818690776825,0.0678663328289986,0.021186176687479,0.0948239862918854,0.0108249969780445,0.104837842285633,0.128918319940567,0.108261741697788,0.0384582951664925,0.0721316039562225,0.055750634521246,0.0802790001034737,-0.00252244644798338,0.0393653586506844,0.0558592639863491,0.0430558733642101,0.0353207103908062,0.0787731558084488,0.0233341101557016,0.0932792574167252,0.0597948767244816,0.111029155552387,0.042856689542532,0.0404568538069725,0.105114318430424,0.0534759946167469,0.110328398644924,0.0234418399631977,0.0347803346812725,0.0374198332428932,-0.0161752570420504,0.0639635846018791,0.143441453576088,0.0658291578292847,0.118988953530788,0.0580131970345974,0.00976145174354315,0.0645017549395561,0.0119245694950223,0.0924002453684807,0.0813712924718857,0.0720308646559715,0.00449118716642261,0.0476238988339901,0.0431903228163719,0.0440391972661018,-0.00674155028536916,0.0454959534108639,0.0280134156346321,0.0420007221400738,0.042402159422636,0.0354338958859444,-0.00829241424798965,0.0600742883980274,0.0503596253693104,0.0762252360582352,0.0197683069854975,0.0303227994590998,0.0602033473551273,0.0319316238164902,0.0926562920212746
-0.144682049751282,-0.109297499060631,-0.0952712222933769,-0.0378257259726524,-0.0167795978486538,0.218134969472885,0.175381690263748,-0.0281637497246265,0.00433760229498148,-0.197094321250916,-0.112061627209187,-0.088117316365242,-0.0562492571771145,-0.0345932133495808,0.203781232237816,0.173393785953522,-0.00783307198435068,-0.00519591756165028,0.345103591680527,0.021260529756546,0.155636698007584,0.286707133054733,0.174730628728867,0,0.16607865691185,0.332681924104691,0.0685504972934723,0.467655777931213,0.0491139590740204,0.487753570079803,0.167005464434624,0.197763681411743,0.352314054965973,0.0592766255140305,0.104388028383255,-0.0378855429589748,0.0734805464744568,0.226319447159767,0.119972333312035,-0.0706806555390358,0.154894471168518,0.0700781047344208,0.0603753738105297,-0.0928115695714951,0.0423630923032761,0.497765690088272,0.366625547409058,0.00126626272685826,0.0485349707305431,0.161863207817078,0.115766458213329,0.151504427194595,0.310497939586639,0.0362498387694359,-0.0167826898396015,0.276504963636398,0.107127353549004,0.821092903614044,0.0694432258605957,0.331510245800018,0.106166809797287,0.419925451278687,0.0330500602722168,0.498776972293854,0.167290955781937,0.173322543501854,0.345593810081482,0.0725912526249886,0.0352508090436459,-0.0333764664828777,0.0831496194005013,0.168417260050774,0.153332129120827,-0.0492072515189648,0.148293733596802,0.152222111821175,0.0614475607872009,-0.0992181152105331,0.0241673439741135,0.464172035455704,0.308251053094864,-0.0545669607818127,0.00268959533423185,0.142386913299561,0.0868715643882751,0.096182718873024
