0 0.34415 0.27979 0.27225 0.064436 -0.040676 -0.13296 0.073774 0.21886 0.74103 0.44487 0.37639 0.2883 0.093359 -0.031836 -0.10828 0.05496 0.27712 -0.20837 0.23795 0.11239 0.04125 -0.0031588 -0.14468 0.068777 0.11934 0.10389 -0.039725 0.23432 0.022163 -0.1724 -0.16909 -0.019008 0.038029 0.13883 -0.014685 0.058039 0.15574 -0.060346 0.36832 -0.012276 0.23578 0.089933 0.38486 0.080675 0.062503 -0.18309 0.27986 -0.10434 -0.080795 0.10107 0.21157 -0.11533 0.30987 0.44595 0.02011 0.048928 -0.17587 0.39314 0.21815 0.20021 -0.049798 0.36004 -0.051289 -0.029663 0.074367 -0.0025354 0.076591 0.40103 0.24479 0.30704 0.16172 -0.052349 0.44268 0.061696 0.35814 0.20068 0.59401 0.41841 0.093933 -0.14438 0.45358 -0.010545 -0.090186 0.093584 0.26585
0.34415 0 0.29604 0.2948 0.1189 0.0087413 -0.099583 0.079798 0.23977 0.38844 0.49955 0.29037 0.27236 0.10507 -0.0055277 -0.11773 0.055967 0.2304 -0.11033 0.27258 0.10873 0.073861 0.02598 -0.1093 0.099432 0.086555 0.15089 0.061595 0.21119 0.090711 -0.012111 -0.050855 -0.0054074 0.07536 0.17632 -0.0054137 0.064734 0.21895 0.030408 0.3526 0.035328 0.21794 0.18036 0.25099 0.23946 0.047008 -0.10295 0.20032 -0.032336 -0.053445 0.2001 0.26118 -0.14223 0.27025 0.061333 0.059508 0.030299 -0.14554 0.062746 -0.017643 0.12246 0.049522 0.1267 0.036723 0.0012387 -0.094184 -0.031033 0.014183 0.14418 0.00038834 0.063352 0.24179 -0.0092157 0.29619 0.0032115 0.16434 0.17086 0.16984 0.15158 -0.031042 -0.13863 0.17067 -0.023361 -0.062873 0.17399 0.24578
0.27979 0.29604 0 0.38578 0.095171 0.031939 -0.056353 0.14465 0.16268 0.33963 0.29165 0.59244 0.36796 0.07136 0.0033442 -0.05754 0.11856 0.15084 -0.071482 0.25564 0.16176 0.017407 -0.0061441 -0.095271 0.059277 0.074666 0.097814 0.017532 0.25411 0.023589 0.0061973 -0.072542 -0.054134 0.00066295 0.2556 0.020962 0.15628 0.10864 -0.09089 0.24628 0.016083 0.11069 0.21496 0.29895 0.23872 0.009556 -0.086415 0.16541 -0.0565 -0.081416 0.12451 0.17856 -0.074085 0.20849 0.092617 -0.004125 0.03043 -0.12919 0.012609 0.00026534 0.060499 0.042105 0.16453 -0.036974 0.0065306 -0.1003 -0.038284 -0.015534 0.18167 -0.02169 0.12768 0.11971 -0.10319 0.20044 0.012698 0.055954 0.17782 0.1668 0.13322 -0.038201 -0.09596 0.14594 -0.062334 -0.079514 0.1165 0.17171
0.27225 0.2948 0.38578 0 0.17876 0.015491 -0.00827 0.10527 0.15503 0.28464 0.29177 0.36173 0.6318 0.13167 -0.012932 -0.01889 0.096996 0.15524 -0.024334 0.31954 0.013571 0.046495 -0.0025038 -0.037826 -0.091637 0.060578 -0.0093346 0.01324 0.18068 0.026792 -0.026752 -0.13904 -0.021312 0.14445 0.206 -0.07738 0.1016 0.1122 0.11046 0.21431 0.2533 0.048247 0.13473 0.18508 0.22535 0.084672 0.028569 0.26324 -0.0789 -0.028158 0.16163 0.33571 -0.042049 0.30459 0.0022797 0.033985 0.012912 -0.075264 -0.065491 -0.011441 0.0023195 0.040568 0.12594 -0.0035885 -0.026044 -0.14456 -0.0049631 0.11374 0.20776 -0.05701 0.11801 0.12438 0.052348 0.23992 0.22306 0.056639 0.15366 0.16815 0.16452 0.062515 -0.014924 0.26762 -0.071738 -0.067829 0.16173 0.32197
0.064436 0.1189 0.095171 0.17876 0 -0.00077878 -0.016701 0.021938 0.058227 0.076582 0.083132 0.093301 0.14552 0.027509 -0.010785 -0.028619 0.017061 0.048039 -0.032087 0.10313 0.0038936 0.01572 0.0082424 -0.01678 -0.0046108 0.020322 -0.0086031 -0.013775 0.081921 0.01735 -0.01384 -0.033453 0.0050043 0.0073162 0.060201 0.0065378 0.048458 0.043006 0.038531 0.089036 0.068794 0.015752 0.065378 0.072844 0.080638 0.0071119 -0.0004015 0.10024 -0.039166 -0.015765 0.067025 0.12886 -0.040674 0.11355 -0.024952 0.0096557 -0.017021 -0.033176 -0.031228 -0.01978 -0.0079194 -0.0040783 0.045354 -0.0028081 -0.019872 -0.054409 -0.013933 0.015352 0.05477 -0.012862 0.037745 0.047993 0.023562 0.069861 0.048506 -0.012054 0.037984 0.033882 0.040122 -0.008297 -0.043498 0.081785 -0.038476 -0.026612 0.035599 0.11492
-0.040676 0.0087413 0.031939 0.015491 -0.00077878 0 0.19209 0.02274 0.10055 0.042608 -0.0076567 0.013982 -0.0038776 -0.029001 0.45782 0.19209 0.029017 0.064694 0.1056 0.045385 0.14073 0.022872 0.14354 0.21813 0.23597 0.13025 0.34973 0.11273 0.070183 0.055257 0.33001 0.23414 0.2539 0.063797 -0.038059 0.07038 -0.014916 0.017987 0.066106 0.08917 0.042126 0.21667 0.2449 -0.0394 0.16144 0.043174 0.21015 -0.092225 0.060108 0.15559 0.081784 0.054559 0.068659 0.0015686 -0.025582 -0.0020787 0.0929 0.19677 0.06323 0.074771 0.28537 0.11235 0.0008259 0.035885 0.28524 0.10174 0.21373 0.061682 -0.13423 -0.034612 -0.11724 0.001405 0.072481 0.026169 0.043303 0.13798 0.14086 -0.13967 0.0086371 0.021182 0.17322 -0.13621 0.040609 0.1245 0.066449 0.025634
-0.13296 -0.099583 -0.056353 -0.00827 -0.016701 0.19209 0 -0.0038506 -0.003177 -0.079032 -0.11301 -0.068652 -0.030797 -0.031127 0.19457 0.27843 -0.0074905 -0.029349 0.17481 -0.038579 0.016854 -0.014912 0.077919 0.17538 0.02819 0.11501 0.0016808 0.045339 -0.0338 0.002672 0.18391 0.18968 0.066085 0.057827 -0.0075266 0.065597 0.059376 -0.042484 0.09387 -0.11868 0.11293 -0.06666 -0.0078628 -0.18892 0.043633 0.0070409 0.24188 -0.072314 0.056441 0.13314 -0.013897 0.021583 0.13594 -0.057141 -0.10634 -0.027891 0.030894 0.16206 -0.084506 0.079089 -0.038316 0.031039 -0.068406 -0.0020088 0.095221 0.086961 0.043893 0.056906 -0.089239 -0.025184 -0.046338 -0.065512 0.1052 -0.12948 0.1152 -0.090232 -0.037399 -0.22639 -0.034598 0.013208 0.20103 -0.1184 0.012699 0.10747 -0.020854 -0.01784
0.073774 0.079798 0.14465 0.10527 0.021938 0.02274 -0.0038506 0 0.066353 0.057066 0.081118 0.13735 0.11217 0.020291 0.025937 0.013414 0.11047 0.068208 -0.025285 0.11913 -0.049334 0.024678 -0.0044807 -0.028164 -0.047549 -0.021148 0.058624 0.021437 0.029814 0.014653 0.068197 -0.05076 0.014411 0.040854 -0.029729 -0.077697 -0.066279 0.047221 0.0023021 0.071768 0.0071799 0.055619 0.13975 -0.005779 0.019415 -0.0041921 0.021179 -0.0078073 0.0032976 -0.008481 0.055544 0.08573 -0.013847 0.092605 -0.039225 0.034867 -0.0031516 -0.017078 -0.030061 -0.0067659 0.087105 0.041941 0.030618 0.0075693 0.071766 -0.051543 0.012304 0.039951 -0.024663 -0.086808 -0.032215 0.054584 -0.0049583 0.085846 0.024556 0.070248 0.13063 0.0098568 0.012756 0.0018768 0.015466 0.043842 -0.0056115 -0.017226 0.070053 0.088463
0.21886 0.23977 0.16268 0.15503 0.058227 0.10055 -0.003177 0.066353 0 0.23117 0.23978 0.13648 0.15382 0.041909 0.075734 -0.012466 0.033785 0.19255 -0.031831 0.17539 0.048233 0.045301 0.032351 0.0043376 0.044442 0.028633 0.12511 0.016997 0.11147 0.070797 0.024009 -0.019039 0.050676 0.062927 0.06622 -0.0032017 0.02994 0.15055 0.039283 0.20617 0.031436 0.14843 0.14467 0.12226 0.1151 0.014282 0.016708 0.10199 -0.024875 -0.0083055 0.13282 0.17467 -0.029799 0.17297 0.045147 0.030392 0.04105 -0.027951 0.051704 0.027164 0.13125 0.009524 0.10614 0.048277 0.060646 -0.018148 0.034192 0.04063 0.088518 -0.0049436 0.050838 0.14416 0.045078 0.18171 0.035131 0.1476 0.15723 0.10535 0.11385 -0.020834 0.0054393 0.12826 -0.04081 0.012828 0.13005 0.17472
0.74103 0.38844 0.33963 0.28464 0.076582 0.042608 -0.079032 0.057066 0.23117 0 0.36214 0.32207 0.25077 0.098789 0.02251 -0.087655 0.038075 0.24592 -0.14783 0.25482 0.36904 0.053542 0.029142 -0.19709 0.30281 0.21054 0.18173 -0.082547 0.27995 0.012756 0.0056394 0.023798 -0.0047672 0.10008 0.28814 0.14235 0.23273 0.19153 0.082179 0.35874 0.13713 0.31638 0.14628 0.53329 0.37644 0.12656 -0.16583 0.32249 0.0028185 -0.028851 0.079504 0.19982 -0.21706 0.19215 0.14343 0.024749 0.024001 -0.21726 0.096033 0.047511 0.1086 -0.036184 0.1007 -0.043316 -0.024583 -0.067306 -0.03612 0.030665 0.14051 0.036969 0.066945 0.19933 0.0018111 0.2544 0.046985 0.16822 0.095427 0.21166 0.089979 -0.043644 -0.13938 0.22903 -0.042077 -0.075489 0.088648 0.16699
0.44487 0.49955 0.29165 0.29177 0.083132 -0.0076567 -0.11301 0.081118 0.23978 0.36214 0 0.33666 0.31255 0.099604 -0.008591 -0.121 0.080695 0.25112 -0.16409 0.29911 0.047799 0.066537 0.0087278 -0.11206 0.036052 0.01601 0.14475 0.037712 0.16234 0.073432 -0.048578 -0.13408 -0.0021289 0.049649 0.098825 -0.065767 0.0029972 0.20747 0.00047858 0.33678 0.0073922 0.22186 0.18776 0.21915 0.1392 0.028885 -0.13752 0.20949 -0.068393 -0.079106 0.20755 0.24954 -0.16015 0.31986 0.1836 0.075161 0.022226 -0.14363 0.16539 0.028075 0.18832 0.028554 0.20546 0.032391 0.0104 -0.055605 -0.0062457 0.062246 0.25196 0.047533 0.16617 0.24517 -0.020036 0.3933 0.035588 0.25424 0.21947 0.31298 0.27482 0.027006 -0.13802 0.27972 -0.01471 -0.1008 0.19718 0.28318
0.37639 0.29037 0.59244 0.36173 0.093301 0.013982 -0.068652 0.13735 0.13648 0.32207 0.33666 0 0.37854 0.084056 0.0071713 -0.052244 0.14018 0.13553 -0.085529 0.24756 0.10354 0.010908 -0.020558 -0.088117 0.026869 0.071379 0.093975 0.024563 0.2257 0.029331 -0.030516 -0.14172 -0.053659 -0.0030186 0.22381 -0.018708 0.12347 0.12093 -0.063825 0.24451 0.030277 0.1024 0.18498 0.2677 0.1549 0.028113 -0.082507 0.17052 -0.093905 -0.094612 0.11043 0.17734 -0.046509 0.26799 0.19049 -0.022182 0.0060663 -0.10653 0.10538 0.056775 0.089415 0.025458 0.25473 -0.031721 0.011198 -0.068477 -0.022932 0.013468 0.27569 0.07245 0.21655 0.12744 -0.11385 0.27258 0.016136 0.12827 0.2176 0.27982 0.23362 -0.012549 -0.10406 0.20887 -0.065715 -0.084254 0.093576 0.21338
0.2883 0.27236 0.36796 0.6318 0.14552 -0.0038776 -0.030797 0.11217 0.15382 0.25077 0.31255 0.37854 0 0.14223 -0.004217 -0.029183 0.12547 0.15876 -0.030938 0.29212 0.014379 0.048193 0.0090414 -0.056249 -0.088236 0.060463 -0.024664 0.010441 0.18322 0.026207 -0.065916 -0.12705 -0.030244 0.11914 0.19288 -0.080784 0.098128 0.11917 0.040847 0.21412 0.20316 0.026488 0.11316 0.1714 0.19002 0.07723 -0.0013803 0.24638 -0.090475 -0.057625 0.14624 0.30237 -0.033334 0.30835 0.017908 0.023071 0.0087679 -0.064974 -0.051843 0.03264 -0.016188 0.024091 0.17818 0.0009368 -0.032306 -0.13099 -0.034773 0.10604 0.24057 -0.030761 0.15975 0.13164 0.022509 0.24121 0.21971 0.054839 0.15437 0.19241 0.17775 0.060712 -0.0082391 0.27497 -0.074365 -0.05455 0.15215 0.35795
0.093359 0.10507 0.07136 0.13167 0.027509 -0.029001 -0.031127 0.020291 0.041909 0.098789 0.099604 0.084056 0.14223 0 -0.014928 -0.032885 0.019706 0.099262 -0.016394 0.11615 -0.010927 0.020186 0.0083517 -0.034593 -0.030437 -0.010306 0.00307 -0.02038 0.039446 0.021113 -0.03648 -0.045321 -0.011059 0.020298 0.024104 -0.031003 0.013811 0.054026 0.040015 0.072448 0.048682 0.032453 0.048839 0.032846 0.053828 0.0079247 -0.014512 0.083733 -0.049081 -0.020067 0.068108 0.10326 -0.025394 0.10326 -0.0040779 0.024318 -0.0076032 -0.023724 -0.01918 -0.019204 0.01169 -0.014283 0.024855 0.016252 -0.024607 -0.032407 -0.010176 0.034492 0.042151 -0.035707 0.032167 0.066015 0.036245 0.066383 0.036406 0.038449 0.072263 0.052606 0.061471 -0.015172 -0.011402 0.08526 -0.022086 -0.024646 0.05665 0.1138
-0.031836 -0.0055277 0.0033442 -0.012932 -0.010785 0.45782 0.19457 0.025937 0.075734 0.02251 -0.008591 0.0071713 -0.004217 -0.014928 0 0.24159 0.039609 0.067096 0.072517 0.020672 0.1085 0.0086745 0.12093 0.20378 0.18497 0.10408 0.30405 0.10597 0.042094 0.04026 0.32025 0.18212 0.24163 0.085915 -0.067449 0.025861 -0.059169 -0.0081641 0.062048 0.067013 0.05451 0.19181 0.22668 -0.085119 0.12515 0.050574 0.19324 -0.11619 0.04299 0.11818 0.049479 0.05326 0.064997 0.010451 0.026057 0.00061523 0.11812 0.21586 0.094819 0.12326 0.28662 0.1054 0.030223 0.024648 0.2701 0.12099 0.26883 0.058559 -0.1077 -0.022963 -0.10903 -0.010358 0.094816 0.030309 0.045553 0.16148 0.1606 -0.10827 0.042724 0.053287 0.20223 -0.12205 0.024226 0.13929 0.05175 0.039663
-0.10828 -0.11773 -0.05754 -0.01889 -0.028619 0.19209 0.27843 0.013414 -0.012466 -0.087655 -0.121 -0.052244 -0.029183 -0.032885 0.24159 0 0.030555 -0.0050971 0.14513 -0.031842 0.022004 -0.019114 0.087387 0.17339 0.013039 0.10508 -0.0021235 0.011265 -0.032387 -0.0015269 0.15235 0.12542 0.10152 0.067926 -0.019992 0.018578 0.02583 -0.083785 0.096651 -0.095357 0.12751 -0.04446 0.0028644 -0.13867 0.019805 0.034576 0.2251 -0.047529 0.025301 0.11414 -0.0080819 0.032588 0.14215 -0.030419 -0.041884 -0.034093 0.043655 0.19132 -0.0325 0.13957 -0.020081 0.016711 -0.023504 0.00059466 0.10676 0.09364 0.10113 0.067571 -0.05855 -0.018109 -0.008285 -0.10325 0.12648 -0.11197 0.13627 -0.050712 -0.044245 -0.1541 -0.028763 0.044609 0.2407 -0.060767 0.012913 0.15742 -0.0058282 0.023965
0.05496 0.055967 0.11856 0.096996 0.017061 0.029017 -0.0074905 0.11047 0.033785 0.038075 0.080695 0.14018 0.12547 0.019706 0.039609 0.030555 0 0.06799 -0.015494 0.095693 -0.04656 0.026828 0.0064252 -0.0078331 -0.030681 -0.038309 0.090671 0.040447 0.0033071 0.021674 0.077306 -0.045397 -0.0044416 0.014502 -0.051158 -0.074064 -0.057241 0.030948 0.00066946 0.048172 -0.005144 0.070246 0.14932 -0.036306 0.030259 -0.010528 0.023789 -0.035401 0.010369 -0.012699 0.037377 0.048074 -0.010112 0.085074 -0.06124 0.036859 -0.0058634 0.0076118 -0.043912 -0.013189 0.073831 0.050556 0.0064701 0.0091449 0.069158 -0.044335 0.012421 0.032461 -0.049015 -0.095088 -0.051693 0.037173 -0.0017522 0.053826 0.0039785 0.058581 0.1276 -0.01438 0.00052908 -0.0033435 0.022172 0.0052448 0.0042208 -0.0071549 0.046327 0.06593
0.27712 0.2304 0.15084 0.15524 0.048039 0.064694 -0.029349 0.068208 0.19255 0.24592 0.25112 0.13553 0.15876 0.099262 0.067096 -0.0050971 0.06799 0 -0.031499 0.17168 0.070246 0.064399 0.055796 -0.0051959 0.06841 0.03213 0.12927 -0.0073614 0.11081 0.08588 0.022367 -0.0082154 0.068981 0.041674 0.057984 -0.026997 0.035335 0.16254 0.053412 0.17174 0.045287 0.17462 0.14393 0.097959 0.10648 0.037315 0.030518 0.12 -0.027089 0.029063 0.1805 0.19054 -0.0078688 0.19114 0.096197 0.068563 0.024144 -0.014461 0.10869 0.028703 0.14243 0.0050652 0.12224 0.065081 0.081333 0.029815 0.05317 0.076953 0.10184 0.032902 0.084121 0.17081 0.058134 0.1834 0.043959 0.19567 0.1571 0.14196 0.15904 0.026435 0.041872 0.13182 0.035673 -0.0030754 0.16901 0.20985
-0.20837 -0.11033 -0.071482 -0.024334 -0.032087 0.1056 0.17481 -0.025285 -0.031831 -0.14783 -0.16409 -0.085529 -0.030938 -0.016394 0.072517 0.14513 -0.015494 -0.031499 0 0.009466 0.12471 0.037451 0.043157 0.3451 0.099354 0.23144 -0.12777 0.092522 0.035523 0.11484 0.070707 0.51559 0.033794 0.0572 0.33735 0.0059565 0.46248 -0.048019 0.15531 -0.081693 0.21 -0.052032 -0.065616 -0.078422 0.078383 0.12584 0.72788 0.15254 0.079428 0.16292 0.16218 0.19673 0.72162 0.015496 -0.032139 0.021864 0.034015 0.29332 -0.025067 0.20689 -0.13746 0.078763 0.0087078 0.10208 -0.0011126 0.37355 0.058325 0.09453 0.19075 0.085886 0.30427 -0.078594 0.22015 -0.099029 0.21017 -0.072466 -0.073448 -0.085513 0.033032 0.10853 0.63577 0.12339 0.0034301 0.17758 0.1827 0.18391
0.23795 0.27258 0.25564 0.31954 0.10313 0.045385 -0.038579 0.11913 0.17539 0.25482 0.29911 0.24756 0.29212 0.11615 0.020672 -0.031842 0.095693 0.17168 0.009466 0 -0.023241 0.17263 0.060712 0.021261 -0.14158 0.032413 0.023096 0.015856 0.30138 0.16812 -0.09034 -0.27507 0.0068601 0.28108 0.25026 -0.22451 0.071116 0.22389 0.20847 0.47445 0.28481 0.1787 0.34062 0.2937 0.39748 0.25797 0.11867 0.44789 -0.14279 -0.052102 0.32783 0.58529 0.019131 0.64067 -0.10766 0.18346 0.0016991 -0.0038931 -0.1616 -0.022995 0.063444 0.055794 0.19905 0.12909 -0.060441 -0.27659 0.0053349 0.27944 0.22393 -0.24951 0.12355 0.2205 0.16566 0.4677 0.25854 0.18307 0.357 0.24498 0.24289 0.1906 0.07065 0.4407 -0.16355 -0.090329 0.27024 0.55648
0.11239 0.10873 0.16176 0.013571 0.0038936 0.14073 0.016854 -0.049334 0.048233 0.36904 0.047799 0.10354 0.014379 -0.010927 0.1085 0.022004 -0.04656 0.070246 0.12471 -0.023241 0 -0.087818 0.079626 0.15564 0.79129 0.54693 0.25828 -0.081762 0.37468 -0.039569 0.10311 0.44083 0.17429 -0.075983 0.64022 0.50104 0.54553 -0.0060796 -0.070022 0.20045 0.085649 0.41604 0.051823 0.75078 0.54776 0.33973 0.030572 0.36115 0.027231 0.00085472 0.067392 0.065224 0.025594 -0.035802 0.67008 -0.15977 0.079818 0.096786 0.50413 0.22923 0.13744 -0.057392 0.1547 -0.067724 0.064012 0.22309 0.13598 -0.080077 0.43688 0.31283 0.30992 -0.012131 -0.010833 0.048505 0.065152 0.22933 -0.051214 0.30571 0.19244 0.14022 0.059574 0.12849 0.057675 -0.008477 0.079237 0.03229
0.04125 0.073861 0.017407 0.046495 0.01572 0.022872 -0.014912 0.024678 0.045301 0.053542 0.066537 0.010908 0.048193 0.020186 0.0086745 -0.019114 0.026828 0.064399 0.037451 0.17263 -0.087818 0 -0.0093255 0.28671 -0.012042 -0.14191 0.12559 0.12675 0.03287 0.93698 -0.056434 -0.1581 0.1696 0.20183 -0.061103 -0.21873 -0.10644 0.91584 0.12525 0.096481 0.15856 0.31516 0.088681 -0.0065408 0.042629 0.71796 0.069524 0.052091 -0.051971 -0.0049881 0.13527 0.17365 0.021055 0.19727 -0.19163 0.98135 -0.02608 0.29099 -0.0664 -0.089784 0.22937 0.19236 0.0051106 0.93384 -0.020224 -0.16783 0.16274 0.20389 -0.11058 -0.22574 -0.1317 0.88838 0.15512 0.088018 0.14525 0.41366 0.11237 -0.012414 -0.026846 0.60512 0.054872 0.035123 -0.091509 -0.012324 0.10627 0.15689
-0.0031588 0.02598 -0.0061441 -0.0025038 0.0082424 0.14354 0.077919 -0.0044807 0.032351 0.029142 0.0087278 -0.020558 0.0090414 0.0083517 0.12093 0.087387 0.0064252 0.055796 0.043157 0.060712 0.079626 -0.0093255 0 0.17473 0.11078 0.12882 0.067866 0.021186 0.094824 0.010825 0.10484 0.12892 0.10826 0.038458 0.072132 0.055751 0.080279 -0.0025224 0.039365 0.055859 0.043056 0.035321 0.078773 0.023334 0.093279 0.059795 0.11103 0.042857 0.040457 0.10511 0.053476 0.11033 0.023442 0.03478 0.03742 -0.016175 0.063964 0.14344 0.065829 0.11899 0.058013 0.0097615 0.064502 0.011925 0.0924 0.081371 0.072031 0.0044912 0.047624 0.04319 0.044039 -0.0067416 0.045496 0.028013 0.042001 0.042402 0.035434 -0.0082924 0.060074 0.05036 0.076225 0.019768 0.030323 0.060203 0.031932 0.092656
-0.14468 -0.1093 -0.095271 -0.037826 -0.01678 0.21813 0.17538 -0.028164 0.0043376 -0.19709 -0.11206 -0.088117 -0.056249 -0.034593 0.20378 0.17339 -0.0078331 -0.0051959 0.3451 0.021261 0.15564 0.28671 0.17473 0 0.16608 0.33268 0.06855 0.46766 0.049114 0.48775 0.16701 0.19776 0.35231 0.059277 0.10439 -0.037886 0.073481 0.22632 0.11997 -0.070681 0.15489 0.070078 0.060375 -0.092812 0.042363 0.49777 0.36663 0.0012663 0.048535 0.16186 0.11577 0.1515 0.3105 0.03625 -0.016783 0.2765 0.10713 0.82109 0.069443 0.33151 0.10617 0.41993 0.03305 0.49878 0.16729 0.17332 0.34559 0.072591 0.035251 -0.033376 0.08315 0.16842 0.15333 -0.049207 0.14829 0.15222 0.061448 -0.099218 0.024167 0.46417 0.30825 -0.054567 0.0026896 0.14239 0.086872 0.096183
0.068777 0.099432 0.059277 -0.091637 -0.0046108 0.23597 0.02819 -0.047549 0.044442 0.30281 0.036052 0.026869 -0.088236 -0.030437 0.18497 0.013039 -0.030681 0.06841 0.099354 -0.14158 0.79129 -0.012042 0.11078 0.16608 0 0.51287 0.5547 0.036381 0.23272 0.0075365 0.32509 0.65546 0.33194 -0.13541 0.35435 0.49781 0.30499 0.026941 -0.15964 0.22641 -0.17169 0.70233 0.16835 0.57114 0.44893 0.18274 -0.015006 0.046974 0.19207 0.087118 -0.0011091 -0.10098 0.0033823 -0.17375 0.51002 -0.11151 0.075912 0.082323 0.72251 0.23903 0.42466 -0.00086207 0.05884 -0.016421 0.25694 0.49872 0.25356 -0.14631 0.15224 0.30375 0.10525 -0.0015252 -0.10932 0.038311 -0.1542 0.46471 0.042203 0.17605 0.17845 0.0010771 -0.0076062 -0.11135 0.21797 0.099917 0.021443 -0.12055
0.11934 0.086555 0.074666 0.060578 0.020322 0.13025 0.11501 -0.021148 0.028633 0.21054 0.01601 0.071379 0.060463 -0.010306 0.10408 0.10508 -0.038309 0.03213 0.23144 0.032413 0.54693 -0.14191 0.12882 0.33268 0.51287 0 -0.003966 0.069671 0.28805 -0.07313 0.096937 0.39843 0.086739 -0.017302 0.50581 0.3755 0.45527 -0.086112 -0.0033558 0.067513 0.12652 -0.026849 -0.029461 0.41616 0.26794 0.36687 0.13212 0.40535 0.023872 0.10167 0.0052791 0.1719 0.16034 0.029537 0.30934 -0.15804 0.0973 0.28715 0.28643 0.58689 -0.1197 0.021899 0.16551 -0.079616 0.0046115 0.24751 0.030921 -0.036501 0.34269 0.26386 0.35956 -0.10941 0.012648 0.026607 0.11243 -0.063211 -0.082698 0.14034 0.10704 0.27063 0.10598 0.24346 -0.019757 0.065083 0.018454 0.10056
0.10389 0.15089 0.097814 -0.0093346 -0.0086031 0.34973 0.0016808 0.058624 0.12511 0.18173 0.14475 0.093975 -0.024664 0.00307 0.30405 -0.0021235 0.090671 0.12927 -0.12777 0.023096 0.25828 0.12559 0.067866 0.06855 0.5547 -0.003966 0 0.044836 0.041168 0.11865 0.52295 0.24469 0.36297 0.037935 -0.19291 0.046869 -0.20306 0.15953 -0.0096152 0.38253 -0.1543 0.80569 0.49881 0.06812 0.25171 -0.0033597 -0.00025786 -0.20724 0.1649 0.049072 0.12917 -0.049826 -0.13259 -0.015638 0.037839 0.067307 0.049112 0.025239 0.2741 -0.080046 0.76046 0.084785 -0.056804 0.092601 0.45891 0.14097 0.28919 0.0085682 -0.31139 -0.13387 -0.26988 0.17573 0.020966 0.23609 -0.1397 0.6427 0.33826 -0.078685 0.033447 -0.097874 0.0083791 -0.22307 0.13611 0.03806 0.10469 -0.050813
-0.039725 0.061595 0.017532 0.01324 -0.013775 0.11273 0.045339 0.021437 0.016997 -0.082547 0.037712 0.024563 0.010441 -0.02038 0.10597 0.011265 0.040447 -0.0073614 0.092522 0.015856 -0.081762 0.12675 0.021186 0.46766 0.036381 0.069671 0.044836 0 0.048263 0.31662 0.1378 0.086203 0.059128 -0.012656 -0.043402 -0.021022 0.0077109 0.21097 -0.056584 0.028394 -0.046496 -0.061617 0.13004 -0.12009 -0.0016455 0.19962 0.10692 -0.16508 0.026672 0.045896 0.083237 0.024472 0.096493 0.017912 -0.17647 0.15839 0.01447 0.4473 -0.067855 0.092658 0.023122 0.96579 0.058128 0.23649 0.12225 0.077214 0.046422 -0.017504 -0.082237 0.006033 0.017735 0.22061 0.0067178 -0.0094719 -0.028047 -0.041261 0.117 -0.1231 -0.015137 0.17824 0.074438 -0.14915 -0.0025145 0.05923 0.065204 0.018767
0.23432 0.21119 0.25411 0.18068 0.081921 0.070183 -0.0338 0.029814 0.11147 0.27995 0.16234 0.2257 0.18322 0.039446 0.042094 -0.032387 0.0033071 0.11081 0.035523 0.30138 0.37468 0.03287 0.094824 0.049114 0.23272 0.28805 0.041168 0.048263 0 0.021693 -0.025645 0.043545 0.038023 0.027783 0.539 0.35751 0.52976 0.088722 -0.052889 0.35959 0.059589 0.13436 0.22914 0.58707 0.38918 0.18977 0.076062 0.42307 -0.084532 0.008747 0.21577 0.38159 0.043978 0.28124 0.22797 0.017527 0.056858 -0.0035433 0.1445 0.11833 -0.013862 0.024055 0.4494 0.0032979 -0.0021845 -0.0050394 0.0047919 -0.010576 0.41079 0.25605 0.43739 0.086982 -0.034855 0.2509 0.038115 0.069193 0.20594 0.34614 0.19876 0.054633 0.044518 0.30254 -0.031381 -0.041559 0.18188 0.36819
0.022163 0.090711 0.023589 0.026792 0.01735 0.055257 0.002672 0.014653 0.070797 0.012756 0.073432 0.029331 0.026207 0.021113 0.04026 -0.0015269 0.021674 0.08588 0.11484 0.16812 -0.039569 0.93698 0.010825 0.48775 0.0075365 -0.07313 0.11865 0.31662 0.021693 0 -0.012846 -0.11347 0.25324 0.19518 -0.038518 -0.204 -0.054373 0.93503 0.16006 0.070721 0.14347 0.2614 0.092819 -0.043289 0.027548 0.69882 0.13869 0.052834 -0.022979 0.008948 0.21892 0.19288 0.06469 0.16 -0.15234 0.92682 -0.018787 0.48098 -0.035683 -0.009212 0.22449 0.37578 0.024875 0.95604 0.018469 -0.11896 0.23279 0.1995 -0.06754 -0.18516 -0.067523 0.90593 0.19558 0.078775 0.14478 0.36479 0.11419 -0.038638 -0.025036 0.61602 0.11715 0.065176 -0.068188 0.002144 0.17624 0.16731
-0.1724 -0.012111 0.0061973 -0.026752 -0.01384 0.33001 0.18391 0.068197 0.024009 0.0056394 -0.048578 -0.030516 -0.065916 -0.03648 0.32025 0.15235 0.077306 0.022367 0.070707 -0.09034 0.10311 -0.056434 0.10484 0.16701 0.32509 0.096937 0.52295 0.1378 -0.025645 -0.012846 0 0.42675 0.25387 0.021209 -0.19611 0.16624 -0.058567 -0.039553 0.033009 -0.051136 -0.050856 0.3228 0.41404 -0.3026 0.25322 -0.12569 0.19603 -0.34739 0.32523 0.19751 0.012556 -0.12832 -0.03528 -0.15978 -0.24107 -0.065528 0.045257 0.15068 -0.037369 0.0019134 0.36145 0.16315 -0.17809 -0.039238 0.5684 0.18312 0.19401 -0.023978 -0.40849 -0.12416 -0.31393 -0.036751 0.056507 -0.16527 -0.054362 0.085207 0.19505 -0.48 -0.10894 -0.13861 0.14205 -0.38406 0.19389 0.17178 0.0044384 -0.14976
-0.16909 -0.050855 -0.072542 -0.13904 -0.033453 0.23414 0.18968 -0.05076 -0.019039 0.023798 -0.13408 -0.14172 -0.12705 -0.045321 0.18212 0.12542 -0.045397 -0.0082154 0.51559 -0.27507 0.44083 -0.1581 0.12892 0.19776 0.65546 0.39843 0.24469 0.086203 0.043545 -0.11347 0.42675 0 0.13023 -0.19784 0.1706 0.58504 0.40299 -0.14712 -0.16783 -0.10469 -0.21239 0.20494 0.069779 -0.037268 0.32539 -0.2183 0.3372 -0.1967 0.34341 0.29803 -0.083816 -0.20265 0.25339 -0.28797 0.11918 -0.20977 0.094106 0.11024 0.29849 0.23123 0.060139 0.046039 -0.067606 -0.12044 0.24304 0.75555 0.084483 -0.20547 -0.068322 0.35235 0.081974 -0.1834 -0.10922 -0.23128 -0.19748 -0.051818 -0.072214 -0.24909 0.049945 -0.23342 0.26149 -0.28896 0.28728 0.29299 -0.046413 -0.19942
-0.019008 -0.0054074 -0.054134 -0.021312 0.0050043 0.2539 0.066085 0.014411 0.050676 -0.0047672 -0.0021289 -0.053659 -0.030244 -0.011059 0.24163 0.10152 -0.0044416 0.068981 0.033794 0.0068601 0.17429 0.1696 0.10826 0.35231 0.33194 0.086739 0.36297 0.059128 0.038023 0.25324 0.25387 0.13023 0 0.077135 -0.025745 -0.011367 -0.050186 0.15262 0.05076 0.033751 -0.0095248 0.3956 0.19674 0.022856 0.1202 0.15936 0.1618 -0.074886 0.043688 0.093319 0.098486 0.030917 0.049839 -0.0034231 0.083119 0.13142 0.062339 0.31082 0.21974 0.080711 0.37371 0.079354 -0.0044661 0.2384 0.26425 0.11226 0.43001 0.051469 -0.084627 -0.039521 -0.070011 0.12359 0.040267 0.01785 -0.022468 0.36702 0.14738 -0.031635 0.053114 0.10754 0.14673 -0.10779 0.057223 0.090039 0.064331 0.0065426
0.038029 0.07536 0.00066295 0.14445 0.0073162 0.063797 0.057827 0.040854 0.062927 0.10008 0.049649 -0.0030186 0.11914 0.020298 0.085915 0.067926 0.014502 0.041674 0.0572 0.28108 -0.075983 0.20183 0.038458 0.059277 -0.13541 -0.017302 0.037935 -0.012656 0.027783 0.19518 0.021209 -0.19784 0.077135 0 0.097512 -0.22795 -0.022881 0.21563 0.56283 0.19888 0.6361 0.12486 0.06356 0.031591 0.3078 0.33096 0.21822 0.38712 -0.06212 -0.011741 0.26387 0.40882 0.074083 0.25635 -0.11207 0.17917 -0.0056453 0.059675 -0.13812 -0.038777 0.05744 0.0032825 -0.0069325 0.18025 0.0016889 -0.17362 0.11543 0.79338 0.094235 -0.21124 0.022944 0.18954 0.51221 0.27093 0.599 0.16235 0.046377 0.05153 0.1847 0.28182 0.21119 0.38108 -0.093774 -0.023223 0.22454 0.36369
0.13883 0.17632 0.2556 0.206 0.060201 -0.038059 -0.0075266 -0.029729 0.06622 0.28814 0.098825 0.22381 0.19288 0.024104 -0.067449 -0.019992 -0.051158 0.057984 0.33735 0.25026 0.64022 -0.061103 0.072132 0.10439 0.35435 0.50581 -0.19291 -0.043402 0.539 -0.038518 -0.19611 0.1706 -0.025745 0.097512 0 0.36216 0.84764 0.033539 0.018177 0.24615 0.29627 0.0085 -0.092113 0.66799 0.56509 0.30613 0.21337 0.7106 -0.1195 -0.018715 0.20553 0.48578 0.19594 0.27527 0.40799 -0.10291 0.043999 0.047216 0.21641 0.23999 -0.26732 -0.05522 0.36862 -0.049282 -0.20456 0.062111 -0.043165 0.085629 0.74976 0.34118 0.67835 0.0086838 0.056443 0.12976 0.28253 -0.068536 -0.08171 0.36409 0.30411 0.20081 0.18529 0.53782 -0.083179 -0.037478 0.21277 0.44642
-0.014685 -0.0054137 0.020962 -0.07738 0.0065378 0.07038 0.065597 -0.077697 -0.0032017 0.14235 -0.065767 -0.018708 -0.080784 -0.031003 0.025861 0.018578 -0.074064 -0.026997 0.0059565 -0.22451 0.50104 -0.21873 0.055751 -0.037886 0.49781 0.3755 0.046869 -0.021022 0.35751 -0.204 0.16624 0.58504 -0.011367 -0.22795 0.36216 0 0.59182 -0.14026 -0.2278 -0.044068 -0.19477 -0.016812 -0.09346 0.30261 0.28745 -0.16006 -0.078227 -0.015317 0.17037 0.081436 -0.042251 -0.11326 -0.093846 -0.22156 0.22861 -0.22457 0.08456 -0.065958 0.21119 0.12988 -0.12884 -0.069409 0.15959 -0.20713 0.03984 0.24105 -0.034295 -0.24324 0.16969 0.59609 0.22311 -0.1448 -0.15265 -0.167 -0.18194 -0.23728 -0.20049 -0.084162 0.017056 -0.19198 -0.083184 -0.13667 0.11978 0.066248 -0.03354 -0.12315
0.058039 0.064734 0.15628 0.1016 0.048458 -0.014916 0.059376 -0.066279 0.02994 0.23273 0.0029972 0.12347 0.098128 0.013811 -0.059169 0.02583 -0.057241 0.035335 0.46248 0.071116 0.54553 -0.10644 0.080279 0.073481 0.30499 0.45527 -0.20306 0.0077109 0.52976 -0.054373 -0.058567 0.40299 -0.050186 -0.022881 0.84764 0.59182 0 -0.020691 -0.079318 0.066852 0.14664 -0.14821 -0.17222 0.45364 0.39388 0.13714 0.24742 0.50575 0.013164 0.054035 0.095001 0.28106 0.26295 0.056259 0.28356 -0.12398 0.076449 0.022128 0.10414 0.23039 -0.31407 -0.010785 0.31412 -0.073656 -0.14806 0.16977 -0.073132 -0.038524 0.58394 0.49939 0.68583 -0.044695 -0.011997 -0.048104 0.11956 -0.25774 -0.16208 0.14695 0.11618 0.052859 0.18761 0.30372 -0.07185 0.026375 0.10572 0.26392
0.15574 0.21895 0.10864 0.1122 0.043006 0.017987 -0.042484 0.047221 0.15055 0.19153 0.20747 0.12093 0.11917 0.054026 -0.0081641 -0.083785 0.030948 0.16254 -0.048019 0.22389 -0.0060796 0.91584 -0.0025224 0.22632 0.026941 -0.086112 0.15953 0.21097 0.088722 0.93503 -0.039553 -0.14712 0.15262 0.21563 0.033539 -0.14026 -0.020691 0 0.15165 0.17596 0.13524 0.30682 0.10929 0.036359 0.093101 0.57761 0.0063253 0.096758 -0.055651 -0.026797 0.26593 0.23395 -0.086439 0.23329 -0.099143 0.88085 -0.021705 0.21597 -0.011011 -0.071656 0.2385 0.30237 0.087304 0.89709 -0.017835 -0.1751 0.13485 0.21055 -0.0050625 -0.12759 -0.043737 0.97857 0.19419 0.16953 0.15702 0.36718 0.15361 0.045004 0.026431 0.48235 -0.019319 0.13892 -0.076624 -0.05733 0.23381 0.23402
-0.060346 0.030408 -0.09089 0.11046 0.038531 0.066106 0.09387 0.0023021 0.039283 0.082179 0.00047858 -0.063825 0.040847 0.040015 0.062048 0.096651 0.00066946 0.053412 0.15531 0.20847 -0.070022 0.12525 0.039365 0.11997 -0.15964 -0.0033558 -0.0096152 -0.056584 -0.052889 0.16006 0.033009 -0.16783 0.05076 0.56283 0.018177 -0.2278 -0.079318 0.15165 0 0.037086 0.90221 0.019847 -0.0044406 -0.10645 0.23577 0.40408 0.34623 0.45547 0.0038747 0.058244 0.39054 0.54362 0.15697 0.21268 -0.11763 0.11454 -0.010917 0.12802 -0.1647 -0.011349 -0.018015 -0.061899 -0.070531 0.1414 0.010697 -0.16077 0.083096 0.519 0.020615 -0.21306 -0.075982 0.11654 0.933 0.11214 0.81123 0.065082 -0.02897 -0.079308 0.14872 0.33187 0.32835 0.35762 -0.077165 0.011097 0.29478 0.44327
0.36832 0.3526 0.24628 0.21431 0.089036 0.08917 -0.11868 0.071768 0.20617 0.35874 0.33678 0.24451 0.21412 0.072448 0.067013 -0.095357 0.048172 0.17174 -0.081693 0.47445 0.20045 0.096481 0.055859 -0.070681 0.22641 0.067513 0.38253 0.028394 0.35959 0.070721 -0.051136 -0.10469 0.033751 0.19888 0.24615 -0.044068 0.066852 0.17596 0.037086 0 0.03864 0.57493 0.36926 0.48912 0.38718 0.175 -0.013841 0.40886 -0.076438 -0.070851 0.24939 0.38032 -0.12036 0.42216 0.11831 0.072422 0.047669 -0.091942 0.18512 0.039434 0.37234 0.035007 0.25852 0.030215 0.063947 -0.10195 0.021256 0.17288 0.17886 -0.089851 0.13853 0.19371 0.035164 0.69077 0.041329 0.49856 0.34101 0.41995 0.25783 0.07551 -0.044481 0.38576 -0.08799 -0.10937 0.24007 0.38576
-0.012276 0.035328 0.016083 0.2533 0.068794 0.042126 0.11293 0.0071799 0.031436 0.13713 0.0073922 0.030277 0.20316 0.048682 0.05451 0.12751 -0.005144 0.045287 0.21 0.28481 0.085649 0.15856 0.043056 0.15489 -0.17169 0.12652 -0.1543 -0.046496 0.059589 0.14347 -0.050856 -0.21239 -0.0095248 0.6361 0.29627 -0.19477 0.14664 0.13524 0.90221 0.03864 0 -0.096488 -0.059557 0.0053419 0.43802 0.49722 0.3591 0.61122 -0.058154 0.019539 0.33645 0.59416 0.20137 0.29819 -0.019556 0.13286 -0.01225 0.1704 -0.20027 0.063505 -0.15138 -0.049806 0.017839 0.13691 -0.08369 -0.19122 0.050705 0.60893 0.2668 -0.17841 0.099824 0.099427 0.84345 0.10932 0.93682 -0.0057891 -0.070268 -0.019744 0.32125 0.4542 0.36033 0.48149 -0.13364 -0.011162 0.26696 0.50597
0.23578 0.21794 0.11069 0.048247 0.015752 0.21667 -0.06666 0.055619 0.14843 0.31638 0.22186 0.1024 0.026488 0.032453 0.19181 -0.04446 0.070246 0.17462 -0.052032 0.1787 0.41604 0.31516 0.035321 0.070078 0.70233 -0.026849 0.80569 -0.061617 0.13436 0.2614 0.3228 0.20494 0.3956 0.12486 0.0085 -0.016812 -0.14821 0.30682 0.019847 0.57493 -0.096488 0 0.4584 0.35852 0.36331 0.18577 0.012336 0.059436 0.11374 0.025071 0.15402 0.083984 -0.10892 0.13282 0.19254 0.21978 0.03017 0.0083215 0.46241 -0.069914 0.77914 0.02628 -0.01159 0.22616 0.33374 0.16398 0.34023 0.098671 -0.15802 -0.16413 -0.18829 0.29656 0.0091982 0.44265 -0.097081 0.92546 0.3733 0.20919 0.1556 0.026083 0.0070636 0.0040991 0.14825 0.0092232 0.15558 0.074027
0.089933 0.18036 0.21496 0.13473 0.065378 0.2449 -0.0078628 0.13975 0.14467 0.14628 0.18776 0.18498 0.11316 0.048839 0.22668 0.0028644 0.14932 0.14393 -0.065616 0.34062 0.051823 0.088681 0.078773 0.060375 0.16835 -0.029461 0.49881 0.13004 0.22914 0.092819 0.41404 0.069779 0.19674 0.06356 -0.092113 -0.09346 -0.17222 0.10929 -0.0044406 0.36926 -0.059557 0.4584 0 0.061138 0.39665 -0.0091944 0.072317 -0.057837 0.06167 0.047837 0.19287 0.1663 -0.08772 0.26792 -0.12169 0.072823 0.030069 0.030044 -0.010792 -0.069146 0.44617 0.15267 0.09173 0.068353 0.42887 0.015468 0.14971 0.046485 -0.19619 -0.21372 -0.16031 0.12382 -0.013292 0.2865 -0.066949 0.33022 0.6225 -0.044516 0.17373 -0.073569 0.060576 -0.066581 0.060107 0.025597 0.16631 0.16227
0.38486 0.25099 0.29895 0.18508 0.072844 -0.0394 -0.18892 -0.005779 0.12226 0.53329 0.21915 0.2677 0.1714 0.032846 -0.085119 -0.13867 -0.036306 0.097959 -0.078422 0.2937 0.75078 -0.0065408 0.023334 -0.092812 0.57114 0.41616 0.06812 -0.12009 0.58707 -0.043289 -0.3026 -0.037268 0.022856 0.031591 0.66799 0.30261 0.45364 0.036359 -0.10645 0.48912 0.0053419 0.35852 0.061138 0 0.55946 0.30842 -0.13712 0.62445 -0.14818 -0.11199 0.12714 0.28421 -0.082101 0.25769 0.54096 -0.045615 0.03391 -0.10695 0.42673 0.15585 0.0059616 -0.090274 0.36245 -0.062553 -0.20623 -0.0030871 -0.010665 0.029816 0.50391 0.22549 0.37061 0.033128 -0.087575 0.3737 0.01279 0.27923 0.055 0.72096 0.27564 0.15036 -0.10457 0.41864 -0.10264 -0.15414 0.1188 0.25707
0.080675 0.23946 0.23872 0.22535 0.080638 0.16144 0.043633 0.019415 0.1151 0.37644 0.1392 0.1549 0.19002 0.053828 0.12515 0.019805 0.030259 0.10648 0.078383 0.39748 0.54776 0.042629 0.093279 0.042363 0.44893 0.26794 0.25171 -0.0016455 0.38918 0.027548 0.25322 0.32539 0.1202 0.3078 0.56509 0.28745 0.39388 0.093101 0.23577 0.38718 0.43802 0.36331 0.39665 0.55946 0 0.27872 0.13483 0.4949 0.092237 0.054269 0.2338 0.36959 -0.022929 0.31192 0.14324 -0.025773 0.051619 0.00050131 0.040681 0.053816 0.079209 0.024353 0.081421 -0.0021984 0.10654 0.021395 0.083542 0.27764 0.24581 -0.0083543 0.15127 0.059242 0.22908 0.2132 0.38581 0.077371 0.23071 0.11453 0.47518 0.13891 0.13276 0.27559 0.063129 0.012389 0.21774 0.32728
0.062503 0.047008 0.009556 0.084672 0.0071119 0.043174 0.0070409 -0.0041921 0.014282 0.12656 0.028885 0.028113 0.07723 0.0079247 0.050574 0.034576 -0.010528 0.037315 0.12584 0.25797 0.33973 0.71796 0.059795 0.49777 0.18274 0.36687 -0.0033597 0.19962 0.18977 0.69882 -0.12569 -0.2183 0.15936 0.33096 0.30613 -0.16006 0.13714 0.57761 0.40408 0.175 0.49722 0.18577 -0.0091944 0.30842 0.27872 0 0.11818 0.53729 -0.099184 -0.017895 0.16485 0.35786 0.087692 0.25121 0.10184 0.6974 0.022971 0.4899 0.045738 0.27963 0.078915 0.18821 0.10718 0.72382 -0.076489 -0.18079 0.15097 0.32044 0.23837 -0.13226 0.14254 0.57162 0.35872 0.18584 0.45407 0.33433 0.01714 0.15661 0.15639 0.95311 0.084835 0.36909 -0.10667 -0.028391 0.15013 0.28617
-0.18309 -0.10295 -0.086415 0.028569 -0.0004015 0.21015 0.24188 0.021179 0.016708 -0.16583 -0.13752 -0.082507 -0.0013803 -0.014512 0.19324 0.2251 0.023789 0.030518 0.72788 0.11867 0.030572 0.069524 0.11103 0.36663 -0.015006 0.13212 -0.00025786 0.10692 0.076062 0.13869 0.19603 0.3372 0.1618 0.21822 0.21337 -0.078227 0.24742 0.0063253 0.34623 -0.013841 0.3591 0.012336 0.072317 -0.13712 0.13483 0.11818 0 0.18971 0.021754 0.21687 0.57573 0.40216 0.61398 0.13303 -0.07273 0.038149 0.067253 0.31287 -0.11029 0.078677 -0.025931 0.090939 0.032366 0.12551 0.12762 0.21412 0.16741 0.2458 0.12281 -0.041681 0.14258 -0.048215 0.38021 -0.0039776 0.35783 0.015637 0.069894 -0.10637 0.063797 0.12387 0.86235 0.17469 -0.0072878 0.21592 0.48827 0.35842
0.27986 0.20032 0.16541 0.26324 0.10024 -0.092225 -0.072314 -0.0078073 0.10199 0.32249 0.20949 0.17052 0.24638 0.083733 -0.11619 -0.047529 -0.035401 0.12 0.15254 0.44789 0.36115 0.052091 0.042857 0.0012663 0.046974 0.40535 -0.20724 -0.16508 0.42307 0.052834 -0.34739 -0.1967 -0.074886 0.38712 0.7106 -0.015317 0.50575 0.096758 0.45547 0.40886 0.61122 0.059436 -0.057837 0.62445 0.4949 0.53729 0.18971 0 -0.17204 -0.071102 0.33775 0.68257 0.12841 0.45854 0.31296 0.012955 0.01074 0.00012564 0.12527 0.26732 -0.18514 -0.14415 0.32401 0.040071 -0.26904 -0.085187 -0.048003 0.35916 0.66873 0.089765 0.53806 0.073668 0.37564 0.42187 0.57222 0.14098 0.013759 0.48183 0.42292 0.45539 0.15996 0.90106 -0.14975 -0.10303 0.27776 0.61685
-0.10434 -0.032336 -0.0565 -0.0789 -0.039166 0.060108 0.056441 0.0032976 -0.024875 0.0028185 -0.068393 -0.093905 -0.090475 -0.049081 0.04299 0.025301 0.010369 -0.027089 0.079428 -0.14279 0.027231 -0.051971 0.040457 0.048535 0.19207 0.023872 0.1649 0.026672 -0.084532 -0.022979 0.32523 0.34341 0.043688 -0.06212 -0.1195 0.17037 0.013164 -0.055651 0.0038747 -0.076438 -0.058154 0.11374 0.06167 -0.14818 0.092237 -0.099184 0.021754 -0.17204 0 0.10871 -0.10201 -0.16228 -0.0042832 -0.17685 -0.125 -0.053557 0.0019079 0.024927 -0.010793 -0.0094485 0.085949 0.020245 -0.14657 -0.040279 0.18509 0.19683 0.013833 -0.054248 -0.2184 0.018966 -0.17487 -0.053627 0.028349 -0.15453 -0.08404 -0.023637 -0.012917 -0.2813 -0.071924 -0.084757 0.038375 -0.20612 0.23308 0.08405 -0.04696 -0.18002
-0.080795 -0.053445 -0.081416 -0.028158 -0.015765 0.15559 0.13314 -0.008481 -0.0083055 -0.028851 -0.079106 -0.094612 -0.057625 -0.020067 0.11818 0.11414 -0.012699 0.029063 0.16292 -0.052102 0.00085472 -0.0049881 0.10511 0.16186 0.087118 0.10167 0.049072 0.045896 0.008747 0.008948 0.19751 0.29803 0.093319 -0.011741 -0.018715 0.081436 0.054035 -0.026797 0.058244 -0.070851 0.019539 0.025071 0.047837 -0.11199 0.054269 -0.017895 0.21687 -0.071102 0.10871 0 0.009478 0.013487 0.11185 -0.072065 -0.072192 -0.018021 0.041719 0.12221 -0.0072227 0.07614 0.030693 0.027459 -0.055782 0.010618 0.14104 0.20689 0.074752 -0.019828 -0.066102 0.022289 -0.024709 -0.044581 0.040818 -0.10496 0.00033808 -0.014928 -0.011876 -0.14963 0.010034 -0.023829 0.17879 -0.096816 0.066815 0.17093 -0.0050163 -0.0034523
0.10107 0.2001 0.12451 0.16163 0.067025 0.081784 -0.013897 0.055544 0.13282 0.079504 0.20755 0.11043 0.14624 0.068108 0.049479 -0.0080819 0.037377 0.1805 0.16218 0.32783 0.067392 0.13527 0.053476 0.11577 -0.0011091 0.0052791 0.12917 0.083237 0.21577 0.21892 0.012556 -0.083816 0.098486 0.26387 0.20553 -0.042251 0.095001 0.26593 0.39054 0.24939 0.33645 0.15402 0.19287 0.12714 0.2338 0.16485 0.57573 0.33775 -0.10201 0.009478 0 0.52036 0.19817 0.35895 0.066622 0.11699 0.025506 0.083647 0.032878 -0.018154 0.11437 0.086137 0.19416 0.17922 0.075834 -0.056732 0.10899 0.2837 0.23333 -0.0019071 0.17176 0.23615 0.36113 0.29338 0.31064 0.18898 0.22581 0.15521 0.22718 0.14394 0.51736 0.35224 -0.030214 -0.011497 0.67482 0.49474
0.21157 0.26118 0.17856 0.33571 0.12886 0.054559 0.021583 0.08573 0.17467 0.19982 0.24954 0.17734 0.30237 0.10326 0.05326 0.032588 0.048074 0.19054 0.19673 0.58529 0.065224 0.17365 0.11033 0.1515 -0.10098 0.1719 -0.049826 0.024472 0.38159 0.19288 -0.12832 -0.20265 0.030917 0.40882 0.48578 -0.11326 0.28106 0.23395 0.54362 0.38032 0.59416 0.083984 0.1663 0.28421 0.36959 0.35786 0.40216 0.68257 -0.16228 0.013487 0.52036 0 0.18936 0.57513 0.044149 0.16585 0.054529 0.11053 -0.039924 0.10407 -0.017859 0.045426 0.32419 0.16379 -0.078398 -0.15805 0.051583 0.40134 0.48619 -0.044186 0.36901 0.21243 0.49131 0.4204 0.56817 0.16776 0.23032 0.28301 0.33055 0.31882 0.3358 0.65039 -0.14001 -0.016695 0.42772 0.78627
-0.11533 -0.14223 -0.074085 -0.042049 -0.040674 0.068659 0.13594 -0.013847 -0.029799 -0.21706 -0.16015 -0.046509 -0.033334 -0.025394 0.064997 0.14215 -0.010112 -0.0078688 0.72162 0.019131 0.025594 0.021055 0.023442 0.3105 0.0033823 0.16034 -0.13259 0.096493 0.043978 0.06469 -0.03528 0.25339 0.049839 0.074083 0.19594 -0.093846 0.26295 -0.086439 0.15697 -0.12036 0.20137 -0.10892 -0.08772 -0.082101 -0.022929 0.087692 0.61398 0.12841 -0.0042832 0.11185 0.19817 0.18936 0 0.03799 0.1088 0.035652 0.028787 0.31083 0.098817 0.23684 -0.1306 0.060246 0.10411 0.072233 -0.010043 0.45632 0.047473 0.092399 0.28563 0.1463 0.38846 -0.11541 0.20402 -0.064557 0.22883 -0.015527 -0.030015 -0.0019818 0.2042 0.091972 0.73756 0.14562 -0.033663 0.17585 0.19921 0.16508
