0,0.328950583934784,0.265454560518265,0.280558854341507,0.088151603937149,-0.00965845119208097,-0.090420089662075,0.059336107224226,0.207313731312752,0.719898104667664,0.4101282954216,0.356236070394516,0.295955866575241,0.114638790488243,0.000527313852217048,-0.0961822122335434,0.0407317653298378,0.263515889644623,-0.155689030885696,0.236020475625992,0.0609806403517723,-0.0255980659276247,0.0224845986813307,-0.058290958404541,0.0586591623723507,0.135909229516983,0.0875122845172882,0.0250093415379524,0.186483412981033,-0.00249383086338639,-0.160141587257385,-0.117579445242882,0.0119924610480666,0.129633262753487,0.0889866054058075,-0.0693000853061676,0.0137950610369444,0.112092778086662,0.0668715015053749,0.363362222909927,0.0811898782849312,0.180048927664757,0.0900515839457512,0.363115429878235,0.0270072277635336,0.183020859956741,-0.180446848273277,0.354221880435944,-0.105728074908257,-0.0638478621840477,0.0310801770538092,0.229171708226204,-0.0361673571169376,0.276161730289459,0.417212158441544,-0.0217095632106066,0.0348499901592731,-0.0789027065038681,0.367218255996704,0.25102236866951,0.186776265501976,0.00244212406687438,0.320360660552979,-0.0344894751906395,-0.0345390811562538,0.121705062687397,0.0228703785687685,0.143271028995514,0.393877297639847,0.193282559514046,0.300297111272812,0.132151663303375,0.0703647509217262,0.45132252573967,0.188437074422836,0.312962740659714,0.172032490372658,0.594221830368042,0.391296118497849,0.195624530315399,-0.124613404273987,0.534708142280579,-0.0092229163274169,-0.0855793580412865,0.0480396673083305,0.281891793012619
0.328950583934784,0,0.2422134578228,0.26604562997818,0.112098097801208,0.0153586333617568,-0.0777926743030548,0.0715724602341652,0.22135616838932,0.346342176198959,0.489173740148544,0.259279996156693,0.251565784215927,0.0969769805669785,-0.00195211393292993,-0.0954188480973244,0.0554339364171028,0.209883585572243,-0.110146954655647,0.257409244775772,0.041717141866684,0.0938826575875282,0.0187441930174828,-0.052790492773056,0.0612099394202232,0.0405907109379768,0.141243308782578,0.0786883011460304,0.140496104955673,0.132924407720566,-0.0329596810042858,-0.11247843503952,0.0141936298459768,0.182959914207458,0.104435727000237,-0.0712772086262703,0.00523850740864873,0.231506183743477,0.142155513167381,0.33066314458847,0.122485086321831,0.191124275326729,0.157199129462242,0.209822535514832,0.155715733766556,0.129491880536079,-0.112711951136589,0.229799181222916,-0.0491126291453838,-0.0552505105733871,0.165391281247139,0.286014050245285,-0.118939884006977,0.249304816126823,0.0616143308579922,0.0926221683621407,0.0145806521177292,-0.0741859525442123,0.0652184337377548,-0.00452675763517618,0.133933782577515,0.0714415535330772,0.127812623977661,0.0894191935658455,-0.0148453656584024,-0.0930669605731964,-0.0151224080473185,0.115401580929756,0.152244299650192,-0.0355568341910839,0.0718712657690048,0.265085190534592,0.0907725542783737,0.312271386384964,0.101823337376118,0.186554685235023,0.147275730967522,0.183019712567329,0.161225333809853,0.0678797736763954,-0.119067922234535,0.222147166728973,-0.0545426607131958,-0.074748620390892,0.153409197926521,0.261070281267166
0.265454560518265,0.2422134578228,0,0.394771248102188,0.106416173279285,0.0362456701695919,-0.0173774268478155,0.147961542010307,0.141983509063721,0.284472197294235,0.267758160829544,0.579280376434326,0.38118714094162,0.0666297897696495,0.0344608016312122,-0.0283853840082884,0.118231937289238,0.153207957744598,-0.0320134796202183,0.2006606310606,0.117462016642094,0.00329687562771142,0.0117001971229911,-0.0369579307734966,0.0313955135643482,0.0479321740567684,0.0821923390030861,0.0076975142583251,0.190558195114136,0.0249852165579796,-0.0078915897756815,-0.0717118680477142,-0.0245606116950512,0.0547829009592533,0.224841177463531,-0.0127587551251054,0.136494338512421,0.0912637040019035,0.0126467049121857,0.199414923787117,0.0807949677109718,0.0840747579932213,0.17053809762001,0.247331187129021,0.191818758845329,0.0603657551109791,-0.0715201273560524,0.180910632014275,-0.0526175163686275,-0.0462862700223923,0.0686807483434677,0.182949006557465,-0.027625098824501,0.172077357769012,0.112169079482555,-0.0125214848667383,0.0342107973992825,-0.0599387884140015,0.0294942036271095,0.0268230307847261,0.0675652921199799,0.0108304070308805,0.163229793310165,-0.00556180952116847,0.00134960853029042,-0.0762027055025101,-0.015215509571135,0.0287765562534332,0.196191191673279,-0.0232734531164169,0.13781912624836,0.100008279085159,-0.00894905161112547,0.197779700160027,0.0898527801036835,0.0774343237280846,0.121539533138275,0.17297475039959,0.154813647270203,0.00777174578979611,-0.0657175108790398,0.177037090063095,-0.0642988011240959,-0.053980216383934,0.0797393545508385,0.173452809453011
0.280558854341507,0.26604562997818,0.394771248102188,0,0.199073731899261,0.0125435534864664,-0.00692837033420801,0.10964810103178,0.139535918831825,0.259454101324081,0.276038736104965,0.378930449485779,0.646081507205963,0.124583259224892,0.009736692532897,-0.0135346399620175,0.0966932401061058,0.147782385349274,-0.0560540892183781,0.294220387935638,-0.0324168801307678,0.0324806943535805,0.0106594003736973,-0.0235276650637388,-0.0889694914221764,0.0122568504884839,0.00846403557807207,0.0243942737579346,0.146315276622772,0.0458284504711628,-0.0298360213637352,-0.158406496047974,-0.0212234873324633,0.196261316537857,0.172327235341072,-0.0921205505728722,0.0626097097992897,0.125439926981926,0.185201078653336,0.210403829813004,0.274240553379059,0.0362373404204845,0.129315301775932,0.154194340109825,0.156230196356773,0.113828808069229,-0.0296267941594124,0.24133874475956,-0.070298433303833,-0.0188621114939451,0.125044211745262,0.344920605421066,-0.0166174620389938,0.277274429798126,0.0177916884422302,0.0342902950942516,0.0113855060189962,-0.0376917496323586,-0.0442227721214294,-0.0139266578480601,0.0259295906871557,0.0271563846617937,0.153145879507065,0.0259100235998631,-0.0222633760422468,-0.131125181913376,0.00924328155815601,0.156385153532028,0.25811231136322,-0.0592348091304302,0.154132887721062,0.143184393644333,0.119981683790684,0.247279807925224,0.262163817882538,0.0785314440727234,0.133762046694756,0.177956134080887,0.182365551590919,0.0874590873718262,-0.0409212596714497,0.303448051214218,-0.0669837519526482,-0.0580956861376762,0.122625686228275,0.345554053783417
0.088151603937149,0.112098097801208,0.106416173279285,0.199073731899261,0,-0.00373576697893441,-0.0209907777607441,0.0213191397488117,0.0566776320338249,0.0982529073953629,0.104425050318241,0.116683848202229,0.172229573130608,0.0447099879384041,-0.00334132160060108,-0.027705168351531,0.0239915102720261,0.0626202747225761,-0.016723295673728,0.107141710817814,0.000387298845453188,0.00270917499437928,0.0101953372359276,-0.0127964345738292,-0.0184113997966051,0.00311413151212037,-0.00565873179584742,-0.00948621146380901,0.0708256289362907,0.00629442790523171,-0.0273257698863745,-0.0346733145415783,-0.0104629350826144,0.0245377700775862,0.0705926865339279,0.00442686583846807,0.0526077561080456,0.051189947873354,0.0727469101548195,0.0910758599638939,0.0880525410175323,0.0106664299964905,0.0569391623139381,0.0714442878961563,0.0644706562161446,0.0138444164767861,0.00511369481682777,0.107069969177246,-0.028434794396162,-0.0207474250346422,0.0621084943413734,0.142487496137619,-0.00740411458536983,0.110716983675957,-0.0155917201191187,-0.00379663752391934,-0.0135342180728912,-0.0339946635067463,-0.0351312570273876,-0.0111690117046237,-0.00274567259475589,-0.00314759439788759,0.0647295936942101,-0.00732153141871095,-0.0200235527008772,-0.0447527468204498,-0.0185937602072954,0.028874771669507,0.0860026478767395,-0.0069019584916532,0.0652930215001106,0.0531781204044819,0.0550639033317566,0.0778985470533371,0.079482227563858,0.00193880533333868,0.0277649816125631,0.0451146848499775,0.0515616498887539,-0.00849033147096634,-0.0099106403067708,0.105023287236691,-0.0406634248793125,-0.0259578507393599,0.0461905971169472,0.130677849054337
-0.00965845119208097,0.0153586333617568,0.0362456701695919,0.0125435534864664,-0.00373576697893441,0,0.164735198020935,0.0218101423233747,0.0873145684599876,0.0568772032856941,-0.0015819655964151,0.0245096161961555,0.00351313780993223,-0.0165044441819191,0.433594256639481,0.166841864585876,0.0394675470888615,0.0699809268116951,0.0687594637274742,0.0441559813916683,0.15041284263134,0.102248921990395,0.133396506309509,0.220848456025124,0.245328634977341,0.126746863126755,0.339665174484253,0.125371590256691,0.0881406664848328,0.127054050564766,0.295817911624908,0.20695686340332,0.275067746639252,0.0714973658323288,-0.0295112859457731,0.0230306405574083,-0.0195085592567921,0.0897215455770493,0.0894628092646599,0.0998370051383972,0.0576261691749096,0.272798538208008,0.227095261216164,0.00159661145880818,0.177874490618706,0.0832704603672028,0.219149872660637,-0.0685358271002769,0.0557059943675995,0.150145664811134,0.119303420186043,0.0830613449215889,0.0319468192756176,0.0270967837423086,0.012993985787034,0.080147996544838,0.0889030396938324,0.212326928973198,0.129076555371284,0.0891530141234398,0.28678286075592,0.131249755620956,0.0167430024594069,0.115895979106426,0.271346777677536,0.137342944741249,0.233945399522781,0.0676436945796013,-0.110901921987534,-0.0505908317863941,-0.0896313786506653,0.0657123625278473,0.0957680344581604,0.0383378900587559,0.0515312179923058,0.225828558206558,0.154576703906059,-0.0880785658955574,0.0785012170672417,0.0471467077732086,0.18591533601284,-0.103231616318226,0.0504067726433277,0.121198698878288,0.100873671472073,0.0516512766480446
-0.090420089662075,-0.0777926743030548,-0.0173774268478155,-0.00692837033420801,-0.0209907777607441,0.164735198020935,0,-0.0091819716617465,-0.00715677905827761,-0.0412563160061836,-0.103081278502941,-0.042038269340992,-0.0267036836594343,-0.0236005857586861,0.172060012817383,0.251560986042023,-0.0108001725748181,-0.0316395238041878,0.154321044683456,-0.039360549300909,0.0485403351485729,0.0276071485131979,0.0737699419260025,0.179560512304306,0.0696558877825737,0.132216200232506,0.00228830217383802,0.0662205889821053,0.0172477085143328,0.0375976413488388,0.165496990084648,0.166862696409225,0.0695211514830589,0.0138292172923684,0.0242867674678564,0.0783597454428673,0.0725881978869438,-0.0144203789532185,0.0512046813964844,-0.120748922228813,0.0679149404168129,-0.0323424749076366,0.00011126697063446,-0.126401409506798,0.0634482949972153,0.0304422583431005,0.235407114028931,-0.0603661686182022,0.0464311987161636,0.133449003100395,0.0167288612574339,0.028635635972023,0.0934619084000587,-0.0504467189311981,-0.0618102923035622,0.0178378634154797,0.0258132889866829,0.157297402620316,-0.0319483913481236,0.0740494579076767,-0.0290985535830259,0.0565219484269619,-0.0218692533671856,0.0345952920615673,0.0887242779135704,0.0887156128883362,0.0562089756131172,0.0193588938564062,-0.0565587133169174,-0.0179648995399475,-0.0257749985903502,-0.0339892320334911,0.0542353875935078,-0.136975020170212,0.0672037452459335,-0.0574873723089695,-0.0219880361109972,-0.188501179218292,-0.0205162297934294,0.0361205339431763,0.188848182559013,-0.123436607420444,0.0289096683263779,0.110236383974552,0.00246849609538913,-0.0040190489962697
0.059336107224226,0.0715724602341652,0.147961542010307,0.10964810103178,0.0213191397488117,0.0218101423233747,-0.0091819716617465,0,0.0537755154073238,0.0385740995407104,0.074450396001339,0.130675196647644,0.106065772473812,0.0149752805009484,0.0349181741476059,0.00304074864834547,0.10866954177618,0.0659689009189606,-0.0339861214160919,0.0912233963608742,-0.0587712079286575,0.0239851512014866,-0.000357707001967356,-0.00927376467734575,-0.0458860620856285,-0.0231583695858717,0.0542883090674877,0.019105102866888,0.0240953993052244,0.0124949710443616,0.0662370175123215,-0.0596156306564808,0.0232822652906179,0.0476267673075199,-0.0255719814449549,-0.0842910334467888,-0.0744000896811485,0.0482472889125347,0.0234997626394033,0.0693229809403419,0.0159842912107706,0.0441029854118824,0.118053652346134,-0.000958503864239901,0.00945176649838686,0.00961750745773315,0.00457778153941035,0.00122580619063228,-0.00484857521951199,0.000822128553409129,0.0447759255766869,0.0865488648414612,-0.0204946007579565,0.0737847164273262,-0.0395661704242229,0.0257904790341854,-0.00306930835358799,-0.000670517678372562,-0.0234269350767136,0.00415147887542844,0.0677406787872314,0.0330478698015213,0.0320677012205124,0.00496667018160224,0.063831090927124,-0.0418178364634514,0.0104293478652835,0.0462665967643261,0.00238216435536742,-0.0863459780812263,-0.0131261376664042,0.0547962300479412,0.0155384363606572,0.0771452933549881,0.0365941524505615,0.0569732189178467,0.0986261665821075,0.0192477237433195,0.0317892953753471,0.00943737663328648,0.0137207796797156,0.0570463612675667,-0.017776221036911,0.00294341915287077,0.0565474480390549,0.0906355232000351
0.207313731312752,0.22135616838932,0.141983509063721,0.139535918831825,0.0566776320338249,0.0873145684599876,-0.00715677905827761,0.0537755154073238,0,0.220714420080185,0.229536339640617,0.130602613091469,0.133776441216469,0.0479449816048145,0.0718686878681183,-0.0210565626621246,0.0522953607141972,0.198900014162064,-0.0475565381348133,0.163621813058853,0.00619099568575621,0.067907840013504,0.0165410023182631,0.00304625183343887,0.0303624458611012,0.00784952659159899,0.127906709909439,0.0221480373293161,0.0766438245773315,0.0973081439733505,0.0205606333911419,-0.0542965829372406,0.065440908074379,0.126464188098907,0.0344111137092113,-0.0619880706071854,-0.0155396303161979,0.171790227293968,0.0998390913009644,0.189760729670525,0.075252927839756,0.152108877897263,0.134086444973946,0.100049905478954,0.0736633911728859,0.056344747543335,-0.00288170529529452,0.11309228092432,-0.0295493509620428,-0.0192130077630281,0.122799500823021,0.181246444582939,-0.0342258587479591,0.170381128787994,0.0438290648162365,0.0611009746789932,0.0281936600804329,-0.0137273482978344,0.0576521083712578,0.0185064561665058,0.146570786833763,0.0155056621879339,0.0896717682480812,0.0845954567193985,0.0590813085436821,-0.0135786142200232,0.0342561863362789,0.0791136994957924,0.0836784094572067,-0.03394565731287,0.0374405086040497,0.178625732660294,0.0766636729240417,0.184143722057343,0.0700829848647118,0.173357024788857,0.135851055383682,0.105721421539783,0.122287839651108,0.0228501372039318,-0.00168251828290522,0.150582998991013,-0.0380780622363091,-0.00599545054137707,0.122763700783253,0.174065425992012
0.719898104667664,0.346342176198959,0.284472197294235,0.259454101324081,0.0982529073953629,0.0568772032856941,-0.0412563160061836,0.0385740995407104,0.220714420080185,0,0.318923771381378,0.281006842851639,0.219278007745743,0.0993249267339706,0.0495256073772907,-0.0536489635705948,0.0315305553376675,0.229387059807777,-0.0721683576703072,0.229936301708221,0.259862691164017,0.00727607030421495,0.0491469390690327,-0.0797310993075371,0.211755335330963,0.228697046637535,0.142106160521507,-0.0574755072593689,0.202863559126854,0.0126772476360202,-0.0225797276943922,0.0479239486157894,0.0424417406320572,0.198573932051659,0.226247757673264,0.0923045501112938,0.189586639404297,0.127057150006294,0.266086429357529,0.309172064065933,0.280300170183182,0.229224726557732,0.0814169272780418,0.452970057725906,0.269148379564285,0.256359666585922,-0.128898024559021,0.390294969081879,-0.0257830284535885,-0.00458566704764962,0.0362190492451191,0.23021611571312,-0.145216464996338,0.172449052333832,0.134708046913147,-0.00167351739946753,0.0271505899727345,-0.093252882361412,0.118524894118309,0.127677977085114,0.0982004851102829,-0.0313015133142471,0.101941674947739,0.00366561696864665,-0.0240528117865324,0.00185282318852842,0.0275436267256737,0.13669265806675,0.149672314524651,0.0364411436021328,0.0533674769103527,0.144430577754974,0.153990253806114,0.265007823705673,0.174583092331886,0.147065788507462,0.0510930456221104,0.237608283758163,0.0916730388998985,0.0967027395963669,-0.107366338372231,0.33570384979248,-0.0460322834551334,-0.0607597194612026,0.0543978288769722,0.195108100771904
0.4101282954216,0.489173740148544,0.267758160829544,0.276038736104965,0.104425050318241,-0.0015819655964151,-0.103081278502941,0.074450396001339,0.229536339640617,0.318923771381378,0,0.321444034576416,0.300940275192261,0.110869593918324,-0.0115256458520889,-0.108633913099766,0.0947610586881638,0.252000093460083,-0.191910892724991,0.288314610719681,-0.0202699359506369,0.0736624971032143,0.0148130618035793,-0.0710552856326103,0.00936521217226982,-0.0231011882424355,0.142480731010437,0.064942978322506,0.121964566409588,0.112503215670586,-0.0652966052293777,-0.19385401904583,0.0117599656805396,0.132715195417404,0.0237874370068312,-0.149222850799561,-0.0660746842622757,0.236415311694145,0.0645236298441887,0.343466371297836,0.0703616216778755,0.192852407693863,0.184619590640068,0.190215080976486,0.0702273696660995,0.091605469584465,-0.167809024453163,0.215378969907761,-0.0895318761467934,-0.0756606683135033,0.165905311703682,0.278534084558487,-0.141427800059319,0.299140125513077,0.14950042963028,0.0831314101815224,0.00582735706120729,-0.0984663367271423,0.14840193092823,-0.0019309347262606,0.197082489728928,0.0396055094897747,0.184779912233353,0.0717243328690529,-0.00748663023114204,-0.0693321749567986,0.00429225480183959,0.140258267521858,0.234510540962219,-0.00968523975461721,0.147393733263016,0.275675982236862,0.0475144945085049,0.395932137966156,0.113870978355408,0.265001863241196,0.202377259731293,0.305057495832443,0.261739909648895,0.0700688064098358,-0.139094173908234,0.311558246612549,-0.0413564592599869,-0.10331891477108,0.168458595871925,0.302491188049316
0.356236070394516,0.259279996156693,0.579280376434326,0.378930449485779,0.116683848202229,0.0245096161961555,-0.042038269340992,0.130675196647644,0.130602613091469,0.281006842851639,0.321444034576416,0,0.408503532409668,0.0853821560740471,0.0278810393065214,-0.0278089419007301,0.145977675914764,0.154632195830345,-0.0739662051200867,0.207449734210968,0.0630148723721504,-0.0238654483109713,-0.00700155273079872,-0.0553987510502338,-0.0017499775858596,0.0281367320567369,0.079768218100071,0.0173307843506336,0.183930739760399,0.00213605188764632,-0.0489978790283203,-0.135317787528038,-0.0306792855262756,0.0414079315960407,0.192912235856056,-0.0487925559282303,0.112028017640114,0.0890054553747177,0.0106268208473921,0.222043380141258,0.0662315115332603,0.0625733807682991,0.16936194896698,0.224650755524635,0.111884064972401,0.0769703239202499,-0.0983995348215103,0.181221231818199,-0.084404282271862,-0.0663307830691338,0.0626781731843948,0.190346449613571,-0.0251360815018415,0.233498200774193,0.183357462286949,-0.0489511266350746,0.0220473483204842,-0.0740228444337845,0.0821162909269333,0.0593973770737648,0.0865953043103218,-0.00368561502546072,0.233628213405609,-0.0272608138620853,-0.000544768699910492,-0.0514950901269913,0.00605923356488347,0.0440202169120312,0.280187398195267,0.0488443076610565,0.2290258705616,0.0974197164177895,-0.0384908504784107,0.26443350315094,0.0867196694016457,0.117641970515251,0.181631535291672,0.280034989118576,0.22580848634243,0.0318140722811222,-0.0867170765995979,0.242681622505188,-0.0565942227840424,-0.0536811985075474,0.0583241507411003,0.216574355959892
0.295955866575241,0.251565784215927,0.38118714094162,0.646081507205963,0.172229573130608,0.00351313780993223,-0.0267036836594343,0.106065772473812,0.133776441216469,0.219278007745743,0.300940275192261,0.408503532409668,0,0.144556403160095,0.00983930937945843,-0.00523616606369615,0.118163511157036,0.158162802457809,-0.0597316026687622,0.267955452203751,-0.0370042212307453,0.0295655895024538,0.0148978941142559,-0.0276944935321808,-0.0901655703783035,-0.00092497345758602,-0.00322131160646677,0.0471873991191387,0.13456366956234,0.0398464910686016,-0.0663540884852409,-0.165083006024361,-0.0214442927390337,0.163241028785706,0.142947614192963,-0.106759652495384,0.0485778003931046,0.122060246765614,0.10928600281477,0.218322306871414,0.209667459130287,0.0214121881872416,0.114089377224445,0.131750673055649,0.116608709096909,0.098893828690052,-0.0539320297539234,0.219118550419807,-0.0853964239358902,-0.0447384491562843,0.114386484026909,0.312664330005646,0.00638690078631043,0.282694786787033,0.0307559538632631,0.0230930726975203,0.0142646534368396,-0.0253968760371208,-0.0318138487637043,0.0282582677900791,0.0141498316079378,0.0415617078542709,0.187414303421974,0.0196623187512159,-0.0348120406270027,-0.116129495203495,-0.00268667750060558,0.154098033905029,0.285305351018906,-0.0408402048051357,0.186744019389153,0.140994116663933,0.111305311322212,0.251786410808563,0.280338108539581,0.0781235918402672,0.131600245833397,0.198551744222641,0.191230282187462,0.0905810818076134,-0.0136025277897716,0.315921396017075,-0.0879461616277695,-0.0487354472279549,0.11965598911047,0.371328830718994
0.114638790488243,0.0969769805669785,0.0666297897696495,0.124583259224892,0.0447099879384041,-0.0165044441819191,-0.0236005857586861,0.0149752805009484,0.0479449816048145,0.0993249267339706,0.110869593918324,0.0853821560740471,0.144556403160095,0,-0.0100073842331767,-0.0277259722352028,0.00531555572524667,0.0935316830873489,-0.0243460200726986,0.132482841610909,-0.0405980721116066,0.0158858615905046,0.0109669659286737,-0.0220108274370432,-0.0273096803575754,-0.0204631090164185,0.0127566996961832,-0.0102789094671607,0.0310319364070892,0.0172251332551241,-0.0301975142210722,-0.0583155862987041,0.000739951035939157,0.0614989809691906,0.0237091295421124,-0.0446953997015953,-0.00970014929771423,0.0582361556589603,0.0627629682421684,0.0869853049516678,0.0667511522769928,0.0392489805817604,0.0584173686802387,0.0430461056530476,0.0486067831516266,0.0168287325650454,-0.0180902741849422,0.080942414700985,-0.040923435240984,-0.0121699376031756,0.0730466321110725,0.121327303349972,-0.0159413833171129,0.106196604669094,0.00491242157295346,0.0158525761216879,0.00158063846174628,-0.023391418159008,-0.000543754955288023,-0.0109770596027374,0.0287856664508581,-0.0121368141844869,0.0310782659798861,0.0187708325684071,-0.00814104918390512,-0.0308942701667547,-0.00510072009637952,0.0715599283576012,0.0798892229795456,-0.0336285457015038,0.0586584024131298,0.072368323802948,0.0681176632642746,0.0908497646450996,0.0884773060679436,0.0505008399486542,0.0725051686167717,0.0681600347161293,0.0940059572458267,0.00520991021767259,-0.0145770963281393,0.11953542381525,-0.0271327625960112,-0.0267933309078217,0.063471220433712,0.135626524686813
0.000527313852217048,-0.00195211393292993,0.0344608016312122,0.009736692532897,-0.00334132160060108,0.433594256639481,0.172060012817383,0.0349181741476059,0.0718686878681183,0.0495256073772907,-0.0115256458520889,0.0278810393065214,0.00983930937945843,-0.0100073842331767,0,0.213044941425323,0.0424037724733353,0.067870669066906,0.0512299910187721,0.0414852686226368,0.135722264647484,0.0879739597439766,0.10797031223774,0.229517295956612,0.227266177535057,0.128539517521858,0.321792095899582,0.121992155909538,0.0943641066551208,0.106279000639915,0.302956789731979,0.174401476979256,0.27286097407341,0.0708090290427208,-0.0354672186076641,-0.0114947278052568,-0.0447288565337658,0.0719555839896202,0.0756810158491135,0.0848268270492554,0.0586576610803604,0.259332001209259,0.237561941146851,-0.0181420110166073,0.163039535284042,0.0760081931948662,0.213442862033844,-0.0828477665781975,0.0431770533323288,0.130073979496956,0.100065261125565,0.0839527696371078,0.0382666885852814,0.0442125834524632,0.0614721179008484,0.0765500143170357,0.101106934249401,0.224568322300911,0.159438535571098,0.131219089031219,0.300135672092438,0.109511330723763,0.0606899857521057,0.100016668438911,0.265784233808517,0.156666338443756,0.275045931339264,0.0606008693575859,-0.0792913138866425,-0.0475492179393768,-0.0683315694332123,0.0610622465610504,0.103309348225594,0.06552354991436,0.0522330477833748,0.248570740222931,0.176865696907043,-0.0602213628590107,0.10648575425148,0.0668268427252769,0.205323338508606,-0.0793028101325035,0.0322403274476528,0.140361338853836,0.101548478007317,0.0800377801060677
-0.0961822122335434,-0.0954188480973244,-0.0283853840082884,-0.0135346399620175,-0.027705168351531,0.166841864585876,0.251560986042023,0.00304074864834547,-0.0210565626621246,-0.0536489635705948,-0.108633913099766,-0.0278089419007301,-0.00523616606369615,-0.0277259722352028,0.213044941425323,0,0.0161218736320734,-0.0064004585146904,0.117017455399036,-0.0324831604957581,0.0435590744018555,0.0268902145326138,0.0722260996699333,0.169114142656326,0.0469217449426651,0.118763625621796,-0.00729904789477587,0.0220834370702505,0.0186067018657923,0.0323614776134491,0.135279357433319,0.12440986931324,0.0946255922317505,0.0158297568559647,0.00941411312669516,0.0415690131485462,0.0477723516523838,-0.0499515719711781,0.037763312458992,-0.106338433921337,0.0689755752682686,-0.026702918112278,0.00692356377840042,-0.108519867062569,0.0449696183204651,0.034138385206461,0.205054402351379,-0.0649741068482399,0.0416216887533665,0.106594763696194,0.0163404699414968,0.0293751657009125,0.105881109833717,-0.0353801175951958,-0.0203829891979694,0.0156483817845583,0.0407605692744255,0.17777244746685,-0.0055069150403142,0.116507709026337,-0.0263799056410789,0.0189586319029331,0.00130460900254548,0.0274397078901529,0.0989791750907898,0.0898207426071167,0.100242465734482,0.0198996271938086,-0.016969095915556,-0.0106429159641266,0.0129599617794156,-0.0606485344469547,0.0542123876512051,-0.12508299946785,0.0741624906659126,-0.0456170924007893,-0.0255897231400013,-0.141157269477844,-0.00797253474593163,0.0424576252698898,0.211567565798759,-0.0835302025079727,0.0283355414867401,0.132995158433914,0.00375574780628085,0.0248149987310171
0.0407317653298378,0.0554339364171028,0.118231937289238,0.0966932401061058,0.0239915102720261,0.0394675470888615,-0.0108001725748181,0.10866954177618,0.0522953607141972,0.0315305553376675,0.0947610586881638,0.145977675914764,0.118163511157036,0.00531555572524667,0.0424037724733353,0.0161218736320734,0,0.0700234472751617,-0.0237841457128525,0.0900835767388344,-0.0492849983274937,0.0299969334155321,0.0163288582116365,-0.00590523844584823,-0.018409026786685,-0.0362974926829338,0.0789870545268059,0.0307173244655132,0.0177293121814728,0.0319445505738258,0.0558754801750183,-0.066654235124588,0.00998273491859436,0.0324518792331219,-0.0206756852567196,-0.0788980424404144,-0.0610302165150642,0.0473875850439072,0.00594293093308806,0.0654116570949554,-0.00491904327645898,0.0718816220760345,0.122900150716305,-0.0132236042991281,0.0181368365883827,0.00273024733178318,0.011799082159996,-0.0291699711233377,-0.013947338797152,-0.0145932324230671,0.0413888804614544,0.0605614446103573,-0.0118625201284885,0.0769625008106232,-0.0366254225373268,0.0307313930243254,0.00794416293501854,0.0171722918748856,-0.0207548830658197,-0.0154087534174323,0.0698479413986206,0.0261374991387129,0.0244945734739304,0.0210332032293081,0.0486333630979061,-0.0368547216057777,0.0233909692615271,0.0369939655065536,-0.0105648105964065,-0.102917395532131,-0.0244348049163818,0.0506080240011215,-0.00319988396950066,0.0726048648357391,0.00110048661008477,0.072833351790905,0.115357518196106,0.0169470235705376,0.0169338155537844,0.00308043695986271,0.0227922089397907,0.0178582109510899,-0.0166479013860226,-0.00305777112953365,0.0468009114265442,0.0708600729703903
0.263515889644623,0.209883585572243,0.153207957744598,0.147782385349274,0.0626202747225761,0.0699809268116951,-0.0316395238041878,0.0659689009189606,0.198900014162064,0.229387059807777,0.252000093460083,0.154632195830345,0.158162802457809,0.0935316830873489,0.067870669066906,-0.0064004585146904,0.0700234472751617,0,-0.0611642859876156,0.165232121944427,0.0361454710364342,0.0518779568374157,0.038053322583437,0.0109316874295473,0.059780690819025,0.0303264893591404,0.121135778725147,0.0252132322639227,0.0905328392982483,0.0912231653928757,0.0145595716312528,-0.0282331276684999,0.0710870921611786,0.099235899746418,0.0241512972861528,-0.0541286990046501,-0.00809311121702194,0.164136052131653,0.0809300318360329,0.185072556138039,0.0648457109928131,0.156549498438835,0.133310377597809,0.115063950419426,0.0789426490664482,0.0606348216533661,0.00851740222424269,0.13372528553009,-0.0358547493815422,0.0276369899511337,0.165517911314964,0.190284207463264,-0.00803993083536625,0.180761605501175,0.104338862001896,0.0626500397920609,0.0260507483035326,0.00911066960543394,0.111098244786263,0.0402410700917244,0.149878218770027,0.0271905902773142,0.117188282310963,0.0799321085214615,0.0652536079287529,0.0206653587520123,0.0575033836066723,0.115910567343235,0.118170268833637,0.0130465729162097,0.084293358027935,0.181964203715324,0.0747142881155014,0.201859101653099,0.0869409069418907,0.193735972046852,0.141310200095177,0.151986002922058,0.166170835494995,0.0544718503952026,0.0221985541284084,0.174353525042534,-6.86505809426308e-05,0.00155687669757754,0.135403469204903,0.214301034808159
-0.155689030885696,-0.110146954655647,-0.0320134796202183,-0.0560540892183781,-0.016723295673728,0.0687594637274742,0.154321044683456,-0.0339861214160919,-0.0475565381348133,-0.0721683576703072,-0.191910892724991,-0.0739662051200867,-0.0597316026687622,-0.0243460200726986,0.0512299910187721,0.117017455399036,-0.0237841457128525,-0.0611642859876156,0,-0.0429317802190781,0.227920174598694,0.0380805134773254,0.0429037809371948,0.262105852365494,0.195708304643631,0.273734837770462,-0.171425551176071,0.0780775770545006,0.0765016302466393,0.0685571655631065,0.0170438978821039,0.5646653175354,0.00143577763810754,-0.0206178743392229,0.503312706947327,0.223493352532387,0.553021907806396,-0.0394405871629715,0.0630601346492767,-0.107344999909401,0.168366968631744,-0.0719134509563446,-0.139856472611427,0.0115235168486834,0.19008007645607,0.087599091231823,0.736451625823975,0.244333982467651,0.115481428802013,0.15675151348114,0.169961392879486,0.125958144664764,0.66190242767334,-0.0482120476663113,0.0420830585062504,0.021304115653038,0.0210743900388479,0.2199497371912,0.0270067807286978,0.191452592611313,-0.209694638848305,0.0807363018393517,0.0144767230376601,0.0611821934580803,-0.0601337738335133,0.327034652233124,0.0239328891038895,-0.00385335786268115,0.235671043395996,0.161976590752602,0.267143577337265,-0.0763865932822227,0.103754334151745,-0.170771345496178,0.126904547214508,-0.142526656389236,-0.122852653264999,-0.0985324904322624,0.0292578153312206,0.0592031292617321,0.620709478855133,0.0487966053187847,0.0610641799867153,0.16503219306469,0.169822871685028,0.0909328460693359
0.236020475625992,0.257409244775772,0.2006606310606,0.294220387935638,0.107141710817814,0.0441559813916683,-0.039360549300909,0.0912233963608742,0.163621813058853,0.229936301708221,0.288314610719681,0.207449734210968,0.267955452203751,0.132482841610909,0.0414852686226368,-0.0324831604957581,0.0900835767388344,0.165232121944427,-0.0429317802190781,0,-0.112062096595764,0.171416997909546,0.0515102855861187,0.0213671270757914,-0.113573908805847,-0.0177206285297871,0.0139774214476347,0.0345878824591637,0.20816558599472,0.194850593805313,-0.0902465507388115,-0.275822639465332,0.0117731299251318,0.400946378707886,0.195759177207947,-0.22066293656826,0.00977889914065599,0.287122040987015,0.330291152000427,0.415826827287674,0.400480538606644,0.0958340466022491,0.283965587615967,0.26016429066658,0.312855988740921,0.26822954416275,0.0427105836570263,0.36993408203125,-0.129781872034073,-0.0436342731118202,0.285939186811447,0.562683165073395,0.0268581323325634,0.582555890083313,-0.096346415579319,0.185653641819954,0.00875327736139297,0.00725709740072489,-0.0982829034328461,0.00842946581542492,0.063238613307476,0.038536574691534,0.186916321516037,0.166574254631996,-0.0361324697732925,-0.239352315664291,0.0298227127641439,0.376073151826859,0.302867561578751,-0.236274883151054,0.122812718153,0.28856298327446,0.283696085214615,0.44208762049675,0.398953050374985,0.168467566370964,0.279716581106186,0.250235468149185,0.298378050327301,0.220030888915062,0.0486016236245632,0.466863214969635,-0.157874658703804,-0.0829186141490936,0.239538297057152,0.556094288825989
0.0609806403517723,0.041717141866684,0.117462016642094,-0.0324168801307678,0.000387298845453188,0.15041284263134,0.0485403351485729,-0.0587712079286575,0.00619099568575621,0.259862691164017,-0.0202699359506369,0.0630148723721504,-0.0370042212307453,-0.0405980721116066,0.135722264647484,0.0435590744018555,-0.0492849983274937,0.0361454710364342,0.227920174598694,-0.112062096595764,0,-0.142077341675758,0.0673684775829315,0.186986804008484,0.717863202095032,0.560013055801392,0.200468838214874,-0.057439599186182,0.275153875350952,-0.08946393430233,0.113465309143066,0.481661736965179,0.165791034698486,-0.0936452448368073,0.543590545654297,0.461183071136475,0.538257122039795,-0.126534715294838,-0.0196299590170383,0.109072804450989,0.11807668954134,0.314192652702332,-0.043057344853878,0.698109865188599,0.407297492027283,0.383811682462692,0.0676583498716354,0.451093733310699,0.0245859250426292,0.00920332130044699,-0.0170790161937475,-0.046549491584301,0.0294678136706352,-0.113669462502003,0.654700875282288,-0.192727267742157,0.0615877695381641,0.107524961233139,0.524971008300781,0.307821780443192,0.0651400312781334,-0.0246536638587713,0.0952816158533096,-0.0864866748452187,0.0565695725381374,0.311146229505539,0.120257526636124,-0.0805382952094078,0.247934550046921,0.365358412265778,0.196498796343803,-0.134170144796371,-0.00803143810480833,-0.0110091585665941,0.0427595600485802,0.156935483217239,-0.115716136991978,0.276524633169174,0.0883301869034767,0.162180960178375,0.0513748675584793,0.0801970288157463,0.0675923973321915,0.0202830731868744,-0.00518803903833032,-0.103558860719204
-0.0255980659276247,0.0938826575875282,0.00329687562771142,0.0324806943535805,0.00270917499437928,0.102248921990395,0.0276071485131979,0.0239851512014866,0.067907840013504,0.00727607030421495,0.0736624971032143,-0.0238654483109713,0.0295655895024538,0.0158858615905046,0.0879739597439766,0.0268902145326138,0.0299969334155321,0.0518779568374157,0.0380805134773254,0.171416997909546,-0.142077341675758,0,0.0188872367143631,0.317345947027206,0.0468791462481022,-0.138460963964462,0.131781980395317,0.247906997799873,0.0401660352945328,0.916350305080414,0.0138733545318246,-0.151450514793396,0.153744220733643,0.373698115348816,-0.0687551721930504,-0.177971079945564,-0.133677050471306,0.873314082622528,0.32218411564827,0.0868895128369331,0.29707083106041,0.286006093025208,0.0758446678519249,-0.020224129781127,0.0846849456429482,0.63115257024765,0.182706236839294,0.0272195748984814,-0.0325280092656612,0.0133908418938518,0.208890333771706,0.239614322781563,0.0844005718827248,0.157124772667885,-0.240449130535126,0.972731530666351,0.00554843060672283,0.363700836896896,-0.0646239966154099,-0.0835955068469048,0.159516409039497,0.315525621175766,-0.00887713674455881,0.905401766300201,-0.00863627623766661,-0.188715606927872,0.161362186074257,0.344049215316772,-0.0977061465382576,-0.247647911310196,-0.144503429532051,0.836046397686005,0.369280159473419,0.0820708274841309,0.312346518039703,0.31301161646843,0.0842356309294701,-0.0844506397843361,0.00103644432965666,0.579077243804932,0.169822037220001,0.0648668855428696,-0.0721689686179161,0.0153699088841677,0.176692709326744,0.217699140310287
0.0224845986813307,0.0187441930174828,0.0117001971229911,0.0106594003736973,0.0101953372359276,0.133396506309509,0.0737699419260025,-0.000357707001967356,0.0165410023182631,0.0491469390690327,0.0148130618035793,-0.00700155273079872,0.0148978941142559,0.0109669659286737,0.10797031223774,0.0722260996699333,0.0163288582116365,0.038053322583437,0.0429037809371948,0.0515102855861187,0.0673684775829315,0.0188872367143631,0,0.157578974962234,0.109558887779713,0.141247674822807,0.0579749047756195,0.0331107750535011,0.0945578962564468,0.0423227101564407,0.0908765718340874,0.105869062244892,0.0962745249271393,0.0311640631407499,0.0644957348704338,0.0386612117290497,0.0684945806860924,0.0246687512844801,0.0475692078471184,0.0409039333462715,0.056892529129982,0.0436214320361614,0.0588625483214855,0.0424292795360088,0.0697966516017914,0.0877284556627274,0.108003161847591,0.0626504719257355,0.0303882379084826,0.102238483726978,0.0502821877598763,0.0999443829059601,0.0192624051123857,0.0230341702699661,0.0377343073487282,0.00717927422374487,0.0512056201696396,0.128567740321159,0.0748071521520615,0.11244360357523,0.0564338900148869,0.023250101134181,0.0586967431008816,0.0413979105651379,0.0827428624033928,0.0725952237844467,0.0800473913550377,0.00811653956770897,0.0535676255822182,0.0154257351532578,0.0405217669904232,0.0156494658440351,0.0364111848175526,0.0326760336756706,0.047862596809864,0.0584222823381424,0.0318434573709965,-0.00445819832384586,0.046719528734684,0.0727543160319328,0.0793415755033493,0.0361907444894314,0.0164731852710247,0.0499086566269398,0.0285265203565359,0.0885505601763725
-0.058290958404541,-0.052790492773056,-0.0369579307734966,-0.0235276650637388,-0.0127964345738292,0.220848456025124,0.179560512304306,-0.00927376467734575,0.00304625183343887,-0.0797310993075371,-0.0710552856326103,-0.0553987510502338,-0.0276944935321808,-0.0220108274370432,0.229517295956612,0.169114142656326,-0.00590523844584823,0.0109316874295473,0.262105852365494,0.0213671270757914,0.186986804008484,0.317345947027206,0.157578974962234,0,0.323253214359283,0.35537388920784,0.0745327174663544,0.54048228263855,0.104855857789516,0.509977102279663,0.174043729901314,0.201576352119446,0.328958749771118,0.100869826972485,0.134106397628784,0.0442653521895409,0.100368566811085,0.27635645866394,0.0961627513170242,-0.0520158968865871,0.146481692790985,0.103214807808399,0.0409934967756271,-0.0133176865056157,0.0947083905339241,0.498187959194183,0.344737321138382,0.0163922645151615,0.0660072490572929,0.148942485451698,0.11933708935976,0.140041887760162,0.248687073588371,0.0421373397111893,0.0567336603999138,0.288290470838547,0.106595538556576,0.81066882610321,0.200188547372818,0.353534132242203,0.0724149271845818,0.502851724624634,0.0782869234681129,0.507749497890472,0.136320531368256,0.192572683095932,0.346291095018387,0.110062099993229,0.114931479096413,-0.0207039806991816,0.135044455528259,0.198280096054077,0.147885635495186,-0.0397088825702667,0.182287946343422,0.145549759268761,0.0370645709335804,-0.0678130760788918,0.056128703057766,0.496533423662186,0.278378874063492,0.00124357570894063,0.0450442992150784,0.13797165453434,0.0909977629780769,0.102912396192551
