0,0.352851182222366,0.284462094306946,0.300624549388885,0.0920598283410072,-0.0129452329128981,-0.0978711619973183,0.0660897046327591,0.220802411437035,0.723341464996338,0.434464991092682,0.37332671880722,0.31149622797966,0.118048168718815,-0.00266633671708405,-0.106159992516041,0.0467422939836979,0.27574947476387,-0.183936923742294,0.244941383600235,0.053226251155138,-0.0235660504549742,0.0172307323664427,-0.0877213701605797,0.0472648665308952,0.139503762125969,0.0826567262411118,0.00554485898464918,0.192787066102028,-0.020569670945406,-0.16374346613884,-0.114165149629116,0.00659746583551168,0.127404898405075,0.0897424444556236,-0.0618096441030502,0.0137215545400977,0.11208787560463,0.0427578426897526,0.383005499839783,0.0656173750758171,0.178588554263115,0.100914977490902,0.389120489358902,0.0448335222899914,0.146744042634964,-0.190011978149414,0.350905418395996,-0.103280611336231,-0.0721432715654373,0.0415272824466228,0.227467060089111,-0.0710849538445473,0.284047812223434,0.397773236036301,-0.0130685744807124,0.0309715177863836,-0.110466174781322,0.326801866292953,0.230085164308548,0.174547746777534,-0.0143514480441809,0.325413048267365,-0.0506789684295654,-0.0333027429878712,0.100140631198883,0.010756473056972,0.135535404086113,0.396126568317413,0.195131212472916,0.292777001857758,0.135817691683769,0.0449376553297043,0.462451964616776,0.163887679576874,0.301177352666855,0.189076885581017,0.589003562927246,0.391340792179108,0.161520898342133,-0.144659087061882,0.534985065460205,-0.00948334764689207,-0.0913090333342552,0.0548265017569065,0.282566398382187
0.352851182222366,0,0.256216406822205,0.283201634883881,0.120269998908043,-0.000177426263689995,-0.0936421006917953,0.0761428996920586,0.232539981603622,0.360626459121704,0.518899977207184,0.277193963527679,0.266355037689209,0.102294757962227,-0.0161856543272734,-0.112732164561749,0.061051681637764,0.222258776426315,-0.143644094467163,0.274572759866714,0.0269960630685091,0.0998450964689255,0.0151876313611865,-0.0920609086751938,0.0383543446660042,0.022444948554039,0.134666755795479,0.0736489370465279,0.14783576130867,0.131672590970993,-0.0425413139164448,-0.131482765078545,-0.00267583993263543,0.158196493983269,0.0974630936980247,-0.0743478983640671,-0.000569719763007015,0.242926239967346,0.107715293765068,0.352177888154984,0.0915120989084244,0.194018945097923,0.169511526823044,0.229923695325851,0.160062834620476,0.103109627962112,-0.141861796379089,0.225693181157112,-0.0556497424840927,-0.0688276290893555,0.171294897794724,0.285384774208069,-0.153694733977318,0.267047166824341,0.0511990524828434,0.102380111813545,0.00709313107654452,-0.112658940255642,0.0492909699678421,-0.0267148148268461,0.12826980650425,0.0693661719560623,0.134117692708969,0.0839709043502808,-0.0175301544368267,-0.116115048527718,-0.0323807373642921,0.0899822860956192,0.151720583438873,-0.0254279244691133,0.0659555643796921,0.282018929719925,0.0552786327898502,0.331798553466797,0.0651010647416115,0.187499567866325,0.164530605077744,0.200571402907372,0.157473504543304,0.0464195013046265,-0.152829572558403,0.218783602118492,-0.0548405982553959,-0.0826375782489777,0.155259370803833,0.265095502138138
0.284462094306946,0.256216406822205,0,0.41154733300209,0.116536632180214,0.0281417053192854,-0.0265683550387621,0.146270290017128,0.143013000488281,0.287403553724289,0.286778002977371,0.59265398979187,0.395252197980881,0.0700148716568947,0.0262663438916206,-0.030256774276495,0.130764529109001,0.159314349293709,-0.0597988590598106,0.216337010264397,0.101102001965046,0.00618941430002451,0.00990305934101343,-0.0599104911088943,0.0173689648509026,0.0412665419280529,0.0777313932776451,-0.000527946220245212,0.202465832233429,0.0212699063122272,-0.0214961040765047,-0.085552990436554,-0.0395311340689659,0.0504353865981102,0.227883562445641,-0.0095729473978281,0.13486285507679,0.0907826349139214,0.00381646677851677,0.222911983728409,0.073882058262825,0.0812740847468376,0.183419287204742,0.26221176981926,0.190317794680595,0.0436184890568256,-0.0823193714022636,0.186315551400185,-0.0587519928812981,-0.0519620180130005,0.0861866623163223,0.190244898200035,-0.039321456104517,0.192751526832581,0.110237903892994,-0.00878084823489189,0.0287887379527092,-0.0807719603180885,0.0200120750814676,0.0225306451320648,0.0606548003852367,0.00767361978068948,0.175364509224892,-0.0128350760787725,-0.00534597458317876,-0.0804558843374252,-0.0305804777890444,0.0260658338665962,0.210629865527153,-0.0143924923613667,0.151912495493889,0.0995956286787987,-0.014625757932663,0.221862196922302,0.088273361325264,0.076876126229763,0.142499014735222,0.196642369031906,0.169138431549072,0.000277133192867041,-0.0771173760294914,0.199875578284264,-0.0725770145654678,-0.0611446760594845,0.0920519977807999,0.191031202673912
0.300624549388885,0.283201634883881,0.41154733300209,0,0.216011196374893,0.00940517522394657,-0.0168466158211231,0.114486843347549,0.149323835968971,0.280415922403336,0.297143191099167,0.396629273891449,0.664165496826172,0.135154262185097,0.00505992351099849,-0.0245673041790724,0.105873115360737,0.157863646745682,-0.0889579653739929,0.322816252708435,-0.0380618050694466,0.0378464311361313,0.00939545687288046,-0.0470971390604973,-0.102194905281067,0.0100180767476559,0.00244492408819497,0.016376156359911,0.163546845316887,0.0418937727808952,-0.0446275025606155,-0.173898905515671,-0.0336958095431328,0.187912672758102,0.187736392021179,-0.0920938476920128,0.0678355172276497,0.129460692405701,0.174344643950462,0.234423339366913,0.278808623552322,0.0385650247335434,0.142498821020126,0.192838668823242,0.180673271417618,0.103487633168697,-0.0417586714029312,0.263669967651367,-0.085376113653183,-0.0271168276667595,0.135286167263985,0.362420439720154,-0.0411953255534172,0.308308869600296,0.0196664426475763,0.041314385831356,0.00754530355334282,-0.0593956746160984,-0.0580034181475639,-0.0184981282800436,0.0201767832040787,0.026346106082201,0.16594409942627,0.0180994980037212,-0.0298768151551485,-0.147662371397018,-0.00177895370870829,0.14996163547039,0.27947610616684,-0.047461461275816,0.161634027957916,0.146001636981964,0.108461447060108,0.27211606502533,0.257403612136841,0.0757146030664444,0.150249361991882,0.209286794066429,0.201504573225975,0.0824157521128654,-0.0525001585483551,0.324892163276672,-0.0799904242157936,-0.0637819468975067,0.132017716765404,0.369726359844208
0.0920598283410072,0.120269998908043,0.116536632180214,0.216011196374893,0,8.17179679870605e-05,-0.0174650438129902,0.0210968367755413,0.0628711208701134,0.108524277806282,0.108128018677235,0.124063886702061,0.188455879688263,0.0468605384230614,-0.00344166858121753,-0.0271310191601515,0.0269016809761524,0.0660161301493645,-0.026311194524169,0.116095684468746,0.00192584889009595,0.00565351778641343,0.00916659645736217,-0.0223064552992582,-0.0210469011217356,0.00630251364782453,-0.00797978229820728,-0.0111877517774701,0.0809756442904472,0.00404669297859073,-0.0240729507058859,-0.0385707356035709,-0.0133744617924094,0.022605262696743,0.0772694796323776,0.00658443197607994,0.0541388988494873,0.0510661751031876,0.0735165774822235,0.103374898433685,0.092605322599411,0.0145527180284262,0.0648169368505478,0.0866056978702545,0.0740762129426003,0.00928125903010368,0.00717420130968094,0.117356352508068,-0.0348208546638489,-0.0206029247492552,0.0684529021382332,0.153491497039795,-0.0144988130778074,0.123201861977577,-0.0127611896023154,-0.000466562312794849,-0.0164582692086697,-0.0423186644911766,-0.0374462865293026,-0.0130319688469172,-0.0034309565089643,-0.0020288247615099,0.0730602145195007,-0.0112367300316691,-0.0187647771090269,-0.0490866228938103,-0.0224572625011206,0.0259395372122526,0.0918816775083542,-0.00382350012660027,0.0674183145165443,0.0539187043905258,0.0503972992300987,0.0896300375461578,0.07547976821661,0.00433886889368296,0.0356212519109249,0.0547881089150906,0.0581863485276699,-0.0125395720824599,-0.0102333342656493,0.113934710621834,-0.0426404774188995,-0.0264183077961206,0.0509180463850498,0.140612617135048
-0.0129452329128981,-0.000177426263689995,0.0281417053192854,0.00940517522394657,8.17179679870605e-05,0,0.172515854239464,0.0198452901095152,0.0836546272039413,0.0418890044093132,-0.0134686632081866,0.0168624147772789,-0.000694959773682058,-0.019258588552475,0.439841538667679,0.177994623780251,0.0380079858005047,0.0619543083012104,0.0869984105229378,0.0431448929011822,0.142940208315849,0.090063102543354,0.133986234664917,0.229152411222458,0.227186501026154,0.128224611282349,0.327706158161163,0.138723835349083,0.0911530703306198,0.122015796601772,0.300414651632309,0.212285622954369,0.272421330213547,0.0694714412093163,-0.0224020164459944,0.0334015749394894,-0.0091623617336154,0.0717319995164871,0.0913859680294991,0.0940308272838593,0.0640326216816902,0.251849949359894,0.227429449558258,-0.00430453335866332,0.167473167181015,0.0790210291743279,0.24073052406311,-0.0576593168079853,0.0532460249960423,0.157784521579742,0.116554744541645,0.0904621258378029,0.0610218979418278,0.0232532378286123,0.00948796514421701,0.0723212957382202,0.0954797863960266,0.22267173230648,0.123268730938435,0.100788146257401,0.2732053399086,0.148295193910599,0.020352479070425,0.113068915903568,0.278991907835007,0.144613012671471,0.230427101254463,0.0723879411816597,-0.104411743581295,-0.0381910018622875,-0.0812021344900131,0.049150500446558,0.100912846624851,0.0351491905748844,0.0604344494640827,0.208245500922203,0.149769112467766,-0.0792706981301308,0.0701070204377174,0.0476778037846088,0.202370047569275,-0.0957468822598457,0.0539088062942028,0.127173662185669,0.0994326546788216,0.0554234497249126
-0.0978711619973183,-0.0936421006917953,-0.0265683550387621,-0.0168466158211231,-0.0174650438129902,0.172515854239464,0,-0.0118531007319689,-0.0129676936194301,-0.0585941039025784,-0.11840196698904,-0.0534595102071762,-0.0413647852838039,-0.0238131638616323,0.180970832705498,0.261003404855728,-0.0127566130831838,-0.0408357121050358,0.160265147686005,-0.0411361157894135,0.0542230233550072,0.0225138943642378,0.0749767124652863,0.193399965763092,0.0639735758304596,0.130026772618294,-0.0077903401106596,0.0802577957510948,0.0161823220551014,0.0354154780507088,0.160828813910484,0.167919680476189,0.0685192793607712,0.013446869328618,0.0289096590131521,0.0797359794378281,0.0767356753349304,-0.0234736893326044,0.0546933338046074,-0.132261797785759,0.0748630538582802,-0.0483341999351978,-0.00213499506935477,-0.137083396315575,0.067382238805294,0.0333378612995148,0.24678148329258,-0.0557592995464802,0.0392374284565449,0.136205956339836,0.0140286292880774,0.0327640622854233,0.111140184104443,-0.0521846823394299,-0.0582105405628681,0.011527325026691,0.0258228033781052,0.171981990337372,-0.03939388692379,0.0752127021551132,-0.0368072912096977,0.0723719000816345,-0.0264927949756384,0.0344513803720474,0.0916066095232964,0.0895437151193619,0.0543974377214909,0.0224894769489765,-0.0550183169543743,-0.0147096794098616,-0.0250962972640991,-0.043697115033865,0.0654797255992889,-0.14741387963295,0.0815547257661819,-0.070818804204464,-0.0256821196526289,-0.187763407826424,-0.0196796301752329,0.0366353243589401,0.201855301856995,-0.126911550760269,0.028555991128087,0.111560337245464,-0.000531382800545543,-0.00498466892167926
0.0660897046327591,0.0761428996920586,0.146270290017128,0.114486843347549,0.0210968367755413,0.0198452901095152,-0.0118531007319689,0,0.0599653534591198,0.0459679290652275,0.0823116675019264,0.134785547852516,0.10877700150013,0.0152425542473793,0.0348596684634686,0.0062966481782496,0.112874403595924,0.0672043561935425,-0.0430918633937836,0.0911583304405212,-0.0617221817374229,0.0216493792831898,0.00111248204484582,-0.0165671519935131,-0.0535868257284164,-0.0268372055143118,0.048791166394949,0.0188089665025473,0.0235584657639265,0.0111568793654442,0.0602682046592236,-0.0671180933713913,0.0182681102305651,0.0507602766156197,-0.0185182187706232,-0.0830585733056068,-0.073542132973671,0.0517145767807961,0.0261844079941511,0.0730075389146805,0.0197291187942028,0.0384429693222046,0.117307081818581,0.000712225097231567,0.00755177065730095,0.00430391123518348,0.00455165468156338,0.0047952076420188,-0.0088559603318572,4.3453648686409e-05,0.0490904413163662,0.0867642536759377,-0.023010017350316,0.0783249214291573,-0.0381228215992451,0.0277172103524208,-0.00292877573519945,-0.0116591956466436,-0.0255478788167238,-0.00188566476572305,0.062440425157547,0.0329893715679646,0.0362898260354996,0.00544162467122078,0.0634088590741158,-0.0459938161075115,0.00641184765845537,0.0490724705159664,0.00382322375662625,-0.078785240650177,-0.0123787596821785,0.0588844865560532,0.0155657809227705,0.078795999288559,0.038171049207449,0.0542491674423218,0.102467328310013,0.024008896201849,0.0314714722335339,0.00625222735106945,0.0119561636820436,0.0580344013869762,-0.0210750084370375,0.000786692195106298,0.0606421157717705,0.0945256352424622
0.220802411437035,0.232539981603622,0.143013000488281,0.149323835968971,0.0628711208701134,0.0836546272039413,-0.0129676936194301,0.0599653534591198,0,0.232696905732155,0.23981611430645,0.132169634103775,0.139802515506744,0.0523641929030418,0.0661530345678329,-0.0240848772227764,0.0560457147657871,0.202649995684624,-0.0612513497471809,0.178882405161858,-0.0016008191742003,0.0743891298770905,0.0159935038536787,-0.0106821153312922,0.0187151115387678,-0.00487465830519795,0.123388633131981,0.0125187262892723,0.0805550217628479,0.098883830010891,0.0112765645608306,-0.0627371668815613,0.0573796145617962,0.129864722490311,0.0347409397363663,-0.0611236356198788,-0.0141052911058068,0.177205875515938,0.104638680815697,0.20902656018734,0.0730941593647003,0.153092101216316,0.136813893914223,0.117322139441967,0.0774777680635452,0.0483748875558376,-0.00508187059313059,0.124081864953041,-0.0396609492599964,-0.0236713774502277,0.131106734275818,0.195996657013893,-0.0436129793524742,0.181993842124939,0.0378723107278347,0.0676166266202927,0.0270550921559334,-0.0278222169727087,0.0471267178654671,0.0105517758056521,0.146503046154976,0.0105740828439593,0.100872442126274,0.0855475217103958,0.0575615242123604,-0.0255964901298285,0.0288745276629925,0.0794411450624466,0.0886931717395782,-0.0286569334566593,0.038401186466217,0.184644669294357,0.0783556029200554,0.199565038084984,0.0656613558530807,0.175002202391624,0.147609785199165,0.121495857834816,0.125654011964798,0.017170213162899,-0.00658025592565536,0.164667040109634,-0.0385137423872948,-0.0109784165397286,0.131179690361023,0.187975183129311
0.723341464996338,0.360626459121704,0.287403553724289,0.280415922403336,0.108524277806282,0.0418890044093132,-0.0585941039025784,0.0459679290652275,0.232696905732155,0,0.34766811132431,0.292329162359238,0.237971261143684,0.108459383249283,0.0356606356799603,-0.0667818337678909,0.0349709019064903,0.245054364204407,-0.120658941566944,0.254632622003555,0.201519638299942,0.0182482469826937,0.0440091267228127,-0.126678600907326,0.153985604643822,0.199160993099213,0.114712357521057,-0.0726344957947731,0.207447096705437,0.00524942018091679,-0.050820741802454,0.0075133889913559,0.022855194285512,0.19267925620079,0.206353515386581,0.0849740281701088,0.169025331735611,0.139030680060387,0.250832349061966,0.337141692638397,0.269830644130707,0.210860177874565,0.0878569707274437,0.451764643192291,0.249602094292641,0.21827606856823,-0.167324468493462,0.387009471654892,-0.0404749140143394,-0.0136727690696716,0.0405511446297169,0.241809919476509,-0.166561156511307,0.19978740811348,0.113479763269424,0.0118578411638737,0.0186713188886642,-0.13014443218708,0.0844190269708633,0.116789855062962,0.0833823531866074,-0.0411561727523804,0.117312900722027,-0.00330711808055639,-0.0359669961035252,-0.0162238329648972,0.0136449327692389,0.128796204924583,0.172842442989349,0.0443102978169918,0.0688527598977089,0.157408073544502,0.132165268063545,0.292144447565079,0.168191447854042,0.138360604643822,0.0673208683729172,0.261570066213608,0.0992236360907555,0.0808604881167412,-0.133286356925964,0.370848000049591,-0.0566944293677807,-0.0707807764410973,0.0646413117647171,0.214159339666367
0.434464991092682,0.518899977207184,0.286778002977371,0.297143191099167,0.108128018677235,-0.0134686632081866,-0.11840196698904,0.0823116675019264,0.23981611430645,0.34766811132431,0,0.343765437602997,0.320332169532776,0.113205194473267,-0.0257677268236876,-0.126249417662621,0.0983666032552719,0.261982649564743,-0.224101215600967,0.305469155311584,-0.0262379124760628,0.0743151232600212,0.00894378684461117,-0.110595032572746,-0.00780326686799526,-0.0335302539169788,0.13570773601532,0.0540885962545872,0.125815615057945,0.105313703417778,-0.0732892751693726,-0.205936074256897,-0.00292379129678011,0.11431086063385,0.0278283543884754,-0.148055955767632,-0.0631653815507889,0.240292876958847,0.0347287580370903,0.362931966781616,0.0427058227360249,0.196582853794098,0.196877524256706,0.22571873664856,0.0797591954469681,0.0684182792901993,-0.189202472567558,0.221019983291626,-0.0958942249417305,-0.0891287326812744,0.169256627559662,0.275481849908829,-0.173499315977097,0.318666636943817,0.143976002931595,0.0919113606214523,0.000231277197599411,-0.135611891746521,0.130914285778999,-0.0195814669132233,0.190363869071007,0.0379986241459846,0.192876040935516,0.0599597617983818,-0.0146695654839277,-0.0927859842777252,-0.0170713756233454,0.113385938107967,0.2360949665308,-0.00163621490355581,0.150068253278732,0.286167800426483,0.0134426224976778,0.413981944322586,0.078222744166851,0.263337820768356,0.218246653676033,0.325951457023621,0.259142279624939,0.049685712903738,-0.169420570135117,0.315550774335861,-0.0466332472860813,-0.115303605794907,0.170395046472549,0.30187314748764
0.37332671880722,0.277193963527679,0.59265398979187,0.396629273891449,0.124063886702061,0.0168624147772789,-0.0534595102071762,0.134785547852516,0.132169634103775,0.292329162359238,0.343765437602997,0,0.424389898777008,0.0893690809607506,0.0195163022726774,-0.0323348194360733,0.153796777129173,0.158161893486977,-0.101859502494335,0.221727162599564,0.0492188334465027,-0.01869154907763,-0.00857222452759743,-0.0833800584077835,-0.0205932110548019,0.0217361822724342,0.0708339512348175,0.0024080527946353,0.191426008939743,-0.00463759107515216,-0.0633765235543251,-0.154795601963997,-0.044289592653513,0.0361412465572357,0.199968591332436,-0.0493058450520039,0.106931209564209,0.0897897928953171,-0.000872581964358687,0.24222669005394,0.0592985786497593,0.0581491962075233,0.182044357061386,0.252793312072754,0.114101864397526,0.0575519688427448,-0.116769187152386,0.189627662301064,-0.0993484035134315,-0.0766110271215439,0.0747972279787064,0.196701392531395,-0.0419985055923462,0.255904883146286,0.182412594556808,-0.0407640300691128,0.0166694577783346,-0.0974091738462448,0.069722905755043,0.0526268929243088,0.0772380754351616,-0.0126969926059246,0.245575428009033,-0.0343773141503334,-0.00759684666991234,-0.0643505528569221,-0.00531376013532281,0.0426050834357738,0.294997036457062,0.0557051748037338,0.241158604621887,0.0979446843266487,-0.0522968433797359,0.288013756275177,0.08091751486063,0.115870423614979,0.200748831033707,0.306636780500412,0.237573608756065,0.0185647197067738,-0.10069964826107,0.262245923280716,-0.0707686468958855,-0.0655541345477104,0.0692738816142082,0.235721588134766
0.31149622797966,0.266355037689209,0.395252197980881,0.664165496826172,0.188455879688263,-0.000694959773682058,-0.0413647852838039,0.10877700150013,0.139802515506744,0.237971261143684,0.320332169532776,0.424389898777008,0,0.152259841561317,0.00451719481498003,-0.0181689877063036,0.127604573965073,0.166356921195984,-0.0920983031392097,0.294576346874237,-0.0386422984302044,0.0317580513656139,0.0118575245141983,-0.0561619400978088,-0.100796103477478,0.00295233330689371,-0.0122321927919984,0.0351506695151329,0.152310311794281,0.0315790064632893,-0.0759469270706177,-0.180397346615791,-0.0340668261051178,0.159076824784279,0.162449881434441,-0.1069141253829,0.0536842569708824,0.123996704816818,0.0956634432077408,0.240469932556152,0.210979655385017,0.0196131095290184,0.12641516327858,0.175629049539566,0.140805289149284,0.0895654112100601,-0.0668246522545815,0.24335440993309,-0.0987793654203415,-0.0507999137043953,0.122678279876709,0.329507321119308,-0.019243260845542,0.311732053756714,0.0319813899695873,0.0244223177433014,0.00974875409156084,-0.0532173924148083,-0.0476596690714359,0.0236062239855528,0.000348353758454323,0.0346256755292416,0.19825904071331,0.00427978113293648,-0.040204830467701,-0.135201945900917,-0.0168178174644709,0.151438936591148,0.302611351013184,-0.0313565991818905,0.189866065979004,0.140217214822769,0.0997646078467369,0.275011271238327,0.278415381908417,0.0706820040941238,0.14730241894722,0.227071136236191,0.205770969390869,0.081534706056118,-0.026435436680913,0.336244970560074,-0.102725327014923,-0.0600190162658691,0.131805941462517,0.392989248037338
0.118048168718815,0.102294757962227,0.0700148716568947,0.135154262185097,0.0468605384230614,-0.019258588552475,-0.0238131638616323,0.0152425542473793,0.0523641929030418,0.108459383249283,0.113205194473267,0.0893690809607506,0.152259841561317,0,-0.0119167305529118,-0.0307169202715158,0.00729658966884017,0.0960488095879555,-0.0351016186177731,0.136216655373573,-0.0409518331289291,0.0139231942594051,0.0102512892335653,-0.0293206665664911,-0.0296467393636703,-0.0183353666216135,0.010244064964354,-0.0167998149991035,0.0363382436335087,0.00829800963401794,-0.0325900800526142,-0.0622821599245071,-0.00545784365385771,0.0553245395421982,0.0247275177389383,-0.0440343022346497,-0.0100541012361646,0.0551192127168179,0.0566048361361027,0.096809096634388,0.0644719451665878,0.0385665111243725,0.0583651959896088,0.0557844787836075,0.0532063469290733,0.0136746885254979,-0.0239448808133602,0.0890550911426544,-0.0420587174594402,-0.0106967743486166,0.0747056752443314,0.124036826193333,-0.0285837557166815,0.114326246082783,0.00292185787111521,0.0128239030018449,0.000573697441723198,-0.0303097609430552,-0.0061239437200129,-0.00999958533793688,0.0261462852358818,-0.0164878480136395,0.034769881516695,0.0114199016243219,-0.0143615622073412,-0.0348046496510506,-0.00708233937621117,0.0636499226093292,0.0809582397341728,-0.0285599138587713,0.0558611303567886,0.0696816593408585,0.0577162429690361,0.0941762775182724,0.0777993574738503,0.0488106049597263,0.0791410952806473,0.0774328261613846,0.0942160934209824,-1.10995024442673e-05,-0.0214194823056459,0.121247217059135,-0.0307576823979616,-0.0287814494222403,0.065830685198307,0.141319409012794
-0.00266633671708405,-0.0161856543272734,0.0262663438916206,0.00505992351099849,-0.00344166858121753,0.439841538667679,0.180970832705498,0.0348596684634686,0.0661530345678329,0.0356606356799603,-0.0257677268236876,0.0195163022726774,0.00451719481498003,-0.0119167305529118,0,0.219942703843117,0.0408528335392475,0.0576521381735802,0.0681470185518265,0.040497537702322,0.130279913544655,0.0769310891628265,0.117876887321472,0.236608684062958,0.203952178359032,0.124656148254871,0.310104608535767,0.135591313242912,0.0938150361180305,0.104129195213318,0.308648496866226,0.179430663585663,0.267048269510269,0.0729251652956009,-0.0265543684363365,-0.00497536221519113,-0.0346562191843987,0.0560560151934624,0.0774236544966698,0.0776387602090836,0.0666795894503593,0.237411320209503,0.230774268507957,-0.0277812778949738,0.155714616179466,0.073906421661377,0.229587972164154,-0.0661668181419373,0.0314857959747314,0.136980652809143,0.0918737128376961,0.0933340564370155,0.0636803656816483,0.0413626469671726,0.0579305700957775,0.0706868469715118,0.107123397290707,0.237038463354111,0.149953007698059,0.144660994410515,0.290243238210678,0.128269046545029,0.0619156546890736,0.0991527214646339,0.271154791116714,0.160493522882462,0.271404832601547,0.0663096904754639,-0.0720225051045418,-0.0352774150669575,-0.0623646266758442,0.0477536581456661,0.110868327319622,0.0609029605984688,0.0658029839396477,0.228716760873795,0.171957224607468,-0.0554746501147747,0.0950039178133011,0.069854773581028,0.219812721014023,-0.0694544985890388,0.0374743193387985,0.14546799659729,0.095820777118206,0.0843974426388741
-0.106159992516041,-0.112732164561749,-0.030256774276495,-0.0245673041790724,-0.0271310191601515,0.177994623780251,0.261003404855728,0.0062966481782496,-0.0240848772227764,-0.0667818337678909,-0.126249417662621,-0.0323348194360733,-0.0181689877063036,-0.0307169202715158,0.219942703843117,0,0.0191103871911764,-0.0142136216163635,0.117491707205772,-0.0281743183732033,0.0515313744544983,0.0197110828012228,0.0736765041947365,0.184658721089363,0.0415430068969727,0.121388286352158,-0.0134351532906294,0.0388951525092125,0.018110254779458,0.0307152196764946,0.138548612594604,0.125794366002083,0.0967776998877525,0.0178654361516237,0.0123837180435658,0.0447718724608421,0.0533446073532104,-0.0620859526097775,0.045186422765255,-0.117689847946167,0.0815074369311333,-0.0436888337135315,0.00470026023685932,-0.11845925450325,0.04832773655653,0.0382891856133938,0.212940573692322,-0.0563696697354317,0.0353253334760666,0.111081048846245,0.0125218946486712,0.0305307414382696,0.114968940615654,-0.0380009561777115,-0.0206631850451231,0.00459027895703912,0.0420388877391815,0.197074636816978,-0.0155544131994247,0.125172883272171,-0.0365629829466343,0.0376861654222012,-0.00740494811907411,0.0304240398108959,0.1041075065732,0.0869559198617935,0.10055510699749,0.0290128644555807,-0.0193201787769794,-0.0104403262957931,0.0116680860519409,-0.0717788487672806,0.0692600682377815,-0.134656772017479,0.0926635637879372,-0.0663149356842041,-0.0270547773689032,-0.146220266819,-0.0141342673450708,0.0437094457447529,0.223342776298523,-0.0878332108259201,0.0226226188242435,0.138654455542564,0.00222587678581476,0.0241623818874359
0.0467422939836979,0.061051681637764,0.130764529109001,0.105873115360737,0.0269016809761524,0.0380079858005047,-0.0127566130831838,0.112874403595924,0.0560457147657871,0.0349709019064903,0.0983666032552719,0.153796777129173,0.127604573965073,0.00729658966884017,0.0408528335392475,0.0191103871911764,0,0.0743964612483978,-0.0322443321347237,0.093203030526638,-0.0540859624743462,0.0343125835061073,0.0174215771257877,-0.0111402031034231,-0.0262902844697237,-0.0406652502715588,0.0778239071369171,0.0345555357635021,0.0198566038161516,0.0343957468867302,0.0567343607544899,-0.0748859271407127,-0.000640908139757812,0.0325537994503975,-0.0169811490923166,-0.0796066746115685,-0.0574875548481941,0.0491697862744331,0.00595100270584226,0.0656000524759293,-0.00514247315004468,0.064844585955143,0.125660926103592,-0.00535672623664141,0.0159011706709862,0.00390303996391594,0.0100473733618855,-0.0248085483908653,-0.0151032013818622,-0.0142954979091883,0.0439555309712887,0.063909575343132,-0.015088913962245,0.0821872800588608,-0.03739233314991,0.0353402458131313,0.00385050009936094,0.0109377196058631,-0.0252267885953188,-0.0161833595484495,0.061149675399065,0.0298083014786243,0.028975086286664,0.0227850526571274,0.0458534248173237,-0.0502726025879383,0.0160029157996178,0.0400936342775822,-0.00717706559225917,-0.101417168974876,-0.0221359170973301,0.0550189726054668,-0.00191998807713389,0.0778360962867737,-0.000407082930905744,0.0663335770368576,0.12173219025135,0.0226223133504391,0.00958896242082119,0.00689218798652291,0.0171842072159052,0.0219374038279057,-0.020009521394968,-0.0103367920964956,0.0519524775445461,0.0774768367409706
0.27574947476387,0.222258776426315,0.159314349293709,0.157863646745682,0.0660161301493645,0.0619543083012104,-0.0408357121050358,0.0672043561935425,0.202649995684624,0.245054364204407,0.261982649564743,0.158161893486977,0.166356921195984,0.0960488095879555,0.0576521381735802,-0.0142136216163635,0.0743964612483978,0,-0.0662531331181526,0.178435832262039,0.0313303731381893,0.0548494085669518,0.0366573669016361,-0.00395191833376884,0.0481349788606167,0.0290291607379913,0.111732065677643,0.0184801034629345,0.102923065423965,0.0862176492810249,0.00561607675626874,-0.0329523198306561,0.0609905794262886,0.09747014939785,0.0335057936608791,-0.0497709512710571,0.00421489868313074,0.165042370557785,0.0852788314223289,0.198419973254204,0.0678785145282745,0.152337476611137,0.134805500507355,0.137284681200981,0.0837725624442101,0.055165771394968,0.0151427211239934,0.150522470474243,-0.0400342531502247,0.0265126563608646,0.180057138204575,0.201415568590164,-0.0159831959754229,0.191992849111557,0.0981062799692154,0.0689562410116196,0.0227760728448629,-0.00263986876234412,0.0949194803833961,0.0383647903800011,0.140263587236404,0.0246142707765102,0.118160225450993,0.0730065330862999,0.058853454887867,0.00931272003799677,0.0461525321006775,0.114365227520466,0.124601826071739,0.0169697497040033,0.0896629840135574,0.183687418699265,0.0750731974840164,0.212305918335915,0.0844840407371521,0.187893629074097,0.144581452012062,0.162904649972916,0.160570085048676,0.0525210537016392,0.0200550518929958,0.188860476016998,-0.00501140393316746,-0.0055660312063992,0.146677002310753,0.228072062134743
-0.183936923742294,-0.143644094467163,-0.0597988590598106,-0.0889579653739929,-0.026311194524169,0.0869984105229378,0.160265147686005,-0.0430918633937836,-0.0612513497471809,-0.120658941566944,-0.224101215600967,-0.101859502494335,-0.0920983031392097,-0.0351016186177731,0.0681470185518265,0.117491707205772,-0.0322443321347237,-0.0662531331181526,0,-0.0915082022547722,0.2487433552742,0.00729134818539023,0.0415538363158703,0.277664303779602,0.244532540440559,0.286660581827164,-0.143018066883087,0.0922296643257141,0.0571213103830814,0.0507000647485256,0.0471643656492233,0.610247194766998,0.0208783391863108,-0.0649086162447929,0.45659127831459,0.237567394971848,0.525231659412384,-0.0684196129441261,0.0158904679119587,-0.143683359026909,0.0927904099225998,-0.0734297409653664,-0.135989159345627,-0.0426891297101974,0.183687821030617,0.0467037372291088,0.714112222194672,0.163318693637848,0.127542436122894,0.167444929480553,0.145289599895477,0.0789075344800949,0.651740372180939,-0.0877719447016716,0.0449818186461926,-0.0155586805194616,0.0186088625341654,0.238695383071899,0.0611200593411922,0.209835842251778,-0.182410970330238,0.0893536582589149,0.00441440287977457,0.0468747019767761,-0.0272892378270626,0.393165767192841,0.0434875227510929,-0.0356166586279869,0.177054032683372,0.198876723647118,0.24929615855217,-0.104495324194431,0.0768117308616638,-0.211701110005379,0.0754100307822227,-0.145953014492989,-0.120795078575611,-0.115930512547493,0.0497730784118176,0.0282119959592819,0.60048371553421,-0.0177057683467865,0.101263076066971,0.18598099052906,0.152815282344818,0.0386084765195847
0.244941383600235,0.274572759866714,0.216337010264397,0.322816252708435,0.116095684468746,0.0431448929011822,-0.0411361157894135,0.0911583304405212,0.178882405161858,0.254632622003555,0.305469155311584,0.221727162599564,0.294576346874237,0.136216655373573,0.040497537702322,-0.0281743183732033,0.093203030526638,0.178435832262039,-0.0915082022547722,0,-0.0957318469882011,0.158619567751884,0.0524319969117641,0.00230634538456798,-0.114217348396778,0.00302620837464929,-0.000464922719402239,0.020984772592783,0.22408689558506,0.175946250557899,-0.0976968333125114,-0.284751951694489,0.0111814178526402,0.409040123224258,0.220831871032715,-0.2104362398386,0.0268819183111191,0.281188577413559,0.326535642147064,0.421330630779266,0.408097445964813,0.0859072357416153,0.280791848897934,0.290183871984482,0.347031444311142,0.25800883769989,0.0447647459805012,0.405077010393143,-0.143615916371346,-0.0359245873987675,0.29748809337616,0.576375544071198,-0.00873686838895082,0.596971929073334,-0.0941693782806396,0.167642191052437,0.00667499285191298,-0.0186707433313131,-0.117980010807514,0.00331499287858605,0.0498259291052818,0.0249707791954279,0.19623526930809,0.13946832716465,-0.0426581688225269,-0.263121515512466,0.0238344762474298,0.381234854459763,0.316336512565613,-0.224317312240601,0.125311106443405,0.280086874961853,0.277088224887848,0.441668748855591,0.393066614866257,0.153418093919754,0.292162179946899,0.258008658885956,0.299844145774841,0.20279897749424,0.0437974706292152,0.475928574800491,-0.167735084891319,-0.0854868367314339,0.251839697360992,0.572456240653992
0.053226251155138,0.0269960630685091,0.101102001965046,-0.0380618050694466,0.00192584889009595,0.142940208315849,0.0542230233550072,-0.0617221817374229,-0.0016008191742003,0.201519638299942,-0.0262379124760628,0.0492188334465027,-0.0386422984302044,-0.0409518331289291,0.130279913544655,0.0515313744544983,-0.0540859624743462,0.0313303731381893,0.2487433552742,-0.0957318469882011,0,-0.133837506175041,0.0665414184331894,0.20040825009346,0.694495677947998,0.552408695220947,0.181089907884598,-0.0270044375211,0.297591418027878,-0.0798452496528625,0.105835303664207,0.492451876401901,0.161808624863625,-0.104949258267879,0.55342161655426,0.47889307141304,0.546017229557037,-0.122604534029961,-0.0367688052356243,0.130295142531395,0.129805505275726,0.298989117145538,-0.0292197726666927,0.664467573165894,0.380053251981735,0.367291420698166,0.0704438611865044,0.440843284130096,0.0263278819620609,0.00993332918733358,-0.00616055587306619,-0.0219884291291237,0.0701670348644257,-0.0953191295266151,0.656857788562775,-0.185195431113243,0.065954215824604,0.134836614131927,0.522029042243958,0.328938812017441,0.0565626434981823,0.00990471616387367,0.120522752404213,-0.0735807344317436,0.0639409869909286,0.345067143440247,0.123892858624458,-0.0751705318689346,0.3115054666996,0.387984991073608,0.265494853258133,-0.123377054929733,-0.00455662421882153,0.01274099573493,0.0712671205401421,0.161933332681656,-0.109337821602821,0.28558886051178,0.117133468389511,0.17552587389946,0.0672039389610291,0.136311948299408,0.0771049559116364,0.020555192604661,0.000318247359246016,-0.0685545057058334
-0.0235660504549742,0.0998450964689255,0.00618941430002451,0.0378464311361313,0.00565351778641343,0.090063102543354,0.0225138943642378,0.0216493792831898,0.0743891298770905,0.0182482469826937,0.0743151232600212,-0.01869154907763,0.0317580513656139,0.0139231942594051,0.0769310891628265,0.0197110828012228,0.0343125835061073,0.0548494085669518,0.00729134818539023,0.158619567751884,-0.133837506175041,0,0.0170633029192686,0.288025081157684,0.0686520263552666,-0.131866112351418,0.129767581820488,0.171594366431236,0.0385648421943188,0.912784457206726,0.0207370258867741,-0.149503901600838,0.176987588405609,0.350953429937363,-0.0771495848894119,-0.168026968836784,-0.136054277420044,0.868735492229462,0.280205488204956,0.0670429766178131,0.238923192024231,0.302498877048492,0.0788551345467567,-0.0172635745257139,0.0834308192133904,0.655142664909363,0.15003177523613,0.0171145386993885,-0.0335908122360706,0.0227866563946009,0.18427237868309,0.219562277197838,0.0617168992757797,0.147469475865364,-0.240210011601448,0.970993757247925,0.000929322734009475,0.320329606533051,-0.0412586964666843,-0.0831640809774399,0.175458505749702,0.232053816318512,-0.0112224342301488,0.899267435073853,-0.00413512298837304,-0.189184918999672,0.170522019267082,0.317365169525146,-0.130122929811478,-0.238555639982224,-0.170365080237389,0.82263970375061,0.327734768390656,0.0545682422816753,0.251925557851791,0.326180815696716,0.0863580778241158,-0.0898832455277443,-0.0079018035903573,0.593234658241272,0.138799995183945,0.0285551622509956,-0.066342405974865,0.0221404060721397,0.154852226376534,0.190985262393951
0.0172307323664427,0.0151876313611865,0.00990305934101343,0.00939545687288046,0.00916659645736217,0.133986234664917,0.0749767124652863,0.00111248204484582,0.0159935038536787,0.0440091267228127,0.00894378684461117,-0.00857222452759743,0.0118575245141983,0.0102512892335653,0.117876887321472,0.0736765041947365,0.0174215771257877,0.0366573669016361,0.0415538363158703,0.0524319969117641,0.0665414184331894,0.0170633029192686,0,0.160811513662338,0.110518798232079,0.136781558394432,0.0581703521311283,0.0372111164033413,0.0958928540349007,0.0452276170253754,0.0947455167770386,0.108834266662598,0.0998500734567642,0.0275221560150385,0.0649959295988083,0.0362739451229572,0.0678392499685287,0.0210079476237297,0.0452698431909084,0.0404441654682159,0.0520970821380615,0.0429347604513168,0.0684318840503693,0.0409670993685722,0.0753732025623322,0.089006319642067,0.118345774710178,0.0571550093591213,0.0308626480400562,0.104395024478436,0.0524452514946461,0.102189555764198,0.0223881714046001,0.023030012845993,0.0372950620949268,0.00599071523174644,0.0497237779200077,0.138816833496094,0.073006808757782,0.114772044122219,0.056910801678896,0.0263596568256617,0.0599047057330608,0.0416564457118511,0.0921173021197319,0.0756197050213814,0.0867778137326241,0.00136411481071264,0.0548614077270031,0.0118832653388381,0.040587592869997,0.0112696047872305,0.0365392044186592,0.0338611863553524,0.0446858480572701,0.061734352260828,0.0391573719680309,-0.0038218810223043,0.0502370223402977,0.0763734579086304,0.0835272967815399,0.0329328402876854,0.0222577415406704,0.0530348867177963,0.0286535583436489,0.087745800614357
-0.0877213701605797,-0.0920609086751938,-0.0599104911088943,-0.0470971390604973,-0.0223064552992582,0.229152411222458,0.193399965763092,-0.0165671519935131,-0.0106821153312922,-0.126678600907326,-0.110595032572746,-0.0833800584077835,-0.0561619400978088,-0.0293206665664911,0.236608684062958,0.184658721089363,-0.0111402031034231,-0.00395191833376884,0.277664303779602,0.00230634538456798,0.20040825009346,0.288025081157684,0.160811513662338,0,0.345746070146561,0.381234586238861,0.0660820603370667,0.553317189216614,0.0984724164009094,0.498684495687485,0.18391777575016,0.232128828763962,0.34521946310997,0.0672028437256813,0.134402185678482,0.0578239373862743,0.105966344475746,0.239801317453384,0.075262576341629,-0.083626389503479,0.114949077367783,0.0768324136734009,0.0340979285538197,-0.0280633606016636,0.085667297244072,0.495060354471207,0.362635940313339,0.000464282900793478,0.0633171945810318,0.166285648941994,0.109124734997749,0.125373274087906,0.284954279661179,0.0219394247978926,0.0585565529763699,0.257249772548676,0.118005663156509,0.825289011001587,0.225948959589005,0.384406387805939,0.0669445618987083,0.519421517848969,0.072805218398571,0.502518534660339,0.150422796607018,0.222779333591461,0.359640121459961,0.08387790620327,0.101915754377842,-0.00674226507544518,0.135955572128296,0.164307549595833,0.13913993537426,-0.0722096487879753,0.15063239634037,0.127553075551987,0.0329420529305935,-0.0653113946318626,0.0448903664946556,0.486496090888977,0.297116607427597,-0.0230404436588287,0.0630454048514366,0.153136402368546,0.0825272276997566,0.0790394991636276
