0 0.33069 0.28139 0.30065 0.079762 0.00095509 -0.099245 0.056469 0.20874 0.7122 0.42329 0.3714 0.31036 0.10337 0.00063545 -0.096103 0.043736 0.26666 -0.16202 0.2624 0.13307 -0.035386 0.024054 -0.099976 0.11019 0.15994 0.10156 -0.026163 0.22243 -0.028514 -0.14834 -0.072718 0.02376 0.12901 0.12053 -0.019751 0.0681 0.13657 0.0036255 0.40128 0.065056 0.20625 0.12297 0.43652 0.1172 0.12104 -0.17687 0.39573 -0.090925 -0.041655 0.058317 0.24322 -0.022115 0.31606 0.44614 -0.028442 0.037695 -0.13166 0.3874 0.23922 0.19615 -0.039347 0.34795 -0.087542 -0.014822 0.14758 0.013426 0.14738 0.43419 0.22704 0.32655 0.14069 0.014897 0.48187 0.15953 0.32408 0.20966 0.61649 0.44809 0.11638 -0.12903 0.55473 -0.0054829 -0.074744 0.052122 0.30133
0.33069 0 0.24582 0.25695 0.11348 0.011491 -0.094012 0.06852 0.21929 0.34347 0.48712 0.25822 0.24603 0.094494 -0.0037744 -0.10553 0.051893 0.21636 -0.13429 0.25776 0.060545 0.09125 0.021009 -0.10253 0.056232 0.028826 0.13033 0.058821 0.1521 0.11426 -0.032787 -0.11155 -0.00021615 0.13711 0.10474 -0.05261 0.0096701 0.24105 0.074903 0.33294 0.06987 0.18067 0.16754 0.22975 0.17412 0.090061 -0.14499 0.21879 -0.057409 -0.055703 0.15483 0.25647 -0.13285 0.24686 0.089767 0.085178 0.0030533 -0.12846 0.080018 -0.028157 0.12704 0.050081 0.12289 0.058476 -0.016683 -0.094468 -0.024777 0.07744 0.15693 -0.0048148 0.081578 0.26167 0.024329 0.30348 0.061979 0.17492 0.15263 0.20669 0.17585 0.016558 -0.15557 0.20766 -0.048822 -0.075935 0.13568 0.24689
0.28139 0.24582 0 0.37648 0.10975 0.032928 -0.041925 0.13661 0.13821 0.30498 0.27562 0.56102 0.37391 0.057392 0.028117 -0.027231 0.11463 0.15433 -0.059088 0.23628 0.10735 0.027233 0.015728 -0.055594 0.034402 0.04689 0.081229 0.014189 0.1962 0.03389 -0.012846 -0.076074 -0.038344 0.055685 0.21617 0.0017918 0.1274 0.11932 -0.026247 0.22384 0.059643 0.077049 0.20684 0.25213 0.20231 0.052775 -0.090794 0.19142 -0.065296 -0.048454 0.082354 0.1762 -0.045357 0.20609 0.11976 0.0057577 0.026603 -0.078865 0.035425 0.020357 0.06842 0.027389 0.1671 -0.007295 0.0051 -0.073248 -0.034099 0.02834 0.20471 -0.0098565 0.14832 0.11982 -0.038782 0.22431 0.077248 0.07217 0.1529 0.19028 0.1728 0.0027892 -0.089387 0.19591 -0.074388 -0.05742 0.08301 0.18037
0.30065 0.25695 0.37648 0 0.20259 0.013509 -0.018045 0.11194 0.14282 0.27249 0.27713 0.36381 0.61078 0.12673 -0.0005048 -0.015603 0.095186 0.15257 -0.08532 0.31955 -0.029288 0.052849 0.015186 -0.032022 -0.098813 0.032336 -0.010728 0.0223 0.16793 0.046395 -0.034385 -0.15835 -0.022573 0.16966 0.17545 -0.082639 0.070178 0.13895 0.11536 0.24017 0.24039 0.032762 0.1583 0.17923 0.17569 0.10413 -0.062675 0.25101 -0.08799 -0.020063 0.10583 0.32969 -0.047888 0.31036 0.034304 0.046509 0.0046471 -0.045816 -0.041779 -0.0048382 0.026795 0.037631 0.15746 0.0171 -0.018378 -0.14534 0.00038764 0.13602 0.25155 -0.0423 0.15911 0.14465 0.063165 0.2706 0.23931 0.080582 0.15908 0.20282 0.19508 0.081423 -0.074987 0.29834 -0.085495 -0.061258 0.11271 0.34721
0.079762 0.11348 0.10975 0.20259 0 0.010619 -0.018536 0.024159 0.056256 0.092737 0.10134 0.11543 0.1775 0.032997 -0.00072381 -0.015754 0.032871 0.057483 -0.0284 0.10945 0.0064972 0.0075757 0.0068886 -0.0083386 -0.012597 0.01954 -0.0087657 -0.0033263 0.079224 0.01192 -0.018862 -0.030528 -0.0044768 0.016363 0.06623 0.008597 0.053212 0.050143 0.043628 0.099982 0.077296 0.0086446 0.072928 0.075999 0.072433 0.010905 -0.0021513 0.10911 -0.032179 -0.017383 0.056898 0.13938 -0.022743 0.11574 -0.014863 -0.0013928 -0.015909 -0.037365 -0.032862 -0.013632 -0.0015932 0.0040054 0.061015 -0.010461 -0.018818 -0.050823 -0.022323 0.025705 0.072498 -0.003705 0.057171 0.052631 0.028675 0.07797 0.065548 -0.0066535 0.035528 0.046099 0.048628 -0.012076 -0.027322 0.1005 -0.039472 -0.031492 0.04036 0.12883
0.00095509 0.011491 0.032928 0.013509 0.010619 0 0.15711 0.022237 0.07957 0.054914 -0.0079612 0.019507 0.0024171 -0.02433 0.41532 0.1657 0.027789 0.05649 0.10877 0.042637 0.15409 0.085188 0.11326 0.2119 0.22998 0.11624 0.32289 0.13121 0.08949 0.11878 0.28085 0.18832 0.26289 0.04746 -0.0082671 0.043988 -0.0026105 0.076529 0.074917 0.066826 0.051495 0.2588 0.20724 -0.0055095 0.14891 0.078828 0.23269 -0.078008 0.044813 0.13392 0.1098 0.075702 0.063533 0.014788 0.040749 0.06842 0.097657 0.20869 0.13045 0.083426 0.26643 0.13693 0.031403 0.11609 0.25049 0.13213 0.21163 0.051361 -0.069474 -0.005833 -0.052449 0.056137 0.082487 0.027873 0.040503 0.21187 0.13844 -0.070733 0.07642 0.050683 0.19297 -0.1108 0.054104 0.11777 0.085208 0.043611
-0.099245 -0.094012 -0.041925 -0.018045 -0.018536 0.15711 0 -0.0062551 -0.01179 -0.063774 -0.12073 -0.05654 -0.042418 -0.028842 0.16246 0.24971 -0.011096 -0.041309 0.16304 -0.052423 0.033569 0.012327 0.064853 0.18065 0.061503 0.12943 -0.016681 0.070637 -0.0053086 0.0298 0.16059 0.17431 0.054507 -0.0039502 0.022673 0.084269 0.070151 -0.03861 0.051429 -0.13947 0.075914 -0.05467 -0.016221 -0.15283 0.05615 0.036398 0.23779 -0.075591 0.055456 0.12782 -2.0564e-06 0.015366 0.10771 -0.060445 -0.057704 0.004166 0.026404 0.17094 -0.042066 0.086119 -0.048767 0.064971 -0.035316 0.031725 0.082783 0.092713 0.042605 0.0037523 -0.054184 -0.00029805 -0.018648 -0.05238 0.062329 -0.14861 0.076992 -0.075191 -0.034748 -0.19482 -0.014645 0.04468 0.19173 -0.14147 0.037311 0.11049 -0.010958 -0.02594
0.056469 0.06852 0.13661 0.11194 0.024159 0.022237 -0.0062551 0 0.060866 0.045339 0.069468 0.12121 0.1075 0.020648 0.033294 0.01126 0.087479 0.064226 -0.045515 0.10003 -0.05674 0.027372 -0.00058516 -0.022749 -0.063793 -0.026836 0.042478 0.011947 0.018491 0.016159 0.061512 -0.069057 0.01833 0.045307 -0.02151 -0.079814 -0.069095 0.053099 0.017039 0.059729 0.020242 0.029706 0.11883 -0.0055325 0.010324 0.0019575 -0.0027868 -0.0062592 -0.0071091 -0.00016952 0.034038 0.075035 -0.021409 0.071293 -0.046348 0.03167 -0.0043963 -0.016177 -0.039457 -0.0073339 0.055596 0.029815 0.029248 0.010185 0.061859 -0.056361 0.010367 0.043838 -0.011647 -0.088305 -0.014758 0.05634 0.0078574 0.066824 0.037576 0.047909 0.097646 0.0069295 0.020945 -0.00057086 0.0075427 0.045952 -0.019018 0.0018726 0.053934 0.086949
0.20874 0.21929 0.13821 0.14282 0.056256 0.07957 -0.01179 0.060866 0 0.21474 0.22433 0.12559 0.13882 0.036229 0.053318 -0.018368 0.049736 0.18562 -0.05755 0.16745 0.017414 0.060701 0.018654 -0.01715 0.022436 0.003759 0.10928 0.019047 0.08134 0.076215 0.010103 -0.047591 0.050127 0.09313 0.040998 -0.038635 -0.002313 0.16083 0.072016 0.18998 0.061587 0.13437 0.12856 0.11825 0.086392 0.041509 -0.01511 0.11834 -0.039356 -0.02028 0.10919 0.16557 -0.02893 0.17008 0.050332 0.046426 0.02541 -0.034785 0.054716 0.015699 0.12988 0.012018 0.092865 0.055844 0.049733 -0.01884 0.017216 0.072904 0.096204 -0.017098 0.049749 0.16053 0.056214 0.18373 0.065623 0.1529 0.1333 0.12396 0.12688 0.0032356 -0.013684 0.15518 -0.038245 -0.0070198 0.10101 0.17043
0.7122 0.34347 0.30498 0.27249 0.092737 0.054914 -0.063774 0.045339 0.21474 0 0.3381 0.30836 0.23246 0.085214 0.033611 -0.072863 0.031471 0.23429 -0.077982 0.24784 0.30012 -0.004614 0.046893 -0.1633 0.25608 0.22294 0.12409 -0.099014 0.22897 -0.013034 -0.03183 0.070022 0.0098529 0.17725 0.26919 0.15981 0.2359 0.15157 0.18359 0.33829 0.25127 0.21459 0.10365 0.49347 0.34755 0.19469 -0.15912 0.41051 -0.023927 0.00225 0.03584 0.21893 -0.13594 0.19805 0.17555 -0.0184 0.021925 -0.16614 0.14045 0.11059 0.072115 -0.067657 0.13164 -0.042516 -0.036636 0.006902 0.0046346 0.11648 0.22582 0.11211 0.11997 0.14631 0.077762 0.27465 0.14711 0.11008 0.059688 0.28028 0.15263 0.021654 -0.13798 0.35187 -0.052001 -0.071055 0.045493 0.19973
0.42329 0.48712 0.27562 0.27713 0.10134 -0.0079612 -0.12073 0.069468 0.22433 0.3381 0 0.3234 0.29768 0.098605 -0.019706 -0.1207 0.089609 0.25518 -0.19504 0.2937 0.016915 0.07514 0.0080754 -0.11679 0.011465 -0.022287 0.12928 0.036714 0.13097 0.093258 -0.062357 -0.17517 0.0032197 0.11341 0.047103 -0.12021 -0.037927 0.23637 0.022094 0.34041 0.043024 0.19276 0.19686 0.229 0.10657 0.058776 -0.18559 0.22597 -0.095174 -0.076576 0.16499 0.25313 -0.13776 0.3106 0.18387 0.080704 0.0051106 -0.14392 0.16207 -0.0040203 0.19274 0.025555 0.1899 0.040293 -0.015083 -0.069669 -0.013245 0.11238 0.25143 0.019162 0.15012 0.27686 -0.0073132 0.39671 0.081662 0.25578 0.20943 0.32696 0.27164 0.028911 -0.15824 0.31513 -0.040414 -0.10277 0.16607 0.29364
0.3714 0.25822 0.56102 0.36381 0.11543 0.019507 -0.05654 0.12121 0.12559 0.30836 0.3234 0 0.4008 0.076718 0.028482 -0.02822 0.13413 0.14828 -0.090481 0.23642 0.079481 -0.002632 -0.0020842 -0.078519 0.01215 0.040405 0.075723 0.0075956 0.18627 0.014649 -0.046272 -0.1299 -0.043348 0.046386 0.19617 -0.028281 0.11322 0.11236 -0.017752 0.24541 0.053922 0.069856 0.18943 0.2528 0.1356 0.0664 -0.11118 0.20602 -0.097682 -0.065654 0.071526 0.18509 -0.036958 0.26408 0.20685 -0.035527 0.01099 -0.085276 0.10447 0.062805 0.088527 0.0036939 0.23875 -0.030518 0.0058184 -0.039688 -0.0096068 0.047758 0.29695 0.072704 0.2396 0.1105 -0.0651 0.29221 0.071555 0.12213 0.20768 0.29872 0.25752 0.016096 -0.10086 0.26602 -0.063779 -0.05472 0.066427 0.22934
0.31036 0.24603 0.37391 0.61078 0.1775 0.0024171 -0.042418 0.1075 0.13882 0.23246 0.29768 0.4008 0 0.14891 0.0095225 -0.014567 0.12348 0.15742 -0.085502 0.31442 -0.028874 0.057874 0.020058 -0.042661 -0.10219 0.016959 -0.026608 0.03731 0.15349 0.051312 -0.063636 -0.15861 -0.01506 0.13902 0.15115 -0.096325 0.064455 0.14221 0.042953 0.24893 0.18355 0.013005 0.13947 0.16034 0.14616 0.096199 -0.079428 0.23594 -0.092096 -0.042427 0.10562 0.30952 -0.021066 0.31634 0.041735 0.041347 0.0067992 -0.035666 -0.039662 0.033904 0.0056096 0.048582 0.18797 0.022911 -0.027404 -0.12985 -0.018856 0.12307 0.26814 -0.04185 0.17978 0.15343 0.04815 0.2784 0.25053 0.074095 0.16204 0.21997 0.19899 0.088105 -0.044969 0.31615 -0.10311 -0.062467 0.11806 0.37536
0.10337 0.094494 0.057392 0.12673 0.032997 -0.02433 -0.028842 0.020648 0.036229 0.085214 0.098605 0.076718 0.14891 0 -0.012619 -0.029784 0.015753 0.10288 -0.02916 0.13077 -0.033398 0.021007 0.0094771 -0.026491 -0.031948 -0.015377 0.0019141 -0.015335 0.032246 0.0076168 -0.025423 -0.04887 -0.0039418 0.045958 0.019792 -0.039133 -0.0079193 0.047531 0.033457 0.082844 0.051262 0.030613 0.064574 0.036286 0.046242 0.010492 -0.031679 0.081129 -0.041239 -0.005554 0.06191 0.1037 -0.021492 0.11011 0.011662 0.012302 -0.0066727 -0.023667 -0.00022969 -0.0083304 0.025533 -0.010047 0.027776 0.0074487 -0.016901 -0.021102 -0.0055458 0.058599 0.071322 -0.024596 0.051328 0.060258 0.045625 0.085674 0.065253 0.042009 0.080344 0.069326 0.087329 -0.0041773 -0.022623 0.10817 -0.021756 -0.025707 0.05172 0.12995
0.00063545 -0.0037744 0.028117 -0.0005048 -0.00072381 0.41532 0.16246 0.033294 0.053318 0.033611 -0.019706 0.028482 0.0095225 -0.012619 0 0.21718 0.054028 0.052977 0.071977 0.031469 0.12625 0.07727 0.10042 0.21099 0.18931 0.09742 0.29664 0.12643 0.083752 0.10473 0.28717 0.14874 0.25054 0.057039 -0.032842 -0.00092473 -0.03898 0.0624 0.071928 0.061523 0.060959 0.2409 0.20066 -0.038031 0.13259 0.084221 0.21317 -0.10089 0.030771 0.11133 0.08178 0.076013 0.056833 0.029741 0.069591 0.075801 0.098081 0.22672 0.14012 0.13022 0.2811 0.12863 0.066718 0.10216 0.24425 0.13424 0.26136 0.041682 -0.045745 -0.0095194 -0.04929 0.058559 0.10238 0.039842 0.050701 0.22845 0.16032 -0.051958 0.10252 0.082818 0.21182 -0.089597 0.032279 0.142 0.081244 0.059687
-0.096103 -0.10553 -0.027231 -0.015603 -0.015754 0.1657 0.24971 0.01126 -0.018368 -0.072863 -0.1207 -0.02822 -0.014567 -0.029784 0.21718 0 0.027869 -0.01276 0.12273 -0.027959 0.030497 0.024296 0.060696 0.18569 0.030487 0.10454 -0.013672 0.039272 -7.5596e-05 0.043562 0.13011 0.11647 0.096154 0.0019582 0.012251 0.029952 0.04121 -0.056391 0.05194 -0.11268 0.085877 -0.036094 -0.001494 -0.12686 0.0355 0.041789 0.21579 -0.075043 0.03389 0.1025 0.011688 0.032195 0.11961 -0.019318 -0.011898 0.014784 0.042942 0.20041 -0.015897 0.11939 -0.039482 0.039884 0.00014944 0.042356 0.099312 0.089086 0.097838 0.018053 -0.011747 -0.003751 0.027097 -0.066902 0.078919 -0.12563 0.09554 -0.04305 -0.02938 -0.14197 0.0041488 0.054022 0.23423 -0.087573 0.023682 0.14096 0.001928 0.02528
0.043736 0.051893 0.11463 0.095186 0.032871 0.027789 -0.011096 0.087479 0.049736 0.031471 0.089609 0.13413 0.12348 0.015753 0.054028 0.027869 0 0.065223 -0.028099 0.095272 -0.049656 0.038548 0.015356 -0.009394 -0.033294 -0.044076 0.070854 0.031396 0.011298 0.040768 0.068263 -0.067959 0.002751 0.031902 -0.028774 -0.079462 -0.055616 0.048848 0.012676 0.055588 0.0041025 0.064202 0.12594 -0.0212 0.015474 0.010725 0.010334 -0.031753 -0.009925 -0.019003 0.03305 0.057397 -0.012116 0.080356 -0.03427 0.048107 0.0012034 0.011514 -0.030994 -0.01729 0.059832 0.030228 0.017365 0.028415 0.051191 -0.049484 0.018816 0.048249 -0.023223 -0.099325 -0.024063 0.056961 0.0046929 0.069799 0.016095 0.069662 0.11796 0.0049113 0.010028 0.011375 0.020692 0.016861 -0.0098467 -0.0095097 0.04518 0.073111
0.26666 0.21636 0.15433 0.15257 0.057483 0.05649 -0.041309 0.064226 0.18562 0.23429 0.25518 0.14828 0.15742 0.10288 0.052977 -0.01276 0.065223 0 -0.055933 0.17097 0.056068 0.04722 0.031544 -0.016102 0.059695 0.02037 0.10305 0.0098977 0.092024 0.074831 0.0053151 -0.024598 0.055631 0.083905 0.036101 -0.036277 0.0029299 0.16031 0.06592 0.17656 0.05777 0.15474 0.12381 0.12811 0.086621 0.046686 0.0026661 0.14128 -0.039611 0.022353 0.15022 0.18319 -0.002689 0.17792 0.12396 0.054275 0.020965 -0.017376 0.12111 0.031075 0.13932 0.019465 0.11462 0.048534 0.060633 0.02511 0.040506 0.09271 0.12545 0.036833 0.092524 0.17115 0.056515 0.19214 0.073221 0.1887 0.1439 0.16599 0.17694 0.036411 0.019444 0.17304 0.016387 -0.0045547 0.13549 0.21322
-0.16202 -0.13429 -0.059088 -0.08532 -0.0284 0.10877 0.16304 -0.045515 -0.05755 -0.077982 -0.19504 -0.090481 -0.085502 -0.02916 0.071977 0.12273 -0.028099 -0.055933 0 -0.10546 0.23108 0.032776 0.04428 0.30331 0.27289 0.2935 -0.11524 0.11496 0.038151 0.090257 0.054507 0.61914 0.036354 -0.059617 0.44663 0.20756 0.48196 -0.057049 0.036197 -0.16313 0.11537 -0.036241 -0.11374 -0.031055 0.20272 0.096303 0.71487 0.13311 0.14396 0.17131 0.13045 0.058149 0.63682 -0.093096 0.075475 0.0212 0.024303 0.26648 0.071315 0.21994 -0.16074 0.10731 0.0044544 0.086016 -0.0063761 0.42503 0.057782 -0.022247 0.18316 0.20172 0.26117 -0.099028 0.091203 -0.21817 0.10388 -0.098735 -0.11846 -0.10075 0.087174 0.065146 0.59853 -0.035514 0.098751 0.18209 0.13638 0.028291
0.2624 0.25776 0.23628 0.31955 0.10945 0.042637 -0.052423 0.10003 0.16745 0.24784 0.2937 0.23642 0.31442 0.13077 0.031469 -0.027959 0.095272 0.17097 -0.10546 0 -0.082977 0.16174 0.049949 0.0078269 -0.16143 0.016287 0.002008 0.03143 0.25642 0.17282 -0.082179 -0.30694 0.013349 0.33932 0.20653 -0.20763 0.0035071 0.27646 0.21371 0.43447 0.34367 0.075062 0.31856 0.28246 0.31807 0.24466 0.0034875 0.38367 -0.17125 -0.041689 0.26604 0.54729 0.013423 0.58841 -0.057614 0.17098 0.00079294 -0.017007 -0.1291 0.017701 0.060581 0.036771 0.21066 0.12972 -0.041797 -0.29233 0.014478 0.31334 0.27149 -0.2347 0.14598 0.28474 0.17451 0.44656 0.35107 0.14725 0.31136 0.27054 0.27628 0.19255 0.0079013 0.45364 -0.18805 -0.09791 0.22457 0.55017
0.13307 0.060545 0.10735 -0.029288 0.0064972 0.15409 0.033569 -0.05674 0.017414 0.30012 0.016915 0.079481 -0.028874 -0.033398 0.12625 0.030497 -0.049656 0.056068 0.23108 -0.082977 0 -0.11488 0.063689 0.1994 0.74718 0.52888 0.21451 0.0086568 0.27011 -0.050659 0.073508 0.44938 0.15956 -0.086361 0.531 0.51744 0.54935 -0.056746 -0.038342 0.12838 0.089191 0.33819 -0.037317 0.67437 0.42141 0.38938 0.075532 0.45871 0.038845 0.012062 0.016203 0.0026427 0.064091 -0.070722 0.65754 -0.13928 0.062505 0.13533 0.51995 0.2988 0.094131 0.046794 0.13227 -0.042454 0.054002 0.30195 0.12755 -0.067372 0.39671 0.43751 0.27412 -0.07406 0.0075012 0.01173 0.054268 0.17241 -0.10715 0.3026 0.15233 0.18498 0.059549 0.17519 0.10334 0.00026263 0.025525 -0.034738
-0.035386 0.09125 0.027233 0.052849 0.0075757 0.085188 0.012327 0.027372 0.060701 -0.004614 0.07514 -0.002632 0.057874 0.021007 0.07727 0.024296 0.038548 0.04722 0.032776 0.16174 -0.11488 0 -0.0019073 0.23468 -0.0133 -0.13214 0.12332 0.12598 0.063278 0.88125 0.020006 -0.14329 0.16676 0.32844 -0.053575 -0.17023 -0.1395 0.81763 0.27932 0.078442 0.25123 0.31048 0.10933 0.014137 0.086819 0.60312 0.16365 0.026734 -0.029288 0.010263 0.19762 0.22421 0.093127 0.14525 -0.17973 0.954 -0.005104 0.23927 -0.075153 -0.10201 0.17237 0.17305 0.0066347 0.86213 0.019268 -0.15565 0.14896 0.30119 -0.11588 -0.22948 -0.12413 0.77817 0.31905 0.069806 0.26087 0.32387 0.10645 -0.040227 0.027102 0.51225 0.1827 0.044354 -0.070933 0.015049 0.16229 0.2052
0.024054 0.021009 0.015728 0.015186 0.0068886 0.11326 0.064853 -0.00058516 0.018654 0.046893 0.0080754 -0.0020842 0.020058 0.0094771 0.10042 0.060696 0.015356 0.031544 0.04428 0.049949 0.063689 -0.0019073 0 0.1417 0.09365 0.11688 0.043334 0.021779 0.086753 0.024647 0.083047 0.10197 0.088549 0.024929 0.06967 0.044183 0.07908 0.014303 0.038269 0.034318 0.054929 0.020298 0.052507 0.040011 0.079676 0.068733 0.11222 0.054574 0.023082 0.090482 0.047701 0.099185 0.025101 0.029204 0.045453 -0.0052755 0.047991 0.12019 0.064549 0.11343 0.035675 0.0077567 0.060452 0.026018 0.071899 0.0718 0.06525 -0.0078995 0.071181 0.037266 0.052543 0.0026735 0.027586 0.024488 0.044718 0.036257 0.032065 0.0092669 0.060897 0.059625 0.073836 0.031305 0.020802 0.055254 0.030586 0.080587
-0.099976 -0.10253 -0.055594 -0.032022 -0.0083386 0.2119 0.18065 -0.022749 -0.01715 -0.1633 -0.11679 -0.078519 -0.042661 -0.026491 0.21099 0.18569 -0.009394 -0.016102 0.30331 0.0078269 0.1994 0.23468 0.1417 0 0.22539 0.35331 0.028054 0.48843 0.092698 0.44168 0.14029 0.19119 0.32904 0.051978 0.13244 0.038693 0.10559 0.15326 0.099822 -0.097108 0.13553 0.043412 0.03201 -0.014706 0.056181 0.45366 0.38465 0.016116 0.048458 0.14116 0.12787 0.15042 0.31226 0.030572 0.1066 0.23195 0.11508 0.79309 0.15587 0.34729 0.040861 0.45938 0.087143 0.46734 0.13881 0.20756 0.32276 0.075387 0.13406 0.035811 0.16757 0.083568 0.15913 -0.060836 0.15537 0.10601 0.033859 -0.018659 0.076512 0.4377 0.32811 -0.014969 0.046182 0.14035 0.083788 0.11293
0.11019 0.056232 0.034402 -0.098813 -0.012597 0.22998 0.061503 -0.063793 0.022436 0.25608 0.011465 0.01215 -0.10219 -0.031948 0.18931 0.030487 -0.033294 0.059695 0.27289 -0.16143 0.74718 -0.0133 0.09365 0.22539 0 0.48023 0.45867 0.091246 0.16804 0.057356 0.2154 0.63314 0.34578 -0.072707 0.30033 0.45507 0.3447 0.0063285 -0.087615 0.1151 -0.11414 0.60376 0.032882 0.54785 0.35191 0.29598 0.12155 0.23323 0.1417 0.089396 0.014601 -0.080531 0.12284 -0.15766 0.54382 -0.051323 0.05861 0.13547 0.73805 0.29755 0.34217 0.065234 0.073878 0.051858 0.18701 0.53519 0.28371 -0.088856 0.23393 0.38865 0.18811 -0.026492 -0.060265 -0.0042366 -0.14176 0.40942 -0.025545 0.22911 0.18632 0.09018 0.087317 0.028699 0.25384 0.10874 0.014128 -0.12106
0.15994 0.028826 0.04689 0.032336 0.01954 0.11624 0.12943 -0.026836 0.003759 0.22294 -0.022287 0.040405 0.016959 -0.015377 0.09742 0.10454 -0.044076 0.02037 0.2935 0.016287 0.52888 -0.13214 0.11688 0.35331 0.48023 0 -0.048056 0.11477 0.26192 -0.061811 0.018209 0.43923 0.10343 -0.046951 0.44839 0.39282 0.48855 -0.10537 -0.0076034 0.0377 0.13317 -0.064856 -0.077311 0.40446 0.24221 0.38044 0.20906 0.46277 0.017728 0.11624 0.012997 0.14146 0.20616 0.035223 0.31882 -0.14953 0.092626 0.29953 0.27795 0.56584 -0.14797 0.080603 0.16355 -0.052092 -0.048438 0.2871 0.041502 -0.056794 0.37713 0.30485 0.38101 -0.13767 0.0072897 0.012892 0.097835 -0.092904 -0.10835 0.1583 0.084977 0.28078 0.16367 0.28989 0.022417 0.073431 0.014991 0.096725
0.10156 0.13033 0.081229 -0.010728 -0.0087657 0.32289 -0.016681 0.042478 0.10928 0.12409 0.12928 0.075723 -0.026608 0.0019141 0.29664 -0.013672 0.070854 0.10305 -0.11524 0.002008 0.21451 0.12332 0.043334 0.028054 0.45867 -0.048056 0 0.040726 0.024484 0.13232 0.43018 0.15092 0.33395 0.073886 -0.18942 -0.014202 -0.21325 0.17226 0.055617 0.33384 -0.11287 0.76763 0.40584 0.076872 0.2007 0.0044329 0.016562 -0.15046 0.07278 0.012582 0.12929 -0.024297 -0.11393 -0.009858 0.11016 0.09942 0.042144 0.0026504 0.31906 -0.066096 0.71863 0.061155 -0.027478 0.11202 0.39206 0.15364 0.27688 0.054078 -0.22547 -0.067858 -0.21377 0.1926 0.071085 0.22375 -0.10688 0.65192 0.29431 0.0007989 0.13137 -0.077924 0.026364 -0.16483 0.10469 0.02922 0.094854 -0.044285
-0.026163 0.058821 0.014189 0.0223 -0.0033263 0.13121 0.070637 0.011947 0.019047 -0.099014 0.036714 0.0075956 0.03731 -0.015335 0.12643 0.039272 0.031396 0.0098977 0.11496 0.03143 0.0086568 0.12598 0.021779 0.48843 0.091246 0.11477 0.040726 0 0.066648 0.31424 0.13841 0.11535 0.072692 0.0322 0.024609 0.016299 0.046932 0.24989 -0.0054031 0.029286 0.028661 -0.016347 0.10589 -0.031107 0.042219 0.19529 0.20882 -0.090239 0.026897 0.061448 0.12236 0.096569 0.18584 0.041189 0.002466 0.11456 0.023702 0.47042 0.040203 0.13218 0.016927 0.93284 0.089162 0.23724 0.13108 0.14657 0.062802 0.056476 0.059994 0.042991 0.11656 0.22381 0.046452 0.030303 0.075587 0.005622 0.10124 -0.0064624 0.076241 0.20506 0.17896 -0.040134 0.032648 0.075537 0.10619 0.10622
0.22243 0.1521 0.1962 0.16793 0.079224 0.08949 -0.0053086 0.018491 0.08134 0.22897 0.13097 0.18627 0.15349 0.032246 0.083752 -7.5596e-05 0.011298 0.092024 0.038151 0.25642 0.27011 0.063278 0.086753 0.092698 0.16804 0.26192 0.024484 0.066648 0 0.053328 -0.0033385 0.029166 0.051809 0.066342 0.43354 0.28367 0.46755 0.12133 0.00292 0.28717 0.13708 0.083009 0.21368 0.46645 0.30524 0.23144 0.069815 0.43001 -0.067066 0.039618 0.14682 0.34486 0.082821 0.24095 0.2473 0.048 0.048957 0.056885 0.14527 0.16958 -0.0090142 0.052681 0.41119 0.044068 0.016542 0.036556 0.016298 0.037736 0.42556 0.25 0.45946 0.099314 0.014778 0.22 0.12995 0.07011 0.16851 0.31456 0.23734 0.10743 0.054776 0.33198 -0.025666 -0.0065741 0.12967 0.34765
-0.028514 0.11426 0.03389 0.046395 0.01192 0.11878 0.0298 0.016159 0.076215 -0.013034 0.093258 0.014649 0.051312 0.0076168 0.10473 0.043562 0.040768 0.074831 0.090257 0.17282 -0.050659 0.88125 0.024647 0.44168 0.057356 -0.061811 0.13232 0.31424 0.053328 0 0.047499 -0.10572 0.24485 0.33719 -0.03913 -0.16231 -0.087988 0.86105 0.31172 0.087098 0.24559 0.28031 0.10545 0.021313 0.075384 0.62899 0.22035 0.06951 -0.021089 0.014098 0.26452 0.25331 0.11378 0.1399 -0.097166 0.86682 0.0011581 0.41519 0.0034215 -0.0081377 0.18368 0.33803 0.03545 0.90012 0.043471 -0.095465 0.22123 0.30768 -0.042463 -0.17599 -0.058579 0.80934 0.34882 0.089028 0.25959 0.31234 0.10746 -0.0078192 0.043578 0.55754 0.22063 0.10937 -0.046114 0.008393 0.21373 0.23418
-0.14834 -0.032787 -0.012846 -0.034385 -0.018862 0.28085 0.16059 0.061512 0.010103 -0.03183 -0.062357 -0.046272 -0.063636 -0.025423 0.28717 0.13011 0.068263 0.0053151 0.054507 -0.082179 0.073508 0.020006 0.083047 0.14029 0.2154 0.018209 0.43018 0.13841 -0.0033385 0.047499 0 0.28732 0.21979 -0.021465 -0.14626 0.05977 -0.095697 0.016695 0.042713 -0.083362 -0.041131 0.32723 0.33891 -0.25503 0.19318 -0.07078 0.19772 -0.31695 0.22886 0.14904 0.033412 -0.068061 -0.020037 -0.12298 -0.15008 0.016039 0.030514 0.15159 0.0033321 -0.00061178 0.30231 0.1556 -0.12483 0.037717 0.48932 0.15925 0.18519 -0.028003 -0.30868 -0.094557 -0.23882 0.006472 0.064332 -0.17087 -0.053713 0.15811 0.17764 -0.36779 -0.018354 -0.078173 0.15854 -0.34162 0.18623 0.15151 0.015714 -0.10208
-0.072718 -0.11155 -0.076074 -0.15835 -0.030528 0.18832 0.17431 -0.069057 -0.047591 0.070022 -0.17517 -0.1299 -0.15861 -0.04887 0.14874 0.11647 -0.067959 -0.024598 0.61914 -0.30694 0.44938 -0.14329 0.10197 0.19119 0.63314 0.43923 0.15092 0.11535 0.029166 -0.10572 0.28732 0 0.10975 -0.23945 0.27749 0.58773 0.41704 -0.15871 -0.14172 -0.16842 -0.13615 0.17282 -0.085087 -0.00075077 0.28169 -0.12483 0.41372 0.045446 0.29199 0.24254 -0.072781 -0.19716 0.30143 -0.29844 0.22171 -0.17517 0.068562 0.13712 0.33789 0.29632 -0.0010468 0.088286 -0.031233 -0.079386 0.13444 0.73463 0.075943 -0.21466 0.056076 0.45746 0.1393 -0.19689 -0.094088 -0.26892 -0.1626 -0.057546 -0.16411 -0.16552 0.072649 -0.13617 0.29316 -0.1774 0.3388 0.26155 -0.059385 -0.21073
0.02376 -0.00021615 -0.038344 -0.022573 -0.0044768 0.26289 0.054507 0.01833 0.050127 0.0098529 0.0032197 -0.043348 -0.01506 -0.0039418 0.25054 0.096154 0.002751 0.055631 0.036354 0.013349 0.15956 0.16676 0.088549 0.32904 0.34578 0.10343 0.33395 0.072692 0.051809 0.24485 0.21979 0.10975 0 0.084154 -0.042785 -0.028234 -0.069798 0.14326 0.074063 0.03163 -0.0033367 0.40841 0.16942 0.05869 0.09644 0.17318 0.16979 -0.043906 0.020094 0.079186 0.11029 0.058034 0.083743 0.009176 0.13725 0.15491 0.071997 0.28647 0.29193 0.10896 0.34892 0.083313 0.020706 0.24493 0.23958 0.15539 0.42003 0.066468 -0.026215 0.0066254 -0.014755 0.12046 0.056864 0.033738 -0.0087842 0.39398 0.13654 0.01969 0.11668 0.12203 0.1592 -0.056146 0.071519 0.092443 0.072219 0.024887
0.12901 0.13711 0.055685 0.16966 0.016363 0.04746 -0.0039502 0.045307 0.09313 0.17725 0.11341 0.046386 0.13902 0.045958 0.057039 0.0019582 0.031902 0.083905 -0.059617 0.33932 -0.086361 0.32844 0.024929 0.051978 -0.072707 -0.046951 0.073886 0.0322 0.066342 0.33719 -0.021465 -0.23945 0.084154 0 0.10197 -0.23053 -0.049973 0.37701 0.47889 0.24645 0.55828 0.21305 0.096696 0.15848 0.2816 0.37276 0.12196 0.30404 -0.092952 -0.031344 0.32557 0.43344 -0.0038412 0.29968 -0.040116 0.32116 -0.0089519 0.060317 -0.045946 -0.039929 0.11093 0.038064 0.045692 0.30124 -0.020677 -0.20716 0.12208 0.7474 0.14031 -0.20293 0.059813 0.36311 0.39657 0.29917 0.48947 0.27247 0.081807 0.17013 0.25214 0.30036 0.13062 0.35694 -0.10561 -0.050308 0.29292 0.39177
0.12053 0.10474 0.21617 0.17545 0.06623 -0.0082671 0.022673 -0.02151 0.040998 0.26919 0.047103 0.19617 0.15115 0.019792 -0.032842 0.012251 -0.028774 0.036101 0.44663 0.20653 0.531 -0.053575 0.06967 0.13244 0.30033 0.44839 -0.18942 0.024609 0.43354 -0.03913 -0.14626 0.27749 -0.042785 0.10197 0 0.40967 0.82271 0.016984 0.02515 0.14632 0.30684 -0.067612 -0.059816 0.54925 0.56309 0.28421 0.24278 0.64873 -0.035812 0.039257 0.13208 0.36331 0.24674 0.20886 0.33671 -0.077284 0.020899 0.074454 0.13014 0.23344 -0.2789 0.027306 0.28754 -0.029989 -0.16673 0.10391 -0.049069 0.095885 0.66675 0.31833 0.61388 -0.018029 0.045754 0.055125 0.28659 -0.14727 -0.081835 0.22704 0.3044 0.16207 0.17665 0.45831 -0.020669 -0.010705 0.14075 0.34354
-0.019751 -0.05261 0.0017918 -0.082639 0.008597 0.043988 0.084269 -0.079814 -0.038635 0.15981 -0.12021 -0.028281 -0.096325 -0.039133 -0.00092473 0.029952 -0.079462 -0.036277 0.20756 -0.20763 0.51744 -0.17023 0.044183 0.038693 0.45507 0.39282 -0.014202 0.016299 0.28367 -0.16231 0.05977 0.58773 -0.028234 -0.23053 0.40967 0 0.62841 -0.12485 -0.14934 -0.11448 -0.071019 -0.071834 -0.17443 0.24199 0.273 -0.047008 0.020974 0.18281 0.19103 0.076931 -0.060208 -0.10434 -0.019647 -0.20465 0.20018 -0.18963 0.055997 0.017737 0.13564 0.18387 -0.19132 -0.00099207 0.1199 -0.14488 -0.047462 0.24382 -0.030926 -0.20353 0.18841 0.5882 0.23212 -0.15487 -0.096396 -0.22375 -0.082696 -0.28613 -0.25552 -0.10942 -0.075454 -0.12345 -0.018538 -0.038442 0.17324 0.061536 -0.050532 -0.11939
0.0681 0.0096701 0.1274 0.070178 0.053212 -0.0026105 0.070151 -0.069095 -0.002313 0.2359 -0.037927 0.11322 0.064455 -0.0079193 -0.03898 0.04121 -0.055616 0.0029299 0.48196 0.0035071 0.54935 -0.1395 0.07908 0.10559 0.3447 0.48855 -0.21325 0.046932 0.46755 -0.087988 -0.095697 0.41704 -0.069798 -0.049973 0.82271 0.62841 0 -0.057702 -0.083083 -0.0070393 0.18242 -0.19826 -0.1842 0.42154 0.38206 0.16533 0.21619 0.53483 0.059425 0.057018 0.022024 0.18254 0.23884 -0.024762 0.32429 -0.15844 0.063316 0.053888 0.072501 0.27825 -0.33611 0.031989 0.2947 -0.093595 -0.15772 0.15687 -0.073369 -0.048744 0.54557 0.517 0.62277 -0.09303 -0.028638 -0.11796 0.14511 -0.31666 -0.20821 0.10547 0.082995 0.055746 0.14033 0.27271 -0.010938 0.011484 0.045285 0.17653
0.13657 0.24105 0.11932 0.13895 0.050143 0.076529 -0.03861 0.053099 0.16083 0.15157 0.23637 0.11236 0.14221 0.047531 0.0624 -0.056391 0.048848 0.16031 -0.057049 0.27646 -0.056746 0.81763 0.014303 0.15326 0.0063285 -0.10537 0.17226 0.24989 0.12133 0.86105 0.016695 -0.15871 0.14326 0.37701 0.016984 -0.12485 -0.057702 0 0.32342 0.24789 0.27632 0.32107 0.1688 0.10568 0.15161 0.49087 0.062233 0.14984 -0.050531 -0.022548 0.30433 0.33219 -0.025587 0.25939 -0.068797 0.75427 -0.010087 0.13085 -0.0075151 -0.080793 0.22342 0.28606 0.10907 0.78872 0.036638 -0.1651 0.11595 0.34519 0.036367 -0.12899 -0.0084377 0.9462 0.35884 0.25291 0.30911 0.34627 0.18484 0.1044 0.12982 0.40752 0.062347 0.24163 -0.058318 -0.046838 0.26729 0.34137
0.0036255 0.074903 -0.026247 0.11536 0.043628 0.074917 0.051429 0.017039 0.072016 0.18359 0.022094 -0.017752 0.042953 0.033457 0.071928 0.05194 0.012676 0.06592 0.036197 0.21371 -0.038342 0.27932 0.038269 0.099822 -0.087615 -0.0076034 0.055617 -0.0054031 0.00292 0.31172 0.042713 -0.14172 0.074063 0.47889 0.02515 -0.14934 -0.083083 0.32342 0 0.050355 0.86221 0.099993 0.019556 0.0061139 0.2607 0.42957 0.27242 0.31754 -0.018487 0.035332 0.41784 0.5152 0.037554 0.18963 -0.10172 0.26956 -0.021858 0.11523 -0.11352 -0.040976 0.039321 0.013451 -0.037542 0.29024 0.015623 -0.17298 0.093472 0.42623 -7.2444e-05 -0.18926 -0.095225 0.30567 0.87332 0.074458 0.74264 0.11282 -0.011853 -0.039672 0.15098 0.3536 0.25095 0.27686 -0.096459 -0.035527 0.33259 0.39413
0.40128 0.33294 0.22384 0.24017 0.099982 0.066826 -0.13947 0.059729 0.18998 0.33829 0.34041 0.24541 0.24893 0.082844 0.061523 -0.11268 0.055588 0.17656 -0.16313 0.43447 0.12838 0.078442 0.034318 -0.097108 0.1151 0.0377 0.33384 0.029286 0.28717 0.087098 -0.083362 -0.16842 0.03163 0.24645 0.14632 -0.11448 -0.0070393 0.24789 0.050355 0 0.11388 0.44993 0.34085 0.467 0.28661 0.17738 -0.12631 0.40895 -0.12038 -0.075515 0.17443 0.347 -0.079823 0.40214 0.20548 0.087978 0.03804 -0.096457 0.20715 0.074166 0.35425 0.023991 0.25627 0.034228 0.040335 -0.081758 0.013068 0.20162 0.24158 -0.057014 0.16238 0.26994 0.038206 0.67239 0.1539 0.44513 0.30983 0.48582 0.3173 0.086149 -0.10538 0.44031 -0.11663 -0.11366 0.17019 0.37998
0.065056 0.06987 0.059643 0.24039 0.077296 0.051495 0.075914 0.020242 0.061587 0.25127 0.043024 0.053922 0.18355 0.051262 0.060959 0.085877 0.0041025 0.05777 0.11537 0.34367 0.089191 0.25123 0.054929 0.13553 -0.11414 0.13317 -0.11287 0.028661 0.13708 0.24559 -0.041131 -0.13615 -0.0033367 0.55828 0.30684 -0.071019 0.18242 0.27632 0.86221 0.11388 0 -0.056449 -0.0019099 0.13236 0.47128 0.50426 0.29279 0.5076 -0.048818 0.018527 0.37704 0.58602 0.10946 0.31118 -0.0087578 0.22819 -0.017113 0.14126 -0.1868 0.039165 -0.12352 0.056767 0.063759 0.23269 -0.081718 -0.20654 0.045227 0.53245 0.2529 -0.14763 0.095109 0.25686 0.78577 0.12845 0.89615 0.004577 -0.027444 0.046202 0.30173 0.45092 0.26322 0.42825 -0.13813 -0.041873 0.30744 0.5008
0.20625 0.18067 0.077049 0.032762 0.0086446 0.2588 -0.05467 0.029706 0.13437 0.21459 0.19276 0.069856 0.013005 0.030613 0.2409 -0.036094 0.064202 0.15474 -0.036241 0.075062 0.33819 0.31048 0.020298 0.043412 0.60376 -0.064856 0.76763 -0.016347 0.083009 0.28031 0.32723 0.17282 0.40841 0.21305 -0.067612 -0.071834 -0.19826 0.32107 0.099993 0.44993 -0.056449 0 0.39013 0.304 0.29276 0.18293 0.044408 0.052727 0.042246 0.018426 0.13935 0.066516 0.010329 0.055834 0.27551 0.28063 0.04029 0.016229 0.50432 -0.03031 0.745 0.038787 0.015685 0.25047 0.34485 0.2525 0.34772 0.15864 -0.11693 -0.059286 -0.15301 0.32584 0.092014 0.35235 -0.05908 0.90179 0.31502 0.21034 0.27795 0.032549 0.066222 0.01088 0.14561 0.033786 0.11875 0.037559
0.12297 0.16754 0.20684 0.1583 0.072928 0.20724 -0.016221 0.11883 0.12856 0.10365 0.19686 0.18943 0.13947 0.064574 0.20066 -0.001494 0.12594 0.12381 -0.11374 0.31856 -0.037317 0.10933 0.052507 0.03201 0.032882 -0.077311 0.40584 0.10589 0.21368 0.10545 0.33891 -0.085087 0.16942 0.096696 -0.059816 -0.17443 -0.1842 0.1688 0.019556 0.34085 -0.0019099 0.39013 0 0.067468 0.30574 -0.0041845 0.037667 -0.028253 -0.010161 0.0095461 0.16684 0.19986 -0.066018 0.28236 -0.043794 0.099829 0.030381 0.003891 0.017505 -0.050526 0.39309 0.11196 0.1511 0.075816 0.36871 -0.015398 0.12487 0.081831 -0.065043 -0.18568 -0.060402 0.16295 0.0030805 0.30042 0.007445 0.34931 0.57485 0.077922 0.27057 -0.057452 0.054305 0.015084 0.0055243 0.016423 0.12551 0.20665
0.43652 0.22975 0.25213 0.17923 0.075999 -0.0055095 -0.15283 -0.0055325 0.11825 0.49347 0.229 0.2528 0.16034 0.036286 -0.038031 -0.12686 -0.0212 0.12811 -0.031055 0.28246 0.67437 0.014137 0.040011 -0.014706 0.54785 0.40446 0.076872 -0.031107 0.46645 0.021313 -0.25503 -0.00075077 0.05869 0.15848 0.54925 0.24199 0.42154 0.10568 0.0061139 0.467 0.13236 0.304 0.067468 0 0.46268 0.42788 -0.14035 0.69537 -0.12659 -0.070127 0.10671 0.28299 0.0092664 0.27238 0.57085 -0.003591 0.034896 -0.044897 0.48468 0.24744 0.03793 -0.036957 0.3466 -0.0093789 -0.15952 0.076366 0.018613 0.13496 0.52889 0.27061 0.36628 0.090328 -0.011182 0.40741 0.14079 0.2768 0.045919 0.72538 0.32168 0.24523 -0.1009 0.54154 -0.093715 -0.13911 0.10518 0.26254
0.1172 0.17412 0.20231 0.17569 0.072433 0.14891 0.05615 0.010324 0.086392 0.34755 0.10657 0.1356 0.14616 0.046242 0.13259 0.0355 0.015474 0.086621 0.20272 0.31807 0.42141 0.086819 0.079676 0.056181 0.35191 0.24221 0.2007 0.042219 0.30524 0.075384 0.19318 0.28169 0.09644 0.2816 0.56309 0.273 0.38206 0.15161 0.2607 0.28661 0.47128 0.29276 0.30574 0.46268 0 0.30091 0.17339 0.50441 0.07264 0.040525 0.21424 0.33236 0.032344 0.24158 0.18196 0.041401 0.030323 0.014169 0.064757 0.10349 0.054578 0.052865 0.094422 0.060888 0.068608 0.054304 0.082839 0.26966 0.27334 0.069552 0.17305 0.11623 0.23086 0.14895 0.39384 0.072587 0.13263 0.10226 0.48838 0.16819 0.1282 0.27319 0.085433 0.016463 0.18108 0.28175
0.12104 0.090061 0.052775 0.10413 0.010905 0.078828 0.036398 0.0019575 0.041509 0.19469 0.058776 0.0664 0.096199 0.010492 0.084221 0.041789 0.010725 0.046686 0.096303 0.24466 0.38938 0.60312 0.068733 0.45366 0.29598 0.38044 0.0044329 0.19529 0.23144 0.62899 -0.07078 -0.12483 0.17318 0.37276 0.28421 -0.047008 0.16533 0.49087 0.42957 0.17738 0.50426 0.18293 -0.0041845 0.42788 0.30091 0 0.14326 0.50586 -0.051526 0.0031033 0.20039 0.37689 0.13989 0.23008 0.19344 0.58091 0.04252 0.4266 0.13962 0.28384 0.052801 0.17972 0.136 0.63517 -0.045417 -0.12181 0.15235 0.33294 0.26825 -0.068989 0.16157 0.48866 0.39201 0.17896 0.44006 0.25919 0.0016715 0.24634 0.1688 0.9251 0.12088 0.39868 -0.089097 -0.028718 0.1798 0.32644
-0.17687 -0.14499 -0.090794 -0.062675 -0.0021513 0.23269 0.23779 -0.0027868 -0.01511 -0.15912 -0.18559 -0.11118 -0.079428 -0.031679 0.21317 0.21579 0.010334 0.0026661 0.71487 0.0034875 0.075532 0.16365 0.11222 0.38465 0.12155 0.20906 0.016562 0.20882 0.069815 0.22035 0.19772 0.41372 0.16979 0.12196 0.24278 0.020974 0.21619 0.062233 0.27242 -0.12631 0.29279 0.044408 0.037667 -0.14035 0.17339 0.14326 0 0.06057 0.069973 0.22753 0.5218 0.27115 0.55944 0.011756 -0.0025381 0.14036 0.074515 0.36717 -0.002071 0.13242 -0.041837 0.1992 0.033712 0.2127 0.13786 0.25547 0.16658 0.15921 0.10972 0.00077929 0.13783 0.0087764 0.30213 -0.13068 0.29727 0.028005 0.028683 -0.15201 0.10794 0.16224 0.83322 0.014199 0.05968 0.21583 0.42519 0.22257
0.39573 0.21879 0.19142 0.25101 0.10911 -0.078008 -0.075591 -0.0062592 0.11834 0.41051 0.22597 0.20602 0.23594 0.081129 -0.10089 -0.075043 -0.031753 0.14128 0.13311 0.38367 0.45871 0.026734 0.054574 0.016116 0.23323 0.46277 -0.15046 -0.090239 0.43001 0.06951 -0.31695 0.045446 -0.043906 0.30404 0.64873 0.18281 0.53483 0.14984 0.31754 0.40895 0.5076 0.052727 -0.028253 0.69537 0.50441 0.50586 0.06057 0 -0.099023 -0.040607 0.27292 0.56536 0.17868 0.39728 0.44178 0.019366 0.0091707 -0.012216 0.28842 0.32485 -0.13583 -0.080533 0.35902 0.041197 -0.26129 0.082358 -0.047762 0.26044 0.66463 0.25696 0.55173 0.14413 0.24228 0.38365 0.46596 0.11831 -0.0031264 0.56982 0.45849 0.38886 0.044605 0.8444 -0.11272 -0.10157 0.2118 0.51559
-0.090925 -0.057409 -0.065296 -0.08799 -0.032179 0.044813 0.055456 -0.0071091 -0.039356 -0.023927 -0.095174 -0.097682 -0.092096 -0.041239 0.030771 0.03389 -0.009925 -0.039611 0.14396 -0.17125 0.038845 -0.029288 0.023082 0.048458 0.1417 0.017728 0.07278 0.026897 -0.067066 -0.021089 0.22886 0.29199 0.020094 -0.092952 -0.035812 0.19103 0.059425 -0.050531 -0.018487 -0.12038 -0.048818 0.042246 -0.010161 -0.12659 0.07264 -0.051526 0.069973 -0.099023 0 0.076244 -0.083139 -0.14443 0.03208 -0.17929 -0.085859 -0.026894 -0.0029996 0.045747 -0.014347 0.014705 0.0091316 0.036842 -0.11535 -0.015086 0.1089 0.19003 0.0082413 -0.065873 -0.15412 0.10239 -0.10784 -0.044244 0.0011005 -0.19055 -0.080417 -0.05743 -0.065024 -0.24009 -0.052846 -0.041444 0.057998 -0.18931 0.22657 0.074789 -0.048039 -0.16942
-0.041655 -0.055703 -0.048454 -0.020063 -0.017383 0.13392 0.12782 -0.00016952 -0.02028 0.00225 -0.076576 -0.065654 -0.042427 -0.005554 0.11133 0.1025 -0.019003 0.022353 0.17131 -0.041689 0.012062 0.010263 0.090482 0.14116 0.089396 0.11624 0.012582 0.061448 0.039618 0.014098 0.14904 0.24254 0.079186 -0.031344 0.039257 0.076931 0.057018 -0.022548 0.035332 -0.075515 0.018527 0.018426 0.0095461 -0.070127 0.040525 0.0031033 0.22753 -0.040607 0.076244 0 0.022239 0.028878 0.10467 -0.071998 -0.027159 0.0032616 0.038538 0.12103 0.01958 0.092367 0.0021406 0.049942 -0.019244 0.029111 0.10396 0.17226 0.065004 -0.032056 0.0042317 0.042174 0.026236 -0.036652 0.01596 -0.094912 -0.011831 -0.00039697 -0.012966 -0.1031 0.030415 0.00036427 0.17991 -0.071949 0.089944 0.15545 -0.00015592 0.0047002
0.058317 0.15483 0.082354 0.10583 0.056898 0.1098 -2.0564e-06 0.034038 0.10919 0.03584 0.16499 0.071526 0.10562 0.06191 0.08178 0.011688 0.03305 0.15022 0.13045 0.26604 0.016203 0.19762 0.047701 0.12787 0.014601 0.012997 0.12929 0.12236 0.14682 0.26452 0.033412 -0.072781 0.11029 0.32557 0.13208 -0.060208 0.022024 0.30433 0.41784 0.17443 0.37704 0.13935 0.16684 0.10671 0.21424 0.20039 0.5218 0.27292 -0.083139 0.022239 0 0.45437 0.2145 0.27451 0.081376 0.19419 0.031035 0.12748 0.069439 0.001252 0.11974 0.11859 0.15546 0.23252 0.071388 -0.0342 0.11693 0.32055 0.19904 -0.031852 0.12784 0.27792 0.37694 0.22568 0.37764 0.18148 0.17121 0.13687 0.24311 0.18643 0.4981 0.32675 -0.032866 -0.0064708 0.60979 0.42906
0.24322 0.25647 0.1762 0.32969 0.13938 0.075702 0.015366 0.075035 0.16557 0.21893 0.25313 0.18509 0.30952 0.1037 0.076013 0.032195 0.057397 0.18319 0.058149 0.54729 0.0026427 0.22421 0.099185 0.15042 -0.080531 0.14146 -0.024297 0.096569 0.34486 0.25331 -0.068061 -0.19716 0.058034 0.43344 0.36331 -0.10434 0.18254 0.33219 0.5152 0.347 0.58602 0.066516 0.19986 0.28299 0.33236 0.37689 0.27115 0.56536 -0.14443 0.028878 0.45437 0 0.14659 0.52236 0.078998 0.21625 0.047911 0.11384 -0.0063434 0.10816 0.019908 0.11068 0.33069 0.21722 -0.024748 -0.1421 0.060991 0.40824 0.46661 -0.051564 0.34781 0.32694 0.44691 0.38729 0.57382 0.16863 0.22208 0.3012 0.36821 0.32948 0.24543 0.61159 -0.13719 -0.025569 0.37402 0.74644
-0.022115 -0.13285 -0.045357 -0.047888 -0.022743 0.063533 0.10771 -0.021409 -0.02893 -0.13594 -0.13776 -0.036958 -0.021066 -0.021492 0.056833 0.11961 -0.012116 -0.002689 0.63682 0.013423 0.064091 0.093127 0.025101 0.31226 0.12284 0.20616 -0.11393 0.18584 0.082821 0.11378 -0.020037 0.30143 0.083743 -0.0038412 0.24674 -0.019647 0.23884 -0.025587 0.037554 -0.079823 0.10946 0.010329 -0.066018 0.0092664 0.032344 0.13989 0.55944 0.17868 0.03208 0.10467 0.2145 0.14659 0 0.038242 0.24476 0.10984 0.04127 0.34829 0.22877 0.26569 -0.10464 0.14357 0.12096 0.12406 0.0083069 0.48706 0.0788 0.028474 0.38505 0.192 0.45248 -0.049245 0.092362 -0.039295 0.19225 0.090891 -0.0085361 0.088476 0.27587 0.15048 0.70325 0.18067 0.054713 0.18174 0.19557 0.14668
