0,0.335823655128479,0.253559798002243,0.26422256231308,0.081088550388813,-0.00168206845410168,-0.0807470753788948,0.0586046390235424,0.200516402721405,0.722750306129456,0.40815144777298,0.346642225980759,0.274991422891617,0.105664283037186,0.0102224322035909,-0.0884740427136421,0.0397442393004894,0.249953344464302,-0.167000338435173,0.226135075092316,0.0738166570663452,-0.0155015978962183,0.0291599873453379,-0.0205767825245857,0.0732702538371086,0.142788469791412,0.0920917466282845,0.0820550248026848,0.194998621940613,0.012241487391293,-0.142213419079781,-0.131229937076569,0.0176024064421654,0.146189987659454,0.119735181331635,-0.0670493468642235,0.0156717151403427,0.124220244586468,0.121095404028893,0.348830699920654,0.141871720552444,0.179980978369713,0.0820643901824951,0.352505534887314,0.0471325851976871,0.22366826236248,-0.136883318424225,0.359699040651321,-0.101153180003166,-0.067919559776783,0.0474700257182121,0.243254095315933,-0.0528116188943386,0.259196907281876,0.414404660463333,-0.0191168058663607,0.040222454816103,-0.0485783740878105,0.382645815610886,0.253598034381866,0.174357041716576,0.0461231023073196,0.317922174930573,-0.0129274129867554,-0.0333329439163208,0.121464245021343,0.034965630620718,0.174157306551933,0.384567558765411,0.170388549566269,0.290987640619278,0.138224646449089,0.121946573257446,0.43456169962883,0.232099160552025,0.311259478330612,0.155863016843796,0.594071090221405,0.380416840314865,0.232386395335197,-0.0975431650876999,0.526822686195374,0.0012481075245887,-0.0766543373465538,0.0530042126774788,0.290412038564682
0.335823655128479,0,0.252139687538147,0.277659982442856,0.110823906958103,0.0191259123384953,-0.0687940940260887,0.0720865204930305,0.218707323074341,0.352247059345245,0.47593355178833,0.270256400108337,0.261903494596481,0.0983540862798691,0.0056598512455821,-0.0890993252396584,0.0498596243560314,0.20482337474823,-0.0964600667357445,0.254931002855301,0.0624306946992874,0.0741821676492691,0.0272813029587269,-0.029408747330308,0.0762958899140358,0.0690390467643738,0.131932690739632,0.0847052484750748,0.158052012324333,0.1179059445858,-0.0236493498086929,-0.0905168727040291,0.0290939267724752,0.17560613155365,0.146800696849823,-0.0708510056138039,0.0303292628377676,0.217123180627823,0.153005927801132,0.324214518070221,0.161441490054131,0.186795353889465,0.149909481406212,0.221873953938484,0.184617757797241,0.133836209774017,-0.0717096850275993,0.25787153840065,-0.0405229516327381,-0.0518768541514874,0.180490404367447,0.301235169172287,-0.112728215754032,0.259631961584091,0.0700766667723656,0.0709265395998955,0.022422194480896,-0.0558323860168457,0.0673054605722427,0.0117121757939458,0.116324678063393,0.067826934158802,0.136721447110176,0.0835475698113441,-0.0170861016958952,-0.0777491629123688,-0.00148040696512908,0.111724704504013,0.1780886054039,-0.0408277101814747,0.0917578488588333,0.247352421283722,0.10453936457634,0.309424728155136,0.128302335739136,0.177487030625343,0.137928187847137,0.18674410879612,0.164146095514297,0.0683306902647018,-0.0950646698474884,0.240128338336945,-0.0473071783781052,-0.0648148432374001,0.154132217168808,0.271883904933929
0.253559798002243,0.252139687538147,0,0.383232325315475,0.0991032794117928,0.037237673997879,-0.0204068385064602,0.138271525502205,0.138374537229538,0.274233430624008,0.268936961889267,0.576775431632996,0.369801700115204,0.0655505508184433,0.0323783308267593,-0.0355421826243401,0.114191949367523,0.14947684109211,-0.030861297622323,0.18695405125618,0.134095460176468,0.00606495887041092,0.00935770198702812,-0.0272929277271032,0.0367481149733067,0.0630879178643227,0.0778680965304375,0.0123785762116313,0.204366639256477,0.0228092968463898,-0.000174844637513161,-0.0671333819627762,-0.0121413385495543,0.064158596098423,0.248754426836967,-0.0129772108048201,0.142436683177948,0.0907546430826187,0.0387521125376225,0.186492949724197,0.115617699921131,0.0852688923478127,0.15819226205349,0.261194229125977,0.216553032398224,0.0681293457746506,-0.0552497021853924,0.19614914059639,-0.0425110682845116,-0.0522865243256092,0.0737685114145279,0.191683232784271,-0.0442472100257874,0.16775718331337,0.107613377273083,-0.0118845347315073,0.0341666974127293,-0.0569139458239079,0.0279020816087723,0.0214477833360434,0.0582958348095417,0.00967638939619064,0.162503391504288,0.00163106678519398,-0.00706673646345735,-0.0849180370569229,-0.0122329061850905,0.0407087318599224,0.196220248937607,-0.027952441945672,0.135084882378578,0.106128960847855,0.017351133748889,0.183712005615234,0.112334288656712,0.0686486586928368,0.111024469137192,0.17536623775959,0.151129812002182,0.0126440562307835,-0.0660620108246803,0.174207150936127,-0.0533354431390762,-0.0487133525311947,0.0804693996906281,0.177603602409363
0.26422256231308,0.277659982442856,0.383232325315475,0,0.188167423009872,0.0194092784076929,-0.0024741985835135,0.105085209012032,0.135473996400833,0.245364606380463,0.28430500626564,0.365288734436035,0.644720792770386,0.120108895003796,0.0191489607095718,-0.0137059185653925,0.0852302461862564,0.147060111165047,-0.0610170513391495,0.289591401815414,-0.034031692892313,0.0436977446079254,0.0139529490843415,0.000585388334002346,-0.0992078855633736,0.0199811495840549,0.0032190321944654,0.0459930635988712,0.142644852399826,0.059525091201067,-0.0267735496163368,-0.163822516798973,-0.0113395703956485,0.206721886992455,0.197663769125938,-0.108302600681782,0.0631266683340073,0.130956172943115,0.232767030596733,0.184290513396263,0.325105607509613,0.0211220476776361,0.105125740170479,0.152227401733398,0.162987560033798,0.133820086717606,0.0109391463920474,0.262671947479248,-0.0692273154854774,-0.0217618178576231,0.152563661336899,0.363978534936905,-0.0134810851886868,0.275432974100113,0.00698099099099636,0.0430424921214581,0.0190726332366467,-0.0206709355115891,-0.0599555149674416,-0.0149110564962029,0.00618125684559345,0.0368645936250687,0.147005915641785,0.0428921915590763,-0.0353449955582619,-0.146363824605942,0.0105342641472816,0.174425646662712,0.266865372657776,-0.0750477015972137,0.156195119023323,0.146661341190338,0.17286916077137,0.22728431224823,0.307284146547318,0.0575924478471279,0.111712634563446,0.169008150696754,0.16646870970726,0.104683808982372,-0.0139110777527094,0.312927812337875,-0.0716462433338165,-0.0535674281418324,0.13887232542038,0.354220151901245
0.081088550388813,0.110823906958103,0.0991032794117928,0.188167423009872,0,-0.00851655472069979,-0.021581782028079,0.0235481485724449,0.0501162111759186,0.0928421840071678,0.102589011192322,0.104200348258018,0.164598077535629,0.0486668720841408,-0.00782046373933554,-0.0275629889219999,0.0102757718414068,0.0557484552264214,-0.0239734817296267,0.0940912067890167,0.00155971816275269,0.00700104236602783,0.012184601277113,-0.0114318449050188,-0.0219292752444744,-0.000272884964942932,-0.0130652282387018,-0.00385388871654868,0.0713329985737801,0.00729432702064514,-0.0306052435189486,-0.0378751829266548,-0.0110992826521397,0.023378774523735,0.0730872824788094,-0.000280360691249371,0.0498098619282246,0.0527252070605755,0.079129159450531,0.084619902074337,0.0986463204026222,-0.000643619219772518,0.0404733493924141,0.0717283636331558,0.0663433149456978,0.0197543893009424,0.0106710093095899,0.104957297444344,-0.0332461185753345,-0.0255675092339516,0.0595432408154011,0.140412613749504,-0.0140008023008704,0.105921305716038,-0.0159660987555981,-0.0018921714508906,-0.0106696803122759,-0.0300242863595486,-0.0379706397652626,-0.0085449917241931,-0.0119799822568893,-0.000996632152236998,0.0537638664245605,-0.00453602289780974,-0.029850285500288,-0.0486703626811504,-0.0185176376253366,0.0304229538887739,0.0876999273896217,-0.00961012486368418,0.0600750967860222,0.0540736392140388,0.0636418461799622,0.0736813321709633,0.0861117839813232,-0.00362079031765461,0.016197644174099,0.0459950715303421,0.0446779951453209,-0.00384118384681642,-0.0112331584095955,0.102795220911503,-0.0375568643212318,-0.0181829445064068,0.0438099130988121,0.12984174489975
-0.00168206845410168,0.0191259123384953,0.037237673997879,0.0194092784076929,-0.00851655472069979,0,0.162609472870827,0.0190008413046598,0.0875321850180626,0.06486427038908,0.0106889884918928,0.0320697873830795,0.0137830590829253,-0.0139935119077563,0.429521888494492,0.159673288464546,0.0483903288841248,0.0753045827150345,0.0716809630393982,0.039072897285223,0.136976331472397,0.0913110673427582,0.135133504867554,0.214068830013275,0.239217385649681,0.123108051717281,0.336346328258514,0.0934745222330093,0.0777327120304108,0.110261529684067,0.292761236429214,0.193816632032394,0.273664504289627,0.0739507675170898,-0.0404898710548878,0.013049584813416,-0.0286569073796272,0.0746487006545067,0.0937151685357094,0.0964965000748634,0.0498734191060066,0.274695932865143,0.231582835316658,0.000204587355256081,0.160280138254166,0.0724672079086304,0.195541471242905,-0.0823790729045868,0.0631889477372169,0.144825890660286,0.106476448476315,0.0709958225488663,0.0234287492930889,0.0341797284781933,0.00551460310816765,0.06870486587286,0.0807429775595665,0.197937875986099,0.126723781228065,0.090116910636425,0.290326118469238,0.0960483178496361,0.0144798550754786,0.0977536216378212,0.273403316736221,0.124291516840458,0.238015413284302,0.070052482187748,-0.12251590937376,-0.0681913197040558,-0.0992759615182877,0.0507089383900166,0.0972314327955246,0.0376837961375713,0.0485687293112278,0.224123150110245,0.157720237970352,-0.0847752094268799,0.0691530555486679,0.0344071574509144,0.171469837427139,-0.105789922177792,0.0424449853599072,0.119169354438782,0.0969770401716232,0.0521340034902096
-0.0807470753788948,-0.0687940940260887,-0.0204068385064602,-0.0024741985835135,-0.021581782028079,0.162609472870827,0,-0.00714174238964915,-0.00128346984274685,-0.029880179092288,-0.0889009982347488,-0.0422366932034492,-0.0175784453749657,-0.0217135604470968,0.16676764190197,0.240541130304337,-0.00754362577572465,-0.0245998129248619,0.1431565284729,-0.0306821130216122,0.036949809640646,0.0289257112890482,0.0772832483053207,0.18175196647644,0.0601691678166389,0.128939583897591,0.00348396017216146,0.058166217058897,0.00616920925676823,0.0410510525107384,0.155387133359909,0.148680835962296,0.0725524723529816,0.0192660018801689,0.00688736606389284,0.0656842514872551,0.061761911958456,-0.00718202302232385,0.0515548810362816,-0.107135877013206,0.0583438761532307,-0.0281239468604326,0.00434431852772832,-0.129056632518768,0.040584072470665,0.0319896526634693,0.217371717095375,-0.0692277327179909,0.0380108095705509,0.120282903313637,0.0144150499254465,0.0257733035832644,0.0920282676815987,-0.0396608002483845,-0.0695937722921371,0.0232538487762213,0.0261043962091208,0.156711682677269,-0.0342093259096146,0.0762319341301918,-0.012204279191792,0.045253187417984,-0.0218734722584486,0.0369227714836597,0.0887647196650505,0.0711142867803574,0.0611587353050709,0.0258486792445183,-0.0622295364737511,-0.0295648965984583,-0.0323608368635178,-0.0258685704320669,0.0553847290575504,-0.12672820687294,0.0621766597032547,-0.0496411845088005,-0.017084214836359,-0.181712344288826,-0.0340273529291153,0.0374060496687889,0.186197713017464,-0.116638071835041,0.0244028475135565,0.109613582491875,0.00416850298643112,-0.0010195259237662
0.0586046390235424,0.0720865204930305,0.138271525502205,0.105085209012032,0.0235481485724449,0.0190008413046598,-0.00714174238964915,0,0.0467986539006233,0.0363604314625263,0.0740020722150803,0.131700038909912,0.100213095545769,0.0135256079956889,0.038613211363554,0.0039902413263917,0.105898231267929,0.061532586812973,-0.0278326123952866,0.0792916938662529,-0.0660539269447327,0.0203053671866655,0.00045382694224827,-0.0053486074320972,-0.0431470461189747,-0.0243666507303715,0.0515197329223156,0.01921496540308,0.025653263553977,0.00890625640749931,0.0652269050478935,-0.0567859746515751,0.0309677869081497,0.0479708947241306,-0.0330211967229843,-0.0870011001825333,-0.0793640911579132,0.0435534343123436,0.0236165914684534,0.0640185698866844,0.0133805405348539,0.0473062060773373,0.120834559202194,-0.00591903179883957,0.0102642066776752,0.00724370032548904,0.0101492814719677,-0.00499850418418646,0.00317439809441566,0.00118428410496563,0.0444323122501373,0.0824667289853096,-0.0176229514181614,0.0744081139564514,-0.0380700789391994,0.023896211758256,-0.00493754539638758,0.000139515846967697,-0.0180545281618834,0.0046926480717957,0.0689733549952507,0.0309765785932541,0.0263797584921122,0.00358589040115476,0.0647421553730965,-0.034425612539053,0.0146831069141626,0.0464590787887573,-0.000710560590960085,-0.0823988020420074,-0.0153307160362601,0.0517883263528347,0.0176533721387386,0.0783450901508331,0.0363575480878353,0.0578218176960945,0.100907601416111,0.0209120269864798,0.0377114117145538,0.00748184602707624,0.0171485282480717,0.0538811422884464,-0.0173070281744003,0.000700515578500926,0.055183120071888,0.0803845599293709
0.200516402721405,0.218707323074341,0.138374537229538,0.135473996400833,0.0501162111759186,0.0875321850180626,-0.00128346984274685,0.0467986539006233,0,0.21534526348114,0.224789500236511,0.13150529563427,0.131378158926964,0.0473232120275497,0.0773554071784019,-0.0116660390049219,0.046686016023159,0.188755258917809,-0.038970660418272,0.154147028923035,0.0173320360481739,0.0678360387682915,0.0226419102400541,0.0248616207391024,0.0425839796662331,0.0200801473110914,0.11937503516674,0.0296862460672855,0.0796497538685799,0.0967811197042465,0.0248364899307489,-0.0438130423426628,0.0741036981344223,0.131438225507736,0.0585221908986568,-0.057884257286787,-0.00408405950292945,0.166653335094452,0.112121731042862,0.177059128880501,0.0982489585876465,0.14711906015873,0.12090277671814,0.0967085584998131,0.0832668170332909,0.0679258555173874,0.0119469650089741,0.116751290857792,-0.0212739445269108,-0.0167982913553715,0.121374942362309,0.187125697731972,-0.0318233147263527,0.163493111729622,0.0462945103645325,0.0611140951514244,0.0318384654819965,0.00704820826649666,0.0603945478796959,0.0272564981132746,0.130405604839325,0.0179649330675602,0.0896707624197006,0.0890661552548409,0.0514731183648109,-0.00725210784003139,0.0443710200488567,0.0769668743014336,0.0899306237697601,-0.0356339961290359,0.0431556478142738,0.171317934989929,0.0926256030797958,0.168430045247078,0.0895475074648857,0.164451882243156,0.120102211833,0.0995699986815453,0.114799588918686,0.0335353724658489,0.00761900236830115,0.148415446281433,-0.0368493087589741,-0.00375041738152504,0.119792185723782,0.171302124857903
0.722750306129456,0.352247059345245,0.274233430624008,0.245364606380463,0.0928421840071678,0.06486427038908,-0.029880179092288,0.0363604314625263,0.21534526348114,0,0.311732888221741,0.266025483608246,0.197261780500412,0.0976754203438759,0.0612111240625381,-0.0446226000785828,0.0279282778501511,0.215995743870735,-0.0737763792276382,0.215881809592247,0.296520352363586,0.00684035615995526,0.0573270432651043,-0.0416103452444077,0.252987921237946,0.256330400705338,0.15079353749752,-0.0354208126664162,0.206359475851059,0.0141040999442339,-0.00399346742779016,0.0469879992306232,0.0635098516941071,0.213721260428429,0.254191726446152,0.0781095027923584,0.18919475376606,0.127856448292732,0.309978932142258,0.290499210357666,0.326593607664108,0.243994370102882,0.0697467252612114,0.469392716884613,0.294218480587006,0.295759558677673,-0.0974320918321609,0.40489536523819,-0.0153255751356483,-0.0114050712436438,0.0488568693399429,0.240382939577103,-0.155674368143082,0.153860479593277,0.135433241724968,-0.00942052528262138,0.030851986259222,-0.0719227194786072,0.133024275302887,0.129837647080421,0.0964022278785706,-0.0174683220684528,0.0946216732263565,0.00423178356140852,-0.0318353809416294,-0.00485367979854345,0.0373828336596489,0.163018956780434,0.135471478104591,0.00540969474241138,0.0370574556291103,0.141462981700897,0.18987800180912,0.245435684919357,0.206889793276787,0.156211018562317,0.0344573259353638,0.242189973592758,0.0686489641666412,0.109866715967655,-0.0936863496899605,0.327596724033356,-0.0340350642800331,-0.0493784844875336,0.0520781502127647,0.196519643068314
0.40815144777298,0.47593355178833,0.268936961889267,0.28430500626564,0.102589011192322,0.0106889884918928,-0.0889009982347488,0.0740020722150803,0.224789500236511,0.311732888221741,0,0.324917703866959,0.309088468551636,0.114380851387978,0.00313239265233278,-0.0966861173510551,0.0877342075109482,0.236654043197632,-0.176294416189194,0.278864353895187,-0.0107443109154701,0.0621318034827709,0.0246563404798508,-0.0385043136775494,0.0194254815578461,0.00546654826030135,0.135576993227005,0.082358181476593,0.13612025976181,0.111590400338173,-0.0472414344549179,-0.176095440983772,0.0300867967307568,0.123574636876583,0.063244067132473,-0.147749423980713,-0.0444403551518917,0.232255205512047,0.0807580426335335,0.325197249650955,0.107627108693123,0.187189564108849,0.178189188241959,0.186162561178207,0.0880085229873657,0.104100719094276,-0.117726758122444,0.232808366417885,-0.0782641917467117,-0.0714291408658028,0.177684783935547,0.292971968650818,-0.130564987659454,0.300134539604187,0.150007575750351,0.0708128660917282,0.0142298340797424,-0.0705277472734451,0.155486255884171,0.0180923901498318,0.17674309015274,0.0476686209440231,0.193358510732651,0.0794622823596001,-0.00540038524195552,-0.0498331785202026,0.0254430882632732,0.14982245862484,0.253560245037079,-0.0109121231362224,0.162741363048553,0.263688564300537,0.0746742635965347,0.379646688699722,0.147402480244637,0.253373801708221,0.190495446324348,0.299037516117096,0.262129813432693,0.0819474011659622,-0.104331150650978,0.318854212760925,-0.0340041443705559,-0.0901624485850334,0.176934659481049,0.312633544206619
0.346642225980759,0.270256400108337,0.576775431632996,0.365288734436035,0.104200348258018,0.0320697873830795,-0.0422366932034492,0.131700038909912,0.13150529563427,0.266025483608246,0.324917703866959,0,0.393345057964325,0.0817146673798561,0.0360457003116608,-0.0347967520356178,0.138038694858551,0.148712053894997,-0.0716966018080711,0.194259569048882,0.0690863206982613,-0.0188499856740236,-0.00337517564184964,-0.0300447940826416,0.00928441248834133,0.0453649461269379,0.08418820053339,0.0335602536797523,0.194490745663643,0.0122704654932022,-0.0344043634831905,-0.127827748656273,-0.00993946380913258,0.0509066358208656,0.208159744739532,-0.054641954600811,0.110992714762688,0.0920164734125137,0.0392163991928101,0.20911006629467,0.0979024916887283,0.0679662376642227,0.163513496518135,0.225081861019135,0.13242943584919,0.085228256881237,-0.0671410337090492,0.18713241815567,-0.0698588564991951,-0.0672812461853027,0.0724875181913376,0.197748050093651,-0.030884301289916,0.223667249083519,0.185577243566513,-0.0434084609150887,0.0284573063254356,-0.0605533756315708,0.0971937254071236,0.0608694963157177,0.0866149291396141,0.0020279623568058,0.243946850299835,-0.0111651178449392,0.00305761187337339,-0.0425877869129181,0.0207167938351631,0.0554796159267426,0.274696201086044,0.0508280508220196,0.225550338625908,0.106487691402435,-0.00911918934434652,0.245506286621094,0.106937199831009,0.117324694991112,0.177533686161041,0.282941162586212,0.230570912361145,0.0385546796023846,-0.0734699219465256,0.234179303050041,-0.0491015799343586,-0.0464436076581478,0.0654946640133858,0.214967846870422
0.274991422891617,0.261903494596481,0.369801700115204,0.644720792770386,0.164598077535629,0.0137830590829253,-0.0175784453749657,0.100213095545769,0.131378158926964,0.197261780500412,0.309088468551636,0.393345057964325,0,0.138048440217972,0.0174634028226137,-0.00517523707821965,0.107931882143021,0.151074156165123,-0.0550161972641945,0.261136025190353,-0.0422296151518822,0.0394735224545002,0.0174074694514275,0.000326456502079964,-0.100991860032082,0.0106469318270683,-0.0128418216481805,0.0728430449962616,0.136112853884697,0.0534811392426491,-0.0679504573345184,-0.172309651970863,-0.0143274301663041,0.178963765501976,0.170641869306564,-0.123571656644344,0.0502539202570915,0.129807859659195,0.15726637840271,0.191185817122459,0.262532562017441,0.00951361656188965,0.0931237637996674,0.135170251131058,0.118916623294353,0.118681788444519,-0.00477932672947645,0.241291895508766,-0.087933823466301,-0.0477347113192081,0.144799649715424,0.334228098392487,0.0198234617710114,0.285419076681137,0.0212167464196682,0.0301084313541651,0.0222393106669188,-0.00401579868048429,-0.0431018956005573,0.0281480979174376,-0.00536467833444476,0.0515175759792328,0.185687899589539,0.0411271788179874,-0.0429106988012791,-0.128818139433861,0.00999100506305695,0.175195604562759,0.306785970926285,-0.0624479949474335,0.200347319245338,0.146688610315323,0.164931491017342,0.230494275689125,0.326291471719742,0.0622588545084,0.111324027180672,0.187745362520218,0.180645272135735,0.108570881187916,0.0209858752787113,0.328669637441635,-0.0856914445757866,-0.0413874611258507,0.139687016606331,0.385360777378082
0.105664283037186,0.0983540862798691,0.0655505508184433,0.120108895003796,0.0486668720841408,-0.0139935119077563,-0.0217135604470968,0.0135256079956889,0.0473232120275497,0.0976754203438759,0.114380851387978,0.0817146673798561,0.138048440217972,0,-0.00958049949258566,-0.0262347068637609,0.00493125058710575,0.0827956944704056,-0.0252256952226162,0.126868024468422,-0.0425786338746548,0.0201259795576334,0.0049277963116765,-0.0169286876916885,-0.0327498689293861,-0.0187337342649698,-0.000265416689217091,-0.00700083654373884,0.0319371707737446,0.0217389091849327,-0.0384944304823875,-0.0622177273035049,-0.00553714949637651,0.0633544921875,0.0339654423296452,-0.0473561063408852,-0.00597894424572587,0.0629015639424324,0.0754838734865189,0.0815931558609009,0.0817122980952263,0.0292405337095261,0.046580720692873,0.0425675772130489,0.0496632009744644,0.0260466262698174,-0.00634411489591002,0.0909377634525299,-0.0414373800158501,-0.0180659312754869,0.0781911164522171,0.127003416419029,-0.0172018501907587,0.103571772575378,-0.00328955450095236,0.0213231425732374,0.00760089419782162,-0.0183840971440077,-0.0147135406732559,-0.00860595609992743,0.0168927367776632,-0.00752894952893257,0.0298351310193539,0.0277849938720465,-0.0181024447083473,-0.0357641391456127,-0.0100489482283592,0.0762451216578484,0.084629662334919,-0.0343725569546223,0.0619439482688904,0.0749642625451088,0.0778147205710411,0.0845189020037651,0.0997755527496338,0.040924072265625,0.0618849135935307,0.0614466816186905,0.085604228079319,0.0121807241812348,-0.00778813846409321,0.120817057788372,-0.0251794625073671,-0.023071026429534,0.064547210931778,0.135921999812126
0.0102224322035909,0.0056598512455821,0.0323783308267593,0.0191489607095718,-0.00782046373933554,0.429521888494492,0.16676764190197,0.038613211363554,0.0773554071784019,0.0612111240625381,0.00313239265233278,0.0360457003116608,0.0174634028226137,-0.00958049949258566,0,0.201717361807823,0.0458867736160755,0.0661968290805817,0.0598970800638199,0.0353872291743755,0.118967369198799,0.0755474790930748,0.112145647406578,0.228077992796898,0.222945019602776,0.128239676356316,0.324340522289276,0.0897065550088882,0.07508235424757,0.0915079265832901,0.302450507879257,0.161084815859795,0.278749704360962,0.0805228129029274,-0.04679836332798,-0.0249546933919191,-0.0610377676784992,0.0548658184707165,0.0875634849071503,0.0796287730336189,0.0581579282879829,0.268337100744247,0.242008551955223,-0.0258413590490818,0.142138108611107,0.0680230930447578,0.197603151202202,-0.0969937071204185,0.0567744001746178,0.128704786300659,0.0905647724866867,0.0760979503393173,0.0354094281792641,0.0452786199748516,0.0537426732480526,0.0650370940566063,0.101872451603413,0.208783507347107,0.163194864988327,0.128772526979446,0.310862869024277,0.0740701630711555,0.0511369854211807,0.0812395513057709,0.272213190793991,0.148692518472672,0.27739143371582,0.0705945715308189,-0.0991162955760956,-0.0660246908664703,-0.0818565711379051,0.0413872823119164,0.111608684062958,0.066902719438076,0.0547807775437832,0.254559367895126,0.181851908564568,-0.0580047369003296,0.0940542817115784,0.0568525642156601,0.196872115135193,-0.0880036503076553,0.0325839780271053,0.136843502521515,0.0953028053045273,0.0776239633560181
-0.0884740427136421,-0.0890993252396584,-0.0355421826243401,-0.0137059185653925,-0.0275629889219999,0.159673288464546,0.240541130304337,0.0039902413263917,-0.0116660390049219,-0.0446226000785828,-0.0966861173510551,-0.0347967520356178,-0.00517523707821965,-0.0262347068637609,0.201717361807823,0,0.010797263123095,-0.00483446894213557,0.118716537952423,-0.0364693701267242,0.0373794250190258,0.0265281368046999,0.0746688321232796,0.166756480932236,0.0417104847729206,0.114794813096523,-0.00837866496294737,0.00930927600711584,0.00910375826060772,0.0299763176590204,0.1301209628582,0.116124629974365,0.0905061811208725,0.0242234021425247,0.000705841812305152,0.029405128210783,0.042997695505619,-0.0511254295706749,0.0439717620611191,-0.100856877863407,0.0620233714580536,-0.024157939478755,0.00415114546194673,-0.110844552516937,0.026956532150507,0.0300757605582476,0.190552681684494,-0.0685831680893898,0.0399780534207821,0.101459726691246,0.0100488234311342,0.0234940741211176,0.108943082392216,-0.0362839326262474,-0.0247104112058878,0.0147876348346472,0.0445423237979412,0.171758413314819,-0.00681888358667493,0.111536122858524,-0.0128839444369078,0.00657056225463748,-0.0055202879011631,0.0226403530687094,0.0958979353308678,0.0778857842087746,0.100396394729614,0.0228125769644976,-0.0291735883802176,-0.0150105366483331,0.00456051714718342,-0.0610223039984703,0.0585555136203766,-0.117558799684048,0.0686766058206558,-0.0435679741203785,-0.028952719643712,-0.139036610722542,-0.0216020531952381,0.0374819561839104,0.20622843503952,-0.0772158578038216,0.0281531605869532,0.126666605472565,0.00504235876724124,0.0228067971765995
0.0397442393004894,0.0498596243560314,0.114191949367523,0.0852302461862564,0.0102757718414068,0.0483903288841248,-0.00754362577572465,0.105898231267929,0.046686016023159,0.0279282778501511,0.0877342075109482,0.138038694858551,0.107931882143021,0.00493125058710575,0.0458867736160755,0.010797263123095,0,0.0618712045252323,-0.0259849857538939,0.0755387619137764,-0.049168486148119,0.0228287596255541,0.0164318196475506,-0.00267355912365019,-0.0165792182087898,-0.0324942246079445,0.0772098451852798,0.0341933071613312,0.0180924516171217,0.0267252512276173,0.0572777613997459,-0.0638363435864449,0.0132589489221573,0.0254464037716389,-0.0274466145783663,-0.0784681439399719,-0.064363032579422,0.0414413139224052,0.00639313785359263,0.0507150962948799,-0.00719290692359209,0.0694896131753922,0.114965967833996,-0.0158027708530426,0.0141037479043007,0.00445377035066485,0.0108615513890982,-0.0332833528518677,-0.0107083916664124,-0.0121885966509581,0.0394983626902103,0.0557807944715023,-0.0119004407897592,0.0692641064524651,-0.0379987508058548,0.0226538050919771,0.00882985815405846,0.017416700720787,-0.0167559515684843,-0.0164586380124092,0.0689652785658836,0.0257713720202446,0.0182651728391647,0.0167233105748892,0.0508458018302917,-0.035112127661705,0.0240077171474695,0.028897188603878,-0.0191318672150373,-0.10393600910902,-0.0269379355013371,0.0405676066875458,-0.00158319401089102,0.0602479688823223,-0.00305402162484825,0.0673744156956673,0.108735382556915,0.0123612992465496,0.00854310672730207,0.00381283205933869,0.0170961786061525,0.0100042428821325,-0.0189698599278927,-0.00233079912140965,0.0437999367713928,0.059433676302433
0.249953344464302,0.20482337474823,0.14947684109211,0.147060111165047,0.0557484552264214,0.0753045827150345,-0.0245998129248619,0.061532586812973,0.188755258917809,0.215995743870735,0.236654043197632,0.148712053894997,0.151074156165123,0.0827956944704056,0.0661968290805817,-0.00483446894213557,0.0618712045252323,0,-0.0525206662714481,0.15352375805378,0.0321920625865459,0.0546135641634464,0.0455760769546032,0.0268021319061518,0.056961040943861,0.0364409200847149,0.113489486277103,0.0249146297574043,0.0898591578006744,0.0920541435480118,0.0226334687322378,-0.0270211063325405,0.0740260183811188,0.0845435559749603,0.0362353846430779,-0.0570535846054554,-0.00591786578297615,0.160944566130638,0.0874150991439819,0.168383479118347,0.0826581940054893,0.148382768034935,0.129399448633194,0.103393360972404,0.0855695679783821,0.0681251212954521,0.0227546226233244,0.135304003953934,-0.0307420883327723,0.0214054919779301,0.162393912672997,0.185633733868599,-0.00777035765349865,0.172429770231247,0.0912289321422577,0.0644276738166809,0.0217755734920502,0.018394036218524,0.101750440895557,0.0417927727103233,0.136822938919067,0.0261702183634043,0.1120890006423,0.0871519073843956,0.067000649869442,0.0225198268890381,0.0655972883105278,0.121153242886066,0.115727759897709,0.00185788027010858,0.081810250878334,0.175662353634834,0.0846282988786697,0.193103119730949,0.0988027825951576,0.182948067784309,0.134209558367729,0.138488486409187,0.153270706534386,0.0569654852151871,0.0279978085309267,0.163751319050789,0.00348922773264349,0.00211717048659921,0.126607149839401,0.206755504012108
-0.167000338435173,-0.0964600667357445,-0.030861297622323,-0.0610170513391495,-0.0239734817296267,0.0716809630393982,0.1431565284729,-0.0278326123952866,-0.038970660418272,-0.0737763792276382,-0.176294416189194,-0.0716966018080711,-0.0550161972641945,-0.0252256952226162,0.0598970800638199,0.118716537952423,-0.0259849857538939,-0.0525206662714481,0,-0.0418273396790028,0.196506053209305,0.0627206936478615,0.0258053671568632,0.262906789779663,0.150470867753029,0.212926954030991,-0.143532484769821,0.0591097548604012,0.0542821772396564,0.0974051356315613,0.0345975123345852,0.54420405626297,-0.0012573532294482,0.0150395594537258,0.43439981341362,0.206779852509499,0.530006289482117,-0.0176939815282822,0.0967792645096779,-0.102457918226719,0.15129491686821,-0.0546339824795723,-0.121978893876076,-0.047418549656868,0.168557658791542,0.0645576938986778,0.718082904815674,0.163026884198189,0.0992020294070244,0.15136593580246,0.146622642874718,0.114832289516926,0.64937961101532,-0.0621484853327274,-0.0102983899414539,0.0521673709154129,0.0199104752391577,0.221950441598892,-0.00991689320653677,0.142578437924385,-0.171136394143105,0.0701576694846153,-0.00481240265071392,0.0865599811077118,-0.0356706902384758,0.290866374969482,0.0305196400731802,0.01534981187433,0.172310754656792,0.132737934589386,0.199597030878067,-0.0515069887042046,0.141831040382385,-0.16245524585247,0.123427748680115,-0.122561648488045,-0.100633345544338,-0.133056685328484,0.00436516012996435,0.0587393902242184,0.608697295188904,-0.000654850038699806,0.0474064573645592,0.151629537343979,0.156484261155128,0.0888735800981522
0.226135075092316,0.254931002855301,0.18695405125618,0.289591401815414,0.0940912067890167,0.039072897285223,-0.0306821130216122,0.0792916938662529,0.154147028923035,0.215881809592247,0.278864353895187,0.194259569048882,0.261136025190353,0.126868024468422,0.0353872291743755,-0.0364693701267242,0.0755387619137764,0.15352375805378,-0.0418273396790028,0,-0.107907816767693,0.177354007959366,0.0474299564957619,0.0313970558345318,-0.131222888827324,-0.0277108810842037,-0.016384294256568,0.044699851423502,0.197536394000053,0.197295606136322,-0.0923706144094467,-0.259680956602097,0.00584038021042943,0.37068983912468,0.213602617383003,-0.22784735262394,0.0258197281509638,0.278141766786575,0.344323843717575,0.380800992250443,0.409354776144028,0.066498838365078,0.245785713195801,0.238946050405502,0.313210844993591,0.273976862430573,0.0772658362984657,0.381826221942902,-0.126087412238121,-0.0448967069387436,0.288079679012299,0.55540919303894,0.0428931377828121,0.566971063613892,-0.107508525252342,0.186092793941498,0.0115848341956735,0.020366482436657,-0.116137340664864,0.00930154696106911,0.025774022564292,0.0474453084170818,0.163577660918236,0.177638724446297,-0.0510391853749752,-0.227757677435875,0.023940447717905,0.357683718204498,0.313340753316879,-0.238278493285179,0.143644064664841,0.27560368180275,0.301702260971069,0.412974655628204,0.405362486839294,0.132386848330498,0.250239223241806,0.225685879588127,0.278971821069717,0.227760091423988,0.0709343925118446,0.463823556900024,-0.14219868183136,-0.0795027986168861,0.231130927801132,0.538342118263245
0.0738166570663452,0.0624306946992874,0.134095460176468,-0.034031692892313,0.00155971816275269,0.136976331472397,0.036949809640646,-0.0660539269447327,0.0173320360481739,0.296520352363586,-0.0107443109154701,0.0690863206982613,-0.0422296151518822,-0.0425786338746548,0.118967369198799,0.0373794250190258,-0.049168486148119,0.0321920625865459,0.196506053209305,-0.107907816767693,0,-0.160976096987724,0.0682525038719177,0.159063369035721,0.749190092086792,0.574396967887878,0.211457341909409,-0.124004475772381,0.273347944021225,-0.115229092538357,0.108620285987854,0.484474718570709,0.173792377114296,-0.0850598588585854,0.551880240440369,0.451540112495422,0.514098167419434,-0.138105675578117,0.0105604026466608,0.115633614361286,0.125925153493881,0.320883810520172,-0.0555094294250011,0.703949928283691,0.425025105476379,0.356576502323151,0.0240405052900314,0.43494439125061,0.0497835054993629,-0.00543156499043107,-0.0372707843780518,-0.0612760484218597,-0.037709504365921,-0.13134840130806,0.649067580699921,-0.214589223265648,0.0588656105101109,0.0605786144733429,0.529082596302032,0.292001903057098,0.0702992603182793,-0.0943161025643349,0.0896979123353958,-0.124437153339386,0.0411998778581619,0.278500288724899,0.115676082670689,-0.0783188194036484,0.206410109996796,0.32203733921051,0.158825099468231,-0.13655997812748,0.00171313271857798,-0.0181600730866194,0.0316959097981453,0.154744610190392,-0.129145234823227,0.296158254146576,0.0786891356110573,0.122466884553432,0.00240670796483755,0.0501025170087814,0.073221430182457,0.0149292228743434,-0.0194916110485792,-0.108872286975384
-0.0155015978962183,0.0741821676492691,0.00606495887041092,0.0436977446079254,0.00700104236602783,0.0913110673427582,0.0289257112890482,0.0203053671866655,0.0678360387682915,0.00684035615995526,0.0621318034827709,-0.0188499856740236,0.0394735224545002,0.0201259795576334,0.0755474790930748,0.0265281368046999,0.0228287596255541,0.0546135641634464,0.0627206936478615,0.177354007959366,-0.160976096987724,0,0.0176705457270145,0.349677115678787,-0.0115764951333404,-0.153630331158638,0.0968141704797745,0.285539001226425,0.0330226048827171,0.927645266056061,0.00817704200744629,-0.152773961424828,0.155522733926773,0.329571306705475,-0.0475042536854744,-0.190955340862274,-0.101616248488426,0.894240438938141,0.30037534236908,0.0671686679124832,0.295748978853226,0.204622820019722,0.0700897723436356,-0.0486874915659428,0.071015976369381,0.643328309059143,0.20087268948555,-0.00539308227598667,-0.0506141744554043,0.0189196188002825,0.215001627802849,0.24381311237812,0.139756590127945,0.176825150847435,-0.250194072723389,0.976330280303955,-0.00236546457745135,0.416471898555756,-0.104724943637848,-0.0776805877685547,0.119636587798595,0.359644800424576,-0.0218398738652468,0.92003071308136,-0.0129578216001391,-0.199370041489601,0.17594513297081,0.310667306184769,-0.0426632612943649,-0.248768910765648,-0.10723564773798,0.85989511013031,0.359786629676819,0.0749477446079254,0.33412754535675,0.261976540088654,0.0804402306675911,-0.108483076095581,-0.0120812496170402,0.606806874275208,0.193487748503685,0.0567322969436646,-0.0775903612375259,0.0193515084683895,0.187221363186836,0.224180236458778
0.0291599873453379,0.0272813029587269,0.00935770198702812,0.0139529490843415,0.012184601277113,0.135133504867554,0.0772832483053207,0.00045382694224827,0.0226419102400541,0.0573270432651043,0.0246563404798508,-0.00337517564184964,0.0174074694514275,0.0049277963116765,0.112145647406578,0.0746688321232796,0.0164318196475506,0.0455760769546032,0.0258053671568632,0.0474299564957619,0.0682525038719177,0.0176705457270145,0,0.164782226085663,0.107956536114216,0.135953843593597,0.0629050508141518,0.0300905015319586,0.0951190143823624,0.0413826368749142,0.0918711125850677,0.0969772711396217,0.10041369497776,0.0372109711170197,0.0644668936729431,0.0320445522665977,0.0680805817246437,0.0236720908433199,0.0570473521947861,0.0446378104388714,0.0596339777112007,0.0491160042583942,0.0651266574859619,0.0399732701480389,0.0628016293048859,0.0888485535979271,0.103240728378296,0.0577966645359993,0.0357619002461433,0.103963956236839,0.046715036034584,0.100187286734581,0.0103320004418492,0.0262992084026337,0.0313653238117695,0.0067900693975389,0.0553325563669205,0.130289241671562,0.0692310333251953,0.109905950725079,0.060887586325407,0.020104356110096,0.0560420118272305,0.0381362251937389,0.0887198597192764,0.0670700892806053,0.0870030447840691,0.0142013104632497,0.0472952201962471,0.00716113718226552,0.0431830622255802,0.0171301607042551,0.0439798012375832,0.0336415432393551,0.0486031472682953,0.0615620240569115,0.0293966680765152,-0.010034428909421,0.0405557900667191,0.0699612200260162,0.0738876536488533,0.0353492945432663,0.0157459992915392,0.0472167804837227,0.030246889218688,0.0918399691581726
-0.0205767825245857,-0.029408747330308,-0.0272929277271032,0.000585388334002346,-0.0114318449050188,0.214068830013275,0.18175196647644,-0.0053486074320972,0.0248616207391024,-0.0416103452444077,-0.0385043136775494,-0.0300447940826416,0.000326456502079964,-0.0169286876916885,0.228077992796898,0.166756480932236,-0.00267355912365019,0.0268021319061518,0.262906789779663,0.0313970558345318,0.159063369035721,0.349677115678787,0.164782226085663,0,0.272499591112137,0.326099038124084,0.0682127326726913,0.506727516651154,0.10488349199295,0.515102624893188,0.170977592468262,0.169129982590675,0.327985495328903,0.110038921236992,0.123841114342213,0.0306966099888086,0.111328952014446,0.307958006858826,0.115523487329483,-0.052164800465107,0.165202930569649,0.0823949500918388,0.0422849580645561,-0.0407389029860497,0.0772562623023987,0.510983943939209,0.327313363552094,0.00316653097979724,0.0671427920460701,0.145785808563232,0.120332464575768,0.136886224150658,0.261826753616333,0.0502670593559742,0.0355755165219307,0.318910866975784,0.101190164685249,0.813067317008972,0.163313791155815,0.348632425069809,0.0761063173413277,0.465924561023712,0.0737059563398361,0.506675720214844,0.130127847194672,0.157140389084816,0.357656747102737,0.117688216269016,0.126327067613602,-0.0354210250079632,0.156151384115219,0.23651884496212,0.174199610948563,-0.0371178016066551,0.222242593765259,0.132945969700813,0.0371592678129673,-0.090730756521225,0.0495638251304626,0.513200998306274,0.277886062860489,0.0166907347738743,0.034273274242878,0.133202731609344,0.102548703551292,0.115402609109879
