0 0.33582 0.25356 0.26422 0.081089 -0.0016821 -0.080747 0.058605 0.20052 0.72275 0.40815 0.34664 0.27499 0.10566 0.010222 -0.088474 0.039744 0.24995 -0.167 0.22614 0.073817 -0.015502 0.02916 -0.020577 0.07327 0.14279 0.092092 0.082055 0.195 0.012241 -0.14221 -0.13123 0.017602 0.14619 0.11974 -0.067049 0.015672 0.12422 0.1211 0.34883 0.14187 0.17998 0.082064 0.35251 0.047133 0.22367 -0.13688 0.3597 -0.10115 -0.06792 0.04747 0.24325 -0.052812 0.2592 0.4144 -0.019117 0.040222 -0.048578 0.38265 0.2536 0.17436 0.046123 0.31792 -0.012927 -0.033333 0.12146 0.034966 0.17416 0.38457 0.17039 0.29099 0.13822 0.12195 0.43456 0.2321 0.31126 0.15586 0.59407 0.38042 0.23239 -0.097543 0.52682 0.0012481 -0.076654 0.053004 0.29041
0.33582 0 0.25214 0.27766 0.11082 0.019126 -0.068794 0.072087 0.21871 0.35225 0.47593 0.27026 0.2619 0.098354 0.0056599 -0.089099 0.04986 0.20482 -0.09646 0.25493 0.062431 0.074182 0.027281 -0.029409 0.076296 0.069039 0.13193 0.084705 0.15805 0.11791 -0.023649 -0.090517 0.029094 0.17561 0.1468 -0.070851 0.030329 0.21712 0.15301 0.32421 0.16144 0.1868 0.14991 0.22187 0.18462 0.13384 -0.07171 0.25787 -0.040523 -0.051877 0.18049 0.30124 -0.11273 0.25963 0.070077 0.070927 0.022422 -0.055832 0.067305 0.011712 0.11632 0.067827 0.13672 0.083548 -0.017086 -0.077749 -0.0014804 0.11172 0.17809 -0.040828 0.091758 0.24735 0.10454 0.30942 0.1283 0.17749 0.13793 0.18674 0.16415 0.068331 -0.095065 0.24013 -0.047307 -0.064815 0.15413 0.27188
0.25356 0.25214 0 0.38323 0.099103 0.037238 -0.020407 0.13827 0.13837 0.27423 0.26894 0.57678 0.3698 0.065551 0.032378 -0.035542 0.11419 0.14948 -0.030861 0.18695 0.1341 0.006065 0.0093577 -0.027293 0.036748 0.063088 0.077868 0.012379 0.20437 0.022809 -0.00017484 -0.067133 -0.012141 0.064159 0.24875 -0.012977 0.14244 0.090755 0.038752 0.18649 0.11562 0.085269 0.15819 0.26119 0.21655 0.068129 -0.05525 0.19615 -0.042511 -0.052287 0.073769 0.19168 -0.044247 0.16776 0.10761 -0.011885 0.034167 -0.056914 0.027902 0.021448 0.058296 0.0096764 0.1625 0.0016311 -0.0070667 -0.084918 -0.012233 0.040709 0.19622 -0.027952 0.13508 0.10613 0.017351 0.18371 0.11233 0.068649 0.11102 0.17537 0.15113 0.012644 -0.066062 0.17421 -0.053335 -0.048713 0.080469 0.1776
0.26422 0.27766 0.38323 0 0.18817 0.019409 -0.0024742 0.10509 0.13547 0.24536 0.28431 0.36529 0.64472 0.12011 0.019149 -0.013706 0.08523 0.14706 -0.061017 0.28959 -0.034032 0.043698 0.013953 0.00058539 -0.099208 0.019981 0.003219 0.045993 0.14264 0.059525 -0.026774 -0.16382 -0.01134 0.20672 0.19766 -0.1083 0.063127 0.13096 0.23277 0.18429 0.32511 0.021122 0.10513 0.15223 0.16299 0.13382 0.010939 0.26267 -0.069227 -0.021762 0.15256 0.36398 -0.013481 0.27543 0.006981 0.043042 0.019073 -0.020671 -0.059956 -0.014911 0.0061813 0.036865 0.14701 0.042892 -0.035345 -0.14636 0.010534 0.17443 0.26687 -0.075048 0.1562 0.14666 0.17287 0.22728 0.30728 0.057592 0.11171 0.16901 0.16647 0.10468 -0.013911 0.31293 -0.071646 -0.053567 0.13887 0.35422
0.081089 0.11082 0.099103 0.18817 0 -0.0085166 -0.021582 0.023548 0.050116 0.092842 0.10259 0.1042 0.1646 0.048667 -0.0078205 -0.027563 0.010276 0.055748 -0.023973 0.094091 0.0015597 0.007001 0.012185 -0.011432 -0.021929 -0.00027288 -0.013065 -0.0038539 0.071333 0.0072943 -0.030605 -0.037875 -0.011099 0.023379 0.073087 -0.00028036 0.04981 0.052725 0.079129 0.08462 0.098646 -0.00064362 0.040473 0.071728 0.066343 0.019754 0.010671 0.10496 -0.033246 -0.025568 0.059543 0.14041 -0.014001 0.10592 -0.015966 -0.0018922 -0.01067 -0.030024 -0.037971 -0.008545 -0.01198 -0.00099663 0.053764 -0.004536 -0.02985 -0.04867 -0.018518 0.030423 0.0877 -0.0096101 0.060075 0.054074 0.063642 0.073681 0.086112 -0.0036208 0.016198 0.045995 0.044678 -0.0038412 -0.011233 0.1028 -0.037557 -0.018183 0.04381 0.12984
-0.0016821 0.019126 0.037238 0.019409 -0.0085166 0 0.16261 0.019001 0.087532 0.064864 0.010689 0.03207 0.013783 -0.013994 0.42952 0.15967 0.04839 0.075305 0.071681 0.039073 0.13698 0.091311 0.13513 0.21407 0.23922 0.12311 0.33635 0.093475 0.077733 0.11026 0.29276 0.19382 0.27366 0.073951 -0.04049 0.01305 -0.028657 0.074649 0.093715 0.096497 0.049873 0.2747 0.23158 0.00020459 0.16028 0.072467 0.19554 -0.082379 0.063189 0.14483 0.10648 0.070996 0.023429 0.03418 0.0055146 0.068705 0.080743 0.19794 0.12672 0.090117 0.29033 0.096048 0.01448 0.097754 0.2734 0.12429 0.23802 0.070052 -0.12252 -0.068191 -0.099276 0.050709 0.097231 0.037684 0.048569 0.22412 0.15772 -0.084775 0.069153 0.034407 0.17147 -0.10579 0.042445 0.11917 0.096977 0.052134
-0.080747 -0.068794 -0.020407 -0.0024742 -0.021582 0.16261 0 -0.0071417 -0.0012835 -0.02988 -0.088901 -0.042237 -0.017578 -0.021714 0.16677 0.24054 -0.0075436 -0.0246 0.14316 -0.030682 0.03695 0.028926 0.077283 0.18175 0.060169 0.12894 0.003484 0.058166 0.0061692 0.041051 0.15539 0.14868 0.072552 0.019266 0.0068874 0.065684 0.061762 -0.007182 0.051555 -0.10714 0.058344 -0.028124 0.0043443 -0.12906 0.040584 0.03199 0.21737 -0.069228 0.038011 0.12028 0.014415 0.025773 0.092028 -0.039661 -0.069594 0.023254 0.026104 0.15671 -0.034209 0.076232 -0.012204 0.045253 -0.021873 0.036923 0.088765 0.071114 0.061159 0.025849 -0.06223 -0.029565 -0.032361 -0.025869 0.055385 -0.12673 0.062177 -0.049641 -0.017084 -0.18171 -0.034027 0.037406 0.1862 -0.11664 0.024403 0.10961 0.0041685 -0.0010195
0.058605 0.072087 0.13827 0.10509 0.023548 0.019001 -0.0071417 0 0.046799 0.03636 0.074002 0.1317 0.10021 0.013526 0.038613 0.0039902 0.1059 0.061533 -0.027833 0.079292 -0.066054 0.020305 0.00045383 -0.0053486 -0.043147 -0.024367 0.05152 0.019215 0.025653 0.0089063 0.065227 -0.056786 0.030968 0.047971 -0.033021 -0.087001 -0.079364 0.043553 0.023617 0.064019 0.013381 0.047306 0.12083 -0.005919 0.010264 0.0072437 0.010149 -0.0049985 0.0031744 0.0011843 0.044432 0.082467 -0.017623 0.074408 -0.03807 0.023896 -0.0049375 0.00013952 -0.018055 0.0046926 0.068973 0.030977 0.02638 0.0035859 0.064742 -0.034426 0.014683 0.046459 -0.00071056 -0.082399 -0.015331 0.051788 0.017653 0.078345 0.036358 0.057822 0.10091 0.020912 0.037711 0.0074818 0.017149 0.053881 -0.017307 0.00070052 0.055183 0.080385
0.20052 0.21871 0.13837 0.13547 0.050116 0.087532 -0.0012835 0.046799 0 0.21535 0.22479 0.13151 0.13138 0.047323 0.077355 -0.011666 0.046686 0.18876 -0.038971 0.15415 0.017332 0.067836 0.022642 0.024862 0.042584 0.02008 0.11938 0.029686 0.07965 0.096781 0.024836 -0.043813 0.074104 0.13144 0.058522 -0.057884 -0.0040841 0.16665 0.11212 0.17706 0.098249 0.14712 0.1209 0.096709 0.083267 0.067926 0.011947 0.11675 -0.021274 -0.016798 0.12137 0.18713 -0.031823 0.16349 0.046295 0.061114 0.031838 0.0070482 0.060395 0.027256 0.13041 0.017965 0.089671 0.089066 0.051473 -0.0072521 0.044371 0.076967 0.089931 -0.035634 0.043156 0.17132 0.092626 0.16843 0.089548 0.16445 0.1201 0.09957 0.1148 0.033535 0.007619 0.14842 -0.036849 -0.0037504 0.11979 0.1713
0.72275 0.35225 0.27423 0.24536 0.092842 0.064864 -0.02988 0.03636 0.21535 0 0.31173 0.26603 0.19726 0.097675 0.061211 -0.044623 0.027928 0.216 -0.073776 0.21588 0.29652 0.0068404 0.057327 -0.04161 0.25299 0.25633 0.15079 -0.035421 0.20636 0.014104 -0.0039935 0.046988 0.06351 0.21372 0.25419 0.07811 0.18919 0.12786 0.30998 0.2905 0.32659 0.24399 0.069747 0.46939 0.29422 0.29576 -0.097432 0.4049 -0.015326 -0.011405 0.048857 0.24038 -0.15567 0.15386 0.13543 -0.0094205 0.030852 -0.071923 0.13302 0.12984 0.096402 -0.017468 0.094622 0.0042318 -0.031835 -0.0048537 0.037383 0.16302 0.13547 0.0054097 0.037057 0.14146 0.18988 0.24544 0.20689 0.15621 0.034457 0.24219 0.068649 0.10987 -0.093686 0.3276 -0.034035 -0.049378 0.052078 0.19652
0.40815 0.47593 0.26894 0.28431 0.10259 0.010689 -0.088901 0.074002 0.22479 0.31173 0 0.32492 0.30909 0.11438 0.0031324 -0.096686 0.087734 0.23665 -0.17629 0.27886 -0.010744 0.062132 0.024656 -0.038504 0.019425 0.0054665 0.13558 0.082358 0.13612 0.11159 -0.047241 -0.1761 0.030087 0.12357 0.063244 -0.14775 -0.04444 0.23226 0.080758 0.3252 0.10763 0.18719 0.17819 0.18616 0.088009 0.1041 -0.11773 0.23281 -0.078264 -0.071429 0.17768 0.29297 -0.13056 0.30013 0.15001 0.070813 0.01423 -0.070528 0.15549 0.018092 0.17674 0.047669 0.19336 0.079462 -0.0054004 -0.049833 0.025443 0.14982 0.25356 -0.010912 0.16274 0.26369 0.074674 0.37965 0.1474 0.25337 0.1905 0.29904 0.26213 0.081947 -0.10433 0.31885 -0.034004 -0.090162 0.17693 0.31263
0.34664 0.27026 0.57678 0.36529 0.1042 0.03207 -0.042237 0.1317 0.13151 0.26603 0.32492 0 0.39335 0.081715 0.036046 -0.034797 0.13804 0.14871 -0.071697 0.19426 0.069086 -0.01885 -0.0033752 -0.030045 0.0092844 0.045365 0.084188 0.03356 0.19449 0.01227 -0.034404 -0.12783 -0.0099395 0.050907 0.20816 -0.054642 0.11099 0.092016 0.039216 0.20911 0.097902 0.067966 0.16351 0.22508 0.13243 0.085228 -0.067141 0.18713 -0.069859 -0.067281 0.072488 0.19775 -0.030884 0.22367 0.18558 -0.043408 0.028457 -0.060553 0.097194 0.060869 0.086615 0.002028 0.24395 -0.011165 0.0030576 -0.042588 0.020717 0.05548 0.2747 0.050828 0.22555 0.10649 -0.0091192 0.24551 0.10694 0.11732 0.17753 0.28294 0.23057 0.038555 -0.07347 0.23418 -0.049102 -0.046444 0.065495 0.21497
0.27499 0.2619 0.3698 0.64472 0.1646 0.013783 -0.017578 0.10021 0.13138 0.19726 0.30909 0.39335 0 0.13805 0.017463 -0.0051752 0.10793 0.15107 -0.055016 0.26114 -0.04223 0.039474 0.017407 0.00032646 -0.10099 0.010647 -0.012842 0.072843 0.13611 0.053481 -0.06795 -0.17231 -0.014327 0.17896 0.17064 -0.12357 0.050254 0.12981 0.15727 0.19119 0.26253 0.0095136 0.093124 0.13517 0.11892 0.11868 -0.0047793 0.24129 -0.087934 -0.047735 0.1448 0.33423 0.019823 0.28542 0.021217 0.030108 0.022239 -0.0040158 -0.043102 0.028148 -0.0053647 0.051518 0.18569 0.041127 -0.042911 -0.12882 0.009991 0.1752 0.30679 -0.062448 0.20035 0.14669 0.16493 0.23049 0.32629 0.062259 0.11132 0.18775 0.18065 0.10857 0.020986 0.32867 -0.085691 -0.041387 0.13969 0.38536
0.10566 0.098354 0.065551 0.12011 0.048667 -0.013994 -0.021714 0.013526 0.047323 0.097675 0.11438 0.081715 0.13805 0 -0.0095805 -0.026235 0.0049313 0.082796 -0.025226 0.12687 -0.042579 0.020126 0.0049278 -0.016929 -0.03275 -0.018734 -0.00026542 -0.0070008 0.031937 0.021739 -0.038494 -0.062218 -0.0055371 0.063354 0.033965 -0.047356 -0.0059789 0.062902 0.075484 0.081593 0.081712 0.029241 0.046581 0.042568 0.049663 0.026047 -0.0063441 0.090938 -0.041437 -0.018066 0.078191 0.127 -0.017202 0.10357 -0.0032896 0.021323 0.0076009 -0.018384 -0.014714 -0.008606 0.016893 -0.0075289 0.029835 0.027785 -0.018102 -0.035764 -0.010049 0.076245 0.08463 -0.034373 0.061944 0.074964 0.077815 0.084519 0.099776 0.040924 0.061885 0.061447 0.085604 0.012181 -0.0077881 0.12082 -0.025179 -0.023071 0.064547 0.13592
0.010222 0.0056599 0.032378 0.019149 -0.0078205 0.42952 0.16677 0.038613 0.077355 0.061211 0.0031324 0.036046 0.017463 -0.0095805 0 0.20172 0.045887 0.066197 0.059897 0.035387 0.11897 0.075547 0.11215 0.22808 0.22295 0.12824 0.32434 0.089707 0.075082 0.091508 0.30245 0.16108 0.27875 0.080523 -0.046798 -0.024955 -0.061038 0.054866 0.087563 0.079629 0.058158 0.26834 0.24201 -0.025841 0.14214 0.068023 0.1976 -0.096994 0.056774 0.1287 0.090565 0.076098 0.035409 0.045279 0.053743 0.065037 0.10187 0.20878 0.16319 0.12877 0.31086 0.07407 0.051137 0.08124 0.27221 0.14869 0.27739 0.070595 -0.099116 -0.066025 -0.081857 0.041387 0.11161 0.066903 0.054781 0.25456 0.18185 -0.058005 0.094054 0.056853 0.19687 -0.088004 0.032584 0.13684 0.095303 0.077624
-0.088474 -0.089099 -0.035542 -0.013706 -0.027563 0.15967 0.24054 0.0039902 -0.011666 -0.044623 -0.096686 -0.034797 -0.0051752 -0.026235 0.20172 0 0.010797 -0.0048345 0.11872 -0.036469 0.037379 0.026528 0.074669 0.16676 0.04171 0.11479 -0.0083787 0.0093093 0.0091038 0.029976 0.13012 0.11612 0.090506 0.024223 0.00070584 0.029405 0.042998 -0.051125 0.043972 -0.10086 0.062023 -0.024158 0.0041511 -0.11084 0.026957 0.030076 0.19055 -0.068583 0.039978 0.10146 0.010049 0.023494 0.10894 -0.036284 -0.02471 0.014788 0.044542 0.17176 -0.0068189 0.11154 -0.012884 0.0065706 -0.0055203 0.02264 0.095898 0.077886 0.1004 0.022813 -0.029174 -0.015011 0.0045605 -0.061022 0.058556 -0.11756 0.068677 -0.043568 -0.028953 -0.13904 -0.021602 0.037482 0.20623 -0.077216 0.028153 0.12667 0.0050424 0.022807
0.039744 0.04986 0.11419 0.08523 0.010276 0.04839 -0.0075436 0.1059 0.046686 0.027928 0.087734 0.13804 0.10793 0.0049313 0.045887 0.010797 0 0.061871 -0.025985 0.075539 -0.049168 0.022829 0.016432 -0.0026736 -0.016579 -0.032494 0.07721 0.034193 0.018092 0.026725 0.057278 -0.063836 0.013259 0.025446 -0.027447 -0.078468 -0.064363 0.041441 0.0063931 0.050715 -0.0071929 0.06949 0.11497 -0.015803 0.014104 0.0044538 0.010862 -0.033283 -0.010708 -0.012189 0.039498 0.055781 -0.0119 0.069264 -0.037999 0.022654 0.0088299 0.017417 -0.016756 -0.016459 0.068965 0.025771 0.018265 0.016723 0.050846 -0.035112 0.024008 0.028897 -0.019132 -0.10394 -0.026938 0.040568 -0.0015832 0.060248 -0.003054 0.067374 0.10874 0.012361 0.0085431 0.0038128 0.017096 0.010004 -0.01897 -0.0023308 0.0438 0.059434
0.24995 0.20482 0.14948 0.14706 0.055748 0.075305 -0.0246 0.061533 0.18876 0.216 0.23665 0.14871 0.15107 0.082796 0.066197 -0.0048345 0.061871 0 -0.052521 0.15352 0.032192 0.054614 0.045576 0.026802 0.056961 0.036441 0.11349 0.024915 0.089859 0.092054 0.022633 -0.027021 0.074026 0.084544 0.036235 -0.057054 -0.0059179 0.16094 0.087415 0.16838 0.082658 0.14838 0.1294 0.10339 0.08557 0.068125 0.022755 0.1353 -0.030742 0.021405 0.16239 0.18563 -0.0077704 0.17243 0.091229 0.064428 0.021776 0.018394 0.10175 0.041793 0.13682 0.02617 0.11209 0.087152 0.067001 0.02252 0.065597 0.12115 0.11573 0.0018579 0.08181 0.17566 0.084628 0.1931 0.098803 0.18295 0.13421 0.13849 0.15327 0.056965 0.027998 0.16375 0.0034892 0.0021172 0.12661 0.20676
-0.167 -0.09646 -0.030861 -0.061017 -0.023973 0.071681 0.14316 -0.027833 -0.038971 -0.073776 -0.17629 -0.071697 -0.055016 -0.025226 0.059897 0.11872 -0.025985 -0.052521 0 -0.041827 0.19651 0.062721 0.025805 0.26291 0.15047 0.21293 -0.14353 0.05911 0.054282 0.097405 0.034598 0.5442 -0.0012574 0.01504 0.4344 0.20678 0.53001 -0.017694 0.096779 -0.10246 0.15129 -0.054634 -0.12198 -0.047419 0.16856 0.064558 0.71808 0.16303 0.099202 0.15137 0.14662 0.11483 0.64938 -0.062148 -0.010298 0.052167 0.01991 0.22195 -0.0099169 0.14258 -0.17114 0.070158 -0.0048124 0.08656 -0.035671 0.29087 0.03052 0.01535 0.17231 0.13274 0.1996 -0.051507 0.14183 -0.16246 0.12343 -0.12256 -0.10063 -0.13306 0.0043652 0.058739 0.6087 -0.00065485 0.047406 0.15163 0.15648 0.088874
0.22614 0.25493 0.18695 0.28959 0.094091 0.039073 -0.030682 0.079292 0.15415 0.21588 0.27886 0.19426 0.26114 0.12687 0.035387 -0.036469 0.075539 0.15352 -0.041827 0 -0.10791 0.17735 0.04743 0.031397 -0.13122 -0.027711 -0.016384 0.0447 0.19754 0.1973 -0.092371 -0.25968 0.0058404 0.37069 0.2136 -0.22785 0.02582 0.27814 0.34432 0.3808 0.40935 0.066499 0.24579 0.23895 0.31321 0.27398 0.077266 0.38183 -0.12609 -0.044897 0.28808 0.55541 0.042893 0.56697 -0.10751 0.18609 0.011585 0.020366 -0.11614 0.0093015 0.025774 0.047445 0.16358 0.17764 -0.051039 -0.22776 0.02394 0.35768 0.31334 -0.23828 0.14364 0.2756 0.3017 0.41297 0.40536 0.13239 0.25024 0.22569 0.27897 0.22776 0.070934 0.46382 -0.1422 -0.079503 0.23113 0.53834
0.073817 0.062431 0.1341 -0.034032 0.0015597 0.13698 0.03695 -0.066054 0.017332 0.29652 -0.010744 0.069086 -0.04223 -0.042579 0.11897 0.037379 -0.049168 0.032192 0.19651 -0.10791 0 -0.16098 0.068253 0.15906 0.74919 0.5744 0.21146 -0.124 0.27335 -0.11523 0.10862 0.48447 0.17379 -0.08506 0.55188 0.45154 0.5141 -0.13811 0.01056 0.11563 0.12593 0.32088 -0.055509 0.70395 0.42503 0.35658 0.024041 0.43494 0.049784 -0.0054316 -0.037271 -0.061276 -0.03771 -0.13135 0.64907 -0.21459 0.058866 0.060579 0.52908 0.292 0.070299 -0.094316 0.089698 -0.12444 0.0412 0.2785 0.11568 -0.078319 0.20641 0.32204 0.15883 -0.13656 0.0017131 -0.01816 0.031696 0.15474 -0.12915 0.29616 0.078689 0.12247 0.0024067 0.050103 0.073221 0.014929 -0.019492 -0.10887
-0.015502 0.074182 0.006065 0.043698 0.007001 0.091311 0.028926 0.020305 0.067836 0.0068404 0.062132 -0.01885 0.039474 0.020126 0.075547 0.026528 0.022829 0.054614 0.062721 0.17735 -0.16098 0 0.017671 0.34968 -0.011576 -0.15363 0.096814 0.28554 0.033023 0.92765 0.008177 -0.15277 0.15552 0.32957 -0.047504 -0.19096 -0.10162 0.89424 0.30038 0.067169 0.29575 0.20462 0.07009 -0.048687 0.071016 0.64333 0.20087 -0.0053931 -0.050614 0.01892 0.215 0.24381 0.13976 0.17683 -0.25019 0.97633 -0.0023655 0.41647 -0.10472 -0.077681 0.11964 0.35964 -0.02184 0.92003 -0.012958 -0.19937 0.17595 0.31067 -0.042663 -0.24877 -0.10724 0.8599 0.35979 0.074948 0.33413 0.26198 0.08044 -0.10848 -0.012081 0.60681 0.19349 0.056732 -0.07759 0.019352 0.18722 0.22418
0.02916 0.027281 0.0093577 0.013953 0.012185 0.13513 0.077283 0.00045383 0.022642 0.057327 0.024656 -0.0033752 0.017407 0.0049278 0.11215 0.074669 0.016432 0.045576 0.025805 0.04743 0.068253 0.017671 0 0.16478 0.10796 0.13595 0.062905 0.030091 0.095119 0.041383 0.091871 0.096977 0.10041 0.037211 0.064467 0.032045 0.068081 0.023672 0.057047 0.044638 0.059634 0.049116 0.065127 0.039973 0.062802 0.088849 0.10324 0.057797 0.035762 0.10396 0.046715 0.10019 0.010332 0.026299 0.031365 0.0067901 0.055333 0.13029 0.069231 0.10991 0.060888 0.020104 0.056042 0.038136 0.08872 0.06707 0.087003 0.014201 0.047295 0.0071611 0.043183 0.01713 0.04398 0.033642 0.048603 0.061562 0.029397 -0.010034 0.040556 0.069961 0.073888 0.035349 0.015746 0.047217 0.030247 0.09184
-0.020577 -0.029409 -0.027293 0.00058539 -0.011432 0.21407 0.18175 -0.0053486 0.024862 -0.04161 -0.038504 -0.030045 0.00032646 -0.016929 0.22808 0.16676 -0.0026736 0.026802 0.26291 0.031397 0.15906 0.34968 0.16478 0 0.2725 0.3261 0.068213 0.50673 0.10488 0.5151 0.17098 0.16913 0.32799 0.11004 0.12384 0.030697 0.11133 0.30796 0.11552 -0.052165 0.1652 0.082395 0.042285 -0.040739 0.077256 0.51098 0.32731 0.0031665 0.067143 0.14579 0.12033 0.13689 0.26183 0.050267 0.035576 0.31891 0.10119 0.81307 0.16331 0.34863 0.076106 0.46592 0.073706 0.50668 0.13013 0.15714 0.35766 0.11769 0.12633 -0.035421 0.15615 0.23652 0.1742 -0.037118 0.22224 0.13295 0.037159 -0.090731 0.049564 0.5132 0.27789 0.016691 0.034273 0.1332 0.10255 0.1154
0.07327 0.076296 0.036748 -0.099208 -0.021929 0.23922 0.060169 -0.043147 0.042584 0.25299 0.019425 0.0092844 -0.10099 -0.03275 0.22295 0.04171 -0.016579 0.056961 0.15047 -0.13122 0.74919 -0.011576 0.10796 0.2725 0 0.53401 0.57974 -0.026685 0.17561 0.025941 0.34142 0.65768 0.42133 -0.067688 0.19826 0.38125 0.21573 -0.038683 -0.086268 0.24209 -0.15191 0.74607 0.13819 0.5103 0.37783 0.29952 0.0194 0.15897 0.20503 0.10508 -0.037985 -0.13346 -0.049857 -0.14959 0.50297 -0.091067 0.06599 0.15413 0.76955 0.29303 0.46292 -0.025419 0.038031 0.00058519 0.28829 0.52816 0.328 -0.07048 -0.044461 0.2243 0.011858 -0.053854 -0.10409 0.073983 -0.18724 0.56743 0.054174 0.1598 0.15752 0.065744 -0.011245 -0.10792 0.21643 0.13035 -0.015895 -0.16962
0.14279 0.069039 0.063088 0.019981 -0.00027288 0.12311 0.12894 -0.024367 0.02008 0.25633 0.0054665 0.045365 0.010647 -0.018734 0.12824 0.11479 -0.032494 0.036441 0.21293 -0.027711 0.5744 -0.15363 0.13595 0.3261 0.53401 0 -1.7855e-05 0.022226 0.25819 -0.10781 0.0725 0.42236 0.11413 -0.029917 0.4359 0.38329 0.46832 -0.13606 0.036182 0.049658 0.13888 -0.02066 -0.086042 0.40309 0.20108 0.35511 0.12737 0.42609 0.028406 0.10819 -0.015802 0.081141 0.059935 -0.029648 0.3421 -0.18235 0.082203 0.21393 0.32474 0.55472 -0.088689 -0.013908 0.15036 -0.11334 -0.010104 0.26463 0.049495 -0.039972 0.2325 0.24647 0.29585 -0.14976 0.012802 -0.0067629 0.069719 -0.06447 -0.11662 0.14313 0.0024668 0.22061 0.080592 0.19067 0.039314 0.075398 -0.0079394 0.039593
0.092092 0.13193 0.077868 0.003219 -0.013065 0.33635 0.003484 0.05152 0.11938 0.15079 0.13558 0.084188 -0.012842 -0.00026542 0.32434 -0.0083787 0.07721 0.11349 -0.14353 -0.016384 0.21146 0.096814 0.062905 0.068213 0.57974 -1.7855e-05 0 -0.012078 0.025108 0.088737 0.52028 0.25845 0.40511 0.048707 -0.2585 -0.029408 -0.25844 0.11436 0.012356 0.41046 -0.17023 0.83903 0.4708 0.076876 0.26437 -0.047295 -0.036128 -0.2201 0.18127 0.055259 0.090926 -0.073758 -0.17525 -0.0048224 0.089873 0.049556 0.053668 0.04045 0.38984 -0.046927 0.77962 0.013671 -0.04144 0.072956 0.48035 0.25256 0.32242 0.029313 -0.34505 -0.11337 -0.29262 0.13578 0.013021 0.27324 -0.17108 0.73703 0.3431 -0.053194 0.19175 -0.15456 -0.022473 -0.25957 0.12551 0.068267 0.071925 -0.095643
0.082055 0.084705 0.012379 0.045993 -0.0038539 0.093475 0.058166 0.019215 0.029686 -0.035421 0.082358 0.03356 0.072843 -0.0070008 0.089707 0.0093093 0.034193 0.024915 0.05911 0.0447 -0.124 0.28554 0.030091 0.50673 -0.026685 0.022226 -0.012078 0 0.052938 0.41968 0.065588 -0.0369 0.029211 0.04613 -0.016358 -0.030961 0.012528 0.35874 0.0011956 0.02085 0.06973 -0.072578 0.069959 -0.11355 -0.059996 0.28744 0.16459 -0.12172 -0.010684 0.04988 0.11744 0.12008 0.15635 0.092534 -0.082954 0.28804 0.016543 0.54175 -0.044564 0.12431 -0.0025467 0.95666 0.080304 0.36169 0.041898 0.01117 0.071792 0.051068 0.12065 -0.025603 0.11922 0.34872 0.10094 0.045554 0.17295 -0.012439 0.071653 -0.063797 0.010017 0.38576 0.13685 0.037914 0.015514 0.028968 0.099895 0.13674
0.195 0.15805 0.20437 0.14264 0.071333 0.077733 0.0061692 0.025653 0.07965 0.20636 0.13612 0.19449 0.13611 0.031937 0.075082 0.0091038 0.018092 0.089859 0.054282 0.19754 0.27335 0.033023 0.095119 0.10488 0.17561 0.25819 0.025108 0.052938 0 0.048415 0.044272 0.070214 0.057517 0.059456 0.4285 0.27005 0.46039 0.094403 0.040223 0.25884 0.11931 0.068233 0.17692 0.44818 0.27553 0.19192 0.058915 0.39997 -0.038408 0.037929 0.1221 0.3192 0.060047 0.19973 0.22039 0.019671 0.053455 0.065359 0.13967 0.1656 -0.026697 0.042332 0.39346 0.039859 0.025941 0.048782 0.011273 0.033352 0.37177 0.22897 0.43015 0.094686 0.033929 0.19435 0.10057 0.051119 0.14356 0.28447 0.20129 0.09264 0.044005 0.28365 0.0062312 -0.011419 0.10541 0.30288
0.012241 0.11791 0.022809 0.059525 0.0072943 0.11026 0.041051 0.0089063 0.096781 0.014104 0.11159 0.01227 0.053481 0.021739 0.091508 0.029976 0.026725 0.092054 0.097405 0.1973 -0.11523 0.92765 0.041383 0.5151 0.025941 -0.10781 0.088737 0.41968 0.048415 0 0.024776 -0.14298 0.21189 0.33512 -0.013083 -0.17545 -0.049155 0.92537 0.32497 0.083765 0.29502 0.1757 0.084286 -0.053324 0.065721 0.65984 0.22889 0.0239 -0.026429 0.017309 0.28086 0.27667 0.13982 0.18523 -0.19304 0.91837 0.0088112 0.55183 -0.050764 -0.010611 0.11569 0.47951 0.019083 0.93513 -0.0035289 -0.15551 0.23718 0.31648 0.031202 -0.20848 -0.024525 0.89134 0.38211 0.10255 0.34712 0.25375 0.085481 -0.092194 0.0172 0.64427 0.2098 0.12706 -0.05138 0.0031062 0.24692 0.2611
-0.14221 -0.023649 -0.00017484 -0.026774 -0.030605 0.29276 0.15539 0.065227 0.024836 -0.0039935 -0.047241 -0.034404 -0.06795 -0.038494 0.30245 0.13012 0.057278 0.022633 0.034598 -0.092371 0.10862 0.008177 0.091871 0.17098 0.34142 0.0725 0.52028 0.065588 0.044272 0.024776 0 0.38512 0.28973 -0.019166 -0.19775 0.079356 -0.1077 -0.010314 -0.0013507 0.0051818 -0.10076 0.43321 0.40388 -0.21487 0.25342 -0.11317 0.16413 -0.32328 0.29713 0.17786 0.011385 -0.10035 -0.049827 -0.10491 -0.13457 -0.0031708 0.034559 0.16279 0.09492 0.020554 0.40184 0.092266 -0.093832 0.015827 0.55615 0.24749 0.22992 -0.027819 -0.36622 -0.10072 -0.27582 -0.024243 0.012165 -0.10195 -0.12033 0.25918 0.24079 -0.38743 0.049064 -0.14277 0.12555 -0.36549 0.20841 0.16693 0.021472 -0.13406
-0.13123 -0.090517 -0.067133 -0.16382 -0.037875 0.19382 0.14868 -0.056786 -0.043813 0.046988 -0.1761 -0.12783 -0.17231 -0.062218 0.16108 0.11612 -0.063836 -0.027021 0.5442 -0.25968 0.48447 -0.15277 0.096977 0.16913 0.65768 0.42236 0.25845 -0.0369 0.070214 -0.14298 0.38512 0 0.14966 -0.18292 0.15951 0.62258 0.35084 -0.20473 -0.12282 -0.052373 -0.17841 0.30969 0.016193 -0.0073597 0.37792 -0.17076 0.31177 0.016348 0.3371 0.28622 -0.11198 -0.22783 0.17957 -0.28245 0.16988 -0.19836 0.063261 0.10167 0.32691 0.22626 0.10637 -0.020645 -0.065756 -0.13816 0.22206 0.73983 0.080769 -0.18298 -0.17967 0.39295 -0.05415 -0.22848 -0.11524 -0.20537 -0.22801 0.044947 -0.075102 -0.25954 0.067733 -0.21298 0.21943 -0.27775 0.3175 0.2609 -0.080276 -0.24544
0.017602 0.029094 -0.012141 -0.01134 -0.011099 0.27366 0.072552 0.030968 0.074104 0.06351 0.030087 -0.0099395 -0.014327 -0.0055371 0.27875 0.090506 0.013259 0.074026 -0.0012574 0.0058404 0.17379 0.15552 0.10041 0.32799 0.42133 0.11413 0.40511 0.029211 0.057517 0.21189 0.28973 0.14966 0 0.099088 -0.053419 -0.024275 -0.075107 0.13426 0.053581 0.069713 -0.029105 0.45836 0.21873 0.056973 0.15293 0.14344 0.12203 -0.08786 0.077414 0.096774 0.085643 0.024719 0.0072179 0.0021116 0.11875 0.11467 0.06666 0.27926 0.30927 0.11054 0.39635 0.029222 0.011794 0.20028 0.29145 0.18056 0.45097 0.078129 -0.095358 -0.033379 -0.048696 0.11111 0.036239 0.047868 -0.029837 0.42986 0.15715 -0.011691 0.13396 0.069923 0.11676 -0.10291 0.07895 0.10422 0.067291 -0.0052613
0.14619 0.17561 0.064159 0.20672 0.023379 0.073951 0.019266 0.047971 0.13144 0.21372 0.12357 0.050907 0.17896 0.063354 0.080523 0.024223 0.025446 0.084544 0.01504 0.37069 -0.08506 0.32957 0.037211 0.11004 -0.067688 -0.029917 0.048707 0.04613 0.059456 0.33512 -0.019166 -0.18292 0.099088 0 0.13842 -0.21676 0.00061605 0.39348 0.52275 0.23384 0.59125 0.16943 0.080744 0.12739 0.2933 0.36797 0.18868 0.34735 -0.060979 -0.010259 0.36418 0.47734 0.072953 0.33931 -0.10675 0.30183 0.0011121 0.099152 -0.082262 -0.019897 0.077745 0.041906 0.027747 0.30532 -0.029086 -0.19795 0.12558 0.75621 0.19602 -0.22684 0.075366 0.36975 0.45362 0.30217 0.53775 0.2204 0.075499 0.11773 0.22812 0.29846 0.19014 0.41181 -0.10167 -0.028316 0.31649 0.45087
0.11974 0.1468 0.24875 0.19766 0.073087 -0.04049 0.0068874 -0.033021 0.058522 0.25419 0.063244 0.20816 0.17064 0.033965 -0.046798 0.00070584 -0.027447 0.036235 0.4344 0.2136 0.55188 -0.047504 0.064467 0.12384 0.19826 0.4359 -0.2585 -0.016358 0.4285 -0.013083 -0.19775 0.15951 -0.053419 0.13842 0 0.34477 0.84285 0.035475 0.15296 0.089573 0.42666 -0.12832 -0.15458 0.57729 0.46685 0.32229 0.23255 0.70312 -0.077677 -0.011715 0.13201 0.40794 0.24608 0.2076 0.32452 -0.064941 0.027664 0.055728 0.074434 0.19384 -0.31166 -0.025473 0.29119 -0.018339 -0.23999 -0.022033 -0.058198 0.12626 0.69025 0.23727 0.59437 0.023435 0.14664 0.02883 0.36282 -0.17827 -0.14776 0.2677 0.20309 0.20509 0.18095 0.48192 -0.056032 -0.048673 0.13197 0.3684
-0.067049 -0.070851 -0.012977 -0.1083 -0.00028036 0.01305 0.065684 -0.087001 -0.057884 0.07811 -0.14775 -0.054642 -0.12357 -0.047356 -0.024955 0.029405 -0.078468 -0.057054 0.20678 -0.22785 0.45154 -0.19096 0.032045 0.030697 0.38125 0.38329 -0.029408 -0.030961 0.27005 -0.17545 0.079356 0.62258 -0.024275 -0.21676 0.34477 0 0.60515 -0.17796 -0.16643 -0.11078 -0.1248 -0.07037 -0.15756 0.17257 0.21789 -0.12179 -0.019263 0.15078 0.16262 0.092463 -0.11316 -0.15599 -0.045057 -0.23716 0.20127 -0.19371 0.033661 -0.010493 0.13268 0.16681 -0.1758 -0.037115 0.11222 -0.17724 -0.025324 0.29721 -0.048729 -0.20727 0.039746 0.58066 0.21141 -0.1859 -0.14685 -0.21871 -0.1511 -0.26707 -0.2257 -0.12488 -0.064821 -0.16886 -0.047908 -0.10588 0.13024 0.074589 -0.096915 -0.16063
0.015672 0.030329 0.14244 0.063127 0.04981 -0.028657 0.061762 -0.079364 -0.0040841 0.18919 -0.04444 0.11099 0.050254 -0.0059789 -0.061038 0.042998 -0.064363 -0.0059179 0.53001 0.02582 0.5141 -0.10162 0.068081 0.11133 0.21573 0.46832 -0.25844 0.012528 0.46039 -0.049155 -0.1077 0.35084 -0.075107 0.00061605 0.84285 0.60515 0 -0.049637 0.00085768 -0.035849 0.26189 -0.23487 -0.22533 0.38546 0.32857 0.1841 0.2381 0.56394 0.02081 0.031835 0.0077396 0.20641 0.27249 -0.011927 0.25457 -0.10509 0.043924 0.048994 -0.0069755 0.23133 -0.34407 0.010562 0.27933 -0.05976 -0.18821 0.066335 -0.089053 -0.0059676 0.50575 0.4524 0.60605 -0.06171 0.036548 -0.11942 0.17607 -0.32537 -0.2324 0.065797 -0.0065403 0.096065 0.16329 0.25182 -0.021973 -0.0065838 0.030112 0.18145
0.12422 0.21712 0.090755 0.13096 0.052725 0.074649 -0.007182 0.043553 0.16665 0.12786 0.23226 0.092016 0.12981 0.062902 0.054866 -0.051125 0.041441 0.16094 -0.017694 0.27814 -0.13811 0.89424 0.023672 0.30796 -0.038683 -0.13606 0.11436 0.35874 0.094403 0.92537 -0.010314 -0.20473 0.13426 0.39348 0.035475 -0.17796 -0.049637 0 0.40948 0.19866 0.38111 0.21187 0.11045 0.00024076 0.094172 0.57868 0.13134 0.11447 -0.067904 -0.019806 0.33149 0.36479 0.037523 0.27735 -0.17928 0.86164 0.0041768 0.34424 -0.075899 -0.060417 0.14105 0.43971 0.075847 0.89223 -0.021488 -0.20769 0.15135 0.37837 0.081536 -0.18518 -0.00091359 0.9719 0.45147 0.22442 0.42983 0.28064 0.12306 -0.0046611 0.065213 0.55739 0.10758 0.25331 -0.072592 -0.051341 0.29629 0.35977
0.1211 0.15301 0.038752 0.23277 0.079129 0.093715 0.051555 0.023617 0.11212 0.30998 0.080758 0.039216 0.15727 0.075484 0.087563 0.043972 0.0063931 0.087415 0.096779 0.34432 0.01056 0.30038 0.057047 0.11552 -0.086268 0.036182 0.012356 0.0011956 0.040223 0.32497 -0.0013507 -0.12282 0.053581 0.52275 0.15296 -0.16643 0.00085768 0.40948 0 0.097938 0.90157 0.074116 0.015067 0.094208 0.31535 0.45265 0.33999 0.44984 -0.027803 0.036564 0.50904 0.6307 0.11054 0.31241 -0.13346 0.26541 0.0096545 0.098113 -0.14772 -0.002102 -0.00082042 -0.003505 -0.023927 0.28931 -0.040463 -0.21165 0.072143 0.47217 0.14233 -0.23369 -0.03878 0.35955 0.90709 0.15689 0.80974 0.076612 -0.0059962 -0.0038366 0.16256 0.34497 0.29404 0.44739 -0.11013 -0.011397 0.42375 0.53231
0.34883 0.32421 0.18649 0.18429 0.08462 0.096497 -0.10714 0.064019 0.17706 0.2905 0.3252 0.20911 0.19119 0.081593 0.079629 -0.10086 0.050715 0.16838 -0.10246 0.3808 0.11563 0.067169 0.044638 -0.052165 0.24209 0.049658 0.41046 0.02085 0.25884 0.083765 0.0051818 -0.052373 0.069713 0.23384 0.089573 -0.11078 -0.035849 0.19866 0.097938 0 0.069088 0.53054 0.33879 0.4172 0.28414 0.15512 -0.071095 0.33838 -0.055574 -0.046032 0.18843 0.32052 -0.089106 0.35343 0.16353 0.05988 0.048599 -0.07205 0.27204 0.060752 0.39931 0.014035 0.22507 0.048256 0.092448 0.044144 0.033153 0.1946 0.16123 -0.074341 0.10142 0.21236 0.073705 0.67603 0.084751 0.504 0.31027 0.41452 0.32166 0.051223 -0.048543 0.33416 -0.062989 -0.079347 0.17269 0.32259
0.14187 0.16144 0.11562 0.32511 0.098646 0.049873 0.058344 0.013381 0.098249 0.32659 0.10763 0.097902 0.26253 0.081712 0.058158 0.062023 -0.0071929 0.082658 0.15129 0.40935 0.12593 0.29575 0.059634 0.1652 -0.15191 0.13888 -0.17023 0.06973 0.11931 0.29502 -0.10076 -0.17841 -0.029105 0.59125 0.42666 -0.1248 0.26189 0.38111 0.90157 0.069088 0 -0.11246 -0.059167 0.17244 0.44647 0.53074 0.33212 0.58769 -0.075728 0.0026247 0.43704 0.65867 0.18129 0.36683 -0.064668 0.26249 0.0088461 0.14308 -0.23222 0.040762 -0.17013 0.068734 0.066244 0.2753 -0.14912 -0.27977 0.028216 0.55859 0.38547 -0.21157 0.15241 0.3458 0.8387 0.12762 0.92422 -0.062145 -0.066543 0.067113 0.25503 0.45513 0.28995 0.54321 -0.13731 -0.035827 0.35499 0.58414
0.17998 0.1868 0.085269 0.021122 -0.00064362 0.2747 -0.028124 0.047306 0.14712 0.24399 0.18719 0.067966 0.0095136 0.029241 0.26834 -0.024158 0.06949 0.14838 -0.054634 0.066499 0.32088 0.20462 0.049116 0.082395 0.74607 -0.02066 0.83903 -0.072578 0.068233 0.1757 0.43321 0.30969 0.45836 0.16943 -0.12832 -0.07037 -0.23487 0.21187 0.074116 0.53054 -0.11246 0 0.44558 0.28367 0.3943 0.10205 0.0067364 -0.021423 0.18625 0.056421 0.10089 0.0066196 -0.09646 0.059741 0.19776 0.14714 0.054798 0.053165 0.58004 -0.025066 0.79404 -0.0068784 -0.026497 0.1626 0.42807 0.35531 0.377 0.1339 -0.25186 -0.12514 -0.25409 0.21319 0.051339 0.4046 -0.11499 0.93486 0.35756 0.11923 0.33811 -0.061429 0.024109 -0.087745 0.16908 0.092167 0.1132 -0.020901
0.082064 0.14991 0.15819 0.10513 0.040473 0.23158 0.0043443 0.12083 0.1209 0.069747 0.17819 0.16351 0.093124 0.046581 0.24201 0.0041511 0.11497 0.1294 -0.12198 0.24579 -0.055509 0.07009 0.065127 0.042285 0.13819 -0.086042 0.4708 0.069959 0.17692 0.084286 0.40388 0.016193 0.21873 0.080744 -0.15458 -0.15756 -0.22533 0.11045 0.015067 0.33879 -0.059167 0.44558 0 0.017145 0.33624 -0.043571 0.025694 -0.1019 0.06553 0.044997 0.14238 0.14538 -0.095619 0.24533 -0.073099 0.061109 0.044915 0.032853 0.077016 -0.05411 0.43508 0.073465 0.12418 0.068874 0.41637 0.089456 0.16404 0.067287 -0.13607 -0.17226 -0.12882 0.11146 0.0079737 0.29132 -0.041955 0.3925 0.56549 0.0013309 0.3092 -0.083839 0.045788 -0.046268 0.043981 0.047079 0.13045 0.13467
0.35251 0.22187 0.26119 0.15223 0.071728 0.00020459 -0.12906 -0.005919 0.096709 0.46939 0.18616 0.22508 0.13517 0.042568 -0.025841 -0.11084 -0.015803 0.10339 -0.047419 0.23895 0.70395 -0.048687 0.039973 -0.040739 0.5103 0.40309 0.076876 -0.11355 0.44818 -0.053324 -0.21487 -0.0073597 0.056973 0.12739 0.57729 0.17257 0.38546 0.00024076 0.094208 0.4172 0.17244 0.28367 0.017145 0 0.46428 0.40414 -0.11059 0.67597 -0.13319 -0.11492 0.075767 0.25922 -0.06569 0.19369 0.52508 -0.07895 0.030663 -0.083677 0.40023 0.20209 -0.00023317 -0.10091 0.26956 -0.070229 -0.17025 0.023016 0.0076594 0.1075 0.42008 0.15053 0.28473 0.015713 0.03707 0.34237 0.1202 0.24485 -0.0008864 0.71613 0.22281 0.18484 -0.088438 0.42686 -0.092457 -0.13433 0.064154 0.20316
0.047133 0.18462 0.21655 0.16299 0.066343 0.16028 0.040584 0.010264 0.083267 0.29422 0.088009 0.13243 0.11892 0.049663 0.14214 0.026957 0.014104 0.08557 0.16856 0.31321 0.42503 0.071016 0.062802 0.077256 0.37783 0.20108 0.26437 -0.059996 0.27553 0.065721 0.25342 0.37792 0.15293 0.2933 0.46685 0.21789 0.32857 0.094172 0.31535 0.28414 0.44647 0.3943 0.33624 0.46428 0 0.26352 0.12478 0.44485 0.12271 0.053542 0.16431 0.28244 -0.0054175 0.24478 0.099661 0.023571 0.040346 0.0325 0.072552 0.048243 0.12827 -0.03215 0.031665 0.049143 0.11691 0.097415 0.12622 0.28732 0.12889 -0.054471 0.022634 0.077859 0.25301 0.15412 0.34863 0.17906 0.18178 0.042705 0.51198 0.11638 0.12122 0.17731 0.080335 0.040449 0.15174 0.22008
0.22367 0.13384 0.068129 0.13382 0.019754 0.072467 0.03199 0.0072437 0.067926 0.29576 0.1041 0.085228 0.11868 0.026047 0.068023 0.030076 0.0044538 0.068125 0.064558 0.27398 0.35658 0.64333 0.088849 0.51098 0.29952 0.35511 -0.047295 0.28744 0.19192 0.65984 -0.11317 -0.17076 0.14344 0.36797 0.32229 -0.12179 0.1841 0.57868 0.45265 0.15512 0.53074 0.10205 -0.043571 0.40414 0.26352 0 0.098981 0.53519 -0.086794 -0.017873 0.19162 0.37621 0.088263 0.2602 0.17133 0.59879 0.043178 0.47759 0.16691 0.30759 -0.0072566 0.25403 0.11443 0.65609 -0.11295 -0.17926 0.16475 0.34808 0.34727 -0.14007 0.19848 0.55553 0.4058 0.18292 0.50701 0.22353 -0.029189 0.2491 0.14323 0.94052 0.055839 0.46912 -0.081408 -0.040976 0.17071 0.34001
-0.13688 -0.07171 -0.05525 0.010939 0.010671 0.19554 0.21737 0.010149 0.011947 -0.097432 -0.11773 -0.067141 -0.0047793 -0.0063441 0.1976 0.19055 0.010862 0.022755 0.71808 0.077266 0.024041 0.20087 0.10324 0.32731 0.0194 0.12737 -0.036128 0.16459 0.058915 0.22889 0.16413 0.31177 0.12203 0.18868 0.23255 -0.019263 0.2381 0.13134 0.33999 -0.071095 0.33212 0.0067364 0.025694 -0.11059 0.12478 0.098981 0 0.10684 0.055253 0.20242 0.5749 0.34231 0.59196 0.076956 -0.097352 0.17484 0.065562 0.31527 -0.085018 0.069382 -0.059633 0.13821 0.02125 0.20656 0.094719 0.1435 0.15139 0.21147 0.14876 -0.06513 0.092524 0.063077 0.37375 -0.062516 0.34085 -0.00044753 0.036354 -0.1524 0.057038 0.13107 0.85378 0.094208 0.013141 0.17987 0.47892 0.29978
0.3597 0.25787 0.19615 0.26267 0.10496 -0.082379 -0.069228 -0.0049985 0.11675 0.4049 0.23281 0.18713 0.24129 0.090938 -0.096994 -0.068583 -0.033283 0.1353 0.16303 0.38183 0.43494 -0.0053931 0.057797 0.0031665 0.15897 0.42609 -0.2201 -0.12172 0.39997 0.0239 -0.32328 0.016348 -0.08786 0.34735 0.70312 0.15078 0.56394 0.11447 0.44984 0.33838 0.58769 -0.021423 -0.1019 0.67597 0.44485 0.53519 0.10684 0 -0.12552 -0.066931 0.29098 0.6081 0.15938 0.36224 0.33905 -0.025524 0.023094 -0.068808 0.19515 0.27156 -0.22187 -0.10084 0.31027 0.007622 -0.30415 0.018751 -0.081563 0.30286 0.65217 0.17872 0.5196 0.11399 0.34759 0.31793 0.51217 0.037143 -0.072814 0.51304 0.33636 0.37205 0.092453 0.854 -0.081649 -0.10156 0.22638 0.54366
-0.10115 -0.040523 -0.042511 -0.069227 -0.033246 0.063189 0.038011 0.0031744 -0.021274 -0.015326 -0.078264 -0.069859 -0.087934 -0.041437 0.056774 0.039978 -0.010708 -0.030742 0.099202 -0.12609 0.049784 -0.050614 0.035762 0.067143 0.20503 0.028406 0.18127 -0.010684 -0.038408 -0.026429 0.29713 0.3371 0.077414 -0.060979 -0.077677 0.16262 0.02081 -0.067904 -0.027803 -0.055574 -0.075728 0.18625 0.06553 -0.13319 0.12271 -0.086794 0.055253 -0.12552 0 0.095623 -0.074884 -0.14222 0.0092184 -0.14298 -0.084514 -0.042493 0.0089377 0.055045 0.02571 0.008126 0.11685 0.0025559 -0.099524 -0.027981 0.18398 0.21328 0.045609 -0.060923 -0.1856 0.046845 -0.14608 -0.060728 -0.012942 -0.14202 -0.093319 0.05308 0.012349 -0.25975 -0.0078355 -0.074472 0.04315 -0.20838 0.2115 0.094901 -0.04374 -0.15471
-0.06792 -0.051877 -0.052287 -0.021762 -0.025568 0.14483 0.12028 0.0011843 -0.016798 -0.011405 -0.071429 -0.067281 -0.047735 -0.018066 0.1287 0.10146 -0.012189 0.021405 0.15137 -0.044897 -0.0054316 0.01892 0.10396 0.14579 0.10508 0.10819 0.055259 0.04988 0.037929 0.017309 0.17786 0.28622 0.096774 -0.010259 -0.011715 0.092463 0.031835 -0.019806 0.036564 -0.046032 0.0026247 0.056421 0.044997 -0.11492 0.053542 -0.017873 0.20242 -0.066931 0.095623 0 0.019792 0.0075179 0.082658 -0.058303 -0.06267 0.011957 0.032496 0.12516 0.019456 0.085135 0.041326 0.043443 -0.036004 0.027581 0.13454 0.20697 0.068338 -0.014967 -0.056063 0.021476 -0.044289 -0.028559 0.025686 -0.091432 -0.011104 0.018354 0.011509 -0.16025 0.028025 -0.017328 0.17583 -0.099118 0.097012 0.16564 0.0088448 -0.0026124
0.04747 0.18049 0.073769 0.15256 0.059543 0.10648 0.014415 0.044432 0.12137 0.048857 0.17768 0.072488 0.1448 0.078191 0.090565 0.010049 0.039498 0.16239 0.14662 0.28808 -0.037271 0.215 0.046715 0.12033 -0.037985 -0.015802 0.090926 0.11744 0.1221 0.28086 0.011385 -0.11198 0.085643 0.36418 0.13201 -0.11316 0.0077396 0.33149 0.50904 0.18843 0.43704 0.10089 0.14238 0.075767 0.16431 0.19162 0.5749 0.29098 -0.074884 0.019792 0 0.51991 0.22204 0.31045 -0.015498 0.20998 0.037991 0.13018 -0.013531 -0.010923 0.078085 0.10042 0.12824 0.2535 0.031728 -0.083702 0.10374 0.34956 0.2069 -0.10077 0.099977 0.29831 0.48051 0.24108 0.43695 0.15795 0.14966 0.081165 0.18518 0.18611 0.54284 0.38131 -0.059489 -0.017483 0.65239 0.47988
0.24325 0.30124 0.19168 0.36398 0.14041 0.070996 0.025773 0.082467 0.18713 0.24038 0.29297 0.19775 0.33423 0.127 0.076098 0.023494 0.055781 0.18563 0.11483 0.55541 -0.061276 0.24381 0.10019 0.13689 -0.13346 0.081141 -0.073758 0.12008 0.3192 0.27667 -0.10035 -0.22783 0.024719 0.47734 0.40794 -0.15599 0.20641 0.36479 0.6307 0.32052 0.65867 0.0066196 0.14538 0.25922 0.28244 0.37621 0.34231 0.6081 -0.14222 0.0075179 0.51991 0 0.18843 0.53599 -0.042299 0.23472 0.057578 0.098275 -0.093993 0.063996 -0.047137 0.11048 0.30339 0.25278 -0.089439 -0.1896 0.045593 0.45003 0.51571 -0.11548 0.34764 0.35127 0.56357 0.38377 0.63525 0.10677 0.15941 0.25305 0.29516 0.32697 0.30534 0.66525 -0.13922 -0.037112 0.41745 0.77696
-0.052812 -0.11273 -0.044247 -0.013481 -0.014001 0.023429 0.092028 -0.017623 -0.031823 -0.15567 -0.13056 -0.030884 0.019823 -0.017202 0.035409 0.10894 -0.0119 -0.0077704 0.64938 0.042893 -0.03771 0.13976 0.010332 0.26183 -0.049857 0.059935 -0.17525 0.15635 0.060047 0.13982 -0.049827 0.17957 0.0072179 0.072953 0.24608 -0.045057 0.27249 0.037523 0.11054 -0.089106 0.18129 -0.09646 -0.095619 -0.06569 -0.0054175 0.088263 0.59196 0.15938 0.0092184 0.082658 0.22204 0.18843 0 0.052116 0.076441 0.14526 0.022938 0.28828 0.078413 0.16378 -0.15847 0.11804 0.10396 0.13611 -0.031793 0.34663 0.032015 0.085656 0.40019 0.11013 0.43868 0.00054592 0.15509 -0.044918 0.23639 -0.0174 -0.044887 -0.0084191 0.19584 0.11047 0.71882 0.19696 0.023203 0.14522 0.1959 0.18163
