0 0.33039 0.2663 0.2805 0.086611 -0.011444 -0.091564 0.05933 0.20742 0.71778 0.41208 0.3571 0.29489 0.1141 -0.0013241 -0.096283 0.040781 0.26303 -0.158 0.23515 0.060782 -0.02378 0.022507 -0.060494 0.057275 0.13614 0.087241 0.021024 0.18672 -0.0022267 -0.16057 -0.12271 0.0093487 0.12701 0.091123 -0.066282 0.014707 0.11192 0.064668 0.36326 0.080321 0.17889 0.088212 0.36294 0.027924 0.18057 -0.17983 0.35256 -0.10599 -0.065045 0.032473 0.22898 -0.035107 0.27675 0.41767 -0.019465 0.035322 -0.082268 0.3673 0.24984 0.18613 -0.0012768 0.32088 -0.035693 -0.034717 0.11857 0.02156 0.14191 0.39416 0.19562 0.30054 0.13071 0.06795 0.45024 0.18709 0.31303 0.17191 0.59401 0.39159 0.19394 -0.12362 0.53313 -0.008863 -0.086232 0.048816 0.28054
0.33039 0 0.2461 0.26888 0.11262 0.013695 -0.079253 0.072633 0.22257 0.34826 0.49111 0.26235 0.25416 0.09758 -0.0038064 -0.096236 0.05539 0.21096 -0.11028 0.25753 0.043342 0.091602 0.018568 -0.054802 0.061927 0.042591 0.14047 0.077109 0.14166 0.13099 -0.033143 -0.11198 0.012366 0.17744 0.10757 -0.068243 0.0068682 0.23028 0.13707 0.33179 0.1191 0.1905 0.15757 0.21149 0.15839 0.12583 -0.11384 0.22927 -0.049488 -0.055536 0.16499 0.28501 -0.11938 0.25078 0.062543 0.091066 0.015417 -0.077203 0.065955 -0.0050678 0.13284 0.069559 0.12839 0.087167 -0.014609 -0.093458 -0.016289 0.11041 0.15307 -0.033932 0.071579 0.26395 0.085972 0.3122 0.097909 0.18534 0.14789 0.18365 0.16206 0.063659 -0.12064 0.22001 -0.052927 -0.074848 0.15311 0.25965
0.2663 0.2461 0 0.39388 0.10581 0.035351 -0.019238 0.14742 0.14323 0.2874 0.27001 0.58008 0.38057 0.067218 0.032423 -0.030279 0.11793 0.15306 -0.032499 0.20229 0.11876 0.0032984 0.010577 -0.039612 0.031357 0.049303 0.082609 0.0056554 0.19204 0.024083 -0.0084314 -0.073188 -0.026683 0.052633 0.22692 -0.011182 0.1372 0.090279 0.010295 0.20169 0.079844 0.083609 0.17123 0.24933 0.19367 0.058204 -0.073094 0.18267 -0.052914 -0.047803 0.069415 0.18321 -0.028965 0.17353 0.11098 -0.012443 0.034241 -0.063101 0.027858 0.025201 0.067052 0.0095313 0.16282 -0.0073806 0.0012876 -0.077914 -0.016747 0.02748 0.19483 -0.023717 0.13642 0.098873 -0.011725 0.19864 0.087914 0.075842 0.12293 0.17223 0.15456 0.0053267 -0.067209 0.17713 -0.063959 -0.055125 0.080819 0.1731
0.2805 0.26888 0.39388 0 0.19786 0.01186 -0.0070657 0.10973 0.14045 0.26091 0.27829 0.37835 0.64578 0.12568 0.0082875 -0.014263 0.096407 0.14816 -0.053389 0.29596 -0.031471 0.034945 0.0098618 -0.023839 -0.08974 0.01267 0.0076967 0.023015 0.14721 0.046758 -0.029979 -0.15965 -0.022006 0.197 0.1756 -0.091939 0.062968 0.12621 0.1854 0.21148 0.27701 0.036008 0.12919 0.15524 0.15983 0.11396 -0.027619 0.24561 -0.07112 -0.019656 0.12665 0.34673 -0.016002 0.28045 0.01662 0.037229 0.011487 -0.038353 -0.045221 -0.014359 0.025158 0.026698 0.15212 0.026519 -0.022684 -0.1327 0.0083879 0.15738 0.25835 -0.060143 0.15275 0.14415 0.11995 0.24886 0.26394 0.078036 0.13424 0.17747 0.18421 0.08758 -0.039536 0.30526 -0.0674 -0.057745 0.12439 0.34632
0.086611 0.11262 0.10581 0.19786 0 -0.0042126 -0.020992 0.021246 0.0564 0.097487 0.10344 0.11584 0.17074 0.044944 -0.0046093 -0.028204 0.023738 0.061845 -0.016218 0.10695 0.00044732 0.0033307 0.0098559 -0.012516 -0.018044 0.0037309 -0.0063937 -0.0094492 0.071468 0.0070481 -0.027113 -0.035345 -0.0099155 0.024162 0.071416 0.0042261 0.052603 0.051182 0.071455 0.090679 0.087761 0.01056 0.056773 0.072047 0.065335 0.013676 0.0053699 0.10798 -0.028515 -0.020957 0.062141 0.1425 -0.0078852 0.11215 -0.016026 -0.002502 -0.013307 -0.033596 -0.034864 -0.011747 -0.0033218 -0.0027581 0.063999 -0.0070834 -0.02038 -0.045206 -0.018727 0.028439 0.085685 -0.0075118 0.063974 0.05348 0.053638 0.077929 0.078293 0.0015743 0.028306 0.044823 0.051866 -0.0087013 -0.010274 0.10453 -0.040643 -0.025098 0.045587 0.13024
-0.011444 0.013695 0.035351 0.01186 -0.0042126 0 0.16605 0.022693 0.087466 0.056362 -0.0024979 0.023802 0.0025768 -0.017078 0.43579 0.16832 0.039645 0.069523 0.070734 0.044937 0.15043 0.099986 0.13374 0.22136 0.24624 0.12788 0.3428 0.12492 0.088347 0.1251 0.29861 0.21035 0.2755 0.071992 -0.030731 0.024962 -0.019843 0.087773 0.089284 0.099564 0.056296 0.27421 0.22928 0.00033781 0.17789 0.081075 0.21998 -0.069609 0.056136 0.15112 0.11807 0.082564 0.033021 0.026351 0.01183 0.077645 0.088725 0.21151 0.12735 0.09016 0.28877 0.12973 0.016348 0.11318 0.27341 0.13792 0.23474 0.068059 -0.11286 -0.05006 -0.090843 0.063648 0.095622 0.037699 0.049951 0.22566 0.15476 -0.089303 0.076526 0.044893 0.18591 -0.10478 0.05025 0.1223 0.10039 0.050727
-0.091564 -0.079253 -0.019238 -0.0070657 -0.020992 0.16605 0 -0.0089841 -0.007402 -0.041765 -0.10418 -0.043473 -0.027022 -0.024087 0.17336 0.25142 -0.010853 -0.031706 0.15423 -0.038698 0.046992 0.026972 0.074226 0.17922 0.068621 0.1312 0.0039823 0.065665 0.015709 0.036725 0.16663 0.168 0.070294 0.0157 0.022282 0.077303 0.070809 -0.014256 0.052618 -0.12112 0.068766 -0.032262 0.00095325 -0.12903 0.063058 0.029202 0.23536 -0.061915 0.046929 0.13385 0.015672 0.027845 0.093801 -0.050358 -0.063341 0.016772 0.025855 0.15683 -0.033644 0.073507 -0.028113 0.05549 -0.023159 0.034261 0.089631 0.08881 0.056228 0.020167 -0.058221 -0.019161 -0.02734 -0.033714 0.056162 -0.13702 0.067799 -0.057163 -0.021954 -0.18962 -0.02063 0.034859 0.18914 -0.12433 0.028919 0.11091 0.0019351 -0.0045157
0.05933 0.072633 0.14742 0.10973 0.021246 0.022693 -0.0089841 0 0.05484 0.03906 0.075331 0.12999 0.10658 0.015441 0.034823 0.0035948 0.10855 0.06621 -0.034375 0.093081 -0.058904 0.024529 -0.0003658 -0.009122 -0.046135 -0.023617 0.055045 0.019157 0.025078 0.012989 0.067018 -0.059775 0.023304 0.048483 -0.025981 -0.084526 -0.074734 0.048451 0.024308 0.069647 0.016736 0.044543 0.11972 -0.0013952 0.01064 0.0095649 0.0052857 0.0013822 -0.0048151 0.00097748 0.045604 0.087418 -0.021059 0.075383 -0.040514 0.026811 -0.0029817 -0.00028093 -0.024032 0.0040891 0.068673 0.033578 0.031963 0.0057625 0.064726 -0.042336 0.011142 0.047255 0.0012606 -0.086742 -0.014469 0.055298 0.016215 0.077724 0.037451 0.05722 0.099761 0.018455 0.03179 0.0095549 0.014492 0.057122 -0.017618 0.0024119 0.057706 0.091356
0.20742 0.22257 0.14323 0.14045 0.0564 0.087466 -0.007402 0.05484 0 0.2214 0.23079 0.1306 0.13474 0.048609 0.071407 -0.020761 0.051698 0.1986 -0.046693 0.16417 0.007518 0.067877 0.017169 0.003341 0.030923 0.0086773 0.12789 0.022561 0.0768 0.097175 0.020772 -0.054065 0.064921 0.12499 0.035707 -0.05949 -0.014362 0.17193 0.098071 0.19073 0.073907 0.15207 0.13425 0.10127 0.075219 0.055525 -0.0024427 0.11297 -0.029971 -0.019003 0.12298 0.18103 -0.033852 0.17072 0.043777 0.061443 0.028672 -0.013565 0.057404 0.018864 0.14622 0.0156 0.089999 0.084417 0.059316 -0.014262 0.034212 0.077956 0.083388 -0.032931 0.037539 0.17854 0.075902 0.18442 0.069182 0.1726 0.13666 0.10522 0.12193 0.021581 -0.0016011 0.14969 -0.03797 -0.0055258 0.12304 0.17365
0.71778 0.34826 0.2874 0.26091 0.097487 0.056362 -0.041765 0.03906 0.2214 0 0.32081 0.2826 0.21983 0.099581 0.048991 -0.05388 0.030995 0.22986 -0.073656 0.22988 0.26196 0.0068163 0.048938 -0.083953 0.21299 0.22862 0.14304 -0.062051 0.20398 0.011454 -0.022203 0.045428 0.040632 0.19448 0.22749 0.093984 0.18926 0.12749 0.26179 0.31005 0.27624 0.23001 0.082973 0.45499 0.27122 0.25068 -0.13013 0.38797 -0.024527 -0.0055097 0.036735 0.22918 -0.1454 0.17229 0.13607 -0.0019849 0.027114 -0.099212 0.11755 0.12366 0.098361 -0.03581 0.10173 0.00052271 -0.02344 0.00043973 0.024554 0.13307 0.14893 0.037755 0.052745 0.14359 0.15058 0.26364 0.17112 0.14717 0.052892 0.23816 0.092529 0.088883 -0.10786 0.33149 -0.044715 -0.060593 0.05465 0.19319
0.41208 0.49111 0.27001 0.27829 0.10344 -0.0024979 -0.10418 0.075331 0.23079 0.32081 0 0.32376 0.30329 0.11163 -0.012608 -0.1095 0.094813 0.25228 -0.19064 0.28814 -0.018857 0.072395 0.015259 -0.073017 0.0098321 -0.021092 0.14146 0.063161 0.12277 0.11085 -0.064577 -0.19304 0.010318 0.12813 0.026654 -0.14536 -0.064119 0.23458 0.060457 0.34382 0.067355 0.19221 0.18428 0.1909 0.072696 0.088718 -0.16756 0.21567 -0.089312 -0.075875 0.16587 0.27736 -0.14059 0.3008 0.15087 0.083247 0.0062619 -0.10038 0.14981 -0.0011104 0.19598 0.038135 0.1851 0.069848 -0.0071652 -0.06873 0.0031921 0.1363 0.23612 -0.0067739 0.14838 0.27385 0.043651 0.39648 0.11119 0.26364 0.2027 0.30573 0.26287 0.068284 -0.13908 0.31077 -0.040246 -0.1036 0.16861 0.30115
0.3571 0.26235 0.58008 0.37835 0.11584 0.023802 -0.043473 0.12999 0.1306 0.2826 0.32376 0 0.4072 0.085606 0.026544 -0.029784 0.14527 0.15417 -0.073665 0.20833 0.06391 -0.023559 -0.0075871 -0.057085 -0.0019591 0.029469 0.080067 0.015701 0.18494 0.0024652 -0.048736 -0.13715 -0.032245 0.039584 0.19499 -0.046926 0.11246 0.088599 0.0087591 0.22374 0.06582 0.062017 0.16936 0.22585 0.11255 0.074927 -0.098519 0.18301 -0.085139 -0.067472 0.06397 0.19031 -0.025735 0.23473 0.18374 -0.048305 0.021638 -0.076023 0.082759 0.058725 0.085973 -0.0052556 0.23425 -0.028164 -0.00081632 -0.052737 0.0049061 0.043185 0.28003 0.050412 0.22886 0.096824 -0.04106 0.26479 0.084519 0.11701 0.18257 0.27994 0.22655 0.029448 -0.087553 0.24281 -0.057021 -0.054907 0.058987 0.21642
0.29489 0.25416 0.38057 0.64578 0.17074 0.0025768 -0.027022 0.10658 0.13474 0.21983 0.30329 0.4072 0 0.14493 0.0083853 -0.0069254 0.11825 0.1583 -0.057304 0.27041 -0.037649 0.032127 0.014701 -0.028217 -0.09175 -0.0003314 -0.0042238 0.045772 0.13517 0.041074 -0.066712 -0.16665 -0.022862 0.16443 0.14604 -0.10746 0.048309 0.1234 0.11046 0.21936 0.21369 0.020885 0.11399 0.13197 0.11959 0.099247 -0.050872 0.22293 -0.086304 -0.045336 0.11725 0.31473 0.007672 0.28553 0.028803 0.026 0.013584 -0.02566 -0.033136 0.027692 0.012983 0.041204 0.18705 0.020788 -0.03479 -0.11776 -0.0037539 0.15488 0.28592 -0.0424 0.18516 0.14195 0.11129 0.25313 0.28238 0.077911 0.13205 0.19732 0.19286 0.090928 -0.010966 0.3179 -0.087847 -0.049523 0.12261 0.3732
0.1141 0.09758 0.067218 0.12568 0.044944 -0.017078 -0.024087 0.015441 0.048609 0.099581 0.11163 0.085606 0.14493 0 -0.0098996 -0.02778 0.0059433 0.093777 -0.023971 0.13263 -0.039624 0.016469 0.011141 -0.021922 -0.027307 -0.020569 0.012564 -0.010337 0.031221 0.018166 -0.031174 -0.058226 0.00088503 0.060573 0.02404 -0.044382 -0.0091696 0.058668 0.06241 0.087732 0.066977 0.039317 0.058146 0.043119 0.049109 0.017343 -0.017659 0.082021 -0.041566 -0.012603 0.07335 0.12148 -0.015407 0.10698 0.005014 0.01724 0.0017101 -0.02319 -0.00058438 -0.011116 0.028197 -0.011787 0.031049 0.019716 -0.0086776 -0.030739 -0.0050559 0.070728 0.079444 -0.033511 0.057959 0.073238 0.066814 0.091097 0.087436 0.050379 0.07241 0.067868 0.094112 0.0053631 -0.013575 0.11912 -0.027293 -0.027137 0.063754 0.13564
-0.0013241 -0.0038064 0.032423 0.0082875 -0.0046093 0.43579 0.17336 0.034823 0.071407 0.048991 -0.012608 0.026544 0.0083853 -0.0098996 0 0.21403 0.042322 0.067463 0.052519 0.040685 0.13582 0.085093 0.10876 0.22931 0.2279 0.12957 0.32414 0.1212 0.093798 0.10339 0.30619 0.17819 0.27304 0.071777 -0.037227 -0.0083989 -0.045139 0.068826 0.075508 0.083907 0.057622 0.26036 0.23854 -0.02039 0.16336 0.074002 0.21356 -0.084415 0.043685 0.13094 0.098577 0.082755 0.038689 0.042863 0.05982 0.073631 0.10189 0.22403 0.1578 0.13202 0.30161 0.1083 0.060366 0.096811 0.26788 0.15828 0.27553 0.060589 -0.081543 -0.046268 -0.069583 0.057972 0.10319 0.063992 0.050594 0.24806 0.17662 -0.061787 0.10465 0.064264 0.20581 -0.082076 0.033598 0.14108 0.099902 0.078599
-0.096283 -0.096236 -0.030279 -0.014263 -0.028204 0.16832 0.25142 0.0035948 -0.020761 -0.05388 -0.1095 -0.029784 -0.0069254 -0.02778 0.21403 0 0.016779 -0.0062111 0.11715 -0.032043 0.042314 0.025426 0.072441 0.16823 0.04618 0.11747 -0.0041896 0.021398 0.017133 0.030664 0.13643 0.12571 0.095094 0.017802 0.0071855 0.040657 0.046339 -0.050256 0.039976 -0.10534 0.07037 -0.025236 0.0076055 -0.10946 0.044887 0.032419 0.20507 -0.065309 0.040902 0.10674 0.015781 0.028715 0.1056 -0.034866 -0.02146 0.013699 0.040126 0.17671 -0.0065662 0.11656 -0.024182 0.018052 0.00083627 0.026207 0.10015 0.090789 0.10048 0.02131 -0.019265 -0.011439 0.011639 -0.061047 0.056677 -0.1244 0.074809 -0.043996 -0.025481 -0.14107 -0.0081919 0.040289 0.21189 -0.084237 0.027484 0.13348 0.003855 0.024462
0.040781 0.05539 0.11793 0.096407 0.023738 0.039645 -0.010853 0.10855 0.051698 0.030995 0.094813 0.14527 0.11825 0.0059433 0.042322 0.016779 0 0.069567 -0.02344 0.091144 -0.049996 0.030018 0.015723 -0.0056424 -0.019347 -0.036746 0.079011 0.030141 0.017438 0.03166 0.056947 -0.066807 0.0097074 0.032717 -0.02129 -0.079043 -0.061357 0.046161 0.0071632 0.064177 -0.0037268 0.071284 0.12382 -0.013951 0.018795 0.0030664 0.012747 -0.028357 -0.013927 -0.014006 0.041217 0.060865 -0.012515 0.076933 -0.03785 0.031047 0.0076115 0.017074 -0.022278 -0.015549 0.068993 0.02639 0.024434 0.020557 0.049294 -0.038193 0.023429 0.037462 -0.011582 -0.10337 -0.025577 0.049922 -0.0021938 0.07197 0.0023216 0.072089 0.11578 0.01542 0.016027 0.0037085 0.022953 0.018333 -0.016088 -0.0027905 0.047387 0.071058
0.26303 0.21096 0.15306 0.14816 0.061845 0.069523 -0.031706 0.06621 0.1986 0.22986 0.25228 0.15417 0.1583 0.093777 0.067463 -0.0062111 0.069567 0 -0.059782 0.1646 0.037147 0.0521 0.039056 0.010881 0.060007 0.030861 0.12037 0.023949 0.090328 0.091054 0.014884 -0.028193 0.070152 0.097571 0.025891 -0.052285 -0.0062618 0.16345 0.080093 0.18428 0.064525 0.1556 0.13307 0.11454 0.079772 0.060047 0.009405 0.13349 -0.035866 0.02744 0.16541 0.18959 -0.0073935 0.18079 0.10319 0.063406 0.025739 0.0086563 0.11034 0.039801 0.14902 0.02649 0.11636 0.07946 0.065943 0.020028 0.057304 0.11531 0.11696 0.013099 0.083286 0.18098 0.074302 0.20061 0.085825 0.19256 0.14119 0.15046 0.16492 0.053602 0.023293 0.17202 0.0010884 0.0011005 0.13611 0.21323
-0.158 -0.11028 -0.032499 -0.053389 -0.016218 0.070734 0.15423 -0.034375 -0.046693 -0.073656 -0.19064 -0.073665 -0.057304 -0.023971 0.052519 0.11715 -0.02344 -0.059782 0 -0.038837 0.22325 0.038953 0.041937 0.26429 0.19642 0.27064 -0.16538 0.078333 0.074566 0.070985 0.019622 0.56378 0.0042757 -0.016253 0.49553 0.21405 0.54892 -0.037671 0.067834 -0.10378 0.17085 -0.065567 -0.13535 0.008411 0.18847 0.088702 0.73235 0.24005 0.11668 0.15687 0.16918 0.12938 0.6588 -0.04495 0.040676 0.021817 0.020548 0.22057 0.025822 0.18883 -0.20347 0.081085 0.014529 0.063855 -0.0562 0.32892 0.025102 0.0011419 0.23054 0.15898 0.26709 -0.073769 0.10978 -0.16657 0.13016 -0.13571 -0.11777 -0.098093 0.033911 0.06083 0.61698 0.050229 0.062224 0.16473 0.16992 0.094163
0.23515 0.25753 0.20229 0.29596 0.10695 0.044937 -0.038698 0.093081 0.16417 0.22988 0.28814 0.20833 0.27041 0.13263 0.040685 -0.032043 0.091144 0.1646 -0.038837 0 -0.1096 0.1735 0.051791 0.022297 -0.1126 -0.017814 0.013331 0.033064 0.20993 0.19523 -0.089354 -0.27591 0.011332 0.39935 0.19904 -0.22048 0.0098636 0.28561 0.32992 0.41679 0.39979 0.097183 0.28362 0.25898 0.31732 0.26988 0.046967 0.3743 -0.13005 -0.04381 0.2874 0.56298 0.029755 0.58375 -0.097688 0.18852 0.0084762 0.0081788 -0.0992 0.0079392 0.062903 0.03983 0.18702 0.16709 -0.035068 -0.23944 0.029657 0.37517 0.30111 -0.23799 0.12041 0.2872 0.28354 0.44217 0.39799 0.16802 0.28162 0.24726 0.29856 0.22161 0.052307 0.46681 -0.15735 -0.082622 0.23981 0.55582
0.060782 0.043342 0.11876 -0.031471 0.00044732 0.15043 0.046992 -0.058904 0.007518 0.26196 -0.018857 0.06391 -0.037649 -0.039624 0.13582 0.042314 -0.049996 0.037147 0.22325 -0.1096 0 -0.14027 0.066988 0.18576 0.71769 0.56267 0.20236 -0.06197 0.27594 -0.088397 0.11188 0.47913 0.16573 -0.090594 0.54459 0.4619 0.53624 -0.12239 -0.016635 0.11166 0.12102 0.31754 -0.04208 0.70012 0.40628 0.38389 0.062779 0.44885 0.025296 0.0085353 -0.015647 -0.042242 0.027477 -0.11257 0.65588 -0.1926 0.061188 0.10447 0.52511 0.3037 0.067957 -0.030722 0.094585 -0.086081 0.054981 0.30697 0.12031 -0.077573 0.25254 0.36351 0.19852 -0.1301 -0.0041265 -0.0096253 0.046624 0.161 -0.11473 0.28167 0.090193 0.16058 0.047177 0.084073 0.067834 0.01853 -0.0037503 -0.09886
-0.02378 0.091602 0.0032984 0.034945 0.0033307 0.099986 0.026972 0.024529 0.067877 0.0068163 0.072395 -0.023559 0.032127 0.016469 0.085093 0.025426 0.030018 0.0521 0.038953 0.1735 -0.14027 0 0.018396 0.31796 0.047163 -0.14012 0.12903 0.24842 0.04096 0.91563 0.012027 -0.15058 0.15505 0.36736 -0.065884 -0.1787 -0.13226 0.8732 0.31586 0.086727 0.29391 0.28357 0.077438 -0.0224 0.087229 0.63357 0.18311 0.029589 -0.03439 0.012793 0.20902 0.24003 0.083756 0.16124 -0.2378 0.97233 0.0041501 0.36507 -0.062417 -0.081098 0.15938 0.31672 -0.0078571 0.90496 -0.0076414 -0.18604 0.16319 0.33946 -0.094512 -0.24645 -0.1436 0.83623 0.36342 0.08279 0.30975 0.31266 0.087141 -0.083916 0.0045449 0.58052 0.16985 0.065602 -0.072109 0.01437 0.17601 0.21779
0.022507 0.018568 0.010577 0.0098618 0.0098559 0.13374 0.074226 -0.0003658 0.017169 0.048938 0.015259 -0.0075871 0.014701 0.011141 0.10876 0.072441 0.015723 0.039056 0.041937 0.051791 0.066988 0.018396 0 0.15779 0.11061 0.14027 0.059134 0.032694 0.094502 0.041726 0.092209 0.10734 0.097601 0.030793 0.063571 0.03899 0.067645 0.024594 0.046584 0.041329 0.055645 0.045181 0.060187 0.041132 0.070615 0.086279 0.10788 0.06099 0.031268 0.10267 0.050188 0.099935 0.019798 0.023018 0.037742 0.0066138 0.051271 0.12853 0.075534 0.11317 0.058233 0.022127 0.059398 0.040589 0.084522 0.074137 0.081016 0.0083014 0.05306 0.015963 0.040271 0.015489 0.03618 0.032425 0.046832 0.059923 0.032724 -0.0043092 0.047842 0.071816 0.078975 0.034995 0.018024 0.050749 0.028022 0.088351
-0.060494 -0.054802 -0.039612 -0.023839 -0.012516 0.22136 0.17922 -0.009122 0.003341 -0.083953 -0.073017 -0.057085 -0.028217 -0.021922 0.22931 0.16823 -0.0056424 0.010881 0.26429 0.022297 0.18576 0.31796 0.15779 0 0.32122 0.35065 0.077523 0.53741 0.10378 0.50926 0.17495 0.20261 0.33038 0.09918 0.13319 0.043105 0.09923 0.27782 0.097374 -0.052705 0.1463 0.10404 0.042602 -0.017102 0.094693 0.49514 0.34666 0.014663 0.066053 0.14947 0.12172 0.14108 0.25152 0.042708 0.055645 0.28904 0.10532 0.80939 0.19677 0.35227 0.075609 0.49937 0.077504 0.50826 0.13871 0.1947 0.34636 0.10913 0.11413 -0.019606 0.13471 0.20119 0.14854 -0.03914 0.18063 0.14812 0.039834 -0.067269 0.058533 0.49187 0.28044 -0.0012164 0.044955 0.13878 0.093102 0.10311
0.057275 0.061927 0.031357 -0.08974 -0.018044 0.24624 0.068621 -0.046135 0.030923 0.21299 0.0098321 -0.0019591 -0.09175 -0.027307 0.2279 0.04618 -0.019347 0.060007 0.19642 -0.1126 0.71769 0.047163 0.11061 0.32122 0 0.51738 0.53459 0.067498 0.18053 0.099495 0.30801 0.62973 0.41038 -0.037767 0.24343 0.35868 0.2515 0.0098502 -0.064236 0.20945 -0.098996 0.69717 0.1141 0.5288 0.36821 0.36751 0.10205 0.23426 0.1555 0.10822 0.0077247 -0.078228 0.043433 -0.12381 0.50582 -0.032274 0.067517 0.2262 0.74308 0.31243 0.41436 0.061586 0.044835 0.084899 0.2552 0.52244 0.32944 -0.04294 0.058535 0.2428 0.079249 -0.010996 -0.061338 0.064367 -0.12113 0.51774 0.037755 0.16796 0.16299 0.16162 0.073941 -0.0041366 0.2078 0.12972 0.019538 -0.12418
0.13614 0.042591 0.049303 0.01267 0.0037309 0.12788 0.1312 -0.023617 0.0086773 0.22862 -0.021092 0.029469 -0.0003314 -0.020569 0.12957 0.11747 -0.036746 0.030861 0.27064 -0.017814 0.56267 -0.14012 0.14027 0.35065 0.51738 0 -0.0062917 0.079836 0.24807 -0.08189 0.06848 0.45385 0.11485 -0.040304 0.43724 0.39086 0.46829 -0.12686 0.015734 0.035694 0.13625 -0.019041 -0.07608 0.40025 0.22601 0.37364 0.17851 0.43149 0.022199 0.12159 -0.0021233 0.097182 0.13241 -0.014401 0.34079 -0.17147 0.08921 0.25732 0.33176 0.56187 -0.10279 0.039609 0.14153 -0.080916 -0.0087742 0.30914 0.051381 -0.052263 0.26911 0.26002 0.31145 -0.14862 -0.0047169 -0.0039654 0.070067 -0.054015 -0.10435 0.13266 0.037664 0.25289 0.13219 0.20561 0.038259 0.088078 0.0016845 0.043739
0.087241 0.14047 0.082609 0.0076967 -0.0063937 0.3428 0.0039823 0.055045 0.12789 0.14304 0.14146 0.080067 -0.0042238 0.012564 0.32414 -0.0041896 0.079011 0.12037 -0.16538 0.013331 0.20236 0.12903 0.059134 0.077523 0.53459 -0.0062917 0 0.02652 0.046741 0.12528 0.49779 0.2198 0.39084 0.079711 -0.22699 -0.037628 -0.24315 0.15378 0.049527 0.40868 -0.1299 0.81008 0.45928 0.097753 0.25711 -0.0099399 -0.0015269 -0.15539 0.13088 0.047772 0.1231 -0.026751 -0.158 0.0085843 0.081163 0.08764 0.058682 0.06188 0.33699 -0.047117 0.76356 0.052015 -0.030151 0.11235 0.45383 0.21315 0.31253 0.058837 -0.30427 -0.1144 -0.26619 0.1782 0.060955 0.27198 -0.12613 0.7064 0.33054 -0.042242 0.17206 -0.10636 0.015837 -0.19404 0.11632 0.059006 0.10076 -0.053042
0.021024 0.077109 0.0056554 0.023015 -0.0094492 0.12492 0.065665 0.019157 0.022561 -0.062051 0.063161 0.015701 0.045772 -0.010337 0.1212 0.021398 0.030141 0.023949 0.078333 0.033064 -0.06197 0.24842 0.032694 0.53741 0.067498 0.079836 0.02652 0 0.051753 0.42556 0.10466 0.023662 0.050532 0.05337 -0.003472 -0.0096777 0.008996 0.34221 0.012105 0.028813 0.066284 -0.019303 0.077273 -0.095357 -0.019371 0.2893 0.16663 -0.11129 0.015326 0.053029 0.12279 0.11149 0.15013 0.067938 -0.05318 0.25376 0.025792 0.55359 0.021735 0.15904 0.026785 0.95018 0.085975 0.35311 0.079728 0.063884 0.08146 0.053537 0.091607 -0.01083 0.096651 0.32673 0.090544 0.036846 0.13497 0.020058 0.077434 -0.059439 0.016556 0.34438 0.13784 0.0075104 0.031843 0.049412 0.10216 0.11824
0.18672 0.14166 0.19204 0.14721 0.071468 0.088347 0.015709 0.025078 0.0768 0.20398 0.12277 0.18494 0.13517 0.031221 0.093798 0.017133 0.017438 0.090328 0.074566 0.20993 0.27594 0.04096 0.094502 0.10378 0.18053 0.24807 0.046741 0.051753 0 0.054918 0.054648 0.076702 0.061072 0.068985 0.42376 0.28888 0.46383 0.098113 0.037272 0.26236 0.12591 0.097086 0.20646 0.44069 0.28986 0.19153 0.071463 0.39655 -0.036452 0.050102 0.13077 0.32766 0.08546 0.19903 0.22826 0.024145 0.052079 0.07085 0.15704 0.16368 0.00014706 0.047308 0.39648 0.042765 0.053451 0.065364 0.020458 0.043685 0.36794 0.23376 0.42459 0.087045 0.039177 0.19794 0.11083 0.078163 0.16099 0.27172 0.22347 0.085914 0.066996 0.28064 0.00049155 -0.0019211 0.12072 0.31098
-0.0022267 0.13099 0.024083 0.046758 0.0070481 0.1251 0.036725 0.012989 0.097175 0.011454 0.11085 0.0024652 0.041074 0.018166 0.10339 0.030664 0.03166 0.091054 0.070985 0.19523 -0.088397 0.91563 0.041726 0.50926 0.099495 -0.08189 0.12528 0.42556 0.054918 0 0.031779 -0.13187 0.22105 0.37474 -0.029375 -0.16283 -0.075153 0.91179 0.34195 0.1096 0.29463 0.24685 0.086181 -0.016966 0.079884 0.6534 0.21471 0.066853 -0.021612 0.010259 0.27932 0.28155 0.09125 0.17395 -0.16852 0.90607 0.012682 0.52112 -0.0019573 -0.0014655 0.15933 0.46861 0.034234 0.92537 0.0084807 -0.139 0.23221 0.33847 -0.010142 -0.20378 -0.058794 0.87303 0.383 0.11458 0.31805 0.30013 0.091739 -0.061772 0.025952 0.62127 0.19015 0.13781 -0.05061 -0.00038836 0.23873 0.25933
-0.16057 -0.033143 -0.0084314 -0.029979 -0.027113 0.29861 0.16663 0.067018 0.020772 -0.022203 -0.064577 -0.048736 -0.066712 -0.031174 0.30619 0.13643 0.056947 0.014884 0.019622 -0.089354 0.11188 0.012027 0.092209 0.17495 0.30801 0.06848 0.49779 0.10466 0.054648 0.031779 0 0.37148 0.27328 -0.015863 -0.16472 0.079109 -0.097061 -0.0034989 0.016056 -0.01938 -0.067797 0.39291 0.39012 -0.21164 0.26036 -0.09407 0.19188 -0.29844 0.27174 0.17953 0.030602 -0.079513 -0.044956 -0.11719 -0.14233 -0.0026795 0.037812 0.17891 0.058586 0.016901 0.36698 0.1268 -0.093626 0.026996 0.54672 0.23733 0.21999 -0.022054 -0.34464 -0.098853 -0.27042 -0.016534 0.036744 -0.12589 -0.090593 0.21858 0.21868 -0.38424 0.030423 -0.11921 0.15487 -0.3519 0.21159 0.16738 0.026337 -0.11755
-0.12271 -0.11198 -0.073188 -0.15965 -0.035345 0.21035 0.168 -0.059775 -0.054065 0.045428 -0.19304 -0.13715 -0.16665 -0.058226 0.17819 0.12571 -0.066807 -0.028193 0.56378 -0.27591 0.47913 -0.15058 0.10734 0.20261 0.62973 0.45385 0.2198 0.023662 0.076702 -0.13187 0.37148 0 0.15115 -0.21388 0.21339 0.58221 0.36866 -0.20309 -0.12746 -0.088776 -0.14704 0.25607 -0.007237 0.029569 0.35791 -0.11735 0.38626 0.093495 0.31338 0.28183 -0.079761 -0.20077 0.23623 -0.28616 0.19491 -0.20087 0.073342 0.1458 0.31803 0.27395 0.055219 0.028287 -0.060503 -0.11414 0.19961 0.74413 0.089032 -0.19752 -0.10846 0.38947 -0.0017565 -0.22863 -0.10587 -0.2281 -0.19296 -0.0026579 -0.10717 -0.23718 0.058184 -0.15397 0.28014 -0.22253 0.32011 0.27145 -0.05672 -0.22435
0.0093487 0.012366 -0.026683 -0.022006 -0.0099155 0.2755 0.070294 0.023304 0.064921 0.040632 0.010318 -0.032245 -0.022862 0.00088503 0.27304 0.095094 0.0097074 0.070152 0.0042757 0.011332 0.16573 0.15505 0.097601 0.33038 0.41038 0.11485 0.39084 0.050532 0.061072 0.22105 0.27328 0.15115 0 0.10557 -0.047528 -0.023995 -0.073835 0.13379 0.06037 0.066842 -0.023004 0.444 0.21115 0.064797 0.14703 0.14123 0.14979 -0.061194 0.052318 0.094191 0.096457 0.04509 0.037399 0.0044454 0.12063 0.12148 0.06823 0.2829 0.30346 0.1072 0.3814 0.055884 0.014167 0.21629 0.2743 0.18112 0.44254 0.083558 -0.077062 -0.028132 -0.044958 0.10977 0.046095 0.046779 -0.017678 0.41669 0.15643 -0.006196 0.13144 0.082043 0.14236 -0.076356 0.078977 0.10173 0.068764 0.0056834
0.12701 0.17744 0.052633 0.197 0.024162 0.071992 0.0157 0.048483 0.12499 0.19448 0.12813 0.039584 0.16443 0.060573 0.071777 0.017802 0.032717 0.097571 -0.016253 0.39935 -0.090594 0.36736 0.030793 0.09918 -0.037767 -0.040304 0.079711 0.05337 0.068985 0.37474 -0.015863 -0.21388 0.10557 0 0.1294 -0.21872 -0.012638 0.4318 0.53233 0.2812 0.59719 0.21613 0.10238 0.15241 0.32073 0.38369 0.16019 0.35234 -0.075158 -0.018663 0.3726 0.49299 0.026434 0.35536 -0.10386 0.34818 0.00057365 0.086863 -0.06562 -0.039355 0.10818 0.04775 0.044472 0.34109 -0.025631 -0.21824 0.1369 0.77826 0.17898 -0.22935 0.062652 0.4114 0.45816 0.33586 0.53965 0.27272 0.092273 0.14047 0.25957 0.31562 0.15757 0.41651 -0.10158 -0.040119 0.32692 0.463
0.091123 0.10757 0.22692 0.1756 0.071416 -0.030731 0.022282 -0.025981 0.035707 0.22749 0.026654 0.19499 0.14604 0.02404 -0.037227 0.0071855 -0.02129 0.025891 0.49553 0.19904 0.54459 -0.065884 0.063571 0.13319 0.24343 0.43724 -0.22699 -0.003472 0.42376 -0.029375 -0.16472 0.21339 -0.047528 0.1294 0 0.38736 0.84244 0.0062696 0.09608 0.097615 0.37138 -0.088243 -0.10789 0.56059 0.49514 0.30448 0.24811 0.66958 -0.051919 0.011309 0.12397 0.37584 0.2679 0.19535 0.34206 -0.083172 0.024089 0.06359 0.13311 0.20677 -0.288 -0.0093226 0.28537 -0.032444 -0.19677 0.051281 -0.050545 0.11173 0.6663 0.26798 0.60159 -0.019016 0.087518 0.034606 0.31018 -0.14393 -0.11089 0.23883 0.25597 0.18358 0.19109 0.45009 -0.047341 -0.029912 0.1263 0.33031
-0.066282 -0.068243 -0.011182 -0.091939 0.0042261 0.024962 0.077303 -0.084526 -0.05949 0.093984 -0.14536 -0.046926 -0.10746 -0.044382 -0.0083989 0.040657 -0.079043 -0.052285 0.21405 -0.22048 0.4619 -0.1787 0.03899 0.043105 0.35868 0.39086 -0.037628 -0.0096777 0.28888 -0.16283 0.079109 0.58221 -0.023995 -0.21872 0.38736 0 0.61085 -0.16247 -0.14916 -0.12331 -0.081311 -0.078949 -0.1686 0.19961 0.21684 -0.08116 0.024232 0.18512 0.14919 0.086525 -0.083542 -0.12289 -0.020969 -0.22485 0.1941 -0.19413 0.041696 0.0097444 0.11203 0.17396 -0.19685 -0.013505 0.10864 -0.15674 -0.027637 0.26101 -0.039102 -0.1966 0.088794 0.55958 0.21794 -0.17902 -0.11563 -0.2261 -0.10832 -0.28292 -0.2384 -0.13252 -0.097656 -0.1433 -0.015576 -0.069934 0.12275 0.073115 -0.0679 -0.1336
0.014707 0.0068682 0.1372 0.062968 0.052603 -0.019843 0.070809 -0.074734 -0.014362 0.18926 -0.064119 0.11246 0.048309 -0.0091696 -0.045139 0.046339 -0.061357 -0.0062618 0.54892 0.0098636 0.53624 -0.13226 0.067645 0.09923 0.2515 0.46829 -0.24315 0.008996 0.46383 -0.075153 -0.097061 0.36866 -0.073835 -0.012638 0.84244 0.61085 0 -0.074519 -0.024433 -0.039178 0.24028 -0.21709 -0.20435 0.42364 0.34275 0.16754 0.2313 0.54825 0.037682 0.036984 0.011844 0.19672 0.27565 -0.025408 0.29813 -0.14221 0.047033 0.034673 0.030922 0.23671 -0.3392 0.0055121 0.27907 -0.085352 -0.17064 0.1091 -0.083346 -0.020584 0.5071 0.47262 0.5945 -0.095542 0.0057857 -0.12722 0.15499 -0.31691 -0.21993 0.085106 0.02173 0.066537 0.15921 0.23986 -0.026202 0.00087899 0.035911 0.16177
0.11192 0.23028 0.090279 0.12621 0.051182 0.087773 -0.014256 0.048451 0.17193 0.12749 0.23458 0.088599 0.1234 0.058668 0.068826 -0.050256 0.046161 0.16345 -0.037671 0.28561 -0.12239 0.8732 0.024594 0.27782 0.0098502 -0.12686 0.15378 0.34221 0.098113 0.91179 -0.0034989 -0.20309 0.13379 0.4318 0.0062696 -0.16247 -0.074519 0 0.41751 0.23408 0.36956 0.28232 0.1267 0.030633 0.11102 0.56095 0.10113 0.14515 -0.059541 -0.025653 0.32628 0.36738 -0.0061349 0.2745 -0.15996 0.83548 0.004705 0.29527 -0.039183 -0.060189 0.19135 0.40723 0.086596 0.87003 0.0012569 -0.19767 0.14247 0.39912 0.036706 -0.17895 -0.033692 0.96507 0.45087 0.24839 0.39938 0.32696 0.1446 0.026537 0.084278 0.52397 0.08721 0.26767 -0.069507 -0.050627 0.29339 0.36158
0.064668 0.13707 0.010295 0.1854 0.071455 0.089284 0.052618 0.024308 0.098071 0.26179 0.060457 0.0087591 0.11046 0.06241 0.075508 0.039976 0.0071632 0.080093 0.067834 0.32992 -0.016635 0.31586 0.046584 0.097374 -0.064236 0.015734 0.049527 0.012105 0.037272 0.34195 0.016056 -0.12746 0.06037 0.53233 0.09608 -0.14916 -0.024433 0.41751 0 0.11318 0.88719 0.10442 0.026495 0.069596 0.32424 0.43688 0.29878 0.42053 -0.020703 0.033026 0.49442 0.60742 0.046289 0.29252 -0.1565 0.28995 0.00039117 0.083693 -0.13789 -0.036646 0.027854 0.0076222 -0.014093 0.31097 -0.020246 -0.20357 0.079259 0.48206 0.074933 -0.22414 -0.079196 0.3828 0.8914 0.14722 0.78216 0.11212 0.0032569 -0.029947 0.16415 0.34475 0.25021 0.39862 -0.096568 -0.022608 0.40559 0.50552
0.36326 0.33179 0.20169 0.21148 0.090679 0.099564 -0.12112 0.069647 0.19073 0.31005 0.34382 0.22374 0.21936 0.087732 0.083907 -0.10534 0.064177 0.18428 -0.10378 0.41679 0.11166 0.086727 0.041329 -0.052705 0.20945 0.035694 0.40868 0.028813 0.26236 0.1096 -0.01938 -0.088776 0.066842 0.2812 0.097615 -0.12331 -0.039178 0.23408 0.11318 0 0.097775 0.53523 0.3634 0.44326 0.28634 0.18227 -0.090272 0.36442 -0.079701 -0.053839 0.1946 0.35009 -0.07224 0.38277 0.17207 0.092322 0.043498 -0.060145 0.2582 0.064146 0.41583 0.031159 0.2444 0.068153 0.086889 0.0066952 0.033452 0.23025 0.18755 -0.075508 0.10905 0.25383 0.095325 0.68816 0.12626 0.51442 0.33204 0.44408 0.33738 0.084442 -0.059305 0.38476 -0.087311 -0.087944 0.18754 0.36645
0.080321 0.1191 0.079844 0.27701 0.087761 0.056296 0.068766 0.016736 0.073907 0.27624 0.067355 0.06582 0.21369 0.066977 0.057622 0.07037 -0.0037268 0.064525 0.17085 0.39979 0.12102 0.29391 0.055645 0.1463 -0.098996 0.13625 -0.1299 0.066284 0.12591 0.29463 -0.067797 -0.14704 -0.023004 0.59719 0.37138 -0.081311 0.24028 0.36956 0.88719 0.097775 0 -0.06434 -0.025318 0.15179 0.48392 0.51753 0.30838 0.55223 -0.058649 0.0089942 0.42191 0.63674 0.13229 0.35501 -0.069143 0.26681 0.00087525 0.12361 -0.19349 0.027238 -0.13978 0.069414 0.076965 0.27768 -0.11469 -0.24113 0.03418 0.56672 0.31672 -0.18504 0.10697 0.3395 0.81445 0.1349 0.90895 -0.011395 -0.037901 0.039932 0.28447 0.45381 0.25692 0.49084 -0.12317 -0.036321 0.33692 0.55427
0.17889 0.1905 0.083609 0.036008 0.01056 0.27421 -0.032262 0.044543 0.15207 0.23001 0.19221 0.062017 0.020885 0.039317 0.26036 -0.025236 0.071284 0.1556 -0.065567 0.097183 0.31754 0.28357 0.045181 0.10404 0.69717 -0.019041 0.81008 -0.019303 0.097086 0.24685 0.39291 0.25607 0.444 0.21613 -0.088243 -0.078949 -0.21709 0.28232 0.10442 0.53523 -0.06434 0 0.42955 0.32074 0.37118 0.17243 0.034907 0.075276 0.12396 0.047247 0.12961 0.062368 -0.047211 0.078118 0.20962 0.23386 0.054522 0.090668 0.53176 -0.018393 0.77097 0.049273 -0.001933 0.23157 0.38847 0.30937 0.36528 0.16791 -0.18621 -0.1109 -0.2118 0.28929 0.092685 0.40737 -0.060734 0.91711 0.34503 0.15473 0.31777 0.018831 0.062789 0.0089782 0.15138 0.072782 0.13243 0.03334
0.088212 0.15757 0.17123 0.12919 0.056773 0.22928 0.00095325 0.11972 0.13425 0.082973 0.18428 0.16936 0.11399 0.058146 0.23854 0.0076055 0.12382 0.13307 -0.13535 0.28362 -0.04208 0.077438 0.060187 0.042602 0.1141 -0.07608 0.45928 0.077273 0.20646 0.086181 0.39012 -0.007237 0.21115 0.10238 -0.10789 -0.1686 -0.20435 0.1267 0.026495 0.3634 -0.025318 0.42955 0 0.052907 0.34872 -0.030628 0.034271 -0.05626 0.043313 0.03841 0.15587 0.18249 -0.090499 0.26393 -0.061155 0.066689 0.043614 0.033139 0.051764 -0.049297 0.4272 0.085042 0.14344 0.064831 0.41437 0.065923 0.15651 0.086847 -0.10148 -0.17999 -0.10738 0.12558 0.019156 0.30693 -0.010117 0.37886 0.5742 0.032922 0.31974 -0.077945 0.064452 -0.011559 0.036048 0.044569 0.13918 0.17629
0.36294 0.21149 0.24933 0.15524 0.072047 0.00033781 -0.12903 -0.0013952 0.10127 0.45499 0.1909 0.22585 0.13197 0.043119 -0.02039 -0.10946 -0.013951 0.11454 0.008411 0.25898 0.70012 -0.0224 0.041132 -0.017102 0.5288 0.40025 0.097753 -0.095357 0.44069 -0.016966 -0.21164 0.029569 0.064797 0.15241 0.56059 0.19961 0.42364 0.030633 0.069596 0.44326 0.15179 0.32074 0.052907 0 0.45228 0.42651 -0.11777 0.66868 -0.12862 -0.093137 0.083387 0.26321 -0.0044996 0.22047 0.5516 -0.044239 0.035064 -0.055631 0.45529 0.22439 0.044979 -0.081341 0.28675 -0.036646 -0.14363 0.073062 0.019658 0.12322 0.44625 0.20463 0.31662 0.038778 0.01852 0.37715 0.11879 0.29192 0.036636 0.70808 0.27359 0.21753 -0.083325 0.45587 -0.093019 -0.13099 0.079913 0.2091
0.027924 0.15839 0.19367 0.15983 0.065335 0.17789 0.063058 0.01064 0.075219 0.27122 0.072696 0.11255 0.11959 0.049109 0.16336 0.044887 0.018795 0.079772 0.18847 0.31732 0.40628 0.087229 0.070615 0.094693 0.36821 0.22601 0.25711 -0.019371 0.28986 0.079884 0.26036 0.35791 0.14703 0.32073 0.49514 0.21684 0.34275 0.11102 0.32424 0.28634 0.48392 0.37118 0.34872 0.45228 0 0.29714 0.17378 0.47801 0.11294 0.060631 0.19347 0.30596 0.028551 0.23942 0.1153 0.035654 0.044886 0.055124 0.060207 0.083586 0.11329 0.0026708 0.051298 0.070126 0.13059 0.10498 0.12448 0.31421 0.16952 -0.039499 0.043373 0.086609 0.27394 0.15277 0.39476 0.15217 0.17269 0.031837 0.51912 0.16029 0.16584 0.21314 0.090106 0.047013 0.1747 0.24698
0.18057 0.12583 0.058204 0.11396 0.013676 0.081075 0.029202 0.0095649 0.055525 0.25068 0.088718 0.074927 0.099247 0.017343 0.074002 0.032419 0.0030664 0.060047 0.088702 0.26988 0.38389 0.63357 0.086279 0.49514 0.36751 0.37364 -0.0099399 0.2893 0.19153 0.6534 -0.09407 -0.11735 0.14123 0.38369 0.30448 -0.08116 0.16754 0.56095 0.43688 0.18227 0.51753 0.17243 -0.030628 0.42651 0.29714 0 0.094703 0.52409 -0.067298 -0.015013 0.18898 0.37614 0.082548 0.25649 0.19017 0.59561 0.04481 0.45053 0.21252 0.31299 0.034934 0.25558 0.13021 0.65448 -0.08746 -0.12355 0.14958 0.34858 0.31154 -0.10361 0.17056 0.5464 0.3771 0.20392 0.47263 0.27169 -0.012299 0.25406 0.17438 0.93325 0.048892 0.44202 -0.075147 -0.040202 0.1637 0.32661
-0.17983 -0.11384 -0.073094 -0.027619 0.0053699 0.21998 0.23536 0.0052857 -0.0024427 -0.13013 -0.16756 -0.098519 -0.050872 -0.017659 0.21356 0.20507 0.012747 0.009405 0.73235 0.046967 0.062779 0.18311 0.10788 0.34666 0.10205 0.17851 -0.0015269 0.16663 0.071463 0.21471 0.19188 0.38626 0.14979 0.16019 0.24811 0.024232 0.2313 0.10113 0.29878 -0.090272 0.30838 0.034907 0.034271 -0.11777 0.17378 0.094703 0 0.11258 0.07433 0.2258 0.56258 0.30861 0.58772 0.044195 -0.074601 0.14939 0.0717 0.3309 -0.038799 0.094827 -0.052438 0.14847 0.018651 0.20171 0.11544 0.21025 0.15977 0.19326 0.11189 -0.04761 0.075588 0.038319 0.33145 -0.099527 0.30203 0.0087286 0.037375 -0.18519 0.072695 0.11638 0.84863 0.053783 0.040136 0.20817 0.46199 0.25562
0.35256 0.22927 0.18267 0.24561 0.10798 -0.069609 -0.061915 0.0013822 0.11297 0.38797 0.21567 0.18301 0.22293 0.082021 -0.084415 -0.065309 -0.028357 0.13349 0.24005 0.3743 0.44885 0.029589 0.06099 0.014663 0.23426 0.43149 -0.15539 -0.11129 0.39655 0.066853 -0.29844 0.093495 -0.061194 0.35234 0.66958 0.18512 0.54825 0.14515 0.42053 0.36442 0.55223 0.075276 -0.05626 0.66868 0.47801 0.52409 0.11258 0 -0.093262 -0.043877 0.29248 0.58303 0.2038 0.36914 0.38327 0.021638 0.021253 -0.048763 0.29049 0.28801 -0.14935 -0.087387 0.32325 0.046855 -0.26442 0.10845 -0.054888 0.29676 0.62809 0.2217 0.5073 0.14205 0.31574 0.33879 0.48456 0.13408 -0.025525 0.51193 0.40572 0.38163 0.094905 0.82781 -0.072709 -0.084336 0.22822 0.52054
-0.10599 -0.049488 -0.052914 -0.07112 -0.028515 0.056136 0.046929 -0.0048151 -0.029971 -0.024527 -0.089312 -0.085139 -0.086304 -0.041566 0.043685 0.040902 -0.013927 -0.035866 0.11668 -0.13005 0.025296 -0.03439 0.031268 0.066053 0.1555 0.022199 0.13088 0.015326 -0.036452 -0.021612 0.27174 0.31338 0.052318 -0.075158 -0.051919 0.14919 0.037682 -0.059541 -0.020703 -0.079701 -0.058649 0.12396 0.043313 -0.12862 0.11294 -0.067298 0.07433 -0.093262 0 0.094501 -0.076029 -0.131 0.035602 -0.14746 -0.097932 -0.030932 0.0087044 0.05747 -0.014958 0.01332 0.060927 0.025787 -0.10078 -0.01976 0.15016 0.19784 0.030972 -0.061317 -0.16907 0.054577 -0.12335 -0.055162 -0.0023737 -0.16257 -0.08077 4.4297e-05 -0.011072 -0.26073 -0.018543 -0.052769 0.06068 -0.19299 0.21454 0.089115 -0.040975 -0.14926
-0.065045 -0.055536 -0.047803 -0.019656 -0.020957 0.15112 0.13385 0.00097748 -0.019003 -0.0055097 -0.075875 -0.067472 -0.045336 -0.012603 0.13094 0.10674 -0.014006 0.02744 0.15687 -0.04381 0.0085353 0.012793 0.10267 0.14947 0.10822 0.12159 0.047772 0.053029 0.050102 0.010259 0.17953 0.28183 0.094191 -0.018663 0.011309 0.086525 0.036984 -0.025653 0.033026 -0.053839 0.0089942 0.047247 0.03841 -0.093137 0.060631 -0.015013 0.2258 -0.043877 0.094501 0 0.030654 0.022444 0.090392 -0.065567 -0.053739 0.0015797 0.038871 0.12179 0.018966 0.091414 0.027866 0.045116 -0.027262 0.025604 0.13381 0.20778 0.066395 -0.018116 -0.039492 0.026001 -0.026869 -0.036256 0.019051 -0.092684 -0.013088 0.0093458 0.0055146 -0.14679 0.028652 -0.017983 0.19175 -0.08442 0.10371 0.16891 0.015806 0.0059813
0.032473 0.16499 0.069415 0.12665 0.062141 0.11807 0.015672 0.045604 0.12298 0.036735 0.16587 0.06397 0.11725 0.07335 0.098577 0.015781 0.041217 0.16541 0.16918 0.2874 -0.015647 0.20902 0.050188 0.12172 0.0077247 -0.0021233 0.1231 0.12279 0.13077 0.27932 0.030602 -0.079761 0.096457 0.3726 0.12397 -0.083542 0.011844 0.32628 0.49442 0.1946 0.42191 0.12961 0.15587 0.083387 0.19347 0.18898 0.56258 0.29248 -0.076029 0.030654 0 0.50058 0.23199 0.2936 0.00048747 0.20974 0.038299 0.13174 0.022269 -0.0075362 0.10563 0.11527 0.1327 0.25155 0.054205 -0.056098 0.11363 0.36164 0.17995 -0.08101 0.08758 0.29947 0.46003 0.23813 0.41547 0.1773 0.16376 0.079415 0.20334 0.1785 0.53595 0.36194 -0.04485 -0.0053612 0.64861 0.4598
0.22898 0.28501 0.18321 0.34673 0.1425 0.082564 0.027845 0.087418 0.18103 0.22918 0.27736 0.19031 0.31473 0.12148 0.082755 0.028715 0.060865 0.18959 0.12938 0.56298 -0.042242 0.24003 0.099935 0.14108 -0.078228 0.097182 -0.026751 0.11149 0.32766 0.28155 -0.079513 -0.20077 0.04509 0.49299 0.37584 -0.12289 0.19672 0.36738 0.60742 0.35009 0.63674 0.062368 0.18249 0.26321 0.30596 0.37614 0.30861 0.58303 -0.131 0.022444 0.50058 0 0.17102 0.53812 -0.0071339 0.23661 0.05336 0.098957 -0.030319 0.073887 0.0090867 0.1133 0.32131 0.25267 -0.048422 -0.1501 0.059588 0.46147 0.48657 -0.089583 0.33055 0.35859 0.53356 0.40336 0.61039 0.1679 0.20114 0.26341 0.339 0.32908 0.27962 0.64652 -0.1287 -0.033494 0.4096 0.76923
-0.035107 -0.11938 -0.028965 -0.016002 -0.0078852 0.033021 0.093801 -0.021059 -0.033852 -0.1454 -0.14059 -0.025735 0.007672 -0.015407 0.038689 0.1056 -0.012515 -0.0073935 0.6588 0.029755 0.027477 0.083756 0.019798 0.25152 0.043433 0.13241 -0.158 0.15013 0.08546 0.09125 -0.044956 0.23623 0.037399 0.026434 0.2679 -0.020969 0.27565 -0.0061349 0.046289 -0.07224 0.13229 -0.047211 -0.090499 -0.0044996 0.028551 0.082548 0.58772 0.2038 0.035602 0.090392 0.23199 0.17102 0 0.041812 0.17124 0.089863 0.035618 0.28054 0.17061 0.20227 -0.15196 0.099207 0.12255 0.087642 -0.032699 0.40902 0.043958 0.043279 0.41258 0.15368 0.45451 -0.037601 0.088427 -0.034769 0.18289 0.02238 -0.040163 0.037856 0.23453 0.081822 0.71233 0.20996 0.052784 0.16463 0.20112 0.16107
