0,0.33038803935051,0.266300171613693,0.280498057603836,0.0866112411022186,-0.0114436289295554,-0.0915643498301506,0.0593302138149738,0.207416117191315,0.717779040336609,0.41208279132843,0.357095867395401,0.294885814189911,0.114096134901047,-0.00132407539058477,-0.0962826833128929,0.0407813340425491,0.263026893138885,-0.158000841736794,0.235153704881668,0.0607815273106098,-0.0237795058637857,0.0225074458867311,-0.0604939460754395,0.0572749339044094,0.136142820119858,0.0872411951422691,0.0210244581103325,0.186724275350571,-0.00222668796777725,-0.160571187734604,-0.122710920870304,0.00934873521327972,0.12700979411602,0.091123066842556,-0.0662818551063538,0.0147067653015256,0.111915238201618,0.0646678879857063,0.363259315490723,0.0803212448954582,0.178894460201263,0.0882120355963707,0.362941205501556,0.027924420312047,0.1805709451437,-0.179834648966789,0.352560073137283,-0.105988390743732,-0.0650446191430092,0.0324725732207298,0.228980585932732,-0.0351072624325752,0.276745140552521,0.417672693729401,-0.019464997574687,0.0353220216929913,-0.0822683870792389,0.36730483174324,0.249839007854462,0.186130747199059,-0.0012768164742738,0.32088315486908,-0.0356933362782001,-0.0347174927592278,0.11857196688652,0.0215604938566685,0.141908630728722,0.394162148237228,0.195619195699692,0.300543576478958,0.130706548690796,0.0679503232240677,0.45024499297142,0.187092050909996,0.313026875257492,0.171911403536797,0.594010472297668,0.39159369468689,0.193940043449402,-0.123619973659515,0.533128142356873,-0.00886298250406981,-0.0862324759364128,0.0488156601786613,0.280541092157364
0.33038803935051,0,0.246103957295418,0.268884867429733,0.112616270780563,0.0136947343125939,-0.0792532786726952,0.0726329758763313,0.222568705677986,0.348263412714005,0.491113781929016,0.262347936630249,0.254160821437836,0.0975800380110741,-0.00380642269738019,-0.0962357372045517,0.0553897134959698,0.210955157876015,-0.110275253653526,0.25753453373909,0.0433415807783604,0.0916024297475815,0.0185676254332066,-0.0548024699091911,0.0619267337024212,0.0425909198820591,0.14046685397625,0.0771093443036079,0.141658157110214,0.130991145968437,-0.0331425927579403,-0.111977502703667,0.012366340495646,0.177441835403442,0.107565648853779,-0.0682432651519775,0.00686821714043617,0.230283915996552,0.137072861194611,0.331794917583466,0.119102530181408,0.190502822399139,0.157572492957115,0.211485236883163,0.15839110314846,0.125829190015793,-0.113842986524105,0.229272916913033,-0.0494880452752113,-0.0555357523262501,0.164987787604332,0.285007476806641,-0.119382679462433,0.250777065753937,0.0625430643558502,0.0910656452178955,0.0154166137799621,-0.0772029832005501,0.0659548118710518,-0.00506780808791518,0.132844731211662,0.0695585086941719,0.128386333584785,0.0871669873595238,-0.0146090472117066,-0.0934575721621513,-0.0162892192602158,0.110414661467075,0.153073757886887,-0.0339323282241821,0.0715793371200562,0.263952970504761,0.0859716311097145,0.312195986509323,0.0979091972112656,0.18533518910408,0.147885292768478,0.183651253581047,0.162063345313072,0.0636590868234634,-0.120636872947216,0.220009878277779,-0.0529265515506268,-0.0748477578163147,0.153113350272179,0.259646147489548
0.266300171613693,0.246103957295418,0,0.393875807523727,0.1058105006814,0.0353508144617081,-0.0192384272813797,0.147420302033424,0.143234893679619,0.287402480840683,0.270012825727463,0.580081105232239,0.380568414926529,0.067218117415905,0.0324231721460819,-0.0302787274122238,0.117934115231037,0.153056561946869,-0.0324989557266235,0.202294215559959,0.118756838142872,0.00329837878234684,0.0105771264061332,-0.0396120212972164,0.0313568599522114,0.0493028275668621,0.0826092734932899,0.00565537763759494,0.192043885588646,0.0240832306444645,-0.0084313815459609,-0.0731882452964783,-0.0266834292560816,0.0526328533887863,0.226924672722816,-0.0111823230981827,0.137196153402328,0.0902789458632469,0.0102947289124131,0.201693132519722,0.0798442661762238,0.0836094692349434,0.171228840947151,0.249331951141357,0.193674236536026,0.0582039803266525,-0.0730943456292152,0.182668641209602,-0.0529137589037418,-0.0478034317493439,0.0694152042269707,0.183214128017426,-0.0289647225290537,0.173532068729401,0.110982455313206,-0.012442541308701,0.0342413671314716,-0.0631010979413986,0.0278582852333784,0.0252013932913542,0.0670518279075623,0.00953133590519428,0.162819176912308,-0.00738064292818308,0.00128756486810744,-0.0779135003685951,-0.0167466569691896,0.0274799279868603,0.194834738969803,-0.0237165484577417,0.136422634124756,0.098872572183609,-0.0117245307192206,0.198643937706947,0.0879136547446251,0.0758416801691055,0.12293092161417,0.172231093049049,0.154564768075943,0.00532666454091668,-0.067208506166935,0.177126169204712,-0.0639592856168747,-0.0551245622336864,0.0808185860514641,0.17309644818306
0.280498057603836,0.268884867429733,0.393875807523727,0,0.197859182953835,0.0118598258122802,-0.00706565147265792,0.109732769429684,0.140454143285751,0.260906934738159,0.278286457061768,0.378347307443619,0.645777702331543,0.125682979822159,0.00828751549124718,-0.0142625803127885,0.0964074805378914,0.148155331611633,-0.0533891171216965,0.295960247516632,-0.0314713828265667,0.0349452495574951,0.00986178778111935,-0.0238390248268843,-0.0897396430373192,0.012669587507844,0.007696692366153,0.0230153147131205,0.147208049893379,0.0467579737305641,-0.0299786068499088,-0.15964849293232,-0.0220064669847488,0.196999564766884,0.17559939622879,-0.0919391363859177,0.0629675835371017,0.126209154725075,0.185402318835258,0.211479067802429,0.277011662721634,0.0360078364610672,0.129188075661659,0.155240714550018,0.159825131297112,0.113955818116665,-0.0276191532611847,0.245605170726776,-0.071120023727417,-0.0196560565382242,0.126650273799896,0.346729129552841,-0.0160017907619476,0.280451208353043,0.016619635745883,0.0372292250394821,0.0114873992279172,-0.0383525528013706,-0.0452209003269672,-0.0143591351807117,0.0251582711935043,0.026697676628828,0.152116864919662,0.0265194959938526,-0.0226837750524282,-0.132696524262428,0.00838786363601685,0.157380297780037,0.258349984884262,-0.0601431950926781,0.152751490473747,0.144151628017426,0.119946762919426,0.248857647180557,0.263935714960098,0.0780359730124474,0.134236589074135,0.177465200424194,0.184205591678619,0.0875795036554337,-0.0395359471440315,0.305259644985199,-0.0674001201987267,-0.0577450059354305,0.124387070536613,0.34632134437561
0.0866112411022186,0.112616270780563,0.1058105006814,0.197859182953835,0,-0.00421259459108114,-0.0209916606545448,0.0212464891374111,0.056400116533041,0.0974870473146439,0.103440925478935,0.115842528641224,0.170737773180008,0.044943954795599,-0.00460930448025465,-0.0282040555030107,0.0237384457141161,0.0618451088666916,-0.0162182115018368,0.10695244371891,0.00044732351670973,0.00333072291687131,0.0098559046164155,-0.0125159891322255,-0.0180443041026592,0.00373087963089347,-0.00639368081465364,-0.00944924540817738,0.0714677050709724,0.00704813003540039,-0.0271132476627827,-0.0353452637791634,-0.00991550646722317,0.0241616312414408,0.0714155361056328,0.00422614254057407,0.0526027753949165,0.0511820912361145,0.0714547336101532,0.0906786769628525,0.0877609401941299,0.0105595057830215,0.0567730404436588,0.072046771645546,0.0653349980711937,0.0136758452281356,0.00536993937566876,0.107975885272026,-0.0285151768475771,-0.0209573321044445,0.062141478061676,0.142495051026344,-0.00788520835340023,0.11214642226696,-0.0160262007266283,-0.00250202836468816,-0.0133069567382336,-0.0335963554680347,-0.0348643362522125,-0.0117471460253,-0.00332177616655827,-0.00275814114138484,0.0639990344643593,-0.00708337128162384,-0.0203798692673445,-0.0452059768140316,-0.0187266487628222,0.0284390319138765,0.0856847316026688,-0.00751176429912448,0.0639737024903297,0.0534795820713043,0.0536376871168613,0.0779286324977875,0.078292652964592,0.00157434272114187,0.0283062048256397,0.044822808355093,0.0518657043576241,-0.00870128814131021,-0.0102735860273242,0.104526370763779,-0.0406434684991837,-0.0250976216048002,0.0455869324505329,0.130238190293312
-0.0114436289295554,0.0136947343125939,0.0353508144617081,0.0118598258122802,-0.00421259459108114,0,0.166051179170609,0.0226925034075975,0.0874655991792679,0.0563615001738071,-0.00249785976484418,0.0238018892705441,0.00257679400965571,-0.0170781780034304,0.435788154602051,0.168318659067154,0.0396446883678436,0.0695229023694992,0.0707341432571411,0.0449370890855789,0.150427624583244,0.0999861359596252,0.13373751938343,0.221360579133034,0.246240943670273,0.127882868051529,0.342801153659821,0.124919287860394,0.0883470103144646,0.12510022521019,0.298610776662827,0.210350856184959,0.275499790906906,0.0719922482967377,-0.0307308826595545,0.0249624270945787,-0.0198433920741081,0.0877725705504417,0.0892841219902039,0.0995642617344856,0.0562957599759102,0.274214714765549,0.229278460144997,0.000337814912199974,0.17789226770401,0.081075482070446,0.219981640577316,-0.0696093514561653,0.0561356022953987,0.151121258735657,0.118072703480721,0.0825642794370651,0.0330210030078888,0.0263512413948774,0.0118301985785365,0.0776452571153641,0.0887254402041435,0.211513966321945,0.127352386713028,0.0901600122451782,0.288773000240326,0.129725188016891,0.0163483358919621,0.113178975880146,0.273412257432938,0.137922719120979,0.234738871455193,0.0680593550205231,-0.112862721085548,-0.0500597134232521,-0.0908426642417908,0.0636479333043098,0.0956218242645264,0.0376993231475353,0.0499505326151848,0.225662663578987,0.154757380485535,-0.0893034040927887,0.0765260756015778,0.0448931828141212,0.185906231403351,-0.10478251427412,0.0502497293055058,0.122298762202263,0.100388042628765,0.0507273599505424
-0.0915643498301506,-0.0792532786726952,-0.0192384272813797,-0.00706565147265792,-0.0209916606545448,0.166051179170609,0,-0.00898413918912411,-0.00740199629217386,-0.0417653322219849,-0.104176454246044,-0.0434733927249908,-0.0270222630351782,-0.0240868106484413,0.173358753323555,0.251420170068741,-0.0108528379350901,-0.0317058116197586,0.154234886169434,-0.0386979468166828,0.0469918288290501,0.0269723553210497,0.0742264464497566,0.179216802120209,0.0686210617423058,0.131197273731232,0.00398231903091073,0.0656645596027374,0.0157085191458464,0.0367254838347435,0.166630610823631,0.16799733042717,0.0702943503856659,0.0157002620398998,0.0222824476659298,0.0773027613759041,0.0708091706037521,-0.0142564252018929,0.0526184588670731,-0.121119506657124,0.0687661319971085,-0.0322623141109943,0.000953247479628772,-0.129028707742691,0.0630581006407738,0.0292020402848721,0.235355168581009,-0.0619151182472706,0.0469286888837814,0.13384722173214,0.0156715922057629,0.0278449077159166,0.0938008651137352,-0.0503580085933208,-0.0633406490087509,0.0167717933654785,0.0258551761507988,0.156829744577408,-0.0336437411606312,0.0735073611140251,-0.0281134806573391,0.0554898753762245,-0.023159347474575,0.0342610068619251,0.0896311327815056,0.0888103470206261,0.0562278442084789,0.0201670415699482,-0.0582209825515747,-0.0191613454371691,-0.0273397136479616,-0.0337141081690788,0.0561620704829693,-0.13702005147934,0.0677989199757576,-0.0571632757782936,-0.0219539199024439,-0.189615771174431,-0.0206297058612108,0.0348592810332775,0.189142823219299,-0.124330826103687,0.0289185866713524,0.110911101102829,0.00193511263933033,-0.00451571028679609
0.0593302138149738,0.0726329758763313,0.147420302033424,0.109732769429684,0.0212464891374111,0.0226925034075975,-0.00898413918912411,0,0.0548403337597847,0.0390596278011799,0.0753307342529297,0.129991620779037,0.106578424572945,0.0154412277042866,0.0348232500255108,0.00359478057362139,0.108553491532803,0.0662100464105606,-0.0343752689659595,0.0930808037519455,-0.058903630822897,0.0245291404426098,-0.000365800195140764,-0.00912195257842541,-0.0461345016956329,-0.0236172080039978,0.0550449676811695,0.0191573947668076,0.0250778123736382,0.0129889249801636,0.0670177415013313,-0.0597747378051281,0.0233044400811195,0.0484830625355244,-0.025980656966567,-0.0845256820321083,-0.0747339800000191,0.0484512001276016,0.0243084523826838,0.0696470364928246,0.0167360380291939,0.0445425659418106,0.119718745350838,-0.00139523018151522,0.0106401313096285,0.00956491380929947,0.00528572127223015,0.00138216745108366,-0.00481507275253534,0.000977476709522307,0.0456036441028118,0.0874178260564804,-0.0210592448711395,0.0753831043839455,-0.0405140183866024,0.0268106833100319,-0.00298170419409871,-0.000280930660665035,-0.0240321066230536,0.00408913288265467,0.0686734393239021,0.0335779264569283,0.0319630280137062,0.00576251652091742,0.0647258833050728,-0.0423355363309383,0.0111423470079899,0.0472545102238655,0.0012606387026608,-0.0867424458265305,-0.0144690200686455,0.0552975311875343,0.0162150375545025,0.0777239203453064,0.0374505221843719,0.0572197064757347,0.0997610986232758,0.0184545889496803,0.0317898541688919,0.00955486949533224,0.0144919501617551,0.057121679186821,-0.0176176875829697,0.00241187307983637,0.0577057749032974,0.0913564711809158
0.207416117191315,0.222568705677986,0.143234893679619,0.140454143285751,0.056400116533041,0.0874655991792679,-0.00740199629217386,0.0548403337597847,0,0.221401378512383,0.230786338448524,0.130604192614555,0.134735494852066,0.0486092492938042,0.0714067295193672,-0.0207608956843615,0.0516979806125164,0.198595508933067,-0.0466934479773045,0.164173975586891,0.00751804560422897,0.0678772181272507,0.0171686224639416,0.00334104220382869,0.0309233050793409,0.00867734290659428,0.127885043621063,0.0225614830851555,0.0767999440431595,0.0971748754382133,0.0207722224295139,-0.0540647022426128,0.0649210140109062,0.124990090727806,0.0357066318392754,-0.0594902746379375,-0.0143624255433679,0.171932980418205,0.0980709493160248,0.190729856491089,0.0739073306322098,0.152070045471191,0.134248435497284,0.101266764104366,0.0752191767096519,0.0555249005556107,-0.0024426921736449,0.112966105341911,-0.0299706365913153,-0.0190033204853535,0.122977577149868,0.181030124425888,-0.0338524132966995,0.170720249414444,0.0437765903770924,0.0614432245492935,0.0286715775728226,-0.0135645428672433,0.0574041604995728,0.0188639834523201,0.146224454045296,0.0155995497480035,0.0899989381432533,0.0844168961048126,0.0593158081173897,-0.0142618231475353,0.0342115685343742,0.0779557526111603,0.0833876729011536,-0.0329307354986668,0.0375391207635403,0.178542360663414,0.0759019404649734,0.184422388672829,0.0691824927926064,0.172601670026779,0.13665859401226,0.105222418904305,0.121929734945297,0.0215807240456343,-0.00160111160948873,0.149693876504898,-0.0379697009921074,-0.00552582973614335,0.123037792742252,0.173652574419975
0.717779040336609,0.348263412714005,0.287402480840683,0.260906934738159,0.0974870473146439,0.0563615001738071,-0.0417653322219849,0.0390596278011799,0.221401378512383,0,0.320807933807373,0.282598465681076,0.219825923442841,0.0995808467268944,0.0489905402064323,-0.0538801625370979,0.030995462089777,0.229856789112091,-0.0736564993858337,0.229875668883324,0.261963993310928,0.00681631406769156,0.0489378944039345,-0.0839527323842049,0.212987348437309,0.228623598814011,0.143037408590317,-0.0620510503649712,0.20398037135601,0.0114540867507458,-0.0222030822187662,0.045428317040205,0.0406315624713898,0.194480329751968,0.227491855621338,0.0939839407801628,0.189258947968483,0.127492904663086,0.261788606643677,0.310052216053009,0.276237457990646,0.230012878775597,0.0829733088612556,0.454992979764938,0.271215826272964,0.250679522752762,-0.130132108926773,0.38797053694725,-0.0245270449668169,-0.0055097034201026,0.0367345660924911,0.229181155562401,-0.145396396517754,0.172287613153458,0.136066287755966,-0.00198486866429448,0.027113975957036,-0.0992121249437332,0.117550328373909,0.1236582249403,0.0983613207936287,-0.0358102172613144,0.101734176278114,0.000522712187375873,-0.0234403572976589,0.000439733237726614,0.0245536305010319,0.133065178990364,0.148926809430122,0.037754874676466,0.0527446381747723,0.14359050989151,0.150580376386642,0.263643682003021,0.171122252941132,0.147173136472702,0.0528921000659466,0.238163903355598,0.0925293788313866,0.0888826921582222,-0.107859969139099,0.331486612558365,-0.0447147004306316,-0.0605928599834442,0.0546504557132721,0.193194985389709
0.41208279132843,0.491113781929016,0.270012825727463,0.278286457061768,0.103440925478935,-0.00249785976484418,-0.104176454246044,0.0753307342529297,0.230786338448524,0.320807933807373,0,0.323759168386459,0.303286135196686,0.111632630228996,-0.0126075921580195,-0.109500922262669,0.0948130860924721,0.252278476953506,-0.190641954541206,0.288144618272781,-0.0188572220504284,0.0723950043320656,0.0152590973302722,-0.0730166137218475,0.00983207486569881,-0.0210916046053171,0.141458228230476,0.0631608441472054,0.122766345739365,0.110854253172874,-0.0645773336291313,-0.193042516708374,0.010318161919713,0.128126695752144,0.0266535952687263,-0.145362004637718,-0.0641190335154533,0.234578773379326,0.0604568459093571,0.343819171190262,0.0673554390668869,0.192210331559181,0.184278756380081,0.190899282693863,0.0726961642503738,0.0887180343270302,-0.167555436491966,0.215672045946121,-0.0893124341964722,-0.0758748054504395,0.165869846940041,0.277356535196304,-0.140586420893669,0.300795257091522,0.150868326425552,0.0832474231719971,0.00626187026500702,-0.100383646786213,0.149813637137413,-0.00111041544005275,0.195976614952087,0.0381347835063934,0.185102581977844,0.0698475539684296,-0.00716522196307778,-0.0687299370765686,0.00319208041764796,0.136303797364235,0.236118525266647,-0.00677388999611139,0.148378938436508,0.273849546909332,0.0436512045562267,0.396477788686752,0.111194685101509,0.263641446828842,0.202702775597572,0.305729806423187,0.262871384620667,0.0682837292551994,-0.139083459973335,0.310770958662033,-0.0402459986507893,-0.103599309921265,0.168606698513031,0.301153719425201
0.357095867395401,0.262347936630249,0.580081105232239,0.378347307443619,0.115842528641224,0.0238018892705441,-0.0434733927249908,0.129991620779037,0.130604192614555,0.282598465681076,0.323759168386459,0,0.407198637723923,0.0856060534715652,0.0265437439084053,-0.0297840256243944,0.145273640751839,0.1541688144207,-0.0736652165651321,0.208329752087593,0.0639101341366768,-0.0235586892813444,-0.00758710922673345,-0.0570854209363461,-0.00195914437063038,0.0294687524437904,0.0800674259662628,0.0157007891684771,0.184939786791801,0.00246515357866883,-0.0487363412976265,-0.137154906988144,-0.0322454683482647,0.0395836681127548,0.194990217685699,-0.0469256117939949,0.112457677721977,0.0885993912816048,0.00875914003700018,0.223735898733139,0.0658201649785042,0.062016673386097,0.169364809989929,0.225848704576492,0.112553872168064,0.074927419424057,-0.0985190719366074,0.183013051748276,-0.0851390659809113,-0.0674719139933586,0.0639700442552567,0.190307676792145,-0.0257345680147409,0.234729781746864,0.183738127350807,-0.0483049005270004,0.0216379482299089,-0.0760230198502541,0.0827590972185135,0.0587245970964432,0.0859729796648026,-0.00525561068207026,0.23424819111824,-0.0281640775501728,-0.000816321757156402,-0.0527365319430828,0.00490610348060727,0.0431846752762794,0.280033856630325,0.0504123643040657,0.228856295347214,0.0968244299292564,-0.041060097515583,0.264788061380386,0.0845187529921532,0.117010451853275,0.182572215795517,0.279939562082291,0.226554527878761,0.0294483471661806,-0.0875527113676071,0.24281120300293,-0.0570207722485065,-0.0549069084227085,0.0589869283139706,0.216422766447067
0.294885814189911,0.254160821437836,0.380568414926529,0.645777702331543,0.170737773180008,0.00257679400965571,-0.0270222630351782,0.106578424572945,0.134735494852066,0.219825923442841,0.303286135196686,0.407198637723923,0,0.144931554794312,0.00838534347712994,-0.00692541431635618,0.118253119289875,0.158304527401924,-0.0573044009506702,0.270414173603058,-0.0376492254436016,0.0321271307766438,0.0147005906328559,-0.0282173827290535,-0.0917503461241722,-0.00033139530569315,-0.00422383937984705,0.0457721911370754,0.135169669985771,0.0410737134516239,-0.0667115226387978,-0.166648209095001,-0.0228619705885649,0.164428040385246,0.146043017506599,-0.107460737228394,0.0483087189495564,0.123399406671524,0.110459975898266,0.219361320137978,0.213690623641014,0.0208846349269152,0.113989323377609,0.13196736574173,0.119593404233456,0.0992466434836388,-0.0508718267083168,0.222929015755653,-0.0863043367862701,-0.0453364215791225,0.117253363132477,0.314726382493973,0.00767197879031301,0.285533100366592,0.0288026984781027,0.0259996652603149,0.0135836964473128,-0.0256603881716728,-0.0331356003880501,0.0276922434568405,0.0129826497286558,0.0412040874361992,0.187050297856331,0.0207877978682518,-0.0347903370857239,-0.117760494351387,-0.00375389587134123,0.154877677559853,0.285917609930038,-0.0424000807106495,0.185157731175423,0.141951963305473,0.11129142343998,0.253129601478577,0.282384097576141,0.0779108330607414,0.132054552435875,0.197316035628319,0.192861273884773,0.090927928686142,-0.0109655819833279,0.317904889583588,-0.087846577167511,-0.0495227761566639,0.122614793479443,0.373204231262207
0.114096134901047,0.0975800380110741,0.067218117415905,0.125682979822159,0.044943954795599,-0.0170781780034304,-0.0240868106484413,0.0154412277042866,0.0486092492938042,0.0995808467268944,0.111632630228996,0.0856060534715652,0.144931554794312,0,-0.00989958550781012,-0.0277800895273685,0.00594327924773097,0.0937773287296295,-0.0239708870649338,0.132630318403244,-0.0396238714456558,0.0164685994386673,0.0111410664394498,-0.0219215489923954,-0.0273067839443684,-0.0205691363662481,0.0125643536448479,-0.0103369848802686,0.0312206279486418,0.0181655660271645,-0.0311738792806864,-0.0582260414958,0.000885033281520009,0.060572873800993,0.0240402650088072,-0.0443816930055618,-0.00916957017034292,0.0586676225066185,0.0624102838337421,0.0877322927117348,0.0669768005609512,0.0393174290657043,0.0581460744142532,0.0431190617382526,0.0491086542606354,0.0173428617417812,-0.0176585465669632,0.0820206552743912,-0.0415664464235306,-0.0126029243692756,0.0733498334884644,0.12148329615593,-0.0154073247686028,0.106977492570877,0.00501395110040903,0.0172402895987034,0.00171013479121029,-0.0231904312968254,-0.00058437924599275,-0.0111159523949027,0.0281970500946045,-0.0117873838171363,0.031048571690917,0.0197155307978392,-0.00867755152285099,-0.0307387486100197,-0.00505591975525022,0.0707276687026024,0.0794441625475883,-0.0335114188492298,0.0579586550593376,0.0732376128435135,0.0668137744069099,0.0910969600081444,0.0874355062842369,0.0503788478672504,0.0724103450775146,0.0678676441311836,0.0941116437315941,0.00536305829882622,-0.0135747902095318,0.11911629140377,-0.0272930059581995,-0.0271371565759182,0.0637537315487862,0.135644689202309
-0.00132407539058477,-0.00380642269738019,0.0324231721460819,0.00828751549124718,-0.00460930448025465,0.435788154602051,0.173358753323555,0.0348232500255108,0.0714067295193672,0.0489905402064323,-0.0126075921580195,0.0265437439084053,0.00838534347712994,-0.00989958550781012,0,0.214034795761108,0.0423217043280602,0.0674625039100647,0.0525189489126205,0.0406846180558205,0.135820984840393,0.0850928127765656,0.108759373426437,0.229313537478447,0.227902933955193,0.129570603370667,0.324135303497314,0.121201664209366,0.0937978178262711,0.103390991687775,0.306190550327301,0.178191110491753,0.273041307926178,0.0717772021889687,-0.0372267700731754,-0.00839887373149395,-0.045139268040657,0.0688261315226555,0.0755084455013275,0.0839066505432129,0.0576219297945499,0.26036149263382,0.238538458943367,-0.0203897934406996,0.163359642028809,0.0740021765232086,0.213556170463562,-0.084415391087532,0.0436847321689129,0.130940482020378,0.0985769480466843,0.0827546119689941,0.0386887192726135,0.0428626202046871,0.0598204173147678,0.0736312568187714,0.101891882717609,0.224031463265419,0.157799750566483,0.132024228572845,0.301606953144073,0.108296170830727,0.0603663735091686,0.0968107879161835,0.267876893281937,0.15827839076519,0.275526136159897,0.0605892576277256,-0.0815434530377388,-0.0462682321667671,-0.0695830807089806,0.0579723864793777,0.103193111717701,0.0639917105436325,0.0505940616130829,0.2480638474226,0.176619797945023,-0.0617867298424244,0.104648031294346,0.0642643123865128,0.205811530351639,-0.0820757299661636,0.0335982218384743,0.141083002090454,0.0999021604657173,0.0785994455218315
-0.0962826833128929,-0.0962357372045517,-0.0302787274122238,-0.0142625803127885,-0.0282040555030107,0.168318659067154,0.251420170068741,0.00359478057362139,-0.0207608956843615,-0.0538801625370979,-0.109500922262669,-0.0297840256243944,-0.00692541431635618,-0.0277800895273685,0.214034795761108,0,0.0167791023850441,-0.00621114484965801,0.117145642638206,-0.0320432968437672,0.0423136577010155,0.0254261121153831,0.0724409520626068,0.168230459094048,0.046180184930563,0.117472477257252,-0.00418964540585876,0.0213975179940462,0.0171333402395248,0.0306643024086952,0.136429503560066,0.125708490610123,0.0950938910245895,0.0178017877042294,0.00718554388731718,0.0406568422913551,0.0463386997580528,-0.0502557866275311,0.0399764850735664,-0.105340763926506,0.0703704431653023,-0.0252358820289373,0.0076054953970015,-0.109458021819592,0.0448867306113243,0.0324189551174641,0.205069661140442,-0.0653089061379433,0.0409017689526081,0.106739014387131,0.0157809611409903,0.0287149529904127,0.105599738657475,-0.0348663441836834,-0.0214598849415779,0.0136986989527941,0.0401258878409863,0.176705196499825,-0.00656620832160115,0.116560071706772,-0.0241815093904734,0.0180520955473185,0.000836266030091792,0.0262073092162609,0.100145898759365,0.0907888263463974,0.100475020706654,0.0213104262948036,-0.0192650146782398,-0.0114386379718781,0.0116388564929366,-0.0610467419028282,0.0566769316792488,-0.124398559331894,0.0748091861605644,-0.0439958050847054,-0.0254805162549019,-0.141070500016212,-0.00819193944334984,0.0402889996767044,0.21188759803772,-0.0842373892664909,0.0274842362850904,0.133478879928589,0.00385502446442842,0.0244620144367218
0.0407813340425491,0.0553897134959698,0.117934115231037,0.0964074805378914,0.0237384457141161,0.0396446883678436,-0.0108528379350901,0.108553491532803,0.0516979806125164,0.030995462089777,0.0948130860924721,0.145273640751839,0.118253119289875,0.00594327924773097,0.0423217043280602,0.0167791023850441,0,0.0695673823356628,-0.0234399959445,0.0911442264914513,-0.0499956794083118,0.0300182495266199,0.0157232098281384,-0.00564242852851748,-0.01934714615345,-0.036745946854353,0.0790112912654877,0.0301405489444733,0.0174380596727133,0.0316595993936062,0.056947086006403,-0.0668065249919891,0.00970741454511881,0.0327170416712761,-0.021289573982358,-0.0790425390005112,-0.0613568238914013,0.0461605787277222,0.00716317025944591,0.0641771554946899,-0.00372679019346833,0.0712835565209389,0.123820267617702,-0.0139512000605464,0.0187950115650892,0.00306642451323569,0.0127467792481184,-0.0283566936850548,-0.0139266448095441,-0.0140062607824802,0.0412173233926296,0.0608649551868439,-0.0125154182314873,0.0769329071044922,-0.0378499403595924,0.0310469288378954,0.00761147029697895,0.0170735064893961,-0.0222777277231216,-0.0155490441247821,0.0689932331442833,0.0263898856937885,0.0244337115436792,0.0205569658428431,0.0492938905954361,-0.0381930246949196,0.0234289690852165,0.0374615490436554,-0.0115818521007895,-0.103372737765312,-0.0255773216485977,0.0499215759336948,-0.00219384324736893,0.0719697326421738,0.0023216288536787,0.0720892027020454,0.115778379142284,0.0154199991375208,0.0160270966589451,0.00370851322077215,0.0229526162147522,0.0183329675346613,-0.0160878356546164,-0.00279053603298962,0.0473873913288116,0.0710580721497536
0.263026893138885,0.210955157876015,0.153056561946869,0.148155331611633,0.0618451088666916,0.0695229023694992,-0.0317058116197586,0.0662100464105606,0.198595508933067,0.229856789112091,0.252278476953506,0.1541688144207,0.158304527401924,0.0937773287296295,0.0674625039100647,-0.00621114484965801,0.0695673823356628,0,-0.0597822517156601,0.164600506424904,0.037147331982851,0.05209955945611,0.0390561521053314,0.010880802758038,0.0600067712366581,0.0308612566441298,0.120371587574482,0.0239487085491419,0.0903281345963478,0.0910538583993912,0.0148837631568313,-0.0281925238668919,0.0701518878340721,0.0975713804364204,0.025891175493598,-0.0522853210568428,-0.00626175850629807,0.163447216153145,0.0800931826233864,0.184279188513756,0.0645247623324394,0.155603349208832,0.133066654205322,0.114540793001652,0.079771563410759,0.0600466430187225,0.00940503738820553,0.133490204811096,-0.0358657278120518,0.0274404566735029,0.165411278605461,0.189591571688652,-0.00739346025511622,0.180792883038521,0.103188253939152,0.0634056031703949,0.0257385205477476,0.00865629874169827,0.110341280698776,0.0398013144731522,0.149022504687309,0.0264901779592037,0.116363182663918,0.0794599428772926,0.0659434869885445,0.0200282521545887,0.0573042146861553,0.11531300842762,0.11696183681488,0.0130985267460346,0.0832857564091682,0.180977582931519,0.0743022114038467,0.20061419904232,0.0858251824975014,0.192558094859123,0.141191422939301,0.150462850928307,0.164918169379234,0.0536018088459969,0.0232925564050674,0.172017961740494,0.00108842877671123,0.00110050151124597,0.136113256216049,0.213227555155754
-0.158000841736794,-0.110275253653526,-0.0324989557266235,-0.0533891171216965,-0.0162182115018368,0.0707341432571411,0.154234886169434,-0.0343752689659595,-0.0466934479773045,-0.0736564993858337,-0.190641954541206,-0.0736652165651321,-0.0573044009506702,-0.0239708870649338,0.0525189489126205,0.117145642638206,-0.0234399959445,-0.0597822517156601,0,-0.0388367548584938,0.223247230052948,0.0389534682035446,0.0419373400509357,0.264292657375336,0.196416646242142,0.270640850067139,-0.165380641818047,0.0783333033323288,0.0745657831430435,0.0709852576255798,0.0196223370730877,0.563782572746277,0.00427574617788196,-0.0162531062960625,0.495527923107147,0.21404829621315,0.548920452594757,-0.037670511752367,0.0678344964981079,-0.103776626288891,0.170846566557884,-0.0655666962265968,-0.135354712605476,0.00841101910918951,0.188465729355812,0.0887020826339722,0.73234623670578,0.240047320723534,0.116679579019547,0.156874671578407,0.169180810451508,0.12937980890274,0.658804893493652,-0.0449496209621429,0.0406762287020683,0.0218171682208776,0.020547728985548,0.220567792654037,0.0258223321288824,0.188826873898506,-0.203466892242432,0.0810846760869026,0.0145292058587074,0.0638545528054237,-0.0561995469033718,0.328917920589447,0.0251019932329655,0.00114189786836505,0.230535447597504,0.158977195620537,0.267093479633331,-0.0737686604261398,0.109783165156841,-0.166574478149414,0.130159169435501,-0.135711699724197,-0.117767028510571,-0.0980929881334305,0.0339113287627697,0.0608304478228092,0.616983294487,0.0502287000417709,0.0622243992984295,0.164725840091705,0.169918149709702,0.0941627398133278
0.235153704881668,0.25753453373909,0.202294215559959,0.295960247516632,0.10695244371891,0.0449370890855789,-0.0386979468166828,0.0930808037519455,0.164173975586891,0.229875668883324,0.288144618272781,0.208329752087593,0.270414173603058,0.132630318403244,0.0406846180558205,-0.0320432968437672,0.0911442264914513,0.164600506424904,-0.0388367548584938,0,-0.109598234295845,0.173499122262001,0.0517905429005623,0.0222966894507408,-0.112601764500141,-0.0178139600902796,0.0133308405056596,0.0330637954175472,0.209930196404457,0.195231691002846,-0.0893542990088463,-0.27590873837471,0.0113323153927922,0.399354368448257,0.19904100894928,-0.220484375953674,0.00986361969262362,0.285613834857941,0.329917818307877,0.416794061660767,0.399792671203613,0.0971828401088715,0.283616244792938,0.258983433246613,0.317323476076126,0.269876182079315,0.046966664493084,0.374300986528397,-0.130052089691162,-0.0438099876046181,0.287404268980026,0.562983989715576,0.0297547988593578,0.583754658699036,-0.0976877585053444,0.188515573740005,0.00847616046667099,0.00817880034446716,-0.0991999879479408,0.00793919805437326,0.062902957201004,0.0398303531110287,0.187016323208809,0.167088240385056,-0.0350680872797966,-0.239435106515884,0.029657144099474,0.375168472528458,0.301114231348038,-0.237987264990807,0.120410472154617,0.287195861339569,0.283541977405548,0.442172318696976,0.397986233234406,0.168018817901611,0.281617105007172,0.24726165831089,0.29856088757515,0.221608132123947,0.0523065999150276,0.466810971498489,-0.157350316643715,-0.0826220735907555,0.239814355969429,0.555815756320953
0.0607815273106098,0.0433415807783604,0.118756838142872,-0.0314713828265667,0.00044732351670973,0.150427624583244,0.0469918288290501,-0.058903630822897,0.00751804560422897,0.261963993310928,-0.0188572220504284,0.0639101341366768,-0.0376492254436016,-0.0396238714456558,0.135820984840393,0.0423136577010155,-0.0499956794083118,0.037147331982851,0.223247230052948,-0.109598234295845,0,-0.140269547700882,0.066988117992878,0.185759782791138,0.717688798904419,0.562673330307007,0.20236137509346,-0.0619699731469154,0.275940865278244,-0.0883967578411102,0.111876331269741,0.479127079248428,0.165726125240326,-0.0905940607190132,0.544588625431061,0.461899489164352,0.536239683628082,-0.122388526797295,-0.0166352987289429,0.111659556627274,0.121015816926956,0.317539393901825,-0.0420801751315594,0.700116634368896,0.406284004449844,0.383892476558685,0.0627787485718727,0.448850691318512,0.0252962000668049,0.00853534229099751,-0.0156471785157919,-0.0422415286302567,0.0274765752255917,-0.112566709518433,0.655882656574249,-0.192601844668388,0.0611878447234631,0.104473672807217,0.525107324123383,0.303699404001236,0.0679566636681557,-0.0307217426598072,0.0945852398872375,-0.0860806256532669,0.0549805015325546,0.306974500417709,0.120306417346001,-0.0775729417800903,0.252543538808823,0.363507181406021,0.19851753115654,-0.130097195506096,-0.004126469604671,-0.00962529238313437,0.046623919159174,0.161004841327667,-0.114732466638088,0.281665921211243,0.090193122625351,0.160582184791565,0.0471768528223038,0.084073394536972,0.0678335949778557,0.0185303892940283,-0.00375030981376767,-0.0988600477576256
-0.0237795058637857,0.0916024297475815,0.00329837878234684,0.0349452495574951,0.00333072291687131,0.0999861359596252,0.0269723553210497,0.0245291404426098,0.0678772181272507,0.00681631406769156,0.0723950043320656,-0.0235586892813444,0.0321271307766438,0.0164685994386673,0.0850928127765656,0.0254261121153831,0.0300182495266199,0.05209955945611,0.0389534682035446,0.173499122262001,-0.140269547700882,0,0.0183961968868971,0.317960351705551,0.0471625216305256,-0.140115141868591,0.129034757614136,0.248417615890503,0.0409602485597134,0.915632784366608,0.0120274219661951,-0.150576561689377,0.155051589012146,0.367363184690475,-0.0658838376402855,-0.17870369553566,-0.132258206605911,0.873199045658112,0.315863221883774,0.0867267027497292,0.293909341096878,0.283572286367416,0.0774384886026382,-0.0223997123539448,0.0872291624546051,0.633572518825531,0.183110743761063,0.0295890308916569,-0.0343903005123138,0.0127933574840426,0.209024667739868,0.240027338266373,0.0837558805942535,0.161237180233002,-0.237803488969803,0.972334861755371,0.0041501116938889,0.365065008401871,-0.0624169893562794,-0.0810977295041084,0.159384205937386,0.316718697547913,-0.00785709638148546,0.904957830905914,-0.00764138298109174,-0.186040356755257,0.163188606500626,0.339457362890244,-0.0945118889212608,-0.246450558304787,-0.14360386133194,0.836231827735901,0.363419681787491,0.0827900320291519,0.309745043516159,0.312662035226822,0.0871408209204674,-0.0839155986905098,0.0045449105091393,0.580517709255219,0.169845297932625,0.0656022354960442,-0.0721089690923691,0.0143703017383814,0.176008030772209,0.21779291331768
0.0225074458867311,0.0185676254332066,0.0105771264061332,0.00986178778111935,0.0098559046164155,0.13373751938343,0.0742264464497566,-0.000365800195140764,0.0171686224639416,0.0489378944039345,0.0152590973302722,-0.00758710922673345,0.0147005906328559,0.0111410664394498,0.108759373426437,0.0724409520626068,0.0157232098281384,0.0390561521053314,0.0419373400509357,0.0517905429005623,0.066988117992878,0.0183961968868971,0,0.157789900898933,0.110605344176292,0.140265733003616,0.0591336488723755,0.032693512737751,0.094502367079258,0.0417261682450771,0.0922092944383621,0.10734049975872,0.0976005494594574,0.0307925306260586,0.0635709762573242,0.0389904119074345,0.0676446706056595,0.0245944131165743,0.0465841703116894,0.0413290746510029,0.0556445457041264,0.0451809018850327,0.0601870678365231,0.0411324724555016,0.070615142583847,0.086279422044754,0.107884898781776,0.0609902106225491,0.0312679708003998,0.102666825056076,0.0501877069473267,0.0999350771307945,0.0197982620447874,0.0230181701481342,0.0377417877316475,0.00661375187337399,0.0512708090245724,0.128532692790031,0.0755335837602615,0.113173730671406,0.0582332238554955,0.0221270173788071,0.059397779405117,0.0405889637768269,0.0845224782824516,0.0741365849971771,0.0810162425041199,0.00830135494470596,0.0530597195029259,0.0159628912806511,0.0402707420289516,0.0154891554266214,0.0361802764236927,0.032424733042717,0.0468315035104752,0.0599231906235218,0.0327239036560059,-0.0043091606348753,0.0478415228426456,0.0718162506818771,0.0789751783013344,0.0349945388734341,0.0180244967341423,0.0507487021386623,0.0280217211693525,0.0883505493402481
-0.0604939460754395,-0.0548024699091911,-0.0396120212972164,-0.0238390248268843,-0.0125159891322255,0.221360579133034,0.179216802120209,-0.00912195257842541,0.00334104220382869,-0.0839527323842049,-0.0730166137218475,-0.0570854209363461,-0.0282173827290535,-0.0219215489923954,0.229313537478447,0.168230459094048,-0.00564242852851748,0.010880802758038,0.264292657375336,0.0222966894507408,0.185759782791138,0.317960351705551,0.157789900898933,0,0.321220517158508,0.350649803876877,0.0775231122970581,0.537408113479614,0.103782579302788,0.509260773658752,0.174945697188377,0.202609896659851,0.330379813909531,0.0991803333163261,0.133190914988518,0.0431046411395073,0.0992297753691673,0.277823954820633,0.097373828291893,-0.0527053624391556,0.146302953362465,0.104039147496223,0.0426023975014687,-0.0171015691012144,0.0946926474571228,0.495136082172394,0.346663892269135,0.0146632147952914,0.0660529434680939,0.149469897150993,0.121721409261227,0.141076475381851,0.251520037651062,0.0427083596587181,0.0556450709700584,0.289035499095917,0.105321869254112,0.809394717216492,0.196767181158066,0.352268904447556,0.0756087154150009,0.499370694160461,0.0775043070316315,0.508261382579803,0.138705372810364,0.1947041451931,0.346356898546219,0.109126500785351,0.114131197333336,-0.019605765119195,0.134714797139168,0.201187759637833,0.148537620902061,-0.0391400903463364,0.180630475282669,0.148121327161789,0.039834026247263,-0.0672689229249954,0.0585326477885246,0.491866379976273,0.280439555644989,-0.00121643708553165,0.0449552498757839,0.138780117034912,0.0931021198630333,0.103111445903778
