0 0.32076 0.24451 0.27057 0.09089 -0.0069174 -0.07564 0.067778 0.20015 0.69889 0.39338 0.32521 0.29254 0.11781 0.00090687 -0.098842 0.047665 0.25276 -0.13213 0.2467 0.025645 0.032564 0.032937 -0.0067552 0.050349 0.15032 0.089036 0.09349 0.1797 0.053147 -0.16285 -0.09916 0.027982 0.11636 0.029618 -0.10585 -0.027436 0.1693 0.12072 0.35598 0.10601 0.17725 0.10273 0.33682 -0.011516 0.25306 -0.14566 0.34372 -0.11461 -0.075012 0.025458 0.24193 0.016273 0.26965 0.3784 0.023257 0.04539 -0.025132 0.35948 0.25305 0.18703 0.048009 0.27956 0.053831 -0.042067 0.14609 0.05372 0.14335 0.34655 0.13286 0.25345 0.19061 0.12345 0.44895 0.17546 0.30421 0.15199 0.57898 0.33513 0.26609 -0.12563 0.52428 -0.001584 -0.082964 0.034141 0.28495
0.32076 0 0.23076 0.25882 0.10612 0.028977 -0.052765 0.067181 0.21265 0.34121 0.50061 0.25141 0.24638 0.10581 0.013336 -0.082846 0.056907 0.19393 -0.092104 0.27358 0.031768 0.11106 0.024563 -0.014802 0.073467 0.043092 0.15682 0.081543 0.14041 0.14692 -0.022084 -0.090788 0.042582 0.20475 0.076898 -0.10303 -0.011596 0.24286 0.19658 0.33312 0.15992 0.203 0.16296 0.19197 0.15302 0.15797 -0.068024 0.22549 -0.048433 -0.061433 0.19174 0.31903 -0.093848 0.26149 0.029526 0.098643 0.021262 -0.032671 0.052219 0.0041825 0.15353 0.061554 0.12371 0.1222 -0.0044364 -0.076413 0.0014928 0.16314 0.141 -0.070952 0.056827 0.27959 0.15062 0.31685 0.13416 0.19665 0.14912 0.14849 0.13911 0.097416 -0.092175 0.20956 -0.062529 -0.08113 0.16902 0.28186
0.24451 0.23076 0 0.39696 0.095501 0.039834 -0.0012059 0.14796 0.13225 0.25824 0.24785 0.58993 0.38774 0.067127 0.024137 -0.039532 0.11529 0.12765 -0.0080631 0.16739 0.12475 0.0038463 0.013443 -0.030529 0.016021 0.056281 0.075633 0.0019263 0.19483 0.028918 0.0051333 -0.056234 0.00030375 0.021632 0.21507 -0.030705 0.14149 0.10141 0.011707 0.15684 0.080721 0.082884 0.14279 0.23497 0.18644 0.061972 -0.045367 0.16657 -0.047805 -0.040857 0.032862 0.18047 -0.01038 0.13633 0.10078 -0.01662 0.030256 -0.052109 0.013555 0.021055 0.057221 -0.013838 0.15024 0.013744 -0.0013838 -0.081794 0.002406 0.0077683 0.18076 -0.033997 0.13706 0.11299 -0.016966 0.16218 0.06666 0.069016 0.082227 0.15089 0.12043 0.011362 -0.065251 0.13487 -0.054074 -0.050829 0.046052 0.16271
0.27057 0.25882 0.39696 0 0.18824 0.015306 -0.0017462 0.10312 0.14386 0.24097 0.2605 0.3893 0.65093 0.12211 -0.0012372 -0.016959 0.083427 0.13728 -0.027334 0.27617 -0.061852 0.028664 0.013538 -0.018292 -0.11875 -0.0059973 -0.0048755 0.035503 0.12679 0.049526 -0.039778 -0.16113 -0.020638 0.17724 0.15101 -0.12362 0.055408 0.13064 0.20294 0.17115 0.27455 0.0040231 0.10247 0.12399 0.11244 0.11306 -0.0054085 0.20315 -0.067066 -0.028424 0.12204 0.35464 0.017141 0.25418 0.00053207 0.019973 0.012881 -0.037508 -0.073295 -0.028226 -0.0048802 0.016385 0.14772 0.045298 -0.044844 -0.1398 0.0010886 0.14696 0.26332 -0.077156 0.16051 0.1527 0.13526 0.2129 0.24639 0.039454 0.10173 0.14344 0.12211 0.089097 -0.028734 0.27556 -0.067554 -0.059729 0.10358 0.34088
0.09089 0.10612 0.095501 0.18824 0 -0.0090912 -0.024275 0.021713 0.050009 0.10275 0.10172 0.10241 0.15914 0.05358 -0.0089932 -0.035878 0.017331 0.056769 -0.010325 0.10777 -0.0067181 0.012626 0.019005 -0.013688 -0.034376 0.0029338 -0.0060369 -0.010234 0.059306 0.006527 -0.034233 -0.035842 -0.01468 0.027153 0.065568 -0.0058394 0.051227 0.065728 0.075463 0.08648 0.086408 0.00028215 0.032539 0.069549 0.04569 0.018423 0.0054587 0.09461 -0.027395 -0.031996 0.057512 0.14474 0.0011893 0.10472 -0.024326 -0.00065677 -0.0084641 -0.041748 -0.053647 -0.013843 -0.012208 -0.011373 0.055516 0.0034832 -0.0331 -0.053982 -0.030364 0.02202 0.090624 -0.015748 0.068513 0.066414 0.063094 0.070959 0.082496 -0.0097008 0.0074935 0.0351 0.024392 -0.0090043 -0.0055904 0.092261 -0.047662 -0.024455 0.043818 0.13202
-0.0069174 0.028977 0.039834 0.015306 -0.0090912 0 0.17157 0.018517 0.085301 0.07292 0.011193 0.029572 0.0069618 -0.0071416 0.44492 0.18236 0.05253 0.077505 0.021432 0.032587 0.12996 0.1202 0.14638 0.23474 0.26665 0.11356 0.34901 0.13898 0.072899 0.14476 0.30193 0.20273 0.2919 0.1045 -0.059647 -0.0095174 -0.050482 0.11155 0.11184 0.10015 0.058985 0.30274 0.23006 -0.02448 0.20501 0.075237 0.19893 -0.089366 0.065188 0.14672 0.12341 0.075974 -0.032257 0.042045 -0.016601 0.099954 0.08497 0.22784 0.13986 0.089487 0.31332 0.14669 0.0066476 0.13487 0.29315 0.12869 0.25291 0.093443 -0.15144 -0.083576 -0.11114 0.085754 0.11179 0.038726 0.076852 0.2519 0.16494 -0.11446 0.11071 0.037403 0.18049 -0.11601 0.042376 0.12281 0.11487 0.049017
-0.07564 -0.052765 -0.0012059 -0.0017462 -0.024275 0.17157 0 -0.016537 0.0022067 -0.013151 -0.086855 -0.031831 -0.021506 -0.027214 0.18607 0.24813 -0.005859 -0.021723 0.13448 -0.038586 0.05356 0.029449 0.078561 0.17633 0.088623 0.12831 0.013804 0.064385 0.013537 0.042986 0.16338 0.14792 0.076747 0.041148 0.012288 0.052173 0.054408 -0.0057061 0.05989 -0.12269 0.06703 -0.0049513 0.0016606 -0.12217 0.051438 0.022252 0.21775 -0.066061 0.036756 0.12544 0.021737 0.03694 0.057947 -0.0511 -0.048089 0.023744 0.023508 0.15735 -0.0013843 0.081263 -0.00097298 0.051572 -0.020227 0.034632 0.10305 0.075323 0.079006 0.047702 -0.066716 -0.024813 -0.02934 -0.021218 0.060345 -0.13119 0.071942 -0.021363 -0.015788 -0.18003 -0.016332 0.034842 0.18115 -0.11368 0.022903 0.099572 0.020714 0.0038134
0.067778 0.067181 0.14796 0.10312 0.021713 0.018517 -0.016537 0 0.039857 0.041971 0.072968 0.13159 0.09494 0.0060753 0.030273 -0.01522 0.10557 0.059893 -0.029691 0.076522 -0.064874 0.015334 -0.0012958 -0.0009908 -0.031917 -0.020328 0.059496 0.023923 0.027336 0.0063773 0.057263 -0.055991 0.03136 0.028773 -0.038813 -0.090347 -0.07756 0.043905 0.010641 0.067394 0.00027497 0.053519 0.11262 -0.00090284 0.0060226 0.010851 0.00092966 -0.0055351 -0.0054393 0.0052017 0.037573 0.083954 -0.030628 0.07094 -0.030536 0.014035 0.0042413 0.0064747 -0.0096616 0.0079153 0.072975 0.030035 0.02808 -0.00011415 0.055781 -0.03161 0.01294 0.027963 0.0016014 -0.080091 -0.010414 0.05021 -0.0020997 0.076411 0.013944 0.055325 0.092827 0.028763 0.041532 0.0077589 -0.0012798 0.047188 -0.015309 0.003838 0.038523 0.077517
0.20015 0.21265 0.13225 0.14386 0.050009 0.085301 0.0022067 0.039857 0 0.2151 0.22561 0.12928 0.12312 0.057548 0.084952 -0.023543 0.048908 0.19315 -0.050565 0.16039 -0.0017461 0.07585 0.024667 0.019346 0.031701 0.010915 0.12815 0.029876 0.076255 0.10627 0.01786 -0.057524 0.079836 0.12446 0.028523 -0.08232 -0.023861 0.18558 0.11025 0.1622 0.092821 0.15157 0.13251 0.079756 0.067508 0.079377 -0.0030889 0.10407 -0.028901 -0.026117 0.11809 0.19592 -0.04309 0.16392 0.04184 0.067946 0.027958 -0.0028936 0.05374 0.013007 0.14654 0.011466 0.084917 0.10452 0.055852 -0.019183 0.051489 0.074539 0.074321 -0.048822 0.030129 0.19123 0.087204 0.17209 0.071364 0.16948 0.11994 0.090542 0.10583 0.042121 -0.013983 0.13247 -0.030821 -0.011194 0.12082 0.17286
0.69889 0.34121 0.25824 0.24097 0.10275 0.07292 -0.013151 0.041971 0.2151 0 0.29035 0.23731 0.19907 0.10154 0.055912 -0.042218 0.037419 0.20929 -0.046301 0.22815 0.24657 0.040589 0.065911 0.012937 0.21437 0.28087 0.15604 -0.0020187 0.20344 0.047504 0.0004851 0.10962 0.077095 0.20391 0.19055 0.079473 0.17486 0.14758 0.32312 0.28257 0.31192 0.21329 0.070811 0.42841 0.23959 0.31776 -0.066368 0.40969 -0.013636 0.002992 0.035221 0.24161 -0.095311 0.15926 0.092896 0.015657 0.038204 -0.020756 0.098305 0.14314 0.10668 -0.0092648 0.091376 0.057297 -0.021705 0.044429 0.059631 0.14913 0.11307 -0.00029861 0.017905 0.16709 0.20213 0.26347 0.17621 0.14311 0.032135 0.19261 0.038487 0.1558 -0.090458 0.32311 -0.020722 -0.034984 0.034811 0.20631
0.39338 0.50061 0.24785 0.2605 0.10172 0.011193 -0.086855 0.072968 0.22561 0.29035 0 0.3034 0.29042 0.11754 0.0046095 -0.098223 0.096426 0.23089 -0.17427 0.29565 -0.054267 0.093578 0.025174 -0.048604 0.011086 -0.037029 0.16492 0.073826 0.12999 0.13089 -0.049273 -0.18243 0.037294 0.15427 -0.022351 -0.18775 -0.096895 0.26015 0.11047 0.33869 0.093881 0.20008 0.20097 0.15293 0.064343 0.1135 -0.12139 0.19092 -0.090391 -0.088762 0.17125 0.30643 -0.11512 0.29695 0.10454 0.08808 0.01405 -0.065541 0.13155 -0.0032147 0.21562 0.037555 0.17773 0.10436 0.0094142 -0.053684 0.029726 0.17577 0.20128 -0.04837 0.11776 0.29032 0.11923 0.38312 0.1468 0.26842 0.19637 0.264 0.23985 0.095068 -0.124 0.28166 -0.053759 -0.099999 0.17931 0.3204
0.32521 0.25141 0.58993 0.3893 0.10241 0.029572 -0.031831 0.13159 0.12928 0.23731 0.3034 0 0.41112 0.085475 0.022355 -0.032935 0.15214 0.14175 -0.068183 0.19458 0.051121 -0.014633 0.0019441 -0.035815 -0.02757 0.002993 0.08576 0.023721 0.18484 0.016671 -0.043903 -0.13483 -0.000642 0.012141 0.15891 -0.083708 0.097454 0.1142 0.004015 0.19837 0.061067 0.0677 0.16058 0.19393 0.10343 0.082531 -0.084867 0.1462 -0.074548 -0.063163 0.036742 0.18538 -0.0035554 0.21425 0.1605 -0.038481 0.033978 -0.056826 0.056194 0.039507 0.084999 -0.018857 0.22904 0.010253 0.014922 -0.057533 0.027053 0.01897 0.26052 0.027024 0.21384 0.13499 -0.043078 0.23134 0.055433 0.11095 0.16982 0.25678 0.19139 0.038924 -0.086885 0.18938 -0.048928 -0.056546 0.035429 0.19866
0.29254 0.24638 0.38774 0.65093 0.15914 0.0069618 -0.021506 0.09494 0.12312 0.19907 0.29042 0.41112 0 0.14168 -0.0019139 -0.0089419 0.10919 0.14449 -0.03242 0.24424 -0.056462 0.020998 0.01881 -0.014482 -0.11415 -0.018707 -0.01463 0.05589 0.12285 0.048932 -0.085831 -0.16961 -0.023619 0.13994 0.12276 -0.13365 0.0445 0.14398 0.12619 0.16901 0.21176 0.0036122 0.088971 0.11476 0.074566 0.10005 -0.03397 0.18466 -0.084365 -0.058358 0.10885 0.31422 0.042742 0.26594 0.027061 0.016009 0.023567 -0.025416 -0.043601 0.0093024 -0.0023028 0.022309 0.17325 0.044964 -0.056229 -0.12017 0.0091256 0.14679 0.29886 -0.053575 0.20474 0.16224 0.1286 0.21237 0.26463 0.057782 0.099235 0.17273 0.1466 0.095321 -0.016488 0.28694 -0.090795 -0.047879 0.095338 0.35902
0.11781 0.10581 0.067127 0.12211 0.05358 -0.0071416 -0.027214 0.0060753 0.057548 0.10154 0.11754 0.085475 0.14168 0 -0.0084841 -0.028529 0.0027321 0.081089 -0.022764 0.13019 -0.062289 0.037673 0.013348 -0.01785 -0.038373 -0.035127 0.0099365 -0.011397 0.03197 0.037747 -0.029618 -0.074032 0.0040767 0.073321 0.018805 -0.067108 -0.019971 0.080708 0.09516 0.083023 0.082497 0.0425 0.048611 0.032391 0.03672 0.036214 -0.0032108 0.073692 -0.045866 -0.021549 0.083678 0.13719 -0.0061145 0.10264 -0.013399 0.036078 0.009348 -0.016965 -0.014132 -0.018948 0.031977 -0.019709 0.032539 0.048933 -0.015394 -0.045476 -0.0097883 0.089976 0.088806 -0.045932 0.0575 0.093369 0.092729 0.0945 0.10925 0.053057 0.057233 0.047023 0.07928 0.021797 -0.010758 0.12522 -0.035305 -0.033635 0.067059 0.14791
0.00090687 0.013336 0.024137 -0.0012372 -0.0089932 0.44492 0.18607 0.030273 0.084952 0.055912 0.0046095 0.022355 -0.0019139 -0.0084841 0 0.21913 0.04573 0.075525 0.019284 0.042187 0.10934 0.10537 0.11767 0.24265 0.25457 0.11541 0.34073 0.12633 0.071822 0.13073 0.30214 0.15449 0.30075 0.11059 -0.062604 -0.051137 -0.094477 0.093488 0.11478 0.081982 0.059904 0.29987 0.24648 -0.037493 0.17758 0.062742 0.20943 -0.10129 0.055299 0.12604 0.13086 0.086769 -0.011505 0.058905 0.044473 0.095343 0.10529 0.24078 0.19233 0.12554 0.33723 0.11439 0.055837 0.12103 0.29118 0.15661 0.29775 0.096736 -0.12738 -0.090167 -0.091797 0.074019 0.12818 0.080633 0.081416 0.28856 0.1955 -0.063976 0.14622 0.056273 0.20863 -0.080164 0.028612 0.14048 0.12398 0.086384
-0.098842 -0.082846 -0.039532 -0.016959 -0.035878 0.18236 0.24813 -0.01522 -0.023543 -0.042218 -0.098223 -0.032935 -0.0089419 -0.028529 0.21913 0 0.004563 -0.0046457 0.10572 -0.044595 0.03695 0.031884 0.075295 0.16668 0.065276 0.12459 -0.0047152 0.037701 0.011164 0.037478 0.13162 0.11344 0.085808 0.046413 -0.011343 0.020089 0.023759 -0.046011 0.045559 -0.12264 0.063314 -0.019192 -0.00087044 -0.12435 0.026644 0.022867 0.18582 -0.075914 0.047686 0.10097 0.026248 0.020972 0.074272 -0.043491 -0.0090552 0.022723 0.048228 0.17749 0.019094 0.11904 -0.0085488 0.035411 -0.012062 0.023784 0.10511 0.073582 0.10679 0.039651 -0.030604 -0.012849 0.0095443 -0.05746 0.055271 -0.14227 0.077118 -0.033095 -0.022161 -0.14468 -0.01922 0.036849 0.20014 -0.07911 0.029479 0.11411 0.0084428 0.017398
0.047665 0.056907 0.11529 0.083427 0.017331 0.05253 -0.005859 0.10557 0.048908 0.037419 0.096426 0.15214 0.10919 0.0027321 0.04573 0.004563 0 0.059679 -0.026797 0.075395 -0.045728 0.010365 0.012392 -0.0023149 -0.0013492 -0.023821 0.079989 0.030989 0.025903 0.013368 0.037271 -0.062186 0.02145 0.019594 -0.020061 -0.072789 -0.059116 0.037631 -0.012029 0.06914 -0.015646 0.071781 0.11761 -0.006207 0.026483 -0.0012498 0.00042523 -0.028491 -0.017158 -0.011919 0.029811 0.058388 -0.028515 0.074713 -0.036595 0.0019754 0.010264 0.023405 -0.0071444 -0.014764 0.077649 0.019242 0.026008 0.0084689 0.050578 -0.024383 0.03062 0.022859 -0.0095687 -0.092484 -0.025742 0.036887 -0.021647 0.071389 -0.012654 0.067509 0.10468 0.028026 0.027733 -0.0038382 0.011641 0.0061108 -0.028178 0.0052431 0.023024 0.05213
0.25276 0.19393 0.12765 0.13728 0.056769 0.077505 -0.021723 0.059893 0.19315 0.20929 0.23089 0.14175 0.14449 0.081089 0.075525 -0.0046457 0.059679 0 -0.056553 0.15706 0.01227 0.058303 0.035701 0.023476 0.043584 0.027255 0.12527 0.035544 0.087334 0.094431 0.0074993 -0.036299 0.085715 0.085547 0.011897 -0.07542 -0.027829 0.16949 0.080321 0.16876 0.061283 0.15273 0.13851 0.087985 0.072157 0.067881 0.0093774 0.11543 -0.045512 0.020339 0.15493 0.18643 -0.0066511 0.17562 0.083014 0.065631 0.026173 0.015196 0.096021 0.035799 0.14776 0.025157 0.12051 0.094219 0.06098 0.014375 0.064119 0.11672 0.11068 -0.01013 0.076669 0.19021 0.084926 0.19457 0.085935 0.18184 0.1318 0.13188 0.14694 0.058519 0.011104 0.15961 -0.010893 -0.0089782 0.1135 0.20105
-0.13213 -0.092104 -0.0080631 -0.027334 -0.010325 0.021432 0.13448 -0.029691 -0.050565 -0.046301 -0.17427 -0.068183 -0.03242 -0.022764 0.019284 0.10572 -0.026797 -0.056553 0 -0.015424 0.21751 0.074637 0.030186 0.19415 0.091534 0.20047 -0.23378 0.062348 0.072105 0.076714 -0.061257 0.39643 -0.060311 0.028817 0.55194 0.16508 0.5551 -0.015455 0.087352 -0.10932 0.22427 -0.12005 -0.19439 0.038314 0.063898 0.080527 0.74829 0.26786 0.047052 0.1209 0.1725 0.16107 0.70201 -0.054348 0.065656 0.062686 0.016098 0.1522 -0.011494 0.12612 -0.25523 0.066083 0.0072188 0.063308 -0.14979 0.16131 -0.019465 0.022217 0.29696 0.11768 0.26611 -0.042716 0.12213 -0.15554 0.1493 -0.15852 -0.17005 -0.080888 -0.084787 0.044285 0.66375 0.10244 0.0015554 0.1212 0.16508 0.13891
0.2467 0.27358 0.16739 0.27617 0.10777 0.032587 -0.038586 0.076522 0.16039 0.22815 0.29565 0.19458 0.24424 0.13019 0.042187 -0.044595 0.075395 0.15706 -0.015424 0 -0.13076 0.17183 0.035262 0.011819 -0.11715 -0.05241 0.0019576 0.0039892 0.17051 0.2024 -0.11207 -0.25826 0.0056162 0.38092 0.14121 -0.25922 -0.015014 0.29 0.34873 0.38939 0.40601 0.068468 0.26222 0.23103 0.26889 0.27502 0.028333 0.31759 -0.12571 -0.074009 0.25335 0.54013 0.032071 0.53972 -0.094869 0.17997 0.01736 0.0094628 -0.0865 -0.0085668 0.045251 -0.0040862 0.15273 0.194 -0.055537 -0.22355 0.027105 0.37162 0.30374 -0.23921 0.081096 0.29537 0.30654 0.41165 0.38206 0.13294 0.23158 0.22194 0.24819 0.22518 0.012045 0.41042 -0.1559 -0.090968 0.2 0.52128
0.025645 0.031768 0.12475 -0.061852 -0.0067181 0.12996 0.05356 -0.064874 -0.0017461 0.24657 -0.054267 0.051121 -0.056462 -0.062289 0.10934 0.03695 -0.045728 0.01227 0.21751 -0.13076 0 -0.1223 0.068887 0.19598 0.63955 0.56766 0.16241 -0.037888 0.25822 -0.084141 0.14282 0.52477 0.16146 -0.10747 0.55436 0.46326 0.56212 -0.10226 -0.03516 0.072662 0.1076 0.21884 -0.084644 0.68461 0.39222 0.32648 0.071545 0.47051 0.03726 0.016486 -0.058586 -0.1057 0.038323 -0.13909 0.62582 -0.17824 0.063267 0.08004 0.45796 0.30185 0.022455 -0.034412 0.092102 -0.088075 0.045045 0.32039 0.10036 -0.10459 0.15053 0.33246 0.17183 -0.11355 -0.060567 -0.039364 -0.025046 0.083295 -0.14879 0.24284 0.057144 0.1211 0.024878 0.010532 0.067565 0.027497 -0.044038 -0.16125
0.032564 0.11106 0.0038463 0.028664 0.012626 0.1202 0.029449 0.015334 0.07585 0.040589 0.093578 -0.014633 0.020998 0.037673 0.10537 0.031884 0.010365 0.058303 0.074637 0.17183 -0.1223 0 0.024219 0.35422 0.11082 -0.15298 0.1573 0.27186 0.033923 0.94007 0.00081605 -0.1379 0.14264 0.39342 -0.060772 -0.20315 -0.11689 0.89105 0.38913 0.085948 0.3416 0.30567 0.067648 -0.019491 0.087966 0.64409 0.20762 0.0052904 -0.030342 0.0087238 0.26223 0.26553 0.067162 0.15706 -0.20756 0.97882 0.015886 0.40379 0.016543 -0.072157 0.18527 0.33288 0.0014964 0.92885 -0.021001 -0.17393 0.16926 0.37125 -0.052157 -0.21891 -0.13431 0.85831 0.43122 0.094333 0.3699 0.34436 0.063709 -0.079976 0.024221 0.6109 0.18274 0.074043 -0.064591 0.012801 0.22913 0.25324
0.032937 0.024563 0.013443 0.013538 0.019005 0.14638 0.078561 -0.0012958 0.024667 0.065911 0.025174 0.0019441 0.01881 0.013348 0.11767 0.075295 0.012392 0.035701 0.030186 0.035262 0.068887 0.024219 0 0.17058 0.11312 0.15392 0.06458 0.047245 0.09007 0.048468 0.089373 0.1083 0.1032 0.030705 0.051662 0.03728 0.068191 0.0311 0.05147 0.037672 0.059111 0.05751 0.058573 0.033559 0.060096 0.086956 0.088641 0.06752 0.031324 0.11144 0.044169 0.087229 0.0046218 0.031209 0.035989 0.0092905 0.055825 0.12973 0.081201 0.11038 0.065293 0.031526 0.057811 0.045256 0.078219 0.069038 0.083594 0.011714 0.036462 0.011999 0.041055 0.024257 0.039706 0.030094 0.044621 0.065076 0.022317 -0.020492 0.033992 0.06607 0.068262 0.041568 0.0012755 0.043544 0.028952 0.09112
-0.0067552 -0.014802 -0.030529 -0.018292 -0.013688 0.23474 0.17633 -0.0009908 0.019346 0.012937 -0.048604 -0.035815 -0.014482 -0.01785 0.24265 0.16668 -0.0023149 0.023476 0.19415 0.011819 0.19598 0.35422 0.17058 0 0.41362 0.36671 0.11063 0.58111 0.1022 0.53572 0.17833 0.20318 0.34288 0.12296 0.095484 0.035195 0.071835 0.32805 0.089968 -0.045472 0.13997 0.17237 0.04045 -0.027868 0.088798 0.5471 0.26301 -0.0094234 0.082613 0.13995 0.092816 0.10396 0.13046 0.033048 0.072845 0.31399 0.1102 0.82583 0.28664 0.37493 0.11317 0.54769 0.066372 0.52097 0.13518 0.18015 0.36855 0.11892 0.089504 -0.045714 0.11802 0.25645 0.13552 -0.044032 0.1884 0.19626 0.024089 -0.10365 0.043019 0.5612 0.1975 -0.00062857 0.052213 0.12863 0.073356 0.073228
0.050349 0.073467 0.016021 -0.11875 -0.034376 0.26665 0.088623 -0.031917 0.031701 0.21437 0.011086 -0.02757 -0.11415 -0.038373 0.25457 0.065276 -0.0013492 0.043584 0.091534 -0.11715 0.63955 0.11082 0.11312 0.41362 0 0.50345 0.6201 0.1008 0.15299 0.12994 0.39636 0.68951 0.47613 -0.045602 0.12933 0.33221 0.13333 0.030778 -0.099839 0.25782 -0.22206 0.75192 0.15374 0.43561 0.39538 0.33658 0.072428 0.18222 0.22473 0.14804 -0.034833 -0.15812 -0.037604 -0.11633 0.38411 0.012946 0.079477 0.31886 0.74768 0.32047 0.52411 0.12182 0.025165 0.10641 0.35668 0.58341 0.38497 -0.043457 -0.16755 0.15395 -0.022439 0.0010076 -0.12509 0.11781 -0.21 0.58853 0.093353 0.050083 0.20936 0.16038 0.029866 -0.10544 0.21471 0.16942 -0.017127 -0.19318
0.15032 0.043092 0.056281 -0.0059973 0.0029338 0.11356 0.12831 -0.020328 0.010915 0.28087 -0.037029 0.002993 -0.018707 -0.035127 0.11541 0.12459 -0.023821 0.027255 0.20047 -0.05241 0.56766 -0.15298 0.15392 0.36671 0.50345 0 -0.012891 0.078987 0.2311 -0.11416 0.091064 0.47705 0.10013 -0.064769 0.35202 0.41161 0.45037 -0.15667 -0.0099443 0.013788 0.11329 -0.02855 -0.10076 0.39667 0.16681 0.35786 0.085655 0.45696 0.02023 0.11303 -0.045722 0.028881 0.051355 -0.052207 0.34579 -0.18933 0.087367 0.22138 0.3278 0.58466 -0.098959 0.039056 0.1059 -0.1146 -0.0010777 0.31301 0.045153 -0.074311 0.14773 0.22403 0.23753 -0.17179 -0.046014 -0.031338 -0.0098851 -0.083188 -0.13145 0.095716 -0.047267 0.23511 0.046247 0.16896 0.060933 0.081215 -0.04766 -0.019392
0.089036 0.15682 0.075633 -0.0048755 -0.0060369 0.34901 0.013804 0.059496 0.12815 0.15604 0.16492 0.08576 -0.01463 0.0099365 0.34073 -0.0047152 0.079989 0.12527 -0.23378 0.0019576 0.16241 0.1573 0.06458 0.11063 0.6201 -0.012891 0 0.027234 0.047003 0.13288 0.54089 0.28926 0.44813 0.073445 -0.25061 -0.062066 -0.30926 0.16225 0.004286 0.46247 -0.21725 0.85444 0.48344 0.07651 0.33305 -0.027383 -0.020689 -0.20785 0.20115 0.069323 0.10529 -0.06674 -0.22626 0.011604 -0.00045983 0.098882 0.068542 0.11981 0.38664 -0.04354 0.81279 0.052915 -0.019635 0.12098 0.51436 0.27957 0.34712 0.049761 -0.38294 -0.12968 -0.31373 0.177 0.0044823 0.32912 -0.16369 0.77087 0.37179 -0.083553 0.28958 -0.1187 -0.018302 -0.25158 0.11964 0.093235 0.091023 -0.093267
0.09349 0.081543 0.0019263 0.035503 -0.010234 0.13898 0.064385 0.023923 0.029876 -0.0020187 0.073826 0.023721 0.05589 -0.011397 0.12633 0.037701 0.030989 0.035544 0.062348 0.0039892 -0.037888 0.27186 0.047245 0.58111 0.1008 0.078987 0.027234 0 0.047463 0.44702 0.069055 -0.022058 0.047704 0.07519 0.016604 -0.030062 0.016366 0.35527 0.041786 0.0057821 0.11463 -0.0026027 0.05472 -0.11988 -0.05337 0.33477 0.1578 -0.12045 0.015639 0.055205 0.12561 0.11104 0.11659 0.0607 0.013949 0.26674 0.032182 0.60404 0.088099 0.19758 0.0377 0.96429 0.074507 0.37652 0.034198 0.060956 0.089605 0.068143 0.15032 -0.021255 0.12497 0.3424 0.14953 0.035304 0.21223 0.045301 0.043259 -0.064462 0.012095 0.43546 0.12031 0.036601 0.038385 0.036863 0.091279 0.13845
0.1797 0.14041 0.19483 0.12679 0.059306 0.072899 0.013537 0.027336 0.076255 0.20344 0.12999 0.18484 0.12285 0.03197 0.071822 0.011164 0.025903 0.087334 0.072105 0.17051 0.25822 0.033923 0.09007 0.1022 0.15299 0.2311 0.047003 0.047463 0 0.055373 0.07577 0.10552 0.060077 0.032518 0.38572 0.2506 0.44279 0.10372 0.015312 0.21853 0.087849 0.072874 0.17138 0.38817 0.2477 0.15299 0.049046 0.34994 -0.025043 0.041874 0.083219 0.28495 0.072047 0.15507 0.19356 0.012176 0.066138 0.064206 0.10962 0.14214 -0.007227 0.038455 0.3582 0.045393 0.038746 0.044889 0.0040991 0.013787 0.33837 0.21394 0.40474 0.10814 0.0011729 0.15695 0.041479 0.046821 0.12072 0.2139 0.16105 0.055195 0.037006 0.20407 0.0066182 -0.018037 0.08533 0.2606
0.053147 0.14692 0.028918 0.049526 0.006527 0.14476 0.042986 0.0063773 0.10627 0.047504 0.13089 0.016671 0.048932 0.037747 0.13073 0.037478 0.013368 0.094431 0.076714 0.2024 -0.084141 0.94007 0.048468 0.53572 0.12994 -0.11416 0.13288 0.44702 0.055373 0 0.0048131 -0.14796 0.19958 0.38681 -0.02586 -0.19835 -0.074184 0.92909 0.40537 0.092434 0.34295 0.27605 0.078823 -0.018086 0.068402 0.68408 0.22247 0.037588 -0.018348 0.0027646 0.30994 0.30391 0.057347 0.18098 -0.15725 0.9327 0.02769 0.54738 0.050861 -0.0067659 0.16879 0.49343 0.03119 0.94668 -0.019115 -0.15101 0.23377 0.36534 0.030465 -0.20527 -0.053302 0.89572 0.44719 0.11662 0.37826 0.33841 0.069421 -0.066334 0.031067 0.67182 0.1828 0.14506 -0.056002 -0.01041 0.27321 0.29432
-0.16285 -0.022084 0.0051333 -0.039778 -0.034233 0.30193 0.16338 0.057263 0.01786 0.0004851 -0.049273 -0.043903 -0.085831 -0.029618 0.30214 0.13162 0.037271 0.0074993 -0.061257 -0.11207 0.14282 0.00081605 0.089373 0.17833 0.39636 0.091064 0.54089 0.069055 0.07577 0.0048131 0 0.40005 0.30543 0.0089672 -0.149 0.092925 -0.106 -0.019889 -0.0047592 0.0069401 -0.096567 0.44339 0.37171 -0.20033 0.33832 -0.11905 0.17432 -0.29737 0.29291 0.17529 0.011407 -0.11409 -0.14017 -0.12133 -0.15083 -0.024721 0.028258 0.18482 0.10236 0.010022 0.41445 0.090415 -0.080039 -0.0073426 0.57512 0.22916 0.23368 -0.0028247 -0.37745 -0.082116 -0.27737 -0.05112 0.0085034 -0.10304 -0.088469 0.26443 0.23973 -0.40534 0.10578 -0.14272 0.12084 -0.37383 0.20933 0.153 0.018459 -0.15637
-0.09916 -0.090788 -0.056234 -0.16113 -0.035842 0.20273 0.14792 -0.055991 -0.057524 0.10962 -0.18243 -0.13483 -0.16961 -0.074032 0.15449 0.11344 -0.062186 -0.036299 0.39643 -0.25826 0.52477 -0.1379 0.1083 0.20318 0.68951 0.47705 0.28926 -0.022058 0.10552 -0.14796 0.40005 0 0.1733 -0.18278 0.20595 0.62036 0.29978 -0.204 -0.11807 -0.018614 -0.17628 0.32666 -0.023296 0.079848 0.39176 -0.077007 0.30753 0.17876 0.34718 0.30321 -0.10291 -0.22784 0.15159 -0.28349 0.1597 -0.19244 0.070852 0.13841 0.3179 0.27874 0.12449 0.0012737 -0.052712 -0.14194 0.22436 0.71213 0.086308 -0.18211 -0.20917 0.37012 -0.078811 -0.22877 -0.12391 -0.17666 -0.21663 0.076039 -0.092947 -0.26617 0.051758 -0.13719 0.22308 -0.20393 0.29088 0.26319 -0.069886 -0.24611
0.027982 0.042582 0.00030375 -0.020638 -0.01468 0.2919 0.076747 0.03136 0.079836 0.077095 0.037294 -0.000642 -0.023619 0.0040767 0.30075 0.085808 0.02145 0.085715 -0.060311 0.0056162 0.16146 0.14264 0.1032 0.34288 0.47613 0.10013 0.44813 0.047704 0.060077 0.19958 0.30543 0.1733 0 0.099552 -0.083643 -0.058571 -0.11702 0.13112 0.018803 0.10457 -0.093846 0.51598 0.24369 0.06148 0.19101 0.10649 0.097227 -0.11577 0.082189 0.085804 0.067632 0.0072144 -0.055767 0.00015263 0.10356 0.08624 0.069734 0.29357 0.35406 0.1002 0.44946 0.041222 0.015663 0.18339 0.31425 0.20458 0.4608 0.079741 -0.14452 -0.057239 -0.079897 0.10614 0.0040632 0.076643 -0.063707 0.47372 0.18612 -0.0095046 0.18657 0.04785 0.086377 -0.12463 0.090634 0.10361 0.048981 -0.030873
0.11636 0.20475 0.021632 0.17724 0.027153 0.1045 0.041148 0.028773 0.12446 0.20391 0.15427 0.012141 0.13994 0.073321 0.11059 0.046413 0.019594 0.085547 0.028817 0.38092 -0.10747 0.39342 0.030705 0.12296 -0.045602 -0.064769 0.073445 0.07519 0.032518 0.38681 0.0089672 -0.18278 0.099552 0 0.086386 -0.23231 -0.031471 0.42826 0.6137 0.23039 0.63047 0.2011 0.10025 0.079983 0.3134 0.36631 0.21436 0.29315 -0.057679 -0.017387 0.41129 0.50544 0.016152 0.34483 -0.16434 0.37418 -0.0043238 0.12605 -0.097937 -0.064989 0.089818 0.076878 -0.0094496 0.36953 -0.026037 -0.22835 0.13062 0.80271 0.13501 -0.25452 0.022471 0.40376 0.55591 0.29006 0.61427 0.23859 0.080445 0.040233 0.23039 0.30083 0.21818 0.37923 -0.11539 -0.027899 0.37086 0.4934
0.029618 0.076898 0.21507 0.15101 0.065568 -0.059647 0.012288 -0.038813 0.028523 0.19055 -0.022351 0.15891 0.12276 0.018805 -0.062604 -0.011343 -0.020061 0.011897 0.55194 0.14121 0.55436 -0.060772 0.051662 0.095484 0.12933 0.35202 -0.25061 0.016604 0.38572 -0.02586 -0.149 0.20595 -0.083643 0.086386 0 0.36328 0.8574 0.011376 0.074288 -0.01422 0.34494 -0.14761 -0.14741 0.47982 0.42397 0.21142 0.27958 0.56701 -0.0503 0.0072228 0.048016 0.27502 0.32338 0.10586 0.30649 -0.072822 0.011966 0.017897 -0.0077861 0.1205 -0.31766 -0.0033259 0.22917 -0.031377 -0.23588 -0.031727 -0.086994 0.069342 0.6213 0.21229 0.54666 0.0056113 0.056755 -0.07195 0.22304 -0.21674 -0.16949 0.11813 0.093427 0.10131 0.19584 0.28254 -0.045532 -0.044544 0.064967 0.2277
-0.10585 -0.10303 -0.030705 -0.12362 -0.0058394 -0.0095174 0.052173 -0.090347 -0.08232 0.079473 -0.18775 -0.083708 -0.13365 -0.067108 -0.051137 0.020089 -0.072789 -0.07542 0.16508 -0.25922 0.46326 -0.20315 0.03728 0.035195 0.33221 0.41161 -0.062066 -0.030062 0.2506 -0.19835 0.092925 0.62036 -0.058571 -0.23231 0.36328 0 0.60423 -0.20661 -0.17086 -0.16264 -0.11813 -0.12525 -0.20896 0.1464 0.17389 -0.14603 -0.014531 0.23046 0.15373 0.11033 -0.12595 -0.19342 -0.020226 -0.26396 0.16941 -0.2118 0.022803 -0.020735 0.050728 0.18166 -0.23339 -0.026457 0.067494 -0.20216 -0.040049 0.28015 -0.087829 -0.2089 -0.0066567 0.54883 0.19823 -0.21766 -0.15978 -0.25686 -0.17056 -0.31662 -0.25224 -0.19801 -0.1517 -0.21101 -0.033799 -0.12813 0.13579 0.086345 -0.093935 -0.19402
-0.027436 -0.011596 0.14149 0.055408 0.051227 -0.050482 0.054408 -0.07756 -0.023861 0.17486 -0.096895 0.097454 0.0445 -0.019971 -0.094477 0.023759 -0.059116 -0.027829 0.5551 -0.015014 0.56212 -0.11689 0.068191 0.071835 0.13333 0.45037 -0.30926 0.016366 0.44279 -0.074184 -0.106 0.29978 -0.11702 -0.031471 0.8574 0.60423 0 -0.066718 -0.055432 -0.11797 0.25191 -0.30705 -0.26249 0.39293 0.24048 0.12941 0.2219 0.51708 0.0030567 0.022883 -0.058343 0.15138 0.34189 -0.074957 0.28871 -0.12434 0.030507 -0.010153 -0.085287 0.18749 -0.39531 -0.0042749 0.25337 -0.079027 -0.22449 -0.020155 -0.13293 -0.041933 0.48888 0.4323 0.57499 -0.068215 -0.031742 -0.19094 0.091067 -0.39492 -0.28483 0.017405 -0.15847 0.031176 0.14397 0.12931 -0.043837 -0.034892 -0.019498 0.11246
0.1693 0.24286 0.10141 0.13064 0.065728 0.11155 -0.0057061 0.043905 0.18558 0.14758 0.26015 0.1142 0.14398 0.080708 0.093488 -0.046011 0.037631 0.16949 -0.015455 0.29 -0.10226 0.89105 0.0311 0.32805 0.030778 -0.15667 0.16225 0.35527 0.10372 0.92909 -0.019889 -0.204 0.13112 0.42826 0.011376 -0.20661 -0.066718 0 0.47355 0.20158 0.41219 0.29991 0.12241 0.0086436 0.10192 0.58123 0.13688 0.11956 -0.060184 -0.025821 0.36522 0.39722 -0.013565 0.27327 -0.14522 0.85433 0.021989 0.33774 -0.0020779 -0.067123 0.19523 0.40492 0.083618 0.89963 -0.020435 -0.19143 0.15261 0.40283 0.073054 -0.17977 -0.023042 0.97278 0.50737 0.24418 0.43893 0.34548 0.11653 0.011898 0.082341 0.56856 0.083564 0.25874 -0.053094 -0.053794 0.32565 0.39577
0.12072 0.19658 0.011707 0.20294 0.075463 0.11184 0.05989 0.010641 0.11025 0.32312 0.11047 0.004015 0.12619 0.09516 0.11478 0.045559 -0.012029 0.080321 0.087352 0.34873 -0.03516 0.38913 0.05147 0.089968 -0.099839 -0.0099443 0.004286 0.041786 0.015312 0.40537 -0.0047592 -0.11807 0.018803 0.6137 0.074288 -0.17086 -0.055432 0.47355 0 0.071612 0.89888 0.067642 0.008876 0.047672 0.32661 0.44983 0.32491 0.40328 -0.042606 0.011666 0.54084 0.63915 -0.00067535 0.30757 -0.19313 0.36761 0.01314 0.073662 -0.16738 -0.061047 -0.011172 0.045755 -0.044858 0.37901 -0.06316 -0.22776 0.043617 0.54361 0.07517 -0.25366 -0.10339 0.4312 0.91449 0.13222 0.83457 0.074296 -0.021439 -0.065603 0.13778 0.37059 0.28276 0.44859 -0.1108 -0.02091 0.47036 0.56486
0.35598 0.33312 0.15684 0.17115 0.08648 0.10015 -0.12269 0.067394 0.1622 0.28257 0.33869 0.19837 0.16901 0.083023 0.081982 -0.12264 0.06914 0.16876 -0.10932 0.38939 0.072662 0.085948 0.037672 -0.045472 0.25782 0.013788 0.46247 0.0057821 0.21853 0.092434 0.0069401 -0.018614 0.10457 0.23039 -0.01422 -0.16264 -0.11797 0.20158 0.071612 0 -0.0026343 0.55456 0.39106 0.41844 0.23587 0.15608 -0.10745 0.27394 -0.067641 -0.054684 0.16519 0.30591 -0.05768 0.35655 0.11648 0.081452 0.045039 -0.04915 0.28277 0.032891 0.45269 -0.0032216 0.20066 0.064793 0.10417 0.083652 0.049924 0.19609 0.10786 -0.11512 0.029629 0.22228 0.054359 0.70109 0.016897 0.53452 0.33751 0.40474 0.32287 0.049886 -0.08618 0.26464 -0.079415 -0.075186 0.15219 0.30728
0.10601 0.15992 0.080721 0.27455 0.086408 0.058985 0.06703 0.00027497 0.092821 0.31192 0.093881 0.061067 0.21176 0.082497 0.059904 0.063314 -0.015646 0.061283 0.22427 0.40601 0.1076 0.3416 0.059111 0.13997 -0.22206 0.11329 -0.21725 0.11463 0.087849 0.34295 -0.096567 -0.17628 -0.093846 0.63047 0.34494 -0.11813 0.25191 0.41219 0.89888 -0.0026343 0 -0.16624 -0.064987 0.13064 0.43748 0.52297 0.30225 0.52546 -0.10313 -0.025379 0.43139 0.65077 0.12004 0.34327 -0.097901 0.32167 0.0078762 0.10405 -0.276 -0.0070053 -0.22626 0.10897 0.036806 0.33813 -0.18419 -0.31364 -0.023481 0.58085 0.3475 -0.24136 0.10539 0.38597 0.83169 0.059833 0.91649 -0.12316 -0.10001 -0.0049051 0.18218 0.45681 0.2591 0.50922 -0.14247 -0.054398 0.3527 0.58408
0.17725 0.203 0.082884 0.0040231 0.00028215 0.30274 -0.0049513 0.053519 0.15157 0.21329 0.20008 0.0677 0.0036122 0.0425 0.29987 -0.019192 0.071781 0.15273 -0.12005 0.068468 0.21884 0.30567 0.05751 0.17237 0.75192 -0.02855 0.85444 -0.0026027 0.072874 0.27605 0.44339 0.32666 0.51598 0.2011 -0.14761 -0.12525 -0.30705 0.29991 0.067642 0.55456 -0.16624 0 0.45164 0.25858 0.405 0.15463 0.033578 -0.025138 0.18319 0.072038 0.11628 0.014644 -0.10219 0.066846 0.10769 0.23889 0.073408 0.17179 0.58574 -0.007112 0.82367 0.046675 0.0039434 0.26587 0.46312 0.38272 0.42629 0.16152 -0.27861 -0.13644 -0.26614 0.28795 0.047458 0.44715 -0.10751 0.94176 0.37743 0.093952 0.42653 0.012081 0.037598 -0.047295 0.16155 0.12408 0.12266 -0.011895
0.10273 0.16296 0.14279 0.10247 0.032539 0.23006 0.0016606 0.11262 0.13251 0.070811 0.20097 0.16058 0.088971 0.048611 0.24648 -0.00087044 0.11761 0.13851 -0.19439 0.26222 -0.084644 0.067648 0.058573 0.04045 0.15374 -0.10076 0.48344 0.05472 0.17138 0.078823 0.37171 -0.023296 0.24369 0.10025 -0.14741 -0.20896 -0.26249 0.12241 0.008876 0.39106 -0.064987 0.45164 0 0.048456 0.36617 -0.038494 0.0055132 -0.1051 0.063499 0.025016 0.13127 0.15939 -0.12971 0.26262 -0.097907 0.050492 0.052272 0.054012 0.076495 -0.061976 0.45418 0.053965 0.12928 0.064637 0.39375 0.066496 0.17359 0.085417 -0.10783 -0.18665 -0.13206 0.12074 0.0030883 0.32832 -0.025148 0.40193 0.57275 0.025895 0.3665 -0.06792 0.025438 -0.042931 0.022339 0.041817 0.12983 0.14668
0.33682 0.19197 0.23497 0.12399 0.069549 -0.02448 -0.12217 -0.00090284 0.079756 0.42841 0.15293 0.19393 0.11476 0.032391 -0.037493 -0.12435 -0.006207 0.087985 0.038314 0.23103 0.68461 -0.019491 0.033559 -0.027868 0.43561 0.39667 0.07651 -0.11988 0.38817 -0.018086 -0.20033 0.079848 0.06148 0.079983 0.47982 0.1464 0.39293 0.0086436 0.047672 0.41844 0.13064 0.25858 0.048456 0 0.39352 0.40818 -0.14283 0.66042 -0.12937 -0.11771 0.026223 0.21146 0.012043 0.16846 0.50498 -0.036706 0.04349 -0.091059 0.37605 0.20296 0.025642 -0.12318 0.23353 -0.030367 -0.15994 0.067597 0.0026309 0.06705 0.37275 0.12889 0.25794 0.032904 -0.028369 0.3441 0.0088073 0.23289 -0.0058153 0.67315 0.17574 0.17436 -0.12726 0.36453 -0.075297 -0.12686 0.013432 0.13477
-0.011516 0.15302 0.18644 0.11244 0.04569 0.20501 0.051438 0.0060226 0.067508 0.23959 0.064343 0.10343 0.074566 0.03672 0.17758 0.026644 0.026483 0.072157 0.063898 0.26889 0.39222 0.087966 0.060096 0.088798 0.39538 0.16681 0.33305 -0.05337 0.2477 0.068402 0.33832 0.39176 0.19101 0.3134 0.42397 0.17389 0.24048 0.10192 0.32661 0.23587 0.43748 0.405 0.36617 0.39352 0 0.22698 0.15248 0.37495 0.15761 0.059861 0.14095 0.20609 -0.028884 0.18532 0.025285 0.040352 0.042395 0.070943 0.035543 0.019209 0.18739 -0.035308 0.023972 0.067216 0.19132 0.10348 0.14072 0.31004 0.061891 -0.09998 -0.056019 0.083077 0.25799 0.11438 0.3568 0.19703 0.20311 -0.082334 0.53039 0.10343 0.14027 0.086743 0.065214 0.054135 0.14358 0.14728
0.25306 0.15797 0.061972 0.11306 0.018423 0.075237 0.022252 0.010851 0.079377 0.31776 0.1135 0.082531 0.10005 0.036214 0.062742 0.022867 -0.0012498 0.067881 0.080527 0.27502 0.32648 0.64409 0.086956 0.5471 0.33658 0.35786 -0.027383 0.33477 0.15299 0.68408 -0.11905 -0.077007 0.10649 0.36631 0.21142 -0.14603 0.12941 0.58123 0.44983 0.15608 0.52297 0.15463 -0.038494 0.40818 0.22698 0 0.036918 0.52223 -0.073484 -0.024786 0.19285 0.38382 0.0038088 0.26681 0.19521 0.60134 0.051855 0.47523 0.27012 0.30916 0.026426 0.29023 0.10159 0.67098 -0.12958 -0.086249 0.14685 0.3387 0.3129 -0.15268 0.13998 0.55604 0.39164 0.20656 0.47293 0.25953 -0.042688 0.25263 0.13958 0.94709 -0.020645 0.49958 -0.055382 -0.051181 0.15779 0.3449
-0.14566 -0.068024 -0.045367 -0.0054085 0.0054587 0.19893 0.21775 0.00092966 -0.0030889 -0.066368 -0.12139 -0.084867 -0.03397 -0.0032108 0.20943 0.18582 0.00042523 0.0093774 0.74829 0.028333 0.071545 0.20762 0.088641 0.26301 0.072428 0.085655 -0.020689 0.1578 0.049046 0.22247 0.17432 0.30753 0.097227 0.21436 0.27958 -0.014531 0.2219 0.13688 0.32491 -0.10745 0.30225 0.033578 0.0055132 -0.14283 0.15248 0.036918 0 0.051357 0.074211 0.19166 0.55301 0.27784 0.5628 0.012189 -0.085058 0.18246 0.061611 0.26891 -0.052419 0.031173 -0.053199 0.1473 -0.00044637 0.20138 0.076146 0.12375 0.13463 0.22919 0.10996 -0.051283 0.043262 0.080647 0.36844 -0.11095 0.32997 0.0082727 0.014921 -0.20614 0.035288 0.070331 0.85619 0.027528 0.015559 0.1762 0.4816 0.24855
0.34372 0.22549 0.16657 0.20315 0.09461 -0.089366 -0.066061 -0.0055351 0.10407 0.40969 0.19092 0.1462 0.18466 0.073692 -0.10129 -0.075914 -0.028491 0.11543 0.26786 0.31759 0.47051 0.0052904 0.06752 -0.0094234 0.18222 0.45696 -0.20785 -0.12045 0.34994 0.037588 -0.29737 0.17876 -0.11577 0.29315 0.56701 0.23046 0.51708 0.11956 0.40328 0.27394 0.52546 -0.025138 -0.1051 0.66042 0.37495 0.52223 0.051357 0 -0.11633 -0.068741 0.24614 0.52723 0.19643 0.28682 0.35687 0.00076563 0.033149 -0.12634 0.22712 0.26558 -0.21599 -0.10445 0.25725 0.026713 -0.30116 0.10816 -0.10616 0.23082 0.54266 0.16439 0.4055 0.13011 0.288 0.25675 0.37561 0.028121 -0.11852 0.46582 0.23669 0.33636 0.04578 0.79557 -0.048871 -0.095816 0.18497 0.45915
-0.11461 -0.048433 -0.047805 -0.067066 -0.027395 0.065188 0.036756 -0.0054393 -0.028901 -0.013636 -0.090391 -0.074548 -0.084365 -0.045866 0.055299 0.047686 -0.017158 -0.045512 0.047052 -0.12571 0.03726 -0.030342 0.031324 0.082613 0.22473 0.02023 0.20115 0.015639 -0.025043 -0.018348 0.29291 0.34718 0.082189 -0.057679 -0.0503 0.15373 0.0030567 -0.060184 -0.042606 -0.067641 -0.10313 0.18319 0.063499 -0.12937 0.15761 -0.073484 0.074211 -0.11633 0 0.11286 -0.077064 -0.14773 -0.01191 -0.14 -0.10663 -0.026321 0.010045 0.081383 0.017343 0.014305 0.11378 0.031404 -0.086037 -0.021294 0.19026 0.22738 0.048084 -0.069501 -0.187 0.062816 -0.13539 -0.056896 -0.032778 -0.15176 -0.0876 0.051391 0.018923 -0.2735 0.032219 -0.05272 0.045655 -0.20912 0.19444 0.10946 -0.055645 -0.1601
-0.075012 -0.061433 -0.040857 -0.028424 -0.031996 0.14672 0.12544 0.0052017 -0.026117 0.002992 -0.088762 -0.063163 -0.058358 -0.021549 0.12604 0.10097 -0.011919 0.020339 0.1209 -0.074009 0.016486 0.0087238 0.11144 0.13995 0.14804 0.11303 0.069323 0.055205 0.041874 0.0027646 0.17529 0.30321 0.085804 -0.017387 0.0072228 0.11033 0.022883 -0.025821 0.011666 -0.054684 -0.025379 0.072038 0.025016 -0.11771 0.059861 -0.024786 0.19166 -0.068741 0.11286 0 0.0068935 -0.021639 0.050325 -0.084887 -0.05273 -0.0046215 0.028181 0.11734 0.038121 0.09435 0.048613 0.053791 -0.038652 0.0099304 0.13327 0.22174 0.054396 -0.022534 -0.075922 0.045849 -0.057601 -0.040685 -0.0033855 -0.10347 -0.036172 0.024953 0.0034095 -0.17921 0.02227 -0.032637 0.16918 -0.1145 0.10506 0.16676 -0.00050205 -0.031009
0.025458 0.19174 0.032862 0.12204 0.057512 0.12341 0.021737 0.037573 0.11809 0.035221 0.17125 0.036742 0.10885 0.083678 0.13086 0.026248 0.029811 0.15493 0.1725 0.25335 -0.058586 0.26223 0.044169 0.092816 -0.034833 -0.045722 0.10529 0.12561 0.083219 0.30994 0.011407 -0.10291 0.067632 0.41129 0.048016 -0.12595 -0.058343 0.36522 0.54084 0.16519 0.43139 0.11628 0.13127 0.026223 0.14095 0.19285 0.55301 0.24614 -0.077064 0.0068935 0 0.50483 0.18244 0.26401 -0.062703 0.26147 0.040176 0.1107 -0.011325 -0.047608 0.082421 0.11965 0.085125 0.28871 0.019548 -0.098552 0.091587 0.39104 0.13128 -0.1225 0.017048 0.33746 0.52392 0.21799 0.45187 0.16575 0.12608 0.027603 0.14777 0.19225 0.53223 0.35657 -0.057207 -0.02951 0.67644 0.46236
0.24193 0.31903 0.18047 0.35464 0.14474 0.075974 0.03694 0.083954 0.19592 0.24161 0.30643 0.18538 0.31422 0.13719 0.086769 0.020972 0.058388 0.18643 0.16107 0.54013 -0.1057 0.26553 0.087229 0.10396 -0.15812 0.028881 -0.06674 0.11104 0.28495 0.30391 -0.11409 -0.22784 0.0072144 0.50544 0.27502 -0.19342 0.15138 0.39722 0.63915 0.30591 0.65077 0.014644 0.15939 0.21146 0.20609 0.38382 0.27784 0.52723 -0.14773 -0.021639 0.50483 0 0.16501 0.50254 -0.062545 0.2577 0.059553 0.05372 -0.09685 0.0078975 -0.036321 0.096129 0.27146 0.28776 -0.10033 -0.20702 0.026403 0.46851 0.46673 -0.15636 0.27997 0.39342 0.56687 0.36611 0.60463 0.11477 0.13272 0.21223 0.21457 0.3261 0.23618 0.62318 -0.14171 -0.07186 0.39915 0.7618
0.016273 -0.093848 -0.01038 0.017141 0.0011893 -0.032257 0.057947 -0.030628 -0.04309 -0.095311 -0.11512 -0.0035554 0.042742 -0.0061145 -0.011505 0.074272 -0.028515 -0.0066511 0.70201 0.032071 0.038323 0.067162 0.0046218 0.13046 -0.037604 0.051355 -0.22626 0.11659 0.072047 0.057347 -0.14017 0.15159 -0.055767 0.016152 0.32338 -0.020226 0.34189 -0.013565 -0.00067535 -0.05768 0.12004 -0.10219 -0.12971 0.012043 -0.028884 0.0038088 0.5628 0.19643 -0.01191 0.050325 0.18244 0.16501 0 0.032451 0.19383 0.07213 0.019287 0.16691 0.1254 0.16129 -0.20569 0.078788 0.11922 0.036237 -0.13241 0.32189 -0.021192 0.017728 0.49905 0.15554 0.5206 -0.029383 0.026139 -0.020566 0.13785 -0.029294 -0.090066 0.062832 0.18287 -0.012137 0.69823 0.22829 0.0062065 0.12077 0.15155 0.17208
