0,0.345624715089798,0.279958784580231,0.288280576467514,0.0875417366623878,-0.00612520845606923,-0.0914829596877098,0.0632961168885231,0.216296285390854,0.72628253698349,0.42360121011734,0.366229355335236,0.30214461684227,0.113481841981411,-0.000479771726531908,-0.0976587906479836,0.0449796058237553,0.270437628030777,-0.145580440759659,0.242782846093178,0.0740199685096741,-0.0251097716391087,0.0255378074944019,-0.0611192099750042,0.0788028463721275,0.143861874938011,0.107455305755138,0.0187762845307589,0.200659677386284,-0.00644642859697342,-0.145730212330818,-0.0942553281784058,0.0155295161530375,0.121389530599117,0.0959067493677139,-0.0499786548316479,0.0233762916177511,0.116256542503834,0.0546322874724865,0.374515146017075,0.073844201862812,0.20273631811142,0.105151690542698,0.375961005687714,0.0586992390453815,0.163153171539307,-0.166039019823074,0.356761336326599,-0.093808501958847,-0.0617547258734703,0.0435917004942894,0.236739277839661,-0.016401007771492,0.286156296730042,0.409547805786133,-0.017583416774869,0.0345773547887802,-0.0891605392098427,0.360650539398193,0.234722793102264,0.198077157139778,0.00115432543680072,0.323564261198044,-0.0392630770802498,-0.0221559088677168,0.12416922301054,0.0221916474401951,0.136314824223518,0.386943578720093,0.196561142802238,0.294463574886322,0.130813986063004,0.0581169500946999,0.453180938959122,0.169838175177574,0.319723933935165,0.183585479855537,0.586305856704712,0.402433902025223,0.176601305603981,-0.124377258121967,0.53214156627655,0.00239912699908018,-0.0813657566905022,0.0576387941837311,0.284570515155792
0.345624715089798,0,0.2584108710289,0.282016158103943,0.116062499582767,0.00802435446530581,-0.0837834849953651,0.074397474527359,0.224947765469551,0.356933921575546,0.505247473716736,0.276615709066391,0.266165256500244,0.10061377286911,-0.00912584643810987,-0.0998322069644928,0.0597457997500896,0.21695950627327,-0.107416883111,0.270249217748642,0.0473622307181358,0.0880767032504082,0.0206420179456472,-0.0616238228976727,0.0619588904082775,0.0400169938802719,0.144070774316788,0.0770288780331612,0.15324492752552,0.125105932354927,-0.0347420908510685,-0.108898662030697,0.0104899359866977,0.163449183106422,0.115883342921734,-0.064507894217968,0.0118482271209359,0.234564080834389,0.118094377219677,0.342923641204834,0.10840879380703,0.1981231123209,0.166916012763977,0.228465735912323,0.171300247311592,0.117241062223911,-0.113701067864895,0.237936049699783,-0.0501201823353767,-0.0591449402272701,0.175650656223297,0.293503373861313,-0.114921048283577,0.265746206045151,0.0682554990053177,0.0870422422885895,0.0147341750562191,-0.0850237309932709,0.0690827220678329,-0.00724203512072563,0.132758811116219,0.0736770257353783,0.138330772519112,0.0804972425103188,-0.0117553360760212,-0.0932954922318459,-0.0173962078988552,0.0962351635098457,0.166134148836136,-0.02783421613276,0.0791371837258339,0.267215311527252,0.0631717815995216,0.323514193296432,0.0832613334059715,0.188413560390472,0.15857170522213,0.198932886123657,0.169732078909874,0.0560697466135025,-0.124443374574184,0.227923050522804,-0.0487813465297222,-0.0766362622380257,0.159663796424866,0.268448829650879
0.279958784580231,0.2584108710289,0,0.401614278554916,0.110280983150005,0.0332289822399616,-0.023217810317874,0.147969335317612,0.145229652523994,0.292686402797699,0.281976222991943,0.587450742721558,0.390104055404663,0.0702538713812828,0.0253477040678263,-0.0331862345337868,0.125506579875946,0.159477919340134,-0.0298215467482805,0.215444460511208,0.122847333550453,0.00384625210426748,0.0122437048703432,-0.0426999777555466,0.0373051054775715,0.0535188354551792,0.0843337327241898,0.00307119428180158,0.202925100922585,0.0268299859017134,-0.00933096092194319,-0.0677062943577766,-0.0276942681521177,0.0488022305071354,0.235858365893364,-0.00586605444550514,0.141186594963074,0.0956905111670494,-0.00106208736542612,0.215262994170189,0.0724021345376968,0.0938134863972664,0.183224886655807,0.263834297657013,0.208440124988556,0.0543743744492531,-0.0658180192112923,0.1953334659338,-0.0557595454156399,-0.0480434745550156,0.0823753401637077,0.194356575608253,-0.0200129132717848,0.192106187343597,0.121642962098122,-0.0119585487991571,0.0338227227330208,-0.0657082870602608,0.0376756116747856,0.0277656316757202,0.067569762468338,0.0116659477353096,0.172547444701195,-0.00546270562335849,0.00340787949971855,-0.070164255797863,-0.0172009915113449,0.0254384726285934,0.211660236120224,-0.0162322949618101,0.148165106773376,0.104318983852863,-0.0234960578382015,0.21443946659565,0.084179051220417,0.0829957500100136,0.135264039039612,0.190562099218369,0.174704730510712,0.0099983848631382,-0.0663199573755264,0.192758575081825,-0.0623117014765739,-0.0533647686243057,0.0909812152385712,0.187136217951775
0.288280576467514,0.282016158103943,0.401614278554916,0,0.204606860876083,0.0121020916849375,-0.011698349379003,0.114390678703785,0.145788639783859,0.266319811344147,0.292068123817444,0.385507762432098,0.652357041835785,0.129885464906693,0.0044965879060328,-0.0195618104189634,0.100320070981979,0.154705211520195,-0.0492783486843109,0.311611384153366,-0.0228525530546904,0.0398616082966328,0.0139223001897335,-0.0201865658164024,-0.0819447338581085,0.0172133836895227,0.00931145716458559,0.0263908598572016,0.157780364155769,0.0523150563240051,-0.0300646424293518,-0.154795303940773,-0.0224211141467094,0.19404211640358,0.185418486595154,-0.0897490680217743,0.0646334290504456,0.131421267986298,0.179562211036682,0.228286564350128,0.282920688390732,0.0454915054142475,0.140503004193306,0.176305249333382,0.182366922497749,0.119471617043018,-0.0188906658440828,0.262122929096222,-0.0736491680145264,-0.0230950396507978,0.141629591584206,0.360593736171722,-0.0127429077401757,0.301003694534302,0.0260070096701384,0.0411623530089855,0.0106628742069006,-0.038586188107729,-0.0399329923093319,-0.0125230578705668,0.0246102530509233,0.0329042971134186,0.160131812095642,0.0315107181668282,-0.021511759608984,-0.130848467350006,0.00571175618097186,0.157362952828407,0.269083648920059,-0.0550650097429752,0.15356408059597,0.148612961173058,0.112351395189762,0.262285590171814,0.266690254211426,0.0830615237355232,0.143657431006432,0.193155631422997,0.197427645325661,0.0956704840064049,-0.035329308360815,0.317982167005539,-0.0677190124988556,-0.0575013160705566,0.133848875761032,0.360262364149094
0.0875417366623878,0.116062499582767,0.110280983150005,0.204606860876083,0,-0.000312140211462975,-0.0172371473163366,0.0223501604050398,0.0579359121620655,0.100509658455849,0.103532291948795,0.117852129042149,0.175101712346077,0.0465170368552208,-0.00317521998658776,-0.0242320913821459,0.0244691595435143,0.0628334954380989,-0.0153492419049144,0.108197651803493,0.00475768884643912,0.00408386206254363,0.0108032440766692,-0.0106259863823652,-0.0156473256647587,0.00750731630250812,-0.00483348174020648,-0.00983732286840677,0.0748018175363541,0.00781331304460764,-0.024566650390625,-0.0322321727871895,-0.0106720663607121,0.0216499697417021,0.0744554698467255,0.00563954003155231,0.0557296499609947,0.0501188114285469,0.0704322904348373,0.0984680354595184,0.0921978205442429,0.0120706288143992,0.0581649206578732,0.0783147364854813,0.0712822675704956,0.0137948924675584,0.00846121460199356,0.113392986357212,-0.0311362985521555,-0.0201500952243805,0.0648357346653938,0.147543042898178,-0.00609646737575531,0.117001168429852,-0.0137017015367746,-0.0035191704519093,-0.0134537415578961,-0.0336173176765442,-0.0341134965419769,-0.0121338022872806,-0.00529004912823439,-0.00200663134455681,0.0666427537798882,-0.00694045377895236,-0.0196214467287064,-0.0451570004224777,-0.0191962979733944,0.0267358217388391,0.0896499380469322,-0.00688840076327324,0.0658149868249893,0.0526653006672859,0.0512076690793037,0.0817181617021561,0.078430637717247,0.000345250591635704,0.031233748421073,0.0478155575692654,0.0533814057707787,-0.00867343787103891,-0.00864508002996445,0.107123337686062,-0.0409370623528957,-0.0237787328660488,0.045642863959074,0.133493602275848
-0.00612520845606923,0.00802435446530581,0.0332289822399616,0.0121020916849375,-0.000312140211462975,0,0.168486401438713,0.0221627354621887,0.0838149189949036,0.0528869777917862,-0.00329718296416104,0.0244362875819206,0.00278934114612639,-0.0175372119992971,0.438913911581039,0.174822255969048,0.0406926609575748,0.0688076466321945,0.0640952736139297,0.039765752851963,0.139590293169022,0.0917196944355965,0.137124329805374,0.222025111317635,0.234597519040108,0.124027915298939,0.336222618818283,0.135216623544693,0.0835413709282875,0.12110610306263,0.301887571811676,0.20670185983181,0.273894667625427,0.0741626024246216,-0.0319284573197365,0.0210937187075615,-0.0224925633519888,0.0799569711089134,0.0917656123638153,0.0943618193268776,0.0548583976924419,0.259167551994324,0.230562537908554,-0.00694017158821225,0.168452963232994,0.0756951943039894,0.220937937498093,-0.0749557316303253,0.051751933991909,0.153678193688393,0.112280428409576,0.0819274634122849,0.0282441917806864,0.0271551217883825,0.00875114277005196,0.0730005577206612,0.0911443382501602,0.213683307170868,0.12752927839756,0.0920572578907013,0.283886671066284,0.137940630316734,0.0199496857821941,0.110373347997665,0.280673176050186,0.140450239181519,0.233381271362305,0.0668882206082344,-0.108231537044048,-0.0432510226964951,-0.0831272751092911,0.0592130869626999,0.0988757312297821,0.0398900136351585,0.0513854697346687,0.216839969158173,0.158681750297546,-0.0807058960199356,0.0808176398277283,0.0463090725243092,0.18812495470047,-0.105876348912716,0.0567543841898441,0.122728168964386,0.0978327021002769,0.0534908324480057
-0.0914829596877098,-0.0837834849953651,-0.023217810317874,-0.011698349379003,-0.0172371473163366,0.168486401438713,0,-0.00930723827332258,-0.0092698885127902,-0.0458760596811771,-0.109689742326736,-0.0479451827704906,-0.0321803987026215,-0.0275592617690563,0.174455836415291,0.255603700876236,-0.00953522883355618,-0.0350536964833736,0.145233482122421,-0.0401437468826771,0.0457122772932053,0.0228032059967518,0.0743242353200912,0.177895322442055,0.0586430393159389,0.127370059490204,-0.00704564526677132,0.0729869902133942,0.00862122420221567,0.0376641564071178,0.160258546471596,0.164047822356224,0.0678452104330063,0.0169058982282877,0.0197158791124821,0.0722218751907349,0.0687715783715248,-0.0165588054805994,0.0577125884592533,-0.127868443727493,0.0715896785259247,-0.045745711773634,-0.00470371264964342,-0.135093674063683,0.0552542842924595,0.0285271238535643,0.231778144836426,-0.0665263161063194,0.0386920422315598,0.133723273873329,0.0119274081662297,0.0276876352727413,0.0886583104729652,-0.0527664311230183,-0.0628668367862701,0.0149159394204617,0.0296093840152025,0.157424136996269,-0.0410732589662075,0.0748969912528992,-0.033468846231699,0.0622416473925114,-0.0260680336505175,0.0344420112669468,0.0881528556346893,0.0869368836283684,0.0538232661783695,0.0212875846773386,-0.058057077229023,-0.0169376954436302,-0.0253160987049341,-0.0330378673970699,0.0648101568222046,-0.142804563045502,0.0735071375966072,-0.0667505711317062,-0.0240352116525173,-0.187424913048744,-0.0226107053458691,0.0352230295538902,0.190197244286537,-0.126759350299835,0.0274065360426903,0.109353922307491,-0.00113164121285081,-0.00541674625128508
0.0632961168885231,0.074397474527359,0.147969335317612,0.114390678703785,0.0223501604050398,0.0221627354621887,-0.00930723827332258,0,0.0558457709848881,0.0447790957987309,0.0814119577407837,0.131715178489685,0.110548660159111,0.0171056613326073,0.0329908840358257,0.00357452384196222,0.110299646854401,0.0667586028575897,-0.0364568643271923,0.0948252901434898,-0.0557279251515865,0.0216097347438335,0.00206845183856785,-0.0103048793971539,-0.0420626364648342,-0.0207014568150043,0.0581295005977154,0.0163720156997442,0.0277456678450108,0.0114309210330248,0.0662662759423256,-0.0572448186576366,0.0230486560612917,0.0497394055128098,-0.0209440384060144,-0.0798089578747749,-0.0718197152018547,0.0489246621727943,0.024961169809103,0.0749047622084618,0.0185633599758148,0.047587264329195,0.122739188373089,0.00290432129986584,0.0177088361233473,0.00756961200386286,0.00706077646464109,0.00418055476620793,-0.0047529679723084,0.000445811980171129,0.0476131774485111,0.0896125584840775,-0.0211464148014784,0.0807662382721901,-0.0377531833946705,0.0256732422858477,-0.00284458487294614,-0.00183447333984077,-0.0182561818510294,0.00274273264221847,0.0692301765084267,0.031605638563633,0.0362513810396194,0.00500596081838012,0.0671409219503403,-0.0386743135750294,0.0108691602945328,0.0477290749549866,0.00349938683211803,-0.0819006785750389,-0.0121643887832761,0.0550132095813751,0.0143917473033071,0.0818935707211494,0.0364027470350266,0.0608095601201057,0.104734867811203,0.0227838736027479,0.039098996669054,0.00651243655011058,0.0148307280614972,0.0572043433785439,-0.0148674864321947,0.00102319580037147,0.0595099180936813,0.093747541308403
0.216296285390854,0.224947765469551,0.145229652523994,0.145788639783859,0.0579359121620655,0.0838149189949036,-0.0092698885127902,0.0558457709848881,0,0.227103486657143,0.234258845448494,0.1351328343153,0.139528453350067,0.0502307191491127,0.0693051815032959,-0.0229448992758989,0.0512372218072414,0.199371472001076,-0.0468393452465534,0.168891280889511,0.00768809905275702,0.063940554857254,0.0201979484409094,0.00185955851338804,0.0297231748700142,0.00559780281037092,0.12852144241333,0.0228743720799685,0.081259198486805,0.0920763984322548,0.0189123582094908,-0.053271509706974,0.0638225823640823,0.114865638315678,0.0382911488413811,-0.0578556470572948,-0.0124618159607053,0.170900002121925,0.0912424921989441,0.196416109800339,0.0668879821896553,0.152006208896637,0.139686599373817,0.107489548623562,0.080454908311367,0.0503273420035839,0.0016709998017177,0.116772331297398,-0.0339816957712173,-0.0213733874261379,0.125461533665657,0.188969060778618,-0.031335674226284,0.176287651062012,0.046541403979063,0.0568792782723904,0.0272074453532696,-0.0167726762592793,0.059482429176569,0.0149796195328236,0.14618581533432,0.0175053328275681,0.0955391898751259,0.0799387991428375,0.0587080977857113,-0.0135411331430078,0.0333705879747868,0.0709177106618881,0.0899375304579735,-0.0294694639742374,0.0417757108807564,0.175979241728783,0.0693755596876144,0.190021961927414,0.0633828192949295,0.171695351600647,0.143171802163124,0.115126818418503,0.12804126739502,0.0197941623628139,-0.000240987166762352,0.153959646821022,-0.0339075513184071,-0.00530406599864364,0.124869309365749,0.180215299129486
0.72628253698349,0.356933921575546,0.292686402797699,0.266319811344147,0.100509658455849,0.0528869777917862,-0.0458760596811771,0.0447790957987309,0.227103486657143,0,0.332841098308563,0.289942681789398,0.22708386182785,0.100813746452332,0.0428424812853336,-0.0573849081993103,0.0361804850399494,0.238380268216133,-0.0644503310322762,0.241896510124207,0.245082229375839,0.00471165915951133,0.0478973835706711,-0.0944386646151543,0.201134398579597,0.220242783427238,0.142414674162865,-0.0624270439147949,0.211454048752785,0.00675595877692103,-0.0250602774322033,0.0465615764260292,0.036371935158968,0.190187409520149,0.227082401514053,0.0980325862765312,0.189857244491577,0.132713854312897,0.253862679004669,0.318997532129288,0.267908573150635,0.229816392064095,0.0915566086769104,0.452311515808105,0.278249353170395,0.227812379598618,-0.12458410859108,0.396078109741211,-0.0228136330842972,-0.0065333703532815,0.0423450656235218,0.234668746590614,-0.127756431698799,0.187165439128876,0.131427049636841,-0.00246888189576566,0.0254272725433111,-0.10656064003706,0.113934010267258,0.121208533644676,0.0994259491562843,-0.0296688601374626,0.110284402966499,-0.00439378013834357,-0.0218758545815945,0.00912667810916901,0.0216728076338768,0.128949359059334,0.161399573087692,0.0440628230571747,0.068666085600853,0.145178720355034,0.142727509140968,0.272145956754684,0.166286960244179,0.148590952157974,0.0633890256285667,0.245755910873413,0.108810797333717,0.0832788646221161,-0.10651333630085,0.34713426232338,-0.0398059450089931,-0.0563768967986107,0.0620982870459557,0.205469250679016
0.42360121011734,0.505247473716736,0.281976222991943,0.292068123817444,0.103532291948795,-0.00329718296416104,-0.109689742326736,0.0814119577407837,0.234258845448494,0.332841098308563,0,0.335655391216278,0.317346751689911,0.114878602325916,-0.015140475705266,-0.116203330457211,0.0983754098415375,0.257756173610687,-0.187426015734673,0.298914730548859,-0.00881596561521292,0.069038100540638,0.016644673421979,-0.0786165073513985,0.0206844788044691,-0.0192095078527927,0.151516661047935,0.0584340244531631,0.136310309171677,0.105162590742111,-0.0581010803580284,-0.183183446526527,0.0149117028340697,0.116972051560879,0.0365196987986565,-0.138236492872238,-0.0574149303138256,0.236906960606575,0.0427231974899769,0.35492542386055,0.0574307143688202,0.208130702376366,0.196372479200363,0.211777865886688,0.0915772989392281,0.080923318862915,-0.163437083363533,0.226598039269447,-0.0856045335531235,-0.0786277577280998,0.172890424728394,0.285745978355408,-0.131595119833946,0.314263194799423,0.156364068388939,0.0819597169756889,0.00723946560174227,-0.107620067894459,0.155558943748474,-0.00624847458675504,0.200011029839516,0.0423663109540939,0.193740338087082,0.0639689713716507,-0.00162667082622647,-0.0652806088328362,0.0043346481397748,0.124645411968231,0.243825525045395,-0.00121907831635326,0.153280600905418,0.276071518659592,0.0237257014960051,0.406593590974808,0.0954529866576195,0.270969748497009,0.212354958057404,0.317250341176987,0.270845621824265,0.0609956048429012,-0.141416728496552,0.316959917545319,-0.0386299677193165,-0.103605195879936,0.177236527204514,0.308313250541687
0.366229355335236,0.276615709066391,0.587450742721558,0.385507762432098,0.117852129042149,0.0244362875819206,-0.0479451827704906,0.131715178489685,0.1351328343153,0.289942681789398,0.335655391216278,0,0.410851180553436,0.0877138748764992,0.0228586830198765,-0.0332583226263523,0.149590194225311,0.157017141580582,-0.073328323662281,0.219508349895477,0.0722197741270065,-0.0239072293043137,-0.00458007352426648,-0.0610024742782116,0.00843041390180588,0.0328389108181,0.0906452909111977,0.01158057898283,0.197823509573936,0.00430765142664313,-0.045531377196312,-0.129293531179428,-0.0293526649475098,0.0356003195047379,0.200149834156036,-0.0427785068750381,0.113181598484516,0.0940000861883163,-0.00477588269859552,0.239974781870842,0.0557533949613571,0.0819017142057419,0.186629593372345,0.243883743882179,0.134473562240601,0.0664019361138344,-0.0961809232831001,0.194177076220512,-0.0852521285414696,-0.0675727650523186,0.0765997916460037,0.200706720352173,-0.0179315209388733,0.252236306667328,0.195265546441078,-0.0476994030177593,0.0215632691979408,-0.0794748142361641,0.0962255075573921,0.0563096553087234,0.0921176820993423,-0.00426300382241607,0.244202733039856,-0.0262931957840919,0.00748793501406908,-0.045165590941906,0.0052438429556787,0.0420120358467102,0.290551900863647,0.0570012889802456,0.234283491969109,0.10227020829916,-0.056323666125536,0.281254380941391,0.0719822943210602,0.132219791412354,0.197472915053368,0.296287834644318,0.246451839804649,0.0261261276900768,-0.088493637740612,0.252661734819412,-0.0550155080854893,-0.0567042045295238,0.0681517720222473,0.227548956871033
0.30214461684227,0.266165256500244,0.390104055404663,0.652357041835785,0.175101712346077,0.00278934114612639,-0.0321803987026215,0.110548660159111,0.139528453350067,0.22708386182785,0.317346751689911,0.410851180553436,0,0.148665472865105,0.00585205899551511,-0.0122190238907933,0.123697154223919,0.161748647689819,-0.0550163500010967,0.286783218383789,-0.0259246174246073,0.0356033518910408,0.0169854704290628,-0.0283095818012953,-0.0835855305194855,0.00702229328453541,-0.00319731025956571,0.0441102385520935,0.149773985147476,0.0456650368869305,-0.0657719969749451,-0.160028859972954,-0.0224136151373386,0.16531702876091,0.159352526068687,-0.102691039443016,0.0553479567170143,0.13003996014595,0.106659941375256,0.23333328962326,0.222485452890396,0.0269900485873222,0.124398164451122,0.157578513026237,0.143710747361183,0.104009948670864,-0.0419833287596703,0.243216067552567,-0.0867333635687828,-0.048120740801096,0.133507698774338,0.330879002809525,0.0114972498267889,0.305933713912964,0.0369296707212925,0.0297129545360804,0.0154068516567349,-0.0281564220786095,-0.0326377786695957,0.0267209094017744,0.00791007652878761,0.0439202897250652,0.193407610058784,0.0247647911310196,-0.0340380445122719,-0.119149602949619,-0.00589437829330564,0.15756918489933,0.295444935560226,-0.0376303493976593,0.187485039234161,0.147315755486488,0.105651192367077,0.262927711009979,0.288114815950394,0.0782297700643539,0.140144035220146,0.210212737321854,0.204834774136543,0.0963727384805679,-0.00921685621142387,0.330089181661606,-0.0881283804774284,-0.0512100011110306,0.133850112557411,0.389070957899094
0.113481841981411,0.10061377286911,0.0702538713812828,0.129885464906693,0.0465170368552208,-0.0175372119992971,-0.0275592617690563,0.0171056613326073,0.0502307191491127,0.100813746452332,0.114878602325916,0.0877138748764992,0.148665472865105,0,-0.00934211723506451,-0.0302811302244663,0.00849389191716909,0.0953209772706032,-0.0259693842381239,0.133951365947723,-0.0374871492385864,0.0172936618328094,0.0129304639995098,-0.0207207538187504,-0.0247639641165733,-0.0198753513395786,0.0146891223266721,-0.0131908990442753,0.0363094322383404,0.0163416210561991,-0.0294560827314854,-0.0559654235839844,3.39485704898834e-05,0.0578282997012138,0.0264420583844185,-0.0430723093450069,-0.00794947054237127,0.0591918528079987,0.0611724369227886,0.0926948040723801,0.0673362836241722,0.0422273240983486,0.057262260466814,0.0490394905209541,0.0522855259478092,0.0181099958717823,-0.0169858057051897,0.0863648951053619,-0.0408763326704502,-0.0109788812696934,0.0760553106665611,0.124445177614689,-0.0162664987146854,0.108919084072113,0.0046450337395072,0.0165272504091263,0.00407920219004154,-0.0222092941403389,-0.00272862077690661,-0.0110592814162374,0.0285023003816605,-0.0116113247349858,0.0333504267036915,0.0195193476974964,-0.0107849324122071,-0.0304371528327465,-0.00625370116904378,0.0673317909240723,0.0792985409498215,-0.0305295642465353,0.0547955445945263,0.0728487819433212,0.0636409744620323,0.0922848656773567,0.0827540829777718,0.0511017218232155,0.0728127509355545,0.069428339600563,0.0930085554718971,0.00344122713431716,-0.014494257979095,0.119125992059708,-0.0265889167785645,-0.0261686332523823,0.0652735680341721,0.137485146522522
-0.000479771726531908,-0.00912584643810987,0.0253477040678263,0.0044965879060328,-0.00317521998658776,0.438913911581039,0.174455836415291,0.0329908840358257,0.0693051815032959,0.0428424812853336,-0.015140475705266,0.0228586830198765,0.00585205899551511,-0.00934211723506451,0,0.215383768081665,0.0419287867844105,0.0637373477220535,0.0474828779697418,0.0359680913388729,0.124662607908249,0.0783052667975426,0.114881202578545,0.228691190481186,0.21246150135994,0.12184976786375,0.316508382558823,0.129017606377602,0.0842563509941101,0.101297780871391,0.307492911815643,0.173028171062469,0.27025830745697,0.0733386501669884,-0.0392954461276531,-0.0128177385777235,-0.0481732077896595,0.0628600046038628,0.0799263566732407,0.0756506770849228,0.0573872029781342,0.243554338812828,0.237019672989845,-0.0303850285708904,0.15321272611618,0.0716109871864319,0.214723274111748,-0.0872892811894417,0.0388446114957333,0.135878652334213,0.0908675193786621,0.0825569108128548,0.0341618917882442,0.0426978282630444,0.0528455041348934,0.070202149450779,0.107268124818802,0.22659558057785,0.151473954319954,0.134089678525925,0.297438770532608,0.116437301039696,0.0558408312499523,0.0957853570580482,0.270444601774216,0.157293766736984,0.276181727647781,0.0615057460963726,-0.079772375524044,-0.041393268853426,-0.0664456486701965,0.0529887787997723,0.108191899955273,0.0613101795315742,0.0508907958865166,0.234727770090103,0.177315235137939,-0.0576121583580971,0.101492114365101,0.0678037703037262,0.207598611712456,-0.0831290185451508,0.0397743135690689,0.142358779907227,0.094604566693306,0.0769902840256691
-0.0976587906479836,-0.0998322069644928,-0.0331862345337868,-0.0195618104189634,-0.0242320913821459,0.174822255969048,0.255603700876236,0.00357452384196222,-0.0229448992758989,-0.0573849081993103,-0.116203330457211,-0.0332583226263523,-0.0122190238907933,-0.0302811302244663,0.215383768081665,0,0.0176966097205877,-0.00989269185811281,0.110273763537407,-0.0346942283213139,0.0427999012172222,0.0214875172823668,0.0748385637998581,0.171136692166328,0.0380526222288609,0.11780858039856,-0.0121932523325086,0.0312518291175365,0.0106222424656153,0.031514585018158,0.134701669216156,0.124273151159286,0.0937168672680855,0.0208578873425722,0.00468287942931056,0.0397425964474678,0.0442830510437489,-0.0551258139312267,0.0465026944875717,-0.11302724480629,0.0751820132136345,-0.0406516827642918,0.00320559809915721,-0.116385281085968,0.0372429117560387,0.030776496976614,0.201463177800179,-0.0678263306617737,0.0371032059192657,0.110398538410664,0.00881535559892654,0.0261966250836849,0.095306970179081,-0.0363434255123138,-0.0230234749615192,0.0111557142809033,0.0444838777184486,0.180170670151711,-0.0179248917847872,0.120921351015568,-0.0309000015258789,0.0264989621937275,-0.00497634895145893,0.0268702525645494,0.0999412909150124,0.0882035195827484,0.0991527661681175,0.0251776687800884,-0.0229495726525784,-0.00782303046435118,0.00942111108452082,-0.0641541853547096,0.0668732896447182,-0.129035443067551,0.0823026150465012,-0.0575423277914524,-0.0269352477043867,-0.145062580704689,-0.0143368951976299,0.0396158508956432,0.21092788875103,-0.0887728556990623,0.0237466376274824,0.131458073854446,0.000668187509290874,0.0210722517222166
0.0449796058237553,0.0597457997500896,0.125506579875946,0.100320070981979,0.0244691595435143,0.0406926609575748,-0.00953522883355618,0.110299646854401,0.0512372218072414,0.0361804850399494,0.0983754098415375,0.149590194225311,0.123697154223919,0.00849389191716909,0.0419287867844105,0.0176966097205877,0,0.0684240683913231,-0.0256164260208607,0.0923391655087471,-0.0466788969933987,0.0313312485814095,0.0178176946938038,-0.00500470586121082,-0.0152477473020554,-0.0343944393098354,0.0817365571856499,0.0337477885186672,0.0219880044460297,0.0335386581718922,0.0590646862983704,-0.0661929249763489,0.00925977900624275,0.0298219528049231,-0.0185864679515362,-0.078100860118866,-0.0570287369191647,0.0486677326261997,0.00574118876829743,0.0690050199627876,-0.00323777156881988,0.0743403285741806,0.128196552395821,-0.00691025424748659,0.0228944011032581,0.00548531161621213,0.0129987709224224,-0.0239642448723316,-0.0138971814885736,-0.0132328188046813,0.0438299961388111,0.0658761858940125,-0.0144993932917714,0.0804450437426567,-0.0339485667645931,0.0310302339494228,0.00723446765914559,0.0160089191049337,-0.0175347626209259,-0.0137719754129648,0.0692740678787231,0.0285259149968624,0.0283816270530224,0.0239193923771381,0.0517578125,-0.0379286520183086,0.0224895123392344,0.0369884073734283,-0.00690785143524408,-0.0993094220757484,-0.02354446798563,0.0529508553445339,-0.0047011710703373,0.0756653398275375,0.00173793325666338,0.0748694837093353,0.120978325605392,0.0235655065625906,0.020091824233532,0.00629829755052924,0.0200161561369896,0.0208669006824493,-0.0177476797252893,-0.00469724647700787,0.0485281124711037,0.075373612344265
0.270437628030777,0.21695950627327,0.159477919340134,0.154705211520195,0.0628334954380989,0.0688076466321945,-0.0350536964833736,0.0667586028575897,0.199371472001076,0.238380268216133,0.257756173610687,0.157017141580582,0.161748647689819,0.0953209772706032,0.0637373477220535,-0.00989269185811281,0.0684240683913231,0,-0.0576978959143162,0.17073330283165,0.0398359037935734,0.050581056624651,0.0422160960733891,0.00648666312918067,0.0595844127237797,0.0308271404355764,0.122782595455647,0.0214314460754395,0.098628893494606,0.0860819667577744,0.0136166736483574,-0.0254265908151865,0.0691388621926308,0.0910723507404327,0.0334561876952648,-0.0476978234946728,-0.00109291030094028,0.162053272128105,0.0782999619841576,0.192074567079544,0.0627256333827972,0.161090329289436,0.138209134340286,0.126078590750694,0.0885681658983231,0.0582410395145416,0.0177861265838146,0.143575772643089,-0.0364844463765621,0.0268964543938637,0.171509519219398,0.196749716997147,-0.00313723925501108,0.187514185905457,0.101659089326859,0.0629746615886688,0.0258378982543945,0.00438050925731659,0.107301779091358,0.0371992886066437,0.148201897740364,0.0276114884763956,0.11648940294981,0.0748452618718147,0.0646867603063583,0.0189691670238972,0.054125901311636,0.107840918004513,0.122191175818443,0.0154386535286903,0.0889746099710464,0.179618641734123,0.0725057423114777,0.207114815711975,0.0824954882264137,0.192988708615303,0.144557401537895,0.158471092581749,0.166800752282143,0.0529414638876915,0.0225749742239714,0.17983366549015,0.000662430073134601,-0.00126187433488667,0.141647502779961,0.219950690865517
-0.145580440759659,-0.107416883111,-0.0298215467482805,-0.0492783486843109,-0.0153492419049144,0.0640952736139297,0.145233482122421,-0.0364568643271923,-0.0468393452465534,-0.0644503310322762,-0.187426015734673,-0.073328323662281,-0.0550163500010967,-0.0259693842381239,0.0474828779697418,0.110273763537407,-0.0256164260208607,-0.0576978959143162,0,-0.0330356359481812,0.225972950458527,0.0372737646102905,0.0397252179682255,0.25471293926239,0.192342683672905,0.263792008161545,-0.167057350277901,0.0881071090698242,0.0711004287004471,0.0704373195767403,0.00896270014345646,0.556761264801025,-0.00101444881875068,-0.0175733584910631,0.494923025369644,0.198749676346779,0.54506242275238,-0.0347769558429718,0.0583909712731838,-0.0980913639068604,0.161636263132095,-0.0692972913384438,-0.138088509440422,0.0105713224038482,0.18145440518856,0.0801110193133354,0.71308958530426,0.225311636924744,0.107172667980194,0.157153189182281,0.16138356924057,0.128788128495216,0.646735668182373,-0.0454508513212204,0.0461340434849262,0.0168981105089188,0.0189501214772463,0.211228936910629,0.0176280997693539,0.187593162059784,-0.199373468756676,0.0876435562968254,0.0123944124206901,0.0638202652335167,-0.0640919506549835,0.329739362001419,0.0220021270215511,0.00589120294898748,0.234899207949638,0.160673886537552,0.279813945293427,-0.0659137815237045,0.107792161405087,-0.166636615991592,0.127740323543549,-0.131434515118599,-0.120421037077904,-0.0825903490185738,0.0367149375379086,0.0534187257289886,0.602848410606384,0.048125647008419,0.0589781329035759,0.15997214615345,0.167023569345474,0.0951111763715744
0.242782846093178,0.270249217748642,0.215444460511208,0.311611384153366,0.108197651803493,0.039765752851963,-0.0401437468826771,0.0948252901434898,0.168891280889511,0.241896510124207,0.298914730548859,0.219508349895477,0.286783218383789,0.133951365947723,0.0359680913388729,-0.0346942283213139,0.0923391655087471,0.17073330283165,-0.0330356359481812,0,-0.094324067234993,0.169548183679581,0.0523816123604774,0.0219419170171022,-0.10845373570919,-0.00864941067993641,0.00846968591213226,0.0356812328100204,0.223768651485443,0.188462093472481,-0.0923992171883583,-0.270611464977264,0.0103664183989167,0.38799861073494,0.208726271986961,-0.21020045876503,0.0192402210086584,0.285276889801025,0.309696346521378,0.42600029706955,0.396604120731354,0.100405476987362,0.281793385744095,0.274916529655457,0.338416129350662,0.266392737627029,0.0569115877151489,0.3896404504776,-0.134413748979568,-0.0440620481967926,0.291567891836166,0.570273995399475,0.0298899170011282,0.59126353263855,-0.0900708734989166,0.180374920368195,0.0102117881178856,0.00499159609898925,-0.108327403664589,0.00351747125387192,0.0572562292218208,0.047033317387104,0.190949603915215,0.157672539353371,-0.0404439456760883,-0.243237495422363,0.0249299723654985,0.367948025465012,0.303873270750046,-0.234142571687698,0.115101873874664,0.28609099984169,0.260193377733231,0.444134265184402,0.389061570167542,0.162347421050072,0.283404052257538,0.249885410070419,0.292056053876877,0.214433312416077,0.0524366684257984,0.462024092674255,-0.163277223706245,-0.083610475063324,0.244800552725792,0.559560418128967
0.0740199685096741,0.0473622307181358,0.122847333550453,-0.0228525530546904,0.00475768884643912,0.139590293169022,0.0457122772932053,-0.0557279251515865,0.00768809905275702,0.245082229375839,-0.00881596561521292,0.0722197741270065,-0.0259246174246073,-0.0374871492385864,0.124662607908249,0.0427999012172222,-0.0466788969933987,0.0398359037935734,0.225972950458527,-0.094324067234993,0,-0.131162941455841,0.0685252472758293,0.194470882415771,0.702629923820496,0.557250618934631,0.182997018098831,-0.0395066440105438,0.279971390962601,-0.0771286264061928,0.0984250903129578,0.465773493051529,0.158263474702835,-0.0809577852487564,0.565143704414368,0.458713859319687,0.54253214597702,-0.108310282230377,-0.0160147976130247,0.107915811240673,0.126353770494461,0.299857050180435,-0.0411259792745113,0.692231714725494,0.39140996336937,0.380268216133118,0.0707389116287231,0.462287276983261,0.0238518062978983,0.00582768116146326,-0.00193906563799828,-0.0226919110864401,0.0592752620577812,-0.090766653418541,0.662692546844482,-0.178998157382011,0.0637380704283714,0.117996983230114,0.53172242641449,0.31393438577652,0.058459646999836,-0.00789643079042435,0.110457599163055,-0.0711358785629272,0.0495126955211163,0.311344355344772,0.121369436383247,-0.0651393607258797,0.313893109560013,0.369656383991241,0.249472871422768,-0.109877556562424,0.00135189213324338,0.00260330527089536,0.0607997104525566,0.161602973937988,-0.114458471536636,0.306900650262833,0.121299810707569,0.185889810323715,0.0522360652685165,0.136995911598206,0.0788438841700554,0.0145309111103415,0.00347576895728707,-0.0693993642926216
-0.0251097716391087,0.0880767032504082,0.00384625210426748,0.0398616082966328,0.00408386206254363,0.0917196944355965,0.0228032059967518,0.0216097347438335,0.063940554857254,0.00471165915951133,0.069038100540638,-0.0239072293043137,0.0356033518910408,0.0172936618328094,0.0783052667975426,0.0214875172823668,0.0313312485814095,0.050581056624651,0.0372737646102905,0.169548183679581,-0.131162941455841,0,0.0155270053073764,0.331575334072113,0.0689592435956001,-0.132791817188263,0.125106826424599,0.23256504535675,0.040427140891552,0.919252157211304,0.0137255629524589,-0.148458063602448,0.163190171122551,0.342666953802109,-0.0736076310276985,-0.178960502147675,-0.136864766478539,0.873955309391022,0.290686905384064,0.0829945802688599,0.270357072353363,0.291683524847031,0.0723328068852425,-0.0147469379007816,0.0771207064390182,0.653410732746124,0.167513266205788,0.0164003986865282,-0.0318713672459126,0.0149710802361369,0.192981615662575,0.230738326907158,0.0696917697787285,0.158465251326561,-0.231414780020714,0.972513794898987,0.00297914771363139,0.371534705162048,-0.0468693934381008,-0.0738578736782074,0.167480379343033,0.300585478544235,-0.00670111505314708,0.907271265983582,-0.00716050388291478,-0.179177433252335,0.167831912636757,0.320742458105087,-0.103449389338493,-0.246474266052246,-0.154164716601372,0.834497690200806,0.332470029592514,0.0759552270174026,0.284877210855484,0.319344639778137,0.0860947370529175,-0.0789502486586571,-0.00649995682761073,0.590268850326538,0.153582692146301,0.0442154854536057,-0.0728176310658455,0.0145888132974505,0.158678114414215,0.2052231580019
0.0255378074944019,0.0206420179456472,0.0122437048703432,0.0139223001897335,0.0108032440766692,0.137124329805374,0.0743242353200912,0.00206845183856785,0.0201979484409094,0.0478973835706711,0.016644673421979,-0.00458007352426648,0.0169854704290628,0.0129304639995098,0.114881202578545,0.0748385637998581,0.0178176946938038,0.0422160960733891,0.0397252179682255,0.0523816123604774,0.0685252472758293,0.0155270053073764,0,0.16371676325798,0.111387200653553,0.141685992479324,0.0604113303124905,0.0397079922258854,0.0980565845966339,0.0407403334975243,0.094821996986866,0.109452605247498,0.10195916891098,0.0289497375488281,0.0664896070957184,0.0401661209762096,0.0701865255832672,0.0244858842343092,0.044734463095665,0.0450824163854122,0.055714126676321,0.0459510050714016,0.0648870915174484,0.0405735298991203,0.073435090482235,0.0863311812281609,0.112756878137589,0.0611051209270954,0.0320925898849964,0.104414500296116,0.0526937283575535,0.104583255946636,0.0210892912000418,0.0263265427201986,0.0416617654263973,0.00517987227067351,0.0571675337851048,0.133582353591919,0.0792815163731575,0.117516495287418,0.0617335438728333,0.0294148419052362,0.0629973411560059,0.039242796599865,0.0885279178619385,0.0787655860185623,0.087600976228714,0.00478923739865422,0.0589735545217991,0.0191254559904337,0.0497247390449047,0.0170258935540915,0.0351923927664757,0.0354500636458397,0.0470413975417614,0.0619808174669743,0.0376619324088097,-0.00238633318804204,0.0529110766947269,0.0733773484826088,0.0813163071870804,0.0392243303358555,0.0205098334699869,0.0525906793773174,0.0330841615796089,0.0927122011780739
-0.0611192099750042,-0.0616238228976727,-0.0426999777555466,-0.0201865658164024,-0.0106259863823652,0.222025111317635,0.177895322442055,-0.0103048793971539,0.00185955851338804,-0.0944386646151543,-0.0786165073513985,-0.0610024742782116,-0.0283095818012953,-0.0207207538187504,0.228691190481186,0.171136692166328,-0.00500470586121082,0.00648666312918067,0.25471293926239,0.0219419170171022,0.194470882415771,0.331575334072113,0.16371676325798,0,0.33254137635231,0.352199226617813,0.0734398365020752,0.547758221626282,0.09647336602211,0.521392345428467,0.174210652709007,0.208139225840569,0.333972334861755,0.0900212749838829,0.126053646206856,0.0405809283256531,0.0941805094480515,0.284744620323181,0.0920460522174835,-0.0576508454978466,0.138585194945335,0.102978877723217,0.0419412180781364,-0.0157334040850401,0.0888075828552246,0.509389877319336,0.340033680200577,0.00184120028279722,0.0642256587743759,0.154589578509331,0.116120480000973,0.136494293808937,0.245410427451134,0.043307714164257,0.066535122692585,0.300208806991577,0.111925452947617,0.814778923988342,0.20779575407505,0.361274063587189,0.0806146115064621,0.511021971702576,0.0767081379890442,0.525797784328461,0.141588300466537,0.197692945599556,0.350515902042389,0.105655908584595,0.112571008503437,-0.0159761663526297,0.134721219539642,0.218722254037857,0.143669605255127,-0.0435472130775452,0.170550808310509,0.15419913828373,0.0430900789797306,-0.0577938407659531,0.0594527497887611,0.509746968746185,0.273107349872589,-0.00968766864389181,0.0529645718634129,0.136464491486549,0.086895689368248,0.0975281670689583
