0,0.31913486123085,0.256875872612,0.277633816003799,0.0858608186244965,-0.0173969753086567,-0.0965040996670723,0.0553395599126816,0.201961949467659,0.715426802635193,0.406030595302582,0.352236062288284,0.295697093009949,0.114184856414795,-0.00468690413981676,-0.101141460239887,0.0361885093152523,0.260582208633423,-0.160122081637383,0.226996079087257,0.0457835048437119,-0.0187841728329659,0.0187044590711594,-0.0715001448988914,0.0309470389038324,0.124541446566582,0.0796810537576675,0.0188220255076885,0.174830034375191,0.00161862978711724,-0.17078460752964,-0.127492532134056,0.00601484254002571,0.13041678071022,0.0776353850960732,-0.0834516957402229,0.00657252268865705,0.116106644272804,0.0719721987843513,0.351553082466125,0.0812453180551529,0.16615816950798,0.0823681056499481,0.33870792388916,0.0145354298874736,0.17058764398098,-0.171414405107498,0.339594393968582,-0.109415277838707,-0.0677679479122162,0.041506078094244,0.22699011862278,-0.0332930125296116,0.276967287063599,0.423869490623474,-0.0156476516276598,0.0366273671388626,-0.0878225117921829,0.363769352436066,0.251307338476181,0.182866111397743,-0.00114867417141795,0.321394950151443,-0.0328414365649223,-0.0399711094796658,0.128556042909622,0.01823391020298,0.142898291349411,0.400959581136703,0.1971405595541,0.306905269622803,0.136354804039001,0.0719663798809052,0.449104011058807,0.188686653971672,0.313221901655197,0.172194302082062,0.595402479171753,0.400217264890671,0.197927832603455,-0.115869127213955,0.531545996665955,-0.0062327696941793,-0.0852813720703125,0.05051114782691,0.281518846750259
0.31913486123085,0,0.244053155183792,0.26521497964859,0.109084688127041,0.0136653510853648,-0.0787227377295494,0.0705502927303314,0.218133375048637,0.347414702177048,0.489000618457794,0.256040245294571,0.252788811922073,0.0987920537590981,-0.00514378258958459,-0.094010517001152,0.0541111975908279,0.2075574696064,-0.107392638921738,0.254617244005203,0.0431683100759983,0.0952593013644218,0.0201848037540913,-0.0550923757255077,0.0538173392415047,0.0455676428973675,0.135273709893227,0.0798120573163033,0.137238308787346,0.13188624382019,-0.0330976583063602,-0.107753627002239,0.0133600467815995,0.177462190389633,0.102215118706226,-0.0749912932515144,0.00485124345868826,0.226723790168762,0.144993305206299,0.32423460483551,0.127433240413666,0.186198234558105,0.158777236938477,0.199301704764366,0.162777900695801,0.128240525722504,-0.103489957749844,0.224465891718864,-0.0483171567320824,-0.0547527149319649,0.167749866843224,0.283223003149033,-0.121188372373581,0.248174324631691,0.058464415371418,0.0914930701255798,0.0137970661744475,-0.0741537287831306,0.0573405511677265,-0.00778945814818144,0.12744152545929,0.0697751417756081,0.120310232043266,0.0894052982330322,-0.0175950434058905,-0.0928154289722443,-0.0165509413927794,0.111390233039856,0.146304234862328,-0.042515717446804,0.0655395314097404,0.260541260242462,0.0938597917556763,0.305343806743622,0.103532835841179,0.179349139332771,0.145229712128639,0.166210308670998,0.156627491116524,0.0658448413014412,-0.115927949547768,0.209249719977379,-0.0513497814536095,-0.0733091235160828,0.147922173142433,0.258429974317551
0.256875872612,0.244053155183792,0,0.390815407037735,0.108989417552948,0.0293060187250376,-0.0213169287890196,0.143166348338127,0.143477395176888,0.286879360675812,0.267586261034012,0.580891489982605,0.379124104976654,0.068784274160862,0.0267288237810135,-0.0325731076300144,0.114501506090164,0.152143999934196,-0.0276202224195004,0.198228552937508,0.112146317958832,0.00906382780522108,0.00840136129409075,-0.0431625880300999,0.0167397111654282,0.0430917032063007,0.0731074139475822,0.00933598447591066,0.184079721570015,0.0275220181792974,-0.0128604145720601,-0.0759967416524887,-0.0268673598766327,0.0561097525060177,0.223869413137436,-0.0180549416691065,0.139853999018669,0.0919342786073685,0.014598311856389,0.193750590085983,0.0837845727801323,0.0765475407242775,0.168754816055298,0.241919383406639,0.194241926074028,0.063134640455246,-0.0661256313323975,0.174774840474129,-0.0540004037320614,-0.0534181371331215,0.0722823292016983,0.18195004761219,-0.0295720174908638,0.170987278223038,0.0980319380760193,-0.00920224469155073,0.0337087512016296,-0.0632712990045547,0.0109379272907972,0.0169723127037287,0.0568072013556957,0.0117709450423717,0.15411975979805,-0.00327772134914994,-0.00734622497111559,-0.0877532362937927,-0.0177655052393675,0.0289723891764879,0.187690600752831,-0.0369800440967083,0.133551388978958,0.101993098855019,-0.00547330779954791,0.189256444573402,0.0885014235973358,0.0672227814793587,0.117160849273205,0.157119393348694,0.14096374809742,0.0129742100834846,-0.0630107894539833,0.166709914803505,-0.0650885626673698,-0.0554458312690258,0.0789438113570213,0.16997067630291
0.277633816003799,0.26521497964859,0.390815407037735,0,0.202270016074181,0.0105053447186947,-0.00786594301462173,0.102931499481201,0.137438178062439,0.26311269402504,0.272720456123352,0.375871896743774,0.64236843585968,0.126651212573051,0.0046024639159441,-0.0146359391510487,0.0927997305989265,0.144238233566284,-0.0509483218193054,0.290295153856277,-0.0350573286414146,0.0335721038281918,0.00751766469329596,-0.025991789996624,-0.101919859647751,0.0173004753887653,0.00241123978048563,0.0194012485444546,0.139970019459724,0.0459416732192039,-0.034753642976284,-0.159243494272232,-0.0200873706489801,0.198740318417549,0.169132485985756,-0.0970023423433304,0.0666578561067581,0.123718343675137,0.197124302387238,0.205584913492203,0.28538453578949,0.0287941955029964,0.122728854417801,0.142743572592735,0.165480405092239,0.113565817475319,-0.0160703081637621,0.245986953377724,-0.069320872426033,-0.0197043940424919,0.129496157169342,0.347179055213928,-0.0190698392689228,0.275921136140823,0.0132261514663696,0.0323653779923916,0.0125432759523392,-0.0390474870800972,-0.0573266334831715,-0.0150773907080293,0.0169641301035881,0.024939451366663,0.147541791200638,0.0256436970084906,-0.0306718368083239,-0.137367635965347,0.00989208836108446,0.159140318632126,0.249260187149048,-0.0675136893987656,0.151752427220345,0.139959797263145,0.132181406021118,0.245049029588699,0.268928110599518,0.0690538808703423,0.127223521471024,0.165342777967453,0.177760571241379,0.0893389955163002,-0.0306203234940767,0.300137132406235,-0.0639836713671684,-0.0566232092678547,0.123758561909199,0.34421044588089
0.0858608186244965,0.109084688127041,0.108989417552948,0.202270016074181,0,-0.00392731884494424,-0.0192359276115894,0.0225887838751078,0.0546519793570042,0.0981495603919029,0.103566400706768,0.119106255471706,0.174866408109665,0.0437880344688892,-0.00590241188183427,-0.0291615948081017,0.0212408769875765,0.0584276840090752,-0.0158698353916407,0.104691296815872,-0.00130160083062947,-0.0018807101296261,0.0128391487523913,-0.0128552867099643,-0.0229427143931389,0.00604704581201077,-0.0089367413893342,-0.0109717631712556,0.0699886307120323,0.00136653718072921,-0.0270114988088608,-0.0365132726728916,-0.010542768985033,0.0228476114571095,0.0705258399248123,0.00181596993934363,0.0533389449119568,0.044146690517664,0.0746198296546936,0.0895511582493782,0.0923445895314217,0.0068454178981483,0.0572824962437153,0.0680219754576683,0.0667496845126152,0.0128502221778035,0.00997615698724985,0.108274564146996,-0.0296684615314007,-0.0209619868546724,0.0628456994891167,0.142918542027473,-0.00917881354689598,0.111145474016666,-0.0186058264225721,-0.00761034339666367,-0.0149312121793628,-0.0343831554055214,-0.0406038798391819,-0.0114007312804461,-0.00899600051343441,-0.00347922928631306,0.0638784691691399,-0.010397587902844,-0.0231011603027582,-0.0478062406182289,-0.0196219310164452,0.0265900045633316,0.083722710609436,-0.0109454151242971,0.0631742030382156,0.0460588224232197,0.0562476776540279,0.0766007974743843,0.0824805051088333,-0.00435185758396983,0.0247766580432653,0.0408451147377491,0.0488514117896557,-0.00926515273749828,-0.00755236204713583,0.102491833269596,-0.0400682054460049,-0.024459196254611,0.0445097424089909,0.129083976149559
-0.0173969753086567,0.0136653510853648,0.0293060187250376,0.0105053447186947,-0.00392731884494424,0,0.167755171656609,0.0226064696907997,0.0851103737950325,0.0559768974781036,-0.00555634731426835,0.018019849434495,-0.000593546719755977,-0.0169690307229757,0.429933249950409,0.16855226457119,0.0376460701227188,0.0656652003526688,0.0757916197180748,0.0482280924916267,0.141932904720306,0.101498030126095,0.127782255411148,0.221820801496506,0.24388188123703,0.12884184718132,0.336889415979385,0.128080934286118,0.0875356122851372,0.126786381006241,0.295674920082092,0.209235444664955,0.271530658006668,0.0715442225337029,-0.0278587024658918,0.032028965651989,-0.0161510072648525,0.0897674262523651,0.0867040306329727,0.100287027657032,0.0539295114576817,0.263227075338364,0.221777468919754,-0.000818161119241267,0.170163512229919,0.0832048133015633,0.217625394463539,-0.0653835982084274,0.0537055395543575,0.149493962526321,0.116958104074001,0.0806579887866974,0.0308298971503973,0.0259356405586004,-0.00464131822809577,0.078986681997776,0.0886256620287895,0.214335665106773,0.117340385913849,0.0887377858161926,0.282451450824738,0.134050130844116,0.0107361190021038,0.115060776472092,0.269070476293564,0.121517106890678,0.232091844081879,0.0694887116551399,-0.115319535136223,-0.0543484203517437,-0.0919715166091919,0.0653846114873886,0.0944679155945778,0.032578133046627,0.0504802130162716,0.209709778428078,0.147678211331367,-0.0965679958462715,0.054796040058136,0.0505161695182323,0.181770667433739,-0.100528970360756,0.0411755330860615,0.122212544083595,0.0990971177816391,0.0493053682148457
-0.0965040996670723,-0.0787227377295494,-0.0213169287890196,-0.00786594301462173,-0.0192359276115894,0.167755171656609,0,-0.00795533135533333,-0.00530719431117177,-0.0418071560561657,-0.102711595594883,-0.0452531278133392,-0.0296793933957815,-0.0227949395775795,0.174706891179085,0.251366198062897,-0.0113965403288603,-0.0284376982599497,0.160538643598557,-0.0346343033015728,0.0486842580139637,0.0306251905858517,0.0763787031173706,0.185300603508949,0.074665755033493,0.134150892496109,0.00300022424198687,0.0706210732460022,0.0186707470566034,0.0425495803356171,0.170596480369568,0.171874031424522,0.0719626024365425,0.015337304212153,0.0264386851340532,0.0826450809836388,0.0760304778814316,-0.00918926950544119,0.050037819892168,-0.119939379394054,0.0654486194252968,-0.0326115265488625,0.00247529288753867,-0.126340165734291,0.0635906308889389,0.0339424572885036,0.23575584590435,-0.0587859712541103,0.0511030703783035,0.135340437293053,0.0138044860213995,0.0306853521615267,0.0937168598175049,-0.0490017496049404,-0.0705702751874924,0.020233204588294,0.0255096349865198,0.16162320971489,-0.0368843264877796,0.0769570246338844,-0.0296792630106211,0.0628584697842598,-0.0263476390391588,0.0393917337059975,0.0908251702785492,0.082663781940937,0.0567835308611393,0.019417267292738,-0.0610113590955734,-0.0228182096034288,-0.0263453293591738,-0.0293680280447006,0.0549891442060471,-0.138509601354599,0.0657449811697006,-0.0578653104603291,-0.0205764267593622,-0.190935760736465,-0.0272538904100657,0.039515133947134,0.185976505279541,-0.122189126908779,0.022886885330081,0.110579341650009,0.00425545731559396,-0.00595027254894376
0.0553395599126816,0.0705502927303314,0.143166348338127,0.102931499481201,0.0225887838751078,0.0226064696907997,-0.00795533135533333,0,0.0520732216536999,0.0354327186942101,0.0703629925847054,0.127911537885666,0.103702872991562,0.0142726898193359,0.0331502519547939,0.00186555238906294,0.104485921561718,0.0645846053957939,-0.0305909365415573,0.0894216746091843,-0.0601454824209213,0.0262016244232655,-0.000513390579726547,-0.00955894123762846,-0.0496639087796211,-0.023129852488637,0.0521819218993187,0.0207101292908192,0.0213144067674875,0.0142220258712769,0.0625943690538406,-0.0591154806315899,0.0243886224925518,0.0482685156166553,-0.0260217227041721,-0.0843925699591637,-0.0719652250409126,0.0487574674189091,0.0239602699875832,0.0651565492153168,0.0175275318324566,0.0420567281544209,0.115168668329716,-0.00558615429326892,0.00995111931115389,0.00958837848156691,0.00653702951967716,0.000160824507474899,-0.00670848041772842,0.00261738616973162,0.0445500425994396,0.0839966237545013,-0.019921887665987,0.0735817551612854,-0.0410058945417404,0.0283316299319267,-0.00275426963344216,-0.000562683620955795,-0.0257829912006855,0.00312637770548463,0.0656856894493103,0.0343667529523373,0.0294830892235041,0.00775327440351248,0.0593994408845901,-0.0449789240956306,0.0117354430258274,0.0464792773127556,-0.00257206871174276,-0.0885801762342453,-0.0148480022326112,0.0553462840616703,0.0159870870411396,0.0752924457192421,0.0362299494445324,0.0539856180548668,0.0974930226802826,0.0140693346038461,0.0271201767027378,0.0109660075977445,0.0137496124953032,0.0557255707681179,-0.0178636256605387,0.00301779084838927,0.0550285167992115,0.0858229845762253
0.201961949467659,0.218133375048637,0.143477395176888,0.137438178062439,0.0546519793570042,0.0851103737950325,-0.00530719431117177,0.0520732216536999,0,0.219624355435371,0.228851869702339,0.129974871873856,0.135493263602257,0.0481068566441536,0.069356881082058,-0.0195034015923738,0.0479605682194233,0.194554522633553,-0.0449520237743855,0.161484986543655,0.0051048737950623,0.0688716694712639,0.0157150756567717,0.00425032386556268,0.0257182419300079,0.00998354237526655,0.122295588254929,0.0244454853236675,0.0739148929715157,0.0978387594223022,0.0192830599844456,-0.0508892312645912,0.0635466724634171,0.12199942022562,0.0326912105083466,-0.0610264986753464,-0.0147820804268122,0.169064030051231,0.0974665805697441,0.185915648937225,0.0763567611575127,0.145074233412743,0.132274359464645,0.0962546095252037,0.0748489573597908,0.0551382936537266,0.000501984672155231,0.108776055276394,-0.0304255150258541,-0.0178257413208485,0.121167294681072,0.177975296974182,-0.0353367105126381,0.169625356793404,0.03984534740448,0.0617317669093609,0.0277271531522274,-0.0107210138812661,0.0531948581337929,0.0182603970170021,0.140966132283211,0.0181319136172533,0.0848637372255325,0.0849334672093391,0.0556500256061554,-0.0146375996991992,0.0339920483529568,0.0778844207525253,0.0817696079611778,-0.0382810309529305,0.0377711616456509,0.177610352635384,0.0747163593769073,0.181880220770836,0.0694001391530037,0.166361168026924,0.133319586515427,0.0988660678267479,0.116317093372345,0.0224159341305494,-0.000997686409391463,0.142936065793037,-0.0399385541677475,-0.00616600830107927,0.1185672134161,0.170305415987968
0.715426802635193,0.347414702177048,0.286879360675812,0.26311269402504,0.0981495603919029,0.0559768974781036,-0.0418071560561657,0.0354327186942101,0.219624355435371,0,0.314411014318466,0.275125622749329,0.222108110785484,0.0987030565738678,0.0496965982019901,-0.0566866621375084,0.0285813044756651,0.22727669775486,-0.0649911537766457,0.232209518551826,0.265759229660034,0.0192449297755957,0.0481886006891727,-0.0904176086187363,0.204366415739059,0.225084125995636,0.144721850752831,-0.062553346157074,0.201229929924011,0.0210123863071203,-0.017429631203413,0.0586748979985714,0.0429756939411163,0.202046349644661,0.229178816080093,0.0903318747878075,0.195135116577148,0.136334553360939,0.276261359453201,0.305695563554764,0.288503736257553,0.225334867835045,0.0890208035707474,0.451491951942444,0.287760615348816,0.254357486963272,-0.117531634867191,0.384198665618896,-0.0271036494523287,-0.00361913815140724,0.044563390314579,0.233243823051453,-0.144365534186363,0.173250153660774,0.117940880358219,0.00853251572698355,0.0299831163138151,-0.0963445082306862,0.0964056849479675,0.123019523918629,0.0901781022548676,-0.0291676465421915,0.0909762680530548,0.0102006327360868,-0.0253882296383381,-0.00285532302223146,0.0268527921289206,0.135608911514282,0.14046373963356,0.019981499761343,0.0455825552344322,0.154586121439934,0.159051731228828,0.259072512388229,0.177038192749023,0.135511249303818,0.0489538535475731,0.210153564810753,0.0796609669923782,0.0992947667837143,-0.0964061766862869,0.325031310319901,-0.0481730289757252,-0.0594187416136265,0.0568768829107285,0.195095434784889
0.406030595302582,0.489000618457794,0.267586261034012,0.272720456123352,0.103566400706768,-0.00555634731426835,-0.102711595594883,0.0703629925847054,0.228851869702339,0.314411014318466,0,0.318593591451645,0.299736440181732,0.111549384891987,-0.0180390421301126,-0.108494780957699,0.0888419300317764,0.249476224184036,-0.18963161110878,0.283285439014435,-0.024964140728116,0.0757656320929527,0.0112264901399612,-0.0745512172579765,-0.00730888964608312,-0.0227083768695593,0.131779193878174,0.0660570338368416,0.11274940520525,0.112586416304111,-0.073181539773941,-0.199102506041527,0.00972816068679094,0.132639557123184,0.0175191182643175,-0.155761867761612,-0.0690642446279526,0.231466636061668,0.0713138207793236,0.3359335064888,0.0768488124012947,0.18502189218998,0.180735349655151,0.175469696521759,0.0691160261631012,0.090816430747509,-0.159310385584831,0.212545454502106,-0.0904286876320839,-0.0797987654805183,0.173473730683327,0.276291936635971,-0.143376037478447,0.301323443651199,0.150413632392883,0.0851688235998154,0.00544110918417573,-0.0983441174030304,0.140567392110825,-0.00541002256795764,0.188831359148026,0.0383514612913132,0.180060550570488,0.0729089453816414,-0.0179776512086391,-0.0717667862772942,0.00254114926792681,0.13755775988102,0.236051633954048,-0.0151146650314331,0.147436290979385,0.272678464651108,0.0525372512638569,0.393391966819763,0.119508117437363,0.258757293224335,0.199781134724617,0.296657741069794,0.258436352014542,0.0729909688234329,-0.136388540267944,0.305786848068237,-0.0397977493703365,-0.105185531079769,0.166652053594589,0.300550788640976
0.352236062288284,0.256040245294571,0.580891489982605,0.375871896743774,0.119106255471706,0.018019849434495,-0.0452531278133392,0.127911537885666,0.129974871873856,0.275125622749329,0.318593591451645,0,0.40771472454071,0.0892666578292847,0.0199472326785326,-0.0324068889021873,0.14403609931469,0.151792213320732,-0.0681517198681831,0.203926563262939,0.0528319925069809,-0.0181979406625032,-0.0114710787311196,-0.0570575669407845,-0.0189566127955914,0.0258704200387001,0.0673902332782745,0.0228916015475988,0.175442412495613,0.00962936226278543,-0.0559104643762112,-0.14243283867836,-0.0321895889937878,0.0415806360542774,0.189685791730881,-0.0569005236029625,0.11376541107893,0.0919496417045593,0.0151190301403403,0.215068101882935,0.0692228898406029,0.0516466647386551,0.161890029907227,0.21409860253334,0.106055311858654,0.0794841945171356,-0.0866218134760857,0.175452053546906,-0.0885361433029175,-0.0726243406534195,0.0689681768417358,0.191014558076859,-0.0204975344240665,0.234293445944786,0.17681473493576,-0.0427730642259121,0.019968481734395,-0.0727135762572289,0.0717799067497253,0.0529817417263985,0.0766934156417847,0.000557421648409218,0.228622481226921,-0.0210963934659958,-0.00996697787195444,-0.058546781539917,0.00583370542153716,0.0451835915446281,0.280826717615128,0.0400324054062366,0.230737701058388,0.10058568418026,-0.0350688770413399,0.259123742580414,0.0865474715828896,0.109198443591595,0.178751349449158,0.273575752973557,0.219230890274048,0.0387897379696369,-0.0777759104967117,0.237361967563629,-0.0592475645244122,-0.0559331141412258,0.0602221265435219,0.216056481003761
0.295697093009949,0.252788811922073,0.379124104976654,0.64236843585968,0.174866408109665,-0.000593546719755977,-0.0296793933957815,0.103702872991562,0.135493263602257,0.222108110785484,0.299736440181732,0.40771472454071,0,0.14550955593586,0.00765865342691541,-0.00674565508961678,0.113928452134132,0.156109914183617,-0.0548706501722336,0.265731930732727,-0.0415626093745232,0.0315369591116905,0.0132224215194583,-0.0279043409973383,-0.104430340230465,0.00110726384446025,-0.00854887533932924,0.046794418245554,0.131634473800659,0.042731486260891,-0.0716870054602623,-0.166220560669899,-0.0204220414161682,0.167659536004066,0.141518846154213,-0.110413737595081,0.0545832552015781,0.125684678554535,0.120790213346481,0.214738428592682,0.222118332982063,0.014609569683671,0.109396815299988,0.117817401885986,0.126175656914711,0.0986696109175682,-0.0398646220564842,0.221985369920731,-0.0857696905732155,-0.0467089377343655,0.122990928590298,0.316679090261459,0.00587740121409297,0.284640192985535,0.0283227059990168,0.0224607232958078,0.0144297955557704,-0.0228652190417051,-0.0412505753338337,0.03014862164855,0.00801234599202871,0.0415187813341618,0.183152332901955,0.0222268905490637,-0.0413173474371433,-0.118135914206505,-0.00302434246987104,0.159100860357285,0.281858116388321,-0.0472094416618347,0.190634593367577,0.143496155738831,0.1241834461689,0.252156674861908,0.287735104560852,0.0715292245149612,0.129271283745766,0.189010441303253,0.194258898496628,0.0930559113621712,-0.000397931755287573,0.314886003732681,-0.0857190266251564,-0.0472876317799091,0.124882832169533,0.37289971113205
0.114184856414795,0.0987920537590981,0.068784274160862,0.126651212573051,0.0437880344688892,-0.0169690307229757,-0.0227949395775795,0.0142726898193359,0.0481068566441536,0.0987030565738678,0.111549384891987,0.0892666578292847,0.14550955593586,0,-0.00878427177667618,-0.0278647728264332,0.00727245071902871,0.0951086282730103,-0.0234201513230801,0.130482271313667,-0.0412227213382721,0.015505438670516,0.00972987804561853,-0.0238658469170332,-0.0321974381804466,-0.0193399582058191,0.0100840032100677,-0.0103807039558887,0.0290543641895056,0.0189904663711786,-0.0323425196111202,-0.0578964352607727,-0.000626777240540832,0.0620394237339497,0.0231037959456444,-0.0450140796601772,-0.00737361004576087,0.0591347739100456,0.0642566755414009,0.0855521857738495,0.0693152323365211,0.0364159792661667,0.058587733656168,0.0355818420648575,0.0524373538792133,0.0154131343588233,-0.0136529766023159,0.0811535194516182,-0.0409434959292412,-0.0129127660766244,0.0761018693447113,0.121781945228577,-0.0168063528835773,0.105648428201675,0.00588103011250496,0.0155525393784046,0.0011190683580935,-0.0237732194364071,-0.00495657417923212,-0.0101054254919291,0.0263995490968227,-0.0122116273269057,0.0303898844867945,0.0185727495700121,-0.0103635638952255,-0.0289422608911991,-0.00792130175977945,0.0728746801614761,0.0774753838777542,-0.0323704332113266,0.0597288273274899,0.0731475278735161,0.0705506801605225,0.0912330150604248,0.0896189883351326,0.0488365292549133,0.0724591091275215,0.0633365660905838,0.0967255830764771,0.00306982710026205,-0.00971583556383848,0.118789121508598,-0.0249765310436487,-0.0239333864301443,0.0641486644744873,0.136045768857002
-0.00468690413981676,-0.00514378258958459,0.0267288237810135,0.0046024639159441,-0.00590241188183427,0.429933249950409,0.174706891179085,0.0331502519547939,0.069356881082058,0.0496965982019901,-0.0180390421301126,0.0199472326785326,0.00765865342691541,-0.00878427177667618,0,0.216607585549355,0.0398441329598427,0.0681166499853134,0.0575015507638454,0.0430107451975346,0.12921305000782,0.0844701528549194,0.103801295161247,0.22967217862606,0.224199742078781,0.130511716008186,0.3151695728302,0.123746789991856,0.0933080092072487,0.102520436048508,0.301600694656372,0.173556715250015,0.269547432661057,0.0728237181901932,-0.0296239797025919,-0.00139294005930424,-0.0380826964974403,0.0680500119924545,0.0708721578121185,0.0845426842570305,0.0567569583654404,0.247142314910889,0.228301331400871,-0.0198674388229847,0.156571015715599,0.0771794766187668,0.209950238466263,-0.0790752470493317,0.0401837378740311,0.12859919667244,0.0954203531146049,0.0790938958525658,0.0398924648761749,0.0428016930818558,0.0486077554523945,0.0728365704417229,0.0997099429368973,0.226495921611786,0.150948211550713,0.134369403123856,0.294753670692444,0.114571966230869,0.0554244592785835,0.0956237241625786,0.260309189558029,0.141914814710617,0.276162981987,0.0628330707550049,-0.0800742208957672,-0.0483155027031898,-0.0664577558636665,0.0575398132205009,0.0999643728137016,0.0576215647161007,0.0532468445599079,0.231889069080353,0.169092878699303,-0.0654320940375328,0.0860813334584236,0.0718246176838875,0.202516183257103,-0.0743669345974922,0.020722346380353,0.139865517616272,0.099416121840477,0.0766744390130043
-0.101141460239887,-0.094010517001152,-0.0325731076300144,-0.0146359391510487,-0.0291615948081017,0.16855226457119,0.251366198062897,0.00186555238906294,-0.0195034015923738,-0.0566866621375084,-0.108494780957699,-0.0324068889021873,-0.00674565508961678,-0.0278647728264332,0.216607585549355,0,0.0172719173133373,-0.00542440172284842,0.121282443404198,-0.0288778878748417,0.0475409142673016,0.0272507332265377,0.0731061995029449,0.175030067563057,0.0551953017711639,0.123765468597412,-0.00632255291566253,0.0237913429737091,0.0205398462712765,0.0339755229651928,0.139196008443832,0.127753153443336,0.0959771797060966,0.0194177348166704,0.0143769085407257,0.0445972643792629,0.0541125498712063,-0.0475706048309803,0.0393180847167969,-0.106078095734119,0.0712423622608185,-0.0244668144732714,0.00725929066538811,-0.103955455124378,0.047915518283844,0.0382075980305672,0.201960667967796,-0.0592892728745937,0.0443579815328121,0.10531422495842,0.0131422113627195,0.0305091347545385,0.104401811957359,-0.0352435037493706,-0.0232976172119379,0.0153494272381067,0.0400191843509674,0.181604504585266,-0.00416351389139891,0.123206555843353,-0.0271873120218515,0.0234841424971819,5.47878444194794e-05,0.0291874222457409,0.100298352539539,0.0865756571292877,0.101960621774197,0.0237762629985809,-0.0192173104733229,-0.010089036077261,0.0176753886044025,-0.0611898750066757,0.0586004741489887,-0.126630023121834,0.0759549215435982,-0.0449914038181305,-0.0281197298318148,-0.137561365962029,-0.0108272517099977,0.0448759719729424,0.208024024963379,-0.0790496692061424,0.0235908105969429,0.135686039924622,0.00444589136168361,0.0258196070790291
0.0361885093152523,0.0541111975908279,0.114501506090164,0.0927997305989265,0.0212408769875765,0.0376460701227188,-0.0113965403288603,0.104485921561718,0.0479605682194233,0.0285813044756651,0.0888419300317764,0.14403609931469,0.113928452134132,0.00727245071902871,0.0398441329598427,0.0172719173133373,0,0.0674230232834816,-0.0213645659387112,0.0870192348957062,-0.05190110206604,0.0306891314685345,0.0143568245694041,-0.00188673904631287,-0.0250434838235378,-0.0365472994744778,0.0766306892037392,0.0323227941989899,0.0132475588470697,0.0325069166719913,0.0539707355201244,-0.0668796747922897,0.0102195180952549,0.0327723249793053,-0.0244950782507658,-0.0776210278272629,-0.0620333328843117,0.0454140566289425,0.00740976398810744,0.0622915402054787,-0.00345274270512164,0.0692124515771866,0.122161999344826,-0.0216822233051062,0.0219738390296698,0.00275562331080437,0.0150143820792437,-0.0317405611276627,-0.0124015333130956,-0.0156328529119492,0.0410626120865345,0.05843485891819,-0.0132429050281644,0.0759242847561836,-0.0414725132286549,0.0306035652756691,0.00597013998776674,0.0182983595877886,-0.0259977038949728,-0.0165813006460667,0.0676102563738823,0.0290068127214909,0.0201989877969027,0.0214351397007704,0.0458409078419209,-0.0392384305596352,0.0229908544570208,0.0374755226075649,-0.0180079806596041,-0.105542324483395,-0.0289658661931753,0.0474545322358608,-0.000318265520036221,0.0665501654148102,0.00284658395685256,0.0665768161416054,0.113740585744381,0.00945145636796951,0.0155619597062469,0.00433706538751721,0.0242063198238611,0.014085341244936,-0.014667714945972,-0.00061503512552008,0.044481735676527,0.0669672787189484
0.260582208633423,0.2075574696064,0.152143999934196,0.144238233566284,0.0584276840090752,0.0656652003526688,-0.0284376982599497,0.0645846053957939,0.194554522633553,0.22727669775486,0.249476224184036,0.151792213320732,0.156109914183617,0.0951086282730103,0.0681166499853134,-0.00542440172284842,0.0674230232834816,0,-0.0605034083127975,0.163277819752693,0.0328049287199974,0.0540422759950161,0.0391416847705841,0.0102153960615396,0.0521389730274677,0.0283668655902147,0.116422958672047,0.0247438736259937,0.0866354703903198,0.0931488499045372,0.0135781168937683,-0.0284466128796339,0.0688594058156013,0.0974690541625023,0.0209965575486422,-0.0540506951510906,-0.0084175867959857,0.163846582174301,0.0813865140080452,0.180471062660217,0.0676005557179451,0.150380998849869,0.13169726729393,0.104940876364708,0.079004630446434,0.0581778436899185,0.00952029321342707,0.12589855492115,-0.0387243293225765,0.027717113494873,0.166392281651497,0.187525972723961,-0.00976320262998343,0.179964080452919,0.0992015600204468,0.0643207430839539,0.0238256547600031,0.00943105574697256,0.104408115148544,0.0379118174314499,0.143729895353317,0.027805695310235,0.113453388214111,0.0813039168715477,0.0642770752310753,0.0184169746935368,0.0553530640900135,0.11385291069746,0.11496526747942,0.00997063703835011,0.0821854174137115,0.181100115180016,0.0760826021432877,0.197354182600975,0.0875589624047279,0.187432512640953,0.139716297388077,0.144207194447517,0.161237671971321,0.0535196922719479,0.0247439723461866,0.164978265762329,0.000976776354946196,0.000577290484216064,0.131629556417465,0.209832429885864
-0.160122081637383,-0.107392638921738,-0.0276202224195004,-0.0509483218193054,-0.0158698353916407,0.0757916197180748,0.160538643598557,-0.0305909365415573,-0.0449520237743855,-0.0649911537766457,-0.18963161110878,-0.0681517198681831,-0.0548706501722336,-0.0234201513230801,0.0575015507638454,0.121282443404198,-0.0213645659387112,-0.0605034083127975,0,-0.0370490029454231,0.244667962193489,0.0335265882313251,0.0434393174946308,0.274299889802933,0.223017111420631,0.277428388595581,-0.162937521934509,0.0912197828292847,0.0907862707972527,0.0685358271002769,0.0268503408879042,0.580736398696899,0.00105163373518735,-0.020773546770215,0.519830107688904,0.243458107113838,0.572360455989838,-0.0430671274662018,0.0585958547890186,-0.107478834688663,0.159925952553749,-0.0668893977999687,-0.133160144090652,0.0289202518761158,0.203041568398476,0.0829042196273804,0.741524696350098,0.238651558756828,0.115669161081314,0.161451011896133,0.160519972443581,0.126180723309517,0.677505254745483,-0.0501047074794769,0.0365785770118237,0.0175141096115112,0.0227028653025627,0.22885636985302,0.0313319824635983,0.196172714233398,-0.199360683560371,0.0917224660515785,0.018145214766264,0.061278123408556,-0.0501518733799458,0.331987261772156,0.028148464858532,-0.0028361005242914,0.228651225566864,0.173474013805389,0.274183064699173,-0.080376073718071,0.104690633714199,-0.175158813595772,0.120379567146301,-0.144467711448669,-0.117447398602962,-0.0982137694954872,0.0322504080832005,0.053613968193531,0.624226868152618,0.0341731794178486,0.0607350096106529,0.167327389121056,0.166590750217438,0.0889665633440018
0.226996079087257,0.254617244005203,0.198228552937508,0.290295153856277,0.104691296815872,0.0482280924916267,-0.0346343033015728,0.0894216746091843,0.161484986543655,0.232209518551826,0.283285439014435,0.203926563262939,0.265731930732727,0.130482271313667,0.0430107451975346,-0.0288778878748417,0.0870192348957062,0.163277819752693,-0.0370490029454231,0,-0.111005678772926,0.17438717186451,0.0513973459601402,0.0292688626796007,-0.117524780333042,-0.00884454324841499,0.0163445807993412,0.0314242467284203,0.205205470323563,0.197481662034988,-0.0917031392455101,-0.270863950252533,0.0143630662932992,0.405659884214401,0.191007256507874,-0.223827198147774,0.0174303352832794,0.27820673584938,0.339624613523483,0.413964867591858,0.409167170524597,0.0996998101472855,0.284547090530396,0.246923685073853,0.338236719369888,0.279433220624924,0.0617894418537617,0.377212852239609,-0.126296997070312,-0.0432209335267544,0.291009694337845,0.567554950714111,0.0196938738226891,0.586769938468933,-0.101295039057732,0.18616583943367,0.00503326440230012,0.0195066146552563,-0.113243207335472,0.0145333195105195,0.059327807277441,0.0370195247232914,0.179384797811508,0.170392841100693,-0.0419324338436127,-0.24288122355938,0.0348867066204548,0.377482146024704,0.282277673482895,-0.247317507863045,0.115756742656231,0.278428196907043,0.292811006307602,0.440566569566727,0.400547981262207,0.165555715560913,0.278199106454849,0.228130847215652,0.295900195837021,0.22517241537571,0.0597851686179638,0.46338227391243,-0.152023896574974,-0.0799415707588196,0.236744448542595,0.555670440196991
0.0457835048437119,0.0431683100759983,0.112146317958832,-0.0350573286414146,-0.00130160083062947,0.141932904720306,0.0486842580139637,-0.0601454824209213,0.0051048737950623,0.265759229660034,-0.024964140728116,0.0528319925069809,-0.0415626093745232,-0.0412227213382721,0.12921305000782,0.0475409142673016,-0.05190110206604,0.0328049287199974,0.244667962193489,-0.111005678772926,0,-0.129980072379112,0.0668732523918152,0.182661324739456,0.724758863449097,0.559060096740723,0.196793362498283,-0.0563749521970749,0.27777373790741,-0.0816584005951881,0.109427280724049,0.49356472492218,0.164290636777878,-0.0966050252318382,0.556984186172485,0.466889798641205,0.55040317773819,-0.116022072732449,-0.0225206110626459,0.107252739369869,0.112118698656559,0.308827787637711,-0.0464166030287743,0.717496037483215,0.40932959318161,0.381414204835892,0.0641701817512512,0.44698628783226,0.0133608784526587,0.00641167862340808,-0.0182092655450106,-0.0476130396127701,0.0474654398858547,-0.119208537042141,0.646849870681763,-0.183531761169434,0.0634497031569481,0.107763938605785,0.508674263954163,0.294778734445572,0.0567435920238495,-0.0199824571609497,0.0870119109749794,-0.0801772773265839,0.0466188862919807,0.300937235355377,0.122879274189472,-0.087207019329071,0.257718145847321,0.35331466794014,0.197999358177185,-0.126116216182709,-0.00351421581581235,-0.0287879593670368,0.0483868196606636,0.138202711939812,-0.124091893434525,0.266766220331192,0.0602377243340015,0.169783726334572,0.0567509233951569,0.0717549622058868,0.051060251891613,0.0155484043061733,-0.000890255207195878,-0.105075649917126
-0.0187841728329659,0.0952593013644218,0.00906382780522108,0.0335721038281918,-0.0018807101296261,0.101498030126095,0.0306251905858517,0.0262016244232655,0.0688716694712639,0.0192449297755957,0.0757656320929527,-0.0181979406625032,0.0315369591116905,0.015505438670516,0.0844701528549194,0.0272507332265377,0.0306891314685345,0.0540422759950161,0.0335265882313251,0.17438717186451,-0.129980072379112,0,0.0194372609257698,0.333941429853439,0.0580217353999615,-0.134696513414383,0.142926126718521,0.237477913498878,0.0441093146800995,0.926003038883209,0.0118102310225368,-0.154099002480507,0.156655311584473,0.371243298053741,-0.070177935063839,-0.181441605091095,-0.131523221731186,0.886533677577972,0.315537542104721,0.0948312655091286,0.296819359064102,0.297010779380798,0.0830166712403297,-0.0171129461377859,0.106008172035217,0.661684691905975,0.175588294863701,0.0370712988078594,-0.0273949205875397,0.0152770858258009,0.203505948185921,0.238865628838539,0.0604960545897484,0.163849830627441,-0.232921376824379,0.976510882377625,0.00261447345837951,0.38482540845871,-0.0586004666984081,-0.0755266472697258,0.180049315094948,0.308616816997528,-0.00834248494356871,0.917480766773224,-0.00623971316963434,-0.195353850722313,0.17134615778923,0.341654479503632,-0.109985783696175,-0.251979738473892,-0.153192669153214,0.851861596107483,0.365219205617905,0.0912817195057869,0.311926275491714,0.334959924221039,0.0906610637903214,-0.0820368453860283,0.0101149268448353,0.600439071655273,0.154937505722046,0.0700290650129318,-0.0668747201561928,0.0149787990376353,0.168260037899017,0.21776907145977
0.0187044590711594,0.0201848037540913,0.00840136129409075,0.00751766469329596,0.0128391487523913,0.127782255411148,0.0763787031173706,-0.000513390579726547,0.0157150756567717,0.0481886006891727,0.0112264901399612,-0.0114710787311196,0.0132224215194583,0.00972987804561853,0.103801295161247,0.0731061995029449,0.0143568245694041,0.0391416847705841,0.0434393174946308,0.0513973459601402,0.0668732523918152,0.0194372609257698,0,0.15970179438591,0.108935378491879,0.142531350255013,0.0543617829680443,0.0343515127897263,0.0918553322553635,0.041365422308445,0.0897980481386185,0.105745792388916,0.0943316668272018,0.033856812864542,0.0645590722560883,0.0397860892117023,0.0697673484683037,0.0237005706876516,0.0488057099282742,0.0395754389464855,0.0576662980020046,0.0376981720328331,0.0565284863114357,0.0395427495241165,0.0675538629293442,0.0891821682453156,0.106009945273399,0.061995342373848,0.0287110488861799,0.103069022297859,0.0478432327508926,0.099967360496521,0.0184994321316481,0.0236758776009083,0.0300300363451242,0.00764887733384967,0.048853050917387,0.13239361345768,0.0685472041368484,0.114247709512711,0.0497526973485947,0.0243593249469995,0.0547577291727066,0.0391307845711708,0.0777010768651962,0.0672801733016968,0.078184187412262,0.00961062591522932,0.0497759394347668,0.0117882890626788,0.0392955355346203,0.0127611663192511,0.0401554591953754,0.0278022512793541,0.0503174439072609,0.0512671321630478,0.0278325863182545,-0.00914361327886581,0.0389749258756638,0.074861116707325,0.0787691101431847,0.0350158996880054,0.0127308173105121,0.049418892711401,0.0250460747629404,0.0862620174884796
-0.0715001448988914,-0.0550923757255077,-0.0431625880300999,-0.025991789996624,-0.0128552867099643,0.221820801496506,0.185300603508949,-0.00955894123762846,0.00425032386556268,-0.0904176086187363,-0.0745512172579765,-0.0570575669407845,-0.0279043409973383,-0.0238658469170332,0.22967217862606,0.175030067563057,-0.00188673904631287,0.0102153960615396,0.274299889802933,0.0292688626796007,0.182661324739456,0.333941429853439,0.15970179438591,0,0.32128843665123,0.350332409143448,0.0774907395243645,0.547624826431274,0.105537086725235,0.521983623504639,0.17538945376873,0.20082813501358,0.324252754449844,0.107539549469948,0.132167160511017,0.0414280779659748,0.102144598960876,0.290770798921585,0.106854125857353,-0.0504107400774956,0.151894927024841,0.10359712690115,0.0432500801980495,-0.0188316963613033,0.098273292183876,0.502763390541077,0.350523859262466,0.0188958179205656,0.0649135559797287,0.152813196182251,0.121190182864666,0.143639028072357,0.252110481262207,0.0429040528833866,0.046576015651226,0.306021928787231,0.103989146649837,0.817638397216797,0.189253479242325,0.358164221048355,0.0820816457271576,0.512546896934509,0.0765877887606621,0.517084002494812,0.141590520739555,0.183165922760963,0.34696027636528,0.112663693726063,0.101190812885761,-0.0245291497558355,0.135089516639709,0.207956165075302,0.158595323562622,-0.0385862030088902,0.189499095082283,0.151545941829681,0.0391709171235561,-0.071482814848423,0.0545507147908211,0.500625908374786,0.286379098892212,0.00315822730772197,0.0373820960521698,0.139605656266212,0.0963636711239815,0.104553505778313
