0 0.31913 0.25688 0.27763 0.085861 -0.017397 -0.096504 0.05534 0.20196 0.71543 0.40603 0.35224 0.2957 0.11418 -0.0046869 -0.10114 0.036189 0.26058 -0.16012 0.227 0.045784 -0.018784 0.018704 -0.0715 0.030947 0.12454 0.079681 0.018822 0.17483 0.0016186 -0.17078 -0.12749 0.0060148 0.13042 0.077635 -0.083452 0.0065725 0.11611 0.071972 0.35155 0.081245 0.16616 0.082368 0.33871 0.014535 0.17059 -0.17141 0.33959 -0.10942 -0.067768 0.041506 0.22699 -0.033293 0.27697 0.42387 -0.015648 0.036627 -0.087823 0.36377 0.25131 0.18287 -0.0011487 0.32139 -0.032841 -0.039971 0.12856 0.018234 0.1429 0.40096 0.19714 0.30691 0.13635 0.071966 0.4491 0.18869 0.31322 0.17219 0.5954 0.40022 0.19793 -0.11587 0.53155 -0.0062328 -0.085281 0.050511 0.28152
0.31913 0 0.24405 0.26521 0.10908 0.013665 -0.078723 0.07055 0.21813 0.34741 0.489 0.25604 0.25279 0.098792 -0.0051438 -0.094011 0.054111 0.20756 -0.10739 0.25462 0.043168 0.095259 0.020185 -0.055092 0.053817 0.045568 0.13527 0.079812 0.13724 0.13189 -0.033098 -0.10775 0.01336 0.17746 0.10222 -0.074991 0.0048512 0.22672 0.14499 0.32423 0.12743 0.1862 0.15878 0.1993 0.16278 0.12824 -0.10349 0.22447 -0.048317 -0.054753 0.16775 0.28322 -0.12119 0.24817 0.058464 0.091493 0.013797 -0.074154 0.057341 -0.0077895 0.12744 0.069775 0.12031 0.089405 -0.017595 -0.092815 -0.016551 0.11139 0.1463 -0.042516 0.06554 0.26054 0.09386 0.30534 0.10353 0.17935 0.14523 0.16621 0.15663 0.065845 -0.11593 0.20925 -0.05135 -0.073309 0.14792 0.25843
0.25688 0.24405 0 0.39082 0.10899 0.029306 -0.021317 0.14317 0.14348 0.28688 0.26759 0.58089 0.37912 0.068784 0.026729 -0.032573 0.1145 0.15214 -0.02762 0.19823 0.11215 0.0090638 0.0084014 -0.043163 0.01674 0.043092 0.073107 0.009336 0.18408 0.027522 -0.01286 -0.075997 -0.026867 0.05611 0.22387 -0.018055 0.13985 0.091934 0.014598 0.19375 0.083785 0.076548 0.16875 0.24192 0.19424 0.063135 -0.066126 0.17477 -0.054 -0.053418 0.072282 0.18195 -0.029572 0.17099 0.098032 -0.0092022 0.033709 -0.063271 0.010938 0.016972 0.056807 0.011771 0.15412 -0.0032777 -0.0073462 -0.087753 -0.017766 0.028972 0.18769 -0.03698 0.13355 0.10199 -0.0054733 0.18926 0.088501 0.067223 0.11716 0.15712 0.14096 0.012974 -0.063011 0.16671 -0.065089 -0.055446 0.078944 0.16997
0.27763 0.26521 0.39082 0 0.20227 0.010505 -0.0078659 0.10293 0.13744 0.26311 0.27272 0.37587 0.64237 0.12665 0.0046025 -0.014636 0.0928 0.14424 -0.050948 0.2903 -0.035057 0.033572 0.0075177 -0.025992 -0.10192 0.0173 0.0024112 0.019401 0.13997 0.045942 -0.034754 -0.15924 -0.020087 0.19874 0.16913 -0.097002 0.066658 0.12372 0.19712 0.20558 0.28538 0.028794 0.12273 0.14274 0.16548 0.11357 -0.01607 0.24599 -0.069321 -0.019704 0.1295 0.34718 -0.01907 0.27592 0.013226 0.032365 0.012543 -0.039047 -0.057327 -0.015077 0.016964 0.024939 0.14754 0.025644 -0.030672 -0.13737 0.0098921 0.15914 0.24926 -0.067514 0.15175 0.13996 0.13218 0.24505 0.26893 0.069054 0.12722 0.16534 0.17776 0.089339 -0.03062 0.30014 -0.063984 -0.056623 0.12376 0.34421
0.085861 0.10908 0.10899 0.20227 0 -0.0039273 -0.019236 0.022589 0.054652 0.09815 0.10357 0.11911 0.17487 0.043788 -0.0059024 -0.029162 0.021241 0.058428 -0.01587 0.10469 -0.0013016 -0.0018807 0.012839 -0.012855 -0.022943 0.006047 -0.0089367 -0.010972 0.069989 0.0013665 -0.027011 -0.036513 -0.010543 0.022848 0.070526 0.001816 0.053339 0.044147 0.07462 0.089551 0.092345 0.0068454 0.057282 0.068022 0.06675 0.01285 0.0099762 0.10827 -0.029668 -0.020962 0.062846 0.14292 -0.0091788 0.11115 -0.018606 -0.0076103 -0.014931 -0.034383 -0.040604 -0.011401 -0.008996 -0.0034792 0.063878 -0.010398 -0.023101 -0.047806 -0.019622 0.02659 0.083723 -0.010945 0.063174 0.046059 0.056248 0.076601 0.082481 -0.0043519 0.024777 0.040845 0.048851 -0.0092652 -0.0075524 0.10249 -0.040068 -0.024459 0.04451 0.12908
-0.017397 0.013665 0.029306 0.010505 -0.0039273 0 0.16776 0.022606 0.08511 0.055977 -0.0055563 0.01802 -0.00059355 -0.016969 0.42993 0.16855 0.037646 0.065665 0.075792 0.048228 0.14193 0.1015 0.12778 0.22182 0.24388 0.12884 0.33689 0.12808 0.087536 0.12679 0.29567 0.20924 0.27153 0.071544 -0.027859 0.032029 -0.016151 0.089767 0.086704 0.10029 0.05393 0.26323 0.22178 -0.00081816 0.17016 0.083205 0.21763 -0.065384 0.053706 0.14949 0.11696 0.080658 0.03083 0.025936 -0.0046413 0.078987 0.088626 0.21434 0.11734 0.088738 0.28245 0.13405 0.010736 0.11506 0.26907 0.12152 0.23209 0.069489 -0.11532 -0.054348 -0.091972 0.065385 0.094468 0.032578 0.05048 0.20971 0.14768 -0.096568 0.054796 0.050516 0.18177 -0.10053 0.041176 0.12221 0.099097 0.049305
-0.096504 -0.078723 -0.021317 -0.0078659 -0.019236 0.16776 0 -0.0079553 -0.0053072 -0.041807 -0.10271 -0.045253 -0.029679 -0.022795 0.17471 0.25137 -0.011397 -0.028438 0.16054 -0.034634 0.048684 0.030625 0.076379 0.1853 0.074666 0.13415 0.0030002 0.070621 0.018671 0.04255 0.1706 0.17187 0.071963 0.015337 0.026439 0.082645 0.07603 -0.0091893 0.050038 -0.11994 0.065449 -0.032612 0.0024753 -0.12634 0.063591 0.033942 0.23576 -0.058786 0.051103 0.13534 0.013804 0.030685 0.093717 -0.049002 -0.07057 0.020233 0.02551 0.16162 -0.036884 0.076957 -0.029679 0.062858 -0.026348 0.039392 0.090825 0.082664 0.056784 0.019417 -0.061011 -0.022818 -0.026345 -0.029368 0.054989 -0.13851 0.065745 -0.057865 -0.020576 -0.19094 -0.027254 0.039515 0.18598 -0.12219 0.022887 0.11058 0.0042555 -0.0059503
0.05534 0.07055 0.14317 0.10293 0.022589 0.022606 -0.0079553 0 0.052073 0.035433 0.070363 0.12791 0.1037 0.014273 0.03315 0.0018656 0.10449 0.064585 -0.030591 0.089422 -0.060145 0.026202 -0.00051339 -0.0095589 -0.049664 -0.02313 0.052182 0.02071 0.021314 0.014222 0.062594 -0.059115 0.024389 0.048269 -0.026022 -0.084393 -0.071965 0.048757 0.02396 0.065157 0.017528 0.042057 0.11517 -0.0055862 0.0099511 0.0095884 0.006537 0.00016082 -0.0067085 0.0026174 0.04455 0.083997 -0.019922 0.073582 -0.041006 0.028332 -0.0027543 -0.00056268 -0.025783 0.0031264 0.065686 0.034367 0.029483 0.0077533 0.059399 -0.044979 0.011735 0.046479 -0.0025721 -0.08858 -0.014848 0.055346 0.015987 0.075292 0.03623 0.053986 0.097493 0.014069 0.02712 0.010966 0.01375 0.055726 -0.017864 0.0030178 0.055029 0.085823
0.20196 0.21813 0.14348 0.13744 0.054652 0.08511 -0.0053072 0.052073 0 0.21962 0.22885 0.12997 0.13549 0.048107 0.069357 -0.019503 0.047961 0.19455 -0.044952 0.16148 0.0051049 0.068872 0.015715 0.0042503 0.025718 0.0099835 0.1223 0.024445 0.073915 0.097839 0.019283 -0.050889 0.063547 0.122 0.032691 -0.061026 -0.014782 0.16906 0.097467 0.18592 0.076357 0.14507 0.13227 0.096255 0.074849 0.055138 0.00050198 0.10878 -0.030426 -0.017826 0.12117 0.17798 -0.035337 0.16963 0.039845 0.061732 0.027727 -0.010721 0.053195 0.01826 0.14097 0.018132 0.084864 0.084933 0.05565 -0.014638 0.033992 0.077884 0.08177 -0.038281 0.037771 0.17761 0.074716 0.18188 0.0694 0.16636 0.13332 0.098866 0.11632 0.022416 -0.00099769 0.14294 -0.039939 -0.006166 0.11857 0.17031
0.71543 0.34741 0.28688 0.26311 0.09815 0.055977 -0.041807 0.035433 0.21962 0 0.31441 0.27513 0.22211 0.098703 0.049697 -0.056687 0.028581 0.22728 -0.064991 0.23221 0.26576 0.019245 0.048189 -0.090418 0.20437 0.22508 0.14472 -0.062553 0.20123 0.021012 -0.01743 0.058675 0.042976 0.20205 0.22918 0.090332 0.19514 0.13633 0.27626 0.3057 0.2885 0.22533 0.089021 0.45149 0.28776 0.25436 -0.11753 0.3842 -0.027104 -0.0036191 0.044563 0.23324 -0.14437 0.17325 0.11794 0.0085325 0.029983 -0.096345 0.096406 0.12302 0.090178 -0.029168 0.090976 0.010201 -0.025388 -0.0028553 0.026853 0.13561 0.14046 0.019981 0.045583 0.15459 0.15905 0.25907 0.17704 0.13551 0.048954 0.21015 0.079661 0.099295 -0.096406 0.32503 -0.048173 -0.059419 0.056877 0.1951
0.40603 0.489 0.26759 0.27272 0.10357 -0.0055563 -0.10271 0.070363 0.22885 0.31441 0 0.31859 0.29974 0.11155 -0.018039 -0.10849 0.088842 0.24948 -0.18963 0.28329 -0.024964 0.075766 0.011226 -0.074551 -0.0073089 -0.022708 0.13178 0.066057 0.11275 0.11259 -0.073182 -0.1991 0.0097282 0.13264 0.017519 -0.15576 -0.069064 0.23147 0.071314 0.33593 0.076849 0.18502 0.18074 0.17547 0.069116 0.090816 -0.15931 0.21255 -0.090429 -0.079799 0.17347 0.27629 -0.14338 0.30132 0.15041 0.085169 0.0054411 -0.098344 0.14057 -0.00541 0.18883 0.038351 0.18006 0.072909 -0.017978 -0.071767 0.0025411 0.13756 0.23605 -0.015115 0.14744 0.27268 0.052537 0.39339 0.11951 0.25876 0.19978 0.29666 0.25844 0.072991 -0.13639 0.30579 -0.039798 -0.10519 0.16665 0.30055
0.35224 0.25604 0.58089 0.37587 0.11911 0.01802 -0.045253 0.12791 0.12997 0.27513 0.31859 0 0.40771 0.089267 0.019947 -0.032407 0.14404 0.15179 -0.068152 0.20393 0.052832 -0.018198 -0.011471 -0.057058 -0.018957 0.02587 0.06739 0.022892 0.17544 0.0096294 -0.05591 -0.14243 -0.03219 0.041581 0.18969 -0.056901 0.11377 0.09195 0.015119 0.21507 0.069223 0.051647 0.16189 0.2141 0.10606 0.079484 -0.086622 0.17545 -0.088536 -0.072624 0.068968 0.19101 -0.020498 0.23429 0.17681 -0.042773 0.019968 -0.072714 0.07178 0.052982 0.076693 0.00055742 0.22862 -0.021096 -0.009967 -0.058547 0.0058337 0.045184 0.28083 0.040032 0.23074 0.10059 -0.035069 0.25912 0.086547 0.1092 0.17875 0.27358 0.21923 0.03879 -0.077776 0.23736 -0.059248 -0.055933 0.060222 0.21606
0.2957 0.25279 0.37912 0.64237 0.17487 -0.00059355 -0.029679 0.1037 0.13549 0.22211 0.29974 0.40771 0 0.14551 0.0076587 -0.0067457 0.11393 0.15611 -0.054871 0.26573 -0.041563 0.031537 0.013222 -0.027904 -0.10443 0.0011073 -0.0085489 0.046794 0.13163 0.042731 -0.071687 -0.16622 -0.020422 0.16766 0.14152 -0.11041 0.054583 0.12568 0.12079 0.21474 0.22212 0.01461 0.1094 0.11782 0.12618 0.09867 -0.039865 0.22199 -0.08577 -0.046709 0.12299 0.31668 0.0058774 0.28464 0.028323 0.022461 0.01443 -0.022865 -0.041251 0.030149 0.0080123 0.041519 0.18315 0.022227 -0.041317 -0.11814 -0.0030243 0.1591 0.28186 -0.047209 0.19063 0.1435 0.12418 0.25216 0.28774 0.071529 0.12927 0.18901 0.19426 0.093056 -0.00039793 0.31489 -0.085719 -0.047288 0.12488 0.3729
0.11418 0.098792 0.068784 0.12665 0.043788 -0.016969 -0.022795 0.014273 0.048107 0.098703 0.11155 0.089267 0.14551 0 -0.0087843 -0.027865 0.0072725 0.095109 -0.02342 0.13048 -0.041223 0.015505 0.0097299 -0.023866 -0.032197 -0.01934 0.010084 -0.010381 0.029054 0.01899 -0.032343 -0.057896 -0.00062678 0.062039 0.023104 -0.045014 -0.0073736 0.059135 0.064257 0.085552 0.069315 0.036416 0.058588 0.035582 0.052437 0.015413 -0.013653 0.081154 -0.040943 -0.012913 0.076102 0.12178 -0.016806 0.10565 0.005881 0.015553 0.0011191 -0.023773 -0.0049566 -0.010105 0.0264 -0.012212 0.03039 0.018573 -0.010364 -0.028942 -0.0079213 0.072875 0.077475 -0.03237 0.059729 0.073148 0.070551 0.091233 0.089619 0.048837 0.072459 0.063337 0.096726 0.0030698 -0.0097158 0.11879 -0.024977 -0.023933 0.064149 0.13605
-0.0046869 -0.0051438 0.026729 0.0046025 -0.0059024 0.42993 0.17471 0.03315 0.069357 0.049697 -0.018039 0.019947 0.0076587 -0.0087843 0 0.21661 0.039844 0.068117 0.057502 0.043011 0.12921 0.08447 0.1038 0.22967 0.2242 0.13051 0.31517 0.12375 0.093308 0.10252 0.3016 0.17356 0.26955 0.072824 -0.029624 -0.0013929 -0.038083 0.06805 0.070872 0.084543 0.056757 0.24714 0.2283 -0.019867 0.15657 0.077179 0.20995 -0.079075 0.040184 0.1286 0.09542 0.079094 0.039892 0.042802 0.048608 0.072837 0.09971 0.2265 0.15095 0.13437 0.29475 0.11457 0.055424 0.095624 0.26031 0.14191 0.27616 0.062833 -0.080074 -0.048316 -0.066458 0.05754 0.099964 0.057622 0.053247 0.23189 0.16909 -0.065432 0.086081 0.071825 0.20252 -0.074367 0.020722 0.13987 0.099416 0.076674
-0.10114 -0.094011 -0.032573 -0.014636 -0.029162 0.16855 0.25137 0.0018656 -0.019503 -0.056687 -0.10849 -0.032407 -0.0067457 -0.027865 0.21661 0 0.017272 -0.0054244 0.12128 -0.028878 0.047541 0.027251 0.073106 0.17503 0.055195 0.12377 -0.0063226 0.023791 0.02054 0.033976 0.1392 0.12775 0.095977 0.019418 0.014377 0.044597 0.054113 -0.047571 0.039318 -0.10608 0.071242 -0.024467 0.0072593 -0.10396 0.047916 0.038208 0.20196 -0.059289 0.044358 0.10531 0.013142 0.030509 0.1044 -0.035244 -0.023298 0.015349 0.040019 0.1816 -0.0041635 0.12321 -0.027187 0.023484 5.4788e-05 0.029187 0.1003 0.086576 0.10196 0.023776 -0.019217 -0.010089 0.017675 -0.06119 0.0586 -0.12663 0.075955 -0.044991 -0.02812 -0.13756 -0.010827 0.044876 0.20802 -0.07905 0.023591 0.13569 0.0044459 0.02582
0.036189 0.054111 0.1145 0.0928 0.021241 0.037646 -0.011397 0.10449 0.047961 0.028581 0.088842 0.14404 0.11393 0.0072725 0.039844 0.017272 0 0.067423 -0.021365 0.087019 -0.051901 0.030689 0.014357 -0.0018867 -0.025043 -0.036547 0.076631 0.032323 0.013248 0.032507 0.053971 -0.06688 0.01022 0.032772 -0.024495 -0.077621 -0.062033 0.045414 0.0074098 0.062292 -0.0034527 0.069212 0.12216 -0.021682 0.021974 0.0027556 0.015014 -0.031741 -0.012402 -0.015633 0.041063 0.058435 -0.013243 0.075924 -0.041473 0.030604 0.0059701 0.018298 -0.025998 -0.016581 0.06761 0.029007 0.020199 0.021435 0.045841 -0.039238 0.022991 0.037476 -0.018008 -0.10554 -0.028966 0.047455 -0.00031827 0.06655 0.0028466 0.066577 0.11374 0.0094515 0.015562 0.0043371 0.024206 0.014085 -0.014668 -0.00061504 0.044482 0.066967
0.26058 0.20756 0.15214 0.14424 0.058428 0.065665 -0.028438 0.064585 0.19455 0.22728 0.24948 0.15179 0.15611 0.095109 0.068117 -0.0054244 0.067423 0 -0.060503 0.16328 0.032805 0.054042 0.039142 0.010215 0.052139 0.028367 0.11642 0.024744 0.086635 0.093149 0.013578 -0.028447 0.068859 0.097469 0.020997 -0.054051 -0.0084176 0.16385 0.081387 0.18047 0.067601 0.15038 0.1317 0.10494 0.079005 0.058178 0.0095203 0.1259 -0.038724 0.027717 0.16639 0.18753 -0.0097632 0.17996 0.099202 0.064321 0.023826 0.0094311 0.10441 0.037912 0.14373 0.027806 0.11345 0.081304 0.064277 0.018417 0.055353 0.11385 0.11497 0.0099706 0.082185 0.1811 0.076083 0.19735 0.087559 0.18743 0.13972 0.14421 0.16124 0.05352 0.024744 0.16498 0.00097678 0.00057729 0.13163 0.20983
-0.16012 -0.10739 -0.02762 -0.050948 -0.01587 0.075792 0.16054 -0.030591 -0.044952 -0.064991 -0.18963 -0.068152 -0.054871 -0.02342 0.057502 0.12128 -0.021365 -0.060503 0 -0.037049 0.24467 0.033527 0.043439 0.2743 0.22302 0.27743 -0.16294 0.09122 0.090786 0.068536 0.02685 0.58074 0.0010516 -0.020774 0.51983 0.24346 0.57236 -0.043067 0.058596 -0.10748 0.15993 -0.066889 -0.13316 0.02892 0.20304 0.082904 0.74152 0.23865 0.11567 0.16145 0.16052 0.12618 0.67751 -0.050105 0.036579 0.017514 0.022703 0.22886 0.031332 0.19617 -0.19936 0.091722 0.018145 0.061278 -0.050152 0.33199 0.028148 -0.0028361 0.22865 0.17347 0.27418 -0.080376 0.10469 -0.17516 0.12038 -0.14447 -0.11745 -0.098214 0.03225 0.053614 0.62423 0.034173 0.060735 0.16733 0.16659 0.088967
0.227 0.25462 0.19823 0.2903 0.10469 0.048228 -0.034634 0.089422 0.16148 0.23221 0.28329 0.20393 0.26573 0.13048 0.043011 -0.028878 0.087019 0.16328 -0.037049 0 -0.11101 0.17439 0.051397 0.029269 -0.11752 -0.0088445 0.016345 0.031424 0.20521 0.19748 -0.091703 -0.27086 0.014363 0.40566 0.19101 -0.22383 0.01743 0.27821 0.33962 0.41396 0.40917 0.0997 0.28455 0.24692 0.33824 0.27943 0.061789 0.37721 -0.1263 -0.043221 0.29101 0.56755 0.019694 0.58677 -0.1013 0.18617 0.0050333 0.019507 -0.11324 0.014533 0.059328 0.03702 0.17938 0.17039 -0.041932 -0.24288 0.034887 0.37748 0.28228 -0.24732 0.11576 0.27843 0.29281 0.44057 0.40055 0.16556 0.2782 0.22813 0.2959 0.22517 0.059785 0.46338 -0.15202 -0.079942 0.23674 0.55567
0.045784 0.043168 0.11215 -0.035057 -0.0013016 0.14193 0.048684 -0.060145 0.0051049 0.26576 -0.024964 0.052832 -0.041563 -0.041223 0.12921 0.047541 -0.051901 0.032805 0.24467 -0.11101 0 -0.12998 0.066873 0.18266 0.72476 0.55906 0.19679 -0.056375 0.27777 -0.081658 0.10943 0.49356 0.16429 -0.096605 0.55698 0.46689 0.5504 -0.11602 -0.022521 0.10725 0.11212 0.30883 -0.046417 0.7175 0.40933 0.38141 0.06417 0.44699 0.013361 0.0064117 -0.018209 -0.047613 0.047465 -0.11921 0.64685 -0.18353 0.06345 0.10776 0.50867 0.29478 0.056744 -0.019982 0.087012 -0.080177 0.046619 0.30094 0.12288 -0.087207 0.25772 0.35331 0.198 -0.12612 -0.0035142 -0.028788 0.048387 0.1382 -0.12409 0.26677 0.060238 0.16978 0.056751 0.071755 0.05106 0.015548 -0.00089026 -0.10508
-0.018784 0.095259 0.0090638 0.033572 -0.0018807 0.1015 0.030625 0.026202 0.068872 0.019245 0.075766 -0.018198 0.031537 0.015505 0.08447 0.027251 0.030689 0.054042 0.033527 0.17439 -0.12998 0 0.019437 0.33394 0.058022 -0.1347 0.14293 0.23748 0.044109 0.926 0.01181 -0.1541 0.15666 0.37124 -0.070178 -0.18144 -0.13152 0.88653 0.31554 0.094831 0.29682 0.29701 0.083017 -0.017113 0.10601 0.66168 0.17559 0.037071 -0.027395 0.015277 0.20351 0.23887 0.060496 0.16385 -0.23292 0.97651 0.0026145 0.38483 -0.0586 -0.075527 0.18005 0.30862 -0.0083425 0.91748 -0.0062397 -0.19535 0.17135 0.34165 -0.10999 -0.25198 -0.15319 0.85186 0.36522 0.091282 0.31193 0.33496 0.090661 -0.082037 0.010115 0.60044 0.15494 0.070029 -0.066875 0.014979 0.16826 0.21777
0.018704 0.020185 0.0084014 0.0075177 0.012839 0.12778 0.076379 -0.00051339 0.015715 0.048189 0.011226 -0.011471 0.013222 0.0097299 0.1038 0.073106 0.014357 0.039142 0.043439 0.051397 0.066873 0.019437 0 0.1597 0.10894 0.14253 0.054362 0.034352 0.091855 0.041365 0.089798 0.10575 0.094332 0.033857 0.064559 0.039786 0.069767 0.023701 0.048806 0.039575 0.057666 0.037698 0.056528 0.039543 0.067554 0.089182 0.10601 0.061995 0.028711 0.10307 0.047843 0.099967 0.018499 0.023676 0.03003 0.0076489 0.048853 0.13239 0.068547 0.11425 0.049753 0.024359 0.054758 0.039131 0.077701 0.06728 0.078184 0.0096106 0.049776 0.011788 0.039296 0.012761 0.040155 0.027802 0.050317 0.051267 0.027833 -0.0091436 0.038975 0.074861 0.078769 0.035016 0.012731 0.049419 0.025046 0.086262
-0.0715 -0.055092 -0.043163 -0.025992 -0.012855 0.22182 0.1853 -0.0095589 0.0042503 -0.090418 -0.074551 -0.057058 -0.027904 -0.023866 0.22967 0.17503 -0.0018867 0.010215 0.2743 0.029269 0.18266 0.33394 0.1597 0 0.32129 0.35033 0.077491 0.54762 0.10554 0.52198 0.17539 0.20083 0.32425 0.10754 0.13217 0.041428 0.10214 0.29077 0.10685 -0.050411 0.15189 0.1036 0.04325 -0.018832 0.098273 0.50276 0.35052 0.018896 0.064914 0.15281 0.12119 0.14364 0.25211 0.042904 0.046576 0.30602 0.10399 0.81764 0.18925 0.35816 0.082082 0.51255 0.076588 0.51708 0.14159 0.18317 0.34696 0.11266 0.10119 -0.024529 0.13509 0.20796 0.1586 -0.038586 0.1895 0.15155 0.039171 -0.071483 0.054551 0.50063 0.28638 0.0031582 0.037382 0.13961 0.096364 0.10455
0.030947 0.053817 0.01674 -0.10192 -0.022943 0.24388 0.074666 -0.049664 0.025718 0.20437 -0.0073089 -0.018957 -0.10443 -0.032197 0.2242 0.055195 -0.025043 0.052139 0.22302 -0.11752 0.72476 0.058022 0.10894 0.32129 0 0.51331 0.53755 0.074223 0.17832 0.10181 0.30825 0.65487 0.40549 -0.037388 0.25336 0.37168 0.25238 0.011929 -0.066641 0.20385 -0.11082 0.70492 0.10569 0.53481 0.35556 0.3603 0.10663 0.21721 0.14511 0.11458 0.0023686 -0.09335 0.067135 -0.13901 0.47344 -0.024767 0.068399 0.23486 0.73762 0.30102 0.40991 0.079691 0.028551 0.087573 0.25463 0.5177 0.32939 -0.05386 0.045372 0.22831 0.062467 -0.011042 -0.056875 0.041102 -0.12283 0.51099 0.025316 0.13341 0.12499 0.16347 0.087491 -0.024356 0.19076 0.13208 0.018626 -0.13925
0.12454 0.045568 0.043092 0.0173 0.006047 0.12884 0.13415 -0.02313 0.0099835 0.22508 -0.022708 0.02587 0.0011073 -0.01934 0.13051 0.12377 -0.036547 0.028367 0.27743 -0.0088445 0.55906 -0.1347 0.14253 0.35033 0.51331 0 -0.0092348 0.084128 0.24398 -0.080536 0.066599 0.45325 0.11066 -0.024191 0.44067 0.37608 0.47364 -0.12778 0.033991 0.035569 0.14773 -0.027867 -0.077059 0.40809 0.22083 0.37656 0.17693 0.43901 0.014217 0.1201 0.0015018 0.10786 0.13591 -0.011946 0.33352 -0.1656 0.089086 0.25757 0.31711 0.56376 -0.10285 0.048597 0.13287 -0.079859 -0.0095278 0.30399 0.051718 -0.043037 0.27248 0.24774 0.31637 -0.14908 0.012031 -0.0073969 0.085065 -0.059591 -0.10793 0.12737 0.024441 0.26283 0.13519 0.21173 0.021666 0.082793 0.0078688 0.050867
0.079681 0.13527 0.073107 0.0024112 -0.0089367 0.33689 0.0030002 0.052182 0.1223 0.14472 0.13178 0.06739 -0.0085489 0.010084 0.31517 -0.0063226 0.076631 0.11642 -0.16294 0.016345 0.19679 0.14293 0.054362 0.077491 0.53755 -0.0092348 0 0.03336 0.04576 0.12978 0.48975 0.21435 0.38811 0.075658 -0.22214 -0.034017 -0.25092 0.15878 0.037912 0.42084 -0.13568 0.81963 0.4558 0.10358 0.23976 0.0050682 -0.004578 -0.15999 0.11946 0.048173 0.11818 -0.033788 -0.14733 0.0055654 0.05303 0.097947 0.057821 0.068696 0.32884 -0.054444 0.76309 0.064976 -0.038355 0.1187 0.44594 0.19046 0.31043 0.051352 -0.31065 -0.12523 -0.27818 0.18249 0.055409 0.27197 -0.12412 0.70417 0.32484 -0.054777 0.13726 -0.091443 0.014845 -0.19581 0.098957 0.058713 0.096266 -0.058491
0.018822 0.079812 0.009336 0.019401 -0.010972 0.12808 0.070621 0.02071 0.024445 -0.062553 0.066057 0.022892 0.046794 -0.010381 0.12375 0.023791 0.032323 0.024744 0.09122 0.031424 -0.056375 0.23748 0.034352 0.54762 0.074223 0.084128 0.03336 0 0.050297 0.43106 0.10966 0.032036 0.047918 0.057326 0.00017626 -0.0012785 0.02032 0.35087 0.023666 0.027193 0.069811 -0.020952 0.074766 -0.10283 -0.010892 0.27996 0.18065 -0.11132 0.025615 0.053139 0.12743 0.10777 0.15458 0.064302 -0.053987 0.24554 0.024782 0.56466 0.025283 0.16625 0.034332 0.95826 0.088306 0.35094 0.084354 0.067793 0.081727 0.056161 0.084606 -0.0032227 0.10349 0.33246 0.097077 0.036263 0.13984 0.019803 0.073712 -0.062317 0.021229 0.33527 0.14754 0.0051336 0.034515 0.049193 0.10346 0.11809
0.17483 0.13724 0.18408 0.13997 0.069989 0.087536 0.018671 0.021314 0.073915 0.20123 0.11275 0.17544 0.13163 0.029054 0.093308 0.02054 0.013248 0.086635 0.090786 0.20521 0.27777 0.044109 0.091855 0.10554 0.17832 0.24398 0.04576 0.050297 0 0.054268 0.053773 0.083713 0.061068 0.075675 0.42998 0.29148 0.47462 0.093807 0.043916 0.25623 0.12868 0.093773 0.19789 0.43773 0.29652 0.19069 0.084092 0.39209 -0.036596 0.046446 0.13171 0.32555 0.094199 0.19501 0.21168 0.024151 0.048808 0.077173 0.13918 0.15978 -0.0037791 0.04925 0.38533 0.04546 0.04552 0.064502 0.023867 0.046002 0.36069 0.22472 0.42302 0.082023 0.04904 0.18785 0.11343 0.063844 0.15066 0.25223 0.20985 0.084762 0.080839 0.26988 -0.00063122 -0.0011346 0.12019 0.30861
0.0016186 0.13189 0.027522 0.045942 0.0013665 0.12679 0.04255 0.014222 0.097839 0.021012 0.11259 0.0096294 0.042731 0.01899 0.10252 0.033976 0.032507 0.093149 0.068536 0.19748 -0.081658 0.926 0.041365 0.52198 0.10181 -0.080536 0.12978 0.43106 0.054268 0 0.030441 -0.13493 0.21742 0.37925 -0.033366 -0.16742 -0.072579 0.92237 0.3405 0.11201 0.29662 0.25534 0.088718 -0.014601 0.091718 0.67843 0.21209 0.068519 -0.014255 0.016565 0.27589 0.27935 0.07398 0.17397 -0.1668 0.91815 0.011478 0.542 -0.0032503 0.0066201 0.17306 0.47548 0.033113 0.93655 0.0104 -0.14753 0.23402 0.34157 -0.024497 -0.20895 -0.06544 0.88502 0.38368 0.11971 0.32232 0.31626 0.093503 -0.060981 0.029536 0.64133 0.1824 0.14318 -0.047817 0.0029314 0.23187 0.25943
-0.17078 -0.033098 -0.01286 -0.034754 -0.027011 0.29567 0.1706 0.062594 0.019283 -0.01743 -0.073182 -0.05591 -0.071687 -0.032343 0.3016 0.1392 0.053971 0.013578 0.02685 -0.091703 0.10943 0.01181 0.089798 0.17539 0.30825 0.066599 0.48975 0.10966 0.053773 0.030441 0 0.37324 0.26656 -0.01428 -0.15774 0.097804 -0.093765 -0.0046612 0.015355 -0.01917 -0.065755 0.37954 0.38236 -0.2152 0.25587 -0.09275 0.19059 -0.29684 0.2661 0.1817 0.024591 -0.087888 -0.040845 -0.1248 -0.17679 -0.0058481 0.03611 0.18059 0.035414 0.011102 0.35105 0.13663 -0.10791 0.026201 0.54534 0.21492 0.21571 -0.023315 -0.35738 -0.11004 -0.28347 -0.021055 0.038979 -0.13928 -0.082542 0.18863 0.20472 -0.40707 -0.0078478 -0.11741 0.15396 -0.35487 0.19513 0.16554 0.021985 -0.12461
-0.12749 -0.10775 -0.075997 -0.15924 -0.036513 0.20924 0.17187 -0.059115 -0.050889 0.058675 -0.1991 -0.14243 -0.16622 -0.057896 0.17356 0.12775 -0.06688 -0.028447 0.58074 -0.27086 0.49356 -0.1541 0.10575 0.20083 0.65487 0.45325 0.21435 0.032036 0.083713 -0.13493 0.37324 0 0.14335 -0.21586 0.23614 0.60983 0.37319 -0.20357 -0.13466 -0.084143 -0.14932 0.2522 -0.010746 0.060912 0.34904 -0.11741 0.37744 0.093494 0.31233 0.28126 -0.090554 -0.20597 0.26075 -0.29382 0.16245 -0.203 0.076985 0.14418 0.30871 0.26584 0.047724 0.041932 -0.065343 -0.11745 0.20289 0.73563 0.086882 -0.20407 -0.11198 0.39413 -0.014354 -0.22835 -0.10847 -0.23937 -0.18685 -0.023849 -0.11504 -0.2408 0.023627 -0.15224 0.28316 -0.22709 0.30114 0.26862 -0.056589 -0.22839
0.0060148 0.01336 -0.026867 -0.020087 -0.010543 0.27153 0.071963 0.024389 0.063547 0.042976 0.0097282 -0.03219 -0.020422 -0.00062678 0.26955 0.095977 0.01022 0.068859 0.0010516 0.014363 0.16429 0.15666 0.094332 0.32425 0.40549 0.11066 0.38811 0.047918 0.061068 0.21742 0.26656 0.14335 0 0.10667 -0.047278 -0.027723 -0.075494 0.13466 0.059393 0.070588 -0.023844 0.4394 0.20854 0.066218 0.14598 0.14128 0.14346 -0.060912 0.045245 0.093946 0.09167 0.041623 0.029587 0.0049302 0.1094 0.12024 0.069312 0.27865 0.29021 0.10347 0.37973 0.058032 0.0087939 0.20923 0.26821 0.16282 0.43665 0.082182 -0.085325 -0.037828 -0.05092 0.10919 0.046661 0.046617 -0.017816 0.40925 0.15444 -0.013089 0.12221 0.080801 0.13654 -0.075666 0.069352 0.1012 0.065515 0.0040409
0.13042 0.17746 0.05611 0.19874 0.022848 0.071544 0.015337 0.048269 0.122 0.20205 0.13264 0.041581 0.16766 0.062039 0.072824 0.019418 0.032772 0.097469 -0.020774 0.40566 -0.096605 0.37124 0.033857 0.10754 -0.037388 -0.024191 0.075658 0.057326 0.075675 0.37925 -0.01428 -0.21586 0.10667 0 0.13604 -0.21953 -0.0041834 0.43336 0.54316 0.28286 0.60479 0.21006 0.098598 0.15715 0.33474 0.40612 0.15991 0.37129 -0.072254 -0.016777 0.37006 0.50359 0.010055 0.36107 -0.10417 0.3519 0.0034547 0.096739 -0.068369 -0.02318 0.10261 0.052829 0.047363 0.3479 -0.030227 -0.22834 0.13922 0.79124 0.18234 -0.23286 0.072391 0.41087 0.46761 0.33996 0.54873 0.2687 0.085606 0.14066 0.25915 0.33277 0.14955 0.43416 -0.098966 -0.038398 0.32201 0.47037
0.077635 0.10222 0.22387 0.16913 0.070526 -0.027859 0.026439 -0.026022 0.032691 0.22918 0.017519 0.18969 0.14152 0.023104 -0.029624 0.014377 -0.024495 0.020997 0.51983 0.19101 0.55698 -0.070178 0.064559 0.13217 0.25336 0.44067 -0.22214 0.00017626 0.42998 -0.033366 -0.15774 0.23614 -0.047278 0.13604 0 0.39109 0.85689 -0.0020774 0.10186 0.090369 0.37137 -0.093269 -0.11264 0.56996 0.51316 0.30082 0.27245 0.66241 -0.046037 0.011132 0.12283 0.37587 0.28129 0.18498 0.33878 -0.090568 0.024886 0.067775 0.11789 0.21238 -0.28798 -0.003325 0.2783 -0.034127 -0.19502 0.058112 -0.045351 0.11357 0.66411 0.25822 0.60775 -0.030259 0.10282 0.019595 0.31205 -0.15583 -0.11697 0.22359 0.24757 0.18591 0.21581 0.43802 -0.040346 -0.027464 0.13026 0.32665
-0.083452 -0.074991 -0.018055 -0.097002 0.001816 0.032029 0.082645 -0.084393 -0.061026 0.090332 -0.15576 -0.056901 -0.11041 -0.045014 -0.0013929 0.044597 -0.077621 -0.054051 0.24346 -0.22383 0.46689 -0.18144 0.039786 0.041428 0.37168 0.37608 -0.034017 -0.0012785 0.29148 -0.16742 0.097804 0.60983 -0.027723 -0.21953 0.39109 0 0.6196 -0.16864 -0.14296 -0.1343 -0.088172 -0.082082 -0.16546 0.19697 0.22618 -0.090444 0.039931 0.16606 0.15861 0.092764 -0.086199 -0.12917 0.0036238 -0.23501 0.16227 -0.19691 0.047729 0.016716 0.098249 0.16901 -0.19949 0.0010698 0.096357 -0.15903 -0.012213 0.26796 -0.034227 -0.19505 0.080934 0.55667 0.20633 -0.18507 -0.10527 -0.24556 -0.10427 -0.2994 -0.24003 -0.16611 -0.11324 -0.14465 0.005575 -0.092791 0.12144 0.080529 -0.064048 -0.14095
0.0065725 0.0048512 0.13985 0.066658 0.053339 -0.016151 0.07603 -0.071965 -0.014782 0.19514 -0.069064 0.11377 0.054583 -0.0073736 -0.038083 0.054113 -0.062033 -0.0084176 0.57236 0.01743 0.5504 -0.13152 0.069767 0.10214 0.25238 0.47364 -0.25092 0.02032 0.47462 -0.072579 -0.093765 0.37319 -0.075494 -0.0041834 0.85689 0.6196 0 -0.075445 -0.010961 -0.041949 0.2528 -0.22975 -0.21419 0.44757 0.34754 0.1769 0.25394 0.55484 0.03754 0.031515 0.019339 0.21318 0.30262 -0.025188 0.29334 -0.14353 0.049238 0.042136 0.017581 0.24166 -0.34807 0.01525 0.27486 -0.081701 -0.17242 0.10012 -0.078894 -0.01428 0.51979 0.46573 0.60012 -0.097976 0.027171 -0.13465 0.17071 -0.33453 -0.22953 0.084325 0.0090942 0.076497 0.18901 0.24495 -0.029804 -0.000946 0.048198 0.1759
0.11611 0.22672 0.091934 0.12372 0.044147 0.089767 -0.0091893 0.048757 0.16906 0.13633 0.23147 0.09195 0.12568 0.059135 0.06805 -0.047571 0.045414 0.16385 -0.043067 0.27821 -0.11602 0.88653 0.023701 0.29077 0.011929 -0.12778 0.15878 0.35087 0.093807 0.92237 -0.0046612 -0.20357 0.13466 0.43336 -0.0020774 -0.16864 -0.075445 0 0.4173 0.2285 0.37195 0.28209 0.12701 0.027595 0.12238 0.58024 0.10084 0.1379 -0.054402 -0.02136 0.32252 0.35922 -0.023796 0.26873 -0.15506 0.85193 0.0041412 0.31508 -0.038427 -0.055687 0.2045 0.41424 0.083455 0.88289 -0.00056943 -0.20182 0.14843 0.39939 0.022995 -0.18636 -0.04518 0.96919 0.45032 0.24805 0.40281 0.33429 0.1433 0.026416 0.086157 0.54034 0.0798 0.26465 -0.065665 -0.048864 0.28453 0.35552
0.071972 0.14499 0.014598 0.19712 0.07462 0.086704 0.050038 0.02396 0.097467 0.27626 0.071314 0.015119 0.12079 0.064257 0.070872 0.039318 0.0074098 0.081387 0.058596 0.33962 -0.022521 0.31554 0.048806 0.10685 -0.066641 0.033991 0.037912 0.023666 0.043916 0.3405 0.015355 -0.13466 0.059393 0.54316 0.10186 -0.14296 -0.010961 0.4173 0 0.12009 0.90091 0.088746 0.021673 0.079958 0.33667 0.46088 0.29623 0.44519 -0.015257 0.033876 0.49231 0.62173 0.022329 0.30072 -0.15794 0.28761 -0.0019698 0.094908 -0.14908 -0.020386 0.014424 0.015322 -0.0094694 0.31236 -0.028872 -0.22368 0.079027 0.49328 0.077829 -0.22405 -0.069321 0.37798 0.90309 0.15524 0.79628 0.097451 -0.0048553 -0.022719 0.16192 0.36214 0.23824 0.42566 -0.096444 -0.021508 0.40055 0.51846
0.35155 0.32423 0.19375 0.20558 0.089551 0.10029 -0.11994 0.065157 0.18592 0.3057 0.33593 0.21507 0.21474 0.085552 0.084543 -0.10608 0.062292 0.18047 -0.10748 0.41396 0.10725 0.094831 0.039575 -0.050411 0.20385 0.035569 0.42084 0.027193 0.25623 0.11201 -0.01917 -0.084143 0.070588 0.28286 0.090369 -0.1343 -0.041949 0.2285 0.12009 0 0.097215 0.54812 0.36724 0.4352 0.2947 0.18714 -0.077002 0.36225 -0.083053 -0.051654 0.20142 0.34941 -0.074683 0.38231 0.15399 0.099712 0.043506 -0.051459 0.25464 0.060892 0.42422 0.03192 0.23281 0.074817 0.084502 0.0099171 0.037889 0.22646 0.17018 -0.089487 0.10146 0.24897 0.10302 0.69253 0.12306 0.51837 0.33291 0.4244 0.3327 0.088639 -0.048092 0.37471 -0.086936 -0.084246 0.18681 0.36289
0.081245 0.12743 0.083785 0.28538 0.092345 0.05393 0.065449 0.017528 0.076357 0.2885 0.076849 0.069223 0.22212 0.069315 0.056757 0.071242 -0.0034527 0.067601 0.15993 0.40917 0.11212 0.29682 0.057666 0.15189 -0.11082 0.14773 -0.13568 0.069811 0.12868 0.29662 -0.065755 -0.14932 -0.023844 0.60479 0.37137 -0.088172 0.2528 0.37195 0.90091 0.097215 0 -0.077045 -0.025113 0.15441 0.49964 0.5345 0.31014 0.57336 -0.048728 0.0086637 0.42263 0.6504 0.10408 0.36307 -0.07123 0.26754 -0.0013504 0.13236 -0.21356 0.044299 -0.14914 0.07093 0.075958 0.28204 -0.12384 -0.25749 0.03476 0.57479 0.31346 -0.20031 0.11315 0.33807 0.82625 0.1363 0.91624 -0.02454 -0.043261 0.035086 0.28248 0.46906 0.25261 0.5125 -0.12056 -0.035312 0.3377 0.56629
0.16616 0.1862 0.076548 0.028794 0.0068454 0.26323 -0.032612 0.042057 0.14507 0.22533 0.18502 0.051647 0.01461 0.036416 0.24714 -0.024467 0.069212 0.15038 -0.066889 0.0997 0.30883 0.29701 0.037698 0.1036 0.70492 -0.027867 0.81963 -0.020952 0.093773 0.25534 0.37954 0.2522 0.4394 0.21006 -0.093269 -0.082082 -0.22975 0.28209 0.088746 0.54812 -0.077045 0 0.4292 0.32163 0.35788 0.18534 0.032413 0.07012 0.11432 0.050994 0.12362 0.049876 -0.042506 0.074842 0.17604 0.24543 0.054358 0.095502 0.53334 -0.030658 0.77955 0.055722 -0.016497 0.24159 0.37835 0.29107 0.36444 0.15367 -0.2044 -0.12965 -0.23055 0.28992 0.084287 0.41082 -0.067266 0.92301 0.34192 0.13563 0.29388 0.031736 0.059743 -0.005619 0.14185 0.072383 0.12234 0.020945
0.082368 0.15878 0.16875 0.12273 0.057282 0.22178 0.0024753 0.11517 0.13227 0.089021 0.18074 0.16189 0.1094 0.058588 0.2283 0.0072593 0.12216 0.1317 -0.13316 0.28455 -0.046417 0.083017 0.056528 0.04325 0.10569 -0.077059 0.4558 0.074766 0.19789 0.088718 0.38236 -0.010746 0.20854 0.098598 -0.11264 -0.16546 -0.21419 0.12701 0.021673 0.36724 -0.025113 0.4292 0 0.047009 0.35211 -0.02654 0.035293 -0.060381 0.035091 0.03677 0.15441 0.17451 -0.087146 0.2631 -0.087561 0.071086 0.038092 0.035971 0.031075 -0.060486 0.41971 0.085613 0.12513 0.069323 0.40367 0.046667 0.15242 0.080027 -0.1213 -0.19591 -0.12669 0.12597 0.01491 0.30456 -0.0099539 0.36629 0.57109 0.010424 0.29712 -0.076174 0.062975 -0.021732 0.029006 0.045398 0.13128 0.16702
0.33871 0.1993 0.24192 0.14274 0.068022 -0.00081816 -0.12634 -0.0055862 0.096255 0.45149 0.17547 0.2141 0.11782 0.035582 -0.019867 -0.10396 -0.021682 0.10494 0.02892 0.24692 0.7175 -0.017113 0.039543 -0.018832 0.53481 0.40809 0.10358 -0.10283 0.43773 -0.014601 -0.2152 0.060912 0.066218 0.15715 0.56996 0.19697 0.44757 0.027595 0.079958 0.4352 0.15441 0.32163 0.047009 0 0.47744 0.42531 -0.10118 0.67186 -0.12695 -0.090926 0.08517 0.25654 -0.0013662 0.20686 0.55161 -0.041481 0.035772 -0.050999 0.4486 0.22576 0.04104 -0.081115 0.27723 -0.031859 -0.15407 0.088517 0.022274 0.1193 0.43684 0.19298 0.32062 0.033353 0.029845 0.36231 0.11401 0.28358 0.024088 0.69385 0.2661 0.22165 -0.069484 0.43418 -0.085716 -0.12754 0.078065 0.19733
0.014535 0.16278 0.19424 0.16548 0.06675 0.17016 0.063591 0.0099511 0.074849 0.28776 0.069116 0.10606 0.12618 0.052437 0.15657 0.047916 0.021974 0.079005 0.20304 0.33824 0.40933 0.10601 0.067554 0.098273 0.35556 0.22083 0.23976 -0.010892 0.29652 0.091718 0.25587 0.34904 0.14598 0.33474 0.51316 0.22618 0.34754 0.12238 0.33667 0.2947 0.49964 0.35788 0.35211 0.47744 0 0.32166 0.17956 0.48672 0.10439 0.059847 0.19522 0.32121 0.042277 0.2489 0.066715 0.050763 0.043009 0.068408 0.017336 0.075839 0.088595 0.01706 0.03659 0.08593 0.11719 0.063992 0.12694 0.32525 0.16137 -0.06825 0.031109 0.093125 0.2906 0.14727 0.41513 0.12509 0.16255 0.010313 0.49375 0.18271 0.17373 0.22006 0.073574 0.044559 0.17852 0.25939
0.17059 0.12824 0.063135 0.11357 0.01285 0.083205 0.033942 0.0095884 0.055138 0.25436 0.090816 0.079484 0.09867 0.015413 0.077179 0.038208 0.0027556 0.058178 0.082904 0.27943 0.38141 0.66168 0.089182 0.50276 0.3603 0.37656 0.0050682 0.27996 0.19069 0.67843 -0.09275 -0.11741 0.14128 0.40612 0.30082 -0.090444 0.1769 0.58024 0.46088 0.18714 0.5345 0.18534 -0.02654 0.42531 0.32166 0 0.10056 0.54082 -0.059361 -0.013861 0.19092 0.38475 0.051444 0.26112 0.18794 0.62475 0.04324 0.46978 0.19015 0.32301 0.049529 0.2578 0.12404 0.68082 -0.090503 -0.13663 0.15694 0.36309 0.29409 -0.12215 0.16428 0.56365 0.39706 0.2108 0.4865 0.29238 -0.014229 0.23723 0.18082 0.9434 0.046783 0.45613 -0.070564 -0.038455 0.16619 0.3336
-0.17141 -0.10349 -0.066126 -0.01607 0.0099762 0.21763 0.23576 0.006537 0.00050198 -0.11753 -0.15931 -0.086622 -0.039865 -0.013653 0.20995 0.20196 0.015014 0.0095203 0.74152 0.061789 0.06417 0.17559 0.10601 0.35052 0.10663 0.17693 -0.004578 0.18065 0.084092 0.21209 0.19059 0.37744 0.14346 0.15991 0.27245 0.039931 0.25394 0.10084 0.29623 -0.077002 0.31014 0.032413 0.035293 -0.10118 0.17956 0.10056 0 0.12497 0.073818 0.2248 0.56728 0.32089 0.59501 0.054821 -0.085403 0.14336 0.072316 0.33048 -0.046771 0.095729 -0.05152 0.1607 0.026686 0.19899 0.11455 0.18881 0.15802 0.19465 0.11832 -0.041388 0.093323 0.034443 0.33199 -0.090951 0.3064 0.0037177 0.039822 -0.17356 0.069106 0.11478 0.85559 0.065539 0.033287 0.20654 0.46876 0.26801
0.33959 0.22447 0.17477 0.24599 0.10827 -0.065384 -0.058786 0.00016082 0.10878 0.3842 0.21255 0.17545 0.22199 0.081154 -0.079075 -0.059289 -0.031741 0.1259 0.23865 0.37721 0.44699 0.037071 0.061995 0.018896 0.21721 0.43901 -0.15999 -0.11132 0.39209 0.068519 -0.29684 0.093494 -0.060912 0.37129 0.66241 0.16606 0.55484 0.1379 0.44519 0.36225 0.57336 0.07012 -0.060381 0.67186 0.48672 0.54082 0.12497 0 -0.085624 -0.049222 0.29593 0.59481 0.18926 0.36907 0.37524 0.024583 0.020547 -0.038309 0.26649 0.30203 -0.15519 -0.084895 0.3122 0.052455 -0.26993 0.10519 -0.048313 0.31123 0.6191 0.20051 0.50424 0.1335 0.33985 0.33791 0.50121 0.12455 -0.031708 0.49473 0.39903 0.39724 0.10442 0.83636 -0.068241 -0.08414 0.22874 0.527
-0.10942 -0.048317 -0.054 -0.069321 -0.029668 0.053706 0.051103 -0.0067085 -0.030426 -0.027104 -0.090429 -0.088536 -0.08577 -0.040943 0.040184 0.044358 -0.012402 -0.038724 0.11567 -0.1263 0.013361 -0.027395 0.028711 0.064914 0.14511 0.014217 0.11946 0.025615 -0.036596 -0.014255 0.2661 0.31233 0.045245 -0.072254 -0.046037 0.15861 0.03754 -0.054402 -0.015257 -0.083053 -0.048728 0.11432 0.035091 -0.12695 0.10439 -0.059361 0.073818 -0.085624 0 0.093246 -0.077395 -0.12589 0.043289 -0.14321 -0.11721 -0.024209 0.0078951 0.060287 -0.033473 0.0087944 0.04565 0.037777 -0.10362 -0.013963 0.14407 0.1869 0.025688 -0.059313 -0.16712 0.050665 -0.12329 -0.051759 0.0028627 -0.16488 -0.069258 -0.014136 -0.018068 -0.26345 -0.032143 -0.044653 0.0653 -0.17937 0.20835 0.085199 -0.040316 -0.14266
-0.067768 -0.054753 -0.053418 -0.019704 -0.020962 0.14949 0.13534 0.0026174 -0.017826 -0.0036191 -0.079799 -0.072624 -0.046709 -0.012913 0.1286 0.10531 -0.015633 0.027717 0.16145 -0.043221 0.0064117 0.015277 0.10307 0.15281 0.11458 0.1201 0.048173 0.053139 0.046446 0.016565 0.1817 0.28126 0.093946 -0.016777 0.011132 0.092764 0.031515 -0.02136 0.033876 -0.051654 0.0086637 0.050994 0.03677 -0.090926 0.059847 -0.013861 0.2248 -0.049222 0.093246 0 0.028063 0.020066 0.097775 -0.069511 -0.066756 0.0053863 0.037417 0.12392 0.014084 0.091447 0.029169 0.047336 -0.03142 0.029813 0.13631 0.20022 0.06975 -0.017218 -0.04747 0.020178 -0.033294 -0.032939 0.021025 -0.094453 -0.0095374 0.010287 0.003705 -0.15096 0.019598 -0.015772 0.19551 -0.087239 0.095498 0.16797 0.017024 0.0043424
0.041506 0.16775 0.072282 0.1295 0.062846 0.11696 0.013804 0.04455 0.12117 0.044563 0.17347 0.068968 0.12299 0.076102 0.09542 0.013142 0.041063 0.16639 0.16052 0.29101 -0.018209 0.20351 0.047843 0.12119 0.0023686 0.0015018 0.11818 0.12743 0.13171 0.27589 0.024591 -0.090554 0.09167 0.37006 0.12283 -0.086199 0.019339 0.32252 0.49231 0.20142 0.42263 0.12362 0.15441 0.08517 0.19522 0.19092 0.56728 0.29593 -0.077395 0.028063 0 0.50492 0.21619 0.3011 0.0019658 0.20256 0.037191 0.13045 0.017103 -0.00488 0.10263 0.11687 0.13612 0.24658 0.049256 -0.066778 0.11305 0.35994 0.18333 -0.0799 0.095444 0.29345 0.45634 0.24519 0.41429 0.17253 0.16602 0.086454 0.2026 0.17566 0.53536 0.36401 -0.043172 -0.0067263 0.65176 0.4643
0.22699 0.28322 0.18195 0.34718 0.14292 0.080658 0.030685 0.083997 0.17798 0.23324 0.27629 0.19101 0.31668 0.12178 0.079094 0.030509 0.058435 0.18753 0.12618 0.56755 -0.047613 0.23887 0.099967 0.14364 -0.09335 0.10786 -0.033788 0.10777 0.32555 0.27935 -0.087888 -0.20597 0.041623 0.50359 0.37587 -0.12917 0.21318 0.35922 0.62173 0.34941 0.6504 0.049876 0.17451 0.25654 0.32121 0.38475 0.32089 0.59481 -0.12589 0.020066 0.50492 0 0.15294 0.5443 -0.0099314 0.23322 0.051087 0.10593 -0.049326 0.08446 0.00050664 0.11286 0.31556 0.25299 -0.063144 -0.16074 0.060937 0.4718 0.48411 -0.1006 0.34069 0.34985 0.54804 0.40669 0.62109 0.15466 0.19331 0.2564 0.33932 0.33596 0.28453 0.65368 -0.12532 -0.034992 0.40836 0.77496
-0.033293 -0.12119 -0.029572 -0.01907 -0.0091788 0.03083 0.093717 -0.019922 -0.035337 -0.14437 -0.14338 -0.020498 0.0058774 -0.016806 0.039892 0.1044 -0.013243 -0.0097632 0.67751 0.019694 0.047465 0.060496 0.018499 0.25211 0.067135 0.13591 -0.14733 0.15458 0.094199 0.07398 -0.040845 0.26075 0.029587 0.010055 0.28129 0.0036238 0.30262 -0.023796 0.022329 -0.074683 0.10408 -0.042506 -0.087146 -0.0013662 0.042277 0.051444 0.59501 0.18926 0.043289 0.097775 0.21619 0.15294 0 0.029316 0.17689 0.070444 0.035377 0.27537 0.19247 0.21498 -0.1374 0.10455 0.12927 0.07035 -0.02117 0.44441 0.040095 0.02441 0.41047 0.19031 0.47324 -0.057005 0.064135 -0.044566 0.14913 0.025796 -0.035146 0.045768 0.26001 0.048825 0.72119 0.17547 0.062194 0.17478 0.18955 0.14111
