0,0.352903336286545,0.269869178533554,0.287731915712357,0.0805348232388496,-0.0274097491055727,-0.11065361648798,0.0613895356655121,0.219478383660316,0.723433613777161,0.442851096391678,0.365536630153656,0.307170838117599,0.113155797123909,-0.0203988887369633,-0.101889483630657,0.0436134748160839,0.272357255220413,-0.181184709072113,0.254208862781525,0.0455366373062134,0.0180394593626261,0.0130030885338783,-0.11972476541996,0.0154851516708732,0.0937834456562996,0.0897380039095879,-0.0332103446125984,0.216558963060379,0.0290717147290707,-0.173028290271759,-0.14830470085144,-0.00966522935777903,0.0928090438246727,0.0945319831371307,-0.0575890764594078,0.0319078154861927,0.165794909000397,0.0448139235377312,0.363551437854767,0.0583295449614525,0.17989556491375,0.104234904050827,0.353036463260651,0.049939077347517,0.0975828021764755,-0.143814444541931,0.334191560745239,-0.092746876180172,-0.0718596279621124,0.107268452644348,0.260173410177231,-0.0333486869931221,0.320289015769958,0.416638046503067,0.0151434214785695,0.0414262115955353,-0.134759783744812,0.335704743862152,0.201499238610268,0.186345815658569,-0.0451338775455952,0.340963304042816,-0.0216576904058456,-0.0405237823724747,0.113199725747108,0.00448990752920508,0.120449595153332,0.402711510658264,0.203474715352058,0.317168176174164,0.172279313206673,0.0465297512710094,0.455265372991562,0.140848055481911,0.312129497528076,0.189644068479538,0.594221591949463,0.416556596755981,0.1303641051054,-0.104953855276108,0.521581828594208,0.00328010064549744,-0.0864048972725868,0.107103370130062,0.311059296131134
0.352903336286545,0,0.27132323384285,0.289746522903442,0.114518247544765,0.00662261061370373,-0.0887480229139328,0.0710649713873863,0.23440557718277,0.380109190940857,0.515889763832092,0.280655473470688,0.268504321575165,0.108414441347122,-0.0150819690898061,-0.106142148375511,0.060958132147789,0.219017222523689,-0.113415792584419,0.293200224637985,0.0601068623363972,0.0993550941348076,0.0238260179758072,-0.075167179107666,0.058893259614706,0.0500594899058342,0.142680540680885,0.0683667436242104,0.174551382660866,0.130092725157738,-0.0333736278116703,-0.0963324755430222,0.00931860134005547,0.132990181446075,0.125708878040314,-0.0658721849322319,0.0163588803261518,0.244175925850868,0.112200923264027,0.353718966245651,0.0979583561420441,0.200195595622063,0.183213070034981,0.235788330435753,0.197083488106728,0.0938147231936455,-0.0821477323770523,0.233367830514908,-0.0406391099095345,-0.0633366480469704,0.220916613936424,0.301107555627823,-0.136242657899857,0.293126046657562,0.0413996614515781,0.089866116642952,0.0259409006685019,-0.106469698250294,0.0367708280682564,-0.0183340925723314,0.12098753452301,0.0563180819153786,0.129442319273949,0.0800321698188782,-0.0144706964492798,-0.104043386876583,-0.0203365832567215,0.0758970305323601,0.147820651531219,-0.0441664345562458,0.061709675937891,0.26919236779213,0.0599408894777298,0.328015983104706,0.0604292191565037,0.170433700084686,0.16491924226284,0.174531698226929,0.153939262032509,0.0247460175305605,-0.110176838934422,0.195575073361397,-0.0438125766813755,-0.0722819194197655,0.187487050890923,0.281315624713898
0.269869178533554,0.27132323384285,0,0.388820946216583,0.0979253426194191,0.0244627259671688,-0.0343707427382469,0.14043502509594,0.157090649008751,0.308080077171326,0.278337121009827,0.583968162536621,0.376472681760788,0.0737291127443314,0.0107904551550746,-0.0449401959776878,0.112012341618538,0.151959106326103,-0.0368977673351765,0.224897503852844,0.109165005385876,0.0167937949299812,-0.00196456094272435,-0.070754662156105,0.00706872483715415,0.0399098694324493,0.0783560052514076,0.00269655603915453,0.214073434472084,0.0339033491909504,-0.0150328297168016,-0.0845251381397247,-0.0309739280492067,0.0255242455750704,0.230964928865433,-0.0208443943411112,0.139404445886612,0.107701636850834,-0.0198844280093908,0.213106527924538,0.0617689974606037,0.0853988975286484,0.19444015622139,0.258318096399307,0.210890501737595,0.0299690347164869,-0.0556055381894112,0.185066998004913,-0.0476776920258999,-0.06802087277174,0.10531385242939,0.205736517906189,-0.0368081294000149,0.195924758911133,0.0760869607329369,0.000812227663118392,0.0332730934023857,-0.0915870442986488,-0.00828103441745043,-0.000847253773827106,0.0520934909582138,0.0139639461413026,0.153819188475609,-0.00609824899584055,-0.00579958874732256,-0.099605031311512,-0.0213646683841944,0.00790902879089117,0.184637412428856,-0.0458927303552628,0.125777214765549,0.117785163223743,-0.0396518781781197,0.196463689208031,0.0530580431222916,0.05512934923172,0.139176830649376,0.150628566741943,0.137890413403511,-0.00971512123942375,-0.0630607008934021,0.159964457154274,-0.0595842935144901,-0.0555824786424637,0.104945279657841,0.193438440561295
0.287731915712357,0.289746522903442,0.388820946216583,0,0.188196659088135,0.00663011288270354,-0.00580334477126598,0.102778427302837,0.143514424562454,0.27572962641716,0.291464328765869,0.371956050395966,0.639309048652649,0.127482295036316,-0.0102308774366975,-0.0185972154140472,0.0951561480760574,0.148706346750259,-0.054104395210743,0.310316622257233,-0.0291482601314783,0.0299140438437462,0.00469845533370972,-0.0319176316261292,-0.123842999339104,0.0279569197446108,-0.00965265557169914,0.0175350829958916,0.151403456926346,0.0376804508268833,-0.0472650900483131,-0.17089019715786,-0.0251593943685293,0.178950279951096,0.17376247048378,-0.108725659549236,0.0572906471788883,0.11363759636879,0.171511769294739,0.210688591003418,0.278290033340454,0.0222438983619213,0.124206565320492,0.160455599427223,0.173585310578346,0.103586450219154,0.0128140142187476,0.261951118707657,-0.0687355697154999,-0.0278712958097458,0.163110569119453,0.361425191164017,-0.0252554249018431,0.300780385732651,-0.00682410830631852,0.0276176147162914,0.0206027813255787,-0.0590777397155762,-0.0888945758342743,-0.0197126772254705,-0.00735178822651505,0.0312093496322632,0.137901812791824,0.015965199097991,-0.0477625317871571,-0.154996886849403,-0.00600755913183093,0.141279399394989,0.240788698196411,-0.08132004737854,0.135518655180931,0.129168495535851,0.109426751732826,0.246855959296227,0.253125071525574,0.0453202612698078,0.128007799386978,0.158627822995186,0.163325875997543,0.0813240483403206,-0.0128944152966142,0.290445417165756,-0.066839911043644,-0.0581799708306789,0.146330967545509,0.352668076753616
0.0805348232388496,0.114518247544765,0.0979253426194191,0.188196659088135,0,-0.00291477632708848,-0.0216048676520586,0.0263726450502872,0.0565828047692776,0.0919093191623688,0.101268254220486,0.10058631002903,0.157798036932945,0.0410672277212143,-0.0125892292708158,-0.0313285961747169,0.0178200248628855,0.0527095012366772,-0.0293013527989388,0.107230193912983,-0.00738749606534839,0.0114146210253239,0.0106291295960546,-0.0144144305959344,-0.030489357188344,0.00779007934033871,-0.0163915827870369,-0.0118672084063292,0.072206050157547,0.0109694646671414,-0.0337472856044769,-0.0451508834958076,-0.00899747014045715,0.0209235269576311,0.0637307465076447,-0.00772970309481025,0.0422459915280342,0.0532481893897057,0.0637481510639191,0.0944481045007706,0.0862272903323174,0.00382415298372507,0.0530139580368996,0.0740873962640762,0.0635654553771019,0.0160301942378283,0.00765729928389192,0.107529684901237,-0.0383620709180832,-0.0198378842324018,0.072020523250103,0.144270196557045,-0.0241784863173962,0.119525894522667,-0.0260649062693119,0.00428954511880875,-0.0111744776368141,-0.0349376648664474,-0.0488672330975533,-0.0177476145327091,-0.0210085287690163,-0.00364890834316611,0.0553504936397076,-0.000238486565649509,-0.0347852446138859,-0.0616269260644913,-0.0213630590587854,0.0229939389973879,0.075503759086132,-0.0193338431417942,0.0555264092981815,0.053580068051815,0.0457362309098244,0.0810820534825325,0.069671519100666,-0.0144620109349489,0.027710497379303,0.0401126407086849,0.0413217656314373,-0.00416016485542059,-0.0191432237625122,0.097491629421711,-0.0460188500583172,-0.0254566185176373,0.0457592308521271,0.129719331860542
-0.0274097491055727,0.00662261061370373,0.0244627259671688,0.00663011288270354,-0.00291477632708848,0,0.190864786505699,0.0245773307979107,0.0887784883379936,0.0473602116107941,-0.0102275116369128,0.0110616814345121,-0.00590804405510426,-0.0232553910464048,0.448408871889114,0.185727044939995,0.0375167317688465,0.0654769912362099,0.0749750584363937,0.0353384129703045,0.132450550794601,0.0783392637968063,0.137190848588943,0.23235672712326,0.256050705909729,0.133152157068253,0.355222374200821,0.123992532491684,0.0603342317044735,0.103859111666679,0.317419916391373,0.218798756599426,0.277324587106705,0.0753860920667648,-0.0523752309381962,0.0174646433442831,-0.0359656326472759,0.0664350613951683,0.0891377925872803,0.0924856513738632,0.0458897426724434,0.258933335542679,0.230895310640335,-0.0416943542659283,0.153478845953941,0.0785963982343674,0.206576928496361,-0.0995892062783241,0.0423817858099937,0.14721217751503,0.0868574529886246,0.0530881844460964,0.0242996755987406,0.0142877120524645,-0.0245274323970079,0.0546141862869263,0.0895125865936279,0.214680284261703,0.117509834468365,0.0830114185810089,0.297740757465363,0.123928710818291,-0.0061094262637198,0.0888800248503685,0.291142106056213,0.107009552419186,0.23642660677433,0.0678011253476143,-0.148673161864281,-0.068287618458271,-0.117303267121315,0.0464099161326885,0.0925170481204987,0.0264721643179655,0.0509917959570885,0.203833878040314,0.147343263030052,-0.118147626519203,0.0279798991978168,0.0455915555357933,0.174003735184669,-0.131352305412292,0.0454409345984459,0.129338696599007,0.0678329393267632,0.0260798074305058
-0.11065361648798,-0.0887480229139328,-0.0343707427382469,-0.00580334477126598,-0.0216048676520586,0.190864786505699,0,-0.00516588101163507,-0.000903006410226226,-0.052252285182476,-0.111793339252472,-0.0558113791048527,-0.0264940317720175,-0.0301412548869848,0.190154731273651,0.26812481880188,-0.00672711711376905,-0.0241009946912527,0.154303938150406,-0.0403036959469318,0.0465988777577877,0.00423361035063863,0.0767896473407745,0.18479585647583,0.067568875849247,0.136630401015282,0.00353830051608384,0.0579945407807827,-0.0113909104838967,0.0241536237299442,0.176310583949089,0.186955496668816,0.0755474120378494,0.0379006639122963,0.00958921015262604,0.067738339304924,0.0615965314209461,-0.0274392012506723,0.0708652436733246,-0.126762971282005,0.0826340764760971,-0.0395137034356594,-0.00484421057626605,-0.159068942070007,0.0474018938839436,0.0340822599828243,0.228634610772133,-0.0818579792976379,0.0445023663341999,0.132962271571159,-0.00828884541988373,0.0183682013303041,0.0986327677965164,-0.0589609146118164,-0.0787120908498764,-0.00326530309394002,0.0331730544567108,0.167594268918037,-0.0360085442662239,0.0905110761523247,-0.027448920533061,0.046606071293354,-0.0449372231960297,0.021834671497345,0.101198807358742,0.0909545719623566,0.0566203556954861,0.0346105471253395,-0.0699296295642853,-0.0283307824283838,-0.0391747429966927,-0.0441808514297009,0.0774445831775665,-0.147958010435104,0.0879301577806473,-0.0568264573812485,-0.0290892515331507,-0.202569425106049,-0.0311765242367983,0.040593795478344,0.186320245265961,-0.12918284535408,0.0218368601053953,0.117078058421612,-0.0232264399528503,-0.0200255755335093
0.0613895356655121,0.0710649713873863,0.14043502509594,0.102778427302837,0.0263726450502872,0.0245773307979107,-0.00516588101163507,0,0.0514544285833836,0.0490483157336712,0.077128179371357,0.130855455994606,0.102233789861202,0.0154898203909397,0.0325153507292271,0.00411052443087101,0.101796716451645,0.0636992007493973,-0.0289383959025145,0.0967762544751167,-0.0561543703079224,0.0300315506756306,0.000736109795980155,-0.0169429052621126,-0.0428740307688713,-0.0233936198055744,0.0570849627256393,0.0128044951707125,0.02222815528512,0.0181017629802227,0.0584694817662239,-0.0557110533118248,0.0241824574768543,0.0535441488027573,-0.0307564549148083,-0.0846090987324715,-0.0716073215007782,0.0521735548973083,0.0274065323174,0.0712625160813332,0.0227445252239704,0.0508304946124554,0.127751484513283,-0.0112037537619472,0.0170586742460728,0.00521531328558922,0.0171802900731564,-0.000896693440154195,-0.00161189725622535,-0.00358757236972451,0.0539535358548164,0.0901962518692017,-0.0191379524767399,0.0874728783965111,-0.0424758456647396,0.0323429219424725,0.000709098647348583,-0.00495367823168635,-0.025106443092227,-0.00323631777428091,0.077139675617218,0.0301777515560389,0.0250350125133991,0.0135070672258735,0.0632999166846275,-0.0467492640018463,0.00991811417043209,0.0471078902482986,-0.0140636432915926,-0.0876173377037048,-0.0261158961802721,0.0584588423371315,0.0165885034948587,0.0842498615384102,0.0343821980059147,0.0618436485528946,0.111589081585407,0.0106954546645284,0.023923059925437,0.00558959599584341,0.0162462089210749,0.0486964397132397,-0.0129118962213397,-0.00607134308665991,0.061319749802351,0.0922409743070602
0.219478383660316,0.23440557718277,0.157090649008751,0.143514424562454,0.0565828047692776,0.0887784883379936,-0.000903006410226226,0.0514544285833836,0,0.237796470522881,0.238706991076469,0.13954684138298,0.14205276966095,0.0494790636003017,0.0670459270477295,-0.0215840842574835,0.0374706648290157,0.192011103034019,-0.041915737092495,0.177741914987564,0.0131981419399381,0.068347692489624,0.0181829817593098,0.00156048557255417,0.0246353149414062,0.00893627852201462,0.126480922102928,0.0219750106334686,0.0890383198857307,0.0961123257875443,0.0190353691577911,-0.0427123755216599,0.0581263303756714,0.0955686271190643,0.043280053883791,-0.0502499006688595,-0.00231088092550635,0.178387522697449,0.0741138681769371,0.191499650478363,0.0552955865859985,0.142465755343437,0.14432130753994,0.104854300618172,0.0911578610539436,0.0326839201152325,0.0156591683626175,0.107266962528229,-0.027320358902216,-0.02303421869874,0.140888869762421,0.191003113985062,-0.0370849296450615,0.17942950129509,0.0276235267519951,0.0567207373678684,0.0317937731742859,-0.0217000246047974,0.0372267998754978,0.0107441088184714,0.132368862628937,0.0131635293364525,0.0952209159731865,0.0777154415845871,0.0543362163007259,-0.0211044773459435,0.0309428162872791,0.0545203201472759,0.0802994668483734,-0.0377043560147285,0.0402642823755741,0.180011823773384,0.0624359734356403,0.183808550238609,0.048736434429884,0.151272758841515,0.142861366271973,0.0957905575633049,0.108100198209286,-0.00335003389045596,0.00721691315993667,0.125354528427124,-0.0356131754815578,-0.000428731524152681,0.132507786154747,0.17923279106617
0.723433613777161,0.380109190940857,0.308080077171326,0.27572962641716,0.0919093191623688,0.0473602116107941,-0.052252285182476,0.0490483157336712,0.237796470522881,0,0.348253577947617,0.291757702827454,0.236209735274315,0.10273489356041,0.0357064418494701,-0.0664741098880768,0.0321181267499924,0.240104377269745,-0.0729586780071259,0.261059373617172,0.291821837425232,0.0384689569473267,0.0402650870382786,-0.136036843061447,0.218603864312172,0.203858077526093,0.166767492890358,-0.101482294499874,0.24515189230442,0.030604649335146,-0.00802223291248083,0.0574080906808376,0.0334896184504032,0.161055535078049,0.253846704959869,0.106215931475163,0.223588764667511,0.185970693826675,0.212333813309669,0.331084042787552,0.233893096446991,0.25203463435173,0.128893986344337,0.487412691116333,0.338308811187744,0.172946944832802,-0.103410191833973,0.381661027669907,-0.00629463652148843,-0.0127489948645234,0.0960290506482124,0.246621131896973,-0.152187421917915,0.20022976398468,0.11652398109436,0.0184255484491587,0.0250799376517534,-0.157277926802635,0.0648737698793411,0.0643282160162926,0.0966112390160561,-0.0667871385812759,0.0939654111862183,0.00205336231738329,-0.0292745232582092,-0.0195497181266546,0.00483855931088328,0.097710944712162,0.128805831074715,0.0165755059570074,0.0587145946919918,0.194612383842468,0.108072057366371,0.262648195028305,0.11063302308321,0.139307424426079,0.0772811621427536,0.205774545669556,0.0923821404576302,0.0067376927472651,-0.100419119000435,0.286623477935791,-0.0380041748285294,-0.0575212724506855,0.0977885276079178,0.20629458129406
0.442851096391678,0.515889763832092,0.278337121009827,0.291464328765869,0.101268254220486,-0.0102275116369128,-0.111793339252472,0.077128179371357,0.238706991076469,0.348253577947617,0,0.333061248064041,0.312605738639832,0.114249259233475,-0.0187526941299438,-0.121473401784897,0.0892039686441422,0.255400389432907,-0.189923912286758,0.315920263528824,-0.00913969706743956,0.0822268575429916,0.0131667032837868,-0.0912738814949989,0.000394748494727537,-0.0216666087508202,0.139014810323715,0.0510894246399403,0.148544371128082,0.117034435272217,-0.070544570684433,-0.187711864709854,0.0100166788324714,0.0920353829860687,0.037579383701086,-0.138012304902077,-0.0532565973699093,0.250155389308929,0.050351582467556,0.352711707353592,0.0478492081165314,0.203795656561852,0.200070887804031,0.203528359532356,0.0924256071448326,0.0607632659375668,-0.128251418471336,0.225036144256592,-0.0759438648819923,-0.0848847404122353,0.222166731953621,0.29518535733223,-0.14264814555645,0.340171903371811,0.145368054509163,0.0896937325596809,0.0143509414047003,-0.11903639882803,0.128346994519234,-0.00468565057963133,0.18202631175518,0.0312863476574421,0.196765080094337,0.0709023848176003,-0.00829587131738663,-0.0738307610154152,0.00108538707718253,0.109676040709019,0.241361647844315,-0.0027931968215853,0.154366418719292,0.282556056976318,0.0329212509095669,0.411608636379242,0.0841697156429291,0.254600793123245,0.215711042284966,0.309572845697403,0.265280097723007,0.0471548363566399,-0.121318608522415,0.294299453496933,-0.0333860591053963,-0.104775078594685,0.209461271762848,0.323676228523254
0.365536630153656,0.280655473470688,0.583968162536621,0.371956050395966,0.10058631002903,0.0110616814345121,-0.0558113791048527,0.130855455994606,0.13954684138298,0.291757702827454,0.333061248064041,0,0.391890227794647,0.0927906930446625,0.00885719247162342,-0.0456953980028629,0.140419751405716,0.14764828979969,-0.0801308825612068,0.224932342767715,0.0532241351902485,-0.00455435644835234,-0.0162669308483601,-0.0809128880500793,-0.0321152210235596,0.0193274449557066,0.0754870474338531,0.00942596793174744,0.197981953620911,0.0258489660918713,-0.059419821947813,-0.156215250492096,-0.035185419023037,0.0154952807351947,0.191155970096588,-0.0577808693051338,0.10651458799839,0.115016363561153,-0.00987116992473602,0.232171729207039,0.0560313425958157,0.0656259432435036,0.1806770414114,0.226043954491615,0.117954395711422,0.0436212457716465,-0.0721473395824432,0.189748272299767,-0.0870045274496078,-0.0831265449523926,0.10393001884222,0.209190368652344,-0.0248120222240686,0.260607302188873,0.16537669301033,-0.0282592121511698,0.0204205419868231,-0.0953194126486778,0.0606001652777195,0.0346859358251095,0.075174443423748,-0.00329088442958891,0.234754085540771,-0.0171643998473883,-0.00719501404091716,-0.0694359168410301,-0.00465340912342072,0.0267648883163929,0.271408468484879,0.0400544367730618,0.216834634542465,0.123141959309578,-0.0614073053002357,0.265067547559738,0.0497512109577656,0.105065919458866,0.196650460362434,0.266398042440414,0.221450522542,0.00867560412734747,-0.0783414542675018,0.232792943716049,-0.0595637932419777,-0.066365472972393,0.0892957076430321,0.231504917144775
0.307170838117599,0.268504321575165,0.376472681760788,0.639309048652649,0.157798036932945,-0.00590804405510426,-0.0264940317720175,0.102233789861202,0.14205276966095,0.236209735274315,0.312605738639832,0.391890227794647,0,0.145309969782829,-9.49576497077942e-05,-0.0118604814633727,0.120905086398125,0.154039919376373,-0.055031418800354,0.274609625339508,-0.0349547229707241,0.0303100533783436,0.0112041160464287,-0.035168182104826,-0.120540678501129,0.0165762100368738,-0.0232186261564493,0.0333387702703476,0.14891305565834,0.0382925793528557,-0.0874444395303726,-0.163578376173973,-0.0278522614389658,0.154244303703308,0.152152419090271,-0.116158239543438,0.0503341630101204,0.121784076094627,0.105283170938492,0.207218244671822,0.223826006054878,0.00411690957844257,0.111132107675076,0.133796274662018,0.133071541786194,0.0850478112697601,-0.00440926430746913,0.240245804190636,-0.0807807743549347,-0.0522338598966599,0.154942333698273,0.332150965929031,0.00161512056365609,0.301596850156784,0.0123431840911508,0.0190416350960732,0.0208779256790876,-0.0382941402494907,-0.0681178569793701,0.0280769988894463,-0.0186713431030512,0.0365683101117611,0.174208357930183,0.0169717594981194,-0.0531503148376942,-0.128597855567932,-0.0173066444694996,0.145595133304596,0.270203769207001,-0.0564215406775475,0.175913617014885,0.134528204798698,0.0993896499276161,0.243796348571777,0.268697708845139,0.0444519631564617,0.127439126372337,0.175220891833305,0.179275333881378,0.0806760489940643,0.0139368353411555,0.302322953939438,-0.0843046307563782,-0.0468425303697586,0.142862021923065,0.381046950817108
0.113155797123909,0.108414441347122,0.0737291127443314,0.127482295036316,0.0410672277212143,-0.0232553910464048,-0.0301412548869848,0.0154898203909397,0.0494790636003017,0.10273489356041,0.114249259233475,0.0927906930446625,0.145309969782829,0,-0.0151126272976398,-0.0354287326335907,0.0150367682799697,0.094159759581089,-0.0331537649035454,0.128567844629288,-0.0398146659135818,0.0236026924103498,0.00897338520735502,-0.0242614112794399,-0.0404671691358089,-0.0273623801767826,0.00927477423101664,-0.00817491859197617,0.0335960723459721,0.031200859695673,-0.0387113802134991,-0.0595516487956047,-0.00645992765203118,0.0478539019823074,0.019428925588727,-0.0466763749718666,-0.00827192142605782,0.0697801262140274,0.0584398880600929,0.0813294500112534,0.0621249638497829,0.0343435667455196,0.0509779900312424,0.034441877156496,0.0459176003932953,0.0155186094343662,-0.00994977355003357,0.0801660120487213,-0.0436186864972115,-0.0172182843089104,0.082514300942421,0.119660072028637,-0.0250732861459255,0.103773586452007,-0.0071243210695684,0.0264398045837879,0.004090859554708,-0.0204122010618448,-0.0233371239155531,-0.0179680213332176,0.0152347385883331,-0.00727176619693637,0.0293305441737175,0.0325676091015339,-0.0236181952059269,-0.0421861596405506,-0.0120719978585839,0.0589721761643887,0.0632231906056404,-0.036573514342308,0.0474326722323895,0.0823677629232407,0.061787024140358,0.0850784629583359,0.0712213963270187,0.0419461838901043,0.0636739879846573,0.0537853911519051,0.0779287368059158,0.000349894165992737,-0.00682677794247866,0.101636476814747,-0.0208618752658367,-0.0239409822970629,0.0669077709317207,0.127777934074402
-0.0203988887369633,-0.0150819690898061,0.0107904551550746,-0.0102308774366975,-0.0125892292708158,0.448408871889114,0.190154731273651,0.0325153507292271,0.0670459270477295,0.0357064418494701,-0.0187526941299438,0.00885719247162342,-9.49576497077942e-05,-0.0151126272976398,0,0.232672303915024,0.0427855923771858,0.061009731143713,0.054725144058466,0.0234845969825983,0.115007616579533,0.0645240470767021,0.108989544212818,0.226046100258827,0.221733346581459,0.124835409224033,0.318715512752533,0.113718025386333,0.0504064112901688,0.0846599414944649,0.312792420387268,0.175419837236404,0.263037860393524,0.0776768252253532,-0.0573757700622082,-0.01456059794873,-0.0632874965667725,0.0445175096392632,0.0728742033243179,0.0647123828530312,0.0491096638143063,0.237567871809006,0.220564916729927,-0.0662956461310387,0.126417607069016,0.0766105353832245,0.195618584752083,-0.12279686331749,0.0284896157681942,0.119597807526588,0.059239823371172,0.0508105084300041,0.0319099016487598,0.0276155322790146,0.0242164507508278,0.0491426438093185,0.110441811382771,0.222581505775452,0.14503213763237,0.125060766935349,0.305759787559509,0.10466331243515,0.027187142521143,0.0743863582611084,0.271426230669022,0.123278521001339,0.280145555734634,0.0650211498141289,-0.117499515414238,-0.0675977542996407,-0.0996082723140717,0.0371020622551441,0.0984017178416252,0.0357050821185112,0.0498152449727058,0.21739898622036,0.159814894199371,-0.0901913046836853,0.0449038445949554,0.0687130987644196,0.19186432659626,-0.114029429852962,0.0227835271507502,0.14305105805397,0.0597731471061707,0.0473412834107876
-0.101889483630657,-0.106142148375511,-0.0449401959776878,-0.0185972154140472,-0.0313285961747169,0.185727044939995,0.26812481880188,0.00411052443087101,-0.0215840842574835,-0.0664741098880768,-0.121473401784897,-0.0456953980028629,-0.0118604814633727,-0.0354287326335907,0.232672303915024,0,0.0202308855950832,-0.00719641009345651,0.1196294054389,-0.0441536381840706,0.0506014563143253,-0.000962909020017833,0.0792321115732193,0.177531242370605,0.0551589205861092,0.130667611956596,-0.00683222152292728,0.0203148778527975,-0.01057203207165,0.0107284560799599,0.143430069088936,0.132365614175797,0.0961328819394112,0.0393420681357384,-0.00271893874742091,0.0279667247086763,0.034424252808094,-0.07468231767416,0.0621080547571182,-0.118518948554993,0.0884479060769081,-0.0299046579748392,-0.00584046589210629,-0.121702045202255,0.0262668430805206,0.0438039302825928,0.192864462733269,-0.072307750582695,0.0292729306966066,0.103853896260262,-0.0137950228527188,0.014432655647397,0.103075161576271,-0.0430341847240925,-0.0168346799910069,-0.0122523056343198,0.0479912012815475,0.189586251974106,0.00764091499149799,0.144162654876709,-0.0189666524529457,0.0182677358388901,-0.0160154458135366,0.00803334638476372,0.105955809354782,0.0917722210288048,0.105794988572598,0.038573008030653,-0.0341710411012173,-0.012945762835443,0.00236703245900571,-0.086820550262928,0.0854217261075974,-0.134967908263206,0.102756597101688,-0.0379245765507221,-0.0369322262704372,-0.138894453644753,-0.0248843971639872,0.0537920743227005,0.205436289310455,-0.0813377723097801,0.0218993369489908,0.141603797674179,-0.024017721414566,0.00697302119806409
0.0436134748160839,0.060958132147789,0.112012341618538,0.0951561480760574,0.0178200248628855,0.0375167317688465,-0.00672711711376905,0.101796716451645,0.0374706648290157,0.0321181267499924,0.0892039686441422,0.140419751405716,0.120905086398125,0.0150367682799697,0.0427855923771858,0.0202308855950832,0,0.0628712028264999,-0.0233227089047432,0.0904634818434715,-0.054960809648037,0.0314153842628002,0.00949775148183107,-0.00267653469927609,-0.0305541213601828,-0.0386669561266899,0.0788779854774475,0.0341083183884621,0.0116466293111444,0.0305647179484367,0.0545970164239407,-0.0620263628661633,0.00477958098053932,0.0267498213797808,-0.0379742011427879,-0.0846650153398514,-0.0659424662590027,0.0435621626675129,0.0141075570136309,0.0610684715211391,0.00400625169277191,0.065556488931179,0.129651784896851,-0.0314181819558144,0.0216862186789513,-0.0012945041526109,0.0246174391359091,-0.0317858532071114,-0.00967579521238804,-0.016782708466053,0.0470375679433346,0.062200453132391,-0.0128665566444397,0.0814191401004791,-0.0549454838037491,0.029306972399354,0.0018407020252198,0.0129654798656702,-0.0354613326489925,-0.01883589848876,0.0712500736117363,0.0333362892270088,0.0153996655717492,0.018775699660182,0.0514583587646484,-0.0407364889979362,0.0239960085600615,0.0332335457205772,-0.0312803387641907,-0.104258984327316,-0.0431666299700737,0.0452964752912521,0.00581536302343011,0.0623489171266556,0.0112987635657191,0.0545495301485062,0.118804886937141,0.00288151344284415,0.0090646194294095,0.00157584215048701,0.0279617961496115,0.0127339893952012,-0.0147025706246495,-0.00114175723865628,0.0508286617696285,0.0693663954734802
0.272357255220413,0.219017222523689,0.151959106326103,0.148706346750259,0.0527095012366772,0.0654769912362099,-0.0241009946912527,0.0636992007493973,0.192011103034019,0.240104377269745,0.255400389432907,0.14764828979969,0.154039919376373,0.094159759581089,0.061009731143713,-0.00719641009345651,0.0628712028264999,0,-0.0519864149391651,0.16941000521183,0.0413002967834473,0.0698624551296234,0.045404139906168,0.00199695979245007,0.0470251850783825,0.0155997173860669,0.119934447109699,0.00516918720677495,0.0974951758980751,0.103324167430401,0.0131285432726145,-0.0276846494525671,0.0677136555314064,0.0733682811260223,0.0332597233355045,-0.0505556166172028,0.00179019570350647,0.178682163357735,0.0737266466021538,0.179877400398254,0.0556351877748966,0.156967908143997,0.143778875470161,0.104076281189919,0.089629702270031,0.0395038984715939,0.0270035434514284,0.117002531886101,-0.0339873470366001,0.0171411614865065,0.186609178781509,0.191486835479736,-0.00682122865691781,0.188408970832825,0.0802953913807869,0.07448910176754,0.0269398428499699,-0.00322923436760902,0.0861489102244377,0.0225468501448631,0.138155654072762,0.0115058636292815,0.112653240561485,0.0860023349523544,0.0650729835033417,0.0114824958145618,0.0530223436653614,0.100370720028877,0.0999583378434181,0.00484919082373381,0.0754415541887283,0.188014268875122,0.074437253177166,0.191478565335274,0.067703865468502,0.18065045773983,0.149173304438591,0.134269192814827,0.148854002356529,0.0314450114965439,0.0370946973562241,0.139669939875603,0.00818055029958487,0.00103538820985705,0.150244101881981,0.214820235967636
-0.181184709072113,-0.113415792584419,-0.0368977673351765,-0.054104395210743,-0.0293013527989388,0.0749750584363937,0.154303938150406,-0.0289383959025145,-0.041915737092495,-0.0729586780071259,-0.189923912286758,-0.0801308825612068,-0.055031418800354,-0.0331537649035454,0.054725144058466,0.1196294054389,-0.0233227089047432,-0.0519864149391651,0,-0.0216405522078276,0.212675258517265,0.0280478019267321,0.0392133519053459,0.278649300336838,0.196101129055023,0.273656785488129,-0.160134226083755,0.0807284191250801,0.0765366181731224,0.0707659795880318,0.0352928563952446,0.570850133895874,-0.0106522673740983,-0.00173570041079074,0.493844836950302,0.209969043731689,0.552018642425537,-0.0587892197072506,0.071275919675827,-0.102271310985088,0.161289140582085,-0.0693395286798477,-0.121149495244026,-0.000328805297613144,0.16810904443264,0.0836457684636116,0.707161843776703,0.198435723781586,0.0999429374933243,0.168782353401184,0.109991155564785,0.115155622363091,0.662597298622131,-0.0488012731075287,0.00470924703404307,0.0168771669268608,0.0162142869085073,0.233155593276024,0.029664434492588,0.205296605825424,-0.183232396841049,0.0881194025278091,0.00608770083636045,0.0668489560484886,-0.0473234690725803,0.349145501852036,0.0245507042855024,0.0228208806365728,0.196281909942627,0.155815660953522,0.264791309833527,-0.0754494816064835,0.127834096550941,-0.160348519682884,0.127231001853943,-0.125342234969139,-0.110367022454739,-0.0987447276711464,0.0189628507941961,0.0647665336728096,0.599815845489502,0.0432244949042797,0.0429938323795795,0.168614611029625,0.126902937889099,0.0866164043545723
0.254208862781525,0.293200224637985,0.224897503852844,0.310316622257233,0.107230193912983,0.0353384129703045,-0.0403036959469318,0.0967762544751167,0.177741914987564,0.261059373617172,0.315920263528824,0.224932342767715,0.274609625339508,0.128567844629288,0.0234845969825983,-0.0441536381840706,0.0904634818434715,0.16941000521183,-0.0216405522078276,0,-0.0898608714342117,0.188993215560913,0.0485511310398579,0.0238681342452765,-0.141074731945992,-0.00387529353611171,0.0129919685423374,0.0401384681463242,0.24610723555088,0.201630607247353,-0.113476723432541,-0.276791661977768,0.0060842209495604,0.353297829627991,0.211698517203331,-0.235850527882576,0.0285290982574224,0.274576246738434,0.287328749895096,0.462390452623367,0.362202912569046,0.129260122776031,0.310698717832565,0.283180356025696,0.35931384563446,0.268035352230072,0.107418894767761,0.416287243366241,-0.122196912765503,-0.0557160191237926,0.337275892496109,0.593461215496063,0.0198387112468481,0.626386284828186,-0.145718365907669,0.195393413305283,0.00509154610335827,0.00926169194281101,-0.169739171862602,-0.0111655332148075,0.0403082184493542,0.0642292201519012,0.185300171375275,0.173517182469368,-0.0666385143995285,-0.267658442258835,0.0158491469919682,0.335175752639771,0.260182440280914,-0.253849625587463,0.101585619151592,0.273878395557404,0.240130752325058,0.470721244812012,0.334426939487457,0.158115118741989,0.300073683261871,0.221967339515686,0.26139509677887,0.197315156459808,0.0760756209492683,0.432934552431107,-0.157023906707764,-0.0939082950353622,0.274074167013168,0.56365954875946
0.0455366373062134,0.0601068623363972,0.109165005385876,-0.0291482601314783,-0.00738749606534839,0.132450550794601,0.0465988777577877,-0.0561543703079224,0.0131981419399381,0.291821837425232,-0.00913969706743956,0.0532241351902485,-0.0349547229707241,-0.0398146659135818,0.115007616579533,0.0506014563143253,-0.054960809648037,0.0413002967834473,0.212675258517265,-0.0898608714342117,0,-0.113496698439121,0.0685851573944092,0.180642798542976,0.736059784889221,0.55639123916626,0.207065641880035,-0.0845494046807289,0.310772567987442,-0.0692262277007103,0.107083290815353,0.481258541345596,0.169521659612656,-0.0758083313703537,0.587128520011902,0.45749568939209,0.563949465751648,-0.0754036232829094,-0.0215013343840837,0.117000311613083,0.12758769094944,0.307964980602264,-0.0231339335441589,0.716245770454407,0.454805135726929,0.348579883575439,0.0267295725643635,0.443830490112305,0.0271284729242325,-0.00956313218921423,-0.00583404256030917,-0.0178010538220406,0.0227517616003752,-0.104283057153225,0.65594220161438,-0.173650175333023,0.0705147832632065,0.104613393545151,0.503286242485046,0.262702137231827,0.0728528574109077,-0.0584865882992744,0.106757901608944,-0.0751498341560364,0.04276043176651,0.25801208615303,0.133271023631096,-0.0747925415635109,0.3208829164505,0.305964380502701,0.263572156429291,-0.0780425146222115,0.00218655192293227,-0.0302992854267359,0.0617247894406319,0.145142510533333,-0.111202098429203,0.279677510261536,0.100473754107952,0.150308564305305,0.0249845758080482,0.107321046292782,0.053255520761013,0.00832907762378454,0.0133731067180634,-0.062331847846508
0.0180394593626261,0.0993550941348076,0.0167937949299812,0.0299140438437462,0.0114146210253239,0.0783392637968063,0.00423361035063863,0.0300315506756306,0.068347692489624,0.0384689569473267,0.0822268575429916,-0.00455435644835234,0.0303100533783436,0.0236026924103498,0.0645240470767021,-0.000962909020017833,0.0314153842628002,0.0698624551296234,0.0280478019267321,0.188993215560913,-0.113496698439121,0,0.0106445550918579,0.377094388008118,0.0737916231155396,-0.102994494140148,0.130889117717743,0.240238696336746,0.0492220968008041,0.94007670879364,-0.0142870778217912,-0.151820719242096,0.186054483056068,0.292500615119934,-0.0714073926210403,-0.210348173975945,-0.145625352859497,0.900962650775909,0.237410694360733,0.103485383093357,0.219885945320129,0.320818305015564,0.0852971822023392,-0.0106404321268201,0.0677788630127907,0.710727095603943,0.155547365546227,0.0357775688171387,-0.0462341792881489,0.0107049001380801,0.20747846364975,0.218292087316513,0.0375348031520844,0.204512178897858,-0.2108094394207,0.980211079120636,-0.00264030834659934,0.411173135042191,-0.0130885979160666,-0.0335808321833611,0.201240599155426,0.318625420331955,0.00665790541097522,0.934409379959106,-0.0168246626853943,-0.170502796769142,0.193310633301735,0.26876774430275,-0.0960686206817627,-0.247229650616646,-0.139092624187469,0.870008945465088,0.27643096446991,0.114474318921566,0.247549936175346,0.405693739652634,0.0991723164916039,-0.0436992160975933,-0.00447720475494862,0.635202169418335,0.141531586647034,0.0644812732934952,-0.079704612493515,-0.00382411247119308,0.165856271982193,0.204691633582115
0.0130030885338783,0.0238260179758072,-0.00196456094272435,0.00469845533370972,0.0106291295960546,0.137190848588943,0.0767896473407745,0.000736109795980155,0.0181829817593098,0.0402650870382786,0.0131667032837868,-0.0162669308483601,0.0112041160464287,0.00897338520735502,0.108989544212818,0.0792321115732193,0.00949775148183107,0.045404139906168,0.0392133519053459,0.0485511310398579,0.0685851573944092,0.0106445550918579,0,0.169577971100807,0.10737656056881,0.146024078130722,0.062383845448494,0.0292634274810553,0.0864140316843987,0.0281782411038876,0.0951734185218811,0.109602272510529,0.101735047996044,0.0364777408540249,0.0623874291777611,0.0362664349377155,0.0714177414774895,0.0180008132010698,0.0474354140460491,0.0419461391866207,0.0567587725818157,0.0393455661833286,0.0673539564013481,0.0258998051285744,0.067378968000412,0.0849802792072296,0.101576454937458,0.0505492053925991,0.0345377735793591,0.103986039757729,0.0451623424887657,0.0971400439739227,0.0155203146860003,0.0303119961172342,0.0334245227277279,0.000443349563283846,0.0557987727224827,0.13997907936573,0.0787889584898949,0.122391566634178,0.057334054261446,0.0202290639281273,0.0508805513381958,0.0298241674900055,0.0848850756883621,0.0731085985898972,0.07988091558218,0.00719716632738709,0.0457138158380985,0.0180134866386652,0.045066274702549,0.0123787177726626,0.0442789010703564,0.0258924104273319,0.0464771427214146,0.0561441741883755,0.0305440574884415,-0.00791806727647781,0.0428730510175228,0.069266252219677,0.0749845057725906,0.0303999222815037,0.0166295003145933,0.0521949008107185,0.0225815679877996,0.084500253200531
-0.11972476541996,-0.075167179107666,-0.070754662156105,-0.0319176316261292,-0.0144144305959344,0.23235672712326,0.18479585647583,-0.0169429052621126,0.00156048557255417,-0.136036843061447,-0.0912738814949989,-0.0809128880500793,-0.035168182104826,-0.0242614112794399,0.226046100258827,0.177531242370605,-0.00267653469927609,0.00199695979245007,0.278649300336838,0.0238681342452765,0.180642798542976,0.377094388008118,0.169577971100807,0,0.296989917755127,0.354800075292587,0.0878729000687599,0.53956127166748,0.0794864818453789,0.544076561927795,0.177293628454208,0.206982538104057,0.345034509897232,0.111759476363659,0.0993288308382034,0.00239463429898024,0.0771771967411041,0.301390439271927,0.144271478056908,-0.0619039349257946,0.170385152101517,0.122902750968933,0.0422684773802757,-0.0687157139182091,0.0706249922513962,0.541748285293579,0.354796141386032,-0.0158154889941216,0.060310211032629,0.159500554203987,0.117767557501793,0.129931718111038,0.254588276147842,0.0420905165374279,0.0167594198137522,0.34569326043129,0.108308561146259,0.830372333526611,0.171970576047897,0.368530839681625,0.100849509239197,0.506877839565277,0.0533892884850502,0.541049242019653,0.14779032766819,0.17413429915905,0.355551391839981,0.113807626068592,0.0684373155236244,-0.0572164431214333,0.111591689288616,0.23499783873558,0.18433041870594,-0.0531501434743404,0.211841568350792,0.188286662101746,0.0393583849072456,-0.0981732755899429,0.0311834868043661,0.533288478851318,0.292750388383865,-0.0141047649085522,0.0300257373601198,0.140424475073814,0.0888770520687103,0.0954573601484299
