0,0.311453223228455,0.248202964663506,0.264450401067734,0.0784579515457153,-0.0245671570301056,-0.0936266109347343,0.049592912197113,0.194280609488487,0.690349221229553,0.40021601319313,0.343568474054337,0.282843619585037,0.10937274992466,-0.00894547440111637,-0.0955538228154182,0.0308628026396036,0.254379868507385,-0.155154228210449,0.230469301342964,0.0564484186470509,-0.00796549580991268,0.0233922284096479,-0.0609957538545132,0.0458049550652504,0.15070965886116,0.0630266144871712,0.0144868344068527,0.197600334882736,0.00886191707104445,-0.174782454967499,-0.124004870653152,0.00474670669063926,0.115939728915691,0.0920854508876801,-0.0655680969357491,0.0215824283659458,0.114456124603748,0.0586459413170815,0.351154088973999,0.0780553072690964,0.161853522062302,0.0755902826786041,0.365192294120789,0.0246447175741196,0.182428061962128,-0.147808745503426,0.355633974075317,-0.11054802685976,-0.066539540886879,0.0392343923449516,0.231287181377411,-0.0317611172795296,0.284899145364761,0.431111246347427,-0.00505118444561958,0.0454241745173931,-0.0776273608207703,0.381986975669861,0.268120974302292,0.166440099477768,-0.017798637971282,0.332594692707062,-0.0261863153427839,-0.0440271757543087,0.136287286877632,0.0273813400417566,0.14179927110672,0.417488753795624,0.19952118396759,0.316971600055695,0.134107977151871,0.0673363730311394,0.446314096450806,0.184390649199486,0.305526286363602,0.164525985717773,0.601829946041107,0.394055098295212,0.203585043549538,-0.100747786462307,0.529497385025024,-0.00903139635920525,-0.087769441306591,0.0446902774274349,0.285287350416183
0.311453223228455,0,0.238729849457741,0.254938542842865,0.105264909565449,0.0148720508441329,-0.0764222890138626,0.0705249905586243,0.221862450242043,0.341639935970306,0.486210405826569,0.252285063266754,0.245583221316338,0.100699111819267,-0.00134223897475749,-0.0937134400010109,0.0514851734042168,0.203374698758125,-0.103027895092964,0.251819044351578,0.0461190193891525,0.103479474782944,0.0177618954330683,-0.0470222495496273,0.0560122728347778,0.0551744736731052,0.130347922444344,0.0745352953672409,0.147156313061714,0.141802906990051,-0.0349024496972561,-0.103327497839928,0.0195445287972689,0.165300816297531,0.108721651136875,-0.0778124406933784,0.00685425521805882,0.230482220649719,0.14324726164341,0.321314096450806,0.123130865395069,0.186747610569,0.158084318041801,0.203026801347733,0.1666000187397,0.125210031867027,-0.0859096869826317,0.223732724785805,-0.0524640902876854,-0.0548631809651852,0.167890042066574,0.283210605382919,-0.118139445781708,0.251319020986557,0.0521708577871323,0.0983989685773849,0.0211889129132032,-0.0721161141991615,0.0587824881076813,-0.00589986378327012,0.119943745434284,0.0571466349065304,0.125030532479286,0.0986500978469849,-0.0189298391342163,-0.0894818156957626,-0.0123469047248363,0.106314465403557,0.152108699083328,-0.046361681073904,0.0653771013021469,0.264083951711655,0.0974727943539619,0.299932360649109,0.0973629653453827,0.177852258086205,0.147022441029549,0.162567064166069,0.146738409996033,0.0603678226470947,-0.103913374245167,0.197202444076538,-0.0561162047088146,-0.0707621946930885,0.145303249359131,0.258408844470978
0.248202964663506,0.238729849457741,0,0.382915318012238,0.102291591465473,0.028858033940196,-0.018216161057353,0.143243685364723,0.142763435840607,0.279617965221405,0.26024466753006,0.581682801246643,0.37420716881752,0.0675509721040726,0.0250016935169697,-0.0348773673176765,0.113081745803356,0.14484179019928,-0.0270413421094418,0.197073712944984,0.11391731351614,0.0191297382116318,0.00229301932267845,-0.0414687283337116,0.0120854303240776,0.0521379075944424,0.0649029687047005,0.00973428785800934,0.198303863406181,0.0351657681167126,-0.0133768552914262,-0.0793252065777779,-0.0255902446806431,0.0397172681987286,0.233943596482277,-0.0230033006519079,0.144088789820671,0.0948550999164581,-0.00336719513870776,0.185109704732895,0.0755573287606239,0.0724503397941589,0.168151184916496,0.243585258722305,0.199422419071198,0.0621142759919167,-0.063724584877491,0.172079339623451,-0.0544612593948841,-0.0520543083548546,0.0597376152873039,0.177220582962036,-0.0261913295835257,0.172684237360954,0.0935065448284149,-0.000755067798309028,0.0328616760671139,-0.0648736506700516,0.00811346713453531,0.0212954543530941,0.0469222292304039,0.00818814337253571,0.157141759991646,0.00184030912350863,-0.0103039899840951,-0.0883397310972214,-0.0166606083512306,0.0206227619200945,0.191147610545158,-0.0394591279327869,0.136857271194458,0.103200241923332,-0.0200522318482399,0.17747363448143,0.0771122947335243,0.0599659606814384,0.117209158837795,0.156099185347557,0.137329369783401,0.0101576363667846,-0.064302496612072,0.157707735896111,-0.0669226199388504,-0.0561510138213634,0.0692024305462837,0.169309169054031
0.264450401067734,0.254938542842865,0.382915318012238,0,0.188985005021095,0.00537539599463344,-0.00033770315349102,0.0994278937578201,0.134455159306526,0.248035848140717,0.263810217380524,0.370044201612473,0.639929294586182,0.122079484164715,0.000189973507076502,-0.0114625124260783,0.0887584015727043,0.136505573987961,-0.0484129972755909,0.282433122396469,-0.0430682003498077,0.0352876670658588,0.00318410480394959,-0.0229250025004148,-0.11713744699955,0.0183579847216606,-0.0143290841951966,0.0235448740422726,0.135670959949493,0.0425363518297672,-0.0382815338671207,-0.168941915035248,-0.0255214646458626,0.180509269237518,0.163868397474289,-0.107662379741669,0.0639920011162758,0.111312530934811,0.177247151732445,0.179154008626938,0.277061820030212,0.0105613647028804,0.112094528973103,0.135793045163155,0.153882876038551,0.11531475186348,-0.0080400463193655,0.239706844091415,-0.0717457234859467,-0.0258155539631844,0.112018376588821,0.335500776767731,-0.00884991697967052,0.27195742726326,0.000363713101251051,0.035140048712492,0.014640080742538,-0.0379119217395782,-0.0635337084531784,-0.0131025491282344,-0.00405400572344661,0.0258142706006765,0.143608197569847,0.0252796672284603,-0.0374655574560165,-0.141018897294998,0.00721814529970288,0.145321145653725,0.251403898000717,-0.073218934237957,0.150774464011192,0.130538523197174,0.119847901165485,0.223916247487068,0.265917122364044,0.0489298440515995,0.119537502527237,0.158569484949112,0.163901820778847,0.0933047458529472,-0.0238090045750141,0.289481818675995,-0.0748969614505768,-0.0568721853196621,0.107685819268227,0.33383646607399
0.0784579515457153,0.105264909565449,0.102291591465473,0.188985005021095,0,-0.00682694651186466,-0.0213588364422321,0.0199485719203949,0.0518418438732624,0.0919276997447014,0.0993296727538109,0.108197957277298,0.163692459464073,0.0435222759842873,-0.0130420178174973,-0.0327624380588531,0.0177860707044601,0.0547370724380016,-0.0198473799973726,0.102873586118221,-0.00288255466148257,0.00565877836197615,0.0122157037258148,-0.0122079271823168,-0.025325533002615,0.00751614011824131,-0.0147080207243562,-0.00869777426123619,0.0690780505537987,0.00581026636064053,-0.0317731723189354,-0.0397197008132935,-0.0130477882921696,0.016680521890521,0.0682894587516785,0.000426840008003637,0.0509902648627758,0.0488890297710896,0.0623595602810383,0.08263099193573,0.0821388959884644,0.00329742045141757,0.0528424791991711,0.0708326697349548,0.0649709776043892,0.0148562649264932,0.00415948964655399,0.106106519699097,-0.0321952737867832,-0.0240219868719578,0.0561871714890003,0.139406114816666,-0.0143987946212292,0.110809594392776,-0.0208133049309254,-0.0012735512573272,-0.0113142905756831,-0.0335276834666729,-0.0414167046546936,-0.0109503157436848,-0.0141796916723251,-0.00292349606752396,0.0592414177954197,-0.00603826809674501,-0.0302755776792765,-0.0531594417989254,-0.0215306226164103,0.022788206115365,0.0859261825680733,-0.00926518626511097,0.0625461041927338,0.049739234149456,0.0477758161723614,0.0724421441555023,0.0751704648137093,-0.00864701718091965,0.0220285803079605,0.0416800566017628,0.0445738807320595,-0.00683558220043778,-0.0157113969326019,0.0975203812122345,-0.0445690788328648,-0.0289777927100658,0.0335766822099686,0.12620110809803
-0.0245671570301056,0.0148720508441329,0.028858033940196,0.00537539599463344,-0.00682694651186466,0,0.175194352865219,0.0199868902564049,0.0848192125558853,0.0533993989229202,-0.00273344735614955,0.015470334328711,-0.00282818172127008,-0.0205536428838968,0.441861003637314,0.18155737221241,0.0397394262254238,0.0664586946368217,0.0703855976462364,0.0444249175488949,0.139423713088036,0.103661514818668,0.133690893650055,0.226752266287804,0.246478885412216,0.130481049418449,0.346618056297302,0.118347227573395,0.0746945068240166,0.128652393817902,0.303474992513657,0.209176957607269,0.275054633617401,0.0803668722510338,-0.0467543266713619,0.0197918266057968,-0.0373053960502148,0.0903205350041389,0.0989061146974564,0.0988599956035614,0.0574745237827301,0.274035781621933,0.224960714578629,-0.018910301849246,0.173401057720184,0.088606096804142,0.214064389467239,-0.0804748684167862,0.0602958090603352,0.146687373518944,0.112411640584469,0.0799137800931931,0.030643031001091,0.0236000064760447,-0.0140599785372615,0.0794592574238777,0.0870632454752922,0.212006539106369,0.109296731650829,0.0871620699763298,0.293337047100067,0.124894894659519,-0.00291951652616262,0.110945090651512,0.278494268655777,0.115051493048668,0.236485466361046,0.0782539248466492,-0.13876211643219,-0.0742604061961174,-0.11073025316,0.0610749460756779,0.100162975490093,0.0332832336425781,0.0579643361270428,0.215866178274155,0.147805511951447,-0.115792132914066,0.0468741618096828,0.0466227978467941,0.180084496736526,-0.107135288417339,0.0437456257641315,0.122215740382671,0.0970563367009163,0.0435388647019863
-0.0936266109347343,-0.0764222890138626,-0.018216161057353,-0.00033770315349102,-0.0213588364422321,0.175194352865219,0,-0.00847777538001537,-0.00231280503794551,-0.0371073447167873,-0.0986578837037086,-0.045333843678236,-0.019186407327652,-0.0230794660747051,0.181746691465378,0.253668546676636,-0.0113869961351156,-0.02614451572299,0.157681569457054,-0.0349470749497414,0.0400970727205276,0.0265756770968437,0.073849692940712,0.187363490462303,0.0742573961615562,0.131803810596466,0.0112331649288535,0.066676065325737,-0.000326098874211311,0.0377313680946827,0.177927568554878,0.173625573515892,0.0737443044781685,0.0267006233334541,0.00912469252943993,0.07412189245224,0.0646208524703979,-0.00897108670324087,0.0587724931538105,-0.12465713173151,0.071989506483078,-0.0301949977874756,-8.90903174877167e-06,-0.148178994655609,0.0550468415021896,0.0345790795981884,0.229741618037224,-0.0716763734817505,0.055841077119112,0.131228104233742,0.00836877524852753,0.0259378664195538,0.0972237437963486,-0.0546407178044319,-0.0755539238452911,0.0161342620849609,0.0257432125508785,0.165548801422119,-0.0337739065289497,0.0779485553503036,-0.0188823882490396,0.0571885295212269,-0.034997183829546,0.0361215956509113,0.0971547067165375,0.0839022323489189,0.0588384196162224,0.0264680907130241,-0.0747665241360664,-0.0259173829108477,-0.0378346517682076,-0.0302069168537855,0.0611897855997086,-0.140493527054787,0.073554664850235,-0.0513475760817528,-0.0246901772916317,-0.200675576925278,-0.0276643596589565,0.0405160449445248,0.183260515332222,-0.125447824597359,0.0257084183394909,0.114532209932804,-0.000484378979308531,-0.011729383841157
0.049592912197113,0.0705249905586243,0.143243685364723,0.0994278937578201,0.0199485719203949,0.0199868902564049,-0.00847777538001537,0,0.0525504276156425,0.0310865882784128,0.0679406300187111,0.125481590628624,0.0991087853908539,0.0113179972395301,0.0340725369751453,0.00187763723079115,0.102801971137524,0.0610102340579033,-0.0287281405180693,0.0860834941267967,-0.0623193047940731,0.0283494461327791,-0.00251038861460984,-0.00951856281608343,-0.0465521179139614,-0.025757534429431,0.0494496896862984,0.0198992900550365,0.0219873506575823,0.0172105617821217,0.0661858767271042,-0.0611395090818405,0.026466378942132,0.0461543872952461,-0.0301818940788507,-0.0902535915374756,-0.076287642121315,0.0488871298730373,0.0246227774769068,0.0611564368009567,0.0157394390553236,0.0443267077207565,0.115732729434967,-0.0116050830110908,0.0111775137484074,0.0103946169838309,0.0113204121589661,0.00085685565136373,-0.00454193959012628,0.00125357997603714,0.0395449735224247,0.0834181308746338,-0.0176678504794836,0.0745242312550545,-0.0429644137620926,0.0306099094450474,-0.00426189275458455,0.000214669853448868,-0.0280983150005341,0.00742112938314676,0.0682051107287407,0.0354894734919071,0.0284327026456594,0.0110760182142258,0.0618525072932243,-0.0457187741994858,0.013619395904243,0.0446163862943649,-0.00813856348395348,-0.0935497730970383,-0.0200562216341496,0.0557688809931278,0.0159185640513897,0.0705971121788025,0.0362841114401817,0.0542723424732685,0.0975731685757637,0.0110395131632686,0.0248858518898487,0.0131603749468923,0.0157811958342791,0.0534502156078815,-0.0185855124145746,0.00164347549434751,0.0524971000850201,0.0842809230089188
0.194280609488487,0.221862450242043,0.142763435840607,0.134455159306526,0.0518418438732624,0.0848192125558853,-0.00231280503794551,0.0525504276156425,0,0.217022374272346,0.226295977830887,0.127232030034065,0.129414275288582,0.0486916229128838,0.0707114636898041,-0.0186072736978531,0.0432821922004223,0.191278100013733,-0.0422215312719345,0.161264449357986,0.00824789796024561,0.0705564841628075,0.016341844573617,0.0110587067902088,0.028247507289052,0.0138373589143157,0.116922862827778,0.0194646120071411,0.0767919421195984,0.0995453000068665,0.018845347687602,-0.0497969500720501,0.0623430609703064,0.120150320231915,0.0397886782884598,-0.0579786449670792,-0.0105329267680645,0.169683560729027,0.0952723175287247,0.179433390498161,0.0755297318100929,0.142175450921059,0.128770545125008,0.0946401879191399,0.080857552587986,0.057268287986517,0.00758177600800991,0.112030103802681,-0.0328974202275276,-0.020227262750268,0.117591880261898,0.181305080652237,-0.0358166098594666,0.16985134780407,0.033879067748785,0.0615476109087467,0.0278137847781181,-0.00877944938838482,0.0471336543560028,0.0194261074066162,0.132591560482979,0.00635892804712057,0.0850239917635918,0.0873018577694893,0.0515142902731895,-0.0187140330672264,0.0368562564253807,0.0726262331008911,0.0812845304608345,-0.0440813526511192,0.0336613208055496,0.173328146338463,0.0791345611214638,0.173973098397255,0.0687361881136894,0.159188359975815,0.130833923816681,0.089895211160183,0.107213780283928,0.0182396024465561,0.00186208612285554,0.138538226485252,-0.0434334278106689,-0.00471056951209903,0.115339428186417,0.168471843004227
0.690349221229553,0.341639935970306,0.279617965221405,0.248035848140717,0.0919276997447014,0.0533993989229202,-0.0371073447167873,0.0310865882784128,0.217022374272346,0,0.309340357780457,0.26472145318985,0.211640030145645,0.0982765033841133,0.0440264232456684,-0.053367655724287,0.0194807816296816,0.220719411969185,-0.0695012584328651,0.227086752653122,0.274658441543579,0.0316505320370197,0.0494195111095905,-0.0752001106739044,0.22249273955822,0.248446002602577,0.131951421499252,-0.0651568695902824,0.215986132621765,0.0299991834908724,-0.0211172103881836,0.0628256127238274,0.0405439883470535,0.184710443019867,0.235477343201637,0.0930709317326546,0.200041532516479,0.141418188810349,0.256205946207047,0.30337181687355,0.27925905585289,0.221390590071678,0.0814032331109047,0.461730569601059,0.289710849523544,0.259824484586716,-0.101600520312786,0.381276577711105,-0.0214402638375759,-0.0019609818700701,0.0403775200247765,0.233372628688812,-0.143121063709259,0.173822864890099,0.130874082446098,0.0155913643538952,0.0321458429098129,-0.0963943526148796,0.106517434120178,0.124173663556576,0.0796403810381889,-0.05167406052351,0.100342161953449,0.0154291884973645,-0.0313715226948261,0.00381282367743552,0.0293105617165565,0.130910649895668,0.158654674887657,0.0250609330832958,0.0477667786180973,0.156689614057541,0.148276001214981,0.254525244235992,0.167705059051514,0.137209922075272,0.0453253574669361,0.221524015069008,0.0738840848207474,0.0950587913393974,-0.091529980301857,0.317400276660919,-0.044223427772522,-0.0588349886238575,0.0466010943055153,0.198315799236298
0.40021601319313,0.486210405826569,0.26024466753006,0.263810217380524,0.0993296727538109,-0.00273344735614955,-0.0986578837037086,0.0679406300187111,0.226295977830887,0.309340357780457,0,0.314331948757172,0.29185077548027,0.108409710228443,-0.0150748249143362,-0.107522159814835,0.0892231911420822,0.243496045470238,-0.180620267987251,0.28323170542717,-0.0206779893487692,0.0845784917473793,0.0141939129680395,-0.0689413771033287,-0.0022562351077795,-0.0115015478804708,0.130954444408417,0.060348991304636,0.125816971063614,0.12294913828373,-0.0683061704039574,-0.189814925193787,0.0166128762066364,0.120213560760021,0.023768711835146,-0.152054712176323,-0.0636755675077438,0.239133909344673,0.0710274428129196,0.329725980758667,0.0674993023276329,0.189652234315872,0.183249577879906,0.180076137185097,0.0780327469110489,0.0909643843770027,-0.135584115982056,0.216377913951874,-0.0920526012778282,-0.0804565921425819,0.175720274448395,0.277996599674225,-0.136683806777,0.305003136396408,0.147707998752594,0.0924315005540848,0.0110015412792563,-0.0944572985172272,0.14844223856926,0.00740060489624739,0.182246431708336,0.0290095377713442,0.186893507838249,0.0819852948188782,-0.0141701456159353,-0.0623771585524082,0.00825026910752058,0.137008562684059,0.241826415061951,-0.0137404827401042,0.154116615653038,0.276176065206528,0.0617264732718468,0.388213574886322,0.117219805717468,0.25836369395256,0.202767193317413,0.292586296796799,0.258031398057938,0.0733686834573746,-0.120530851185322,0.295715808868408,-0.041217926889658,-0.104349203407764,0.1652512550354,0.304168850183487
0.343568474054337,0.252285063266754,0.581682801246643,0.370044201612473,0.108197957277298,0.015470334328711,-0.045333843678236,0.125481590628624,0.127232030034065,0.26472145318985,0.314331948757172,0,0.40015709400177,0.0865987837314606,0.0202520620077848,-0.0327390991151333,0.138382449746132,0.144490912556648,-0.0651615783572197,0.201371401548386,0.0542732104659081,-0.00550294620916247,-0.0103531889617443,-0.0514057613909245,-0.0234991572797298,0.0304942820221186,0.0600470006465912,0.0240323413163424,0.186133027076721,0.0201752707362175,-0.0562348552048206,-0.1485206335783,-0.0293055772781372,0.0293284486979246,0.196489453315735,-0.0590341202914715,0.117472507059574,0.0985698401927948,0.00472738035023212,0.204171717166901,0.0663354769349098,0.0463746152818203,0.158384993672371,0.21802282333374,0.106622852385044,0.0842850357294083,-0.0820844694972038,0.174874365329742,-0.092329166829586,-0.0745303779840469,0.0624457411468029,0.187344208359718,-0.0167911779135466,0.23798494040966,0.176360532641411,-0.0315916426479816,0.0251251552253962,-0.0698894709348679,0.0718881338834763,0.0583527944982052,0.0652391090989113,-0.00531412614509463,0.235107928514481,-0.0119403917342424,-0.0102003468200564,-0.0604125559329987,0.00776488846167922,0.0398839563131332,0.28347834944725,0.0438126958906651,0.235892668366432,0.108491159975529,-0.0414051041007042,0.247660785913467,0.0806470736861229,0.10143319517374,0.177825078368187,0.273895502090454,0.217317953705788,0.0385892577469349,-0.0762500092387199,0.227553814649582,-0.0635039731860161,-0.0583496317267418,0.0542434938251972,0.215021789073944
0.282843619585037,0.245583221316338,0.37420716881752,0.639929294586182,0.163692459464073,-0.00282818172127008,-0.019186407327652,0.0991087853908539,0.129414275288582,0.211640030145645,0.29185077548027,0.40015709400177,0,0.141989678144455,0.00222879182547331,-0.00398308364674449,0.113261580467224,0.148392915725708,-0.046037532389164,0.256993383169174,-0.046908725053072,0.0327393338084221,0.0115678561851382,-0.0257124826312065,-0.11220371723175,0.0108692878857255,-0.0280707776546478,0.0478792153298855,0.131314888596535,0.0395625308156013,-0.0746829658746719,-0.170216515660286,-0.0253796800971031,0.155623957514763,0.142434999346733,-0.118799269199371,0.0542400740087032,0.117723435163498,0.107625886797905,0.188352733850479,0.220097601413727,-0.00285176350735128,0.0976749062538147,0.11819726973772,0.11508484184742,0.10247203707695,-0.025596721097827,0.221476435661316,-0.0868955031037331,-0.0497231967747211,0.110584855079651,0.307295978069305,0.0181800872087479,0.279966324567795,0.015442218631506,0.0245699193328619,0.0171910226345062,-0.0218388065695763,-0.0470431186258793,0.0325037837028503,-0.0126735018566251,0.0362104028463364,0.178438454866409,0.0222767684608698,-0.0490518882870674,-0.12397975474596,-0.00183541490696371,0.147921338677406,0.280716329813004,-0.0574054196476936,0.185206025838852,0.134997740387917,0.114693328738213,0.230428203940392,0.285499513149261,0.0517460480332375,0.116760790348053,0.178887903690338,0.175394907593727,0.0967446938157082,0.00585388205945492,0.304214477539062,-0.0956790819764137,-0.0507646128535271,0.108093075454235,0.361457824707031
0.10937274992466,0.100699111819267,0.0675509721040726,0.122079484164715,0.0435222759842873,-0.0205536428838968,-0.0230794660747051,0.0113179972395301,0.0486916229128838,0.0982765033841133,0.108409710228443,0.0865987837314606,0.141989678144455,0,-0.0112519152462482,-0.0294435732066631,0.0037861866876483,0.0883815586566925,-0.0231661964207888,0.127655550837517,-0.0411135442554951,0.0214582718908787,0.00978194829076529,-0.0225284900516272,-0.0338194631040096,-0.0206262450665236,0.00566157279536128,-0.0125380400568247,0.0288205929100513,0.0223035421222448,-0.0376310721039772,-0.062774159014225,-0.000849980628117919,0.0568435564637184,0.0221332032233477,-0.051094189286232,-0.0104925166815519,0.0608859583735466,0.0622472427785397,0.0804979056119919,0.0673521608114243,0.0345660299062729,0.0531445108354092,0.0359454639256001,0.0472810640931129,0.0190571807324886,-0.0131913656368852,0.0846842899918556,-0.0474627465009689,-0.0163649022579193,0.0708109214901924,0.11959145963192,-0.0146571723744273,0.103796169161797,0.00306585407815874,0.0212895479053259,0.000439454772276804,-0.0203836988657713,-0.00562748173251748,-0.00991433300077915,0.0220626164227724,-0.0154954204335809,0.0277982503175735,0.0260111168026924,-0.0164871700108051,-0.0303352158516645,-0.00868234876543283,0.0695521458983421,0.0797872394323349,-0.0381624698638916,0.0559958443045616,0.0757505968213081,0.0681870505213737,0.0844541639089584,0.0882799476385117,0.0462007038295269,0.0664432197809219,0.0604616403579712,0.0929579436779022,0.00509528303518891,-0.00775294564664364,0.115240126848221,-0.0271959248930216,-0.028708204627037,0.057300116866827,0.1316137611866
-0.00894547440111637,-0.00134223897475749,0.0250016935169697,0.000189973507076502,-0.0130420178174973,0.441861003637314,0.181746691465378,0.0340725369751453,0.0707114636898041,0.0440264232456684,-0.0150748249143362,0.0202520620077848,0.00222879182547331,-0.0112519152462482,0,0.227118164300919,0.0428555980324745,0.0652723982930183,0.0542057082056999,0.0407492332160473,0.123138375580311,0.0875164791941643,0.108322381973267,0.235066831111908,0.225794285535812,0.133848428726196,0.322957396507263,0.112039729952812,0.078264556825161,0.107599645853043,0.307452261447906,0.172740668058395,0.271276563405991,0.0863646268844604,-0.0486662499606609,-0.015576939098537,-0.0645651146769524,0.0697098895907402,0.0891792997717857,0.0822255685925484,0.0646046996116638,0.258255630731583,0.228195816278458,-0.0385524556040764,0.153858914971352,0.0836934894323349,0.207658007740974,-0.0903571471571922,0.0460101217031479,0.124060489237309,0.0954924374818802,0.0844751223921776,0.0417399182915688,0.0405261255800724,0.04035809263587,0.0747941136360168,0.104000374674797,0.226615965366364,0.145830601453781,0.128966748714447,0.305946797132492,0.0999768301844597,0.0441592521965504,0.0952130109071732,0.268413692712784,0.134830057621002,0.277117729187012,0.0723026767373085,-0.100028239190578,-0.0679529085755348,-0.086934819817543,0.055339589715004,0.11219522356987,0.0576333291828632,0.0638427436351776,0.239274889230728,0.169308632612228,-0.0765078514814377,0.0786836817860603,0.0707034319639206,0.204138517379761,-0.0791418924927711,0.0259973742067814,0.136601388454437,0.096803106367588,0.0773496404290199
-0.0955538228154182,-0.0937134400010109,-0.0348773673176765,-0.0114625124260783,-0.0327624380588531,0.18155737221241,0.253668546676636,0.00187763723079115,-0.0186072736978531,-0.053367655724287,-0.107522159814835,-0.0327390991151333,-0.00398308364674449,-0.0294435732066631,0.227118164300919,0,0.0174126420170069,-0.0027467985637486,0.121785745024681,-0.033111896365881,0.0382867753505707,0.0247279945760965,0.0762054324150085,0.175899818539619,0.0532562881708145,0.122938938438892,0.00277410284616053,0.019807044416666,0.00641333451494575,0.0297944229096174,0.143721014261246,0.126944676041603,0.0980825275182724,0.0320078730583191,-0.00520705338567495,0.0328388623893261,0.0360815674066544,-0.0507058165967464,0.0553353540599346,-0.106475844979286,0.0792707353830338,-0.0219605453312397,0.00500906771048903,-0.118722267448902,0.0355809219181538,0.0420197509229183,0.200094148516655,-0.0670157968997955,0.0437271185219288,0.104915648698807,0.0116740055382252,0.0315770991146564,0.11030350625515,-0.0368916355073452,-0.0226598214358091,0.01137381978333,0.0426873788237572,0.184909969568253,0.00299689290113747,0.125540763139725,-0.0112395640462637,0.0182422436773777,-0.00467247283086181,0.0250576008111238,0.10677182674408,0.0884133204817772,0.103728733956814,0.0325534902513027,-0.0318717025220394,-0.0150994434952736,0.00527653796598315,-0.0638939961791039,0.0671251267194748,-0.125695928931236,0.085057370364666,-0.0346460565924644,-0.0302214026451111,-0.140001431107521,-0.0132350726053119,0.0485714375972748,0.21191181242466,-0.0757825449109077,0.0282831508666277,0.136979788541794,0.000136395916342735,0.0233393758535385
0.0308628026396036,0.0514851734042168,0.113081745803356,0.0887584015727043,0.0177860707044601,0.0397394262254238,-0.0113869961351156,0.102801971137524,0.0432821922004223,0.0194807816296816,0.0892231911420822,0.138382449746132,0.113261580467224,0.0037861866876483,0.0428555980324745,0.0174126420170069,0,0.0670963078737259,-0.0217080470174551,0.0875020995736122,-0.0573292039334774,0.0299102794378996,0.0129448734223843,-0.00275315390899777,-0.0265095736831427,-0.0376521535217762,0.0736646577715874,0.030408326536417,0.0118984039872885,0.0294119026511908,0.0563214346766472,-0.066806897521019,0.0104024335741997,0.0308595597743988,-0.027731642127037,-0.083235576748848,-0.0656488984823227,0.040447186678648,0.0111443279311061,0.0545098595321178,0.000972096051555127,0.0667231902480125,0.12334306538105,-0.0275274757295847,0.0213869400322437,0.00438578287139535,0.0173774734139442,-0.0300602037459612,-0.00971486605703831,-0.0159958656877279,0.0360444225370884,0.0571482218801975,-0.0113196400925517,0.0779261887073517,-0.0487385019659996,0.0297997370362282,0.00523428525775671,0.0184697285294533,-0.0296799466013908,-0.0191037058830261,0.065223753452301,0.0272260587662458,0.0153278568759561,0.0193270426243544,0.048967856913805,-0.042073093354702,0.0274918396025896,0.0374420583248138,-0.023263867944479,-0.112978242337704,-0.0332996696233749,0.043549757450819,0.00458022113889456,0.0603388100862503,0.00890261027961969,0.0644384101033211,0.114479519426823,0.00242893095128238,0.0113571472465992,0.00670526269823313,0.0245888866484165,0.0142412250861526,-0.0126060880720615,-0.0016212654300034,0.0432101413607597,0.0664553120732307
0.254379868507385,0.203374698758125,0.14484179019928,0.136505573987961,0.0547370724380016,0.0664586946368217,-0.02614451572299,0.0610102340579033,0.191278100013733,0.220719411969185,0.243496045470238,0.144490912556648,0.148392915725708,0.0883815586566925,0.0652723982930183,-0.0027467985637486,0.0670963078737259,0,-0.0537552200257778,0.158535718917847,0.0353968404233456,0.0591120608150959,0.0398862697184086,0.0141179915517569,0.0525023005902767,0.0313677564263344,0.113202102482319,0.0178932789713144,0.0904593542218208,0.094916857779026,0.0130898719653487,-0.0279881004244089,0.0673111006617546,0.0857343748211861,0.0247075464576483,-0.0558936707675457,-0.0069378693588078,0.164259597659111,0.0807748734951019,0.170358657836914,0.0631466433405876,0.148568972945213,0.130096524953842,0.0998138636350632,0.0839891359210014,0.0603878945112228,0.0189363826066256,0.127520173788071,-0.0380487628281116,0.0262448750436306,0.160601034760475,0.184009552001953,-0.00769553054124117,0.176236316561699,0.0969981849193573,0.0697263106703758,0.0216227881610394,0.0102694863453507,0.108213178813457,0.0373817905783653,0.136474460363388,0.0156922582536936,0.113937646150589,0.085232324898243,0.0640528202056885,0.0206106211990118,0.0610252134501934,0.111216999590397,0.114279709756374,0.00555842602625489,0.0811815112829208,0.179350420832634,0.0778231099247932,0.185286521911621,0.0837713852524757,0.185593128204346,0.138645052909851,0.136320292949677,0.159022212028503,0.0514793321490288,0.0328292027115822,0.158007442951202,0.000108851119875908,0.000962431251537055,0.129754826426506,0.206390261650085
-0.155154228210449,-0.103027895092964,-0.0270413421094418,-0.0484129972755909,-0.0198473799973726,0.0703855976462364,0.157681569457054,-0.0287281405180693,-0.0422215312719345,-0.0695012584328651,-0.180620267987251,-0.0651615783572197,-0.046037532389164,-0.0231661964207888,0.0542057082056999,0.121785745024681,-0.0217080470174551,-0.0537552200257778,0,-0.0360413827002048,0.201215639710426,0.0601011514663696,0.034398689866066,0.26862770318985,0.184446379542351,0.246970281004906,-0.163723990321159,0.0960101634263992,0.0586498342454433,0.0931926965713501,0.0160791482776403,0.541247427463531,-0.00981474854052067,0.00207222322933376,0.48328098654747,0.186396345496178,0.554700076580048,-0.00996770057827234,0.0811455622315407,-0.116874039173126,0.183563411235809,-0.0682251378893852,-0.135627329349518,-0.0191837586462498,0.15291902422905,0.0871127545833588,0.738688766956329,0.18312768638134,0.107026785612106,0.155552044510841,0.15648227930069,0.131463304162025,0.673797845840454,-0.0478019900619984,0.0236121620982885,0.0457330457866192,0.0184525325894356,0.227731823921204,0.0148869520053267,0.182325229048729,-0.192751631140709,0.10163538902998,0.00757903419435024,0.0830354169011116,-0.0558906011283398,0.314004689455032,0.0198297649621964,0.0114840473979712,0.206423908472061,0.155346289277077,0.257056593894958,-0.0496081933379173,0.12917086482048,-0.176305934786797,0.139372542500496,-0.12654373049736,-0.118473701179028,-0.10643845051527,0.0225375834852457,0.0658573359251022,0.631306648254395,0.0246212035417557,0.0582424663007259,0.166196241974831,0.1624416410923,0.0976704657077789
0.230469301342964,0.251819044351578,0.197073712944984,0.282433122396469,0.102873586118221,0.0444249175488949,-0.0349470749497414,0.0860834941267967,0.161264449357986,0.227086752653122,0.28323170542717,0.201371401548386,0.256993383169174,0.127655550837517,0.0407492332160473,-0.033111896365881,0.0875020995736122,0.158535718917847,-0.0360413827002048,0,-0.106080651283264,0.172245144844055,0.0443034283816814,0.0258231069892645,-0.127105370163918,-0.00942599773406982,0.000202293507754803,0.0224561523646116,0.214078038930893,0.195088014006615,-0.0986372455954552,-0.286238342523575,0.0125406328588724,0.375064313411713,0.18691286444664,-0.237232193350792,0.00742370774969459,0.270880579948425,0.31719845533371,0.407052248716354,0.392481356859207,0.0867539346218109,0.285213977098465,0.249468237161636,0.31998947262764,0.273301720619202,0.065069243311882,0.395081698894501,-0.132066980004311,-0.0541925355792046,0.279704540967941,0.55832713842392,0.0297382771968842,0.582089483737946,-0.1070322021842,0.187114000320435,0.00571127003058791,0.0127669433131814,-0.106604710221291,0.0119463820010424,0.0420624278485775,0.029320977628231,0.187704741954803,0.169464245438576,-0.047845721244812,-0.250603914260864,0.0310986842960119,0.359685033559799,0.289651989936829,-0.248610243201256,0.11287683993578,0.273783206939697,0.274609982967377,0.430290848016739,0.384788870811462,0.146788507699966,0.279253780841827,0.233916744589806,0.276652455329895,0.224063858389854,0.0617056898772717,0.457491159439087,-0.162327319383621,-0.0901830866932869,0.222218230366707,0.545862674713135
0.0564484186470509,0.0461190193891525,0.11391731351614,-0.0430682003498077,-0.00288255466148257,0.139423713088036,0.0400970727205276,-0.0623193047940731,0.00824789796024561,0.274658441543579,-0.0206779893487692,0.0542732104659081,-0.046908725053072,-0.0411135442554951,0.123138375580311,0.0382867753505707,-0.0573292039334774,0.0353968404233456,0.201215639710426,-0.106080651283264,0,-0.116737067699432,0.0655010864138603,0.192801788449287,0.70446389913559,0.569317817687988,0.203539192676544,-0.0664789751172066,0.288167297840118,-0.0690103769302368,0.110535956919193,0.490002661943436,0.165780484676361,-0.10256078094244,0.554993987083435,0.451655656099319,0.540433704853058,-0.0912983864545822,-0.0354766063392162,0.118336528539658,0.104383200407028,0.310736030340195,-0.0541879869997501,0.698636174201965,0.388804346323013,0.378881394863129,0.0417962446808815,0.399296551942825,0.016267778351903,0.0033774992916733,-0.0245682112872601,-0.0444262884557247,0.0064507257193327,-0.115616992115974,0.661636710166931,-0.173893123865128,0.0667303428053856,0.103927433490753,0.503517627716064,0.289567142724991,0.0712812840938568,-0.050144013017416,0.0966593995690346,-0.0758684203028679,0.0476037636399269,0.286784142255783,0.121532790362835,-0.0925084426999092,0.269575893878937,0.348235875368118,0.202279031276703,-0.108047150075436,-0.0214287135750055,-0.0181069299578667,0.0270468667149544,0.156490594148636,-0.11942158639431,0.274570554494858,0.0606672577559948,0.156664445996284,0.0286093261092901,0.046595361083746,0.0612558498978615,0.0132046779617667,-0.0104393502697349,-0.0975529402494431
-0.00796549580991268,0.103479474782944,0.0191297382116318,0.0352876670658588,0.00565877836197615,0.103661514818668,0.0265756770968437,0.0283494461327791,0.0705564841628075,0.0316505320370197,0.0845784917473793,-0.00550294620916247,0.0327393338084221,0.0214582718908787,0.0875164791941643,0.0247279945760965,0.0299102794378996,0.0591120608150959,0.0601011514663696,0.172245144844055,-0.116737067699432,0,0.01602285169065,0.323085457086563,0.0534377954900265,-0.137237727642059,0.136297285556793,0.202372506260872,0.0455553159117699,0.923042297363281,0.00985903665423393,-0.15831033885479,0.168288573622704,0.359662979841232,-0.0639823526144028,-0.19116972386837,-0.126747041940689,0.877300918102264,0.31966096162796,0.0892072319984436,0.291528224945068,0.287368655204773,0.0916168466210365,-0.00914988480508327,0.10540483891964,0.648033380508423,0.187537774443626,0.046262338757515,-0.0376977361738682,0.00542507553473115,0.219117730855942,0.244448736310005,0.0919180884957314,0.16994521021843,-0.231834471225739,0.973137676715851,-0.00291363173164427,0.354639202356339,-0.0525550916790962,-0.0840539261698723,0.166903719305992,0.278498381376266,-0.00616105413064361,0.913612902164459,-0.00334332743659616,-0.192792147397995,0.178780779242516,0.332389175891876,-0.101913817226887,-0.258721023797989,-0.156938806176186,0.847346127033234,0.365711688995361,0.0867849290370941,0.302104502916336,0.326025009155273,0.092886745929718,-0.0861197113990784,0.00829343684017658,0.581177711486816,0.172641232609749,0.065578356385231,-0.0662741586565971,0.00619702646508813,0.180986538529396,0.220266357064247
0.0233922284096479,0.0177618954330683,0.00229301932267845,0.00318410480394959,0.0122157037258148,0.133690893650055,0.073849692940712,-0.00251038861460984,0.016341844573617,0.0494195111095905,0.0141939129680395,-0.0103531889617443,0.0115678561851382,0.00978194829076529,0.108322381973267,0.0762054324150085,0.0129448734223843,0.0398862697184086,0.034398689866066,0.0443034283816814,0.0655010864138603,0.01602285169065,0,0.161987334489822,0.112553678452969,0.140658125281334,0.059586226940155,0.0282777808606625,0.0836745202541351,0.0389398410916328,0.0927151814103127,0.105542227625847,0.0983515307307243,0.0318104550242424,0.0555037409067154,0.0353216044604778,0.0634299516677856,0.0223842635750771,0.0460306592285633,0.0357732027769089,0.0537814013659954,0.044828575104475,0.0582590326666832,0.0303871743381023,0.0642660185694695,0.0858797132968903,0.100222885608673,0.0521674230694771,0.0309259928762913,0.0978441014885902,0.0437242388725281,0.0912920013070107,0.0111984871327877,0.0242288261651993,0.0338881425559521,0.00431338744238019,0.0507627762854099,0.132065817713737,0.0786032751202583,0.11070104688406,0.0578214451670647,0.0137339252978563,0.0523655712604523,0.0363099612295628,0.0830190628767014,0.0680176392197609,0.0800418332219124,0.00815842859447002,0.0413185283541679,0.0145094664767385,0.0316572524607182,0.0110799334943295,0.0364697985351086,0.0249787382781506,0.0440660901367664,0.0598551630973816,0.0249582175165415,-0.0109605407342315,0.0406607277691364,0.0698731318116188,0.072453111410141,0.0280838962644339,0.0189773645251989,0.0466686747968197,0.0221881214529276,0.078217975795269
-0.0609957538545132,-0.0470222495496273,-0.0414687283337116,-0.0229250025004148,-0.0122079271823168,0.226752266287804,0.187363490462303,-0.00951856281608343,0.0110587067902088,-0.0752001106739044,-0.0689413771033287,-0.0514057613909245,-0.0257124826312065,-0.0225284900516272,0.235066831111908,0.175899818539619,-0.00275315390899777,0.0141179915517569,0.26862770318985,0.0258231069892645,0.192801788449287,0.323085457086563,0.161987334489822,0,0.327031433582306,0.350580483675003,0.0918008685112,0.526018381118774,0.101627692580223,0.512016177177429,0.187861278653145,0.190362960100174,0.338320285081863,0.109492100775242,0.116469085216522,0.0364998951554298,0.0867645069956779,0.287484616041183,0.116534873843193,-0.0526505298912525,0.157888635993004,0.117133900523186,0.051083754748106,-0.0338095501065254,0.0942135527729988,0.517134487628937,0.343224674463272,0.0160680580884218,0.0681780725717545,0.147797331213951,0.125657394528389,0.141004458069801,0.255174249410629,0.0438667051494122,0.040364570915699,0.293568104505539,0.106269225478172,0.817855954170227,0.194509416818619,0.353673487901688,0.0923885777592659,0.493351399898529,0.0682244300842285,0.510312557220459,0.150157168507576,0.176573634147644,0.35596838593483,0.111225135624409,0.0918172970414162,-0.0362098105251789,0.116465978324413,0.210123717784882,0.161368250846863,-0.0446608290076256,0.193409875035286,0.160845175385475,0.0449090003967285,-0.0857653543353081,0.0505774915218353,0.510753870010376,0.279800713062286,0.000695586088113487,0.0406289510428905,0.134458646178246,0.0986495688557625,0.0989642590284348
