0,0.336071401834488,0.261981934309006,0.277219206094742,0.0869602188467979,-0.00369653943926096,-0.0889998823404312,0.0623247399926186,0.210458397865295,0.719368696212769,0.417468726634979,0.354680597782135,0.290593475103378,0.114419661462307,0.00405291747301817,-0.0991967394948006,0.0421482883393764,0.263751029968262,-0.158309727907181,0.232191026210785,0.0567451566457748,-0.0116524333134294,0.0265213698148727,-0.0454192608594894,0.0674830004572868,0.134831443428993,0.105945661664009,0.0406887233257294,0.189016088843346,0.0212613046169281,-0.146843478083611,-0.103958904743195,0.0230600517243147,0.129219442605972,0.0875561982393265,-0.0687733516097069,0.00696133589372039,0.131030350923538,0.0752619206905365,0.364701211452484,0.0785654857754707,0.195644989609718,0.0984274074435234,0.359471410512924,0.0341374427080154,0.190017089247704,-0.163947254419327,0.344420403242111,-0.100131407380104,-0.0660917013883591,0.0407925695180893,0.23304457962513,-0.032091312110424,0.275963455438614,0.42210865020752,-0.007969387806952,0.0375263877213001,-0.0655723959207535,0.38071072101593,0.248761132359505,0.205192044377327,0.0170857794582844,0.322854667901993,-0.0159010328352451,-0.0205426216125488,0.140707895159721,0.0328488163650036,0.136711835861206,0.391350418329239,0.199365168809891,0.301773577928543,0.142609253525734,0.0760992467403412,0.450705021619797,0.176808148622513,0.329279780387878,0.180773481726646,0.59928572177887,0.407708257436752,0.209810435771942,-0.122323617339134,0.537021100521088,0.0118812099099159,-0.0819789916276932,0.0556929297745228,0.283377438783646
0.336071401834488,0,0.24859693646431,0.277470827102661,0.113245658576488,0.0171487238258123,-0.0759350955486298,0.0698292180895805,0.221173018217087,0.351594269275665,0.491023987531662,0.267666012048721,0.261848509311676,0.0984492748975754,-0.00305170635692775,-0.0911765173077583,0.0571194551885128,0.207506060600281,-0.106688737869263,0.265596151351929,0.0439939647912979,0.0952731519937515,0.0231744013726711,-0.0453280508518219,0.063527449965477,0.0491526313126087,0.141379684209824,0.0858896896243095,0.14851850271225,0.138026341795921,-0.0275133792310953,-0.101246707141399,0.0208032727241516,0.175483569502831,0.116869144141674,-0.0737604051828384,0.00902260188013315,0.235035941004753,0.145405128598213,0.331256300210953,0.132215797901154,0.194281563162804,0.162405788898468,0.217160686850548,0.168158054351807,0.141200348734856,-0.0974888056516647,0.23869115114212,-0.0454271771013737,-0.0561453737318516,0.17188335955143,0.299255847930908,-0.114780679345131,0.259685933589935,0.0613185130059719,0.0935080647468567,0.0169418323785067,-0.0655936002731323,0.0654591247439384,0.00254315882921219,0.129674583673477,0.0804235860705376,0.134627595543861,0.0938174575567245,-0.0078115058131516,-0.0846969187259674,-0.0101827457547188,0.108233273029327,0.165357396006584,-0.0366874411702156,0.0796517208218575,0.264424800872803,0.0958309918642044,0.315317094326019,0.109357506036758,0.188072055578232,0.151225790381432,0.187464758753777,0.165673047304153,0.0801200494170189,-0.108517281711102,0.229065418243408,-0.045483436435461,-0.0707880780100822,0.15596267580986,0.272769510746002
0.261981934309006,0.24859693646431,0,0.388412535190582,0.101102627813816,0.0345645025372505,-0.0183490719646215,0.141224220395088,0.142371937632561,0.280165642499924,0.267135560512543,0.576108038425446,0.375804841518402,0.0672774612903595,0.0301220752298832,-0.0341850779950619,0.116438321769238,0.153379052877426,-0.0262731444090605,0.198099792003632,0.117076151072979,0.0119501417502761,0.0119022987782955,-0.0295962262898684,0.0325134508311749,0.0502483621239662,0.0823751837015152,0.0140369348227978,0.194557890295982,0.0380829274654388,-0.000786561344284564,-0.0632984787225723,-0.0187346655875444,0.0590128004550934,0.232892274856567,-0.00651323888450861,0.142897948622704,0.0996623560786247,0.0220481250435114,0.194800540804863,0.0852273255586624,0.0874380841851234,0.170459166169167,0.249965474009514,0.20355860888958,0.0697545483708382,-0.0588392615318298,0.183359071612358,-0.0497564077377319,-0.0475516617298126,0.070938766002655,0.188125848770142,-0.0222068727016449,0.171735316514969,0.106504678726196,-0.00359753170050681,0.0346040427684784,-0.0514677315950394,0.0263663344085217,0.0287314224988222,0.0652645602822304,0.0202129222452641,0.162191316485405,0.00514332251623273,0.00414340989664197,-0.0743942856788635,-0.00997042190283537,0.0294086430221796,0.197363078594208,-0.0204571578651667,0.143670007586479,0.105583637952805,0.000795235682744533,0.192438319325447,0.0954598784446716,0.0754452124238014,0.11941359937191,0.167942821979523,0.158990263938904,0.0235996730625629,-0.0612543188035488,0.181025877594948,-0.0603640303015709,-0.0518627874553204,0.0822859257459641,0.176945000886917
0.277219206094742,0.277470827102661,0.388412535190582,0,0.193313643336296,0.0140115153044462,-0.00907118339091539,0.10427475720644,0.141252562403679,0.256384402513504,0.281226307153702,0.375398486852646,0.645251452922821,0.126678049564362,0.0056374347768724,-0.0210358668118715,0.0940777584910393,0.147091343998909,-0.0491421706974506,0.298735439777374,-0.0315716415643692,0.0429656282067299,0.013164222240448,-0.0132050961256027,-0.0905882716178894,0.0160859916359186,0.00755390245467424,0.0384888797998428,0.145716696977615,0.0615286491811275,-0.0294688493013382,-0.154039174318314,-0.0183880534023046,0.197934165596962,0.179596573114395,-0.0946951135993004,0.0629067644476891,0.136610075831413,0.207982748746872,0.208841994404793,0.295801848173141,0.0327083319425583,0.127989813685417,0.16092811524868,0.170085310935974,0.127273514866829,-0.00861456152051687,0.252022922039032,-0.0687202364206314,-0.0202598702162504,0.13984802365303,0.359366089105606,-0.0121807036921382,0.286035448312759,0.0132413348183036,0.0447788536548615,0.0140134822577238,-0.0301501099020243,-0.0520801395177841,-0.0141447214409709,0.0179577972739935,0.0419458858668804,0.150610402226448,0.0397517830133438,-0.0253377910703421,-0.133854657411575,0.00746667757630348,0.158607259392738,0.263579428195953,-0.0608166679739952,0.15639191865921,0.151417180895805,0.142007112503052,0.248798847198486,0.277745723724365,0.0702903419733047,0.128773152828217,0.177933365106583,0.182393550872803,0.10629515349865,-0.0265736244618893,0.312101453542709,-0.0630950480699539,-0.0557253696024418,0.13411246240139,0.353662371635437
0.0869602188467979,0.113245658576488,0.101102627813816,0.193313643336296,0,-0.00343365175649524,-0.0184446070343256,0.0196352656930685,0.0547014102339745,0.0983310714364052,0.104833461344242,0.11136869341135,0.167751863598824,0.0460434891283512,-0.00487480266019702,-0.0283469222486019,0.0181361362338066,0.0605034865438938,-0.0164784658700228,0.104511246085167,0.000992726185359061,0.0059961024671793,0.0119936587288976,-0.0113084362819791,-0.02163215726614,0.0034280545078218,-0.00648408802226186,-0.00823544710874557,0.071854367852211,0.008396633900702,-0.0284803584218025,-0.0349734798073769,-0.0101773459464312,0.0260781571269035,0.0727503970265388,0.00205741450190544,0.0508663058280945,0.0529566220939159,0.0808745101094246,0.0936338827013969,0.0961440280079842,0.00902807340025902,0.0521122813224792,0.0730521678924561,0.0668855533003807,0.0194640252739191,0.012194262817502,0.110289804637432,-0.0290684774518013,-0.0225797984749079,0.0641259923577309,0.145632490515709,-0.00585728231817484,0.111997202038765,-0.0159596875309944,-0.000768352125305682,-0.0122851459309459,-0.0326474420726299,-0.037294328212738,-0.00919865909963846,-0.00809588748961687,-0.00149145524483174,0.0631582289934158,-0.0044524441473186,-0.0223028957843781,-0.0461758263409138,-0.0183996725827456,0.0295678619295359,0.089392364025116,-0.0106175420805812,0.0651197209954262,0.0527765117585659,0.0629857778549194,0.0802597999572754,0.0858811363577843,-0.000546947994735092,0.0239223819226027,0.045881025493145,0.0500721037387848,-0.0024389352183789,-0.00694845896214247,0.108669869601727,-0.0375867076218128,-0.0213579311966896,0.0477416887879372,0.13104435801506
-0.00369653943926096,0.0171487238258123,0.0345645025372505,0.0140115153044462,-0.00343365175649524,0,0.170383006334305,0.0219941884279251,0.0868505239486694,0.0635462999343872,0.00219837599433959,0.0253721754997969,0.00482278876006603,-0.0152845792472363,0.434888184070587,0.167652919888496,0.0433421768248081,0.0707752481102943,0.0611041560769081,0.0428626760840416,0.139053896069527,0.100671395659447,0.135453283786774,0.220599547028542,0.238604694604874,0.125636532902718,0.337701678276062,0.132331356406212,0.0808771252632141,0.126368060708046,0.29797825217247,0.205558761954308,0.274480044841766,0.0742389708757401,-0.0344451628625393,0.0200975853949785,-0.0221955422312021,0.0863015949726105,0.0928502008318901,0.100569479167461,0.0561943128705025,0.269487053155899,0.231554239988327,-0.00129716214723885,0.172929435968399,0.0795087963342667,0.215833336114883,-0.0708266198635101,0.057427067309618,0.150749772787094,0.112988866865635,0.0793234184384346,0.0222316645085812,0.0284367371350527,-0.000176007393747568,0.0803546160459518,0.0881371721625328,0.213338419795036,0.126630023121834,0.0918838605284691,0.287209242582321,0.137139990925789,0.0121191758662462,0.113926500082016,0.276080846786499,0.13106794655323,0.236379444599152,0.0717735812067986,-0.118571452796459,-0.0567921698093414,-0.0950200408697128,0.0650954991579056,0.0992964282631874,0.0384650006890297,0.0535601079463959,0.222401052713394,0.15617761015892,-0.0885631889104843,0.0698430314660072,0.0467421784996986,0.184171989560127,-0.109107181429863,0.0535574182868004,0.124972499907017,0.0983847230672836,0.0494675673544407
-0.0889998823404312,-0.0759350955486298,-0.0183490719646215,-0.00907118339091539,-0.0184446070343256,0.170383006334305,0,-0.00724538415670395,-0.00631441175937653,-0.037741020321846,-0.0976762101054192,-0.0438991151750088,-0.0308432765305042,-0.0240072980523109,0.17598620057106,0.248787611722946,-0.00885489862412214,-0.028627771884203,0.151438117027283,-0.0376645177602768,0.056450329720974,0.0266751777380705,0.0770886465907097,0.180702954530716,0.0696831569075584,0.134073972702026,-0.00068932946305722,0.0742791965603828,0.0178260318934917,0.0411083027720451,0.163249716162682,0.170202493667603,0.069686621427536,0.0179654806852341,0.0245334189385176,0.0780999660491943,0.0759946256875992,-0.0106999892741442,0.0538051053881645,-0.118304044008255,0.0658433139324188,-0.0353707745671272,0.00291208294220269,-0.125067874789238,0.0603398345410824,0.0274843592196703,0.230858653783798,-0.0617395788431168,0.0431978516280651,0.133968114852905,0.0155677339062095,0.0299467146396637,0.0858904048800468,-0.0484886765480042,-0.065695121884346,0.0188405532389879,0.032083909958601,0.158776387572289,-0.0385642573237419,0.0741652473807335,-0.0257388968020678,0.0649997740983963,-0.0246824808418751,0.0358208231627941,0.0885382145643234,0.0847729966044426,0.0590287707746029,0.0234071109443903,-0.0604526698589325,-0.0198420621454716,-0.0279390327632427,-0.0283311996608973,0.058407548815012,-0.138103261590004,0.0667835846543312,-0.059529148042202,-0.0207545347511768,-0.187357679009438,-0.0282098669558764,0.0335801243782043,0.186286985874176,-0.128778114914894,0.0257288310676813,0.110483482480049,0.0036937277764082,-0.00693126861006021
0.0623247399926186,0.0698292180895805,0.141224220395088,0.10427475720644,0.0196352656930685,0.0219941884279251,-0.00724538415670395,0,0.0509959422051907,0.0374700091779232,0.0747111588716507,0.12759892642498,0.101092822849751,0.0137049620971084,0.0341459922492504,0.000953852839302272,0.10784487426281,0.0633753389120102,-0.0362771786749363,0.0865220874547958,-0.064098171889782,0.022468239068985,0.000709555926732719,-0.00850536115467548,-0.0468141436576843,-0.0222093481570482,0.0535338446497917,0.0203642249107361,0.0209693089127541,0.0128652397543192,0.0651387497782707,-0.0589414872229099,0.0238722991198301,0.0484998822212219,-0.0263774525374174,-0.0822374597191811,-0.0755427554249763,0.0484654568135738,0.0248722080141306,0.0682167410850525,0.017544012516737,0.045769177377224,0.119169570505619,-0.00399272050708532,0.00759939383715391,0.007993558421731,0.00802081450819969,-0.00256453128531575,-0.00389187596738338,0.00103165174368769,0.0441547930240631,0.0861938446760178,-0.02113819681108,0.0747579634189606,-0.0384806469082832,0.0259175933897495,-0.00374732469208539,-0.00121251528616995,-0.0182589367032051,0.00376111129298806,0.0683140084147453,0.0343835987150669,0.0313704237341881,0.00461547076702118,0.0651871934533119,-0.0386122316122055,0.00847314111888409,0.0455762632191181,0.0027613656129688,-0.0810012742877007,-0.0114244045689702,0.0532989501953125,0.016666404902935,0.0784104689955711,0.0359425432980061,0.0607836209237576,0.100978836417198,0.0216904412955046,0.0354670323431492,0.00999436154961586,0.0122870244085789,0.0546852089464664,-0.0141253834590316,0.00190356001257896,0.0540227368474007,0.0871490314602852
0.210458397865295,0.221173018217087,0.142371937632561,0.141252562403679,0.0547014102339745,0.0868505239486694,-0.00631441175937653,0.0509959422051907,0,0.22231650352478,0.229432910680771,0.130647405982018,0.13546247780323,0.0488020591437817,0.0727691575884819,-0.0215067788958549,0.0504572801291943,0.193704202771187,-0.0484219528734684,0.163630202412605,0.00448391167446971,0.0736360624432564,0.0201548784971237,0.00949632562696934,0.0313267707824707,0.00991201028227806,0.130618169903755,0.0264297146350145,0.0787119790911674,0.102682113647461,0.02137366309762,-0.0488936826586723,0.0665725395083427,0.120622664690018,0.0387429185211658,-0.0616214610636234,-0.0137352850288153,0.175190895795822,0.0993413254618645,0.189694568514824,0.076019823551178,0.152429476380348,0.136303648352623,0.10172650963068,0.0786670073866844,0.0611606575548649,0.00271399761550128,0.112513944506645,-0.0298894420266151,-0.0205702260136604,0.121376268565655,0.18898019194603,-0.0348388850688934,0.170477777719498,0.0421896763145924,0.0664545074105263,0.0317018441855907,-0.00506514078006148,0.0590616576373577,0.0214839857071638,0.144241005182266,0.0213438551872969,0.0934841483831406,0.090246208012104,0.059437844902277,-0.00990642048418522,0.0375615730881691,0.0707960799336433,0.0860460624098778,-0.0349257476627827,0.0394756682217121,0.180125921964645,0.0785795524716377,0.185229063034058,0.0689832642674446,0.174880817532539,0.135196909308434,0.106139808893204,0.12253612279892,0.0313242748379707,-0.000111062079668045,0.149566322565079,-0.0337489768862724,-0.00465899426490068,0.120838306844234,0.176141649484634
0.719368696212769,0.351594269275665,0.280165642499924,0.256384402513504,0.0983310714364052,0.0635462999343872,-0.037741020321846,0.0374700091779232,0.22231650352478,0,0.320463061332703,0.274381995201111,0.214231327176094,0.100258715450764,0.0558626912534237,-0.0524306148290634,0.0310798063874245,0.230610758066177,-0.0624465495347977,0.226740822196007,0.263669818639755,0.00909026153385639,0.0535724610090256,-0.0664693862199783,0.227515637874603,0.234636813402176,0.157751634716988,-0.0505062825977802,0.207922130823135,0.0236066225916147,-0.00655623059719801,0.0746157169342041,0.0546396821737289,0.203070938587189,0.233229398727417,0.09967140853405,0.197475671768188,0.134842768311501,0.275989979505539,0.307407468557358,0.279536306858063,0.244091615080833,0.0890054851770401,0.456157505512238,0.286437004804611,0.261769652366638,-0.120295703411102,0.391179114580154,-0.0151616334915161,0.00023251585662365,0.0364997573196888,0.228169992566109,-0.137545645236969,0.168366178870201,0.129981324076653,-0.00105889036785811,0.028604082763195,-0.0750194936990738,0.12683641910553,0.136718228459358,0.108890429139137,-0.0185055695474148,0.101733975112438,0.0104147791862488,-0.0119596682488918,0.0268573872745037,0.0383204407989979,0.133233264088631,0.140005648136139,0.0381492041051388,0.059642605483532,0.146755501627922,0.164465889334679,0.259269028902054,0.17187961935997,0.158660501241684,0.0540098063647747,0.227393478155136,0.105537973344326,0.10463161021471,-0.103443987667561,0.328213840723038,-0.0250249709933996,-0.0479223169386387,0.0568810477852821,0.191879212856293
0.417468726634979,0.491023987531662,0.267135560512543,0.281226307153702,0.104833461344242,0.00219837599433959,-0.0976762101054192,0.0747111588716507,0.229432910680771,0.320463061332703,0,0.324976325035095,0.308796852827072,0.113069891929626,-0.00662020966410637,-0.107409164309502,0.0918437093496323,0.246918976306915,-0.193226799368858,0.293331772089005,-0.0240913163870573,0.0783670991659164,0.0182169862091541,-0.0621196404099464,0.0117638828232884,-0.0160143375396729,0.143815204501152,0.0709952563047409,0.129142582416534,0.120316505432129,-0.0588570274412632,-0.186381340026855,0.0201587043702602,0.128580912947655,0.0328649878501892,-0.151430547237396,-0.0682570710778236,0.241368606686592,0.0680159851908684,0.343688726425171,0.0796728059649467,0.198551818728447,0.188647240400314,0.196243122220039,0.0757932737469673,0.106555707752705,-0.150170281529427,0.222442418336868,-0.0862581133842468,-0.0777928158640862,0.169387996196747,0.29293692111969,-0.133622020483017,0.308692932128906,0.149791195988655,0.0887593403458595,0.00963445566594601,-0.0859400182962418,0.15263195335865,0.00810890737921,0.194956213235855,0.0492630116641521,0.193466261029243,0.0794095695018768,-0.00178793631494045,-0.0585907995700836,0.0142346825450659,0.135329023003578,0.245974913239479,-0.00890233460813761,0.157839849591255,0.27483269572258,0.0529910884797573,0.399168819189072,0.121015571057796,0.269308000802994,0.204606041312218,0.31271505355835,0.266872823238373,0.0883217081427574,-0.127156659960747,0.321775704622269,-0.0371159054338932,-0.100556328892708,0.172373339533806,0.31378561258316
0.354680597782135,0.267666012048721,0.576108038425446,0.375398486852646,0.11136869341135,0.0253721754997969,-0.0438991151750088,0.12759892642498,0.130647405982018,0.274381995201111,0.324976325035095,0,0.400553494691849,0.0856959372758865,0.0248488951474428,-0.0355600528419018,0.143601283431053,0.153118506073952,-0.0746780559420586,0.207533776760101,0.0560372956097126,-0.0128136854618788,-0.0056942580267787,-0.0453249402344227,-0.00311909359879792,0.0278297383338213,0.0831834524869919,0.0271755736321211,0.189788177609444,0.0202539805322886,-0.0426799431443214,-0.131623834371567,-0.0197796430438757,0.0420992225408554,0.191113203763962,-0.0512085817754269,0.106844015419483,0.100801199674606,0.0153561271727085,0.22063921391964,0.0664457976818085,0.0678292065858841,0.174916818737984,0.225432097911835,0.118599399924278,0.0857571288943291,-0.0872711837291718,0.179126590490341,-0.0839890390634537,-0.0681353434920311,0.0696443617343903,0.197294026613235,-0.021221986040473,0.236868500709534,0.181542068719864,-0.0358316823840141,0.022965170443058,-0.0644655823707581,0.0859667062759399,0.0597292184829712,0.0901447236537933,0.00798898935317993,0.235614761710167,-0.0108815431594849,0.00742066511884332,-0.0459909178316593,0.0150141250342131,0.0443079620599747,0.280938297510147,0.0502902306616306,0.232696160674095,0.109268084168434,-0.0340524017810822,0.265418201684952,0.0839655473828316,0.121968038380146,0.185692101716995,0.282225847244263,0.234074607491493,0.0473291985690594,-0.0835088863968849,0.247088119387627,-0.0520572662353516,-0.056106198579073,0.0646267980337143,0.221440747380257
0.290593475103378,0.261848509311676,0.375804841518402,0.645251452922821,0.167751863598824,0.00482278876006603,-0.0308432765305042,0.101092822849751,0.13546247780323,0.214231327176094,0.308796852827072,0.400553494691849,0,0.144662469625473,0.00856774020940065,-0.0107267200946808,0.113688446581364,0.156280234456062,-0.0562312491238117,0.271029144525528,-0.0390946343541145,0.0426129288971424,0.0168353877961636,-0.0162810385227203,-0.0968633368611336,0.00305385584942997,-0.00564791448414326,0.0632117390632629,0.136903688311577,0.0591367483139038,-0.0694208517670631,-0.165639758110046,-0.021782711148262,0.17062546312809,0.152824550867081,-0.111016750335693,0.04875423386693,0.139595821499825,0.134731993079185,0.215939566493034,0.234120413661003,0.0159258674830198,0.111187003552914,0.137047931551933,0.127550736069679,0.114003397524357,-0.0333732888102531,0.231508910655975,-0.0844733417034149,-0.049233116209507,0.133406266570091,0.329138219356537,0.0132898027077317,0.293437540531158,0.0280269589275122,0.0359271541237831,0.0173157006502151,-0.0142934648320079,-0.0402475856244564,0.0305911265313625,0.00515638198703527,0.0572199672460556,0.18774388730526,0.0369069948792458,-0.038228090852499,-0.120689913630486,-0.0015106440987438,0.163719013333321,0.298072338104248,-0.0444492995738983,0.193690910935402,0.154064282774925,0.140488982200623,0.25068399310112,0.303239107131958,0.0697269886732101,0.12750244140625,0.198851317167282,0.193785652518272,0.111299633979797,0.00237003085203469,0.329158067703247,-0.0859498158097267,-0.0474176295101643,0.133229687809944,0.384443074464798
0.114419661462307,0.0984492748975754,0.0672774612903595,0.126678049564362,0.0460434891283512,-0.0152845792472363,-0.0240072980523109,0.0137049620971084,0.0488020591437817,0.100258715450764,0.113069891929626,0.0856959372758865,0.144662469625473,0,-0.00709401816129684,-0.0271416455507278,0.00620326213538647,0.0908073857426643,-0.0263818297535181,0.132431849837303,-0.0441299565136433,0.0184642598032951,0.0121224727481604,-0.0197479147464037,-0.02951505407691,-0.0205005444586277,0.0152174001559615,-0.00877147726714611,0.0341623947024345,0.0212223455309868,-0.0298037678003311,-0.0590086914598942,-0.000301468186080456,0.0628814175724983,0.0264945179224014,-0.0462197363376617,-0.00784816034138203,0.0634858459234238,0.0691196471452713,0.0918278470635414,0.072826474905014,0.0392067544162273,0.0566218569874763,0.0458315573632717,0.0519730597734451,0.0214754715561867,-0.0126915322616696,0.084131546318531,-0.0409626960754395,-0.0129560921341181,0.077422209084034,0.125839248299599,-0.0172743797302246,0.10685034096241,0.00108729349449277,0.019700838252902,0.00721414526924491,-0.0210569128394127,-0.00653120782226324,-0.00843262299895287,0.0269920770078897,-0.0101976608857512,0.0334321446716785,0.0226286128163338,-0.0110750254243612,-0.0323291197419167,-0.00567721715196967,0.0712170302867889,0.0794814452528954,-0.0335628762841225,0.0594324544072151,0.0759385526180267,0.073688305914402,0.0947270169854164,0.0916156843304634,0.0494925081729889,0.0700935646891594,0.0680002793669701,0.0944973155856133,0.00918782502412796,-0.0122061409056187,0.123721227049828,-0.0259230844676495,-0.0270258598029613,0.065253309905529,0.139407441020012
0.00405291747301817,-0.00305170635692775,0.0301220752298832,0.0056374347768724,-0.00487480266019702,0.434888184070587,0.17598620057106,0.0341459922492504,0.0727691575884819,0.0558626912534237,-0.00662020966410637,0.0248488951474428,0.00856774020940065,-0.00709401816129684,0,0.209567651152611,0.0399580523371696,0.0696804001927376,0.0465198718011379,0.0384848192334175,0.129010826349258,0.0882254764437675,0.109770037233829,0.229021370410919,0.222169473767281,0.126605495810509,0.322616696357727,0.127151310443878,0.0788733437657356,0.10703768581152,0.301591962575912,0.16916660964489,0.272049099206924,0.0741293281316757,-0.0368399806320667,-0.0155153935775161,-0.0459968745708466,0.0695159137248993,0.0758186355233192,0.0852106139063835,0.0537107810378075,0.257695108652115,0.238368928432465,-0.0206102430820465,0.156253769993782,0.0756964683532715,0.213615149259567,-0.0853466093540192,0.044574148952961,0.131991878151894,0.0960283130407333,0.0779216736555099,0.0309919305145741,0.0431045033037663,0.0518086887896061,0.0770761892199516,0.103805340826511,0.228201225399971,0.160505279898643,0.134831249713898,0.304699450731277,0.117136612534523,0.0508020333945751,0.101524576544762,0.266282767057419,0.152029350399971,0.280407547950745,0.067226804792881,-0.0877015665173531,-0.0553394705057144,-0.0733064636588097,0.0590412840247154,0.105396762490273,0.066855251789093,0.0522890724241734,0.246012210845947,0.17507192492485,-0.0615596994757652,0.0927796214818954,0.0719049870967865,0.205882281064987,-0.0856619626283646,0.0343985967338085,0.143028363585472,0.101077556610107,0.0744468346238136
-0.0991967394948006,-0.0911765173077583,-0.0341850779950619,-0.0210358668118715,-0.0283469222486019,0.167652919888496,0.248787611722946,0.000953852839302272,-0.0215067788958549,-0.0524306148290634,-0.107409164309502,-0.0355600528419018,-0.0107267200946808,-0.0271416455507278,0.209567651152611,0,0.0139232380315661,-0.005280667450279,0.113963916897774,-0.0351651534438133,0.0526791550219059,0.0234620701521635,0.0749817937612534,0.16935658454895,0.0513705424964428,0.123745940625668,-0.0110555216670036,0.0296585634350777,0.015767389908433,0.0304574482142925,0.13420957326889,0.129995703697205,0.0895893275737762,0.0171475950628519,0.00875196047127247,0.0465670935809612,0.0535533204674721,-0.0525980219244957,0.0357972681522369,-0.108038417994976,0.0645374357700348,-0.0318521000444889,0.00438228435814381,-0.107468128204346,0.0429850295186043,0.0276148840785027,0.195520773530006,-0.0646996349096298,0.0434560514986515,0.106569558382034,0.0109628150239587,0.0224307496100664,0.0950076431035995,-0.0395190417766571,-0.0219984445720911,0.0116135682910681,0.04330650344491,0.181950017809868,-0.0103741707280278,0.121588230133057,-0.0267542265355587,0.0281591545790434,-0.0057571860961616,0.0264917630702257,0.0979716405272484,0.0896194651722908,0.0988782718777657,0.0236811637878418,-0.0241547580808401,-0.00607684953138232,0.0117159793153405,-0.0596246160566807,0.0559911653399467,-0.127863332629204,0.0702918842434883,-0.0532321892678738,-0.0260779988020658,-0.142282202839851,-0.0182399973273277,0.0370819866657257,0.202501446008682,-0.0916165634989738,0.0246355216950178,0.130251452326775,0.00290212570689619,0.0164005812257528
0.0421482883393764,0.0571194551885128,0.116438321769238,0.0940777584910393,0.0181361362338066,0.0433421768248081,-0.00885489862412214,0.10784487426281,0.0504572801291943,0.0310798063874245,0.0918437093496323,0.143601283431053,0.113688446581364,0.00620326213538647,0.0399580523371696,0.0139232380315661,0,0.0648398250341415,-0.0234856717288494,0.0857175514101982,-0.0515677258372307,0.0308556966483593,0.0168847143650055,-0.00360659719444811,-0.0194940716028214,-0.0344263203442097,0.0789294019341469,0.0365384072065353,0.0154261011630297,0.0335846468806267,0.0538383610546589,-0.0686518028378487,0.00937381386756897,0.0298556853085756,-0.0198096539825201,-0.080950491130352,-0.0619616657495499,0.0476490221917629,0.00777530809864402,0.0627608299255371,-0.00280073587782681,0.0717935785651207,0.122697576880455,-0.012977953068912,0.0195540059357882,0.00444250041618943,0.0150776449590921,-0.0297924019396305,-0.0121886916458607,-0.0133114457130432,0.0427307225763798,0.063846692442894,-0.01276786159724,0.0764796435832977,-0.0381800010800362,0.0283748358488083,0.00578257441520691,0.0182004030793905,-0.0200623832643032,-0.0153555637225509,0.0686441361904144,0.0311613827943802,0.0225632227957249,0.0223060920834541,0.0484355315566063,-0.0375063642859459,0.0233565047383308,0.0357017330825329,-0.010445848107338,-0.102889128029346,-0.0265328176319599,0.0491419732570648,-0.000609835551586002,0.0698185637593269,0.00278231617994606,0.0711178258061409,0.114359930157661,0.0192436892539263,0.0176145732402802,0.00573968980461359,0.0213698428124189,0.0172128062695265,-0.0201134085655212,-0.00283502298407257,0.0450746975839138,0.0687474459409714
0.263751029968262,0.207506060600281,0.153379052877426,0.147091343998909,0.0605034865438938,0.0707752481102943,-0.028627771884203,0.0633753389120102,0.193704202771187,0.230610758066177,0.246918976306915,0.153118506073952,0.156280234456062,0.0908073857426643,0.0696804001927376,-0.005280667450279,0.0648398250341415,0,-0.0633746832609177,0.163358479738235,0.0317054837942123,0.0568848997354507,0.0441643111407757,0.0133365839719772,0.0534755028784275,0.0305521003901958,0.11985021084547,0.0259463451802731,0.0922378897666931,0.09439667314291,0.0158787406980991,-0.027217835187912,0.0737517178058624,0.0909105241298676,0.0305713377892971,-0.0524992868304253,-0.00638023111969233,0.165456339716911,0.0820104330778122,0.182348936796188,0.0677908435463905,0.15372996032238,0.134843230247498,0.113402560353279,0.0815156698226929,0.0631148591637611,0.0161605272442102,0.130685701966286,-0.0363329835236073,0.0257641393691301,0.167994111776352,0.193893358111382,-0.00456362403929234,0.180181592702866,0.0978254377841949,0.067840188741684,0.0278967227786779,0.0150655824691057,0.103820510208607,0.0442639775574207,0.145317703485489,0.0299725532531738,0.114974021911621,0.0828877612948418,0.0672521218657494,0.0207991693168879,0.0591323934495449,0.110911145806313,0.121433548629284,0.0116983484476805,0.0877349227666855,0.181021511554718,0.0788731575012207,0.202804699540138,0.0899128988385201,0.188888147473335,0.13849638402462,0.149530544877052,0.160357058048248,0.0593364723026752,0.0255603492259979,0.172886505723,0.000906319124624133,0.00193085835780948,0.13303904235363,0.214706286787987
-0.158309727907181,-0.106688737869263,-0.0262731444090605,-0.0491421706974506,-0.0164784658700228,0.0611041560769081,0.151438117027283,-0.0362771786749363,-0.0484219528734684,-0.0624465495347977,-0.193226799368858,-0.0746780559420586,-0.0562312491238117,-0.0263818297535181,0.0465198718011379,0.113963916897774,-0.0234856717288494,-0.0633746832609177,0,-0.0423423424363136,0.254660129547119,0.0253032948821783,0.0413878783583641,0.241262629628181,0.197285518050194,0.259895086288452,-0.177365586161613,0.0797476321458817,0.0819752141833305,0.0569456107914448,0.00382609479129314,0.558455288410187,-0.0138933230191469,-0.00980819948017597,0.500871181488037,0.247966736555099,0.557621479034424,-0.0500287562608719,0.063770204782486,-0.100211977958679,0.15987229347229,-0.0908733606338501,-0.144762098789215,0.020999887958169,0.193996667861938,0.0722612589597702,0.710310578346252,0.241997241973877,0.103157714009285,0.160075813531876,0.146928235888481,0.119069263339043,0.643142223358154,-0.0608978904783726,0.0323851145803928,0.00811612326651812,0.0173284020274878,0.199126109480858,0.000427622318966314,0.176234290003777,-0.216088458895683,0.0823718905448914,0.00390672357752919,0.0503448657691479,-0.0723984614014626,0.298382967710495,0.0135240023955703,0.00875498354434967,0.20832234621048,0.167527616024017,0.243085011839867,-0.0752715095877647,0.11081550270319,-0.166281536221504,0.120076507329941,-0.169849917292595,-0.128000855445862,-0.104120656847954,0.00786011945456266,0.047221552580595,0.589444160461426,0.0348209328949451,0.0442332290112972,0.159658640623093,0.158615589141846,0.0827019214630127
0.232191026210785,0.265596151351929,0.198099792003632,0.298735439777374,0.104511246085167,0.0428626760840416,-0.0376645177602768,0.0865220874547958,0.163630202412605,0.226740822196007,0.293331772089005,0.207533776760101,0.271029144525528,0.132431849837303,0.0384848192334175,-0.0351651534438133,0.0857175514101982,0.163358479738235,-0.0423423424363136,0,-0.124010890722275,0.177975475788116,0.053744625300169,0.0254772249609232,-0.121769607067108,-0.0146759944036603,0.00366275710985065,0.0370515882968903,0.201653763651848,0.198784172534943,-0.0981129333376884,-0.269283652305603,0.00746840331703424,0.397122144699097,0.195123791694641,-0.229097262024879,0.00883756298571825,0.284424841403961,0.340998589992523,0.411413371562958,0.407378673553467,0.0868940576910973,0.268944799900055,0.250619322061539,0.324347376823425,0.276592433452606,0.0591743104159832,0.370999276638031,-0.129653379321098,-0.045561108738184,0.286309152841568,0.570188164710999,0.0216210782527924,0.586108565330505,-0.109409630298615,0.18750262260437,0.0118646398186684,0.012700391933322,-0.119610421359539,0.00463602691888809,0.0497854687273502,0.0433505773544312,0.177421987056732,0.171184226870537,-0.0474024377763271,-0.240986809134483,0.0246370173990726,0.372839152812958,0.302184343338013,-0.242096945643425,0.119996920228004,0.28180655837059,0.298272997140884,0.441239535808563,0.403878003358841,0.156699106097221,0.267595291137695,0.235997632145882,0.288459271192551,0.227605551481247,0.0571814365684986,0.464614868164062,-0.155964523553848,-0.0816104933619499,0.238499864935875,0.556769549846649
0.0567451566457748,0.0439939647912979,0.117076151072979,-0.0315716415643692,0.000992726185359061,0.139053896069527,0.056450329720974,-0.064098171889782,0.00448391167446971,0.263669818639755,-0.0240913163870573,0.0560372956097126,-0.0390946343541145,-0.0441299565136433,0.129010826349258,0.0526791550219059,-0.0515677258372307,0.0317054837942123,0.254660129547119,-0.124010890722275,0,-0.140182629227638,0.0701382756233215,0.188707515597343,0.725728034973145,0.569452881813049,0.188715651631355,-0.0617680810391903,0.28222182393074,-0.0869152098894119,0.111430108547211,0.503913104534149,0.165732234716415,-0.0792191699147224,0.572881817817688,0.478965371847153,0.568259239196777,-0.128103390336037,-0.00506414612755179,0.0962574705481529,0.126012712717056,0.300879269838333,-0.0584268197417259,0.700364291667938,0.417040944099426,0.400805026292801,0.0670761093497276,0.469540297985077,0.0301570314913988,0.0111177396029234,-0.0225874502211809,-0.054239809513092,0.053427666425705,-0.131687551736832,0.648479700088501,-0.191044449806213,0.0648430287837982,0.115607224404812,0.522242486476898,0.321512430906296,0.055855318903923,-0.0261387657374144,0.0931398198008537,-0.0855379700660706,0.0518563278019428,0.32374706864357,0.126174286007881,-0.0705076679587364,0.255617320537567,0.366050869226456,0.227734729647636,-0.129152983427048,0.00815055705606937,-0.0358157455921173,0.0544969253242016,0.141052097082138,-0.135190933942795,0.261214256286621,0.0922995060682297,0.182572275400162,0.0537333860993385,0.0916956067085266,0.089127205312252,0.0273259002715349,-0.00692605832591653,-0.109238959848881
-0.0116524333134294,0.0952731519937515,0.0119501417502761,0.0429656282067299,0.0059961024671793,0.100671395659447,0.0266751777380705,0.022468239068985,0.0736360624432564,0.00909026153385639,0.0783670991659164,-0.0128136854618788,0.0426129288971424,0.0184642598032951,0.0882254764437675,0.0234620701521635,0.0308556966483593,0.0568848997354507,0.0253032948821783,0.177975475788116,-0.140182629227638,0,0.0184755064547062,0.336131155490875,0.0550079345703125,-0.139813482761383,0.13687938451767,0.239856138825417,0.0344675965607166,0.924438118934631,0.0128120854496956,-0.15354859828949,0.154534161090851,0.348152071237564,-0.0795984193682671,-0.195770382881165,-0.149131640791893,0.885524392127991,0.294467002153397,0.0940670967102051,0.281215220689774,0.287245452404022,0.08258967846632,-0.0239056870341301,0.0858605951070786,0.642270088195801,0.181412756443024,0.011567872017622,-0.0355040244758129,0.0162870492786169,0.198361977934837,0.239074692130089,0.0608151219785213,0.174409836530685,-0.228416129946709,0.974855363368988,0.00696073705330491,0.37509086728096,-0.0501178652048111,-0.0781483426690102,0.175558686256409,0.306839257478714,-0.0014415584737435,0.915951371192932,-0.00626163184642792,-0.184017390012741,0.168163061141968,0.322437465190887,-0.092697836458683,-0.254475921392441,-0.153189957141876,0.847754836082458,0.349410146474838,0.0987164527177811,0.304906666278839,0.328895747661591,0.0945887193083763,-0.0694220587611198,0.0102746579796076,0.59257572889328,0.162345290184021,0.0595537908375263,-0.0691406279802322,0.0165480878204107,0.168743327260017,0.220392197370529
0.0265213698148727,0.0231744013726711,0.0119022987782955,0.013164222240448,0.0119936587288976,0.135453283786774,0.0770886465907097,0.000709555926732719,0.0201548784971237,0.0535724610090256,0.0182169862091541,-0.0056942580267787,0.0168353877961636,0.0121224727481604,0.109770037233829,0.0749817937612534,0.0168847143650055,0.0441643111407757,0.0413878783583641,0.053744625300169,0.0701382756233215,0.0184755064547062,0,0.165174409747124,0.112070582807064,0.148780941963196,0.060304656624794,0.0388132892549038,0.0959736108779907,0.0442813187837601,0.0903016701340675,0.107564181089401,0.0994770675897598,0.0313277505338192,0.0696517080068588,0.0404671207070351,0.0738755092024803,0.0254078879952431,0.045528057962656,0.0453179329633713,0.0565794035792351,0.0475720018148422,0.0624343045055866,0.0453465208411217,0.0696138441562653,0.0925295650959015,0.109951287508011,0.0660754889249802,0.0323958173394203,0.106914781033993,0.0496686398983002,0.101937092840672,0.0175482109189034,0.026352871209383,0.0361575782299042,0.00896442122757435,0.0570776835083961,0.136134192347527,0.0733509063720703,0.11891758441925,0.0589782260358334,0.0306325051933527,0.0589554980397224,0.0410014502704144,0.082620196044445,0.0715266838669777,0.0874222218990326,0.0084017738699913,0.055147472769022,0.0108716227114201,0.0506010092794895,0.0177199523895979,0.0378211475908756,0.036167848855257,0.0484331920742989,0.060097374022007,0.0327565856277943,-0.00390676502138376,0.0447766035795212,0.0764210149645805,0.0804408937692642,0.0396115742623806,0.0174910053610802,0.0518565401434898,0.0298510696738958,0.0915178433060646
-0.0454192608594894,-0.0453280508518219,-0.0295962262898684,-0.0132050961256027,-0.0113084362819791,0.220599547028542,0.180702954530716,-0.00850536115467548,0.00949632562696934,-0.0664693862199783,-0.0621196404099464,-0.0453249402344227,-0.0162810385227203,-0.0197479147464037,0.229021370410919,0.16935658454895,-0.00360659719444811,0.0133365839719772,0.241262629628181,0.0254772249609232,0.188707515597343,0.336131155490875,0.165174409747124,0,0.318571180105209,0.347061485052109,0.0758031755685806,0.541771590709686,0.10216947644949,0.516713201999664,0.166554108262062,0.202680453658104,0.324574798345566,0.101704016327858,0.123882047832012,0.0422984845936298,0.0946832671761513,0.289308071136475,0.0902113169431686,-0.0444515570998192,0.142036244273186,0.106224037706852,0.0460106618702412,-0.0180487632751465,0.0993327349424362,0.513723909854889,0.329844206571579,0.00664697866886854,0.062935471534729,0.152446016669273,0.115587443113327,0.133144482970238,0.21978434920311,0.0454063415527344,0.0506167374551296,0.301588833332062,0.111357592046261,0.808238863945007,0.188101038336754,0.350288957357407,0.0820590034127235,0.501608192920685,0.075224369764328,0.512949585914612,0.133878499269485,0.178898394107819,0.347444117069244,0.110809870064259,0.108659259974957,-0.0291126314550638,0.133389741182327,0.221595600247383,0.147589296102524,-0.0335327610373497,0.183890983462334,0.151604399085045,0.043727234005928,-0.0672120451927185,0.0540864579379559,0.5146564245224,0.26233983039856,-0.00187567772809416,0.0420639254152775,0.135800763964653,0.0906469002366066,0.0978970527648926
