0,0.32087841629982,0.250782281160355,0.266123563051224,0.0846970230340958,-0.0169493742287159,-0.0927093550562859,0.0587007626891136,0.205233216285706,0.701383590698242,0.409749716520309,0.348845094442368,0.285378813743591,0.112114384770393,-0.00293602235615253,-0.0956245586276054,0.0375719889998436,0.260287880897522,-0.177637815475464,0.226973921060562,0.0477055013179779,-0.0208989642560482,0.0236893333494663,-0.0531554222106934,0.0355793572962284,0.128611102700233,0.0804040655493736,0.0429912507534027,0.18711119890213,0.0130764953792095,-0.165217131376266,-0.136964321136475,0.0135398944839835,0.117864526808262,0.0884741321206093,-0.078350655734539,0.00306102051399648,0.126802384853363,0.0561686344444752,0.352263689041138,0.0785043314099312,0.17375873029232,0.0782842561602592,0.351362496614456,-0.00313826743513346,0.189127624034882,-0.184205144643784,0.349286139011383,-0.114282436668873,-0.0673352628946304,0.0341617055237293,0.233016788959503,-0.0430343225598335,0.274617522954941,0.440387904644012,-0.0181254222989082,0.0389963835477829,-0.0697772204875946,0.385205954313278,0.263302326202393,0.190256670117378,0.0115554220974445,0.332797229290009,-0.0242324527353048,-0.0336443334817886,0.129060596227646,0.0293914675712585,0.129031628370285,0.412336409091949,0.208764299750328,0.321899175643921,0.13900426030159,0.0624749064445496,0.447174787521362,0.181960910558701,0.323334872722626,0.16773134469986,0.608563482761383,0.403522789478302,0.211623936891556,-0.124091349542141,0.549428105354309,0.00751501694321632,-0.0869459435343742,0.0471080727875233,0.288890689611435
0.32087841629982,0,0.232222408056259,0.259829074144363,0.11008808016777,0.0208975076675415,-0.0732963606715202,0.0698955357074738,0.217482298612595,0.339037507772446,0.475547134876251,0.251827657222748,0.245877310633659,0.0926031693816185,0.00270216539502144,-0.0896942466497421,0.0538751222193241,0.20203760266304,-0.105744428932667,0.250452727079391,0.0462873317301273,0.0908467993140221,0.022960489615798,-0.0404694452881813,0.0593175143003464,0.0536183379590511,0.13819620013237,0.0859815552830696,0.142192468047142,0.135947301983833,-0.0280204322189093,-0.1013458147645,0.0242386218160391,0.179172232747078,0.115212254226208,-0.0733826383948326,0.00794072169810534,0.228840589523315,0.148403063416481,0.315966576337814,0.1375402957201,0.188006117939949,0.152106776833534,0.204115703701973,0.157764211297035,0.142059311270714,-0.100396730005741,0.230442360043526,-0.0458191819489002,-0.0511235259473324,0.162369221448898,0.286737680435181,-0.112755484879017,0.245183289051056,0.0636622235178947,0.0890102311968803,0.0187587514519691,-0.0610768646001816,0.0614204928278923,0.00591670908033848,0.126341640949249,0.0760324224829674,0.127284079790115,0.0923197343945503,-0.0126690613105893,-0.0857805162668228,-0.00590780563652515,0.110397346317768,0.16014988720417,-0.0409997850656509,0.0722268670797348,0.258804053068161,0.101680055260658,0.302341163158417,0.11611320078373,0.182778313755989,0.139089569449425,0.170737206935883,0.159882545471191,0.079264871776104,-0.104825720191002,0.225539550185204,-0.0496701598167419,-0.0667211934924126,0.144642859697342,0.261668652296066
0.250782281160355,0.232222408056259,0,0.379347652196884,0.10296531021595,0.0377570763230324,-0.0145747773349285,0.142380401492119,0.141512811183929,0.275031924247742,0.254509091377258,0.570808887481689,0.365710258483887,0.0638986006379128,0.0358226895332336,-0.0285197664052248,0.113167628645897,0.148297756910324,-0.0227370746433735,0.194940581917763,0.123885214328766,0.00721261976286769,0.0102455765008926,-0.0271533150225878,0.0293004512786865,0.0551623292267323,0.0762748196721077,0.0191400405019522,0.19261009991169,0.0352255217730999,-0.00386870768852532,-0.065199576318264,-0.0179990641772747,0.0556399077177048,0.233932748436928,-0.00768504431471229,0.146000474691391,0.0979955643415451,0.0201459899544716,0.184999004006386,0.0886821374297142,0.0812244489789009,0.165040612220764,0.246079117059708,0.196759566664696,0.0676455497741699,-0.0584725812077522,0.176901400089264,-0.0503426529467106,-0.0445965006947517,0.0650331228971481,0.184744328260422,-0.0225592348724604,0.166731238365173,0.110709242522717,-0.00880088564008474,0.0349779054522514,-0.0481875538825989,0.0237732324749231,0.0313922986388206,0.0595390610396862,0.0204454138875008,0.15805658698082,0.000517291540745646,-0.000764104363042861,-0.0758715942502022,-0.00895445141941309,0.0293861459940672,0.193633213639259,-0.0256575550884008,0.138937473297119,0.1019002571702,0.00393710099160671,0.180310189723969,0.0959946736693382,0.0693680718541145,0.113243535161018,0.160242184996605,0.150736197829247,0.0176281407475471,-0.0561880692839622,0.172475546598434,-0.0635770633816719,-0.0502576716244221,0.0762100219726562,0.171286851167679
0.266123563051224,0.259829074144363,0.379347652196884,0,0.192810699343681,0.0140999974682927,-0.00414665462449193,0.102197743952274,0.136767670512199,0.246678799390793,0.268606334924698,0.368175685405731,0.635338068008423,0.121985882520676,0.00900394376367331,-0.0118612172082067,0.0932387560606003,0.142226800322533,-0.0467764809727669,0.284818947315216,-0.0334117040038109,0.0362054817378521,0.0101680383086205,-0.0104304905980825,-0.0989905744791031,0.0144019145518541,0.0013735736720264,0.0408396609127522,0.137200832366943,0.0528726205229759,-0.0316198989748955,-0.156262740492821,-0.0194070637226105,0.195432767271996,0.176900997757912,-0.0949716940522194,0.0624039471149445,0.128966897726059,0.202704682946205,0.189136609435081,0.295827507972717,0.0238126777112484,0.117116838693619,0.143391817808151,0.15662944316864,0.120974205434322,-0.00762368133291602,0.240603521466255,-0.0716305375099182,-0.0158369205892086,0.130638718605042,0.348994642496109,-0.00632883934304118,0.27152156829834,0.0147962141782045,0.0367986150085926,0.015391175635159,-0.028098538517952,-0.0569311119616032,-0.0146662099286914,0.0107627604156733,0.0419873297214508,0.144889757037163,0.0311470851302147,-0.0282273925840855,-0.134772226214409,0.0106704570353031,0.156518131494522,0.26111963391304,-0.0655758455395699,0.150507166981697,0.144597798585892,0.143470942974091,0.234022185206413,0.28207141160965,0.062248345464468,0.116900488734245,0.164833799004555,0.174176529049873,0.0990287140011787,-0.0228132363408804,0.303214639425278,-0.0674668923020363,-0.0529073774814606,0.124313458800316,0.343183130025864
0.0846970230340958,0.11008808016777,0.10296531021595,0.192810699343681,0,-0.00417942181229591,-0.0185148455202579,0.0193697120994329,0.0543931759893894,0.0939551591873169,0.103348016738892,0.112825885415077,0.168825879693031,0.04349335283041,-0.00594664691016078,-0.0269031152129173,0.0201814398169518,0.058596383780241,-0.0180634502321482,0.101682394742966,0.00209905835799873,0.0028013929259032,0.0126831866800785,-0.0102253425866365,-0.0219799112528563,0.00566814839839935,-0.00686484575271606,-0.00701498845592141,0.068997710943222,0.0072240075096488,-0.0283949691802263,-0.0370807573199272,-0.0113656716421247,0.0214020255953074,0.0734660774469376,6.32498413324356e-05,0.0510920211672783,0.0515348091721535,0.077349990606308,0.0875651612877846,0.0938489586114883,0.00731451064348221,0.0523518770933151,0.068151630461216,0.0636257380247116,0.0164822842925787,0.0089156199246645,0.106209464371204,-0.0297450870275497,-0.0211815144866705,0.0614132024347782,0.143000885844231,-0.00518145691603422,0.108510494232178,-0.0129656000062823,-0.00293961260467768,-0.0126555049791932,-0.0318956337869167,-0.037462517619133,-0.00812765769660473,-0.00806083902716637,-0.00188142678234726,0.0634046271443367,-0.00520413415506482,-0.0254002697765827,-0.0468071773648262,-0.0178536418825388,0.0267475079745054,0.0899335518479347,-0.0108886985108256,0.0642538815736771,0.051959753036499,0.062020868062973,0.0749246850609779,0.0848734900355339,-0.00158087501768023,0.0226713456213474,0.0430147089064121,0.0491883754730225,-0.00483230734243989,-0.00729047553613782,0.104709111154079,-0.0383068919181824,-0.0239115115255117,0.0444087907671928,0.128920376300812
-0.0169493742287159,0.0208975076675415,0.0377570763230324,0.0140999974682927,-0.00417942181229591,0,0.16808794438839,0.021086610853672,0.0881443619728088,0.0638458132743835,0.00537206092849374,0.0263665150851011,0.00407151039689779,-0.0167942102998495,0.435338616371155,0.169408932328224,0.0442745201289654,0.0736522302031517,0.061019092798233,0.0462808422744274,0.147045746445656,0.0999433398246765,0.132678717374802,0.2164146900177,0.24419379234314,0.128600865602493,0.34408912062645,0.120838731527328,0.0831808298826218,0.122073657810688,0.301570951938629,0.204693377017975,0.273382604122162,0.0769331604242325,-0.0340034291148186,0.0185949318110943,-0.0228057336062193,0.0859039649367332,0.0937452614307404,0.106931455433369,0.0565383657813072,0.274828284978867,0.236268281936646,0.00194055156316608,0.178538978099823,0.0777203366160393,0.214690789580345,-0.0761437118053436,0.0603731125593185,0.151703327894211,0.112252801656723,0.080775573849678,0.022534254938364,0.0274823606014252,-0.00786042958498001,0.078061006963253,0.0861115083098412,0.204353392124176,0.114624984562397,0.0827141851186752,0.290452003479004,0.126592770218849,0.00796699523925781,0.108524933457375,0.273780286312103,0.122842706739902,0.232096433639526,0.0707059130072594,-0.127768144011497,-0.072880819439888,-0.102758251130581,0.0643470734357834,0.0964296758174896,0.0351789966225624,0.0503082945942879,0.219674229621887,0.158462330698967,-0.103054963052273,0.0570838190615177,0.0398728065192699,0.182239890098572,-0.11714132130146,0.044937439262867,0.123061448335648,0.0974812582135201,0.0467463582754135
-0.0927093550562859,-0.0732963606715202,-0.0145747773349285,-0.00414665462449193,-0.0185148455202579,0.16808794438839,0,-0.00839392654597759,-0.00514329364523292,-0.0316584296524525,-0.0948284789919853,-0.040176946669817,-0.0225375909358263,-0.0204342976212502,0.174242556095123,0.249226674437523,-0.00791008677333593,-0.0257753524929285,0.154328748583794,-0.0338905826210976,0.0529020167887211,0.0263162795454264,0.0758051872253418,0.179189845919609,0.0700689479708672,0.134999975562096,0.00340876984409988,0.0688044279813766,0.0177906081080437,0.0366477593779564,0.168525278568268,0.170462861657143,0.0685186460614204,0.0192656200379133,0.025798162445426,0.0788633972406387,0.0780081078410149,-0.013968737795949,0.0564161278307438,-0.113733425736427,0.067292794585228,-0.0334184020757675,0.00421681348234415,-0.122604735195637,0.0654175579547882,0.0273837298154831,0.23340031504631,-0.0614509023725986,0.0466902814805508,0.133132249116898,0.0160012785345316,0.0331950448453426,0.0929939299821854,-0.0496098324656487,-0.0751549676060677,0.0164609625935555,0.029163733124733,0.156585276126862,-0.0432709604501724,0.070578396320343,-0.0261623896658421,0.0587740875780582,-0.0254519023001194,0.0307055041193962,0.0877845287322998,0.0819768980145454,0.0533813051879406,0.023166524246335,-0.0652009397745132,-0.0272710677236319,-0.0319518409669399,-0.0323754996061325,0.0569967702031136,-0.139154031872749,0.0642609521746635,-0.0612757131457329,-0.022884564474225,-0.193612962961197,-0.03470578789711,0.0309897605329752,0.187774732708931,-0.131095424294472,0.020684290677309,0.108730405569077,0.00359584321267903,-0.00702688843011856
0.0587007626891136,0.0698955357074738,0.142380401492119,0.102197743952274,0.0193697120994329,0.021086610853672,-0.00839392654597759,0,0.049405038356781,0.0344488173723221,0.0715426504611969,0.129640161991119,0.100802563130856,0.0130319064483047,0.0354034602642059,0.00327287241816521,0.108466416597366,0.0637445598840714,-0.0323301255702972,0.086369588971138,-0.0611154176294804,0.0192794594913721,-0.000590166950132698,-0.00630196556448936,-0.0473604016005993,-0.022649459540844,0.0534823313355446,0.0231091696768999,0.0208722967654467,0.0121437925845385,0.0648151114583015,-0.0596824809908867,0.0253164004534483,0.0482862554490566,-0.0284168161451817,-0.0860559269785881,-0.0771194472908974,0.0450481548905373,0.0236492156982422,0.0660720095038414,0.0153638049960136,0.0453723669052124,0.118658311665058,-0.00483457883819938,0.00547175435349345,0.00722501985728741,0.00884092506021261,-0.00281894765794277,-0.00378087698481977,0.00150892767123878,0.0428958311676979,0.0855533257126808,-0.0186855420470238,0.0732427686452866,-0.0388585589826107,0.0234617106616497,-0.00641169911250472,0.000975495844613761,-0.0208604652434587,0.00438241101801395,0.0707232281565666,0.0366441458463669,0.0296076033264399,0.00307012419216335,0.0619885362684727,-0.0410991571843624,0.0102951042354107,0.0451440513134003,0.00225797784514725,-0.086990512907505,-0.0146856075152755,0.0509236045181751,0.0173712465912104,0.0758456736803055,0.0367387123405933,0.0592526942491531,0.100014567375183,0.0183833092451096,0.0297983810305595,0.0113363470882177,0.0163834244012833,0.0558682978153229,-0.0176608208566904,0.00168666685931385,0.0519022606313229,0.0880069062113762
0.205233216285706,0.217482298612595,0.141512811183929,0.136767670512199,0.0543931759893894,0.0881443619728088,-0.00514329364523292,0.049405038356781,0,0.219390779733658,0.226289331912994,0.127297922968864,0.132207304239273,0.0462701208889484,0.075536772608757,-0.0187632441520691,0.048861175775528,0.19255156815052,-0.0471854396164417,0.160448893904686,0.00771385757252574,0.0708080679178238,0.0182346720248461,0.0135338800027966,0.03165153414011,0.0157553907483816,0.129042565822601,0.0278387870639563,0.0764982625842094,0.103139832615852,0.0225122552365065,-0.048853300511837,0.0667969435453415,0.122397720813751,0.0407755970954895,-0.0606722682714462,-0.0133142294362187,0.174637287855148,0.094697080552578,0.184366539120674,0.0753697380423546,0.151497885584831,0.13204587996006,0.0977402254939079,0.0743164867162704,0.0593864843249321,0.000267429277300835,0.108345195651054,-0.0282454341650009,-0.0170210655778646,0.116722926497459,0.183054000139236,-0.0338286757469177,0.167120233178139,0.0455820262432098,0.0622843652963638,0.0302617326378822,-0.00428601540625095,0.0580215565860271,0.0260050445795059,0.142158105969429,0.0192071925848722,0.090501070022583,0.0890819653868675,0.0582819990813732,-0.0116692380979657,0.0392967984080315,0.0710568577051163,0.0867811888456345,-0.0377806909382343,0.0387821197509766,0.179819688200951,0.0763308182358742,0.17886283993721,0.0697832480072975,0.172339901328087,0.13017700612545,0.0987123399972916,0.117954082787037,0.0270269867032766,0.000215483829379082,0.148618385195732,-0.0366048738360405,-0.00320376572199166,0.114993527531624,0.171726360917091
0.701383590698242,0.339037507772446,0.275031924247742,0.246678799390793,0.0939551591873169,0.0638458132743835,-0.0316584296524525,0.0344488173723221,0.219390779733658,0,0.30800598859787,0.26813679933548,0.206612482666969,0.0957100391387939,0.057811576873064,-0.0450155474245548,0.0267215594649315,0.221799850463867,-0.068237192928791,0.218370780348778,0.278205156326294,0.00917486380785704,0.0554131083190441,-0.0599193945527077,0.226546794176102,0.2397221326828,0.149404630064964,-0.0469021238386631,0.209109202027321,0.0236587822437286,-0.004368731752038,0.0625087097287178,0.0548737235367298,0.19326688349247,0.237744033336639,0.0977335572242737,0.201570376753807,0.134950667619705,0.258117288351059,0.297173738479614,0.277438938617706,0.236460104584694,0.0822281762957573,0.454884171485901,0.273856997489929,0.266150832176208,-0.119067385792732,0.376675188541412,-0.0216775964945555,0.00336415995843709,0.0322925858199596,0.225064128637314,-0.145739793777466,0.161584943532944,0.140341475605965,-0.00177790340967476,0.0303339920938015,-0.0758828520774841,0.11742191016674,0.136670306324959,0.100147783756256,-0.0244220346212387,0.0991311222314835,0.00772916758432984,-0.0119159687310457,0.00843841675668955,0.0396148301661015,0.127867221832275,0.141964912414551,0.0293728839606047,0.0579615198075771,0.147036328911781,0.157436400651932,0.249082967638969,0.172813147306442,0.153205648064613,0.0439671948552132,0.2143414914608,0.0866473391652107,0.102057747542858,-0.0956375449895859,0.318646997213364,-0.0305370502173901,-0.0528940558433533,0.0515484325587749,0.188188344240189
0.409749716520309,0.475547134876251,0.254509091377258,0.268606334924698,0.103348016738892,0.00537206092849374,-0.0948284789919853,0.0715426504611969,0.226289331912994,0.30800598859787,0,0.314124643802643,0.295617312192917,0.108504854142666,-0.00551873445510864,-0.104037374258041,0.089872382581234,0.242982268333435,-0.192356675863266,0.280485510826111,-0.0253521259874105,0.0715425908565521,0.0198253225535154,-0.0579218231141567,0.00172602210659534,-0.0134342182427645,0.137304604053497,0.0718292444944382,0.122164204716682,0.117710009217262,-0.0653102397918701,-0.190341740846634,0.0209229458123446,0.129605144262314,0.0300063956528902,-0.154728725552559,-0.071440227329731,0.237791836261749,0.0719043612480164,0.330810755491257,0.0829173848032951,0.192361459136009,0.177546337246895,0.179374039173126,0.0601196736097336,0.104881696403027,-0.15409779548645,0.218658939003944,-0.0875471830368042,-0.0730310305953026,0.163686767220497,0.283810526132584,-0.131691262125969,0.29901111125946,0.160171449184418,0.0824448391795158,0.0109049770981073,-0.0820267871022224,0.155476972460747,0.0156586710363626,0.194063439965248,0.043938834220171,0.193342015147209,0.0775271728634834,-0.00656489515677094,-0.0553679391741753,0.0189273580908775,0.135233864188194,0.249247774481773,-0.00845353119075298,0.158681809902191,0.27150571346283,0.0595701709389687,0.392102301120758,0.12805113196373,0.269908010959625,0.198208779096603,0.30548483133316,0.269416630268097,0.0851568579673767,-0.122613310813904,0.324231922626495,-0.0350772626698017,-0.0955793261528015,0.162588402628899,0.307704210281372
0.348845094442368,0.251827657222748,0.570808887481689,0.368175685405731,0.112825885415077,0.0263665150851011,-0.040176946669817,0.129640161991119,0.127297922968864,0.26813679933548,0.314124643802643,0,0.393486857414246,0.0830885469913483,0.0280475541949272,-0.0300418194383383,0.141980513930321,0.151410415768623,-0.0764487311244011,0.200120210647583,0.0571101605892181,-0.0151872606948018,-0.00781067693606019,-0.0419607944786549,-0.0106527591124177,0.0290158838033676,0.0747791081666946,0.0316816382110119,0.183922275900841,0.0190622173249722,-0.0503577776253223,-0.140186384320259,-0.0205169953405857,0.0389778912067413,0.194122940301895,-0.051594540476799,0.107828445732594,0.100350812077522,0.019553828984499,0.208211928606033,0.0735973939299583,0.0594039484858513,0.165119513869286,0.219115167856216,0.103697322309017,0.0866796895861626,-0.0873990878462791,0.175906881690025,-0.0859498009085655,-0.068898431956768,0.0659169778227806,0.196820437908173,-0.0234933774918318,0.229756861925125,0.188650444149971,-0.039120078086853,0.0223253909498453,-0.060890194028616,0.0870711132884026,0.0629581809043884,0.0843649879097939,0.00771586829796433,0.235577911138535,-0.014930828474462,0.000111564993858337,-0.0512118078768253,0.0153673058375716,0.0432659797370434,0.282587736845016,0.0485557019710541,0.230947852134705,0.105922766029835,-0.0269876606762409,0.25451934337616,0.0902319103479385,0.11727861315012,0.177506566047668,0.280463367700577,0.22903548181057,0.046468511223793,-0.0785448551177979,0.245523899793625,-0.0546147190034389,-0.0545320212841034,0.0583189465105534,0.218875303864479
0.285378813743591,0.245877310633659,0.365710258483887,0.635338068008423,0.168825879693031,0.00407151039689779,-0.0225375909358263,0.100802563130856,0.132207304239273,0.206612482666969,0.295617312192917,0.393486857414246,0,0.14076179265976,0.00960638094693422,-0.00388592574745417,0.11484082788229,0.153608918190002,-0.0543706379830837,0.256471663713455,-0.0420143455266953,0.0349368304014206,0.0157522261142731,-0.0132764205336571,-0.105278573930264,0.00240251794457436,-0.0126163559034467,0.0667987614870071,0.129476115107536,0.0520932637155056,-0.0726459920406342,-0.167677760124207,-0.020256819203496,0.164031520485878,0.148055821657181,-0.111290313303471,0.0461773350834846,0.132372081279755,0.128561079502106,0.198432207107544,0.23282952606678,0.00576510233804584,0.0987009704113007,0.119658604264259,0.110452190041542,0.107953682541847,-0.0343028679490089,0.220990002155304,-0.0877470746636391,-0.0420020036399364,0.124310374259949,0.318525552749634,0.0160769689828157,0.278653770685196,0.0301430337131023,0.0281037483364344,0.0175946038216352,-0.00981664191931486,-0.0427437797188759,0.0320244953036308,-0.000102896243333817,0.0569977350533009,0.184619516134262,0.0297528170049191,-0.0437931567430496,-0.121327370405197,-0.000552314275410026,0.157634034752846,0.295339107513428,-0.04619200527668,0.187495425343513,0.147528454661369,0.138590633869171,0.239343374967575,0.30193680524826,0.0633970275521278,0.115693010389805,0.188442304730415,0.185690358281136,0.10459154099226,0.00165340153034776,0.321053594350815,-0.0886777937412262,-0.0436925403773785,0.121478401124477,0.374200105667114
0.112114384770393,0.0926031693816185,0.0638986006379128,0.121985882520676,0.04349335283041,-0.0167942102998495,-0.0204342976212502,0.0130319064483047,0.0462701208889484,0.0957100391387939,0.108504854142666,0.0830885469913483,0.14076179265976,0,-0.00751609355211258,-0.0268971174955368,0.00538199162110686,0.0885681807994843,-0.0247455835342407,0.125704482197762,-0.041081428527832,0.0142740616574883,0.0129006868228316,-0.0191894825547934,-0.03102707862854,-0.0197708364576101,0.0105933807790279,-0.0085742212831974,0.0291525907814503,0.0190134756267071,-0.0306397005915642,-0.0594648793339729,-0.000219883397221565,0.0591748021543026,0.0258172173053026,-0.0467588230967522,-0.0101825771853328,0.0586489737033844,0.0660938024520874,0.082949161529541,0.0705370455980301,0.035815242677927,0.054016437381506,0.039485614746809,0.047031182795763,0.0183775518089533,-0.0127921439707279,0.0805429592728615,-0.043197724968195,-0.0122692873701453,0.072644330561161,0.121075235307217,-0.0155864479020238,0.103331848978996,0.00600160518661141,0.0150436675176024,0.00322287576273084,-0.019923260435462,-0.00288744457066059,-0.00654084701091051,0.0253821033984423,-0.0115103488788009,0.0316335894167423,0.0192372351884842,-0.0103657441213727,-0.030141294002533,-0.00604539271444082,0.0698426738381386,0.0807120501995087,-0.0328110679984093,0.0579975061118603,0.0706470534205437,0.0705656260251999,0.0882929563522339,0.0899720266461372,0.0480268038809299,0.0679304450750351,0.0675234198570251,0.0959272906184196,0.00659014796838164,-0.0107732070609927,0.121943511068821,-0.025347575545311,-0.0253873635083437,0.0585700236260891,0.132929310202599
-0.00293602235615253,0.00270216539502144,0.0358226895332336,0.00900394376367331,-0.00594664691016078,0.435338616371155,0.174242556095123,0.0354034602642059,0.075536772608757,0.057811576873064,-0.00551873445510864,0.0280475541949272,0.00960638094693422,-0.00751609355211258,0,0.215200006961823,0.0420805551111698,0.0717017278075218,0.0472218319773674,0.0405332408845425,0.136038348078728,0.0869152396917343,0.107957877218723,0.224169030785561,0.230515092611313,0.128849640488625,0.327579587697983,0.114018462598324,0.0842390358448029,0.102743223309517,0.304735898971558,0.170132145285606,0.271498680114746,0.0755613520741463,-0.0383677110075951,-0.0177930612117052,-0.0485152676701546,0.0671498402953148,0.0766816809773445,0.0908491760492325,0.0557797998189926,0.265634834766388,0.241097211837769,-0.0157967004925013,0.160865291953087,0.0759702324867249,0.209312587976456,-0.0883417278528214,0.0474688112735748,0.132789134979248,0.0929206237196922,0.0773642733693123,0.0340016968548298,0.0402791537344456,0.0470905527472496,0.0744806453585625,0.10396221280098,0.216909140348434,0.154166370630264,0.126905977725983,0.306536495685577,0.103673823177814,0.0479643009603024,0.0954550355672836,0.26645964384079,0.145709201693535,0.276263386011124,0.0660713464021683,-0.0958255082368851,-0.0693639665842056,-0.0802690461277962,0.0571507774293423,0.103610411286354,0.0627653375267982,0.0498726516962051,0.24977608025074,0.179123654961586,-0.0711273550987244,0.0836248695850372,0.06594168394804,0.200742110610008,-0.0937331318855286,0.02748092263937,0.140161171555519,0.096013531088829,0.0711612775921822
-0.0956245586276054,-0.0896942466497421,-0.0285197664052248,-0.0118612172082067,-0.0269031152129173,0.169408932328224,0.249226674437523,0.00327287241816521,-0.0187632441520691,-0.0450155474245548,-0.104037374258041,-0.0300418194383383,-0.00388592574745417,-0.0268971174955368,0.215200006961823,0,0.0172942131757736,-0.00226332410238683,0.116705693304539,-0.0323146022856236,0.051799688488245,0.0252841468900442,0.0739405602216721,0.169713497161865,0.0549893788993359,0.124369919300079,-0.00585325993597507,0.0199074223637581,0.0168684590607882,0.0289499256759882,0.138388529419899,0.12981316447258,0.0909636467695236,0.0221034195274115,0.00793878547847271,0.0459842532873154,0.0522967167198658,-0.0533638261258602,0.0426229164004326,-0.101035393774509,0.0694228559732437,-0.0222737547010183,0.00794429611414671,-0.103719599545002,0.0475921370089054,0.0311182327568531,0.200500413775444,-0.0659507140517235,0.0465538054704666,0.107795558869839,0.0132953878492117,0.027264965698123,0.10163689404726,-0.0382118634879589,-0.0272821057587862,0.0130738830193877,0.0432221703231335,0.17723885178566,-0.00961104221642017,0.119012095034122,-0.0238525494933128,0.0186243504285812,-0.00275443913415074,0.0238837394863367,0.0999170914292336,0.0867918506264687,0.0988754257559776,0.0242972522974014,-0.0284933671355247,-0.0160212814807892,0.00469202175736427,-0.0614225640892982,0.0579013377428055,-0.12728787958622,0.0712056830525398,-0.0463407449424267,-0.0253037288784981,-0.146296307444572,-0.0221072025597095,0.0372776724398136,0.206072434782982,-0.094054214656353,0.0239278767257929,0.130859285593033,0.00228084600530565,0.0196402985602617
0.0375719889998436,0.0538751222193241,0.113167628645897,0.0932387560606003,0.0201814398169518,0.0442745201289654,-0.00791008677333593,0.108466416597366,0.048861175775528,0.0267215594649315,0.089872382581234,0.141980513930321,0.11484082788229,0.00538199162110686,0.0420805551111698,0.0172942131757736,0,0.0666519552469254,-0.0209261942654848,0.084667019546032,-0.0518421716988087,0.0275893621146679,0.0150633873417974,-0.00372612336650491,-0.0231914985924959,-0.0369060561060905,0.079561173915863,0.035275612026453,0.0123728048056364,0.0306026563048363,0.0546285845339298,-0.0693660527467728,0.00973611325025558,0.0324509516358376,-0.0231404267251492,-0.0835948660969734,-0.0662606805562973,0.0431789383292198,0.0105181382969022,0.0592588521540165,-0.00102328381035477,0.0715546533465385,0.122021667659283,-0.0184169821441174,0.0152236027643085,-0.000341375824064016,0.0181576441973448,-0.0334891639649868,-0.0117794079706073,-0.0125842886045575,0.043224573135376,0.0633330047130585,-0.008176663890481,0.075486920773983,-0.0411671064794064,0.0270721279084682,0.00565676530823112,0.0175668820738792,-0.02259317971766,-0.0179608520120382,0.0694655478000641,0.0313396416604519,0.0194405056536198,0.0188525971025229,0.0483992137014866,-0.0379944406449795,0.023949271067977,0.0366007536649704,-0.0134038450196385,-0.108327366411686,-0.0305124297738075,0.0465783923864365,0.00181900418829173,0.0679299309849739,0.00363822351209819,0.0699331909418106,0.115639358758926,0.0125034358352423,0.013502006419003,0.00228736782446504,0.0274388566613197,0.0155174219980836,-0.0186747014522552,-0.00169105944223702,0.0454373843967915,0.0681970864534378
0.260287880897522,0.20203760266304,0.148297756910324,0.142226800322533,0.058596383780241,0.0736522302031517,-0.0257753524929285,0.0637445598840714,0.19255156815052,0.221799850463867,0.242982268333435,0.151410415768623,0.153608918190002,0.0885681807994843,0.0717017278075218,-0.00226332410238683,0.0666519552469254,0,-0.0655172094702721,0.158743247389793,0.0325679071247578,0.0549490377306938,0.042749185115099,0.0195361021906137,0.052957758307457,0.0329123623669147,0.122564293444157,0.02765635214746,0.0891014561057091,0.0954586789011955,0.0181028600782156,-0.031384315341711,0.0756360217928886,0.0893425419926643,0.0244541484862566,-0.0586164705455303,-0.0113112572580576,0.165987715125084,0.0779424980282784,0.179304510354996,0.0666145980358124,0.154090613126755,0.135362178087234,0.105555206537247,0.0747319385409355,0.0623631440103054,0.0100664300844073,0.125777781009674,-0.0353933498263359,0.0292398575693369,0.16347074508667,0.187526047229767,-0.00631429068744183,0.179128155112267,0.103182502090931,0.0654895156621933,0.0286312289535999,0.0163080990314484,0.10801187902689,0.0449859239161015,0.148428097367287,0.0289623066782951,0.117661260068417,0.0847996473312378,0.0699511766433716,0.0203973893076181,0.0630049854516983,0.108551554381847,0.120730847120285,0.00980654265731573,0.0878586024045944,0.181624472141266,0.0767353996634483,0.197608143091202,0.0905585661530495,0.193098232150078,0.140059649944305,0.14588463306427,0.16087831556797,0.0568342581391335,0.0224271398037672,0.16996967792511,-0.000963040336500853,0.00412018783390522,0.12653586268425,0.211620226502419
-0.177637815475464,-0.105744428932667,-0.0227370746433735,-0.0467764809727669,-0.0180634502321482,0.061019092798233,0.154328748583794,-0.0323301255702972,-0.0471854396164417,-0.068237192928791,-0.192356675863266,-0.0764487311244011,-0.0543706379830837,-0.0247455835342407,0.0472218319773674,0.116705693304539,-0.0209261942654848,-0.0655172094702721,0,-0.0305686593055725,0.230312526226044,0.0451080836355686,0.0371782705187798,0.257752418518066,0.184188291430473,0.262785732746124,-0.181397616863251,0.0789587199687958,0.0752687007188797,0.072066143155098,0.0173512436449528,0.550543546676636,-0.0180555637925863,0.000642880680970848,0.498876094818115,0.222734287381172,0.560302376747131,-0.0405758731067181,0.0834569409489632,-0.105960451066494,0.178477749228477,-0.0891304165124893,-0.140873104333878,0.0129841789603233,0.19907034933567,0.0864617973566055,0.728803515434265,0.231896564364433,0.105087272822857,0.154736906290054,0.158359497785568,0.130340024828911,0.63877260684967,-0.0518662296235561,0.00656226649880409,0.0294547043740749,0.0182355213910341,0.213185757398605,-0.0206935107707977,0.176335737109184,-0.219242200255394,0.0853059440851212,-0.00290729221887887,0.0679045766592026,-0.0681892558932304,0.28293651342392,0.0102418968454003,0.0148590635508299,0.202518537640572,0.140755891799927,0.245094642043114,-0.0686625987291336,0.124108582735062,-0.173138350248337,0.127013027667999,-0.17247673869133,-0.126902043819427,-0.11863586306572,-0.000927799090277404,0.0590611174702644,0.604030132293701,0.0287678260356188,0.0445642545819283,0.155308768153191,0.168452829122543,0.090051107108593
0.226973921060562,0.250452727079391,0.194940581917763,0.284818947315216,0.101682394742966,0.0462808422744274,-0.0338905826210976,0.086369588971138,0.160448893904686,0.218370780348778,0.280485510826111,0.200120210647583,0.256471663713455,0.125704482197762,0.0405332408845425,-0.0323146022856236,0.084667019546032,0.158743247389793,-0.0305686593055725,0,-0.104783937335014,0.168218925595284,0.0531732849776745,0.0314170122146606,-0.120694905519485,-0.0129163293167949,0.0121335405856371,0.0424114353954792,0.202204421162605,0.194582939147949,-0.090998537838459,-0.266161799430847,0.0133118946105242,0.383928894996643,0.197171747684479,-0.222039341926575,0.0127932941541076,0.279696851968765,0.329571187496185,0.400154560804367,0.398992538452148,0.0954128354787827,0.277394354343414,0.249792113900185,0.317698031663895,0.271032303571701,0.0580223426222801,0.369789302349091,-0.126232475042343,-0.041354488581419,0.280672043561935,0.560452222824097,0.0430258847773075,0.576282680034637,-0.0916647538542747,0.183862566947937,0.0135452691465616,0.0165201760828495,-0.108241029083729,0.00797531940042973,0.0535185560584068,0.049518808722496,0.17651079595089,0.16852131485939,-0.0432619899511337,-0.233436614274979,0.0311750117689371,0.361160904169083,0.305910140275955,-0.23982110619545,0.115288943052292,0.278999805450439,0.290937125682831,0.434701144695282,0.395759135484695,0.164718061685562,0.271332710981369,0.230137437582016,0.296804189682007,0.224032163619995,0.063364565372467,0.45971891283989,-0.156072095036507,-0.0776620656251907,0.229702353477478,0.547364413738251
0.0477055013179779,0.0462873317301273,0.123885214328766,-0.0334117040038109,0.00209905835799873,0.147045746445656,0.0529020167887211,-0.0611154176294804,0.00771385757252574,0.278205156326294,-0.0253521259874105,0.0571101605892181,-0.0420143455266953,-0.041081428527832,0.136038348078728,0.051799688488245,-0.0518421716988087,0.0325679071247578,0.230312526226044,-0.104783937335014,0,-0.12800806760788,0.0699446648359299,0.189807891845703,0.727248311042786,0.569802403450012,0.201539948582649,-0.077770784497261,0.285748451948166,-0.0768375173211098,0.121879063546658,0.490529388189316,0.17569138109684,-0.0882439464330673,0.560107469558716,0.455488234758377,0.558801770210266,-0.117899432778358,-0.0105705792084336,0.103493176400661,0.120778858661652,0.316370606422424,-0.0428838804364204,0.702228546142578,0.4151551425457,0.403559893369675,0.0654310137033463,0.447430223226547,0.0204073395580053,0.0102524803951383,-0.0258885007351637,-0.0523038245737553,0.0241794157773256,-0.121314473450184,0.639050602912903,-0.185009062290192,0.0630638003349304,0.109993368387222,0.514585256576538,0.310360074043274,0.0670096576213837,-0.0498951561748981,0.0826490521430969,-0.0783839523792267,0.0602148734033108,0.294421941041946,0.130287408828735,-0.0792732238769531,0.224576234817505,0.336517840623856,0.207025960087776,-0.124878652393818,0.00214435951784253,-0.0363334454596043,0.0379960983991623,0.154315188527107,-0.122824259102345,0.238154232501984,0.0654653534293175,0.167290389537811,0.0553448013961315,0.0607382170855999,0.0750101208686829,0.0226181652396917,-0.00259335828013718,-0.112151995301247
-0.0208989642560482,0.0908467993140221,0.00721261976286769,0.0362054817378521,0.0028013929259032,0.0999433398246765,0.0263162795454264,0.0192794594913721,0.0708080679178238,0.00917486380785704,0.0715425908565521,-0.0151872606948018,0.0349368304014206,0.0142740616574883,0.0869152396917343,0.0252841468900442,0.0275893621146679,0.0549490377306938,0.0451080836355686,0.168218925595284,-0.12800806760788,0,0.0191768519580364,0.340240895748138,0.0352919921278954,-0.130581825971603,0.115082293748856,0.245344489812851,0.0314621105790138,0.923446774482727,0.00867471285164356,-0.153237864375114,0.147377774119377,0.356828182935715,-0.066509984433651,-0.185278579592705,-0.136759638786316,0.881399512290955,0.295487731695175,0.0765499398112297,0.288674503564835,0.251679807901382,0.0725951939821243,-0.0272306818515062,0.0842272937297821,0.63825923204422,0.177081286907196,0.0113064656034112,-0.0353425741195679,0.0169774033129215,0.187513247132301,0.227306261658669,0.0879386067390442,0.16460807621479,-0.226388871669769,0.97420346736908,0.00149290892295539,0.386655569076538,-0.0714886263012886,-0.072670966386795,0.143220260739326,0.315331220626831,-0.00457879574969411,0.914132654666901,-0.0129286982119083,-0.188161283731461,0.164906993508339,0.323447972536087,-0.0838476195931435,-0.251395225524902,-0.149011090397835,0.845363140106201,0.346730798482895,0.0803482607007027,0.303340882062912,0.294572710990906,0.0827310606837273,-0.0851444825530052,0.00210096570663154,0.584076166152954,0.161485493183136,0.0545025281608105,-0.0745680257678032,0.016066325828433,0.157435595989227,0.207026958465576
0.0236893333494663,0.022960489615798,0.0102455765008926,0.0101680383086205,0.0126831866800785,0.132678717374802,0.0758051872253418,-0.000590166950132698,0.0182346720248461,0.0554131083190441,0.0198253225535154,-0.00781067693606019,0.0157522261142731,0.0129006868228316,0.107957877218723,0.0739405602216721,0.0150633873417974,0.042749185115099,0.0371782705187798,0.0531732849776745,0.0699446648359299,0.0191768519580364,0,0.159117326140404,0.11189404129982,0.145361810922623,0.0591751895844936,0.0334378816187382,0.0936841294169426,0.0435235016047955,0.0913750678300858,0.103159070014954,0.0967101752758026,0.0334884412586689,0.0664638429880142,0.0367710664868355,0.0696538165211678,0.0253857746720314,0.0500364601612091,0.0435459688305855,0.0587849281728268,0.0452687256038189,0.0598790682852268,0.044389259070158,0.0685315355658531,0.0939634889364243,0.10433691740036,0.0652449280023575,0.0312236305326223,0.101887308061123,0.0472535789012909,0.100389070808887,0.0154705373570323,0.0237436965107918,0.0333027876913548,0.00838917214423418,0.0555453673005104,0.127859011292458,0.0699159651994705,0.115003824234009,0.0569283962249756,0.0231586247682571,0.058082427829504,0.0409999825060368,0.080468937754631,0.0654310807585716,0.0828603133559227,0.0100023848935962,0.0498730093240738,0.00877597741782665,0.0406167656183243,0.0173291768878698,0.0396409742534161,0.0312676541507244,0.0481980927288532,0.0570903196930885,0.0302156321704388,-0.00848322454839945,0.0380921885371208,0.0743479132652283,0.075939767062664,0.0355137065052986,0.0145330810919404,0.0485763289034367,0.0269326642155647,0.0874560251832008
-0.0531554222106934,-0.0404694452881813,-0.0271533150225878,-0.0104304905980825,-0.0102253425866365,0.2164146900177,0.179189845919609,-0.00630196556448936,0.0135338800027966,-0.0599193945527077,-0.0579218231141567,-0.0419607944786549,-0.0132764205336571,-0.0191894825547934,0.224169030785561,0.169713497161865,-0.00372612336650491,0.0195361021906137,0.257752418518066,0.0314170122146606,0.189807891845703,0.340240895748138,0.159117326140404,0,0.302707642316818,0.350760817527771,0.0724991410970688,0.543902456760406,0.106350101530552,0.51959240436554,0.171900600194931,0.193421319127083,0.31588938832283,0.110592670738697,0.133540451526642,0.0399133376777172,0.100932747125626,0.293493211269379,0.100086696445942,-0.044423907995224,0.153971940279007,0.0960440561175346,0.0433853827416897,-0.0175091456621885,0.10003187507391,0.5148104429245,0.333640158176422,0.0158162228763103,0.0620380938053131,0.151420444250107,0.116069503128529,0.13677679002285,0.240192919969559,0.0453102216124535,0.0392739288508892,0.305680841207504,0.108793377876282,0.808858931064606,0.168244585394859,0.350107073783875,0.0690557435154915,0.502240121364594,0.07192312926054,0.514665126800537,0.131695777177811,0.166020482778549,0.340707927942276,0.114426046609879,0.109537832438946,-0.0404902659356594,0.127507328987122,0.224224790930748,0.152774438261986,-0.0393061302602291,0.191089153289795,0.137672767043114,0.0387842766940594,-0.0877530351281166,0.0401830673217773,0.512069940567017,0.262461066246033,-0.00276625575497746,0.0338863357901573,0.13416188955307,0.0900724306702614,0.0998187586665154
