0 0.32183 0.24689 0.25487 0.070408 -0.0194 -0.097025 0.052997 0.19795 0.71303 0.40381 0.34164 0.27031 0.10039 -0.012051 -0.089482 0.029732 0.24697 -0.16739 0.19754 0.049646 -0.0081707 0.020758 -0.056826 0.020569 0.13071 0.079439 0.017392 0.18265 0.0073617 -0.14827 -0.13824 -0.0015144 0.10039 0.084796 -0.05812 0.00092954 0.11068 0.044583 0.32204 0.065724 0.1642 0.078795 0.30995 0.036394 0.15864 -0.1645 0.31183 -0.096955 -0.073226 0.024951 0.20384 -0.066837 0.25181 0.40757 -0.01579 0.035399 -0.08046 0.34695 0.23691 0.17153 0.012549 0.31028 -0.029376 -0.036863 0.11254 0.018223 0.12761 0.35925 0.18929 0.27961 0.12108 0.051421 0.4139 0.16 0.29155 0.15712 0.56664 0.36695 0.19492 -0.12409 0.48805 0.0034617 -0.082821 0.025777 0.2417
0.32183 0 0.25937 0.27648 0.109 0.008271 -0.082563 0.077996 0.22836 0.35316 0.50401 0.27336 0.26546 0.10367 -0.013713 -0.09474 0.052879 0.21615 -0.10056 0.25233 0.053826 0.089036 0.02122 -0.043421 0.050901 0.067039 0.12606 0.077615 0.15154 0.12713 -0.034004 -0.10149 0.014456 0.15041 0.12578 -0.073264 0.011242 0.22304 0.11939 0.32294 0.11985 0.18094 0.16357 0.20487 0.18876 0.12348 -0.096178 0.23772 -0.05146 -0.056792 0.16707 0.27823 -0.12259 0.26394 0.064705 0.083559 0.020204 -0.07489 0.062871 -0.0096922 0.11931 0.064949 0.13132 0.086953 -0.025879 -0.087598 -0.012095 0.093168 0.1579 -0.044579 0.075436 0.25094 0.070335 0.30672 0.092242 0.17358 0.14962 0.16982 0.16507 0.05521 -0.11744 0.2071 -0.040498 -0.071832 0.14321 0.25259
0.24689 0.25937 0 0.39091 0.098634 0.026322 -0.024898 0.14608 0.14774 0.28943 0.27895 0.59711 0.38076 0.068951 0.016176 -0.039311 0.11125 0.14821 -0.029116 0.18871 0.10827 0.020817 0.0014959 -0.041574 0.0058353 0.047989 0.062821 0.0085232 0.18661 0.037127 -0.014538 -0.086193 -0.033668 0.043994 0.21986 -0.026067 0.12584 0.094813 -0.00022069 0.18985 0.087145 0.075447 0.16475 0.2328 0.20568 0.060756 -0.06883 0.1829 -0.04968 -0.063642 0.072306 0.17842 -0.040761 0.17253 0.078976 -0.0002685 0.035666 -0.0603 -0.00032373 0.0063421 0.046516 0.017353 0.14752 0.0092207 -0.015361 -0.099381 -0.021802 0.026148 0.16904 -0.048367 0.11802 0.10561 -0.017954 0.1806 0.08224 0.054971 0.11508 0.13803 0.12811 0.013145 -0.070875 0.15175 -0.05749 -0.056798 0.078453 0.15712
0.25487 0.27648 0.39091 0 0.18567 0.010227 -0.00091438 0.10485 0.13298 0.24904 0.28101 0.36925 0.64706 0.12578 0.0029287 -0.014671 0.093238 0.13856 -0.042728 0.29026 -0.041202 0.051914 0.0038145 -0.0022825 -0.11669 0.026445 -0.0041021 0.018359 0.14207 0.063338 -0.028501 -0.17053 -0.015511 0.20234 0.18204 -0.11229 0.055488 0.1293 0.19699 0.19231 0.30231 0.026859 0.12207 0.1275 0.19145 0.13186 0.0026676 0.26678 -0.069259 -0.025797 0.13631 0.36065 -0.024166 0.28869 -0.0037451 0.050087 0.012666 -0.024219 -0.072049 -0.020441 0.0072948 0.028313 0.14301 0.044156 -0.040606 -0.15418 0.011196 0.16698 0.24213 -0.086877 0.13433 0.14265 0.13521 0.23694 0.27975 0.057948 0.12211 0.1441 0.17286 0.10163 -0.022205 0.29577 -0.067567 -0.050882 0.12754 0.34236
0.070408 0.109 0.098634 0.18567 0 -0.004301 -0.019379 0.019735 0.051105 0.084044 0.10006 0.10566 0.16173 0.042706 -0.0079109 -0.030624 0.015056 0.048221 -0.013271 0.094078 -0.0063124 0.0083808 0.016912 -0.0022892 -0.026803 0.0088861 -0.018304 -0.0066894 0.072517 0.012197 -0.031076 -0.042692 -0.010541 0.019592 0.073403 -0.0039511 0.048583 0.049875 0.067855 0.081702 0.090843 0.00057728 0.052948 0.061624 0.067676 0.018744 0.01155 0.10923 -0.031096 -0.021239 0.062912 0.14042 -0.012226 0.11104 -0.025612 0.0042284 -0.014065 -0.022437 -0.041129 -0.013946 -0.016944 0.0028074 0.056037 0.0010112 -0.034011 -0.052115 -0.017988 0.02811 0.081227 -0.016453 0.054884 0.050597 0.055291 0.069802 0.080605 -0.0092814 0.019753 0.035683 0.04549 -0.0014491 -0.011531 0.097193 -0.040094 -0.01595 0.041904 0.12536
-0.0194 0.008271 0.026322 0.010227 -0.004301 0 0.17541 0.024848 0.087662 0.049169 -0.003036 0.018874 0.0079234 -0.019123 0.44701 0.18025 0.047684 0.06942 0.070964 0.048474 0.13153 0.096563 0.12852 0.22571 0.25322 0.11997 0.35578 0.11151 0.081289 0.1237 0.31734 0.21421 0.2799 0.088919 -0.044063 0.018571 -0.029865 0.087331 0.10139 0.10294 0.054373 0.27606 0.23112 -0.0043459 0.1544 0.07944 0.20734 -0.073102 0.070884 0.15551 0.10998 0.08063 0.032665 0.030716 -0.0077655 0.074141 0.083659 0.20991 0.12665 0.097197 0.30286 0.11256 0.013904 0.10733 0.28747 0.1234 0.2419 0.076899 -0.11965 -0.065093 -0.09128 0.062148 0.10496 0.037816 0.053493 0.22839 0.15682 -0.090258 0.059582 0.042903 0.1799 -0.092525 0.0568 0.12984 0.10449 0.058037
-0.097025 -0.082563 -0.024898 -0.00091438 -0.019379 0.17541 0 -0.00916 -0.006658 -0.040746 -0.10353 -0.048415 -0.023038 -0.024896 0.18201 0.25417 -0.0078678 -0.026648 0.14871 -0.023937 0.034983 0.024233 0.081266 0.18269 0.067986 0.12591 0.011313 0.061195 0.0054155 0.040347 0.17741 0.16689 0.078776 0.02681 0.011951 0.067131 0.062148 -0.0078251 0.054372 -0.11676 0.064697 -0.028919 0.0026361 -0.13594 0.045341 0.028177 0.22199 -0.071417 0.054557 0.13443 0.0077559 0.030296 0.097587 -0.046879 -0.07995 0.014223 0.031022 0.16217 -0.038731 0.085223 -0.017174 0.048933 -0.030362 0.037724 0.097491 0.077877 0.058021 0.025078 -0.061746 -0.035619 -0.033087 -0.026577 0.059761 -0.13443 0.062491 -0.047173 -0.015612 -0.18842 -0.029116 0.032965 0.18456 -0.11904 0.025691 0.11378 0.00047015 0.00080499
0.052997 0.077996 0.14608 0.10485 0.019735 0.024848 -0.00916 0 0.053608 0.031549 0.075767 0.13471 0.10548 0.014503 0.03439 0.0032467 0.10701 0.063163 -0.031934 0.092816 -0.065009 0.035091 0.00097028 -0.0026309 -0.046166 -0.025075 0.059083 0.025675 0.026255 0.0218 0.069684 -0.060007 0.027711 0.05614 -0.034931 -0.091783 -0.079817 0.052087 0.027023 0.065997 0.020018 0.050659 0.12341 -0.011834 0.014251 0.016639 0.0074784 -0.0016666 -0.0042365 0.0017602 0.048632 0.084683 -0.024326 0.083735 -0.043606 0.036655 -0.006765 0.0072558 -0.019072 0.0079162 0.076666 0.041622 0.029969 0.015357 0.064371 -0.043532 0.01721 0.053929 -0.0053633 -0.091028 -0.022998 0.059522 0.019142 0.075905 0.03929 0.062484 0.10723 0.013332 0.032428 0.019368 0.016029 0.055757 -0.010831 -0.002729 0.058023 0.082636
0.19795 0.22836 0.14774 0.13298 0.051105 0.087662 -0.006658 0.053608 0 0.22144 0.23943 0.13223 0.13718 0.054259 0.072361 -0.01848 0.041068 0.19411 -0.033041 0.15765 0.01663 0.080467 0.020713 0.028279 0.039049 0.020737 0.12319 0.035741 0.077595 0.11156 0.023002 -0.040082 0.066204 0.1124 0.043844 -0.053735 -0.0093531 0.17712 0.086666 0.1826 0.072064 0.14872 0.13241 0.098397 0.087241 0.061324 0.005798 0.11359 -0.025218 -0.020452 0.12093 0.17865 -0.031879 0.16948 0.042699 0.071195 0.03161 0.0086051 0.060225 0.024013 0.13709 0.026241 0.090263 0.1008 0.052904 -0.0080251 0.042807 0.068872 0.084731 -0.035614 0.04531 0.18406 0.069991 0.17507 0.067071 0.16401 0.13737 0.094723 0.11308 0.025549 -0.0027132 0.13688 -0.035284 -0.0018439 0.11819 0.16562
0.71303 0.35316 0.28943 0.24904 0.084044 0.049169 -0.040746 0.031549 0.22144 0 0.31947 0.27353 0.20793 0.09298 0.03877 -0.055101 0.019659 0.21409 -0.067226 0.20151 0.27698 0.02163 0.045635 -0.084381 0.21089 0.22646 0.14523 -0.069918 0.20169 0.015217 -0.0077532 0.047448 0.039629 0.17279 0.22399 0.091562 0.18049 0.12978 0.22602 0.2882 0.2472 0.2309 0.088045 0.45229 0.28724 0.23305 -0.11647 0.35718 -0.0087431 -0.015532 0.028939 0.20116 -0.16713 0.14611 0.11918 -0.0018519 0.027616 -0.10562 0.08753 0.10365 0.084236 -0.032474 0.081768 0.002319 -0.026734 -0.010934 0.016776 0.11002 0.10509 0.015075 0.031724 0.14154 0.11438 0.23427 0.132 0.13174 0.046777 0.2075 0.063665 0.064954 -0.11616 0.2681 -0.031726 -0.056143 0.030166 0.15221
0.40381 0.50401 0.27895 0.28101 0.10006 -0.003036 -0.10353 0.075767 0.23943 0.31947 0 0.33411 0.31137 0.1174 -0.019537 -0.10693 0.086667 0.25261 -0.17649 0.28268 -0.013559 0.08061 0.017854 -0.058482 -0.012208 0.00048026 0.12593 0.062823 0.12807 0.11814 -0.065515 -0.18905 0.013359 0.11025 0.039207 -0.15027 -0.061474 0.23444 0.058274 0.33419 0.07672 0.18411 0.18843 0.16808 0.092579 0.089959 -0.14219 0.2313 -0.089457 -0.084702 0.17653 0.28043 -0.14251 0.31429 0.15886 0.091057 0.0076651 -0.090831 0.14956 -0.0073873 0.18082 0.037895 0.18978 0.081959 -0.022087 -0.060648 0.0091099 0.12668 0.24709 -0.010123 0.15823 0.26745 0.042417 0.39573 0.11808 0.25229 0.20527 0.29032 0.26542 0.07171 -0.12719 0.30342 -0.032965 -0.10872 0.16477 0.29527
0.34164 0.27336 0.59711 0.36925 0.10566 0.018874 -0.048415 0.13471 0.13223 0.27353 0.33411 0 0.39931 0.086773 0.016706 -0.038568 0.14376 0.14763 -0.069996 0.1901 0.047055 -0.002074 -0.012564 -0.046943 -0.029373 0.031485 0.06639 0.024987 0.17594 0.031052 -0.048068 -0.14841 -0.031483 0.030318 0.18145 -0.060986 0.098358 0.10116 0.0050645 0.20739 0.070779 0.052862 0.16212 0.19354 0.11404 0.074456 -0.078037 0.17724 -0.081799 -0.076643 0.076382 0.18251 -0.037751 0.23193 0.15915 -0.027045 0.022977 -0.063986 0.067014 0.040767 0.072803 0.0077071 0.2277 -0.0021399 -0.012071 -0.06704 0.0027786 0.041302 0.25494 0.031491 0.20623 0.11048 -0.043565 0.24691 0.076284 0.10072 0.17706 0.24943 0.2048 0.039681 -0.081881 0.21548 -0.056046 -0.056817 0.063618 0.20052
0.27031 0.26546 0.38076 0.64706 0.16173 0.0079234 -0.023038 0.10548 0.13718 0.20793 0.31137 0.39931 0 0.1455 0.0098097 -0.008918 0.11306 0.1528 -0.042011 0.26748 -0.051173 0.051463 0.013982 -0.0043916 -0.12107 0.01264 -0.017159 0.048231 0.13478 0.065714 -0.069642 -0.17589 -0.016159 0.17938 0.15701 -0.12667 0.044395 0.14145 0.13557 0.2007 0.25483 0.013812 0.10977 0.10171 0.15052 0.11363 -0.0079837 0.24592 -0.086998 -0.048501 0.14486 0.33406 0.010913 0.29646 0.0083704 0.039611 0.016525 -0.00093811 -0.057595 0.023098 -0.0016104 0.04501 0.1817 0.048224 -0.051665 -0.13744 0.002805 0.17549 0.28055 -0.069913 0.1787 0.15128 0.13716 0.24247 0.30579 0.062391 0.12361 0.16075 0.19091 0.10354 0.017368 0.31499 -0.083744 -0.045611 0.13701 0.37805
0.10039 0.10367 0.068951 0.12578 0.042706 -0.019123 -0.024896 0.014503 0.054259 0.09298 0.1174 0.086773 0.1455 0 -0.0071344 -0.025109 0.011804 0.093815 -0.017976 0.12507 -0.036849 0.023106 0.008167 -0.017822 -0.034832 -0.018492 0.0053186 -0.0057833 0.029044 0.030787 -0.036732 -0.05708 -0.0019013 0.056582 0.030391 -0.046209 -0.0049134 0.067572 0.066187 0.085541 0.072551 0.034329 0.054751 0.028187 0.059491 0.020508 -0.0036487 0.09106 -0.046205 -0.016231 0.07994 0.12419 -0.013388 0.10752 0.0028508 0.028145 0.0069447 -0.01605 -0.009845 -0.010435 0.024702 -0.003852 0.029447 0.031506 -0.019051 -0.028947 -0.007035 0.073231 0.076992 -0.033284 0.056928 0.08041 0.070393 0.090101 0.088285 0.045848 0.071136 0.05332 0.095343 0.0093842 -0.0040997 0.11721 -0.018564 -0.020804 0.064491 0.13324
-0.012051 -0.013713 0.016176 0.0029287 -0.0079109 0.44701 0.18201 0.03439 0.072361 0.03877 -0.019537 0.016706 0.0098097 -0.0071344 0 0.23408 0.037404 0.067363 0.056305 0.039778 0.1187 0.08008 0.10529 0.23559 0.23485 0.12245 0.32953 0.10446 0.08259 0.097192 0.32345 0.18088 0.28332 0.092454 -0.041269 -0.0050525 -0.044205 0.059896 0.090022 0.077011 0.06197 0.25629 0.23008 -0.031634 0.1443 0.078287 0.20361 -0.091147 0.062725 0.13866 0.087714 0.082173 0.042586 0.039219 0.038551 0.067591 0.10469 0.22651 0.15649 0.13917 0.3076 0.093619 0.053679 0.091129 0.27902 0.14459 0.28969 0.077148 -0.084344 -0.059278 -0.063778 0.047808 0.11954 0.054282 0.063414 0.24616 0.17281 -0.064803 0.090616 0.067299 0.20795 -0.071695 0.041592 0.14186 0.098096 0.080726
-0.089482 -0.09474 -0.039311 -0.014671 -0.030624 0.18025 0.25417 0.0032467 -0.01848 -0.055101 -0.10693 -0.038568 -0.008918 -0.025109 0.23408 0 0.020364 -0.0017037 0.11597 -0.026999 0.035621 0.015598 0.077064 0.17273 0.054241 0.12136 0.0066685 0.01106 0.013211 0.022307 0.14758 0.12378 0.099791 0.039518 0.0040653 0.033363 0.047924 -0.050149 0.05269 -0.097461 0.075385 -0.013815 0.0034857 -0.10891 0.037322 0.031618 0.18633 -0.066388 0.049645 0.10476 0.0032499 0.031298 0.10512 -0.030375 -0.030491 0.0058992 0.042436 0.17887 -0.0026035 0.13361 -0.011979 0.0060909 -0.00050167 0.01734 0.10964 0.088047 0.10518 0.037902 -0.017423 -0.015694 0.019045 -0.064604 0.069836 -0.12062 0.079533 -0.026737 -0.028337 -0.13302 -0.005564 0.035924 0.20055 -0.072892 0.026553 0.13852 0.000463 0.033476
0.029732 0.052879 0.11125 0.093238 0.015056 0.047684 -0.0078678 0.10701 0.041068 0.019659 0.086667 0.14376 0.11306 0.011804 0.037404 0.020364 0 0.061234 -0.023117 0.085772 -0.054385 0.034977 0.0099397 0.0030945 -0.026785 -0.034422 0.076161 0.033531 0.007886 0.037155 0.057402 -0.069451 0.0091288 0.03612 -0.033479 -0.082549 -0.07019 0.04322 0.018189 0.053622 0.0065654 0.06997 0.1204 -0.030578 0.023609 0.012982 0.021221 -0.028376 -0.0080765 -0.013151 0.041437 0.061478 -0.015228 0.075345 -0.049579 0.034958 0.0065361 0.023979 -0.028413 -0.014724 0.066186 0.031317 0.016663 0.0275 0.04904 -0.043972 0.026577 0.041595 -0.02717 -0.11157 -0.037497 0.045675 0.010742 0.059434 0.011853 0.066201 0.11251 -0.0017184 0.0090719 0.014643 0.025274 0.015095 -0.010276 0.0015061 0.050861 0.063172
0.24697 0.21615 0.14821 0.13856 0.048221 0.06942 -0.026648 0.063163 0.19411 0.21409 0.25261 0.14763 0.1528 0.093815 0.067363 -0.0017037 0.061234 0 -0.049709 0.15636 0.031891 0.069075 0.042848 0.027394 0.053332 0.032158 0.11356 0.025483 0.085428 0.10939 0.023164 -0.022358 0.072106 0.081231 0.028798 -0.051893 -0.0067359 0.17308 0.079321 0.17232 0.070442 0.14954 0.13468 0.089712 0.085843 0.063258 0.021458 0.12783 -0.033485 0.022531 0.17203 0.18253 -0.0086964 0.17771 0.093426 0.078247 0.023319 0.022252 0.10484 0.033034 0.1401 0.033135 0.1124 0.10043 0.069641 0.022944 0.063642 0.10861 0.11008 0.0090874 0.082628 0.18337 0.076347 0.18855 0.088028 0.18631 0.14417 0.13393 0.1597 0.055705 0.02993 0.15334 0.011507 -0.0006635 0.13295 0.20489
-0.16739 -0.10056 -0.029116 -0.042728 -0.013271 0.070964 0.14871 -0.031934 -0.033041 -0.067226 -0.17649 -0.069996 -0.042011 -0.017976 0.056305 0.11597 -0.023117 -0.049709 0 -0.013551 0.21085 0.03141 0.035908 0.26393 0.226 0.25723 -0.138 0.077511 0.084548 0.065197 0.035969 0.58162 -0.0024968 0.00069656 0.49494 0.22679 0.57626 -0.032306 0.086101 -0.084249 0.16648 -0.031682 -0.11082 0.00027721 0.2181 0.041974 0.73552 0.20751 0.11867 0.17838 0.17787 0.13225 0.68471 -0.035657 0.00047476 0.013917 0.021278 0.21557 0.020792 0.18732 -0.17042 0.07933 0.014526 0.060713 -0.030386 0.34498 0.026048 0.012992 0.20509 0.16282 0.27141 -0.063436 0.13211 -0.16209 0.11836 -0.10596 -0.085228 -0.11382 0.068886 0.033077 0.62678 0.019998 0.06156 0.17699 0.19048 0.10349
0.19754 0.25233 0.18871 0.29026 0.094078 0.048474 -0.023937 0.092816 0.15765 0.20151 0.28268 0.1901 0.26748 0.12507 0.039778 -0.026999 0.085772 0.15636 -0.013551 0 -0.12015 0.20177 0.047173 0.068096 -0.14081 0.00090303 -0.0026584 0.043492 0.21254 0.21708 -0.090363 -0.26635 0.016148 0.38956 0.21015 -0.23482 0.022934 0.2815 0.33289 0.40664 0.40903 0.090921 0.27613 0.21527 0.36727 0.30236 0.09805 0.42258 -0.12931 -0.047423 0.30708 0.57536 0.03979 0.59943 -0.11937 0.21005 0.007404 0.053417 -0.12814 0.019778 0.039315 0.067967 0.18241 0.19622 -0.058767 -0.23731 0.039604 0.37353 0.28726 -0.24474 0.11419 0.27827 0.29158 0.43373 0.40068 0.14279 0.28021 0.19401 0.28979 0.24889 0.085633 0.47455 -0.15184 -0.078728 0.2445 0.55289
0.049646 0.053826 0.10827 -0.041202 -0.0063124 0.13153 0.034983 -0.065009 0.01663 0.27698 -0.013559 0.047055 -0.051173 -0.036849 0.1187 0.035621 -0.054385 0.031891 0.21085 -0.12015 0 -0.13927 0.065872 0.16331 0.74935 0.56305 0.2167 -0.085724 0.28599 -0.091827 0.11075 0.50148 0.16555 -0.098848 0.55574 0.47289 0.52969 -0.10195 -0.032566 0.12108 0.087018 0.33353 -0.04737 0.73658 0.39372 0.33346 0.041136 0.40605 0.031502 0.0064226 -0.01412 -0.054002 0.013402 -0.13518 0.65565 -0.20418 0.06438 0.074783 0.52443 0.26333 0.080647 -0.056738 0.08968 -0.094402 0.049371 0.30152 0.12067 -0.10553 0.24786 0.3272 0.20824 -0.11118 -0.021588 -0.025104 0.0087499 0.16652 -0.11752 0.30488 0.072364 0.11899 0.026561 0.043466 0.073324 0.016818 0.0065711 -0.10199
-0.0081707 0.089036 0.020817 0.051914 0.0083808 0.096563 0.024233 0.035091 0.080467 0.02163 0.08061 -0.002074 0.051463 0.023106 0.08008 0.015598 0.034977 0.069075 0.03141 0.20177 -0.13927 0 0.014395 0.35743 0.017751 -0.14607 0.12696 0.247 0.049383 0.92661 -0.002818 -0.16725 0.16463 0.35517 -0.057314 -0.19955 -0.12524 0.89422 0.30692 0.10603 0.29717 0.26282 0.096283 -0.028908 0.13227 0.67885 0.16776 0.058032 -0.043035 0.01278 0.21961 0.26021 0.078565 0.21887 -0.22942 0.97619 -0.0012158 0.40729 -0.063978 -0.05146 0.16828 0.32515 0.001141 0.91923 -0.01043 -0.19909 0.19546 0.33685 -0.063068 -0.23973 -0.12809 0.86229 0.35074 0.11979 0.32418 0.31636 0.11067 -0.078739 0.034476 0.60301 0.15221 0.10912 -0.075847 0.0086247 0.18309 0.24016
0.020758 0.02122 0.0014959 0.0038145 0.016912 0.12852 0.081266 0.00097028 0.020713 0.045635 0.017854 -0.012564 0.013982 0.008167 0.10529 0.077064 0.0099397 0.042848 0.035908 0.047173 0.065872 0.014395 0 0.1632 0.11033 0.13669 0.060792 0.033789 0.091301 0.037506 0.09793 0.10315 0.10104 0.03481 0.059408 0.037844 0.064714 0.021251 0.050901 0.044109 0.05846 0.042091 0.060883 0.034919 0.063278 0.082876 0.10298 0.061744 0.030903 0.10216 0.044478 0.099077 0.018648 0.02354 0.028312 0.0015772 0.054636 0.13676 0.07289 0.11805 0.057637 0.021969 0.056935 0.035296 0.087254 0.071329 0.088788 0.01277 0.048381 0.013422 0.039637 0.011612 0.042899 0.026711 0.047948 0.056423 0.030579 -0.0098203 0.039987 0.068945 0.075616 0.035893 0.01847 0.050057 0.025312 0.085117
-0.056826 -0.043421 -0.041574 -0.0022825 -0.0022892 0.22571 0.18269 -0.0026309 0.028279 -0.084381 -0.058482 -0.046943 -0.0043916 -0.017822 0.23559 0.17273 0.0030945 0.027394 0.26393 0.068096 0.16331 0.35743 0.1632 0 0.28657 0.31729 0.095141 0.52978 0.11081 0.53573 0.18156 0.17769 0.33646 0.11434 0.13183 0.012043 0.10479 0.32543 0.13027 -0.03585 0.1606 0.11287 0.057062 -0.022621 0.10404 0.48951 0.33768 0.019073 0.06509 0.15073 0.13948 0.16827 0.27466 0.073629 0.048689 0.33054 0.098679 0.81508 0.18488 0.35876 0.1053 0.48967 0.08978 0.53198 0.15537 0.18353 0.36714 0.12223 0.13465 -0.028074 0.15874 0.25218 0.17265 -0.015651 0.19943 0.17932 0.060224 -0.053369 0.088322 0.48691 0.29224 0.019917 0.034045 0.13804 0.12208 0.13526
0.020569 0.050901 0.0058353 -0.11669 -0.026803 0.25322 0.067986 -0.046166 0.039049 0.21089 -0.012208 -0.029373 -0.12107 -0.034832 0.23485 0.054241 -0.026785 0.053332 0.226 -0.14081 0.74935 0.017751 0.11033 0.28657 0 0.49588 0.58441 0.037457 0.17521 0.044756 0.35752 0.6815 0.40699 -0.084659 0.23526 0.39961 0.2455 -0.0095557 -0.098484 0.21391 -0.1672 0.73168 0.12692 0.5498 0.34403 0.24501 0.09959 0.12313 0.19347 0.12832 -0.0057425 -0.12416 0.065462 -0.17411 0.47968 -0.077872 0.073898 0.18173 0.75183 0.26123 0.45504 0.032607 0.030739 0.03293 0.30187 0.55099 0.33398 -0.10411 0.0028431 0.22664 0.060475 -0.039121 -0.085483 0.038383 -0.18381 0.54243 0.048747 0.16261 0.14006 0.041383 0.075169 -0.11204 0.2382 0.14749 0.022561 -0.1555
0.13071 0.067039 0.047989 0.026445 0.0088861 0.11997 0.12591 -0.025075 0.020737 0.22646 0.00048026 0.031485 0.01264 -0.018492 0.12245 0.12136 -0.034422 0.032158 0.25723 0.00090303 0.56305 -0.14607 0.13669 0.31729 0.49588 0 3.8216e-05 0.047572 0.26404 -0.10048 0.063709 0.42007 0.10185 -0.033243 0.45677 0.36632 0.47964 -0.12642 0.015553 0.050003 0.12883 -0.019805 -0.074793 0.42232 0.21311 0.32613 0.14493 0.42997 0.015703 0.11046 0.0018583 0.10973 0.12506 -0.011066 0.35592 -0.17339 0.088613 0.21472 0.32059 0.54266 -0.085993 0.012099 0.15635 -0.10182 -0.013191 0.29383 0.036879 -0.053982 0.28869 0.25883 0.3378 -0.14358 0.00010989 0.0041172 0.0616 -0.043454 -0.10036 0.16541 0.036417 0.21587 0.098804 0.19101 0.025697 0.077498 0.0090677 0.058324
0.079439 0.12606 0.062821 -0.0041021 -0.018304 0.35578 0.011313 0.059083 0.12319 0.14523 0.12593 0.06639 -0.017159 0.0053186 0.32953 0.0066685 0.076161 0.11356 -0.138 -0.0026584 0.2167 0.12696 0.060792 0.095141 0.58441 3.8216e-05 0 0.018913 0.03162 0.11585 0.53431 0.26171 0.40946 0.073084 -0.24033 -0.030999 -0.25439 0.14078 0.029019 0.41396 -0.15053 0.83373 0.466 0.11042 0.22812 -0.0077176 0.0072538 -0.20379 0.17352 0.070036 0.11098 -0.051934 -0.14756 -0.012556 0.051379 0.076207 0.055725 0.070455 0.36173 -0.040963 0.78072 0.049102 -0.041976 0.10381 0.48697 0.21873 0.3343 0.039226 -0.33885 -0.14175 -0.27617 0.15831 0.046345 0.27349 -0.13624 0.72932 0.33799 -0.047434 0.14282 -0.12235 0.016967 -0.2299 0.14546 0.075616 0.096782 -0.068718
0.017392 0.077615 0.0085232 0.018359 -0.0066894 0.11151 0.061195 0.025675 0.035741 -0.069918 0.062823 0.024987 0.048231 -0.0057833 0.10446 0.01106 0.033531 0.025483 0.077511 0.043492 -0.085724 0.247 0.033789 0.52978 0.037457 0.047572 0.018913 0 0.043619 0.43097 0.10273 0.013224 0.041337 0.022667 -0.0019198 -0.03086 0.0082013 0.34154 0.008649 0.022634 0.041223 -0.047646 0.077639 -0.11471 -0.020902 0.25079 0.16685 -0.11698 0.020385 0.052597 0.12654 0.10325 0.15931 0.081686 -0.077531 0.25176 0.020504 0.55565 0.001134 0.1594 0.027719 0.95533 0.092546 0.35275 0.0779 0.056754 0.076704 0.027524 0.088652 -0.0026907 0.10046 0.3221 0.088086 0.030943 0.11733 0.0019943 0.084879 -0.065347 0.03065 0.31996 0.14104 0.0048196 0.025566 0.037144 0.11179 0.11507
0.18265 0.15154 0.18661 0.14207 0.072517 0.081289 0.0054155 0.026255 0.077595 0.20169 0.12807 0.17594 0.13478 0.029044 0.08259 0.013211 0.007886 0.085428 0.084548 0.21254 0.28599 0.049383 0.091301 0.11081 0.17521 0.26404 0.03162 0.043619 0 0.061157 0.029906 0.073786 0.066231 0.076133 0.45095 0.28753 0.48253 0.099337 0.040595 0.27713 0.12931 0.085981 0.18026 0.47138 0.29974 0.19752 0.077447 0.42024 -0.055638 0.043112 0.14374 0.3395 0.08552 0.21473 0.23565 0.032625 0.049286 0.075564 0.14805 0.16184 -0.012364 0.038886 0.40833 0.05364 0.023635 0.054923 0.024374 0.045073 0.38341 0.23391 0.44112 0.093414 0.042862 0.20804 0.10714 0.061044 0.15002 0.28442 0.21443 0.094329 0.067855 0.30326 -0.0054076 -0.0052141 0.12603 0.32535
0.0073617 0.12713 0.037127 0.063338 0.012197 0.1237 0.040347 0.0218 0.11156 0.015217 0.11814 0.031052 0.065714 0.030787 0.097192 0.022307 0.037155 0.10939 0.065197 0.21708 -0.091827 0.92661 0.037506 0.53573 0.044756 -0.10048 0.11585 0.43097 0.061157 0 0.029226 -0.14755 0.22153 0.34868 -0.019012 -0.17265 -0.063541 0.92835 0.32176 0.11431 0.28431 0.21237 0.10553 -0.038921 0.1117 0.67916 0.2009 0.074948 -0.017908 0.014539 0.28727 0.29255 0.09244 0.21805 -0.16377 0.91361 0.0066454 0.56143 -0.015977 0.024697 0.15678 0.49045 0.044253 0.93687 0.014221 -0.14782 0.25523 0.32641 0.018479 -0.19437 -0.03617 0.89406 0.3621 0.1394 0.32702 0.28782 0.11751 -0.060424 0.058899 0.63418 0.17691 0.17139 -0.051205 0.0028619 0.24688 0.27653
-0.14827 -0.034004 -0.014538 -0.028501 -0.031076 0.31734 0.17741 0.069684 0.023002 -0.0077532 -0.065515 -0.048068 -0.069642 -0.036732 0.32345 0.14758 0.057402 0.023164 0.035969 -0.090363 0.11075 -0.002818 0.09793 0.18156 0.35752 0.063709 0.53431 0.10273 0.029906 0.029226 0 0.40086 0.28739 0.0098058 -0.19307 0.08529 -0.11601 -0.0078518 0.030603 -0.010898 -0.069794 0.41695 0.39741 -0.21112 0.23461 -0.10954 0.19443 -0.32957 0.30682 0.19706 0.025286 -0.095086 -0.038796 -0.12505 -0.17107 -0.012806 0.038035 0.18031 0.079856 0.032476 0.39862 0.12129 -0.10684 0.020403 0.58297 0.24322 0.23667 -0.016824 -0.36819 -0.12272 -0.28525 -0.024498 0.043437 -0.12146 -0.084779 0.2419 0.22846 -0.3889 0.018505 -0.14004 0.15879 -0.36327 0.22709 0.17921 0.029267 -0.12515
-0.13824 -0.10149 -0.086193 -0.17053 -0.042692 0.21421 0.16689 -0.060007 -0.040082 0.047448 -0.18905 -0.14841 -0.17589 -0.05708 0.18088 0.12378 -0.069451 -0.022358 0.58162 -0.26635 0.50148 -0.16725 0.10315 0.17769 0.6815 0.42007 0.26171 0.013224 0.073786 -0.14755 0.40086 0 0.14775 -0.19852 0.21235 0.60618 0.37651 -0.19791 -0.12725 -0.058243 -0.17768 0.30476 0.014307 0.070349 0.31962 -0.19028 0.38274 -0.0074818 0.33202 0.31091 -0.084933 -0.22523 0.28163 -0.30724 0.16867 -0.21841 0.077351 0.11096 0.34487 0.23196 0.10343 0.0082396 -0.06814 -0.13283 0.24699 0.75522 0.092273 -0.2083 -0.13688 0.38168 3.2381e-05 -0.23021 -0.10707 -0.22284 -0.22155 0.04579 -0.077296 -0.22501 0.061813 -0.22754 0.29388 -0.278 0.31814 0.29013 -0.043861 -0.23545
-0.0015144 0.014456 -0.033668 -0.015511 -0.010541 0.2799 0.078776 0.027711 0.066204 0.039629 0.013359 -0.031483 -0.016159 -0.0019013 0.28332 0.099791 0.0091288 0.072106 -0.0024968 0.016148 0.16555 0.16463 0.10104 0.33646 0.40699 0.10185 0.40946 0.041337 0.066231 0.22153 0.28739 0.14775 0 0.11318 -0.052562 -0.022809 -0.077352 0.14477 0.062813 0.066677 -0.023783 0.44889 0.21379 0.060786 0.14182 0.14309 0.13559 -0.079253 0.059284 0.10403 0.094393 0.047529 0.021651 0.011331 0.10725 0.12094 0.068463 0.29076 0.2945 0.1074 0.39129 0.053997 0.017606 0.21184 0.28841 0.17223 0.45554 0.084979 -0.086322 -0.041355 -0.042272 0.11443 0.049582 0.055025 -0.015266 0.42455 0.16179 -0.0032302 0.12495 0.069904 0.13555 -0.082417 0.077208 0.10598 0.068567 0.016524
0.10039 0.15041 0.043994 0.20234 0.019592 0.088919 0.02681 0.05614 0.1124 0.17279 0.11025 0.030318 0.17938 0.056582 0.092454 0.039518 0.03612 0.081231 0.00069656 0.38956 -0.098848 0.35517 0.03481 0.11434 -0.084659 -0.033243 0.073084 0.022667 0.076133 0.34868 0.0098058 -0.19852 0.11318 0 0.12465 -0.21951 -0.010301 0.3983 0.56236 0.25836 0.6196 0.1776 0.10105 0.10257 0.36798 0.39305 0.18779 0.3741 -0.058983 -0.0049957 0.35356 0.49362 0.051897 0.35222 -0.11906 0.32956 0.0044455 0.10582 -0.096722 -0.014369 0.089638 0.031297 0.039845 0.32539 -0.016715 -0.20477 0.14509 0.78616 0.17437 -0.22967 0.069884 0.37093 0.5002 0.3187 0.57474 0.23029 0.08156 0.092604 0.26233 0.31863 0.18847 0.42879 -0.099785 -0.027118 0.30302 0.46325
0.084796 0.12578 0.21986 0.18204 0.073403 -0.044063 0.011951 -0.034931 0.043844 0.22399 0.039207 0.18145 0.15701 0.030391 -0.041269 0.0040653 -0.033479 0.028798 0.49494 0.21015 0.55574 -0.057314 0.059408 0.13183 0.23526 0.45677 -0.24033 -0.0019198 0.45095 -0.019012 -0.19307 0.21235 -0.052562 0.12465 0 0.38276 0.85784 0.027819 0.10513 0.11013 0.38774 -0.099575 -0.13703 0.56976 0.51858 0.29699 0.26228 0.70527 -0.070366 0.0058243 0.14448 0.41285 0.29417 0.21371 0.35476 -0.082872 0.024064 0.071377 0.11492 0.20547 -0.29192 -0.0034812 0.3015 -0.021315 -0.22707 0.052511 -0.053786 0.10396 0.69566 0.27971 0.62328 0.0028729 0.11246 0.025077 0.3229 -0.15759 -0.12544 0.24377 0.26711 0.19836 0.21813 0.47598 -0.053035 -0.028969 0.15559 0.36619
-0.05812 -0.073264 -0.026067 -0.11229 -0.0039511 0.018571 0.067131 -0.091783 -0.053735 0.091562 -0.15027 -0.060986 -0.12667 -0.046209 -0.0050525 0.033363 -0.082549 -0.051893 0.22679 -0.23482 0.47289 -0.19955 0.037844 0.012043 0.39961 0.36632 -0.030999 -0.03086 0.28753 -0.17265 0.08529 0.60618 -0.022809 -0.21951 0.38276 0 0.62555 -0.16417 -0.15937 -0.11599 -0.11734 -0.069024 -0.17416 0.22985 0.17439 -0.13289 0.024068 0.11273 0.15728 0.099987 -0.085537 -0.14614 0.0098176 -0.25563 0.21521 -0.20603 0.05415 -0.0141 0.15046 0.15117 -0.16858 -0.048833 0.11955 -0.16998 -0.0063434 0.29708 -0.036896 -0.21752 0.090143 0.57966 0.22967 -0.1788 -0.12858 -0.23367 -0.14885 -0.25641 -0.23249 -0.11659 -0.064992 -0.17221 -0.010524 -0.1119 0.12699 0.08822 -0.062596 -0.14742
0.00092954 0.011242 0.12584 0.055488 0.048583 -0.029865 0.062148 -0.079817 -0.0093531 0.18049 -0.061474 0.098358 0.044395 -0.0049134 -0.044205 0.047924 -0.07019 -0.0067359 0.57626 0.022934 0.52969 -0.12524 0.064714 0.10479 0.2455 0.47964 -0.25439 0.0082013 0.48253 -0.063541 -0.11601 0.37651 -0.077352 -0.010301 0.85784 0.62555 0 -0.058197 -0.012334 -0.02747 0.24716 -0.22552 -0.22241 0.42449 0.35083 0.15536 0.26022 0.55788 0.01598 0.044786 0.035104 0.21225 0.32273 -0.0080467 0.29701 -0.13631 0.052094 0.048169 0.025007 0.23484 -0.33511 0.0060625 0.28478 -0.069467 -0.18275 0.12151 -0.08703 -0.026389 0.52405 0.48258 0.61332 -0.080876 0.028583 -0.13081 0.15817 -0.32064 -0.21963 0.085318 0.048684 0.074168 0.19177 0.25215 -0.043198 0.011614 0.062683 0.18131
0.11068 0.22304 0.094813 0.1293 0.049875 0.087331 -0.0078251 0.052087 0.17712 0.12978 0.23444 0.10116 0.14145 0.067572 0.059896 -0.050149 0.04322 0.17308 -0.032306 0.2815 -0.10195 0.89422 0.021251 0.32543 -0.0095557 -0.12642 0.14078 0.34154 0.099337 0.92835 -0.0078518 -0.19791 0.14477 0.3983 0.027819 -0.16417 -0.058197 0 0.39135 0.21719 0.35466 0.24676 0.12834 0.011761 0.14765 0.589 0.11075 0.15869 -0.056153 -0.020282 0.33415 0.36449 -0.00062282 0.29705 -0.14575 0.85508 0.0015899 0.35453 -0.039306 -0.034668 0.18105 0.4259 0.096719 0.89325 -0.009995 -0.19164 0.17223 0.37555 0.065085 -0.15934 -0.017771 0.97192 0.42242 0.24748 0.40352 0.30241 0.14924 0.015905 0.10554 0.53855 0.086546 0.28501 -0.068371 -0.048189 0.2961 0.35973
0.044583 0.11939 -0.00022069 0.19699 0.067855 0.10139 0.054372 0.027023 0.086666 0.22602 0.058274 0.0050645 0.13557 0.066187 0.090022 0.05269 0.018189 0.079321 0.086101 0.33289 -0.032566 0.30692 0.050901 0.13027 -0.098484 0.015553 0.029019 0.008649 0.040595 0.32176 0.030603 -0.12725 0.062813 0.56236 0.10513 -0.15937 -0.012334 0.39135 0 0.09959 0.89752 0.063904 0.026644 0.033088 0.34899 0.46397 0.32658 0.43997 0.00069782 0.048081 0.48605 0.62005 0.086164 0.30972 -0.15296 0.27881 0.0066019 0.12459 -0.15203 0.0063059 0.0081635 0.010732 -0.01181 0.29596 -0.017857 -0.19777 0.085247 0.51888 0.10462 -0.21401 -0.040364 0.34968 0.90934 0.15197 0.80589 0.082244 0.0062722 -0.04407 0.19079 0.36259 0.29028 0.42088 -0.088576 -0.0021751 0.39544 0.52575
0.32204 0.32294 0.18985 0.19231 0.081702 0.10294 -0.11676 0.065997 0.1826 0.2882 0.33419 0.20739 0.2007 0.085541 0.077011 -0.097461 0.053622 0.17232 -0.084249 0.40664 0.12108 0.10603 0.044109 -0.03585 0.21391 0.050003 0.41396 0.022634 0.27713 0.11431 -0.010898 -0.058243 0.066677 0.25836 0.11013 -0.11599 -0.02747 0.21719 0.09959 0 0.077655 0.54669 0.36275 0.43504 0.33226 0.18977 -0.045278 0.37267 -0.07285 -0.044893 0.21031 0.34481 -0.08681 0.38239 0.14054 0.097904 0.038423 -0.050437 0.23938 0.047752 0.41149 0.036373 0.23156 0.082416 0.069134 0.0037478 0.037524 0.2151 0.15308 -0.09711 0.094625 0.22932 0.087661 0.69072 0.096693 0.49996 0.32857 0.40141 0.31829 0.088995 -0.039211 0.36132 -0.078057 -0.079102 0.18719 0.34539
0.065724 0.11985 0.087145 0.30231 0.090843 0.054373 0.064697 0.020018 0.072064 0.2472 0.07672 0.070779 0.25483 0.072551 0.06197 0.075385 0.0065654 0.070442 0.16648 0.40903 0.087018 0.29717 0.05846 0.1606 -0.1672 0.12883 -0.15053 0.041223 0.12931 0.28431 -0.069794 -0.17768 -0.023783 0.6196 0.38774 -0.11734 0.24716 0.35466 0.89752 0.077655 0 -0.10439 -0.032215 0.11072 0.50889 0.5302 0.33042 0.59388 -0.051242 0.0086498 0.42068 0.65736 0.15209 0.38044 -0.075548 0.26543 0.0050039 0.14731 -0.24131 0.049363 -0.16052 0.054161 0.072714 0.271 -0.13127 -0.25757 0.034643 0.59206 0.35255 -0.1984 0.1388 0.32149 0.83426 0.1272 0.92339 -0.047774 -0.04281 0.018236 0.30534 0.46269 0.29413 0.52619 -0.1281 -0.031501 0.34197 0.58004
0.1642 0.18094 0.075447 0.026859 0.00057728 0.27606 -0.028919 0.050659 0.14872 0.2309 0.18411 0.052862 0.013812 0.034329 0.25629 -0.013815 0.06997 0.14954 -0.031682 0.090921 0.33353 0.26282 0.042091 0.11287 0.73168 -0.019805 0.83373 -0.047646 0.085981 0.21237 0.41695 0.30476 0.44889 0.1776 -0.099575 -0.069024 -0.22552 0.24676 0.063904 0.54669 -0.10439 0 0.44228 0.33468 0.36958 0.14348 0.057884 0.014759 0.15994 0.067687 0.1282 0.036414 -0.054284 0.076981 0.16216 0.19547 0.051784 0.07523 0.54381 -0.028779 0.78818 0.030671 -0.022703 0.19959 0.4103 0.31017 0.38398 0.12851 -0.23233 -0.15599 -0.23041 0.24346 0.056211 0.41965 -0.091138 0.92986 0.3606 0.14766 0.28727 -0.027055 0.065793 -0.045278 0.18308 0.088989 0.12762 0.0092392
0.078795 0.16357 0.16475 0.12207 0.052948 0.23112 0.0026361 0.12341 0.13241 0.088045 0.18843 0.16212 0.10977 0.054751 0.23008 0.0034857 0.1204 0.13468 -0.11082 0.27613 -0.04737 0.096283 0.060883 0.057062 0.12692 -0.074793 0.466 0.077639 0.18026 0.10553 0.39741 0.014307 0.21379 0.10105 -0.13703 -0.17416 -0.22241 0.12834 0.026644 0.36275 -0.032215 0.44228 0 0.039581 0.34066 -0.0068668 0.047565 -0.056484 0.051609 0.037967 0.16131 0.17095 -0.088688 0.26629 -0.10443 0.085373 0.037344 0.046514 0.04249 -0.048311 0.42426 0.088771 0.11612 0.090657 0.40652 0.049824 0.16446 0.079267 -0.14154 -0.20855 -0.14039 0.13315 0.018462 0.30384 -0.015249 0.37824 0.57398 0.00043884 0.2747 -0.061349 0.064451 -0.019882 0.051368 0.04856 0.13946 0.15841
0.30995 0.20487 0.2328 0.1275 0.061624 -0.0043459 -0.13594 -0.011834 0.098397 0.45229 0.16808 0.19354 0.10171 0.028187 -0.031634 -0.10891 -0.030578 0.089712 0.00027721 0.21527 0.73658 -0.028908 0.034919 -0.022621 0.5498 0.42232 0.11042 -0.11471 0.47138 -0.038921 -0.21112 0.070349 0.060786 0.10257 0.56976 0.22985 0.42449 0.011761 0.033088 0.43504 0.11072 0.33468 0.039581 0 0.50341 0.3819 -0.10383 0.66477 -0.13131 -0.093088 0.085415 0.23792 -0.044726 0.18343 0.54581 -0.074425 0.031522 -0.061266 0.43977 0.19033 0.028504 -0.081459 0.27691 -0.050042 -0.16962 0.086625 0.019628 0.083101 0.3997 0.19306 0.28413 0.012623 -0.0021494 0.33966 0.064889 0.26156 0.013019 0.68408 0.22308 0.18462 -0.089299 0.40121 -0.087856 -0.12964 0.074269 0.17381
0.036394 0.18876 0.20568 0.19145 0.067676 0.1544 0.045341 0.014251 0.087241 0.28724 0.092579 0.11404 0.15052 0.059491 0.1443 0.037322 0.023609 0.085843 0.2181 0.36727 0.39372 0.13227 0.063278 0.10404 0.34403 0.21311 0.22812 -0.020902 0.29974 0.1117 0.23461 0.31962 0.14182 0.36798 0.51858 0.17439 0.35083 0.14765 0.34899 0.33226 0.50889 0.36958 0.34066 0.50341 0 0.3325 0.18813 0.51179 0.099703 0.055307 0.22372 0.35779 0.066002 0.29286 0.074092 0.068852 0.048057 0.06803 0.036778 0.074655 0.093413 0.0051578 0.050042 0.10425 0.097315 0.052559 0.13154 0.34184 0.19191 -0.088265 0.061989 0.11597 0.29728 0.19329 0.41882 0.16625 0.18536 0.071326 0.52011 0.18164 0.17978 0.25642 0.073095 0.046789 0.20159 0.30095
0.15864 0.12348 0.060756 0.13186 0.018744 0.07944 0.028177 0.016639 0.061324 0.23305 0.089959 0.074456 0.11363 0.020508 0.078287 0.031618 0.012982 0.063258 0.041974 0.30236 0.33346 0.67885 0.082876 0.48951 0.24501 0.32613 -0.0077176 0.25079 0.19752 0.67916 -0.10954 -0.19028 0.14309 0.39305 0.29699 -0.13289 0.15536 0.589 0.46397 0.18977 0.5302 0.14348 -0.0068668 0.3819 0.3325 0 0.087773 0.54582 -0.084016 -0.025954 0.20064 0.40547 0.047986 0.29691 0.1558 0.64083 0.043104 0.46182 0.12062 0.30118 0.038502 0.24058 0.12884 0.68336 -0.10058 -0.17304 0.16231 0.36775 0.30921 -0.13813 0.17164 0.57456 0.40615 0.22737 0.48884 0.26562 0.0075404 0.2179 0.18506 0.94088 0.040671 0.46281 -0.088492 -0.045958 0.17579 0.35603
-0.1645 -0.096178 -0.06883 0.0026676 0.01155 0.20734 0.22199 0.0074784 0.005798 -0.11647 -0.14219 -0.078037 -0.0079837 -0.0036487 0.20361 0.18633 0.021221 0.021458 0.73552 0.09805 0.041136 0.16776 0.10298 0.33768 0.09959 0.14493 0.0072538 0.16685 0.077447 0.2009 0.19443 0.38274 0.13559 0.18779 0.26228 0.024068 0.26022 0.11075 0.32658 -0.045278 0.33042 0.057884 0.047565 -0.10383 0.18813 0.087773 0 0.14538 0.083544 0.23465 0.59502 0.34574 0.61239 0.094012 -0.101 0.13417 0.06695 0.31924 -0.044654 0.096344 -0.033808 0.14648 0.035181 0.19029 0.12023 0.19496 0.15681 0.21454 0.13963 -0.035725 0.10346 0.049275 0.35922 -0.055514 0.32689 0.032948 0.066133 -0.1569 0.11036 0.10983 0.86459 0.10464 0.035795 0.21349 0.5021 0.30679
0.31183 0.23772 0.1829 0.26678 0.10923 -0.073102 -0.071417 -0.0016666 0.11359 0.35718 0.2313 0.17724 0.24592 0.09106 -0.091147 -0.066388 -0.028376 0.12783 0.20751 0.42258 0.40605 0.058032 0.061744 0.019073 0.12313 0.42997 -0.20379 -0.11698 0.42024 0.074948 -0.32957 -0.0074818 -0.079253 0.3741 0.70527 0.11273 0.55788 0.15869 0.43997 0.37267 0.59388 0.014759 -0.056484 0.66477 0.51179 0.54582 0.14538 0 -0.13745 -0.064243 0.32505 0.63514 0.18676 0.41432 0.35056 0.031298 0.014518 -0.040289 0.18441 0.26195 -0.19048 -0.083605 0.32719 0.064689 -0.3026 0.022212 -0.063184 0.33045 0.66187 0.15518 0.52125 0.14637 0.3441 0.3591 0.51963 0.077646 -0.021237 0.49883 0.39354 0.41604 0.11751 0.8559 -0.10541 -0.1009 0.24948 0.57202
-0.096955 -0.05146 -0.04968 -0.069259 -0.031096 0.070884 0.054557 -0.0042365 -0.025218 -0.0087431 -0.089457 -0.081799 -0.086998 -0.046205 0.062725 0.049645 -0.0080765 -0.033485 0.11867 -0.12931 0.031502 -0.043035 0.030903 0.06509 0.19347 0.015703 0.17352 0.020385 -0.055638 -0.017908 0.30682 0.33202 0.059284 -0.058983 -0.070366 0.15728 0.01598 -0.056153 0.00069782 -0.07285 -0.051242 0.15994 0.051609 -0.13131 0.099703 -0.084016 0.083544 -0.13745 0 0.11315 -0.072322 -0.1352 0.031904 -0.15402 -0.10779 -0.040933 0.008945 0.058244 0.0059346 0.011538 0.09893 0.023845 -0.10332 -0.022141 0.19193 0.20801 0.039977 -0.059546 -0.18537 0.036486 -0.14165 -0.056222 0.012569 -0.15383 -0.072144 0.035431 0.0073267 -0.26369 -0.01659 -0.07288 0.072965 -0.20401 0.23188 0.10055 -0.035145 -0.14873
-0.073226 -0.056792 -0.063642 -0.025797 -0.021239 0.15551 0.13443 0.0017602 -0.020452 -0.015532 -0.084702 -0.076643 -0.048501 -0.016231 0.13866 0.10476 -0.013151 0.022531 0.17838 -0.047423 0.0064226 0.01278 0.10216 0.15073 0.12832 0.11046 0.070036 0.052597 0.043112 0.014539 0.19706 0.31091 0.10403 -0.0049957 0.0058243 0.099987 0.044786 -0.020282 0.048081 -0.044893 0.0086498 0.067687 0.037967 -0.093088 0.055307 -0.025954 0.23465 -0.064243 0.11315 0 0.02702 0.012901 0.11654 -0.073727 -0.064788 0.0021265 0.037725 0.12181 0.030318 0.095657 0.042793 0.043948 -0.032324 0.024753 0.15333 0.23032 0.078261 -0.015247 -0.045853 0.026196 -0.030269 -0.03137 0.032317 -0.09339 -0.010593 0.029786 0.0085946 -0.15053 0.035161 -0.027908 0.21167 -0.094507 0.097296 0.18057 0.018587 0.0063144
0.024951 0.16707 0.072306 0.13631 0.062912 0.10998 0.0077559 0.048632 0.12093 0.028939 0.17653 0.076382 0.14486 0.07994 0.087714 0.0032499 0.041437 0.17203 0.17787 0.30708 -0.01412 0.21961 0.044478 0.13948 -0.0057425 0.0018583 0.11098 0.12654 0.14374 0.28727 0.025286 -0.084933 0.094393 0.35356 0.14448 -0.085537 0.035104 0.33415 0.48605 0.21031 0.42068 0.1282 0.16131 0.085415 0.22372 0.20064 0.59502 0.32505 -0.072322 0.02702 0 0.5234 0.24306 0.33302 -0.00042941 0.20863 0.03682 0.1465 0.015144 -0.0047148 0.094054 0.12079 0.14875 0.25933 0.041097 -0.066641 0.11977 0.35327 0.21559 -0.072411 0.11682 0.30329 0.45705 0.25662 0.41736 0.17381 0.1791 0.088491 0.21988 0.18579 0.55583 0.38394 -0.041279 -0.0060301 0.67059 0.48945
0.20384 0.27823 0.17842 0.36065 0.14042 0.08063 0.030296 0.084683 0.17865 0.20116 0.28043 0.18251 0.33406 0.12419 0.082173 0.031298 0.061478 0.18253 0.13225 0.57536 -0.054002 0.26021 0.099077 0.16827 -0.12416 0.10973 -0.051934 0.10325 0.3395 0.29255 -0.095086 -0.22523 0.047529 0.49362 0.41285 -0.14614 0.21225 0.36449 0.62005 0.34481 0.65736 0.036414 0.17095 0.23792 0.35779 0.40547 0.34574 0.63514 -0.1352 0.012901 0.5234 0 0.17162 0.574 -0.010402 0.24993 0.052323 0.13563 -0.062417 0.088449 -0.019128 0.11714 0.32108 0.27027 -0.087342 -0.17375 0.072813 0.47303 0.51336 -0.10199 0.34888 0.34853 0.55382 0.40807 0.63553 0.13678 0.19896 0.24652 0.34954 0.35966 0.30599 0.67999 -0.13697 -0.033456 0.42174 0.78825
-0.066837 -0.12259 -0.040761 -0.024166 -0.012226 0.032665 0.097587 -0.024326 -0.031879 -0.16713 -0.14251 -0.037751 0.010913 -0.013388 0.042586 0.10512 -0.015228 -0.0086964 0.68471 0.03979 0.013402 0.078565 0.018648 0.27466 0.065462 0.12506 -0.14756 0.15931 0.08552 0.09244 -0.038796 0.28163 0.021651 0.051897 0.29417 0.0098176 0.32273 -0.00062282 0.086164 -0.08681 0.15209 -0.054284 -0.088688 -0.044726 0.066002 0.047986 0.61239 0.18676 0.031904 0.11654 0.24306 0.17162 0 0.049026 0.11675 0.085241 0.021562 0.28834 0.15057 0.2111 -0.13426 0.11922 0.12465 0.096796 -0.020586 0.43788 0.04065 0.064937 0.4021 0.17811 0.46587 -0.03185 0.12286 -0.054937 0.1851 0.012794 -0.02717 -0.0026087 0.28043 0.058432 0.7332 0.17465 0.052132 0.17828 0.21828 0.15525
