0 0.32088 0.25078 0.26612 0.084697 -0.016949 -0.092709 0.058701 0.20523 0.70138 0.40975 0.34885 0.28538 0.11211 -0.002936 -0.095625 0.037572 0.26029 -0.17764 0.22697 0.047706 -0.020899 0.023689 -0.053155 0.035579 0.12861 0.080404 0.042991 0.18711 0.013076 -0.16522 -0.13696 0.01354 0.11786 0.088474 -0.078351 0.003061 0.1268 0.056169 0.35226 0.078504 0.17376 0.078284 0.35136 -0.0031383 0.18913 -0.18421 0.34929 -0.11428 -0.067335 0.034162 0.23302 -0.043034 0.27462 0.44039 -0.018125 0.038996 -0.069777 0.38521 0.2633 0.19026 0.011555 0.3328 -0.024232 -0.033644 0.12906 0.029391 0.12903 0.41234 0.20876 0.3219 0.139 0.062475 0.44717 0.18196 0.32333 0.16773 0.60856 0.40352 0.21162 -0.12409 0.54943 0.007515 -0.086946 0.047108 0.28889
0.32088 0 0.23222 0.25983 0.11009 0.020898 -0.073296 0.069896 0.21748 0.33904 0.47555 0.25183 0.24588 0.092603 0.0027022 -0.089694 0.053875 0.20204 -0.10574 0.25045 0.046287 0.090847 0.02296 -0.040469 0.059318 0.053618 0.1382 0.085982 0.14219 0.13595 -0.02802 -0.10135 0.024239 0.17917 0.11521 -0.073383 0.0079407 0.22884 0.1484 0.31597 0.13754 0.18801 0.15211 0.20412 0.15776 0.14206 -0.1004 0.23044 -0.045819 -0.051124 0.16237 0.28674 -0.11276 0.24518 0.063662 0.08901 0.018759 -0.061077 0.06142 0.0059167 0.12634 0.076032 0.12728 0.09232 -0.012669 -0.085781 -0.0059078 0.1104 0.16015 -0.041 0.072227 0.2588 0.10168 0.30234 0.11611 0.18278 0.13909 0.17074 0.15988 0.079265 -0.10483 0.22554 -0.04967 -0.066721 0.14464 0.26167
0.25078 0.23222 0 0.37935 0.10297 0.037757 -0.014575 0.14238 0.14151 0.27503 0.25451 0.57081 0.36571 0.063899 0.035823 -0.02852 0.11317 0.1483 -0.022737 0.19494 0.12389 0.0072126 0.010246 -0.027153 0.0293 0.055162 0.076275 0.01914 0.19261 0.035226 -0.0038687 -0.0652 -0.017999 0.05564 0.23393 -0.007685 0.146 0.097996 0.020146 0.185 0.088682 0.081224 0.16504 0.24608 0.19676 0.067646 -0.058473 0.1769 -0.050343 -0.044597 0.065033 0.18474 -0.022559 0.16673 0.11071 -0.0088009 0.034978 -0.048188 0.023773 0.031392 0.059539 0.020445 0.15806 0.00051729 -0.0007641 -0.075872 -0.0089545 0.029386 0.19363 -0.025658 0.13894 0.1019 0.0039371 0.18031 0.095995 0.069368 0.11324 0.16024 0.15074 0.017628 -0.056188 0.17248 -0.063577 -0.050258 0.07621 0.17129
0.26612 0.25983 0.37935 0 0.19281 0.0141 -0.0041467 0.1022 0.13677 0.24668 0.26861 0.36818 0.63534 0.12199 0.0090039 -0.011861 0.093239 0.14223 -0.046776 0.28482 -0.033412 0.036205 0.010168 -0.01043 -0.098991 0.014402 0.0013736 0.04084 0.1372 0.052873 -0.03162 -0.15626 -0.019407 0.19543 0.1769 -0.094972 0.062404 0.12897 0.2027 0.18914 0.29583 0.023813 0.11712 0.14339 0.15663 0.12097 -0.0076237 0.2406 -0.071631 -0.015837 0.13064 0.34899 -0.0063288 0.27152 0.014796 0.036799 0.015391 -0.028099 -0.056931 -0.014666 0.010763 0.041987 0.14489 0.031147 -0.028227 -0.13477 0.01067 0.15652 0.26112 -0.065576 0.15051 0.1446 0.14347 0.23402 0.28207 0.062248 0.1169 0.16483 0.17418 0.099029 -0.022813 0.30321 -0.067467 -0.052907 0.12431 0.34318
0.084697 0.11009 0.10297 0.19281 0 -0.0041794 -0.018515 0.01937 0.054393 0.093955 0.10335 0.11283 0.16883 0.043493 -0.0059466 -0.026903 0.020181 0.058596 -0.018063 0.10168 0.0020991 0.0028014 0.012683 -0.010225 -0.02198 0.0056681 -0.0068648 -0.007015 0.068998 0.007224 -0.028395 -0.037081 -0.011366 0.021402 0.073466 6.325e-05 0.051092 0.051535 0.07735 0.087565 0.093849 0.0073145 0.052352 0.068152 0.063626 0.016482 0.0089156 0.10621 -0.029745 -0.021182 0.061413 0.143 -0.0051815 0.10851 -0.012966 -0.0029396 -0.012656 -0.031896 -0.037463 -0.0081277 -0.0080608 -0.0018814 0.063405 -0.0052041 -0.0254 -0.046807 -0.017854 0.026748 0.089934 -0.010889 0.064254 0.05196 0.062021 0.074925 0.084873 -0.0015809 0.022671 0.043015 0.049188 -0.0048323 -0.0072905 0.10471 -0.038307 -0.023912 0.044409 0.12892
-0.016949 0.020898 0.037757 0.0141 -0.0041794 0 0.16809 0.021087 0.088144 0.063846 0.0053721 0.026367 0.0040715 -0.016794 0.43534 0.16941 0.044275 0.073652 0.061019 0.046281 0.14705 0.099943 0.13268 0.21641 0.24419 0.1286 0.34409 0.12084 0.083181 0.12207 0.30157 0.20469 0.27338 0.076933 -0.034003 0.018595 -0.022806 0.085904 0.093745 0.10693 0.056538 0.27483 0.23627 0.0019406 0.17854 0.07772 0.21469 -0.076144 0.060373 0.1517 0.11225 0.080776 0.022534 0.027482 -0.0078604 0.078061 0.086112 0.20435 0.11462 0.082714 0.29045 0.12659 0.007967 0.10852 0.27378 0.12284 0.2321 0.070706 -0.12777 -0.072881 -0.10276 0.064347 0.09643 0.035179 0.050308 0.21967 0.15846 -0.10305 0.057084 0.039873 0.18224 -0.11714 0.044937 0.12306 0.097481 0.046746
-0.092709 -0.073296 -0.014575 -0.0041467 -0.018515 0.16809 0 -0.0083939 -0.0051433 -0.031658 -0.094828 -0.040177 -0.022538 -0.020434 0.17424 0.24923 -0.0079101 -0.025775 0.15433 -0.033891 0.052902 0.026316 0.075805 0.17919 0.070069 0.135 0.0034088 0.068804 0.017791 0.036648 0.16853 0.17046 0.068519 0.019266 0.025798 0.078863 0.078008 -0.013969 0.056416 -0.11373 0.067293 -0.033418 0.0042168 -0.1226 0.065418 0.027384 0.2334 -0.061451 0.04669 0.13313 0.016001 0.033195 0.092994 -0.04961 -0.075155 0.016461 0.029164 0.15659 -0.043271 0.070578 -0.026162 0.058774 -0.025452 0.030706 0.087785 0.081977 0.053381 0.023167 -0.065201 -0.027271 -0.031952 -0.032375 0.056997 -0.13915 0.064261 -0.061276 -0.022885 -0.19361 -0.034706 0.03099 0.18777 -0.1311 0.020684 0.10873 0.0035958 -0.0070269
0.058701 0.069896 0.14238 0.1022 0.01937 0.021087 -0.0083939 0 0.049405 0.034449 0.071543 0.12964 0.1008 0.013032 0.035403 0.0032729 0.10847 0.063745 -0.03233 0.08637 -0.061115 0.019279 -0.00059017 -0.006302 -0.04736 -0.022649 0.053482 0.023109 0.020872 0.012144 0.064815 -0.059682 0.025316 0.048286 -0.028417 -0.086056 -0.077119 0.045048 0.023649 0.066072 0.015364 0.045372 0.11866 -0.0048346 0.0054718 0.007225 0.0088409 -0.0028189 -0.0037809 0.0015089 0.042896 0.085553 -0.018686 0.073243 -0.038859 0.023462 -0.0064117 0.0009755 -0.02086 0.0043824 0.070723 0.036644 0.029608 0.0030701 0.061989 -0.041099 0.010295 0.045144 0.002258 -0.086991 -0.014686 0.050924 0.017371 0.075846 0.036739 0.059253 0.10001 0.018383 0.029798 0.011336 0.016383 0.055868 -0.017661 0.0016867 0.051902 0.088007
0.20523 0.21748 0.14151 0.13677 0.054393 0.088144 -0.0051433 0.049405 0 0.21939 0.22629 0.1273 0.13221 0.04627 0.075537 -0.018763 0.048861 0.19255 -0.047185 0.16045 0.0077139 0.070808 0.018235 0.013534 0.031652 0.015755 0.12904 0.027839 0.076498 0.10314 0.022512 -0.048853 0.066797 0.1224 0.040776 -0.060672 -0.013314 0.17464 0.094697 0.18437 0.07537 0.1515 0.13205 0.09774 0.074316 0.059386 0.00026743 0.10835 -0.028245 -0.017021 0.11672 0.18305 -0.033829 0.16712 0.045582 0.062284 0.030262 -0.004286 0.058022 0.026005 0.14216 0.019207 0.090501 0.089082 0.058282 -0.011669 0.039297 0.071057 0.086781 -0.037781 0.038782 0.17982 0.076331 0.17886 0.069783 0.17234 0.13018 0.098712 0.11795 0.027027 0.00021548 0.14862 -0.036605 -0.0032038 0.11499 0.17173
0.70138 0.33904 0.27503 0.24668 0.093955 0.063846 -0.031658 0.034449 0.21939 0 0.30801 0.26814 0.20661 0.09571 0.057812 -0.045016 0.026722 0.2218 -0.068237 0.21837 0.27821 0.0091749 0.055413 -0.059919 0.22655 0.23972 0.1494 -0.046902 0.20911 0.023659 -0.0043687 0.062509 0.054874 0.19327 0.23774 0.097734 0.20157 0.13495 0.25812 0.29717 0.27744 0.23646 0.082228 0.45488 0.27386 0.26615 -0.11907 0.37668 -0.021678 0.0033642 0.032293 0.22506 -0.14574 0.16158 0.14034 -0.0017779 0.030334 -0.075883 0.11742 0.13667 0.10015 -0.024422 0.099131 0.0077292 -0.011916 0.0084384 0.039615 0.12787 0.14196 0.029373 0.057962 0.14704 0.15744 0.24908 0.17281 0.15321 0.043967 0.21434 0.086647 0.10206 -0.095638 0.31865 -0.030537 -0.052894 0.051548 0.18819
0.40975 0.47555 0.25451 0.26861 0.10335 0.0053721 -0.094828 0.071543 0.22629 0.30801 0 0.31412 0.29562 0.1085 -0.0055187 -0.10404 0.089872 0.24298 -0.19236 0.28049 -0.025352 0.071543 0.019825 -0.057922 0.001726 -0.013434 0.1373 0.071829 0.12216 0.11771 -0.06531 -0.19034 0.020923 0.12961 0.030006 -0.15473 -0.07144 0.23779 0.071904 0.33081 0.082917 0.19236 0.17755 0.17937 0.06012 0.10488 -0.1541 0.21866 -0.087547 -0.073031 0.16369 0.28381 -0.13169 0.29901 0.16017 0.082445 0.010905 -0.082027 0.15548 0.015659 0.19406 0.043939 0.19334 0.077527 -0.0065649 -0.055368 0.018927 0.13523 0.24925 -0.0084535 0.15868 0.27151 0.05957 0.3921 0.12805 0.26991 0.19821 0.30548 0.26942 0.085157 -0.12261 0.32423 -0.035077 -0.095579 0.16259 0.3077
0.34885 0.25183 0.57081 0.36818 0.11283 0.026367 -0.040177 0.12964 0.1273 0.26814 0.31412 0 0.39349 0.083089 0.028048 -0.030042 0.14198 0.15141 -0.076449 0.20012 0.05711 -0.015187 -0.0078107 -0.041961 -0.010653 0.029016 0.074779 0.031682 0.18392 0.019062 -0.050358 -0.14019 -0.020517 0.038978 0.19412 -0.051595 0.10783 0.10035 0.019554 0.20821 0.073597 0.059404 0.16512 0.21912 0.1037 0.08668 -0.087399 0.17591 -0.08595 -0.068898 0.065917 0.19682 -0.023493 0.22976 0.18865 -0.03912 0.022325 -0.06089 0.087071 0.062958 0.084365 0.0077159 0.23558 -0.014931 0.00011156 -0.051212 0.015367 0.043266 0.28259 0.048556 0.23095 0.10592 -0.026988 0.25452 0.090232 0.11728 0.17751 0.28046 0.22904 0.046469 -0.078545 0.24552 -0.054615 -0.054532 0.058319 0.21888
0.28538 0.24588 0.36571 0.63534 0.16883 0.0040715 -0.022538 0.1008 0.13221 0.20661 0.29562 0.39349 0 0.14076 0.0096064 -0.0038859 0.11484 0.15361 -0.054371 0.25647 -0.042014 0.034937 0.015752 -0.013276 -0.10528 0.0024025 -0.012616 0.066799 0.12948 0.052093 -0.072646 -0.16768 -0.020257 0.16403 0.14806 -0.11129 0.046177 0.13237 0.12856 0.19843 0.23283 0.0057651 0.098701 0.11966 0.11045 0.10795 -0.034303 0.22099 -0.087747 -0.042002 0.12431 0.31853 0.016077 0.27865 0.030143 0.028104 0.017595 -0.0098166 -0.042744 0.032024 -0.0001029 0.056998 0.18462 0.029753 -0.043793 -0.12133 -0.00055231 0.15763 0.29534 -0.046192 0.1875 0.14753 0.13859 0.23934 0.30194 0.063397 0.11569 0.18844 0.18569 0.10459 0.0016534 0.32105 -0.088678 -0.043693 0.12148 0.3742
0.11211 0.092603 0.063899 0.12199 0.043493 -0.016794 -0.020434 0.013032 0.04627 0.09571 0.1085 0.083089 0.14076 0 -0.0075161 -0.026897 0.005382 0.088568 -0.024746 0.1257 -0.041081 0.014274 0.012901 -0.019189 -0.031027 -0.019771 0.010593 -0.0085742 0.029153 0.019013 -0.03064 -0.059465 -0.00021988 0.059175 0.025817 -0.046759 -0.010183 0.058649 0.066094 0.082949 0.070537 0.035815 0.054016 0.039486 0.047031 0.018378 -0.012792 0.080543 -0.043198 -0.012269 0.072644 0.12108 -0.015586 0.10333 0.0060016 0.015044 0.0032229 -0.019923 -0.0028874 -0.0065408 0.025382 -0.01151 0.031634 0.019237 -0.010366 -0.030141 -0.0060454 0.069843 0.080712 -0.032811 0.057998 0.070647 0.070566 0.088293 0.089972 0.048027 0.06793 0.067523 0.095927 0.0065901 -0.010773 0.12194 -0.025348 -0.025387 0.05857 0.13293
-0.002936 0.0027022 0.035823 0.0090039 -0.0059466 0.43534 0.17424 0.035403 0.075537 0.057812 -0.0055187 0.028048 0.0096064 -0.0075161 0 0.2152 0.042081 0.071702 0.047222 0.040533 0.13604 0.086915 0.10796 0.22417 0.23052 0.12885 0.32758 0.11402 0.084239 0.10274 0.30474 0.17013 0.2715 0.075561 -0.038368 -0.017793 -0.048515 0.06715 0.076682 0.090849 0.05578 0.26563 0.2411 -0.015797 0.16087 0.07597 0.20931 -0.088342 0.047469 0.13279 0.092921 0.077364 0.034002 0.040279 0.047091 0.074481 0.10396 0.21691 0.15417 0.12691 0.30654 0.10367 0.047964 0.095455 0.26646 0.14571 0.27626 0.066071 -0.095826 -0.069364 -0.080269 0.057151 0.10361 0.062765 0.049873 0.24978 0.17912 -0.071127 0.083625 0.065942 0.20074 -0.093733 0.027481 0.14016 0.096014 0.071161
-0.095625 -0.089694 -0.02852 -0.011861 -0.026903 0.16941 0.24923 0.0032729 -0.018763 -0.045016 -0.10404 -0.030042 -0.0038859 -0.026897 0.2152 0 0.017294 -0.0022633 0.11671 -0.032315 0.0518 0.025284 0.073941 0.16971 0.054989 0.12437 -0.0058533 0.019907 0.016868 0.02895 0.13839 0.12981 0.090964 0.022103 0.0079388 0.045984 0.052297 -0.053364 0.042623 -0.10104 0.069423 -0.022274 0.0079443 -0.10372 0.047592 0.031118 0.2005 -0.065951 0.046554 0.1078 0.013295 0.027265 0.10164 -0.038212 -0.027282 0.013074 0.043222 0.17724 -0.009611 0.11901 -0.023853 0.018624 -0.0027544 0.023884 0.099917 0.086792 0.098875 0.024297 -0.028493 -0.016021 0.004692 -0.061423 0.057901 -0.12729 0.071206 -0.046341 -0.025304 -0.1463 -0.022107 0.037278 0.20607 -0.094054 0.023928 0.13086 0.0022808 0.01964
0.037572 0.053875 0.11317 0.093239 0.020181 0.044275 -0.0079101 0.10847 0.048861 0.026722 0.089872 0.14198 0.11484 0.005382 0.042081 0.017294 0 0.066652 -0.020926 0.084667 -0.051842 0.027589 0.015063 -0.0037261 -0.023191 -0.036906 0.079561 0.035276 0.012373 0.030603 0.054629 -0.069366 0.0097361 0.032451 -0.02314 -0.083595 -0.066261 0.043179 0.010518 0.059259 -0.0010233 0.071555 0.12202 -0.018417 0.015224 -0.00034138 0.018158 -0.033489 -0.011779 -0.012584 0.043225 0.063333 -0.0081767 0.075487 -0.041167 0.027072 0.0056568 0.017567 -0.022593 -0.017961 0.069466 0.03134 0.019441 0.018853 0.048399 -0.037994 0.023949 0.036601 -0.013404 -0.10833 -0.030512 0.046578 0.001819 0.06793 0.0036382 0.069933 0.11564 0.012503 0.013502 0.0022874 0.027439 0.015517 -0.018675 -0.0016911 0.045437 0.068197
0.26029 0.20204 0.1483 0.14223 0.058596 0.073652 -0.025775 0.063745 0.19255 0.2218 0.24298 0.15141 0.15361 0.088568 0.071702 -0.0022633 0.066652 0 -0.065517 0.15874 0.032568 0.054949 0.042749 0.019536 0.052958 0.032912 0.12256 0.027656 0.089101 0.095459 0.018103 -0.031384 0.075636 0.089343 0.024454 -0.058616 -0.011311 0.16599 0.077942 0.1793 0.066615 0.15409 0.13536 0.10556 0.074732 0.062363 0.010066 0.12578 -0.035393 0.02924 0.16347 0.18753 -0.0063143 0.17913 0.10318 0.06549 0.028631 0.016308 0.10801 0.044986 0.14843 0.028962 0.11766 0.0848 0.069951 0.020397 0.063005 0.10855 0.12073 0.0098065 0.087859 0.18162 0.076735 0.19761 0.090559 0.1931 0.14006 0.14588 0.16088 0.056834 0.022427 0.16997 -0.00096304 0.0041202 0.12654 0.21162
-0.17764 -0.10574 -0.022737 -0.046776 -0.018063 0.061019 0.15433 -0.03233 -0.047185 -0.068237 -0.19236 -0.076449 -0.054371 -0.024746 0.047222 0.11671 -0.020926 -0.065517 0 -0.030569 0.23031 0.045108 0.037178 0.25775 0.18419 0.26279 -0.1814 0.078959 0.075269 0.072066 0.017351 0.55054 -0.018056 0.00064288 0.49888 0.22273 0.5603 -0.040576 0.083457 -0.10596 0.17848 -0.08913 -0.14087 0.012984 0.19907 0.086462 0.7288 0.2319 0.10509 0.15474 0.15836 0.13034 0.63877 -0.051866 0.0065623 0.029455 0.018236 0.21319 -0.020694 0.17634 -0.21924 0.085306 -0.0029073 0.067905 -0.068189 0.28294 0.010242 0.014859 0.20252 0.14076 0.24509 -0.068663 0.12411 -0.17314 0.12701 -0.17248 -0.1269 -0.11864 -0.0009278 0.059061 0.60403 0.028768 0.044564 0.15531 0.16845 0.090051
0.22697 0.25045 0.19494 0.28482 0.10168 0.046281 -0.033891 0.08637 0.16045 0.21837 0.28049 0.20012 0.25647 0.1257 0.040533 -0.032315 0.084667 0.15874 -0.030569 0 -0.10478 0.16822 0.053173 0.031417 -0.12069 -0.012916 0.012134 0.042411 0.2022 0.19458 -0.090999 -0.26616 0.013312 0.38393 0.19717 -0.22204 0.012793 0.2797 0.32957 0.40015 0.39899 0.095413 0.27739 0.24979 0.3177 0.27103 0.058022 0.36979 -0.12623 -0.041354 0.28067 0.56045 0.043026 0.57628 -0.091665 0.18386 0.013545 0.01652 -0.10824 0.0079753 0.053519 0.049519 0.17651 0.16852 -0.043262 -0.23344 0.031175 0.36116 0.30591 -0.23982 0.11529 0.279 0.29094 0.4347 0.39576 0.16472 0.27133 0.23014 0.2968 0.22403 0.063365 0.45972 -0.15607 -0.077662 0.2297 0.54736
0.047706 0.046287 0.12389 -0.033412 0.0020991 0.14705 0.052902 -0.061115 0.0077139 0.27821 -0.025352 0.05711 -0.042014 -0.041081 0.13604 0.0518 -0.051842 0.032568 0.23031 -0.10478 0 -0.12801 0.069945 0.18981 0.72725 0.5698 0.20154 -0.077771 0.28575 -0.076838 0.12188 0.49053 0.17569 -0.088244 0.56011 0.45549 0.5588 -0.1179 -0.010571 0.10349 0.12078 0.31637 -0.042884 0.70223 0.41516 0.40356 0.065431 0.44743 0.020407 0.010252 -0.025889 -0.052304 0.024179 -0.12131 0.63905 -0.18501 0.063064 0.10999 0.51459 0.31036 0.06701 -0.049895 0.082649 -0.078384 0.060215 0.29442 0.13029 -0.079273 0.22458 0.33652 0.20703 -0.12488 0.0021444 -0.036333 0.037996 0.15432 -0.12282 0.23815 0.065465 0.16729 0.055345 0.060738 0.07501 0.022618 -0.0025934 -0.11215
-0.020899 0.090847 0.0072126 0.036205 0.0028014 0.099943 0.026316 0.019279 0.070808 0.0091749 0.071543 -0.015187 0.034937 0.014274 0.086915 0.025284 0.027589 0.054949 0.045108 0.16822 -0.12801 0 0.019177 0.34024 0.035292 -0.13058 0.11508 0.24534 0.031462 0.92345 0.0086747 -0.15324 0.14738 0.35683 -0.06651 -0.18528 -0.13676 0.8814 0.29549 0.07655 0.28867 0.25168 0.072595 -0.027231 0.084227 0.63826 0.17708 0.011306 -0.035343 0.016977 0.18751 0.22731 0.087939 0.16461 -0.22639 0.9742 0.0014929 0.38666 -0.071489 -0.072671 0.14322 0.31533 -0.0045788 0.91413 -0.012929 -0.18816 0.16491 0.32345 -0.083848 -0.2514 -0.14901 0.84536 0.34673 0.080348 0.30334 0.29457 0.082731 -0.085144 0.002101 0.58408 0.16149 0.054503 -0.074568 0.016066 0.15744 0.20703
0.023689 0.02296 0.010246 0.010168 0.012683 0.13268 0.075805 -0.00059017 0.018235 0.055413 0.019825 -0.0078107 0.015752 0.012901 0.10796 0.073941 0.015063 0.042749 0.037178 0.053173 0.069945 0.019177 0 0.15912 0.11189 0.14536 0.059175 0.033438 0.093684 0.043524 0.091375 0.10316 0.09671 0.033488 0.066464 0.036771 0.069654 0.025386 0.050036 0.043546 0.058785 0.045269 0.059879 0.044389 0.068532 0.093963 0.10434 0.065245 0.031224 0.10189 0.047254 0.10039 0.015471 0.023744 0.033303 0.0083892 0.055545 0.12786 0.069916 0.115 0.056928 0.023159 0.058082 0.041 0.080469 0.065431 0.08286 0.010002 0.049873 0.008776 0.040617 0.017329 0.039641 0.031268 0.048198 0.05709 0.030216 -0.0084832 0.038092 0.074348 0.07594 0.035514 0.014533 0.048576 0.026933 0.087456
-0.053155 -0.040469 -0.027153 -0.01043 -0.010225 0.21641 0.17919 -0.006302 0.013534 -0.059919 -0.057922 -0.041961 -0.013276 -0.019189 0.22417 0.16971 -0.0037261 0.019536 0.25775 0.031417 0.18981 0.34024 0.15912 0 0.30271 0.35076 0.072499 0.5439 0.10635 0.51959 0.1719 0.19342 0.31589 0.11059 0.13354 0.039913 0.10093 0.29349 0.10009 -0.044424 0.15397 0.096044 0.043385 -0.017509 0.10003 0.51481 0.33364 0.015816 0.062038 0.15142 0.11607 0.13678 0.24019 0.04531 0.039274 0.30568 0.10879 0.80886 0.16824 0.35011 0.069056 0.50224 0.071923 0.51467 0.1317 0.16602 0.34071 0.11443 0.10954 -0.04049 0.12751 0.22422 0.15277 -0.039306 0.19109 0.13767 0.038784 -0.087753 0.040183 0.51207 0.26246 -0.0027663 0.033886 0.13416 0.090072 0.099819
0.035579 0.059318 0.0293 -0.098991 -0.02198 0.24419 0.070069 -0.04736 0.031652 0.22655 0.001726 -0.010653 -0.10528 -0.031027 0.23052 0.054989 -0.023191 0.052958 0.18419 -0.12069 0.72725 0.035292 0.11189 0.30271 0 0.51694 0.55892 0.017034 0.18244 0.073521 0.33028 0.65207 0.41566 -0.04589 0.23657 0.3635 0.25414 -0.013685 -0.073333 0.22154 -0.11865 0.71356 0.12775 0.52709 0.38567 0.34556 0.087384 0.21456 0.1683 0.11556 -0.007602 -0.10624 0.017775 -0.14234 0.47954 -0.05207 0.067258 0.21216 0.72702 0.30714 0.43171 0.017844 0.02959 0.061876 0.27849 0.52827 0.33086 -0.057914 0.0045085 0.22185 0.054564 -0.033267 -0.070854 0.053229 -0.14432 0.52314 0.04105 0.12272 0.1422 0.127 0.062687 -0.043251 0.21777 0.14038 0.014646 -0.15305
0.12861 0.053618 0.055162 0.014402 0.0056681 0.1286 0.135 -0.022649 0.015755 0.23972 -0.013434 0.029016 0.0024025 -0.019771 0.12885 0.12437 -0.036906 0.032912 0.26279 -0.012916 0.5698 -0.13058 0.14536 0.35076 0.51694 0 -0.0058636 0.080394 0.25737 -0.070808 0.074659 0.44548 0.11415 -0.024793 0.45036 0.38747 0.48238 -0.11776 0.030522 0.037484 0.14576 -0.018134 -0.079618 0.39852 0.2259 0.3922 0.16653 0.43767 0.017086 0.11788 -0.00021554 0.099053 0.11073 -0.022899 0.32648 -0.16189 0.095335 0.2581 0.30835 0.56283 -0.10171 0.040668 0.13258 -0.071834 -0.0066144 0.28 0.059394 -0.038612 0.25528 0.24102 0.31023 -0.13621 0.010063 -0.017062 0.073106 -0.055157 -0.1116 0.10525 0.014641 0.26196 0.1239 0.19251 0.042731 0.082077 0.0076159 0.042484
0.080404 0.1382 0.076275 0.0013736 -0.0068648 0.34409 0.0034088 0.053482 0.12904 0.1494 0.1373 0.074779 -0.012616 0.010593 0.32758 -0.0058533 0.079561 0.12256 -0.1814 0.012134 0.20154 0.11508 0.059175 0.072499 0.55892 -0.0058636 0 0.0036362 0.040972 0.10563 0.51049 0.23479 0.40214 0.061863 -0.23668 -0.047379 -0.26037 0.13766 0.020835 0.42687 -0.15486 0.82556 0.47786 0.10568 0.25894 -0.024887 -0.014434 -0.17293 0.14789 0.056886 0.10806 -0.041751 -0.16622 0.004728 0.068229 0.066796 0.056201 0.053887 0.35089 -0.050925 0.77399 0.032404 -0.034343 0.091677 0.46882 0.23158 0.31927 0.035525 -0.32568 -0.13205 -0.28334 0.15816 0.031895 0.27516 -0.14564 0.71788 0.3462 -0.048639 0.17161 -0.13009 0.0076726 -0.21379 0.12213 0.070335 0.088016 -0.071319
0.042991 0.085982 0.01914 0.04084 -0.007015 0.12084 0.068804 0.023109 0.027839 -0.046902 0.071829 0.031682 0.066799 -0.0085742 0.11402 0.019907 0.035276 0.027656 0.078959 0.042411 -0.077771 0.24534 0.033438 0.5439 0.017034 0.080394 0.0036362 0 0.052309 0.41504 0.08574 -0.0027221 0.035111 0.072351 -0.0049468 -0.013949 0.0095006 0.32574 0.025321 0.026162 0.086653 -0.056719 0.073185 -0.10517 -0.022719 0.31217 0.16892 -0.11432 0.0053139 0.052619 0.11918 0.11584 0.15051 0.083439 -0.071924 0.25345 0.025642 0.56803 -0.014976 0.16622 0.0079872 0.94968 0.08292 0.34574 0.056112 0.028983 0.07627 0.070622 0.1057 -0.030304 0.10142 0.31494 0.1103 0.04249 0.1674 -0.012416 0.070877 -0.068284 0.0054521 0.38049 0.13137 0.026839 0.013746 0.040004 0.094582 0.12759
0.18711 0.14219 0.19261 0.1372 0.068998 0.083181 0.017791 0.020872 0.076498 0.20911 0.12216 0.18392 0.12948 0.029153 0.084239 0.016868 0.012373 0.089101 0.075269 0.2022 0.28575 0.031462 0.093684 0.10635 0.18244 0.25737 0.040972 0.052309 0 0.048061 0.051632 0.078713 0.058439 0.061844 0.4342 0.29413 0.47342 0.089246 0.024153 0.25413 0.11415 0.08875 0.19137 0.4553 0.28685 0.19609 0.066199 0.39901 -0.04333 0.048413 0.1201 0.31916 0.0776 0.18891 0.22247 0.01481 0.053091 0.073105 0.1471 0.16821 -0.013847 0.04696 0.3892 0.036816 0.039998 0.055104 0.018292 0.033838 0.36425 0.22927 0.4277 0.080885 0.0271 0.18732 0.094257 0.06309 0.14425 0.26783 0.20813 0.087145 0.061179 0.27524 0.0037345 -0.0069059 0.11038 0.29953
0.013076 0.13595 0.035226 0.052873 0.007224 0.12207 0.036648 0.012144 0.10314 0.023659 0.11771 0.019062 0.052093 0.019013 0.10274 0.02895 0.030603 0.095459 0.072066 0.19458 -0.076838 0.92345 0.043524 0.51959 0.073521 -0.070808 0.10563 0.41504 0.048061 0 0.027677 -0.13693 0.20577 0.36273 -0.02876 -0.17014 -0.081419 0.91626 0.32011 0.10224 0.28972 0.21931 0.085155 -0.017613 0.077784 0.66123 0.20507 0.054473 -0.022525 0.011442 0.26099 0.26973 0.091893 0.17932 -0.16179 0.91374 0.010341 0.53283 -0.014649 0.0086305 0.13959 0.46297 0.035682 0.92803 0.0013429 -0.14406 0.22875 0.3242 0.0021573 -0.21121 -0.058268 0.88073 0.36609 0.11501 0.31587 0.28554 0.089494 -0.061923 0.023983 0.62666 0.17889 0.13464 -0.054078 0.0012708 0.22146 0.25022
-0.16522 -0.02802 -0.0038687 -0.03162 -0.028395 0.30157 0.16853 0.064815 0.022512 -0.0043687 -0.06531 -0.050358 -0.072646 -0.03064 0.30474 0.13839 0.054629 0.018103 0.017351 -0.090999 0.12188 0.0086747 0.091375 0.1719 0.33028 0.074659 0.51049 0.08574 0.051632 0.027677 0 0.38618 0.27901 -0.016352 -0.16386 0.087024 -0.09599 -0.0081529 0.0088351 -0.00055764 -0.077448 0.40946 0.39887 -0.20111 0.27883 -0.10988 0.1907 -0.30206 0.28632 0.18787 0.023194 -0.088656 -0.054811 -0.12215 -0.16687 -0.0093776 0.034632 0.17187 0.048819 0.0069238 0.37366 0.11568 -0.10671 0.02114 0.55 0.23692 0.22191 -0.02439 -0.36596 -0.11918 -0.28854 -0.021414 0.028157 -0.12924 -0.096738 0.21531 0.22748 -0.40288 0.013036 -0.1387 0.14788 -0.37016 0.2068 0.17329 0.019338 -0.13216
-0.13696 -0.10135 -0.0652 -0.15626 -0.037081 0.20469 0.17046 -0.059682 -0.048853 0.062509 -0.19034 -0.14019 -0.16768 -0.059465 0.17013 0.12981 -0.069366 -0.031384 0.55054 -0.26616 0.49053 -0.15324 0.10316 0.19342 0.65207 0.44548 0.23479 -0.0027221 0.078713 -0.13693 0.38618 0 0.14988 -0.19716 0.21214 0.59995 0.37005 -0.21034 -0.12264 -0.060691 -0.14619 0.2819 0.0021422 0.046383 0.38487 -0.11663 0.35364 0.10312 0.32623 0.28616 -0.091084 -0.20504 0.19976 -0.29037 0.15831 -0.20286 0.069863 0.1353 0.30353 0.26475 0.068502 0.0067662 -0.074836 -0.11999 0.2108 0.73559 0.083967 -0.18339 -0.14463 0.37346 -0.02119 -0.23201 -0.10472 -0.22132 -0.19307 -0.0013794 -0.10364 -0.25479 0.044727 -0.16108 0.25388 -0.22947 0.31399 0.26876 -0.056358 -0.2333
0.01354 0.024239 -0.017999 -0.019407 -0.011366 0.27338 0.068519 0.025316 0.066797 0.054874 0.020923 -0.020517 -0.020257 -0.00021988 0.2715 0.090964 0.0097361 0.075636 -0.018056 0.013312 0.17569 0.14738 0.09671 0.31589 0.41566 0.11415 0.40214 0.035111 0.058439 0.20577 0.27901 0.14988 0 0.097382 -0.052305 -0.034314 -0.080537 0.12958 0.045602 0.080432 -0.039584 0.45472 0.22021 0.071108 0.14905 0.12935 0.13065 -0.067957 0.057756 0.093698 0.087396 0.033172 0.014716 0.0025463 0.11729 0.10676 0.068536 0.26558 0.29902 0.10197 0.38989 0.037471 0.0074352 0.19569 0.28125 0.17607 0.43758 0.070566 -0.09469 -0.043428 -0.05535 0.10608 0.031594 0.047779 -0.033526 0.42251 0.16169 -0.014488 0.12397 0.063937 0.12642 -0.090613 0.081504 0.10114 0.064629 -0.007808
0.11786 0.17917 0.05564 0.19543 0.021402 0.076933 0.019266 0.048286 0.1224 0.19327 0.12961 0.038978 0.16403 0.059175 0.075561 0.022103 0.032451 0.089343 0.00064288 0.38393 -0.088244 0.35683 0.033488 0.11059 -0.04589 -0.024793 0.061863 0.072351 0.061844 0.36273 -0.016352 -0.19716 0.097382 0 0.12877 -0.21315 -0.0049877 0.41733 0.52825 0.26017 0.58771 0.18615 0.092081 0.13472 0.30933 0.37926 0.17526 0.34257 -0.070381 -0.011733 0.36297 0.48465 0.039868 0.3451 -0.11697 0.33231 0.0057662 0.096523 -0.086894 -0.033078 0.084544 0.069484 0.035084 0.33191 -0.033463 -0.21832 0.13083 0.76783 0.17421 -0.23522 0.049808 0.3957 0.45579 0.31587 0.53548 0.23982 0.078755 0.10944 0.22753 0.30933 0.17054 0.39332 -0.1048 -0.033936 0.31453 0.45361
0.088474 0.11521 0.23393 0.1769 0.073466 -0.034003 0.025798 -0.028417 0.040776 0.23774 0.030006 0.19412 0.14806 0.025817 -0.038368 0.0079388 -0.02314 0.024454 0.49888 0.19717 0.56011 -0.06651 0.066464 0.13354 0.23657 0.45036 -0.23668 -0.0049468 0.4342 -0.02876 -0.16386 0.21214 -0.052305 0.12877 0 0.38973 0.85398 0.0035846 0.10483 0.083278 0.37113 -0.10621 -0.12307 0.5633 0.49374 0.31705 0.24494 0.67527 -0.06956 0.0056834 0.11287 0.3774 0.2512 0.18513 0.33662 -0.085898 0.028815 0.06428 0.10373 0.21391 -0.30262 -0.010902 0.27902 -0.033972 -0.20755 0.025178 -0.051933 0.11081 0.6577 0.25319 0.60318 -0.017921 0.10537 0.018779 0.30672 -0.16676 -0.13261 0.21925 0.22581 0.18832 0.18872 0.44169 -0.056557 -0.03684 0.12137 0.32391
-0.078351 -0.073383 -0.007685 -0.094972 6.325e-05 0.018595 0.078863 -0.086056 -0.060672 0.097734 -0.15473 -0.051595 -0.11129 -0.046759 -0.017793 0.045984 -0.083595 -0.058616 0.22273 -0.22204 0.45549 -0.18528 0.036771 0.039913 0.3635 0.38747 -0.047379 -0.013949 0.29413 -0.17014 0.087024 0.59995 -0.034314 -0.21315 0.38973 0 0.62559 -0.17553 -0.14902 -0.12145 -0.090583 -0.086436 -0.17202 0.19554 0.23905 -0.084659 0.014895 0.19121 0.15199 0.089855 -0.091932 -0.13153 -0.0264 -0.23465 0.16792 -0.19914 0.04121 0.0075893 0.088873 0.17329 -0.20787 -0.014943 0.096611 -0.16485 -0.02764 0.26416 -0.047384 -0.18653 0.064083 0.55652 0.23056 -0.18792 -0.11831 -0.23321 -0.11352 -0.3037 -0.24348 -0.15715 -0.10064 -0.15005 -0.018271 -0.083225 0.11849 0.073453 -0.071095 -0.14398
0.003061 0.0079407 0.146 0.062404 0.051092 -0.022806 0.078008 -0.077119 -0.013314 0.20157 -0.07144 0.10783 0.046177 -0.010183 -0.048515 0.052297 -0.066261 -0.011311 0.5603 0.012793 0.5588 -0.13676 0.069654 0.10093 0.25414 0.48238 -0.26037 0.0095006 0.47342 -0.081419 -0.09599 0.37005 -0.080537 -0.0049877 0.85398 0.62559 0 -0.086695 -0.018273 -0.045097 0.24556 -0.23736 -0.22044 0.43956 0.35906 0.18157 0.2299 0.55276 0.018531 0.034137 0.0026934 0.19645 0.26756 -0.036501 0.28114 -0.14494 0.048397 0.035914 -0.0054118 0.23952 -0.36055 0.0060067 0.26485 -0.091239 -0.18266 0.080971 -0.089749 -0.0099383 0.4939 0.45174 0.5916 -0.10194 0.018057 -0.14234 0.15387 -0.35054 -0.24262 0.060517 -0.01159 0.07538 0.15924 0.22025 -0.039461 -0.0064559 0.033164 0.15205
0.1268 0.22884 0.097996 0.12897 0.051535 0.085904 -0.013969 0.045048 0.17464 0.13495 0.23779 0.10035 0.13237 0.058649 0.06715 -0.053364 0.043179 0.16599 -0.040576 0.2797 -0.1179 0.8814 0.025386 0.29349 -0.013685 -0.11776 0.13766 0.32574 0.089246 0.91626 -0.0081529 -0.21034 0.12958 0.41733 0.0035846 -0.17553 -0.086695 0 0.39851 0.21847 0.36418 0.25302 0.12287 0.021633 0.10429 0.57212 0.096303 0.12703 -0.064463 -0.024471 0.3037 0.35488 -0.0091015 0.27835 -0.15057 0.84818 0.0025737 0.31204 -0.044903 -0.048121 0.17529 0.3941 0.086263 0.87752 -0.0068003 -0.19869 0.14584 0.38306 0.0489 -0.18715 -0.032218 0.96614 0.43814 0.2447 0.39864 0.31247 0.13836 0.027621 0.087591 0.53998 0.080376 0.26418 -0.069996 -0.051461 0.27009 0.35202
0.056169 0.1484 0.020146 0.2027 0.07735 0.093745 0.056416 0.023649 0.094697 0.25812 0.071904 0.019554 0.12856 0.066094 0.076682 0.042623 0.010518 0.077942 0.083457 0.32957 -0.010571 0.29549 0.050036 0.10009 -0.073333 0.030522 0.020835 0.025321 0.024153 0.32011 0.0088351 -0.12264 0.045602 0.52825 0.10483 -0.14902 -0.018273 0.39851 0 0.097888 0.89135 0.070397 0.016389 0.056183 0.32026 0.4194 0.31605 0.4115 -0.015523 0.036838 0.49314 0.61048 0.062838 0.28886 -0.16718 0.26563 0.0063755 0.083643 -0.16146 -0.033244 -0.0018973 0.024665 -0.023041 0.28794 -0.036865 -0.21466 0.06544 0.47601 0.078437 -0.23673 -0.091543 0.36299 0.89389 0.13444 0.79224 0.07461 -0.0048015 -0.058587 0.13539 0.32163 0.26694 0.3699 -0.10397 -0.017021 0.40167 0.50634
0.35226 0.31597 0.185 0.18914 0.087565 0.10693 -0.11373 0.066072 0.18437 0.29717 0.33081 0.20821 0.19843 0.082949 0.090849 -0.10104 0.059259 0.1793 -0.10596 0.40015 0.10349 0.07655 0.043546 -0.044424 0.22154 0.037484 0.42687 0.026162 0.25413 0.10224 -0.00055764 -0.060691 0.080432 0.26017 0.083278 -0.12145 -0.045097 0.21847 0.097888 0 0.073802 0.54905 0.36585 0.4247 0.28053 0.17076 -0.07852 0.34684 -0.068132 -0.0434 0.18762 0.33726 -0.068674 0.36993 0.16501 0.078489 0.046707 -0.057914 0.26636 0.066207 0.42979 0.025208 0.24024 0.0617 0.10064 0.040155 0.044901 0.20584 0.17125 -0.073872 0.10418 0.23539 0.083498 0.68113 0.1018 0.52446 0.3316 0.42177 0.34541 0.067077 -0.044656 0.36944 -0.072111 -0.072641 0.17382 0.3489
0.078504 0.13754 0.088682 0.29583 0.093849 0.056538 0.067293 0.015364 0.07537 0.27744 0.082917 0.073597 0.23283 0.070537 0.05578 0.069423 -0.0010233 0.066615 0.17848 0.39899 0.12078 0.28867 0.058785 0.15397 -0.11865 0.14576 -0.15486 0.086653 0.11415 0.28972 -0.077448 -0.14619 -0.039584 0.58771 0.37113 -0.090583 0.24556 0.36418 0.89135 0.073802 0 -0.09984 -0.038694 0.13235 0.46924 0.51136 0.31938 0.54449 -0.060218 0.01018 0.41904 0.63801 0.14339 0.35058 -0.082438 0.25994 0.0075866 0.13152 -0.22631 0.03087 -0.16693 0.092134 0.065579 0.27235 -0.13478 -0.26222 0.02261 0.55843 0.32255 -0.20662 0.093719 0.33698 0.82698 0.11712 0.91322 -0.048333 -0.050984 0.0069872 0.24768 0.44908 0.26933 0.46584 -0.1323 -0.035756 0.33298 0.55452
0.17376 0.18801 0.081224 0.023813 0.0073145 0.27483 -0.033418 0.045372 0.1515 0.23646 0.19236 0.059404 0.0057651 0.035815 0.26563 -0.022274 0.071555 0.15409 -0.08913 0.095413 0.31637 0.25168 0.045269 0.096044 0.71356 -0.018134 0.82556 -0.056719 0.08875 0.21931 0.40946 0.2819 0.45472 0.18615 -0.10621 -0.086436 -0.23736 0.25302 0.070397 0.54905 -0.09984 0 0.45059 0.32537 0.37237 0.14555 0.017086 0.054134 0.14662 0.059862 0.1083 0.039251 -0.065386 0.076554 0.19759 0.19466 0.052723 0.076671 0.54183 -0.022786 0.78211 0.012036 -0.0055514 0.20316 0.40987 0.33789 0.37306 0.1285 -0.21345 -0.12417 -0.2324 0.25414 0.057859 0.41281 -0.092641 0.92058 0.36011 0.14333 0.32278 -0.018619 0.051805 -0.010188 0.16899 0.087001 0.11646 0.0092446
0.078284 0.15211 0.16504 0.11712 0.052352 0.23627 0.0042168 0.11866 0.13205 0.082228 0.17755 0.16512 0.098701 0.054016 0.2411 0.0079443 0.12202 0.13536 -0.14087 0.27739 -0.042884 0.072595 0.059879 0.043385 0.12775 -0.079618 0.47786 0.073185 0.19137 0.085155 0.39887 0.0021422 0.22021 0.092081 -0.12307 -0.17202 -0.22044 0.12287 0.016389 0.36585 -0.038694 0.45059 0 0.055425 0.3536 -0.041473 0.033633 -0.069499 0.053636 0.043959 0.149 0.173 -0.088145 0.26108 -0.078824 0.060784 0.041717 0.030966 0.053684 -0.061093 0.43934 0.082044 0.12829 0.064715 0.41734 0.070834 0.16117 0.07147 -0.11804 -0.19368 -0.12911 0.12105 0.0086167 0.30347 -0.021929 0.3871 0.5766 0.019751 0.31504 -0.087661 0.064253 -0.024836 0.032628 0.051753 0.13267 0.15817
0.35136 0.20412 0.24608 0.14339 0.068152 0.0019406 -0.1226 -0.0048346 0.09774 0.45488 0.17937 0.21912 0.11966 0.039486 -0.015797 -0.10372 -0.018417 0.10556 0.012984 0.24979 0.70223 -0.027231 0.044389 -0.017509 0.52709 0.39852 0.10568 -0.10517 0.4553 -0.017613 -0.20111 0.046383 0.071108 0.13472 0.5633 0.19554 0.43956 0.021633 0.056183 0.4247 0.13235 0.32537 0.055425 0 0.45916 0.42638 -0.106 0.65897 -0.1309 -0.092731 0.07394 0.24825 -0.0034126 0.20968 0.54868 -0.05003 0.035578 -0.053527 0.44488 0.22865 0.045627 -0.092655 0.28251 -0.039246 -0.13571 0.077011 0.025344 0.102 0.42554 0.19544 0.32319 0.027171 0.012071 0.35525 0.089535 0.29553 0.028525 0.68305 0.27544 0.2025 -0.069982 0.43364 -0.079218 -0.12719 0.071511 0.19084
-0.0031383 0.15776 0.19676 0.15663 0.063626 0.17854 0.065418 0.0054718 0.074316 0.27386 0.06012 0.1037 0.11045 0.047031 0.16087 0.047592 0.015224 0.074732 0.19907 0.3177 0.41516 0.084227 0.068532 0.10003 0.38567 0.2259 0.25894 -0.022719 0.28685 0.077784 0.27883 0.38487 0.14905 0.30933 0.49374 0.23905 0.35906 0.10429 0.32026 0.28053 0.46924 0.37237 0.3536 0.45916 0 0.28846 0.16624 0.46227 0.12847 0.07455 0.17294 0.29369 0.026374 0.2261 0.066311 0.032551 0.043551 0.060067 0.024113 0.073399 0.1019 0.0045326 0.022223 0.065294 0.1334 0.094541 0.12365 0.30234 0.1299 -0.061559 0.016795 0.081971 0.27718 0.13018 0.38376 0.13166 0.1669 -0.020283 0.48399 0.1497 0.16236 0.17553 0.079021 0.055062 0.16681 0.22323
0.18913 0.14206 0.067646 0.12097 0.016482 0.07772 0.027384 0.007225 0.059386 0.26615 0.10488 0.08668 0.10795 0.018378 0.07597 0.031118 -0.00034138 0.062363 0.086462 0.27103 0.40356 0.63826 0.093963 0.51481 0.34556 0.3922 -0.024887 0.31217 0.19609 0.66123 -0.10988 -0.11663 0.12935 0.37926 0.31705 -0.084659 0.18157 0.57212 0.4194 0.17076 0.51136 0.14555 -0.041473 0.42638 0.28846 0 0.077019 0.52527 -0.076508 -0.020413 0.17191 0.36207 0.068027 0.25411 0.20619 0.59685 0.049168 0.47529 0.19965 0.33032 0.017371 0.28128 0.13644 0.66345 -0.10407 -0.14216 0.15364 0.33735 0.32549 -0.11168 0.17184 0.56071 0.3686 0.19427 0.46347 0.26212 -0.024761 0.23477 0.15962 0.93404 0.028477 0.4281 -0.074067 -0.04279 0.14952 0.31614
-0.18421 -0.1004 -0.058473 -0.0076237 0.0089156 0.21469 0.2334 0.0088409 0.00026743 -0.11907 -0.1541 -0.087399 -0.034303 -0.012792 0.20931 0.2005 0.018158 0.010066 0.7288 0.058022 0.065431 0.17708 0.10434 0.33364 0.087384 0.16653 -0.014434 0.16892 0.066199 0.20507 0.1907 0.35364 0.13065 0.17526 0.24494 0.014895 0.2299 0.096303 0.31605 -0.07852 0.31938 0.017086 0.033633 -0.106 0.16624 0.077019 0 0.10616 0.068392 0.2214 0.56529 0.31926 0.58377 0.04563 -0.098484 0.14617 0.069982 0.3139 -0.072616 0.077463 -0.061586 0.14723 0.0094181 0.19117 0.10569 0.16818 0.14493 0.20567 0.10197 -0.070265 0.061984 0.038156 0.34927 -0.091988 0.31194 -0.015278 0.037819 -0.18832 0.038578 0.095054 0.8463 0.049435 0.016013 0.1958 0.47261 0.26296
0.34929 0.23044 0.1769 0.2406 0.10621 -0.076144 -0.061451 -0.0028189 0.10835 0.37668 0.21866 0.17591 0.22099 0.080543 -0.088342 -0.065951 -0.033489 0.12578 0.2319 0.36979 0.44743 0.011306 0.065245 0.015816 0.21456 0.43767 -0.17293 -0.11432 0.39901 0.054473 -0.30206 0.10312 -0.067957 0.34257 0.67527 0.19121 0.55276 0.12703 0.4115 0.34684 0.54449 0.054134 -0.069499 0.65897 0.46227 0.52527 0.10616 0 -0.099637 -0.049049 0.28261 0.57895 0.19427 0.35931 0.38159 0.00098175 0.027707 -0.051967 0.26669 0.29874 -0.16894 -0.093897 0.32304 0.031663 -0.27002 0.099819 -0.058529 0.28373 0.63111 0.22109 0.51134 0.12289 0.31605 0.32936 0.46897 0.11827 -0.041288 0.49364 0.39229 0.37175 0.097338 0.82383 -0.064827 -0.08571 0.21728 0.51588
-0.11428 -0.045819 -0.050343 -0.071631 -0.029745 0.060373 0.04669 -0.0037809 -0.028245 -0.021678 -0.087547 -0.08595 -0.087747 -0.043198 0.047469 0.046554 -0.011779 -0.035393 0.10509 -0.12623 0.020407 -0.035343 0.031224 0.062038 0.1683 0.017086 0.14789 0.0053139 -0.04333 -0.022525 0.28632 0.32623 0.057756 -0.070381 -0.06956 0.15199 0.018531 -0.064463 -0.015523 -0.068132 -0.060218 0.14662 0.053636 -0.1309 0.12847 -0.076508 0.068392 -0.099637 0 0.099776 -0.073743 -0.13299 0.024835 -0.14725 -0.11441 -0.032151 0.0076458 0.056117 -0.016271 0.011574 0.072292 0.016987 -0.10959 -0.020962 0.16056 0.20415 0.032336 -0.056302 -0.18397 0.04378 -0.14114 -0.060853 0.0015773 -0.15662 -0.07702 0.010836 -0.0034803 -0.27151 -0.015248 -0.061496 0.0585 -0.19532 0.21754 0.09246 -0.04084 -0.14951
-0.067335 -0.051124 -0.044597 -0.015837 -0.021182 0.1517 0.13313 0.0015089 -0.017021 0.0033642 -0.073031 -0.068898 -0.042002 -0.012269 0.13279 0.1078 -0.012584 0.02924 0.15474 -0.041354 0.010252 0.016977 0.10189 0.15142 0.11556 0.11788 0.056886 0.052619 0.048413 0.011442 0.18787 0.28616 0.093698 -0.011733 0.0056834 0.089855 0.034137 -0.024471 0.036838 -0.0434 0.01018 0.059862 0.043959 -0.092731 0.07455 -0.020413 0.2214 -0.049049 0.099776 0 0.030592 0.019554 0.085676 -0.064453 -0.067318 0.004917 0.036818 0.12381 0.012569 0.088422 0.034296 0.047789 -0.035673 0.025445 0.13705 0.20678 0.065352 -0.01085 -0.055684 0.017605 -0.04132 -0.034007 0.022445 -0.092227 -0.0096856 0.011092 0.0081583 -0.15708 0.022201 -0.020874 0.18883 -0.095236 0.092861 0.16821 0.020319 0.0011923
0.034162 0.16237 0.065033 0.13064 0.061413 0.11225 0.016001 0.042896 0.11672 0.032293 0.16369 0.065917 0.12431 0.072644 0.092921 0.013295 0.043225 0.16347 0.15836 0.28067 -0.025889 0.18751 0.047254 0.11607 -0.007602 -0.00021554 0.10806 0.11918 0.1201 0.26099 0.023194 -0.091084 0.087396 0.36297 0.11287 -0.091932 0.0026934 0.3037 0.49314 0.18762 0.41904 0.1083 0.149 0.07394 0.17294 0.17191 0.56529 0.28261 -0.073743 0.030592 0 0.49929 0.2364 0.28943 -0.0048162 0.18687 0.036621 0.12169 0.0088806 -0.0089868 0.09204 0.10466 0.13029 0.23149 0.045751 -0.06298 0.10722 0.35064 0.18609 -0.08463 0.087002 0.27731 0.4602 0.23591 0.41369 0.16294 0.16057 0.077414 0.19107 0.15686 0.54043 0.36148 -0.050993 -0.0084989 0.64108 0.45958
0.23302 0.28674 0.18474 0.34899 0.143 0.080776 0.033195 0.085553 0.18305 0.22506 0.28381 0.19682 0.31853 0.12108 0.077364 0.027265 0.063333 0.18753 0.13034 0.56045 -0.052304 0.22731 0.10039 0.13678 -0.10624 0.099053 -0.041751 0.11584 0.31916 0.26973 -0.088656 -0.20504 0.033172 0.48465 0.3774 -0.13153 0.19645 0.35488 0.61048 0.33726 0.63801 0.039251 0.173 0.24825 0.29369 0.36207 0.31926 0.57895 -0.13299 0.019554 0.49929 0 0.18228 0.53562 -0.014034 0.22254 0.059077 0.091866 -0.057284 0.071982 -0.0080239 0.1161 0.31673 0.24068 -0.066388 -0.16132 0.050617 0.45353 0.49424 -0.099345 0.33092 0.34539 0.54032 0.39951 0.6104 0.14848 0.18872 0.25208 0.32652 0.31435 0.29007 0.64208 -0.13632 -0.032175 0.40185 0.76621
-0.043034 -0.11276 -0.022559 -0.0063288 -0.0051815 0.022534 0.092994 -0.018686 -0.033829 -0.14574 -0.13169 -0.023493 0.016077 -0.015586 0.034002 0.10164 -0.0081767 -0.0063143 0.63877 0.043026 0.024179 0.087939 0.015471 0.24019 0.017775 0.11073 -0.16622 0.15051 0.0776 0.091893 -0.054811 0.19976 0.014716 0.039868 0.2512 -0.0264 0.26756 -0.0091015 0.062838 -0.068674 0.14339 -0.065386 -0.088145 -0.0034126 0.026374 0.068027 0.58377 0.19427 0.024835 0.085676 0.2364 0.18228 0 0.048161 0.13887 0.095403 0.033872 0.26558 0.11883 0.18406 -0.16138 0.10138 0.10899 0.087691 -0.04516 0.36498 0.029808 0.054487 0.39811 0.13278 0.43937 -0.035117 0.10391 -0.027742 0.18366 -0.0046753 -0.041476 0.03211 0.21446 0.063228 0.70161 0.20937 0.028535 0.15147 0.21021 0.17054
