0,0.368904531002045,0.27025955915451,0.282908409833908,0.0778366327285767,-0.00894992984831333,-0.102182328701019,0.0690047815442085,0.225082457065582,0.72894823551178,0.450983226299286,0.362803786993027,0.298462361097336,0.104810774326324,-0.00973836425691843,-0.100080780684948,0.0502335093915462,0.278436660766602,-0.161054104566574,0.232605114579201,0.0787927731871605,-0.002962896367535,0.0220526941120625,-0.0890919119119644,0.0661136582493782,0.136439740657806,0.104217819869518,-0.0457817651331425,0.220457687973976,0.00163195142522454,-0.140286773443222,-0.104124374687672,0.00998326018452644,0.0846575796604156,0.117299392819405,-0.0121240131556988,0.0510243065655231,0.121066831052303,-0.00881202053278685,0.362537235021591,0.0499924272298813,0.208685338497162,0.109915621578693,0.363104999065399,0.0724780336022377,0.097944937646389,-0.166449993848801,0.340034931898117,-0.0959294661879539,-0.0572033859789371,0.060175433754921,0.217762261629105,-0.0702618211507797,0.278515428304672,0.398240119218826,-0.00893206987529993,0.0400962606072426,-0.127401143312454,0.328310579061508,0.214321851730347,0.19171629846096,-0.0392887890338898,0.340290248394012,-0.0419091433286667,-0.0279881972819567,0.096833348274231,0.0146036799997091,0.0975997224450111,0.377839595079422,0.227394908666611,0.296276718378067,0.129367664456367,0.00183126865886152,0.432749062776566,0.137924909591675,0.308172255754471,0.182292565703392,0.568809807300568,0.386429101228714,0.119797579944134,-0.132470071315765,0.500777363777161,0.00270862597972155,-0.0810224860906601,0.0608409494161606,0.274080336093903
0.368904531002045,0,0.27437749505043,0.303844660520554,0.122845619916916,-0.00192327750846744,-0.0959465652704239,0.0807688534259796,0.240594312548637,0.37742680311203,0.534370481967926,0.29757821559906,0.284878373146057,0.103917345404625,-0.015876479446888,-0.117628701031208,0.0681748390197754,0.236954241991043,-0.112994104623795,0.277374088764191,0.0494728051126003,0.0903351232409477,0.0205882638692856,-0.0955404192209244,0.0479262545704842,0.0386942401528358,0.146104604005814,0.0615489445626736,0.169697016477585,0.119013108313084,-0.0365552492439747,-0.104793086647987,0.00404127920046449,0.132361441850662,0.13871730864048,-0.0398002006113529,0.029596958309412,0.245658993721008,0.0722360908985138,0.354663670063019,0.0821835845708847,0.205648168921471,0.173362672328949,0.235837742686272,0.185969904065132,0.0736841559410095,-0.123387463390827,0.238000944256783,-0.0487186945974827,-0.0589622519910336,0.191579207777977,0.2815061211586,-0.137839645147324,0.281050801277161,0.0598087087273598,0.081354483962059,0.0171898696571589,-0.117929995059967,0.0497075766324997,-0.0255092866718769,0.133518815040588,0.05872892588377,0.145658791065216,0.0739944651722908,-0.0145913893356919,-0.108447760343552,-0.0222168359905481,0.0684475526213646,0.173110663890839,-0.0119278682395816,0.0813037976622581,0.277657955884933,0.0247532408684492,0.333375751972198,0.0626328065991402,0.182953715324402,0.163957089185715,0.198032647371292,0.169716998934746,0.0169297587126493,-0.144193559885025,0.225747108459473,-0.0425865389406681,-0.075865626335144,0.171400740742683,0.269022524356842
0.27025955915451,0.27437749505043,0,0.40757805109024,0.110423892736435,0.0348402298986912,-0.0230756085366011,0.156005635857582,0.150144353508949,0.297599613666534,0.287687659263611,0.594011068344116,0.392148703336716,0.0718126744031906,0.021837217733264,-0.0329082570970058,0.130831211805344,0.153485015034676,-0.0359176024794579,0.224223122000694,0.107966385781765,0.00983820576220751,0.00207999697886407,-0.066805973649025,0.0272098667919636,0.0517815984785557,0.0874464809894562,-0.00734660401940346,0.211572110652924,0.0255038272589445,-0.00786515697836876,-0.0693812966346741,-0.0416046679019928,0.0340287201106548,0.23559407889843,0.0127157997339964,0.138076439499855,0.0939408913254738,-0.024018744006753,0.230197608470917,0.0701567232608795,0.0971638783812523,0.19421075284481,0.255315065383911,0.207419261336327,0.0148255871608853,-0.0618210211396217,0.195204630494118,-0.0562951862812042,-0.0467557981610298,0.109448596835136,0.192696318030357,-0.036945890635252,0.201751530170441,0.0904031544923782,-0.00903297774493694,0.0303051881492138,-0.0855919048190117,0.0120137399062514,0.0132250525057316,0.0627230405807495,0.0159791894257069,0.170551225543022,-0.013831133954227,-0.00107866385951638,-0.0758470296859741,-0.0285011734813452,0.0158238708972931,0.201116323471069,-0.0166467782109976,0.132592678070068,0.102504551410675,-0.0414078123867512,0.214548334479332,0.079748161137104,0.0655506402254105,0.149029597640038,0.164493232965469,0.153983429074287,-0.023198438808322,-0.0613508373498917,0.185931876301765,-0.0689926519989967,-0.0578944198787212,0.107029087841511,0.190312802791595
0.282908409833908,0.303844660520554,0.40757805109024,0,0.209888890385628,0.0138114644214511,-0.00770143093541265,0.127910628914833,0.150321036577225,0.269766926765442,0.305803954601288,0.387222528457642,0.666424691677094,0.135104089975357,0.00441286433488131,-0.0177156031131744,0.111571326851845,0.159479305148125,-0.052122924476862,0.322770357131958,-0.0283318739384413,0.0529034435749054,0.012068297713995,-0.0260884407907724,-0.0941582471132278,0.0224284995347261,0.00902396626770496,0.0192805882543325,0.175983712077141,0.055654015392065,-0.031111616641283,-0.157499074935913,-0.022619865834713,0.185550674796104,0.203486055135727,-0.0719595551490784,0.0688170343637466,0.133347660303116,0.146903797984123,0.235621437430382,0.273033291101456,0.0529783070087433,0.153465867042542,0.175649732351303,0.195326939225197,0.0955564752221107,-0.00479687424376607,0.27349254488945,-0.0780025720596313,-0.0131793199107051,0.165336310863495,0.365247130393982,-0.0294453054666519,0.319964200258255,-0.001569495187141,0.0508122518658638,0.0104938251897693,-0.0472803525626659,-0.0675895884633064,-0.0182990003377199,0.0171147082000971,0.0400146096944809,0.158334791660309,0.0320815406739712,-0.0228983461856842,-0.141965001821518,0.003138717263937,0.148833632469177,0.264089971780777,-0.0543139092624187,0.136442631483078,0.151954814791679,0.0864168629050255,0.270915776491165,0.254427194595337,0.0745323449373245,0.152416154742241,0.176117688417435,0.18525218963623,0.0727316811680794,-0.0305969286710024,0.308349072933197,-0.0773231312632561,-0.0580876581370831,0.153774127364159,0.366978645324707
0.0778366327285767,0.122845619916916,0.110423892736435,0.209888890385628,0,0.00450544292107224,-0.0108793675899506,0.0225884523242712,0.0627583637833595,0.0965892001986504,0.10437648743391,0.114975489675999,0.179233938455582,0.0424747094511986,-0.00143088446930051,-0.025533352047205,0.0304966922849417,0.0592100396752357,-0.0157759543508291,0.105320274829865,0.00466271443292499,0.0121657913550735,0.0114003233611584,-0.0117930434644222,-0.0144913289695978,0.0134952124208212,-0.0051430813036859,-0.0112697258591652,0.0836072862148285,0.0179919824004173,-0.0169401429593563,-0.0329067930579185,-0.00280239526182413,0.018340615555644,0.0828381702303886,0.0103628989309072,0.0548338182270527,0.0555643364787102,0.0607144236564636,0.0982742756605148,0.0903632566332817,0.0139325829222798,0.0644568502902985,0.0762895047664642,0.0746985226869583,0.00613724766299129,0.0106303533539176,0.113602012395859,-0.0301268808543682,-0.013309801928699,0.0719163566827774,0.15091660618782,-0.0115316044539213,0.122351691126823,-0.0217603333294392,0.00831189472228289,-0.0159559603780508,-0.032028041779995,-0.0372169353067875,-0.0131595004349947,-0.00444577680900693,-0.000268814153969288,0.0667877122759819,-0.000397765048546717,-0.0190379377454519,-0.044660784304142,-0.0224006064236164,0.0262936986982822,0.0853114426136017,-0.00723328394815326,0.060794435441494,0.0603775084018707,0.0465460680425167,0.0815204903483391,0.0702742263674736,-0.00192545028403401,0.0398859567940235,0.0405701734125614,0.0505002476274967,-0.0151495337486267,-0.0109057845547795,0.101383805274963,-0.0447894297540188,-0.0204919446259737,0.0520050264894962,0.139357328414917
-0.00894992984831333,-0.00192327750846744,0.0348402298986912,0.0138114644214511,0.00450544292107224,0,0.182655483484268,0.0193453542888165,0.088685467839241,0.0445113740861416,-0.00879764743149281,0.0236526913940907,0.000723099219612777,-0.0218639150261879,0.462235540151596,0.194449916481972,0.0470120012760162,0.0706604570150375,0.0845098719000816,0.0497555434703827,0.144833162426949,0.0700409561395645,0.140209212899208,0.234468623995781,0.244361057877541,0.134175330400467,0.344600319862366,0.137266218662262,0.081566222012043,0.105510793626308,0.315837204456329,0.211202010512352,0.27953439950943,0.0874693989753723,-0.0243193116039038,0.014181855134666,-0.0108864679932594,0.0621360205113888,0.105303913354874,0.0980095788836479,0.0718202069401741,0.257578879594803,0.24004265666008,-0.00897575635462999,0.166889697313309,0.0786963775753975,0.237866789102554,-0.0635549202561378,0.0567144304513931,0.160302191972733,0.108033515512943,0.0940639972686768,0.0654757469892502,0.0344682522118092,0.00923801492899656,0.0507821142673492,0.0933198779821396,0.223896890878677,0.127321511507034,0.10236394405365,0.291063159704208,0.136875346302986,0.0305571686476469,0.096353679895401,0.285310715436935,0.144011631608009,0.238256022334099,0.0724910721182823,-0.0973052829504013,-0.0484688617289066,-0.063954621553421,0.0431699119508266,0.11811600625515,0.0459522940218449,0.0655726566910744,0.213343217968941,0.165136501193047,-0.0793354734778404,0.0859355926513672,0.0493616312742233,0.204679906368256,-0.0913683548569679,0.0597980618476868,0.135100021958351,0.0974585711956024,0.077041395008564
-0.102182328701019,-0.0959465652704239,-0.0230756085366011,-0.00770143093541265,-0.0108793675899506,0.182655483484268,0,-0.00666560977697372,-0.0101632233709097,-0.0527663044631481,-0.116511352360249,-0.0450661778450012,-0.0281936004757881,-0.0251945350319147,0.191152900457382,0.273366868495941,-0.00294383033178747,-0.0349756889045238,0.149069994688034,-0.0243692826479673,0.0433310270309448,0.00229683960787952,0.0799758732318878,0.1829504519701,0.0500256344676018,0.131171256303787,-0.00685821240767837,0.0706005692481995,0.00445559481158853,0.0242154002189636,0.168700993061066,0.15876816213131,0.0712926611304283,0.036737184971571,0.0239577665925026,0.0592387355864048,0.0672077313065529,-0.0312422551214695,0.0760366022586823,-0.114628419280052,0.0946442410349846,-0.053986880928278,9.23089683055878e-05,-0.139092355966568,0.0615719556808472,0.0300302002578974,0.240521416068077,-0.0564239993691444,0.0443299785256386,0.134922906756401,0.0118946619331837,0.0399798341095448,0.119635909795761,-0.0451384782791138,-0.0702710524201393,-0.00612131040543318,0.0373752787709236,0.169145479798317,-0.0467208437621593,0.0792243704199791,-0.0378617495298386,0.0580890774726868,-0.0244502369314432,0.0205104127526283,0.0934537500143051,0.0876978561282158,0.0547023862600327,0.0431065075099468,-0.0536931268870831,-0.0299025792628527,-0.019787784665823,-0.0504127144813538,0.0866921469569206,-0.129097580909729,0.0958954393863678,-0.068771980702877,-0.0214409846812487,-0.186880141496658,-0.0160037111490965,0.0331012755632401,0.210714757442474,-0.112489834427834,0.0260700341314077,0.114660046994686,0.00120516528841108,0.0167716518044472
0.0690047815442085,0.0807688534259796,0.156005635857582,0.127910628914833,0.0225884523242712,0.0193453542888165,-0.00666560977697372,0,0.0632967129349709,0.053558174520731,0.0870881229639053,0.146762579679489,0.124202601611614,0.020059697329998,0.0303792282938957,0.0109945293515921,0.121117353439331,0.0704827010631561,-0.0403243042528629,0.107299484312534,-0.0562947541475296,0.0250043403357267,-0.000316734425723553,-0.0141019131988287,-0.0504997782409191,-0.0255247671157122,0.0547226779162884,0.0202673058956861,0.0264127515256405,0.0169173087924719,0.0603962652385235,-0.0635725483298302,0.0162542592734098,0.0566818751394749,-0.0204552337527275,-0.0822713524103165,-0.0740129873156548,0.0517663322389126,0.0223490130156279,0.0780027732253075,0.0237134844064713,0.0460705943405628,0.128104656934738,0.00394362770020962,0.0165770128369331,0.00487444875761867,0.0128788920119405,0.00790533702820539,-0.0075822789222002,-0.00513779697939754,0.0611542835831642,0.0931128337979317,-0.0182015206664801,0.0948868691921234,-0.0393562689423561,0.0305518638342619,-0.00914110336452723,-0.00410415371879935,-0.0249356292188168,-0.00448666419833899,0.0726762712001801,0.0379910469055176,0.0328247994184494,0.00881424825638533,0.0604399479925632,-0.0450773164629936,0.00990582164376974,0.0510948151350021,0.00490045268088579,-0.0854519233107567,-0.0160127989947796,0.0580554194748402,0.0156814586371183,0.084833987057209,0.0424078851938248,0.0606440864503384,0.113483116030693,0.0204719584435225,0.0309115536510944,0.00654560513794422,0.0195516087114811,0.0595670267939568,-0.020240793004632,-0.00783246662467718,0.0668540820479393,0.102575570344925
0.225082457065582,0.240594312548637,0.150144353508949,0.150321036577225,0.0627583637833595,0.088685467839241,-0.0101632233709097,0.0632967129349709,0,0.235713377594948,0.247674122452736,0.136269107460976,0.145101472735405,0.0540323443710804,0.0716481655836105,-0.0207401998341084,0.0548904612660408,0.207049801945686,-0.0407457984983921,0.175621449947357,0.0160477943718433,0.0638585612177849,0.0228237807750702,-0.000318188220262527,0.0278102271258831,0.00691451271995902,0.130132272839546,0.0210163369774818,0.0863407179713249,0.093774288892746,0.0175434108823538,-0.0519756227731705,0.0612618327140808,0.0984934121370316,0.0505651235580444,-0.0407030656933784,-0.00126626831479371,0.174201056361198,0.0716773569583893,0.200966596603394,0.0544421598315239,0.154451534152031,0.137186631560326,0.114117592573166,0.0864957273006439,0.0318730138242245,0.0056574335321784,0.116039149463177,-0.03307980671525,-0.0220763981342316,0.136719450354576,0.184975400567055,-0.0318978056311607,0.177689284086227,0.043128177523613,0.0524440668523312,0.0311134774237871,-0.0245812349021435,0.052346907556057,0.0129385963082314,0.141674160957336,0.0181224197149277,0.108554102480412,0.0786221027374268,0.0574004910886288,-0.023082448169589,0.032720398157835,0.0608540959656239,0.0948730632662773,-0.0206884760409594,0.0535916537046432,0.178214654326439,0.0571574382483959,0.187991127371788,0.0581429563462734,0.163117617368698,0.148060515522957,0.112942434847355,0.124603278934956,0.00198425841517746,-0.000661633792333305,0.150896355509758,-0.035103227943182,1.52271240949631e-06,0.13093139231205,0.186503484845161
0.72894823551178,0.37742680311203,0.297599613666534,0.269766926765442,0.0965892001986504,0.0445113740861416,-0.0527663044631481,0.053558174520731,0.235713377594948,0,0.357140958309174,0.299328833818436,0.23311522603035,0.0991633385419846,0.0313526131212711,-0.0641449838876724,0.0377049557864666,0.248549312353134,-0.0768043175339699,0.227518185973167,0.267175287008286,0.00921821128576994,0.0435467883944511,-0.146178796887398,0.216998487710953,0.202846542000771,0.157959133386612,-0.119722247123718,0.229173451662064,-0.00901902001351118,-0.0103555461391807,0.0403504595160484,0.0291654411703348,0.144948795437813,0.238902792334557,0.126992002129555,0.215786218643188,0.13419309258461,0.163869395852089,0.323015987873077,0.209297642111778,0.254975467920303,0.116331957280636,0.459016501903534,0.292805969715118,0.143196895718575,-0.140549421310425,0.360168367624283,-0.0130912037566304,-0.00688146473839879,0.0540333688259125,0.200397491455078,-0.169159740209579,0.176172062754631,0.142561793327332,-0.00738618616014719,0.0188119877129793,-0.166017383337021,0.0919281244277954,0.0846521928906441,0.106283836066723,-0.0737164914608002,0.116465367376804,-0.0327490568161011,-0.0165106505155563,-0.0120711047202349,0.00331280287355185,0.0779263973236084,0.146421864628792,0.0749837085604668,0.0797426104545593,0.143529087305069,0.068712018430233,0.254580646753311,0.111897997558117,0.146458029747009,0.0832420215010643,0.237946107983589,0.119309090077877,-0.00344969448633492,-0.127725213766098,0.290706723928452,-0.037305761128664,-0.0592904277145863,0.065489262342453,0.177205011248589
0.450983226299286,0.534370481967926,0.287687659263611,0.305803954601288,0.10437648743391,-0.00879764743149281,-0.116511352360249,0.0870881229639053,0.247674122452736,0.357140958309174,0,0.352081567049026,0.332713723182678,0.11555227637291,-0.0186517518013716,-0.127536043524742,0.103983052074909,0.271971493959427,-0.189661011099815,0.306729406118393,-0.00265668635256588,0.0832907930016518,0.0188023839145899,-0.0999313592910767,0.00450066057965159,-0.0215154029428959,0.150358244776726,0.038147546350956,0.152221858501434,0.111082263290882,-0.0655393600463867,-0.1795314848423,0.00784532725811005,0.0941079780459404,0.0632800757884979,-0.10909315943718,-0.0372925810515881,0.253297686576843,0.0212291665375233,0.364526033401489,0.0423172637820244,0.216576099395752,0.196599021553993,0.221077471971512,0.0996446833014488,0.0510532557964325,-0.162848457694054,0.240186080336571,-0.0863884463906288,-0.0759712755680084,0.192953914403915,0.278624802827835,-0.153903365135193,0.333023488521576,0.155103787779808,0.0906621962785721,0.0105159291997552,-0.129886284470558,0.139918997883797,-0.00951927434653044,0.201463028788567,0.0258124303072691,0.207142010331154,0.07223080098629,-0.00896616280078888,-0.0818113908171654,-0.00193946750368923,0.0971780344843864,0.255666494369507,0.0203055664896965,0.156808897852898,0.292305141687393,0.00274061853997409,0.41693851351738,0.0853338614106178,0.266655027866364,0.215471968054771,0.321012884378433,0.268670827150345,0.0399753414094448,-0.150245755910873,0.324031293392181,-0.0386523976922035,-0.104766450822353,0.193115949630737,0.311891317367554
0.362803786993027,0.29757821559906,0.594011068344116,0.387222528457642,0.114975489675999,0.0236526913940907,-0.0450661778450012,0.146762579679489,0.136269107460976,0.299328833818436,0.352081567049026,0,0.412387430667877,0.0859453305602074,0.023212619125843,-0.0308293867856264,0.155507653951645,0.153798133134842,-0.0872596949338913,0.22565333545208,0.0558615960180759,-0.00172742188442498,-0.0103812711313367,-0.0828544199466705,-0.0080209681764245,0.029189744964242,0.0935830473899841,-0.00622970378026366,0.203134447336197,0.0182200409471989,-0.0462253205478191,-0.137502700090408,-0.0404038727283478,0.0255401786416769,0.201193362474442,-0.0243916176259518,0.106067664921284,0.104774348437786,-0.016930079087615,0.249765679240227,0.0615632794797421,0.0892161652445793,0.192605972290039,0.237185373902321,0.131805762648582,0.0314211137592793,-0.0857817009091377,0.199887797236443,-0.0882384926080704,-0.0654574260115623,0.100677400827408,0.19730181992054,-0.0419325679540634,0.261051565408707,0.167263820767403,-0.0288224089890718,0.0153353800997138,-0.0970240086317062,0.075830802321434,0.0406267829239368,0.0915869623422623,-0.00411590933799744,0.245435297489166,-0.0208370331674814,0.00110806571319699,-0.060306690633297,-0.0109147550538182,0.0322232395410538,0.280100882053375,0.0568936467170715,0.213047012686729,0.111943803727627,-0.0660754591226578,0.280104219913483,0.0731820985674858,0.123408116400242,0.203632488846779,0.270375996828079,0.228428453207016,-0.000841925910208374,-0.0902729034423828,0.24625538289547,-0.0687796324491501,-0.061845175921917,0.0860620215535164,0.236679151654243
0.298462361097336,0.284878373146057,0.392148703336716,0.666424691677094,0.179233938455582,0.000723099219612777,-0.0281936004757881,0.124202601611614,0.145101472735405,0.23311522603035,0.332713723182678,0.412387430667877,0,0.149863302707672,0.00424391496926546,-0.0172359850257635,0.133996531367302,0.166802883148193,-0.05797179043293,0.30103725194931,-0.0335150137543678,0.0517018884420395,0.0162972211837769,-0.0364734344184399,-0.103972002863884,0.013816106133163,-0.0104738054797053,0.0279029477387667,0.168452560901642,0.0539166852831841,-0.0676493570208549,-0.167429983615875,-0.0250892452895641,0.161463275551796,0.183166816830635,-0.0880076959729195,0.0548032969236374,0.133568167686462,0.0828685536980629,0.236943602561951,0.226918935775757,0.0270778052508831,0.136977002024651,0.158515751361847,0.160769745707512,0.0828960612416267,-0.0274914298206568,0.258870542049408,-0.0909864529967308,-0.0346135348081589,0.157456278800964,0.338927954435349,-0.00470968941226602,0.319295018911362,0.00160275818780065,0.0430053062736988,0.0136771481484175,-0.0391999296844006,-0.0702221021056175,0.01457504555583,-0.00562182022258639,0.0408060923218727,0.195355653762817,0.0280037000775337,-0.0373550467193127,-0.139467820525169,-0.0129868825897574,0.147889748215675,0.291003555059433,-0.040696058422327,0.17116317152977,0.144871845841408,0.0756231918931007,0.271202117204666,0.277744770050049,0.0620245337486267,0.148468002676964,0.187650889158249,0.191181063652039,0.0732611268758774,-0.00791023578494787,0.319427043199539,-0.0978742316365242,-0.0554848425090313,0.150727242231369,0.399238467216492
0.104810774326324,0.103917345404625,0.0718126744031906,0.135104089975357,0.0424747094511986,-0.0218639150261879,-0.0251945350319147,0.020059697329998,0.0540323443710804,0.0991633385419846,0.11555227637291,0.0859453305602074,0.149863302707672,0,-0.0101701254025102,-0.0300220046192408,0.0146187292411923,0.0967508628964424,-0.0240122154355049,0.124214015901089,-0.0283262338489294,0.0192408189177513,0.0131225287914276,-0.0277340840548277,-0.0235077384859324,-0.0227435566484928,0.0116062108427286,-0.0159283690154552,0.0402381606400013,0.0207392815500498,-0.0348047725856304,-0.0533892922103405,-0.0076749799773097,0.0472363345324993,0.0283242985606194,-0.0395297706127167,-0.00607487093657255,0.0575410686433315,0.0504272356629372,0.0891318470239639,0.0613584741950035,0.0408205427229404,0.0554123558104038,0.0438288748264313,0.0493142157793045,0.0113825052976608,-0.0128398211672902,0.0850339382886887,-0.0400280207395554,-0.0134783051908016,0.0757386386394501,0.1172154545784,-0.0247769858688116,0.107509359717369,-5.02895563840866e-05,0.0226636976003647,0.00163940747734159,-0.023109320551157,-0.00671078218147159,-0.013121584430337,0.023423383012414,-0.0128801539540291,0.0295366141945124,0.0221341252326965,-0.0208952892571688,-0.0356050133705139,-0.00714783789590001,0.0579423010349274,0.0678315907716751,-0.030949342995882,0.0419112220406532,0.0702360272407532,0.0497982650995255,0.0866016373038292,0.0679252073168755,0.0493580289185047,0.0716378539800644,0.0619569197297096,0.0820876806974411,-0.00157175085041672,-0.0171533655375242,0.104542806744576,-0.0250148326158524,-0.024340495467186,0.0634738802909851,0.129528343677521
-0.00973836425691843,-0.015876479446888,0.021837217733264,0.00441286433488131,-0.00143088446930051,0.462235540151596,0.191152900457382,0.0303792282938957,0.0716481655836105,0.0313526131212711,-0.0186517518013716,0.023212619125843,0.00424391496926546,-0.0101701254025102,0,0.234429508447647,0.0472544655203819,0.0631262809038162,0.063169039785862,0.0410603620111942,0.125161468982697,0.0638477802276611,0.124375037848949,0.237389206886292,0.218833431601524,0.11671306937933,0.315861850976944,0.126788407564163,0.079268790781498,0.0935013592243195,0.322309941053391,0.18095988035202,0.281442672014236,0.0894821137189865,-0.0381485633552074,-0.018925491720438,-0.0372936315834522,0.0448798574507236,0.0955721363425255,0.0742744281888008,0.0727808251976967,0.241210252046585,0.238552764058113,-0.041279710829258,0.151768624782562,0.0793936401605606,0.231360644102097,-0.0861814990639687,0.046811506152153,0.148498564958572,0.0857461765408516,0.0959321856498718,0.0669649690389633,0.0461157970130444,0.04625154286623,0.053676325827837,0.121228165924549,0.238147169351578,0.146865665912628,0.138999342918396,0.298851847648621,0.117351435124874,0.0604178719222546,0.0885011181235313,0.279263824224472,0.161593154072762,0.290746986865997,0.0739131271839142,-0.0732679143548012,-0.0509959794580936,-0.0490696281194687,0.0361913330852985,0.132679179310799,0.0576555840671062,0.0717331022024155,0.234071910381317,0.186215758323669,-0.0653351992368698,0.10694781690836,0.0713726282119751,0.228307634592056,-0.0798462554812431,0.0487877503037453,0.154624313116074,0.0847082510590553,0.0931130200624466
-0.100080780684948,-0.117628701031208,-0.0329082570970058,-0.0177156031131744,-0.025533352047205,0.194449916481972,0.273366868495941,0.0109945293515921,-0.0207401998341084,-0.0641449838876724,-0.127536043524742,-0.0308293867856264,-0.0172359850257635,-0.0300220046192408,0.234429508447647,0,0.0259242448955774,-0.0129733867943287,0.114915132522583,-0.0238250996917486,0.0407483838498592,-0.00103819801006466,0.0773412883281708,0.184044182300568,0.0340094342827797,0.120709806680679,-0.01088822260499,0.0354207716882229,0.00413776049390435,0.0180193223059177,0.14094740152359,0.122453205287457,0.0957997813820839,0.0414893999695778,0.00610589468851686,0.0284608025103807,0.0423939377069473,-0.0710445120930672,0.0705064013600349,-0.0976646915078163,0.100294128060341,-0.0433358401060104,0.00720762461423874,-0.117537833750248,0.0440517216920853,0.0369969271123409,0.216102764010429,-0.0561480484902859,0.0327807776629925,0.116044610738754,0.00700159836560488,0.0414838641881943,0.122363023459911,-0.0233086589723825,-0.033076710999012,-0.0115790301933885,0.0513528473675251,0.193356618285179,-0.0235554054379463,0.13054347038269,-0.0358125083148479,0.032052680850029,-0.00716894865036011,0.0176312867552042,0.105386912822723,0.0899606570601463,0.103475913405418,0.0460679233074188,-0.0243340861052275,-0.0240615420043468,0.0133659644052386,-0.0811221152544022,0.0948749259114265,-0.116831101477146,0.105793602764606,-0.0514394901692867,-0.024701289832592,-0.147638037800789,-0.00883436761796474,0.0420261584222317,0.231761589646339,-0.0767978131771088,0.0162859205156565,0.143055155873299,0.0020311800763011,0.0375568121671677
0.0502335093915462,0.0681748390197754,0.130831211805344,0.111571326851845,0.0304966922849417,0.0470120012760162,-0.00294383033178747,0.121117353439331,0.0548904612660408,0.0377049557864666,0.103983052074909,0.155507653951645,0.133996531367302,0.0146187292411923,0.0472544655203819,0.0259242448955774,0,0.0716418772935867,-0.0287833046168089,0.0978714004158974,-0.0491301566362381,0.0333124548196793,0.0132095972076058,-0.00534223252907395,-0.0230304095894098,-0.0393157862126827,0.0843091011047363,0.0338397361338139,0.0211484637111425,0.0342359431087971,0.0608940199017525,-0.0651475787162781,0.0029418496415019,0.0322824753820896,-0.0226682871580124,-0.0775723829865456,-0.057385329157114,0.0458736903965473,0.0132843656465411,0.0673141032457352,0.00422284379601479,0.0704678297042847,0.133533239364624,-0.0070365802384913,0.0211355164647102,0.00255957758054137,0.0228462461382151,-0.0192756205797195,-0.00936943851411343,-0.0067992340773344,0.0544419474899769,0.0708804130554199,-0.0151102123782039,0.0868122652173042,-0.0471675992012024,0.0367218367755413,0.00397176155820489,0.0139101026579738,-0.0307963918894529,-0.0149616822600365,0.0698472261428833,0.0338901020586491,0.0277796983718872,0.0255189742892981,0.0501630753278732,-0.0477740056812763,0.0160914827138186,0.0406525060534477,-0.0120471520349383,-0.10387809574604,-0.03272969648242,0.0558778196573257,0.00295861321501434,0.07423335313797,0.00901989918202162,0.0691073387861252,0.127283483743668,0.0103061636909842,0.0085995402187109,0.00548033183440566,0.0245313532650471,0.0205049347132444,-0.0141681106761098,-0.00500769354403019,0.0612043477594852,0.084625281393528
0.278436660766602,0.236954241991043,0.153485015034676,0.159479305148125,0.0592100396752357,0.0706604570150375,-0.0349756889045238,0.0704827010631561,0.207049801945686,0.248549312353134,0.271971493959427,0.153798133134842,0.166802883148193,0.0967508628964424,0.0631262809038162,-0.0129733867943287,0.0716418772935867,0,-0.0449034720659256,0.171465769410133,0.0527251474559307,0.0629169121384621,0.04491176456213,0.00617232639342546,0.0640714317560196,0.0299672689288855,0.129081219434738,0.00537509704008698,0.10959629714489,0.094353511929512,0.0206412207335234,-0.0175939556211233,0.0775216966867447,0.0860387831926346,0.0505272969603539,-0.0318566374480724,0.0199570376425982,0.170239493250847,0.0736811682581902,0.191528648138046,0.0653848424553871,0.169279783964157,0.144471973180771,0.126161009073257,0.0960128903388977,0.0439284630119801,0.0270430278033018,0.151334196329117,-0.0288420636206865,0.0312853455543518,0.188534334301949,0.193548515439034,-0.00964505132287741,0.190883725881577,0.0920983701944351,0.0687089860439301,0.0210665389895439,-0.00252603203989565,0.0971923172473907,0.0246865041553974,0.153435885906219,0.0200142357498407,0.118328884243965,0.0797805562615395,0.0681665688753128,0.0128547754138708,0.0586067661643028,0.0979581475257874,0.118962533771992,0.0205242447555065,0.0923141986131668,0.183351159095764,0.0698402971029282,0.20511993765831,0.0786162465810776,0.194904685020447,0.152470320463181,0.146009892225266,0.161829754710197,0.0347137004137039,0.0245480444282293,0.169232591986656,0.00339446309953928,-0.00676545407623053,0.156763941049576,0.223963543772697
-0.161054104566574,-0.112994104623795,-0.0359176024794579,-0.052122924476862,-0.0157759543508291,0.0845098719000816,0.149069994688034,-0.0403243042528629,-0.0407457984983921,-0.0768043175339699,-0.189661011099815,-0.0872596949338913,-0.05797179043293,-0.0240122154355049,0.063169039785862,0.114915132522583,-0.0287833046168089,-0.0449034720659256,0,-0.0353329665958881,0.206967204809189,0.00132058293092996,0.0354100614786148,0.273504376411438,0.230027407407761,0.288170576095581,-0.116456359624863,0.0704767480492592,0.06077004596591,0.0445988029241562,0.0729778856039047,0.619150876998901,0.0143845481798053,-0.027968330308795,0.448491662740707,0.169408351182938,0.500984311103821,-0.0707777515053749,0.0633157193660736,-0.0914417952299118,0.130113020539284,-0.0256468430161476,-0.105892576277256,-0.0337626747786999,0.186901807785034,0.036246981471777,0.71338027715683,0.182093396782875,0.125467628240585,0.178574606776237,0.167542606592178,0.126639544963837,0.680367469787598,-0.0346259586513042,0.0372385233640671,-0.0135240154340863,0.0233885236084461,0.22495710849762,0.0558259040117264,0.215862259268761,-0.154139384627342,0.0668584778904915,0.00848437659442425,0.0422271490097046,-0.0183177404105663,0.435332506895065,0.0335986353456974,0.00262606283649802,0.199682101607323,0.169197708368301,0.307848453521729,-0.0932262614369392,0.112784303724766,-0.155273616313934,0.0925471037626266,-0.0822023153305054,-0.0896292179822922,-0.087250217795372,0.0839519277215004,0.0123046180233359,0.613158226013184,0.0456395447254181,0.087423175573349,0.188006892800331,0.189009055495262,0.101472333073616
0.232605114579201,0.277374088764191,0.224223122000694,0.322770357131958,0.105320274829865,0.0497555434703827,-0.0243692826479673,0.107299484312534,0.175621449947357,0.227518185973167,0.306729406118393,0.22565333545208,0.30103725194931,0.124214015901089,0.0410603620111942,-0.0238250996917486,0.0978714004158974,0.171465769410133,-0.0353329665958881,0,-0.0817104503512383,0.169203773140907,0.0574915818870068,0.0302837733179331,-0.126940071582794,0.00144104601349682,0.0207576472312212,0.0356753095984459,0.250532209873199,0.176695764064789,-0.069296769797802,-0.263560235500336,0.0230744406580925,0.369481027126312,0.233543872833252,-0.170148283243179,0.0246479269117117,0.258642494678497,0.281714588403702,0.438386559486389,0.37316820025444,0.124548077583313,0.304649591445923,0.25575116276741,0.354675024747849,0.234954595565796,0.0828900933265686,0.414713710546494,-0.131251931190491,-0.0280054081231356,0.315537244081497,0.566218018531799,0.0291430186480284,0.599976003170013,-0.110589288175106,0.17816498875618,0.0163934156298637,0.00751409493386745,-0.139949113130569,-0.00714437197893858,0.0573580488562584,0.056058295071125,0.203667715191841,0.148473680019379,-0.0295022744685411,-0.23335562646389,0.0282293632626534,0.345418632030487,0.297235280275345,-0.206834718585014,0.103015080094337,0.260420620441437,0.237259820103645,0.447541296482086,0.363777965307236,0.165296629071236,0.311441451311111,0.218832120299339,0.286683201789856,0.187078267335892,0.0702607333660126,0.4459128677845,-0.16436468064785,-0.0743285492062569,0.263589769601822,0.555949568748474
0.0787927731871605,0.0494728051126003,0.107966385781765,-0.0283318739384413,0.00466271443292499,0.144833162426949,0.0433310270309448,-0.0562947541475296,0.0160477943718433,0.267175287008286,-0.00265668635256588,0.0558615960180759,-0.0335150137543678,-0.0283262338489294,0.125161468982697,0.0407483838498592,-0.0491301566362381,0.0527251474559307,0.206967204809189,-0.0817104503512383,0,-0.152610450983047,0.0644288882613182,0.166951537132263,0.720818877220154,0.544900238513947,0.208469152450562,-0.0706533268094063,0.286607205867767,-0.0999312251806259,0.110356956720352,0.464452087879181,0.164829447865486,-0.0869315788149834,0.549200296401978,0.450474888086319,0.554821312427521,-0.107512034475803,-0.0316815786063671,0.127171188592911,0.136979848146439,0.329024076461792,-0.00311727286316454,0.675021886825562,0.391657173633575,0.319671899080276,0.0562546066939831,0.408887714147568,0.0382865183055401,0.0120643712580204,0.00449224701151252,-0.00772821437567472,0.0235134847462177,-0.0846205353736877,0.670478761196136,-0.203400105237961,0.0631736665964127,0.0902257561683655,0.541781783103943,0.286937296390533,0.0940549373626709,-0.037622582167387,0.120400637388229,-0.0970867797732353,0.0707365125417709,0.306722670793533,0.125786781311035,-0.0769162401556969,0.330376982688904,0.35177955031395,0.296187281608582,-0.0999358668923378,-0.00781613681465387,0.0167333837598562,0.0528320521116257,0.196033701300621,-0.0754089280962944,0.312535375356674,0.163807943463326,0.134346961975098,0.0457245521247387,0.133146107196808,0.0943451672792435,0.0155353508889675,0.0169569365680218,-0.034494087100029
-0.002962896367535,0.0903351232409477,0.00983820576220751,0.0529034435749054,0.0121657913550735,0.0700409561395645,0.00229683960787952,0.0250043403357267,0.0638585612177849,0.00921821128576994,0.0832907930016518,-0.00172742188442498,0.0517018884420395,0.0192408189177513,0.0638477802276611,-0.00103819801006466,0.0333124548196793,0.0629169121384621,0.00132058293092996,0.169203773140907,-0.152610450983047,0,0.0109408339485526,0.324262887239456,0.00862235110253096,-0.148405075073242,0.133132487535477,0.222421884536743,0.0342922359704971,0.926970362663269,-0.00256952829658985,-0.173559099435806,0.19483470916748,0.326193630695343,-0.0831898972392082,-0.180551260709763,-0.153353422880173,0.891357064247131,0.26968064904213,0.0819557085633278,0.233469814062119,0.314021050930023,0.0739786699414253,-0.0275874864310026,0.0452916212379932,0.688799619674683,0.128740638494492,0.0188496597111225,-0.04018609598279,0.00428708782419562,0.187056794762611,0.227291584014893,0.0820650681853294,0.184921845793724,-0.245869070291519,0.977510154247284,-0.00783308874815702,0.367546558380127,-0.0741844698786736,-0.0627713203430176,0.183619111776352,0.26230376958847,-0.00802070833742619,0.918239176273346,-0.0129480790346861,-0.195613548159599,0.197816491127014,0.304078966379166,-0.0915528237819672,-0.237131401896477,-0.145487725734711,0.85132110118866,0.307625025510788,0.0860655531287193,0.267119437456131,0.359224528074265,0.0899413302540779,-0.0711128786206245,-0.0164167601615191,0.617853999137878,0.121185004711151,0.0627163574099541,-0.101249016821384,-0.00128740607760847,0.160518929362297,0.207153454422951
0.0220526941120625,0.0205882638692856,0.00207999697886407,0.012068297713995,0.0114003233611584,0.140209212899208,0.0799758732318878,-0.000316734425723553,0.0228237807750702,0.0435467883944511,0.0188023839145899,-0.0103812711313367,0.0162972211837769,0.0131225287914276,0.124375037848949,0.0773412883281708,0.0132095972076058,0.04491176456213,0.0354100614786148,0.0574915818870068,0.0644288882613182,0.0109408339485526,0,0.16702675819397,0.112305782735348,0.137915387749672,0.0617899298667908,0.0444419421255589,0.0977708175778389,0.0383023507893085,0.0991397425532341,0.100755706429482,0.110956080257893,0.0324707292020321,0.0635416656732559,0.0407798290252686,0.0659154057502747,0.0198340136557817,0.0504276305437088,0.0516950003802776,0.0595947280526161,0.0458694249391556,0.0710314437747002,0.0370166040956974,0.0746468231081963,0.081473171710968,0.116645894944668,0.0592413209378719,0.0346836261451244,0.109508566558361,0.0570095218718052,0.109840720891953,0.0303700417280197,0.0283180307596922,0.0426047332584858,9.22838225960732e-05,0.0623274147510529,0.137126594781876,0.0807821378111839,0.122352614998817,0.0640605539083481,0.0299410969018936,0.0721081420779228,0.0369289889931679,0.090972051024437,0.0785844400525093,0.0904228240251541,0.00513763865455985,0.0596329644322395,0.0231857821345329,0.0545161552727222,0.0112060699611902,0.0444880127906799,0.0327700451016426,0.0482907965779305,0.0640216395258904,0.0445855557918549,0.00238890619948506,0.0593730248510838,0.0687767267227173,0.0844407975673676,0.0397448167204857,0.0263986419886351,0.0601397566497326,0.0335190296173096,0.0983157828450203
-0.0890919119119644,-0.0955404192209244,-0.066805973649025,-0.0260884407907724,-0.0117930434644222,0.234468623995781,0.1829504519701,-0.0141019131988287,-0.000318188220262527,-0.146178796887398,-0.0999313592910767,-0.0828544199466705,-0.0364734344184399,-0.0277340840548277,0.237389206886292,0.184044182300568,-0.00534223252907395,0.00617232639342546,0.273504376411438,0.0302837733179331,0.166951537132263,0.324262887239456,0.16702675819397,0,0.287535846233368,0.366699904203415,0.0723974406719208,0.576027989387512,0.081888735294342,0.534241378307343,0.179293811321259,0.188301578164101,0.359573006629944,0.0879171192646027,0.116877228021622,0.0120575977489352,0.0856683924794197,0.271782845258713,0.115864045917988,-0.0632488951086998,0.147771552205086,0.083026610314846,0.0348967276513577,-0.0354045331478119,0.0541207008063793,0.513597249984741,0.361354380846024,-0.000648338231258094,0.0582886934280396,0.163715466856956,0.115460842847824,0.155978873372078,0.308312267065048,0.0465465933084488,0.0363916829228401,0.300141900777817,0.120136097073555,0.84222137928009,0.177968859672546,0.396793961524963,0.0753059759736061,0.533848226070404,0.0745660960674286,0.539921164512634,0.15597040951252,0.201691180467606,0.37822762131691,0.0997458025813103,0.11047450453043,-0.0335020087659359,0.140151560306549,0.209621176123619,0.161112636327744,-0.0432050153613091,0.174054682254791,0.158872932195663,0.0427287369966507,-0.0592276751995087,0.0387628823518753,0.506809830665588,0.305125683546066,-0.00422709528356791,0.0380850248038769,0.152446508407593,0.0931882187724113,0.123666636645794
