0 0.31145 0.2482 0.26445 0.078458 -0.024567 -0.093627 0.049593 0.19428 0.69035 0.40022 0.34357 0.28284 0.10937 -0.0089455 -0.095554 0.030863 0.25438 -0.15515 0.23047 0.056448 -0.0079655 0.023392 -0.060996 0.045805 0.15071 0.063027 0.014487 0.1976 0.0088619 -0.17478 -0.124 0.0047467 0.11594 0.092085 -0.065568 0.021582 0.11446 0.058646 0.35115 0.078055 0.16185 0.07559 0.36519 0.024645 0.18243 -0.14781 0.35563 -0.11055 -0.06654 0.039234 0.23129 -0.031761 0.2849 0.43111 -0.0050512 0.045424 -0.077627 0.38199 0.26812 0.16644 -0.017799 0.33259 -0.026186 -0.044027 0.13629 0.027381 0.1418 0.41749 0.19952 0.31697 0.13411 0.067336 0.44631 0.18439 0.30553 0.16453 0.60183 0.39406 0.20359 -0.10075 0.5295 -0.0090314 -0.087769 0.04469 0.28529
0.31145 0 0.23873 0.25494 0.10526 0.014872 -0.076422 0.070525 0.22186 0.34164 0.48621 0.25229 0.24558 0.1007 -0.0013422 -0.093713 0.051485 0.20337 -0.10303 0.25182 0.046119 0.10348 0.017762 -0.047022 0.056012 0.055174 0.13035 0.074535 0.14716 0.1418 -0.034902 -0.10333 0.019545 0.1653 0.10872 -0.077812 0.0068543 0.23048 0.14325 0.32131 0.12313 0.18675 0.15808 0.20303 0.1666 0.12521 -0.08591 0.22373 -0.052464 -0.054863 0.16789 0.28321 -0.11814 0.25132 0.052171 0.098399 0.021189 -0.072116 0.058782 -0.0058999 0.11994 0.057147 0.12503 0.09865 -0.01893 -0.089482 -0.012347 0.10631 0.15211 -0.046362 0.065377 0.26408 0.097473 0.29993 0.097363 0.17785 0.14702 0.16257 0.14674 0.060368 -0.10391 0.1972 -0.056116 -0.070762 0.1453 0.25841
0.2482 0.23873 0 0.38292 0.10229 0.028858 -0.018216 0.14324 0.14276 0.27962 0.26024 0.58168 0.37421 0.067551 0.025002 -0.034877 0.11308 0.14484 -0.027041 0.19707 0.11392 0.01913 0.002293 -0.041469 0.012085 0.052138 0.064903 0.0097343 0.1983 0.035166 -0.013377 -0.079325 -0.02559 0.039717 0.23394 -0.023003 0.14409 0.094855 -0.0033672 0.18511 0.075557 0.07245 0.16815 0.24359 0.19942 0.062114 -0.063725 0.17208 -0.054461 -0.052054 0.059738 0.17722 -0.026191 0.17268 0.093507 -0.00075507 0.032862 -0.064874 0.0081135 0.021295 0.046922 0.0081881 0.15714 0.0018403 -0.010304 -0.08834 -0.016661 0.020623 0.19115 -0.039459 0.13686 0.1032 -0.020052 0.17747 0.077112 0.059966 0.11721 0.1561 0.13733 0.010158 -0.064302 0.15771 -0.066923 -0.056151 0.069202 0.16931
0.26445 0.25494 0.38292 0 0.18899 0.0053754 -0.0003377 0.099428 0.13446 0.24804 0.26381 0.37004 0.63993 0.12208 0.00018997 -0.011463 0.088758 0.13651 -0.048413 0.28243 -0.043068 0.035288 0.0031841 -0.022925 -0.11714 0.018358 -0.014329 0.023545 0.13567 0.042536 -0.038282 -0.16894 -0.025521 0.18051 0.16387 -0.10766 0.063992 0.11131 0.17725 0.17915 0.27706 0.010561 0.11209 0.13579 0.15388 0.11531 -0.00804 0.23971 -0.071746 -0.025816 0.11202 0.3355 -0.0088499 0.27196 0.00036371 0.03514 0.01464 -0.037912 -0.063534 -0.013103 -0.004054 0.025814 0.14361 0.02528 -0.037466 -0.14102 0.0072181 0.14532 0.2514 -0.073219 0.15077 0.13054 0.11985 0.22392 0.26592 0.04893 0.11954 0.15857 0.1639 0.093305 -0.023809 0.28948 -0.074897 -0.056872 0.10769 0.33384
0.078458 0.10526 0.10229 0.18899 0 -0.0068269 -0.021359 0.019949 0.051842 0.091928 0.09933 0.1082 0.16369 0.043522 -0.013042 -0.032762 0.017786 0.054737 -0.019847 0.10287 -0.0028826 0.0056588 0.012216 -0.012208 -0.025326 0.0075161 -0.014708 -0.0086978 0.069078 0.0058103 -0.031773 -0.03972 -0.013048 0.016681 0.068289 0.00042684 0.05099 0.048889 0.06236 0.082631 0.082139 0.0032974 0.052842 0.070833 0.064971 0.014856 0.0041595 0.10611 -0.032195 -0.024022 0.056187 0.13941 -0.014399 0.11081 -0.020813 -0.0012736 -0.011314 -0.033528 -0.041417 -0.01095 -0.01418 -0.0029235 0.059241 -0.0060383 -0.030276 -0.053159 -0.021531 0.022788 0.085926 -0.0092652 0.062546 0.049739 0.047776 0.072442 0.07517 -0.008647 0.022029 0.04168 0.044574 -0.0068356 -0.015711 0.09752 -0.044569 -0.028978 0.033577 0.1262
-0.024567 0.014872 0.028858 0.0053754 -0.0068269 0 0.17519 0.019987 0.084819 0.053399 -0.0027334 0.01547 -0.0028282 -0.020554 0.44186 0.18156 0.039739 0.066459 0.070386 0.044425 0.13942 0.10366 0.13369 0.22675 0.24648 0.13048 0.34662 0.11835 0.074695 0.12865 0.30347 0.20918 0.27505 0.080367 -0.046754 0.019792 -0.037305 0.090321 0.098906 0.09886 0.057475 0.27404 0.22496 -0.01891 0.1734 0.088606 0.21406 -0.080475 0.060296 0.14669 0.11241 0.079914 0.030643 0.0236 -0.01406 0.079459 0.087063 0.21201 0.1093 0.087162 0.29334 0.12489 -0.0029195 0.11095 0.27849 0.11505 0.23649 0.078254 -0.13876 -0.07426 -0.11073 0.061075 0.10016 0.033283 0.057964 0.21587 0.14781 -0.11579 0.046874 0.046623 0.18008 -0.10714 0.043746 0.12222 0.097056 0.043539
-0.093627 -0.076422 -0.018216 -0.0003377 -0.021359 0.17519 0 -0.0084778 -0.0023128 -0.037107 -0.098658 -0.045334 -0.019186 -0.023079 0.18175 0.25367 -0.011387 -0.026145 0.15768 -0.034947 0.040097 0.026576 0.07385 0.18736 0.074257 0.1318 0.011233 0.066676 -0.0003261 0.037731 0.17793 0.17363 0.073744 0.026701 0.0091247 0.074122 0.064621 -0.0089711 0.058772 -0.12466 0.07199 -0.030195 -8.909e-06 -0.14818 0.055047 0.034579 0.22974 -0.071676 0.055841 0.13123 0.0083688 0.025938 0.097224 -0.054641 -0.075554 0.016134 0.025743 0.16555 -0.033774 0.077949 -0.018882 0.057189 -0.034997 0.036122 0.097155 0.083902 0.058838 0.026468 -0.074767 -0.025917 -0.037835 -0.030207 0.06119 -0.14049 0.073555 -0.051348 -0.02469 -0.20068 -0.027664 0.040516 0.18326 -0.12545 0.025708 0.11453 -0.00048438 -0.011729
0.049593 0.070525 0.14324 0.099428 0.019949 0.019987 -0.0084778 0 0.05255 0.031087 0.067941 0.12548 0.099109 0.011318 0.034073 0.0018776 0.1028 0.06101 -0.028728 0.086083 -0.062319 0.028349 -0.0025104 -0.0095186 -0.046552 -0.025758 0.04945 0.019899 0.021987 0.017211 0.066186 -0.06114 0.026466 0.046154 -0.030182 -0.090254 -0.076288 0.048887 0.024623 0.061156 0.015739 0.044327 0.11573 -0.011605 0.011178 0.010395 0.01132 0.00085686 -0.0045419 0.0012536 0.039545 0.083418 -0.017668 0.074524 -0.042964 0.03061 -0.0042619 0.00021467 -0.028098 0.0074211 0.068205 0.035489 0.028433 0.011076 0.061853 -0.045719 0.013619 0.044616 -0.0081386 -0.09355 -0.020056 0.055769 0.015919 0.070597 0.036284 0.054272 0.097573 0.01104 0.024886 0.01316 0.015781 0.05345 -0.018586 0.0016435 0.052497 0.084281
0.19428 0.22186 0.14276 0.13446 0.051842 0.084819 -0.0023128 0.05255 0 0.21702 0.2263 0.12723 0.12941 0.048692 0.070711 -0.018607 0.043282 0.19128 -0.042222 0.16126 0.0082479 0.070556 0.016342 0.011059 0.028248 0.013837 0.11692 0.019465 0.076792 0.099545 0.018845 -0.049797 0.062343 0.12015 0.039789 -0.057979 -0.010533 0.16968 0.095272 0.17943 0.07553 0.14218 0.12877 0.09464 0.080858 0.057268 0.0075818 0.11203 -0.032897 -0.020227 0.11759 0.18131 -0.035817 0.16985 0.033879 0.061548 0.027814 -0.0087794 0.047134 0.019426 0.13259 0.0063589 0.085024 0.087302 0.051514 -0.018714 0.036856 0.072626 0.081285 -0.044081 0.033661 0.17333 0.079135 0.17397 0.068736 0.15919 0.13083 0.089895 0.10721 0.01824 0.0018621 0.13854 -0.043433 -0.0047106 0.11534 0.16847
0.69035 0.34164 0.27962 0.24804 0.091928 0.053399 -0.037107 0.031087 0.21702 0 0.30934 0.26472 0.21164 0.098277 0.044026 -0.053368 0.019481 0.22072 -0.069501 0.22709 0.27466 0.031651 0.04942 -0.0752 0.22249 0.24845 0.13195 -0.065157 0.21599 0.029999 -0.021117 0.062826 0.040544 0.18471 0.23548 0.093071 0.20004 0.14142 0.25621 0.30337 0.27926 0.22139 0.081403 0.46173 0.28971 0.25982 -0.1016 0.38128 -0.02144 -0.001961 0.040378 0.23337 -0.14312 0.17382 0.13087 0.015591 0.032146 -0.096394 0.10652 0.12417 0.07964 -0.051674 0.10034 0.015429 -0.031372 0.0038128 0.029311 0.13091 0.15865 0.025061 0.047767 0.15669 0.14828 0.25453 0.16771 0.13721 0.045325 0.22152 0.073884 0.095059 -0.09153 0.3174 -0.044223 -0.058835 0.046601 0.19832
0.40022 0.48621 0.26024 0.26381 0.09933 -0.0027334 -0.098658 0.067941 0.2263 0.30934 0 0.31433 0.29185 0.10841 -0.015075 -0.10752 0.089223 0.2435 -0.18062 0.28323 -0.020678 0.084578 0.014194 -0.068941 -0.0022562 -0.011502 0.13095 0.060349 0.12582 0.12295 -0.068306 -0.18981 0.016613 0.12021 0.023769 -0.15205 -0.063676 0.23913 0.071027 0.32973 0.067499 0.18965 0.18325 0.18008 0.078033 0.090964 -0.13558 0.21638 -0.092053 -0.080457 0.17572 0.278 -0.13668 0.305 0.14771 0.092432 0.011002 -0.094457 0.14844 0.0074006 0.18225 0.02901 0.18689 0.081985 -0.01417 -0.062377 0.0082503 0.13701 0.24183 -0.01374 0.15412 0.27618 0.061726 0.38821 0.11722 0.25836 0.20277 0.29259 0.25803 0.073369 -0.12053 0.29572 -0.041218 -0.10435 0.16525 0.30417
0.34357 0.25229 0.58168 0.37004 0.1082 0.01547 -0.045334 0.12548 0.12723 0.26472 0.31433 0 0.40016 0.086599 0.020252 -0.032739 0.13838 0.14449 -0.065162 0.20137 0.054273 -0.0055029 -0.010353 -0.051406 -0.023499 0.030494 0.060047 0.024032 0.18613 0.020175 -0.056235 -0.14852 -0.029306 0.029328 0.19649 -0.059034 0.11747 0.09857 0.0047274 0.20417 0.066335 0.046375 0.15838 0.21802 0.10662 0.084285 -0.082084 0.17487 -0.092329 -0.07453 0.062446 0.18734 -0.016791 0.23798 0.17636 -0.031592 0.025125 -0.069889 0.071888 0.058353 0.065239 -0.0053141 0.23511 -0.01194 -0.0102 -0.060413 0.0077649 0.039884 0.28348 0.043813 0.23589 0.10849 -0.041405 0.24766 0.080647 0.10143 0.17783 0.2739 0.21732 0.038589 -0.07625 0.22755 -0.063504 -0.05835 0.054243 0.21502
0.28284 0.24558 0.37421 0.63993 0.16369 -0.0028282 -0.019186 0.099109 0.12941 0.21164 0.29185 0.40016 0 0.14199 0.0022288 -0.0039831 0.11326 0.14839 -0.046038 0.25699 -0.046909 0.032739 0.011568 -0.025712 -0.1122 0.010869 -0.028071 0.047879 0.13131 0.039563 -0.074683 -0.17022 -0.02538 0.15562 0.14243 -0.1188 0.05424 0.11772 0.10763 0.18835 0.2201 -0.0028518 0.097675 0.1182 0.11508 0.10247 -0.025597 0.22148 -0.086896 -0.049723 0.11058 0.3073 0.01818 0.27997 0.015442 0.02457 0.017191 -0.021839 -0.047043 0.032504 -0.012674 0.03621 0.17844 0.022277 -0.049052 -0.12398 -0.0018354 0.14792 0.28072 -0.057405 0.18521 0.135 0.11469 0.23043 0.2855 0.051746 0.11676 0.17889 0.17539 0.096745 0.0058539 0.30421 -0.095679 -0.050765 0.10809 0.36146
0.10937 0.1007 0.067551 0.12208 0.043522 -0.020554 -0.023079 0.011318 0.048692 0.098277 0.10841 0.086599 0.14199 0 -0.011252 -0.029444 0.0037862 0.088382 -0.023166 0.12766 -0.041114 0.021458 0.0097819 -0.022528 -0.033819 -0.020626 0.0056616 -0.012538 0.028821 0.022304 -0.037631 -0.062774 -0.00084998 0.056844 0.022133 -0.051094 -0.010493 0.060886 0.062247 0.080498 0.067352 0.034566 0.053145 0.035945 0.047281 0.019057 -0.013191 0.084684 -0.047463 -0.016365 0.070811 0.11959 -0.014657 0.1038 0.0030659 0.02129 0.00043945 -0.020384 -0.0056275 -0.0099143 0.022063 -0.015495 0.027798 0.026011 -0.016487 -0.030335 -0.0086823 0.069552 0.079787 -0.038162 0.055996 0.075751 0.068187 0.084454 0.08828 0.046201 0.066443 0.060462 0.092958 0.0050953 -0.0077529 0.11524 -0.027196 -0.028708 0.0573 0.13161
-0.0089455 -0.0013422 0.025002 0.00018997 -0.013042 0.44186 0.18175 0.034073 0.070711 0.044026 -0.015075 0.020252 0.0022288 -0.011252 0 0.22712 0.042856 0.065272 0.054206 0.040749 0.12314 0.087516 0.10832 0.23507 0.22579 0.13385 0.32296 0.11204 0.078265 0.1076 0.30745 0.17274 0.27128 0.086365 -0.048666 -0.015577 -0.064565 0.06971 0.089179 0.082226 0.064605 0.25826 0.2282 -0.038552 0.15386 0.083693 0.20766 -0.090357 0.04601 0.12406 0.095492 0.084475 0.04174 0.040526 0.040358 0.074794 0.104 0.22662 0.14583 0.12897 0.30595 0.099977 0.044159 0.095213 0.26841 0.13483 0.27712 0.072303 -0.10003 -0.067953 -0.086935 0.05534 0.1122 0.057633 0.063843 0.23927 0.16931 -0.076508 0.078684 0.070703 0.20414 -0.079142 0.025997 0.1366 0.096803 0.07735
-0.095554 -0.093713 -0.034877 -0.011463 -0.032762 0.18156 0.25367 0.0018776 -0.018607 -0.053368 -0.10752 -0.032739 -0.0039831 -0.029444 0.22712 0 0.017413 -0.0027468 0.12179 -0.033112 0.038287 0.024728 0.076205 0.1759 0.053256 0.12294 0.0027741 0.019807 0.0064133 0.029794 0.14372 0.12694 0.098083 0.032008 -0.0052071 0.032839 0.036082 -0.050706 0.055335 -0.10648 0.079271 -0.021961 0.0050091 -0.11872 0.035581 0.04202 0.20009 -0.067016 0.043727 0.10492 0.011674 0.031577 0.1103 -0.036892 -0.02266 0.011374 0.042687 0.18491 0.0029969 0.12554 -0.01124 0.018242 -0.0046725 0.025058 0.10677 0.088413 0.10373 0.032553 -0.031872 -0.015099 0.0052765 -0.063894 0.067125 -0.1257 0.085057 -0.034646 -0.030221 -0.14 -0.013235 0.048571 0.21191 -0.075783 0.028283 0.13698 0.0001364 0.023339
0.030863 0.051485 0.11308 0.088758 0.017786 0.039739 -0.011387 0.1028 0.043282 0.019481 0.089223 0.13838 0.11326 0.0037862 0.042856 0.017413 0 0.067096 -0.021708 0.087502 -0.057329 0.02991 0.012945 -0.0027532 -0.02651 -0.037652 0.073665 0.030408 0.011898 0.029412 0.056321 -0.066807 0.010402 0.03086 -0.027732 -0.083236 -0.065649 0.040447 0.011144 0.05451 0.0009721 0.066723 0.12334 -0.027527 0.021387 0.0043858 0.017377 -0.03006 -0.0097149 -0.015996 0.036044 0.057148 -0.01132 0.077926 -0.048739 0.0298 0.0052343 0.01847 -0.02968 -0.019104 0.065224 0.027226 0.015328 0.019327 0.048968 -0.042073 0.027492 0.037442 -0.023264 -0.11298 -0.0333 0.04355 0.0045802 0.060339 0.0089026 0.064438 0.11448 0.0024289 0.011357 0.0067053 0.024589 0.014241 -0.012606 -0.0016213 0.04321 0.066455
0.25438 0.20337 0.14484 0.13651 0.054737 0.066459 -0.026145 0.06101 0.19128 0.22072 0.2435 0.14449 0.14839 0.088382 0.065272 -0.0027468 0.067096 0 -0.053755 0.15854 0.035397 0.059112 0.039886 0.014118 0.052502 0.031368 0.1132 0.017893 0.090459 0.094917 0.01309 -0.027988 0.067311 0.085734 0.024708 -0.055894 -0.0069379 0.16426 0.080775 0.17036 0.063147 0.14857 0.1301 0.099814 0.083989 0.060388 0.018936 0.12752 -0.038049 0.026245 0.1606 0.18401 -0.0076955 0.17624 0.096998 0.069726 0.021623 0.010269 0.10821 0.037382 0.13647 0.015692 0.11394 0.085232 0.064053 0.020611 0.061025 0.11122 0.11428 0.0055584 0.081182 0.17935 0.077823 0.18529 0.083771 0.18559 0.13865 0.13632 0.15902 0.051479 0.032829 0.15801 0.00010885 0.00096243 0.12975 0.20639
-0.15515 -0.10303 -0.027041 -0.048413 -0.019847 0.070386 0.15768 -0.028728 -0.042222 -0.069501 -0.18062 -0.065162 -0.046038 -0.023166 0.054206 0.12179 -0.021708 -0.053755 0 -0.036041 0.20122 0.060101 0.034399 0.26863 0.18445 0.24697 -0.16372 0.09601 0.05865 0.093193 0.016079 0.54125 -0.0098147 0.0020722 0.48328 0.1864 0.5547 -0.0099677 0.081146 -0.11687 0.18356 -0.068225 -0.13563 -0.019184 0.15292 0.087113 0.73869 0.18313 0.10703 0.15555 0.15648 0.13146 0.6738 -0.047802 0.023612 0.045733 0.018453 0.22773 0.014887 0.18233 -0.19275 0.10164 0.007579 0.083035 -0.055891 0.314 0.01983 0.011484 0.20642 0.15535 0.25706 -0.049608 0.12917 -0.17631 0.13937 -0.12654 -0.11847 -0.10644 0.022538 0.065857 0.63131 0.024621 0.058242 0.1662 0.16244 0.09767
0.23047 0.25182 0.19707 0.28243 0.10287 0.044425 -0.034947 0.086083 0.16126 0.22709 0.28323 0.20137 0.25699 0.12766 0.040749 -0.033112 0.087502 0.15854 -0.036041 0 -0.10608 0.17225 0.044303 0.025823 -0.12711 -0.009426 0.00020229 0.022456 0.21408 0.19509 -0.098637 -0.28624 0.012541 0.37506 0.18691 -0.23723 0.0074237 0.27088 0.3172 0.40705 0.39248 0.086754 0.28521 0.24947 0.31999 0.2733 0.065069 0.39508 -0.13207 -0.054193 0.2797 0.55833 0.029738 0.58209 -0.10703 0.18711 0.0057113 0.012767 -0.1066 0.011946 0.042062 0.029321 0.1877 0.16946 -0.047846 -0.2506 0.031099 0.35969 0.28965 -0.24861 0.11288 0.27378 0.27461 0.43029 0.38479 0.14679 0.27925 0.23392 0.27665 0.22406 0.061706 0.45749 -0.16233 -0.090183 0.22222 0.54586
0.056448 0.046119 0.11392 -0.043068 -0.0028826 0.13942 0.040097 -0.062319 0.0082479 0.27466 -0.020678 0.054273 -0.046909 -0.041114 0.12314 0.038287 -0.057329 0.035397 0.20122 -0.10608 0 -0.11674 0.065501 0.1928 0.70446 0.56932 0.20354 -0.066479 0.28817 -0.06901 0.11054 0.49 0.16578 -0.10256 0.55499 0.45166 0.54043 -0.091298 -0.035477 0.11834 0.10438 0.31074 -0.054188 0.69864 0.3888 0.37888 0.041796 0.3993 0.016268 0.0033775 -0.024568 -0.044426 0.0064507 -0.11562 0.66164 -0.17389 0.06673 0.10393 0.50352 0.28957 0.071281 -0.050144 0.096659 -0.075868 0.047604 0.28678 0.12153 -0.092508 0.26958 0.34824 0.20228 -0.10805 -0.021429 -0.018107 0.027047 0.15649 -0.11942 0.27457 0.060667 0.15666 0.028609 0.046595 0.061256 0.013205 -0.010439 -0.097553
-0.0079655 0.10348 0.01913 0.035288 0.0056588 0.10366 0.026576 0.028349 0.070556 0.031651 0.084578 -0.0055029 0.032739 0.021458 0.087516 0.024728 0.02991 0.059112 0.060101 0.17225 -0.11674 0 0.016023 0.32309 0.053438 -0.13724 0.1363 0.20237 0.045555 0.92304 0.009859 -0.15831 0.16829 0.35966 -0.063982 -0.19117 -0.12675 0.8773 0.31966 0.089207 0.29153 0.28737 0.091617 -0.0091499 0.1054 0.64803 0.18754 0.046262 -0.037698 0.0054251 0.21912 0.24445 0.091918 0.16995 -0.23183 0.97314 -0.0029136 0.35464 -0.052555 -0.084054 0.1669 0.2785 -0.0061611 0.91361 -0.0033433 -0.19279 0.17878 0.33239 -0.10191 -0.25872 -0.15694 0.84735 0.36571 0.086785 0.3021 0.32603 0.092887 -0.08612 0.0082934 0.58118 0.17264 0.065578 -0.066274 0.006197 0.18099 0.22027
0.023392 0.017762 0.002293 0.0031841 0.012216 0.13369 0.07385 -0.0025104 0.016342 0.04942 0.014194 -0.010353 0.011568 0.0097819 0.10832 0.076205 0.012945 0.039886 0.034399 0.044303 0.065501 0.016023 0 0.16199 0.11255 0.14066 0.059586 0.028278 0.083675 0.03894 0.092715 0.10554 0.098352 0.03181 0.055504 0.035322 0.06343 0.022384 0.046031 0.035773 0.053781 0.044829 0.058259 0.030387 0.064266 0.08588 0.10022 0.052167 0.030926 0.097844 0.043724 0.091292 0.011198 0.024229 0.033888 0.0043134 0.050763 0.13207 0.078603 0.1107 0.057821 0.013734 0.052366 0.03631 0.083019 0.068018 0.080042 0.0081584 0.041319 0.014509 0.031657 0.01108 0.03647 0.024979 0.044066 0.059855 0.024958 -0.010961 0.040661 0.069873 0.072453 0.028084 0.018977 0.046669 0.022188 0.078218
-0.060996 -0.047022 -0.041469 -0.022925 -0.012208 0.22675 0.18736 -0.0095186 0.011059 -0.0752 -0.068941 -0.051406 -0.025712 -0.022528 0.23507 0.1759 -0.0027532 0.014118 0.26863 0.025823 0.1928 0.32309 0.16199 0 0.32703 0.35058 0.091801 0.52602 0.10163 0.51202 0.18786 0.19036 0.33832 0.10949 0.11647 0.0365 0.086765 0.28748 0.11653 -0.052651 0.15789 0.11713 0.051084 -0.03381 0.094214 0.51713 0.34322 0.016068 0.068178 0.1478 0.12566 0.141 0.25517 0.043867 0.040365 0.29357 0.10627 0.81786 0.19451 0.35367 0.092389 0.49335 0.068224 0.51031 0.15016 0.17657 0.35597 0.11123 0.091817 -0.03621 0.11647 0.21012 0.16137 -0.044661 0.19341 0.16085 0.044909 -0.085765 0.050577 0.51075 0.2798 0.00069559 0.040629 0.13446 0.09865 0.098964
0.045805 0.056012 0.012085 -0.11714 -0.025326 0.24648 0.074257 -0.046552 0.028248 0.22249 -0.0022562 -0.023499 -0.1122 -0.033819 0.22579 0.053256 -0.02651 0.052502 0.18445 -0.12711 0.70446 0.053438 0.11255 0.32703 0 0.52839 0.54664 0.041804 0.17774 0.086191 0.32396 0.6674 0.40456 -0.055628 0.2308 0.37064 0.23282 0.016203 -0.089338 0.22404 -0.14819 0.70001 0.11107 0.50518 0.36455 0.32723 0.091719 0.1498 0.17607 0.12064 -0.0026038 -0.10015 0.0225 -0.13874 0.47796 -0.042229 0.073732 0.22192 0.73908 0.30706 0.43892 0.030478 0.028853 0.064545 0.27133 0.5483 0.3307 -0.065317 0.034081 0.24082 0.066941 -0.021223 -0.089667 0.06015 -0.15851 0.52375 0.037492 0.13678 0.14354 0.12491 0.063272 -0.06355 0.22624 0.14287 0.012408 -0.14242
0.15071 0.055174 0.052138 0.018358 0.0075161 0.13048 0.1318 -0.025758 0.013837 0.24845 -0.011502 0.030494 0.010869 -0.020626 0.13385 0.12294 -0.037652 0.031368 0.24697 -0.009426 0.56932 -0.13724 0.14066 0.35058 0.52839 0 0.015504 0.061537 0.25537 -0.082219 0.077701 0.44385 0.11189 -0.034835 0.42285 0.37521 0.45681 -0.12178 0.01867 0.0539 0.13463 0.0046987 -0.069224 0.41352 0.23284 0.36437 0.1611 0.42443 0.019234 0.11608 -0.0095681 0.10047 0.11793 -0.007849 0.35461 -0.16645 0.092703 0.25459 0.34533 0.56238 -0.075333 0.016036 0.14658 -0.088587 -0.0017278 0.30476 0.051697 -0.049439 0.2661 0.25159 0.30356 -0.14619 -0.00091414 0.0098813 0.06672 -0.025304 -0.093508 0.14968 0.04611 0.24903 0.11727 0.19974 0.040944 0.082996 2.1971e-05 0.046199
0.063027 0.13035 0.064903 -0.014329 -0.014708 0.34662 0.011233 0.04945 0.11692 0.13195 0.13095 0.060047 -0.028071 0.0056616 0.32296 0.0027741 0.073665 0.1132 -0.16372 0.00020229 0.20354 0.1363 0.059586 0.091801 0.54664 0.015504 0 0.0085395 0.033238 0.12029 0.5038 0.2401 0.39701 0.070268 -0.23619 -0.03108 -0.26794 0.14655 0.032571 0.4137 -0.14988 0.8082 0.44951 0.074126 0.24549 0.0046333 -0.0094285 -0.18102 0.1476 0.051603 0.11063 -0.0364 -0.16922 -0.0082893 0.049088 0.08254 0.056036 0.070987 0.32574 -0.047754 0.76405 0.038347 -0.052682 0.10382 0.45573 0.20267 0.31867 0.050107 -0.32484 -0.13175 -0.28861 0.1643 0.042714 0.26769 -0.13467 0.70601 0.3187 -0.076349 0.1258 -0.10347 0.0038432 -0.2029 0.11455 0.062949 0.090117 -0.062225
0.014487 0.074535 0.0097343 0.023545 -0.0086978 0.11835 0.066676 0.019899 0.019465 -0.065157 0.060349 0.024032 0.047879 -0.012538 0.11204 0.019807 0.030408 0.017893 0.09601 0.022456 -0.066479 0.20237 0.028278 0.52602 0.041804 0.061537 0.0085395 0 0.039168 0.39262 0.099062 0.0082407 0.032508 0.050051 0.004125 -0.01145 0.021755 0.29196 0.015489 0.010097 0.067989 -0.05536 0.077593 -0.10359 -0.021928 0.28109 0.17654 -0.10868 0.014538 0.045538 0.11918 0.10052 0.16067 0.063301 -0.070131 0.20387 0.018745 0.53919 -0.011783 0.14746 -1.0759e-05 0.94738 0.079381 0.31075 0.068368 0.054337 0.066661 0.048557 0.092894 -0.01468 0.10363 0.27408 0.098826 0.02427 0.14181 -0.018486 0.072775 -0.075364 0.017413 0.33824 0.14724 0.012183 0.030434 0.038111 0.099813 0.11305
0.1976 0.14716 0.1983 0.13567 0.069078 0.074695 -0.0003261 0.021987 0.076792 0.21599 0.12582 0.18613 0.13131 0.028821 0.078265 0.0064133 0.011898 0.090459 0.05865 0.21408 0.28817 0.045555 0.083675 0.10163 0.17774 0.25537 0.033238 0.039168 0 0.054584 0.024693 0.054885 0.061157 0.058582 0.43694 0.2795 0.45941 0.096181 0.01754 0.27787 0.11057 0.094785 0.19098 0.46969 0.2842 0.20333 0.060888 0.40305 -0.054316 0.03204 0.12769 0.32531 0.071556 0.21172 0.23489 0.026341 0.049946 0.065499 0.15683 0.1622 -0.0094504 0.029236 0.39905 0.042017 0.024675 0.045002 0.018765 0.030108 0.3853 0.23077 0.43159 0.087856 0.017978 0.20686 0.087972 0.072617 0.15381 0.29968 0.21 0.091853 0.054925 0.28499 -0.0082716 -0.019163 0.11454 0.3151
0.0088619 0.1418 0.035166 0.042536 0.0058103 0.12865 0.037731 0.017211 0.099545 0.029999 0.12295 0.020175 0.039563 0.022304 0.1076 0.029794 0.029412 0.094917 0.093193 0.19509 -0.06901 0.92304 0.03894 0.51202 0.086191 -0.082219 0.12029 0.39262 0.054584 0 0.030211 -0.14431 0.22362 0.36325 -0.033107 -0.17691 -0.070808 0.91855 0.3433 0.10262 0.28682 0.2433 0.094713 -0.018236 0.086802 0.67181 0.2219 0.073786 -0.022125 0.005675 0.28779 0.28149 0.098624 0.17514 -0.17282 0.91245 0.0059931 0.51571 -0.0091272 -0.003845 0.15396 0.4476 0.027124 0.93033 0.012655 -0.15337 0.23755 0.33216 -0.023368 -0.22083 -0.074599 0.88246 0.38418 0.10907 0.31028 0.30269 0.0934 -0.076745 0.018205 0.63139 0.19567 0.13453 -0.050667 -0.0067652 0.24009 0.258
-0.17478 -0.034902 -0.013377 -0.038282 -0.031773 0.30347 0.17793 0.066186 0.018845 -0.021117 -0.068306 -0.056235 -0.074683 -0.037631 0.30745 0.14372 0.056321 0.01309 0.016079 -0.098637 0.11054 0.009859 0.092715 0.18786 0.32396 0.077701 0.5038 0.099062 0.024693 0.030211 0 0.38034 0.27751 -0.0027782 -0.18211 0.08121 -0.11832 -0.0043151 0.023973 -0.021506 -0.064437 0.39072 0.37688 -0.25052 0.24771 -0.081582 0.18246 -0.31738 0.27264 0.17945 0.017429 -0.091581 -0.056699 -0.13267 -0.17227 -0.010862 0.032747 0.18505 0.043511 0.010638 0.37334 0.12266 -0.13146 0.018842 0.55112 0.21266 0.22136 -0.018078 -0.37399 -0.12121 -0.29878 -0.024814 0.037312 -0.13888 -0.082225 0.20809 0.20285 -0.42245 -0.012821 -0.11089 0.14009 -0.35048 0.19631 0.16808 0.016349 -0.13257
-0.124 -0.10333 -0.079325 -0.16894 -0.03972 0.20918 0.17363 -0.06114 -0.049797 0.062826 -0.18981 -0.14852 -0.17022 -0.062774 0.17274 0.12694 -0.066807 -0.027988 0.54125 -0.28624 0.49 -0.15831 0.10554 0.19036 0.6674 0.44385 0.2401 0.0082407 0.054885 -0.14431 0.38034 0 0.14155 -0.21283 0.21745 0.60633 0.35885 -0.19848 -0.14374 -0.075256 -0.17865 0.2789 -0.019953 0.011387 0.33317 -0.13813 0.34065 0.0039975 0.33185 0.29261 -0.10668 -0.2291 0.21172 -0.30746 0.1936 -0.21346 0.075413 0.12677 0.33668 0.25542 0.083501 0.0073554 -0.074418 -0.13593 0.21541 0.75116 0.08229 -0.20744 -0.131 0.40806 -0.018251 -0.23532 -0.12637 -0.23263 -0.21933 0.023551 -0.11243 -0.24673 0.043704 -0.1814 0.25085 -0.26699 0.32967 0.2815 -0.069095 -0.24785
0.0047467 0.019545 -0.02559 -0.025521 -0.013048 0.27505 0.073744 0.026466 0.062343 0.040544 0.016613 -0.029306 -0.02538 -0.00084998 0.27128 0.098083 0.010402 0.067311 -0.0098147 0.012541 0.16578 0.16829 0.098352 0.33832 0.40456 0.11189 0.39701 0.032508 0.061157 0.22362 0.27751 0.14155 0 0.10985 -0.061559 -0.035947 -0.090394 0.14125 0.060602 0.077347 -0.031715 0.45399 0.2128 0.050201 0.14604 0.1437 0.13536 -0.071993 0.055477 0.091854 0.094914 0.038443 0.020418 0.0037132 0.10296 0.12567 0.069247 0.28545 0.29338 0.10091 0.39003 0.041688 0.0060175 0.21133 0.28073 0.16132 0.44244 0.085292 -0.097129 -0.048614 -0.060413 0.11279 0.039947 0.050046 -0.024477 0.42603 0.15948 -0.018785 0.11434 0.079031 0.12835 -0.082771 0.076289 0.097962 0.066174 0.0021132
0.11594 0.1653 0.039717 0.18051 0.016681 0.080367 0.026701 0.046154 0.12015 0.18471 0.12021 0.029328 0.15562 0.056844 0.086365 0.032008 0.03086 0.085734 0.0020722 0.37506 -0.10256 0.35966 0.03181 0.10949 -0.055628 -0.034835 0.070268 0.050051 0.058582 0.36325 -0.0027782 -0.21283 0.10985 0 0.10644 -0.23003 -0.02361 0.41078 0.53973 0.24863 0.59759 0.18827 0.096206 0.11673 0.32394 0.38239 0.17873 0.34869 -0.073197 -0.020586 0.35849 0.4829 0.038783 0.33884 -0.12965 0.34112 0.0027366 0.101 -0.088039 -0.036979 0.091828 0.054914 0.023747 0.33385 -0.024726 -0.22122 0.13846 0.77508 0.14707 -0.24343 0.045962 0.38672 0.47128 0.30752 0.55296 0.23736 0.078633 0.10013 0.23727 0.3184 0.17341 0.40214 -0.098001 -0.03033 0.30969 0.44838
0.092085 0.10872 0.23394 0.16387 0.068289 -0.046754 0.0091247 -0.030182 0.039789 0.23548 0.023769 0.19649 0.14243 0.022133 -0.048666 -0.0052071 -0.027732 0.024708 0.48328 0.18691 0.55499 -0.063982 0.055504 0.11647 0.2308 0.42285 -0.23619 0.004125 0.43694 -0.033107 -0.18211 0.21745 -0.061559 0.10644 0 0.37875 0.85325 0.011186 0.058956 0.090719 0.34577 -0.10184 -0.11517 0.56116 0.5053 0.28107 0.24346 0.64536 -0.063655 0.010774 0.10035 0.35562 0.26633 0.19383 0.34473 -0.08316 0.021934 0.050809 0.1174 0.19838 -0.30004 -0.010051 0.29013 -0.035197 -0.21594 0.047493 -0.061298 0.086515 0.67021 0.27328 0.60953 -0.013102 0.065279 0.013198 0.28025 -0.16189 -0.11796 0.24325 0.2553 0.17226 0.1915 0.41889 -0.045654 -0.032724 0.108 0.31727
-0.065568 -0.077812 -0.023003 -0.10766 0.00042684 0.019792 0.074122 -0.090254 -0.057979 0.093071 -0.15205 -0.059034 -0.1188 -0.051094 -0.015577 0.032839 -0.083236 -0.055894 0.1864 -0.23723 0.45166 -0.19117 0.035322 0.0365 0.37064 0.37521 -0.03108 -0.01145 0.2795 -0.17691 0.08121 0.60633 -0.035947 -0.23003 0.37875 0 0.60663 -0.16841 -0.1663 -0.12749 -0.1145 -0.082121 -0.18483 0.17385 0.19199 -0.1009 -0.0015864 0.11414 0.14769 0.095905 -0.098988 -0.15108 -0.036856 -0.23791 0.20503 -0.20505 0.048877 0.0062912 0.12222 0.16487 -0.18769 -0.025524 0.10375 -0.17363 -0.021704 0.27789 -0.042509 -0.21147 0.088878 0.57722 0.21749 -0.18878 -0.13492 -0.23352 -0.13732 -0.27575 -0.2426 -0.14757 -0.088438 -0.15239 -0.035489 -0.10221 0.13559 0.084695 -0.079137 -0.15353
0.021582 0.0068543 0.14409 0.063992 0.05099 -0.037305 0.064621 -0.076288 -0.010533 0.20004 -0.063676 0.11747 0.05424 -0.010493 -0.064565 0.036082 -0.065649 -0.0069379 0.5547 0.0074237 0.54043 -0.12675 0.06343 0.086765 0.23282 0.45681 -0.26794 0.021755 0.45941 -0.070808 -0.11832 0.35885 -0.090394 -0.02361 0.85325 0.60663 0 -0.062109 -0.051815 -0.04381 0.23212 -0.25146 -0.22786 0.42183 0.32431 0.1609 0.22475 0.52083 0.020219 0.033211 -0.0068942 0.18357 0.29386 -0.019646 0.31309 -0.136 0.045464 0.02918 0.030875 0.2352 -0.35907 0.007587 0.27576 -0.083235 -0.19426 0.099923 -0.09544 -0.035771 0.53112 0.48362 0.60965 -0.084938 -0.01289 -0.13968 0.13795 -0.33821 -0.23517 0.10206 0.020014 0.071274 0.15769 0.22185 -0.03241 -0.0033195 0.018732 0.15956
0.11446 0.23048 0.094855 0.11131 0.048889 0.090321 -0.0089711 0.048887 0.16968 0.14142 0.23913 0.09857 0.11772 0.060886 0.06971 -0.050706 0.040447 0.16426 -0.0099677 0.27088 -0.091298 0.8773 0.022384 0.28748 0.016203 -0.12178 0.14655 0.29196 0.096181 0.91855 -0.0043151 -0.19848 0.14125 0.41078 0.011186 -0.16841 -0.062109 0 0.40794 0.21309 0.35318 0.27661 0.12721 0.029152 0.12227 0.5756 0.12255 0.14689 -0.060075 -0.025603 0.32892 0.35617 0.0068718 0.26756 -0.15292 0.83806 0.000941 0.29851 -0.030709 -0.05617 0.18071 0.36381 0.082107 0.88035 -0.0023347 -0.19717 0.15558 0.38232 0.036242 -0.18772 -0.045511 0.96578 0.4472 0.23008 0.38477 0.32404 0.14074 0.0072901 0.075695 0.5292 0.10272 0.25239 -0.065532 -0.052443 0.28793 0.35509
0.058646 0.14325 -0.0033672 0.17725 0.06236 0.098906 0.058772 0.024623 0.095272 0.25621 0.071027 0.0047274 0.10763 0.062247 0.089179 0.055335 0.011144 0.080775 0.081146 0.3172 -0.035477 0.31966 0.046031 0.11653 -0.089338 0.01867 0.032571 0.015489 0.01754 0.3433 0.023973 -0.14374 0.060602 0.53973 0.058956 -0.1663 -0.051815 0.40794 0 0.080047 0.88516 0.074489 0.023802 0.029639 0.31422 0.45104 0.30551 0.42477 -0.022392 0.027143 0.48703 0.60952 0.057752 0.28376 -0.18349 0.29532 0.0029263 0.10564 -0.17067 -0.035466 0.0059482 0.018909 -0.039915 0.31731 -0.019371 -0.22664 0.078262 0.48969 0.038516 -0.24581 -0.10765 0.36929 0.89778 0.12788 0.79217 0.079347 -0.0056081 -0.071358 0.14141 0.35978 0.26196 0.39993 -0.10012 -0.01832 0.3931 0.5062
0.35115 0.32131 0.18511 0.17915 0.082631 0.09886 -0.12466 0.061156 0.17943 0.30337 0.32973 0.20417 0.18835 0.080498 0.082226 -0.10648 0.05451 0.17036 -0.11687 0.40705 0.11834 0.089207 0.035773 -0.052651 0.22404 0.0539 0.4137 0.010097 0.27787 0.10262 -0.021506 -0.075256 0.077347 0.24863 0.090719 -0.12749 -0.04381 0.21309 0.080047 0 0.058489 0.54644 0.36643 0.44753 0.29325 0.17238 -0.078873 0.36419 -0.074039 -0.060001 0.18684 0.3388 -0.086824 0.37706 0.15292 0.089985 0.047046 -0.060904 0.26419 0.065055 0.41352 0.0086319 0.23961 0.064481 0.081628 0.013668 0.038893 0.20432 0.17461 -0.089122 0.10441 0.23387 0.070817 0.68804 0.083143 0.51176 0.32862 0.42798 0.30879 0.075766 -0.05831 0.357 -0.083508 -0.088802 0.1717 0.35073
0.078055 0.12313 0.075557 0.27706 0.082139 0.057475 0.07199 0.015739 0.07553 0.27926 0.067499 0.066335 0.2201 0.067352 0.064605 0.079271 0.0009721 0.063147 0.18356 0.39248 0.10438 0.29153 0.053781 0.15789 -0.14819 0.13463 -0.14988 0.067989 0.11057 0.28682 -0.064437 -0.17865 -0.031715 0.59759 0.34577 -0.1145 0.23212 0.35318 0.88516 0.058489 0 -0.10214 -0.03069 0.12161 0.48541 0.52601 0.32027 0.56582 -0.067913 -0.002952 0.40364 0.63686 0.15491 0.34872 -0.099766 0.26619 0.0013295 0.13907 -0.24099 0.026412 -0.1692 0.074173 0.05624 0.27597 -0.12767 -0.274 0.026392 0.56609 0.2962 -0.22168 0.089662 0.32372 0.82001 0.10172 0.91306 -0.055823 -0.052878 9.3974e-05 0.26337 0.46259 0.27625 0.48995 -0.13573 -0.038645 0.31808 0.5497
0.16185 0.18675 0.07245 0.010561 0.0032974 0.27404 -0.030195 0.044327 0.14218 0.22139 0.18965 0.046375 -0.0028518 0.034566 0.25826 -0.021961 0.066723 0.14857 -0.068225 0.086754 0.31074 0.28737 0.044829 0.11713 0.70001 0.0046987 0.8082 -0.05536 0.094785 0.2433 0.39072 0.2789 0.45399 0.18827 -0.10184 -0.082121 -0.25146 0.27661 0.074489 0.54644 -0.10214 0 0.42876 0.29802 0.36988 0.16489 0.031039 0.047317 0.1349 0.050099 0.12502 0.050568 -0.070059 0.072016 0.16974 0.22621 0.054208 0.088042 0.52396 -0.017676 0.77168 0.013322 -0.023884 0.22151 0.39188 0.30804 0.37942 0.14642 -0.21223 -0.13903 -0.23196 0.27404 0.062297 0.41348 -0.087843 0.91933 0.34213 0.12037 0.2826 0.0024878 0.050571 -0.0053088 0.15815 0.07569 0.12281 0.019868
0.07559 0.15808 0.16815 0.11209 0.052842 0.22496 -8.909e-06 0.11573 0.12877 0.081403 0.18325 0.15838 0.097675 0.053145 0.2282 0.0050091 0.12334 0.1301 -0.13563 0.28521 -0.054188 0.091617 0.058259 0.051084 0.11107 -0.069224 0.44951 0.077593 0.19098 0.094713 0.37688 -0.019953 0.2128 0.096206 -0.11517 -0.18483 -0.22786 0.12721 0.023802 0.36643 -0.03069 0.42876 0 0.033289 0.34477 -0.0082266 0.032834 -0.058607 0.040773 0.025426 0.1544 0.17962 -0.098167 0.26762 -0.10124 0.076321 0.036378 0.039501 0.027832 -0.059699 0.41823 0.086504 0.11613 0.074452 0.39347 0.034992 0.15818 0.081937 -0.12306 -0.21388 -0.1283 0.12752 0.01309 0.30475 -0.012491 0.36779 0.5728 -0.00041703 0.27589 -0.059475 0.05707 -0.017171 0.024498 0.035378 0.1344 0.17011
0.36519 0.20303 0.24359 0.13579 0.070833 -0.01891 -0.14818 -0.011605 0.09464 0.46173 0.18008 0.21802 0.1182 0.035945 -0.038552 -0.11872 -0.027527 0.099814 -0.019184 0.24947 0.69864 -0.0091499 0.030387 -0.03381 0.50518 0.41352 0.074126 -0.10359 0.46969 -0.018236 -0.25052 0.011387 0.050201 0.11673 0.56116 0.17385 0.42183 0.029152 0.029639 0.44753 0.12161 0.29802 0.033289 0 0.44215 0.40478 -0.12393 0.65705 -0.15131 -0.10887 0.076754 0.25782 -0.025241 0.22205 0.55811 -0.035318 0.039354 -0.075408 0.44263 0.22166 0.017887 -0.10048 0.31171 -0.036109 -0.18086 0.059149 0.0078653 0.097135 0.47541 0.20088 0.33808 0.035707 -0.0098943 0.37957 0.080516 0.2692 0.027645 0.71575 0.25171 0.20207 -0.09462 0.43225 -0.10272 -0.14371 0.065491 0.20806
0.024645 0.1666 0.19942 0.15388 0.064971 0.1734 0.055047 0.011178 0.080858 0.28971 0.078033 0.10662 0.11508 0.047281 0.15386 0.035581 0.021387 0.083989 0.15292 0.31999 0.3888 0.1054 0.064266 0.094214 0.36455 0.23284 0.24549 -0.021928 0.2842 0.086802 0.24771 0.33317 0.14604 0.32394 0.5053 0.19199 0.32431 0.12227 0.31422 0.29325 0.48541 0.36988 0.34477 0.44215 0 0.31852 0.14576 0.45625 0.10369 0.051223 0.17761 0.3089 -0.00030489 0.24865 0.085312 0.046968 0.044233 0.053604 0.036426 0.06575 0.10642 -0.0042886 0.034476 0.073926 0.11756 0.060344 0.12575 0.31603 0.16458 -0.07335 0.033004 0.091275 0.26005 0.1517 0.39004 0.15129 0.17329 0.017097 0.49586 0.17168 0.14032 0.21286 0.07829 0.037201 0.15783 0.24607
0.18243 0.12521 0.062114 0.11531 0.014856 0.088606 0.034579 0.010395 0.057268 0.25982 0.090964 0.084285 0.10247 0.019057 0.083693 0.04202 0.0043858 0.060388 0.087113 0.2733 0.37888 0.64803 0.08588 0.51713 0.32723 0.36437 0.0046333 0.28109 0.20333 0.67181 -0.081582 -0.13813 0.1437 0.38239 0.28107 -0.1009 0.1609 0.5756 0.45104 0.17238 0.52601 0.16489 -0.0082266 0.40478 0.31852 0 0.12096 0.53541 -0.071248 -0.018825 0.20719 0.38838 0.07854 0.26836 0.16091 0.61171 0.04552 0.47374 0.17676 0.31483 0.042609 0.25756 0.13231 0.67501 -0.082515 -0.13983 0.15713 0.34833 0.2912 -0.13406 0.15485 0.56493 0.39559 0.19991 0.48038 0.27056 -0.00037371 0.21816 0.18001 0.93609 0.06786 0.44477 -0.072821 -0.042327 0.17431 0.33457
-0.14781 -0.08591 -0.063725 -0.00804 0.0041595 0.21406 0.22974 0.01132 0.0075818 -0.1016 -0.13558 -0.082084 -0.025597 -0.013191 0.20766 0.20009 0.017377 0.018936 0.73869 0.065069 0.041796 0.18754 0.10022 0.34322 0.091719 0.1611 -0.0094285 0.17654 0.060888 0.2219 0.18246 0.34065 0.13536 0.17873 0.24346 -0.0015864 0.22475 0.12255 0.30551 -0.078873 0.32027 0.031039 0.032834 -0.12393 0.14576 0.12096 0 0.11599 0.063198 0.2105 0.56559 0.32822 0.58815 0.060937 -0.094705 0.15649 0.069215 0.32558 -0.05178 0.079146 -0.047063 0.16858 0.011648 0.20826 0.10867 0.1659 0.15134 0.20584 0.10587 -0.057722 0.072539 0.059266 0.3404 -0.084938 0.32019 0.00821 0.037566 -0.17211 0.053251 0.13739 0.84361 0.077493 0.033115 0.197 0.4729 0.2774
0.35563 0.22373 0.17208 0.23971 0.10611 -0.080475 -0.071676 0.00085686 0.11203 0.38128 0.21638 0.17487 0.22148 0.084684 -0.090357 -0.067016 -0.03006 0.12752 0.18313 0.39508 0.3993 0.046262 0.052167 0.016068 0.1498 0.42443 -0.18102 -0.10868 0.40305 0.073786 -0.31738 0.0039975 -0.071993 0.34869 0.64536 0.11414 0.52083 0.14689 0.42477 0.36419 0.56582 0.047317 -0.058607 0.65705 0.45625 0.53541 0.11599 0 -0.12559 -0.066655 0.29416 0.60706 0.17167 0.39813 0.34853 0.037315 0.02134 -0.043468 0.23739 0.28614 -0.17195 -0.093545 0.32717 0.059792 -0.28097 0.045889 -0.060724 0.2985 0.63166 0.16278 0.50626 0.14273 0.32609 0.35339 0.49312 0.11554 -0.023198 0.50763 0.38287 0.40926 0.099431 0.83499 -0.089469 -0.097397 0.22236 0.5444
-0.11055 -0.052464 -0.054461 -0.071746 -0.032195 0.060296 0.055841 -0.0045419 -0.032897 -0.02144 -0.092053 -0.092329 -0.086896 -0.047463 0.04601 0.043727 -0.0097149 -0.038049 0.10703 -0.13207 0.016268 -0.037698 0.030926 0.068178 0.17607 0.019234 0.1476 0.014538 -0.054316 -0.022125 0.27264 0.33185 0.055477 -0.073197 -0.063655 0.14769 0.020219 -0.060075 -0.022392 -0.074039 -0.067913 0.1349 0.040773 -0.15131 0.10369 -0.071248 0.063198 -0.12559 0 0.10352 -0.084758 -0.1373 0.020169 -0.15108 -0.10815 -0.037023 0.0073521 0.058289 -0.0086882 0.0095172 0.077072 0.026438 -0.11546 -0.024717 0.15987 0.20536 0.033128 -0.065286 -0.18161 0.050328 -0.13719 -0.061508 -0.0067079 -0.16403 -0.085256 0.011126 -0.015209 -0.2706 -0.022679 -0.054471 0.049066 -0.19207 0.21894 0.097068 -0.045078 -0.15581
-0.06654 -0.054863 -0.052054 -0.025816 -0.024022 0.14669 0.13123 0.0012536 -0.020227 -0.001961 -0.080457 -0.07453 -0.049723 -0.016365 0.12406 0.10492 -0.015996 0.026245 0.15555 -0.054193 0.0033775 0.0054251 0.097844 0.1478 0.12064 0.11608 0.051603 0.045538 0.03204 0.005675 0.17945 0.29261 0.091854 -0.020586 0.010774 0.095905 0.033211 -0.025603 0.027143 -0.060001 -0.002952 0.050099 0.025426 -0.10887 0.051223 -0.018825 0.2105 -0.066655 0.10352 0 0.017652 0.0053501 0.087211 -0.077629 -0.061414 -0.0072293 0.030262 0.11962 0.02262 0.090516 0.030875 0.039731 -0.041295 0.015334 0.13539 0.21189 0.065647 -0.021883 -0.051327 0.031139 -0.037541 -0.03993 0.011618 -0.10278 -0.020886 0.011238 -0.00448 -0.15632 0.017251 -0.02323 0.18288 -0.095916 0.10154 0.16898 0.004947 -0.010063
0.039234 0.16789 0.059738 0.11202 0.056187 0.11241 0.0083688 0.039545 0.11759 0.040378 0.17572 0.062446 0.11058 0.070811 0.095492 0.011674 0.036044 0.1606 0.15648 0.2797 -0.024568 0.21912 0.043724 0.12566 -0.0026038 -0.0095681 0.11063 0.11918 0.12769 0.28779 0.017429 -0.10668 0.094914 0.35849 0.10035 -0.098988 -0.0068942 0.32892 0.48703 0.18684 0.40364 0.12502 0.1544 0.076754 0.17761 0.20719 0.56559 0.29416 -0.084758 0.017652 0 0.50044 0.21122 0.29746 -0.012358 0.21808 0.033019 0.1333 0.015695 -0.013519 0.092955 0.11555 0.12571 0.26155 0.045315 -0.077833 0.11245 0.35253 0.16921 -0.091674 0.076447 0.29954 0.45974 0.24058 0.40826 0.17175 0.16333 0.077382 0.18544 0.19602 0.53369 0.36044 -0.045451 -0.015006 0.65055 0.46002
0.23129 0.28321 0.17722 0.3355 0.13941 0.079914 0.025938 0.083418 0.18131 0.23337 0.278 0.18734 0.3073 0.11959 0.084475 0.031577 0.057148 0.18401 0.13146 0.55833 -0.044426 0.24445 0.091292 0.141 -0.10015 0.10047 -0.0364 0.10052 0.32531 0.28149 -0.091581 -0.2291 0.038443 0.4829 0.35562 -0.15108 0.18357 0.35617 0.60952 0.3388 0.63686 0.050568 0.17962 0.25782 0.3089 0.38838 0.32822 0.60706 -0.1373 0.0053501 0.50044 0 0.17461 0.5435 -0.028764 0.24061 0.053751 0.10349 -0.052094 0.075542 -0.01126 0.10336 0.31066 0.25786 -0.067563 -0.17837 0.058121 0.45428 0.47442 -0.12098 0.32001 0.34831 0.54007 0.39437 0.6122 0.14669 0.19245 0.25168 0.31348 0.34253 0.29189 0.64719 -0.13753 -0.042676 0.39865 0.77011
-0.031761 -0.11814 -0.026191 -0.0088499 -0.014399 0.030643 0.097224 -0.017668 -0.035817 -0.14312 -0.13668 -0.016791 0.01818 -0.014657 0.04174 0.1103 -0.01132 -0.0076955 0.6738 0.029738 0.0064507 0.091918 0.011198 0.25517 0.0225 0.11793 -0.16922 0.16067 0.071556 0.098624 -0.056699 0.21172 0.020418 0.038783 0.26633 -0.036856 0.29386 0.0068718 0.057752 -0.086824 0.15491 -0.070059 -0.098167 -0.025241 -0.00030489 0.07854 0.58815 0.17167 0.020169 0.087211 0.21122 0.17461 0 0.036815 0.13807 0.10034 0.030882 0.28787 0.14619 0.19703 -0.15572 0.12259 0.11411 0.098857 -0.040469 0.38856 0.030949 0.046277 0.39669 0.15005 0.45402 -0.022997 0.093729 -0.05037 0.19391 0.0062201 -0.048033 0.021509 0.22012 0.080316 0.72134 0.17996 0.038878 0.15981 0.18131 0.16013
