0,0.328774333000183,0.265449613332748,0.27873694896698,0.085105836391449,-0.0111847128719091,-0.0912139043211937,0.0588069297373295,0.206578388810158,0.717650473117828,0.409774780273438,0.355299890041351,0.292554974555969,0.112899757921696,-0.00107538374140859,-0.0962616354227066,0.0403940938413143,0.261257767677307,-0.156255319714546,0.231003478169441,0.0620185732841492,-0.0251590069383383,0.0232291370630264,-0.0580414198338985,0.0592583268880844,0.137647837400436,0.0882837697863579,0.0209245420992374,0.184490263462067,-0.00279354327358305,-0.158987835049629,-0.120626285672188,0.00966453645378351,0.12586222589016,0.0908951386809349,-0.065589651465416,0.0142524261027575,0.108400963246822,0.0639041513204575,0.361020475625992,0.078867219388485,0.178909361362457,0.086913213133812,0.360685706138611,0.0291447415947914,0.181543663144112,-0.177653253078461,0.350903958082199,-0.105276748538017,-0.0651936307549477,0.0308874025940895,0.2259661257267,-0.0356832146644592,0.27314156293869,0.419599175453186,-0.0210113655775785,0.035430833697319,-0.0803509205579758,0.370026588439941,0.2510085105896,0.186779201030731,-0.00103682617191225,0.320309996604919,-0.0360559672117233,-0.0336596481502056,0.12054480612278,0.0217292066663504,0.140144124627113,0.392053008079529,0.196807608008385,0.299178808927536,0.12727664411068,0.0666285753250122,0.447564154863358,0.184663474559784,0.313802927732468,0.170695155858994,0.593488931655884,0.392336130142212,0.196555659174919,-0.122165463864803,0.530985891819,-0.0054135313257575,-0.0857403054833412,0.0470399707555771,0.276551991701126
0.328774333000183,0,0.246462762355804,0.268931865692139,0.111705116927624,0.0138122402131557,-0.0789639130234718,0.0725885853171349,0.222170874476433,0.346983641386032,0.489418894052505,0.261992841959,0.2541843354702,0.0970427691936493,-0.00384534220211208,-0.0956358686089516,0.0550420172512531,0.210490629076958,-0.107829406857491,0.255904138088226,0.0437077209353447,0.0905001536011696,0.0189955420792103,-0.0533142127096653,0.0624382346868515,0.0440441705286503,0.140049308538437,0.0759104117751122,0.141414180397987,0.130034238100052,-0.0323308743536472,-0.11045878380537,0.0126553392037749,0.17695464193821,0.108807191252708,-0.067293643951416,0.00802970584481955,0.228183597326279,0.136762708425522,0.330514967441559,0.119940601289272,0.190367579460144,0.156812995672226,0.210823133587837,0.160429373383522,0.125972375273705,-0.112078413367271,0.230272263288498,-0.0490294694900513,-0.0545995272696018,0.16381724178791,0.284419029951096,-0.117761619389057,0.249892741441727,0.0636249929666519,0.0897897183895111,0.0152331339195371,-0.0759031400084496,0.0671115517616272,-0.00415023835375905,0.132991954684258,0.069215327501297,0.12882998585701,0.0870434641838074,-0.0140124075114727,-0.0918721333146095,-0.0156951732933521,0.109556272625923,0.153716921806335,-0.0336281470954418,0.0726067274808884,0.261897444725037,0.0858378037810326,0.311173051595688,0.0983840674161911,0.185810431838036,0.147217601537704,0.183528482913971,0.163453176617622,0.0640254765748978,-0.11853114515543,0.220436051487923,-0.0513067953288555,-0.0738764628767967,0.152401387691498,0.258552759885788
0.265449613332748,0.246462762355804,0,0.392727583646774,0.105101689696312,0.0345573835074902,-0.0199846252799034,0.147203922271729,0.14262518286705,0.287070125341415,0.269607216119766,0.578936576843262,0.379359036684036,0.0673045292496681,0.0314950793981552,-0.0307253152132034,0.117168858647346,0.152633473277092,-0.0301636457443237,0.20120407640934,0.118672862648964,0.00307236751541495,0.0108080171048641,-0.038446918129921,0.0320725664496422,0.0503925085067749,0.0819930210709572,0.00409460579976439,0.190650969743729,0.0236673783510923,-0.00867112819105387,-0.0730100944638252,-0.0267444048076868,0.0534609369933605,0.227506399154663,-0.0107385637238622,0.137720048427582,0.0886721462011337,0.0113396141678095,0.201906383037567,0.0813272222876549,0.0840662866830826,0.169771954417229,0.249046757817268,0.195007130503654,0.0599736496806145,-0.0717071145772934,0.185008123517036,-0.0528238750994205,-0.0477240793406963,0.0691031888127327,0.183033227920532,-0.02822545170784,0.17314113676548,0.11085482686758,-0.0129527151584625,0.0343083515763283,-0.0623324289917946,0.0284961722791195,0.0253903903067112,0.0666891038417816,0.00878648180514574,0.162401899695396,-0.00706144887953997,0.000958201184403151,-0.0776886790990829,-0.0164390299469233,0.0276419632136822,0.19446387887001,-0.0243413578718901,0.136411190032959,0.0974761843681335,-0.0110412035137415,0.198285073041916,0.0885026380419731,0.0765538439154625,0.122009046375751,0.171953409910202,0.155281573534012,0.00715548498556018,-0.0654003918170929,0.178084194660187,-0.0629959627985954,-0.0551180392503738,0.0808942317962646,0.172228425741196
0.27873694896698,0.268931865692139,0.392727583646774,0,0.196814820170403,0.0122353099286556,-0.00680539291352034,0.109155960381031,0.140170469880104,0.259875327348709,0.277442187070847,0.37705060839653,0.644293546676636,0.125341802835464,0.00812561251223087,-0.01438092533499,0.095335565507412,0.147723600268364,-0.0502191260457039,0.295570701360703,-0.0302296746522188,0.0358819477260113,0.0101279802620411,-0.022156985476613,-0.0881380513310432,0.0135707622393966,0.00832912232726812,0.022507332265377,0.147363841533661,0.0481197834014893,-0.0292600821703672,-0.157856673002243,-0.0213830806314945,0.198077514767647,0.177399307489395,-0.0907874032855034,0.0645997226238251,0.12636487185955,0.187856376171112,0.212046042084694,0.27974671125412,0.0370328575372696,0.129168972373009,0.15504564344883,0.163237273693085,0.115147925913334,-0.0243787914514542,0.247582092881203,-0.0707772225141525,-0.0191252958029509,0.127821415662766,0.348039388656616,-0.0147844376042485,0.280739039182663,0.0164152048528194,0.0383199714124203,0.0115528982132673,-0.036434318870306,-0.0448925718665123,-0.0141680259257555,0.0257374923676252,0.0268819816410542,0.151791244745255,0.0282392501831055,-0.0226052366197109,-0.131836235523224,0.00905186496675014,0.158644363284111,0.258267819881439,-0.0613734759390354,0.152772590517998,0.144344806671143,0.12222957611084,0.249219238758087,0.265256822109222,0.0789857059717178,0.133499190211296,0.176599204540253,0.185325846076012,0.0889148712158203,-0.0365708395838737,0.306117177009583,-0.0662662833929062,-0.0568899847567081,0.125216513872147,0.346145391464233
0.085105836391449,0.111705116927624,0.105101689696312,0.196814820170403,0,-0.00411252770572901,-0.0204566977918148,0.0212299358099699,0.0558945350348949,0.0965616255998611,0.10227857530117,0.115031100809574,0.169468760490417,0.0447291918098927,-0.00462638819590211,-0.0278753638267517,0.0228832010179758,0.0611661300063133,-0.0149633716791868,0.106168642640114,0.000612851174082607,0.00295994733460248,0.0103096729144454,-0.0114672770723701,-0.0179585535079241,0.0040005212649703,-0.0068205245770514,-0.00927257444709539,0.0713685676455498,0.00694343447685242,-0.026989609003067,-0.0347275510430336,-0.00961452256888151,0.0244909450411797,0.0719134211540222,0.00453187664970756,0.0530083104968071,0.0500185266137123,0.0721089541912079,0.0902543663978577,0.0886358693242073,0.0101637318730354,0.0565986707806587,0.0711933597922325,0.0660945847630501,0.0139069762080908,0.00688445474952459,0.108305901288986,-0.0282530225813389,-0.0206605177372694,0.0617788545787334,0.142305970191956,-0.00711825676262379,0.11159797757864,-0.0163860451430082,-0.00246815616264939,-0.0130875213071704,-0.0324012041091919,-0.034828320145607,-0.0114400871098042,-0.00379518745467067,-0.00209245434962213,0.0636242777109146,-0.00722439587116241,-0.0202594548463821,-0.0444474145770073,-0.0182605572044849,0.0283309854567051,0.0857977867126465,-0.00787638127803802,0.0638416856527328,0.0523077324032784,0.0541746094822884,0.0775342881679535,0.0789153873920441,0.00144983071368188,0.0279759336262941,0.0440652407705784,0.0522387586534023,-0.00823390576988459,-0.00885555893182755,0.104480274021626,-0.0398637056350708,-0.0238113682717085,0.0452294535934925,0.129657506942749
-0.0111847128719091,0.0138122402131557,0.0345573835074902,0.0122353099286556,-0.00411252770572901,0,0.166219174861908,0.0227287374436855,0.0873329564929008,0.0565981529653072,-0.00210884842090309,0.0238232966512442,0.00282679125666618,-0.0164287835359573,0.435034573078156,0.167669638991356,0.0398041717708111,0.0696485638618469,0.0714609771966934,0.0452783703804016,0.149015232920647,0.0998740270733833,0.13340450823307,0.2218007594347,0.245295032858849,0.127664923667908,0.342769831418991,0.124693088233471,0.0892754644155502,0.124983251094818,0.299351245164871,0.21097756922245,0.275994062423706,0.0731966942548752,-0.0299722030758858,0.026836771517992,-0.0187446251511574,0.087365560233593,0.0902516916394234,0.0990068390965462,0.0570751614868641,0.273992240428925,0.229759573936462,0.00044352185796015,0.178130999207497,0.0804291367530823,0.220604002475739,-0.0685078352689743,0.0570371374487877,0.151536703109741,0.118229955434799,0.0835031196475029,0.0346988774836063,0.026281775906682,0.0108626959845424,0.0777418240904808,0.0886716097593307,0.211584433913231,0.126661151647568,0.0901643037796021,0.288528442382812,0.129082262516022,0.0168393459171057,0.112621642649174,0.273861289024353,0.138457417488098,0.235046118497849,0.0692124217748642,-0.111846178770065,-0.0487904958426952,-0.0899992063641548,0.0632918104529381,0.0967396274209023,0.0373861715197563,0.0504337251186371,0.225371569395065,0.154469147324562,-0.0894815847277641,0.0767301768064499,0.044583797454834,0.186509266495705,-0.104423798620701,0.0501113869249821,0.123171292245388,0.101054288446903,0.0522427745163441
-0.0912139043211937,-0.0789639130234718,-0.0199846252799034,-0.00680539291352034,-0.0204566977918148,0.166219174861908,0,-0.00893418211489916,-0.00755828386172652,-0.0412529036402702,-0.103546738624573,-0.0435385145246983,-0.027066383510828,-0.0237899459898472,0.173280119895935,0.25067549943924,-0.0109770121052861,-0.031198151409626,0.154180809855461,-0.0382308922708035,0.04704649746418,0.0273035410791636,0.0748414099216461,0.178897336125374,0.0688800886273384,0.130401015281677,0.00468122167512774,0.0661121383309364,0.0171808339655399,0.0371998772025108,0.166278570890427,0.168180108070374,0.0711518302559853,0.0158305615186691,0.0228256303817034,0.078281082212925,0.0708520412445068,-0.0132686300203204,0.0525557771325111,-0.120881251990795,0.0680222064256668,-0.0315484702587128,0.00214314227923751,-0.127985760569572,0.0629603564739227,0.0280449278652668,0.234910532832146,-0.061955563724041,0.0476279519498348,0.134301662445068,0.0161567833274603,0.0282863788306713,0.0938894897699356,-0.0499645285308361,-0.0637827292084694,0.0172065757215023,0.0262287855148315,0.156159952282906,-0.0340390093624592,0.0725060328841209,-0.0274703297764063,0.0558041594922543,-0.0227182228118181,0.0344756171107292,0.0896415635943413,0.0885326415300369,0.0564164817333221,0.0199277028441429,-0.0578394159674644,-0.0191783849149942,-0.0270484834909439,-0.0329090990126133,0.05597073584795,-0.136609017848969,0.0668066069483757,-0.0566113293170929,-0.0211183968931437,-0.188802108168602,-0.0204995833337307,0.0335436314344406,0.188525050878525,-0.124586760997772,0.0285129882395267,0.110796831548214,0.00244533526711166,-0.00382581353187561
0.0588069297373295,0.0725885853171349,0.147203922271729,0.109155960381031,0.0212299358099699,0.0227287374436855,-0.00893418211489916,0,0.0549929141998291,0.0384302958846092,0.0753151625394821,0.129375904798508,0.106251306831837,0.0156913828104734,0.034701980650425,0.00338034820742905,0.108297243714333,0.0659715235233307,-0.0344139896333218,0.0931074693799019,-0.0597122050821781,0.024748157709837,-0.000185032375156879,-0.00848790723830462,-0.0461162514984608,-0.0237004403024912,0.0552088245749474,0.0194163918495178,0.0251301359385252,0.0130003616213799,0.0670605078339577,-0.0596038661897182,0.0235084556043148,0.048505749553442,-0.026004308834672,-0.084258645772934,-0.0745983347296715,0.0482512824237347,0.0245425365865231,0.0700229555368423,0.0170000772923231,0.0449988581240177,0.120370388031006,-0.00159824499860406,0.0111735248938203,0.0101132458075881,0.0056302398443222,0.000958538788836449,-0.00497595965862274,0.0015154427383095,0.0456744506955147,0.0876959413290024,-0.0209285784512758,0.0756517574191093,-0.0412049815058708,0.0270829498767853,-0.0030235480517149,0.00066287990193814,-0.0235574394464493,0.00424958718940616,0.0687542483210564,0.0337698087096214,0.0318898372352123,0.00598674546927214,0.0647778734564781,-0.0417610071599483,0.0113666169345379,0.0473678894340992,0.00119572191033512,-0.0872231274843216,-0.014399403706193,0.0551221631467342,0.0163999535143375,0.0779164135456085,0.0374615862965584,0.0579298697412014,0.0998877808451653,0.0180795006453991,0.0324176214635372,0.0101726502180099,0.0151770804077387,0.0571405291557312,-0.0173296574503183,0.00283980858512223,0.0580450370907784,0.0908467173576355
0.206578388810158,0.222170874476433,0.14262518286705,0.140170469880104,0.0558945350348949,0.0873329564929008,-0.00755828386172652,0.0549929141998291,0,0.220326781272888,0.230187565088272,0.130177512764931,0.134888395667076,0.0482856929302216,0.0713423192501068,-0.0203564632683992,0.0517189800739288,0.197799533605576,-0.045524001121521,0.163463488221169,0.00755607103928924,0.0679057985544205,0.0175831113010645,0.00413844967260957,0.0313368253409863,0.00927221402525902,0.127613067626953,0.0225646253675222,0.0762722417712212,0.0969375446438789,0.0208241008222103,-0.0534165166318417,0.0651873126626015,0.124621488153934,0.0361549966037273,-0.0585395283997059,-0.0137572977691889,0.170835897326469,0.0977908819913864,0.190411418676376,0.0740484073758125,0.152000114321709,0.133930489420891,0.101073868572712,0.0762844383716583,0.0561777129769325,-0.00155935122165829,0.113235518336296,-0.0297875870019197,-0.0184241663664579,0.122410602867603,0.180464625358582,-0.0330803506076336,0.170011624693871,0.0439557731151581,0.0617129243910313,0.0289158690720797,-0.0123157212510705,0.058424137532711,0.0193711798638105,0.146059304475784,0.0162689574062824,0.090098150074482,0.0847191512584686,0.0592565648257732,-0.0133488764986396,0.034575130790472,0.0779682099819183,0.0833666920661926,-0.0325340107083321,0.0382807441055775,0.177577510476112,0.075539693236351,0.18429833650589,0.0691232085227966,0.172950282692909,0.136450663208961,0.105027765035629,0.122732847929001,0.0227360408753157,-0.000763002608437091,0.149534717202187,-0.0372661761939526,-0.00523357046768069,0.122503638267517,0.172946810722351
0.717650473117828,0.346983641386032,0.287070125341415,0.259875327348709,0.0965616255998611,0.0565981529653072,-0.0412529036402702,0.0384302958846092,0.220326781272888,0,0.318720310926437,0.281254976987839,0.218287035822868,0.0986517518758774,0.0499290451407433,-0.0536263696849346,0.0310168918222189,0.228908509016037,-0.070140466094017,0.226410448551178,0.264534622430801,0.00423459336161613,0.0493651926517487,-0.0815656706690788,0.216877356171608,0.231541514396667,0.144286289811134,-0.0634507387876511,0.202804908156395,0.00964425876736641,-0.0206898916512728,0.0488550625741482,0.0416492111980915,0.193753853440285,0.22747266292572,0.0956776216626167,0.188950940966606,0.12334431707859,0.261026203632355,0.308351427316666,0.274740695953369,0.231617778539658,0.0825462937355042,0.455195814371109,0.273604720830917,0.251724600791931,-0.128995358943939,0.388760983943939,-0.0227627139538527,-0.00516029261052608,0.034550104290247,0.226123198866844,-0.144828870892525,0.168612778186798,0.137172639369965,-0.00444521335884929,0.0275827087461948,-0.0968916863203049,0.120577126741409,0.125660076737404,0.0990766659379005,-0.0349202118813992,0.100932836532593,-0.000552643032278866,-0.0222476888448,0.00382288172841072,0.0245541445910931,0.130988717079163,0.145731091499329,0.0385242886841297,0.051551628857851,0.13984440267086,0.149883329868317,0.260750949382782,0.168695658445358,0.148494705557823,0.0522223114967346,0.237010881304741,0.0934493169188499,0.0899091735482216,-0.106576234102249,0.328013956546783,-0.0422121845185757,-0.0593365617096424,0.0526845417916775,0.189188972115517
0.409774780273438,0.489418894052505,0.269607216119766,0.277442187070847,0.10227857530117,-0.00210884842090309,-0.103546738624573,0.0753151625394821,0.230187565088272,0.318720310926437,0,0.322949379682541,0.302843779325485,0.111220769584179,-0.0119466502219439,-0.108483947813511,0.0942579060792923,0.251430422067642,-0.18810111284256,0.286211520433426,-0.0184769425541162,0.0720839649438858,0.0161049365997314,-0.0709975436329842,0.0100988456979394,-0.0192489512264729,0.140772476792336,0.062162172049284,0.122323349118233,0.110510811209679,-0.0637738481163979,-0.191492304205894,0.0103714419528842,0.128246679902077,0.0278704203665257,-0.144000053405762,-0.0625403970479965,0.232232749462128,0.0607733689248562,0.342356383800507,0.0687512382864952,0.191525936126709,0.183334276080132,0.189869850873947,0.0742034539580345,0.0896531268954277,-0.165115848183632,0.216107055544853,-0.0887231528759003,-0.0753114819526672,0.164755120873451,0.276908725500107,-0.138796120882034,0.299679219722748,0.15115712583065,0.0829743519425392,0.00604413915425539,-0.0982981026172638,0.15067546069622,-0.000495754124131054,0.195314258337021,0.0373071543872356,0.184737473726273,0.0702446773648262,-0.00746102398261428,-0.067043736577034,0.00423313211649656,0.135912209749222,0.236677020788193,-0.00625762948766351,0.148943349719048,0.271597176790237,0.0437293983995914,0.395242989063263,0.111909754574299,0.263210892677307,0.201506435871124,0.30475515127182,0.26312330365181,0.069568432867527,-0.136228427290916,0.311199188232422,-0.0394578129053116,-0.102829903364182,0.167785063385963,0.29997918009758
0.355299890041351,0.261992841959,0.578936576843262,0.37705060839653,0.115031100809574,0.0238232966512442,-0.0435385145246983,0.129375904798508,0.130177512764931,0.281254976987839,0.322949379682541,0,0.405818700790405,0.0853417664766312,0.0260492321103811,-0.0305048357695341,0.144691661000252,0.153715252876282,-0.0711808502674103,0.206883862614632,0.0637464970350266,-0.0238820463418961,-0.00733998185023665,-0.0555872730910778,-0.00111723272129893,0.0309994500130415,0.0794201269745827,0.0148375583812594,0.183927312493324,0.00264960620552301,-0.0486918911337852,-0.136089295148849,-0.0318334996700287,0.0399888344109058,0.194727942347527,-0.0466381013393402,0.112443506717682,0.0869252607226372,0.00973836798220873,0.223252683877945,0.0665377900004387,0.0620773322880268,0.168395772576332,0.224803760647774,0.113803789019585,0.0760849118232727,-0.0962249860167503,0.184164449572563,-0.0848134607076645,-0.0671709999442101,0.0640702545642853,0.189949914813042,-0.0251842886209488,0.233926430344582,0.183276906609535,-0.0485766232013702,0.0213514938950539,-0.0748810172080994,0.0834855362772942,0.0588724911212921,0.0855806618928909,-0.00550826732069254,0.233453840017319,-0.0275004617869854,-0.00148211780469865,-0.0519109256565571,0.00561825418844819,0.0432596504688263,0.279137551784515,0.0495572313666344,0.228255152702332,0.0955896377563477,-0.0402056016027927,0.26415953040123,0.0843773484230042,0.11762685328722,0.181453049182892,0.279045879840851,0.226858139038086,0.0311718825250864,-0.0855215862393379,0.242927119135857,-0.0561273694038391,-0.0547271966934204,0.0588360093533993,0.215466365218163
0.292554974555969,0.2541843354702,0.379359036684036,0.644293546676636,0.169468760490417,0.00282679125666618,-0.027066383510828,0.106251306831837,0.134888395667076,0.218287035822868,0.302843779325485,0.405818700790405,0,0.14468064904213,0.00826146174222231,-0.00712673412635922,0.116922408342361,0.15786874294281,-0.0545801594853401,0.270442992448807,-0.0375231131911278,0.0334427542984486,0.0150143895298243,-0.0261924900114536,-0.0913722515106201,-0.000270191580057144,-0.00389475026167929,0.0459412150084972,0.134828835725784,0.0427529439330101,-0.0665291994810104,-0.165857464075089,-0.0226500015705824,0.165830597281456,0.14696978032589,-0.106799677014351,0.049058236181736,0.124089360237122,0.11367928981781,0.220287039875984,0.216773524880409,0.0218260679394007,0.114009745419025,0.131023153662682,0.122501626610756,0.100551001727581,-0.0474343337118626,0.224588602781296,-0.0865734294056892,-0.0450244285166264,0.119184099137783,0.316121429204941,0.00950436573475599,0.286288380622864,0.0280202534049749,0.0275400076061487,0.0135991303250194,-0.0233277603983879,-0.0331996642053127,0.0278506651520729,0.013668242841959,0.0420461818575859,0.186897471547127,0.0231759361922741,-0.0348955318331718,-0.117237292230129,-0.00311949127353728,0.156498476862907,0.286819010972977,-0.044022873044014,0.185942098498344,0.142473325133324,0.114596746861935,0.253878980875015,0.284672647714615,0.0790202543139458,0.131738394498825,0.196833461523056,0.194657608866692,0.0926593467593193,-0.00712742516770959,0.319305717945099,-0.0867810174822807,-0.0493504554033279,0.124693341553211,0.374108135700226
0.112899757921696,0.0970427691936493,0.0673045292496681,0.125341802835464,0.0447291918098927,-0.0164287835359573,-0.0237899459898472,0.0156913828104734,0.0482856929302216,0.0986517518758774,0.111220769584179,0.0853417664766312,0.14468064904213,0,-0.00901883002370596,-0.0273312423378229,0.00633802823722363,0.0937241241335869,-0.0229631010442972,0.13219527900219,-0.0392707921564579,0.0163009557873011,0.0108262877911329,-0.0211950875818729,-0.0271925330162048,-0.0201800633221865,0.0125201931223273,-0.0102891493588686,0.0312580838799477,0.0184926334768534,-0.0310205947607756,-0.0573669001460075,0.00112545536831021,0.0606983192265034,0.0243119746446609,-0.0441026128828526,-0.00861301273107529,0.0585055015981197,0.0624775253236294,0.0879796519875526,0.0670850574970245,0.0393484942615032,0.0580488853156567,0.0429686456918716,0.0504489913582802,0.0175179615616798,-0.0166240520775318,0.0818666890263557,-0.0411179848015308,-0.0123098343610764,0.0732251852750778,0.121540956199169,-0.0146499639376998,0.107051014900208,0.00496899336576462,0.0175845641642809,0.00240781856700778,-0.0226287934929132,-0.00069813837762922,-0.0106461746618152,0.0280800610780716,-0.0113720735535026,0.0308962147682905,0.02003906480968,-0.00823267363011837,-0.0298421289771795,-0.00484248762950301,0.0705729722976685,0.0793151557445526,-0.0336621440947056,0.0580956116318703,0.073023684322834,0.0665732696652412,0.0912665501236916,0.0871527642011642,0.0503260679543018,0.0722217336297035,0.067294217646122,0.0945678278803825,0.00580687634646893,-0.0123214209452271,0.11914200335741,-0.0266972724348307,-0.0265049375593662,0.0640002563595772,0.135507553815842
-0.00107538374140859,-0.00384534220211208,0.0314950793981552,0.00812561251223087,-0.00462638819590211,0.435034573078156,0.173280119895935,0.034701980650425,0.0713423192501068,0.0499290451407433,-0.0119466502219439,0.0260492321103811,0.00826146174222231,-0.00901883002370596,0,0.213275626301765,0.0415500551462173,0.0681455284357071,0.0535177811980247,0.0404357463121414,0.135029420256615,0.0846003443002701,0.108588188886642,0.229599058628082,0.227478086948395,0.12977609038353,0.324061810970306,0.120920076966286,0.0946939587593079,0.102360278367996,0.306838989257812,0.179339051246643,0.273782014846802,0.0726893544197083,-0.0363940559327602,-0.00568354595452547,-0.0426969975233078,0.0678974241018295,0.0759959369897842,0.0833847299218178,0.0577922165393829,0.259838134050369,0.239128157496452,-0.0197651479393244,0.164163887500763,0.0729850307106972,0.214329704642296,-0.0835367441177368,0.0448990538716316,0.13198421895504,0.0987248793244362,0.0831135585904121,0.0405672714114189,0.042417723685503,0.0591273494064808,0.0732529535889626,0.102278120815754,0.22423954308033,0.157617673277855,0.132563099265099,0.301275372505188,0.10797006636858,0.0609522052109241,0.0957226604223251,0.268680274486542,0.160097613930702,0.276055961847305,0.0616521798074245,-0.0807404816150665,-0.0439144819974899,-0.0680438429117203,0.0565741248428822,0.103484779596329,0.0635230019688606,0.0505806915462017,0.247610986232758,0.176249608397484,-0.0618447922170162,0.10516569763422,0.0633141994476318,0.206976443529129,-0.0818885564804077,0.0339474901556969,0.141799092292786,0.100366294384003,0.0792145505547523
-0.0962616354227066,-0.0956358686089516,-0.0307253152132034,-0.01438092533499,-0.0278753638267517,0.167669638991356,0.25067549943924,0.00338034820742905,-0.0203564632683992,-0.0536263696849346,-0.108483947813511,-0.0305048357695341,-0.00712673412635922,-0.0273312423378229,0.213275626301765,0,0.0167651940137148,-0.00579146528616548,0.117062695324421,-0.031621728092432,0.0420234762132168,0.0255776979029179,0.0724412500858307,0.167814373970032,0.0462678223848343,0.116723276674747,-0.00300680031068623,0.0217608101665974,0.018107732757926,0.0307870358228683,0.13664548099041,0.126680925488472,0.0950936675071716,0.0183993596583605,0.00740638142451644,0.0422584861516953,0.0474722348153591,-0.0491163618862629,0.0401035696268082,-0.10484878718853,0.070135734975338,-0.024594621732831,0.00838920567184687,-0.109047576785088,0.0455101579427719,0.0306634642183781,0.204202145338058,-0.0654444620013237,0.0415910184383392,0.107052870094776,0.0160661861300468,0.0286241583526134,0.105762615799904,-0.0348557904362679,-0.0228651557117701,0.0139588648453355,0.0397656820714474,0.176186367869377,-0.00761810410767794,0.115995086729527,-0.0236318651586771,0.0183211173862219,0.00116852612700313,0.0263822097331285,0.100355513393879,0.0917215347290039,0.0999737158417702,0.0219851657748222,-0.019016932696104,-0.0104525154456496,0.0127443438395858,-0.0599201545119286,0.0567286424338818,-0.12420416623354,0.0739948451519012,-0.0439742468297482,-0.0249689873307943,-0.14114610850811,-0.00772322714328766,0.0383095033466816,0.211078628897667,-0.0851965919137001,0.0263592395931482,0.133724078536034,0.00473182555288076,0.0252706687897444
0.0403940938413143,0.0550420172512531,0.117168858647346,0.095335565507412,0.0228832010179758,0.0398041717708111,-0.0109770121052861,0.108297243714333,0.0517189800739288,0.0310168918222189,0.0942579060792923,0.144691661000252,0.116922408342361,0.00633802823722363,0.0415500551462173,0.0167651940137148,0,0.0687433034181595,-0.0228981301188469,0.0910361409187317,-0.0499215088784695,0.030211528763175,0.0159309152513742,-0.00467101531103253,-0.0191605631262064,-0.0363583490252495,0.0788473859429359,0.0302879940718412,0.0170404780656099,0.0321963354945183,0.0567649304866791,-0.0667250752449036,0.0101041356101632,0.0326666980981827,-0.0210423730313778,-0.078745499253273,-0.0612386763095856,0.0462219156324863,0.00777123542502522,0.0642783939838409,-0.00339935440570116,0.0715832784771919,0.123821474611759,-0.0139313796535134,0.0192704033106565,0.00374959805049002,0.0135297011584044,-0.0278385169804096,-0.0140251480042934,-0.013430186547339,0.0413642786443233,0.0613260194659233,-0.0122811710461974,0.0766538381576538,-0.0376342423260212,0.0312426071614027,0.00755090638995171,0.0177935138344765,-0.0218224208801985,-0.0152457999065518,0.0687403827905655,0.0266973543912172,0.0244658328592777,0.0211785063147545,0.0490781851112843,-0.0379791893064976,0.0234696604311466,0.0372444726526737,-0.0113038048148155,-0.10326461493969,-0.0252805575728416,0.0499899871647358,-0.00186812004540116,0.0717467665672302,0.00234901183284819,0.0724908486008644,0.115472532808781,0.0151979578658938,0.0164144672453403,0.0043059540912509,0.0234484113752842,0.0185130387544632,-0.0162326768040657,-0.00246777152642608,0.0477847792208195,0.0708012357354164
0.261257767677307,0.210490629076958,0.152633473277092,0.147723600268364,0.0611661300063133,0.0696485638618469,-0.031198151409626,0.0659715235233307,0.197799533605576,0.228908509016037,0.251430422067642,0.153715252876282,0.15786874294281,0.0937241241335869,0.0681455284357071,-0.00579146528616548,0.0687433034181595,0,-0.058913916349411,0.163896724581718,0.0369344130158424,0.052470188587904,0.0399167090654373,0.0121040986850858,0.0597441904246807,0.031509030610323,0.119553133845329,0.0237558223307133,0.0898629352450371,0.0913138315081596,0.0150874750688672,-0.0278426073491573,0.0701338425278664,0.0975793525576591,0.0265182051807642,-0.0513243228197098,-0.0051291729323566,0.162542551755905,0.0806373357772827,0.183518126606941,0.0658993571996689,0.154562085866928,0.132348835468292,0.11416544765234,0.0805873870849609,0.0614262297749519,0.010380869731307,0.133848786354065,-0.0357509925961494,0.0274583287537098,0.164791032671928,0.189263358712196,-0.00693002436310053,0.180149734020233,0.102524042129517,0.063767246901989,0.0257468186318874,0.0102071221917868,0.109857849776745,0.0403925217688084,0.148564144968987,0.0266424790024757,0.115928202867508,0.0799011662602425,0.0659399926662445,0.0199688132852316,0.0575727336108685,0.115348950028419,0.116955950856209,0.0128576597198844,0.0833622738718987,0.179831624031067,0.07488664239645,0.199907675385475,0.0865896344184875,0.191587954759598,0.140299364924431,0.149624273180962,0.164664015173912,0.0547427348792553,0.0245923325419426,0.171599820256233,0.00146796542685479,0.00104017334524542,0.13557243347168,0.21254688501358
-0.156255319714546,-0.107829406857491,-0.0301636457443237,-0.0502191260457039,-0.0149633716791868,0.0714609771966934,0.154180809855461,-0.0344139896333218,-0.045524001121521,-0.070140466094017,-0.18810111284256,-0.0711808502674103,-0.0545801594853401,-0.0229631010442972,0.0535177811980247,0.117062695324421,-0.0228981301188469,-0.058913916349411,0,-0.0369416587054729,0.225914642214775,0.0375167168676853,0.0425260104238987,0.263098388910294,0.199857249855995,0.271229028701782,-0.161886170506477,0.0794090405106544,0.0778275653719902,0.0689282268285751,0.0210938081145287,0.567362427711487,0.00483915396034718,-0.0145743824541569,0.498278766870499,0.219939783215523,0.551359534263611,-0.0366478934884071,0.0685756206512451,-0.100544646382332,0.171893939375877,-0.0633287280797958,-0.133739411830902,0.010122618637979,0.195693209767342,0.0850134566426277,0.730407536029816,0.243547365069389,0.118780016899109,0.15838497877121,0.169108122587204,0.129225075244904,0.65732216835022,-0.0446333698928356,0.0393556952476501,0.0200904328376055,0.0209186989814043,0.217918321490288,0.0240791644901037,0.188222587108612,-0.200516328215599,0.0826227813959122,0.0150865921750665,0.0616588927805424,-0.0544893704354763,0.329770117998123,0.0243851523846388,0.00224624946713448,0.228498607873917,0.159696325659752,0.267677038908005,-0.0726548284292221,0.110053278505802,-0.165500864386559,0.129523739218712,-0.135423421859741,-0.115903630852699,-0.100134253501892,0.0370458513498306,0.0575187131762505,0.61391806602478,0.0484130308032036,0.062567874789238,0.165136948227882,0.170301750302315,0.0941080003976822
0.231003478169441,0.255904138088226,0.20120407640934,0.295570701360703,0.106168642640114,0.0452783703804016,-0.0382308922708035,0.0931074693799019,0.163463488221169,0.226410448551178,0.286211520433426,0.206883862614632,0.270442992448807,0.13219527900219,0.0404357463121414,-0.031621728092432,0.0910361409187317,0.163896724581718,-0.0369416587054729,0,-0.112655811011791,0.175908654928207,0.0520265363156796,0.0248403158038855,-0.112639211118221,-0.0186762735247612,0.0134098473936319,0.0342485830187798,0.208517163991928,0.197222456336021,-0.0885181203484535,-0.274430483579636,0.0114790918305516,0.400000810623169,0.199261292815208,-0.219661191105843,0.0102479746565223,0.286276012659073,0.332715719938278,0.415168285369873,0.401417940855026,0.0972707867622375,0.282022505998611,0.254982829093933,0.320537596940994,0.271819472312927,0.0503467991948128,0.373888254165649,-0.129567503929138,-0.0433135665953159,0.288100093603134,0.562811672687531,0.0305361840873957,0.584070324897766,-0.0997317433357239,0.190679535269737,0.00871093664318323,0.0111317224800587,-0.101024694740772,0.00814602617174387,0.0627345442771912,0.0420218594372272,0.18595115840435,0.169761061668396,-0.0348009169101715,-0.238105848431587,0.0301928222179413,0.375526458024979,0.30069762468338,-0.240360766649246,0.121205016970634,0.287340611219406,0.286582261323929,0.44121527671814,0.399843156337738,0.167727187275887,0.280336856842041,0.2433912307024,0.299281448125839,0.224171236157417,0.056123360991478,0.468052208423615,-0.156094491481781,-0.081491656601429,0.240184441208839,0.555684089660645
0.0620185732841492,0.0437077209353447,0.118672862648964,-0.0302296746522188,0.000612851174082607,0.149015232920647,0.04704649746418,-0.0597122050821781,0.00755607103928924,0.264534622430801,-0.0184769425541162,0.0637464970350266,-0.0375231131911278,-0.0392707921564579,0.135029420256615,0.0420234762132168,-0.0499215088784695,0.0369344130158424,0.225914642214775,-0.112655811011791,0,-0.141032859683037,0.0670486837625504,0.184974506497383,0.719921469688416,0.56629353761673,0.199853613972664,-0.0647615343332291,0.275248110294342,-0.0896265953779221,0.109961919486523,0.479959815740585,0.163972243666649,-0.08889140188694,0.545232832431793,0.465097993612289,0.536819338798523,-0.122907333076,-0.0151999732479453,0.10985141992569,0.122652597725391,0.316596448421478,-0.0453845039010048,0.702586650848389,0.405901789665222,0.386353135108948,0.0611354224383831,0.454193145036697,0.0265559144318104,0.00915753748267889,-0.0172861739993095,-0.0431325361132622,0.0287841074168682,-0.116354867815971,0.656122326850891,-0.193689912557602,0.0608230642974377,0.103430733084679,0.526498734951019,0.303337156772614,0.065960980951786,-0.0313863977789879,0.0935498997569084,-0.0866565555334091,0.052737720310688,0.307101368904114,0.119087651371956,-0.0776449292898178,0.250762611627579,0.365932673215866,0.197567835450172,-0.129921078681946,-0.00233133463189006,-0.0128383981063962,0.0476565025746822,0.159641474485397,-0.117530077695847,0.283509790897369,0.0893586948513985,0.163204059004784,0.0453097708523273,0.0849292129278183,0.0692269131541252,0.0187992919236422,-0.00492179114371538,-0.0997418016195297
-0.0251590069383383,0.0905001536011696,0.00307236751541495,0.0358819477260113,0.00295994733460248,0.0998740270733833,0.0273035410791636,0.024748157709837,0.0679057985544205,0.00423459336161613,0.0720839649438858,-0.0238820463418961,0.0334427542984486,0.0163009557873011,0.0846003443002701,0.0255776979029179,0.030211528763175,0.052470188587904,0.0375167168676853,0.175908654928207,-0.141032859683037,0,0.0188064221292734,0.318508893251419,0.0445201881229877,-0.142297059297562,0.129971832036972,0.253266572952271,0.0414418838918209,0.915857195854187,0.0123883243650198,-0.150358825922012,0.154399916529655,0.36725640296936,-0.0641867816448212,-0.178271159529686,-0.130942329764366,0.874395072460175,0.315997004508972,0.0879338160157204,0.295951277017593,0.282325565814972,0.0784368366003036,-0.0237199384719133,0.091311514377594,0.632579326629639,0.18527714908123,0.0307538826018572,-0.0340380519628525,0.0133157921954989,0.209561109542847,0.241951927542686,0.0834101960062981,0.164377480745316,-0.237502247095108,0.972409605979919,0.00424026278778911,0.365692913532257,-0.0657723769545555,-0.0817932859063148,0.160551160573959,0.318735718727112,-0.00765606248751283,0.905343115329742,-0.00745214521884918,-0.186292693018913,0.16299232840538,0.340750962495804,-0.0910953357815742,-0.246573448181152,-0.1417475938797,0.837053537368774,0.363864004611969,0.0843082666397095,0.312645882368088,0.311330139636993,0.088784746825695,-0.0836655125021935,0.00798850879073143,0.579622983932495,0.170346692204475,0.0689681321382523,-0.0717664584517479,0.0139036644250154,0.176907271146774,0.219600185751915
0.0232291370630264,0.0189955420792103,0.0108080171048641,0.0101279802620411,0.0103096729144454,0.13340450823307,0.0748414099216461,-0.000185032375156879,0.0175831113010645,0.0493651926517487,0.0161049365997314,-0.00733998185023665,0.0150143895298243,0.0108262877911329,0.108588188886642,0.0724412500858307,0.0159309152513742,0.0399167090654373,0.0425260104238987,0.0520265363156796,0.0670486837625504,0.0188064221292734,0,0.158474534749985,0.11128431558609,0.140235736966133,0.0592427402734756,0.033640880137682,0.0953261256217957,0.0423994287848473,0.0923164337873459,0.107712849974632,0.0979173704981804,0.0313740335404873,0.0638565868139267,0.0398935452103615,0.0677421241998672,0.0252105537801981,0.0471023581922054,0.0422590114176273,0.056113563477993,0.0459563210606575,0.0601771473884583,0.0417813807725906,0.07103580981493,0.0865998789668083,0.108517192304134,0.0618961118161678,0.0315816327929497,0.103579021990299,0.050642903894186,0.100717559456825,0.0208356361836195,0.0231864433735609,0.037017859518528,0.00709202419966459,0.0517242550849915,0.129123702645302,0.0750937238335609,0.113410651683807,0.0587474144995213,0.0231790859252214,0.0599434785544872,0.0408447347581387,0.0844627693295479,0.0746269524097443,0.0816501677036285,0.00928215123713017,0.0530994310975075,0.0157830119132996,0.0408386513590813,0.0158209353685379,0.0367936976253986,0.03288783878088,0.0474817119538784,0.0602861456573009,0.0328444316983223,-0.00414979830384254,0.0483740158379078,0.0723505169153214,0.0795754641294479,0.035435825586319,0.0185073409229517,0.0512549467384815,0.0283160749822855,0.0890165269374847
-0.0580414198338985,-0.0533142127096653,-0.038446918129921,-0.022156985476613,-0.0114672770723701,0.2218007594347,0.178897336125374,-0.00848790723830462,0.00413844967260957,-0.0815656706690788,-0.0709975436329842,-0.0555872730910778,-0.0261924900114536,-0.0211950875818729,0.229599058628082,0.167814373970032,-0.00467101531103253,0.0121040986850858,0.263098388910294,0.0248403158038855,0.184974506497383,0.318508893251419,0.158474534749985,0,0.320678740739822,0.348265588283539,0.0797138139605522,0.537142634391785,0.10579501837492,0.508415937423706,0.175340861082077,0.204897820949554,0.330293565988541,0.099888414144516,0.134600549936295,0.045804500579834,0.101216576993465,0.280014902353287,0.0978874117136002,-0.0500920638442039,0.146821156144142,0.105120897293091,0.0445293560624123,-0.0156671032309532,0.0984607115387917,0.491472542285919,0.346385180950165,0.0165878813713789,0.0667809322476387,0.149881333112717,0.122557625174522,0.143457099795341,0.251060128211975,0.0438992418348789,0.0542260073125362,0.28947439789772,0.105498999357224,0.807712316513062,0.193027421832085,0.35021635890007,0.07786525785923,0.497808575630188,0.0790473744273186,0.506779670715332,0.139532133936882,0.195557147264481,0.345505744218826,0.109777003526688,0.115441583096981,-0.0184348672628403,0.136279433965683,0.203551724553108,0.14880596101284,-0.0373562052845955,0.180503904819489,0.148752480745316,0.0417456887662411,-0.0666094347834587,0.0614727437496185,0.487915545701981,0.280368477106094,-0.000582531036343426,0.0439946055412292,0.138837352395058,0.0945664718747139,0.105070933699608
