0 0.3689 0.27026 0.28291 0.077837 -0.0089499 -0.10218 0.069005 0.22508 0.72895 0.45098 0.3628 0.29846 0.10481 -0.0097384 -0.10008 0.050234 0.27844 -0.16105 0.23261 0.078793 -0.0029629 0.022053 -0.089092 0.066114 0.13644 0.10422 -0.045782 0.22046 0.001632 -0.14029 -0.10412 0.0099833 0.084658 0.1173 -0.012124 0.051024 0.12107 -0.008812 0.36254 0.049992 0.20869 0.10992 0.3631 0.072478 0.097945 -0.16645 0.34003 -0.095929 -0.057203 0.060175 0.21776 -0.070262 0.27852 0.39824 -0.0089321 0.040096 -0.1274 0.32831 0.21432 0.19172 -0.039289 0.34029 -0.041909 -0.027988 0.096833 0.014604 0.0976 0.37784 0.22739 0.29628 0.12937 0.0018313 0.43275 0.13792 0.30817 0.18229 0.56881 0.38643 0.1198 -0.13247 0.50078 0.0027086 -0.081022 0.060841 0.27408
0.3689 0 0.27438 0.30384 0.12285 -0.0019233 -0.095947 0.080769 0.24059 0.37743 0.53437 0.29758 0.28488 0.10392 -0.015876 -0.11763 0.068175 0.23695 -0.11299 0.27737 0.049473 0.090335 0.020588 -0.09554 0.047926 0.038694 0.1461 0.061549 0.1697 0.11901 -0.036555 -0.10479 0.0040413 0.13236 0.13872 -0.0398 0.029597 0.24566 0.072236 0.35466 0.082184 0.20565 0.17336 0.23584 0.18597 0.073684 -0.12339 0.238 -0.048719 -0.058962 0.19158 0.28151 -0.13784 0.28105 0.059809 0.081354 0.01719 -0.11793 0.049708 -0.025509 0.13352 0.058729 0.14566 0.073994 -0.014591 -0.10845 -0.022217 0.068448 0.17311 -0.011928 0.081304 0.27766 0.024753 0.33338 0.062633 0.18295 0.16396 0.19803 0.16972 0.01693 -0.14419 0.22575 -0.042587 -0.075866 0.1714 0.26902
0.27026 0.27438 0 0.40758 0.11042 0.03484 -0.023076 0.15601 0.15014 0.2976 0.28769 0.59401 0.39215 0.071813 0.021837 -0.032908 0.13083 0.15349 -0.035918 0.22422 0.10797 0.0098382 0.00208 -0.066806 0.02721 0.051782 0.087446 -0.0073466 0.21157 0.025504 -0.0078652 -0.069381 -0.041605 0.034029 0.23559 0.012716 0.13808 0.093941 -0.024019 0.2302 0.070157 0.097164 0.19421 0.25532 0.20742 0.014826 -0.061821 0.1952 -0.056295 -0.046756 0.10945 0.1927 -0.036946 0.20175 0.090403 -0.009033 0.030305 -0.085592 0.012014 0.013225 0.062723 0.015979 0.17055 -0.013831 -0.0010787 -0.075847 -0.028501 0.015824 0.20112 -0.016647 0.13259 0.1025 -0.041408 0.21455 0.079748 0.065551 0.14903 0.16449 0.15398 -0.023198 -0.061351 0.18593 -0.068993 -0.057894 0.10703 0.19031
0.28291 0.30384 0.40758 0 0.20989 0.013811 -0.0077014 0.12791 0.15032 0.26977 0.3058 0.38722 0.66642 0.1351 0.0044129 -0.017716 0.11157 0.15948 -0.052123 0.32277 -0.028332 0.052903 0.012068 -0.026088 -0.094158 0.022428 0.009024 0.019281 0.17598 0.055654 -0.031112 -0.1575 -0.02262 0.18555 0.20349 -0.07196 0.068817 0.13335 0.1469 0.23562 0.27303 0.052978 0.15347 0.17565 0.19533 0.095556 -0.0047969 0.27349 -0.078003 -0.013179 0.16534 0.36525 -0.029445 0.31996 -0.0015695 0.050812 0.010494 -0.04728 -0.06759 -0.018299 0.017115 0.040015 0.15833 0.032082 -0.022898 -0.14197 0.0031387 0.14883 0.26409 -0.054314 0.13644 0.15195 0.086417 0.27092 0.25443 0.074532 0.15242 0.17612 0.18525 0.072732 -0.030597 0.30835 -0.077323 -0.058088 0.15377 0.36698
0.077837 0.12285 0.11042 0.20989 0 0.0045054 -0.010879 0.022588 0.062758 0.096589 0.10438 0.11498 0.17923 0.042475 -0.0014309 -0.025533 0.030497 0.05921 -0.015776 0.10532 0.0046627 0.012166 0.0114 -0.011793 -0.014491 0.013495 -0.0051431 -0.01127 0.083607 0.017992 -0.01694 -0.032907 -0.0028024 0.018341 0.082838 0.010363 0.054834 0.055564 0.060714 0.098274 0.090363 0.013933 0.064457 0.07629 0.074699 0.0061372 0.01063 0.1136 -0.030127 -0.01331 0.071916 0.15092 -0.011532 0.12235 -0.02176 0.0083119 -0.015956 -0.032028 -0.037217 -0.01316 -0.0044458 -0.00026881 0.066788 -0.00039777 -0.019038 -0.044661 -0.022401 0.026294 0.085311 -0.0072333 0.060794 0.060378 0.046546 0.08152 0.070274 -0.0019255 0.039886 0.04057 0.0505 -0.01515 -0.010906 0.10138 -0.044789 -0.020492 0.052005 0.13936
-0.0089499 -0.0019233 0.03484 0.013811 0.0045054 0 0.18266 0.019345 0.088685 0.044511 -0.0087976 0.023653 0.0007231 -0.021864 0.46224 0.19445 0.047012 0.07066 0.08451 0.049756 0.14483 0.070041 0.14021 0.23447 0.24436 0.13418 0.3446 0.13727 0.081566 0.10551 0.31584 0.2112 0.27953 0.087469 -0.024319 0.014182 -0.010886 0.062136 0.1053 0.09801 0.07182 0.25758 0.24004 -0.0089758 0.16689 0.078696 0.23787 -0.063555 0.056714 0.1603 0.10803 0.094064 0.065476 0.034468 0.009238 0.050782 0.09332 0.2239 0.12732 0.10236 0.29106 0.13688 0.030557 0.096354 0.28531 0.14401 0.23826 0.072491 -0.097305 -0.048469 -0.063955 0.04317 0.11812 0.045952 0.065573 0.21334 0.16514 -0.079335 0.085936 0.049362 0.20468 -0.091368 0.059798 0.1351 0.097459 0.077041
-0.10218 -0.095947 -0.023076 -0.0077014 -0.010879 0.18266 0 -0.0066656 -0.010163 -0.052766 -0.11651 -0.045066 -0.028194 -0.025195 0.19115 0.27337 -0.0029438 -0.034976 0.14907 -0.024369 0.043331 0.0022968 0.079976 0.18295 0.050026 0.13117 -0.0068582 0.070601 0.0044556 0.024215 0.1687 0.15877 0.071293 0.036737 0.023958 0.059239 0.067208 -0.031242 0.076037 -0.11463 0.094644 -0.053987 9.2309e-05 -0.13909 0.061572 0.03003 0.24052 -0.056424 0.04433 0.13492 0.011895 0.03998 0.11964 -0.045138 -0.070271 -0.0061213 0.037375 0.16915 -0.046721 0.079224 -0.037862 0.058089 -0.02445 0.02051 0.093454 0.087698 0.054702 0.043107 -0.053693 -0.029903 -0.019788 -0.050413 0.086692 -0.1291 0.095895 -0.068772 -0.021441 -0.18688 -0.016004 0.033101 0.21071 -0.11249 0.02607 0.11466 0.0012052 0.016772
0.069005 0.080769 0.15601 0.12791 0.022588 0.019345 -0.0066656 0 0.063297 0.053558 0.087088 0.14676 0.1242 0.02006 0.030379 0.010995 0.12112 0.070483 -0.040324 0.1073 -0.056295 0.025004 -0.00031673 -0.014102 -0.0505 -0.025525 0.054723 0.020267 0.026413 0.016917 0.060396 -0.063573 0.016254 0.056682 -0.020455 -0.082271 -0.074013 0.051766 0.022349 0.078003 0.023713 0.046071 0.1281 0.0039436 0.016577 0.0048744 0.012879 0.0079053 -0.0075823 -0.0051378 0.061154 0.093113 -0.018202 0.094887 -0.039356 0.030552 -0.0091411 -0.0041042 -0.024936 -0.0044867 0.072676 0.037991 0.032825 0.0088142 0.06044 -0.045077 0.0099058 0.051095 0.0049005 -0.085452 -0.016013 0.058055 0.015681 0.084834 0.042408 0.060644 0.11348 0.020472 0.030912 0.0065456 0.019552 0.059567 -0.020241 -0.0078325 0.066854 0.10258
0.22508 0.24059 0.15014 0.15032 0.062758 0.088685 -0.010163 0.063297 0 0.23571 0.24767 0.13627 0.1451 0.054032 0.071648 -0.02074 0.05489 0.20705 -0.040746 0.17562 0.016048 0.063859 0.022824 -0.00031819 0.02781 0.0069145 0.13013 0.021016 0.086341 0.093774 0.017543 -0.051976 0.061262 0.098493 0.050565 -0.040703 -0.0012663 0.1742 0.071677 0.20097 0.054442 0.15445 0.13719 0.11412 0.086496 0.031873 0.0056574 0.11604 -0.03308 -0.022076 0.13672 0.18498 -0.031898 0.17769 0.043128 0.052444 0.031113 -0.024581 0.052347 0.012939 0.14167 0.018122 0.10855 0.078622 0.0574 -0.023082 0.03272 0.060854 0.094873 -0.020688 0.053592 0.17821 0.057157 0.18799 0.058143 0.16312 0.14806 0.11294 0.1246 0.0019843 -0.00066163 0.1509 -0.035103 1.5227e-06 0.13093 0.1865
0.72895 0.37743 0.2976 0.26977 0.096589 0.044511 -0.052766 0.053558 0.23571 0 0.35714 0.29933 0.23312 0.099163 0.031353 -0.064145 0.037705 0.24855 -0.076804 0.22752 0.26718 0.0092182 0.043547 -0.14618 0.217 0.20285 0.15796 -0.11972 0.22917 -0.009019 -0.010356 0.04035 0.029165 0.14495 0.2389 0.12699 0.21579 0.13419 0.16387 0.32302 0.2093 0.25498 0.11633 0.45902 0.29281 0.1432 -0.14055 0.36017 -0.013091 -0.0068815 0.054033 0.2004 -0.16916 0.17617 0.14256 -0.0073862 0.018812 -0.16602 0.091928 0.084652 0.10628 -0.073716 0.11647 -0.032749 -0.016511 -0.012071 0.0033128 0.077926 0.14642 0.074984 0.079743 0.14353 0.068712 0.25458 0.1119 0.14646 0.083242 0.23795 0.11931 -0.0034497 -0.12773 0.29071 -0.037306 -0.05929 0.065489 0.17721
0.45098 0.53437 0.28769 0.3058 0.10438 -0.0087976 -0.11651 0.087088 0.24767 0.35714 0 0.35208 0.33271 0.11555 -0.018652 -0.12754 0.10398 0.27197 -0.18966 0.30673 -0.0026567 0.083291 0.018802 -0.099931 0.0045007 -0.021515 0.15036 0.038148 0.15222 0.11108 -0.065539 -0.17953 0.0078453 0.094108 0.06328 -0.10909 -0.037293 0.2533 0.021229 0.36453 0.042317 0.21658 0.1966 0.22108 0.099645 0.051053 -0.16285 0.24019 -0.086388 -0.075971 0.19295 0.27862 -0.1539 0.33302 0.1551 0.090662 0.010516 -0.12989 0.13992 -0.0095193 0.20146 0.025812 0.20714 0.072231 -0.0089662 -0.081811 -0.0019395 0.097178 0.25567 0.020306 0.15681 0.29231 0.0027406 0.41694 0.085334 0.26666 0.21547 0.32101 0.26867 0.039975 -0.15025 0.32403 -0.038652 -0.10477 0.19312 0.31189
0.3628 0.29758 0.59401 0.38722 0.11498 0.023653 -0.045066 0.14676 0.13627 0.29933 0.35208 0 0.41239 0.085945 0.023213 -0.030829 0.15551 0.1538 -0.08726 0.22565 0.055862 -0.0017274 -0.010381 -0.082854 -0.008021 0.02919 0.093583 -0.0062297 0.20313 0.01822 -0.046225 -0.1375 -0.040404 0.02554 0.20119 -0.024392 0.10607 0.10477 -0.01693 0.24977 0.061563 0.089216 0.19261 0.23719 0.13181 0.031421 -0.085782 0.19989 -0.088238 -0.065457 0.10068 0.1973 -0.041933 0.26105 0.16726 -0.028822 0.015335 -0.097024 0.075831 0.040627 0.091587 -0.0041159 0.24544 -0.020837 0.0011081 -0.060307 -0.010915 0.032223 0.2801 0.056894 0.21305 0.11194 -0.066075 0.2801 0.073182 0.12341 0.20363 0.27038 0.22843 -0.00084193 -0.090273 0.24626 -0.06878 -0.061845 0.086062 0.23668
0.29846 0.28488 0.39215 0.66642 0.17923 0.0007231 -0.028194 0.1242 0.1451 0.23312 0.33271 0.41239 0 0.14986 0.0042439 -0.017236 0.134 0.1668 -0.057972 0.30104 -0.033515 0.051702 0.016297 -0.036473 -0.10397 0.013816 -0.010474 0.027903 0.16845 0.053917 -0.067649 -0.16743 -0.025089 0.16146 0.18317 -0.088008 0.054803 0.13357 0.082869 0.23694 0.22692 0.027078 0.13698 0.15852 0.16077 0.082896 -0.027491 0.25887 -0.090986 -0.034614 0.15746 0.33893 -0.0047097 0.3193 0.0016028 0.043005 0.013677 -0.0392 -0.070222 0.014575 -0.0056218 0.040806 0.19536 0.028004 -0.037355 -0.13947 -0.012987 0.14789 0.291 -0.040696 0.17116 0.14487 0.075623 0.2712 0.27774 0.062025 0.14847 0.18765 0.19118 0.073261 -0.0079102 0.31943 -0.097874 -0.055485 0.15073 0.39924
0.10481 0.10392 0.071813 0.1351 0.042475 -0.021864 -0.025195 0.02006 0.054032 0.099163 0.11555 0.085945 0.14986 0 -0.01017 -0.030022 0.014619 0.096751 -0.024012 0.12421 -0.028326 0.019241 0.013123 -0.027734 -0.023508 -0.022744 0.011606 -0.015928 0.040238 0.020739 -0.034805 -0.053389 -0.007675 0.047236 0.028324 -0.03953 -0.0060749 0.057541 0.050427 0.089132 0.061358 0.040821 0.055412 0.043829 0.049314 0.011383 -0.01284 0.085034 -0.040028 -0.013478 0.075739 0.11722 -0.024777 0.10751 -5.029e-05 0.022664 0.0016394 -0.023109 -0.0067108 -0.013122 0.023423 -0.01288 0.029537 0.022134 -0.020895 -0.035605 -0.0071478 0.057942 0.067832 -0.030949 0.041911 0.070236 0.049798 0.086602 0.067925 0.049358 0.071638 0.061957 0.082088 -0.0015718 -0.017153 0.10454 -0.025015 -0.02434 0.063474 0.12953
-0.0097384 -0.015876 0.021837 0.0044129 -0.0014309 0.46224 0.19115 0.030379 0.071648 0.031353 -0.018652 0.023213 0.0042439 -0.01017 0 0.23443 0.047254 0.063126 0.063169 0.04106 0.12516 0.063848 0.12438 0.23739 0.21883 0.11671 0.31586 0.12679 0.079269 0.093501 0.32231 0.18096 0.28144 0.089482 -0.038149 -0.018925 -0.037294 0.04488 0.095572 0.074274 0.072781 0.24121 0.23855 -0.04128 0.15177 0.079394 0.23136 -0.086181 0.046812 0.1485 0.085746 0.095932 0.066965 0.046116 0.046252 0.053676 0.12123 0.23815 0.14687 0.139 0.29885 0.11735 0.060418 0.088501 0.27926 0.16159 0.29075 0.073913 -0.073268 -0.050996 -0.04907 0.036191 0.13268 0.057656 0.071733 0.23407 0.18622 -0.065335 0.10695 0.071373 0.22831 -0.079846 0.048788 0.15462 0.084708 0.093113
-0.10008 -0.11763 -0.032908 -0.017716 -0.025533 0.19445 0.27337 0.010995 -0.02074 -0.064145 -0.12754 -0.030829 -0.017236 -0.030022 0.23443 0 0.025924 -0.012973 0.11492 -0.023825 0.040748 -0.0010382 0.077341 0.18404 0.034009 0.12071 -0.010888 0.035421 0.0041378 0.018019 0.14095 0.12245 0.0958 0.041489 0.0061059 0.028461 0.042394 -0.071045 0.070506 -0.097665 0.10029 -0.043336 0.0072076 -0.11754 0.044052 0.036997 0.2161 -0.056148 0.032781 0.11604 0.0070016 0.041484 0.12236 -0.023309 -0.033077 -0.011579 0.051353 0.19336 -0.023555 0.13054 -0.035813 0.032053 -0.0071689 0.017631 0.10539 0.089961 0.10348 0.046068 -0.024334 -0.024062 0.013366 -0.081122 0.094875 -0.11683 0.10579 -0.051439 -0.024701 -0.14764 -0.0088344 0.042026 0.23176 -0.076798 0.016286 0.14306 0.0020312 0.037557
0.050234 0.068175 0.13083 0.11157 0.030497 0.047012 -0.0029438 0.12112 0.05489 0.037705 0.10398 0.15551 0.134 0.014619 0.047254 0.025924 0 0.071642 -0.028783 0.097871 -0.04913 0.033312 0.01321 -0.0053422 -0.02303 -0.039316 0.084309 0.03384 0.021148 0.034236 0.060894 -0.065148 0.0029418 0.032282 -0.022668 -0.077572 -0.057385 0.045874 0.013284 0.067314 0.0042228 0.070468 0.13353 -0.0070366 0.021136 0.0025596 0.022846 -0.019276 -0.0093694 -0.0067992 0.054442 0.07088 -0.01511 0.086812 -0.047168 0.036722 0.0039718 0.01391 -0.030796 -0.014962 0.069847 0.03389 0.02778 0.025519 0.050163 -0.047774 0.016091 0.040653 -0.012047 -0.10388 -0.03273 0.055878 0.0029586 0.074233 0.0090199 0.069107 0.12728 0.010306 0.0085995 0.0054803 0.024531 0.020505 -0.014168 -0.0050077 0.061204 0.084625
0.27844 0.23695 0.15349 0.15948 0.05921 0.07066 -0.034976 0.070483 0.20705 0.24855 0.27197 0.1538 0.1668 0.096751 0.063126 -0.012973 0.071642 0 -0.044903 0.17147 0.052725 0.062917 0.044912 0.0061723 0.064071 0.029967 0.12908 0.0053751 0.1096 0.094354 0.020641 -0.017594 0.077522 0.086039 0.050527 -0.031857 0.019957 0.17024 0.073681 0.19153 0.065385 0.16928 0.14447 0.12616 0.096013 0.043928 0.027043 0.15133 -0.028842 0.031285 0.18853 0.19355 -0.0096451 0.19088 0.092098 0.068709 0.021067 -0.002526 0.097192 0.024687 0.15344 0.020014 0.11833 0.079781 0.068167 0.012855 0.058607 0.097958 0.11896 0.020524 0.092314 0.18335 0.06984 0.20512 0.078616 0.1949 0.15247 0.14601 0.16183 0.034714 0.024548 0.16923 0.0033945 -0.0067655 0.15676 0.22396
-0.16105 -0.11299 -0.035918 -0.052123 -0.015776 0.08451 0.14907 -0.040324 -0.040746 -0.076804 -0.18966 -0.08726 -0.057972 -0.024012 0.063169 0.11492 -0.028783 -0.044903 0 -0.035333 0.20697 0.0013206 0.03541 0.2735 0.23003 0.28817 -0.11646 0.070477 0.06077 0.044599 0.072978 0.61915 0.014385 -0.027968 0.44849 0.16941 0.50098 -0.070778 0.063316 -0.091442 0.13011 -0.025647 -0.10589 -0.033763 0.1869 0.036247 0.71338 0.18209 0.12547 0.17857 0.16754 0.12664 0.68037 -0.034626 0.037239 -0.013524 0.023389 0.22496 0.055826 0.21586 -0.15414 0.066858 0.0084844 0.042227 -0.018318 0.43533 0.033599 0.0026261 0.19968 0.1692 0.30785 -0.093226 0.11278 -0.15527 0.092547 -0.082202 -0.089629 -0.08725 0.083952 0.012305 0.61316 0.04564 0.087423 0.18801 0.18901 0.10147
0.23261 0.27737 0.22422 0.32277 0.10532 0.049756 -0.024369 0.1073 0.17562 0.22752 0.30673 0.22565 0.30104 0.12421 0.04106 -0.023825 0.097871 0.17147 -0.035333 0 -0.08171 0.1692 0.057492 0.030284 -0.12694 0.001441 0.020758 0.035675 0.25053 0.1767 -0.069297 -0.26356 0.023074 0.36948 0.23354 -0.17015 0.024648 0.25864 0.28171 0.43839 0.37317 0.12455 0.30465 0.25575 0.35468 0.23495 0.08289 0.41471 -0.13125 -0.028005 0.31554 0.56622 0.029143 0.59998 -0.11059 0.17816 0.016393 0.0075141 -0.13995 -0.0071444 0.057358 0.056058 0.20367 0.14847 -0.029502 -0.23336 0.028229 0.34542 0.29724 -0.20683 0.10302 0.26042 0.23726 0.44754 0.36378 0.1653 0.31144 0.21883 0.28668 0.18708 0.070261 0.44591 -0.16436 -0.074329 0.26359 0.55595
0.078793 0.049473 0.10797 -0.028332 0.0046627 0.14483 0.043331 -0.056295 0.016048 0.26718 -0.0026567 0.055862 -0.033515 -0.028326 0.12516 0.040748 -0.04913 0.052725 0.20697 -0.08171 0 -0.15261 0.064429 0.16695 0.72082 0.5449 0.20847 -0.070653 0.28661 -0.099931 0.11036 0.46445 0.16483 -0.086932 0.5492 0.45047 0.55482 -0.10751 -0.031682 0.12717 0.13698 0.32902 -0.0031173 0.67502 0.39166 0.31967 0.056255 0.40889 0.038287 0.012064 0.0044922 -0.0077282 0.023513 -0.084621 0.67048 -0.2034 0.063174 0.090226 0.54178 0.28694 0.094055 -0.037623 0.1204 -0.097087 0.070737 0.30672 0.12579 -0.076916 0.33038 0.35178 0.29619 -0.099936 -0.0078161 0.016733 0.052832 0.19603 -0.075409 0.31254 0.16381 0.13435 0.045725 0.13315 0.094345 0.015535 0.016957 -0.034494
-0.0029629 0.090335 0.0098382 0.052903 0.012166 0.070041 0.0022968 0.025004 0.063859 0.0092182 0.083291 -0.0017274 0.051702 0.019241 0.063848 -0.0010382 0.033312 0.062917 0.0013206 0.1692 -0.15261 0 0.010941 0.32426 0.0086224 -0.14841 0.13313 0.22242 0.034292 0.92697 -0.0025695 -0.17356 0.19483 0.32619 -0.08319 -0.18055 -0.15335 0.89136 0.26968 0.081956 0.23347 0.31402 0.073979 -0.027587 0.045292 0.6888 0.12874 0.01885 -0.040186 0.0042871 0.18706 0.22729 0.082065 0.18492 -0.24587 0.97751 -0.0078331 0.36755 -0.074184 -0.062771 0.18362 0.2623 -0.0080207 0.91824 -0.012948 -0.19561 0.19782 0.30408 -0.091553 -0.23713 -0.14549 0.85132 0.30763 0.086066 0.26712 0.35922 0.089941 -0.071113 -0.016417 0.61785 0.12119 0.062716 -0.10125 -0.0012874 0.16052 0.20715
0.022053 0.020588 0.00208 0.012068 0.0114 0.14021 0.079976 -0.00031673 0.022824 0.043547 0.018802 -0.010381 0.016297 0.013123 0.12438 0.077341 0.01321 0.044912 0.03541 0.057492 0.064429 0.010941 0 0.16703 0.11231 0.13792 0.06179 0.044442 0.097771 0.038302 0.09914 0.10076 0.11096 0.032471 0.063542 0.04078 0.065915 0.019834 0.050428 0.051695 0.059595 0.045869 0.071031 0.037017 0.074647 0.081473 0.11665 0.059241 0.034684 0.10951 0.05701 0.10984 0.03037 0.028318 0.042605 9.2284e-05 0.062327 0.13713 0.080782 0.12235 0.064061 0.029941 0.072108 0.036929 0.090972 0.078584 0.090423 0.0051376 0.059633 0.023186 0.054516 0.011206 0.044488 0.03277 0.048291 0.064022 0.044586 0.0023889 0.059373 0.068777 0.084441 0.039745 0.026399 0.06014 0.033519 0.098316
-0.089092 -0.09554 -0.066806 -0.026088 -0.011793 0.23447 0.18295 -0.014102 -0.00031819 -0.14618 -0.099931 -0.082854 -0.036473 -0.027734 0.23739 0.18404 -0.0053422 0.0061723 0.2735 0.030284 0.16695 0.32426 0.16703 0 0.28754 0.3667 0.072397 0.57603 0.081889 0.53424 0.17929 0.1883 0.35957 0.087917 0.11688 0.012058 0.085668 0.27178 0.11586 -0.063249 0.14777 0.083027 0.034897 -0.035405 0.054121 0.5136 0.36135 -0.00064834 0.058289 0.16372 0.11546 0.15598 0.30831 0.046547 0.036392 0.30014 0.12014 0.84222 0.17797 0.39679 0.075306 0.53385 0.074566 0.53992 0.15597 0.20169 0.37823 0.099746 0.11047 -0.033502 0.14015 0.20962 0.16111 -0.043205 0.17405 0.15887 0.042729 -0.059228 0.038763 0.50681 0.30513 -0.0042271 0.038085 0.15245 0.093188 0.12367
0.066114 0.047926 0.02721 -0.094158 -0.014491 0.24436 0.050026 -0.0505 0.02781 0.217 0.0045007 -0.008021 -0.10397 -0.023508 0.21883 0.034009 -0.02303 0.064071 0.23003 -0.12694 0.72082 0.0086224 0.11231 0.28754 0 0.5062 0.54794 0.073768 0.18475 0.066992 0.33093 0.62067 0.4062 -0.097892 0.26417 0.36276 0.32052 0.0076029 -0.085813 0.18583 -0.10458 0.67109 0.143 0.51305 0.35472 0.26473 0.091421 0.16415 0.18148 0.10527 0.0031388 -0.082585 0.073853 -0.14853 0.53455 -0.067296 0.070814 0.20287 0.75272 0.31559 0.43968 0.06497 0.074197 0.063448 0.27942 0.54694 0.33447 -0.095325 0.12072 0.26307 0.17708 -0.0061214 -0.061191 0.050025 -0.13732 0.51072 0.063468 0.213 0.20121 0.097218 0.066491 -0.018625 0.23986 0.13227 0.015576 -0.10401
0.13644 0.038694 0.051782 0.022428 0.013495 0.13418 0.13117 -0.025525 0.0069145 0.20285 -0.021515 0.02919 0.013816 -0.022744 0.11671 0.12071 -0.039316 0.029967 0.28817 0.001441 0.5449 -0.14841 0.13792 0.3667 0.5062 0 -0.022251 0.107 0.26748 -0.075606 0.081006 0.44425 0.11661 -0.054199 0.44728 0.39031 0.48677 -0.12651 -0.0085174 0.028506 0.1381 -0.043855 -0.062683 0.36738 0.21191 0.35159 0.1908 0.42227 0.03621 0.13007 0.00045137 0.11884 0.17371 -0.0022113 0.32941 -0.16863 0.10423 0.29517 0.31792 0.594 -0.1232 0.078845 0.16389 -0.069541 0.0030963 0.31781 0.058611 -0.0653 0.30552 0.27818 0.3562 -0.14199 -0.01329 -0.0042382 0.074976 -0.065243 -0.099865 0.13528 0.060255 0.25799 0.14321 0.22972 0.054361 0.10326 0.0087034 0.069774
0.10422 0.1461 0.087446 0.009024 -0.0051431 0.3446 -0.0068582 0.054723 0.13013 0.15796 0.15036 0.093583 -0.010474 0.011606 0.31586 -0.010888 0.084309 0.12908 -0.11646 0.020758 0.20847 0.13313 0.06179 0.072397 0.54794 -0.022251 0 0.036741 0.0411 0.1404 0.50967 0.22892 0.39511 0.084664 -0.20638 -0.053409 -0.20314 0.18294 0.065531 0.38718 -0.11655 0.79525 0.47573 0.097771 0.25278 -0.023566 0.035503 -0.16636 0.14836 0.059549 0.14995 -0.01753 -0.1287 0.013333 0.084348 0.088467 0.049069 0.047151 0.35104 -0.054826 0.77237 0.056849 -0.020417 0.12661 0.46262 0.21117 0.31526 0.055183 -0.28175 -0.12935 -0.20433 0.20708 0.086464 0.26422 -0.11195 0.69604 0.35826 -0.0057366 0.17825 -0.10552 0.036487 -0.18409 0.12592 0.056635 0.11616 -0.022863
-0.045782 0.061549 -0.0073466 0.019281 -0.01127 0.13727 0.070601 0.020267 0.021016 -0.11972 0.038148 -0.0062297 0.027903 -0.015928 0.12679 0.035421 0.03384 0.0053751 0.070477 0.035675 -0.070653 0.22242 0.044442 0.57603 0.073768 0.107 0.036741 0 0.051006 0.43488 0.1349 0.022226 0.08357 0.031212 -0.012116 -0.012826 -0.013828 0.31157 0.01382 0.020863 0.031762 -0.029685 0.088364 -0.10082 -0.021665 0.31347 0.16676 -0.12236 0.020869 0.069497 0.11318 0.11031 0.15134 0.060816 -0.10717 0.24117 0.029171 0.58646 -0.001889 0.18395 0.019068 0.95364 0.080627 0.37717 0.10122 0.05511 0.09716 0.037591 0.032218 -0.036245 0.048367 0.32677 0.090668 0.010142 0.088722 0.00012663 0.082137 -0.091204 -0.027936 0.35027 0.13903 -0.037052 0.010849 0.060048 0.10447 0.11034
0.22046 0.1697 0.21157 0.17598 0.083607 0.081566 0.0044556 0.026413 0.086341 0.22917 0.15222 0.20313 0.16845 0.040238 0.079269 0.0041378 0.021148 0.1096 0.06077 0.25053 0.28661 0.034292 0.097771 0.081889 0.18475 0.26748 0.0411 0.051006 0 0.042138 0.026998 0.057425 0.053907 0.06386 0.46479 0.31948 0.49852 0.096344 0.015421 0.29893 0.12907 0.10549 0.22602 0.495 0.31517 0.18356 0.080526 0.42732 -0.062516 0.047219 0.16837 0.35923 0.07055 0.24441 0.24506 0.019189 0.054818 0.044349 0.16034 0.16324 -0.0080626 0.042003 0.4419 0.028743 0.042801 0.044013 0.017502 0.032733 0.41738 0.25691 0.46331 0.093325 0.015618 0.23232 0.11212 0.08832 0.18896 0.32175 0.23854 0.085895 0.06442 0.32875 -0.010084 -0.0091779 0.14684 0.35909
0.001632 0.11901 0.025504 0.055654 0.017992 0.10551 0.024215 0.016917 0.093774 -0.009019 0.11108 0.01822 0.053917 0.020739 0.093501 0.018019 0.034236 0.094354 0.044599 0.1767 -0.099931 0.92697 0.038302 0.53424 0.066992 -0.075606 0.1404 0.43488 0.042138 0 0.037041 -0.14371 0.26776 0.32102 -0.058403 -0.16236 -0.097023 0.92423 0.29605 0.09637 0.22623 0.27559 0.089028 -0.033476 0.029151 0.69388 0.17868 0.043324 -0.018144 0.010343 0.25372 0.26054 0.087901 0.18107 -0.18304 0.91328 0.0046091 0.54767 -0.00715 0.025363 0.1875 0.46086 0.026072 0.93745 0.017539 -0.13836 0.27937 0.29151 -0.023501 -0.20012 -0.070231 0.89175 0.33175 0.10896 0.26969 0.34465 0.10015 -0.059553 -0.0086272 0.64424 0.15663 0.11867 -0.071669 -0.0014478 0.22191 0.24198
-0.14029 -0.036555 -0.0078652 -0.031112 -0.01694 0.31584 0.1687 0.060396 0.017543 -0.010356 -0.065539 -0.046225 -0.067649 -0.034805 0.32231 0.14095 0.060894 0.020641 0.072978 -0.069297 0.11036 -0.0025695 0.09914 0.17929 0.33093 0.081006 0.50967 0.1349 0.026998 0.037041 0 0.38538 0.27398 0.016893 -0.16068 0.05593 -0.073085 0.0045092 0.051928 -0.015212 -0.051595 0.37893 0.40349 -0.21726 0.25958 -0.087333 0.22478 -0.29933 0.29552 0.19259 0.048709 -0.062427 -0.0057589 -0.1037 -0.14197 -0.0071319 0.050209 0.18218 0.079707 0.038401 0.38638 0.15177 -0.09534 0.029072 0.564 0.25271 0.22156 -0.00076086 -0.33228 -0.11028 -0.22282 0.0011664 0.074691 -0.10636 -0.063797 0.21106 0.24272 -0.35441 0.051072 -0.10551 0.1845 -0.33139 0.22707 0.18636 0.042578 -0.08452
-0.10412 -0.10479 -0.069381 -0.1575 -0.032907 0.2112 0.15877 -0.063573 -0.051976 0.04035 -0.17953 -0.1375 -0.16743 -0.053389 0.18096 0.12245 -0.065148 -0.017594 0.61915 -0.26356 0.46445 -0.17356 0.10076 0.1883 0.62067 0.44425 0.22892 0.022226 0.057425 -0.14371 0.38538 0 0.14225 -0.21756 0.20596 0.50258 0.39155 -0.19842 -0.12803 -0.10264 -0.16308 0.23594 0.022814 0.00074061 0.32763 -0.169 0.39676 0.0091865 0.31107 0.28024 -0.064543 -0.18987 0.29295 -0.27604 0.23365 -0.21522 0.077326 0.12356 0.37174 0.29664 0.090095 0.011349 -0.039227 -0.12506 0.22257 0.77901 0.085607 -0.20283 -0.066108 0.37777 0.13205 -0.223 -0.096816 -0.21894 -0.20987 0.010573 -0.06934 -0.17094 0.12895 -0.19572 0.30118 -0.20093 0.33919 0.29549 -0.039557 -0.19814
0.0099833 0.0040413 -0.041605 -0.02262 -0.0028024 0.27953 0.071293 0.016254 0.061262 0.029165 0.0078453 -0.040404 -0.025089 -0.007675 0.28144 0.0958 0.0029418 0.077522 0.014385 0.023074 0.16483 0.19483 0.11096 0.35957 0.4062 0.11661 0.39511 0.08357 0.053907 0.26776 0.27398 0.14225 0 0.10692 -0.038652 -0.033445 -0.056145 0.17716 0.072008 0.058 -0.0050789 0.44338 0.20951 0.046644 0.12466 0.17081 0.16238 -0.064112 0.056233 0.10623 0.10544 0.056332 0.056245 0.016222 0.10907 0.1574 0.067081 0.3249 0.30005 0.11145 0.3878 0.091322 0.02179 0.26764 0.28063 0.16457 0.47436 0.08127 -0.0575 -0.042004 -0.019422 0.15153 0.064148 0.043813 -0.0018158 0.43227 0.16246 -0.0022277 0.11634 0.11916 0.15245 -0.073189 0.077604 0.10515 0.072797 0.034414
0.084658 0.13236 0.034029 0.18555 0.018341 0.087469 0.036737 0.056682 0.098493 0.14495 0.094108 0.02554 0.16146 0.047236 0.089482 0.041489 0.032282 0.086039 -0.027968 0.36948 -0.086932 0.32619 0.032471 0.087917 -0.097892 -0.054199 0.084664 0.031212 0.06386 0.32102 0.016893 -0.21756 0.10692 0 0.09577 -0.21218 -0.03682 0.3744 0.55082 0.27603 0.62161 0.21084 0.11517 0.087615 0.32328 0.361 0.17394 0.35217 -0.061292 -0.0069079 0.34642 0.47142 0.04953 0.33366 -0.12646 0.2983 0.00089888 0.084178 -0.1127 -0.059497 0.0987 0.024812 0.026038 0.29726 0.0015694 -0.20648 0.14568 0.79265 0.13179 -0.22273 0.011243 0.3437 0.49477 0.32506 0.57463 0.25029 0.091612 0.073862 0.2334 0.29126 0.1829 0.3907 -0.10839 -0.030627 0.30641 0.44665
0.1173 0.13872 0.23559 0.20349 0.082838 -0.024319 0.023958 -0.020455 0.050565 0.2389 0.06328 0.20119 0.18317 0.028324 -0.038149 0.0061059 -0.022668 0.050527 0.44849 0.23354 0.5492 -0.08319 0.063542 0.11688 0.26417 0.44728 -0.20638 -0.012116 0.46479 -0.058403 -0.16068 0.20596 -0.038652 0.09577 0 0.40241 0.82924 -0.014823 0.053802 0.15879 0.35662 -0.047894 -0.075319 0.57877 0.51666 0.2406 0.22726 0.6857 -0.075707 0.012869 0.15982 0.41972 0.25799 0.24148 0.36594 -0.1075 0.031083 0.054219 0.14979 0.20476 -0.27538 -0.0099839 0.32537 -0.058738 -0.1855 0.075476 -0.045313 0.091885 0.71032 0.31899 0.62744 -0.025875 0.059162 0.080333 0.30221 -0.10546 -0.080141 0.27757 0.294 0.14152 0.18972 0.48906 -0.059166 -0.022186 0.1663 0.38955
-0.012124 -0.0398 0.012716 -0.07196 0.010363 0.014182 0.059239 -0.082271 -0.040703 0.12699 -0.10909 -0.024392 -0.088008 -0.03953 -0.018925 0.028461 -0.077572 -0.031857 0.16941 -0.17015 0.45047 -0.18055 0.04078 0.012058 0.36276 0.39031 -0.053409 -0.012826 0.31948 -0.16236 0.05593 0.50258 -0.033445 -0.21218 0.40241 0 0.61992 -0.1361 -0.16855 -0.067547 -0.080878 -0.09287 -0.14988 0.27078 0.19669 -0.080535 -0.034606 0.1726 0.13778 0.059179 -0.064696 -0.078153 -0.03724 -0.18433 0.23783 -0.19013 0.054438 -0.027183 0.14395 0.17103 -0.18881 -0.039001 0.16477 -0.16256 -0.040725 0.21644 -0.046415 -0.19669 0.16746 0.56627 0.30096 -0.14198 -0.13495 -0.16588 -0.11687 -0.26748 -0.22353 -0.044703 -0.051264 -0.13656 -0.051012 -0.02235 0.11178 0.056738 -0.054006 -0.081737
0.051024 0.029597 0.13808 0.068817 0.054834 -0.010886 0.067208 -0.074013 -0.0012663 0.21579 -0.037293 0.10607 0.054803 -0.0060749 -0.037294 0.042394 -0.057385 0.019957 0.50098 0.024648 0.55482 -0.15335 0.065915 0.085668 0.32052 0.48677 -0.20314 -0.013828 0.49852 -0.097023 -0.073085 0.39155 -0.056145 -0.03682 0.82924 0.61992 0 -0.083045 -0.050073 0.0095574 0.20161 -0.16246 -0.16523 0.44545 0.36661 0.12441 0.20952 0.54764 0.020038 0.048785 0.046805 0.21364 0.22842 -0.00077278 0.33655 -0.16585 0.059059 0.021007 0.092966 0.24307 -0.30645 -0.019782 0.31252 -0.10449 -0.13527 0.1584 -0.072539 -0.037348 0.51941 0.50787 0.62836 -0.093948 -0.0099016 -0.084402 0.12482 -0.26511 -0.17728 0.13576 0.079092 0.034993 0.14404 0.26743 -0.026752 0.017781 0.066611 0.19209
0.12107 0.24566 0.093941 0.13335 0.055564 0.062136 -0.031242 0.051766 0.1742 0.13419 0.2533 0.10477 0.13357 0.057541 0.04488 -0.071045 0.045874 0.17024 -0.070778 0.25864 -0.10751 0.89136 0.019834 0.27178 0.0076029 -0.12651 0.18294 0.31157 0.096344 0.92423 0.0045092 -0.19842 0.17716 0.3744 -0.014823 -0.1361 -0.083045 0 0.34384 0.22104 0.26801 0.33045 0.13148 0.029368 0.083568 0.5752 0.05839 0.11485 -0.054677 -0.028306 0.31035 0.32926 -0.041486 0.26817 -0.16186 0.85072 -0.0061438 0.28203 -0.036357 -0.062879 0.21882 0.36752 0.088236 0.8875 0.0029947 -0.19862 0.1736 0.34288 0.015383 -0.1515 -0.046081 0.97312 0.37454 0.22859 0.31906 0.36757 0.15293 0.018397 0.054407 0.51751 0.033784 0.21457 -0.088453 -0.059427 0.27965 0.32134
-0.008812 0.072236 -0.024019 0.1469 0.060714 0.1053 0.076037 0.022349 0.071677 0.16387 0.021229 -0.01693 0.082869 0.050427 0.095572 0.070506 0.013284 0.073681 0.063316 0.28171 -0.031682 0.26968 0.050428 0.11586 -0.085813 -0.0085174 0.065531 0.01382 0.015421 0.29605 0.051928 -0.12803 0.072008 0.55082 0.053802 -0.16855 -0.050073 0.34384 0 0.11555 0.8632 0.11453 0.036235 0.0042239 0.29216 0.4251 0.30915 0.39871 0.0090112 0.055615 0.45798 0.58127 0.10468 0.26404 -0.16141 0.24311 0.005618 0.12397 -0.13963 -0.027583 0.048854 0.0044074 -0.034281 0.27131 0.018083 -0.1654 0.09944 0.50267 0.041915 -0.21492 -0.097294 0.30687 0.89872 0.14612 0.77801 0.13032 0.019222 -0.071648 0.15558 0.32989 0.2968 0.34715 -0.092081 0.0020682 0.38423 0.48595
0.36254 0.35466 0.2302 0.23562 0.098274 0.09801 -0.11463 0.078003 0.20097 0.32302 0.36453 0.24977 0.23694 0.089132 0.074274 -0.097665 0.067314 0.19153 -0.091442 0.43839 0.12717 0.081956 0.051695 -0.063249 0.18583 0.028506 0.38718 0.020863 0.29893 0.09637 -0.015212 -0.10264 0.058 0.27603 0.15879 -0.067547 0.0095574 0.22104 0.11555 0 0.13314 0.52714 0.36415 0.45193 0.33325 0.14763 -0.033485 0.40005 -0.072692 -0.047184 0.24312 0.37658 -0.084108 0.4083 0.15321 0.069065 0.043015 -0.083641 0.19277 0.031169 0.38718 0.029168 0.26797 0.05293 0.079126 -0.046888 0.031078 0.22995 0.21763 -0.063406 0.1273 0.23881 0.094441 0.68335 0.13803 0.48232 0.34123 0.42973 0.33151 0.055127 -0.034009 0.40076 -0.08917 -0.089585 0.2251 0.3929
0.049992 0.082184 0.070157 0.27303 0.090363 0.07182 0.094644 0.023713 0.054442 0.2093 0.042317 0.061563 0.22692 0.061358 0.072781 0.10029 0.0042228 0.065385 0.13011 0.37317 0.13698 0.23347 0.059595 0.14777 -0.10458 0.1381 -0.11655 0.031762 0.12907 0.22623 -0.051595 -0.16308 -0.0050789 0.62161 0.35662 -0.080878 0.20161 0.26801 0.8632 0.13314 0 -0.040533 -0.013743 0.12985 0.48167 0.49063 0.30497 0.58054 -0.049536 0.024227 0.40116 0.62437 0.17032 0.3543 -0.039617 0.20352 0.003494 0.13373 -0.19109 0.03922 -0.13108 0.035223 0.070119 0.21153 -0.085969 -0.21094 0.052438 0.59319 0.33316 -0.16131 0.095135 0.23971 0.80501 0.16406 0.91859 0.019849 -0.02515 0.025402 0.31709 0.42497 0.30248 0.49197 -0.13609 -0.026032 0.33512 0.5525
0.20869 0.20565 0.097164 0.052978 0.013933 0.25758 -0.053987 0.046071 0.15445 0.25498 0.21658 0.089216 0.027078 0.040821 0.24121 -0.043336 0.070468 0.16928 -0.025647 0.12455 0.32902 0.31402 0.045869 0.083027 0.67109 -0.043855 0.79525 -0.029685 0.10549 0.27559 0.37893 0.23594 0.44338 0.21084 -0.047894 -0.09287 -0.16246 0.33045 0.11453 0.52714 -0.040533 0 0.43918 0.33418 0.35423 0.15207 0.06671 0.071132 0.11703 0.04824 0.16925 0.097582 -0.037391 0.11264 0.21568 0.24766 0.036938 0.05653 0.49972 -0.04492 0.76603 0.03752 0.020696 0.26138 0.37652 0.27123 0.37289 0.1627 -0.13284 -0.12638 -0.12561 0.32897 0.10387 0.42064 -0.039282 0.9121 0.37481 0.21637 0.30834 0.01798 0.068488 0.04324 0.14733 0.054411 0.1591 0.086612
0.10992 0.17336 0.19421 0.15347 0.064457 0.24004 9.2309e-05 0.1281 0.13719 0.11633 0.1966 0.19261 0.13698 0.055412 0.23855 0.0072076 0.13353 0.14447 -0.10589 0.30465 -0.0031173 0.073979 0.071031 0.034897 0.143 -0.062683 0.47573 0.088364 0.22602 0.089028 0.40349 0.022814 0.20951 0.11517 -0.075319 -0.14988 -0.16523 0.13148 0.036235 0.36415 -0.013743 0.43918 0 0.088042 0.37563 -0.034272 0.070769 -0.025086 0.045606 0.054001 0.19139 0.20103 -0.087638 0.29103 -0.05491 0.062794 0.045118 0.02117 0.060288 -0.048695 0.43762 0.092505 0.16519 0.068043 0.42825 0.063857 0.15525 0.093232 -0.081858 -0.16755 -0.08243 0.13748 0.028959 0.31061 -0.0057432 0.36756 0.5992 0.054025 0.31898 -0.079169 0.077799 -0.0013483 0.037746 0.047984 0.16636 0.20391
0.3631 0.23584 0.25532 0.17565 0.07629 -0.0089758 -0.13909 0.0039436 0.11412 0.45902 0.22108 0.23719 0.15852 0.043829 -0.04128 -0.11754 -0.0070366 0.12616 -0.033763 0.25575 0.67502 -0.027587 0.037017 -0.035405 0.51305 0.36738 0.097771 -0.10082 0.495 -0.033476 -0.21726 0.00074061 0.046644 0.087615 0.57877 0.27078 0.44545 0.029368 0.0042239 0.45193 0.12985 0.33418 0.088042 0 0.4579 0.32517 -0.11988 0.63561 -0.1219 -0.085442 0.10414 0.26717 -0.025544 0.24075 0.52388 -0.058468 0.027318 -0.065981 0.41982 0.17967 0.032932 -0.074318 0.32162 -0.050638 -0.14053 0.048082 0.0077525 0.077462 0.46972 0.23489 0.31855 0.041201 -0.020386 0.37612 0.094356 0.29139 0.062727 0.69604 0.27526 0.16048 -0.092648 0.46107 -0.09255 -0.13819 0.094746 0.23659
0.072478 0.18597 0.20742 0.19533 0.074699 0.16689 0.061572 0.016577 0.086496 0.29281 0.099645 0.13181 0.16077 0.049314 0.15177 0.044052 0.021136 0.096013 0.1869 0.35468 0.39166 0.045292 0.074647 0.054121 0.35472 0.21191 0.25278 -0.021665 0.31517 0.029151 0.25958 0.32763 0.12466 0.32328 0.51666 0.19669 0.36661 0.083568 0.29216 0.33325 0.48167 0.35423 0.37563 0.4579 0 0.23198 0.15589 0.48756 0.097967 0.068057 0.21597 0.33037 0.030079 0.29148 0.14192 -0.0051986 0.045088 0.011421 0.056098 0.079924 0.11019 -0.0054055 0.095216 0.013124 0.12894 0.1114 0.1015 0.30591 0.2404 -0.0003011 0.14193 0.065574 0.25682 0.20408 0.40247 0.13245 0.225 0.091885 0.56772 0.11164 0.16078 0.26106 0.085477 0.052512 0.19869 0.29953
0.097945 0.073684 0.014826 0.095556 0.0061372 0.078696 0.03003 0.0048744 0.031873 0.1432 0.051053 0.031421 0.082896 0.011383 0.079394 0.036997 0.0025596 0.043928 0.036247 0.23495 0.31967 0.6888 0.081473 0.5136 0.26473 0.35159 -0.023566 0.31347 0.18356 0.69388 -0.087333 -0.169 0.17081 0.361 0.2406 -0.080535 0.12441 0.5752 0.4251 0.14763 0.49063 0.15207 -0.034272 0.32517 0.23198 0 0.080434 0.46944 -0.068187 -0.0047565 0.15746 0.34997 0.090467 0.23346 0.096689 0.65928 0.036527 0.48585 0.10996 0.31513 0.024588 0.26814 0.1123 0.70072 -0.063225 -0.15269 0.17847 0.3289 0.25925 -0.10637 0.1161 0.56405 0.36846 0.17053 0.46339 0.26919 -0.012278 0.16545 0.11465 0.93761 0.053981 0.39053 -0.088483 -0.033734 0.14824 0.30384
-0.16645 -0.12339 -0.061821 -0.0047969 0.01063 0.23787 0.24052 0.012879 0.0056574 -0.14055 -0.16285 -0.085782 -0.027491 -0.01284 0.23136 0.2161 0.022846 0.027043 0.71338 0.08289 0.056255 0.12874 0.11665 0.36135 0.091421 0.1908 0.035503 0.16676 0.080526 0.17868 0.22478 0.39676 0.16238 0.17394 0.22726 -0.034606 0.20952 0.05839 0.30915 -0.033485 0.30497 0.06671 0.070769 -0.11988 0.15589 0.080434 0 0.14366 0.06832 0.24734 0.59516 0.35444 0.6368 0.090361 -0.053655 0.10206 0.078444 0.33588 -0.027766 0.1241 -0.010894 0.14627 0.042091 0.16926 0.14546 0.26899 0.16375 0.20083 0.1282 -0.043592 0.1262 0.0072538 0.34217 -0.03969 0.298 0.059792 0.081285 -0.13618 0.1037 0.085407 0.86543 0.10901 0.035432 0.23354 0.50909 0.30891
0.34003 0.238 0.1952 0.27349 0.1136 -0.063555 -0.056424 0.0079053 0.11604 0.36017 0.24019 0.19989 0.25887 0.085034 -0.086181 -0.056148 -0.019276 0.15133 0.18209 0.41471 0.40889 0.01885 0.059241 -0.00064834 0.16415 0.42227 -0.16636 -0.12236 0.42732 0.043324 -0.29933 0.0091865 -0.064112 0.35217 0.6857 0.1726 0.54764 0.11485 0.39871 0.40005 0.58054 0.071132 -0.025086 0.63561 0.48756 0.46944 0.14366 0 -0.1208 -0.035938 0.33344 0.61936 0.1959 0.41755 0.36042 -0.0074439 0.016983 -0.057889 0.19144 0.26117 -0.16323 -0.091668 0.34477 0.020739 -0.2472 0.044038 -0.054372 0.30513 0.67153 0.20161 0.52031 0.10552 0.29154 0.38022 0.51028 0.14231 0.0092915 0.50141 0.41993 0.35287 0.13073 0.85692 -0.1126 -0.086754 0.26095 0.56887
-0.095929 -0.048719 -0.056295 -0.078003 -0.030127 0.056714 0.04433 -0.0075823 -0.03308 -0.013091 -0.086388 -0.088238 -0.090986 -0.040028 0.046812 0.032781 -0.0093694 -0.028842 0.12547 -0.13125 0.038287 -0.040186 0.034684 0.058289 0.18148 0.03621 0.14836 0.020869 -0.062516 -0.018144 0.29552 0.31107 0.056233 -0.061292 -0.075707 0.13778 0.020038 -0.054677 0.0090112 -0.072692 -0.049536 0.11703 0.045606 -0.1219 0.097967 -0.068187 0.06832 -0.1208 0 0.093856 -0.069117 -0.13193 0.032653 -0.15917 -0.078965 -0.034739 0.0107 0.045283 0.013336 0.022577 0.08611 0.017421 -0.11152 -0.020608 0.16487 0.20657 0.028772 -0.046571 -0.17452 0.044676 -0.12076 -0.047446 0.032899 -0.14549 -0.065641 0.0027566 -0.004719 -0.23279 -0.017523 -0.058986 0.060379 -0.1872 0.23113 0.094219 -0.033529 -0.14781
-0.057203 -0.058962 -0.046756 -0.013179 -0.01331 0.1603 0.13492 -0.0051378 -0.022076 -0.0068815 -0.075971 -0.065457 -0.034614 -0.013478 0.1485 0.11604 -0.0067992 0.031285 0.17857 -0.028005 0.012064 0.0042871 0.10951 0.16372 0.10527 0.13007 0.059549 0.069497 0.047219 0.010343 0.19259 0.28024 0.10623 -0.0069079 0.012869 0.059179 0.048785 -0.028306 0.055615 -0.047184 0.024227 0.04824 0.054001 -0.085442 0.068057 -0.0047565 0.24734 -0.035938 0.093856 0 0.038087 0.03828 0.11964 -0.050174 -0.040004 -0.003447 0.044773 0.1364 0.02862 0.10002 0.046482 0.057424 -0.021331 0.022394 0.14503 0.22073 0.074614 -0.007804 -0.032125 0.01913 0.0042004 -0.041015 0.039096 -0.084713 -0.0045147 0.01595 0.018446 -0.12557 0.048667 -0.014501 0.21688 -0.071359 0.089362 0.18436 0.023276 0.025806
0.060175 0.19158 0.10945 0.16534 0.071916 0.10803 0.011895 0.061154 0.13672 0.054033 0.19295 0.10068 0.15746 0.075739 0.085746 0.0070016 0.054442 0.18853 0.16754 0.31554 0.0044922 0.18706 0.05701 0.11546 0.0031388 0.00045137 0.14995 0.11318 0.16837 0.25372 0.048709 -0.064543 0.10544 0.34642 0.15982 -0.064696 0.046805 0.31035 0.45798 0.24312 0.40116 0.16925 0.19139 0.10414 0.21597 0.15746 0.59516 0.33344 -0.069117 0.038087 0 0.5238 0.25498 0.33512 0.014134 0.17336 0.037454 0.11305 0.014506 -0.023786 0.12512 0.10865 0.16399 0.22713 0.071277 -0.044971 0.11126 0.34503 0.21622 -0.048222 0.12957 0.28574 0.4223 0.27692 0.38833 0.20459 0.20371 0.1016 0.21822 0.13679 0.56003 0.36852 -0.051688 -0.0036196 0.68719 0.49865
0.21776 0.28151 0.1927 0.36525 0.15092 0.094064 0.03998 0.093113 0.18498 0.2004 0.27862 0.1973 0.33893 0.11722 0.095932 0.041484 0.07088 0.19355 0.12664 0.56622 -0.0077282 0.22729 0.10984 0.15598 -0.082585 0.11884 -0.01753 0.11031 0.35923 0.26054 -0.062427 -0.18987 0.056332 0.47142 0.41972 -0.078153 0.21364 0.32926 0.58127 0.37658 0.62437 0.097582 0.20103 0.26717 0.33037 0.34997 0.35444 0.61936 -0.13193 0.03828 0.5238 0 0.2014 0.55943 0.0033109 0.21622 0.06628 0.11177 -0.042829 0.075227 0.0090757 0.11623 0.34272 0.23246 -0.029463 -0.1354 0.067116 0.44625 0.50517 -0.052011 0.32425 0.31496 0.51276 0.41891 0.60065 0.18861 0.23487 0.25986 0.34276 0.30551 0.3208 0.64329 -0.13684 -0.0074859 0.43371 0.78423
-0.070262 -0.13784 -0.036946 -0.029445 -0.011532 0.065476 0.11964 -0.018202 -0.031898 -0.16916 -0.1539 -0.041933 -0.0047097 -0.024777 0.066965 0.12236 -0.01511 -0.0096451 0.68037 0.029143 0.023513 0.082065 0.03037 0.30831 0.073853 0.17371 -0.1287 0.15134 0.07055 0.087901 -0.0057589 0.29295 0.056245 0.04953 0.25799 -0.03724 0.22842 -0.041486 0.10468 -0.084108 0.17032 -0.037391 -0.087638 -0.025544 0.030079 0.090467 0.6368 0.1959 0.032653 0.11964 0.25498 0.2014 0 0.05056 0.13092 0.088003 0.035136 0.31852 0.13367 0.23504 -0.13427 0.11326 0.10917 0.094069 -0.014999 0.45037 0.057361 0.07462 0.36231 0.13037 0.4234 -0.077343 0.15426 -0.056447 0.20768 0.034987 -0.028082 0.027443 0.21974 0.07203 0.74671 0.22828 0.039141 0.18698 0.24307 0.18806
