0 0.3501 0.2621 0.27288 0.080448 -0.0035555 -0.090706 0.061034 0.21417 0.72802 0.42609 0.35173 0.28424 0.10638 0.0075066 -0.092173 0.042299 0.26282 -0.14773 0.23338 0.08972 -0.029556 0.033301 -0.047614 0.078717 0.15005 0.10555 0.013194 0.21872 0.0044703 -0.13624 -0.096686 0.021811 0.11899 0.13737 -0.038765 0.043452 0.10498 0.066749 0.36392 0.10114 0.19371 0.097715 0.37879 0.074489 0.16934 -0.13781 0.37588 -0.095124 -0.059946 0.066805 0.25375 -0.064834 0.28424 0.43748 -0.029238 0.042345 -0.076076 0.37504 0.24539 0.18803 -0.010106 0.34975 -0.033236 -0.020489 0.1335 0.027271 0.13427 0.41908 0.21453 0.3136 0.11711 0.070063 0.44485 0.18119 0.31311 0.17586 0.60193 0.41181 0.18674 -0.10675 0.5471 0.021143 -0.076445 0.075973 0.30143
0.3501 0 0.24966 0.27943 0.1095 0.017051 -0.080547 0.067108 0.22342 0.35658 0.47321 0.27085 0.25925 0.095614 -0.0018464 -0.094229 0.053584 0.20806 -0.090149 0.26373 0.067525 0.077594 0.028344 -0.044536 0.072593 0.066696 0.13611 0.076112 0.16867 0.12013 -0.028242 -0.086948 0.022903 0.15292 0.15314 -0.058424 0.032268 0.2162 0.1212 0.33281 0.13165 0.19432 0.15912 0.24171 0.19159 0.12828 -0.083739 0.26402 -0.04235 -0.048418 0.17524 0.30139 -0.12083 0.267 0.077366 0.071956 0.022085 -0.072909 0.068904 0.011484 0.11534 0.071151 0.14809 0.080076 -0.015512 -0.080381 -0.0050929 0.083864 0.19128 -0.029369 0.092465 0.24587 0.075368 0.31825 0.10389 0.17819 0.14641 0.20617 0.17035 0.067359 -0.09916 0.2477 -0.04049 -0.059499 0.15796 0.27854
0.2621 0.24966 0 0.37109 0.089279 0.031897 -0.027012 0.14245 0.13978 0.27571 0.26167 0.55651 0.35554 0.065994 0.029223 -0.031002 0.11382 0.15004 -0.022241 0.2043 0.12552 0.0048126 0.010561 -0.031573 0.037387 0.059601 0.075682 0.0027108 0.20702 0.026332 -0.0055861 -0.066141 -0.01867 0.061108 0.24956 -0.00053636 0.14213 0.079037 0.020747 0.20463 0.10154 0.088711 0.17532 0.26311 0.22004 0.068903 -0.055128 0.20976 -0.049054 -0.046514 0.083044 0.20063 -0.03236 0.18439 0.10917 -0.010969 0.035765 -0.058241 0.029656 0.02955 0.054431 0.015225 0.16992 -0.0018943 -0.0033198 -0.071394 -0.011737 0.031319 0.20901 -0.023441 0.1424 0.089622 0.00096561 0.1974 0.10637 0.06815 0.12516 0.17803 0.16523 0.023747 -0.058466 0.19903 -0.063519 -0.050018 0.090094 0.18932
0.27288 0.27943 0.37109 0 0.17744 0.014855 -0.0054549 0.10585 0.13821 0.24957 0.28056 0.35648 0.63441 0.11908 0.0043259 -0.013951 0.091732 0.14381 -0.050214 0.30082 -0.017915 0.033097 0.017875 -0.0073121 -0.093122 0.029496 -0.0031215 0.039624 0.15456 0.047484 -0.034316 -0.15395 -0.018455 0.18834 0.20376 -0.08816 0.065607 0.11079 0.19862 0.20026 0.31317 0.022933 0.12318 0.17357 0.17783 0.12181 0.01318 0.26913 -0.072475 -0.014997 0.152 0.36557 -0.021299 0.29547 0.0084334 0.037418 0.020013 -0.024856 -0.060781 -0.0056631 -0.002886 0.049388 0.15018 0.031373 -0.035947 -0.13723 0.0028816 0.15304 0.2737 -0.068728 0.15122 0.13025 0.14129 0.24127 0.29231 0.050598 0.119 0.17906 0.17448 0.10808 -0.010323 0.31878 -0.070084 -0.051737 0.13873 0.35552
0.080448 0.1095 0.089279 0.17744 0 -0.0038658 -0.017063 0.019881 0.053868 0.090483 0.098396 0.094184 0.15219 0.042761 -0.0071939 -0.025875 0.013837 0.053528 -0.018944 0.099911 0.0045158 0.0081586 0.012771 -0.0080427 -0.019821 0.0058665 -0.012293 -0.0065469 0.073116 0.010703 -0.030414 -0.03467 -0.0091997 0.024125 0.076204 4.4995e-05 0.047462 0.047001 0.078671 0.09239 0.10151 0.0087451 0.050472 0.074083 0.069931 0.023892 0.016565 0.11124 -0.033857 -0.019671 0.064293 0.14509 -0.013354 0.11229 -0.013678 0.0011746 -0.0093207 -0.025809 -0.035823 -0.0065364 -0.012724 0.0031913 0.058507 -0.0028927 -0.027926 -0.046775 -0.014351 0.031315 0.090988 -0.011574 0.062008 0.046689 0.06096 0.079559 0.086421 -0.0014777 0.022695 0.049064 0.051291 0.0056398 -0.0090495 0.11097 -0.037955 -0.018494 0.04435 0.1293
-0.0035555 0.017051 0.031897 0.014855 -0.0038658 0 0.17143 0.023587 0.086835 0.052599 0.0082365 0.02587 0.0062037 -0.017407 0.43291 0.16496 0.04489 0.070507 0.061274 0.037195 0.13046 0.089461 0.13534 0.21878 0.23023 0.12852 0.33433 0.11716 0.069191 0.11066 0.30498 0.20139 0.27188 0.080625 -0.04431 0.012898 -0.029257 0.069804 0.099215 0.092858 0.053511 0.26252 0.23601 -0.012248 0.15257 0.081877 0.21117 -0.083173 0.05945 0.14826 0.09468 0.07152 0.044016 0.023128 0.0027752 0.069165 0.088443 0.20597 0.12698 0.091843 0.28436 0.11928 0.0068785 0.096616 0.27772 0.1306 0.23152 0.073391 -0.12497 -0.059196 -0.099263 0.049054 0.10204 0.041715 0.051155 0.21721 0.1545 -0.089928 0.057756 0.047256 0.18108 -0.11656 0.055416 0.12607 0.085905 0.048913
-0.090706 -0.080547 -0.027012 -0.0054549 -0.017063 0.17143 0 -0.0076313 -0.0095327 -0.041709 -0.097571 -0.045481 -0.022658 -0.021311 0.17158 0.24778 -0.0063662 -0.026997 0.14083 -0.04058 0.048723 0.020293 0.075024 0.17325 0.05701 0.13089 -0.0089264 0.071243 0.004087 0.032389 0.15871 0.16606 0.069368 0.024413 0.010805 0.074212 0.066119 -0.013756 0.062962 -0.12128 0.065391 -0.044218 0.00038812 -0.1347 0.043436 0.026159 0.22387 -0.079316 0.043449 0.12794 0.0076755 0.022527 0.096853 -0.051315 -0.070163 0.015136 0.03709 0.15586 -0.044663 0.070056 -0.027467 0.060348 -0.0322 0.028722 0.084966 0.081298 0.048503 0.024719 -0.070465 -0.024236 -0.034218 -0.033554 0.065169 -0.14179 0.07152 -0.06515 -0.024135 -0.18625 -0.035065 0.033085 0.1873 -0.13704 0.025787 0.11103 -0.0048372 -0.012945
0.061034 0.067108 0.14245 0.10585 0.019881 0.023587 -0.0076313 0 0.050346 0.039396 0.076016 0.1286 0.10138 0.016847 0.036123 0.0061008 0.10764 0.062412 -0.035975 0.086165 -0.061829 0.020982 0.00024104 -0.0078885 -0.045573 -0.021157 0.050803 0.015304 0.022597 0.012045 0.063702 -0.058401 0.027522 0.051358 -0.023457 -0.083878 -0.07722 0.044965 0.025838 0.070162 0.020357 0.045863 0.12737 -0.0046359 0.0091616 0.0089113 0.01507 -0.0029192 -0.0031265 -0.0015082 0.045914 0.090493 -0.015516 0.079528 -0.039469 0.026095 -0.0058835 0.00051904 -0.018605 0.0028799 0.069572 0.030607 0.031805 0.005463 0.06512 -0.035899 0.0096836 0.046075 0.0022082 -0.086406 -0.013555 0.051554 0.017397 0.081079 0.040022 0.063088 0.10687 0.019818 0.031644 0.010848 0.019772 0.055615 -0.020502 -0.0016747 0.05734 0.092332
0.21417 0.22342 0.13978 0.13821 0.053868 0.086835 -0.0095327 0.050346 0 0.22122 0.22235 0.12795 0.13503 0.042461 0.070256 -0.016975 0.047873 0.18644 -0.036371 0.1658 0.014038 0.067454 0.023248 0.012579 0.032373 0.018224 0.12085 0.01813 0.084786 0.093099 0.016663 -0.044836 0.064037 0.11738 0.059356 -0.051162 -5.5075e-05 0.16103 0.093888 0.19124 0.078431 0.14611 0.12965 0.10953 0.088642 0.056579 0.01623 0.12163 -0.027252 -0.019346 0.12322 0.19374 -0.032162 0.17057 0.042444 0.058288 0.034222 -0.0051553 0.055524 0.025273 0.12803 0.014206 0.10173 0.081958 0.052102 -0.012374 0.035199 0.064306 0.097491 -0.032087 0.049111 0.16383 0.077569 0.1816 0.074143 0.16268 0.13331 0.10914 0.11836 0.027866 0.012447 0.15549 -0.035191 5.1478e-05 0.12291 0.17804
0.72802 0.35658 0.27571 0.24957 0.090483 0.052599 -0.041709 0.039396 0.22122 0 0.32674 0.27207 0.20784 0.096214 0.052012 -0.048627 0.028462 0.2288 -0.047605 0.22982 0.28887 -0.0173 0.054153 -0.086019 0.2437 0.24236 0.14888 -0.088955 0.23168 -0.0067539 -0.0081545 0.069807 0.048035 0.18537 0.26723 0.11427 0.22015 0.10634 0.24331 0.31616 0.27421 0.25024 0.092236 0.48437 0.3172 0.23062 -0.11856 0.41917 -0.011465 -0.0018283 0.050073 0.23554 -0.15704 0.16883 0.15372 -0.030199 0.02799 -0.1 0.12894 0.13012 0.094769 -0.049977 0.11847 -0.021692 -0.024386 0.015982 0.02601 0.11885 0.15972 0.048444 0.074285 0.11952 0.14492 0.25261 0.1657 0.15505 0.052897 0.24724 0.10988 0.069817 -0.10241 0.33047 -0.025409 -0.048696 0.067332 0.20058
0.42609 0.47321 0.26167 0.28056 0.098396 0.0082365 -0.097571 0.076016 0.22235 0.32674 0 0.32282 0.30597 0.10698 0.0047022 -0.10795 0.089674 0.24078 -0.17757 0.2891 0.0053492 0.064993 0.028379 -0.051128 0.026187 0.0091356 0.1424 0.062434 0.1498 0.1114 -0.052206 -0.16466 0.024386 0.10558 0.074387 -0.1298 -0.037823 0.22585 0.049073 0.34061 0.080295 0.20234 0.18633 0.219 0.096935 0.10426 -0.126 0.24847 -0.078811 -0.066994 0.17413 0.29729 -0.13618 0.31256 0.166 0.074121 0.014061 -0.079975 0.16139 0.024702 0.18178 0.041631 0.2085 0.075636 -0.0039261 -0.048353 0.022573 0.11991 0.27142 0.0041446 0.17104 0.25929 0.034523 0.39838 0.11556 0.26052 0.20044 0.32417 0.2717 0.086037 -0.1089 0.33834 -0.030312 -0.089545 0.17611 0.3168
0.35173 0.27085 0.55651 0.35648 0.094184 0.02587 -0.045481 0.1286 0.12795 0.27207 0.32282 0 0.3765 0.082777 0.030814 -0.034571 0.14013 0.14708 -0.071477 0.20672 0.067302 -0.016794 -0.0049654 -0.047043 0.0050886 0.041667 0.082671 0.013831 0.20176 0.016649 -0.043594 -0.13043 -0.01785 0.042774 0.20677 -0.04569 0.10437 0.08485 0.020212 0.22218 0.083033 0.073009 0.18137 0.24089 0.13511 0.082721 -0.073768 0.20456 -0.084144 -0.066049 0.085051 0.2114 -0.032541 0.24506 0.18642 -0.039662 0.022509 -0.067569 0.094742 0.063562 0.082491 0.001331 0.24582 -0.014213 0.0017512 -0.041178 0.015592 0.049192 0.28479 0.04892 0.22652 0.095927 -0.029467 0.26714 0.09288 0.11951 0.18739 0.29063 0.24176 0.046473 -0.078132 0.26412 -0.058117 -0.053399 0.074505 0.23298
0.28424 0.25925 0.35554 0.63441 0.15219 0.0062037 -0.022658 0.10138 0.13503 0.20784 0.30597 0.3765 0 0.14015 0.012962 -0.0070712 0.11049 0.14963 -0.054869 0.26974 -0.030555 0.035839 0.020386 -0.0081565 -0.099572 0.020136 -0.019141 0.065231 0.14501 0.050119 -0.072389 -0.16351 -0.019756 0.16906 0.17352 -0.10496 0.049813 0.11596 0.13215 0.207 0.25295 0.0048253 0.10676 0.14937 0.1316 0.11225 -0.0058311 0.24949 -0.089091 -0.041769 0.14749 0.33877 0.0064686 0.29951 0.020265 0.030669 0.021008 -0.0068296 -0.049098 0.040857 -0.013476 0.062744 0.18881 0.032581 -0.046367 -0.12387 -0.00086698 0.16406 0.30772 -0.053561 0.18941 0.13352 0.14066 0.24337 0.31803 0.048712 0.11997 0.19732 0.18357 0.11221 0.021133 0.33741 -0.09226 -0.044748 0.14131 0.39162
0.10638 0.095614 0.065994 0.11908 0.042761 -0.017407 -0.021311 0.016847 0.042461 0.096214 0.10698 0.082777 0.14015 0 -0.0082056 -0.026692 0.0085361 0.084378 -0.025082 0.12515 -0.037584 0.013915 0.010815 -0.014145 -0.029569 -0.015506 0.00735 -0.0084425 0.039462 0.017151 -0.037035 -0.055551 -0.0044154 0.056136 0.034315 -0.041309 -0.0039398 0.053401 0.060352 0.084759 0.071616 0.031808 0.048639 0.049322 0.052471 0.02107 -0.0069631 0.087587 -0.039631 -0.009843 0.075974 0.1223 -0.02226 0.10452 0.00087911 0.016133 0.0076851 -0.015313 -0.010296 -0.0030295 0.014488 -0.0069585 0.032989 0.021762 -0.017629 -0.03076 -0.0081748 0.063492 0.080975 -0.032921 0.060105 0.068611 0.063725 0.086323 0.084647 0.042834 0.063441 0.067822 0.089183 0.0088374 -0.0053984 0.11838 -0.022412 -0.021547 0.06096 0.1313
0.0075066 -0.0018464 0.029223 0.0043259 -0.0071939 0.43291 0.17158 0.036123 0.070256 0.052012 0.0047022 0.030814 0.012962 -0.0082056 0 0.20692 0.041235 0.064603 0.046921 0.027317 0.12142 0.079202 0.10978 0.2273 0.21533 0.13149 0.31844 0.11617 0.064993 0.093735 0.30519 0.17231 0.26714 0.077598 -0.047961 -0.019492 -0.050415 0.054935 0.080486 0.076924 0.051251 0.25179 0.23721 -0.032442 0.13264 0.082055 0.21145 -0.09988 0.047911 0.13619 0.075767 0.070462 0.052532 0.034261 0.053169 0.068095 0.11052 0.22211 0.16274 0.13669 0.30323 0.10407 0.042907 0.087391 0.27061 0.15513 0.27457 0.070504 -0.096381 -0.055026 -0.0802 0.043901 0.10587 0.063353 0.049894 0.24111 0.17098 -0.063295 0.074141 0.076784 0.20354 -0.098081 0.037244 0.14128 0.07875 0.068677
-0.092173 -0.094229 -0.031002 -0.013951 -0.025875 0.16496 0.24778 0.0061008 -0.016975 -0.048627 -0.10795 -0.034571 -0.0070712 -0.026692 0.20692 0 0.015104 -0.0042402 0.10801 -0.038735 0.048196 0.020207 0.071031 0.16869 0.042967 0.12326 -0.014387 0.028989 0.0039715 0.027228 0.13279 0.12853 0.088196 0.026136 -0.0010493 0.048533 0.049206 -0.053792 0.04921 -0.1077 0.070369 -0.033933 0.0015491 -0.11113 0.032415 0.030324 0.19322 -0.076201 0.040648 0.10886 0.0015208 0.018798 0.1063 -0.039843 -0.027146 0.0082722 0.043608 0.18196 -0.014 0.1228 -0.02346 0.027752 -0.012128 0.025268 0.096666 0.087667 0.095814 0.030609 -0.036493 -0.0083857 0.0019093 -0.059553 0.069227 -0.12692 0.077912 -0.054005 -0.029011 -0.14569 -0.02593 0.041849 0.20408 -0.099808 0.020673 0.1328 -0.0020603 0.013577
0.042299 0.053584 0.11382 0.091732 0.013837 0.04489 -0.0063662 0.10764 0.047873 0.028462 0.089674 0.14013 0.11049 0.0085361 0.041235 0.015104 0 0.06163 -0.022923 0.084432 -0.046927 0.029705 0.01684 -0.0010466 -0.021498 -0.03285 0.078511 0.036832 0.015641 0.031715 0.057288 -0.065706 0.0079962 0.025681 -0.019626 -0.084295 -0.064746 0.043004 0.012476 0.058443 0.001066 0.070604 0.12576 -0.013166 0.013692 0.0045211 0.023981 -0.026935 -0.013824 -0.009395 0.045384 0.069242 -0.0053666 0.077408 -0.037759 0.030003 0.0067257 0.015872 -0.021464 -0.012975 0.064737 0.030399 0.021979 0.022736 0.047616 -0.037768 0.021074 0.03184 -0.011663 -0.10576 -0.027705 0.047498 0.0026752 0.06558 0.0066604 0.068358 0.11592 0.0144 0.0089678 0.0061569 0.025824 0.01975 -0.021011 -0.0077227 0.051973 0.070294
0.26282 0.20806 0.15004 0.14381 0.053528 0.070507 -0.026997 0.062412 0.18644 0.2288 0.24078 0.14708 0.14963 0.084378 0.064603 -0.0042402 0.06163 0 -0.052079 0.16068 0.041183 0.0576 0.05088 0.019228 0.053913 0.036637 0.11338 0.011425 0.097685 0.092516 0.015835 -0.022538 0.071951 0.08223 0.048172 -0.04595 0.0083433 0.15655 0.08217 0.18091 0.078053 0.15063 0.13281 0.12097 0.088964 0.064558 0.032309 0.14407 -0.027624 0.026024 0.16974 0.19438 -0.00246 0.18048 0.095174 0.067679 0.026031 0.01929 0.099025 0.046153 0.13552 0.017607 0.1145 0.0836 0.061867 0.018673 0.059803 0.10696 0.1256 0.0088394 0.090463 0.16972 0.080207 0.19883 0.093792 0.18177 0.1378 0.14908 0.15173 0.058922 0.034899 0.17488 0.001591 0.0051092 0.13718 0.21945
-0.14773 -0.090149 -0.022241 -0.050214 -0.018944 0.061274 0.14083 -0.035975 -0.036371 -0.047605 -0.17757 -0.071477 -0.054869 -0.025082 0.046921 0.10801 -0.022923 -0.052079 0 -0.038613 0.2497 0.024548 0.036021 0.24606 0.22995 0.26814 -0.1432 0.088809 0.073436 0.064475 0.034026 0.60177 -0.010059 -0.0093663 0.47177 0.28018 0.5566 -0.02855 0.055614 -0.077651 0.12676 -0.06159 -0.12588 -0.0075536 0.21924 0.057851 0.66513 0.21331 0.12234 0.17168 0.11382 0.095601 0.61108 -0.061078 0.010268 0.01262 0.015428 0.2016 0.01527 0.18545 -0.18197 0.099951 -0.010073 0.053858 -0.050156 0.34228 0.0077002 -0.00201 0.1561 0.17264 0.25326 -0.049656 0.10228 -0.16094 0.089946 -0.14437 -0.10729 -0.11931 0.030118 0.042648 0.53732 0.0034718 0.057686 0.16847 0.14055 0.060263
0.23338 0.26373 0.2043 0.30082 0.099911 0.037195 -0.04058 0.086165 0.1658 0.22982 0.2891 0.20672 0.26974 0.12515 0.027317 -0.038735 0.084432 0.16068 -0.038613 0 -0.099491 0.18276 0.054795 0.038364 -0.12227 -0.0021867 -0.0033291 0.06204 0.22112 0.19723 -0.10098 -0.26355 0.0065032 0.35978 0.23184 -0.21286 0.028379 0.28128 0.31268 0.41225 0.39675 0.093212 0.26832 0.26033 0.33375 0.27679 0.085518 0.39126 -0.12917 -0.034899 0.3 0.57251 0.014769 0.59367 -0.12261 0.19015 0.018033 0.020608 -0.14209 0.0027051 0.029491 0.076543 0.18524 0.1717 -0.062104 -0.24338 0.02015 0.3474 0.31183 -0.24505 0.13345 0.28031 0.27311 0.43618 0.3929 0.14136 0.27065 0.22628 0.27035 0.22997 0.075178 0.46819 -0.15813 -0.076869 0.2459 0.55643
0.08972 0.067525 0.12552 -0.017915 0.0045158 0.13046 0.048723 -0.061829 0.014038 0.28887 0.0053492 0.067302 -0.030555 -0.037584 0.12142 0.048196 -0.046927 0.041183 0.2497 -0.099491 0 -0.14553 0.066788 0.16956 0.75227 0.57518 0.19262 -0.11379 0.30013 -0.092657 0.10132 0.48248 0.16597 -0.049944 0.57075 0.46635 0.55726 -0.12653 0.016269 0.12312 0.15928 0.33088 -0.050814 0.7035 0.43579 0.41262 0.0235 0.50465 0.038933 -0.0038485 -0.019659 -0.025966 0.023491 -0.12485 0.67008 -0.19866 0.0664 0.1012 0.55405 0.31708 0.069043 -0.066981 0.10056 -0.091707 0.048171 0.29797 0.12557 -0.056807 0.29254 0.35704 0.2499 -0.11966 0.024379 -0.009716 0.074942 0.17888 -0.12503 0.29945 0.12778 0.18901 0.019256 0.13258 0.10188 0.019603 -0.0011094 -0.074339
-0.029556 0.077594 0.0048126 0.033097 0.0081586 0.089461 0.020293 0.020982 0.067454 -0.0173 0.064993 -0.016794 0.035839 0.013915 0.079202 0.020207 0.029705 0.0576 0.024548 0.18276 -0.14553 0 0.020783 0.37945 0.03463 -0.12235 0.11496 0.28191 0.031389 0.92942 0.0094355 -0.14827 0.17286 0.32211 -0.065532 -0.19563 -0.13907 0.89981 0.26866 0.074885 0.26279 0.26285 0.076717 -0.043872 0.069618 0.67848 0.19321 -0.00085819 -0.038997 0.025918 0.18815 0.22906 0.09366 0.19044 -0.2301 0.97635 -0.0015284 0.40892 -0.070421 -0.061689 0.15036 0.34251 -0.0090909 0.92208 -0.014 -0.17543 0.18045 0.30611 -0.068972 -0.26222 -0.12982 0.85923 0.32883 0.077503 0.29879 0.3255 0.092267 -0.0828 -0.0016336 0.62928 0.17893 0.061543 -0.071411 0.016592 0.1635 0.21093
0.033301 0.028344 0.010561 0.017875 0.012771 0.13534 0.075024 0.00024104 0.023248 0.054153 0.028379 -0.0049654 0.020386 0.010815 0.10978 0.071031 0.01684 0.05088 0.036021 0.054795 0.066788 0.020783 0 0.16413 0.11246 0.14332 0.060605 0.037132 0.094814 0.045883 0.092192 0.10144 0.099628 0.039983 0.06934 0.036641 0.070301 0.029827 0.05491 0.049774 0.063263 0.050693 0.066516 0.044591 0.069335 0.09701 0.11141 0.06392 0.037352 0.10553 0.048577 0.10609 0.016404 0.028874 0.03587 0.012277 0.063531 0.13478 0.074413 0.11738 0.061794 0.031146 0.059392 0.041985 0.084492 0.071407 0.088936 0.012864 0.056101 0.0091846 0.050169 0.02143 0.046024 0.040223 0.054647 0.064681 0.034641 0.00082696 0.050976 0.07943 0.078717 0.040495 0.025026 0.052601 0.031104 0.094014
-0.047614 -0.044536 -0.031573 -0.0073121 -0.0080427 0.21878 0.17325 -0.0078885 0.012579 -0.086019 -0.051128 -0.047043 -0.0081565 -0.014145 0.2273 0.16869 -0.0010466 0.019228 0.24606 0.038364 0.16956 0.37945 0.16413 0 0.28326 0.34288 0.078362 0.55603 0.096427 0.54336 0.16691 0.18696 0.32928 0.12418 0.11502 0.027252 0.095196 0.33072 0.12995 -0.043828 0.16832 0.10564 0.047627 -0.043129 0.091647 0.53935 0.34402 -0.01018 0.061018 0.155 0.12453 0.14054 0.25518 0.051406 0.028677 0.34776 0.11411 0.81119 0.15638 0.34866 0.087849 0.51207 0.066784 0.53946 0.12856 0.16646 0.34981 0.13661 0.10745 -0.047873 0.14052 0.27169 0.18564 -0.036244 0.22252 0.16199 0.048299 -0.086216 0.050195 0.54103 0.28136 0.0010107 0.034382 0.13599 0.099601 0.1101
0.078717 0.072593 0.037387 -0.093122 -0.019821 0.23023 0.05701 -0.045573 0.032373 0.2437 0.026187 0.0050886 -0.099572 -0.029569 0.21533 0.042967 -0.021498 0.053913 0.22995 -0.12227 0.75227 0.03463 0.11246 0.28326 0 0.53245 0.55765 -0.0012232 0.1934 0.076033 0.32531 0.64068 0.40075 -0.018645 0.25841 0.37655 0.28668 -0.0016847 -0.043431 0.2331 -0.087102 0.72303 0.12309 0.52643 0.38994 0.37654 0.056724 0.24858 0.18281 0.092473 -0.0060822 -0.08782 0.02984 -0.15336 0.53721 -0.043292 0.070339 0.19108 0.76762 0.31418 0.43257 0.0022841 0.047988 0.063077 0.2713 0.52136 0.32046 -0.034454 0.056619 0.25314 0.091396 -0.012124 -0.050197 0.07301 -0.11679 0.54891 0.032427 0.18228 0.16791 0.15764 0.024409 -0.024524 0.22938 0.1322 0.013826 -0.12774
0.15005 0.066696 0.059601 0.029496 0.0058665 0.12852 0.13089 -0.021157 0.018224 0.24236 0.0091356 0.041667 0.020136 -0.015506 0.13149 0.12326 -0.03285 0.036637 0.26814 -0.0021867 0.57518 -0.12235 0.14332 0.34288 0.53245 0 -0.00076963 0.086782 0.27164 -0.059881 0.080041 0.44452 0.11961 -0.0010401 0.44476 0.38308 0.4928 -0.098583 0.054073 0.044452 0.16674 -0.0096489 -0.077563 0.38523 0.23062 0.38992 0.15599 0.43936 0.024247 0.11674 -0.0026897 0.11295 0.10932 -0.025581 0.33222 -0.15209 0.099644 0.26527 0.32128 0.55632 -0.08978 0.058701 0.14553 -0.059066 0.0013503 0.27985 0.062136 -0.018305 0.26932 0.25366 0.33456 -0.10797 0.038768 -0.011822 0.10441 -0.044794 -0.11243 0.13084 0.028516 0.27476 0.11583 0.2156 0.062681 0.083872 0.018259 0.062896
0.10555 0.13611 0.075682 -0.0031215 -0.012293 0.33433 -0.0089264 0.050803 0.12085 0.14888 0.1424 0.082671 -0.019141 0.00735 0.31844 -0.014387 0.078511 0.11338 -0.1432 -0.0033291 0.19262 0.11496 0.060605 0.078362 0.55765 -0.00076963 0 -0.014336 0.022772 0.10577 0.51978 0.23688 0.39199 0.073553 -0.23603 -0.047353 -0.23776 0.1285 0.032673 0.41539 -0.15232 0.82798 0.47795 0.08178 0.24238 -0.006718 -0.002524 -0.16813 0.15789 0.052912 0.10748 -0.043754 -0.12717 0.00068985 0.10796 0.071986 0.055477 0.052194 0.3953 -0.038003 0.77583 0.011204 -0.027627 0.091319 0.47947 0.24303 0.31709 0.048784 -0.31221 -0.10933 -0.26278 0.14741 0.035023 0.28827 -0.14621 0.73029 0.34384 -0.024815 0.18003 -0.11361 0.0074236 -0.21988 0.12129 0.069161 0.085383 -0.061352
0.013194 0.076112 0.0027108 0.039624 -0.0065469 0.11716 0.071243 0.015304 0.01813 -0.088955 0.062434 0.013831 0.065231 -0.0084425 0.11617 0.028989 0.036832 0.011425 0.088809 0.06204 -0.11379 0.28191 0.037132 0.55603 -0.0012232 0.086782 -0.014336 0 0.056942 0.42648 0.082089 -0.011223 0.043346 0.091889 0.007883 -0.029615 0.013216 0.31527 0.072835 0.026592 0.11681 -0.06849 0.07463 -0.11455 -0.023991 0.37196 0.21657 -0.096153 0.00058879 0.057333 0.13271 0.14679 0.16696 0.10898 -0.11227 0.29604 0.026456 0.57884 -0.050822 0.175 -0.017171 0.9535 0.084134 0.37316 0.042267 0.016275 0.085681 0.10132 0.11121 -0.052459 0.10862 0.32497 0.16186 0.040857 0.21748 -0.017991 0.071419 -0.080072 0.0041345 0.44786 0.17306 0.063668 0.0089518 0.040279 0.11 0.15703
0.21872 0.16867 0.20702 0.15456 0.073116 0.069191 0.004087 0.022597 0.084786 0.23168 0.1498 0.20176 0.14501 0.039462 0.064993 0.0039715 0.015641 0.097685 0.073436 0.22112 0.30013 0.031389 0.094814 0.096427 0.1934 0.27164 0.022772 0.056942 0 0.044865 0.030588 0.078638 0.047832 0.065683 0.45631 0.30066 0.48339 0.086871 0.016553 0.28308 0.12008 0.087775 0.19352 0.48841 0.30455 0.20795 0.066728 0.43989 -0.048615 0.041451 0.14282 0.33803 0.062175 0.21509 0.22979 0.014133 0.057017 0.06237 0.15843 0.16826 -0.028997 0.0489 0.41321 0.032837 0.021373 0.049529 0.0076577 0.036005 0.39149 0.23136 0.4492 0.08477 0.017543 0.21556 0.098535 0.061189 0.15504 0.31038 0.21868 0.1078 0.043839 0.31347 0.0074936 -0.014864 0.12396 0.32172
0.0044703 0.12013 0.026332 0.047484 0.010703 0.11066 0.032389 0.012045 0.093099 -0.0067539 0.1114 0.016649 0.050119 0.017151 0.093735 0.027228 0.031715 0.092516 0.064475 0.19723 -0.092657 0.92942 0.045883 0.54336 0.076033 -0.059881 0.10577 0.42648 0.044865 0 0.032398 -0.12531 0.22098 0.33788 -0.028057 -0.17506 -0.081026 0.92773 0.30128 0.097307 0.26809 0.23096 0.086031 -0.037532 0.069016 0.68925 0.22575 0.034504 -0.020208 0.022602 0.25469 0.26208 0.098227 0.18892 -0.17341 0.91815 0.0082622 0.54367 -0.015683 0.016613 0.1423 0.47713 0.028214 0.93355 -0.0011269 -0.12917 0.23573 0.31548 0.0098987 -0.22053 -0.045217 0.89416 0.35285 0.10667 0.31576 0.31118 0.092661 -0.066599 0.022003 0.66115 0.19752 0.13662 -0.043868 0.0039741 0.22169 0.24253
-0.13624 -0.028242 -0.0055861 -0.034316 -0.030414 0.30498 0.15871 0.063702 0.016663 -0.0081545 -0.052206 -0.043594 -0.072389 -0.037035 0.30519 0.13279 0.057288 0.015835 0.034026 -0.10098 0.10132 0.0094355 0.092192 0.16691 0.32531 0.080041 0.51978 0.082089 0.030588 0.032398 0 0.38903 0.27403 0.00048171 -0.19375 0.077374 -0.099605 -0.0062997 0.021119 -0.0052226 -0.084043 0.41616 0.40963 -0.23467 0.24363 -0.098022 0.18729 -0.31578 0.30002 0.18612 0.020069 -0.096837 -0.020464 -0.12323 -0.13195 -0.0021103 0.043082 0.17174 0.10014 0.030785 0.39824 0.10932 -0.097908 0.026062 0.56963 0.25596 0.22755 -0.017476 -0.36963 -0.098698 -0.26952 -0.01759 0.037941 -0.10689 -0.095942 0.2484 0.23763 -0.38427 0.035996 -0.12455 0.14931 -0.37745 0.21067 0.17924 0.020175 -0.12973
-0.096686 -0.086948 -0.066141 -0.15395 -0.03467 0.20139 0.16606 -0.058401 -0.044836 0.069807 -0.16466 -0.13043 -0.16351 -0.055551 0.17231 0.12853 -0.065706 -0.022538 0.60177 -0.26355 0.48248 -0.14827 0.10144 0.18696 0.64068 0.44452 0.23688 -0.011223 0.078638 -0.12531 0.38903 0 0.14716 -0.1552 0.18932 0.58894 0.37555 -0.1966 -0.090287 -0.054843 -0.1338 0.27921 0.0050705 0.027476 0.36527 -0.10664 0.32378 0.10025 0.32593 0.27525 -0.097033 -0.19323 0.23716 -0.2931 0.208 -0.1918 0.069956 0.12928 0.3579 0.28177 0.086166 -0.0055774 -0.063172 -0.11786 0.21867 0.75072 0.088021 -0.159 -0.12763 0.39799 0.022218 -0.22096 -0.076969 -0.20102 -0.17705 0.027653 -0.09208 -0.22156 0.087386 -0.15386 0.23435 -0.21138 0.31437 0.27449 -0.060242 -0.21729
0.021811 0.022903 -0.01867 -0.018455 -0.0091997 0.27188 0.069368 0.027522 0.064037 0.048035 0.024386 -0.01785 -0.019756 -0.0044154 0.26714 0.088196 0.0079962 0.071951 -0.010059 0.0065032 0.16597 0.17286 0.099628 0.32928 0.40075 0.11961 0.39199 0.043346 0.047832 0.22098 0.27403 0.14716 0 0.10307 -0.054233 -0.030387 -0.067237 0.15006 0.057797 0.070512 -0.024246 0.44687 0.21046 0.052054 0.13304 0.16152 0.13675 -0.068834 0.060295 0.093402 0.086419 0.032575 0.027676 -0.0016243 0.11901 0.13091 0.074486 0.28348 0.29904 0.11319 0.38151 0.05153 0.0093259 0.21388 0.28053 0.16994 0.43648 0.078162 -0.081245 -0.036102 -0.040544 0.12753 0.038513 0.045878 -0.021512 0.42418 0.15295 -0.0097979 0.11177 0.094775 0.12842 -0.087699 0.080956 0.10154 0.062254 0.001558
0.11899 0.15292 0.061108 0.18834 0.024125 0.080625 0.024413 0.051358 0.11738 0.18537 0.10558 0.042774 0.16906 0.056136 0.077598 0.026136 0.025681 0.08223 -0.0093663 0.35978 -0.049944 0.32211 0.039983 0.12418 -0.018645 -0.0010401 0.073553 0.091889 0.065683 0.33788 0.00048171 -0.1552 0.10307 0 0.13379 -0.1932 0.0060645 0.40277 0.48747 0.25006 0.56815 0.19453 0.095342 0.13386 0.31455 0.36398 0.18563 0.31651 -0.055536 0.0021044 0.33749 0.45183 0.052678 0.33078 -0.08937 0.29129 0.009703 0.10504 -0.060485 -0.0103 0.092122 0.084655 0.037901 0.30199 -0.012261 -0.16594 0.13274 0.74619 0.17016 -0.20794 0.060559 0.3816 0.41593 0.30515 0.50399 0.24119 0.083242 0.11591 0.23632 0.29062 0.18752 0.36354 -0.08346 -0.020539 0.29186 0.42003
0.13737 0.15314 0.24956 0.20376 0.076204 -0.04431 0.010805 -0.023457 0.059356 0.26723 0.074387 0.20677 0.17352 0.034315 -0.047961 -0.0010493 -0.019626 0.048172 0.47177 0.23184 0.57075 -0.065532 0.06934 0.11502 0.25841 0.44476 -0.23603 0.007883 0.45631 -0.028057 -0.19375 0.18932 -0.054233 0.13379 0 0.38346 0.83755 0.012764 0.098203 0.13174 0.38689 -0.086116 -0.11563 0.59221 0.51177 0.31781 0.19126 0.71607 -0.072733 0.0027343 0.12682 0.40751 0.22069 0.21701 0.33811 -0.085902 0.034071 0.05724 0.11512 0.21309 -0.29891 0.011591 0.29892 -0.034137 -0.2297 0.025659 -0.059273 0.11009 0.68366 0.25552 0.62013 0.0079119 0.10575 0.057789 0.33132 -0.14584 -0.11442 0.27764 0.24986 0.20507 0.14964 0.49675 -0.055272 -0.035471 0.13218 0.36196
-0.038765 -0.058424 -0.00053636 -0.08816 4.4995e-05 0.012898 0.074212 -0.083878 -0.051162 0.11427 -0.1298 -0.04569 -0.10496 -0.041309 -0.019492 0.048533 -0.084295 -0.04595 0.28018 -0.21286 0.46635 -0.19563 0.036641 0.027252 0.37655 0.38308 -0.047353 -0.029615 0.30066 -0.17506 0.077374 0.58894 -0.030387 -0.1932 0.38346 0 0.6308 -0.1775 -0.13982 -0.098526 -0.081868 -0.078317 -0.16361 0.19484 0.24014 -0.081272 -0.021101 0.21152 0.16249 0.077918 -0.08947 -0.1205 -0.0055237 -0.2381 0.2186 -0.20775 0.04777 -0.0027855 0.15221 0.17775 -0.19076 -0.032744 0.12032 -0.17263 -0.026348 0.28422 -0.043074 -0.1928 0.092288 0.5829 0.24833 -0.18587 -0.11291 -0.2117 -0.10906 -0.27474 -0.23452 -0.11304 -0.039327 -0.1412 -0.039912 -0.065158 0.13222 0.073054 -0.074537 -0.13358
0.043452 0.032268 0.14213 0.065607 0.047462 -0.029257 0.066119 -0.07722 -5.5075e-05 0.22015 -0.037823 0.10437 0.049813 -0.0039398 -0.050415 0.049206 -0.064746 0.0083433 0.5566 0.028379 0.55726 -0.13907 0.070301 0.095196 0.28668 0.4928 -0.23776 0.013216 0.48339 -0.081026 -0.099605 0.37555 -0.067237 0.0060645 0.83755 0.6308 0 -0.080894 -0.029522 -0.0098111 0.23945 -0.19943 -0.20205 0.42224 0.38086 0.18618 0.18445 0.58706 0.034303 0.034619 0.012687 0.1991 0.23713 -0.021118 0.28987 -0.14916 0.049769 0.041594 0.036549 0.25533 -0.33191 0.023468 0.27523 -0.09396 -0.17533 0.10764 -0.0828 -0.014527 0.49411 0.46221 0.61964 -0.088478 0.014621 -0.11365 0.15948 -0.30895 -0.21322 0.095089 0.036825 0.089467 0.12471 0.26124 -0.011316 0.0015349 0.036525 0.1636
0.10498 0.2162 0.079037 0.11079 0.047001 0.069804 -0.013756 0.044965 0.16103 0.10634 0.22585 0.08485 0.11596 0.053401 0.054935 -0.053792 0.043004 0.15655 -0.02855 0.28128 -0.12653 0.89981 0.029827 0.33072 -0.0016847 -0.098583 0.1285 0.31527 0.086871 0.92773 -0.0062997 -0.1966 0.15006 0.40277 0.012764 -0.1775 -0.080894 0 0.38574 0.20962 0.35112 0.26328 0.11665 0.011124 0.097517 0.61637 0.13131 0.12405 -0.060987 -0.014349 0.30483 0.35139 -0.00063021 0.28564 -0.16682 0.8676 0.00077628 0.33474 -0.048113 -0.040872 0.16276 0.39622 0.080704 0.89405 -0.017204 -0.19275 0.15482 0.38258 0.060865 -0.19808 -0.026147 0.96914 0.42888 0.23364 0.40377 0.33112 0.13322 0.014927 0.071268 0.58724 0.10276 0.26752 -0.069733 -0.049665 0.27432 0.34639
0.066749 0.1212 0.020747 0.19862 0.078671 0.099215 0.062962 0.025838 0.093888 0.24331 0.049073 0.020212 0.13215 0.060352 0.080486 0.04921 0.012476 0.08217 0.055614 0.31268 0.016269 0.26866 0.05491 0.12995 -0.043431 0.054073 0.032673 0.072835 0.016553 0.30128 0.021119 -0.090287 0.057797 0.48747 0.098203 -0.13982 -0.029522 0.38574 0 0.086419 0.87861 0.094673 0.01763 0.052628 0.30265 0.41693 0.32984 0.36931 -0.00031355 0.055159 0.46614 0.58488 0.085366 0.27863 -0.13484 0.23156 0.010798 0.11311 -0.12723 0.0011046 0.017511 0.058119 -0.032247 0.26252 -0.018321 -0.16737 0.07863 0.44803 0.079741 -0.21689 -0.075208 0.34882 0.89351 0.12959 0.78192 0.099097 0.00043859 -0.04255 0.14625 0.31812 0.29569 0.34279 -0.080658 0.00038523 0.37758 0.48094
0.36392 0.33281 0.20463 0.20026 0.09239 0.092858 -0.12128 0.070162 0.19124 0.31616 0.34061 0.22218 0.207 0.084759 0.076924 -0.1077 0.058443 0.18091 -0.077651 0.41225 0.12312 0.074885 0.049774 -0.043828 0.2331 0.044452 0.41539 0.026592 0.28308 0.097307 -0.0052226 -0.054843 0.070512 0.25006 0.13174 -0.098526 -0.0098111 0.20962 0.086419 0 0.081993 0.54799 0.35844 0.44531 0.31687 0.16567 -0.042909 0.38011 -0.059485 -0.043339 0.21243 0.35595 -0.083461 0.38285 0.16178 0.069088 0.048806 -0.062462 0.25592 0.060113 0.40375 0.028785 0.24889 0.056492 0.084197 0.029018 0.037431 0.20302 0.19644 -0.068071 0.11987 0.22822 0.061205 0.68926 0.091656 0.50916 0.32583 0.42899 0.33287 0.060323 -0.034496 0.37656 -0.070862 -0.073982 0.19032 0.36017
0.10114 0.13165 0.10154 0.31317 0.10151 0.053511 0.065391 0.020357 0.078431 0.27421 0.080295 0.083033 0.25295 0.071616 0.051251 0.070369 0.001066 0.078053 0.12676 0.39675 0.15928 0.26279 0.063263 0.16832 -0.087102 0.16674 -0.15232 0.11681 0.12008 0.26809 -0.084043 -0.1338 -0.024246 0.56815 0.38689 -0.081868 0.23945 0.35112 0.87861 0.081993 0 -0.078959 -0.044473 0.14943 0.46337 0.5015 0.3162 0.5395 -0.052157 0.023949 0.40239 0.62628 0.13613 0.35439 -0.055425 0.22702 0.0096968 0.14864 -0.20404 0.053516 -0.15584 0.11696 0.0627 0.24605 -0.13145 -0.23039 0.033099 0.5463 0.34712 -0.18777 0.13106 0.32632 0.81771 0.11686 0.91322 -0.031154 -0.051212 0.040209 0.26578 0.44561 0.29084 0.47684 -0.11124 -0.027242 0.32036 0.54565
0.19371 0.19432 0.088711 0.022933 0.0087451 0.26252 -0.044218 0.045863 0.14611 0.25024 0.20234 0.073009 0.0048253 0.031808 0.25179 -0.033933 0.070604 0.15063 -0.06159 0.093212 0.33088 0.26285 0.050693 0.10564 0.72303 -0.0096489 0.82798 -0.06849 0.087775 0.23096 0.41616 0.27921 0.44687 0.19453 -0.086116 -0.078317 -0.19943 0.26328 0.094673 0.54799 -0.078959 0 0.44516 0.31576 0.37872 0.17338 0.035935 0.068501 0.1548 0.05403 0.1228 0.054671 -0.061357 0.083763 0.23022 0.20683 0.050483 0.079615 0.56713 -0.018251 0.77977 0.0044945 0.00046313 0.21709 0.40726 0.32675 0.37343 0.14536 -0.19616 -0.11721 -0.2134 0.26136 0.065738 0.43093 -0.085068 0.92791 0.3576 0.16421 0.3167 0.0038204 0.043609 -0.013569 0.15498 0.081472 0.12594 0.029094
0.097715 0.15912 0.17532 0.12318 0.050472 0.23601 0.00038812 0.12737 0.12965 0.092236 0.18633 0.18137 0.10676 0.048639 0.23721 0.0015491 0.12576 0.13281 -0.12588 0.26832 -0.050814 0.076717 0.066516 0.047627 0.12309 -0.077563 0.47795 0.07463 0.19352 0.086031 0.40963 0.0050705 0.21046 0.095342 -0.11563 -0.16361 -0.20205 0.11665 0.01763 0.35844 -0.044473 0.44516 0 0.0523 0.34392 -0.033652 0.057134 -0.067824 0.052103 0.045515 0.16544 0.18409 -0.078717 0.26498 -0.077043 0.063974 0.045513 0.032584 0.064207 -0.054128 0.4319 0.074244 0.14227 0.069733 0.42741 0.069069 0.16469 0.077735 -0.12043 -0.18274 -0.11696 0.11461 0.0055322 0.31156 -0.03104 0.3825 0.57825 0.025094 0.29745 -0.081372 0.071498 -0.036439 0.020904 0.050562 0.143 0.17016
0.37879 0.24171 0.26311 0.17357 0.074083 -0.012248 -0.1347 -0.0046359 0.10953 0.48437 0.219 0.24089 0.14937 0.049322 -0.032442 -0.11113 -0.013166 0.12097 -0.0075536 0.26033 0.7035 -0.043872 0.044591 -0.043129 0.52643 0.38523 0.08178 -0.11455 0.48841 -0.037532 -0.23467 0.027476 0.052054 0.13386 0.59221 0.19484 0.42224 0.011124 0.052628 0.44531 0.14943 0.31576 0.0523 0 0.49795 0.40023 -0.11446 0.69886 -0.1311 -0.095336 0.090224 0.27007 -0.048263 0.22266 0.54039 -0.072049 0.03515 -0.068066 0.42568 0.20535 0.01581 -0.08753 0.30409 -0.05551 -0.16829 0.057441 0.0095808 0.1044 0.45985 0.19306 0.32833 0.027605 0.0090765 0.36792 0.1058 0.27716 0.034219 0.7142 0.28982 0.19532 -0.090328 0.47595 -0.075824 -0.12986 0.085105 0.21983
0.074489 0.19159 0.22004 0.17783 0.069931 0.15257 0.043436 0.0091616 0.088642 0.3172 0.096935 0.13511 0.1316 0.052471 0.13264 0.032415 0.013692 0.088964 0.21924 0.33375 0.43579 0.069618 0.069335 0.091647 0.38994 0.23062 0.24238 -0.023991 0.30455 0.069016 0.24363 0.36527 0.13304 0.31455 0.51177 0.24014 0.38086 0.097517 0.30265 0.31687 0.46337 0.37872 0.34392 0.49795 0 0.29877 0.11903 0.51086 0.11574 0.060364 0.16885 0.3139 0.034833 0.2497 0.1284 0.015668 0.048392 0.052602 0.080928 0.098775 0.097581 0.0010137 0.059888 0.052248 0.10801 0.10795 0.11493 0.29089 0.1766 -0.021065 0.092932 0.080252 0.2562 0.17456 0.37979 0.15685 0.17999 0.06847 0.5257 0.15761 0.12933 0.21922 0.063996 0.050391 0.16057 0.252
0.16934 0.12828 0.068903 0.12181 0.023892 0.081877 0.026159 0.0089113 0.056579 0.23062 0.10426 0.082721 0.11225 0.02107 0.082055 0.030324 0.0045211 0.064558 0.057851 0.27679 0.41262 0.67848 0.09701 0.53935 0.37654 0.38992 -0.006718 0.37196 0.20795 0.68925 -0.098022 -0.10664 0.16152 0.36398 0.31781 -0.081272 0.18618 0.61637 0.41693 0.16567 0.5015 0.17338 -0.033652 0.40023 0.29877 0 0.10017 0.48125 -0.077844 -0.0084792 0.17611 0.35555 0.06156 0.25554 0.19029 0.63319 0.049416 0.50129 0.18975 0.31707 0.037144 0.34307 0.13303 0.69413 -0.098684 -0.13816 0.17445 0.34038 0.33397 -0.11744 0.19106 0.60445 0.37836 0.17073 0.47528 0.28943 -0.012932 0.22734 0.157 0.94049 0.059733 0.41509 -0.055559 -0.036445 0.1686 0.31615
-0.13781 -0.083739 -0.055128 0.01318 0.016565 0.21117 0.22387 0.01507 0.01623 -0.11856 -0.126 -0.073768 -0.0058311 -0.0069631 0.21145 0.19322 0.023981 0.032309 0.66513 0.085518 0.0235 0.19321 0.11141 0.34402 0.056724 0.15599 -0.002524 0.21657 0.066728 0.22575 0.18729 0.32378 0.13675 0.18563 0.19126 -0.021101 0.18445 0.13131 0.32984 -0.042909 0.3162 0.035935 0.057134 -0.11446 0.11903 0.10017 0 0.094405 0.062323 0.21972 0.57815 0.34453 0.57419 0.085863 -0.093715 0.16464 0.072052 0.32693 -0.059448 0.093794 -0.032665 0.1835 0.020925 0.20271 0.11355 0.17886 0.1517 0.21708 0.10616 -0.074395 0.087664 0.071878 0.36155 -0.041551 0.32134 0.031316 0.066682 -0.14417 0.063932 0.11795 0.84468 0.078463 0.019894 0.19773 0.4819 0.29361
0.37588 0.26402 0.20976 0.26913 0.11124 -0.083173 -0.079316 -0.0029192 0.12163 0.41917 0.24847 0.20456 0.24949 0.087587 -0.09988 -0.076201 -0.026935 0.14407 0.21331 0.39126 0.50465 -0.00085819 0.06392 -0.01018 0.24858 0.43936 -0.16813 -0.096153 0.43989 0.034504 -0.31578 0.10025 -0.068834 0.31651 0.71607 0.21152 0.58706 0.12405 0.36931 0.38011 0.5395 0.068501 -0.067824 0.69886 0.51086 0.48125 0.094405 0 -0.099562 -0.047703 0.28397 0.58127 0.13256 0.36753 0.37778 -0.025051 0.022941 -0.065976 0.24149 0.27418 -0.17775 -0.062899 0.33551 0.010256 -0.28943 0.078865 -0.074535 0.26893 0.65468 0.22278 0.53115 0.12994 0.27714 0.33505 0.45677 0.10525 -0.03397 0.52103 0.39073 0.33927 0.071412 0.83179 -0.064364 -0.090258 0.22431 0.51606
-0.095124 -0.04235 -0.049054 -0.072475 -0.033857 0.05945 0.043449 -0.0031265 -0.027252 -0.011465 -0.078811 -0.084144 -0.089091 -0.039631 0.047911 0.040648 -0.013824 -0.027624 0.12234 -0.12917 0.038933 -0.038997 0.037352 0.061018 0.18281 0.024247 0.15789 0.00058879 -0.048615 -0.020208 0.30002 0.32593 0.060295 -0.055536 -0.072733 0.16249 0.034303 -0.060987 -0.00031355 -0.059485 -0.052157 0.1548 0.052103 -0.1311 0.11574 -0.077844 0.062323 -0.099562 0 0.096703 -0.073005 -0.13307 0.033296 -0.15483 -0.077881 -0.032671 0.0063018 0.054167 0.024757 0.017867 0.093286 0.0079091 -0.10531 -0.021581 0.17114 0.21492 0.038527 -0.050106 -0.18037 0.050199 -0.12957 -0.059283 0.019839 -0.14057 -0.06926 0.033867 0.00010134 -0.25591 -0.0066562 -0.06395 0.054485 -0.19944 0.22013 0.095083 -0.041243 -0.14756
-0.059946 -0.048418 -0.046514 -0.014997 -0.019671 0.14826 0.12794 -0.0015082 -0.019346 -0.0018283 -0.066994 -0.066049 -0.041769 -0.009843 0.13619 0.10886 -0.009395 0.026024 0.17168 -0.034899 -0.0038485 0.025918 0.10553 0.155 0.092473 0.11674 0.052912 0.057333 0.041451 0.022602 0.18612 0.27525 0.093402 0.0021044 0.0027343 0.077918 0.034619 -0.014349 0.055159 -0.043339 0.023949 0.05403 0.045515 -0.095336 0.060364 -0.0084792 0.21972 -0.047703 0.096703 0 0.026026 0.024079 0.10405 -0.05876 -0.064333 0.018255 0.038879 0.13155 0.016611 0.090615 0.036867 0.050415 -0.033691 0.034375 0.13683 0.20787 0.070664 -0.0043257 -0.054897 0.012874 -0.026322 -0.02523 0.043988 -0.087968 0.0056626 0.017666 0.0091431 -0.14592 0.028637 -0.0097606 0.18996 -0.088319 0.08604 0.16811 0.013813 0.009125
0.066805 0.17524 0.083044 0.152 0.064293 0.09468 0.0076755 0.045914 0.12322 0.050073 0.17413 0.085051 0.14749 0.075974 0.075767 0.0015208 0.045384 0.16974 0.11382 0.3 -0.019659 0.18815 0.048577 0.12453 -0.0060822 -0.0026897 0.10748 0.13271 0.14282 0.25469 0.020069 -0.097033 0.086419 0.33749 0.12682 -0.08947 0.012687 0.30483 0.46614 0.21243 0.40239 0.1228 0.16544 0.090224 0.16885 0.17611 0.57815 0.28397 -0.073005 0.026026 0 0.51007 0.21603 0.3188 0.0034386 0.18001 0.035708 0.1225 0.012363 -0.0065182 0.09534 0.11479 0.14576 0.22257 0.045976 -0.062019 0.10293 0.32914 0.21099 -0.074745 0.11524 0.28015 0.42794 0.26363 0.39383 0.17947 0.17366 0.10738 0.19796 0.16038 0.54079 0.36419 -0.048504 -0.0078399 0.6436 0.47317
0.25375 0.30139 0.20063 0.36557 0.14509 0.07152 0.022527 0.090493 0.19374 0.23554 0.29729 0.2114 0.33877 0.1223 0.070462 0.018798 0.069242 0.19438 0.095601 0.57251 -0.025966 0.22906 0.10609 0.14054 -0.08782 0.11295 -0.043754 0.14679 0.33803 0.26208 -0.096837 -0.19323 0.032575 0.45183 0.40751 -0.1205 0.1991 0.35139 0.58488 0.35595 0.62628 0.054671 0.18409 0.27007 0.3139 0.35555 0.34453 0.58127 -0.13307 0.024079 0.51007 0 0.14781 0.55512 -0.026705 0.21741 0.063399 0.097927 -0.068455 0.071898 -0.015181 0.14656 0.32717 0.23115 -0.074681 -0.15885 0.042772 0.42948 0.50587 -0.097044 0.34261 0.34197 0.51146 0.40741 0.59917 0.14452 0.20504 0.2701 0.32373 0.31655 0.30217 0.64069 -0.12977 -0.02383 0.41029 0.76683
-0.064834 -0.12083 -0.03236 -0.021299 -0.013354 0.044016 0.096853 -0.015516 -0.032162 -0.15704 -0.13618 -0.032541 0.0064686 -0.02226 0.052532 0.1063 -0.0053666 -0.00246 0.61108 0.014769 0.023491 0.09366 0.016404 0.25518 0.02984 0.10932 -0.12717 0.16696 0.062175 0.098227 -0.020464 0.23716 0.027676 0.052678 0.22069 -0.0055237 0.23713 -0.00063021 0.085366 -0.083461 0.13613 -0.061357 -0.078717 -0.048263 0.034833 0.06156 0.57419 0.13256 0.033296 0.10405 0.21603 0.14781 0 0.031696 0.10941 0.099877 0.028303 0.27971 0.11077 0.18856 -0.12781 0.12254 0.087499 0.094313 -0.01529 0.39852 0.031819 0.07252 0.31952 0.12231 0.40794 -0.03229 0.13649 -0.05122 0.18549 -0.0031924 -0.028335 -0.0062092 0.20955 0.066513 0.69761 0.15512 0.029518 0.16599 0.1992 0.13203
