0 0.33226 0.26795 0.28017 0.086458 -0.010009 -0.09237 0.060504 0.2082 0.72204 0.41376 0.3586 0.29588 0.11369 -0.00047726 -0.09688 0.041676 0.26446 -0.1547 0.23066 0.062601 -0.017314 0.022647 -0.0569 0.057345 0.1354 0.0901 0.027109 0.1883 0.0050827 -0.15746 -0.11559 0.012536 0.13098 0.093739 -0.066181 0.012396 0.11981 0.068265 0.36176 0.081237 0.182 0.089612 0.35905 0.032461 0.18181 -0.17885 0.34774 -0.10431 -0.064014 0.034399 0.22786 -0.045838 0.27479 0.41675 -0.014368 0.034262 -0.078509 0.36713 0.24837 0.18694 0.0059287 0.32361 -0.029363 -0.031092 0.12407 0.022816 0.14314 0.39238 0.19707 0.29703 0.13943 0.07146 0.44858 0.18438 0.31256 0.17281 0.59232 0.39185 0.19777 -0.12799 0.53072 -0.0046381 -0.084816 0.050584 0.27952
0.33226 0 0.24929 0.2722 0.11339 0.013024 -0.080126 0.0727 0.22268 0.34923 0.49178 0.26616 0.25803 0.098835 -0.003358 -0.096424 0.055303 0.21066 -0.10819 0.25649 0.045188 0.09425 0.019755 -0.053527 0.06156 0.045261 0.14014 0.081672 0.14409 0.13279 -0.03373 -0.10759 0.013196 0.17545 0.11221 -0.068876 0.0082328 0.23406 0.13452 0.33143 0.11897 0.1917 0.15853 0.21292 0.1624 0.12803 -0.11357 0.23101 -0.048913 -0.055334 0.16603 0.28647 -0.12198 0.25187 0.065113 0.093058 0.015602 -0.074772 0.067073 -0.0032064 0.13121 0.074036 0.13029 0.089947 -0.01459 -0.090103 -0.014776 0.10673 0.1565 -0.032596 0.072331 0.26768 0.082983 0.31271 0.097591 0.18449 0.14922 0.18647 0.16268 0.066423 -0.1219 0.22278 -0.050818 -0.073152 0.15342 0.26165
0.26795 0.24929 0 0.39532 0.10535 0.034592 -0.022334 0.14805 0.14407 0.28634 0.27373 0.58153 0.38271 0.068243 0.03109 -0.032479 0.11916 0.15545 -0.034525 0.20028 0.11534 0.0084586 0.010291 -0.037649 0.030185 0.048054 0.08151 0.010206 0.19231 0.029838 -0.0075858 -0.072422 -0.025431 0.054611 0.22609 -0.013502 0.13328 0.097655 0.0086593 0.20186 0.076912 0.085988 0.17341 0.24732 0.19477 0.061295 -0.074517 0.18226 -0.053817 -0.048837 0.072173 0.18427 -0.031904 0.17567 0.11083 -0.007882 0.034629 -0.06018 0.030288 0.02549 0.067238 0.015058 0.16427 -0.00064263 0.0018372 -0.075762 -0.015604 0.028305 0.19636 -0.021873 0.13686 0.10782 -0.012947 0.20068 0.087108 0.077437 0.12515 0.17439 0.15525 0.011415 -0.070574 0.17929 -0.063453 -0.054197 0.081662 0.1746
0.28017 0.2722 0.39532 0 0.19865 0.01226 -0.0096211 0.10937 0.14116 0.25834 0.28161 0.37915 0.64917 0.12603 0.0080742 -0.016308 0.096994 0.14968 -0.052109 0.29668 -0.032392 0.039878 0.01043 -0.019119 -0.090606 0.01461 0.0082159 0.028719 0.14737 0.052838 -0.030134 -0.15819 -0.0189 0.19667 0.17542 -0.096048 0.059643 0.13195 0.18811 0.21205 0.27987 0.037963 0.13047 0.1557 0.16424 0.11854 -0.025034 0.24715 -0.071026 -0.019968 0.13052 0.34946 -0.021074 0.28312 0.017341 0.041395 0.01209 -0.034356 -0.045164 -0.01421 0.024893 0.032155 0.153 0.03306 -0.023016 -0.13126 0.0092294 0.15798 0.25778 -0.060353 0.14986 0.15 0.12269 0.25026 0.26624 0.078651 0.13531 0.17981 0.18336 0.094056 -0.040068 0.30721 -0.066001 -0.05686 0.12665 0.34772
0.086458 0.11339 0.10535 0.19865 0 -0.0031882 -0.01996 0.021152 0.056866 0.09711 0.10503 0.11583 0.17266 0.045032 -0.003937 -0.027587 0.022391 0.062052 -0.016717 0.10548 0.000709 0.0038758 0.011173 -0.011235 -0.018462 0.0051004 -0.0069741 -0.0084296 0.07162 0.008185 -0.028078 -0.034319 -0.0089688 0.023824 0.071225 0.0036456 0.051699 0.052054 0.073946 0.092332 0.09108 0.010133 0.056086 0.072179 0.066287 0.016115 0.0056731 0.10872 -0.029604 -0.020675 0.063215 0.1439 -0.0097701 0.11123 -0.015269 -0.0023484 -0.014021 -0.032621 -0.034577 -0.011335 -0.0040815 -0.0021586 0.064487 -0.0055542 -0.021266 -0.045099 -0.017593 0.029149 0.086578 -0.0083948 0.063511 0.053814 0.056112 0.078761 0.080897 0.00045545 0.027465 0.045605 0.05064 -0.0061539 -0.011762 0.10632 -0.04029 -0.024854 0.046277 0.13125
-0.010009 0.013024 0.034592 0.01226 -0.0031882 0 0.16524 0.022431 0.08662 0.05554 -0.002011 0.023707 0.003257 -0.01693 0.43652 0.16752 0.040483 0.069147 0.068631 0.044483 0.14368 0.10032 0.13497 0.2194 0.24195 0.12607 0.3392 0.12677 0.086567 0.12571 0.29831 0.20666 0.27268 0.072688 -0.031125 0.023913 -0.019856 0.086793 0.091216 0.09899 0.057113 0.26905 0.22916 -0.00017856 0.17376 0.082392 0.21959 -0.067835 0.056195 0.15053 0.11693 0.083899 0.035837 0.027104 0.0077111 0.077967 0.088892 0.21245 0.1257 0.090195 0.28602 0.13271 0.016086 0.11404 0.27233 0.13428 0.23299 0.06906 -0.1107 -0.048806 -0.089095 0.063039 0.097366 0.039607 0.052054 0.22223 0.15552 -0.087858 0.075318 0.047845 0.18733 -0.10302 0.050705 0.12242 0.10078 0.05303
-0.09237 -0.080126 -0.022334 -0.0096211 -0.01996 0.16524 0 -0.0093258 -0.0079087 -0.043062 -0.10495 -0.046824 -0.029815 -0.024188 0.17366 0.25192 -0.010466 -0.032047 0.15458 -0.037601 0.047547 0.027207 0.074184 0.17922 0.067386 0.1308 0.00040648 0.067731 0.014181 0.03911 0.16559 0.16711 0.068952 0.015519 0.022303 0.077911 0.072276 -0.0139 0.054234 -0.12211 0.069315 -0.035607 -0.00085774 -0.12842 0.059977 0.030112 0.23603 -0.060414 0.046053 0.13317 0.015148 0.029083 0.094962 -0.050195 -0.065252 0.017497 0.026453 0.15778 -0.037045 0.073676 -0.029882 0.058207 -0.025025 0.035242 0.088666 0.085293 0.056071 0.020901 -0.059457 -0.018873 -0.02791 -0.033735 0.057821 -0.13837 0.069159 -0.059525 -0.022706 -0.18928 -0.02362 0.035832 0.19054 -0.12326 0.027686 0.11021 0.0021895 -0.0046036
0.060504 0.0727 0.14805 0.10937 0.021152 0.022431 -0.0093258 0 0.054682 0.038702 0.075435 0.13102 0.10628 0.014659 0.034985 0.0029923 0.10957 0.066357 -0.033067 0.091129 -0.060203 0.026601 0.00017212 -0.008398 -0.046275 -0.022961 0.055296 0.021039 0.024366 0.015198 0.067255 -0.059393 0.023194 0.048479 -0.026217 -0.084604 -0.075142 0.051014 0.023416 0.069897 0.016049 0.046005 0.12128 -0.0023715 0.010716 0.010201 0.0053558 -0.00019397 -0.0042394 0.0013297 0.045577 0.087751 -0.019739 0.075696 -0.039869 0.0294 -0.0034318 -8.4385e-05 -0.021765 0.0038412 0.069709 0.035258 0.03311 0.0075278 0.06528 -0.041087 0.011154 0.046552 0.0017099 -0.085317 -0.013934 0.057523 0.015193 0.079283 0.036539 0.059758 0.10184 0.020019 0.032756 0.010883 0.013376 0.05725 -0.017309 0.0016042 0.057446 0.090807
0.2082 0.22268 0.14407 0.14116 0.056866 0.08662 -0.0079087 0.054682 0 0.22103 0.2302 0.13165 0.13636 0.047921 0.0721 -0.020967 0.05126 0.19831 -0.047413 0.16269 0.0072406 0.069846 0.018489 0.0057327 0.030752 0.0098269 0.12646 0.023748 0.077442 0.099175 0.020419 -0.052351 0.065232 0.12305 0.037412 -0.060116 -0.014295 0.17373 0.097678 0.19032 0.075163 0.15138 0.13417 0.10175 0.076284 0.057608 -0.0034137 0.1134 -0.028966 -0.019885 0.12196 0.18283 -0.035175 0.17074 0.044496 0.063096 0.030325 -0.010715 0.059345 0.019674 0.14416 0.017977 0.090864 0.086527 0.058403 -0.012575 0.035613 0.07637 0.085929 -0.03208 0.038208 0.18006 0.076102 0.18491 0.070204 0.17251 0.13682 0.10759 0.12202 0.025169 -0.002699 0.15112 -0.037302 -0.0042411 0.12334 0.17428
0.72204 0.34923 0.28634 0.25834 0.09711 0.05554 -0.043062 0.038702 0.22103 0 0.32148 0.28264 0.21931 0.099982 0.048543 -0.055137 0.031576 0.23019 -0.074314 0.22627 0.261 0.010779 0.04882 -0.084125 0.21237 0.22708 0.14158 -0.058531 0.20412 0.014596 -0.021611 0.049218 0.040206 0.19831 0.22956 0.094201 0.19011 0.13196 0.26459 0.30862 0.27581 0.23072 0.081149 0.45411 0.27267 0.25103 -0.13337 0.38905 -0.022982 -0.0054213 0.03706 0.22732 -0.15074 0.1695 0.13225 0.00065798 0.026481 -0.094786 0.11686 0.12678 0.094654 -0.029298 0.10229 0.0037663 -0.024633 0.0032271 0.025325 0.13451 0.14753 0.038304 0.052145 0.14929 0.15287 0.26195 0.172 0.14359 0.049469 0.23514 0.08885 0.093286 -0.1102 0.33271 -0.042706 -0.059145 0.055319 0.19279
0.41376 0.49178 0.27373 0.28161 0.10503 -0.002011 -0.10495 0.075435 0.2302 0.32148 0 0.32793 0.30785 0.11311 -0.01126 -0.11066 0.094169 0.25283 -0.18877 0.28673 -0.017092 0.076125 0.015077 -0.069835 0.0091375 -0.018475 0.1425 0.06789 0.12425 0.11418 -0.064079 -0.18921 0.012274 0.12764 0.03119 -0.14742 -0.064431 0.23962 0.05854 0.34408 0.069526 0.19495 0.186 0.19176 0.076487 0.093091 -0.16674 0.21736 -0.089546 -0.076668 0.16721 0.27912 -0.14409 0.30203 0.15424 0.086345 0.0067973 -0.09712 0.15226 0.00075603 0.19675 0.043658 0.18828 0.074483 -0.0076293 -0.064158 0.0064623 0.13473 0.2397 -0.005891 0.14914 0.27891 0.041103 0.39793 0.11113 0.26518 0.20492 0.30901 0.26438 0.073342 -0.14099 0.31362 -0.038312 -0.10317 0.16914 0.30199
0.3586 0.26616 0.58153 0.37915 0.11583 0.023707 -0.046824 0.13102 0.13165 0.28264 0.32793 0 0.40832 0.086069 0.026284 -0.032257 0.1465 0.15484 -0.075128 0.20766 0.060859 -0.017869 -0.008134 -0.054602 -0.0019579 0.02966 0.081763 0.02144 0.18592 0.0094583 -0.047681 -0.13535 -0.030265 0.040986 0.19277 -0.050651 0.1078 0.097033 0.0072892 0.22483 0.063145 0.066521 0.17278 0.22475 0.11571 0.078056 -0.099326 0.18147 -0.085148 -0.067802 0.067356 0.19199 -0.028995 0.23802 0.18327 -0.043304 0.021427 -0.072425 0.086315 0.058023 0.088728 0.0017285 0.23656 -0.021107 0.0017802 -0.049336 0.0067525 0.044478 0.2806 0.050456 0.22794 0.10679 -0.042362 0.26957 0.081955 0.12113 0.18549 0.28287 0.22824 0.035945 -0.09084 0.24432 -0.056399 -0.055229 0.060838 0.21775
0.29588 0.25803 0.38271 0.64917 0.17266 0.003257 -0.029815 0.10628 0.13636 0.21931 0.30785 0.40832 0 0.14523 0.009317 -0.0085269 0.11808 0.1598 -0.056387 0.27042 -0.03689 0.037265 0.015216 -0.02295 -0.091749 0.0031539 -0.0030627 0.052859 0.13617 0.04821 -0.067251 -0.16494 -0.019697 0.16559 0.14701 -0.11014 0.047132 0.13123 0.11134 0.21997 0.21557 0.023443 0.11495 0.13424 0.12472 0.10472 -0.050403 0.22538 -0.086442 -0.04636 0.12171 0.31737 0.0017027 0.28867 0.031425 0.030224 0.014597 -0.021196 -0.031884 0.029653 0.013105 0.047533 0.18898 0.028013 -0.035535 -0.11571 -0.0014004 0.15623 0.28699 -0.041941 0.18523 0.1498 0.11337 0.25412 0.28468 0.078698 0.13385 0.20116 0.19359 0.097541 -0.012915 0.32087 -0.087146 -0.048194 0.12411 0.37515
0.11369 0.098835 0.068243 0.12603 0.045032 -0.01693 -0.024188 0.014659 0.047921 0.099982 0.11311 0.086069 0.14523 0 -0.0094166 -0.027469 0.0064501 0.094991 -0.024479 0.13149 -0.040015 0.017431 0.011391 -0.021516 -0.028303 -0.01872 0.012642 -0.010603 0.031643 0.019114 -0.031558 -0.057611 0.00022226 0.060765 0.02475 -0.044753 -0.0085798 0.060843 0.063114 0.088719 0.067981 0.039405 0.058182 0.042599 0.050616 0.018055 -0.01809 0.082517 -0.041375 -0.012004 0.074273 0.1224 -0.018399 0.10707 0.0049666 0.018034 0.0028378 -0.022782 -0.0022045 -0.010315 0.028388 -0.011918 0.031921 0.020682 -0.010131 -0.029389 -0.0053145 0.071198 0.078872 -0.032836 0.057821 0.074516 0.068388 0.091646 0.087911 0.05056 0.073461 0.068178 0.093545 0.0059183 -0.01532 0.12023 -0.026491 -0.026157 0.063812 0.13604
-0.00047726 -0.003358 0.03109 0.0080742 -0.003937 0.43652 0.17366 0.034985 0.0721 0.048543 -0.01126 0.026284 0.009317 -0.0094166 0 0.21352 0.042031 0.067228 0.05199 0.040552 0.13072 0.085689 0.1094 0.22897 0.22536 0.1279 0.32265 0.12329 0.090822 0.10471 0.30579 0.17484 0.27236 0.072649 -0.03611 -0.0089091 -0.043272 0.068823 0.076675 0.083737 0.058131 0.25722 0.23824 -0.021267 0.16026 0.076026 0.21548 -0.082255 0.04486 0.13159 0.097864 0.084773 0.042752 0.043465 0.056692 0.074113 0.10205 0.22645 0.15718 0.13317 0.30041 0.11185 0.059381 0.09823 0.26755 0.15553 0.27679 0.062671 -0.079505 -0.044713 -0.067783 0.057493 0.10482 0.065645 0.052446 0.24608 0.17707 -0.061254 0.10275 0.068721 0.20825 -0.079619 0.032863 0.14095 0.1015 0.079847
-0.09688 -0.096424 -0.032479 -0.016308 -0.027587 0.16752 0.25192 0.0029923 -0.020967 -0.055137 -0.11066 -0.032257 -0.0085269 -0.027469 0.21352 0 0.015657 -0.0063204 0.11725 -0.032788 0.043754 0.024358 0.073087 0.17001 0.046536 0.11881 -0.0081653 0.022904 0.016912 0.031991 0.1363 0.12503 0.094692 0.01757 0.0073244 0.043276 0.048765 -0.051836 0.040208 -0.10704 0.070247 -0.028696 0.0051539 -0.10852 0.043407 0.032653 0.2041 -0.063677 0.041688 0.10668 0.012338 0.029314 0.10595 -0.035347 -0.023159 0.013465 0.040791 0.17849 -0.009037 0.11866 -0.026994 0.020833 -0.0005453 0.026461 0.098859 0.087649 0.10056 0.023148 -0.020209 -0.0097363 0.011985 -0.063319 0.05857 -0.12557 0.07583 -0.048094 -0.027049 -0.14156 -0.01085 0.041116 0.21227 -0.083904 0.026108 0.13311 0.0031873 0.024149
0.041676 0.055303 0.11916 0.096994 0.022391 0.040483 -0.010466 0.10957 0.05126 0.031576 0.094169 0.1465 0.11808 0.0064501 0.042031 0.015657 0 0.069087 -0.022209 0.089435 -0.049884 0.0314 0.016652 -0.003971 -0.018539 -0.035357 0.080211 0.034509 0.016313 0.033668 0.057269 -0.066295 0.0093822 0.03205 -0.021742 -0.078973 -0.061187 0.048713 0.0066031 0.064654 -0.0039023 0.073364 0.12397 -0.014221 0.019369 0.0045816 0.013529 -0.028604 -0.013735 -0.014358 0.042553 0.062403 -0.011458 0.077617 -0.038022 0.032394 0.007637 0.01852 -0.019989 -0.013805 0.070402 0.029976 0.02412 0.023283 0.049907 -0.035996 0.023278 0.037361 -0.011984 -0.10269 -0.024999 0.052081 -0.0023037 0.072262 0.0021797 0.074288 0.11656 0.016895 0.01652 0.0054712 0.022248 0.017932 -0.016247 -0.0033045 0.047276 0.07143
0.26446 0.21066 0.15545 0.14968 0.062052 0.069147 -0.032047 0.066357 0.19831 0.23019 0.25283 0.15484 0.1598 0.094991 0.067228 -0.0063204 0.069087 0 -0.059744 0.16425 0.036702 0.055243 0.040234 0.011583 0.05942 0.031272 0.12089 0.024891 0.091363 0.094063 0.015146 -0.026043 0.071341 0.096781 0.027849 -0.053269 -0.0073693 0.16723 0.080483 0.18531 0.066588 0.15784 0.13503 0.11398 0.082232 0.061855 0.010134 0.13326 -0.036089 0.027323 0.1687 0.19172 -0.0084229 0.18155 0.10314 0.066635 0.025258 0.010717 0.11064 0.040213 0.1489 0.027613 0.1171 0.082436 0.066633 0.022217 0.057525 0.11413 0.11905 0.014455 0.084406 0.18428 0.074807 0.20271 0.086913 0.1941 0.14311 0.15204 0.16614 0.056016 0.021234 0.17246 0.0027294 0.00094837 0.13655 0.21439
-0.1547 -0.10819 -0.034525 -0.052109 -0.016717 0.068631 0.15458 -0.033067 -0.047413 -0.074314 -0.18877 -0.075128 -0.056387 -0.024479 0.05199 0.11725 -0.022209 -0.059744 0 -0.034671 0.2268 0.0374 0.042878 0.26363 0.19328 0.26758 -0.17328 0.080948 0.07535 0.071116 0.011976 0.55234 0.0016981 -0.0085288 0.49128 0.21447 0.54694 -0.040833 0.073947 -0.10056 0.17487 -0.074246 -0.13832 0.017063 0.17953 0.094957 0.72807 0.25087 0.10914 0.15443 0.17146 0.13506 0.66125 -0.04175 0.039973 0.020188 0.021272 0.22108 0.018833 0.18931 -0.20809 0.082143 0.012422 0.062243 -0.061292 0.31594 0.025273 0.0095416 0.23307 0.15524 0.26767 -0.076526 0.11435 -0.16442 0.1365 -0.14304 -0.12089 -0.09156 0.024848 0.065123 0.6147 0.06059 0.05172 0.16349 0.17353 0.10103
0.23066 0.25649 0.20028 0.29668 0.10548 0.044483 -0.037601 0.091129 0.16269 0.22627 0.28673 0.20766 0.27042 0.13149 0.040552 -0.032788 0.089435 0.16425 -0.034671 0 -0.11202 0.17744 0.052366 0.028649 -0.11647 -0.010863 0.0083323 0.039137 0.20771 0.19999 -0.092061 -0.27053 0.012165 0.39877 0.201 -0.22076 0.011979 0.28875 0.32998 0.41187 0.40172 0.093849 0.27754 0.25411 0.32032 0.27404 0.049576 0.37507 -0.13061 -0.042241 0.28748 0.56368 0.021292 0.58275 -0.097945 0.1913 0.0088348 0.014772 -0.10546 0.011308 0.058022 0.045418 0.18529 0.17161 -0.039668 -0.23617 0.030677 0.37624 0.29963 -0.23576 0.11944 0.28882 0.28382 0.43774 0.39921 0.16325 0.27719 0.2453 0.29208 0.22539 0.050281 0.46863 -0.15718 -0.079237 0.2389 0.55513
0.062601 0.045188 0.11534 -0.032392 0.000709 0.14368 0.047547 -0.060203 0.0072406 0.261 -0.017092 0.060859 -0.03689 -0.040015 0.13072 0.043754 -0.049884 0.036702 0.2268 -0.11202 0 -0.1429 0.068387 0.17889 0.72221 0.56218 0.19325 -0.070175 0.28114 -0.093332 0.10754 0.484 0.16106 -0.087357 0.55636 0.47083 0.54415 -0.12657 -0.012724 0.10966 0.11823 0.31306 -0.048413 0.70379 0.40808 0.3822 0.064578 0.46043 0.023701 0.0091821 -0.011087 -0.040529 0.036223 -0.11445 0.65602 -0.19521 0.062953 0.10325 0.52806 0.30554 0.058455 -0.033521 0.095752 -0.090858 0.05135 0.31118 0.11844 -0.07515 0.26606 0.36956 0.21074 -0.13264 -0.0012245 -0.010906 0.048587 0.15266 -0.12116 0.28125 0.092035 0.16421 0.052341 0.09484 0.070716 0.020018 -0.0002747 -0.095718
-0.017314 0.09425 0.0084586 0.039878 0.0038758 0.10032 0.027207 0.026601 0.069846 0.010779 0.076125 -0.017869 0.037265 0.017431 0.085689 0.024358 0.0314 0.055243 0.0374 0.17744 -0.1429 0 0.019476 0.32297 0.043929 -0.13636 0.13101 0.244 0.041414 0.91777 0.011911 -0.15143 0.15808 0.36158 -0.069854 -0.18623 -0.13416 0.87644 0.30627 0.094867 0.29119 0.28669 0.080413 -0.021496 0.087137 0.64361 0.18094 0.028919 -0.033754 0.015313 0.20709 0.2424 0.080022 0.16872 -0.23601 0.97341 0.004033 0.36737 -0.064666 -0.077487 0.16484 0.31318 -0.0041639 0.90747 -0.005854 -0.18542 0.16545 0.33534 -0.092393 -0.25056 -0.14252 0.83835 0.35385 0.090175 0.30742 0.31886 0.092377 -0.077509 0.0054377 0.58787 0.16533 0.068053 -0.071177 0.017066 0.1743 0.22057
0.022647 0.019755 0.010291 0.01043 0.011173 0.13497 0.074184 0.00017212 0.018489 0.04882 0.015077 -0.008134 0.015216 0.011391 0.1094 0.073087 0.016652 0.040234 0.042878 0.052366 0.068387 0.019476 0 0.16105 0.1113 0.14147 0.059308 0.035899 0.095393 0.043849 0.092619 0.10787 0.098255 0.032386 0.066578 0.039799 0.070039 0.02611 0.048028 0.042368 0.056557 0.044763 0.060379 0.042493 0.070711 0.089455 0.10981 0.06333 0.03096 0.10324 0.050716 0.10203 0.018668 0.02423 0.037906 0.0083905 0.053749 0.13259 0.075975 0.11435 0.057521 0.027256 0.059908 0.042667 0.083903 0.074094 0.083718 0.009282 0.05431 0.016132 0.042261 0.017341 0.037936 0.032884 0.048195 0.058906 0.032455 -0.0040882 0.047162 0.075049 0.08025 0.037026 0.017381 0.051719 0.030122 0.090102
-0.0569 -0.053527 -0.037649 -0.019119 -0.011235 0.2194 0.17922 -0.008398 0.0057327 -0.084125 -0.069835 -0.054602 -0.02295 -0.021516 0.22897 0.17001 -0.003971 0.011583 0.26363 0.028649 0.17889 0.32297 0.16105 0 0.30968 0.34969 0.071194 0.53799 0.10351 0.51253 0.1706 0.19615 0.32943 0.10335 0.12949 0.0357 0.096705 0.27723 0.099352 -0.047837 0.14889 0.10163 0.04365 -0.015976 0.092662 0.50398 0.3446 0.016628 0.064195 0.14965 0.12274 0.14549 0.25086 0.048151 0.053005 0.29422 0.10659 0.81079 0.188 0.35345 0.073617 0.49943 0.078536 0.50995 0.13725 0.18778 0.34833 0.11414 0.11565 -0.022828 0.13568 0.20131 0.15129 -0.03382 0.18574 0.14705 0.042314 -0.063385 0.059027 0.50226 0.27974 0.0050621 0.042049 0.13819 0.096345 0.10835
0.057345 0.06156 0.030185 -0.090606 -0.018462 0.24195 0.067386 -0.046275 0.030752 0.21237 0.0091375 -0.0019579 -0.091749 -0.028303 0.22536 0.046536 -0.018539 0.05942 0.19328 -0.11647 0.72221 0.043929 0.1113 0.30968 0 0.51621 0.53536 0.057583 0.1778 0.092948 0.31224 0.63594 0.40615 -0.034524 0.24766 0.36567 0.25336 0.0050318 -0.059555 0.21026 -0.10097 0.70045 0.11205 0.52702 0.37143 0.36249 0.096503 0.23473 0.15863 0.10778 0.0079099 -0.083103 0.04189 -0.13041 0.50265 -0.03545 0.066581 0.21884 0.7453 0.30984 0.41195 0.057917 0.04239 0.079158 0.26032 0.52477 0.32611 -0.039261 0.060033 0.24663 0.078032 -0.014232 -0.058762 0.064373 -0.12023 0.51624 0.035565 0.16159 0.16527 0.15934 0.069745 -0.0061613 0.21252 0.13065 0.020884 -0.12758
0.1354 0.045261 0.048054 0.01461 0.0051004 0.12607 0.1308 -0.022961 0.0098269 0.22708 -0.018475 0.02966 0.0031539 -0.01872 0.1279 0.11881 -0.035357 0.031272 0.26758 -0.010863 0.56218 -0.13636 0.14147 0.34969 0.51621 0 -0.012338 0.084531 0.24986 -0.07831 0.067264 0.44915 0.11493 -0.03186 0.44283 0.3865 0.47117 -0.12421 0.021749 0.035506 0.13816 -0.022931 -0.077706 0.40218 0.22289 0.38127 0.17648 0.43427 0.01745 0.11984 0.0014552 0.10193 0.13016 -0.01225 0.33375 -0.1673 0.08916 0.26013 0.32589 0.56141 -0.10849 0.048101 0.13943 -0.076946 -0.0092444 0.29931 0.055124 -0.044547 0.27201 0.25564 0.31285 -0.14491 0.0013484 -0.0050068 0.075995 -0.059082 -0.10802 0.13017 0.032137 0.2636 0.13314 0.21233 0.034405 0.085197 0.0061272 0.047321
0.0901 0.14014 0.08151 0.0082159 -0.0069741 0.3392 0.00040648 0.055296 0.12646 0.14158 0.1425 0.081763 -0.0030627 0.012642 0.32265 -0.0081653 0.080211 0.12089 -0.17328 0.0083323 0.19325 0.13101 0.059308 0.071194 0.53536 -0.012338 0 0.025211 0.040321 0.12306 0.50132 0.21745 0.38687 0.078069 -0.23188 -0.040062 -0.24798 0.15313 0.047042 0.41252 -0.13297 0.81397 0.46288 0.090485 0.25335 -0.011108 -0.0069924 -0.15845 0.13485 0.046393 0.12388 -0.029867 -0.15468 0.0074636 0.075503 0.088225 0.057414 0.058288 0.34362 -0.048501 0.76682 0.052786 -0.02941 0.11075 0.46004 0.21478 0.30952 0.058154 -0.30617 -0.11166 -0.2689 0.17814 0.057539 0.27826 -0.12791 0.71075 0.33592 -0.043118 0.17669 -0.10489 0.009635 -0.19806 0.11936 0.060309 0.10048 -0.054787
0.027109 0.081672 0.010206 0.028719 -0.0084296 0.12677 0.067731 0.021039 0.023748 -0.058531 0.06789 0.02144 0.052859 -0.010603 0.12329 0.022904 0.034509 0.024891 0.080948 0.039137 -0.070175 0.244 0.035899 0.53799 0.057583 0.084531 0.025211 0 0.053136 0.41703 0.10395 0.019442 0.050143 0.056166 -0.0058605 -0.01597 0.0083455 0.3337 0.014297 0.035525 0.068664 -0.021859 0.08194 -0.095038 -0.019743 0.30051 0.16868 -0.11118 0.015374 0.053494 0.12534 0.11733 0.14704 0.07638 -0.058511 0.25199 0.027013 0.55495 0.012211 0.16401 0.027029 0.95199 0.089015 0.34681 0.079061 0.058819 0.080352 0.057168 0.092279 -0.01676 0.097934 0.32415 0.091752 0.042856 0.14013 0.017734 0.080996 -0.056802 0.017604 0.3586 0.1356 0.010471 0.027759 0.048193 0.10213 0.12435
0.1883 0.14409 0.19231 0.14737 0.07162 0.086567 0.014181 0.024366 0.077442 0.20412 0.12425 0.18592 0.13617 0.031643 0.090822 0.016912 0.016313 0.091363 0.07535 0.20771 0.28114 0.041414 0.095393 0.10351 0.1778 0.24986 0.040321 0.053136 0 0.054803 0.050835 0.078759 0.058996 0.070613 0.42891 0.28946 0.46894 0.097223 0.033852 0.26107 0.12213 0.091931 0.20071 0.44504 0.2906 0.19575 0.069439 0.39969 -0.038461 0.049354 0.13339 0.32728 0.080492 0.19891 0.22806 0.023871 0.053456 0.071784 0.15602 0.16354 -0.0055459 0.048739 0.3974 0.043214 0.049446 0.06621 0.019329 0.04429 0.37074 0.23555 0.42822 0.087291 0.035276 0.19721 0.1074 0.071819 0.15647 0.27413 0.21983 0.090272 0.063976 0.28317 0.0019185 -0.0024285 0.12096 0.31115
0.0050827 0.13279 0.029838 0.052838 0.008185 0.12571 0.03911 0.015198 0.099175 0.014596 0.11418 0.0094583 0.04821 0.019114 0.10471 0.031991 0.033668 0.094063 0.071116 0.19999 -0.093332 0.91777 0.043849 0.51253 0.092948 -0.07831 0.12306 0.41703 0.054803 0 0.032065 -0.13214 0.22196 0.37114 -0.033139 -0.17023 -0.07846 0.91251 0.33304 0.11486 0.29161 0.24963 0.089531 -0.015404 0.079047 0.66172 0.21426 0.065351 -0.020204 0.01291 0.27723 0.28345 0.088578 0.18094 -0.16777 0.90821 0.013399 0.52395 -0.0049002 0.0037389 0.16142 0.46209 0.03771 0.92623 0.010589 -0.13709 0.23393 0.33693 -0.0057659 -0.20711 -0.05674 0.87321 0.37418 0.12152 0.31757 0.30564 0.096816 -0.05511 0.028959 0.62793 0.18675 0.14215 -0.048771 0.0033124 0.23703 0.2622
-0.15746 -0.03373 -0.0075858 -0.030134 -0.028078 0.29831 0.16559 0.067255 0.020419 -0.021611 -0.064079 -0.047681 -0.067251 -0.031558 0.30579 0.1363 0.057269 0.015146 0.011976 -0.092061 0.10754 0.011911 0.092619 0.1706 0.31224 0.067264 0.50132 0.10395 0.050835 0.032065 0 0.37135 0.27045 -0.015737 -0.16872 0.083492 -0.095765 -0.0040703 0.016476 -0.018467 -0.069336 0.39545 0.39228 -0.21553 0.26117 -0.095914 0.19026 -0.29928 0.27846 0.17791 0.0299 -0.081744 -0.040468 -0.11834 -0.14742 -0.0024474 0.037355 0.17724 0.061038 0.015491 0.36996 0.12848 -0.094205 0.026972 0.55143 0.23501 0.22002 -0.021329 -0.34804 -0.09608 -0.27115 -0.017623 0.038362 -0.1238 -0.089438 0.22001 0.22241 -0.38791 0.031275 -0.11993 0.15453 -0.35579 0.21451 0.16681 0.026828 -0.11974
-0.11559 -0.10759 -0.072422 -0.15819 -0.034319 0.20666 0.16711 -0.059393 -0.052351 0.049218 -0.18921 -0.13535 -0.16494 -0.057611 0.17484 0.12503 -0.066295 -0.026043 0.55234 -0.27053 0.484 -0.15143 0.10787 0.19615 0.63594 0.44915 0.21745 0.019442 0.078759 -0.13214 0.37135 0 0.1483 -0.20511 0.21164 0.58772 0.36872 -0.20377 -0.12038 -0.083311 -0.14216 0.25483 -0.0082972 0.042037 0.35457 -0.11251 0.37482 0.10512 0.31327 0.27788 -0.077289 -0.19569 0.23949 -0.28433 0.19191 -0.20148 0.074053 0.14193 0.32113 0.27357 0.054514 0.024533 -0.060965 -0.11559 0.19887 0.73824 0.088261 -0.19051 -0.1038 0.38949 0.0020354 -0.22896 -0.10202 -0.22288 -0.1859 -0.0042077 -0.10811 -0.23128 0.056556 -0.15081 0.27551 -0.21391 0.31704 0.26799 -0.053221 -0.21972
0.012536 0.013196 -0.025431 -0.0189 -0.0089688 0.27268 0.068952 0.023194 0.065232 0.040206 0.012274 -0.030265 -0.019697 0.00022226 0.27236 0.094692 0.0093822 0.071341 0.0016981 0.012165 0.16106 0.15808 0.098255 0.32943 0.40615 0.11493 0.38687 0.050143 0.058996 0.22196 0.27045 0.1483 0 0.10404 -0.045846 -0.026313 -0.074091 0.13457 0.060108 0.068728 -0.022145 0.44174 0.21003 0.064105 0.14487 0.1457 0.14749 -0.05902 0.052791 0.093738 0.095215 0.046313 0.036006 0.004987 0.11892 0.12261 0.069183 0.28431 0.3016 0.1099 0.37956 0.057135 0.01456 0.21663 0.27268 0.17948 0.44147 0.083577 -0.073534 -0.025373 -0.043203 0.11159 0.045185 0.050047 -0.016271 0.41522 0.15698 -0.0045483 0.13289 0.087195 0.13976 -0.071861 0.078976 0.10109 0.068714 0.0074145
0.13098 0.17545 0.054611 0.19667 0.023824 0.072688 0.015519 0.048479 0.12305 0.19831 0.12764 0.040986 0.16559 0.060765 0.072649 0.01757 0.03205 0.096781 -0.0085288 0.39877 -0.087357 0.36158 0.032386 0.10335 -0.034524 -0.03186 0.078069 0.056166 0.070613 0.37114 -0.015737 -0.20511 0.10404 0 0.13499 -0.21684 -0.004874 0.42838 0.52818 0.28147 0.59559 0.21543 0.1005 0.15595 0.32442 0.38585 0.16464 0.35758 -0.072504 -0.014197 0.36812 0.4939 0.030052 0.35617 -0.10208 0.34036 0.0016245 0.088931 -0.065723 -0.033325 0.1061 0.050776 0.047003 0.33762 -0.0259 -0.21382 0.13791 0.77853 0.1816 -0.22857 0.06673 0.40657 0.452 0.3359 0.53682 0.27061 0.09168 0.1435 0.25738 0.31318 0.16105 0.4206 -0.1017 -0.037751 0.32311 0.46339
0.093739 0.11221 0.22609 0.17542 0.071225 -0.031125 0.022303 -0.026217 0.037412 0.22956 0.03119 0.19277 0.14701 0.02475 -0.03611 0.0073244 -0.021742 0.027849 0.49128 0.201 0.55636 -0.069854 0.066578 0.12949 0.24766 0.44283 -0.23188 -0.0058605 0.42891 -0.033139 -0.16872 0.21164 -0.045846 0.13499 0 0.38348 0.84464 0.0029434 0.097727 0.10157 0.36976 -0.088909 -0.1129 0.57157 0.49566 0.30923 0.24148 0.67744 -0.058294 0.010243 0.12862 0.38225 0.25981 0.19669 0.34673 -0.088216 0.025908 0.063496 0.13188 0.2102 -0.29319 -0.0092586 0.28593 -0.035408 -0.2001 0.048531 -0.048654 0.11622 0.67182 0.26612 0.60437 -0.02104 0.091581 0.036737 0.31284 -0.14791 -0.11456 0.24612 0.24755 0.18843 0.18923 0.46149 -0.050929 -0.030136 0.13142 0.33636
-0.066181 -0.068876 -0.013502 -0.096048 0.0036456 0.023913 0.077911 -0.084604 -0.060116 0.094201 -0.14742 -0.050651 -0.11014 -0.044753 -0.0089091 0.043276 -0.078973 -0.053269 0.21447 -0.22076 0.47083 -0.18623 0.039799 0.0357 0.36567 0.3865 -0.040062 -0.01597 0.28946 -0.17023 0.083492 0.58772 -0.026313 -0.21684 0.38348 0 0.61289 -0.17039 -0.14711 -0.12308 -0.086316 -0.080795 -0.16893 0.20419 0.21783 -0.082664 0.020086 0.18873 0.15313 0.085002 -0.081339 -0.12445 -0.014945 -0.23061 0.19292 -0.20059 0.043236 0.0070484 0.11607 0.17205 -0.2001 -0.017368 0.10427 -0.16297 -0.026259 0.26407 -0.040111 -0.19698 0.086669 0.56258 0.21739 -0.18506 -0.11483 -0.2271 -0.10902 -0.28856 -0.24127 -0.13547 -0.098885 -0.14548 -0.012419 -0.071311 0.12286 0.072484 -0.066638 -0.13571
0.012396 0.0082328 0.13328 0.059643 0.051699 -0.019856 0.072276 -0.075142 -0.014295 0.19011 -0.064431 0.1078 0.047132 -0.0085798 -0.043272 0.048765 -0.061187 -0.0073693 0.54694 0.011979 0.54415 -0.13416 0.070039 0.096705 0.25336 0.47117 -0.24798 0.0083455 0.46894 -0.07846 -0.095765 0.36872 -0.074091 -0.004874 0.84464 0.61289 0 -0.078768 -0.020706 -0.036898 0.23987 -0.21881 -0.20628 0.42876 0.34512 0.1739 0.2284 0.55414 0.03594 0.03612 0.018483 0.19978 0.2755 -0.025522 0.29467 -0.14506 0.048908 0.036769 0.025855 0.23869 -0.34371 0.0069602 0.27743 -0.088034 -0.17179 0.10268 -0.082485 -0.014838 0.5087 0.46838 0.5987 -0.098679 0.011111 -0.12878 0.15866 -0.3232 -0.22207 0.08227 0.014756 0.071553 0.16299 0.24508 -0.02629 0.00095506 0.041199 0.16537
0.11981 0.23406 0.097655 0.13195 0.052054 0.086793 -0.0139 0.051014 0.17373 0.13196 0.23962 0.097033 0.13123 0.060843 0.068823 -0.051836 0.048713 0.16723 -0.040833 0.28875 -0.12657 0.87644 0.02611 0.27723 0.0050318 -0.12421 0.15313 0.3337 0.097223 0.91251 -0.0040703 -0.20377 0.13457 0.42838 0.0029434 -0.17039 -0.078768 0 0.4098 0.23872 0.36706 0.28392 0.12944 0.031297 0.11198 0.5682 0.096984 0.14212 -0.059642 -0.025072 0.32452 0.36866 -0.014986 0.28118 -0.1598 0.83907 0.0041988 0.29317 -0.041474 -0.058808 0.19272 0.40105 0.08917 0.87075 0.0011173 -0.19665 0.14219 0.39719 0.040626 -0.18355 -0.034128 0.96568 0.44217 0.2559 0.39839 0.33045 0.14855 0.033925 0.085958 0.5302 0.077216 0.26979 -0.068881 -0.049455 0.29066 0.36304
0.068265 0.13452 0.0086593 0.18811 0.073946 0.091216 0.054234 0.023416 0.097678 0.26459 0.05854 0.0072892 0.11134 0.063114 0.076675 0.040208 0.0066031 0.080483 0.073947 0.32998 -0.012724 0.30627 0.048028 0.099352 -0.059555 0.021749 0.047042 0.014297 0.033852 0.33304 0.016476 -0.12038 0.060108 0.52818 0.097727 -0.14711 -0.020706 0.4098 0 0.11282 0.89095 0.10367 0.023354 0.071524 0.32613 0.43305 0.30601 0.42231 -0.016576 0.03663 0.48853 0.60847 0.05222 0.29087 -0.15532 0.27774 0.0020594 0.083908 -0.13923 -0.032949 0.026001 0.0096572 -0.016999 0.30239 -0.021809 -0.20276 0.080732 0.47706 0.075572 -0.22608 -0.079492 0.37297 0.89414 0.14507 0.78596 0.10865 0.0014957 -0.030796 0.16017 0.33689 0.25487 0.39724 -0.096794 -0.019919 0.40231 0.5048
0.36176 0.33143 0.20186 0.21205 0.092332 0.09899 -0.12211 0.069897 0.19032 0.30862 0.34408 0.22483 0.21997 0.088719 0.083737 -0.10704 0.064654 0.18531 -0.10056 0.41187 0.10966 0.094867 0.042368 -0.047837 0.21026 0.035506 0.41252 0.035525 0.26107 0.11486 -0.018467 -0.083311 0.068728 0.28147 0.10157 -0.12308 -0.036898 0.23872 0.11282 0 0.096927 0.54023 0.36188 0.44116 0.29082 0.18683 -0.085534 0.3656 -0.07985 -0.05245 0.19834 0.35039 -0.079748 0.38198 0.16883 0.098111 0.043055 -0.05539 0.26064 0.065034 0.41791 0.037926 0.24412 0.073956 0.086515 0.01192 0.035667 0.23105 0.18538 -0.074677 0.10916 0.25808 0.092684 0.68956 0.12375 0.51705 0.33167 0.4425 0.33652 0.089205 -0.059684 0.38564 -0.086044 -0.085337 0.18903 0.36576
0.081237 0.11897 0.076912 0.27987 0.09108 0.057113 0.069315 0.016049 0.075163 0.27581 0.069526 0.063145 0.21557 0.067981 0.058131 0.070247 -0.0039023 0.066588 0.17487 0.40172 0.11823 0.29119 0.056557 0.14889 -0.10097 0.13816 -0.13297 0.068664 0.12213 0.29161 -0.069336 -0.14216 -0.022145 0.59559 0.36976 -0.086316 0.23987 0.36706 0.89095 0.096927 0 -0.065218 -0.028426 0.14912 0.48326 0.51549 0.31488 0.55494 -0.056283 0.013055 0.41963 0.63926 0.13199 0.35586 -0.072488 0.26161 0.0023623 0.12732 -0.20124 0.030154 -0.14159 0.072489 0.073438 0.27508 -0.11698 -0.24115 0.037199 0.56482 0.31723 -0.19148 0.10682 0.33584 0.81931 0.13182 0.91203 -0.015705 -0.040424 0.038824 0.27885 0.45196 0.26438 0.49704 -0.12458 -0.032843 0.33657 0.55715
0.182 0.1917 0.085988 0.037963 0.010133 0.26905 -0.035607 0.046005 0.15138 0.23072 0.19495 0.066521 0.023443 0.039405 0.25722 -0.028696 0.073364 0.15784 -0.074246 0.093849 0.31306 0.28669 0.044763 0.10163 0.70045 -0.022931 0.81397 -0.021859 0.091931 0.24963 0.39545 0.25483 0.44174 0.21543 -0.088909 -0.080795 -0.21881 0.28392 0.10367 0.54023 -0.065218 0 0.43156 0.31511 0.37068 0.17439 0.028823 0.074321 0.128 0.047264 0.12947 0.059938 -0.053343 0.078401 0.20585 0.23556 0.053495 0.0894 0.53933 -0.019675 0.77501 0.050412 -0.0011632 0.23415 0.39257 0.31074 0.36453 0.16853 -0.18786 -0.10873 -0.21581 0.2904 0.089258 0.41361 -0.062379 0.92 0.34908 0.1546 0.32123 0.022951 0.052889 0.0052084 0.15556 0.076055 0.13197 0.031674
0.089612 0.15853 0.17341 0.13047 0.056086 0.22916 -0.00085774 0.12128 0.13417 0.081149 0.186 0.17278 0.11495 0.058182 0.23824 0.0051539 0.12397 0.13503 -0.13832 0.27754 -0.048413 0.080413 0.060379 0.04365 0.11205 -0.077706 0.46288 0.08194 0.20071 0.089531 0.39228 -0.0082972 0.21003 0.1005 -0.1129 -0.16893 -0.20628 0.12944 0.023354 0.36188 -0.028426 0.43156 0 0.047749 0.34975 -0.030538 0.035486 -0.060714 0.044546 0.037799 0.15781 0.18151 -0.088472 0.26398 -0.064302 0.069515 0.043124 0.034568 0.053639 -0.05015 0.43055 0.087477 0.14355 0.068604 0.41694 0.067581 0.15736 0.086312 -0.10412 -0.1759 -0.10836 0.1274 0.015224 0.30893 -0.012912 0.38207 0.5769 0.032892 0.3205 -0.076491 0.062582 -0.015335 0.037436 0.046259 0.1396 0.17405
0.35905 0.21292 0.24732 0.1557 0.072179 -0.00017856 -0.12842 -0.0023715 0.10175 0.45411 0.19176 0.22475 0.13424 0.042599 -0.021267 -0.10852 -0.014221 0.11398 0.017063 0.25411 0.70379 -0.021496 0.042493 -0.015976 0.52702 0.40218 0.090485 -0.095038 0.44504 -0.015404 -0.21553 0.042037 0.064105 0.15595 0.57157 0.20419 0.42876 0.031297 0.071524 0.44116 0.14912 0.31511 0.047749 0 0.46092 0.42638 -0.11041 0.67399 -0.13022 -0.088586 0.086965 0.26253 -0.010343 0.21784 0.54982 -0.043795 0.035391 -0.052104 0.45238 0.22652 0.036132 -0.077156 0.28685 -0.034303 -0.14697 0.082384 0.020276 0.12607 0.44708 0.20733 0.31926 0.040865 0.018611 0.37357 0.11624 0.28436 0.02955 0.70632 0.27338 0.22091 -0.079769 0.45997 -0.091108 -0.12666 0.080707 0.20885
0.032461 0.1624 0.19477 0.16424 0.066287 0.17376 0.059977 0.010716 0.076284 0.27267 0.076487 0.11571 0.12472 0.050616 0.16026 0.043407 0.019369 0.082232 0.17953 0.32032 0.40808 0.087137 0.070711 0.092662 0.37143 0.22289 0.25335 -0.019743 0.2906 0.079047 0.26117 0.35457 0.14487 0.32442 0.49566 0.21783 0.34512 0.11198 0.32613 0.29082 0.48326 0.37068 0.34975 0.46092 0 0.2984 0.16744 0.48871 0.11294 0.059586 0.19657 0.31256 0.035065 0.24527 0.11328 0.035513 0.046115 0.057197 0.061332 0.086875 0.11003 0.0034312 0.052402 0.068838 0.12911 0.10256 0.12504 0.31783 0.17534 -0.035963 0.052208 0.086864 0.27632 0.15786 0.40035 0.15164 0.17424 0.039682 0.51918 0.16341 0.16568 0.22485 0.089532 0.047226 0.17831 0.25437
0.18181 0.12803 0.061295 0.11854 0.016115 0.082392 0.030112 0.010201 0.057608 0.25103 0.093091 0.078056 0.10472 0.018055 0.076026 0.032653 0.0045816 0.061855 0.094957 0.27404 0.3822 0.64361 0.089455 0.50398 0.36249 0.38127 -0.011108 0.30051 0.19575 0.66172 -0.095914 -0.11251 0.1457 0.38585 0.30923 -0.082664 0.1739 0.5682 0.43305 0.18683 0.51549 0.17439 -0.030538 0.42638 0.2984 0 0.097542 0.52265 -0.068409 -0.011591 0.18782 0.37684 0.074933 0.25869 0.18982 0.60524 0.04591 0.46137 0.20483 0.31883 0.035965 0.26891 0.13454 0.66259 -0.087639 -0.1273 0.15608 0.35057 0.31699 -0.10575 0.17349 0.55216 0.37429 0.20491 0.47093 0.27278 -0.012063 0.25644 0.17236 0.9368 0.049214 0.44501 -0.074667 -0.037137 0.16494 0.32917
-0.17885 -0.11357 -0.074517 -0.025034 0.0056731 0.21959 0.23603 0.0053558 -0.0034137 -0.13337 -0.16674 -0.099326 -0.050403 -0.01809 0.21548 0.2041 0.013529 0.010134 0.72807 0.049576 0.064578 0.18094 0.10981 0.3446 0.096503 0.17648 -0.0069924 0.16868 0.069439 0.21426 0.19026 0.37482 0.14749 0.16464 0.24148 0.020086 0.2284 0.096984 0.30601 -0.085534 0.31488 0.028823 0.035486 -0.11041 0.16744 0.097542 0 0.11458 0.071343 0.22458 0.56693 0.31559 0.58883 0.046652 -0.075574 0.14787 0.07322 0.32947 -0.044839 0.093983 -0.054183 0.14704 0.019498 0.199 0.11485 0.20001 0.16098 0.19976 0.11005 -0.050108 0.074079 0.032162 0.33789 -0.096179 0.30766 0.0058667 0.038261 -0.17902 0.067305 0.11582 0.85102 0.058397 0.03375 0.20698 0.46874 0.26077
0.34774 0.23101 0.18226 0.24715 0.10872 -0.067835 -0.060414 -0.00019397 0.1134 0.38905 0.21736 0.18147 0.22538 0.082517 -0.082255 -0.063677 -0.028604 0.13326 0.25087 0.37507 0.46043 0.028919 0.06333 0.016628 0.23473 0.43427 -0.15845 -0.11118 0.39969 0.065351 -0.29928 0.10512 -0.05902 0.35758 0.67744 0.18873 0.55414 0.14212 0.42231 0.3656 0.55494 0.074321 -0.060714 0.67399 0.48871 0.52265 0.11458 0 -0.092706 -0.041263 0.2906 0.58191 0.18778 0.36504 0.38048 0.017449 0.02245 -0.045896 0.27978 0.28748 -0.15418 -0.085086 0.31975 0.045515 -0.26659 0.10869 -0.05134 0.30052 0.62579 0.21786 0.50388 0.13909 0.31614 0.33335 0.48426 0.12614 -0.032362 0.50754 0.3978 0.37799 0.094573 0.83132 -0.074658 -0.081808 0.22745 0.51836
-0.10431 -0.048913 -0.053817 -0.071026 -0.029604 0.056195 0.046053 -0.0042394 -0.028966 -0.022982 -0.089546 -0.085148 -0.086442 -0.041375 0.04486 0.041688 -0.013735 -0.036089 0.10914 -0.13061 0.023701 -0.033754 0.03096 0.064195 0.15863 0.01745 0.13485 0.015374 -0.038461 -0.020204 0.27846 0.31327 0.052791 -0.072504 -0.058294 0.15313 0.03594 -0.059642 -0.016576 -0.07985 -0.056283 0.128 0.044546 -0.13022 0.11294 -0.068409 0.071343 -0.092706 0 0.093536 -0.074914 -0.13153 0.036855 -0.14926 -0.10309 -0.029581 0.008125 0.058535 -0.014751 0.012033 0.064408 0.026466 -0.1022 -0.019336 0.15443 0.19679 0.032275 -0.059307 -0.17274 0.053422 -0.12701 -0.055151 0.0020914 -0.16315 -0.076538 0.0026242 -0.010053 -0.26466 -0.020412 -0.053082 0.061685 -0.19338 0.21792 0.088995 -0.040049 -0.1478
-0.064014 -0.055334 -0.048837 -0.019968 -0.020675 0.15053 0.13317 0.0013297 -0.019885 -0.0054213 -0.076668 -0.067802 -0.04636 -0.012004 0.13159 0.10668 -0.014358 0.027323 0.15443 -0.042241 0.0091821 0.015313 0.10324 0.14965 0.10778 0.11984 0.046393 0.053494 0.049354 0.01291 0.17791 0.27788 0.093738 -0.014197 0.010243 0.085002 0.03612 -0.025072 0.03663 -0.05245 0.013055 0.047264 0.037799 -0.088586 0.059586 -0.011591 0.22458 -0.041263 0.093536 0 0.030953 0.0242 0.094831 -0.064778 -0.053491 0.004571 0.039832 0.12366 0.01904 0.091109 0.027351 0.046022 -0.026807 0.027519 0.13244 0.20447 0.067858 -0.014941 -0.03929 0.023798 -0.025431 -0.035538 0.022523 -0.091387 -0.0086352 0.010228 0.0055351 -0.14285 0.028753 -0.014935 0.19308 -0.082147 0.1007 0.16785 0.017049 0.0087012
0.034399 0.16603 0.072173 0.13052 0.063215 0.11693 0.015148 0.045577 0.12196 0.03706 0.16721 0.067356 0.12171 0.074273 0.097864 0.012338 0.042553 0.1687 0.17146 0.28748 -0.011087 0.20709 0.050716 0.12274 0.0079099 0.0014552 0.12388 0.12534 0.13339 0.27723 0.0299 -0.077289 0.095215 0.36812 0.12862 -0.081339 0.018483 0.32452 0.48853 0.19834 0.41963 0.12947 0.15781 0.086965 0.19657 0.18782 0.56693 0.2906 -0.074914 0.030953 0 0.50173 0.22984 0.2964 0.003416 0.20617 0.038758 0.13065 0.021711 -0.0065802 0.1065 0.11599 0.13584 0.24867 0.053799 -0.053213 0.11376 0.35745 0.18323 -0.077831 0.092114 0.29704 0.45282 0.24132 0.41012 0.17803 0.16634 0.083777 0.20265 0.17479 0.53558 0.36038 -0.045551 -0.0047489 0.65102 0.45967
0.22786 0.28647 0.18427 0.34946 0.1439 0.083899 0.029083 0.087751 0.18283 0.22732 0.27912 0.19199 0.31737 0.1224 0.084773 0.029314 0.062403 0.19172 0.13506 0.56368 -0.040529 0.2424 0.10203 0.14549 -0.083103 0.10193 -0.029867 0.11733 0.32728 0.28345 -0.081744 -0.19569 0.046313 0.4939 0.38225 -0.12445 0.19978 0.36866 0.60847 0.35039 0.63926 0.059938 0.18151 0.26253 0.31256 0.37684 0.31559 0.58191 -0.13153 0.0242 0.50173 0 0.16113 0.53907 -0.0077719 0.23649 0.054272 0.10392 -0.038224 0.073784 0.0067315 0.11877 0.32136 0.25421 -0.052281 -0.14891 0.061759 0.46303 0.48751 -0.090465 0.33075 0.35851 0.53393 0.40215 0.61116 0.16361 0.20001 0.26414 0.33577 0.32866 0.28057 0.64672 -0.13113 -0.029755 0.41013 0.76994
-0.045838 -0.12198 -0.031904 -0.021074 -0.0097701 0.035837 0.094962 -0.019739 -0.035175 -0.15074 -0.14409 -0.028995 0.0017027 -0.018399 0.042752 0.10595 -0.011458 -0.0084229 0.66125 0.021292 0.036223 0.080022 0.018668 0.25086 0.04189 0.13016 -0.15468 0.14704 0.080492 0.088578 -0.040468 0.23949 0.036006 0.030052 0.25981 -0.014945 0.2755 -0.014986 0.05222 -0.079748 0.13199 -0.053343 -0.088472 -0.010343 0.035065 0.074933 0.58883 0.18778 0.036855 0.094831 0.22984 0.16113 0 0.034199 0.16721 0.087043 0.034753 0.27728 0.15886 0.20044 -0.14982 0.09579 0.11494 0.083037 -0.027537 0.41193 0.04309 0.048137 0.39434 0.15419 0.44495 -0.048397 0.0962 -0.044871 0.17918 0.013395 -0.040939 0.027385 0.229 0.073816 0.71302 0.18951 0.051233 0.16796 0.20345 0.15052
