0,0.316645801067352,0.250441789627075,0.276575267314911,0.0844027698040009,-0.0260524116456509,-0.104874417185783,0.0459093227982521,0.20244924724102,0.686307787895203,0.396698594093323,0.340711921453476,0.295553714036942,0.105421602725983,-0.00970832817256451,-0.104648664593697,0.0307639110833406,0.258952647447586,-0.160649254918098,0.246169418096542,0.0588066391646862,-0.0755745321512222,0.0230344776064157,-0.100231729447842,0.0386568568646908,0.139390766620636,0.0828633680939674,-0.0228157974779606,0.203840300440788,-0.0540797971189022,-0.167923331260681,-0.105279639363289,0.0133366091176867,0.105743423104286,0.0997001379728317,-0.0599034167826176,0.0385772623121738,0.0649678632616997,0.00897993985563517,0.364075005054474,0.0491059720516205,0.182506069540977,0.0909090861678123,0.383563697338104,0.0546234846115112,0.128721535205841,-0.159594789147377,0.381529152393341,-0.103084668517113,-0.058694526553154,0.0560201779007912,0.239241197705269,-0.0332674905657768,0.29816722869873,0.418220371007919,-0.0693973675370216,0.0401082001626492,-0.125743135809898,0.330211609601974,0.223297655582428,0.17139108479023,-0.0443384349346161,0.329825133085251,-0.091340683400631,-0.0471766777336597,0.109221220016479,0.0163420904427767,0.125598520040512,0.424721926450729,0.204394429922104,0.314941763877869,0.0927262529730797,0.019144743680954,0.450034737586975,0.151300936937332,0.30330815911293,0.170038133859634,0.585387706756592,0.407559663057327,0.157803565263748,-0.117026083171368,0.553384304046631,-0.0219652969390154,-0.0880307331681252,0.0509057715535164,0.293087750673294
0.316645801067352,0,0.221060544252396,0.247120514512062,0.101549729704857,0.00900905393064022,-0.082376092672348,0.0639266893267632,0.213385984301567,0.331781178712845,0.472544372081757,0.237746819853783,0.233218133449554,0.0915187522768974,-0.0080075291916728,-0.0946183651685715,0.047437522560358,0.206440031528473,-0.104388944804668,0.25332498550415,0.0333818905055523,0.0725491940975189,0.0176777988672256,-0.0695564672350883,0.0259354952722788,0.0354849547147751,0.120820574462414,0.0676549822092056,0.142223715782166,0.106220707297325,-0.0410497896373272,-0.114495396614075,0.0128939533606172,0.155312597751617,0.103386253118515,-0.0776142776012421,0.00607091933488846,0.200580105185509,0.11253597587347,0.313402891159058,0.101345956325531,0.173496723175049,0.152050673961639,0.201856389641762,0.163146466016769,0.103230729699135,-0.0918066427111626,0.219050288200378,-0.0551622696220875,-0.0518745593726635,0.163126349449158,0.270344734191895,-0.118258662521839,0.24726727604866,0.0514399632811546,0.0673249661922455,0.00948334485292435,-0.0946344062685966,0.0349110327661037,-0.0183965563774109,0.109142892062664,0.0534560866653919,0.11923161894083,0.0659272074699402,-0.0313451737165451,-0.103070005774498,-0.019731754437089,0.088607095181942,0.154232084751129,-0.0410425253212452,0.0659358650445938,0.236791968345642,0.059964295476675,0.301565706729889,0.0730011537671089,0.160473003983498,0.135778397321701,0.163450494408607,0.146824225783348,0.0443920604884624,-0.113888800144196,0.201343402266502,-0.0614709183573723,-0.0698513835668564,0.136286973953247,0.249157875776291
0.250441789627075,0.221060544252396,0,0.374640792608261,0.111007995903492,0.0206432919949293,-0.0217167977243662,0.140254229307175,0.13326171040535,0.267010897397995,0.245972171425819,0.557539463043213,0.361842006444931,0.0618386380374432,0.021689098328352,-0.020544596016407,0.113075032830238,0.145575687289238,-0.0271833948791027,0.207890138030052,0.104865878820419,-0.0172505360096693,0.00424686213955283,-0.0564295016229153,0.00289589841850102,0.0474295355379581,0.0577756948769093,-0.0028509886469692,0.193849176168442,0.000203278847038746,-0.0274751745164394,-0.0768063217401505,-0.0303545035421848,0.0412167347967625,0.231772005558014,-0.0196363721042871,0.1426632553339,0.0556929744780064,-0.0140244299545884,0.192564830183983,0.0647472143173218,0.0660440474748611,0.175273090600967,0.25081130862236,0.194645136594772,0.049045767635107,-0.0557770915329456,0.188250035047531,-0.0564837120473385,-0.0457785688340664,0.0718251690268517,0.182980820536613,-0.0190277080982924,0.185926288366318,0.106183461844921,-0.0345744043588638,0.0237756632268429,-0.0774614587426186,0.00379685731604695,0.0187407117336988,0.0427201502025127,0.00231263367459178,0.159904479980469,-0.0289965569972992,-0.02171740680933,-0.0818828716874123,-0.0270184893161058,0.015071876347065,0.206314727663994,-0.0339500829577446,0.14683723449707,0.0705976039171219,-0.0274338815361261,0.189346700906754,0.0751056298613548,0.0537108592689037,0.123854391276836,0.173809260129929,0.156122550368309,0.0100243361666799,-0.0551897063851357,0.189283162355423,-0.0758289098739624,-0.0539605244994164,0.0773705244064331,0.181152373552322
0.276575267314911,0.247120514512062,0.374640792608261,0,0.200627997517586,0.00493192113935947,-0.00443476159125566,0.108592689037323,0.132032155990601,0.255541056394577,0.258614152669907,0.361708104610443,0.613227486610413,0.119365498423576,0.000252327416092157,-0.00930400565266609,0.0920099765062332,0.139182910323143,-0.0615280754864216,0.290875941514969,-0.0333800613880157,0.00425140326842666,0.00885915290564299,-0.0311783608049154,-0.109736658632755,0.0293866284191608,-0.00624463381245732,0.0156631991267204,0.145719945430756,0.0124452374875546,-0.0371528007090092,-0.155713394284248,-0.0218344163149595,0.165631666779518,0.174623191356659,-0.0955614000558853,0.0730254426598549,0.0815208852291107,0.143253669142723,0.199829891324043,0.249702617526054,0.0235844403505325,0.12688846886158,0.156137645244598,0.167965039610863,0.0985933765769005,-0.0102792596444488,0.240175202488899,-0.0736498311161995,-0.014727883040905,0.117289647459984,0.333728849887848,-0.01645128428936,0.278425663709641,0.0130767934024334,0.00265546096488833,0.0121028078719974,-0.044912651181221,-0.0711175352334976,-0.00787846837192774,0.00378009700216353,0.0244660824537277,0.145844370126724,-0.00643028598278761,-0.0331442169845104,-0.14167445898056,0.00987611897289753,0.126429542899132,0.251226931810379,-0.0618719421327114,0.15085469186306,0.101892702281475,0.0843518301844597,0.237821862101555,0.236102417111397,0.0519451498985291,0.123118564486504,0.167146265506744,0.177005022764206,0.0863840728998184,-0.0306435115635395,0.291486382484436,-0.0815944969654083,-0.056727048009634,0.108034551143646,0.334605395793915
0.0844027698040009,0.101549729704857,0.111007995903492,0.200627997517586,0,-0.00374553469009697,-0.0161108002066612,0.0241884384304285,0.0562515407800674,0.0956950709223747,0.0972907543182373,0.112680785357952,0.175517678260803,0.0354366935789585,-0.0122106876224279,-0.0238546580076218,0.0212108734995127,0.0546893626451492,-0.0241556484252214,0.106259368360043,-8.12727957963943e-05,-0.004708182066679,0.00951476581394672,-0.00747856078669429,-0.0220284219831228,0.0161907318979502,-0.0111864721402526,-0.00635889917612076,0.0705803260207176,0.000195025466382504,-0.022958155721426,-0.0354136489331722,-0.0131581053137779,0.00942431949079037,0.0696060210466385,0.0013095794711262,0.0552815459668636,0.0344189740717411,0.0553467497229576,0.0910070389509201,0.0815523117780685,0.00896966643631458,0.0637402161955833,0.0728871077299118,0.0706730782985687,0.0131930885836482,0.0132277086377144,0.108043678104877,-0.0333001539111137,-0.0195269268006086,0.0610511489212513,0.141756176948547,-0.0113174207508564,0.113564379513264,-0.0153667666018009,-0.0110149215906858,-0.0132220443338156,-0.0326727442443371,-0.0423685945570469,-0.00690757529810071,-0.01143410615623,0.000700057367794216,0.0633484199643135,-0.014212935231626,-0.0257067363709211,-0.0497088171541691,-0.0194495338946581,0.0192646607756615,0.0860351026058197,-0.00372676597908139,0.0642364919185638,0.0364351235330105,0.0367939844727516,0.074592612683773,0.0694134011864662,-0.00585885066539049,0.025276493281126,0.0433675721287727,0.0524007827043533,-0.00748320203274488,-0.0113860508427024,0.103123560547829,-0.0438128300011158,-0.0272041503340006,0.034829817712307,0.125345498323441
-0.0260524116456509,0.00900905393064022,0.0206432919949293,0.00493192113935947,-0.00374553469009697,0,0.165137559175491,0.0190866831690073,0.0750261843204498,0.0350658632814884,-0.00864733662456274,0.0113974632695317,-0.00378464953973889,-0.0204147547483444,0.4107286632061,0.175564587116241,0.0340112596750259,0.0573075413703918,0.0863869413733482,0.0408106409013271,0.137153804302216,0.0986734852194786,0.116059482097626,0.219467520713806,0.219402506947517,0.123137317597866,0.314074844121933,0.114964000880718,0.07219597697258,0.123782604932785,0.289307951927185,0.192471817135811,0.256261736154556,0.0727277621626854,-0.029741957783699,0.0281244087964296,-0.0229040216654539,0.0800536051392555,0.0954640954732895,0.0788666307926178,0.0675483122467995,0.2352264970541,0.203453600406647,-0.0256939847022295,0.14230515062809,0.0788316205143929,0.228789687156677,-0.0912483409047127,0.0486311540007591,0.142389684915543,0.107749432325363,0.0774292051792145,0.0395205765962601,0.018860450014472,-0.00654608709737659,0.0789503157138824,0.0877044647932053,0.205759018659592,0.103355906903744,0.0786706507205963,0.260187774896622,0.125962480902672,0.00138102378696203,0.112306758761406,0.256441950798035,0.109882302582264,0.20927631855011,0.0737442821264267,-0.117497377097607,-0.0598194189369678,-0.0909992158412933,0.0585998147726059,0.097207598388195,0.0243221335113049,0.0606837868690491,0.188028916716576,0.136096000671387,-0.105622284114361,0.0343008674681187,0.0444733127951622,0.187448859214783,-0.118343494832516,0.0523418635129929,0.114732623100281,0.0867392644286156,0.0454761683940887
-0.104874417185783,-0.082376092672348,-0.0217167977243662,-0.00443476159125566,-0.0161108002066612,0.165137559175491,0,-0.0020171832293272,-0.00498645706102252,-0.0534265972673893,-0.106893353164196,-0.0454078204929829,-0.0247437953948975,-0.023679880425334,0.170274749398232,0.252450615167618,-0.00638043601065874,-0.0285243429243565,0.152810484170914,-0.0447780303657055,0.0426734685897827,0.0338487066328526,0.065480537712574,0.186849802732468,0.0670090988278389,0.128366649150848,-0.00371671328321099,0.0765587836503983,-0.00021178275346756,0.0475237257778645,0.171488597989082,0.168525815010071,0.0647509917616844,0.0210218690335751,0.0156498365104198,0.0787395536899567,0.0689095482230186,-0.00948574673384428,0.061312772333622,-0.128166064620018,0.0784009397029877,-0.0455750823020935,-0.00253595062531531,-0.146130278706551,0.0519053973257542,0.0341413281857967,0.233982130885124,-0.0806190147995949,0.0578105002641678,0.123593457043171,0.00988431088626385,0.0245819706469774,0.0978543385863304,-0.0568675957620144,-0.0730450227856636,0.0241381078958511,0.0253407843410969,0.165405556559563,-0.0415869317948818,0.0750072300434113,-0.0345021113753319,0.0704757049679756,-0.0348096415400505,0.0433138944208622,0.0884726718068123,0.0803026035428047,0.0453370325267315,0.0223674327135086,-0.0681992620229721,-0.0210984777659178,-0.0299132317304611,-0.0299572013318539,0.0668436139822006,-0.147448658943176,0.0814191177487373,-0.066503994166851,-0.0258400868624449,-0.193349540233612,-0.0321915224194527,0.0379944555461407,0.187786430120468,-0.139691263437271,0.0264945104718208,0.102107219398022,-0.00171842437703162,-0.0146668953821063
0.0459093227982521,0.0639266893267632,0.140254229307175,0.108592689037323,0.0241884384304285,0.0190866831690073,-0.0020171832293272,0,0.051577553153038,0.0317815542221069,0.0658952444791794,0.123303927481174,0.106339186429977,0.017460310831666,0.0317645557224751,0.0115477852523327,0.09530920535326,0.0604225806891918,-0.0301477033644915,0.0854965820908546,-0.0571483559906483,0.0168734900653362,-0.00485442578792572,-0.013701812364161,-0.0550262443721294,-0.0246617887169123,0.0407311916351318,0.0129600465297699,0.019921688362956,0.00561557244509459,0.0555769316852093,-0.0607552751898766,0.0264172647148371,0.0496692657470703,-0.017458276823163,-0.0830884501338005,-0.0654977187514305,0.0398538075387478,0.0247839633375406,0.0545213036239147,0.025685403496027,0.0307833049446344,0.10860650241375,-0.00930414535105228,0.00797114055603743,0.00649869255721569,0.0103771556168795,0.00135742465499789,-0.00774264335632324,0.00299589429050684,0.0384155325591564,0.0810259729623795,-0.0150266783311963,0.070114441215992,-0.0438332669436932,0.0231900364160538,-0.00583026092499495,-0.00264614471234381,-0.0377242974936962,-0.00130755524151027,0.0549298152327538,0.0321452654898167,0.0281554646790028,0.00343386875465512,0.0551023595035076,-0.0514475330710411,0.0136487344279885,0.0491490252315998,-0.003323411103338,-0.0929349809885025,-0.0161158572882414,0.0481264181435108,0.0145921912044287,0.0634090751409531,0.0424912124872208,0.0455847978591919,0.0915542021393776,0.00671574985608459,0.0161050707101822,0.0101223951205611,0.0182003378868103,0.0534878149628639,-0.0204883255064487,0.00158629205543548,0.0544280521571636,0.0890056416392326
0.20244924724102,0.213385984301567,0.13326171040535,0.132032155990601,0.0562515407800674,0.0750261843204498,-0.00498645706102252,0.051577553153038,0,0.211819440126419,0.216664060950279,0.122684150934219,0.13102924823761,0.0415538065135479,0.0540428422391415,-0.01944749802351,0.0408990457653999,0.179683744907379,-0.0438934415578842,0.167084693908691,-0.000774726097006351,0.0461265780031681,0.0100449323654175,-0.00457982299849391,0.0127837248146534,0.00835811067372561,0.104327544569969,0.0102418204769492,0.0756197795271873,0.0719667598605156,0.0103105437010527,-0.0490690059959888,0.0547908917069435,0.113425426185131,0.0394115261733532,-0.055075965821743,-0.0109756076708436,0.140476822853088,0.082427904009819,0.178520232439041,0.0627251714468002,0.130489528179169,0.129407212138176,0.0986284092068672,0.0781326144933701,0.0391592606902122,0.0113185057416558,0.110138542950153,-0.0349889248609543,-0.0189754720777273,0.115898877382278,0.177448362112045,-0.0277305133640766,0.173099309206009,0.0312452465295792,0.0336806662380695,0.0198654513806105,-0.0244038458913565,0.0368775278329849,0.0162092391401529,0.121526002883911,0.000617826299276203,0.0843676328659058,0.0599227100610733,0.0471785925328732,-0.0211595762521029,0.0242924094200134,0.0696642696857452,0.0849909633398056,-0.0412236042320728,0.0401779375970364,0.145568579435349,0.0619693510234356,0.175725713372231,0.0604210495948792,0.143926173448563,0.126858487725258,0.0946410447359085,0.108969531953335,0.00730295525863767,0.00305822654627264,0.144899547100067,-0.0434956811368465,-0.00753783574327826,0.107192821800709,0.169057264924049
0.686307787895203,0.331781178712845,0.267010897397995,0.255541056394577,0.0956950709223747,0.0350658632814884,-0.0534265972673893,0.0317815542221069,0.211819440126419,0,0.312841176986694,0.265580832958221,0.223601087927818,0.0909599587321281,0.0384170152246952,-0.0600532107055187,0.0213065352290869,0.227071776986122,-0.0738068595528603,0.24820813536644,0.227009609341621,-0.00955466274172068,0.0445967055857182,-0.127499282360077,0.163578882813454,0.202472791075706,0.114299923181534,-0.0833836048841476,0.210539922118187,-0.00994483940303326,-0.0322254747152328,0.0383877605199814,0.0292425509542227,0.169971629977226,0.229565992951393,0.0852974727749825,0.191668450832367,0.108750127255917,0.216653853654861,0.307900875806808,0.25132542848587,0.209542945027351,0.088777095079422,0.437675714492798,0.284760326147079,0.210640430450439,-0.109657235443592,0.38930207490921,-0.0385212749242783,-0.00189062638673931,0.0511670261621475,0.240085065364838,-0.137920960783958,0.196743860840797,0.130420759320259,-0.0211533401161432,0.0303693171590567,-0.139649733901024,0.0775611326098442,0.0990370064973831,0.0692039951682091,-0.0560625195503235,0.105747558176517,-0.0247739143669605,-0.0429584719240665,-0.0166859552264214,0.0177917219698429,0.114852488040924,0.187062367796898,0.0325205959379673,0.0758622884750366,0.128377065062523,0.110913991928101,0.261874943971634,0.151119202375412,0.124260641634464,0.0506153739988804,0.228653937578201,0.0950469821691513,0.0732365325093269,-0.0904398337006569,0.351576447486877,-0.0626770257949829,-0.0694997683167458,0.0619548968970776,0.213804468512535
0.396698594093323,0.472544372081757,0.245972171425819,0.258614152669907,0.0972907543182373,-0.00864733662456274,-0.106893353164196,0.0658952444791794,0.216664060950279,0.312841176986694,0,0.297671169042587,0.280915260314941,0.101688228547573,-0.0239757094532251,-0.112310759723186,0.0819773301482201,0.241334021091461,-0.17810894548893,0.284239828586578,-0.0168073251843452,0.0476103723049164,0.0122114270925522,-0.0906921327114105,-0.0178055316209793,-0.0214031413197517,0.123889908194542,0.0463768169283867,0.121607959270477,0.0880317464470863,-0.0788119286298752,-0.187442377209663,0.0129961110651493,0.113369025290012,0.0316014550626278,-0.143917083740234,-0.0494226589798927,0.203623712062836,0.0484707616269588,0.324075847864151,0.0564717836678028,0.184421047568321,0.177344739437103,0.194867059588432,0.0856657028198242,0.0638437569141388,-0.139716044068336,0.216913402080536,-0.0869961977005005,-0.0699181631207466,0.177622184157372,0.262961238622665,-0.13366174697876,0.300264477729797,0.141159728169441,0.0617488622665405,0.000180603936314583,-0.116344749927521,0.117880761623383,-0.0120674474164844,0.170202985405922,0.0234074722975492,0.178547963500023,0.0478208027780056,-0.026661915704608,-0.0819090232253075,0.00143517088145018,0.126434609293938,0.237276777625084,-0.0134728560224175,0.142827063798904,0.251464664936066,0.0255463775247335,0.38422355055809,0.09292171895504,0.242665693163872,0.187336638569832,0.285249292850494,0.248135551810265,0.0522206015884876,-0.126905143260956,0.301197111606598,-0.0494305342435837,-0.0981772616505623,0.16254223883152,0.292595714330673
0.340711921453476,0.237746819853783,0.557539463043213,0.361708104610443,0.112680785357952,0.0113974632695317,-0.0454078204929829,0.123303927481174,0.122684150934219,0.265580832958221,0.297671169042587,0,0.390147030353546,0.0820362269878387,0.0169407315552235,-0.0210959482938051,0.137541636824608,0.140322342514992,-0.0661410167813301,0.202528044581413,0.0611795745790005,-0.0441520698368549,-0.0138463964685798,-0.0715680941939354,-0.0236365403980017,0.0348020754754543,0.0553354546427727,-0.0013029717374593,0.177087888121605,-0.0176971070468426,-0.066138431429863,-0.138709515333176,-0.0335974544286728,0.0269814413040876,0.204664692282677,-0.0478856898844242,0.120154723525047,0.0540523044764996,-0.00642467755824327,0.209189787507057,0.0583739392459393,0.0479739718139172,0.159154906868935,0.23842453956604,0.11824756860733,0.0644513815641403,-0.0775239691138268,0.196734249591827,-0.0923265442252159,-0.0668070614337921,0.0668548047542572,0.189606949687004,-0.0157911982387304,0.240014895796776,0.183183163404465,-0.0679204538464546,0.013360220938921,-0.0857855007052422,0.0594255737960339,0.0504765622317791,0.0592995621263981,-0.018906194716692,0.226521238684654,-0.0484512113034725,-0.0209063403308392,-0.0599647350609303,-0.00194940657820553,0.036605067551136,0.289882183074951,0.0433415435254574,0.232747778296471,0.0644180253148079,-0.0552153810858727,0.249709352850914,0.0760402679443359,0.0922312438488007,0.173598930239677,0.280796498060226,0.228297770023346,0.0293479692190886,-0.0718705654144287,0.25632181763649,-0.070774033665657,-0.0548451393842697,0.0597536675632,0.221271947026253
0.295553714036942,0.233218133449554,0.361842006444931,0.613227486610413,0.175517678260803,-0.00378464953973889,-0.0247437953948975,0.106339186429977,0.13102924823761,0.223601087927818,0.280915260314941,0.390147030353546,0,0.142165809869766,0.00371139287017286,-0.00693654315546155,0.116634339094162,0.14566758275032,-0.0582871772348881,0.26565346121788,-0.0335025265812874,-0.00506486697122455,0.0122301103547215,-0.0435925014317036,-0.102141506969929,0.0158064570277929,-0.021027397364378,0.0288433134555817,0.14340104162693,0.00228106393478811,-0.0687030777335167,-0.151950687170029,-0.0197582580149174,0.14462910592556,0.150303646922112,-0.0995364412665367,0.066865898668766,0.0767183676362038,0.0759242847561836,0.207491621375084,0.192592635750771,0.00593564426526427,0.108409911394119,0.134338438510895,0.139158710837364,0.080075241625309,-0.0326754674315453,0.222120255231857,-0.0821708589792252,-0.0335925593972206,0.106005541980267,0.305431127548218,0.00851039122790098,0.283049404621124,0.0243375021964312,-0.014419256709516,0.0109666399657726,-0.0379370227456093,-0.0595603585243225,0.0326412096619606,-0.00964413862675428,0.0266585107892752,0.174276322126389,-0.0182905476540327,-0.040612805634737,-0.119586728513241,-0.00908202398568392,0.13340936601162,0.271152406930923,-0.0432497747242451,0.178245827555656,0.0963121429085732,0.0814619660377502,0.239948615431786,0.255559980869293,0.0437901839613914,0.123155847191811,0.18302021920681,0.189473867416382,0.0818528831005096,-0.00150858494453132,0.303468495607376,-0.098396822810173,-0.0494998320937157,0.105826020240784,0.358018726110458
0.105421602725983,0.0915187522768974,0.0618386380374432,0.119365498423576,0.0354366935789585,-0.0204147547483444,-0.023679880425334,0.017460310831666,0.0415538065135479,0.0909599587321281,0.101688228547573,0.0820362269878387,0.142165809869766,0,-0.0112155294045806,-0.0309267211705446,0.0107328416779637,0.0892971009016037,-0.0278382245451212,0.125592365860939,-0.0335457846522331,0.00539767136797309,0.0106431655585766,-0.0218768939375877,-0.0284760575741529,-0.0138904908671975,0.00159469712525606,-0.0132022481411695,0.0292145572602749,0.00695350719615817,-0.0330447219312191,-0.0540446750819683,-0.00455038296058774,0.0495478324592113,0.0235271640121937,-0.0403235740959644,-0.00606390368193388,0.041411142796278,0.0473957099020481,0.0744061395525932,0.0604123212397099,0.0313976407051086,0.0533319488167763,0.0373575389385223,0.047196377068758,0.0143232317641377,-0.0145107498392463,0.0807657539844513,-0.0444883219897747,-0.00571881514042616,0.0675174295902252,0.113673105835915,-0.0200374945998192,0.103269383311272,0.00877302698791027,0.00183376274071634,-0.00561648001894355,-0.0173700004816055,-0.00701197423040867,-0.00729833170771599,0.019571116194129,-0.0131475627422333,0.0257602706551552,0.00676994491368532,-0.0150862960144877,-0.026076378300786,-0.00999158807098866,0.0612515285611153,0.0771419852972031,-0.0291999168694019,0.0565265417098999,0.0562654621899128,0.0535217300057411,0.0786091461777687,0.0738456174731255,0.0423747301101685,0.0656962543725967,0.0607053004205227,0.0950712189078331,0.00020335428416729,-0.00823595654219389,0.112282805144787,-0.0222846176475286,-0.0184745192527771,0.0554590411484241,0.124459765851498
-0.00970832817256451,-0.0080075291916728,0.021689098328352,0.000252327416092157,-0.0122106876224279,0.4107286632061,0.170274749398232,0.0317645557224751,0.0540428422391415,0.0384170152246952,-0.0239757094532251,0.0169407315552235,0.00371139287017286,-0.0112155294045806,0,0.220199540257454,0.0420332662761211,0.0564713142812252,0.0622989721596241,0.0326902382075787,0.125544667243958,0.0839101672172546,0.0981558263301849,0.220990419387817,0.199701502919197,0.119204595685005,0.293738335371017,0.112034305930138,0.07314732670784,0.104516625404358,0.290642708539963,0.159634470939636,0.242874816060066,0.07258440554142,-0.0397701002657413,-0.00765153579413891,-0.0525261200964451,0.0621433742344379,0.0739830359816551,0.0662684068083763,0.0698996856808662,0.220165431499481,0.202690750360489,-0.0404430218040943,0.124895915389061,0.0742204636335373,0.21034549176693,-0.108447283506393,0.0317841470241547,0.121135637164116,0.0774270370602608,0.0721355974674225,0.0446141771972179,0.0310953166335821,0.0386958457529545,0.0766668915748596,0.0990848392248154,0.218331843614578,0.13148033618927,0.123395308852196,0.277080416679382,0.111204452812672,0.0338809639215469,0.0968467593193054,0.244786292314529,0.121708527207375,0.252940565347672,0.0630122572183609,-0.0901853740215302,-0.0545784123241901,-0.0788783803582191,0.0579405389726162,0.0983578711748123,0.0380024053156376,0.0598220899701118,0.208076059818268,0.154243916273117,-0.0745689198374748,0.0531640648841858,0.0702193826436996,0.200781404972076,-0.0991124510765076,0.0275309346616268,0.126272171735764,0.0779491290450096,0.0656479448080063
-0.104648664593697,-0.0946183651685715,-0.020544596016407,-0.00930400565266609,-0.0238546580076218,0.175564587116241,0.252450615167618,0.0115477852523327,-0.01944749802351,-0.0600532107055187,-0.112310759723186,-0.0210959482938051,-0.00693654315546155,-0.0309267211705446,0.220199540257454,0,0.0240355283021927,-0.00803769938647747,0.117878213524818,-0.0313869044184685,0.0483479499816895,0.039975993335247,0.0672894045710564,0.185868784785271,0.0500072091817856,0.118713118135929,-0.00491208722814918,0.0347995199263096,0.00307990191504359,0.0466532856225967,0.139054611325264,0.119785323739052,0.0942160114645958,0.0323641635477543,0.00599141977727413,0.0390584096312523,0.0484394691884518,-0.0395208075642586,0.0621454007923603,-0.111880458891392,0.0911885648965836,-0.0292686484754086,0.00569583429023623,-0.118746347725391,0.0393201150000095,0.0431024059653282,0.208975628018379,-0.0798078700900078,0.0451090224087238,0.102445252239704,0.0132001470774412,0.0318219624459743,0.10660856962204,-0.0310013573616743,-0.0269716084003448,0.0259148254990578,0.0444997027516365,0.193263590335846,-0.00926040951162577,0.119221426546574,-0.0233001187443733,0.0397030152380466,-0.00463704438880086,0.0443766415119171,0.0997262075543404,0.0786183401942253,0.0945152342319489,0.0332376323640347,-0.0316452123224735,-0.0165514424443245,0.00489936117082834,-0.0520221740007401,0.0787146091461182,-0.129464760422707,0.0940271988511086,-0.0425875373184681,-0.0233218688517809,-0.142498150467873,-0.0201853699982166,0.0447090640664101,0.216873586177826,-0.100325658917427,0.0290923658758402,0.126414507627487,-0.000691199558787048,0.0237054396420717
0.0307639110833406,0.047437522560358,0.113075032830238,0.0920099765062332,0.0212108734995127,0.0340112596750259,-0.00638043601065874,0.09530920535326,0.0408990457653999,0.0213065352290869,0.0819773301482201,0.137541636824608,0.116634339094162,0.0107328416779637,0.0420332662761211,0.0240355283021927,0,0.0653237402439117,-0.0195571668446064,0.0840405523777008,-0.0488964878022671,0.0267302803695202,0.0120642594993114,-0.00172490731347352,-0.0352415032684803,-0.0362414680421352,0.0680907443165779,0.0265958830714226,0.0128415133804083,0.0281710401177406,0.0542986765503883,-0.0667178332805634,0.00646035512909293,0.030052799731493,-0.0204701721668243,-0.0786532089114189,-0.0584515742957592,0.0342510752379894,0.0113409720361233,0.0521180480718613,0.00589707959443331,0.0571897700428963,0.121471151709557,-0.0216758754104376,0.0136514520272613,-0.000826516014058143,0.0223870947957039,-0.0324473045766354,-0.0100137600675225,-0.0125869940966368,0.038944311439991,0.0585745312273502,-0.00627869507297873,0.0778562948107719,-0.0386575236916542,0.0291778594255447,0.00315523031167686,0.0140964509919286,-0.0340620093047619,-0.015939561650157,0.0568038783967495,0.0222620852291584,0.0180192328989506,0.017685305327177,0.0375353917479515,-0.0482331924140453,0.0202527232468128,0.0353084020316601,-0.015781419351697,-0.10245469212532,-0.0289354398846626,0.0396307408809662,0.00278458674438298,0.0579905323684216,0.00873933080583811,0.0542464181780815,0.111589692533016,0.0054989536292851,0.00696288514882326,0.00564581109210849,0.0286688674241304,0.0168067626655102,-0.0125747909769416,-0.00842269230633974,0.0446310490369797,0.0687792226672173
0.258952647447586,0.206440031528473,0.145575687289238,0.139182910323143,0.0546893626451492,0.0573075413703918,-0.0285243429243565,0.0604225806891918,0.179683744907379,0.227071776986122,0.241334021091461,0.140322342514992,0.14566758275032,0.0892971009016037,0.0564713142812252,-0.00803769938647747,0.0653237402439117,0,-0.0541222244501114,0.162243455648422,0.036783043295145,0.0390639863908291,0.0367502607405186,0.00470637669786811,0.044690877199173,0.0280116181820631,0.107143193483353,0.00655221426859498,0.0902076065540314,0.0719330757856369,0.00678900629281998,-0.0267740339040756,0.0587317571043968,0.0812911167740822,0.0276714116334915,-0.0489961132407188,-0.000380944431526586,0.144261762499809,0.0736456364393234,0.172036185860634,0.0608100704848766,0.146006435155869,0.122749745845795,0.115576773881912,0.0801850110292435,0.0506351068615913,0.0205790139734745,0.134815260767937,-0.0333404764533043,0.0315930359065533,0.155259266495705,0.184426456689835,-0.00553391082212329,0.17896281182766,0.0972478464245796,0.0469539128243923,0.0194332264363766,-0.00187430123332888,0.0972273275256157,0.0332996845245361,0.130735635757446,0.0104735502973199,0.110260717570782,0.0601763315498829,0.055435374379158,0.0155293000862002,0.0486847460269928,0.103487424552441,0.113251142203808,0.00882698409259319,0.0815753936767578,0.160892874002457,0.0669205859303474,0.184397235512733,0.077299952507019,0.177024111151695,0.133060917258263,0.142196998000145,0.153953835368156,0.0455704852938652,0.0325590781867504,0.169138789176941,-0.00424312567338347,0.00151815242134035,0.131271883845329,0.209557697176933
-0.160649254918098,-0.104388944804668,-0.0271833948791027,-0.0615280754864216,-0.0241556484252214,0.0863869413733482,0.152810484170914,-0.0301477033644915,-0.0438934415578842,-0.0738068595528603,-0.17810894548893,-0.0661410167813301,-0.0582871772348881,-0.0278382245451212,0.0622989721596241,0.117878213524818,-0.0195571668446064,-0.0541222244501114,0,-0.0587429814040661,0.236605003476143,0.0523374266922474,0.0351152643561363,0.289767324924469,0.24508960545063,0.28587794303894,-0.132127121090889,0.101962774991989,0.0530956983566284,0.0870847627520561,0.0624084994196892,0.595365405082703,0.00897910725325346,-0.0256784129887819,0.471881002187729,0.219854548573494,0.541147708892822,-0.021649856120348,0.0457101576030254,-0.12310528755188,0.128932908177376,-0.0478023551404476,-0.116064675152302,-0.0225669536739588,0.211711585521698,0.0607786253094673,0.706096291542053,0.155576154589653,0.130707308650017,0.155002266168594,0.132161349058151,0.090322233736515,0.640451788902283,-0.0624687448143959,0.0306775234639645,0.03650788590312,0.0184223186224699,0.24506089091301,0.0571659952402115,0.217628940939903,-0.16761514544487,0.109165973961353,0.00828725099563599,0.082424707710743,-0.0231116898357868,0.378154039382935,0.0306644067168236,-0.0115358894690871,0.184479370713234,0.170728087425232,0.281409412622452,-0.065091572701931,0.106098130345345,-0.195966929197311,0.108894288539886,-0.113403096795082,-0.102191299200058,-0.100056566298008,0.0639488771557808,0.0286796018481255,0.597452163696289,-0.0252052173018456,0.086747869849205,0.165830001235008,0.148247182369232,0.056130014359951
0.246169418096542,0.25332498550415,0.207890138030052,0.290875941514969,0.106259368360043,0.0408106409013271,-0.0447780303657055,0.0854965820908546,0.167084693908691,0.24820813536644,0.284239828586578,0.202528044581413,0.26565346121788,0.125592365860939,0.0326902382075787,-0.0313869044184685,0.0840405523777008,0.162243455648422,-0.0587429814040661,0,-0.0802622511982918,0.146090775728226,0.0476471073925495,0.0163102839142084,-0.136986061930656,0.00969210080802441,0.0180114172399044,0.0296358596533537,0.241401240229607,0.169188484549522,-0.0992219820618629,-0.283531010150909,0.0238253232091665,0.369168847799301,0.209032535552979,-0.219297826290131,0.0436146110296249,0.260538995265961,0.282732307910919,0.42376047372818,0.383754521608353,0.0955492854118347,0.297668069601059,0.286802709102631,0.348354041576385,0.271194308996201,0.0741573870182037,0.400028020143509,-0.140486910939217,-0.0354014858603477,0.290052264928818,0.566490173339844,0.0338952653110027,0.594267725944519,-0.0924161672592163,0.154556974768639,0.000178508460521698,-0.00434706965461373,-0.151425033807755,0.00581332016736269,0.0472106374800205,0.036093819886446,0.197668060660362,0.139462158083916,-0.0575212799012661,-0.27771332859993,0.02824717015028,0.346672266721725,0.28920391201973,-0.238208383321762,0.127003237605095,0.265430063009262,0.235290318727493,0.446774423122406,0.370590448379517,0.142787545919418,0.27906808257103,0.229640915989876,0.283364862203598,0.22013932466507,0.0617869533598423,0.454046905040741,-0.177683711051941,-0.0905230417847633,0.235287025570869,0.555880308151245
0.0588066391646862,0.0333818905055523,0.104865878820419,-0.0333800613880157,-8.12727957963943e-05,0.137153804302216,0.0426734685897827,-0.0571483559906483,-0.000774726097006351,0.227009609341621,-0.0168073251843452,0.0611795745790005,-0.0335025265812874,-0.0335457846522331,0.125544667243958,0.0483479499816895,-0.0488964878022671,0.036783043295145,0.236605003476143,-0.0802622511982918,0,-0.10825527459383,0.05653265863657,0.204814538359642,0.67937958240509,0.5194291472435,0.196773275732994,-0.0339739806950092,0.26403883099556,-0.0476882681250572,0.0930576622486115,0.448459148406982,0.164887681603432,-0.103729948401451,0.539780020713806,0.407390594482422,0.512293636798859,-0.094005174934864,-0.0398359820246696,0.0995293334126472,0.0914572402834892,0.315914750099182,-0.0240671709179878,0.651266932487488,0.365962624549866,0.383616924285889,0.067688949406147,0.42684006690979,0.00616535171866417,-0.00155470764730126,-0.0104504348710179,-0.0279124192893505,0.0540720000863075,-0.0901261568069458,0.657265305519104,-0.15370886027813,0.0653459057211876,0.134492799639702,0.49926096200943,0.27592733502388,0.0740839689970016,-0.00701975077390671,0.10395061224699,-0.0426615625619888,0.0514437481760979,0.281514465808868,0.12944196164608,-0.0943748205900192,0.310737580060959,0.324418157339096,0.254205405712128,-0.0976316556334496,-0.0132553558796644,-0.0192747563123703,0.0462709106504917,0.172849252820015,-0.0989039391279221,0.268334478139877,0.0845258459448814,0.189169496297836,0.0642582625150681,0.100657798349857,0.0543986223638058,0.00933348294347525,0.00104838015977293,-0.0682211592793465
-0.0755745321512222,0.0725491940975189,-0.0172505360096693,0.00425140326842666,-0.004708182066679,0.0986734852194786,0.0338487066328526,0.0168734900653362,0.0461265780031681,-0.00955466274172068,0.0476103723049164,-0.0441520698368549,-0.00506486697122455,0.00539767136797309,0.0839101672172546,0.039975993335247,0.0267302803695202,0.0390639863908291,0.0523374266922474,0.146090775728226,-0.10825527459383,0,0.0145802861079574,0.325174778699875,0.0436849594116211,-0.105567343533039,0.115594178438187,0.171878919005394,0.0439939498901367,0.910086512565613,0.026683172211051,-0.150748088955879,0.171675249934196,0.384157299995422,-0.077439472079277,-0.163014754652977,-0.124644823372364,0.863169968128204,0.336093455553055,0.0394256636500359,0.2923883497715,0.255601733922958,0.0682687908411026,-0.0317932777106762,0.0927165374159813,0.654729962348938,0.183392807841301,-0.013623814098537,-0.025747288018465,0.0274063125252724,0.191965073347092,0.210869640111923,0.0949203968048096,0.128170043230057,-0.255646407604218,0.967859387397766,-0.0041238060221076,0.363214462995529,-0.105131089687347,-0.0726931542158127,0.135107398033142,0.245893493294716,-0.0338913127779961,0.898512303829193,0.00470502162352204,-0.202924802899361,0.175332352519035,0.354280591011047,-0.160968735814095,-0.258162677288055,-0.183107912540436,0.812760829925537,0.381511002779007,0.0312530212104321,0.299874991178513,0.291406333446503,0.0643097087740898,-0.143348127603531,-0.0388821996748447,0.56908917427063,0.174172103404999,-0.000696733477525413,-0.0694505348801613,0.0217748936265707,0.156863197684288,0.176710769534111
0.0230344776064157,0.0176777988672256,0.00424686213955283,0.00885915290564299,0.00951476581394672,0.116059482097626,0.065480537712574,-0.00485442578792572,0.0100449323654175,0.0445967055857182,0.0122114270925522,-0.0138463964685798,0.0122301103547215,0.0106431655585766,0.0981558263301849,0.0672894045710564,0.0120642594993114,0.0367502607405186,0.0351152643561363,0.0476471073925495,0.05653265863657,0.0145802861079574,0,0.151317358016968,0.0969497561454773,0.129218727350235,0.040410827845335,0.0282410979270935,0.0762069672346115,0.0357673652470112,0.0842500999569893,0.0952423810958862,0.0858300775289536,0.039243970066309,0.0591726787388325,0.0320008061826229,0.0646687597036362,0.0202728603035212,0.0503631234169006,0.028393317013979,0.0629547610878944,0.0235424339771271,0.0492079816758633,0.0318369008600712,0.0636927038431168,0.087230421602726,0.104974023997784,0.0490024350583553,0.0257933419197798,0.0916704013943672,0.0434512235224247,0.0897399187088013,0.0157940331846476,0.0246807467192411,0.0271229632198811,0.00396674172952771,0.0434879474341869,0.127719014883041,0.0599667765200138,0.10737632215023,0.0403234325349331,0.0154106067493558,0.0422354750335217,0.0347175635397434,0.0704153701663017,0.0600790418684483,0.0652801319956779,0.0077676847577095,0.0479271300137043,0.0141629539430141,0.035191111266613,0.00630552088841796,0.038235992193222,0.0232986472547054,0.0547554641962051,0.0428005307912827,0.0206251181662083,-0.00890830624848604,0.0399724096059799,0.0743106007575989,0.071500651538372,0.0314687117934227,0.0170384179800749,0.0433395020663738,0.0193806849420071,0.0758228451013565
-0.100231729447842,-0.0695564672350883,-0.0564295016229153,-0.0311783608049154,-0.00747856078669429,0.219467520713806,0.186849802732468,-0.013701812364161,-0.00457982299849391,-0.127499282360077,-0.0906921327114105,-0.0715680941939354,-0.0435925014317036,-0.0218768939375877,0.220990419387817,0.185868784785271,-0.00172490731347352,0.00470637669786811,0.289767324924469,0.0163102839142084,0.204814538359642,0.325174778699875,0.151317358016968,0,0.319611132144928,0.360250771045685,0.0794713720679283,0.535277128219604,0.0855137705802917,0.518173813819885,0.182361721992493,0.191584140062332,0.32125797867775,0.108272455632687,0.114664278924465,0.0305712483823299,0.101488038897514,0.277692586183548,0.133274257183075,-0.07358618080616,0.161660924553871,0.0920203626155853,0.0425335206091404,-0.0382246449589729,0.0739471837878227,0.483929008245468,0.363664478063583,-0.015484887175262,0.0608894564211369,0.15165838599205,0.111593350768089,0.127009525895119,0.294844299554825,0.0243145283311605,0.0437735319137573,0.300681471824646,0.112191155552864,0.810602068901062,0.169909328222275,0.355693191289902,0.0837197825312614,0.511264324188232,0.0575125254690647,0.518898546695709,0.149239078164101,0.174599319696426,0.337844550609589,0.113229751586914,0.0704159215092659,-0.0370088517665863,0.129387870430946,0.198063030838966,0.179905563592911,-0.0657861828804016,0.189502999186516,0.15099136531353,0.0386794954538345,-0.0926860198378563,0.0316258706152439,0.473529726266861,0.301008820533752,-0.0372521132230759,0.039901115000248,0.133507311344147,0.0844261348247528,0.0831369981169701
