0,0.319303542375565,0.257202416658401,0.274432748556137,0.0859885662794113,-0.0325249396264553,-0.0996611937880516,0.053195409476757,0.203179374337196,0.691290140151978,0.397922456264496,0.345816195011139,0.289315670728683,0.109961695969105,-0.0168967265635729,-0.107588097453117,0.0329183973371983,0.256521940231323,-0.162101343274117,0.232086643576622,0.0564285479485989,-0.102277562022209,0.0196242369711399,-0.0785360857844353,0.0445820987224579,0.145582050085068,0.0748480185866356,0.0213562101125717,0.198770552873611,-0.0612192004919052,-0.164521843194962,-0.112764209508896,0.00762783829122782,0.0791242197155952,0.102579846978188,-0.0503036789596081,0.0350520424544811,0.0571471527218819,-0.00886776857078075,0.358591049909592,0.0400258339941502,0.168368116021156,0.0776007771492004,0.383283108472824,0.0300707686692476,0.150355637073517,-0.183621853590012,0.372872352600098,-0.105970345437527,-0.066818006336689,0.0292611848562956,0.21842023730278,-0.00480761006474495,0.278446555137634,0.44033682346344,-0.0849965587258339,0.0350879468023777,-0.103231824934483,0.364785760641098,0.255365699529648,0.173669576644897,-0.0116076916456223,0.33208841085434,-0.0950470492243767,-0.0447971597313881,0.119133777916431,0.015646006911993,0.0963779613375664,0.425998091697693,0.222526103258133,0.336966037750244,0.0781161487102509,0.000791985366959125,0.446397423744202,0.149104997515678,0.305733889341354,0.165155872702599,0.604630589485168,0.424112647771835,0.173984944820404,-0.12174317240715,0.550961852073669,-0.000524945498909801,-0.0881877318024635,0.0381228141486645,0.275928825139999
0.319303542375565,0,0.229096308350563,0.251230716705322,0.104784220457077,0.0107993697747588,-0.0772256106138229,0.0656687319278717,0.209028214216232,0.332379460334778,0.467356234788895,0.244341254234314,0.234772443771362,0.0873138159513474,-0.00580912176519632,-0.0911135524511337,0.0519163459539413,0.202376529574394,-0.0960997566580772,0.245461314916611,0.03682941198349,0.057073038071394,0.0160824749618769,-0.0541011542081833,0.0405454188585281,0.0441181026399136,0.129249110817909,0.083516888320446,0.142122060060501,0.109074421226978,-0.0312113538384438,-0.106049813330173,0.0186917334794998,0.148088052868843,0.113545477390289,-0.0646444112062454,0.0189750958234072,0.205360606312752,0.111535802483559,0.309515833854675,0.110301561653614,0.181098639965057,0.145999863743782,0.2040756046772,0.164411902427673,0.11227285861969,-0.101072482764721,0.22322279214859,-0.0449456386268139,-0.0510092005133629,0.154202908277512,0.272791862487793,-0.10085666179657,0.242576137185097,0.0550452694296837,0.0608163103461266,0.00905045308172703,-0.078116700053215,0.0426636077463627,-0.0038041474763304,0.112899370491505,0.0722279027104378,0.125071629881859,0.0646161362528801,-0.0175952184945345,-0.095785453915596,-0.0131572680547833,0.0840765386819839,0.157600179314613,-0.0347663462162018,0.073234535753727,0.240142971277237,0.0628213733434677,0.297864824533463,0.0805721655488014,0.172624975442886,0.135712414979935,0.164149418473244,0.153234273195267,0.0562581717967987,-0.109946578741074,0.210575237870216,-0.0553432814776897,-0.0667494535446167,0.133751824498177,0.244843080639839
0.257202416658401,0.229096308350563,0,0.380294263362885,0.112248308956623,0.0205112975090742,-0.013134996406734,0.139954507350922,0.133730873465538,0.274072647094727,0.249013334512711,0.565001606941223,0.360971421003342,0.0628387406468391,0.0209747906774282,-0.0235643666237593,0.114767871797085,0.148301005363464,-0.0167046040296555,0.202967911958694,0.125877901911736,-0.0334591343998909,0.00419070618227124,-0.0464714467525482,0.0194506160914898,0.0600979626178741,0.0591807700693607,0.00165005808230489,0.197841927409172,-0.00673182448372245,-0.0248261988162994,-0.064734123647213,-0.0287222415208817,0.0383034013211727,0.251895219087601,0.00265006092377007,0.161609560251236,0.0527002215385437,-0.00102116318885237,0.190117597579956,0.0793784484267235,0.0674226880073547,0.15720446407795,0.26903435587883,0.201787635684013,0.0497706867754459,-0.0594326518476009,0.195657014846802,-0.0538028441369534,-0.0481859631836414,0.0635642036795616,0.181608021259308,-0.0153500940650702,0.178959667682648,0.118325002491474,-0.0474219135940075,0.0245946366339922,-0.0757016390562057,0.0119542675092816,0.0284601505845785,0.0397347919642925,0.00560159701853991,0.162075698375702,-0.0411970987915993,-0.0224559139460325,-0.0792637094855309,-0.0254154186695814,0.0125013953074813,0.209346696734428,-0.0201558563858271,0.151757031679153,0.0614781007170677,-0.0188422482460737,0.184962451457977,0.0843006893992424,0.0544946566224098,0.11646943539381,0.180010333657265,0.162623643875122,0.00310662272386253,-0.0582025982439518,0.187845945358276,-0.0709510967135429,-0.0568168498575687,0.0767172649502754,0.172958076000214
0.274432748556137,0.251230716705322,0.380294263362885,0,0.203678458929062,0.000244993716478348,-0.00566405709832907,0.103248566389084,0.132031351327896,0.259751230478287,0.257215112447739,0.368759781122208,0.621627926826477,0.119187034666538,-0.00244272709824145,-0.0132694784551859,0.0890620946884155,0.13914293050766,-0.0484045036137104,0.281676799058914,-0.0239422209560871,-0.0113689685240388,0.00692228926345706,-0.0333299897611141,-0.0989833101630211,0.0248729921877384,-0.0105418311432004,0.0263809952884912,0.145479172468185,0.00724810874089599,-0.0412837266921997,-0.146665513515472,-0.0311156213283539,0.161834001541138,0.1874118745327,-0.0728926435112953,0.0866890698671341,0.0821524113416672,0.155810445547104,0.19208562374115,0.26683321595192,0.0128296948969364,0.10759723931551,0.168442294001579,0.168191373348236,0.0971738323569298,-0.0127243986353278,0.246890068054199,-0.0748221501708031,-0.0176653675734997,0.119575515389442,0.332690894603729,0.00953659974038601,0.27303546667099,0.0219832807779312,-0.0101453810930252,0.0110698360949755,-0.0503608360886574,-0.063396543264389,-0.0100624477490783,-0.00609495444223285,0.0301471762359142,0.144585311412811,-0.0149877164512873,-0.0362487398087978,-0.132936596870422,0.00335041945800185,0.123509012162685,0.268943011760712,-0.0468892194330692,0.159676402807236,0.101568445563316,0.0972303599119186,0.232140719890594,0.251383692026138,0.0433833375573158,0.110877193510532,0.177719071507454,0.18512924015522,0.077640138566494,-0.0253399778157473,0.30416864156723,-0.07859156280756,-0.0559033006429672,0.113600708544254,0.33468171954155
0.0859885662794113,0.104784220457077,0.112248308956623,0.203678458929062,0,-0.0066507370211184,-0.0126986727118492,0.019480163231492,0.0536095425486565,0.0976727306842804,0.0925961211323738,0.115438118577003,0.174544140696526,0.0403761118650436,-0.00998734030872583,-0.0245552603155375,0.0189118199050426,0.0585111975669861,-0.016645098105073,0.102366179227829,0.00449696881696582,-0.013705650344491,0.00590355508029461,-0.0128215560689569,-0.0208041854202747,0.00806278735399246,-0.00826186686754227,-0.0063448385335505,0.070453979074955,-0.00887498911470175,-0.0216897539794445,-0.0314699485898018,-0.0173140037804842,0.00812794640660286,0.075357086956501,0.00537993386387825,0.0611880943179131,0.0318781845271587,0.0577430501580238,0.0895947813987732,0.0815649777650833,0.00662886211648583,0.056634895503521,0.0742882564663887,0.0706820338964462,0.00653984770178795,0.0106132924556732,0.106964662671089,-0.0281696878373623,-0.0204886607825756,0.053483497351408,0.140319466590881,0.00154510664287955,0.112767234444618,-0.0108737116679549,-0.0187966469675303,-0.0126922829076648,-0.0355803146958351,-0.0396805331110954,-0.00568072404712439,-0.0141811370849609,0.00152619718573987,0.0640533491969109,-0.0240860525518656,-0.0227440111339092,-0.0437190271914005,-0.0210996698588133,0.0124003970995545,0.0920448675751686,-0.00180519826244563,0.0690334960818291,0.0340900048613548,0.0378381200134754,0.0735995471477509,0.0696658492088318,-0.0041675316169858,0.0255484413355589,0.0436221845448017,0.0561098977923393,-0.014705209992826,-0.00445497175678611,0.10410650074482,-0.0373141504824162,-0.0220000576227903,0.0376099720597267,0.124023772776127
-0.0325249396264553,0.0107993697747588,0.0205112975090742,0.000244993716478348,-0.0066507370211184,0,0.17201840877533,0.0154657289385796,0.0802193507552147,0.0400233753025532,-0.00459464965388179,0.0141114126890898,-0.0100272735580802,-0.019416956230998,0.422384709119797,0.175077885389328,0.0392490513622761,0.0668299421668053,0.0656658038496971,0.0332435742020607,0.14333388209343,0.0914610773324966,0.120175704360008,0.215395227074623,0.224030882120132,0.121462680399418,0.331772834062576,0.10726573318243,0.0675745457410812,0.113830856978893,0.302124530076981,0.196778118610382,0.270873039960861,0.0730375275015831,-0.0378959402441978,0.0215205773711205,-0.0260367877781391,0.0726134032011032,0.0943008586764336,0.0840026810765266,0.0596223659813404,0.250638097524643,0.222695916891098,-0.026572460308671,0.162880092859268,0.061608362942934,0.223720401525497,-0.0941449254751205,0.0623562708497047,0.144576206803322,0.107719577848911,0.0723884999752045,0.0130509976297617,0.0148191386833787,-0.0161598324775696,0.0723208636045456,0.0857836380600929,0.198017194867134,0.102557249367237,0.0730902031064034,0.277739197015762,0.112426333129406,-0.00360512477345765,0.101492814719677,0.277653992176056,0.122011482715607,0.223694488406181,0.0729336962103844,-0.13765960931778,-0.075520284473896,-0.106515951454639,0.052738256752491,0.0990470349788666,0.017071645706892,0.0471628829836845,0.200485333800316,0.14978714287281,-0.116477884352207,0.0369230732321739,0.0280386004596949,0.182791247963905,-0.133136317133904,0.0517728142440319,0.115519873797894,0.0903630778193474,0.0393452160060406
-0.0996611937880516,-0.0772256106138229,-0.013134996406734,-0.00566405709832907,-0.0126986727118492,0.17201840877533,0,-0.00297982664778829,-0.00652845436707139,-0.0426410920917988,-0.0985010787844658,-0.0413011834025383,-0.0230362378060818,-0.0216666348278522,0.17031367123127,0.245794370770454,-0.00574271194636822,-0.0250558983534575,0.14329420030117,-0.0404764488339424,0.0484827496111393,0.0379851870238781,0.0666259601712227,0.179983004927635,0.0618268847465515,0.123118922114372,0.00434414902701974,0.0665251761674881,0.0105402646586299,0.0461929105222225,0.166541680693626,0.160310834646225,0.0693116188049316,0.0251365415751934,0.0180962160229683,0.0740405395627022,0.0739030465483665,-0.00419031688943505,0.0638298690319061,-0.118072718381882,0.0720703452825546,-0.0402602180838585,0.00568860210478306,-0.134679183363914,0.0589478127658367,0.0225845389068127,0.233564361929893,-0.0730648711323738,0.0507673472166061,0.123778238892555,0.0218911860138178,0.0311406068503857,0.0850903764367104,-0.0528807379305363,-0.0771209299564362,0.0270247608423233,0.0262016896158457,0.153716519474983,-0.0469394512474537,0.0596478059887886,-0.0244212038815022,0.0588554851710796,-0.0275239106267691,0.0426467731595039,0.0912053808569908,0.0822652205824852,0.051955658942461,0.0298078339546919,-0.0703243240714073,-0.0288194492459297,-0.0340266823768616,-0.02220468968153,0.0676766708493233,-0.143635511398315,0.0716975703835487,-0.0646117106080055,-0.0222775898873806,-0.19403250515461,-0.0395169965922832,0.0247784461826086,0.188328772783279,-0.138679772615433,0.021893473342061,0.0999862849712372,0.00755506893619895,-0.00771185755729675
0.053195409476757,0.0656687319278717,0.139954507350922,0.103248566389084,0.019480163231492,0.0154657289385796,-0.00297982664778829,0,0.0486620999872684,0.0345815382897854,0.0693528950214386,0.125537142157555,0.0993061736226082,0.0142115904018283,0.032562255859375,0.00911376997828484,0.0999661013484001,0.0588909611105919,-0.034486647695303,0.0823270753026009,-0.0611544921994209,0.00688596768304706,-0.00201472081243992,-0.0130470776930451,-0.0549362152814865,-0.0262466724961996,0.0416090823709965,0.0160290915518999,0.0176864601671696,-0.00199921266175807,0.05910824239254,-0.0607649050652981,0.0235761255025864,0.044862937182188,-0.0216352622956038,-0.0802632570266724,-0.070723257958889,0.0349895507097244,0.0241384766995907,0.0586660578846931,0.019823232665658,0.0316549278795719,0.108122318983078,-0.0080805467441678,0.00740238465368748,0.00171815871726722,0.010052427649498,-0.000910444417968392,-0.00683156680315733,-0.001995979109779,0.0414956361055374,0.0804151818156242,-0.0187797136604786,0.0697826370596886,-0.0437814220786095,0.0129725756123662,-0.0105421720072627,-0.00753092207014561,-0.0332783460617065,-7.70301558077335e-05,0.0557726323604584,0.0305828489363194,0.0256486181169748,-0.00581851089373231,0.0580833442509174,-0.0465709939599037,0.00904509704560041,0.0450763963162899,-0.00114073161967099,-0.0872798636555672,-0.0160676315426826,0.0415841825306416,0.0141533808782697,0.0682570561766624,0.0371301211416721,0.046876173466444,0.0901422277092934,0.0107717076316476,0.0232031978666782,0.00537568144500256,0.0180529784411192,0.0511481389403343,-0.0213025119155645,0.00225673755630851,0.0530846863985062,0.0852843821048737
0.203179374337196,0.209028214216232,0.133730873465538,0.132031351327896,0.0536095425486565,0.0802193507552147,-0.00652845436707139,0.0486620999872684,0,0.212085261940956,0.214356496930122,0.125190332531929,0.127053543925285,0.0422534830868244,0.0615105964243412,-0.0179901290684938,0.0443051122128963,0.184191167354584,-0.0391225032508373,0.160043016076088,0.00625653425231576,0.0403198339045048,0.0108482716605067,0.002473718021065,0.0233255308121443,0.0103941159322858,0.118450567126274,0.0192476995289326,0.0742126926779747,0.0745376795530319,0.0180815830826759,-0.0482119582593441,0.0580213516950607,0.108352914452553,0.0449558235704899,-0.0528711229562759,-0.00612954376265407,0.146252825856209,0.0832108557224274,0.181193664669991,0.0608519874513149,0.141748055815697,0.130400761961937,0.0988641008734703,0.0816898122429848,0.0415220558643341,0.00786068290472031,0.110969237983227,-0.0341654680669308,-0.0179406516253948,0.114644318819046,0.176440551877022,-0.0232431627810001,0.167547345161438,0.0415730699896812,0.0333398506045341,0.0207265224307775,-0.0189984552562237,0.048578679561615,0.0201276279985905,0.131381928920746,0.00981902796775103,0.0892591774463654,0.0631552934646606,0.0544106140732765,-0.0116384122520685,0.0315402001142502,0.0640250965952873,0.0842186510562897,-0.0352909490466118,0.0428320951759815,0.15219184756279,0.0612862482666969,0.174525439739227,0.0572217404842377,0.158037349581718,0.128288835287094,0.0957638174295425,0.119124121963978,0.0139177767559886,0.00480030896142125,0.147057294845581,-0.036749042570591,-0.00356957945041358,0.109506413340569,0.166172459721565
0.691290140151978,0.332379460334778,0.274072647094727,0.259751230478287,0.0976727306842804,0.0400233753025532,-0.0426410920917988,0.0345815382897854,0.212085261940956,0,0.304450452327728,0.26909402012825,0.216149166226387,0.0946937799453735,0.0367712825536728,-0.0548932552337646,0.0216261353343725,0.222477555274963,-0.0553721860051155,0.223725512623787,0.256987541913986,-0.0519174262881279,0.0428581163287163,-0.0958323925733566,0.190061837434769,0.230508357286453,0.125105813145638,-0.0614410191774368,0.210137113928795,-0.0311877895146608,-0.0199780445545912,0.0569808855652809,0.0380375236272812,0.152732133865356,0.239868685603142,0.102091960608959,0.200066357851028,0.0811447128653526,0.21244715154171,0.292874872684479,0.248885437846184,0.214499652385712,0.0776728615164757,0.455303072929382,0.282486170530319,0.222577005624771,-0.124001190066338,0.380317449569702,-0.0268400311470032,-0.0026387027464807,0.0227218791842461,0.213631838560104,-0.129006817936897,0.168992698192596,0.138094872236252,-0.0537368580698967,0.0235356613993645,-0.121806912124157,0.0966328680515289,0.118595942854881,0.0823693498969078,-0.0385193154215813,0.100189544260502,-0.0463244244456291,-0.0269020013511181,-0.002862140070647,0.0205840151757002,0.0963947623968124,0.159312754869461,0.0323918163776398,0.0705862417817116,0.100384324789047,0.107045069336891,0.245660394430161,0.140971139073372,0.132825806736946,0.0474545918405056,0.225028872489929,0.0999008566141129,0.0752249136567116,-0.103961206972599,0.324376434087753,-0.0406685322523117,-0.0616713613271713,0.0442225448787212,0.179025813937187
0.397922456264496,0.467356234788895,0.249013334512711,0.257215112447739,0.0925961211323738,-0.00459464965388179,-0.0985010787844658,0.0693528950214386,0.214356496930122,0.304450452327728,0,0.302025496959686,0.279860854148865,0.0999456346035004,-0.0161383263766766,-0.105150379240513,0.0858991742134094,0.236528262495995,-0.182402759790421,0.272322475910187,-0.0269393883645535,0.0329925082623959,0.0148331914097071,-0.077628955245018,-0.00466747162863612,-0.0150701561942697,0.132091015577316,0.0625021681189537,0.120816364884377,0.087524987757206,-0.0671445950865746,-0.185090124607086,0.0184121374040842,0.101403325796127,0.0294269341975451,-0.139736384153366,-0.0538101643323898,0.206438675522804,0.0425552949309349,0.321186691522598,0.0579389855265617,0.189473643898964,0.170463651418686,0.19043593108654,0.0758140236139297,0.0759506970643997,-0.153868824243546,0.212873205542564,-0.0797694995999336,-0.0690375789999962,0.157446295022964,0.264765858650208,-0.115778937935829,0.292387276887894,0.143753990530968,0.0538039170205593,0.00515924673527479,-0.103526562452316,0.131549373269081,0.00249698618426919,0.175558000802994,0.0350131206214428,0.182607725262642,0.0442177839577198,-0.0104466862976551,-0.0693556815385818,0.0062578828074038,0.111213870346546,0.239589869976044,-0.00425208965316415,0.152937218546867,0.247116178274155,0.022968141362071,0.378812998533249,0.0942128077149391,0.256258428096771,0.187784790992737,0.289516180753708,0.259418576955795,0.0608642399311066,-0.126372396945953,0.308552533388138,-0.0390965789556503,-0.0930774062871933,0.152723520994186,0.288523375988007
0.345816195011139,0.244341254234314,0.565001606941223,0.368759781122208,0.115438118577003,0.0141114126890898,-0.0413011834025383,0.125537142157555,0.125190332531929,0.26909402012825,0.302025496959686,0,0.39166396856308,0.0810162872076035,0.0154760712757707,-0.0288796667009592,0.139390230178833,0.149080991744995,-0.0655806586146355,0.19819501042366,0.0653249770402908,-0.0560301095247269,-0.0103262988850474,-0.0653671324253082,-0.016475934535265,0.0361071936786175,0.0547471717000008,0.00723947957158089,0.184097826480865,-0.0274158399552107,-0.065846286714077,-0.135689169168472,-0.0320084802806377,0.0230359770357609,0.214144244790077,-0.0368296131491661,0.127012431621552,0.0523173399269581,-0.00380629696883261,0.207896962761879,0.0626043826341629,0.044386301189661,0.151612922549248,0.247113525867462,0.116259962320328,0.062977708876133,-0.0907838121056557,0.194251090288162,-0.0916324034333229,-0.0724744200706482,0.0583184994757175,0.186650052666664,-0.0113249458372593,0.230720400810242,0.196663200855255,-0.0760018154978752,0.0160658992826939,-0.0873081833124161,0.0721396282315254,0.060508593916893,0.0589431673288345,-0.0159850176423788,0.231690540909767,-0.0553776957094669,-0.0206625815480947,-0.0557139031589031,0.000539113709237427,0.0282339733093977,0.295604944229126,0.0556972734630108,0.243264466524124,0.0599250718951225,-0.0519703701138496,0.247600853443146,0.0811685100197792,0.0950510129332542,0.169820696115494,0.29327467083931,0.238194152712822,0.0227722376585007,-0.0755043625831604,0.254523068666458,-0.0650196895003319,-0.0563471242785454,0.0563584044575691,0.216095432639122
0.289315670728683,0.234772443771362,0.360971421003342,0.621627926826477,0.174544140696526,-0.0100272735580802,-0.0230362378060818,0.0993061736226082,0.127053543925285,0.216149166226387,0.279860854148865,0.39166396856308,0,0.14127504825592,-0.00485522206872702,-0.00545360147953033,0.112202361226082,0.146252900362015,-0.0524983368813992,0.25562584400177,-0.0344157814979553,-0.0170216634869576,0.00967749021947384,-0.0427425019443035,-0.103552743792534,0.00814585573971272,-0.0285261329263449,0.0418610759079456,0.136515840888023,-0.00164460053201765,-0.0765232220292091,-0.159558936953545,-0.0305049382150173,0.138541236519814,0.158702149987221,-0.0907851755619049,0.0694322437047958,0.0759290009737015,0.0893910899758339,0.201887264847755,0.209834218025208,-0.00928732007741928,0.0888449102640152,0.142783254384995,0.124660305678844,0.0819227918982506,-0.0369008034467697,0.227523013949394,-0.0904456973075867,-0.0428566411137581,0.110263086855412,0.306268274784088,0.0339213646948338,0.278724610805511,0.0321204401552677,-0.0230625607073307,0.00987054221332073,-0.0395272485911846,-0.0557254962623119,0.028673442080617,-0.023485803976655,0.0341595374047756,0.179670035839081,-0.0254725571721792,-0.0465794876217842,-0.120948813855648,-0.0136902136728168,0.1324093490839,0.296219766139984,-0.030650407075882,0.188948035240173,0.0928110554814339,0.0971545055508614,0.235455453395844,0.275942951440811,0.0366505198180676,0.10746144503355,0.194942221045494,0.192328050732613,0.0807732045650482,-3.41236591339111e-05,0.319826394319534,-0.0966453850269318,-0.0508613027632236,0.111081764101982,0.360999763011932
0.109961695969105,0.0873138159513474,0.0628387406468391,0.119187034666538,0.0403761118650436,-0.019416956230998,-0.0216666348278522,0.0142115904018283,0.0422534830868244,0.0946937799453735,0.0999456346035004,0.0810162872076035,0.14127504825592,0,-0.0106227369979024,-0.0298565644770861,0.00799481570720673,0.0837940871715546,-0.0222025848925114,0.12469045072794,-0.0354060344398022,-0.00384392193518579,0.00673333602026105,-0.0225334390997887,-0.0259955450892448,-0.015582786872983,0.00595221156254411,-0.0104923350736499,0.0320880711078644,0.00169044197537005,-0.0331420078873634,-0.054956741631031,-0.0077327317558229,0.0456767678260803,0.0260821413248777,-0.0410125888884068,-0.00342274527065456,0.0420581884682178,0.048729632049799,0.0792082622647285,0.0612606666982174,0.0329593680799007,0.0486060082912445,0.0460242331027985,0.0461340956389904,0.0145850339904428,-0.0152656771242619,0.0836532488465309,-0.0424252934753895,-0.00930290296673775,0.0666728913784027,0.114859335124493,-0.0100302407518029,0.101228967308998,0.0096160126850009,-0.00376225356012583,-0.00203214399516582,-0.0239466894418001,-0.00349397235549986,-0.00684940442442894,0.0182919260114431,-0.0116054583340883,0.029461121186614,0.00170239829458296,-0.0123857166618109,-0.0267924852669239,-0.0115660028532147,0.0559233091771603,0.0830993205308914,-0.0282252505421638,0.058308620005846,0.054308257997036,0.0499031841754913,0.08187086135149,0.0731116905808449,0.0397548191249371,0.0630756095051765,0.0688738152384758,0.0966236367821693,-0.000128725543618202,-0.0109366262331605,0.11883781850338,-0.0295030530542135,-0.0211904067546129,0.055555421859026,0.125426590442657
-0.0168967265635729,-0.00580912176519632,0.0209747906774282,-0.00244272709824145,-0.00998734030872583,0.422384709119797,0.17031367123127,0.032562255859375,0.0615105964243412,0.0367712825536728,-0.0161383263766766,0.0154760712757707,-0.00485522206872702,-0.0106227369979024,0,0.21626327931881,0.037106167525053,0.0629788637161255,0.0440095141530037,0.0243397392332554,0.126771718263626,0.0832079127430916,0.100770048797131,0.219241842627525,0.203855097293854,0.115047179162502,0.313334435224533,0.101337902247906,0.0647391080856323,0.0987226217985153,0.304567337036133,0.161886006593704,0.262599289417267,0.07503392547369,-0.0533390045166016,-0.0210891794413328,-0.0627137050032616,0.0576883032917976,0.0788011401891708,0.0685293897986412,0.0610602870583534,0.237704083323479,0.228086948394775,-0.0478711016476154,0.142213016748428,0.05970124527812,0.208375185728073,-0.107670865952969,0.0410439148545265,0.126125991344452,0.0801466926932335,0.0678034797310829,0.020167388021946,0.0274688452482224,0.0328892357647419,0.0728171393275261,0.100081205368042,0.20651039481163,0.134328708052635,0.114742182195187,0.299427032470703,0.0910023376345634,0.0265792980790138,0.0921642631292343,0.269804298877716,0.139102697372437,0.264610111713409,0.0663647577166557,-0.111996993422508,-0.0701256096363068,-0.0923851355910301,0.0515761412680149,0.102553151547909,0.0400464087724686,0.0459391139447689,0.226764410734177,0.17095659673214,-0.0889021903276443,0.0583396442234516,0.0515932478010654,0.195293039083481,-0.113945588469505,0.0335632301867008,0.131031811237335,0.0817958936095238,0.0606181025505066
-0.107588097453117,-0.0911135524511337,-0.0235643666237593,-0.0132694784551859,-0.0245552603155375,0.175077885389328,0.245794370770454,0.00911376997828484,-0.0179901290684938,-0.0548932552337646,-0.105150379240513,-0.0288796667009592,-0.00545360147953033,-0.0298565644770861,0.21626327931881,0,0.0193806048482656,-0.00852767378091812,0.107376426458359,-0.0335261598229408,0.0506777986884117,0.0417378433048725,0.0702287405729294,0.173434928059578,0.0476528257131577,0.112461723387241,0.000717338058166206,0.0218237023800611,0.00724507076665759,0.0406070351600647,0.140190035104752,0.120847076177597,0.0944646447896957,0.0340338870882988,0.00132515991572291,0.040505513548851,0.0466442480683327,-0.0405812710523605,0.055958803743124,-0.104849480092525,0.080163337290287,-0.0281853936612606,0.0128443194553256,-0.117206402122974,0.0393202714622021,0.0321692228317261,0.205643445253372,-0.0768675282597542,0.0450362674891949,0.105105794966221,0.0209382716566324,0.0275104455649853,0.0935453400015831,-0.0390873290598392,-0.0359435379505157,0.0247647203505039,0.0437454506754875,0.179622367024422,-0.0161875579506159,0.105529926717281,-0.0157637689262629,0.0238385796546936,-0.011061005294323,0.0413803607225418,0.105919435620308,0.0827391967177391,0.094288170337677,0.0337204523384571,-0.0401663221418858,-0.0235897898674011,-0.00574702583253384,-0.0474337935447693,0.0718371048569679,-0.129984438419342,0.0801195427775383,-0.0485482588410378,-0.0208235625177622,-0.153341740369797,-0.030625956133008,0.032562505453825,0.208495527505875,-0.106625959277153,0.0244848448783159,0.122483745217323,0.00639466987922788,0.0195558872073889
0.0329183973371983,0.0519163459539413,0.114767871797085,0.0890620946884155,0.0189118199050426,0.0392490513622761,-0.00574271194636822,0.0999661013484001,0.0443051122128963,0.0216261353343725,0.0858991742134094,0.139390230178833,0.112202361226082,0.00799481570720673,0.037106167525053,0.0193806048482656,0,0.0650799423456192,-0.0267495140433311,0.0797692015767097,-0.0494641251862049,0.0224155467003584,0.0134749738499522,-0.00795376021414995,-0.0315210670232773,-0.0405866652727127,0.0687439814209938,0.0283820368349552,0.0151446042582393,0.0241419728845358,0.0529865920543671,-0.0709462240338326,0.00782675296068192,0.0242546461522579,-0.0171881318092346,-0.0803329199552536,-0.0570367574691772,0.0364293195307255,0.00735945627093315,0.0511906556785107,-0.000428078667027876,0.057929988950491,0.116131573915482,-0.0186872705817223,0.0110097238793969,-0.00351178040727973,0.0139135401695967,-0.034023828804493,-0.0108505180105567,-0.0120335854589939,0.0408620610833168,0.0580423250794411,-0.0105683505535126,0.072656124830246,-0.0383988358080387,0.0223198588937521,0.00226359977386892,0.010186180472374,-0.0321491770446301,-0.0215444080531597,0.0554246455430984,0.0241732839494944,0.018716923892498,0.0135715967044234,0.0399756133556366,-0.0495914556086063,0.0175322126597166,0.0286565516144037,-0.0110480990260839,-0.103725843131542,-0.0298313479870558,0.0405266173183918,-0.00180623854976147,0.0598442070186138,0.000490753853227943,0.055459201335907,0.112784042954445,0.00826645828783512,0.00564152328297496,-4.1258055716753e-05,0.021778205409646,0.0132793793454766,-0.0186460912227631,-0.00406394433230162,0.0439069718122482,0.0660096406936646
0.256521940231323,0.202376529574394,0.148301005363464,0.13914293050766,0.0585111975669861,0.0668299421668053,-0.0250558983534575,0.0588909611105919,0.184191167354584,0.222477555274963,0.236528262495995,0.149080991744995,0.146252900362015,0.0837940871715546,0.0629788637161255,-0.00852767378091812,0.0650799423456192,0,-0.0589816011488438,0.156944617629051,0.0356170535087585,0.0269011687487364,0.0396656356751919,0.00985539052635431,0.0498702153563499,0.0382675863802433,0.114130079746246,0.0175448842346668,0.0902531147003174,0.0665509104728699,0.0142158484086394,-0.0292647611349821,0.0643559470772743,0.07412289083004,0.0295837875455618,-0.0475626662373543,0.00216603861190379,0.140475213527679,0.0662433058023453,0.172790512442589,0.0566830672323704,0.146123051643372,0.124695554375648,0.116819269955158,0.0807095319032669,0.0532575100660324,0.0142598589882255,0.13566979765892,-0.0297008603811264,0.0293866526335478,0.148974686861038,0.183049008250237,-0.00275178113952279,0.175999194383621,0.102507956326008,0.0376848615705967,0.0233475733548403,0.0030554577242583,0.101091004908085,0.0428629294037819,0.137913197278976,0.0185416918247938,0.112739481031895,0.0548441000282764,0.063459075987339,0.0177331492304802,0.0544241294264793,0.0919035896658897,0.118676207959652,0.00880466215312481,0.0884681791067123,0.157535120844841,0.0620794557034969,0.184858098626137,0.0775222256779671,0.179445505142212,0.131275907158852,0.144522488117218,0.155194029211998,0.0475822910666466,0.0279111303389072,0.174422547221184,-0.00724710244685411,0.00230144313536584,0.126034259796143,0.204842537641525
-0.162101343274117,-0.0960997566580772,-0.0167046040296555,-0.0484045036137104,-0.016645098105073,0.0656658038496971,0.14329420030117,-0.034486647695303,-0.0391225032508373,-0.0553721860051155,-0.182402759790421,-0.0655806586146355,-0.0524983368813992,-0.0222025848925114,0.0440095141530037,0.107376426458359,-0.0267495140433311,-0.0589816011488438,0,-0.0360243357717991,0.247226119041443,0.055639736354351,0.0321493446826935,0.255865693092346,0.197955742478371,0.263714015483856,-0.149700686335564,0.0638481676578522,0.0735315755009651,0.0747829079627991,0.0364565141499043,0.575675249099731,-0.0147188166156411,-0.00722561497241259,0.498001545667648,0.221789315342903,0.567038893699646,-0.0265689976513386,0.0715569406747818,-0.100712716579437,0.161237388849258,-0.0798671543598175,-0.131283029913902,-0.00268481019884348,0.217449396848679,0.0580069869756699,0.70330536365509,0.191965088248253,0.12441448867321,0.147604703903198,0.14447620511055,0.120319470763206,0.610644221305847,-0.0519949793815613,0.00950576178729534,0.0291973315179348,0.0139114269986749,0.20672695338726,-0.00218445085920393,0.177687034010887,-0.191922008991241,0.0774364992976189,0.012792638503015,0.0765609592199326,-0.0484469048678875,0.331076830625534,0.00800048094242811,0.0080101490020752,0.182395964860916,0.165636569261551,0.255072176456451,-0.0610044449567795,0.130926549434662,-0.180720791220665,0.124082922935486,-0.155043482780457,-0.116039097309113,-0.106647416949272,0.0310180634260178,0.0359405614435673,0.578940391540527,-0.00181390333455056,0.0672218278050423,0.148007318377495,0.160413935780525,0.0788862481713295
0.232086643576622,0.245461314916611,0.202967911958694,0.281676799058914,0.102366179227829,0.0332435742020607,-0.0404764488339424,0.0823270753026009,0.160043016076088,0.223725512623787,0.272322475910187,0.19819501042366,0.25562584400177,0.12469045072794,0.0243397392332554,-0.0335261598229408,0.0797692015767097,0.156944617629051,-0.0360243357717991,0,-0.0949353724718094,0.13302817940712,0.0523651279509068,0.0166593547910452,-0.123274572193623,-0.00411248439922929,0.00371495145373046,0.0345577634871006,0.224650323390961,0.165015637874603,-0.107354395091534,-0.271511971950531,0.0109008587896824,0.352971196174622,0.210643097758293,-0.208799049258232,0.048566672950983,0.261521577835083,0.297302931547165,0.402023464441299,0.387531071901321,0.0858603417873383,0.258269608020782,0.272489666938782,0.330645143985748,0.256983727216721,0.068284273147583,0.392810851335526,-0.134583875536919,-0.038750421255827,0.282118201255798,0.561506867408752,0.0768871307373047,0.580417454242706,-0.086848683655262,0.144741803407669,0.00705607561394572,-0.00979044288396835,-0.129321202635765,0.00117667473386973,0.0335849337279797,0.0381237789988518,0.182996109127998,0.135999456048012,-0.058259442448616,-0.252322047948837,0.0213154572993517,0.329633802175522,0.321539759635925,-0.227988660335541,0.131535112857819,0.260094374418259,0.253500789403915,0.4354627430439,0.382014274597168,0.146834254264832,0.258230745792389,0.235617160797119,0.296474635601044,0.214233934879303,0.0731257870793343,0.471326947212219,-0.167583286762238,-0.0829173773527145,0.227152109146118,0.549191951751709
0.0564285479485989,0.03682941198349,0.125877901911736,-0.0239422209560871,0.00449696881696582,0.14333388209343,0.0484827496111393,-0.0611544921994209,0.00625653425231576,0.256987541913986,-0.0269393883645535,0.0653249770402908,-0.0344157814979553,-0.0354060344398022,0.126771718263626,0.0506777986884117,-0.0494641251862049,0.0356170535087585,0.247226119041443,-0.0949353724718094,0,-0.133532449603081,0.0596267729997635,0.191215381026268,0.700967311859131,0.549547433853149,0.20636759698391,-0.0627864971756935,0.278256714344025,-0.076448455452919,0.113039381802082,0.491167306900024,0.167263120412827,-0.0976288542151451,0.559186697006226,0.434313923120499,0.53465735912323,-0.121770463883877,-0.0257429070770741,0.0945294797420502,0.109713308513165,0.320043385028839,-0.0215758979320526,0.668287396430969,0.412661343812943,0.375267744064331,0.0705094933509827,0.43179452419281,0.0381848439574242,0.00559257669374347,-0.0270467475056648,-0.0524093024432659,0.0254620984196663,-0.111903540790081,0.645210266113281,-0.181871503591537,0.0533143989741802,0.108922071754932,0.508365631103516,0.289881378412247,0.0771541818976402,-0.0392884202301502,0.0981419906020164,-0.0737799033522606,0.0602294318377972,0.299677401781082,0.123425029218197,-0.0869144275784492,0.231892943382263,0.321640223264694,0.225532874464989,-0.122388780117035,-0.000840160821098834,-0.0361596755683422,0.0336381383240223,0.172965705394745,-0.108257211744785,0.241406917572021,0.086713619530201,0.158625558018684,0.0544640198349953,0.0539095178246498,0.0702146366238594,0.0165452715009451,-0.0122014787048101,-0.102195456624031
-0.102277562022209,0.057073038071394,-0.0334591343998909,-0.0113689685240388,-0.013705650344491,0.0914610773324966,0.0379851870238781,0.00688596768304706,0.0403198339045048,-0.0519174262881279,0.0329925082623959,-0.0560301095247269,-0.0170216634869576,-0.00384392193518579,0.0832079127430916,0.0417378433048725,0.0224155467003584,0.0269011687487364,0.055639736354351,0.13302817940712,-0.133532449603081,0,0.0181083213537931,0.330689460039139,0.0351931788027287,-0.129308313131332,0.104230836033821,0.185799330472946,0.0157412756234407,0.915422081947327,0.0185283254832029,-0.155963227152824,0.1451755464077,0.372858703136444,-0.084584966301918,-0.172909170389175,-0.131507575511932,0.863691926002502,0.326492458581924,0.026211054995656,0.29632630944252,0.227028295397758,0.0451330170035362,-0.0567515902221203,0.0696339830756187,0.633819341659546,0.18950130045414,-0.0320028141140938,-0.035545252263546,0.0228656642138958,0.165700897574425,0.203072234988213,0.110918313264847,0.113549210131168,-0.272495090961456,0.969173491001129,-0.00423201732337475,0.382621943950653,-0.117379263043404,-0.0884812101721764,0.117413051426411,0.242632418870926,-0.0516320914030075,0.904282212257385,-0.0111260684207082,-0.201080530881882,0.162385031580925,0.343270093202591,-0.139929413795471,-0.269163608551025,-0.197826325893402,0.815189063549042,0.37971442937851,0.0212813038378954,0.307284712791443,0.262837529182434,0.0456366203725338,-0.151561215519905,-0.0525849089026451,0.576469480991364,0.17922306060791,-0.00067433703225106,-0.0802851840853691,0.022889094427228,0.135261073708534,0.166129946708679
0.0196242369711399,0.0160824749618769,0.00419070618227124,0.00692228926345706,0.00590355508029461,0.120175704360008,0.0666259601712227,-0.00201472081243992,0.0108482716605067,0.0428581163287163,0.0148331914097071,-0.0103262988850474,0.00967749021947384,0.00673333602026105,0.100770048797131,0.0702287405729294,0.0134749738499522,0.0396656356751919,0.0321493446826935,0.0523651279509068,0.0596267729997635,0.0181083213537931,0,0.154099315404892,0.10345596075058,0.134801611304283,0.0465198755264282,0.0276320222765207,0.088449701666832,0.0399678722023964,0.0829162895679474,0.0972173810005188,0.0906436070799828,0.0320530831813812,0.061046626418829,0.0361701063811779,0.0660710334777832,0.0210319403558969,0.0445846393704414,0.0362881012260914,0.0541967339813709,0.0345249734818935,0.0522481091320515,0.0366214215755463,0.062785342335701,0.0886725410819054,0.103524141013622,0.0538487695157528,0.0302045531570911,0.0986686646938324,0.0443242825567722,0.0916157439351082,0.0160109214484692,0.0241104383021593,0.0281043946743011,0.00495947478339076,0.0463566370308399,0.123294502496719,0.0609150603413582,0.110368803143501,0.0517859272658825,0.0133398743346334,0.0492662899196148,0.036581002175808,0.074868381023407,0.0613904297351837,0.0720646679401398,0.00562304304912686,0.0476245582103729,0.00865592062473297,0.0425651073455811,0.0103094838559628,0.0316126346588135,0.0312884338200092,0.0439208596944809,0.0515788421034813,0.0249782726168633,-0.00952242221683264,0.0362636893987656,0.0725283548235893,0.0714746862649918,0.0331517346203327,0.019696231931448,0.0441198460757732,0.0215340126305819,0.0797731131315231
-0.0785360857844353,-0.0541011542081833,-0.0464714467525482,-0.0333299897611141,-0.0128215560689569,0.215395227074623,0.179983004927635,-0.0130470776930451,0.002473718021065,-0.0958323925733566,-0.077628955245018,-0.0653671324253082,-0.0427425019443035,-0.0225334390997887,0.219241842627525,0.173434928059578,-0.00795376021414995,0.00985539052635431,0.255865693092346,0.0166593547910452,0.191215381026268,0.330689460039139,0.154099315404892,0,0.330619752407074,0.344446450471878,0.0798790901899338,0.508354604244232,0.0848376378417015,0.509655952453613,0.178673133254051,0.197890117764473,0.309587240219116,0.105023980140686,0.124497316777706,0.0442383773624897,0.105936877429485,0.285871714353561,0.107490845024586,-0.0599898360669613,0.148379772901535,0.0868195667862892,0.0386619716882706,-0.0407017655670643,0.0831607133150101,0.479174673557281,0.351397395133972,-0.009280139580369,0.0660765841603279,0.15229956805706,0.107459723949432,0.122723072767258,0.271793246269226,0.0249961689114571,0.024197194725275,0.296834349632263,0.111388072371483,0.804068267345428,0.169126749038696,0.347436845302582,0.0807464420795441,0.47036400437355,0.053654421120882,0.509548962116241,0.140315815806389,0.173781245946884,0.331481069326401,0.108592092990875,0.0775440633296967,-0.0425690338015556,0.115886494517326,0.214901611208916,0.162912011146545,-0.0604989416897297,0.178675800561905,0.138397499918938,0.0370219647884369,-0.0995147600769997,0.0220893695950508,0.473084151744843,0.279087752103806,-0.0223662611097097,0.0330577939748764,0.132719710469246,0.0823447108268738,0.0823321342468262
