0 0.34 0.27036 0.27871 0.083898 -0.0087237 -0.089277 0.062413 0.21 0.72839 0.41811 0.35685 0.29281 0.11351 0.00086672 -0.093882 0.044213 0.26429 -0.15791 0.23566 0.068141 -0.02229 0.025187 -0.05057 0.071094 0.14327 0.098726 0.029147 0.19192 0.0033451 -0.14905 -0.10748 0.010736 0.12289 0.092911 -0.05874 0.011922 0.1161 0.066523 0.36382 0.082082 0.18485 0.097889 0.35941 0.043331 0.18714 -0.17562 0.34814 -0.099368 -0.065641 0.028941 0.22873 -0.047907 0.27818 0.41616 -0.020358 0.034074 -0.069777 0.37049 0.25072 0.19173 0.010252 0.3223 -0.025593 -0.0289 0.12903 0.022866 0.13966 0.38688 0.19098 0.29281 0.1357 0.071595 0.44971 0.18348 0.30975 0.17534 0.59102 0.39194 0.20367 -0.13121 0.52418 0.00043716 -0.081832 0.047651 0.27758
0.34 0 0.2526 0.27454 0.11187 0.016798 -0.078025 0.072921 0.22281 0.35442 0.48985 0.26914 0.25828 0.099483 -0.00081255 -0.094613 0.056892 0.21081 -0.10768 0.26569 0.05393 0.08731 0.0218 -0.043962 0.075681 0.053248 0.14719 0.076152 0.15086 0.1277 -0.027872 -0.10082 0.016893 0.17382 0.11834 -0.065562 0.010905 0.22909 0.13385 0.34035 0.12182 0.19806 0.16515 0.2246 0.17204 0.13201 -0.10855 0.24242 -0.046941 -0.055831 0.16673 0.29275 -0.1245 0.26085 0.067929 0.08398 0.018248 -0.06958 0.073244 0.0040173 0.13439 0.072666 0.13709 0.087365 -0.012454 -0.086453 -0.01201 0.10662 0.16389 -0.035913 0.078255 0.26237 0.082716 0.32047 0.097969 0.1888 0.15485 0.19256 0.16818 0.070556 -0.12051 0.22779 -0.049182 -0.071752 0.15514 0.2667
0.27036 0.2526 0 0.39196 0.096665 0.036139 -0.020949 0.14951 0.14303 0.28799 0.27376 0.57964 0.37866 0.067383 0.032087 -0.032848 0.118 0.15521 -0.031896 0.20354 0.12288 0.0047801 0.012164 -0.034864 0.03858 0.051406 0.08503 0.0023353 0.19548 0.027047 -0.0021656 -0.067766 -0.02041 0.057943 0.22918 -0.01032 0.13379 0.093259 0.011955 0.20405 0.085277 0.092654 0.17431 0.25319 0.20907 0.064342 -0.074616 0.18625 -0.050436 -0.047877 0.068935 0.18738 -0.033734 0.17636 0.11263 -0.012092 0.036372 -0.058825 0.034801 0.027544 0.068564 0.0096951 0.16459 -9.0283e-05 0.0031987 -0.073615 -0.011099 0.031653 0.19767 -0.023855 0.13659 0.10395 -0.011842 0.2016 0.090821 0.081093 0.12395 0.1746 0.16215 0.013432 -0.072519 0.17469 -0.061325 -0.052957 0.079422 0.17428
0.27871 0.27454 0.39196 0 0.18714 0.012119 -0.0081792 0.10903 0.14128 0.25632 0.2807 0.37394 0.6471 0.12448 0.0068109 -0.016218 0.095314 0.14787 -0.056598 0.29904 -0.028993 0.036342 0.014109 -0.01565 -0.086124 0.015663 0.0081272 0.028218 0.14738 0.051744 -0.029037 -0.15737 -0.021145 0.19684 0.17737 -0.094031 0.057028 0.12855 0.19201 0.21195 0.28779 0.036631 0.12966 0.15953 0.1664 0.12049 -0.021431 0.24973 -0.06785 -0.021769 0.13301 0.35286 -0.022331 0.2854 0.016218 0.038417 0.012261 -0.032954 -0.043987 -0.012559 0.020351 0.032151 0.15399 0.034348 -0.02623 -0.13221 0.0056508 0.15804 0.26226 -0.065905 0.15308 0.14748 0.12571 0.24824 0.27112 0.074818 0.1321 0.17909 0.18418 0.096966 -0.037821 0.30594 -0.065678 -0.05549 0.12643 0.34834
0.083898 0.11187 0.096665 0.18714 0 -0.0044909 -0.021308 0.018268 0.054512 0.094146 0.10351 0.10609 0.15972 0.045881 -0.0039139 -0.028203 0.019016 0.060447 -0.018272 0.10532 -0.0021826 0.0059533 0.011667 -0.011328 -0.020208 0.00044918 -0.0066377 -0.010369 0.069469 0.0090658 -0.029828 -0.035744 -0.010281 0.027368 0.066681 0.0015394 0.04707 0.052744 0.075852 0.092135 0.09165 0.010751 0.053352 0.069223 0.064564 0.017806 0.0057773 0.10714 -0.028966 -0.022348 0.061912 0.14218 -0.011431 0.11146 -0.017735 -0.0014393 -0.013058 -0.030932 -0.03589 -0.011955 -0.0046474 -0.0025579 0.059907 -0.0027282 -0.023026 -0.046677 -0.016257 0.031167 0.085014 -0.010896 0.061678 0.052959 0.05862 0.079258 0.081893 0.0016412 0.025491 0.044759 0.049885 -0.0029181 -0.01131 0.10542 -0.040586 -0.023096 0.046368 0.12855
-0.0087237 0.016798 0.036139 0.012119 -0.0044909 0 0.16582 0.023247 0.08805 0.056927 0.0025127 0.02695 0.005238 -0.016311 0.43772 0.16577 0.043763 0.072556 0.062209 0.040682 0.14058 0.10618 0.13786 0.22171 0.24267 0.1244 0.34193 0.12901 0.083345 0.12903 0.30396 0.20929 0.27765 0.076614 -0.036167 0.018177 -0.025544 0.09239 0.095615 0.099663 0.053187 0.274 0.23214 -0.0011874 0.17272 0.08388 0.21261 -0.073127 0.05872 0.15032 0.11494 0.079036 0.029306 0.027076 0.0073729 0.08459 0.089655 0.21153 0.13292 0.089292 0.29204 0.13134 0.015613 0.11659 0.28117 0.13929 0.23656 0.06942 -0.11674 -0.051995 -0.09316 0.068027 0.10001 0.04186 0.048494 0.23143 0.15816 -0.088227 0.078709 0.048598 0.18398 -0.10652 0.055917 0.1231 0.10097 0.051588
-0.089277 -0.078025 -0.020949 -0.0081792 -0.021308 0.16582 0 -0.010955 -0.0081257 -0.041253 -0.10275 -0.043123 -0.027308 -0.02516 0.17164 0.2519 -0.010274 -0.030405 0.14938 -0.042157 0.047028 0.027503 0.075631 0.17459 0.061319 0.12968 -0.0024021 0.069441 0.013856 0.039121 0.16134 0.16322 0.070195 0.018417 0.020248 0.074896 0.06904 -0.011756 0.056592 -0.12383 0.06829 -0.037048 -0.004749 -0.12611 0.052385 0.03023 0.2301 -0.063169 0.042533 0.1324 0.015274 0.02718 0.091709 -0.051969 -0.063187 0.020672 0.03024 0.15436 -0.035754 0.073246 -0.029283 0.057113 -0.02486 0.035611 0.087784 0.085036 0.054449 0.021708 -0.058493 -0.017905 -0.026067 -0.03031 0.06028 -0.13998 0.068341 -0.059103 -0.024755 -0.18628 -0.025341 0.0366 0.18808 -0.12161 0.028269 0.11042 0.0012433 -0.0049825
0.062413 0.072921 0.14951 0.10903 0.018268 0.023247 -0.010955 0 0.052243 0.042734 0.077405 0.13043 0.10473 0.01505 0.035298 0.00060812 0.11025 0.06452 -0.036847 0.090146 -0.056964 0.02543 0.0013124 -0.0077829 -0.038495 -0.020813 0.059583 0.0184 0.02697 0.013907 0.068945 -0.05528 0.024685 0.046747 -0.026447 -0.082222 -0.075433 0.049847 0.021287 0.073206 0.012514 0.05129 0.12286 0.001431 0.01448 0.010535 0.0037725 -0.0015541 -0.0026506 -0.00016259 0.044895 0.087649 -0.024173 0.076098 -0.040213 0.026997 -0.0042845 0.00036061 -0.017181 0.0045764 0.072763 0.032984 0.031759 0.0061156 0.066924 -0.037424 0.010162 0.044206 0.0011456 -0.085129 -0.013833 0.056927 0.013415 0.081237 0.032497 0.06271 0.10404 0.020459 0.036196 0.0097151 0.01139 0.054141 -0.015655 0.000182 0.055787 0.08919
0.21 0.22281 0.14303 0.14128 0.054512 0.08805 -0.0081257 0.052243 0 0.22245 0.22823 0.13114 0.13519 0.047859 0.074874 -0.021861 0.050703 0.19805 -0.045707 0.16457 0.010332 0.068914 0.019262 0.0090852 0.036274 0.010621 0.13042 0.023039 0.080496 0.097925 0.021733 -0.049604 0.067004 0.11898 0.03977 -0.059708 -0.012809 0.17151 0.097107 0.1932 0.074242 0.15455 0.13818 0.1025 0.081378 0.05876 -0.001125 0.11515 -0.029056 -0.021348 0.12157 0.18628 -0.03684 0.17169 0.045761 0.062414 0.031041 -0.0076217 0.062796 0.019 0.14614 0.017495 0.094921 0.08753 0.060418 -0.010572 0.037728 0.073326 0.087154 -0.032626 0.04021 0.17826 0.076555 0.18565 0.068301 0.17522 0.13941 0.10818 0.12522 0.027772 -0.0018225 0.1491 -0.035191 -0.0037958 0.12472 0.1745
0.72839 0.35442 0.28799 0.25632 0.094146 0.056927 -0.041253 0.042734 0.22245 0 0.32451 0.28096 0.21464 0.099564 0.048726 -0.051955 0.035153 0.22958 -0.067539 0.23115 0.2688 -0.00024706 0.049657 -0.073195 0.22818 0.23932 0.15143 -0.061922 0.20727 0.0064557 -0.014367 0.058988 0.043537 0.19623 0.23066 0.098015 0.187 0.12073 0.26204 0.31354 0.27549 0.24027 0.087254 0.4628 0.28416 0.25687 -0.1308 0.39477 -0.015848 -0.0067432 0.031672 0.22439 -0.15536 0.16991 0.1333 -0.011475 0.025364 -0.088 0.12556 0.12787 0.10435 -0.031275 0.10273 -0.0007159 -0.020277 0.0087123 0.027187 0.13319 0.13856 0.032166 0.047457 0.13827 0.15141 0.26466 0.16511 0.15465 0.055659 0.2377 0.094394 0.095286 -0.11848 0.32083 -0.037837 -0.054398 0.049291 0.18676
0.41811 0.48985 0.27376 0.2807 0.10351 0.0025127 -0.10275 0.077405 0.22823 0.32451 0 0.32724 0.30867 0.11325 -0.0038389 -0.10927 0.095519 0.25216 -0.19066 0.29298 -0.0086934 0.071722 0.01907 -0.057923 0.026603 -0.0084157 0.1512 0.065172 0.13403 0.11277 -0.055097 -0.17984 0.01689 0.12185 0.036096 -0.14245 -0.061964 0.23691 0.054786 0.35042 0.0693 0.20038 0.19279 0.20053 0.084897 0.098805 -0.16009 0.22543 -0.085135 -0.07706 0.16418 0.28604 -0.14431 0.30618 0.15533 0.079385 0.0099436 -0.08775 0.15924 0.0061052 0.19882 0.043634 0.19439 0.075915 -0.0021516 -0.057252 0.012077 0.13357 0.24322 -0.005502 0.15326 0.27458 0.040404 0.40206 0.11001 0.26635 0.20837 0.31091 0.26812 0.078706 -0.13824 0.31319 -0.03713 -0.10038 0.16945 0.30585
0.35685 0.26914 0.57964 0.37394 0.10609 0.02695 -0.043123 0.13043 0.13114 0.28096 0.32724 0 0.40056 0.085056 0.029809 -0.032839 0.14644 0.15477 -0.076662 0.209 0.067421 -0.022189 -0.0052806 -0.051391 0.0054688 0.030692 0.088099 0.01509 0.19096 0.007247 -0.041552 -0.12928 -0.024778 0.040112 0.19161 -0.049108 0.10579 0.092999 0.0075428 0.22668 0.066017 0.072694 0.17837 0.2261 0.12726 0.078342 -0.098752 0.18177 -0.08089 -0.067102 0.06553 0.19429 -0.032426 0.23861 0.1856 -0.046662 0.02428 -0.07123 0.090238 0.060135 0.091366 -0.0023496 0.23959 -0.020015 0.0041317 -0.044566 0.0097309 0.043813 0.27665 0.048251 0.22386 0.10447 -0.042998 0.26923 0.081165 0.12261 0.18736 0.28085 0.234 0.035579 -0.092617 0.23732 -0.053393 -0.053145 0.058038 0.21511
0.29281 0.25828 0.37866 0.6471 0.15972 0.005238 -0.027308 0.10473 0.13519 0.21464 0.30867 0.40056 0 0.14465 0.010218 -0.0076499 0.11632 0.15735 -0.061561 0.27323 -0.038319 0.034268 0.017381 -0.019767 -0.092008 0.0017983 -0.0049621 0.051867 0.13533 0.047821 -0.066731 -0.16738 -0.021419 0.16864 0.14657 -0.11116 0.041549 0.12959 0.12071 0.21993 0.22568 0.021586 0.11547 0.13489 0.12328 0.10493 -0.042582 0.22764 -0.085386 -0.047633 0.12757 0.32344 0.0035413 0.29254 0.030274 0.028248 0.017551 -0.018055 -0.032469 0.030313 0.01005 0.046948 0.19015 0.030864 -0.039017 -0.11759 -0.002264 0.16121 0.29281 -0.046887 0.18988 0.14847 0.12159 0.25372 0.29423 0.075549 0.13121 0.20074 0.19642 0.099539 -0.0079177 0.32249 -0.086553 -0.047392 0.12685 0.37967
0.11351 0.099483 0.067383 0.12448 0.045881 -0.016311 -0.02516 0.01505 0.047859 0.099564 0.11325 0.085056 0.14465 0 -0.0083133 -0.027595 0.0069666 0.091784 -0.026541 0.13222 -0.043144 0.016721 0.011321 -0.01806 -0.028155 -0.019833 0.014426 -0.010048 0.033913 0.018513 -0.030831 -0.05818 4.7965e-05 0.060082 0.025172 -0.045511 -0.010418 0.060207 0.064198 0.08916 0.068504 0.039157 0.056704 0.043272 0.050735 0.018523 -0.014458 0.082836 -0.039981 -0.011825 0.075628 0.12378 -0.017444 0.10645 0.0019442 0.016724 0.005875 -0.020932 -0.0031511 -0.010169 0.027481 -0.009861 0.033195 0.02179 -0.010173 -0.031553 -0.0042355 0.069963 0.079677 -0.034171 0.058729 0.07448 0.06846 0.092587 0.088454 0.050199 0.07112 0.066055 0.092799 0.0075854 -0.013895 0.11965 -0.025407 -0.025194 0.064107 0.13617
0.00086672 -0.00081255 0.032087 0.0068109 -0.0039139 0.43772 0.17164 0.035298 0.074874 0.048726 -0.0038389 0.029809 0.010218 -0.0083133 0 0.21149 0.040729 0.070466 0.050672 0.037738 0.12695 0.091532 0.11033 0.23273 0.2255 0.12864 0.32412 0.12607 0.087601 0.10935 0.30885 0.1775 0.27682 0.076796 -0.038147 -0.013513 -0.046044 0.075405 0.083746 0.083256 0.055967 0.25909 0.24139 -0.021271 0.15658 0.077212 0.21434 -0.084007 0.046091 0.1344 0.09925 0.082653 0.039789 0.043823 0.054992 0.079909 0.10564 0.22523 0.16326 0.13028 0.30591 0.11038 0.058807 0.10252 0.27458 0.16119 0.27889 0.067152 -0.084152 -0.048251 -0.069496 0.062927 0.11002 0.068884 0.051094 0.25125 0.17718 -0.061985 0.10392 0.068688 0.20669 -0.080458 0.037857 0.1415 0.10275 0.080275
-0.093882 -0.094613 -0.032848 -0.016218 -0.028203 0.16577 0.2519 0.00060812 -0.021861 -0.051955 -0.10927 -0.032839 -0.0076499 -0.027595 0.21149 0 0.013078 -0.0054569 0.11475 -0.038333 0.040168 0.025631 0.07327 0.16637 0.039935 0.11897 -0.010605 0.026398 0.013646 0.031358 0.13426 0.12442 0.091781 0.019544 0.004566 0.042543 0.045884 -0.050047 0.040708 -0.11094 0.066622 -0.032238 0.0014242 -0.11047 0.035022 0.03118 0.19945 -0.067231 0.041702 0.10748 0.011343 0.023173 0.10435 -0.039256 -0.02326 0.016976 0.041824 0.17642 -0.0091628 0.11836 -0.025414 0.020228 -0.0033034 0.026431 0.099448 0.090621 0.098997 0.023231 -0.020541 -0.0057685 0.012807 -0.059722 0.058458 -0.12868 0.074082 -0.049962 -0.029096 -0.14338 -0.013907 0.041442 0.20885 -0.083573 0.027449 0.13243 0.0028476 0.020687
0.044213 0.056892 0.118 0.095314 0.019016 0.043763 -0.010274 0.11025 0.050703 0.035153 0.095519 0.14644 0.11632 0.0069666 0.040729 0.013078 0 0.067926 -0.027172 0.089724 -0.048047 0.031013 0.016334 -0.0040369 -0.013955 -0.033748 0.081997 0.032409 0.017652 0.03303 0.055724 -0.066986 0.010576 0.029612 -0.022707 -0.080875 -0.063715 0.049013 0.0060606 0.068173 -0.0050552 0.076708 0.12501 -0.010774 0.020048 0.004726 0.010914 -0.028372 -0.014666 -0.01469 0.042171 0.062668 -0.01538 0.07753 -0.037012 0.030828 0.0090481 0.017496 -0.01568 -0.013434 0.071611 0.026984 0.024887 0.023892 0.050006 -0.034273 0.024318 0.034084 -0.011154 -0.10238 -0.026707 0.051875 -0.0038959 0.073504 0.0010496 0.075721 0.11561 0.018834 0.018988 0.0047801 0.019496 0.017477 -0.018508 -0.0033155 0.04723 0.069326
0.26429 0.21081 0.15521 0.14787 0.060447 0.072556 -0.030405 0.06452 0.19805 0.22958 0.25216 0.15477 0.15735 0.091784 0.070466 -0.0054569 0.067926 0 -0.060932 0.16621 0.035091 0.056214 0.043458 0.015408 0.060722 0.032958 0.12095 0.025171 0.093626 0.094014 0.017527 -0.025887 0.072365 0.09486 0.028973 -0.053444 -0.0071719 0.16564 0.081889 0.1891 0.06772 0.15803 0.13689 0.11498 0.083538 0.06491 0.014011 0.13718 -0.035355 0.025094 0.16698 0.19425 -0.0087263 0.18355 0.10067 0.066975 0.027045 0.014503 0.10992 0.042514 0.14874 0.027534 0.11791 0.085747 0.064546 0.021437 0.059155 0.11225 0.12011 0.011306 0.085353 0.18291 0.078305 0.20486 0.088796 0.19313 0.14307 0.15196 0.16359 0.060177 0.020664 0.17377 0.0020299 0.0027299 0.13553 0.21677
-0.15791 -0.10768 -0.031896 -0.056598 -0.018272 0.062209 0.14938 -0.036847 -0.045707 -0.067539 -0.19066 -0.076662 -0.061561 -0.026541 0.050672 0.11475 -0.027172 -0.060932 0 -0.042729 0.23797 0.047588 0.041851 0.25108 0.1927 0.26406 -0.16642 0.083564 0.077794 0.076814 0.0097553 0.56711 -0.0010025 -0.0044744 0.50592 0.24519 0.56359 -0.024494 0.074417 -0.099465 0.17053 -0.064769 -0.143 0.012512 0.19632 0.08342 0.72144 0.23844 0.1143 0.16495 0.16107 0.11736 0.65051 -0.056061 0.041132 0.030743 0.02093 0.21209 0.018323 0.1831 -0.20355 0.088714 0.0067629 0.067553 -0.065523 0.31596 0.020948 0.0081124 0.21798 0.16234 0.25785 -0.057468 0.1153 -0.17103 0.12431 -0.13828 -0.12531 -0.10528 0.020814 0.062254 0.60837 0.044595 0.054027 0.16669 0.16413 0.08521
0.23566 0.26569 0.20354 0.29904 0.10532 0.040682 -0.042157 0.090146 0.16457 0.23115 0.29298 0.209 0.27323 0.13222 0.037738 -0.038333 0.089724 0.16621 -0.042729 0 -0.11405 0.18184 0.051879 0.029203 -0.11273 -0.015624 0.0081005 0.043129 0.2086 0.20042 -0.096531 -0.2702 0.0067964 0.39132 0.20206 -0.22505 0.0073304 0.29382 0.32656 0.42271 0.40084 0.095833 0.27999 0.26104 0.3243 0.27368 0.054019 0.38024 -0.12862 -0.044742 0.29117 0.5681 0.016702 0.59236 -0.10434 0.19067 0.012855 0.015265 -0.10591 0.0098115 0.053956 0.051266 0.18374 0.17466 -0.048803 -0.23848 0.026566 0.37044 0.30787 -0.23958 0.12379 0.29429 0.28234 0.44381 0.39919 0.16125 0.27701 0.24554 0.29556 0.22619 0.049973 0.46872 -0.15811 -0.081941 0.2421 0.55757
0.068141 0.05393 0.12288 -0.028993 -0.0021826 0.14058 0.047028 -0.056964 0.010332 0.2688 -0.0086934 0.067421 -0.038319 -0.043144 0.12695 0.040168 -0.048047 0.035091 0.23797 -0.11405 0 -0.14112 0.068507 0.17593 0.7332 0.5678 0.20048 -0.078541 0.28328 -0.090237 0.11526 0.49385 0.16418 -0.072149 0.56088 0.46922 0.54303 -0.12172 -0.0072432 0.11275 0.12987 0.3234 -0.046348 0.71323 0.42921 0.38872 0.049862 0.46684 0.034108 0.0056119 -0.016964 -0.044765 0.032063 -0.12071 0.66026 -0.19392 0.061285 0.097864 0.54059 0.30678 0.06867 -0.038775 0.096319 -0.087075 0.054845 0.32003 0.11956 -0.066606 0.25654 0.36347 0.20645 -0.12412 -0.0013048 -0.0065021 0.044304 0.1686 -0.12082 0.29295 0.10662 0.16795 0.032283 0.087888 0.082106 0.020579 -0.0074194 -0.10231
-0.02229 0.08731 0.0047801 0.036342 0.0059533 0.10618 0.027503 0.02543 0.068914 -0.00024706 0.071722 -0.022189 0.034268 0.016721 0.091532 0.025631 0.031013 0.056214 0.047588 0.18184 -0.14112 0 0.020887 0.35666 0.063294 -0.12927 0.128 0.28694 0.038564 0.92017 0.010632 -0.14098 0.16044 0.35439 -0.064393 -0.18779 -0.1335 0.87992 0.31377 0.092416 0.29473 0.2846 0.076744 -0.024458 0.080787 0.64554 0.20008 0.032189 -0.03231 0.019558 0.21382 0.2456 0.091786 0.17394 -0.22687 0.97323 0.0081124 0.39274 -0.036282 -0.067136 0.16333 0.34772 -0.005542 0.9104 -0.010861 -0.17317 0.17049 0.33353 -0.077637 -0.24894 -0.13548 0.84073 0.36076 0.090429 0.31691 0.32443 0.089926 -0.070855 0.011665 0.59586 0.18125 0.080142 -0.070733 0.017326 0.17856 0.22498
0.025187 0.0218 0.012164 0.014109 0.011667 0.13786 0.075631 0.0013124 0.019262 0.049657 0.01907 -0.0052806 0.017381 0.011321 0.11033 0.07327 0.016334 0.043458 0.041851 0.051879 0.068507 0.020887 0 0.16352 0.11088 0.14303 0.062603 0.038617 0.098199 0.044803 0.093679 0.10611 0.10007 0.032533 0.067072 0.03865 0.0699 0.028216 0.048899 0.046299 0.057838 0.049481 0.06139 0.044221 0.0698 0.090734 0.10821 0.065463 0.031819 0.10523 0.0515 0.10349 0.01854 0.025674 0.039143 0.010092 0.058219 0.13413 0.077464 0.11542 0.062231 0.031281 0.061424 0.043683 0.086107 0.074282 0.088719 0.010532 0.056456 0.013733 0.046998 0.020388 0.039691 0.037602 0.050405 0.063404 0.034441 -0.0037949 0.049269 0.076443 0.0804 0.041249 0.019009 0.050888 0.032979 0.09315
-0.05057 -0.043962 -0.034864 -0.01565 -0.011328 0.22171 0.17459 -0.0077829 0.0090852 -0.073195 -0.057923 -0.051391 -0.019767 -0.01806 0.23273 0.16637 -0.0040369 0.015408 0.25108 0.029203 0.17593 0.35666 0.16352 0 0.31605 0.35005 0.079308 0.55457 0.103 0.53506 0.17155 0.19643 0.33361 0.11073 0.12738 0.03818 0.095499 0.31392 0.10836 -0.044035 0.15361 0.11651 0.041938 -0.018742 0.094593 0.52253 0.33957 0.013041 0.068955 0.15096 0.12758 0.14317 0.2416 0.051197 0.054307 0.32818 0.10858 0.81033 0.20303 0.3512 0.085509 0.51225 0.076393 0.53177 0.13256 0.18708 0.35165 0.1243 0.12134 -0.025536 0.14033 0.2425 0.16039 -0.032362 0.19671 0.16555 0.039126 -0.069775 0.06192 0.52562 0.27632 0.013197 0.045468 0.13714 0.099062 0.10959
0.071094 0.075681 0.03858 -0.086124 -0.020208 0.24267 0.061319 -0.038495 0.036274 0.22818 0.026603 0.0054688 -0.092008 -0.028155 0.2255 0.039935 -0.013955 0.060722 0.1927 -0.11273 0.7332 0.063294 0.11088 0.31605 0 0.52113 0.55796 0.051509 0.18384 0.10786 0.32614 0.63699 0.41579 -0.023024 0.24383 0.36251 0.2404 0.023222 -0.056657 0.23225 -0.10366 0.72388 0.12774 0.53898 0.39042 0.38506 0.07812 0.2447 0.16914 0.1019 0.006793 -0.083324 0.027401 -0.12536 0.50903 -0.014297 0.069473 0.22141 0.76087 0.30615 0.44109 0.057939 0.045554 0.095507 0.27486 0.52753 0.33341 -0.027077 0.040118 0.23357 0.060312 0.0071234 -0.06055 0.087904 -0.12695 0.55078 0.046463 0.17372 0.17731 0.17689 0.046302 -0.011284 0.21736 0.13067 0.018771 -0.12811
0.14327 0.053248 0.051406 0.015663 0.00044918 0.1244 0.12968 -0.020813 0.010621 0.23932 -0.0084157 0.030692 0.0017983 -0.019833 0.12864 0.11897 -0.033748 0.032958 0.26406 -0.015624 0.5678 -0.12927 0.14303 0.35005 0.52113 0 -0.006755 0.087153 0.25547 -0.073676 0.073602 0.45321 0.11432 -0.024993 0.44089 0.39445 0.47543 -0.11501 0.025388 0.038204 0.14679 -0.015718 -0.081946 0.40444 0.22602 0.39139 0.16519 0.43901 0.024982 0.11897 -0.0025213 0.094654 0.1197 -0.019026 0.33599 -0.15924 0.089675 0.25944 0.33261 0.56164 -0.098868 0.054561 0.13992 -0.06966 -0.0075339 0.30206 0.054561 -0.037739 0.26042 0.25448 0.31486 -0.13112 0.0059159 -0.0058228 0.075817 -0.052187 -0.11147 0.12963 0.025125 0.27142 0.12019 0.20619 0.046233 0.085676 0.0033522 0.042336
0.098726 0.14719 0.08503 0.0081272 -0.0066377 0.34193 -0.0024021 0.059583 0.13042 0.15143 0.1512 0.088099 -0.0049621 0.014426 0.32412 -0.010605 0.081997 0.12095 -0.16642 0.0081005 0.20048 0.128 0.062603 0.079308 0.55796 -0.006755 0 0.017983 0.044623 0.12123 0.51395 0.23853 0.39442 0.077164 -0.22596 -0.039752 -0.24555 0.14921 0.03812 0.42613 -0.14951 0.82501 0.47133 0.10247 0.2689 -0.010146 -0.013369 -0.16033 0.14706 0.049186 0.11595 -0.034206 -0.15989 0.010119 0.082081 0.085868 0.059317 0.060627 0.36476 -0.048768 0.77698 0.044256 -0.024159 0.10787 0.47559 0.23366 0.31532 0.057035 -0.31114 -0.11294 -0.27235 0.17166 0.045618 0.29433 -0.14268 0.72562 0.34336 -0.038536 0.1962 -0.10809 -0.00048206 -0.20552 0.12852 0.06504 0.096317 -0.057862
0.029147 0.076152 0.0023353 0.028218 -0.010369 0.12901 0.069441 0.0184 0.023039 -0.061922 0.065172 0.01509 0.051867 -0.010048 0.12607 0.026398 0.032409 0.025171 0.083564 0.043129 -0.078541 0.28694 0.038617 0.55457 0.051509 0.087153 0.017983 0 0.05458 0.44117 0.094233 0.01297 0.052809 0.064976 0.0019409 -0.018876 0.0084683 0.35721 0.036848 0.03195 0.090871 -0.01985 0.074824 -0.10232 -0.025096 0.33195 0.18493 -0.10626 0.014067 0.054589 0.13195 0.12957 0.15516 0.087754 -0.05647 0.29392 0.031417 0.56982 0.022889 0.17443 0.025289 0.95384 0.089767 0.37732 0.06325 0.055155 0.087634 0.070878 0.10967 -0.021203 0.10529 0.34642 0.1204 0.044862 0.17125 0.028923 0.075522 -0.058311 0.017869 0.4058 0.15211 0.034498 0.028934 0.046257 0.10655 0.14035
0.19192 0.15086 0.19548 0.14738 0.069469 0.083345 0.013856 0.02697 0.080496 0.20727 0.13403 0.19096 0.13533 0.033913 0.087601 0.013646 0.017652 0.093626 0.077794 0.2086 0.28328 0.038564 0.098199 0.103 0.18384 0.25547 0.044623 0.05458 0 0.054108 0.055158 0.092082 0.056335 0.065272 0.4302 0.29215 0.46738 0.099256 0.027365 0.26665 0.12002 0.09611 0.20274 0.44774 0.29663 0.19129 0.068657 0.40068 -0.034748 0.050957 0.13503 0.32837 0.077237 0.20128 0.22785 0.021381 0.057562 0.06958 0.15671 0.16648 -0.0030642 0.05212 0.40108 0.04267 0.047022 0.070842 0.016222 0.041244 0.37101 0.23412 0.43047 0.092332 0.027671 0.20307 0.099046 0.075272 0.15906 0.27494 0.22216 0.089801 0.058707 0.27926 0.0051932 -0.00325 0.12112 0.30983
0.0033451 0.1277 0.027047 0.051744 0.0090658 0.12903 0.039121 0.013907 0.097925 0.0064557 0.11277 0.007247 0.047821 0.018513 0.10935 0.031358 0.03303 0.094014 0.076814 0.20042 -0.090237 0.92017 0.044803 0.53506 0.10786 -0.073676 0.12123 0.44117 0.054108 0 0.031975 -0.12213 0.22045 0.36396 -0.026458 -0.1688 -0.078305 0.91575 0.33858 0.11243 0.29503 0.24899 0.087372 -0.018947 0.0786 0.66224 0.22526 0.067014 -0.01725 0.015922 0.27936 0.28312 0.096544 0.1853 -0.15986 0.91027 0.017671 0.5351 0.02113 0.0089143 0.1608 0.48186 0.03661 0.92815 0.0051488 -0.12629 0.23565 0.33635 0.0080192 -0.20651 -0.050181 0.87743 0.37984 0.11972 0.32644 0.3128 0.093443 -0.0505 0.038484 0.63438 0.19497 0.15006 -0.046017 0.0031098 0.23876 0.26275
-0.14905 -0.027872 -0.0021656 -0.029037 -0.029828 0.30396 0.16134 0.068945 0.021733 -0.014367 -0.055097 -0.041552 -0.066731 -0.030831 0.30885 0.13426 0.055724 0.017527 0.0097553 -0.096531 0.11526 0.010632 0.093679 0.17155 0.32614 0.073602 0.51395 0.094233 0.055158 0.031975 0 0.38355 0.28007 -0.012432 -0.16746 0.084692 -0.098147 -0.0024221 0.0119 -0.0082361 -0.082327 0.40926 0.39799 -0.2079 0.26918 -0.097653 0.18453 -0.30386 0.28575 0.18013 0.029616 -0.087632 -0.048702 -0.11911 -0.13855 -0.0024035 0.038207 0.17589 0.082647 0.015603 0.38682 0.11629 -0.087232 0.027025 0.56733 0.24794 0.22803 -0.02116 -0.352 -0.091777 -0.27316 -0.017338 0.032151 -0.11206 -0.10154 0.24067 0.23128 -0.38565 0.047775 -0.12462 0.14629 -0.36141 0.22198 0.16777 0.028121 -0.12506
-0.10748 -0.10082 -0.067766 -0.15737 -0.035744 0.20929 0.16322 -0.05528 -0.049604 0.058988 -0.17984 -0.12928 -0.16738 -0.05818 0.1775 0.12442 -0.066986 -0.025887 0.56711 -0.2702 0.49385 -0.14098 0.10611 0.19643 0.63699 0.45321 0.23853 0.01297 0.092082 -0.12213 0.38355 0 0.1572 -0.18707 0.21806 0.59545 0.37077 -0.19318 -0.11187 -0.066538 -0.14435 0.28043 0.0016282 0.051169 0.37627 -0.10321 0.36852 0.10594 0.31714 0.28335 -0.075878 -0.19663 0.24014 -0.28545 0.2037 -0.18833 0.072627 0.1429 0.3305 0.27535 0.078875 0.022457 -0.055866 -0.10829 0.21374 0.74492 0.093988 -0.17793 -0.12163 0.39224 -0.010441 -0.21722 -0.092876 -0.20761 -0.18987 0.02707 -0.096439 -0.23275 0.070972 -0.14321 0.26842 -0.21456 0.31695 0.27177 -0.052125 -0.21982
0.010736 0.016893 -0.02041 -0.021145 -0.010281 0.27765 0.070195 0.024685 0.067004 0.043537 0.01689 -0.024778 -0.021419 4.7965e-05 0.27682 0.091781 0.010576 0.072365 -0.0010025 0.0067964 0.16418 0.16044 0.10007 0.33361 0.41579 0.11432 0.39442 0.052809 0.056335 0.22045 0.28007 0.1572 0 0.10277 -0.050181 -0.025976 -0.076448 0.1371 0.055699 0.072241 -0.031558 0.45003 0.2143 0.06282 0.15001 0.14537 0.14311 -0.065793 0.059151 0.093569 0.091882 0.040032 0.030888 0.0021702 0.1179 0.1232 0.072204 0.28374 0.31063 0.10672 0.38716 0.05724 0.014769 0.21487 0.28134 0.18724 0.44393 0.083227 -0.079167 -0.028191 -0.044989 0.11394 0.040248 0.051341 -0.023911 0.42404 0.15649 -0.007779 0.13686 0.08392 0.13699 -0.080574 0.0837 0.10498 0.065799 0.0017812
0.12289 0.17382 0.057943 0.19684 0.027368 0.076614 0.018417 0.046747 0.11898 0.19623 0.12185 0.040112 0.16864 0.060082 0.076796 0.019544 0.029612 0.09486 -0.0044744 0.39132 -0.072149 0.35439 0.032533 0.11073 -0.023024 -0.024993 0.077164 0.064976 0.065272 0.36396 -0.012432 -0.18707 0.10277 0 0.13387 -0.20535 -0.0019143 0.42337 0.52287 0.27298 0.58891 0.20857 0.096182 0.15324 0.31623 0.37443 0.17424 0.34586 -0.065111 -0.010372 0.36599 0.48113 0.036686 0.34769 -0.10047 0.33001 0.0037414 0.09434 -0.059819 -0.031251 0.10196 0.057583 0.040266 0.32998 -0.02518 -0.19992 0.13563 0.76957 0.18026 -0.2219 0.067438 0.40121 0.44701 0.32497 0.52823 0.26066 0.086646 0.13487 0.25391 0.29942 0.1713 0.4052 -0.099241 -0.033263 0.32083 0.45342
0.092911 0.11834 0.22918 0.17737 0.066681 -0.036167 0.020248 -0.026447 0.03977 0.23066 0.036096 0.19161 0.14657 0.025172 -0.038147 0.004566 -0.022707 0.028973 0.50592 0.20206 0.56088 -0.064393 0.067072 0.12738 0.24383 0.44089 -0.22596 0.0019409 0.4302 -0.026458 -0.16746 0.21806 -0.050181 0.13387 0 0.39352 0.84661 0.013809 0.10069 0.091967 0.38246 -0.085796 -0.11566 0.56366 0.50125 0.30547 0.24086 0.67396 -0.050196 0.011812 0.12591 0.37688 0.26304 0.18783 0.34653 -0.082059 0.025935 0.063115 0.12547 0.20989 -0.28849 0.0032404 0.28688 -0.029373 -0.20777 0.046117 -0.052772 0.11267 0.66661 0.2652 0.60163 -0.0034687 0.092949 0.027833 0.31149 -0.1451 -0.11889 0.23522 0.24237 0.19043 0.18402 0.44796 -0.046981 -0.029121 0.12424 0.32756
-0.05874 -0.065562 -0.01032 -0.094031 0.0015394 0.018177 0.074896 -0.082222 -0.059708 0.098015 -0.14245 -0.049108 -0.11116 -0.045511 -0.013513 0.042543 -0.080875 -0.053444 0.24519 -0.22505 0.46922 -0.18779 0.03865 0.03818 0.36251 0.39445 -0.039752 -0.018876 0.29215 -0.1688 0.084692 0.59545 -0.025976 -0.20535 0.39352 0 0.61754 -0.17113 -0.14356 -0.1212 -0.079657 -0.078069 -0.17054 0.19867 0.22385 -0.084849 0.017969 0.19707 0.15473 0.085914 -0.082441 -0.12657 -0.005384 -0.23541 0.20311 -0.19962 0.039805 0.0041598 0.12532 0.17682 -0.1961 -0.017522 0.11011 -0.16334 -0.02483 0.27935 -0.043347 -0.19215 0.078742 0.56495 0.21607 -0.18249 -0.11474 -0.22249 -0.11333 -0.27718 -0.23724 -0.12666 -0.087321 -0.14489 -0.015872 -0.070981 0.12601 0.074166 -0.070208 -0.13757
0.011922 0.010905 0.13379 0.057028 0.04707 -0.025544 0.06904 -0.075433 -0.012809 0.187 -0.061964 0.10579 0.041549 -0.010418 -0.046044 0.045884 -0.063715 -0.0071719 0.56359 0.0073304 0.54303 -0.1335 0.0699 0.095499 0.2404 0.47543 -0.24555 0.0084683 0.46738 -0.078305 -0.098147 0.37077 -0.076448 -0.0019143 0.84661 0.61754 0 -0.076845 -0.024725 -0.040964 0.24854 -0.21778 -0.20828 0.41299 0.34868 0.1682 0.22319 0.55262 0.03984 0.037548 0.013706 0.19117 0.27888 -0.033827 0.29765 -0.14268 0.046334 0.034819 0.017613 0.24135 -0.33754 0.013087 0.276 -0.087729 -0.17715 0.10083 -0.086862 -0.014717 0.49876 0.46928 0.59723 -0.091437 0.0069065 -0.13263 0.15284 -0.31861 -0.22376 0.07298 0.0094297 0.070544 0.15371 0.23388 -0.021997 0.00085908 0.03284 0.1529
0.1161 0.22909 0.093259 0.12855 0.052744 0.09239 -0.011756 0.049847 0.17151 0.12073 0.23691 0.092999 0.12959 0.060207 0.075405 -0.050047 0.049013 0.16564 -0.024494 0.29382 -0.12172 0.87992 0.028216 0.31392 0.023222 -0.11501 0.14921 0.35721 0.099256 0.91575 -0.0024221 -0.19318 0.1371 0.42337 0.013809 -0.17113 -0.076845 0 0.41839 0.23608 0.37672 0.28283 0.13001 0.026626 0.11383 0.57742 0.12042 0.14986 -0.056982 -0.021126 0.3286 0.3754 -6.5437e-05 0.28806 -0.15297 0.84312 0.0096266 0.32006 -0.018682 -0.047487 0.19006 0.42371 0.090728 0.87659 -0.0035703 -0.18521 0.14887 0.39817 0.056832 -0.18362 -0.025988 0.96622 0.45214 0.25509 0.41257 0.33583 0.14765 0.036937 0.095448 0.54656 0.094751 0.27802 -0.065489 -0.048892 0.29305 0.36949
0.066523 0.13385 0.011955 0.19201 0.075852 0.095615 0.056592 0.021287 0.097107 0.26204 0.054786 0.0075428 0.12071 0.064198 0.083746 0.040708 0.0060606 0.081889 0.074417 0.32656 -0.0072432 0.31377 0.048899 0.10836 -0.056657 0.025388 0.03812 0.036848 0.027365 0.33858 0.0119 -0.11187 0.055699 0.52287 0.10069 -0.14356 -0.024725 0.41839 0 0.098079 0.8863 0.09396 0.012252 0.067382 0.30876 0.42516 0.32256 0.41264 -0.01479 0.040318 0.49324 0.60239 0.062417 0.28564 -0.14979 0.2835 0.0060569 0.08872 -0.12711 -0.02745 0.020975 0.026899 -0.019328 0.30463 -0.027767 -0.19111 0.077351 0.47259 0.084828 -0.22215 -0.072037 0.38053 0.89557 0.13244 0.78388 0.1034 -0.0063422 -0.028889 0.15538 0.33134 0.27284 0.39687 -0.091803 -0.01294 0.40948 0.50291
0.36382 0.34035 0.20405 0.21195 0.092135 0.099663 -0.12383 0.073206 0.1932 0.31354 0.35042 0.22668 0.21993 0.08916 0.083256 -0.11094 0.068173 0.1891 -0.099465 0.42271 0.11275 0.092416 0.046299 -0.044035 0.23225 0.038204 0.42613 0.03195 0.26665 0.11243 -0.0082361 -0.066538 0.072241 0.27298 0.091967 -0.1212 -0.040964 0.23608 0.098079 0 0.080183 0.55015 0.37456 0.44544 0.30006 0.17681 -0.080705 0.35864 -0.071228 -0.050942 0.19949 0.35128 -0.08372 0.39029 0.16274 0.092477 0.044382 -0.055169 0.2655 0.061302 0.42608 0.038533 0.24392 0.071735 0.092625 0.02207 0.037832 0.22548 0.17795 -0.079852 0.1022 0.25339 0.076664 0.69765 0.10446 0.52462 0.34037 0.43997 0.34258 0.077563 -0.060912 0.36943 -0.080827 -0.084068 0.18791 0.36307
0.082082 0.12182 0.085277 0.28779 0.09165 0.053187 0.06829 0.012514 0.074242 0.27549 0.0693 0.066017 0.22568 0.068504 0.055967 0.066622 -0.0050552 0.06772 0.17053 0.40084 0.12987 0.29473 0.057838 0.15361 -0.10366 0.14679 -0.14951 0.090871 0.12002 0.29503 -0.082327 -0.14435 -0.031558 0.58891 0.38246 -0.079657 0.24854 0.37672 0.8863 0.080183 0 -0.083104 -0.046755 0.1551 0.46798 0.51556 0.31939 0.55686 -0.056806 0.012645 0.4196 0.6336 0.13524 0.35164 -0.065436 0.26391 0.0047874 0.1311 -0.19707 0.036013 -0.15532 0.089187 0.072693 0.27705 -0.13375 -0.24209 0.029018 0.55662 0.3387 -0.18729 0.12897 0.34697 0.81508 0.1133 0.91063 -0.032583 -0.055053 0.0466 0.27089 0.45201 0.26878 0.50233 -0.12172 -0.03354 0.33512 0.55387
0.18485 0.19806 0.092654 0.036631 0.010751 0.274 -0.037048 0.05129 0.15455 0.24027 0.20038 0.072694 0.021586 0.039157 0.25909 -0.032238 0.076708 0.15803 -0.064769 0.095833 0.3234 0.2846 0.049481 0.11651 0.72388 -0.015718 0.82501 -0.01985 0.09611 0.24899 0.40926 0.28043 0.45003 0.20857 -0.085796 -0.078069 -0.21778 0.28283 0.09396 0.55015 -0.083104 0 0.44093 0.32575 0.38818 0.17581 0.027589 0.071421 0.1402 0.050139 0.12672 0.058233 -0.059138 0.082951 0.20901 0.23159 0.05648 0.097693 0.55864 -0.019292 0.78377 0.051647 0.0027408 0.2357 0.40678 0.32848 0.37091 0.16371 -0.19368 -0.11386 -0.22228 0.28602 0.074028 0.4288 -0.078357 0.92688 0.35599 0.15515 0.34043 0.018205 0.045257 -0.00048523 0.15852 0.081338 0.12952 0.028944
0.097889 0.16515 0.17431 0.12966 0.053352 0.23214 -0.004749 0.12286 0.13818 0.087254 0.19279 0.17837 0.11547 0.056704 0.24139 0.0014242 0.12501 0.13689 -0.143 0.27999 -0.046348 0.076744 0.06139 0.041938 0.12774 -0.081946 0.47133 0.074824 0.20274 0.087372 0.39799 0.0016282 0.2143 0.096182 -0.11566 -0.17054 -0.20828 0.13001 0.012252 0.37456 -0.046755 0.44093 0 0.059037 0.35607 -0.035911 0.030068 -0.066069 0.048154 0.036992 0.1551 0.18265 -0.096315 0.26865 -0.061712 0.064758 0.048343 0.032277 0.066702 -0.051847 0.43631 0.079081 0.14946 0.066351 0.42393 0.075225 0.16147 0.081096 -0.10262 -0.17173 -0.11109 0.12722 0.0047454 0.32108 -0.027679 0.39103 0.58047 0.039825 0.33152 -0.079455 0.054822 -0.022783 0.03683 0.046001 0.14077 0.17365
0.35941 0.2246 0.25319 0.15953 0.069223 -0.0011874 -0.12611 0.001431 0.1025 0.4628 0.20053 0.2261 0.13489 0.043272 -0.021271 -0.11047 -0.010774 0.11498 0.012512 0.26104 0.71323 -0.024458 0.044221 -0.018742 0.53898 0.40444 0.10247 -0.10232 0.44774 -0.018947 -0.2079 0.051169 0.06282 0.15324 0.56366 0.19867 0.41299 0.026626 0.067382 0.44544 0.1551 0.32575 0.059037 0 0.47893 0.42764 -0.11717 0.67856 -0.12193 -0.093387 0.081021 0.26076 -0.022178 0.21876 0.54452 -0.048698 0.034682 -0.054723 0.44894 0.22133 0.044224 -0.07902 0.28076 -0.035232 -0.1483 0.080373 0.020037 0.12524 0.43296 0.18856 0.3048 0.040081 0.012973 0.3746 0.10831 0.29083 0.033624 0.7077 0.27318 0.21407 -0.090933 0.44351 -0.088031 -0.12782 0.074679 0.20066
0.043331 0.17204 0.20907 0.1664 0.064564 0.17272 0.052385 0.01448 0.081378 0.28416 0.084897 0.12726 0.12328 0.050735 0.15658 0.035022 0.020048 0.083538 0.19632 0.3243 0.42921 0.080787 0.0698 0.094593 0.39042 0.22602 0.2689 -0.025096 0.29663 0.0786 0.26918 0.37627 0.15001 0.31623 0.50125 0.22385 0.34868 0.11383 0.30876 0.30006 0.46798 0.38818 0.35607 0.47893 0 0.29152 0.15567 0.48344 0.11943 0.059059 0.18829 0.30005 0.034504 0.2421 0.12368 0.028331 0.047911 0.056058 0.081106 0.086608 0.1268 -0.00031033 0.058117 0.066977 0.13793 0.11608 0.12706 0.3041 0.16587 -0.033273 0.047492 0.092054 0.25416 0.16478 0.3743 0.17543 0.1836 0.04676 0.53176 0.15372 0.14883 0.20383 0.084175 0.04949 0.1698 0.23793
0.18714 0.13201 0.064342 0.12049 0.017806 0.08388 0.03023 0.010535 0.05876 0.25687 0.098805 0.078342 0.10493 0.018523 0.077212 0.03118 0.004726 0.06491 0.08342 0.27368 0.38872 0.64554 0.090734 0.52253 0.38506 0.39139 -0.010146 0.33195 0.19129 0.66224 -0.097653 -0.10321 0.14537 0.37443 0.30547 -0.084849 0.1682 0.57742 0.42516 0.17681 0.51556 0.17581 -0.035911 0.42764 0.29152 0 0.098538 0.52421 -0.06439 -0.0094667 0.18852 0.37047 0.070646 0.25799 0.19986 0.60441 0.051046 0.47098 0.23668 0.32291 0.039306 0.29454 0.13031 0.66374 -0.098685 -0.11451 0.15773 0.34636 0.32542 -0.11008 0.18251 0.5617 0.36929 0.19608 0.4725 0.28083 -0.018529 0.26216 0.17456 0.93748 0.048393 0.44859 -0.067461 -0.037292 0.16543 0.32461
-0.17562 -0.10855 -0.074616 -0.021431 0.0057773 0.21261 0.2301 0.0037725 -0.001125 -0.1308 -0.16009 -0.098752 -0.042582 -0.014458 0.21434 0.19945 0.010914 0.014011 0.72144 0.054019 0.049862 0.20008 0.10821 0.33957 0.07812 0.16519 -0.013369 0.18493 0.068657 0.22526 0.18453 0.36852 0.14311 0.17424 0.24086 0.017969 0.22319 0.12042 0.32256 -0.080705 0.31939 0.027589 0.030068 -0.11717 0.15567 0.098538 0 0.10816 0.072454 0.22437 0.57051 0.31935 0.58452 0.050778 -0.078873 0.16542 0.073612 0.32777 -0.046536 0.092712 -0.05543 0.15839 0.019779 0.20811 0.10764 0.19541 0.15875 0.20887 0.11575 -0.049578 0.077038 0.056847 0.3551 -0.088943 0.31778 0.0090392 0.036439 -0.17766 0.068917 0.12193 0.85276 0.071829 0.033318 0.20615 0.47303 0.27108
0.34814 0.24242 0.18625 0.24973 0.10714 -0.073127 -0.063169 -0.0015541 0.11515 0.39477 0.22543 0.18177 0.22764 0.082836 -0.084007 -0.067231 -0.028372 0.13718 0.23844 0.38024 0.46684 0.032189 0.065463 0.013041 0.2447 0.43901 -0.16033 -0.10626 0.40068 0.067014 -0.30386 0.10594 -0.065793 0.34586 0.67396 0.19707 0.55262 0.14986 0.41264 0.35864 0.55686 0.071421 -0.066069 0.67856 0.48344 0.52421 0.10816 0 -0.08976 -0.042408 0.28918 0.57925 0.17628 0.36269 0.37991 0.019215 0.023609 -0.049853 0.27821 0.28534 -0.15812 -0.074959 0.31902 0.048356 -0.27931 0.10219 -0.059553 0.29108 0.62546 0.21256 0.50522 0.15002 0.3074 0.32476 0.47727 0.12288 -0.038923 0.51032 0.38972 0.37468 0.084902 0.83121 -0.072844 -0.084039 0.22663 0.51641
-0.099368 -0.046941 -0.050436 -0.06785 -0.028966 0.05872 0.042533 -0.0026506 -0.029056 -0.015848 -0.085135 -0.08089 -0.085386 -0.039981 0.046091 0.041702 -0.014666 -0.035355 0.1143 -0.12862 0.034108 -0.03231 0.031819 0.068955 0.16914 0.024982 0.14706 0.014067 -0.034748 -0.01725 0.28575 0.31714 0.059151 -0.065111 -0.050196 0.15473 0.03984 -0.056982 -0.01479 -0.071228 -0.056806 0.1402 0.048154 -0.12193 0.11943 -0.06439 0.072454 -0.08976 0 0.095423 -0.071491 -0.12913 0.035096 -0.14883 -0.094322 -0.026273 0.0081725 0.06096 -0.0032796 0.014497 0.077634 0.024828 -0.098039 -0.016571 0.16423 0.20077 0.037475 -0.057516 -0.17041 0.054856 -0.12674 -0.05171 0.0030582 -0.15407 -0.076746 0.016373 -0.0033636 -0.26217 -0.012813 -0.051569 0.058837 -0.19508 0.21461 0.091333 -0.039166 -0.1455
-0.065641 -0.055831 -0.047877 -0.021769 -0.022348 0.15032 0.1324 -0.00016259 -0.021348 -0.0067432 -0.07706 -0.067102 -0.047633 -0.011825 0.1344 0.10748 -0.01469 0.025094 0.16495 -0.044742 0.0056119 0.019558 0.10523 0.15096 0.1019 0.11897 0.049186 0.054589 0.050957 0.015922 0.18013 0.28335 0.093569 -0.010372 0.011812 0.085914 0.037548 -0.021126 0.040318 -0.050942 0.012645 0.050139 0.036992 -0.093387 0.059059 -0.0094667 0.22437 -0.042408 0.095423 0 0.029678 0.020834 0.097195 -0.06637 -0.055221 0.0096561 0.040152 0.12527 0.019571 0.092181 0.030137 0.046503 -0.026863 0.030242 0.13651 0.21099 0.068714 -0.013435 -0.044784 0.026241 -0.02782 -0.030871 0.0289 -0.091319 -0.0068221 0.014763 0.004763 -0.14887 0.029158 -0.012094 0.19414 -0.081364 0.10174 0.17084 0.016153 0.0063193
0.028941 0.16673 0.068935 0.13301 0.061912 0.11494 0.015274 0.044895 0.12157 0.031672 0.16418 0.06553 0.12757 0.075628 0.09925 0.011343 0.042171 0.16698 0.16107 0.29117 -0.016964 0.21382 0.0515 0.12758 0.006793 -0.0025213 0.11595 0.13195 0.13503 0.27936 0.029616 -0.075878 0.091882 0.36599 0.12591 -0.082441 0.013706 0.3286 0.49324 0.19949 0.4196 0.12672 0.1551 0.081021 0.18829 0.18852 0.57051 0.28918 -0.071491 0.029678 0 0.50925 0.22682 0.29993 -0.0037926 0.2108 0.04237 0.13467 0.022459 -0.0063664 0.099568 0.12209 0.13691 0.25071 0.049155 -0.054381 0.11115 0.35553 0.18989 -0.080485 0.096497 0.30255 0.45991 0.24335 0.41433 0.17622 0.16318 0.081574 0.20082 0.17824 0.53861 0.36435 -0.045776 -0.0049899 0.65195 0.46765
0.22873 0.29275 0.18738 0.35286 0.14218 0.079036 0.02718 0.087649 0.18628 0.22439 0.28604 0.19429 0.32344 0.12378 0.082653 0.023173 0.062668 0.19425 0.11736 0.5681 -0.044765 0.2456 0.10349 0.14317 -0.083324 0.094654 -0.034206 0.12957 0.32837 0.28312 -0.087632 -0.19663 0.040032 0.48113 0.37688 -0.12657 0.19117 0.3754 0.60239 0.35128 0.6336 0.058233 0.18265 0.26076 0.30005 0.37047 0.31935 0.57925 -0.12913 0.020834 0.50925 0 0.15545 0.54381 -0.012579 0.2367 0.058797 0.09889 -0.039361 0.069676 0.00058096 0.12922 0.3238 0.25398 -0.062927 -0.15229 0.055111 0.45201 0.49489 -0.092342 0.33576 0.36533 0.52866 0.40166 0.60632 0.16031 0.19863 0.26712 0.33143 0.32507 0.28136 0.64693 -0.12913 -0.0336 0.41547 0.77127
-0.047907 -0.1245 -0.033734 -0.022331 -0.011431 0.029306 0.091709 -0.024173 -0.03684 -0.15536 -0.14431 -0.032426 0.0035413 -0.017444 0.039789 0.10435 -0.01538 -0.0087263 0.65051 0.016702 0.032063 0.091786 0.01854 0.2416 0.027401 0.1197 -0.15989 0.15516 0.077237 0.096544 -0.048702 0.24014 0.030888 0.036686 0.26304 -0.005384 0.27888 -6.5437e-05 0.062417 -0.08372 0.13524 -0.059138 -0.096315 -0.022178 0.034504 0.070646 0.58452 0.17628 0.035096 0.097195 0.22682 0.15545 0 0.033403 0.17092 0.09716 0.034488 0.27604 0.15024 0.19691 -0.15357 0.10356 0.11006 0.090898 -0.037563 0.40576 0.038128 0.054237 0.39889 0.15546 0.44979 -0.031588 0.10721 -0.0461 0.18548 0.0076422 -0.046842 0.019443 0.23347 0.074229 0.71039 0.19562 0.048593 0.16739 0.19783 0.14632
