0 0.3193 0.2572 0.27443 0.085989 -0.032525 -0.099661 0.053195 0.20318 0.69129 0.39792 0.34582 0.28932 0.10996 -0.016897 -0.10759 0.032918 0.25652 -0.1621 0.23209 0.056429 -0.10228 0.019624 -0.078536 0.044582 0.14558 0.074848 0.021356 0.19877 -0.061219 -0.16452 -0.11276 0.0076278 0.079124 0.10258 -0.050304 0.035052 0.057147 -0.0088678 0.35859 0.040026 0.16837 0.077601 0.38328 0.030071 0.15036 -0.18362 0.37287 -0.10597 -0.066818 0.029261 0.21842 -0.0048076 0.27845 0.44034 -0.084997 0.035088 -0.10323 0.36479 0.25537 0.17367 -0.011608 0.33209 -0.095047 -0.044797 0.11913 0.015646 0.096378 0.426 0.22253 0.33697 0.078116 0.00079199 0.4464 0.1491 0.30573 0.16516 0.60463 0.42411 0.17398 -0.12174 0.55096 -0.00052495 -0.088188 0.038123 0.27593
0.3193 0 0.2291 0.25123 0.10478 0.010799 -0.077226 0.065669 0.20903 0.33238 0.46736 0.24434 0.23477 0.087314 -0.0058091 -0.091114 0.051916 0.20238 -0.0961 0.24546 0.036829 0.057073 0.016082 -0.054101 0.040545 0.044118 0.12925 0.083517 0.14212 0.10907 -0.031211 -0.10605 0.018692 0.14809 0.11355 -0.064644 0.018975 0.20536 0.11154 0.30952 0.1103 0.1811 0.146 0.20408 0.16441 0.11227 -0.10107 0.22322 -0.044946 -0.051009 0.1542 0.27279 -0.10086 0.24258 0.055045 0.060816 0.0090505 -0.078117 0.042664 -0.0038041 0.1129 0.072228 0.12507 0.064616 -0.017595 -0.095785 -0.013157 0.084077 0.1576 -0.034766 0.073235 0.24014 0.062821 0.29786 0.080572 0.17262 0.13571 0.16415 0.15323 0.056258 -0.10995 0.21058 -0.055343 -0.066749 0.13375 0.24484
0.2572 0.2291 0 0.38029 0.11225 0.020511 -0.013135 0.13995 0.13373 0.27407 0.24901 0.565 0.36097 0.062839 0.020975 -0.023564 0.11477 0.1483 -0.016705 0.20297 0.12588 -0.033459 0.0041907 -0.046471 0.019451 0.060098 0.059181 0.0016501 0.19784 -0.0067318 -0.024826 -0.064734 -0.028722 0.038303 0.2519 0.0026501 0.16161 0.0527 -0.0010212 0.19012 0.079378 0.067423 0.1572 0.26903 0.20179 0.049771 -0.059433 0.19566 -0.053803 -0.048186 0.063564 0.18161 -0.01535 0.17896 0.11833 -0.047422 0.024595 -0.075702 0.011954 0.02846 0.039735 0.0056016 0.16208 -0.041197 -0.022456 -0.079264 -0.025415 0.012501 0.20935 -0.020156 0.15176 0.061478 -0.018842 0.18496 0.084301 0.054495 0.11647 0.18001 0.16262 0.0031066 -0.058203 0.18785 -0.070951 -0.056817 0.076717 0.17296
0.27443 0.25123 0.38029 0 0.20368 0.00024499 -0.0056641 0.10325 0.13203 0.25975 0.25722 0.36876 0.62163 0.11919 -0.0024427 -0.013269 0.089062 0.13914 -0.048405 0.28168 -0.023942 -0.011369 0.0069223 -0.03333 -0.098983 0.024873 -0.010542 0.026381 0.14548 0.0072481 -0.041284 -0.14667 -0.031116 0.16183 0.18741 -0.072893 0.086689 0.082152 0.15581 0.19209 0.26683 0.01283 0.1076 0.16844 0.16819 0.097174 -0.012724 0.24689 -0.074822 -0.017665 0.11958 0.33269 0.0095366 0.27304 0.021983 -0.010145 0.01107 -0.050361 -0.063397 -0.010062 -0.006095 0.030147 0.14459 -0.014988 -0.036249 -0.13294 0.0033504 0.12351 0.26894 -0.046889 0.15968 0.10157 0.09723 0.23214 0.25138 0.043383 0.11088 0.17772 0.18513 0.07764 -0.02534 0.30417 -0.078592 -0.055903 0.1136 0.33468
0.085989 0.10478 0.11225 0.20368 0 -0.0066507 -0.012699 0.01948 0.05361 0.097673 0.092596 0.11544 0.17454 0.040376 -0.0099873 -0.024555 0.018912 0.058511 -0.016645 0.10237 0.004497 -0.013706 0.0059036 -0.012822 -0.020804 0.0080628 -0.0082619 -0.0063448 0.070454 -0.008875 -0.02169 -0.03147 -0.017314 0.0081279 0.075357 0.0053799 0.061188 0.031878 0.057743 0.089595 0.081565 0.0066289 0.056635 0.074288 0.070682 0.0065398 0.010613 0.10696 -0.02817 -0.020489 0.053483 0.14032 0.0015451 0.11277 -0.010874 -0.018797 -0.012692 -0.03558 -0.039681 -0.0056807 -0.014181 0.0015262 0.064053 -0.024086 -0.022744 -0.043719 -0.0211 0.0124 0.092045 -0.0018052 0.069033 0.03409 0.037838 0.0736 0.069666 -0.0041675 0.025548 0.043622 0.05611 -0.014705 -0.004455 0.10411 -0.037314 -0.022 0.03761 0.12402
-0.032525 0.010799 0.020511 0.00024499 -0.0066507 0 0.17202 0.015466 0.080219 0.040023 -0.0045946 0.014111 -0.010027 -0.019417 0.42238 0.17508 0.039249 0.06683 0.065666 0.033244 0.14333 0.091461 0.12018 0.2154 0.22403 0.12146 0.33177 0.10727 0.067575 0.11383 0.30212 0.19678 0.27087 0.073038 -0.037896 0.021521 -0.026037 0.072613 0.094301 0.084003 0.059622 0.25064 0.2227 -0.026572 0.16288 0.061608 0.22372 -0.094145 0.062356 0.14458 0.10772 0.072388 0.013051 0.014819 -0.01616 0.072321 0.085784 0.19802 0.10256 0.07309 0.27774 0.11243 -0.0036051 0.10149 0.27765 0.12201 0.22369 0.072934 -0.13766 -0.07552 -0.10652 0.052738 0.099047 0.017072 0.047163 0.20049 0.14979 -0.11648 0.036923 0.028039 0.18279 -0.13314 0.051773 0.11552 0.090363 0.039345
-0.099661 -0.077226 -0.013135 -0.0056641 -0.012699 0.17202 0 -0.0029798 -0.0065285 -0.042641 -0.098501 -0.041301 -0.023036 -0.021667 0.17031 0.24579 -0.0057427 -0.025056 0.14329 -0.040476 0.048483 0.037985 0.066626 0.17998 0.061827 0.12312 0.0043441 0.066525 0.01054 0.046193 0.16654 0.16031 0.069312 0.025137 0.018096 0.074041 0.073903 -0.0041903 0.06383 -0.11807 0.07207 -0.04026 0.0056886 -0.13468 0.058948 0.022585 0.23356 -0.073065 0.050767 0.12378 0.021891 0.031141 0.08509 -0.052881 -0.077121 0.027025 0.026202 0.15372 -0.046939 0.059648 -0.024421 0.058855 -0.027524 0.042647 0.091205 0.082265 0.051956 0.029808 -0.070324 -0.028819 -0.034027 -0.022205 0.067677 -0.14364 0.071698 -0.064612 -0.022278 -0.19403 -0.039517 0.024778 0.18833 -0.13868 0.021893 0.099986 0.0075551 -0.0077119
0.053195 0.065669 0.13995 0.10325 0.01948 0.015466 -0.0029798 0 0.048662 0.034582 0.069353 0.12554 0.099306 0.014212 0.032562 0.0091138 0.099966 0.058891 -0.034487 0.082327 -0.061154 0.006886 -0.0020147 -0.013047 -0.054936 -0.026247 0.041609 0.016029 0.017686 -0.0019992 0.059108 -0.060765 0.023576 0.044863 -0.021635 -0.080263 -0.070723 0.03499 0.024138 0.058666 0.019823 0.031655 0.10812 -0.0080805 0.0074024 0.0017182 0.010052 -0.00091044 -0.0068316 -0.001996 0.041496 0.080415 -0.01878 0.069783 -0.043781 0.012973 -0.010542 -0.0075309 -0.033278 -7.703e-05 0.055773 0.030583 0.025649 -0.0058185 0.058083 -0.046571 0.0090451 0.045076 -0.0011407 -0.08728 -0.016068 0.041584 0.014153 0.068257 0.03713 0.046876 0.090142 0.010772 0.023203 0.0053757 0.018053 0.051148 -0.021303 0.0022567 0.053085 0.085284
0.20318 0.20903 0.13373 0.13203 0.05361 0.080219 -0.0065285 0.048662 0 0.21209 0.21436 0.12519 0.12705 0.042253 0.061511 -0.01799 0.044305 0.18419 -0.039123 0.16004 0.0062565 0.04032 0.010848 0.0024737 0.023326 0.010394 0.11845 0.019248 0.074213 0.074538 0.018082 -0.048212 0.058021 0.10835 0.044956 -0.052871 -0.0061295 0.14625 0.083211 0.18119 0.060852 0.14175 0.1304 0.098864 0.08169 0.041522 0.0078607 0.11097 -0.034165 -0.017941 0.11464 0.17644 -0.023243 0.16755 0.041573 0.03334 0.020727 -0.018998 0.048579 0.020128 0.13138 0.009819 0.089259 0.063155 0.054411 -0.011638 0.03154 0.064025 0.084219 -0.035291 0.042832 0.15219 0.061286 0.17453 0.057222 0.15804 0.12829 0.095764 0.11912 0.013918 0.0048003 0.14706 -0.036749 -0.0035696 0.10951 0.16617
0.69129 0.33238 0.27407 0.25975 0.097673 0.040023 -0.042641 0.034582 0.21209 0 0.30445 0.26909 0.21615 0.094694 0.036771 -0.054893 0.021626 0.22248 -0.055372 0.22373 0.25699 -0.051917 0.042858 -0.095832 0.19006 0.23051 0.12511 -0.061441 0.21014 -0.031188 -0.019978 0.056981 0.038038 0.15273 0.23987 0.10209 0.20007 0.081145 0.21245 0.29287 0.24889 0.2145 0.077673 0.4553 0.28249 0.22258 -0.124 0.38032 -0.02684 -0.0026387 0.022722 0.21363 -0.12901 0.16899 0.13809 -0.053737 0.023536 -0.12181 0.096633 0.1186 0.082369 -0.038519 0.10019 -0.046324 -0.026902 -0.0028621 0.020584 0.096395 0.15931 0.032392 0.070586 0.10038 0.10705 0.24566 0.14097 0.13283 0.047455 0.22503 0.099901 0.075225 -0.10396 0.32438 -0.040669 -0.061671 0.044223 0.17903
0.39792 0.46736 0.24901 0.25722 0.092596 -0.0045946 -0.098501 0.069353 0.21436 0.30445 0 0.30203 0.27986 0.099946 -0.016138 -0.10515 0.085899 0.23653 -0.1824 0.27232 -0.026939 0.032993 0.014833 -0.077629 -0.0046675 -0.01507 0.13209 0.062502 0.12082 0.087525 -0.067145 -0.18509 0.018412 0.1014 0.029427 -0.13974 -0.05381 0.20644 0.042555 0.32119 0.057939 0.18947 0.17046 0.19044 0.075814 0.075951 -0.15387 0.21287 -0.079769 -0.069038 0.15745 0.26477 -0.11578 0.29239 0.14375 0.053804 0.0051592 -0.10353 0.13155 0.002497 0.17556 0.035013 0.18261 0.044218 -0.010447 -0.069356 0.0062579 0.11121 0.23959 -0.0042521 0.15294 0.24712 0.022968 0.37881 0.094213 0.25626 0.18778 0.28952 0.25942 0.060864 -0.12637 0.30855 -0.039097 -0.093077 0.15272 0.28852
0.34582 0.24434 0.565 0.36876 0.11544 0.014111 -0.041301 0.12554 0.12519 0.26909 0.30203 0 0.39166 0.081016 0.015476 -0.02888 0.13939 0.14908 -0.065581 0.1982 0.065325 -0.05603 -0.010326 -0.065367 -0.016476 0.036107 0.054747 0.0072395 0.1841 -0.027416 -0.065846 -0.13569 -0.032008 0.023036 0.21414 -0.03683 0.12701 0.052317 -0.0038063 0.2079 0.062604 0.044386 0.15161 0.24711 0.11626 0.062978 -0.090784 0.19425 -0.091632 -0.072474 0.058318 0.18665 -0.011325 0.23072 0.19666 -0.076002 0.016066 -0.087308 0.07214 0.060509 0.058943 -0.015985 0.23169 -0.055378 -0.020663 -0.055714 0.00053911 0.028234 0.2956 0.055697 0.24326 0.059925 -0.05197 0.2476 0.081169 0.095051 0.16982 0.29327 0.23819 0.022772 -0.075504 0.25452 -0.06502 -0.056347 0.056358 0.2161
0.28932 0.23477 0.36097 0.62163 0.17454 -0.010027 -0.023036 0.099306 0.12705 0.21615 0.27986 0.39166 0 0.14128 -0.0048552 -0.0054536 0.1122 0.14625 -0.052498 0.25563 -0.034416 -0.017022 0.0096775 -0.042743 -0.10355 0.0081459 -0.028526 0.041861 0.13652 -0.0016446 -0.076523 -0.15956 -0.030505 0.13854 0.1587 -0.090785 0.069432 0.075929 0.089391 0.20189 0.20983 -0.0092873 0.088845 0.14278 0.12466 0.081923 -0.036901 0.22752 -0.090446 -0.042857 0.11026 0.30627 0.033921 0.27872 0.03212 -0.023063 0.0098705 -0.039527 -0.055725 0.028673 -0.023486 0.03416 0.17967 -0.025473 -0.046579 -0.12095 -0.01369 0.13241 0.29622 -0.03065 0.18895 0.092811 0.097155 0.23546 0.27594 0.036651 0.10746 0.19494 0.19233 0.080773 -3.4124e-05 0.31983 -0.096645 -0.050861 0.11108 0.361
0.10996 0.087314 0.062839 0.11919 0.040376 -0.019417 -0.021667 0.014212 0.042253 0.094694 0.099946 0.081016 0.14128 0 -0.010623 -0.029857 0.0079948 0.083794 -0.022203 0.12469 -0.035406 -0.0038439 0.0067333 -0.022533 -0.025996 -0.015583 0.0059522 -0.010492 0.032088 0.0016904 -0.033142 -0.054957 -0.0077327 0.045677 0.026082 -0.041013 -0.0034227 0.042058 0.04873 0.079208 0.061261 0.032959 0.048606 0.046024 0.046134 0.014585 -0.015266 0.083653 -0.042425 -0.0093029 0.066673 0.11486 -0.01003 0.10123 0.009616 -0.0037623 -0.0020321 -0.023947 -0.003494 -0.0068494 0.018292 -0.011605 0.029461 0.0017024 -0.012386 -0.026792 -0.011566 0.055923 0.083099 -0.028225 0.058309 0.054308 0.049903 0.081871 0.073112 0.039755 0.063076 0.068874 0.096624 -0.00012873 -0.010937 0.11884 -0.029503 -0.02119 0.055555 0.12543
-0.016897 -0.0058091 0.020975 -0.0024427 -0.0099873 0.42238 0.17031 0.032562 0.061511 0.036771 -0.016138 0.015476 -0.0048552 -0.010623 0 0.21626 0.037106 0.062979 0.04401 0.02434 0.12677 0.083208 0.10077 0.21924 0.20386 0.11505 0.31333 0.10134 0.064739 0.098723 0.30457 0.16189 0.2626 0.075034 -0.053339 -0.021089 -0.062714 0.057688 0.078801 0.068529 0.06106 0.2377 0.22809 -0.047871 0.14221 0.059701 0.20838 -0.10767 0.041044 0.12613 0.080147 0.067803 0.020167 0.027469 0.032889 0.072817 0.10008 0.20651 0.13433 0.11474 0.29943 0.091002 0.026579 0.092164 0.2698 0.1391 0.26461 0.066365 -0.112 -0.070126 -0.092385 0.051576 0.10255 0.040046 0.045939 0.22676 0.17096 -0.088902 0.05834 0.051593 0.19529 -0.11395 0.033563 0.13103 0.081796 0.060618
-0.10759 -0.091114 -0.023564 -0.013269 -0.024555 0.17508 0.24579 0.0091138 -0.01799 -0.054893 -0.10515 -0.02888 -0.0054536 -0.029857 0.21626 0 0.019381 -0.0085277 0.10738 -0.033526 0.050678 0.041738 0.070229 0.17343 0.047653 0.11246 0.00071734 0.021824 0.0072451 0.040607 0.14019 0.12085 0.094465 0.034034 0.0013252 0.040506 0.046644 -0.040581 0.055959 -0.10485 0.080163 -0.028185 0.012844 -0.11721 0.03932 0.032169 0.20564 -0.076868 0.045036 0.10511 0.020938 0.02751 0.093545 -0.039087 -0.035944 0.024765 0.043745 0.17962 -0.016188 0.10553 -0.015764 0.023839 -0.011061 0.04138 0.10592 0.082739 0.094288 0.03372 -0.040166 -0.02359 -0.005747 -0.047434 0.071837 -0.12998 0.08012 -0.048548 -0.020824 -0.15334 -0.030626 0.032563 0.2085 -0.10663 0.024485 0.12248 0.0063947 0.019556
0.032918 0.051916 0.11477 0.089062 0.018912 0.039249 -0.0057427 0.099966 0.044305 0.021626 0.085899 0.13939 0.1122 0.0079948 0.037106 0.019381 0 0.06508 -0.02675 0.079769 -0.049464 0.022416 0.013475 -0.0079538 -0.031521 -0.040587 0.068744 0.028382 0.015145 0.024142 0.052987 -0.070946 0.0078268 0.024255 -0.017188 -0.080333 -0.057037 0.036429 0.0073595 0.051191 -0.00042808 0.05793 0.11613 -0.018687 0.01101 -0.0035118 0.013914 -0.034024 -0.010851 -0.012034 0.040862 0.058042 -0.010568 0.072656 -0.038399 0.02232 0.0022636 0.010186 -0.032149 -0.021544 0.055425 0.024173 0.018717 0.013572 0.039976 -0.049591 0.017532 0.028657 -0.011048 -0.10373 -0.029831 0.040527 -0.0018062 0.059844 0.00049075 0.055459 0.11278 0.0082665 0.0056415 -4.1258e-05 0.021778 0.013279 -0.018646 -0.0040639 0.043907 0.06601
0.25652 0.20238 0.1483 0.13914 0.058511 0.06683 -0.025056 0.058891 0.18419 0.22248 0.23653 0.14908 0.14625 0.083794 0.062979 -0.0085277 0.06508 0 -0.058982 0.15694 0.035617 0.026901 0.039666 0.0098554 0.04987 0.038268 0.11413 0.017545 0.090253 0.066551 0.014216 -0.029265 0.064356 0.074123 0.029584 -0.047563 0.002166 0.14048 0.066243 0.17279 0.056683 0.14612 0.1247 0.11682 0.08071 0.053258 0.01426 0.13567 -0.029701 0.029387 0.14897 0.18305 -0.0027518 0.176 0.10251 0.037685 0.023348 0.0030555 0.10109 0.042863 0.13791 0.018542 0.11274 0.054844 0.063459 0.017733 0.054424 0.091904 0.11868 0.0088047 0.088468 0.15754 0.062079 0.18486 0.077522 0.17945 0.13128 0.14452 0.15519 0.047582 0.027911 0.17442 -0.0072471 0.0023014 0.12603 0.20484
-0.1621 -0.0961 -0.016705 -0.048405 -0.016645 0.065666 0.14329 -0.034487 -0.039123 -0.055372 -0.1824 -0.065581 -0.052498 -0.022203 0.04401 0.10738 -0.02675 -0.058982 0 -0.036024 0.24723 0.05564 0.032149 0.25587 0.19796 0.26371 -0.1497 0.063848 0.073532 0.074783 0.036457 0.57568 -0.014719 -0.0072256 0.498 0.22179 0.56704 -0.026569 0.071557 -0.10071 0.16124 -0.079867 -0.13128 -0.0026848 0.21745 0.058007 0.70331 0.19197 0.12441 0.1476 0.14448 0.12032 0.61064 -0.051995 0.0095058 0.029197 0.013911 0.20673 -0.0021845 0.17769 -0.19192 0.077436 0.012793 0.076561 -0.048447 0.33108 0.0080005 0.0080101 0.1824 0.16564 0.25507 -0.061004 0.13093 -0.18072 0.12408 -0.15504 -0.11604 -0.10665 0.031018 0.035941 0.57894 -0.0018139 0.067222 0.14801 0.16041 0.078886
0.23209 0.24546 0.20297 0.28168 0.10237 0.033244 -0.040476 0.082327 0.16004 0.22373 0.27232 0.1982 0.25563 0.12469 0.02434 -0.033526 0.079769 0.15694 -0.036024 0 -0.094935 0.13303 0.052365 0.016659 -0.12327 -0.0041125 0.003715 0.034558 0.22465 0.16502 -0.10735 -0.27151 0.010901 0.35297 0.21064 -0.2088 0.048567 0.26152 0.2973 0.40202 0.38753 0.08586 0.25827 0.27249 0.33065 0.25698 0.068284 0.39281 -0.13458 -0.03875 0.28212 0.56151 0.076887 0.58042 -0.086849 0.14474 0.0070561 -0.0097904 -0.12932 0.0011767 0.033585 0.038124 0.183 0.136 -0.058259 -0.25232 0.021315 0.32963 0.32154 -0.22799 0.13154 0.26009 0.2535 0.43546 0.38201 0.14683 0.25823 0.23562 0.29647 0.21423 0.073126 0.47133 -0.16758 -0.082917 0.22715 0.54919
0.056429 0.036829 0.12588 -0.023942 0.004497 0.14333 0.048483 -0.061154 0.0062565 0.25699 -0.026939 0.065325 -0.034416 -0.035406 0.12677 0.050678 -0.049464 0.035617 0.24723 -0.094935 0 -0.13353 0.059627 0.19122 0.70097 0.54955 0.20637 -0.062786 0.27826 -0.076448 0.11304 0.49117 0.16726 -0.097629 0.55919 0.43431 0.53466 -0.12177 -0.025743 0.094529 0.10971 0.32004 -0.021576 0.66829 0.41266 0.37527 0.070509 0.43179 0.038185 0.0055926 -0.027047 -0.052409 0.025462 -0.1119 0.64521 -0.18187 0.053314 0.10892 0.50837 0.28988 0.077154 -0.039288 0.098142 -0.07378 0.060229 0.29968 0.12343 -0.086914 0.23189 0.32164 0.22553 -0.12239 -0.00084016 -0.03616 0.033638 0.17297 -0.10826 0.24141 0.086714 0.15863 0.054464 0.05391 0.070215 0.016545 -0.012201 -0.1022
-0.10228 0.057073 -0.033459 -0.011369 -0.013706 0.091461 0.037985 0.006886 0.04032 -0.051917 0.032993 -0.05603 -0.017022 -0.0038439 0.083208 0.041738 0.022416 0.026901 0.05564 0.13303 -0.13353 0 0.018108 0.33069 0.035193 -0.12931 0.10423 0.1858 0.015741 0.91542 0.018528 -0.15596 0.14518 0.37286 -0.084585 -0.17291 -0.13151 0.86369 0.32649 0.026211 0.29633 0.22703 0.045133 -0.056752 0.069634 0.63382 0.1895 -0.032003 -0.035545 0.022866 0.1657 0.20307 0.11092 0.11355 -0.2725 0.96917 -0.004232 0.38262 -0.11738 -0.088481 0.11741 0.24263 -0.051632 0.90428 -0.011126 -0.20108 0.16239 0.34327 -0.13993 -0.26916 -0.19783 0.81519 0.37971 0.021281 0.30728 0.26284 0.045637 -0.15156 -0.052585 0.57647 0.17922 -0.00067434 -0.080285 0.022889 0.13526 0.16613
0.019624 0.016082 0.0041907 0.0069223 0.0059036 0.12018 0.066626 -0.0020147 0.010848 0.042858 0.014833 -0.010326 0.0096775 0.0067333 0.10077 0.070229 0.013475 0.039666 0.032149 0.052365 0.059627 0.018108 0 0.1541 0.10346 0.1348 0.04652 0.027632 0.08845 0.039968 0.082916 0.097217 0.090644 0.032053 0.061047 0.03617 0.066071 0.021032 0.044585 0.036288 0.054197 0.034525 0.052248 0.036621 0.062785 0.088673 0.10352 0.053849 0.030205 0.098669 0.044324 0.091616 0.016011 0.02411 0.028104 0.0049595 0.046357 0.12329 0.060915 0.11037 0.051786 0.01334 0.049266 0.036581 0.074868 0.06139 0.072065 0.005623 0.047625 0.0086559 0.042565 0.010309 0.031613 0.031288 0.043921 0.051579 0.024978 -0.0095224 0.036264 0.072528 0.071475 0.033152 0.019696 0.04412 0.021534 0.079773
-0.078536 -0.054101 -0.046471 -0.03333 -0.012822 0.2154 0.17998 -0.013047 0.0024737 -0.095832 -0.077629 -0.065367 -0.042743 -0.022533 0.21924 0.17343 -0.0079538 0.0098554 0.25587 0.016659 0.19122 0.33069 0.1541 0 0.33062 0.34445 0.079879 0.50835 0.084838 0.50966 0.17867 0.19789 0.30959 0.10502 0.1245 0.044238 0.10594 0.28587 0.10749 -0.05999 0.14838 0.08682 0.038662 -0.040702 0.083161 0.47917 0.3514 -0.0092801 0.066077 0.1523 0.10746 0.12272 0.27179 0.024996 0.024197 0.29683 0.11139 0.80407 0.16913 0.34744 0.080746 0.47036 0.053654 0.50955 0.14032 0.17378 0.33148 0.10859 0.077544 -0.042569 0.11589 0.2149 0.16291 -0.060499 0.17868 0.1384 0.037022 -0.099515 0.022089 0.47308 0.27909 -0.022366 0.033058 0.13272 0.082345 0.082332
0.044582 0.040545 0.019451 -0.098983 -0.020804 0.22403 0.061827 -0.054936 0.023326 0.19006 -0.0046675 -0.016476 -0.10355 -0.025996 0.20386 0.047653 -0.031521 0.04987 0.19796 -0.12327 0.70097 0.035193 0.10346 0.33062 0 0.52198 0.51976 0.047104 0.15955 0.10218 0.29049 0.6128 0.39726 -0.05806 0.24592 0.34102 0.23339 -0.003533 -0.087976 0.1875 -0.11502 0.67066 0.11947 0.49344 0.34522 0.36265 0.076122 0.20898 0.16632 0.096204 -0.020625 -0.1018 0.023366 -0.13409 0.49564 -0.033646 0.057588 0.24098 0.73544 0.33082 0.41643 0.038487 0.040622 0.08886 0.25361 0.50386 0.32154 -0.066658 0.040238 0.20264 0.10058 -0.016288 -0.076472 0.043887 -0.14207 0.50992 0.035727 0.15132 0.1269 0.17443 0.056711 -0.026257 0.22469 0.12407 -0.00238 -0.14627
0.14558 0.044118 0.060098 0.024873 0.0080628 0.12146 0.12312 -0.026247 0.010394 0.23051 -0.01507 0.036107 0.0081459 -0.015583 0.11505 0.11246 -0.040587 0.038268 0.26371 -0.0041125 0.54955 -0.12931 0.1348 0.34445 0.52198 0 0.0059544 0.08622 0.25124 -0.063292 0.069624 0.45656 0.11506 -0.038866 0.43337 0.37824 0.46461 -0.11562 0.011673 0.044413 0.12275 0.0019808 -0.064929 0.39053 0.23493 0.35159 0.17586 0.42184 0.031082 0.11506 -0.010043 0.089675 0.13075 -0.0091376 0.32202 -0.15914 0.091903 0.25358 0.31988 0.54433 -0.079324 0.047017 0.14359 -0.064777 -0.0019416 0.29994 0.054252 -0.054332 0.26123 0.23998 0.31684 -0.13026 -0.0056855 0.000539 0.057017 -0.025879 -0.094833 0.13122 0.050149 0.23991 0.12446 0.19391 0.042399 0.079652 0.0026357 0.041842
0.074848 0.12925 0.059181 -0.010542 -0.0082619 0.33177 0.0043441 0.041609 0.11845 0.12511 0.13209 0.054747 -0.028526 0.0059522 0.31333 0.00071734 0.068744 0.11413 -0.1497 0.003715 0.20637 0.10423 0.04652 0.079879 0.51976 0.0059544 0 0.0079471 0.028063 0.1106 0.48805 0.21918 0.38654 0.056714 -0.22555 -0.034945 -0.25237 0.13666 0.02355 0.3944 -0.14283 0.79911 0.46284 0.074214 0.24521 -0.021532 -0.0051278 -0.16386 0.13382 0.051093 0.10064 -0.03723 -0.164 -0.00027542 0.085528 0.070664 0.05237 0.054924 0.34721 -0.03481 0.75576 0.032898 -0.046615 0.098718 0.45371 0.22049 0.30815 0.038661 -0.31239 -0.12972 -0.2535 0.15831 0.03981 0.25506 -0.13759 0.69749 0.33454 -0.052207 0.14141 -0.11307 0.020501 -0.20667 0.12323 0.060114 0.081555 -0.065995
0.021356 0.083517 0.0016501 0.026381 -0.0063448 0.10727 0.066525 0.016029 0.019248 -0.061441 0.062502 0.0072395 0.041861 -0.010492 0.10134 0.021824 0.028382 0.017545 0.063848 0.034558 -0.062786 0.1858 0.027632 0.50835 0.047104 0.08622 0.0079471 0 0.035121 0.37243 0.091712 -0.0056455 0.038814 0.054054 -0.0077866 -0.0042477 0.014746 0.28037 0.0062865 0.017603 0.06453 -0.067002 0.064173 -0.093268 -0.027225 0.27526 0.15819 -0.11865 4.0401e-05 0.047801 0.094056 0.095101 0.15893 0.064513 -0.072349 0.20359 0.023672 0.53941 -0.017734 0.16191 -0.0015821 0.9378 0.059055 0.30036 0.062825 0.019659 0.075968 0.051701 0.086569 -0.032647 0.088019 0.28132 0.084993 0.029303 0.13133 -0.025864 0.059811 -0.071767 -0.010763 0.32457 0.1229 0.020727 0.011479 0.035767 0.085425 0.098494
0.19877 0.14212 0.19784 0.14548 0.070454 0.067575 0.01054 0.017686 0.074213 0.21014 0.12082 0.1841 0.13652 0.032088 0.064739 0.0072451 0.015145 0.090253 0.073532 0.22465 0.27826 0.015741 0.08845 0.084838 0.15955 0.25124 0.028063 0.035121 0 0.025869 0.019633 0.070384 0.043799 0.050375 0.43832 0.30201 0.47011 0.07445 0.011285 0.26875 0.11111 0.07925 0.1899 0.46671 0.29106 0.18013 0.066292 0.41424 -0.046907 0.042274 0.12468 0.32247 0.089216 0.21393 0.22978 -0.0060507 0.044579 0.049537 0.13573 0.1659 -0.028383 0.028552 0.38659 0.016883 0.0071117 0.042949 0.0057572 0.02289 0.38128 0.22727 0.43384 0.069289 0.013608 0.20481 0.098444 0.059377 0.14484 0.29152 0.21694 0.077292 0.058837 0.29924 -0.012312 -0.015324 0.11254 0.30848
-0.061219 0.10907 -0.0067318 0.0072481 -0.008875 0.11383 0.046193 -0.0019992 0.074538 -0.031188 0.087525 -0.027416 -0.0016446 0.0016904 0.098723 0.040607 0.024142 0.066551 0.074783 0.16502 -0.076448 0.91542 0.039968 0.50966 0.10218 -0.063292 0.1106 0.37243 0.025869 0 0.034798 -0.13694 0.20671 0.37737 -0.054497 -0.1673 -0.084687 0.90948 0.3453 0.069078 0.28985 0.20938 0.061795 -0.041827 0.060916 0.65685 0.21465 0.010889 -0.0231 0.017301 0.24157 0.24497 0.10976 0.1305 -0.19942 0.9048 0.0042094 0.53061 -0.037955 -0.0027068 0.13201 0.40849 -0.010961 0.9218 0.0045631 -0.15656 0.22643 0.33628 -0.059372 -0.23459 -0.10692 0.86702 0.39313 0.069193 0.30958 0.27341 0.058595 -0.11496 -0.02916 0.6191 0.1921 0.084519 -0.065749 0.0027137 0.20037 0.20798
-0.16452 -0.031211 -0.024826 -0.041284 -0.02169 0.30212 0.16654 0.059108 0.018082 -0.019978 -0.067145 -0.065846 -0.076523 -0.033142 0.30457 0.14019 0.052987 0.014216 0.036457 -0.10735 0.11304 0.018528 0.082916 0.17867 0.29049 0.069624 0.48805 0.091712 0.019633 0.034798 0 0.36178 0.26529 -0.005222 -0.17118 0.081018 -0.1143 -0.0034454 0.027058 -0.026946 -0.062372 0.37387 0.38192 -0.24529 0.23693 -0.096713 0.18878 -0.31503 0.26814 0.18396 0.018376 -0.085703 -0.072782 -0.13473 -0.16441 0.00043823 0.041111 0.17464 0.049446 0.012942 0.36632 0.1206 -0.12433 0.032687 0.54291 0.22933 0.21503 -0.0086687 -0.37319 -0.12704 -0.28776 -0.011861 0.047565 -0.14469 -0.08777 0.19537 0.21435 -0.40454 -0.024753 -0.12187 0.14662 -0.37314 0.20715 0.16946 0.011819 -0.12651
-0.11276 -0.10605 -0.064734 -0.14667 -0.03147 0.19678 0.16031 -0.060765 -0.048212 0.056981 -0.18509 -0.13569 -0.15956 -0.054957 0.16189 0.12085 -0.070946 -0.029265 0.57568 -0.27151 0.49117 -0.15596 0.097217 0.19789 0.6128 0.45656 0.21918 -0.0056455 0.070384 -0.13694 0.36178 0 0.13793 -0.21066 0.23612 0.57983 0.36016 -0.20665 -0.13886 -0.078452 -0.15741 0.24845 0.0088763 0.011879 0.35219 -0.13124 0.34831 0.085318 0.31407 0.2695 -0.098506 -0.20203 0.17287 -0.2809 0.18486 -0.20573 0.064278 0.13226 0.32245 0.28072 0.068031 0.0036754 -0.052143 -0.11737 0.20124 0.7459 0.073214 -0.19101 -0.12196 0.38577 0.026113 -0.22701 -0.11036 -0.22479 -0.20139 -0.0091751 -0.093029 -0.22456 0.046505 -0.16445 0.24178 -0.22929 0.32815 0.25331 -0.065115 -0.22864
0.0076278 0.018692 -0.028722 -0.031116 -0.017314 0.27087 0.069312 0.023576 0.058021 0.038038 0.018412 -0.032008 -0.030505 -0.0077327 0.2626 0.094465 0.0078268 0.064356 -0.014719 0.010901 0.16726 0.14518 0.090644 0.30959 0.39726 0.11506 0.38654 0.038814 0.043799 0.20671 0.26529 0.13793 0 0.099894 -0.055347 -0.033636 -0.077428 0.13292 0.050277 0.066634 -0.029941 0.43251 0.2125 0.050603 0.13475 0.11848 0.13381 -0.067007 0.055823 0.091138 0.085505 0.034588 0.014934 -0.0011877 0.10618 0.11483 0.066098 0.25937 0.28446 0.097121 0.38014 0.035148 0.0032926 0.19469 0.2775 0.15988 0.41923 0.071872 -0.10117 -0.052441 -0.048326 0.10984 0.036691 0.038837 -0.032941 0.41215 0.15798 -0.020799 0.10273 0.061523 0.1215 -0.093924 0.082408 0.092591 0.060032 -0.0058125
0.079124 0.14809 0.038303 0.16183 0.0081279 0.073038 0.025137 0.044863 0.10835 0.15273 0.1014 0.023036 0.13854 0.045677 0.075034 0.034034 0.024255 0.074123 -0.0072256 0.35297 -0.097629 0.37286 0.032053 0.10502 -0.05806 -0.038866 0.056714 0.054054 0.050375 0.37737 -0.005222 -0.21066 0.099894 0 0.1008 -0.21949 -0.018258 0.42248 0.53136 0.22874 0.59507 0.16771 0.079633 0.11257 0.29344 0.36406 0.19258 0.28826 -0.068457 -0.0099776 0.35904 0.46713 0.046256 0.31076 -0.12752 0.35028 0.0045959 0.097559 -0.10858 -0.05177 0.075562 0.04636 0.014746 0.34416 -0.021621 -0.22049 0.12984 0.76346 0.14573 -0.23732 0.019571 0.39507 0.4647 0.27714 0.53167 0.22204 0.065754 0.076835 0.20767 0.29779 0.18402 0.33607 -0.098222 -0.02764 0.30618 0.42377
0.10258 0.11355 0.2519 0.18741 0.075357 -0.037896 0.018096 -0.021635 0.044956 0.23987 0.029427 0.21414 0.1587 0.026082 -0.053339 0.0013252 -0.017188 0.029584 0.498 0.21064 0.55919 -0.084585 0.061047 0.1245 0.24592 0.43337 -0.22555 -0.0077866 0.43832 -0.054497 -0.17118 0.23612 -0.055347 0.1008 0 0.40686 0.85044 -0.014613 0.067923 0.097065 0.33675 -0.10372 -0.11093 0.57387 0.51471 0.27361 0.23859 0.66444 -0.054439 0.0072585 0.11342 0.35821 0.26121 0.19987 0.32755 -0.11418 0.022462 0.049341 0.09881 0.19382 -0.29958 -0.017902 0.29021 -0.056649 -0.21425 0.046497 -0.054433 0.085029 0.64974 0.27354 0.6031 -0.033292 0.074337 0.026151 0.28177 -0.1683 -0.12801 0.23889 0.25916 0.15135 0.1827 0.435 -0.061286 -0.036102 0.11525 0.32054
-0.050304 -0.064644 0.0026501 -0.072893 0.0053799 0.021521 0.074041 -0.080263 -0.052871 0.10209 -0.13974 -0.03683 -0.090785 -0.041013 -0.021089 0.040506 -0.080333 -0.047563 0.22179 -0.2088 0.43431 -0.17291 0.03617 0.044238 0.34102 0.37824 -0.034945 -0.0042477 0.30201 -0.1673 0.081018 0.57983 -0.033636 -0.21949 0.40686 0 0.59997 -0.16658 -0.1617 -0.10628 -0.099366 -0.079174 -0.14498 0.1931 0.24008 -0.084313 0.015012 0.17335 0.15493 0.087621 -0.086742 -0.12144 -0.043723 -0.21056 0.16355 -0.19591 0.039639 0.012469 0.096426 0.17266 -0.19366 -0.0047342 0.12379 -0.16134 -0.028684 0.25783 -0.035553 -0.18958 0.093082 0.5416 0.2423 -0.17917 -0.12396 -0.21413 -0.11426 -0.28048 -0.22207 -0.13934 -0.085315 -0.14634 -0.01962 -0.077998 0.1211 0.068308 -0.070528 -0.12887
0.035052 0.018975 0.16161 0.086689 0.061188 -0.026037 0.073903 -0.070723 -0.0061295 0.20007 -0.05381 0.12701 0.069432 -0.0034227 -0.062714 0.046644 -0.057037 0.002166 0.56704 0.048567 0.53466 -0.13151 0.066071 0.10594 0.23339 0.46461 -0.25237 0.014746 0.47011 -0.084687 -0.1143 0.36016 -0.077428 -0.018258 0.85044 0.59997 0 -0.080337 -0.033387 -0.019617 0.23537 -0.23301 -0.20609 0.43668 0.35148 0.16044 0.23976 0.55591 0.019023 0.034085 0.01425 0.21749 0.27383 0.0020923 0.27971 -0.14768 0.045448 0.035415 -0.0037741 0.22987 -0.35623 0.0093172 0.27398 -0.093975 -0.19371 0.097856 -0.083519 -0.019006 0.51257 0.44697 0.60646 -0.094916 0.0052761 -0.10971 0.16333 -0.33195 -0.22802 0.098699 0.022032 0.063387 0.16207 0.25273 -0.057614 -0.0060147 0.035899 0.18649
0.057147 0.20536 0.0527 0.082152 0.031878 0.072613 -0.0041903 0.03499 0.14625 0.081145 0.20644 0.052317 0.075929 0.042058 0.057688 -0.040581 0.036429 0.14048 -0.026569 0.26152 -0.12177 0.86369 0.021032 0.28587 -0.003533 -0.11562 0.13666 0.28037 0.07445 0.90948 -0.0034454 -0.20665 0.13292 0.42248 -0.014613 -0.16658 -0.080337 0 0.40363 0.18882 0.34698 0.24477 0.10198 0.0084884 0.09586 0.57005 0.10301 0.094841 -0.064559 -0.016398 0.28224 0.32784 0.020217 0.24116 -0.18413 0.83218 -0.0060394 0.31313 -0.068096 -0.062321 0.16287 0.34047 0.045268 0.86919 -0.0073118 -0.21556 0.14599 0.3903 0.0012153 -0.20612 -0.06663 0.95916 0.44473 0.20359 0.38092 0.29946 0.11158 -0.026176 0.045248 0.53519 0.094252 0.22549 -0.082092 -0.045352 0.24867 0.31386
-0.0088678 0.11154 -0.0010212 0.15581 0.057743 0.094301 0.06383 0.024138 0.083211 0.21245 0.042555 -0.0038063 0.089391 0.04873 0.078801 0.055959 0.0073595 0.066243 0.071557 0.2973 -0.025743 0.32649 0.044585 0.10749 -0.087976 0.011673 0.02355 0.0062865 0.011285 0.3453 0.027058 -0.13886 0.050277 0.53136 0.067923 -0.1617 -0.033387 0.40363 0 0.069518 0.87936 0.053217 0.013579 0.030714 0.2994 0.42479 0.32732 0.34811 -0.0076963 0.041241 0.47769 0.59187 0.055854 0.24998 -0.19549 0.29456 -0.0008559 0.10286 -0.19691 -0.048053 -0.0038077 -0.00065592 -0.048842 0.31769 -0.014608 -0.21354 0.071032 0.48275 0.03764 -0.24737 -0.13279 0.36467 0.88724 0.092208 0.77255 0.055833 -0.01626 -0.10029 0.10076 0.32078 0.28549 0.30499 -0.10198 -0.012839 0.38201 0.47396
0.35859 0.30952 0.19012 0.19209 0.089595 0.084003 -0.11807 0.058666 0.18119 0.29287 0.32119 0.2079 0.20189 0.079208 0.068529 -0.10485 0.051191 0.17279 -0.10071 0.40202 0.094529 0.026211 0.036288 -0.05999 0.1875 0.044413 0.3944 0.017603 0.26875 0.069078 -0.026946 -0.078452 0.066634 0.22874 0.097065 -0.10628 -0.019617 0.18882 0.069518 0 0.067981 0.52261 0.34446 0.42553 0.28618 0.14142 -0.069074 0.36483 -0.069805 -0.047877 0.18524 0.33795 -0.028248 0.37415 0.17416 0.036681 0.040537 -0.080436 0.24148 0.067763 0.38965 0.012083 0.24321 0.02587 0.077756 0.015798 0.028262 0.17807 0.20616 -0.05418 0.12923 0.21442 0.057688 0.67592 0.093192 0.49522 0.32181 0.4207 0.33938 0.055846 -0.031771 0.37765 -0.073806 -0.075035 0.17623 0.35014
0.040026 0.1103 0.079378 0.26683 0.081565 0.059622 0.07207 0.019823 0.060852 0.24889 0.057939 0.062604 0.20983 0.061261 0.06106 0.080163 -0.00042808 0.056683 0.16124 0.38753 0.10971 0.29633 0.054197 0.14838 -0.11502 0.12275 -0.14283 0.06453 0.11111 0.28985 -0.062372 -0.15741 -0.029941 0.59507 0.33675 -0.099366 0.23537 0.34698 0.87936 0.067981 0 -0.10587 -0.035023 0.13395 0.46911 0.49722 0.33813 0.49642 -0.051855 0.012205 0.41877 0.62568 0.16338 0.33062 -0.10623 0.25968 -0.001753 0.13095 -0.25538 0.0023528 -0.16395 0.065858 0.049107 0.27341 -0.11679 -0.26344 0.026279 0.56695 0.28983 -0.21358 0.052029 0.31658 0.81722 0.099315 0.9063 -0.054359 -0.056731 -0.017081 0.23814 0.43542 0.29459 0.42661 -0.14387 -0.033175 0.32791 0.53646
0.16837 0.1811 0.067423 0.01283 0.0066289 0.25064 -0.04026 0.031655 0.14175 0.2145 0.18947 0.044386 -0.0092873 0.032959 0.2377 -0.028185 0.05793 0.14612 -0.079867 0.08586 0.32004 0.22703 0.034525 0.08682 0.67066 0.0019808 0.79911 -0.067002 0.07925 0.20938 0.37387 0.24845 0.43251 0.16771 -0.10372 -0.079174 -0.23301 0.24477 0.053217 0.52261 -0.10587 0 0.4317 0.30271 0.356 0.13581 0.0037006 0.073898 0.12739 0.045599 0.098428 0.038108 -0.060155 0.072241 0.21138 0.18949 0.043164 0.062343 0.51968 -0.01139 0.75498 -0.0082193 -0.017935 0.19356 0.38078 0.30889 0.35145 0.11635 -0.2023 -0.12352 -0.19851 0.25043 0.047672 0.39781 -0.10385 0.90629 0.34336 0.14132 0.28928 -0.0087051 0.043072 -0.010225 0.16254 0.061962 0.10403 0.0026702
0.077601 0.146 0.1572 0.1076 0.056635 0.2227 0.0056886 0.10812 0.1304 0.077673 0.17046 0.15161 0.088845 0.048606 0.22809 0.012844 0.11613 0.1247 -0.13128 0.25827 -0.021576 0.045133 0.052248 0.038662 0.11947 -0.064929 0.46284 0.064173 0.1899 0.061795 0.38192 0.0088763 0.2125 0.079633 -0.11093 -0.14498 -0.20609 0.10198 0.013579 0.34446 -0.035023 0.4317 0 0.039313 0.34897 -0.044158 0.032711 -0.060103 0.045648 0.045391 0.1472 0.16058 -0.096085 0.24913 -0.05662 0.03654 0.03793 0.017031 0.060872 -0.053842 0.42234 0.073207 0.11825 0.042537 0.40129 0.066485 0.15081 0.064686 -0.12033 -0.1838 -0.12112 0.10207 0.0053415 0.28922 -0.029188 0.36876 0.562 0.011718 0.29244 -0.089458 0.064228 -0.03055 0.032859 0.04232 0.12481 0.14813
0.38328 0.20408 0.26903 0.16844 0.074288 -0.026572 -0.13468 -0.0080805 0.098864 0.4553 0.19044 0.24711 0.14278 0.046024 -0.047871 -0.11721 -0.018687 0.11682 -0.0026848 0.27249 0.66829 -0.056752 0.036621 -0.040702 0.49344 0.39053 0.074214 -0.093268 0.46671 -0.041827 -0.24529 0.011879 0.050603 0.11257 0.57387 0.1931 0.43668 0.0084884 0.030714 0.42553 0.13395 0.30271 0.039313 0 0.44424 0.39394 -0.11646 0.66947 -0.13957 -0.10911 0.075716 0.25733 0.031442 0.24071 0.55984 -0.078157 0.02259 -0.078781 0.43089 0.21589 0.018104 -0.094199 0.30673 -0.067513 -0.1756 0.042913 0.0017791 0.077528 0.47811 0.21111 0.35106 0.016672 -0.015696 0.3742 0.10212 0.28347 0.026463 0.70535 0.30387 0.19926 -0.080934 0.46723 -0.10258 -0.14323 0.068649 0.21256
0.030071 0.16441 0.20179 0.16819 0.070682 0.16288 0.058948 0.0074024 0.08169 0.28249 0.075814 0.11626 0.12466 0.046134 0.14221 0.03932 0.01101 0.08071 0.21745 0.33065 0.41266 0.069634 0.062785 0.083161 0.34522 0.23493 0.24521 -0.027225 0.29106 0.060916 0.23693 0.35219 0.13475 0.29344 0.51471 0.24008 0.35148 0.09586 0.2994 0.28618 0.46911 0.356 0.34897 0.44424 0 0.28261 0.15398 0.47227 0.10829 0.061856 0.17567 0.31022 -0.0063014 0.2505 0.10609 0.019105 0.032063 0.029573 0.025522 0.076658 0.095248 -0.0048279 0.039645 0.051685 0.10952 0.079868 0.10815 0.28926 0.15643 -0.053597 0.046047 0.075622 0.25865 0.14481 0.37604 0.12758 0.16843 0.011997 0.48692 0.146 0.14252 0.19724 0.078955 0.037464 0.16115 0.2434
0.15036 0.11227 0.049771 0.097174 0.0065398 0.061608 0.022585 0.0017182 0.041522 0.22258 0.075951 0.062978 0.081923 0.014585 0.059701 0.032169 -0.0035118 0.053258 0.058007 0.25698 0.37527 0.63382 0.088673 0.47917 0.36265 0.35159 -0.021532 0.27526 0.18013 0.65685 -0.096713 -0.13124 0.11848 0.36406 0.27361 -0.084313 0.16044 0.57005 0.42479 0.14142 0.49722 0.13581 -0.044158 0.39394 0.28261 0 0.085372 0.47986 -0.072502 -0.018683 0.15711 0.3395 0.11349 0.22992 0.15891 0.59056 0.036959 0.45277 0.15931 0.2913 0.018748 0.23721 0.10403 0.66141 -0.093587 -0.15491 0.14354 0.31959 0.27544 -0.12269 0.12923 0.55928 0.37216 0.16317 0.4557 0.25147 -0.030065 0.19163 0.14569 0.92635 0.041021 0.39467 -0.082133 -0.040704 0.13319 0.28658
-0.18362 -0.10107 -0.059433 -0.012724 0.010613 0.22372 0.23356 0.010052 0.0078607 -0.124 -0.15387 -0.090784 -0.036901 -0.015266 0.20838 0.20564 0.013914 0.01426 0.70331 0.068284 0.070509 0.1895 0.10352 0.3514 0.076122 0.17586 -0.0051278 0.15819 0.066292 0.21465 0.18878 0.34831 0.13381 0.19258 0.23859 0.015012 0.23976 0.10301 0.32732 -0.069074 0.33813 0.0037006 0.032711 -0.11646 0.15398 0.085372 0 0.10248 0.066533 0.21819 0.56701 0.33416 0.57006 0.053083 -0.10843 0.14579 0.067231 0.3234 -0.088309 0.082791 -0.058473 0.14078 0.010278 0.20286 0.11137 0.18316 0.13668 0.22034 0.1046 -0.064417 0.075008 0.037497 0.36862 -0.090857 0.33106 -0.025532 0.036301 -0.18702 0.027662 0.091788 0.83927 0.047407 0.022773 0.1888 0.46447 0.26895
0.37287 0.22322 0.19566 0.24689 0.10696 -0.094145 -0.073065 -0.00091044 0.11097 0.38032 0.21287 0.19425 0.22752 0.083653 -0.10767 -0.076868 -0.034024 0.13567 0.19197 0.39281 0.43179 -0.032003 0.053849 -0.0092801 0.20898 0.42184 -0.16386 -0.11865 0.41424 0.010889 -0.31503 0.085318 -0.067007 0.28826 0.66444 0.17335 0.55591 0.094841 0.34811 0.36483 0.49642 0.073898 -0.060103 0.66947 0.47227 0.47986 0.10248 0 -0.097994 -0.058742 0.27359 0.56778 0.23335 0.38403 0.38716 -0.047907 0.010409 -0.074748 0.25578 0.27979 -0.16708 -0.10442 0.33165 -0.012645 -0.28573 0.091507 -0.068933 0.23632 0.64233 0.22461 0.5261 0.095697 0.25607 0.34953 0.44139 0.12681 -0.03231 0.51338 0.42375 0.34949 0.095683 0.81469 -0.080957 -0.088492 0.20678 0.50808
-0.10597 -0.044946 -0.053803 -0.074822 -0.02817 0.062356 0.050767 -0.0068316 -0.034165 -0.02684 -0.079769 -0.091632 -0.090446 -0.042425 0.041044 0.045036 -0.010851 -0.029701 0.12441 -0.13458 0.038185 -0.035545 0.030205 0.066077 0.16632 0.031082 0.13382 4.0401e-05 -0.046907 -0.0231 0.26814 0.31407 0.055823 -0.068457 -0.054439 0.15493 0.019023 -0.064559 -0.0076963 -0.069805 -0.051855 0.12739 0.045648 -0.13957 0.10829 -0.072502 0.066533 -0.097994 0 0.092519 -0.072311 -0.12701 0.013903 -0.15366 -0.093862 -0.031492 0.0080407 0.050307 0.0040668 0.016726 0.070113 0.012017 -0.10668 -0.021917 0.15039 0.21382 0.031331 -0.048145 -0.17998 0.048089 -0.1234 -0.065872 0.011149 -0.15841 -0.079761 0.0069999 -0.0098637 -0.25454 -0.021633 -0.05835 0.050306 -0.19201 0.2245 0.084597 -0.037252 -0.14983
-0.066818 -0.051009 -0.048186 -0.017665 -0.020489 0.14458 0.12378 -0.001996 -0.017941 -0.0026387 -0.069038 -0.072474 -0.042857 -0.0093029 0.12613 0.10511 -0.012034 0.029387 0.1476 -0.03875 0.0055926 0.022866 0.098669 0.1523 0.096204 0.11506 0.051093 0.047801 0.042274 0.017301 0.18396 0.2695 0.091138 -0.0099776 0.0072585 0.087621 0.034085 -0.016398 0.041241 -0.047877 0.012205 0.045599 0.045391 -0.10911 0.061856 -0.018683 0.21819 -0.058742 0.092519 0 0.034289 0.024514 0.070648 -0.058617 -0.070878 0.009172 0.029524 0.12584 0.0043552 0.08532 0.039172 0.042921 -0.038388 0.033273 0.13219 0.20016 0.060136 -0.0044581 -0.055675 0.015776 -0.030201 -0.030337 0.030671 -0.091633 -0.0081125 0.0050109 0.012277 -0.15773 0.014438 -0.020915 0.18192 -0.094419 0.096603 0.1547 0.020965 0.0026352
0.029261 0.1542 0.063564 0.11958 0.053483 0.10772 0.021891 0.041496 0.11464 0.022722 0.15745 0.058318 0.11026 0.066673 0.080147 0.020938 0.040862 0.14897 0.14448 0.28212 -0.027047 0.1657 0.044324 0.10746 -0.020625 -0.010043 0.10064 0.094056 0.12468 0.24157 0.018376 -0.098506 0.085505 0.35904 0.11342 -0.086742 0.01425 0.28224 0.47769 0.18524 0.41877 0.098428 0.1472 0.075716 0.17567 0.15711 0.56701 0.27359 -0.072311 0.034289 0 0.49432 0.23656 0.28574 -0.012329 0.16154 0.030102 0.11301 -0.016703 -0.018587 0.080156 0.078749 0.12389 0.2137 0.044055 -0.069468 0.095193 0.34779 0.18922 -0.086386 0.087281 0.25239 0.4472 0.22859 0.4084 0.14605 0.15614 0.071332 0.18776 0.14261 0.54357 0.34759 -0.056443 -0.0088107 0.62538 0.45043
0.21842 0.27279 0.18161 0.33269 0.14032 0.072388 0.031141 0.080415 0.17644 0.21363 0.26477 0.18665 0.30627 0.11486 0.067803 0.02751 0.058042 0.18305 0.12032 0.56151 -0.052409 0.20307 0.091616 0.12272 -0.1018 0.089675 -0.03723 0.095101 0.32247 0.24497 -0.085703 -0.20203 0.034588 0.46713 0.35821 -0.12144 0.21749 0.32784 0.59187 0.33795 0.62568 0.038108 0.16058 0.25733 0.31022 0.3395 0.33416 0.56778 -0.12701 0.024514 0.49432 0 0.22187 0.53286 -0.027479 0.19101 0.053538 0.078974 -0.081292 0.058716 -0.015306 0.093167 0.30457 0.21531 -0.066965 -0.16733 0.043631 0.43647 0.48406 -0.095572 0.31708 0.31977 0.51902 0.39252 0.59819 0.13469 0.17783 0.23755 0.3288 0.29516 0.30457 0.62969 -0.14162 -0.029874 0.39557 0.7559
-0.0048076 -0.10086 -0.01535 0.0095366 0.0015451 0.013051 0.08509 -0.01878 -0.023243 -0.12901 -0.11578 -0.011325 0.033921 -0.01003 0.020167 0.093545 -0.010568 -0.0027518 0.61064 0.076887 0.025462 0.11092 0.016011 0.27179 0.023366 0.13075 -0.164 0.15893 0.089216 0.10976 -0.072782 0.17287 0.014934 0.046256 0.26121 -0.043723 0.27383 0.020217 0.055854 -0.028248 0.16338 -0.060155 -0.096085 0.031442 -0.0063014 0.11349 0.57006 0.23335 0.013903 0.070648 0.23656 0.22187 0 0.079216 0.15449 0.10886 0.036892 0.29694 0.12961 0.21167 -0.15717 0.11776 0.1305 0.11547 -0.060757 0.35863 0.033174 0.063706 0.42922 0.14724 0.45791 -0.010836 0.11503 0.0055582 0.22736 0.018372 -0.03825 0.096536 0.21391 0.11262 0.68229 0.27086 0.024888 0.13586 0.20713 0.21375
