0 0.31665 0.25044 0.27658 0.084403 -0.026052 -0.10487 0.045909 0.20245 0.68631 0.3967 0.34071 0.29555 0.10542 -0.0097083 -0.10465 0.030764 0.25895 -0.16065 0.24617 0.058807 -0.075575 0.023034 -0.10023 0.038657 0.13939 0.082863 -0.022816 0.20384 -0.05408 -0.16792 -0.10528 0.013337 0.10574 0.0997 -0.059903 0.038577 0.064968 0.0089799 0.36408 0.049106 0.18251 0.090909 0.38356 0.054623 0.12872 -0.15959 0.38153 -0.10308 -0.058695 0.05602 0.23924 -0.033267 0.29817 0.41822 -0.069397 0.040108 -0.12574 0.33021 0.2233 0.17139 -0.044338 0.32983 -0.091341 -0.047177 0.10922 0.016342 0.1256 0.42472 0.20439 0.31494 0.092726 0.019145 0.45003 0.1513 0.30331 0.17004 0.58539 0.40756 0.1578 -0.11703 0.55338 -0.021965 -0.088031 0.050906 0.29309
0.31665 0 0.22106 0.24712 0.10155 0.0090091 -0.082376 0.063927 0.21339 0.33178 0.47254 0.23775 0.23322 0.091519 -0.0080075 -0.094618 0.047438 0.20644 -0.10439 0.25332 0.033382 0.072549 0.017678 -0.069556 0.025935 0.035485 0.12082 0.067655 0.14222 0.10622 -0.04105 -0.1145 0.012894 0.15531 0.10339 -0.077614 0.0060709 0.20058 0.11254 0.3134 0.10135 0.1735 0.15205 0.20186 0.16315 0.10323 -0.091807 0.21905 -0.055162 -0.051875 0.16313 0.27034 -0.11826 0.24727 0.05144 0.067325 0.0094833 -0.094634 0.034911 -0.018397 0.10914 0.053456 0.11923 0.065927 -0.031345 -0.10307 -0.019732 0.088607 0.15423 -0.041043 0.065936 0.23679 0.059964 0.30157 0.073001 0.16047 0.13578 0.16345 0.14682 0.044392 -0.11389 0.20134 -0.061471 -0.069851 0.13629 0.24916
0.25044 0.22106 0 0.37464 0.11101 0.020643 -0.021717 0.14025 0.13326 0.26701 0.24597 0.55754 0.36184 0.061839 0.021689 -0.020545 0.11308 0.14558 -0.027183 0.20789 0.10487 -0.017251 0.0042469 -0.05643 0.0028959 0.04743 0.057776 -0.002851 0.19385 0.00020328 -0.027475 -0.076806 -0.030355 0.041217 0.23177 -0.019636 0.14266 0.055693 -0.014024 0.19256 0.064747 0.066044 0.17527 0.25081 0.19465 0.049046 -0.055777 0.18825 -0.056484 -0.045779 0.071825 0.18298 -0.019028 0.18593 0.10618 -0.034574 0.023776 -0.077461 0.0037969 0.018741 0.04272 0.0023126 0.1599 -0.028997 -0.021717 -0.081883 -0.027018 0.015072 0.20631 -0.03395 0.14684 0.070598 -0.027434 0.18935 0.075106 0.053711 0.12385 0.17381 0.15612 0.010024 -0.05519 0.18928 -0.075829 -0.053961 0.077371 0.18115
0.27658 0.24712 0.37464 0 0.20063 0.0049319 -0.0044348 0.10859 0.13203 0.25554 0.25861 0.36171 0.61323 0.11937 0.00025233 -0.009304 0.09201 0.13918 -0.061528 0.29088 -0.03338 0.0042514 0.0088592 -0.031178 -0.10974 0.029387 -0.0062446 0.015663 0.14572 0.012445 -0.037153 -0.15571 -0.021834 0.16563 0.17462 -0.095561 0.073025 0.081521 0.14325 0.19983 0.2497 0.023584 0.12689 0.15614 0.16797 0.098593 -0.010279 0.24018 -0.07365 -0.014728 0.11729 0.33373 -0.016451 0.27843 0.013077 0.0026555 0.012103 -0.044913 -0.071118 -0.0078785 0.0037801 0.024466 0.14584 -0.0064303 -0.033144 -0.14167 0.0098761 0.12643 0.25123 -0.061872 0.15085 0.10189 0.084352 0.23782 0.2361 0.051945 0.12312 0.16715 0.17701 0.086384 -0.030644 0.29149 -0.081594 -0.056727 0.10803 0.33461
0.084403 0.10155 0.11101 0.20063 0 -0.0037455 -0.016111 0.024188 0.056252 0.095695 0.097291 0.11268 0.17552 0.035437 -0.012211 -0.023855 0.021211 0.054689 -0.024156 0.10626 -8.1273e-05 -0.0047082 0.0095148 -0.0074786 -0.022028 0.016191 -0.011186 -0.0063589 0.07058 0.00019503 -0.022958 -0.035414 -0.013158 0.0094243 0.069606 0.0013096 0.055282 0.034419 0.055347 0.091007 0.081552 0.0089697 0.06374 0.072887 0.070673 0.013193 0.013228 0.10804 -0.0333 -0.019527 0.061051 0.14176 -0.011317 0.11356 -0.015367 -0.011015 -0.013222 -0.032673 -0.042369 -0.0069076 -0.011434 0.00070006 0.063348 -0.014213 -0.025707 -0.049709 -0.01945 0.019265 0.086035 -0.0037268 0.064236 0.036435 0.036794 0.074593 0.069413 -0.0058589 0.025276 0.043368 0.052401 -0.0074832 -0.011386 0.10312 -0.043813 -0.027204 0.03483 0.12535
-0.026052 0.0090091 0.020643 0.0049319 -0.0037455 0 0.16514 0.019087 0.075026 0.035066 -0.0086473 0.011397 -0.0037846 -0.020415 0.41073 0.17556 0.034011 0.057308 0.086387 0.040811 0.13715 0.098673 0.11606 0.21947 0.2194 0.12314 0.31407 0.11496 0.072196 0.12378 0.28931 0.19247 0.25626 0.072728 -0.029742 0.028124 -0.022904 0.080054 0.095464 0.078867 0.067548 0.23523 0.20345 -0.025694 0.14231 0.078832 0.22879 -0.091248 0.048631 0.14239 0.10775 0.077429 0.039521 0.01886 -0.0065461 0.07895 0.087704 0.20576 0.10336 0.078671 0.26019 0.12596 0.001381 0.11231 0.25644 0.10988 0.20928 0.073744 -0.1175 -0.059819 -0.090999 0.0586 0.097208 0.024322 0.060684 0.18803 0.1361 -0.10562 0.034301 0.044473 0.18745 -0.11834 0.052342 0.11473 0.086739 0.045476
-0.10487 -0.082376 -0.021717 -0.0044348 -0.016111 0.16514 0 -0.0020172 -0.0049865 -0.053427 -0.10689 -0.045408 -0.024744 -0.02368 0.17027 0.25245 -0.0063804 -0.028524 0.15281 -0.044778 0.042673 0.033849 0.065481 0.18685 0.067009 0.12837 -0.0037167 0.076559 -0.00021178 0.047524 0.17149 0.16853 0.064751 0.021022 0.01565 0.07874 0.06891 -0.0094857 0.061313 -0.12817 0.078401 -0.045575 -0.002536 -0.14613 0.051905 0.034141 0.23398 -0.080619 0.057811 0.12359 0.0098843 0.024582 0.097854 -0.056868 -0.073045 0.024138 0.025341 0.16541 -0.041587 0.075007 -0.034502 0.070476 -0.03481 0.043314 0.088473 0.080303 0.045337 0.022367 -0.068199 -0.021098 -0.029913 -0.029957 0.066844 -0.14745 0.081419 -0.066504 -0.02584 -0.19335 -0.032192 0.037994 0.18779 -0.13969 0.026495 0.10211 -0.0017184 -0.014667
0.045909 0.063927 0.14025 0.10859 0.024188 0.019087 -0.0020172 0 0.051578 0.031782 0.065895 0.1233 0.10634 0.01746 0.031765 0.011548 0.095309 0.060423 -0.030148 0.085497 -0.057148 0.016873 -0.0048544 -0.013702 -0.055026 -0.024662 0.040731 0.01296 0.019922 0.0056156 0.055577 -0.060755 0.026417 0.049669 -0.017458 -0.083088 -0.065498 0.039854 0.024784 0.054521 0.025685 0.030783 0.10861 -0.0093041 0.0079711 0.0064987 0.010377 0.0013574 -0.0077426 0.0029959 0.038416 0.081026 -0.015027 0.070114 -0.043833 0.02319 -0.0058303 -0.0026461 -0.037724 -0.0013076 0.05493 0.032145 0.028155 0.0034339 0.055102 -0.051448 0.013649 0.049149 -0.0033234 -0.092935 -0.016116 0.048126 0.014592 0.063409 0.042491 0.045585 0.091554 0.0067157 0.016105 0.010122 0.0182 0.053488 -0.020488 0.0015863 0.054428 0.089006
0.20245 0.21339 0.13326 0.13203 0.056252 0.075026 -0.0049865 0.051578 0 0.21182 0.21666 0.12268 0.13103 0.041554 0.054043 -0.019447 0.040899 0.17968 -0.043893 0.16708 -0.00077473 0.046127 0.010045 -0.0045798 0.012784 0.0083581 0.10433 0.010242 0.07562 0.071967 0.010311 -0.049069 0.054791 0.11343 0.039412 -0.055076 -0.010976 0.14048 0.082428 0.17852 0.062725 0.13049 0.12941 0.098628 0.078133 0.039159 0.011319 0.11014 -0.034989 -0.018975 0.1159 0.17745 -0.027731 0.1731 0.031245 0.033681 0.019865 -0.024404 0.036878 0.016209 0.12153 0.00061783 0.084368 0.059923 0.047179 -0.02116 0.024292 0.069664 0.084991 -0.041224 0.040178 0.14557 0.061969 0.17573 0.060421 0.14393 0.12686 0.094641 0.10897 0.007303 0.0030582 0.1449 -0.043496 -0.0075378 0.10719 0.16906
0.68631 0.33178 0.26701 0.25554 0.095695 0.035066 -0.053427 0.031782 0.21182 0 0.31284 0.26558 0.2236 0.09096 0.038417 -0.060053 0.021307 0.22707 -0.073807 0.24821 0.22701 -0.0095547 0.044597 -0.1275 0.16358 0.20247 0.1143 -0.083384 0.21054 -0.0099448 -0.032225 0.038388 0.029243 0.16997 0.22957 0.085297 0.19167 0.10875 0.21665 0.3079 0.25133 0.20954 0.088777 0.43768 0.28476 0.21064 -0.10966 0.3893 -0.038521 -0.0018906 0.051167 0.24009 -0.13792 0.19674 0.13042 -0.021153 0.030369 -0.13965 0.077561 0.099037 0.069204 -0.056063 0.10575 -0.024774 -0.042958 -0.016686 0.017792 0.11485 0.18706 0.032521 0.075862 0.12838 0.11091 0.26187 0.15112 0.12426 0.050615 0.22865 0.095047 0.073237 -0.09044 0.35158 -0.062677 -0.0695 0.061955 0.2138
0.3967 0.47254 0.24597 0.25861 0.097291 -0.0086473 -0.10689 0.065895 0.21666 0.31284 0 0.29767 0.28092 0.10169 -0.023976 -0.11231 0.081977 0.24133 -0.17811 0.28424 -0.016807 0.04761 0.012211 -0.090692 -0.017806 -0.021403 0.12389 0.046377 0.12161 0.088032 -0.078812 -0.18744 0.012996 0.11337 0.031601 -0.14392 -0.049423 0.20362 0.048471 0.32408 0.056472 0.18442 0.17734 0.19487 0.085666 0.063844 -0.13972 0.21691 -0.086996 -0.069918 0.17762 0.26296 -0.13366 0.30026 0.14116 0.061749 0.0001806 -0.11634 0.11788 -0.012067 0.1702 0.023407 0.17855 0.047821 -0.026662 -0.081909 0.0014352 0.12643 0.23728 -0.013473 0.14283 0.25146 0.025546 0.38422 0.092922 0.24267 0.18734 0.28525 0.24814 0.052221 -0.12691 0.3012 -0.049431 -0.098177 0.16254 0.2926
0.34071 0.23775 0.55754 0.36171 0.11268 0.011397 -0.045408 0.1233 0.12268 0.26558 0.29767 0 0.39015 0.082036 0.016941 -0.021096 0.13754 0.14032 -0.066141 0.20253 0.06118 -0.044152 -0.013846 -0.071568 -0.023637 0.034802 0.055335 -0.001303 0.17709 -0.017697 -0.066138 -0.13871 -0.033597 0.026981 0.20466 -0.047886 0.12015 0.054052 -0.0064247 0.20919 0.058374 0.047974 0.15915 0.23842 0.11825 0.064451 -0.077524 0.19673 -0.092327 -0.066807 0.066855 0.18961 -0.015791 0.24001 0.18318 -0.06792 0.01336 -0.085786 0.059426 0.050477 0.0593 -0.018906 0.22652 -0.048451 -0.020906 -0.059965 -0.0019494 0.036605 0.28988 0.043342 0.23275 0.064418 -0.055215 0.24971 0.07604 0.092231 0.1736 0.2808 0.2283 0.029348 -0.071871 0.25632 -0.070774 -0.054845 0.059754 0.22127
0.29555 0.23322 0.36184 0.61323 0.17552 -0.0037846 -0.024744 0.10634 0.13103 0.2236 0.28092 0.39015 0 0.14217 0.0037114 -0.0069365 0.11663 0.14567 -0.058287 0.26565 -0.033503 -0.0050649 0.01223 -0.043593 -0.10214 0.015806 -0.021027 0.028843 0.1434 0.0022811 -0.068703 -0.15195 -0.019758 0.14463 0.1503 -0.099536 0.066866 0.076718 0.075924 0.20749 0.19259 0.0059356 0.10841 0.13434 0.13916 0.080075 -0.032675 0.22212 -0.082171 -0.033593 0.10601 0.30543 0.0085104 0.28305 0.024338 -0.014419 0.010967 -0.037937 -0.05956 0.032641 -0.0096441 0.026659 0.17428 -0.018291 -0.040613 -0.11959 -0.009082 0.13341 0.27115 -0.04325 0.17825 0.096312 0.081462 0.23995 0.25556 0.04379 0.12316 0.18302 0.18947 0.081853 -0.0015086 0.30347 -0.098397 -0.0495 0.10583 0.35802
0.10542 0.091519 0.061839 0.11937 0.035437 -0.020415 -0.02368 0.01746 0.041554 0.09096 0.10169 0.082036 0.14217 0 -0.011216 -0.030927 0.010733 0.089297 -0.027838 0.12559 -0.033546 0.0053977 0.010643 -0.021877 -0.028476 -0.01389 0.0015947 -0.013202 0.029215 0.0069535 -0.033045 -0.054045 -0.0045504 0.049548 0.023527 -0.040324 -0.0060639 0.041411 0.047396 0.074406 0.060412 0.031398 0.053332 0.037358 0.047196 0.014323 -0.014511 0.080766 -0.044488 -0.0057188 0.067517 0.11367 -0.020037 0.10327 0.008773 0.0018338 -0.0056165 -0.01737 -0.007012 -0.0072983 0.019571 -0.013148 0.02576 0.0067699 -0.015086 -0.026076 -0.0099916 0.061252 0.077142 -0.0292 0.056527 0.056265 0.053522 0.078609 0.073846 0.042375 0.065696 0.060705 0.095071 0.00020335 -0.008236 0.11228 -0.022285 -0.018475 0.055459 0.12446
-0.0097083 -0.0080075 0.021689 0.00025233 -0.012211 0.41073 0.17027 0.031765 0.054043 0.038417 -0.023976 0.016941 0.0037114 -0.011216 0 0.2202 0.042033 0.056471 0.062299 0.03269 0.12554 0.08391 0.098156 0.22099 0.1997 0.1192 0.29374 0.11203 0.073147 0.10452 0.29064 0.15963 0.24287 0.072584 -0.03977 -0.0076515 -0.052526 0.062143 0.073983 0.066268 0.0699 0.22017 0.20269 -0.040443 0.1249 0.07422 0.21035 -0.10845 0.031784 0.12114 0.077427 0.072136 0.044614 0.031095 0.038696 0.076667 0.099085 0.21833 0.13148 0.1234 0.27708 0.1112 0.033881 0.096847 0.24479 0.12171 0.25294 0.063012 -0.090185 -0.054578 -0.078878 0.057941 0.098358 0.038002 0.059822 0.20808 0.15424 -0.074569 0.053164 0.070219 0.20078 -0.099112 0.027531 0.12627 0.077949 0.065648
-0.10465 -0.094618 -0.020545 -0.009304 -0.023855 0.17556 0.25245 0.011548 -0.019447 -0.060053 -0.11231 -0.021096 -0.0069365 -0.030927 0.2202 0 0.024036 -0.0080377 0.11788 -0.031387 0.048348 0.039976 0.067289 0.18587 0.050007 0.11871 -0.0049121 0.0348 0.0030799 0.046653 0.13905 0.11979 0.094216 0.032364 0.0059914 0.039058 0.048439 -0.039521 0.062145 -0.11188 0.091189 -0.029269 0.0056958 -0.11875 0.03932 0.043102 0.20898 -0.079808 0.045109 0.10245 0.0132 0.031822 0.10661 -0.031001 -0.026972 0.025915 0.0445 0.19326 -0.0092604 0.11922 -0.0233 0.039703 -0.004637 0.044377 0.099726 0.078618 0.094515 0.033238 -0.031645 -0.016551 0.0048994 -0.052022 0.078715 -0.12946 0.094027 -0.042588 -0.023322 -0.1425 -0.020185 0.044709 0.21687 -0.10033 0.029092 0.12641 -0.0006912 0.023705
0.030764 0.047438 0.11308 0.09201 0.021211 0.034011 -0.0063804 0.095309 0.040899 0.021307 0.081977 0.13754 0.11663 0.010733 0.042033 0.024036 0 0.065324 -0.019557 0.084041 -0.048896 0.02673 0.012064 -0.0017249 -0.035242 -0.036241 0.068091 0.026596 0.012842 0.028171 0.054299 -0.066718 0.0064604 0.030053 -0.02047 -0.078653 -0.058452 0.034251 0.011341 0.052118 0.0058971 0.05719 0.12147 -0.021676 0.013651 -0.00082652 0.022387 -0.032447 -0.010014 -0.012587 0.038944 0.058575 -0.0062787 0.077856 -0.038658 0.029178 0.0031552 0.014096 -0.034062 -0.01594 0.056804 0.022262 0.018019 0.017685 0.037535 -0.048233 0.020253 0.035308 -0.015781 -0.10245 -0.028935 0.039631 0.0027846 0.057991 0.0087393 0.054246 0.11159 0.005499 0.0069629 0.0056458 0.028669 0.016807 -0.012575 -0.0084227 0.044631 0.068779
0.25895 0.20644 0.14558 0.13918 0.054689 0.057308 -0.028524 0.060423 0.17968 0.22707 0.24133 0.14032 0.14567 0.089297 0.056471 -0.0080377 0.065324 0 -0.054122 0.16224 0.036783 0.039064 0.03675 0.0047064 0.044691 0.028012 0.10714 0.0065522 0.090208 0.071933 0.006789 -0.026774 0.058732 0.081291 0.027671 -0.048996 -0.00038094 0.14426 0.073646 0.17204 0.06081 0.14601 0.12275 0.11558 0.080185 0.050635 0.020579 0.13482 -0.03334 0.031593 0.15526 0.18443 -0.0055339 0.17896 0.097248 0.046954 0.019433 -0.0018743 0.097227 0.0333 0.13074 0.010474 0.11026 0.060176 0.055435 0.015529 0.048685 0.10349 0.11325 0.008827 0.081575 0.16089 0.066921 0.1844 0.0773 0.17702 0.13306 0.1422 0.15395 0.04557 0.032559 0.16914 -0.0042431 0.0015182 0.13127 0.20956
-0.16065 -0.10439 -0.027183 -0.061528 -0.024156 0.086387 0.15281 -0.030148 -0.043893 -0.073807 -0.17811 -0.066141 -0.058287 -0.027838 0.062299 0.11788 -0.019557 -0.054122 0 -0.058743 0.23661 0.052337 0.035115 0.28977 0.24509 0.28588 -0.13213 0.10196 0.053096 0.087085 0.062408 0.59537 0.0089791 -0.025678 0.47188 0.21985 0.54115 -0.02165 0.04571 -0.12311 0.12893 -0.047802 -0.11606 -0.022567 0.21171 0.060779 0.7061 0.15558 0.13071 0.155 0.13216 0.090322 0.64045 -0.062469 0.030678 0.036508 0.018422 0.24506 0.057166 0.21763 -0.16762 0.10917 0.0082873 0.082425 -0.023112 0.37815 0.030664 -0.011536 0.18448 0.17073 0.28141 -0.065092 0.1061 -0.19597 0.10889 -0.1134 -0.10219 -0.10006 0.063949 0.02868 0.59745 -0.025205 0.086748 0.16583 0.14825 0.05613
0.24617 0.25332 0.20789 0.29088 0.10626 0.040811 -0.044778 0.085497 0.16708 0.24821 0.28424 0.20253 0.26565 0.12559 0.03269 -0.031387 0.084041 0.16224 -0.058743 0 -0.080262 0.14609 0.047647 0.01631 -0.13699 0.0096921 0.018011 0.029636 0.2414 0.16919 -0.099222 -0.28353 0.023825 0.36917 0.20903 -0.2193 0.043615 0.26054 0.28273 0.42376 0.38375 0.095549 0.29767 0.2868 0.34835 0.27119 0.074157 0.40003 -0.14049 -0.035401 0.29005 0.56649 0.033895 0.59427 -0.092416 0.15456 0.00017851 -0.0043471 -0.15143 0.0058133 0.047211 0.036094 0.19767 0.13946 -0.057521 -0.27771 0.028247 0.34667 0.2892 -0.23821 0.127 0.26543 0.23529 0.44677 0.37059 0.14279 0.27907 0.22964 0.28336 0.22014 0.061787 0.45405 -0.17768 -0.090523 0.23529 0.55588
0.058807 0.033382 0.10487 -0.03338 -8.1273e-05 0.13715 0.042673 -0.057148 -0.00077473 0.22701 -0.016807 0.06118 -0.033503 -0.033546 0.12554 0.048348 -0.048896 0.036783 0.23661 -0.080262 0 -0.10826 0.056533 0.20481 0.67938 0.51943 0.19677 -0.033974 0.26404 -0.047688 0.093058 0.44846 0.16489 -0.10373 0.53978 0.40739 0.51229 -0.094005 -0.039836 0.099529 0.091457 0.31591 -0.024067 0.65127 0.36596 0.38362 0.067689 0.42684 0.0061654 -0.0015547 -0.01045 -0.027912 0.054072 -0.090126 0.65727 -0.15371 0.065346 0.13449 0.49926 0.27593 0.074084 -0.0070198 0.10395 -0.042662 0.051444 0.28151 0.12944 -0.094375 0.31074 0.32442 0.25421 -0.097632 -0.013255 -0.019275 0.046271 0.17285 -0.098904 0.26833 0.084526 0.18917 0.064258 0.10066 0.054399 0.0093335 0.0010484 -0.068221
-0.075575 0.072549 -0.017251 0.0042514 -0.0047082 0.098673 0.033849 0.016873 0.046127 -0.0095547 0.04761 -0.044152 -0.0050649 0.0053977 0.08391 0.039976 0.02673 0.039064 0.052337 0.14609 -0.10826 0 0.01458 0.32517 0.043685 -0.10557 0.11559 0.17188 0.043994 0.91009 0.026683 -0.15075 0.17168 0.38416 -0.077439 -0.16301 -0.12464 0.86317 0.33609 0.039426 0.29239 0.2556 0.068269 -0.031793 0.092717 0.65473 0.18339 -0.013624 -0.025747 0.027406 0.19197 0.21087 0.09492 0.12817 -0.25565 0.96786 -0.0041238 0.36321 -0.10513 -0.072693 0.13511 0.24589 -0.033891 0.89851 0.004705 -0.20292 0.17533 0.35428 -0.16097 -0.25816 -0.18311 0.81276 0.38151 0.031253 0.29987 0.29141 0.06431 -0.14335 -0.038882 0.56909 0.17417 -0.00069673 -0.069451 0.021775 0.15686 0.17671
0.023034 0.017678 0.0042469 0.0088592 0.0095148 0.11606 0.065481 -0.0048544 0.010045 0.044597 0.012211 -0.013846 0.01223 0.010643 0.098156 0.067289 0.012064 0.03675 0.035115 0.047647 0.056533 0.01458 0 0.15132 0.09695 0.12922 0.040411 0.028241 0.076207 0.035767 0.08425 0.095242 0.08583 0.039244 0.059173 0.032001 0.064669 0.020273 0.050363 0.028393 0.062955 0.023542 0.049208 0.031837 0.063693 0.08723 0.10497 0.049002 0.025793 0.09167 0.043451 0.08974 0.015794 0.024681 0.027123 0.0039667 0.043488 0.12772 0.059967 0.10738 0.040323 0.015411 0.042235 0.034718 0.070415 0.060079 0.06528 0.0077677 0.047927 0.014163 0.035191 0.0063055 0.038236 0.023299 0.054755 0.042801 0.020625 -0.0089083 0.039972 0.074311 0.071501 0.031469 0.017038 0.04334 0.019381 0.075823
-0.10023 -0.069556 -0.05643 -0.031178 -0.0074786 0.21947 0.18685 -0.013702 -0.0045798 -0.1275 -0.090692 -0.071568 -0.043593 -0.021877 0.22099 0.18587 -0.0017249 0.0047064 0.28977 0.01631 0.20481 0.32517 0.15132 0 0.31961 0.36025 0.079471 0.53528 0.085514 0.51817 0.18236 0.19158 0.32126 0.10827 0.11466 0.030571 0.10149 0.27769 0.13327 -0.073586 0.16166 0.09202 0.042534 -0.038225 0.073947 0.48393 0.36366 -0.015485 0.060889 0.15166 0.11159 0.12701 0.29484 0.024315 0.043774 0.30068 0.11219 0.8106 0.16991 0.35569 0.08372 0.51126 0.057513 0.5189 0.14924 0.1746 0.33784 0.11323 0.070416 -0.037009 0.12939 0.19806 0.17991 -0.065786 0.1895 0.15099 0.038679 -0.092686 0.031626 0.47353 0.30101 -0.037252 0.039901 0.13351 0.084426 0.083137
0.038657 0.025935 0.0028959 -0.10974 -0.022028 0.2194 0.067009 -0.055026 0.012784 0.16358 -0.017806 -0.023637 -0.10214 -0.028476 0.1997 0.050007 -0.035242 0.044691 0.24509 -0.13699 0.67938 0.043685 0.09695 0.31961 0 0.48869 0.48835 0.070658 0.15165 0.11624 0.26625 0.61544 0.37703 -0.067295 0.24059 0.33929 0.2351 0.016085 -0.097239 0.15392 -0.13705 0.63963 0.083915 0.4746 0.29301 0.32515 0.098617 0.17577 0.13324 0.09076 -0.0076518 -0.10164 0.070545 -0.14191 0.49752 -0.023514 0.063198 0.23371 0.73649 0.30431 0.38579 0.062006 0.040281 0.1035 0.22917 0.5133 0.31517 -0.079474 0.11073 0.22476 0.12937 -0.0075411 -0.080599 0.02379 -0.14067 0.48498 0.016439 0.16526 0.11495 0.15285 0.084851 -0.021413 0.22384 0.12147 0.0047058 -0.13524
0.13939 0.035485 0.04743 0.029387 0.016191 0.12314 0.12837 -0.024662 0.0083581 0.20247 -0.021403 0.034802 0.015806 -0.01389 0.1192 0.11871 -0.036241 0.028012 0.28588 0.0096921 0.51943 -0.10557 0.12922 0.36025 0.48869 0 0.00096195 0.12463 0.2356 -0.034292 0.059054 0.43633 0.10881 -0.025411 0.4174 0.33278 0.44674 -0.099053 0.031302 0.040114 0.13146 -0.0072905 -0.061768 0.37399 0.22021 0.36479 0.1946 0.42376 0.012824 0.11499 -0.0044648 0.11119 0.17646 0.0065656 0.32413 -0.13192 0.092657 0.29107 0.31374 0.54177 -0.083886 0.088698 0.13635 -0.037269 -0.010487 0.29864 0.050786 -0.043934 0.29756 0.24026 0.33299 -0.1216 0.01861 0.011636 0.092008 -0.023454 -0.089953 0.13723 0.058762 0.28056 0.15358 0.23862 0.020942 0.078072 0.011818 0.071624
0.082863 0.12082 0.057776 -0.0062446 -0.011186 0.31407 -0.0037167 0.040731 0.10433 0.1143 0.12389 0.055335 -0.021027 0.0015947 0.29374 -0.0049121 0.068091 0.10714 -0.13213 0.018011 0.19677 0.11559 0.040411 0.079471 0.48835 0.00096195 0 0.0069304 0.033271 0.11706 0.44614 0.17815 0.35914 0.064599 -0.21325 -0.036534 -0.25087 0.14418 0.032224 0.38575 -0.12084 0.76843 0.42766 0.07619 0.18756 0.013012 0.0093253 -0.14644 0.09555 0.032418 0.11374 -0.022366 -0.13556 0.011132 0.082309 0.081507 0.050143 0.052737 0.32304 -0.042309 0.72826 0.037404 -0.040261 0.10718 0.40393 0.16349 0.29206 0.050036 -0.27084 -0.13094 -0.23844 0.16879 0.04655 0.25834 -0.11118 0.66933 0.30933 -0.026592 0.10231 -0.081916 0.026547 -0.17344 0.098879 0.041842 0.088432 -0.047073
-0.022816 0.067655 -0.002851 0.015663 -0.0063589 0.11496 0.076559 0.01296 0.010242 -0.083384 0.046377 -0.001303 0.028843 -0.013202 0.11203 0.0348 0.026596 0.0065522 0.10196 0.029636 -0.033974 0.17188 0.028241 0.53528 0.070658 0.12463 0.0069304 0 0.042183 0.37756 0.11212 0.029628 0.048947 0.065657 0.021446 0.0066335 0.04351 0.26639 0.047868 -0.0051836 0.089638 -0.066531 0.058822 -0.079133 -0.0022462 0.27384 0.19792 -0.094804 0.021349 0.062595 0.10763 0.094666 0.18288 0.048109 -0.073017 0.17537 0.01963 0.55292 -0.020047 0.1701 -0.011608 0.94234 0.056462 0.30944 0.076167 0.052459 0.081618 0.063325 0.073261 -0.017967 0.10553 0.25933 0.10577 -0.0015826 0.14618 -0.033469 0.044532 -0.090153 0.0025458 0.30443 0.15966 0.0039068 0.019858 0.050139 0.093822 0.095712
0.20384 0.14222 0.19385 0.14572 0.07058 0.072196 -0.00021178 0.019922 0.07562 0.21054 0.12161 0.17709 0.1434 0.029215 0.073147 0.0030799 0.012842 0.090208 0.053096 0.2414 0.26404 0.043994 0.076207 0.085514 0.15165 0.2356 0.033271 0.042183 0 0.042761 0.0052316 0.031067 0.053072 0.069884 0.42799 0.26968 0.455 0.08581 0.017442 0.28184 0.11509 0.095963 0.20481 0.46727 0.28867 0.20457 0.074311 0.4195 -0.058167 0.032599 0.13946 0.33302 0.081944 0.2281 0.2183 0.016943 0.0442 0.056934 0.12972 0.15059 -0.011064 0.034434 0.39101 0.037655 0.0087333 0.023217 0.014351 0.036839 0.39014 0.21369 0.43725 0.078611 0.0197 0.2173 0.10878 0.068469 0.15361 0.29303 0.21282 0.10043 0.065127 0.31009 -0.026076 -0.019618 0.12239 0.32703
-0.05408 0.10622 0.00020328 0.012445 0.00019503 0.12378 0.047524 0.0056156 0.071967 -0.0099448 0.088032 -0.017697 0.0022811 0.0069535 0.10452 0.046653 0.028171 0.071933 0.087085 0.16919 -0.047688 0.91009 0.035767 0.51817 0.11624 -0.034292 0.11706 0.37756 0.042761 0 0.048461 -0.12384 0.23434 0.38527 -0.05381 -0.16129 -0.078681 0.90465 0.3551 0.068119 0.28484 0.2292 0.078861 -0.024733 0.07638 0.67931 0.21958 0.019349 -0.012921 0.027177 0.2553 0.2432 0.1012 0.13302 -0.17852 0.89845 0.0032108 0.5329 -0.023545 0.022068 0.14349 0.43087 -0.00056002 0.92026 0.023649 -0.14804 0.23838 0.34619 -0.084988 -0.22598 -0.10049 0.85859 0.39439 0.066261 0.30313 0.2877 0.0716 -0.11121 -0.022743 0.62205 0.19859 0.075788 -0.054665 0.009456 0.20811 0.20975
-0.16792 -0.04105 -0.027475 -0.037153 -0.022958 0.28931 0.17149 0.055577 0.010311 -0.032225 -0.078812 -0.066138 -0.068703 -0.033045 0.29064 0.13905 0.054299 0.006789 0.062408 -0.099222 0.093058 0.026683 0.08425 0.18236 0.26625 0.059054 0.44614 0.11212 0.0052316 0.048461 0 0.34148 0.23744 0.0047405 -0.16303 0.080249 -0.11111 0.010596 0.049999 -0.047353 -0.027657 0.33604 0.35233 -0.26285 0.1999 -0.07415 0.20733 -0.31465 0.24586 0.17401 0.024491 -0.076798 -0.033265 -0.1307 -0.17502 0.011717 0.036898 0.18108 0.033447 0.018916 0.32729 0.13877 -0.13055 0.044426 0.51443 0.19324 0.20143 -0.0048614 -0.35341 -0.12772 -0.27483 -0.00025762 0.067387 -0.15367 -0.049105 0.16791 0.19037 -0.39739 -0.038522 -0.095993 0.16819 -0.35675 0.20895 0.15771 0.014784 -0.11445
-0.10528 -0.1145 -0.076806 -0.15571 -0.035414 0.19247 0.16853 -0.060755 -0.049069 0.038388 -0.18744 -0.13871 -0.15195 -0.054045 0.15963 0.11979 -0.066718 -0.026774 0.59537 -0.28353 0.44846 -0.15075 0.095242 0.19158 0.61544 0.43633 0.17815 0.029628 0.031067 -0.12384 0.34148 0 0.11696 -0.22546 0.22707 0.57152 0.34684 -0.18546 -0.14592 -0.11522 -0.16144 0.21435 -0.033654 -0.023481 0.29224 -0.13569 0.35851 0.053395 0.30261 0.25337 -0.10175 -0.21134 0.23784 -0.291 0.17852 -0.19771 0.069909 0.12915 0.33235 0.27711 0.039667 0.025458 -0.062238 -0.10595 0.17723 0.74041 0.070165 -0.21039 -0.067944 0.38555 0.054305 -0.21519 -0.11357 -0.24517 -0.18646 -0.020096 -0.11952 -0.20795 0.037142 -0.16475 0.27333 -0.21594 0.33495 0.25148 -0.065291 -0.22496
0.013337 0.012894 -0.030355 -0.021834 -0.013158 0.25626 0.064751 0.026417 0.054791 0.029243 0.012996 -0.033597 -0.019758 -0.0045504 0.24287 0.094216 0.0064604 0.058732 0.0089791 0.023825 0.16489 0.17168 0.08583 0.32126 0.37703 0.10881 0.35914 0.048947 0.053072 0.23434 0.23744 0.11696 0 0.10653 -0.052905 -0.042818 -0.07651 0.15323 0.061045 0.064134 -0.011263 0.41938 0.19495 0.056054 0.11514 0.15 0.13931 -0.058205 0.032658 0.08341 0.092207 0.048003 0.032945 0.013145 0.10819 0.14278 0.067195 0.27325 0.27387 0.097253 0.35684 0.05704 0.0083332 0.22254 0.24931 0.13216 0.40924 0.080998 -0.078299 -0.051191 -0.035576 0.12682 0.040628 0.048561 -0.017343 0.40646 0.153 -0.0060337 0.10038 0.089608 0.12542 -0.077995 0.078885 0.084003 0.062222 0.011478
0.10574 0.15531 0.041217 0.16563 0.0094243 0.072728 0.021022 0.049669 0.11343 0.16997 0.11337 0.026981 0.14463 0.049548 0.072584 0.032364 0.030053 0.081291 -0.025678 0.36917 -0.10373 0.38416 0.039244 0.10827 -0.067295 -0.025411 0.064599 0.065657 0.069884 0.38527 0.0047405 -0.22546 0.10653 0 0.10472 -0.22756 -0.019409 0.43179 0.53103 0.23969 0.60265 0.17572 0.091161 0.12562 0.31038 0.39809 0.19275 0.30016 -0.077026 -0.01196 0.36155 0.4792 0.032629 0.32511 -0.12011 0.36561 0.0021641 0.10383 -0.10549 -0.028165 0.081499 0.069779 0.03027 0.35074 -0.021462 -0.23882 0.13652 0.77152 0.13915 -0.2411 0.042855 0.406 0.45841 0.29181 0.54119 0.22986 0.07213 0.090713 0.22359 0.32472 0.1803 0.34935 -0.10012 -0.027823 0.31095 0.43633
0.0997 0.10339 0.23177 0.17462 0.069606 -0.029742 0.01565 -0.017458 0.039412 0.22957 0.031601 0.20466 0.1503 0.023527 -0.03977 0.0059914 -0.02047 0.027671 0.47188 0.20903 0.53978 -0.077439 0.059173 0.11466 0.24059 0.4174 -0.21325 0.021446 0.42799 -0.05381 -0.16303 0.22707 -0.052905 0.10472 0 0.38074 0.84009 -0.013738 0.053685 0.11083 0.31542 -0.09664 -0.085675 0.55834 0.5359 0.2707 0.24561 0.65332 -0.05536 0.014619 0.1246 0.35732 0.25217 0.19898 0.32368 -0.10734 0.022817 0.057386 0.097424 0.19527 -0.29128 0.0085276 0.28344 -0.049982 -0.19536 0.052119 -0.055618 0.083597 0.6598 0.26986 0.60636 -0.035021 0.065146 0.032229 0.28467 -0.16786 -0.10724 0.23185 0.27527 0.16304 0.19458 0.44257 -0.054784 -0.028406 0.12913 0.33189
-0.059903 -0.077614 -0.019636 -0.095561 0.0013096 0.028124 0.07874 -0.083088 -0.055076 0.085297 -0.14392 -0.047886 -0.099536 -0.040324 -0.0076515 0.039058 -0.078653 -0.048996 0.21985 -0.2193 0.40739 -0.16301 0.032001 0.030571 0.33929 0.33278 -0.036534 0.0066335 0.26968 -0.16129 0.080249 0.57152 -0.042818 -0.22756 0.38074 0 0.58904 -0.15373 -0.15075 -0.13851 -0.11329 -0.096064 -0.16048 0.13579 0.21522 -0.092343 0.020325 0.13176 0.15763 0.090456 -0.082063 -0.13273 -0.011268 -0.22248 0.14914 -0.18947 0.05278 0.020216 0.10035 0.15996 -0.19638 -0.004226 0.10422 -0.14934 -0.021822 0.25446 -0.034214 -0.20275 0.12201 0.55122 0.22429 -0.17298 -0.10797 -0.2359 -0.10183 -0.28695 -0.2295 -0.16036 -0.085341 -0.14023 0.00045934 -0.080374 0.13762 0.074445 -0.063676 -0.12924
0.038577 0.0060709 0.14266 0.073025 0.055282 -0.022904 0.06891 -0.065498 -0.010976 0.19167 -0.049423 0.12015 0.066866 -0.0060639 -0.052526 0.048439 -0.058452 -0.00038094 0.54115 0.043615 0.51229 -0.12464 0.064669 0.10149 0.2351 0.44674 -0.25087 0.04351 0.455 -0.078681 -0.11111 0.34684 -0.07651 -0.019409 0.84009 0.58904 0 -0.075407 -0.03999 -0.019312 0.21505 -0.23206 -0.19997 0.42096 0.34763 0.16927 0.24203 0.5461 0.028429 0.034691 0.023343 0.21102 0.27349 -0.0006835 0.28124 -0.14402 0.049346 0.049008 0.014777 0.24014 -0.3544 0.028479 0.27075 -0.083454 -0.18561 0.095166 -0.078945 -0.027624 0.5328 0.45453 0.61834 -0.098455 0.0026338 -0.11493 0.17164 -0.33098 -0.21769 0.098693 0.044249 0.079799 0.17869 0.26763 -0.05023 -0.001795 0.046446 0.1956
0.064968 0.20058 0.055693 0.081521 0.034419 0.080054 -0.0094857 0.039854 0.14048 0.10875 0.20362 0.054052 0.076718 0.041411 0.062143 -0.039521 0.034251 0.14426 -0.02165 0.26054 -0.094005 0.86317 0.020273 0.27769 0.016085 -0.099053 0.14418 0.26639 0.08581 0.90465 0.010596 -0.18546 0.15323 0.43179 -0.013738 -0.15373 -0.075407 0 0.41275 0.19074 0.3362 0.2644 0.11716 0.02664 0.11849 0.57688 0.10933 0.10238 -0.051553 -0.0041756 0.30024 0.3204 0.0027867 0.24025 -0.16786 0.81965 -0.0086873 0.29916 -0.053993 -0.05537 0.1732 0.3399 0.049215 0.86307 0.0076247 -0.20765 0.15291 0.39846 -0.023692 -0.20007 -0.075057 0.95685 0.44645 0.2017 0.37098 0.31314 0.12475 -0.02423 0.049578 0.52191 0.09745 0.21247 -0.074473 -0.040629 0.25942 0.31317
0.0089799 0.11254 -0.014024 0.14325 0.055347 0.095464 0.061313 0.024784 0.082428 0.21665 0.048471 -0.0064247 0.075924 0.047396 0.073983 0.062145 0.011341 0.073646 0.04571 0.28273 -0.039836 0.33609 0.050363 0.13327 -0.097239 0.031302 0.032224 0.047868 0.017442 0.3551 0.049999 -0.14592 0.061045 0.53103 0.053685 -0.15075 -0.03999 0.41275 0 0.066935 0.88082 0.053005 0.011522 0.01621 0.29185 0.45454 0.3176 0.32556 -0.009239 0.049524 0.46445 0.5801 0.042352 0.23928 -0.18987 0.31034 -0.0070076 0.13533 -0.19417 -0.017251 0.0033276 0.046692 -0.046856 0.33222 -0.00048131 -0.23128 0.083445 0.48147 0.0057735 -0.23781 -0.11962 0.37186 0.89241 0.090549 0.77869 0.056473 -0.016038 -0.10727 0.10315 0.35241 0.27336 0.29769 -0.09578 -0.013096 0.36276 0.46575
0.36408 0.3134 0.19256 0.19983 0.091007 0.078867 -0.12817 0.054521 0.17852 0.3079 0.32408 0.20919 0.20749 0.074406 0.066268 -0.11188 0.052118 0.17204 -0.12311 0.42376 0.099529 0.039426 0.028393 -0.073586 0.15392 0.040114 0.38575 -0.0051836 0.28184 0.068119 -0.047353 -0.11522 0.064134 0.23969 0.11083 -0.13851 -0.019312 0.19074 0.066935 0 0.077938 0.50989 0.35549 0.44558 0.29609 0.16707 -0.069003 0.38819 -0.096998 -0.055948 0.19606 0.34477 -0.06725 0.38548 0.15396 0.04622 0.037788 -0.084008 0.20158 0.054126 0.38284 -0.0069748 0.23714 0.026713 0.053805 -0.039937 0.029395 0.19379 0.20394 -0.089891 0.1261 0.22118 0.052211 0.67691 0.10047 0.47031 0.31239 0.41714 0.30319 0.076831 -0.053302 0.38683 -0.11128 -0.094216 0.17661 0.35816
0.049106 0.10135 0.064747 0.2497 0.081552 0.067548 0.078401 0.025685 0.062725 0.25133 0.056472 0.058374 0.19259 0.060412 0.0699 0.091189 0.0058971 0.06081 0.12893 0.38375 0.091457 0.29239 0.062955 0.16166 -0.13705 0.13146 -0.12084 0.089638 0.11509 0.28484 -0.027657 -0.16144 -0.011263 0.60265 0.31542 -0.11329 0.21505 0.3362 0.88082 0.077938 0 -0.089455 -0.0078573 0.11292 0.48744 0.51522 0.34217 0.47277 -0.045276 0.024415 0.41179 0.62245 0.13518 0.3266 -0.10223 0.26124 -0.0044286 0.15628 -0.26253 0.031669 -0.14442 0.1017 0.046964 0.27201 -0.09175 -0.26674 0.043647 0.57192 0.24707 -0.21541 0.062812 0.30498 0.81972 0.10533 0.9086 -0.044689 -0.037694 -0.035906 0.25922 0.45913 0.29744 0.41136 -0.14104 -0.026576 0.3204 0.533
0.18251 0.1735 0.066044 0.023584 0.0089697 0.23523 -0.045575 0.030783 0.13049 0.20954 0.18442 0.047974 0.0059356 0.031398 0.22017 -0.029269 0.05719 0.14601 -0.047802 0.095549 0.31591 0.2556 0.023542 0.09202 0.63963 -0.0072905 0.76843 -0.066531 0.095963 0.2292 0.33604 0.21435 0.41938 0.17572 -0.09664 -0.096064 -0.23206 0.2644 0.053005 0.50989 -0.089455 0 0.40745 0.30847 0.30319 0.17748 0.029592 0.087404 0.081754 0.032348 0.12023 0.057108 -0.037372 0.082351 0.20985 0.21738 0.040417 0.063645 0.4969 -0.017105 0.73056 0.0036564 -0.011305 0.21176 0.33523 0.25472 0.35002 0.12988 -0.16572 -0.13653 -0.17974 0.2714 0.04577 0.39337 -0.084954 0.90108 0.32313 0.16357 0.24994 0.025154 0.048383 0.014652 0.14772 0.044457 0.1084 0.021404
0.090909 0.15205 0.17527 0.12689 0.06374 0.20345 -0.002536 0.10861 0.12941 0.088777 0.17734 0.15915 0.10841 0.053332 0.20269 0.0056958 0.12147 0.12275 -0.11606 0.29767 -0.024067 0.068269 0.049208 0.042534 0.083915 -0.061768 0.42766 0.058822 0.20481 0.078861 0.35233 -0.033654 0.19495 0.091161 -0.085675 -0.16048 -0.19997 0.11716 0.011522 0.35549 -0.0078573 0.40745 0 0.061553 0.33519 -0.015908 0.044617 -0.035697 0.021943 0.022475 0.16363 0.18674 -0.08108 0.27315 -0.075367 0.058449 0.029346 0.017926 0.017692 -0.061452 0.39866 0.06849 0.12275 0.060673 0.3672 0.0066272 0.14232 0.076112 -0.10341 -0.21097 -0.10849 0.11983 -0.0047979 0.29758 -0.012617 0.34547 0.55779 0.026411 0.2607 -0.072809 0.065718 -0.020468 0.018191 0.02025 0.12856 0.17398
0.38356 0.20186 0.25081 0.15614 0.072887 -0.025694 -0.14613 -0.0093041 0.098628 0.43768 0.19487 0.23842 0.13434 0.037358 -0.040443 -0.11875 -0.021676 0.11558 -0.022567 0.2868 0.65127 -0.031793 0.031837 -0.038225 0.4746 0.37399 0.07619 -0.079133 0.46727 -0.024733 -0.26285 -0.023481 0.056054 0.12562 0.55834 0.13579 0.42096 0.02664 0.01621 0.44558 0.11292 0.30847 0.061553 0 0.43214 0.40652 -0.10985 0.67829 -0.15545 -0.099896 0.09286 0.27387 0.010412 0.25484 0.55644 -0.059084 0.030439 -0.061917 0.42791 0.2081 0.0233 -0.078625 0.32441 -0.047413 -0.18348 0.041395 0.01152 0.093442 0.50694 0.2 0.37389 0.032652 -0.025305 0.39646 0.097898 0.28242 0.041172 0.71066 0.28934 0.23431 -0.079493 0.50112 -0.12761 -0.14117 0.081417 0.23852
0.054623 0.16315 0.19465 0.16797 0.070673 0.14231 0.051905 0.0079711 0.078133 0.28476 0.085666 0.11825 0.13916 0.047196 0.1249 0.03932 0.013651 0.080185 0.21171 0.34835 0.36596 0.092717 0.063693 0.073947 0.29301 0.22021 0.18756 -0.0022462 0.28867 0.07638 0.1999 0.29224 0.11514 0.31038 0.5359 0.21522 0.34763 0.11849 0.29185 0.29609 0.48744 0.30319 0.33519 0.43214 0 0.31411 0.17071 0.4873 0.084955 0.04824 0.19722 0.33658 0.025816 0.26783 0.097517 0.03904 0.031727 0.032452 -0.0025301 0.083554 0.052399 0.012801 0.056903 0.068854 0.072873 0.027492 0.095028 0.30163 0.21743 -0.053937 0.10076 0.093949 0.24796 0.15882 0.40478 0.088988 0.15433 0.044636 0.49125 0.17625 0.15735 0.23846 0.076739 0.021885 0.17432 0.27697
0.12872 0.10323 0.049046 0.098593 0.013193 0.078832 0.034141 0.0064987 0.039159 0.21064 0.063844 0.064451 0.080075 0.014323 0.07422 0.043102 -0.00082652 0.050635 0.060779 0.27119 0.38362 0.65473 0.08723 0.48393 0.32515 0.36479 0.013012 0.27384 0.20457 0.67931 -0.07415 -0.13569 0.15 0.39809 0.2707 -0.092343 0.16927 0.57688 0.45454 0.16707 0.51522 0.17748 -0.015908 0.40652 0.31411 0 0.115 0.49298 -0.072024 -0.0081701 0.18464 0.37397 0.10495 0.24246 0.15666 0.61985 0.038484 0.46371 0.11266 0.29248 0.043624 0.2659 0.11284 0.68062 -0.072976 -0.16415 0.15288 0.35015 0.24903 -0.12328 0.15404 0.56171 0.40034 0.18396 0.46708 0.27676 -0.0099891 0.17737 0.15148 0.92797 0.070746 0.40826 -0.089784 -0.034395 0.16054 0.31926
-0.15959 -0.091807 -0.055777 -0.010279 0.013228 0.22879 0.23398 0.010377 0.011319 -0.10966 -0.13972 -0.077524 -0.032675 -0.014511 0.21035 0.20898 0.022387 0.020579 0.7061 0.074157 0.067689 0.18339 0.10497 0.36366 0.098617 0.1946 0.0093253 0.19792 0.074311 0.21958 0.20733 0.35851 0.13931 0.19275 0.24561 0.020325 0.24203 0.10933 0.3176 -0.069003 0.34217 0.029592 0.044617 -0.10985 0.17071 0.115 0 0.091928 0.073765 0.21966 0.55917 0.32372 0.57908 0.05758 -0.099347 0.14855 0.066447 0.33505 -0.068356 0.10599 -0.042228 0.18803 0.014436 0.2051 0.1241 0.17285 0.14017 0.21605 0.094952 -0.060737 0.10413 0.038805 0.34767 -0.090202 0.33171 0.001134 0.04132 -0.18107 0.053018 0.10853 0.83854 0.032155 0.036398 0.19726 0.45488 0.26253
0.38153 0.21905 0.18825 0.24018 0.10804 -0.091248 -0.080619 0.0013574 0.11014 0.3893 0.21691 0.19673 0.22212 0.080766 -0.10845 -0.079808 -0.032447 0.13482 0.15558 0.40003 0.42684 -0.013624 0.049002 -0.015485 0.17577 0.42376 -0.14644 -0.094804 0.4195 0.019349 -0.31465 0.053395 -0.058205 0.30016 0.65332 0.13176 0.5461 0.10238 0.32556 0.38819 0.47277 0.087404 -0.035697 0.67829 0.4873 0.49298 0.091928 0 -0.10794 -0.060268 0.27487 0.57203 0.18605 0.39044 0.38492 -0.03265 0.0084539 -0.060729 0.23376 0.28964 -0.15197 -0.078829 0.33949 -0.0039519 -0.28504 0.067227 -0.068475 0.24973 0.64156 0.21812 0.53982 0.10531 0.2352 0.37021 0.4294 0.12518 -0.014265 0.51939 0.41609 0.38542 0.064316 0.8193 -0.10827 -0.097362 0.20138 0.51509
-0.10308 -0.055162 -0.056484 -0.07365 -0.0333 0.048631 0.057811 -0.0077426 -0.034989 -0.038521 -0.086996 -0.092327 -0.082171 -0.044488 0.031784 0.045109 -0.010014 -0.03334 0.13071 -0.14049 0.0061654 -0.025747 0.025793 0.060889 0.13324 0.012824 0.09555 0.021349 -0.058167 -0.012921 0.24586 0.30261 0.032658 -0.077026 -0.05536 0.15763 0.028429 -0.051553 -0.009239 -0.096998 -0.045276 0.081754 0.021943 -0.15545 0.084955 -0.072024 0.073765 -0.10794 0 0.089799 -0.078184 -0.12675 0.036296 -0.15528 -0.10098 -0.022618 0.0027136 0.050509 -0.012463 0.011762 0.037644 0.029433 -0.11061 -0.012891 0.13314 0.2059 0.018508 -0.054775 -0.16296 0.053308 -0.1077 -0.055522 0.010192 -0.17351 -0.071819 -0.021112 -0.027815 -0.24712 -0.02236 -0.053245 0.062766 -0.18375 0.23076 0.080667 -0.042487 -0.15261
-0.058695 -0.051875 -0.045779 -0.014728 -0.019527 0.14239 0.12359 0.0029959 -0.018975 -0.0018906 -0.069918 -0.066807 -0.033593 -0.0057188 0.12114 0.10245 -0.012587 0.031593 0.155 -0.035401 -0.0015547 0.027406 0.09167 0.15166 0.09076 0.11499 0.032418 0.062595 0.032599 0.027177 0.17401 0.25337 0.08341 -0.01196 0.014619 0.090456 0.034691 -0.0041756 0.049524 -0.055948 0.024415 0.032348 0.022475 -0.099896 0.04824 -0.0081701 0.21966 -0.060268 0.089799 0 0.033321 0.026977 0.086353 -0.061928 -0.068558 0.015943 0.032392 0.12538 0.00086208 0.087254 0.023819 0.053603 -0.039504 0.039528 0.11938 0.17992 0.06193 -0.0082053 -0.03629 0.014036 -0.014578 -0.022121 0.035 -0.089037 0.0038557 0.0033492 -0.0012728 -0.14345 0.011415 -0.014347 0.18604 -0.090573 0.097083 0.1465 0.017349 0.0071888
0.05602 0.16313 0.071825 0.11729 0.061051 0.10775 0.0098843 0.038416 0.1159 0.051167 0.17762 0.066855 0.10601 0.067517 0.077427 0.0132 0.038944 0.15526 0.13216 0.29005 -0.01045 0.19197 0.043451 0.11159 -0.0076518 -0.0044648 0.11374 0.10763 0.13946 0.2553 0.024491 -0.10175 0.092207 0.36155 0.1246 -0.082063 0.023343 0.30024 0.46445 0.19606 0.41179 0.12023 0.16363 0.09286 0.19722 0.18464 0.55917 0.27487 -0.078184 0.033321 0 0.48387 0.20836 0.29383 -0.0024442 0.18157 0.023259 0.11095 -0.0065584 -0.015239 0.096548 0.099622 0.1327 0.22634 0.049341 -0.084514 0.10174 0.34932 0.17764 -0.081113 0.098169 0.27178 0.42317 0.23828 0.3957 0.15932 0.16374 0.078319 0.19639 0.16152 0.52576 0.32687 -0.053291 -0.010513 0.62175 0.44295
0.23924 0.27034 0.18298 0.33373 0.14176 0.077429 0.024582 0.081026 0.17745 0.24009 0.26296 0.18961 0.30543 0.11367 0.072136 0.031822 0.058575 0.18443 0.090322 0.56649 -0.027912 0.21087 0.08974 0.12701 -0.10164 0.11119 -0.022366 0.094666 0.33302 0.2432 -0.076798 -0.21134 0.048003 0.4792 0.35732 -0.13273 0.21102 0.3204 0.5801 0.34477 0.62245 0.057108 0.18674 0.27387 0.33658 0.37397 0.32372 0.57203 -0.12675 0.026977 0.48387 0 0.16937 0.53304 -0.016495 0.19821 0.046738 0.092088 -0.084492 0.077737 -0.0017895 0.10167 0.30606 0.21571 -0.060553 -0.18553 0.049644 0.44616 0.45802 -0.10249 0.32061 0.31796 0.50383 0.39418 0.5949 0.13521 0.1911 0.23288 0.32822 0.32787 0.27689 0.61578 -0.14756 -0.030472 0.37868 0.75135
-0.033267 -0.11826 -0.019028 -0.016451 -0.011317 0.039521 0.097854 -0.015027 -0.027731 -0.13792 -0.13366 -0.015791 0.0085104 -0.020037 0.044614 0.10661 -0.0062787 -0.0055339 0.64045 0.033895 0.054072 0.09492 0.015794 0.29484 0.070545 0.17646 -0.13556 0.18288 0.081944 0.1012 -0.033265 0.23784 0.032945 0.032629 0.25217 -0.011268 0.27349 0.0027867 0.042352 -0.06725 0.13518 -0.037372 -0.08108 0.010412 0.025816 0.10495 0.57908 0.18605 0.036296 0.086353 0.20836 0.16937 0 0.04229 0.15067 0.10445 0.033377 0.32077 0.16079 0.24107 -0.13009 0.14906 0.11609 0.10655 -0.026761 0.40345 0.040141 0.043311 0.37667 0.15977 0.4447 -0.033874 0.0929 -0.041904 0.19621 0.03185 -0.024257 0.064418 0.23332 0.098909 0.70177 0.18845 0.05328 0.15346 0.19162 0.15927
