0,0.331814080476761,0.269995182752609,0.281351834535599,0.0860230326652527,-0.00444988673552871,-0.0862118899822235,0.0594050213694572,0.206854000687599,0.720710039138794,0.411164581775665,0.358908504247665,0.296771585941315,0.11235723644495,0.00433465279638767,-0.0914620086550713,0.0415905192494392,0.26324850320816,-0.137022599577904,0.239440277218819,0.0791767984628677,-0.0170789919793606,0.0259655304253101,-0.0472288839519024,0.0831658765673637,0.150096327066422,0.09279465675354,0.0323871299624443,0.197397619485855,-0.0006378143443726,-0.15298156440258,-0.0925110578536987,0.0139687396585941,0.135704457759857,0.0968445688486099,-0.0503887161612511,0.0231447070837021,0.116635091602802,0.0784997791051865,0.366581499576569,0.0982322320342064,0.188380911946297,0.0946330428123474,0.368853688240051,0.0522885471582413,0.186373949050903,-0.160694167017937,0.362951904535294,-0.0983244627714157,-0.0578241050243378,0.0391932167112827,0.236227676272392,-0.0146329421550035,0.282677412033081,0.418129622936249,-0.0125794420018792,0.0356031619012356,-0.0728362426161766,0.374949365854263,0.252161055803299,0.18737980723381,0.0129151185974479,0.325288444757462,-0.0297940280288458,-0.028684314340353,0.135307371616364,0.0218673497438431,0.154292955994606,0.392339080572128,0.193016022443771,0.297039300203323,0.134477123618126,0.0828505009412766,0.453519433736801,0.199170142412186,0.311202496290207,0.175838500261307,0.589872360229492,0.396851569414139,0.194949686527252,-0.113292910158634,0.531571745872498,-0.00386515934951603,-0.0758807733654976,0.053786251693964,0.289074093103409
0.331814080476761,0,0.249310120940208,0.268964320421219,0.112823665142059,0.015749866142869,-0.0772006064653397,0.0718868523836136,0.219522774219513,0.347769379615784,0.490878462791443,0.264574527740479,0.25448402762413,0.1001196205616,0.000261248089373112,-0.0951708108186722,0.0571343190968037,0.210314139723778,-0.100692898035049,0.260638922452927,0.0486005395650864,0.0949637219309807,0.0210389494895935,-0.0493771210312843,0.0679746046662331,0.0441502518951893,0.143019214272499,0.0793488174676895,0.147935569286346,0.129405096173286,-0.0319468826055527,-0.104437500238419,0.014492554590106,0.1810043156147,0.110355101525784,-0.0629036277532578,0.00945069454610348,0.232948839664459,0.140052601695061,0.33603110909462,0.124559737741947,0.196216329932213,0.159783184528351,0.217908516526222,0.166650846600533,0.127247795462608,-0.105516485869884,0.23708239197731,-0.0491434186697006,-0.0535834766924381,0.172210857272148,0.290054559707642,-0.109430827200413,0.25634354352951,0.068854533135891,0.0910585671663284,0.015527936629951,-0.073274053633213,0.0733637064695358,-0.00210782955400646,0.133520305156708,0.0736880078911781,0.132840543985367,0.0871971920132637,-0.0138240037485957,-0.0885981619358063,-0.0144572164863348,0.11448422819376,0.15997551381588,-0.0311648175120354,0.0776376873254776,0.265162199735641,0.0855098813772202,0.316028565168381,0.101767122745514,0.187958925962448,0.151170909404755,0.189746454358101,0.165615856647491,0.064043752849102,-0.114575386047363,0.226761788129807,-0.0531284213066101,-0.0730889886617661,0.159042686223984,0.267047792673111
0.269995182752609,0.249310120940208,0,0.396149903535843,0.107666604220867,0.037269651889801,-0.0194786582142115,0.149488419294357,0.140861943364143,0.288717478513718,0.2736437022686,0.583903074264526,0.385373264551163,0.0669430196285248,0.0307744890451431,-0.0305971372872591,0.121986098587513,0.155657321214676,-0.0258306469768286,0.20665217936039,0.124843709170818,0.0122627355158329,0.0127355521544814,-0.0337578393518925,0.0402194522321224,0.0551507510244846,0.0810840427875519,0.00980367977172136,0.197062209248543,0.0310806855559349,-0.00871320534497499,-0.0631938502192497,-0.0249476097524166,0.0565359108150005,0.231186360120773,-0.00615509646013379,0.137551695108414,0.0990717932581902,0.0106003899127245,0.206309780478477,0.0836395993828773,0.0896198824048042,0.175504624843597,0.254677206277847,0.204728156328201,0.0631619095802307,-0.0690971091389656,0.188896894454956,-0.0541477538645267,-0.0460091233253479,0.0756604000926018,0.186701849102974,-0.0232811253517866,0.182770580053329,0.118918366730213,-0.00536836264654994,0.0349453762173653,-0.0590480230748653,0.0394630953669548,0.0289692599326372,0.0667896792292595,0.0155581384897232,0.166618511080742,0.00230538612231612,0.00188588409218937,-0.069798931479454,-0.0172926373779774,0.0332609750330448,0.204806908965111,-0.0181105993688107,0.141182422637939,0.109202988445759,-0.012202238664031,0.205632030963898,0.0914478898048401,0.0806482806801796,0.127620726823807,0.181073933839798,0.162658244371414,0.0122264046221972,-0.0687718689441681,0.181122213602066,-0.062943771481514,-0.0513937398791313,0.08448126912117,0.180745303630829
0.281351834535599,0.268964320421219,0.396149903535843,0,0.203171521425247,0.0114050656557083,-0.00868837255984545,0.111361458897591,0.139898508787155,0.25864377617836,0.278883457183838,0.378511130809784,0.648275256156921,0.126083716750145,0.00690378621220589,-0.0142929097637534,0.0968377739191055,0.148281916975975,-0.0502957701683044,0.298173725605011,-0.0283768326044083,0.0414500199258327,0.0131568657234311,-0.0152984913438559,-0.0826020389795303,0.0188586730509996,0.00545552233234048,0.0294798333197832,0.151310980319977,0.0528500191867352,-0.0308858677744865,-0.152781933546066,-0.0217729471623898,0.197962060570717,0.173279955983162,-0.0889344736933708,0.0607622563838959,0.129889920353889,0.18212266266346,0.217585042119026,0.280389547348022,0.0402822457253933,0.130255296826363,0.16265869140625,0.166212797164917,0.122964218258858,-0.0234564952552319,0.25308683514595,-0.0715942308306694,-0.0216734539717436,0.129476219415665,0.347385048866272,-0.0120748393237591,0.286007821559906,0.0226703658699989,0.0412573330104351,0.00957484729588032,-0.0340231880545616,-0.0353141464293003,-0.0099760377779603,0.0229194182902575,0.0329612642526627,0.15670008957386,0.0346112586557865,-0.0226097032427788,-0.12716880440712,0.00584040908142924,0.161259427666664,0.260409981012344,-0.0566302873194218,0.152757182717323,0.147811755537987,0.116960227489471,0.252406418323517,0.268352031707764,0.0813592448830605,0.137279629707336,0.185656428337097,0.185439571738243,0.0949359312653542,-0.0371975414454937,0.308189541101456,-0.0689012855291367,-0.0574133433401585,0.12618225812912,0.351409465074539
0.0860230326652527,0.112823665142059,0.107666604220867,0.203171521425247,0,-0.00145445100497454,-0.0193715747445822,0.0215812027454376,0.0549029521644115,0.0971923470497131,0.10174161195755,0.116010837256908,0.173275381326675,0.0457260496914387,-0.00255201105028391,-0.0246650353074074,0.0240687597543001,0.0611382052302361,-0.0152599504217505,0.105078890919685,0.00306505220942199,0.00472581526264548,0.0111807137727737,-0.00956403091549873,-0.0158723630011082,0.00635762512683868,-0.00618772301822901,-0.00852586328983307,0.0715313628315926,0.0074972533620894,-0.0260202847421169,-0.0318263843655586,-0.010571762919426,0.0237757451832294,0.0697429627180099,0.00737619819119573,0.0538400895893574,0.0507383719086647,0.0694239139556885,0.0939205512404442,0.0900803878903389,0.00924120098352432,0.056084007024765,0.0737512558698654,0.0676272585988045,0.0141533194109797,0.00448132306337357,0.1090994104743,-0.0298397820442915,-0.0201262254267931,0.0603613145649433,0.142335891723633,-0.00818775128573179,0.112019643187523,-0.0156936049461365,-0.00370361073873937,-0.0142477210611105,-0.0320504009723663,-0.0338406451046467,-0.0113277789205313,-0.00508681684732437,-0.00124138442333788,0.0632802844047546,-0.00647541135549545,-0.0207736361771822,-0.0452123582363129,-0.0191953629255295,0.0290445610880852,0.0862178206443787,-0.00600670324638486,0.0651514828205109,0.0533241331577301,0.0523354858160019,0.0781610980629921,0.0793977379798889,-0.00146646786015481,0.0281819272786379,0.0455692559480667,0.0495588034391403,-0.00844897422939539,-0.011506725102663,0.10339730232954,-0.0420535802841187,-0.0243933349847794,0.043721679598093,0.131827086210251
-0.00444988673552871,0.015749866142869,0.037269651889801,0.0114050656557083,-0.00145445100497454,0,0.163282006978989,0.0216055940836668,0.08607317507267,0.0559654571115971,0.00153754162602127,0.0266630388796329,0.00309474486857653,-0.0173466857522726,0.435934662818909,0.168750047683716,0.0407767668366432,0.0712575763463974,0.0571562498807907,0.0398025140166283,0.143327459692955,0.0969551429152489,0.135844156146049,0.218888953328133,0.243237093091011,0.121545553207397,0.341953486204147,0.129033237695694,0.0840973854064941,0.124411441385746,0.299945473670959,0.201876685023308,0.276325732469559,0.0669154673814774,-0.035234309732914,0.0187306832522154,-0.0267483815550804,0.0881959944963455,0.0841967836022377,0.096493236720562,0.0446597561240196,0.271035999059677,0.23203307390213,-0.00410078419372439,0.17178575694561,0.0773361027240753,0.210293889045715,-0.076678104698658,0.0544195249676704,0.149240851402283,0.114966049790382,0.0779939740896225,0.0242324788123369,0.0272196475416422,0.0135173434391618,0.0762952193617821,0.0906586870551109,0.211189478635788,0.132945954799652,0.0858812257647514,0.290768027305603,0.131191819906235,0.0201266966760159,0.113147869706154,0.280743688344955,0.138595104217529,0.235004216432571,0.0608644410967827,-0.110218577086926,-0.0443541593849659,-0.0837175920605659,0.0645222663879395,0.0908543094992638,0.0422254391014576,0.0420477204024792,0.228024154901505,0.162677928805351,-0.0826186090707779,0.0859811305999756,0.0456073433160782,0.180226176977158,-0.105155400931835,0.055088646709919,0.1197165325284,0.0983049720525742,0.0508447103202343
-0.0862118899822235,-0.0772006064653397,-0.0194786582142115,-0.00868837255984545,-0.0193715747445822,0.163282006978989,0,-0.00927561335265636,-0.00673067662864923,-0.0419363602995872,-0.103723391890526,-0.045099064707756,-0.0269737429916859,-0.0259434785693884,0.168186262249947,0.251660913228989,-0.00949657615274191,-0.031832292675972,0.14461624622345,-0.0384902209043503,0.0424729399383068,0.0240604840219021,0.0734361559152603,0.175519585609436,0.0635727569460869,0.129390060901642,-0.00195882306434214,0.065362237393856,0.00907405558973551,0.0379620604217052,0.162051409482956,0.160866439342499,0.068597212433815,0.00991598423570395,0.0185548458248377,0.0733744576573372,0.068680927157402,-0.0135587630793452,0.0482568927109241,-0.122371226549149,0.0625519454479218,-0.0361426174640656,-0.00310535659082234,-0.129722535610199,0.0532141514122486,0.0291253589093685,0.229615688323975,-0.0627833604812622,0.0424422658979893,0.13126415014267,0.0124515229836106,0.0271667689085007,0.0913717970252037,-0.0515208281576633,-0.060911800712347,0.0168235599994659,0.0267777163535357,0.154906317591667,-0.0325773432850838,0.0750268027186394,-0.0279485564678907,0.0544536411762238,-0.0229703411459923,0.034917626529932,0.0889625623822212,0.0879849642515182,0.0563998110592365,0.0151413613930345,-0.0563310235738754,-0.0153251951560378,-0.0230908393859863,-0.0306355748325586,0.0541497059166431,-0.13520073890686,0.0647475719451904,-0.0560263097286224,-0.0222568120807409,-0.185749396681786,-0.0191352497786283,0.0369119755923748,0.18588100373745,-0.120622761547565,0.0289608892053366,0.110154822468758,0.000340458936989307,-0.00540614454075694
0.0594050213694572,0.0718868523836136,0.149488419294357,0.111361458897591,0.0215812027454376,0.0216055940836668,-0.00927561335265636,0,0.0536420792341232,0.0407246686518192,0.0772349461913109,0.131242454051971,0.10829995572567,0.0150817213580012,0.035681564360857,0.00263536116108298,0.109894454479218,0.064661979675293,-0.0353408344089985,0.0922473520040512,-0.0571027025580406,0.0252869930118322,0.00105406215880066,-0.00968616921454668,-0.0425999648869038,-0.0219971258193254,0.0573273710906506,0.0186478178948164,0.0242431983351707,0.0134089263156056,0.0675296932458878,-0.0574847608804703,0.0227191187441349,0.0477978959679604,-0.0261617861688137,-0.0826504081487656,-0.0745629668235779,0.0492692440748215,0.0240514669567347,0.0713783800601959,0.0148674882948399,0.047412421554327,0.121084056794643,1.22170895338058e-05,0.0155501877889037,0.00946090370416641,0.00499229831621051,0.00108118122443557,-0.00409218901768327,0.000579061859752983,0.0446819588541985,0.0850885361433029,-0.02054039016366,0.0768208131194115,-0.0397785119712353,0.0272156484425068,-0.00331162009388208,-0.00122590304818004,-0.0202187169343233,0.00357777182944119,0.0691169574856758,0.033060010522604,0.0325164459645748,0.00686199311167002,0.065875306725502,-0.039055559784174,0.0110281249508262,0.0462905056774616,-0.000667186104692519,-0.0866038501262665,-0.0140573708340526,0.0561242289841175,0.0143390232697129,0.0791523903608322,0.0346818491816521,0.0586831942200661,0.102945074439049,0.0188707821071148,0.0352637283504009,0.00696613825857639,0.0136912288144231,0.0541283749043941,-0.0158820934593678,0.00124613358639181,0.0568894296884537,0.0893646031618118
0.206854000687599,0.219522774219513,0.140861943364143,0.139898508787155,0.0549029521644115,0.08607317507267,-0.00673067662864923,0.0536420792341232,0,0.218830958008766,0.22725036740303,0.131536275148392,0.133995726704597,0.048375740647316,0.0717003419995308,-0.0192972589284182,0.0507209599018097,0.197930544614792,-0.0444233678281307,0.160293102264404,0.00998441129922867,0.0646189227700233,0.020217340439558,0.00671705370768905,0.0332829803228378,0.00849440600723028,0.12507538497448,0.0255067218095064,0.0775163397192955,0.0917370840907097,0.0194838158786297,-0.051529623568058,0.0650920197367668,0.118271678686142,0.035936027765274,-0.058726966381073,-0.0135143203660846,0.167230948805809,0.0978659614920616,0.187298446893692,0.0744093880057335,0.148626044392586,0.133841037750244,0.100221380591393,0.0774563029408455,0.0557003691792488,-8.71364027261734e-05,0.114990293979645,-0.0315554104745388,-0.0208124369382858,0.122633703052998,0.181183233857155,-0.0296861231327057,0.17072132229805,0.0485805161297321,0.0572131462395191,0.0274916589260101,-0.0125112729147077,0.0628093779087067,0.0169394686818123,0.143083155155182,0.0180024690926075,0.092211551964283,0.0808198004961014,0.0577053800225258,-0.0106381615623832,0.0336621291935444,0.0768578872084618,0.0881655812263489,-0.0298260729759932,0.0409824773669243,0.173234030604362,0.0755760073661804,0.182788074016571,0.0710787326097488,0.169843479990959,0.137377291917801,0.110468380153179,0.125795111060143,0.023035567253828,0.000698652002029121,0.150476932525635,-0.0359822288155556,-0.00296207307837903,0.12403230369091,0.175548002123833
0.720710039138794,0.347769379615784,0.288717478513718,0.25864377617836,0.0971923470497131,0.0559654571115971,-0.0419363602995872,0.0407246686518192,0.218830958008766,0,0.319740891456604,0.284055978059769,0.218261212110519,0.0984105542302132,0.0447916500270367,-0.0553630255162716,0.0327027626335621,0.228897243738174,-0.0515726357698441,0.233990073204041,0.266906678676605,0.00933238863945007,0.0486878603696823,-0.0779673904180527,0.219221085309982,0.236004680395126,0.135749951004982,-0.0550210848450661,0.208845525979996,0.00983213074505329,-0.0255054533481598,0.0590863116085529,0.0368077009916306,0.202479511499405,0.236045777797699,0.103628814220428,0.194635078310966,0.128125160932541,0.272176951169968,0.311289250850677,0.291623115539551,0.222013130784035,0.0800879076123238,0.458078652620316,0.284377872943878,0.252722650766373,-0.118700161576271,0.401722759008408,-0.0210153963416815,-0.0032019626814872,0.0397600457072258,0.23157162964344,-0.130250185728073,0.177029207348824,0.137215942144394,0.000210196478292346,0.0255020409822464,-0.0940977707505226,0.123042121529579,0.127747014164925,0.0890702605247498,-0.0262021962553263,0.105979725718498,0.00265831244178116,-0.0277780927717686,0.00742964912205935,0.0217881053686142,0.143525123596191,0.161686226725578,0.0407090783119202,0.0610267780721188,0.14302484691143,0.156608417630196,0.266470491886139,0.182106614112854,0.137715429067612,0.0519033223390579,0.243184685707092,0.0990985259413719,0.0984775498509407,-0.104832895100117,0.343138575553894,-0.0460626929998398,-0.0556898377835751,0.0543607175350189,0.201074823737144
0.411164581775665,0.490878462791443,0.2736437022686,0.278883457183838,0.10174161195755,0.00153754162602127,-0.103723391890526,0.0772349461913109,0.22725036740303,0.319740891456604,0,0.325495541095734,0.305344045162201,0.112227745354176,-0.00710781989619136,-0.108777239918709,0.0961571857333183,0.252902179956436,-0.181763455271721,0.288824617862701,-0.00977869797497988,0.0780156254768372,0.0166676230728626,-0.0661500990390778,0.0229355525225401,-0.017816124483943,0.149654194712639,0.0643194988369942,0.129986062645912,0.110652253031731,-0.0570081658661366,-0.179941549897194,0.0184214506298304,0.132189765572548,0.0287144612520933,-0.140134021639824,-0.0610811151564121,0.237887263298035,0.0642069280147552,0.347318083047867,0.0732211545109749,0.203914001584053,0.190048530697823,0.196642383933067,0.0863182470202446,0.0918862670660019,-0.158561959862709,0.223092898726463,-0.0875058844685555,-0.075038269162178,0.170587256550789,0.281422317028046,-0.129684835672379,0.303914934396744,0.156165719032288,0.084731861948967,0.00868399254977703,-0.0962059870362282,0.160106152296066,-0.00139026250690222,0.200092360377312,0.0435558669269085,0.189672380685806,0.0724317207932472,-0.00156040547881275,-0.0598997846245766,0.00694799982011318,0.143272161483765,0.238726451992989,-0.00371350883506238,0.149274587631226,0.276218920946121,0.0470549575984478,0.399473428726196,0.114235021173954,0.269668161869049,0.207020998001099,0.307327091693878,0.267426013946533,0.0682827904820442,-0.132625177502632,0.312188237905502,-0.0386298038065434,-0.100088000297546,0.175729021430016,0.307217538356781
0.358908504247665,0.264574527740479,0.583903074264526,0.378511130809784,0.116010837256908,0.0266630388796329,-0.045099064707756,0.131242454051971,0.131536275148392,0.284055978059769,0.325495541095734,0,0.408966660499573,0.0850335508584976,0.0290509071201086,-0.0297163333743811,0.147369399666786,0.153986990451813,-0.0678112432360649,0.211522310972214,0.0753619372844696,-0.0154718225821853,-0.00320241996087134,-0.0517507940530777,0.0123547865077853,0.0364396087825298,0.0856836214661598,0.0197041016072035,0.192917436361313,0.00937462877482176,-0.0454726740717888,-0.122976258397102,-0.0279140919446945,0.0443210527300835,0.197390154004097,-0.0418874658644199,0.114739961922169,0.0983544066548347,0.00828372407704592,0.229694083333015,0.0666157454252243,0.0760530903935432,0.176776304841042,0.232415288686752,0.129228577017784,0.077803835272789,-0.096299834549427,0.187979221343994,-0.0839613154530525,-0.0651014521718025,0.0693643465638161,0.194037333130836,-0.0179624538868666,0.243414834141731,0.195426970720291,-0.0414380133152008,0.0230259019881487,-0.0710345581173897,0.0996306240558624,0.0615078546106815,0.0902547612786293,0.00119678524788469,0.241079896688461,-0.0180051010102034,0.00453928438946605,-0.0404098927974701,0.00437728175893426,0.0486000254750252,0.286908090114594,0.0563531666994095,0.23150098323822,0.107507720589638,-0.0418689176440239,0.273211061954498,0.0835114791989326,0.127607673406601,0.190381541848183,0.28834930062294,0.237051069736481,0.0322226472198963,-0.0877352952957153,0.24281133711338,-0.0545563027262688,-0.0518509782850742,0.0627768263220787,0.221601098775864
0.296771585941315,0.25448402762413,0.385373264551163,0.648275256156921,0.173275381326675,0.00309474486857653,-0.0269737429916859,0.10829995572567,0.133995726704597,0.218261212110519,0.305344045162201,0.408966660499573,0,0.146190151572227,0.00835638586431742,-0.00617035664618015,0.119711980223656,0.157720357179642,-0.0535805560648441,0.274782598018646,-0.0319533720612526,0.0391732342541218,0.0176280923187733,-0.021608492359519,-0.0835665985941887,0.00563760846853256,-0.0060611804947257,0.0498321391642094,0.139892086386681,0.0476415865123272,-0.0660023465752602,-0.159586951136589,-0.0193915236741304,0.167445376515388,0.146873995661736,-0.103232122957706,0.0517807118594646,0.12868158519268,0.108812615275383,0.224687278270721,0.219638898968697,0.0256895776838064,0.11605978757143,0.14373904466629,0.126437112689018,0.108786068856716,-0.0452390536665916,0.233320623636246,-0.0861276537179947,-0.0475143529474735,0.121789745986462,0.319072216749191,0.0124091599136591,0.29325932264328,0.0361447855830193,0.0317734703421593,0.0155443605035543,-0.0228006076067686,-0.0248977784067392,0.0299888290464878,0.0110516343265772,0.0452489480376244,0.190282627940178,0.0298034995794296,-0.0349550433456898,-0.113206699490547,-0.0049423323944211,0.159158408641815,0.287900567054749,-0.0404632724821568,0.187565445899963,0.147277489304543,0.109168216586113,0.257175624370575,0.287531197071075,0.0807156637310982,0.134657740592957,0.205329269170761,0.194178193807602,0.0988332480192184,-0.0102873127907515,0.321256011724472,-0.0886301770806313,-0.0496099963784218,0.124507561326027,0.379659086465836
0.11235723644495,0.1001196205616,0.0669430196285248,0.126083716750145,0.0457260496914387,-0.0173466857522726,-0.0259434785693884,0.0150817213580012,0.048375740647316,0.0984105542302132,0.112227745354176,0.0850335508584976,0.146190151572227,0,-0.010102110914886,-0.0293305404484272,0.00621761847287416,0.0944027304649353,-0.0224283263087273,0.13197959959507,-0.0399776585400105,0.0195669792592525,0.0121070249006152,-0.0197801720350981,-0.0257155038416386,-0.0187912285327911,0.0129241356626153,-0.010464534163475,0.0337183400988579,0.0173932667821646,-0.0298941526561975,-0.0553863495588303,0.00010367389768362,0.0615588650107384,0.0250778030604124,-0.0433308593928814,-0.00871581584215164,0.0594599545001984,0.0639694780111313,0.0878340825438499,0.0691420361399651,0.0395435839891434,0.0569538995623589,0.0434992350637913,0.0493791550397873,0.0187762957066298,-0.0171063020825386,0.0848855823278427,-0.0404460951685905,-0.0118680577725172,0.074224591255188,0.121786691248417,-0.0128584252670407,0.105435736477375,0.0049517578445375,0.0169961526989937,0.00218359590508044,-0.0222786478698254,-0.00050522614037618,-0.0108560984954238,0.0285783652216196,-0.0101583246141672,0.031267162412405,0.0213275570422411,-0.0109235709533095,-0.0288501046597958,-0.0065950476564467,0.0718996748328209,0.0804595425724983,-0.0320207737386227,0.0557163693010807,0.07337636500597,0.0684122070670128,0.0900342687964439,0.0888618230819702,0.0497447140514851,0.071441575884819,0.0669826194643974,0.090814620256424,0.00503909587860107,-0.0138301849365234,0.118446886539459,-0.027720395475626,-0.0253008808940649,0.0633444264531136,0.13671649992466
0.00433465279638767,0.000261248089373112,0.0307744890451431,0.00690378621220589,-0.00255201105028391,0.435934662818909,0.168186262249947,0.035681564360857,0.0717003419995308,0.0447916500270367,-0.00710781989619136,0.0290509071201086,0.00835638586431742,-0.010102110914886,0,0.213489040732384,0.0451922491192818,0.0662847459316254,0.039712306112051,0.0386189371347427,0.124472364783287,0.0840215682983398,0.111322596669197,0.226134225726128,0.220015689730644,0.119130097329617,0.321729123592377,0.123374044895172,0.0863842219114304,0.106198489665985,0.307283401489258,0.167063385248184,0.275770664215088,0.0681976974010468,-0.0448502041399479,-0.0187379941344261,-0.0554222948849201,0.0724708512425423,0.0763484612107277,0.0791755095124245,0.0502400696277618,0.256407290697098,0.24276302754879,-0.0301174037158489,0.155432745814323,0.0729137063026428,0.205661207437515,-0.0894903689622879,0.0418551564216614,0.131120517849922,0.096369668841362,0.0819205865263939,0.0303244311362505,0.0457321777939796,0.0589760504662991,0.0744196847081184,0.103887856006622,0.222481518983841,0.158738806843758,0.125734925270081,0.30436846613884,0.107849717140198,0.0607321634888649,0.0988807901740074,0.274176090955734,0.154991090297699,0.277979999780655,0.0565980114042759,-0.0811420455574989,-0.0434012301266193,-0.0669391974806786,0.061228334903717,0.102832064032555,0.0670271217823029,0.0444448925554752,0.248954430222511,0.18521611392498,-0.0567372627556324,0.11300840228796,0.0658566579222679,0.199989080429077,-0.0806269273161888,0.036892656236887,0.139855280518532,0.0985624864697456,0.0762871876358986
-0.0914620086550713,-0.0951708108186722,-0.0305971372872591,-0.0142929097637534,-0.0246650353074074,0.168750047683716,0.251660913228989,0.00263536116108298,-0.0192972589284182,-0.0553630255162716,-0.108777239918709,-0.0297163333743811,-0.00617035664618015,-0.0293305404484272,0.213489040732384,0,0.0165399834513664,-0.00805212091654539,0.108944959938526,-0.0343508161604404,0.0363648906350136,0.0236664488911629,0.0737626701593399,0.167888402938843,0.0399857237935066,0.115252487361431,-0.00954511296004057,0.0237807761877775,0.0110478894785047,0.0346187241375446,0.135428488254547,0.119391456246376,0.0961980670690536,0.0127224428579211,0.00341729470528662,0.0354084931313992,0.039772242307663,-0.0496173202991486,0.0375977419316769,-0.108280688524246,0.0643992945551872,-0.032471526414156,0.00655184639617801,-0.114172391593456,0.0341504067182541,0.0326392203569412,0.20065800845623,-0.0679251179099083,0.03791593760252,0.109121598303318,0.0109576564282179,0.0278327129781246,0.100786760449409,-0.0353128723800182,-0.0218928046524525,0.0156209822744131,0.04330063611269,0.175984114408493,-0.00868144910782576,0.116245962679386,-0.0255682114511728,0.0178056433796883,4.7292560338974e-06,0.0278854481875896,0.10285359621048,0.0891569182276726,0.101486563682556,0.0168162807822227,-0.0205980278551579,-0.00805498007684946,0.0122270416468382,-0.0604454353451729,0.0552647449076176,-0.122886210680008,0.0727908238768578,-0.0462148860096931,-0.0254996307194233,-0.141148090362549,-0.00739747658371925,0.0430413670837879,0.210125312209129,-0.0814187824726105,0.0267819594591856,0.13251768052578,0.00225057639181614,0.0223089419305325
0.0415905192494392,0.0571343190968037,0.121986098587513,0.0968377739191055,0.0240687597543001,0.0407767668366432,-0.00949657615274191,0.109894454479218,0.0507209599018097,0.0327027626335621,0.0961571857333183,0.147369399666786,0.119711980223656,0.00621761847287416,0.0451922491192818,0.0165399834513664,0,0.0698605477809906,-0.0272008292376995,0.0885343328118324,-0.0477195307612419,0.0319443047046661,0.0168467331677675,-0.00437728781253099,-0.0133265610784292,-0.0355457291007042,0.0815832614898682,0.0340526700019836,0.0200025197118521,0.033879779279232,0.0605341158807278,-0.0647246539592743,0.0115357534959912,0.0313034914433956,-0.0246432237327099,-0.0787712782621384,-0.0602387823164463,0.0492521077394485,0.00730250310152769,0.0671819373965263,-0.00506741600111127,0.0764041543006897,0.126369222998619,-0.0135121420025826,0.0211468636989594,0.00708117429167032,0.0098449345678091,-0.0282716024667025,-0.0133864087983966,-0.0151009457185864,0.0416393838822842,0.0601598471403122,-0.0136429416015744,0.0782412141561508,-0.0355263240635395,0.0330564901232719,0.00901311915367842,0.0181888733059168,-0.0159159954637289,-0.0144566362723708,0.0724322646856308,0.027878537774086,0.0244381763041019,0.0250923484563828,0.0527237839996815,-0.0344665534794331,0.0241965912282467,0.0379289574921131,-0.0123284384608269,-0.101564057171345,-0.0253133177757263,0.0533106401562691,-0.00298461085185409,0.0732958763837814,0.00162754999473691,0.0768668428063393,0.11944592744112,0.0175055377185345,0.0189992822706699,0.00655698915943503,0.0200074724853039,0.016585411503911,-0.0151551188901067,-0.00342686241492629,0.0463713109493256,0.0725299566984177
0.26324850320816,0.210314139723778,0.155657321214676,0.148281916975975,0.0611382052302361,0.0712575763463974,-0.031832292675972,0.064661979675293,0.197930544614792,0.228897243738174,0.252902179956436,0.153986990451813,0.157720357179642,0.0944027304649353,0.0662847459316254,-0.00805212091654539,0.0698605477809906,0,-0.056515421718359,0.164694905281067,0.0400389619171619,0.0524290390312672,0.0402987748384476,0.0117821097373962,0.0642245039343834,0.0312334839254618,0.121472522616386,0.0260605607181787,0.0942474156618118,0.0885556563735008,0.0163032952696085,-0.0232145115733147,0.0711729153990746,0.0981259346008301,0.0261686351150274,-0.0500021204352379,-0.00753295328468084,0.162222623825073,0.0832880139350891,0.185133770108223,0.0658306330442429,0.159846156835556,0.134964674711227,0.11633624881506,0.0868055447936058,0.0624547712504864,0.0139129180461168,0.138257682323456,-0.0364519096910954,0.0266310106962919,0.165410548448563,0.19130565226078,-0.00457331910729408,0.181425988674164,0.104263633489609,0.0629204660654068,0.0247931871563196,0.00914919935166836,0.114217467606068,0.0385299399495125,0.148965135216713,0.0299374014139175,0.116488136351109,0.0784809738397598,0.0661347582936287,0.0241267718374729,0.056409552693367,0.113214261829853,0.119454845786095,0.0150895286351442,0.0862959995865822,0.179431885480881,0.0769068822264671,0.20074637234211,0.0876606032252312,0.194105982780457,0.143205314874649,0.153387457132339,0.168340787291527,0.0551738142967224,0.0229109991341829,0.174413427710533,0.00257361773401499,0.000849934993311763,0.137588068842888,0.215378597378731
-0.137022599577904,-0.100692898035049,-0.0258306469768286,-0.0502957701683044,-0.0152599504217505,0.0571562498807907,0.14461624622345,-0.0353408344089985,-0.0444233678281307,-0.0515726357698441,-0.181763455271721,-0.0678112432360649,-0.0535805560648441,-0.0224283263087273,0.039712306112051,0.108944959938526,-0.0272008292376995,-0.056515421718359,0,-0.0361354649066925,0.222490087151527,0.044833529740572,0.0391399785876274,0.24945367872715,0.184540972113609,0.266868144273758,-0.173400655388832,0.0797946527600288,0.076949380338192,0.0779162496328354,0.00441311951726675,0.557892203330994,-0.00828984007239342,-0.0194410812109709,0.512648940086365,0.210694700479507,0.563338994979858,-0.02403699234128,0.060624934732914,-0.0997463017702103,0.169869616627693,-0.0713505893945694,-0.142095386981964,0.0204058699309826,0.185083582997322,0.0829688608646393,0.726688861846924,0.234730795025826,0.110377989709377,0.15695808827877,0.166141539812088,0.128115072846413,0.657300174236298,-0.0449063070118427,0.0456096902489662,0.0281321685761213,0.0199103653430939,0.20878204703331,0.0184442158788443,0.186976432800293,-0.205674424767494,0.08237574249506,0.0165558476001024,0.0686697363853455,-0.0682938769459724,0.32770100235939,0.0173019301146269,-0.00128944520838559,0.245445683598518,0.1677605509758,0.280075460672379,-0.0610704943537712,0.104925982654095,-0.168712064623833,0.127993687987328,-0.132353007793427,-0.126965716481209,-0.0836741626262665,0.034307349473238,0.0585814751684666,0.613875269889832,0.050999641418457,0.0573693923652172,0.159583806991577,0.166258439421654,0.0968390926718712
0.239440277218819,0.260638922452927,0.20665217936039,0.298173725605011,0.105078890919685,0.0398025140166283,-0.0384902209043503,0.0922473520040512,0.160293102264404,0.233990073204041,0.288824617862701,0.211522310972214,0.274782598018646,0.13197959959507,0.0386189371347427,-0.0343508161604404,0.0885343328118324,0.164694905281067,-0.0361354649066925,0,-0.103367984294891,0.171571344137192,0.0505782477557659,0.0278023406863213,-0.109220616519451,-0.00926894973963499,0.00524352258071303,0.0395186059176922,0.21667791903019,0.190082803368568,-0.0924373343586922,-0.271646022796631,0.0103109404444695,0.389620244503021,0.197921469807625,-0.208006039261818,0.0114780506119132,0.282944798469543,0.312315225601196,0.41969832777977,0.397225230932236,0.0967471227049828,0.279934674501419,0.26425176858902,0.321776241064072,0.265902936458588,0.0471995808184147,0.383246511220932,-0.131910637021065,-0.0466791056096554,0.282227247953415,0.55987274646759,0.0331271700561047,0.582720160484314,-0.0901051536202431,0.18071112036705,0.0097550954669714,0.0102253435179591,-0.0942803621292114,0.0149646960198879,0.0559856034815311,0.044479463249445,0.18825575709343,0.160657688975334,-0.0424227006733418,-0.236868932843208,0.0259722657501698,0.368812918663025,0.302286267280579,-0.231631323695183,0.123000532388687,0.285459488630295,0.262040466070175,0.438158303499222,0.393378853797913,0.161779165267944,0.278993755578995,0.252557516098022,0.290730834007263,0.214635461568832,0.048126932233572,0.462977677583694,-0.163124620914459,-0.0833247527480125,0.23589214682579,0.552599310874939
0.0791767984628677,0.0486005395650864,0.124843709170818,-0.0283768326044083,0.00306505220942199,0.143327459692955,0.0424729399383068,-0.0571027025580406,0.00998441129922867,0.266906678676605,-0.00977869797497988,0.0753619372844696,-0.0319533720612526,-0.0399776585400105,0.124472364783287,0.0363648906350136,-0.0477195307612419,0.0400389619171619,0.222490087151527,-0.103367984294891,0,-0.13858588039875,0.0698651447892189,0.187283873558044,0.718029737472534,0.559321641921997,0.192163661122322,-0.0519907251000404,0.280974805355072,-0.0844887420535088,0.103647477924824,0.475798845291138,0.159535139799118,-0.089001290500164,0.553536534309387,0.468571692705154,0.535322785377502,-0.114439696073532,-0.0198509395122528,0.111132182180882,0.116273999214172,0.304816335439682,-0.0453833229839802,0.702920794487,0.400977700948715,0.366600871086121,0.0628985911607742,0.446328192949295,0.0313624739646912,0.00715180952101946,-0.00771868648007512,-0.0344822853803635,0.031491294503212,-0.100565992295742,0.663041174411774,-0.184361487627029,0.0607054755091667,0.105935446918011,0.53091436624527,0.305287778377533,0.0599397085607052,-0.0199230089783669,0.108074441552162,-0.0812630951404572,0.0516521409153938,0.30720978975296,0.116300337016582,-0.0736049488186836,0.287147641181946,0.37531316280365,0.212484627962112,-0.12159688770771,-0.00638743722811341,0.0030202625785023,0.0390036590397358,0.155682653188705,-0.116158649325371,0.304683893918991,0.108726523816586,0.164861440658569,0.0419908277690411,0.105167128145695,0.0734759122133255,0.0152990100905299,-0.00104960065800697,-0.0833225175738335
-0.0170789919793606,0.0949637219309807,0.0122627355158329,0.0414500199258327,0.00472581526264548,0.0969551429152489,0.0240604840219021,0.0252869930118322,0.0646189227700233,0.00933238863945007,0.0780156254768372,-0.0154718225821853,0.0391732342541218,0.0195669792592525,0.0840215682983398,0.0236664488911629,0.0319443047046661,0.0524290390312672,0.044833529740572,0.171571344137192,-0.13858588039875,0,0.0168417599052191,0.325375407934189,0.0580475889146328,-0.135312959551811,0.133690476417542,0.254109919071198,0.0431746803224087,0.915356576442719,0.0107430210337043,-0.153227150440216,0.159064635634422,0.353353470563889,-0.0656533241271973,-0.179957419633865,-0.131055861711502,0.868191659450531,0.30757737159729,0.0953761860728264,0.28854376077652,0.299640864133835,0.0752459615468979,-0.00831597857177258,0.0771662071347237,0.640118837356567,0.180802941322327,0.03541050106287,-0.0323519594967365,0.00911818910390139,0.208324089646339,0.239692106842995,0.0912258625030518,0.159726649522781,-0.228675842285156,0.971546828746796,0.00517615070566535,0.365992993116379,-0.0466963909566402,-0.0772150754928589,0.168586313724518,0.315670847892761,-0.00525153707712889,0.902858674526215,-0.010587559081614,-0.178663522005081,0.164428651332855,0.330822825431824,-0.0889900177717209,-0.247078984975815,-0.134015396237373,0.832009136676788,0.348018825054169,0.0892795100808144,0.303948491811752,0.325014770030975,0.0855020955204964,-0.0688735395669937,0.00287984078750014,0.581429183483124,0.174431011080742,0.0657460689544678,-0.0741729363799095,0.0126259233802557,0.17276519536972,0.218396693468094
0.0259655304253101,0.0210389494895935,0.0127355521544814,0.0131568657234311,0.0111807137727737,0.135844156146049,0.0734361559152603,0.00105406215880066,0.020217340439558,0.0486878603696823,0.0166676230728626,-0.00320241996087134,0.0176280923187733,0.0121070249006152,0.111322596669197,0.0737626701593399,0.0168467331677675,0.0402987748384476,0.0391399785876274,0.0505782477557659,0.0698651447892189,0.0168417599052191,0,0.162216126918793,0.110974431037903,0.140649303793907,0.0596966184675694,0.0353384725749493,0.0986662581562996,0.0416342280805111,0.0926834344863892,0.107771821320057,0.100465528666973,0.0281656216830015,0.0655191242694855,0.0422616861760616,0.070203609764576,0.0254030544310808,0.0458768494427204,0.0441182889044285,0.0557980164885521,0.0451653189957142,0.0607675723731518,0.0424782261252403,0.0718606412410736,0.0852571204304695,0.108535349369049,0.0631117150187492,0.0310451928526163,0.103745758533478,0.0516815818846226,0.103160485625267,0.0190555918961763,0.0263446811586618,0.0414474532008171,0.00606038141995668,0.0550102554261684,0.130210354924202,0.0796743184328079,0.113485641777515,0.059771254658699,0.0246207993477583,0.0627676099538803,0.0405157431960106,0.0866115018725395,0.0755961611866951,0.0843055695295334,0.00393278710544109,0.0584373809397221,0.0206371862441301,0.0473247095942497,0.0180267430841923,0.0343856438994408,0.0346929095685482,0.0457665324211121,0.0606739297509193,0.0348222963511944,-0.00228838832117617,0.0509006530046463,0.0713857635855675,0.0795130282640457,0.0402141474187374,0.0185291729867458,0.0510037839412689,0.0329116620123386,0.0918706357479095
-0.0472288839519024,-0.0493771210312843,-0.0337578393518925,-0.0152984913438559,-0.00956403091549873,0.218888953328133,0.175519585609436,-0.00968616921454668,0.00671705370768905,-0.0779673904180527,-0.0661500990390778,-0.0517507940530777,-0.021608492359519,-0.0197801720350981,0.226134225726128,0.167888402938843,-0.00437728781253099,0.0117821097373962,0.24945367872715,0.0278023406863213,0.187283873558044,0.325375407934189,0.162216126918793,0,0.323623925447464,0.35108670592308,0.0716058388352394,0.537150263786316,0.1033775806427,0.516359090805054,0.171436667442322,0.192403763532639,0.333658337593079,0.0908278003334999,0.129333272576332,0.0409712344408035,0.0964370891451836,0.284591048955917,0.0917474776506424,-0.0472971387207508,0.1423269957304,0.109504356980324,0.0430371947586536,-0.00640134140849113,0.0873955562710762,0.504901111125946,0.340332597494125,0.0212173517793417,0.0645406246185303,0.147851258516312,0.122687160968781,0.145251169800758,0.247288018465042,0.0499860309064388,0.0660334229469299,0.299283027648926,0.108165912330151,0.813108801841736,0.208202317357063,0.356707841157913,0.0788613334298134,0.497261375188828,0.082972414791584,0.516587018966675,0.139025539159775,0.19164103269577,0.349599599838257,0.103585205972195,0.120003998279572,-0.0134647162631154,0.140385523438454,0.212798237800598,0.13998107612133,-0.0325733050704002,0.174500644207001,0.15698516368866,0.0411153472959995,-0.0515679121017456,0.0657813847064972,0.502940058708191,0.277527838945389,0.00787928607314825,0.0479898639023304,0.133790835738182,0.0917276367545128,0.109859459102154
