0,0.326660305261612,0.239085644483566,0.241771057248116,0.0589191541075706,-0.0177685581147671,-0.107410028576851,0.0540241450071335,0.202607095241547,0.679969429969788,0.396778136491776,0.32975447177887,0.248644575476646,0.0788378790020943,-0.0163887608796358,-0.105696149170399,0.0357625558972359,0.252795904874802,-0.140897437930107,0.220784589648247,0.0932817086577415,-0.0500897094607353,0.0167228057980537,-0.0818491727113724,0.0854077711701393,0.140315279364586,0.104464039206505,-0.042506318539381,0.234538108110428,-0.0293090641498566,-0.124310061335564,-0.0882189199328423,0.0177603084594011,0.0349731668829918,0.124136544764042,0.0101358415558934,0.0572718791663647,0.0713500306010246,-0.0628533139824867,0.348809868097305,0.00571500975638628,0.214675471186638,0.102605037391186,0.391882359981537,0.108190402388573,0.0907537415623665,-0.135514482855797,0.348736047744751,-0.0890644416213036,-0.0615155696868896,0.0432268567383289,0.186362907290459,-0.0173915848135948,0.256813853979111,0.399042159318924,-0.0566089786589146,0.0414156578481197,-0.128717333078384,0.350131005048752,0.218689426779747,0.173587396740913,-0.0495058745145798,0.324844211339951,-0.0858114510774612,-0.0265746414661407,0.110818639397621,0.0261013470590115,0.0665625855326653,0.369442492723465,0.228519096970558,0.288128882646561,0.0790898725390434,-0.0570171438157558,0.40605753660202,0.0780460759997368,0.306747049093246,0.166697695851326,0.568961620330811,0.390539348125458,0.0993058010935783,-0.1013557985425,0.487855553627014,0.0188993290066719,-0.0868927761912346,0.0355599746108055,0.230832248926163
0.326660305261612,0,0.240872085094452,0.266740471124649,0.106659576296806,0.00913887564092875,-0.0894099324941635,0.0708461701869965,0.221628755331039,0.340361595153809,0.487441599369049,0.267331719398499,0.243203058838844,0.0880448669195175,-0.00675983773544431,-0.105838350951672,0.0603444054722786,0.217437446117401,-0.0939588472247124,0.25465315580368,0.0465691313147545,0.0715967565774918,0.0174508970230818,-0.084361732006073,0.0299380663782358,0.0410549566149712,0.11962254345417,0.0528674572706223,0.166160136461258,0.109224706888199,-0.0360480584204197,-0.0971696600317955,0.013139852322638,0.106565609574318,0.142473250627518,-0.0545896738767624,0.0295223947614431,0.212428122758865,0.0660665780305862,0.31623113155365,0.0807455107569695,0.176915168762207,0.150336012244225,0.216776162385941,0.196015506982803,0.0723956227302551,-0.0857063755393028,0.212699830532074,-0.0495013445615768,-0.0554406531155109,0.175859913229942,0.262350112199783,-0.124808475375175,0.259038984775543,0.0423871129751205,0.0607567131519318,0.0168971791863441,-0.116788536310196,0.0231737792491913,-0.0290757436305285,0.102947905659676,0.0389503091573715,0.129308894276619,0.0571538582444191,-0.0206756740808487,-0.105402715504169,-0.0144332684576511,0.0557824820280075,0.156122848391533,-0.0200388301163912,0.0626700446009636,0.2398382127285,0.0276666302233934,0.297846734523773,0.0512214116752148,0.15163154900074,0.140628188848495,0.175781786441803,0.147747069597244,0.00557738356292248,-0.110904037952423,0.18407516181469,-0.0450842715799809,-0.0656926110386848,0.148300468921661,0.23573811352253
0.239085644483566,0.240872085094452,0,0.379636883735657,0.0925323739647865,0.0251734219491482,-0.025283221155405,0.145399734377861,0.131216898560524,0.274442702531815,0.246546655893326,0.5696080327034,0.355261713266373,0.060999121516943,0.00915238633751869,-0.0319202281534672,0.113140247762203,0.133204743266106,-0.0132630178704858,0.205554530024529,0.126382440328598,-0.013019953854382,-0.00314256083220243,-0.0644691064953804,0.0262757707387209,0.0693185776472092,0.0685456767678261,-0.0130811566486955,0.22794246673584,0.00644696922972798,-0.0187662318348885,-0.0690835416316986,-0.043386273086071,-0.00444523710757494,0.254862129688263,0.0142269190400839,0.150680229067802,0.0612830817699432,-0.050697322934866,0.192945122718811,0.055444497615099,0.0710377842187881,0.171146526932716,0.260984271764755,0.206275284290314,0.0201844424009323,-0.0415038354694843,0.198225110769272,-0.053250640630722,-0.0514940246939659,0.0892801731824875,0.173935249447823,-0.0239314883947372,0.176959499716759,0.0857192426919937,-0.0320270322263241,0.0192925222218037,-0.0938825830817223,-0.00448693288490176,0.0131992464885116,0.0346850827336311,0.00147531076800078,0.158896043896675,-0.0354918874800205,-0.0175615530461073,-0.0809019953012466,-0.0392241850495338,-0.0132289035245776,0.188014507293701,-0.0214182995259762,0.129666149616241,0.0697309598326683,-0.0622729100286961,0.172295659780502,0.0478271692991257,0.0321034789085388,0.132624581456184,0.166535139083862,0.137926638126373,-0.0295191630721092,-0.0497143380343914,0.167075574398041,-0.0641169548034668,-0.0616371557116508,0.0902842804789543,0.169040620326996
0.241771057248116,0.266740471124649,0.379636883735657,0,0.177046954631805,0.012178236618638,0.00502765597775578,0.122419200837612,0.130109906196594,0.245970293879509,0.264027178287506,0.35691910982132,0.621681869029999,0.111684761941433,0.00128707545809448,-0.0118622938171029,0.0944265201687813,0.137955695390701,-0.0407641418278217,0.295146703720093,-0.0211402401328087,0.0225324239581823,0.00771456165239215,-0.029459934681654,-0.108985111117363,0.0341789871454239,-0.0172710344195366,0.00933099631220102,0.163812518119812,0.0255631413310766,-0.0310220643877983,-0.154381960630417,-0.0281048063188791,0.137470886111259,0.195849925279617,-0.07542385160923,0.0798429995775223,0.0838918909430504,0.110125623643398,0.182708486914635,0.253340572118759,0.00921997986733913,0.120541468262672,0.157168418169022,0.181898668408394,0.0940941050648689,0.01588124781847,0.242234751582146,-0.0829958766698837,-0.0118422098457813,0.138261392712593,0.330209046602249,-0.0182090513408184,0.283011257648468,-0.0309977512806654,0.0174245536327362,0.00918895937502384,-0.0519978441298008,-0.0993269383907318,-0.0155208464711905,-0.0196705926209688,0.0218447260558605,0.133448168635368,-0.00313614937476814,-0.0333534143865108,-0.154047667980194,-0.00466876151040196,0.112928174436092,0.232452243566513,-0.0592266470193863,0.116675704717636,0.0991638749837875,0.0551234260201454,0.212109625339508,0.221305012702942,0.0209914036095142,0.122107088565826,0.142762631177902,0.145693898200989,0.0630623027682304,-0.0171405468136072,0.26049593091011,-0.0843746215105057,-0.0608147457242012,0.122410245239735,0.322615712881088
0.0589191541075706,0.106659576296806,0.0925323739647865,0.177046954631805,0,-0.000229161232709885,-0.0137092499062419,0.0194154642522335,0.0555521063506603,0.082518994808197,0.0825080722570419,0.0895079523324966,0.150006368756294,0.0321063585579395,-0.00969456136226654,-0.0244366526603699,0.0156161459162831,0.0487625636160374,-0.0143349068239331,0.0912935733795166,0.00555114634335041,0.0126704853028059,0.00533935381099582,-0.0108687160536647,-0.014576917514205,0.0163753628730774,-0.0104582877829671,-0.0110733900219202,0.082829050719738,0.0158571489155293,-0.0159229021519423,-0.0301376208662987,-0.00816456601023674,0.00536146014928818,0.0768074244260788,0.00604741601273417,0.0559977106750011,0.0455970354378223,0.0408477522432804,0.0832658708095551,0.0726951062679291,0.00626192428171635,0.0571467876434326,0.0678510069847107,0.0734167620539665,0.0114748943597078,0.019262945279479,0.0999036058783531,-0.0320279933512211,-0.0104510672390461,0.0582354329526424,0.130094021558762,-0.0139709087088704,0.10595066845417,-0.0280457474291325,0.0073159453459084,-0.00525719206780195,-0.0314949080348015,-0.0417301915585995,-0.0104349283501506,-0.0120335845276713,6.28018751740456e-05,0.056429598480463,-0.00229351664893329,-0.0263044722378254,-0.0434808284044266,-0.0222410392016172,0.0169460847973824,0.0756085813045502,-0.000523130351211876,0.0544445551931858,0.0491093695163727,0.0239719152450562,0.064427450299263,0.0527175478637218,-0.0100703714415431,0.0271948967128992,0.032879464328289,0.0419151857495308,-0.0115821091458201,-0.0141324950382113,0.0875356942415237,-0.040468018501997,-0.0198352355509996,0.0320970602333546,0.117152638733387
-0.0177685581147671,0.00913887564092875,0.0251734219491482,0.012178236618638,-0.000229161232709885,0,0.189468786120415,0.0165007282048464,0.0869680866599083,0.0306178759783506,0.000699682044796646,0.0177201516926289,0.0013468834804371,-0.0215704366564751,0.452189594507217,0.199072405695915,0.0435251779854298,0.0695668309926987,0.0782234072685242,0.0312965698540211,0.130170658230782,0.0528095066547394,0.130986526608467,0.221685916185379,0.228084176778793,0.121944263577461,0.345139592885971,0.091148279607296,0.0506645515561104,0.0764249488711357,0.316147923469543,0.195997938513756,0.277926385402679,0.0965442061424255,-0.0545272678136826,0.0226412713527679,-0.0361648872494698,0.0323459021747112,0.124548837542534,0.0725209340453148,0.0920852050185204,0.251535594463348,0.225199446082115,-0.0587872676551342,0.144979655742645,0.0563193261623383,0.23678295314312,-0.106991596519947,0.0630508586764336,0.149845406413078,0.103016138076782,0.0807966142892838,0.0552360825240612,0.0229583363980055,0.00451465649530292,0.0315960347652435,0.0882750153541565,0.199926719069481,0.116065621376038,0.0897153988480568,0.295492708683014,0.0899034515023232,0.0167207829654217,0.063241645693779,0.281260639429092,0.126236990094185,0.233021110296249,0.087941087782383,-0.127792432904243,-0.0597985237836838,-0.0969894081354141,0.0105964727699757,0.13447242975235,0.0337725840508938,0.0896255597472191,0.207720622420311,0.141912877559662,-0.102254889905453,0.0644821152091026,0.0207373853772879,0.20232093334198,-0.124315813183784,0.0493863001465797,0.124488048255444,0.093498058617115,0.0637903586030006
-0.107410028576851,-0.0894099324941635,-0.025283221155405,0.00502765597775578,-0.0137092499062419,0.189468786120415,0,-0.00313931051641703,-0.00705372402444482,-0.0621502697467804,-0.103535212576389,-0.0450794026255608,-0.0122882686555386,-0.0249600484967232,0.186323240399361,0.268138647079468,-0.00119539292063564,-0.0305516440421343,0.132323354482651,-0.0347026214003563,0.0295043271034956,-0.000276782084256411,0.0717442557215691,0.186655327677727,0.0465967692434788,0.119504615664482,0.00500060245394707,0.0659132674336433,-0.0187548585236073,0.0180754605680704,0.167467579245567,0.157202497124672,0.0716531351208687,0.0545392446219921,-0.00642048148438334,0.0582631677389145,0.0555394254624844,-0.0349011346697807,0.0904376059770584,-0.118045099079609,0.103667430579662,-0.0544300451874733,-0.00300432578660548,-0.176779091358185,0.0417559929192066,0.019269535318017,0.231559783220291,-0.092665858566761,0.0560563281178474,0.122605204582214,0.0126310354098678,0.0307452753186226,0.104106813669205,-0.0433768704533577,-0.0738836228847504,-0.00982938800007105,0.034877110272646,0.173398956656456,-0.0456072650849819,0.0750725194811821,-0.0213726721704006,0.0494877696037292,-0.0273735113441944,0.0157632883638144,0.095499075949192,0.0873811021447182,0.0531619489192963,0.0529312491416931,-0.0642626658082008,-0.0279523618519306,-0.0325127802789211,-0.0555616840720177,0.0979119092226028,-0.133590221405029,0.110904157161713,-0.0665009766817093,-0.0266594104468822,-0.198490887880325,-0.0175655577331781,0.028253149241209,0.20254185795784,-0.130597099661827,0.0201870612800121,0.105408065021038,0.004314208868891,0.0101593667641282
0.0540241450071335,0.0708461701869965,0.145399734377861,0.122419200837612,0.0194154642522335,0.0165007282048464,-0.00313931051641703,0,0.0632089525461197,0.0423365719616413,0.0789226740598679,0.140638962388039,0.113324761390686,0.0188451129943132,0.0296121295541525,0.0172094590961933,0.104341395199299,0.0617955401539803,-0.0326320976018906,0.0998300313949585,-0.0644279792904854,0.0128199448809028,-0.00101273006293923,-0.021696213632822,-0.056264653801918,-0.0330184623599052,0.0420486703515053,0.0115722082555294,0.0250178854912519,0.00294926227070391,0.0584041401743889,-0.0663287192583084,0.0203512012958527,0.050724845379591,-0.0267163626849651,-0.0818324759602547,-0.0731973648071289,0.0368552729487419,0.0279473029077053,0.068385623395443,0.027677858248353,0.0424013026058674,0.123994097113609,-0.0144710401073098,0.0105658899992704,-0.00311189750209451,0.023897297680378,-8.93911346793175e-05,-0.00380838313139975,-0.00432426761835814,0.0521584413945675,0.0891065150499344,-0.0167992208153009,0.0878764912486076,-0.0472715571522713,0.0198968760669231,-0.013209137134254,-0.0113685857504606,-0.0361632108688354,-0.00810650456696749,0.0631543397903442,0.0296197552233934,0.0252117607742548,0.000133201479911804,0.0626064240932465,-0.0521672591567039,0.0118252150714397,0.0511105172336102,-0.0133243380114436,-0.0926152989268303,-0.0323168337345123,0.042870819568634,0.0160658340901136,0.0767110884189606,0.0415314920246601,0.0570724382996559,0.108289629220963,0.00989744253456593,0.0221302434802055,0.000903617823496461,0.0259738173335791,0.0475604422390461,-0.0249131452292204,-0.00443685939535499,0.066063828766346,0.0936765596270561
0.202607095241547,0.221628755331039,0.131216898560524,0.130109906196594,0.0555521063506603,0.0869680866599083,-0.00705372402444482,0.0632089525461197,0,0.212432876229286,0.21949990093708,0.126601427793503,0.121753826737404,0.0407833382487297,0.0628615692257881,-0.017081605270505,0.0443283803761005,0.180138990283012,-0.0249430220574141,0.1618372797966,0.0180035252124071,0.0451896004378796,0.0183870811015368,-0.000287575647234917,0.0240391474217176,0.00838207546621561,0.107924096286297,0.00202914420515299,0.0843579843640327,0.0702161341905594,0.0122267678380013,-0.0426888987421989,0.056059256196022,0.0972481966018677,0.0591682456433773,-0.0349985621869564,0.00328224641270936,0.141795769333839,0.0640596300363541,0.176590070128441,0.0524076633155346,0.134879037737846,0.116643808782101,0.0978919565677643,0.0902191177010536,0.0257126186043024,0.0246020313352346,0.107613869011402,-0.0331208519637585,-0.0208931099623442,0.117649547755718,0.172365590929985,-0.0195886585861444,0.159953027963638,0.0289578046649694,0.0296104084700346,0.0285919290035963,-0.0271359458565712,0.0345002077519894,0.0160246063023806,0.116732574999332,-0.00687982467934489,0.0940642729401588,0.0574321821331978,0.0430728793144226,-0.0256136301904917,0.0303747318685055,0.0554100051522255,0.0773935467004776,-0.0260390285402536,0.0397962965071201,0.136460036039352,0.0515998788177967,0.162072643637657,0.0511850193142891,0.134411811828613,0.124742671847343,0.0941600352525711,0.103733375668526,-0.0118557130917907,0.0113282361999154,0.129115372896194,-0.0389112085103989,-0.00229860539548099,0.111147627234459,0.16195160150528
0.679969429969788,0.340361595153809,0.274442702531815,0.245970293879509,0.082518994808197,0.0306178759783506,-0.0621502697467804,0.0423365719616413,0.212432876229286,0,0.314546763896942,0.277657568454742,0.201017141342163,0.0821168944239616,0.0206101313233376,-0.0729481428861618,0.0209878459572792,0.22423954308033,-0.0507865399122238,0.199016243219376,0.31267899274826,-0.0253087673336267,0.0389128997921944,-0.136590763926506,0.262848198413849,0.228753909468651,0.147955566644669,-0.10763119161129,0.245442345738411,-0.0304333008825779,-0.016181156039238,0.0590029582381248,0.0357210151851177,0.0797962471842766,0.267858862876892,0.146095499396324,0.220257252454758,0.0971300676465034,0.0889853239059448,0.292858630418777,0.157345071434975,0.257368534803391,0.0931179225444794,0.490784794092178,0.321018427610397,0.160095974802971,-0.120321065187454,0.367734462022781,-0.00603217771276832,-0.0221358984708786,0.0220004338771105,0.168196350336075,-0.155837342143059,0.146447822451591,0.170725375413895,-0.0529518835246563,0.0170049630105495,-0.182392805814743,0.111742280423641,0.076923243701458,0.0881210640072823,-0.0800886154174805,0.104788906872272,-0.0729315355420113,-0.0439847819507122,-0.0138112464919686,0.000344272702932358,0.0332605242729187,0.146027684211731,0.0824292898178101,0.0702489018440247,0.103746749460697,0.00215800059959292,0.219409674406052,0.0482176542282104,0.139801621437073,0.0575193539261818,0.268641710281372,0.0966379716992378,-0.0281307324767113,-0.127042874693871,0.250121235847473,-0.0346789658069611,-0.0698316991329193,0.0329478643834591,0.135478854179382
0.396778136491776,0.487441599369049,0.246546655893326,0.264027178287506,0.0825080722570419,0.000699682044796646,-0.103535212576389,0.0789226740598679,0.21949990093708,0.314546763896942,0,0.311207473278046,0.276208817958832,0.0844873860478401,-0.00770160974934697,-0.114438138902187,0.0898538753390312,0.231521591544151,-0.162836804986,0.280081301927567,-0.00947947334498167,0.0585810877382755,0.0208072699606419,-0.0987673699855804,-0.0104329828172922,-0.0166820846498013,0.129553139209747,0.0239922553300858,0.145731300115585,0.0968721881508827,-0.0565927848219872,-0.164996430277824,0.0124776428565383,0.0764139890670776,0.0615702793002129,-0.109219752252102,-0.0295837614685297,0.218607261776924,0.0269052982330322,0.316492527723312,0.041264645755291,0.190739363431931,0.178861662745476,0.197675138711929,0.111558921635151,0.0430808067321777,-0.11844141036272,0.205082699656487,-0.0818283632397652,-0.0685577616095543,0.178137958049774,0.254696249961853,-0.125269502401352,0.301071643829346,0.122812062501907,0.0689397379755974,0.0132037671282887,-0.127027407288551,0.112787261605263,-0.00288879056461155,0.166131630539894,0.00724941259250045,0.185612946748734,0.0528976656496525,-0.00508727412670851,-0.0734880566596985,0.00483574857935309,0.0983754023909569,0.227388381958008,0.0100884912535548,0.134524419903755,0.253200441598892,0.0100102247670293,0.369024485349655,0.075934924185276,0.230404645204544,0.189510732889175,0.283390164375305,0.251096159219742,0.0304146315902472,-0.106400832533836,0.27789705991745,-0.0382226370275021,-0.09200369566679,0.173078700900078,0.277202039957047
0.32975447177887,0.267331719398499,0.5696080327034,0.35691910982132,0.0895079523324966,0.0177201516926289,-0.0450794026255608,0.140638962388039,0.126601427793503,0.277657568454742,0.311207473278046,0,0.367906212806702,0.0734312832355499,0.0219436138868332,-0.0291765127331018,0.139979898929596,0.133898690342903,-0.0591264441609383,0.206239506602287,0.06404959410429,-0.0119016692042351,-0.0123079549521208,-0.0780398398637772,-0.0082561569288373,0.0397532247006893,0.0806826278567314,-0.014882642775774,0.209438532590866,0.00569772254675627,-0.0438533872365952,-0.133804708719254,-0.0408592186868191,-0.00135609332937747,0.209700733423233,-0.0207093842327595,0.110987782478333,0.0762240067124367,-0.0311002247035503,0.215456381440163,0.0532644651830196,0.0701301991939545,0.170327663421631,0.243419513106346,0.140802398324013,0.0294456481933594,-0.0608623288571835,0.193319335579872,-0.0831967145204544,-0.0681955963373184,0.0816830322146416,0.173611909151077,-0.0212603323161602,0.234714820981026,0.150755792856216,-0.04346714168787,0.0116655519232154,-0.106178447604179,0.0554253943264484,0.0382469743490219,0.0640289634466171,-0.0244744904339314,0.232586085796356,-0.0352814607322216,-0.00446453224867582,-0.0636744275689125,-0.0105647910386324,0.0165646355599165,0.253937512636185,0.0526399649679661,0.199151888489723,0.0836696326732635,-0.0742299482226372,0.235854461789131,0.0507831200957298,0.0949201732873917,0.184154361486435,0.258761823177338,0.214371398091316,-0.0187532138079405,-0.068984217941761,0.217568650841713,-0.0674601867794991,-0.0639250725507736,0.0773760229349136,0.20849946141243
0.248644575476646,0.243203058838844,0.355261713266373,0.621681869029999,0.150006368756294,0.0013468834804371,-0.0122882686555386,0.113324761390686,0.121753826737404,0.201017141342163,0.276208817958832,0.367906212806702,0,0.131715923547745,-0.00225528888404369,-0.0100932884961367,0.117541283369064,0.136671602725983,-0.0409494303166866,0.26060152053833,-0.0235151331871748,0.0143048502504826,0.014562951400876,-0.0422898642718792,-0.10592283308506,0.0328816659748554,-0.038322389125824,0.00847033970057964,0.1650300770998,0.0150650423020124,-0.0665903016924858,-0.147607430815697,-0.0316140875220299,0.124393470585346,0.175425872206688,-0.0815348401665688,0.0666221603751183,0.0743117481470108,0.0536044500768185,0.180491656064987,0.204711005091667,-0.0160068199038506,0.102317877113819,0.141871452331543,0.149451971054077,0.071835845708847,-0.00405011512339115,0.228727281093597,-0.0889945104718208,-0.0310258213430643,0.121220529079437,0.298285573720932,0.00235157390125096,0.27576544880867,-0.0306808017194271,0.00085875007789582,0.00612326338887215,-0.0439135208725929,-0.0960117280483246,0.0209067743271589,-0.0431608259677887,0.0136693101376295,0.166969880461693,-0.0137778827920556,-0.0382409878075123,-0.14862634241581,-0.0145254097878933,0.118485599756241,0.248287335038185,-0.0465916730463505,0.136858329176903,0.0824766084551811,0.050141055136919,0.204468250274658,0.239593133330345,0.00425873091444373,0.118265353143215,0.146501556038857,0.147303357720375,0.0548085868358612,0.00305124907754362,0.26608344912529,-0.0924608111381531,-0.0534415207803249,0.115498892962933,0.342221260070801
0.0788378790020943,0.0880448669195175,0.060999121516943,0.111684761941433,0.0321063585579395,-0.0215704366564751,-0.0249600484967232,0.0188451129943132,0.0407833382487297,0.0821168944239616,0.0844873860478401,0.0734312832355499,0.131715923547745,0,-0.0146623887121677,-0.027319798246026,0.0140189547091722,0.0731732025742531,-0.0164222214370966,0.107893638312817,-0.0243431255221367,0.00638799695298076,0.0047568753361702,-0.0263140089809895,-0.0263439659029245,-0.015026131644845,-0.00888404250144958,-0.0193851720541716,0.0372485145926476,0.00751484651118517,-0.0368682667613029,-0.0507579296827316,-0.010854578576982,0.0292087122797966,0.0246639959514141,-0.0411974824965,-0.0031526533421129,0.0359226875007153,0.0335369743406773,0.0686312317848206,0.0521404668688774,0.0253022983670235,0.0444381833076477,0.0389460101723671,0.042878657579422,0.0141630722209811,-0.00605977466329932,0.0796083807945251,-0.0439181253314018,-0.0140149379149079,0.0555510260164738,0.101850979030132,-0.0195643752813339,0.0920860394835472,-0.00870435032993555,0.010670660994947,-0.000958976976107806,-0.0150219025090337,-0.0192228611558676,-0.0086919330060482,0.0036098884884268,-0.0163732767105103,0.0205957479774952,0.0111601520329714,-0.0259368531405926,-0.0357696525752544,-0.0125931166112423,0.0449488312005997,0.0574484467506409,-0.0381130576133728,0.0309741348028183,0.0478997714817524,0.0338550917804241,0.0639829561114311,0.0508911535143852,0.0263409875333309,0.0571889020502567,0.0485331974923611,0.0685702934861183,-0.00363996136002243,-0.0075127175077796,0.0923152640461922,-0.0188902355730534,-0.020285252481699,0.0476949624717236,0.105724364519119
-0.0163887608796358,-0.00675983773544431,0.00915238633751869,0.00128707545809448,-0.00969456136226654,0.452189594507217,0.186323240399361,0.0296121295541525,0.0628615692257881,0.0206101313233376,-0.00770160974934697,0.0219436138868332,-0.00225528888404369,-0.0146623887121677,0,0.235057011246681,0.0435419306159019,0.0613575093448162,0.0431613586843014,0.0178573112934828,0.100203916430473,0.0461754947900772,0.111202783882618,0.216273277997971,0.196527719497681,0.0994365587830544,0.314682483673096,0.084379069507122,0.0367848128080368,0.0652800127863884,0.314982146024704,0.159147500991821,0.271210461854935,0.105929836630821,-0.0806482508778572,-0.02065284922719,-0.0776360183954239,0.0180066265165806,0.11973299831152,0.0475753247737885,0.0901022553443909,0.235400557518005,0.219909146428108,-0.0913373827934265,0.117541387677193,0.0566972866654396,0.215450748801231,-0.144449591636658,0.0466196089982986,0.129715263843536,0.0784976929426193,0.0859813466668129,0.0483443140983582,0.0307734739035368,0.0369340442121029,0.0373554900288582,0.117246195673943,0.211723282933235,0.136858031153679,0.117958769202232,0.304293900728226,0.0712956115603447,0.0330483615398407,0.0575809367001057,0.274660766124725,0.134321510791779,0.279294401407242,0.0808570384979248,-0.112786039710045,-0.0636409595608711,-0.0921023115515709,0.00771596888080239,0.146431282162666,0.0380837321281433,0.0862549543380737,0.23045502603054,0.165995553135872,-0.0841876789927483,0.0772054344415665,0.0447205454111099,0.21944959461689,-0.124196961522102,0.0389366783201694,0.139705449342728,0.0765942186117172,0.0780153200030327
-0.105696149170399,-0.105838350951672,-0.0319202281534672,-0.0118622938171029,-0.0244366526603699,0.199072405695915,0.268138647079468,0.0172094590961933,-0.017081605270505,-0.0729481428861618,-0.114438138902187,-0.0291765127331018,-0.0100932884961367,-0.027319798246026,0.235057011246681,0,0.0280076935887337,-0.0113258119672537,0.108179166913033,-0.0338072702288628,0.027920788154006,0.00635127769783139,0.0756012946367264,0.184271201491356,0.0293058510869741,0.107436247169971,-0.00212236912921071,0.0275855790823698,-0.0162241738289595,0.0161712002009153,0.138817101716995,0.114663042128086,0.0955259874463081,0.0608366727828979,-0.0158800706267357,0.0239560808986425,0.0307391602545977,-0.0696401000022888,0.097724549472332,-0.0976292788982391,0.118551187217236,-0.0411609411239624,0.00523835560306907,-0.146535441279411,0.0196047741919756,0.0312351603060961,0.216265067458153,-0.0816072523593903,0.033818706870079,0.112066976726055,0.0185329895466566,0.0459285527467728,0.114715538918972,-0.024443993344903,-0.0338335409760475,-0.0102198738604784,0.0472864173352718,0.193958267569542,-0.0192851349711418,0.118262805044651,-0.0104562388733029,0.0257650520652533,-0.0107408575713634,0.0175236295908689,0.108197264373302,0.0825620293617249,0.0994083732366562,0.0618353970348835,-0.0368971526622772,-0.0227281004190445,-0.00105325749609619,-0.078402929008007,0.115487284958363,-0.117557719349861,0.12525999546051,-0.040911853313446,-0.0261312052607536,-0.156616151332855,-0.0159577671438456,0.0352602824568748,0.229423254728317,-0.0916154980659485,0.0176708288490772,0.138072848320007,0.0085464296862483,0.0408965088427067
0.0357625558972359,0.0603444054722786,0.113140247762203,0.0944265201687813,0.0156161459162831,0.0435251779854298,-0.00119539292063564,0.104341395199299,0.0443283803761005,0.0209878459572792,0.0898538753390312,0.139979898929596,0.117541283369064,0.0140189547091722,0.0435419306159019,0.0280076935887337,0,0.0615514926612377,-0.0265598241239786,0.0901525840163231,-0.0553106367588043,0.0340508036315441,0.00791592430323362,-0.0120909586548805,-0.0355848483741283,-0.0435354970395565,0.0736456289887428,0.0267743747681379,0.0183644648641348,0.0310743115842342,0.0578255616128445,-0.059387382119894,0.000302154570817947,0.0214720815420151,-0.0223386082798243,-0.0742166638374329,-0.0535119995474815,0.0408004559576511,0.0192388612776995,0.0453062802553177,0.0108607662841678,0.0548303760588169,0.123112805187702,-0.0239491742104292,0.0126486485823989,0.0014533995417878,0.0253889299929142,-0.0261659678071737,-0.00481864251196384,-0.00600269809365273,0.0448539406061172,0.064211867749691,-0.00996807869523764,0.0831868052482605,-0.0509800016880035,0.0340260341763496,-0.0016367327189073,0.00927163381129503,-0.0399402305483818,-0.020745974034071,0.0577055476605892,0.027878450229764,0.0137195512652397,0.0222767516970634,0.0482660159468651,-0.0564160645008087,0.0197346247732639,0.0372090861201286,-0.0244350284337997,-0.10619093477726,-0.037019819021225,0.0476658008992672,0.0112545788288116,0.0551863238215446,0.0124121718108654,0.055257260799408,0.113444715738297,-0.00258751190267503,-0.00109715154394507,0.00510471360757947,0.0249251462519169,0.0160308238118887,-0.0151010192930698,-0.00658268202096224,0.0564454197883606,0.0712588876485825
0.252795904874802,0.217437446117401,0.133204743266106,0.137955695390701,0.0487625636160374,0.0695668309926987,-0.0305516440421343,0.0617955401539803,0.180138990283012,0.22423954308033,0.231521591544151,0.133898690342903,0.136671602725983,0.0731732025742531,0.0613575093448162,-0.0113258119672537,0.0615514926612377,0,-0.0316800661385059,0.151363283395767,0.0503882803022861,0.0469418093562126,0.0382452383637428,0.00612431950867176,0.0544994249939919,0.031159233301878,0.112680532038212,-0.0152371264994144,0.0967948362231255,0.0744299814105034,0.0106539307162166,-0.0229617711156607,0.0693495348095894,0.0533105991780758,0.0492979288101196,-0.0324598886072636,0.019773755222559,0.142216801643372,0.0584793724119663,0.155690744519234,0.0556848533451557,0.151207566261292,0.119672670960426,0.111239217221737,0.0908840522170067,0.039338830858469,0.0358126796782017,0.135756745934486,-0.026329105719924,0.0257333498448133,0.152492791414261,0.170151427388191,0.0030715202447027,0.165949106216431,0.0868178978562355,0.0473789721727371,0.01523416955024,-0.00963816046714783,0.0917888730764389,0.024813225492835,0.129871517419815,-0.00799947418272495,0.108555488288403,0.0572768822312355,0.0596000663936138,0.0146764069795609,0.0586882568895817,0.0878768116235733,0.103697769343853,0.0114096533507109,0.078257329761982,0.148286730051041,0.0564146041870117,0.173715502023697,0.062505342066288,0.170561492443085,0.133215084671974,0.133849695324898,0.148104682564735,0.0219301898032427,0.0454888008534908,0.146115809679031,0.00638551637530327,-0.00730806821957231,0.140471294522285,0.194579318165779
-0.140897437930107,-0.0939588472247124,-0.0132630178704858,-0.0407641418278217,-0.0143349068239331,0.0782234072685242,0.132323354482651,-0.0326320976018906,-0.0249430220574141,-0.0507865399122238,-0.162836804986,-0.0591264441609383,-0.0409494303166866,-0.0164222214370966,0.0431613586843014,0.108179166913033,-0.0265598241239786,-0.0316800661385059,0,-0.056212242692709,0.228673785924911,-0.0122715523466468,0.0253964588046074,0.254969924688339,0.2116769105196,0.27725225687027,-0.105999052524567,0.0348434150218964,0.042802594602108,0.0210814606398344,0.0756235122680664,0.595375835895538,0.000364112172974274,-0.0448973849415779,0.421586781740189,0.140683323144913,0.508183598518372,-0.0683754235506058,0.0309924520552158,-0.105651371181011,0.0987537354230881,-0.0321804955601692,-0.0981993675231934,-0.0740853995084763,0.179000288248062,-0.00737640494480729,0.680663347244263,0.131900504231453,0.136121764779091,0.162127405405045,0.125543415546417,0.102437242865562,0.633301317691803,-0.0446054972708225,0.0308872498571873,-0.031635794788599,0.0136586409062147,0.193577960133553,0.0369638353586197,0.200942277908325,-0.138202875852585,0.0364737994968891,0.00438574515283108,0.0236228555440903,-0.0126976436004043,0.427430301904678,0.00501603726297617,-0.0283432062715292,0.172734305262566,0.185107260942459,0.300094217061996,-0.0912546291947365,0.0946378782391548,-0.161820277571678,0.0755197778344154,-0.0877475962042809,-0.0877937376499176,-0.0919467136263847,0.0816541537642479,-0.0280121620744467,0.564365744590759,-0.012281353585422,0.0885734334588051,0.178409591317177,0.158718779683113,0.0806858018040657
0.220784589648247,0.25465315580368,0.205554530024529,0.295146703720093,0.0912935733795166,0.0312965698540211,-0.0347026214003563,0.0998300313949585,0.1618372797966,0.199016243219376,0.280081301927567,0.206239506602287,0.26060152053833,0.107893638312817,0.0178573112934828,-0.0338072702288628,0.0901525840163231,0.151363283395767,-0.056212242692709,0,-0.082105316221714,0.135977655649185,0.0464372932910919,0.00514733325690031,-0.174201264977455,-0.0182620920240879,-0.00501952646300197,0.0134384045377374,0.262287855148315,0.150916084647179,-0.0933884605765343,-0.301737606525421,0.00842667650431395,0.28866258263588,0.22179839015007,-0.214876547455788,0.0290727689862251,0.22543103992939,0.212048336863518,0.422827810049057,0.317306339740753,0.0929703041911125,0.297130942344666,0.260143131017685,0.320725947618484,0.222930788993835,0.0750748813152313,0.409106850624084,-0.151267156004906,-0.0478833056986332,0.286977916955948,0.544304728507996,0.0282574482262135,0.581487536430359,-0.1316287368536,0.14582185447216,0.00393126113340259,-0.0258814729750156,-0.182396680116653,-0.0359182022511959,0.0191308166831732,0.0405746288597584,0.197910562157631,0.119884483516216,-0.047919575124979,-0.280853509902954,0.0053609162569046,0.280209809541702,0.279056161642075,-0.231448099017143,0.10574446618557,0.226531386375427,0.169229775667191,0.429849624633789,0.303695321083069,0.11541997641325,0.303088337182999,0.224724605679512,0.245622396469116,0.176948204636574,0.0675261691212654,0.422795057296753,-0.169204100966454,-0.0949173718690872,0.231539383530617,0.52582323551178
0.0932817086577415,0.0465691313147545,0.126382440328598,-0.0211402401328087,0.00555114634335041,0.130170658230782,0.0295043271034956,-0.0644279792904854,0.0180035252124071,0.31267899274826,-0.00947947334498167,0.06404959410429,-0.0235151331871748,-0.0243431255221367,0.100203916430473,0.027920788154006,-0.0553106367588043,0.0503882803022861,0.228673785924911,-0.082105316221714,0,-0.161326289176941,0.058282732963562,0.180558055639267,0.698312759399414,0.567794561386108,0.208365470170975,-0.0786089673638344,0.30013382434845,-0.10521374642849,0.0794089809060097,0.457985609769821,0.158782288432121,-0.10828223079443,0.587591528892517,0.46563658118248,0.530064463615417,-0.107825249433517,-0.0638985708355904,0.108647264540195,0.113906987011433,0.323632597923279,-0.0313997268676758,0.660123825073242,0.396737188100815,0.353687971830368,0.0488422252237797,0.407181113958359,0.0371090471744537,-0.00131848931778222,-0.0127602899447083,-0.013903770595789,0.00139381235931069,-0.101914778351784,0.673040926456451,-0.215284004807472,0.0610539764165878,0.0826511904597282,0.489057570695877,0.265088230371475,0.0786909610033035,-0.0660138055682182,0.12796787917614,-0.114432826638222,0.0230240132659674,0.255513727664948,0.108083158731461,-0.108613029122353,0.342044562101364,0.334885835647583,0.295211136341095,-0.103069692850113,-0.0364410094916821,-0.00687322672456503,0.0277939848601818,0.176576629281044,-0.0999317616224289,0.319528073072433,0.113332100212574,0.120207712054253,0.017694778740406,0.0943200588226318,0.0677392408251762,-0.000469057791633531,0.00215491838753223,-0.0341009981930256
-0.0500897094607353,0.0715967565774918,-0.013019953854382,0.0225324239581823,0.0126704853028059,0.0528095066547394,-0.000276782084256411,0.0128199448809028,0.0451896004378796,-0.0253087673336267,0.0585810877382755,-0.0119016692042351,0.0143048502504826,0.00638799695298076,0.0461754947900772,0.00635127769783139,0.0340508036315441,0.0469418093562126,-0.0122715523466468,0.135977655649185,-0.161326289176941,0,-0.00603387365117669,0.254932224750519,-0.0635362416505814,-0.177769288420677,0.079887717962265,0.0954948514699936,0.00235139694996178,0.918359518051147,-0.0162724275141954,-0.212531685829163,0.169887810945511,0.31856033205986,-0.106324069201946,-0.208457663655281,-0.151248171925545,0.877819836139679,0.268869608640671,0.0216739643365145,0.228442937135696,0.224475756287575,0.0505852103233337,-0.0633435621857643,0.0184774473309517,0.620348811149597,0.104718908667564,-0.0418132692575455,-0.0596882998943329,-0.0107982037588954,0.150533929467201,0.189279615879059,0.0596560873091221,0.145175591111183,-0.282005041837692,0.970373272895813,-0.0222037099301815,0.283927857875824,-0.160448610782623,-0.11148677021265,0.11498848348856,0.151144847273827,-0.0488187931478024,0.907509028911591,-0.0182307567447424,-0.23041632771492,0.170648321509361,0.29232394695282,-0.131784468889236,-0.254308342933655,-0.183983206748962,0.830043613910675,0.30965656042099,0.0235803443938494,0.253980606794357,0.263228416442871,0.0624091811478138,-0.12994858622551,-0.0618415139615536,0.55283385515213,0.109531961381435,0.00123440416064113,-0.0983271896839142,-0.00973117910325527,0.137002423405647,0.156778857111931
0.0167228057980537,0.0174508970230818,-0.00314256083220243,0.00771456165239215,0.00533935381099582,0.130986526608467,0.0717442557215691,-0.00101273006293923,0.0183870811015368,0.0389128997921944,0.0208072699606419,-0.0123079549521208,0.014562951400876,0.0047568753361702,0.111202783882618,0.0756012946367264,0.00791592430323362,0.0382452383637428,0.0253964588046074,0.0464372932910919,0.058282732963562,-0.00603387365117669,0,0.158096984028816,0.108412533998489,0.127905204892159,0.0540456250309944,0.0218237247318029,0.0842158496379852,0.0173433125019073,0.0886215195059776,0.0969536677002907,0.10044527053833,0.0376475490629673,0.0553953535854816,0.042652789503336,0.0629318580031395,0.000584430934395641,0.0480951368808746,0.0415070094168186,0.0592317283153534,0.0321134179830551,0.0612150356173515,0.023955263197422,0.0676938146352768,0.0652413070201874,0.112095758318901,0.0414137691259384,0.0388835929334164,0.0983691290020943,0.0458423607051373,0.093375951051712,0.0253390297293663,0.0216579828411341,0.0357725284993649,-0.0189823620021343,0.0586682669818401,0.126245185732841,0.0698068216443062,0.112522885203362,0.0576730407774448,0.00221647508442402,0.0570905990898609,0.0158897787332535,0.0830269455909729,0.0739993453025818,0.0719952210783958,0.00627375626936555,0.046813003718853,0.0288393292576075,0.0402224957942963,-0.00803834944963455,0.0416303537786007,0.030128812417388,0.0465923473238945,0.0510939583182335,0.0262188296765089,0.00100911699701101,0.0528871603310108,0.0465065166354179,0.0729899331927299,0.0235287435352802,0.027991434559226,0.0527450740337372,0.0223232507705688,0.0803142562508583
-0.0818491727113724,-0.084361732006073,-0.0644691064953804,-0.029459934681654,-0.0108687160536647,0.221685916185379,0.186655327677727,-0.021696213632822,-0.000287575647234917,-0.136590763926506,-0.0987673699855804,-0.0780398398637772,-0.0422898642718792,-0.0263140089809895,0.216273277997971,0.184271201491356,-0.0120909586548805,0.00612431950867176,0.254969924688339,0.00514733325690031,0.180558055639267,0.254932224750519,0.158096984028816,0,0.283486843109131,0.348125010728836,0.0772583857178688,0.476569265127182,0.0562777630984783,0.455007195472717,0.179389283061028,0.18209233880043,0.350196331739426,0.0747449547052383,0.0922073200345039,0.0106748910620809,0.0825223848223686,0.206261083483696,0.118945270776749,-0.0832359567284584,0.154454857110977,0.0728422850370407,0.0298705212771893,-0.0812292322516441,0.0288191381841898,0.454395085573196,0.341726660728455,-0.0344924591481686,0.0619760602712631,0.145499065518379,0.0989015251398087,0.130210027098656,0.28791207075119,0.0184719674289227,0.0183550696820021,0.231207519769669,0.120543017983437,0.812844157218933,0.140000894665718,0.361103445291519,0.0786554515361786,0.431169003248215,0.063324011862278,0.467666804790497,0.156759694218636,0.173222482204437,0.357733726501465,0.0793919414281845,0.0681935623288155,-0.0388939566910267,0.105442821979523,0.145434588193893,0.156563743948936,-0.0681923776865005,0.176804751157761,0.132768630981445,0.0376451648771763,-0.0945212170481682,0.00950121693313122,0.436333656311035,0.277598321437836,-0.0498956292867661,0.0283905193209648,0.138424426317215,0.0784976705908775,0.0986270681023598
