0,0.350097924470901,0.262100219726562,0.272881060838699,0.0804480165243149,-0.00355552602559328,-0.090705931186676,0.0610343478620052,0.214174330234528,0.728021264076233,0.426087647676468,0.351730942726135,0.284242331981659,0.106384001672268,0.0075066345743835,-0.0921725407242775,0.0422990284860134,0.262819081544876,-0.147730320692062,0.233375400304794,0.0897196605801582,-0.0295557770878077,0.0333011746406555,-0.0476143807172775,0.0787167325615883,0.150050356984138,0.105551704764366,0.0131935346871614,0.21872191131115,0.00447027385234833,-0.136244267225266,-0.0966861918568611,0.0218112599104643,0.118991412222385,0.137366324663162,-0.0387646332383156,0.0434519089758396,0.104979485273361,0.0667489543557167,0.363923788070679,0.101135663688183,0.193706139922142,0.0977151244878769,0.378793150186539,0.0744893476366997,0.169335812330246,-0.137807250022888,0.375878304243088,-0.095124214887619,-0.0599456802010536,0.0668048560619354,0.253752648830414,-0.0648339316248894,0.284243315458298,0.437476396560669,-0.0292380955070257,0.0423447079956532,-0.0760763734579086,0.37504443526268,0.245392546057701,0.188029512763023,-0.0101061752066016,0.349745452404022,-0.0332361534237862,-0.0204894281923771,0.133496075868607,0.0272712726145983,0.134272783994675,0.419078260660172,0.214531645178795,0.313599020242691,0.117106631398201,0.0700626969337463,0.444845110177994,0.181192457675934,0.313106298446655,0.175855115056038,0.60193282365799,0.411814719438553,0.186739832162857,-0.106751717627048,0.547097206115723,0.0211430247873068,-0.0764451026916504,0.0759731084108353,0.30143478512764
0.350097924470901,0,0.249664664268494,0.279425829648972,0.109504356980324,0.017051225528121,-0.0805473700165749,0.0671075731515884,0.223420962691307,0.356583893299103,0.473214983940125,0.270854979753494,0.259247869253159,0.0956144258379936,-0.00184640171937644,-0.0942285060882568,0.0535836964845657,0.208058312535286,-0.0901493951678276,0.263729721307755,0.0675254687666893,0.0775943621993065,0.0283436570316553,-0.0445364490151405,0.0725930035114288,0.0666960328817368,0.136105105280876,0.0761120840907097,0.168670833110809,0.120128244161606,-0.0282417703419924,-0.0869483798742294,0.0229033138602972,0.152920812368393,0.153135553002357,-0.0584237650036812,0.0322678834199905,0.216195866465569,0.121198289096355,0.332806587219238,0.131646052002907,0.194318875670433,0.159123733639717,0.241712644696236,0.191591575741768,0.128281712532043,-0.0837390571832657,0.264017760753632,-0.0423502884805202,-0.048417866230011,0.175237879157066,0.301389217376709,-0.120831094682217,0.267000138759613,0.0773657336831093,0.0719563961029053,0.0220846999436617,-0.0729088112711906,0.0689042508602142,0.0114843640476465,0.115339018404484,0.0711506903171539,0.148090481758118,0.0800757110118866,-0.0155119067057967,-0.0803807824850082,-0.00509292492642999,0.0838643983006477,0.191280886530876,-0.0293686520308256,0.0924647003412247,0.245873853564262,0.075367771089077,0.318253934383392,0.103887014091015,0.17818620800972,0.14640599489212,0.206172659993172,0.170354321599007,0.0673593729734421,-0.0991604849696159,0.247697740793228,-0.0404904410243034,-0.0594992972910404,0.157959282398224,0.278542727231979
0.262100219726562,0.249664664268494,0,0.371093392372131,0.0892791375517845,0.031897097826004,-0.0270118527114391,0.142446249723434,0.139780461788177,0.275712370872498,0.26167169213295,0.55650806427002,0.355541706085205,0.0659939795732498,0.0292229373008013,-0.0310020055621862,0.113819248974323,0.150039404630661,-0.0222410466521978,0.204299986362457,0.125522196292877,0.0048125758767128,0.0105608655139804,-0.0315725281834602,0.0373873636126518,0.0596009828150272,0.0756815671920776,0.00271077710203826,0.207024022936821,0.0263322722166777,-0.00558612449094653,-0.0661411434412003,-0.0186704266816378,0.0611083619296551,0.24955777823925,-0.000536361651029438,0.142127469182014,0.0790366232395172,0.0207468345761299,0.204629078507423,0.101540476083755,0.0887106955051422,0.175321936607361,0.263106316328049,0.22004297375679,0.0689034834504128,-0.055127676576376,0.209757179021835,-0.0490541644394398,-0.0465140640735626,0.0830441638827324,0.200631111860275,-0.0323602966964245,0.184390738606453,0.109167836606503,-0.0109685249626637,0.035764642059803,-0.0582411475479603,0.0296560805290937,0.0295502208173275,0.0544308759272099,0.0152250612154603,0.169920057058334,-0.00189432268962264,-0.00331983808428049,-0.0713940337300301,-0.0117372749373317,0.0313194282352924,0.209011673927307,-0.0234407056123018,0.142401829361916,0.089621938765049,0.000965613580774516,0.19740355014801,0.106374405324459,0.0681495368480682,0.125162124633789,0.178033843636513,0.165232747793198,0.0237470958381891,-0.0584662109613419,0.199033588171005,-0.063519187271595,-0.0500181652605534,0.0900943651795387,0.18931557238102
0.272881060838699,0.279425829648972,0.371093392372131,0,0.177442505955696,0.0148548865690827,-0.00545493327081203,0.1058514341712,0.138206526637077,0.249569788575172,0.280557841062546,0.356478244066238,0.634412944316864,0.119078978896141,0.00432594539597631,-0.0139514897018671,0.0917323082685471,0.14380918443203,-0.0502137318253517,0.300816118717194,-0.0179147161543369,0.0330969020724297,0.0178754851222038,-0.00731205567717552,-0.0931216403841972,0.0294961296021938,-0.00312149384990335,0.0396236255764961,0.154564440250397,0.0474844574928284,-0.034315962344408,-0.153946965932846,-0.0184552166610956,0.188336968421936,0.203756242990494,-0.0881604179739952,0.0656065717339516,0.110794149339199,0.198621615767479,0.200255066156387,0.313165783882141,0.022932605817914,0.123176462948322,0.173568621277809,0.177828043699265,0.121813111007214,0.0131798516958952,0.269133716821671,-0.0724750012159348,-0.0149974720552564,0.152000606060028,0.365568786859512,-0.0212985649704933,0.295472383499146,0.00843343045562506,0.0374176725745201,0.0200129598379135,-0.024856261909008,-0.0607805252075195,-0.00566311087459326,-0.0028859581798315,0.0493881888687611,0.15018005669117,0.0313728265464306,-0.0359472744166851,-0.1372299939394,0.00288163544610143,0.153043493628502,0.2736996114254,-0.0687282755970955,0.151216626167297,0.130251690745354,0.141291052103043,0.241274297237396,0.292310208082199,0.0505980141460896,0.119000419974327,0.179064095020294,0.174477726221085,0.108082160353661,-0.0103229396045208,0.318776726722717,-0.0700842961668968,-0.051736731082201,0.138729393482208,0.355519026517868
0.0804480165243149,0.109504356980324,0.0892791375517845,0.177442505955696,0,-0.00386575912125409,-0.0170634631067514,0.019881309941411,0.0538675934076309,0.0904833748936653,0.0983964800834656,0.0941839069128036,0.152194052934647,0.0427610464394093,-0.00719386572018266,-0.0258752852678299,0.0138366436585784,0.0535277239978313,-0.0189444217830896,0.0999106466770172,0.00451583508402109,0.00815858133137226,0.0127705493941903,-0.00804269593209028,-0.0198209248483181,0.00586652895435691,-0.0122927511110902,-0.00654686568304896,0.0731164067983627,0.0107031995430589,-0.0304141398519278,-0.0346696563065052,-0.00919966399669647,0.0241251196712255,0.0762040838599205,4.49949875473976e-05,0.0474622324109077,0.0470007210969925,0.078670509159565,0.092389851808548,0.101513028144836,0.00874508079141378,0.0504716411232948,0.0740829259157181,0.0699309334158897,0.0238918997347355,0.0165651328861713,0.11124212294817,-0.0338573381304741,-0.0196712594479322,0.0642927289009094,0.145092517137527,-0.0133535219356418,0.112287685275078,-0.0136779705062509,0.00117457925807685,-0.00932072382420301,-0.0258093476295471,-0.0358230397105217,-0.00653639668598771,-0.0127244051545858,0.00319133349694312,0.058507177978754,-0.00289270677603781,-0.0279258843511343,-0.0467748902738094,-0.0143509665504098,0.0313154831528664,0.0909884348511696,-0.0115741435438395,0.0620077848434448,0.0466890931129456,0.0609600991010666,0.0795590579509735,0.0864208862185478,-0.00147772009950131,0.0226954761892557,0.0490642338991165,0.0512910671532154,0.00563983060419559,-0.00904946587979794,0.110969938337803,-0.0379545316100121,-0.0184937976300716,0.044350266456604,0.129303082823753
-0.00355552602559328,0.017051225528121,0.031897097826004,0.0148548865690827,-0.00386575912125409,0,0.171434417366982,0.0235868748277426,0.086835153400898,0.0525990650057793,0.00823653675615788,0.0258703529834747,0.00620372733101249,-0.0174069125205278,0.432910978794098,0.164962023496628,0.0448901988565922,0.0705074965953827,0.0612735413014889,0.0371950156986713,0.130457803606987,0.0894609317183495,0.135343581438065,0.218784675002098,0.230226054787636,0.128519326448441,0.334333837032318,0.117155320942402,0.0691910609602928,0.110663570463657,0.304983913898468,0.201391145586967,0.271878749132156,0.080624982714653,-0.0443104058504105,0.0128976004198194,-0.0292571876198053,0.0698043406009674,0.0992146879434586,0.0928584113717079,0.0535109750926495,0.26251956820488,0.236011952161789,-0.0122484937310219,0.152571439743042,0.0818765014410019,0.211168691515923,-0.0831725895404816,0.0594495385885239,0.148263826966286,0.0946800485253334,0.07151959836483,0.0440164469182491,0.0231279563158751,0.00277519901283085,0.0691652968525887,0.0884434580802917,0.2059685587883,0.126975119113922,0.0918432250618935,0.284359693527222,0.119280003011227,0.00687850685790181,0.0966158583760262,0.277715533971786,0.130597293376923,0.231522858142853,0.0733907222747803,-0.124967806041241,-0.0591958798468113,-0.0992632731795311,0.0490541011095047,0.102043837308884,0.0417148172855377,0.0511551015079021,0.217207685112953,0.154502049088478,-0.0899275913834572,0.0577557496726513,0.0472562573850155,0.181083023548126,-0.116557434201241,0.0554163679480553,0.126074105501175,0.0859050005674362,0.0489128604531288
-0.090705931186676,-0.0805473700165749,-0.0270118527114391,-0.00545493327081203,-0.0170634631067514,0.171434417366982,0,-0.00763128232210875,-0.00953266955912113,-0.0417094714939594,-0.097571387887001,-0.0454813428223133,-0.022657860070467,-0.0213114265352488,0.171579018235207,0.247779697179794,-0.00636619655415416,-0.0269973091781139,0.140832602977753,-0.0405804738402367,0.0487230867147446,0.0202926769852638,0.0750239491462708,0.173254370689392,0.0570099949836731,0.130890443921089,-0.0089263878762722,0.0712427571415901,0.00408704346045852,0.0323885232210159,0.158712908625603,0.166061788797379,0.0693675130605698,0.0244133956730366,0.0108045348897576,0.0742124542593956,0.0661190897226334,-0.0137559538707137,0.0629615262150764,-0.121280819177628,0.0653911978006363,-0.0442176423966885,0.000388117477996275,-0.134704515337944,0.04343556240201,0.0261592995375395,0.223869159817696,-0.0793162882328033,0.0434494018554688,0.127936601638794,0.00767546333372593,0.022527139633894,0.0968526974320412,-0.0513151697814465,-0.0701628848910332,0.015136182308197,0.0370904505252838,0.155855759978294,-0.0446629300713539,0.070056140422821,-0.027467492967844,0.0603478737175465,-0.0321996062994003,0.0287222750484943,0.0849660038948059,0.081298254430294,0.0485026128590107,0.024719312787056,-0.0704650953412056,-0.0242364499717951,-0.0342183262109756,-0.0335544161498547,0.0651690661907196,-0.141792714595795,0.0715202018618584,-0.0651502832770348,-0.0241347569972277,-0.186253875494003,-0.035065058618784,0.0330846235156059,0.187301576137543,-0.137038603425026,0.0257867276668549,0.111032068729401,-0.00483718747273088,-0.0129454461857677
0.0610343478620052,0.0671075731515884,0.142446249723434,0.1058514341712,0.019881309941411,0.0235868748277426,-0.00763128232210875,0,0.0503464713692665,0.0393959358334541,0.0760162994265556,0.128603056073189,0.101383171975613,0.0168470628559589,0.0361234396696091,0.00610080873593688,0.107640884816647,0.0624124072492123,-0.0359754674136639,0.0861647874116898,-0.0618291571736336,0.0209819097071886,0.000241035595536232,-0.00788847729563713,-0.0455733425915241,-0.0211573150008917,0.0508033968508244,0.0153041705489159,0.0225968901067972,0.0120454924181104,0.0637023523449898,-0.0584009066224098,0.0275221187621355,0.0513581410050392,-0.0234568119049072,-0.0838780999183655,-0.0772203877568245,0.044965036213398,0.025838466361165,0.0701615735888481,0.0203565414994955,0.0458632931113243,0.127372995018959,-0.00463590817525983,0.00916161201894283,0.00891130976378918,0.0150697184726596,-0.00291920080780983,-0.00312653183937073,-0.00150821800343692,0.0459139198064804,0.0904925391077995,-0.0155156394466758,0.0795284435153008,-0.0394691713154316,0.0260946378111839,-0.00588349346071482,0.000519036257173866,-0.0186052415519953,0.00287986476905644,0.069572240114212,0.0306068062782288,0.0318050347268581,0.00546302367001772,0.0651204138994217,-0.0358986258506775,0.00968364346772432,0.0460746325552464,0.00220815511420369,-0.0864059403538704,-0.0135548412799835,0.0515539981424809,0.0173969604074955,0.0810794159770012,0.040021900087595,0.0630876123905182,0.106874614953995,0.0198180880397558,0.0316438339650631,0.0108478739857674,0.0197724588215351,0.0556145310401917,-0.0205019153654575,-0.0016746906330809,0.0573398843407631,0.0923319011926651
0.214174330234528,0.223420962691307,0.139780461788177,0.138206526637077,0.0538675934076309,0.086835153400898,-0.00953266955912113,0.0503464713692665,0,0.221217721700668,0.222348302602768,0.127953916788101,0.135034263134003,0.0424612164497375,0.0702555403113365,-0.0169748850166798,0.0478734597563744,0.186441659927368,-0.0363706201314926,0.165803238749504,0.0140383504331112,0.0674535632133484,0.0232476275414228,0.012578621506691,0.0323726497590542,0.0182240381836891,0.120848573744297,0.0181298740208149,0.0847858116030693,0.0930985808372498,0.0166625063866377,-0.0448358878493309,0.0640369579195976,0.117378853261471,0.0593555383384228,-0.0511615388095379,-5.50746917724609e-05,0.161030903458595,0.0938880518078804,0.191237896680832,0.0784307196736336,0.146112784743309,0.129648417234421,0.109532326459885,0.0886421501636505,0.0565794929862022,0.0162302404642105,0.121627822518349,-0.0272519905120134,-0.0193456336855888,0.123224228620529,0.1937395632267,-0.0321616306900978,0.170574009418488,0.0424439124763012,0.0582878813147545,0.0342218801379204,-0.00515534076839685,0.0555244348943233,0.0252729058265686,0.128034144639969,0.0142063740640879,0.101729452610016,0.0819581598043442,0.0521016642451286,-0.0123743154108524,0.0351993516087532,0.0643057003617287,0.097490668296814,-0.032087430357933,0.0491111986339092,0.163831040263176,0.0775694102048874,0.181600272655487,0.0741426795721054,0.162680551409721,0.133314058184624,0.109142281115055,0.11836014688015,0.0278655998408794,0.0124466009438038,0.155486702919006,-0.0351910963654518,5.1477923989296e-05,0.122912988066673,0.178037881851196
0.728021264076233,0.356583893299103,0.275712370872498,0.249569788575172,0.0904833748936653,0.0525990650057793,-0.0417094714939594,0.0393959358334541,0.221217721700668,0,0.326740354299545,0.272073894739151,0.207837104797363,0.0962136536836624,0.0520119443535805,-0.0486267060041428,0.0284619852900505,0.228800922632217,-0.0476049222052097,0.229820355772972,0.288868576288223,-0.0172996260225773,0.0541534759104252,-0.0860190242528915,0.24369777739048,0.242361053824425,0.148884266614914,-0.0889548361301422,0.231675267219543,-0.0067538577131927,-0.00815447978675365,0.0698065087199211,0.048035379499197,0.185368090867996,0.267230272293091,0.114274233579636,0.220145404338837,0.106344476342201,0.243308007717133,0.316160529851913,0.274206638336182,0.250237911939621,0.0922358855605125,0.484370738267899,0.317199259996414,0.230624184012413,-0.118556454777718,0.41917422413826,-0.0114651853218675,-0.00182830996345729,0.0500731952488422,0.235544607043266,-0.157036378979683,0.168831914663315,0.153724446892738,-0.0301988292485476,0.0279900617897511,-0.100003331899643,0.12894369661808,0.130122900009155,0.0947691798210144,-0.049976758658886,0.118472054600716,-0.0216923411935568,-0.0243861675262451,0.0159816164523363,0.0260101109743118,0.118854947388172,0.159724295139313,0.0484435446560383,0.0742849186062813,0.119519256055355,0.144917547702789,0.25260990858078,0.165703326463699,0.155053913593292,0.0528973266482353,0.247239381074905,0.109881363809109,0.0698167532682419,-0.10241425037384,0.330466210842133,-0.0254086703062057,-0.0486964099109173,0.0673322975635529,0.200581043958664
0.426087647676468,0.473214983940125,0.26167169213295,0.280557841062546,0.0983964800834656,0.00823653675615788,-0.097571387887001,0.0760162994265556,0.222348302602768,0.326740354299545,0,0.322815209627151,0.305969655513763,0.106979295611382,0.00470216665416956,-0.107953317463398,0.0896744802594185,0.240780740976334,-0.177570074796677,0.289104431867599,0.00534921977669001,0.0649932026863098,0.0283788405358791,-0.0511278435587883,0.0261870007961988,0.00913560856133699,0.142402231693268,0.0624339543282986,0.149801060557365,0.111404359340668,-0.0522057674825191,-0.164661973714828,0.0243857800960541,0.105578064918518,0.0743866860866547,-0.129796639084816,-0.0378230512142181,0.22585129737854,0.0490726307034492,0.340613692998886,0.0802948996424675,0.202340304851532,0.186334818601608,0.219000324606895,0.0969351977109909,0.104258485138416,-0.126002907752991,0.248471215367317,-0.0788107886910439,-0.0669939070940018,0.174125716090202,0.297288835048676,-0.136179596185684,0.312555015087128,0.166002348065376,0.0741207748651505,0.0140612088143826,-0.0799749940633774,0.161392912268639,0.0247016549110413,0.181775003671646,0.0416307337582111,0.208502918481827,0.0756358280777931,-0.00392611930146813,-0.0483530089259148,0.0225726496428251,0.119909301400185,0.271416842937469,0.00414459640160203,0.171035468578339,0.259288847446442,0.0345227420330048,0.398375391960144,0.11556338518858,0.260523527860641,0.200444117188454,0.324174374341965,0.271704941987991,0.0860373377799988,-0.108898617327213,0.338343024253845,-0.0303122662007809,-0.0895451828837395,0.176106706261635,0.316802024841309
0.351730942726135,0.270854979753494,0.55650806427002,0.356478244066238,0.0941839069128036,0.0258703529834747,-0.0454813428223133,0.128603056073189,0.127953916788101,0.272073894739151,0.322815209627151,0,0.376495987176895,0.0827774628996849,0.0308144595474005,-0.0345705412328243,0.140133678913116,0.14707949757576,-0.0714767724275589,0.206715330481529,0.0673020780086517,-0.0167935714125633,-0.00496536120772362,-0.0470432341098785,0.00508856307715178,0.0416668839752674,0.0826706290245056,0.0138307036831975,0.201756626367569,0.0166491139680147,-0.0435937196016312,-0.130434036254883,-0.0178497210144997,0.0427742078900337,0.20676551759243,-0.0456898547708988,0.104374080896378,0.0848502293229103,0.0202115513384342,0.222184300422668,0.0830330476164818,0.0730092152953148,0.181366205215454,0.240888386964798,0.135110422968864,0.0827206969261169,-0.0737683773040771,0.204559594392776,-0.084143802523613,-0.0660489946603775,0.085050605237484,0.21139569580555,-0.0325406454503536,0.245060682296753,0.186418473720551,-0.0396620184183121,0.022509416565299,-0.0675692111253738,0.0947415456175804,0.0635622888803482,0.0824908465147018,0.00133101094979793,0.245816990733147,-0.0142134567722678,0.00175118737388402,-0.0411775633692741,0.0155917657539248,0.0491923727095127,0.284794449806213,0.048920139670372,0.22651769220829,0.0959270894527435,-0.0294670723378658,0.267139583826065,0.0928801074624062,0.119507275521755,0.187392026185989,0.290629744529724,0.241764858365059,0.0464733652770519,-0.0781318247318268,0.264123052358627,-0.0581168569624424,-0.0533987656235695,0.0745046362280846,0.232980996370316
0.284242331981659,0.259247869253159,0.355541706085205,0.634412944316864,0.152194052934647,0.00620372733101249,-0.022657860070467,0.101383171975613,0.135034263134003,0.207837104797363,0.305969655513763,0.376495987176895,0,0.140146896243095,0.0129618085920811,-0.00707116676494479,0.110492095351219,0.149628251791,-0.054869432002306,0.269738703966141,-0.0305549036711454,0.0358392931520939,0.0203860756009817,-0.00815653428435326,-0.0995721742510796,0.0201363768428564,-0.0191409047693014,0.06523147970438,0.145014196634293,0.0501189418137074,-0.0723886415362358,-0.163514837622643,-0.0197560898959637,0.169062897562981,0.173523515462875,-0.104957453906536,0.049813374876976,0.11596242338419,0.132148057222366,0.207003459334373,0.25295153260231,0.0048252996057272,0.10675960034132,0.149371802806854,0.131596863269806,0.112245015799999,-0.00583114381879568,0.24948713183403,-0.0890911221504211,-0.0417689234018326,0.147490650415421,0.338767200708389,0.00646864902228117,0.29950612783432,0.0202648788690567,0.0306690987199545,0.0210078172385693,-0.0068296380341053,-0.0490978844463825,0.0408565811812878,-0.0134763717651367,0.0627439469099045,0.18881231546402,0.0325807891786098,-0.0463669523596764,-0.123869352042675,-0.000866980059072375,0.164055094122887,0.307723015546799,-0.0535610392689705,0.189405456185341,0.133523270487785,0.140663579106331,0.243368491530418,0.31802561879158,0.0487121008336544,0.11996915191412,0.197321355342865,0.183570891618729,0.112212605774403,0.0211328286677599,0.337407648563385,-0.0922598764300346,-0.0447483398020267,0.141309544444084,0.391615688800812
0.106384001672268,0.0956144258379936,0.0659939795732498,0.119078978896141,0.0427610464394093,-0.0174069125205278,-0.0213114265352488,0.0168470628559589,0.0424612164497375,0.0962136536836624,0.106979295611382,0.0827774628996849,0.140146896243095,0,-0.00820559728890657,-0.0266919489949942,0.0085361460223794,0.0843782871961594,-0.0250824894756079,0.125152215361595,-0.0375842675566673,0.0139147331938148,0.0108146695420146,-0.0141453742980957,-0.0295685939490795,-0.0155056361109018,0.00734997168183327,-0.00844248477369547,0.0394618809223175,0.0171506330370903,-0.0370348133146763,-0.0555514469742775,-0.00441538076847792,0.0561358667910099,0.0343148522078991,-0.0413087643682957,-0.00393977109342813,0.0534007102251053,0.0603518150746822,0.0847589373588562,0.0716164112091064,0.031808253377676,0.0486389398574829,0.049322385340929,0.0524705909192562,0.0210698395967484,-0.00696309842169285,0.0875869616866112,-0.0396313108503819,-0.00984300207346678,0.0759737342596054,0.12230422347784,-0.0222596414387226,0.104515120387077,0.000879108672961593,0.0161330029368401,0.00768511416390538,-0.0153127973899245,-0.0102961780503392,-0.00302952248603106,0.0144878411665559,-0.00695846090093255,0.0329886376857758,0.0217616260051727,-0.0176289826631546,-0.0307604167610407,-0.00817481894046068,0.0634915977716446,0.0809745937585831,-0.032921276986599,0.0601046197116375,0.0686105638742447,0.0637246295809746,0.0863225013017654,0.08464664965868,0.0428341329097748,0.0634405761957169,0.0678219869732857,0.0891830176115036,0.00883738696575165,-0.0053984341211617,0.118380047380924,-0.0224120803177357,-0.0215469747781754,0.060959916561842,0.13130284845829
0.0075066345743835,-0.00184640171937644,0.0292229373008013,0.00432594539597631,-0.00719386572018266,0.432910978794098,0.171579018235207,0.0361234396696091,0.0702555403113365,0.0520119443535805,0.00470216665416956,0.0308144595474005,0.0129618085920811,-0.00820559728890657,0,0.206917703151703,0.0412346199154854,0.0646031722426414,0.0469205230474472,0.0273173898458481,0.121424853801727,0.0792015120387077,0.109784096479416,0.227299183607101,0.215334698557854,0.131489634513855,0.31843626499176,0.116170443594456,0.0649925097823143,0.0937349274754524,0.30518627166748,0.17231473326683,0.267135381698608,0.0775979608297348,-0.0479606799781322,-0.019491583108902,-0.0504151321947575,0.0549350641667843,0.0804858282208443,0.0769240334630013,0.0512507036328316,0.251789063215256,0.237206816673279,-0.0324416980147362,0.132641419768333,0.0820549875497818,0.211448773741722,-0.0998804047703743,0.0479106605052948,0.136193871498108,0.0757670924067497,0.0704616755247116,0.0525317452847958,0.0342614240944386,0.0531687662005424,0.0680951625108719,0.110521569848061,0.222107484936714,0.162739723920822,0.136689051985741,0.303232640028,0.104074537754059,0.0429068952798843,0.0873913764953613,0.270609766244888,0.155131712555885,0.274570167064667,0.0705043822526932,-0.0963807106018066,-0.0550259165465832,-0.080200120806694,0.0439006425440311,0.105874493718147,0.0633531585335732,0.0498940497636795,0.241114541888237,0.170982643961906,-0.0632951706647873,0.074140764772892,0.0767840221524239,0.20353838801384,-0.0980806350708008,0.0372443683445454,0.141284093260765,0.0787500515580177,0.0686767101287842
-0.0921725407242775,-0.0942285060882568,-0.0310020055621862,-0.0139514897018671,-0.0258752852678299,0.164962023496628,0.247779697179794,0.00610080873593688,-0.0169748850166798,-0.0486267060041428,-0.107953317463398,-0.0345705412328243,-0.00707116676494479,-0.0266919489949942,0.206917703151703,0,0.0151044307276607,-0.00424023391678929,0.108012825250626,-0.0387345217168331,0.0481957234442234,0.020206531509757,0.0710305422544479,0.168685272336006,0.0429666303098202,0.123259104788303,-0.0143873952329159,0.0289885345846415,0.00397154409438372,0.0272280741482973,0.132790148258209,0.128527954220772,0.0881959646940231,0.0261359214782715,-0.0010493315057829,0.0485327839851379,0.0492055080831051,-0.0537922903895378,0.0492096468806267,-0.107701450586319,0.0703687444329262,-0.0339331105351448,0.001549081527628,-0.111130572855473,0.032415434718132,0.0303243529051542,0.193220108747482,-0.0762013494968414,0.0406484752893448,0.108862526714802,0.00152082438580692,0.0187978912144899,0.10629653185606,-0.039843212813139,-0.0271464306861162,0.0082722008228302,0.043607521802187,0.18196015059948,-0.0140000125393271,0.122802332043648,-0.0234597362577915,0.027751637622714,-0.0121281957253814,0.0252676717936993,0.0966655015945435,0.0876668319106102,0.0958141312003136,0.0306087601929903,-0.036493394523859,-0.00838567968457937,0.00190928857773542,-0.0595526620745659,0.0692274495959282,-0.126924782991409,0.0779117196798325,-0.0540046505630016,-0.0290113836526871,-0.14569354057312,-0.0259303841739893,0.0418485701084137,0.204083055257797,-0.0998077169060707,0.0206734724342823,0.13280400633812,-0.0020602501463145,0.0135768465697765
0.0422990284860134,0.0535836964845657,0.113819248974323,0.0917323082685471,0.0138366436585784,0.0448901988565922,-0.00636619655415416,0.107640884816647,0.0478734597563744,0.0284619852900505,0.0896744802594185,0.140133678913116,0.110492095351219,0.0085361460223794,0.0412346199154854,0.0151044307276607,0,0.0616298504173756,-0.0229228902608156,0.0844323039054871,-0.0469267927110195,0.0297045800834894,0.0168399605900049,-0.0010465799132362,-0.0214977376163006,-0.0328495427966118,0.0785112977027893,0.0368322022259235,0.0156412068754435,0.0317148976027966,0.0572881326079369,-0.0657059103250504,0.00799620244652033,0.0256809219717979,-0.0196259468793869,-0.0842945352196693,-0.0647455602884293,0.0430044904351234,0.0124761993065476,0.0584429129958153,0.0010659807594493,0.0706041529774666,0.125755608081818,-0.0131655056029558,0.0136918528005481,0.0045210812240839,0.0239814426749945,-0.0269350111484528,-0.0138241294771433,-0.00939495582133532,0.0453840754926205,0.0692416206002235,-0.00536663783714175,0.0774076879024506,-0.037759106606245,0.0300028882920742,0.0067256554029882,0.0158723574131727,-0.0214642714709044,-0.0129749579355121,0.0647374764084816,0.0303994975984097,0.0219791606068611,0.0227361619472504,0.047616109251976,-0.0377677567303181,0.0210741329938173,0.0318396240472794,-0.0116632906720042,-0.105763606727123,-0.0277046617120504,0.0474979914724827,0.00267520430497825,0.0655802562832832,0.00666035199537873,0.0683581903576851,0.115922078490257,0.0143996244296432,0.00896775349974632,0.00615687994286418,0.0258240234106779,0.0197500046342611,-0.021011121571064,-0.00772265903651714,0.0519728735089302,0.0702942833304405
0.262819081544876,0.208058312535286,0.150039404630661,0.14380918443203,0.0535277239978313,0.0705074965953827,-0.0269973091781139,0.0624124072492123,0.186441659927368,0.228800922632217,0.240780740976334,0.14707949757576,0.149628251791,0.0843782871961594,0.0646031722426414,-0.00424023391678929,0.0616298504173756,0,-0.0520786233246326,0.160679712891579,0.0411830581724644,0.0575999356806278,0.0508802309632301,0.0192278698086739,0.0539127439260483,0.0366368480026722,0.113381609320641,0.0114248842000961,0.0976848676800728,0.09251619130373,0.0158347394317389,-0.022538460791111,0.0719506591558456,0.0822295472025871,0.0481718704104424,-0.0459504723548889,0.00834329053759575,0.156549319624901,0.0821700021624565,0.180909380316734,0.0780529230833054,0.150629177689552,0.132808998227119,0.120969146490097,0.0889643728733063,0.0645582228899002,0.0323091074824333,0.144069388508797,-0.0276241023093462,0.0260241329669952,0.169738173484802,0.194383800029755,-0.00246001849882305,0.180482283234596,0.0951737016439438,0.067678838968277,0.0260312855243683,0.0192895457148552,0.0990247502923012,0.0461528636515141,0.13551889359951,0.0176072176545858,0.114502318203449,0.083599865436554,0.0618671588599682,0.0186726171523333,0.0598031133413315,0.106962911784649,0.12560498714447,0.00883938930928707,0.0904626622796059,0.169722840189934,0.0802074819803238,0.198833405971527,0.093792200088501,0.181766048073769,0.137795016169548,0.14907968044281,0.151734828948975,0.0589218623936176,0.0348992124199867,0.174877732992172,0.00159103190526366,0.00510918023064733,0.137176960706711,0.21944834291935
-0.147730320692062,-0.0901493951678276,-0.0222410466521978,-0.0502137318253517,-0.0189444217830896,0.0612735413014889,0.140832602977753,-0.0359754674136639,-0.0363706201314926,-0.0476049222052097,-0.177570074796677,-0.0714767724275589,-0.054869432002306,-0.0250824894756079,0.0469205230474472,0.108012825250626,-0.0229228902608156,-0.0520786233246326,0,-0.0386134088039398,0.249695852398872,0.0245480258017778,0.0360210053622723,0.24606266617775,0.229953080415726,0.268142014741898,-0.143199622631073,0.0888086929917336,0.0734355375170708,0.0644745379686356,0.0340258590877056,0.601772010326385,-0.0100591816008091,-0.00936632044613361,0.471772044897079,0.280182182788849,0.556595683097839,-0.0285502541810274,0.0556144341826439,-0.0776508376002312,0.126760587096214,-0.0615900307893753,-0.125882014632225,-0.00755355646833777,0.219238102436066,0.0578511990606785,0.665130317211151,0.213307231664658,0.122335843741894,0.171676874160767,0.113822534680367,0.0956009030342102,0.611075639724731,-0.0610781833529472,0.0102683631703258,0.0126196416094899,0.0154279125854373,0.201603755354881,0.0152697209268808,0.185448318719864,-0.181969240307808,0.0999512150883675,-0.0100731607526541,0.0538584105670452,-0.0501555874943733,0.342279046773911,0.00770017644390464,-0.00201002229005098,0.156096085906029,0.172642827033997,0.253257185220718,-0.0496561378240585,0.102278180420399,-0.160939544439316,0.0899458155035973,-0.144373908638954,-0.107293590903282,-0.119314409792423,0.0301177687942982,0.0426475033164024,0.537324070930481,0.00347180757671595,0.0576855652034283,0.16847226023674,0.140548914670944,0.0602631531655788
0.233375400304794,0.263729721307755,0.204299986362457,0.300816118717194,0.0999106466770172,0.0371950156986713,-0.0405804738402367,0.0861647874116898,0.165803238749504,0.229820355772972,0.289104431867599,0.206715330481529,0.269738703966141,0.125152215361595,0.0273173898458481,-0.0387345217168331,0.0844323039054871,0.160679712891579,-0.0386134088039398,0,-0.0994906723499298,0.182759970426559,0.0547947324812412,0.0383638478815556,-0.122270300984383,-0.00218668184243143,-0.00332911475561559,0.0620398223400116,0.22112038731575,0.1972336769104,-0.100978091359138,-0.263545960187912,0.00650318944826722,0.359775722026825,0.231841027736664,-0.212864100933075,0.0283787474036217,0.28127646446228,0.312680095434189,0.412252336740494,0.396747708320618,0.0932121649384499,0.268319189548492,0.260333448648453,0.333753734827042,0.276790618896484,0.0855176076292992,0.391257524490356,-0.129166051745415,-0.0348985679447651,0.300002068281174,0.572505474090576,0.0147692104801536,0.593668341636658,-0.122612468898296,0.190150558948517,0.0180330779403448,0.0206078980118036,-0.142091616988182,0.00270506413653493,0.0294911451637745,0.0765432938933372,0.18523970246315,0.171703353524208,-0.0621044747531414,-0.243384048342705,0.0201503355056047,0.347395956516266,0.311833918094635,-0.245049372315407,0.13345193862915,0.280312240123749,0.273114651441574,0.436180084943771,0.39290177822113,0.141357138752937,0.270648747682571,0.226281121373177,0.270353883504868,0.22996661067009,0.0751779824495316,0.468194723129272,-0.158134609460831,-0.0768691822886467,0.24589729309082,0.556432366371155
0.0897196605801582,0.0675254687666893,0.125522196292877,-0.0179147161543369,0.00451583508402109,0.130457803606987,0.0487230867147446,-0.0618291571736336,0.0140383504331112,0.288868576288223,0.00534921977669001,0.0673020780086517,-0.0305549036711454,-0.0375842675566673,0.121424853801727,0.0481957234442234,-0.0469267927110195,0.0411830581724644,0.249695852398872,-0.0994906723499298,0,-0.145533949136734,0.0667883306741714,0.169559955596924,0.752270102500916,0.575175344944,0.192620500922203,-0.113791167736053,0.300128221511841,-0.0926570072770119,0.101318590342999,0.482479214668274,0.165966436266899,-0.0499437116086483,0.570747494697571,0.466345459222794,0.557261824607849,-0.126533910632133,0.0162688363343477,0.123116888105869,0.159284040331841,0.330875635147095,-0.0508142672479153,0.703495740890503,0.435794413089752,0.412621676921844,0.0235000923275948,0.504648804664612,0.0389328263700008,-0.00384848332032561,-0.019658587872982,-0.025965753942728,0.0234908070415258,-0.124849140644073,0.670080244541168,-0.198661342263222,0.0663995146751404,0.101204611361027,0.554045081138611,0.317083239555359,0.069043442606926,-0.0669808909296989,0.100558437407017,-0.0917074829339981,0.0481713861227036,0.297971457242966,0.125570952892303,-0.0568067915737629,0.292539089918137,0.35704493522644,0.24989977478981,-0.119659669697285,0.0243790782988071,-0.00971600040793419,0.0749421268701553,0.178877800703049,-0.125027373433113,0.299446195363998,0.127783313393593,0.189009174704552,0.019256267696619,0.132583335042,0.101879417896271,0.019602544605732,-0.00110936723649502,-0.0743386447429657
-0.0295557770878077,0.0775943621993065,0.0048125758767128,0.0330969020724297,0.00815858133137226,0.0894609317183495,0.0202926769852638,0.0209819097071886,0.0674535632133484,-0.0172996260225773,0.0649932026863098,-0.0167935714125633,0.0358392931520939,0.0139147331938148,0.0792015120387077,0.020206531509757,0.0297045800834894,0.0575999356806278,0.0245480258017778,0.182759970426559,-0.145533949136734,0,0.0207825005054474,0.379447489976883,0.0346304960548878,-0.122346319258213,0.114956796169281,0.281913727521896,0.0313890762627125,0.929421603679657,0.00943545810878277,-0.148274704813957,0.172864928841591,0.322109401226044,-0.0655317306518555,-0.195630580186844,-0.139068886637688,0.899809896945953,0.268658250570297,0.0748851671814919,0.262791007757187,0.262853711843491,0.0767174810171127,-0.0438723005354404,0.0696175470948219,0.678484261035919,0.193207263946533,-0.000858189538121223,-0.0389974415302277,0.0259179845452309,0.188150078058243,0.22905544936657,0.093659870326519,0.190442651510239,-0.230096846818924,0.976351141929626,-0.00152835785411298,0.408918231725693,-0.0704208686947823,-0.0616889707744122,0.150357559323311,0.342513501644135,-0.00909092463552952,0.922076225280762,-0.0139998272061348,-0.175426959991455,0.180453553795815,0.306105822324753,-0.0689724385738373,-0.262223362922668,-0.129816129803658,0.859227657318115,0.328830152750015,0.077503427863121,0.298788577318192,0.325504422187805,0.0922665223479271,-0.0827996134757996,-0.00163355888798833,0.629280209541321,0.178929299116135,0.0615428239107132,-0.0714111626148224,0.0165921971201897,0.163500651717186,0.210926711559296
0.0333011746406555,0.0283436570316553,0.0105608655139804,0.0178754851222038,0.0127705493941903,0.135343581438065,0.0750239491462708,0.000241035595536232,0.0232476275414228,0.0541534759104252,0.0283788405358791,-0.00496536120772362,0.0203860756009817,0.0108146695420146,0.109784096479416,0.0710305422544479,0.0168399605900049,0.0508802309632301,0.0360210053622723,0.0547947324812412,0.0667883306741714,0.0207825005054474,0,0.164129197597504,0.112464770674706,0.143315255641937,0.0606049820780754,0.037132240831852,0.0948139950633049,0.0458834916353226,0.092191718518734,0.101444572210312,0.099628321826458,0.0399828590452671,0.0693402215838432,0.0366411283612251,0.0703009814023972,0.0298272427171469,0.0549100153148174,0.0497735589742661,0.0632625743746758,0.0506925731897354,0.066516250371933,0.0445910058915615,0.0693349093198776,0.0970097035169601,0.111409611999989,0.0639204755425453,0.0373515971004963,0.105526402592659,0.0485772229731083,0.10608583688736,0.0164043568074703,0.0288736652582884,0.0358698181807995,0.012276659719646,0.0635305270552635,0.134782806038857,0.0744128525257111,0.117376044392586,0.061793502420187,0.031145591288805,0.0593917444348335,0.0419852249324322,0.0844921693205833,0.0714068114757538,0.0889357924461365,0.0128640588372946,0.0561006329953671,0.00918464176356792,0.0501689091324806,0.0214299894869328,0.0460240542888641,0.0402228906750679,0.0546466782689095,0.0646813586354256,0.0346407741308212,0.000826961651910096,0.0509764589369297,0.0794299989938736,0.0787166729569435,0.0404952466487885,0.0250255800783634,0.0526007041335106,0.0311038792133331,0.0940142199397087
-0.0476143807172775,-0.0445364490151405,-0.0315725281834602,-0.00731205567717552,-0.00804269593209028,0.218784675002098,0.173254370689392,-0.00788847729563713,0.012578621506691,-0.0860190242528915,-0.0511278435587883,-0.0470432341098785,-0.00815653428435326,-0.0141453742980957,0.227299183607101,0.168685272336006,-0.0010465799132362,0.0192278698086739,0.24606266617775,0.0383638478815556,0.169559955596924,0.379447489976883,0.164129197597504,0,0.283259361982346,0.342883080244064,0.0783624798059464,0.556026458740234,0.0964274853467941,0.543358206748962,0.166913583874702,0.186964958906174,0.329283833503723,0.124182090163231,0.115016587078571,0.0272516626864672,0.0951962992548943,0.330721914768219,0.129950672388077,-0.0438284836709499,0.168318897485733,0.105641037225723,0.0476270988583565,-0.043129101395607,0.0916466787457466,0.539345860481262,0.344022274017334,-0.0101804304867983,0.0610183924436569,0.15500208735466,0.124525383114815,0.14054049551487,0.255181521177292,0.0514062345027924,0.0286773797124624,0.347762525081635,0.114112935960293,0.81119042634964,0.156381279230118,0.348658382892609,0.0878486111760139,0.512067675590515,0.066783607006073,0.539463639259338,0.128561273217201,0.166464850306511,0.349812090396881,0.136609941720963,0.10745432972908,-0.0478726997971535,0.140519887208939,0.271690189838409,0.185636430978775,-0.0362443476915359,0.222518712282181,0.161994561553001,0.0482991263270378,-0.0862158387899399,0.0501948334276676,0.541034817695618,0.281362056732178,0.00101067090872675,0.0343817435204983,0.135994240641594,0.0996012017130852,0.110097110271454
