0 0.32666 0.23909 0.24177 0.058919 -0.017769 -0.10741 0.054024 0.20261 0.67997 0.39678 0.32975 0.24864 0.078838 -0.016389 -0.1057 0.035763 0.2528 -0.1409 0.22078 0.093282 -0.05009 0.016723 -0.081849 0.085408 0.14032 0.10446 -0.042506 0.23454 -0.029309 -0.12431 -0.088219 0.01776 0.034973 0.12414 0.010136 0.057272 0.07135 -0.062853 0.34881 0.005715 0.21468 0.10261 0.39188 0.10819 0.090754 -0.13551 0.34874 -0.089064 -0.061516 0.043227 0.18636 -0.017392 0.25681 0.39904 -0.056609 0.041416 -0.12872 0.35013 0.21869 0.17359 -0.049506 0.32484 -0.085811 -0.026575 0.11082 0.026101 0.066563 0.36944 0.22852 0.28813 0.07909 -0.057017 0.40606 0.078046 0.30675 0.1667 0.56896 0.39054 0.099306 -0.10136 0.48786 0.018899 -0.086893 0.03556 0.23083
0.32666 0 0.24087 0.26674 0.10666 0.0091389 -0.08941 0.070846 0.22163 0.34036 0.48744 0.26733 0.2432 0.088045 -0.0067598 -0.10584 0.060344 0.21744 -0.093959 0.25465 0.046569 0.071597 0.017451 -0.084362 0.029938 0.041055 0.11962 0.052867 0.16616 0.10922 -0.036048 -0.09717 0.01314 0.10657 0.14247 -0.05459 0.029522 0.21243 0.066067 0.31623 0.080746 0.17692 0.15034 0.21678 0.19602 0.072396 -0.085706 0.2127 -0.049501 -0.055441 0.17586 0.26235 -0.12481 0.25904 0.042387 0.060757 0.016897 -0.11679 0.023174 -0.029076 0.10295 0.03895 0.12931 0.057154 -0.020676 -0.1054 -0.014433 0.055782 0.15612 -0.020039 0.06267 0.23984 0.027667 0.29785 0.051221 0.15163 0.14063 0.17578 0.14775 0.0055774 -0.1109 0.18408 -0.045084 -0.065693 0.1483 0.23574
0.23909 0.24087 0 0.37964 0.092532 0.025173 -0.025283 0.1454 0.13122 0.27444 0.24655 0.56961 0.35526 0.060999 0.0091524 -0.03192 0.11314 0.1332 -0.013263 0.20555 0.12638 -0.01302 -0.0031426 -0.064469 0.026276 0.069319 0.068546 -0.013081 0.22794 0.006447 -0.018766 -0.069084 -0.043386 -0.0044452 0.25486 0.014227 0.15068 0.061283 -0.050697 0.19295 0.055444 0.071038 0.17115 0.26098 0.20628 0.020184 -0.041504 0.19823 -0.053251 -0.051494 0.08928 0.17394 -0.023931 0.17696 0.085719 -0.032027 0.019293 -0.093883 -0.0044869 0.013199 0.034685 0.0014753 0.1589 -0.035492 -0.017562 -0.080902 -0.039224 -0.013229 0.18801 -0.021418 0.12967 0.069731 -0.062273 0.1723 0.047827 0.032103 0.13262 0.16654 0.13793 -0.029519 -0.049714 0.16708 -0.064117 -0.061637 0.090284 0.16904
0.24177 0.26674 0.37964 0 0.17705 0.012178 0.0050277 0.12242 0.13011 0.24597 0.26403 0.35692 0.62168 0.11168 0.0012871 -0.011862 0.094427 0.13796 -0.040764 0.29515 -0.02114 0.022532 0.0077146 -0.02946 -0.10899 0.034179 -0.017271 0.009331 0.16381 0.025563 -0.031022 -0.15438 -0.028105 0.13747 0.19585 -0.075424 0.079843 0.083892 0.11013 0.18271 0.25334 0.00922 0.12054 0.15717 0.1819 0.094094 0.015881 0.24223 -0.082996 -0.011842 0.13826 0.33021 -0.018209 0.28301 -0.030998 0.017425 0.009189 -0.051998 -0.099327 -0.015521 -0.019671 0.021845 0.13345 -0.0031361 -0.033353 -0.15405 -0.0046688 0.11293 0.23245 -0.059227 0.11668 0.099164 0.055123 0.21211 0.22131 0.020991 0.12211 0.14276 0.14569 0.063062 -0.017141 0.2605 -0.084375 -0.060815 0.12241 0.32262
0.058919 0.10666 0.092532 0.17705 0 -0.00022916 -0.013709 0.019415 0.055552 0.082519 0.082508 0.089508 0.15001 0.032106 -0.0096946 -0.024437 0.015616 0.048763 -0.014335 0.091294 0.0055511 0.01267 0.0053394 -0.010869 -0.014577 0.016375 -0.010458 -0.011073 0.082829 0.015857 -0.015923 -0.030138 -0.0081646 0.0053615 0.076807 0.0060474 0.055998 0.045597 0.040848 0.083266 0.072695 0.0062619 0.057147 0.067851 0.073417 0.011475 0.019263 0.099904 -0.032028 -0.010451 0.058235 0.13009 -0.013971 0.10595 -0.028046 0.0073159 -0.0052572 -0.031495 -0.04173 -0.010435 -0.012034 6.2802e-05 0.05643 -0.0022935 -0.026304 -0.043481 -0.022241 0.016946 0.075609 -0.00052313 0.054445 0.049109 0.023972 0.064427 0.052718 -0.01007 0.027195 0.032879 0.041915 -0.011582 -0.014132 0.087536 -0.040468 -0.019835 0.032097 0.11715
-0.017769 0.0091389 0.025173 0.012178 -0.00022916 0 0.18947 0.016501 0.086968 0.030618 0.00069968 0.01772 0.0013469 -0.02157 0.45219 0.19907 0.043525 0.069567 0.078223 0.031297 0.13017 0.05281 0.13099 0.22169 0.22808 0.12194 0.34514 0.091148 0.050665 0.076425 0.31615 0.196 0.27793 0.096544 -0.054527 0.022641 -0.036165 0.032346 0.12455 0.072521 0.092085 0.25154 0.2252 -0.058787 0.14498 0.056319 0.23678 -0.10699 0.063051 0.14985 0.10302 0.080797 0.055236 0.022958 0.0045147 0.031596 0.088275 0.19993 0.11607 0.089715 0.29549 0.089903 0.016721 0.063242 0.28126 0.12624 0.23302 0.087941 -0.12779 -0.059799 -0.096989 0.010596 0.13447 0.033773 0.089626 0.20772 0.14191 -0.10225 0.064482 0.020737 0.20232 -0.12432 0.049386 0.12449 0.093498 0.06379
-0.10741 -0.08941 -0.025283 0.0050277 -0.013709 0.18947 0 -0.0031393 -0.0070537 -0.06215 -0.10354 -0.045079 -0.012288 -0.02496 0.18632 0.26814 -0.0011954 -0.030552 0.13232 -0.034703 0.029504 -0.00027678 0.071744 0.18666 0.046597 0.1195 0.0050006 0.065913 -0.018755 0.018075 0.16747 0.1572 0.071653 0.054539 -0.0064205 0.058263 0.055539 -0.034901 0.090438 -0.11805 0.10367 -0.05443 -0.0030043 -0.17678 0.041756 0.01927 0.23156 -0.092666 0.056056 0.12261 0.012631 0.030745 0.10411 -0.043377 -0.073884 -0.0098294 0.034877 0.1734 -0.045607 0.075073 -0.021373 0.049488 -0.027374 0.015763 0.095499 0.087381 0.053162 0.052931 -0.064263 -0.027952 -0.032513 -0.055562 0.097912 -0.13359 0.1109 -0.066501 -0.026659 -0.19849 -0.017566 0.028253 0.20254 -0.1306 0.020187 0.10541 0.0043142 0.010159
0.054024 0.070846 0.1454 0.12242 0.019415 0.016501 -0.0031393 0 0.063209 0.042337 0.078923 0.14064 0.11332 0.018845 0.029612 0.017209 0.10434 0.061796 -0.032632 0.09983 -0.064428 0.01282 -0.0010127 -0.021696 -0.056265 -0.033018 0.042049 0.011572 0.025018 0.0029493 0.058404 -0.066329 0.020351 0.050725 -0.026716 -0.081832 -0.073197 0.036855 0.027947 0.068386 0.027678 0.042401 0.12399 -0.014471 0.010566 -0.0031119 0.023897 -8.9391e-05 -0.0038084 -0.0043243 0.052158 0.089107 -0.016799 0.087876 -0.047272 0.019897 -0.013209 -0.011369 -0.036163 -0.0081065 0.063154 0.02962 0.025212 0.0001332 0.062606 -0.052167 0.011825 0.051111 -0.013324 -0.092615 -0.032317 0.042871 0.016066 0.076711 0.041531 0.057072 0.10829 0.0098974 0.02213 0.00090362 0.025974 0.04756 -0.024913 -0.0044369 0.066064 0.093677
0.20261 0.22163 0.13122 0.13011 0.055552 0.086968 -0.0070537 0.063209 0 0.21243 0.2195 0.1266 0.12175 0.040783 0.062862 -0.017082 0.044328 0.18014 -0.024943 0.16184 0.018004 0.04519 0.018387 -0.00028758 0.024039 0.0083821 0.10792 0.0020291 0.084358 0.070216 0.012227 -0.042689 0.056059 0.097248 0.059168 -0.034999 0.0032822 0.1418 0.06406 0.17659 0.052408 0.13488 0.11664 0.097892 0.090219 0.025713 0.024602 0.10761 -0.033121 -0.020893 0.11765 0.17237 -0.019589 0.15995 0.028958 0.02961 0.028592 -0.027136 0.0345 0.016025 0.11673 -0.0068798 0.094064 0.057432 0.043073 -0.025614 0.030375 0.05541 0.077394 -0.026039 0.039796 0.13646 0.0516 0.16207 0.051185 0.13441 0.12474 0.09416 0.10373 -0.011856 0.011328 0.12912 -0.038911 -0.0022986 0.11115 0.16195
0.67997 0.34036 0.27444 0.24597 0.082519 0.030618 -0.06215 0.042337 0.21243 0 0.31455 0.27766 0.20102 0.082117 0.02061 -0.072948 0.020988 0.22424 -0.050787 0.19902 0.31268 -0.025309 0.038913 -0.13659 0.26285 0.22875 0.14796 -0.10763 0.24544 -0.030433 -0.016181 0.059003 0.035721 0.079796 0.26786 0.1461 0.22026 0.09713 0.088985 0.29286 0.15735 0.25737 0.093118 0.49078 0.32102 0.1601 -0.12032 0.36773 -0.0060322 -0.022136 0.022 0.1682 -0.15584 0.14645 0.17073 -0.052952 0.017005 -0.18239 0.11174 0.076923 0.088121 -0.080089 0.10479 -0.072932 -0.043985 -0.013811 0.00034427 0.033261 0.14603 0.082429 0.070249 0.10375 0.002158 0.21941 0.048218 0.1398 0.057519 0.26864 0.096638 -0.028131 -0.12704 0.25012 -0.034679 -0.069832 0.032948 0.13548
0.39678 0.48744 0.24655 0.26403 0.082508 0.00069968 -0.10354 0.078923 0.2195 0.31455 0 0.31121 0.27621 0.084487 -0.0077016 -0.11444 0.089854 0.23152 -0.16284 0.28008 -0.0094795 0.058581 0.020807 -0.098767 -0.010433 -0.016682 0.12955 0.023992 0.14573 0.096872 -0.056593 -0.165 0.012478 0.076414 0.06157 -0.10922 -0.029584 0.21861 0.026905 0.31649 0.041265 0.19074 0.17886 0.19768 0.11156 0.043081 -0.11844 0.20508 -0.081828 -0.068558 0.17814 0.2547 -0.12527 0.30107 0.12281 0.06894 0.013204 -0.12703 0.11279 -0.0028888 0.16613 0.0072494 0.18561 0.052898 -0.0050873 -0.073488 0.0048357 0.098375 0.22739 0.010088 0.13452 0.2532 0.01001 0.36902 0.075935 0.2304 0.18951 0.28339 0.2511 0.030415 -0.1064 0.2779 -0.038223 -0.092004 0.17308 0.2772
0.32975 0.26733 0.56961 0.35692 0.089508 0.01772 -0.045079 0.14064 0.1266 0.27766 0.31121 0 0.36791 0.073431 0.021944 -0.029177 0.13998 0.1339 -0.059126 0.20624 0.06405 -0.011902 -0.012308 -0.07804 -0.0082562 0.039753 0.080683 -0.014883 0.20944 0.0056977 -0.043853 -0.1338 -0.040859 -0.0013561 0.2097 -0.020709 0.11099 0.076224 -0.0311 0.21546 0.053264 0.07013 0.17033 0.24342 0.1408 0.029446 -0.060862 0.19332 -0.083197 -0.068196 0.081683 0.17361 -0.02126 0.23471 0.15076 -0.043467 0.011666 -0.10618 0.055425 0.038247 0.064029 -0.024474 0.23259 -0.035281 -0.0044645 -0.063674 -0.010565 0.016565 0.25394 0.05264 0.19915 0.08367 -0.07423 0.23585 0.050783 0.09492 0.18415 0.25876 0.21437 -0.018753 -0.068984 0.21757 -0.06746 -0.063925 0.077376 0.2085
0.24864 0.2432 0.35526 0.62168 0.15001 0.0013469 -0.012288 0.11332 0.12175 0.20102 0.27621 0.36791 0 0.13172 -0.0022553 -0.010093 0.11754 0.13667 -0.040949 0.2606 -0.023515 0.014305 0.014563 -0.04229 -0.10592 0.032882 -0.038322 0.0084703 0.16503 0.015065 -0.06659 -0.14761 -0.031614 0.12439 0.17543 -0.081535 0.066622 0.074312 0.053604 0.18049 0.20471 -0.016007 0.10232 0.14187 0.14945 0.071836 -0.0040501 0.22873 -0.088995 -0.031026 0.12122 0.29829 0.0023516 0.27577 -0.030681 0.00085875 0.0061233 -0.043914 -0.096012 0.020907 -0.043161 0.013669 0.16697 -0.013778 -0.038241 -0.14863 -0.014525 0.11849 0.24829 -0.046592 0.13686 0.082477 0.050141 0.20447 0.23959 0.0042587 0.11827 0.1465 0.1473 0.054809 0.0030512 0.26608 -0.092461 -0.053442 0.1155 0.34222
0.078838 0.088045 0.060999 0.11168 0.032106 -0.02157 -0.02496 0.018845 0.040783 0.082117 0.084487 0.073431 0.13172 0 -0.014662 -0.02732 0.014019 0.073173 -0.016422 0.10789 -0.024343 0.006388 0.0047569 -0.026314 -0.026344 -0.015026 -0.008884 -0.019385 0.037249 0.0075148 -0.036868 -0.050758 -0.010855 0.029209 0.024664 -0.041197 -0.0031527 0.035923 0.033537 0.068631 0.05214 0.025302 0.044438 0.038946 0.042879 0.014163 -0.0060598 0.079608 -0.043918 -0.014015 0.055551 0.10185 -0.019564 0.092086 -0.0087044 0.010671 -0.00095898 -0.015022 -0.019223 -0.0086919 0.0036099 -0.016373 0.020596 0.01116 -0.025937 -0.03577 -0.012593 0.044949 0.057448 -0.038113 0.030974 0.0479 0.033855 0.063983 0.050891 0.026341 0.057189 0.048533 0.06857 -0.00364 -0.0075127 0.092315 -0.01889 -0.020285 0.047695 0.10572
-0.016389 -0.0067598 0.0091524 0.0012871 -0.0096946 0.45219 0.18632 0.029612 0.062862 0.02061 -0.0077016 0.021944 -0.0022553 -0.014662 0 0.23506 0.043542 0.061358 0.043161 0.017857 0.1002 0.046175 0.1112 0.21627 0.19653 0.099437 0.31468 0.084379 0.036785 0.06528 0.31498 0.15915 0.27121 0.10593 -0.080648 -0.020653 -0.077636 0.018007 0.11973 0.047575 0.090102 0.2354 0.21991 -0.091337 0.11754 0.056697 0.21545 -0.14445 0.04662 0.12972 0.078498 0.085981 0.048344 0.030773 0.036934 0.037355 0.11725 0.21172 0.13686 0.11796 0.30429 0.071296 0.033048 0.057581 0.27466 0.13432 0.27929 0.080857 -0.11279 -0.063641 -0.092102 0.007716 0.14643 0.038084 0.086255 0.23046 0.166 -0.084188 0.077205 0.044721 0.21945 -0.1242 0.038937 0.13971 0.076594 0.078015
-0.1057 -0.10584 -0.03192 -0.011862 -0.024437 0.19907 0.26814 0.017209 -0.017082 -0.072948 -0.11444 -0.029177 -0.010093 -0.02732 0.23506 0 0.028008 -0.011326 0.10818 -0.033807 0.027921 0.0063513 0.075601 0.18427 0.029306 0.10744 -0.0021224 0.027586 -0.016224 0.016171 0.13882 0.11466 0.095526 0.060837 -0.01588 0.023956 0.030739 -0.06964 0.097725 -0.097629 0.11855 -0.041161 0.0052384 -0.14654 0.019605 0.031235 0.21627 -0.081607 0.033819 0.11207 0.018533 0.045929 0.11472 -0.024444 -0.033834 -0.01022 0.047286 0.19396 -0.019285 0.11826 -0.010456 0.025765 -0.010741 0.017524 0.1082 0.082562 0.099408 0.061835 -0.036897 -0.022728 -0.0010533 -0.078403 0.11549 -0.11756 0.12526 -0.040912 -0.026131 -0.15662 -0.015958 0.03526 0.22942 -0.091615 0.017671 0.13807 0.0085464 0.040897
0.035763 0.060344 0.11314 0.094427 0.015616 0.043525 -0.0011954 0.10434 0.044328 0.020988 0.089854 0.13998 0.11754 0.014019 0.043542 0.028008 0 0.061551 -0.02656 0.090153 -0.055311 0.034051 0.0079159 -0.012091 -0.035585 -0.043535 0.073646 0.026774 0.018364 0.031074 0.057826 -0.059387 0.00030215 0.021472 -0.022339 -0.074217 -0.053512 0.0408 0.019239 0.045306 0.010861 0.05483 0.12311 -0.023949 0.012649 0.0014534 0.025389 -0.026166 -0.0048186 -0.0060027 0.044854 0.064212 -0.0099681 0.083187 -0.05098 0.034026 -0.0016367 0.0092716 -0.03994 -0.020746 0.057706 0.027878 0.01372 0.022277 0.048266 -0.056416 0.019735 0.037209 -0.024435 -0.10619 -0.03702 0.047666 0.011255 0.055186 0.012412 0.055257 0.11344 -0.0025875 -0.0010972 0.0051047 0.024925 0.016031 -0.015101 -0.0065827 0.056445 0.071259
0.2528 0.21744 0.1332 0.13796 0.048763 0.069567 -0.030552 0.061796 0.18014 0.22424 0.23152 0.1339 0.13667 0.073173 0.061358 -0.011326 0.061551 0 -0.03168 0.15136 0.050388 0.046942 0.038245 0.0061243 0.054499 0.031159 0.11268 -0.015237 0.096795 0.07443 0.010654 -0.022962 0.06935 0.053311 0.049298 -0.03246 0.019774 0.14222 0.058479 0.15569 0.055685 0.15121 0.11967 0.11124 0.090884 0.039339 0.035813 0.13576 -0.026329 0.025733 0.15249 0.17015 0.0030715 0.16595 0.086818 0.047379 0.015234 -0.0096382 0.091789 0.024813 0.12987 -0.0079995 0.10856 0.057277 0.0596 0.014676 0.058688 0.087877 0.1037 0.01141 0.078257 0.14829 0.056415 0.17372 0.062505 0.17056 0.13322 0.13385 0.1481 0.02193 0.045489 0.14612 0.0063855 -0.0073081 0.14047 0.19458
-0.1409 -0.093959 -0.013263 -0.040764 -0.014335 0.078223 0.13232 -0.032632 -0.024943 -0.050787 -0.16284 -0.059126 -0.040949 -0.016422 0.043161 0.10818 -0.02656 -0.03168 0 -0.056212 0.22867 -0.012272 0.025396 0.25497 0.21168 0.27725 -0.106 0.034843 0.042803 0.021081 0.075624 0.59538 0.00036411 -0.044897 0.42159 0.14068 0.50818 -0.068375 0.030992 -0.10565 0.098754 -0.03218 -0.098199 -0.074085 0.179 -0.0073764 0.68066 0.1319 0.13612 0.16213 0.12554 0.10244 0.6333 -0.044605 0.030887 -0.031636 0.013659 0.19358 0.036964 0.20094 -0.1382 0.036474 0.0043857 0.023623 -0.012698 0.42743 0.005016 -0.028343 0.17273 0.18511 0.30009 -0.091255 0.094638 -0.16182 0.07552 -0.087748 -0.087794 -0.091947 0.081654 -0.028012 0.56437 -0.012281 0.088573 0.17841 0.15872 0.080686
0.22078 0.25465 0.20555 0.29515 0.091294 0.031297 -0.034703 0.09983 0.16184 0.19902 0.28008 0.20624 0.2606 0.10789 0.017857 -0.033807 0.090153 0.15136 -0.056212 0 -0.082105 0.13598 0.046437 0.0051473 -0.1742 -0.018262 -0.0050195 0.013438 0.26229 0.15092 -0.093388 -0.30174 0.0084267 0.28866 0.2218 -0.21488 0.029073 0.22543 0.21205 0.42283 0.31731 0.09297 0.29713 0.26014 0.32073 0.22293 0.075075 0.40911 -0.15127 -0.047883 0.28698 0.5443 0.028257 0.58149 -0.13163 0.14582 0.0039313 -0.025881 -0.1824 -0.035918 0.019131 0.040575 0.19791 0.11988 -0.04792 -0.28085 0.0053609 0.28021 0.27906 -0.23145 0.10574 0.22653 0.16923 0.42985 0.3037 0.11542 0.30309 0.22472 0.24562 0.17695 0.067526 0.4228 -0.1692 -0.094917 0.23154 0.52582
0.093282 0.046569 0.12638 -0.02114 0.0055511 0.13017 0.029504 -0.064428 0.018004 0.31268 -0.0094795 0.06405 -0.023515 -0.024343 0.1002 0.027921 -0.055311 0.050388 0.22867 -0.082105 0 -0.16133 0.058283 0.18056 0.69831 0.56779 0.20837 -0.078609 0.30013 -0.10521 0.079409 0.45799 0.15878 -0.10828 0.58759 0.46564 0.53006 -0.10783 -0.063899 0.10865 0.11391 0.32363 -0.0314 0.66012 0.39674 0.35369 0.048842 0.40718 0.037109 -0.0013185 -0.01276 -0.013904 0.0013938 -0.10191 0.67304 -0.21528 0.061054 0.082651 0.48906 0.26509 0.078691 -0.066014 0.12797 -0.11443 0.023024 0.25551 0.10808 -0.10861 0.34204 0.33489 0.29521 -0.10307 -0.036441 -0.0068732 0.027794 0.17658 -0.099932 0.31953 0.11333 0.12021 0.017695 0.09432 0.067739 -0.00046906 0.0021549 -0.034101
-0.05009 0.071597 -0.01302 0.022532 0.01267 0.05281 -0.00027678 0.01282 0.04519 -0.025309 0.058581 -0.011902 0.014305 0.006388 0.046175 0.0063513 0.034051 0.046942 -0.012272 0.13598 -0.16133 0 -0.0060339 0.25493 -0.063536 -0.17777 0.079888 0.095495 0.0023514 0.91836 -0.016272 -0.21253 0.16989 0.31856 -0.10632 -0.20846 -0.15125 0.87782 0.26887 0.021674 0.22844 0.22448 0.050585 -0.063344 0.018477 0.62035 0.10472 -0.041813 -0.059688 -0.010798 0.15053 0.18928 0.059656 0.14518 -0.28201 0.97037 -0.022204 0.28393 -0.16045 -0.11149 0.11499 0.15114 -0.048819 0.90751 -0.018231 -0.23042 0.17065 0.29232 -0.13178 -0.25431 -0.18398 0.83004 0.30966 0.02358 0.25398 0.26323 0.062409 -0.12995 -0.061842 0.55283 0.10953 0.0012344 -0.098327 -0.0097312 0.137 0.15678
0.016723 0.017451 -0.0031426 0.0077146 0.0053394 0.13099 0.071744 -0.0010127 0.018387 0.038913 0.020807 -0.012308 0.014563 0.0047569 0.1112 0.075601 0.0079159 0.038245 0.025396 0.046437 0.058283 -0.0060339 0 0.1581 0.10841 0.12791 0.054046 0.021824 0.084216 0.017343 0.088622 0.096954 0.10045 0.037648 0.055395 0.042653 0.062932 0.00058443 0.048095 0.041507 0.059232 0.032113 0.061215 0.023955 0.067694 0.065241 0.1121 0.041414 0.038884 0.098369 0.045842 0.093376 0.025339 0.021658 0.035773 -0.018982 0.058668 0.12625 0.069807 0.11252 0.057673 0.0022165 0.057091 0.01589 0.083027 0.073999 0.071995 0.0062738 0.046813 0.028839 0.040222 -0.0080383 0.04163 0.030129 0.046592 0.051094 0.026219 0.0010091 0.052887 0.046507 0.07299 0.023529 0.027991 0.052745 0.022323 0.080314
-0.081849 -0.084362 -0.064469 -0.02946 -0.010869 0.22169 0.18666 -0.021696 -0.00028758 -0.13659 -0.098767 -0.07804 -0.04229 -0.026314 0.21627 0.18427 -0.012091 0.0061243 0.25497 0.0051473 0.18056 0.25493 0.1581 0 0.28349 0.34813 0.077258 0.47657 0.056278 0.45501 0.17939 0.18209 0.3502 0.074745 0.092207 0.010675 0.082522 0.20626 0.11895 -0.083236 0.15445 0.072842 0.029871 -0.081229 0.028819 0.4544 0.34173 -0.034492 0.061976 0.1455 0.098902 0.13021 0.28791 0.018472 0.018355 0.23121 0.12054 0.81284 0.14 0.3611 0.078655 0.43117 0.063324 0.46767 0.15676 0.17322 0.35773 0.079392 0.068194 -0.038894 0.10544 0.14543 0.15656 -0.068192 0.1768 0.13277 0.037645 -0.094521 0.0095012 0.43633 0.2776 -0.049896 0.028391 0.13842 0.078498 0.098627
0.085408 0.029938 0.026276 -0.10899 -0.014577 0.22808 0.046597 -0.056265 0.024039 0.26285 -0.010433 -0.0082562 -0.10592 -0.026344 0.19653 0.029306 -0.035585 0.054499 0.21168 -0.1742 0.69831 -0.063536 0.10841 0.28349 0 0.54298 0.5306 0.014948 0.16419 -5.3821e-05 0.29341 0.63831 0.38473 -0.14281 0.26714 0.43058 0.29727 -0.06504 -0.13564 0.15753 -0.15827 0.63958 0.10776 0.47559 0.34594 0.24485 0.054034 0.12306 0.21634 0.097791 -0.048596 -0.13363 0.040778 -0.17847 0.5537 -0.13322 0.067675 0.16943 0.74413 0.33172 0.41798 -0.012322 0.06518 -0.015707 0.23693 0.55263 0.31056 -0.14346 0.092402 0.29149 0.15773 -0.088917 -0.11289 0.026186 -0.19026 0.4793 0.022324 0.22384 0.15941 0.04592 0.015578 -0.088342 0.23744 0.12618 -0.025821 -0.14694
0.14032 0.041055 0.069319 0.034179 0.016375 0.12194 0.1195 -0.033018 0.0083821 0.22875 -0.016682 0.039753 0.032882 -0.015026 0.099437 0.10744 -0.043535 0.031159 0.27725 -0.018262 0.56779 -0.17777 0.12791 0.34813 0.54298 0 0.021383 0.065271 0.27525 -0.10585 0.084287 0.45171 0.11462 -0.085176 0.44392 0.40421 0.46853 -0.14848 -0.039616 0.048898 0.088645 0.0017748 -0.059225 0.38733 0.2307 0.31504 0.16013 0.39965 0.053998 0.11016 -0.025351 0.088267 0.14832 -0.018229 0.34341 -0.2023 0.10228 0.26737 0.32346 0.56638 -0.083108 0.026853 0.17938 -0.11093 -0.004334 0.30756 0.042171 -0.095948 0.28668 0.28997 0.32968 -0.16376 -0.036745 0.0051283 0.038526 -0.044922 -0.093842 0.16053 0.062567 0.20045 0.09655 0.18075 0.057283 0.089966 -0.0080581 0.055143
0.10446 0.11962 0.068546 -0.017271 -0.010458 0.34514 0.0050006 0.042049 0.10792 0.14796 0.12955 0.080683 -0.038322 -0.008884 0.31468 -0.0021224 0.073646 0.11268 -0.106 -0.0050195 0.20837 0.079888 0.054046 0.077258 0.5306 0.021383 0 -0.024375 0.0015526 0.092668 0.49895 0.23899 0.40336 0.060718 -0.23208 -0.013529 -0.21851 0.11704 0.035431 0.33956 -0.12225 0.77252 0.45076 0.031675 0.23452 -0.034846 0.032936 -0.20246 0.16015 0.055247 0.11279 -0.047584 -0.1198 -0.0095101 0.12364 0.041156 0.043151 0.031304 0.38015 -0.024575 0.75806 -0.0070011 -0.047757 0.075837 0.44943 0.21841 0.3278 0.035006 -0.30969 -0.11851 -0.22036 0.12974 0.051926 0.24317 -0.12689 0.69541 0.32305 -0.0038524 0.14999 -0.13654 0.036385 -0.22636 0.10987 0.049594 0.08638 -0.061458
-0.042506 0.052867 -0.013081 0.009331 -0.011073 0.091148 0.065913 0.011572 0.0020291 -0.10763 0.023992 -0.014883 0.0084703 -0.019385 0.084379 0.027586 0.026774 -0.015237 0.034843 0.013438 -0.078609 0.095495 0.021824 0.47657 0.014948 0.065271 -0.024375 0 0.017571 0.29124 0.10011 -0.010449 0.042533 0.021007 -0.028478 -0.034345 -0.012552 0.175 -0.0012905 -0.010949 0.035606 -0.12628 0.066981 -0.11189 -0.042337 0.19724 0.15422 -0.1143 -0.00080269 0.049232 0.078137 0.067632 0.14075 0.029582 -0.13504 0.11784 0.011494 0.48784 -0.089495 0.12237 -0.052657 0.93032 0.041274 0.23199 0.067898 0.020017 0.058569 0.0177 0.010492 -0.048501 0.022896 0.19384 0.072454 -0.017686 0.086369 -0.098984 0.056463 -0.11523 -0.039956 0.23632 0.12676 -0.044447 0.0040687 0.034155 0.084156 0.059258
0.23454 0.16616 0.22794 0.16381 0.082829 0.050665 -0.018755 0.025018 0.084358 0.24544 0.14573 0.20944 0.16503 0.037249 0.036785 -0.016224 0.018364 0.096795 0.042803 0.26229 0.30013 0.0023514 0.084216 0.056278 0.16419 0.27525 0.0015526 0.017571 0 0.0040426 -0.035926 0.011003 0.033333 0.030513 0.48295 0.30081 0.48584 0.064062 -0.028517 0.30873 0.096006 0.067122 0.19489 0.531 0.29712 0.1891 0.062978 0.45969 -0.07837 0.02211 0.15106 0.34879 0.061172 0.25143 0.24616 -0.01606 0.046041 0.0078981 0.12377 0.15387 -0.054836 0.00039789 0.43514 -0.0084136 -0.024136 -0.0088686 -0.012043 -0.002113 0.4369 0.24241 0.45981 0.070247 -0.028477 0.23981 0.079944 0.044041 0.16524 0.36266 0.19893 0.07432 0.034429 0.34628 -0.035045 -0.036787 0.13153 0.34932
-0.029309 0.10922 0.006447 0.025563 0.015857 0.076425 0.018075 0.0029493 0.070216 -0.030433 0.096872 0.0056977 0.015065 0.0075148 0.06528 0.016171 0.031074 0.07443 0.021081 0.15092 -0.10521 0.91836 0.017343 0.45501 -5.3821e-05 -0.10585 0.092668 0.29124 0.0040426 0 0.013718 -0.188 0.23851 0.30015 -0.08074 -0.19306 -0.10742 0.91737 0.28493 0.047048 0.21969 0.19794 0.060992 -0.071476 -0.0021638 0.64278 0.15409 -0.010766 -0.035296 -0.0067764 0.22695 0.22271 0.066069 0.141 -0.22379 0.90153 -0.011734 0.45698 -0.097022 -0.032391 0.12547 0.34274 -0.020655 0.92356 0.0002359 -0.19175 0.24284 0.27544 -0.069291 -0.22639 -0.11045 0.87966 0.32587 0.055447 0.25972 0.25826 0.071094 -0.11295 -0.062661 0.59848 0.1446 0.066493 -0.080158 -0.019787 0.19942 0.19182
-0.12431 -0.036048 -0.018766 -0.031022 -0.015923 0.31615 0.16747 0.058404 0.012227 -0.016181 -0.056593 -0.043853 -0.06659 -0.036868 0.31498 0.13882 0.057826 0.010654 0.075624 -0.093388 0.079409 -0.016272 0.088622 0.17939 0.29341 0.084287 0.49895 0.10011 -0.035926 0.013718 0 0.35603 0.26775 0.023544 -0.20099 0.055404 -0.10863 -0.023028 0.064126 -0.050763 -0.029354 0.36129 0.36988 -0.29427 0.193 -0.096412 0.21804 -0.34232 0.28579 0.18262 0.023411 -0.073144 -0.015914 -0.11731 -0.11984 -0.022276 0.045756 0.16883 0.095551 0.044855 0.38913 0.11292 -0.12421 0.0048271 0.53679 0.23363 0.21666 -0.0042095 -0.3478 -0.11353 -0.24416 -0.029892 0.076623 -0.11629 -0.050437 0.21776 0.20759 -0.36022 0.020206 -0.11638 0.17413 -0.35754 0.19193 0.17577 0.022142 -0.10036
-0.088219 -0.09717 -0.069084 -0.15438 -0.030138 0.196 0.1572 -0.066329 -0.042689 0.059003 -0.165 -0.1338 -0.14761 -0.050758 0.15915 0.11466 -0.059387 -0.022962 0.59538 -0.30174 0.45799 -0.21253 0.096954 0.18209 0.63831 0.45171 0.23899 -0.010449 0.011003 -0.188 0.35603 0 0.12905 -0.2303 0.18215 0.52976 0.35652 -0.23562 -0.1675 -0.11824 -0.20399 0.2452 0.0010368 -0.054001 0.29347 -0.20471 0.36082 -0.052162 0.34082 0.28037 -0.11178 -0.23955 0.25621 -0.29324 0.27154 -0.25462 0.067262 0.10002 0.42143 0.29462 0.1033 -0.030684 -0.049626 -0.17205 0.19587 0.79185 0.071179 -0.22592 -0.070341 0.40839 0.11697 -0.26478 -0.13382 -0.22341 -0.24597 0.042975 -0.089744 -0.1608 0.11834 -0.24533 0.25539 -0.24937 0.34424 0.29059 -0.077661 -0.2351
0.01776 0.01314 -0.043386 -0.028105 -0.0081646 0.27793 0.071653 0.020351 0.056059 0.035721 0.012478 -0.040859 -0.031614 -0.010855 0.27121 0.095526 0.00030215 0.06935 0.00036411 0.0084267 0.15878 0.16989 0.10045 0.3502 0.38473 0.11462 0.40336 0.042533 0.033333 0.23851 0.26775 0.12905 0 0.10285 -0.064283 -0.02736 -0.071312 0.15538 0.06898 0.042456 -0.0017895 0.44913 0.19996 0.016905 0.10827 0.15453 0.13876 -0.09303 0.062474 0.094931 0.09647 0.037901 0.027755 0.0025595 0.10607 0.14065 0.065282 0.30002 0.28927 0.1025 0.39187 0.046541 0.013944 0.23309 0.28027 0.14312 0.45593 0.068394 -0.095484 -0.04863 -0.046772 0.12664 0.05454 0.036172 -0.0093332 0.43821 0.1528 -0.0075795 0.085612 0.087449 0.12996 -0.1089 0.065687 0.088821 0.06954 0.020661
0.034973 0.10657 -0.0044452 0.13747 0.0053615 0.096544 0.054539 0.050725 0.097248 0.079796 0.076414 -0.0013561 0.12439 0.029209 0.10593 0.060837 0.021472 0.053311 -0.044897 0.28866 -0.10828 0.31856 0.037648 0.074745 -0.14281 -0.085176 0.060718 0.021007 0.030513 0.30015 0.023544 -0.2303 0.10285 0 0.02852 -0.23265 -0.066261 0.32926 0.56331 0.20294 0.61459 0.15669 0.088794 0.010898 0.26765 0.31469 0.18863 0.24553 -0.066476 -0.0098722 0.33252 0.42934 0.041497 0.27036 -0.14543 0.29231 0.00021766 0.088251 -0.1453 -0.076675 0.073228 0.018526 0.0013531 0.27631 0.0098397 -0.20815 0.13317 0.77107 0.076971 -0.21709 -0.023191 0.297 0.52103 0.25358 0.58044 0.19156 0.068619 0.022057 0.18239 0.26651 0.20673 0.27951 -0.10231 -0.02122 0.29012 0.39597
0.12414 0.14247 0.25486 0.19585 0.076807 -0.054527 -0.0064205 -0.026716 0.059168 0.26786 0.06157 0.2097 0.17543 0.024664 -0.080648 -0.01588 -0.022339 0.049298 0.42159 0.2218 0.58759 -0.10632 0.055395 0.092207 0.26714 0.44392 -0.23208 -0.028478 0.48295 -0.08074 -0.20099 0.18215 -0.064283 0.02852 0 0.39477 0.82388 -0.02086 -0.023319 0.16055 0.29017 -0.084469 -0.099546 0.60289 0.51221 0.24283 0.17738 0.70485 -0.085844 -0.0036577 0.11651 0.37766 0.23106 0.21963 0.34304 -0.13856 0.024991 0.015492 0.085838 0.17189 -0.31485 -0.043727 0.3309 -0.087024 -0.23132 0.032222 -0.089679 0.026121 0.70824 0.32725 0.62319 -0.024643 0.00063095 0.05489 0.24151 -0.17563 -0.10713 0.30096 0.25134 0.11391 0.13636 0.46704 -0.062388 -0.03339 0.14023 0.36504
0.010136 -0.05459 0.014227 -0.075424 0.0060474 0.022641 0.058263 -0.081832 -0.034999 0.1461 -0.10922 -0.020709 -0.081535 -0.041197 -0.020653 0.023956 -0.074217 -0.03246 0.14068 -0.21488 0.46564 -0.20846 0.042653 0.010675 0.43058 0.40421 -0.013529 -0.034345 0.30081 -0.19306 0.055404 0.52976 -0.02736 -0.23265 0.39477 0 0.58639 -0.16416 -0.20021 -0.07203 -0.13358 -0.064196 -0.15629 0.2488 0.1934 -0.11222 -0.049341 0.12358 0.13929 0.080334 -0.083558 -0.13175 -0.074002 -0.21172 0.28752 -0.22371 0.054993 -0.034937 0.19685 0.17755 -0.14694 -0.078085 0.16312 -0.19942 -0.041491 0.26015 -0.043315 -0.22504 0.16865 0.59283 0.27362 -0.17437 -0.15727 -0.17233 -0.15733 -0.23071 -0.2255 -0.047562 -0.030479 -0.17396 -0.07994 -0.081662 0.12797 0.071431 -0.068705 -0.12297
0.057272 0.029522 0.15068 0.079843 0.055998 -0.036165 0.055539 -0.073197 0.0032822 0.22026 -0.029584 0.11099 0.066622 -0.0031527 -0.077636 0.030739 -0.053512 0.019774 0.50818 0.029073 0.53006 -0.15125 0.062932 0.082522 0.29727 0.46853 -0.21851 -0.012552 0.48584 -0.10742 -0.10863 0.35652 -0.071312 -0.066261 0.82388 0.58639 0 -0.082909 -0.093952 0.0046918 0.16914 -0.19722 -0.19002 0.41182 0.34186 0.11358 0.22107 0.55444 0.019186 0.053388 0.013578 0.19003 0.24354 0.0074018 0.30291 -0.17106 0.052057 0.0084709 0.052981 0.22093 -0.33224 -0.028911 0.30206 -0.11623 -0.17452 0.13986 -0.10406 -0.073421 0.53578 0.49482 0.64611 -0.092406 -0.046088 -0.090501 0.10488 -0.2973 -0.19204 0.12736 0.063852 0.014908 0.1328 0.25806 -0.039751 0.016901 0.044135 0.19056
0.07135 0.21243 0.061283 0.083892 0.045597 0.032346 -0.034901 0.036855 0.1418 0.09713 0.21861 0.076224 0.074312 0.035923 0.018007 -0.06964 0.0408 0.14222 -0.068375 0.22543 -0.10783 0.87782 0.00058443 0.20626 -0.06504 -0.14848 0.11704 0.175 0.064062 0.91737 -0.023028 -0.23562 0.15538 0.32926 -0.02086 -0.16416 -0.082909 0 0.30523 0.15051 0.23669 0.23832 0.08473 -0.0061166 0.045842 0.53861 0.053681 0.064836 -0.074448 -0.036552 0.26604 0.27196 -0.030354 0.21707 -0.19763 0.83282 -0.023681 0.21001 -0.11904 -0.10736 0.13413 0.25275 0.038705 0.87718 -0.029904 -0.24614 0.14821 0.30406 -0.022369 -0.18023 -0.085472 0.96521 0.34233 0.15252 0.28327 0.27316 0.11022 -0.046113 -0.010065 0.48615 0.041346 0.15969 -0.092526 -0.067762 0.24127 0.25815
-0.062853 0.066067 -0.050697 0.11013 0.040848 0.12455 0.090438 0.027947 0.06406 0.088985 0.026905 -0.0311 0.053604 0.033537 0.11973 0.097725 0.019239 0.058479 0.030992 0.21205 -0.063899 0.26887 0.048095 0.11895 -0.13564 -0.039616 0.035431 -0.0012905 -0.028517 0.28493 0.064126 -0.1675 0.06898 0.56331 -0.023319 -0.20021 -0.093952 0.30523 0 0.040805 0.84544 0.059933 0.024496 -0.090075 0.22891 0.3993 0.31202 0.26466 -0.0033409 0.049466 0.4509 0.55302 0.074637 0.20984 -0.17982 0.2445 0.0095308 0.13953 -0.17921 -0.039375 0.026528 -0.015238 -0.064994 0.25845 0.037014 -0.18756 0.091588 0.5249 -0.012251 -0.21358 -0.1359 0.25779 0.89211 0.089721 0.77949 0.075174 0.0061178 -0.1256 0.11115 0.31528 0.3174 0.23598 -0.091324 0.008013 0.36388 0.45398
0.34881 0.31623 0.19295 0.18271 0.083266 0.072521 -0.11805 0.068386 0.17659 0.29286 0.31649 0.21546 0.18049 0.068631 0.047575 -0.097629 0.045306 0.15569 -0.10565 0.42283 0.10865 0.021674 0.041507 -0.083236 0.15753 0.048898 0.33956 -0.010949 0.30873 0.047048 -0.050763 -0.11824 0.042456 0.20294 0.16055 -0.07203 0.0046918 0.15051 0.040805 0 0.067162 0.48422 0.33208 0.44578 0.30846 0.13163 -0.04614 0.40325 -0.081115 -0.062691 0.20182 0.34768 -0.075874 0.38357 0.14375 0.0086851 0.040716 -0.1176 0.17209 0.041931 0.32102 -0.0090844 0.24771 0.0015976 0.038765 -0.070994 0.011984 0.17118 0.20998 -0.075121 0.12452 0.17118 0.03554 0.66717 0.072955 0.43398 0.30633 0.43562 0.27904 0.035954 -0.038028 0.38309 -0.089424 -0.098297 0.19121 0.34645
0.005715 0.080746 0.055444 0.25334 0.072695 0.092085 0.10367 0.027678 0.052408 0.15735 0.041265 0.053264 0.20471 0.05214 0.090102 0.11855 0.010861 0.055685 0.098754 0.31731 0.11391 0.22844 0.059232 0.15445 -0.15827 0.088645 -0.12225 0.035606 0.096006 0.21969 -0.029354 -0.20399 -0.0017895 0.61459 0.29017 -0.13358 0.16914 0.23669 0.84544 0.067162 0 -0.088075 -0.015191 0.049441 0.43867 0.46499 0.31722 0.46451 -0.065143 0.011734 0.39549 0.6027 0.14904 0.30042 -0.081408 0.19317 0.0054844 0.14684 -0.25779 -0.0042175 -0.13751 0.032071 0.043669 0.20095 -0.06826 -0.24646 0.038015 0.59011 0.27611 -0.16651 0.047186 0.20429 0.8083 0.10435 0.91399 -0.03747 -0.031365 -0.040746 0.26773 0.40674 0.32767 0.379 -0.13814 -0.020949 0.32189 0.52074
0.21468 0.17692 0.071038 0.00922 0.0062619 0.25154 -0.05443 0.042401 0.13488 0.25737 0.19074 0.07013 -0.016007 0.025302 0.2354 -0.041161 0.05483 0.15121 -0.03218 0.09297 0.32363 0.22448 0.032113 0.072842 0.63958 0.0017748 0.77252 -0.12628 0.067122 0.19794 0.36129 0.2452 0.44913 0.15669 -0.084469 -0.064196 -0.19722 0.23832 0.059933 0.48422 -0.088075 0 0.41719 0.27841 0.34104 0.12039 0.043024 0.029909 0.13388 0.03561 0.11504 0.049376 -0.045009 0.090628 0.23611 0.16544 0.025689 0.011108 0.49814 -0.017263 0.73108 -0.064582 -0.014928 0.17428 0.35987 0.26425 0.38141 0.11986 -0.19207 -0.14733 -0.15607 0.22567 0.047788 0.39112 -0.097057 0.90536 0.34048 0.21986 0.26075 -0.034679 0.048794 -0.0092632 0.13479 0.037132 0.11552 0.026703
0.10261 0.15034 0.17115 0.12054 0.057147 0.2252 -0.0030043 0.12399 0.11664 0.093118 0.17886 0.17033 0.10232 0.044438 0.21991 0.0052384 0.12311 0.11967 -0.098199 0.29713 -0.0314 0.050585 0.061215 0.029871 0.10776 -0.059225 0.45076 0.066981 0.19489 0.060992 0.36988 0.0010368 0.19996 0.088794 -0.099546 -0.15629 -0.19002 0.08473 0.024496 0.33208 -0.015191 0.41719 0 0.035954 0.33837 -0.029139 0.067368 -0.040401 0.040214 0.04004 0.17688 0.18351 -0.077185 0.27677 -0.064349 0.04247 0.029361 0.0055719 0.055921 -0.046071 0.41577 0.074678 0.12176 0.047767 0.38549 0.03606 0.14367 0.072092 -0.11513 -0.20066 -0.097612 0.096374 0.01333 0.29319 -0.023742 0.35599 0.57308 0.036466 0.27176 -0.080158 0.07767 -0.021311 0.012698 0.019752 0.14614 0.17303
0.39188 0.21678 0.26098 0.15717 0.067851 -0.058787 -0.17678 -0.014471 0.097892 0.49078 0.19768 0.24342 0.14187 0.038946 -0.091337 -0.14654 -0.023949 0.11124 -0.074085 0.26014 0.66012 -0.063344 0.023955 -0.081229 0.47559 0.38733 0.031675 -0.11189 0.531 -0.071476 -0.29427 -0.054001 0.016905 0.010898 0.60289 0.2488 0.41182 -0.0061166 -0.090075 0.44578 0.049441 0.27841 0.035954 0 0.43334 0.33422 -0.16643 0.67009 -0.15921 -0.12875 0.066944 0.24692 -0.063716 0.22273 0.53009 -0.10778 0.021713 -0.12351 0.36877 0.16483 -0.047566 -0.10366 0.34762 -0.098654 -0.22632 -0.024758 -0.038935 0.0075714 0.50738 0.23429 0.33612 0.0039382 -0.098732 0.36271 0.029052 0.21657 0.034638 0.73446 0.22721 0.14372 -0.14629 0.4804 -0.10973 -0.16988 0.064294 0.23018
0.10819 0.19602 0.20628 0.1819 0.073417 0.14498 0.041756 0.010566 0.090219 0.32102 0.11156 0.1408 0.14945 0.042879 0.11754 0.019605 0.012649 0.090884 0.179 0.32073 0.39674 0.018477 0.067694 0.028819 0.34594 0.2307 0.23452 -0.042337 0.29712 -0.0021638 0.193 0.29347 0.10827 0.26765 0.51221 0.1934 0.34186 0.045842 0.22891 0.30846 0.43867 0.34104 0.33837 0.43334 0 0.24211 0.13211 0.46548 0.094796 0.043841 0.17987 0.30848 -0.012618 0.27178 0.1875 -0.034672 0.033008 -0.030866 0.076485 0.059888 0.096862 -0.032515 0.077646 -0.021176 0.071942 0.077627 0.068633 0.24649 0.22786 0.0028639 0.14017 0.030382 0.19187 0.19271 0.34593 0.1295 0.19849 0.13251 0.52888 0.088423 0.11551 0.21239 0.068543 0.023522 0.16416 0.26771
0.090754 0.072396 0.020184 0.094094 0.011475 0.056319 0.01927 -0.0031119 0.025713 0.1601 0.043081 0.029446 0.071836 0.014163 0.056697 0.031235 0.0014534 0.039339 -0.0073764 0.22293 0.35369 0.62035 0.065241 0.4544 0.24485 0.31504 -0.034846 0.19724 0.1891 0.64278 -0.096412 -0.20471 0.15453 0.31469 0.24283 -0.11222 0.11358 0.53861 0.3993 0.13163 0.46499 0.12039 -0.029139 0.33422 0.24211 0 0.038223 0.44896 -0.094347 -0.032799 0.13726 0.33911 0.047957 0.21057 0.079577 0.58438 0.028448 0.42218 0.034863 0.25622 -0.0090189 0.16015 0.1034 0.64533 -0.077441 -0.21134 0.14981 0.28232 0.21845 -0.12703 0.081998 0.52701 0.35045 0.13078 0.43691 0.20391 -0.0029229 0.14404 0.081145 0.91106 0.014567 0.34475 -0.093001 -0.048167 0.12511 0.28437
-0.13551 -0.085706 -0.041504 0.015881 0.019263 0.23678 0.23156 0.023897 0.024602 -0.12032 -0.11844 -0.060862 -0.0040501 -0.0060598 0.21545 0.21627 0.025389 0.035813 0.68066 0.075075 0.048842 0.10472 0.1121 0.34173 0.054034 0.16013 0.032936 0.15422 0.062978 0.15409 0.21804 0.36082 0.13876 0.18863 0.17738 -0.049341 0.22107 0.053681 0.31202 -0.04614 0.31722 0.043024 0.067368 -0.16643 0.13211 0.038223 0 0.097838 0.073666 0.22952 0.57199 0.35198 0.59483 0.089243 -0.06753 0.075469 0.066908 0.30491 -0.058246 0.091876 -0.0080005 0.13378 0.033609 0.14252 0.1444 0.24544 0.13241 0.2041 0.11977 -0.027508 0.13086 0.00030899 0.3493 -0.04244 0.31409 0.031276 0.073815 -0.14346 0.089632 0.049484 0.83645 0.068022 0.03753 0.21547 0.48081 0.3079
0.34874 0.2127 0.19823 0.24223 0.099904 -0.10699 -0.092666 -8.9391e-05 0.10761 0.36773 0.20508 0.19332 0.22873 0.079608 -0.14445 -0.081607 -0.026166 0.13576 0.1319 0.40911 0.40718 -0.041813 0.041414 -0.034492 0.12306 0.39965 -0.20246 -0.1143 0.45969 -0.010766 -0.34232 -0.052162 -0.09303 0.24553 0.70485 0.12358 0.55444 0.064836 0.26466 0.40325 0.46451 0.029909 -0.040401 0.67009 0.46548 0.44896 0.097838 0 -0.15913 -0.074843 0.28571 0.59741 0.18276 0.40424 0.33297 -0.080028 0.0032678 -0.09342 0.11866 0.23003 -0.22264 -0.10147 0.35394 -0.047246 -0.29218 -0.030719 -0.11022 0.22086 0.68373 0.19439 0.54176 0.064821 0.18927 0.37367 0.42088 0.06104 0.0072808 0.53575 0.38011 0.3361 0.077755 0.83307 -0.1131 -0.1104 0.22118 0.5398
-0.089064 -0.049501 -0.053251 -0.082996 -0.032028 0.063051 0.056056 -0.0038084 -0.033121 -0.0060322 -0.081828 -0.083197 -0.088995 -0.043918 0.04662 0.033819 -0.0048186 -0.026329 0.13612 -0.15127 0.037109 -0.059688 0.038884 0.061976 0.21634 0.053998 0.16015 -0.00080269 -0.07837 -0.035296 0.28579 0.34082 0.062474 -0.066476 -0.085844 0.13929 0.019186 -0.074448 -0.0033409 -0.081115 -0.065143 0.13388 0.040214 -0.15921 0.094796 -0.094347 0.073666 -0.15913 0 0.10517 -0.082947 -0.14852 0.01902 -0.16921 -0.049498 -0.058347 0.0060794 0.043409 0.072542 0.034205 0.11511 -0.0019551 -0.12052 -0.040034 0.16306 0.24911 0.029403 -0.053817 -0.18423 0.049927 -0.11919 -0.079335 0.019878 -0.15039 -0.0868 0.035424 -0.018861 -0.23572 -0.010585 -0.076692 0.055273 -0.21504 0.23516 0.098989 -0.046392 -0.17319
-0.061516 -0.055441 -0.051494 -0.011842 -0.010451 0.14985 0.12261 -0.0043243 -0.020893 -0.022136 -0.068558 -0.068196 -0.031026 -0.014015 0.12972 0.11207 -0.0060027 0.025733 0.16213 -0.047883 -0.0013185 -0.010798 0.098369 0.1455 0.097791 0.11016 0.055247 0.049232 0.02211 -0.0067764 0.18262 0.28037 0.094931 -0.0098722 -0.0036577 0.080334 0.053388 -0.036552 0.049466 -0.062691 0.011734 0.03561 0.04004 -0.12875 0.043841 -0.032799 0.22952 -0.074843 0.10517 0 0.023473 0.017767 0.10941 -0.059394 -0.039121 -0.017752 0.035679 0.11695 0.032946 0.087363 0.049101 0.035195 -0.038966 0.003593 0.13278 0.22722 0.061024 -0.0092571 -0.041203 0.033863 0.0010037 -0.054155 0.034246 -0.089695 -0.0089258 0.011891 0.0002305 -0.14164 0.032595 -0.039846 0.19192 -0.10102 0.083932 0.16452 0.0064614 0.0056076
0.043227 0.17586 0.08928 0.13826 0.058235 0.10302 0.012631 0.052158 0.11765 0.022 0.17814 0.081683 0.12122 0.055551 0.078498 0.018533 0.044854 0.15249 0.12554 0.28698 -0.01276 0.15053 0.045842 0.098902 -0.048596 -0.025351 0.11279 0.078137 0.15106 0.22695 0.023411 -0.11178 0.09647 0.33252 0.11651 -0.083558 0.013578 0.26604 0.4509 0.20182 0.39549 0.11504 0.17688 0.066944 0.17987 0.13726 0.57199 0.28571 -0.082947 0.023473 0 0.50009 0.20888 0.30637 -0.0012359 0.1374 0.025388 0.091813 -0.027817 -0.044127 0.090476 0.07147 0.14398 0.19252 0.062928 -0.079986 0.093682 0.33668 0.19083 -0.057398 0.10229 0.23681 0.42316 0.249 0.38234 0.14919 0.18524 0.089009 0.1935 0.11954 0.54789 0.3334 -0.055088 -0.012659 0.65603 0.47161
0.18636 0.26235 0.17394 0.33021 0.13009 0.080797 0.030745 0.089107 0.17237 0.1682 0.2547 0.17361 0.29829 0.10185 0.085981 0.045929 0.064212 0.17015 0.10244 0.5443 -0.013904 0.18928 0.093376 0.13021 -0.13363 0.088267 -0.047584 0.067632 0.34879 0.22271 -0.073144 -0.23955 0.037901 0.42934 0.37766 -0.13175 0.19003 0.27196 0.55302 0.34768 0.6027 0.049376 0.18351 0.24692 0.30848 0.33911 0.35198 0.59741 -0.14852 0.017767 0.50009 0 0.20015 0.53088 -0.046645 0.1738 0.057861 0.089313 -0.11979 0.041263 -0.03348 0.071468 0.30734 0.19026 -0.049541 -0.20171 0.039838 0.4148 0.46782 -0.09899 0.28511 0.25694 0.49083 0.38469 0.58375 0.1154 0.21287 0.22899 0.29045 0.29311 0.32543 0.61288 -0.14503 -0.020043 0.40586 0.75728
-0.017392 -0.12481 -0.023931 -0.018209 -0.013971 0.055236 0.10411 -0.016799 -0.019589 -0.15584 -0.12527 -0.02126 0.0023516 -0.019564 0.048344 0.11472 -0.0099681 0.0030715 0.6333 0.028257 0.0013938 0.059656 0.025339 0.28791 0.040778 0.14832 -0.1198 0.14075 0.061172 0.066069 -0.015914 0.25621 0.027755 0.041497 0.23106 -0.074002 0.24354 -0.030354 0.074637 -0.075874 0.14904 -0.045009 -0.077185 -0.063716 -0.012618 0.047957 0.59483 0.18276 0.01902 0.10941 0.20888 0.20015 0 0.058097 0.12692 0.061784 0.026059 0.29368 0.1285 0.22844 -0.11968 0.10437 0.12557 0.079642 -0.00086995 0.44275 0.02438 0.049193 0.37216 0.14939 0.44963 -0.061155 0.12737 -0.033549 0.2023 0.041655 -0.010495 0.044164 0.2452 0.057954 0.70273 0.21647 0.041671 0.17428 0.19473 0.18149
