0,0.33999964594841,0.270363301038742,0.278714537620544,0.083897665143013,-0.0087237348780036,-0.0892766863107681,0.0624134987592697,0.210000902414322,0.728389084339142,0.418114066123962,0.356845080852509,0.292811959981918,0.113510243594646,0.000866723945364356,-0.0938815623521805,0.0442134737968445,0.264292925596237,-0.15790618956089,0.235658600926399,0.0681405961513519,-0.0222902353852987,0.0251874402165413,-0.0505696795880795,0.0710935443639755,0.143267139792442,0.0987264290452003,0.0291467066854239,0.191920086741447,0.00334513979032636,-0.149052187800407,-0.107483275234699,0.010736127384007,0.122889079153538,0.0929105952382088,-0.0587395504117012,0.0119222262874246,0.116100400686264,0.0665226653218269,0.363820463418961,0.0820818841457367,0.184845790266991,0.0978890359401703,0.359407842159271,0.0433311425149441,0.187135070562363,-0.17562372982502,0.348142385482788,-0.0993678495287895,-0.0656406655907631,0.0289414413273335,0.228733047842979,-0.0479073859751225,0.278181403875351,0.416155219078064,-0.0203581172972918,0.0340736657381058,-0.0697771832346916,0.370490968227386,0.250716000795364,0.191726759076118,0.0102521050721407,0.32229945063591,-0.0255925375968218,-0.0288996733725071,0.129032865166664,0.0228658113628626,0.139663308858871,0.38687801361084,0.190978363156319,0.29280686378479,0.135697275400162,0.0715954899787903,0.449706703424454,0.183479577302933,0.309746921062469,0.175339326262474,0.591024279594421,0.39193719625473,0.203669399023056,-0.131205081939697,0.524176776409149,0.000437160924775526,-0.0818315297365189,0.0476512424647808,0.277582466602325
0.33999964594841,0,0.25260317325592,0.274544179439545,0.111868381500244,0.0167976580560207,-0.0780249238014221,0.0729206278920174,0.222811162471771,0.354418903589249,0.489846020936966,0.269136846065521,0.258281618356705,0.0994825661182404,-0.000812546175438911,-0.0946134626865387,0.0568915717303753,0.210812419652939,-0.10768161714077,0.265693992376328,0.0539302676916122,0.0873103588819504,0.0218004956841469,-0.0439621098339558,0.0756809413433075,0.05324811860919,0.147190153598785,0.0761524960398674,0.150863155722618,0.127698615193367,-0.0278715416789055,-0.100823938846588,0.0168930292129517,0.173818096518517,0.118342079222202,-0.065561980009079,0.0109051708132029,0.229087978601456,0.133846640586853,0.340349912643433,0.121817551553249,0.198057591915131,0.165146723389626,0.22460001707077,0.172035813331604,0.132011860609055,-0.108553737401962,0.242417246103287,-0.046940915286541,-0.0558309555053711,0.166729882359505,0.292753487825394,-0.124499827623367,0.260848164558411,0.0679294019937515,0.0839796215295792,0.0182482693344355,-0.0695800259709358,0.0732444226741791,0.00401728227734566,0.134393081068993,0.0726661309599876,0.137094512581825,0.0873645693063736,-0.0124542582780123,-0.0864529684185982,-0.0120102260261774,0.10661892592907,0.163889527320862,-0.0359125547111034,0.0782548561692238,0.262368112802505,0.082715705037117,0.320470243692398,0.0979687348008156,0.188800811767578,0.15485018491745,0.192557528614998,0.168175086379051,0.0705562755465508,-0.120506562292576,0.22778744995594,-0.0491817481815815,-0.0717516168951988,0.155142888426781,0.266702264547348
0.270363301038742,0.25260317325592,0,0.391955256462097,0.0966650247573853,0.0361389592289925,-0.0209490358829498,0.149506822228432,0.143027365207672,0.287988692522049,0.273761540651321,0.579641580581665,0.378656208515167,0.0673834457993507,0.032087329775095,-0.0328480005264282,0.117999941110611,0.155207633972168,-0.0318955332040787,0.203539326786995,0.122878968715668,0.00478010717779398,0.0121638681739569,-0.0348637923598289,0.038580060005188,0.0514061599969864,0.0850300937891006,0.00233534490689635,0.195481821894646,0.0270466469228268,-0.00216564000584185,-0.0677659288048744,-0.0204096771776676,0.0579434968531132,0.229177325963974,-0.0103199249133468,0.133793279528618,0.0932587683200836,0.0119551233947277,0.204048722982407,0.0852765887975693,0.0926540046930313,0.174306601285934,0.25319230556488,0.209069445729256,0.0643418580293655,-0.074615515768528,0.186249226331711,-0.050435658544302,-0.0478767193853855,0.0689348578453064,0.187383025884628,-0.0337340086698532,0.176363900303841,0.112633503973484,-0.012091969139874,0.0363719873130322,-0.0588247142732143,0.0348008945584297,0.0275440216064453,0.0685644373297691,0.00969505496323109,0.164594024419785,-9.02832252904773e-05,0.00319874403066933,-0.0736147984862328,-0.0110991029068828,0.0316527746617794,0.197668835520744,-0.0238554794341326,0.136592626571655,0.103945165872574,-0.0118420515209436,0.201595991849899,0.090820848941803,0.0810933038592339,0.12395142018795,0.174596652388573,0.162145271897316,0.0134321274235845,-0.0725190788507462,0.174686059355736,-0.0613248124718666,-0.0529569387435913,0.0794224664568901,0.174279570579529
0.278714537620544,0.274544179439545,0.391955256462097,0,0.187137380242348,0.0121188769116998,-0.00817915610969067,0.109026581048965,0.141281455755234,0.256321251392365,0.280697733163834,0.373940676450729,0.647096633911133,0.124483928084373,0.0068108793348074,-0.0162176284939051,0.0953142270445824,0.147870168089867,-0.056598037481308,0.29904118180275,-0.028992585837841,0.0363418832421303,0.0141090648248792,-0.0156503282487392,-0.0861235857009888,0.0156632252037525,0.00812717247754335,0.0282176546752453,0.147384658455849,0.0517435222864151,-0.0290373563766479,-0.157370790839195,-0.0211454965174198,0.196844652295113,0.177373260259628,-0.0940308272838593,0.0570278316736221,0.128549352288246,0.192006081342697,0.211948081851006,0.287788987159729,0.0366314984858036,0.129655689001083,0.15953017771244,0.166400030255318,0.120492972433567,-0.0214310549199581,0.249734997749329,-0.0678503513336182,-0.0217685252428055,0.13300783932209,0.352860689163208,-0.0223308652639389,0.285398751497269,0.0162175688892603,0.0384169295430183,0.0122610619291663,-0.0329535603523254,-0.0439871251583099,-0.0125593720003963,0.0203507840633392,0.0321512147784233,0.15398596227169,0.0343484878540039,-0.0262301806360483,-0.132209166884422,0.00565078156068921,0.15804386138916,0.262262403964996,-0.0659046173095703,0.153076902031898,0.147484481334686,0.125708267092705,0.248236313462257,0.271123915910721,0.0748181045055389,0.13209842145443,0.179091095924377,0.184175044298172,0.0969656705856323,-0.0378209687769413,0.305940687656403,-0.065678171813488,-0.0554903857409954,0.126426339149475,0.348340630531311
0.083897665143013,0.111868381500244,0.0966650247573853,0.187137380242348,0,-0.00449090590700507,-0.0213079042732716,0.0182680524885654,0.0545123219490051,0.0941455438733101,0.103505797684193,0.106094725430012,0.159723713994026,0.0458809621632099,-0.00391385005787015,-0.0282030440866947,0.0190163981169462,0.0604474246501923,-0.0182718709111214,0.105323687195778,-0.00218264036811888,0.00595327978953719,0.0116670867428184,-0.0113279232755303,-0.0202078837901354,0.000449184299213812,-0.00663765473291278,-0.0103687243536115,0.0694692507386208,0.00906578544527292,-0.0298283621668816,-0.0357435159385204,-0.0102807637304068,0.0273680742830038,0.066681295633316,0.00153941637836397,0.0470695085823536,0.0527437292039394,0.075852170586586,0.0921345204114914,0.0916498452425003,0.0107513722032309,0.0533520802855492,0.0692228302359581,0.064564011991024,0.0178063996136189,0.00577727984637022,0.107143811881542,-0.028965650126338,-0.022348415106535,0.0619123242795467,0.142184108495712,-0.011430537328124,0.111458957195282,-0.0177350975573063,-0.00143929466139525,-0.0130580868571997,-0.0309323351830244,-0.0358897224068642,-0.0119548048824072,-0.0046473927795887,-0.00255789700895548,0.059907216578722,-0.00272817886434495,-0.0230258274823427,-0.0466767325997353,-0.0162569973617792,0.0311674680560827,0.0850138589739799,-0.0108963176608086,0.0616780258715153,0.052959069609642,0.0586200430989265,0.0792576596140862,0.0818925201892853,0.00164116115774959,0.0254907831549644,0.0447593443095684,0.0498850792646408,-0.00291814282536507,-0.0113102542236447,0.105418309569359,-0.0405858382582664,-0.0230957586318254,0.0463680438697338,0.128551989793777
-0.0087237348780036,0.0167976580560207,0.0361389592289925,0.0121188769116998,-0.00449090590700507,0,0.165822342038155,0.0232472140341997,0.0880497023463249,0.0569271855056286,0.00251270015724003,0.0269503798335791,0.00523796724155545,-0.0163113251328468,0.437717169523239,0.165768831968307,0.0437634401023388,0.0725557059049606,0.0622094199061394,0.0406816937029362,0.140576094388962,0.106177628040314,0.137857303023338,0.221705242991447,0.242665737867355,0.124401785433292,0.341926544904709,0.129005938768387,0.0833453834056854,0.12902657687664,0.303955078125,0.209291070699692,0.277650982141495,0.0766137093305588,-0.0361671149730682,0.0181769784539938,-0.0255438406020403,0.0923901721835136,0.0956147760152817,0.0996631309390068,0.0531868971884251,0.274001985788345,0.232141599059105,-0.00118742452468723,0.172716572880745,0.0838799178600311,0.212609335780144,-0.0731266066431999,0.0587196089327335,0.150322645902634,0.114935018122196,0.0790358111262321,0.0293059404939413,0.0270755644887686,0.00737294368445873,0.0845903977751732,0.0896551758050919,0.211525201797485,0.132919192314148,0.0892920345067978,0.29204335808754,0.131340593099594,0.0156128294765949,0.116589702665806,0.281174540519714,0.139291480183601,0.236562222242355,0.0694203898310661,-0.11673941463232,-0.0519950948655605,-0.0931600481271744,0.0680269077420235,0.100013509392738,0.0418602824211121,0.0484938882291317,0.231430977582932,0.158160865306854,-0.0882266834378242,0.0787086486816406,0.048597663640976,0.183984398841858,-0.106516666710377,0.0559170059859753,0.123104244470596,0.100966453552246,0.0515878424048424
-0.0892766863107681,-0.0780249238014221,-0.0209490358829498,-0.00817915610969067,-0.0213079042732716,0.165822342038155,0,-0.0109550328925252,-0.00812570005655289,-0.0412528589367867,-0.102749221026897,-0.0431231036782265,-0.0273084975779057,-0.0251602288335562,0.171641573309898,0.251898497343063,-0.0102736577391624,-0.030404943972826,0.149381011724472,-0.0421567410230637,0.0470278412103653,0.0275034252554178,0.0756305083632469,0.174588263034821,0.0613185986876488,0.129682973027229,-0.00240205600857735,0.0694413110613823,0.0138563998043537,0.0391214787960052,0.16134050488472,0.16321773827076,0.0701946020126343,0.0184171460568905,0.0202475674450397,0.0748963952064514,0.0690400004386902,-0.0117560895159841,0.056591521948576,-0.123828671872616,0.0682902485132217,-0.037047978490591,-0.0047490163706243,-0.12610886991024,0.0523853972554207,0.0302296467125416,0.230101257562637,-0.0631692856550217,0.0425330922007561,0.132401198148727,0.0152742359787226,0.027180090546608,0.0917088091373444,-0.0519691929221153,-0.0631872415542603,0.0206715706735849,0.0302398316562176,0.154360979795456,-0.0357538871467113,0.0732460990548134,-0.0292826406657696,0.0571133717894554,-0.024859894067049,0.0356111228466034,0.0877844840288162,0.0850355476140976,0.0544489733874798,0.0217084940522909,-0.0584933422505856,-0.0179049652069807,-0.0260673835873604,-0.0303099192678928,0.0602797977626324,-0.139975473284721,0.0683412253856659,-0.0591033399105072,-0.02475481107831,-0.186281263828278,-0.0253410786390305,0.0365998670458794,0.18807852268219,-0.121609523892403,0.0282694343477488,0.110419109463692,0.00124328141100705,-0.00498245609924197
0.0624134987592697,0.0729206278920174,0.149506822228432,0.109026581048965,0.0182680524885654,0.0232472140341997,-0.0109550328925252,0,0.0522427931427956,0.0427341610193253,0.0774045288562775,0.130433365702629,0.104733966290951,0.015049709007144,0.0352975055575371,0.00060812005540356,0.110253274440765,0.0645204707980156,-0.0368465036153793,0.0901464745402336,-0.0569638125598431,0.0254296734929085,0.0013124227989465,-0.00778286997228861,-0.0384945310652256,-0.0208131372928619,0.0595828630030155,0.0183997955173254,0.0269704908132553,0.0139069892466068,0.0689451843500137,-0.0552796870470047,0.0246852617710829,0.0467465929687023,-0.026447307318449,-0.0822219327092171,-0.0754334107041359,0.0498468242585659,0.0212866812944412,0.0732061788439751,0.0125136477872729,0.0512900277972221,0.122858837246895,0.00143102463334799,0.014480079524219,0.0105350697413087,0.00377250998280942,-0.0015541227767244,-0.00265058246441185,-0.000162588432431221,0.0448946133255959,0.0876489132642746,-0.0241728704422712,0.0760975554585457,-0.0402128361165524,0.0269968751817942,-0.0042844619601965,0.000360605277819559,-0.0171811729669571,0.00457635475322604,0.0727629661560059,0.0329835154116154,0.0317587964236736,0.00611556693911552,0.066923588514328,-0.037424199283123,0.0101624634116888,0.0442057736217976,0.00114561966620386,-0.0851291343569756,-0.0138332014903426,0.0569274723529816,0.0134148858487606,0.081237368285656,0.0324971079826355,0.0627100840210915,0.104039587080479,0.0204593557864428,0.0361963659524918,0.00971506629139185,0.0113898077979684,0.054140742868185,-0.01565514318645,0.000181998126208782,0.0557866021990776,0.0891901552677155
0.210000902414322,0.222811162471771,0.143027365207672,0.141281455755234,0.0545123219490051,0.0880497023463249,-0.00812570005655289,0.0522427931427956,0,0.222453638911247,0.22823241353035,0.13114295899868,0.13518799841404,0.047859188169241,0.0748739019036293,-0.0218613687902689,0.0507032088935375,0.198052138090134,-0.0457069091498852,0.164565399289131,0.0103315385058522,0.0689141675829887,0.0192617475986481,0.00908521469682455,0.0362742282450199,0.0106208408251405,0.130422875285149,0.0230390261858702,0.0804956555366516,0.0979248508810997,0.021733470261097,-0.0496036820113659,0.067004032433033,0.11897948384285,0.0397695265710354,-0.0597075037658215,-0.0128087978810072,0.171508952975273,0.097107321023941,0.193203762173653,0.0742418318986893,0.154546126723289,0.138180419802666,0.10249961912632,0.0813781693577766,0.058760080486536,-0.00112496642395854,0.115148223936558,-0.0290561411529779,-0.021347887814045,0.121569886803627,0.186283990740776,-0.0368399359285831,0.171690136194229,0.045760951936245,0.0624142251908779,0.0310406405478716,-0.00762170879170299,0.0627960115671158,0.0189995877444744,0.146138116717339,0.0174950249493122,0.0949214994907379,0.0875302702188492,0.0604179203510284,-0.0105721978470683,0.0377279222011566,0.073326401412487,0.0871535763144493,-0.0326255895197392,0.0402104817330837,0.178255662322044,0.0765545591711998,0.185654953122139,0.0683014690876007,0.175219804048538,0.139414697885513,0.108177691698074,0.125220373272896,0.0277722142636776,-0.00182248081546277,0.149100869894028,-0.0351909771561623,-0.0037958319298923,0.124723955988884,0.174497902393341
0.728389084339142,0.354418903589249,0.287988692522049,0.256321251392365,0.0941455438733101,0.0569271855056286,-0.0412528589367867,0.0427341610193253,0.222453638911247,0,0.324506729841232,0.280957818031311,0.214635789394379,0.0995637625455856,0.0487263202667236,-0.0519549250602722,0.0351526252925396,0.229584380984306,-0.0675385966897011,0.231147974729538,0.268801420927048,-0.000247062416747212,0.0496574826538563,-0.0731950178742409,0.228184163570404,0.239322975277901,0.151433899998665,-0.0619219280779362,0.207270264625549,0.00645565753802657,-0.014366845600307,0.0589876249432564,0.0435371920466423,0.196225106716156,0.230656608939171,0.0980145782232285,0.18699537217617,0.120731614530087,0.262044101953506,0.313539505004883,0.275493413209915,0.240270748734474,0.0872543454170227,0.462804824113846,0.284161180257797,0.256866753101349,-0.13079622387886,0.394771575927734,-0.0158481448888779,-0.00674324436113238,0.0316716395318508,0.224385321140289,-0.155363246798515,0.169914916157722,0.1332977861166,-0.011474534869194,0.0253640282899141,-0.0879999101161957,0.125563517212868,0.127871036529541,0.104351155459881,-0.0312746576964855,0.102732516825199,-0.000715896370820701,-0.020276602357626,0.00871230941265821,0.0271867029368877,0.13319194316864,0.13856241106987,0.0321655087172985,0.0474566929042339,0.138274818658829,0.151407346129417,0.264655590057373,0.165107890963554,0.154653459787369,0.0556590780615807,0.237696677446365,0.0943941473960876,0.0952863097190857,-0.11848171800375,0.320826232433319,-0.0378366596996784,-0.0543975718319416,0.0492910593748093,0.186757043004036
0.418114066123962,0.489846020936966,0.273761540651321,0.280697733163834,0.103505797684193,0.00251270015724003,-0.102749221026897,0.0774045288562775,0.22823241353035,0.324506729841232,0,0.32723867893219,0.308673441410065,0.113249577581882,-0.00383892632089555,-0.109268747270107,0.0955193638801575,0.252163231372833,-0.190664678812027,0.292976856231689,-0.00869340542703867,0.0717221647500992,0.0190700720995665,-0.0579234883189201,0.026603065431118,-0.00841573160141706,0.151195704936981,0.065172404050827,0.134028196334839,0.112773820757866,-0.0550966560840607,-0.179836437106133,0.0168904457241297,0.121850788593292,0.0360957346856594,-0.142450332641602,-0.0619643069803715,0.236914560198784,0.054786454886198,0.350422710180283,0.0692999288439751,0.200378209352493,0.192788407206535,0.20052570104599,0.0848971083760262,0.0988054051995277,-0.160087466239929,0.225426942110062,-0.0851353034377098,-0.0770599618554115,0.16418194770813,0.286043614149094,-0.144313976168633,0.306184411048889,0.155326709151268,0.0793845131993294,0.00994363613426685,-0.0877503529191017,0.15923997759819,0.00610517570748925,0.198819100856781,0.0436336658895016,0.194388434290886,0.0759152248501778,-0.00215162755921483,-0.0572521425783634,0.0120766740292311,0.133566096425056,0.243217617273331,-0.00550198787823319,0.153256729245186,0.274581223726273,0.0404039472341537,0.402064949274063,0.110012635588646,0.266354382038116,0.208366438746452,0.310908168554306,0.268120288848877,0.0787060707807541,-0.138237044215202,0.313186913728714,-0.037129744887352,-0.100377410650253,0.169449865818024,0.305852800607681
0.356845080852509,0.269136846065521,0.579641580581665,0.373940676450729,0.106094725430012,0.0269503798335791,-0.0431231036782265,0.130433365702629,0.13114295899868,0.280957818031311,0.32723867893219,0,0.400558352470398,0.0850556194782257,0.0298093874007463,-0.0328394547104836,0.146440789103508,0.154767617583275,-0.076662190258503,0.209002912044525,0.0674211606383324,-0.0221887975931168,-0.00528060691431165,-0.0513910613954067,0.00546882068738341,0.0306921470910311,0.088098518550396,0.0150900911539793,0.190960124135017,0.0072470111772418,-0.0415521003305912,-0.129284083843231,-0.0247776228934526,0.0401118509471416,0.191607132554054,-0.0491080917418003,0.10578665882349,0.0929989889264107,0.00754283973947167,0.226680710911751,0.0660173445940018,0.0726935416460037,0.178369611501694,0.226097464561462,0.127255737781525,0.0783422291278839,-0.0987518802285194,0.181767925620079,-0.0808901190757751,-0.0671019479632378,0.0655296221375465,0.194288641214371,-0.0324264168739319,0.238609984517097,0.185595273971558,-0.0466616898775101,0.0242799036204815,-0.071229562163353,0.0902383625507355,0.0601351037621498,0.0913660079240799,-0.00234958180226386,0.23959094285965,-0.0200145523995161,0.00413169711828232,-0.0445657633244991,0.00973093509674072,0.0438134595751762,0.276649862527847,0.0482511930167675,0.223861038684845,0.104471139609814,-0.0429978556931019,0.26923143863678,0.081165038049221,0.122613094747066,0.18735708296299,0.280849069356918,0.234001621603966,0.0355794169008732,-0.0926165655255318,0.237317025661469,-0.0533926971256733,-0.0531451590359211,0.0580382160842419,0.215114936232567
0.292811959981918,0.258281618356705,0.378656208515167,0.647096633911133,0.159723713994026,0.00523796724155545,-0.0273084975779057,0.104733966290951,0.13518799841404,0.214635789394379,0.308673441410065,0.400558352470398,0,0.144653826951981,0.0102178053930402,-0.00764991529285908,0.116319559514523,0.157350495457649,-0.061561357229948,0.273229598999023,-0.0383193381130695,0.0342684760689735,0.0173813365399837,-0.0197668578475714,-0.0920078083872795,0.00179825245868415,-0.0049620964564383,0.0518674254417419,0.135327130556107,0.0478206500411034,-0.0667308494448662,-0.1673763692379,-0.0214188657701015,0.168635994195938,0.146573081612587,-0.111159697175026,0.0415485911071301,0.129594624042511,0.120713040232658,0.219934403896332,0.225677788257599,0.0215857401490211,0.115469247102737,0.134887903928757,0.123280681669712,0.104929491877556,-0.0425819829106331,0.227641224861145,-0.0853863060474396,-0.0476330071687698,0.127569824457169,0.323443979024887,0.0035412572324276,0.292535305023193,0.030273949727416,0.0282480008900166,0.0175506435334682,-0.018055185675621,-0.0324693210422993,0.0303130801767111,0.0100495656952262,0.0469482205808163,0.190145239233971,0.0308643169701099,-0.0390169024467468,-0.117590293288231,-0.0022640039678663,0.161205112934113,0.292808771133423,-0.0468871630728245,0.189876407384872,0.14847306907177,0.12159039825201,0.253717035055161,0.294225126504898,0.0755486413836479,0.131207048892975,0.200744971632957,0.196415171027184,0.0995394289493561,-0.00791767798364162,0.322492241859436,-0.0865532010793686,-0.0473915189504623,0.126847520470619,0.37966525554657
0.113510243594646,0.0994825661182404,0.0673834457993507,0.124483928084373,0.0458809621632099,-0.0163113251328468,-0.0251602288335562,0.015049709007144,0.047859188169241,0.0995637625455856,0.113249577581882,0.0850556194782257,0.144653826951981,0,-0.00831330567598343,-0.027595404535532,0.00696663931012154,0.0917843356728554,-0.0265406314283609,0.132221817970276,-0.0431438274681568,0.0167208630591631,0.0113205397501588,-0.0180601477622986,-0.0281551219522953,-0.0198332816362381,0.0144264874979854,-0.0100480290129781,0.0339126139879227,0.0185130648314953,-0.030831016600132,-0.0581796355545521,4.79649752378464e-05,0.0600824877619743,0.0251718033105135,-0.0455112159252167,-0.0104180537164211,0.0602065995335579,0.0641984716057777,0.0891597867012024,0.0685043409466743,0.039156548678875,0.0567042492330074,0.0432724580168724,0.0507352240383625,0.018523070961237,-0.0144575396552682,0.0828360542654991,-0.0399805568158627,-0.0118252411484718,0.0756281390786171,0.123784996569157,-0.0174441672861576,0.106447339057922,0.00194423773791641,0.0167236030101776,0.00587496208027005,-0.020931938663125,-0.00315107800997794,-0.0101693635806441,0.0274809338152409,-0.00986104644834995,0.0331950634717941,0.0217897556722164,-0.0101732248440385,-0.0315528810024261,-0.004235515370965,0.0699630379676819,0.0796768665313721,-0.0341711603105068,0.0587289780378342,0.0744801759719849,0.0684602409601212,0.092586949467659,0.0884539559483528,0.0501987151801586,0.0711204186081886,0.066054530441761,0.0927993878722191,0.00758541375398636,-0.0138948550447822,0.119649603962898,-0.025407450273633,-0.0251935478299856,0.0641069039702415,0.136168465018272
0.000866723945364356,-0.000812546175438911,0.032087329775095,0.0068108793348074,-0.00391385005787015,0.437717169523239,0.171641573309898,0.0352975055575371,0.0748739019036293,0.0487263202667236,-0.00383892632089555,0.0298093874007463,0.0102178053930402,-0.00831330567598343,0,0.211487606167793,0.0407288037240505,0.0704661980271339,0.0506716780364513,0.0377381220459938,0.126952633261681,0.0915317833423615,0.110330238938332,0.23273341357708,0.225503176450729,0.128639966249466,0.324119031429291,0.126070007681847,0.087600514292717,0.109350562095642,0.308854043483734,0.177500948309898,0.276820182800293,0.0767956003546715,-0.0381465591490269,-0.0135131189599633,-0.0460440777242184,0.0754051208496094,0.0837457925081253,0.0832564905285835,0.0559666119515896,0.259089827537537,0.24139392375946,-0.0212706215679646,0.156578823924065,0.0772118866443634,0.214341342449188,-0.0840071812272072,0.0460912697017193,0.134400650858879,0.0992499440908432,0.0826529860496521,0.0397892706096172,0.0438230410218239,0.0549915842711926,0.0799086838960648,0.105644568800926,0.225226849317551,0.163256466388702,0.130276590585709,0.305910021066666,0.110375680029392,0.0588074736297131,0.102520920336246,0.274581551551819,0.161188960075378,0.278886407613754,0.067151702940464,-0.0841515064239502,-0.0482514873147011,-0.0694961249828339,0.0629268139600754,0.110023953020573,0.0688843727111816,0.0510943718254566,0.251253455877304,0.177179202437401,-0.061985157430172,0.103921808302402,0.0686879605054855,0.206687107682228,-0.0804580822587013,0.0378568433225155,0.1415044516325,0.102753520011902,0.0802747532725334
-0.0938815623521805,-0.0946134626865387,-0.0328480005264282,-0.0162176284939051,-0.0282030440866947,0.165768831968307,0.251898497343063,0.00060812005540356,-0.0218613687902689,-0.0519549250602722,-0.109268747270107,-0.0328394547104836,-0.00764991529285908,-0.027595404535532,0.211487606167793,0,0.0130775365978479,-0.00545690953731537,0.114745922386646,-0.0383332222700119,0.0401681698858738,0.0256314985454082,0.0732704773545265,0.166366934776306,0.0399352163076401,0.118973799049854,-0.0106049561873078,0.0263983085751534,0.0136459954082966,0.0313577353954315,0.134255349636078,0.124420493841171,0.0917810201644897,0.019543893635273,0.00456599378958344,0.0425431244075298,0.0458844490349293,-0.0500468276441097,0.0407077819108963,-0.110941261053085,0.0666223168373108,-0.0322383716702461,0.00142418872565031,-0.110470190644264,0.0350219458341599,0.0311800353229046,0.19945365190506,-0.0672312453389168,0.0417015925049782,0.107482299208641,0.0113429008051753,0.0231730826199055,0.104346625506878,-0.0392560511827469,-0.0232603847980499,0.0169763695448637,0.0418242327868938,0.176421195268631,-0.00916281342506409,0.118357703089714,-0.0254138130694628,0.0202277004718781,-0.00330343190580606,0.0264309868216515,0.0994483456015587,0.0906210690736771,0.0989968851208687,0.023231016471982,-0.0205412209033966,-0.00576854264363647,0.0128072816878557,-0.0597224198281765,0.0584575235843658,-0.128684833645821,0.0740815922617912,-0.0499618202447891,-0.0290960632264614,-0.143378764390945,-0.0139068942517042,0.041441772133112,0.2088513225317,-0.0835732594132423,0.0274490658193827,0.132428094744682,0.00284755951724946,0.0206865277141333
0.0442134737968445,0.0568915717303753,0.117999941110611,0.0953142270445824,0.0190163981169462,0.0437634401023388,-0.0102736577391624,0.110253274440765,0.0507032088935375,0.0351526252925396,0.0955193638801575,0.146440789103508,0.116319559514523,0.00696663931012154,0.0407288037240505,0.0130775365978479,0,0.0679262354969978,-0.0271723512560129,0.0897242352366447,-0.0480470955371857,0.0310129821300507,0.0163344852626324,-0.0040369494818151,-0.013955308124423,-0.0337477214634418,0.081997238099575,0.0324092358350754,0.0176515392959118,0.0330298319458961,0.0557236298918724,-0.0669857561588287,0.0105762351304293,0.0296117942780256,-0.0227069929242134,-0.0808751508593559,-0.0637146085500717,0.0490129627287388,0.00606064405292273,0.0681730583310127,-0.00505523849278688,0.0767075791954994,0.125008299946785,-0.0107741756364703,0.0200484208762646,0.00472601410001516,0.0109140509739518,-0.0283715650439262,-0.0146664092317224,-0.0146898766979575,0.042171336710453,0.0626679360866547,-0.0153796784579754,0.0775299742817879,-0.0370123274624348,0.0308282412588596,0.00904814060777426,0.0174960605800152,-0.0156803447753191,-0.01343431789428,0.0716105401515961,0.0269835907965899,0.024887116625905,0.0238922946155071,0.0500064566731453,-0.0342734977602959,0.0243184734135866,0.0340841673314571,-0.0111539494246244,-0.102383725345135,-0.026706974953413,0.0518750511109829,-0.0038959130179137,0.0735042914748192,0.00104956387076527,0.0757212191820145,0.115609891712666,0.0188341736793518,0.018987625837326,0.0047800992615521,0.0194957945495844,0.0174767430871725,-0.0185079481452703,-0.00331553537398577,0.0472296550869942,0.0693260729312897
0.264292925596237,0.210812419652939,0.155207633972168,0.147870168089867,0.0604474246501923,0.0725557059049606,-0.030404943972826,0.0645204707980156,0.198052138090134,0.229584380984306,0.252163231372833,0.154767617583275,0.157350495457649,0.0917843356728554,0.0704661980271339,-0.00545690953731537,0.0679262354969978,0,-0.0609323531389236,0.166209608316422,0.0350913740694523,0.0562137216329575,0.0434582158923149,0.0154079748317599,0.0607222095131874,0.032957810908556,0.120948106050491,0.0251705516129732,0.0936255976557732,0.094014048576355,0.0175274461507797,-0.0258868187665939,0.0723647400736809,0.0948597490787506,0.0289732608944178,-0.0534437783062458,-0.00717193819582462,0.165644749999046,0.0818894430994987,0.18910251557827,0.0677201151847839,0.158027738332748,0.136891409754753,0.114983715116978,0.0835376903414726,0.0649104043841362,0.0140107152983546,0.137182757258415,-0.0353547595441341,0.0250939950346947,0.166982293128967,0.194254666566849,-0.00872626528143883,0.183551773428917,0.100666284561157,0.0669754520058632,0.0270449668169022,0.0145030859857798,0.109922155737877,0.0425138957798481,0.148741513490677,0.0275343041867018,0.117907926440239,0.0857473984360695,0.0645459517836571,0.0214366465806961,0.0591547042131424,0.112253464758396,0.120109230279922,0.0113056022673845,0.0853532552719116,0.182906657457352,0.0783049017190933,0.204862177371979,0.0887956842780113,0.193128600716591,0.143071532249451,0.151957646012306,0.163592368364334,0.060177106410265,0.0206644032150507,0.173772409558296,0.00202991627156734,0.00272993627004325,0.135526195168495,0.216765895485878
-0.15790618956089,-0.10768161714077,-0.0318955332040787,-0.056598037481308,-0.0182718709111214,0.0622094199061394,0.149381011724472,-0.0368465036153793,-0.0457069091498852,-0.0675385966897011,-0.190664678812027,-0.076662190258503,-0.061561357229948,-0.0265406314283609,0.0506716780364513,0.114745922386646,-0.0271723512560129,-0.0609323531389236,0,-0.0427285470068455,0.237972483038902,0.0475884042680264,0.0418506935238838,0.251081794500351,0.192696988582611,0.264064371585846,-0.166417390108109,0.0835637599229813,0.0777939558029175,0.0768144428730011,0.00975525192916393,0.567108511924744,-0.00100247480440885,-0.00447437167167664,0.505915999412537,0.245192840695381,0.563590586185455,-0.0244936626404524,0.0744173303246498,-0.0994648039340973,0.170529574155807,-0.0647691562771797,-0.142995804548264,0.0125117739662528,0.196315497159958,0.0834198072552681,0.721443474292755,0.238439485430717,0.114302791655064,0.164948061108589,0.161073699593544,0.117361471056938,0.650507807731628,-0.0560605153441429,0.0411318205296993,0.0307426284998655,0.0209300834685564,0.212089061737061,0.0183233190327883,0.183096751570702,-0.203554719686508,0.088714487850666,0.00676290737465024,0.0675525590777397,-0.0655229017138481,0.31596252322197,0.0209483820945024,0.0081123998388648,0.217979624867439,0.162341192364693,0.25784769654274,-0.0574675761163235,0.115304067730904,-0.17102512717247,0.124309331178665,-0.138278841972351,-0.125311642885208,-0.105282239615917,0.020813949406147,0.0622538961470127,0.608369708061218,0.0445954613387585,0.0540267005562782,0.166686356067657,0.164130032062531,0.085210032761097
0.235658600926399,0.265693992376328,0.203539326786995,0.29904118180275,0.105323687195778,0.0406816937029362,-0.0421567410230637,0.0901464745402336,0.164565399289131,0.231147974729538,0.292976856231689,0.209002912044525,0.273229598999023,0.132221817970276,0.0377381220459938,-0.0383332222700119,0.0897242352366447,0.166209608316422,-0.0427285470068455,0,-0.114048287272453,0.181835785508156,0.0518785938620567,0.029203237965703,-0.112730354070663,-0.0156236970797181,0.00810049008578062,0.0431288033723831,0.20860444009304,0.2004204839468,-0.0965311005711555,-0.270198941230774,0.00679640797898173,0.391321241855621,0.202058494091034,-0.225049152970314,0.00733040180057287,0.293822169303894,0.326555341482162,0.422712683677673,0.400839328765869,0.0958333015441895,0.279987245798111,0.261037677526474,0.324302196502686,0.273679316043854,0.0540188774466515,0.380243420600891,-0.128620445728302,-0.0447424128651619,0.291165620088577,0.568095147609711,0.0167016014456749,0.592359304428101,-0.104344762861729,0.190667763352394,0.012855177745223,0.0152648063376546,-0.105912864208221,0.00981152802705765,0.0539556108415127,0.0512655414640903,0.183738097548485,0.174664035439491,-0.04880316182971,-0.238483279943466,0.0265664886683226,0.37044021487236,0.30787006020546,-0.239583522081375,0.123790048062801,0.294286996126175,0.282339811325073,0.443810641765594,0.399189621210098,0.16124814748764,0.277006179094315,0.245539218187332,0.295558989048004,0.226188570261002,0.0499730072915554,0.468716472387314,-0.158107787370682,-0.0819409340620041,0.242100909352303,0.557571291923523
0.0681405961513519,0.0539302676916122,0.122878968715668,-0.028992585837841,-0.00218264036811888,0.140576094388962,0.0470278412103653,-0.0569638125598431,0.0103315385058522,0.268801420927048,-0.00869340542703867,0.0674211606383324,-0.0383193381130695,-0.0431438274681568,0.126952633261681,0.0401681698858738,-0.0480470955371857,0.0350913740694523,0.237972483038902,-0.114048287272453,0,-0.141117870807648,0.0685070678591728,0.175929918885231,0.73320484161377,0.567799091339111,0.200476318597794,-0.0785407498478889,0.283276051282883,-0.0902372449636459,0.115260578691959,0.493851184844971,0.164175987243652,-0.0721488371491432,0.560882329940796,0.469224572181702,0.543032467365265,-0.121718131005764,-0.00724318623542786,0.112751692533493,0.12987208366394,0.323399811983109,-0.0463477112352848,0.713226854801178,0.429208219051361,0.388719171285629,0.0498623885214329,0.466840714216232,0.0341076776385307,0.00561188580468297,-0.0169638358056545,-0.0447651259601116,0.0320627652108669,-0.120706416666508,0.660256385803223,-0.193923905491829,0.0612853690981865,0.0978644415736198,0.540589213371277,0.306784898042679,0.068670280277729,-0.0387753359973431,0.0963190793991089,-0.0870750099420547,0.0548446103930473,0.320032596588135,0.119558855891228,-0.0666055157780647,0.256536960601807,0.363471031188965,0.206452816724777,-0.124118350446224,-0.00130477105267346,-0.00650213053449988,0.0443037562072277,0.16859869658947,-0.120818957686424,0.292949616909027,0.106624223291874,0.167945072054863,0.0322833396494389,0.0878877267241478,0.0821056067943573,0.0205787345767021,-0.00741943484172225,-0.10231177508831
-0.0222902353852987,0.0873103588819504,0.00478010717779398,0.0363418832421303,0.00595327978953719,0.106177628040314,0.0275034252554178,0.0254296734929085,0.0689141675829887,-0.000247062416747212,0.0717221647500992,-0.0221887975931168,0.0342684760689735,0.0167208630591631,0.0915317833423615,0.0256314985454082,0.0310129821300507,0.0562137216329575,0.0475884042680264,0.181835785508156,-0.141117870807648,0,0.0208865590393543,0.356664150953293,0.0632939413189888,-0.129266664385796,0.127998441457748,0.286939531564713,0.0385635793209076,0.920166075229645,0.0106324246153235,-0.14098185300827,0.160436555743217,0.354392498731613,-0.0643928423523903,-0.187794432044029,-0.133504435420036,0.879916727542877,0.313770532608032,0.0924160480499268,0.294733673334122,0.284603923559189,0.0767436251044273,-0.024458134546876,0.0807870477437973,0.645540475845337,0.200076177716255,0.0321894213557243,-0.0323097556829453,0.0195578467100859,0.213818788528442,0.245602771639824,0.0917862951755524,0.173937201499939,-0.226867988705635,0.973227083683014,0.00811242125928402,0.392740666866302,-0.0362819693982601,-0.0671356245875359,0.163325503468513,0.347716182470322,-0.00554198585450649,0.910402297973633,-0.0108613250777125,-0.173169031739235,0.170493483543396,0.333529859781265,-0.0776369869709015,-0.248939841985703,-0.135477155447006,0.840734362602234,0.360762059688568,0.0904292017221451,0.316910684108734,0.32443168759346,0.089925542473793,-0.0708547383546829,0.0116645563393831,0.595856666564941,0.181247964501381,0.0801421627402306,-0.0707325413823128,0.017326021566987,0.178558543324471,0.224979981780052
0.0251874402165413,0.0218004956841469,0.0121638681739569,0.0141090648248792,0.0116670867428184,0.137857303023338,0.0756305083632469,0.0013124227989465,0.0192617475986481,0.0496574826538563,0.0190700720995665,-0.00528060691431165,0.0173813365399837,0.0113205397501588,0.110330238938332,0.0732704773545265,0.0163344852626324,0.0434582158923149,0.0418506935238838,0.0518785938620567,0.0685070678591728,0.0208865590393543,0,0.163524091243744,0.110877633094788,0.143032237887383,0.062603123486042,0.0386167354881763,0.0981986969709396,0.0448029302060604,0.0936788097023964,0.106110028922558,0.100074850022793,0.0325333811342716,0.0670719742774963,0.0386502183973789,0.0698998495936394,0.0282164476811886,0.0488988347351551,0.0462985150516033,0.0578378289937973,0.0494810864329338,0.061389971524477,0.0442206785082817,0.0698002353310585,0.0907337069511414,0.108214065432549,0.0654629692435265,0.0318191796541214,0.105234242975712,0.0514996163547039,0.103493608534336,0.0185403022915125,0.0256735645234585,0.0391433872282505,0.0100919548422098,0.0582186989486217,0.134126156568527,0.0774642378091812,0.115417845547199,0.0622309893369675,0.0312811881303787,0.0614244975149632,0.043682623654604,0.0861072987318039,0.0742819607257843,0.0887189209461212,0.0105320531874895,0.0564561374485493,0.0137326968833804,0.0469977743923664,0.0203884597867727,0.0396909303963184,0.0376020185649395,0.0504046119749546,0.0634037032723427,0.034440889954567,-0.00379491876810789,0.0492689050734043,0.076443038880825,0.0803997963666916,0.0412485525012016,0.0190088730305433,0.0508881658315659,0.0329791009426117,0.0931504815816879
-0.0505696795880795,-0.0439621098339558,-0.0348637923598289,-0.0156503282487392,-0.0113279232755303,0.221705242991447,0.174588263034821,-0.00778286997228861,0.00908521469682455,-0.0731950178742409,-0.0579234883189201,-0.0513910613954067,-0.0197668578475714,-0.0180601477622986,0.23273341357708,0.166366934776306,-0.0040369494818151,0.0154079748317599,0.251081794500351,0.029203237965703,0.175929918885231,0.356664150953293,0.163524091243744,0,0.316048085689545,0.350046992301941,0.0793075636029243,0.554571151733398,0.103000961244106,0.535063028335571,0.171548455953598,0.196432292461395,0.333606541156769,0.110729821026325,0.127382263541222,0.0381795614957809,0.0954985469579697,0.313923746347427,0.108355395495892,-0.0440352447330952,0.153614595532417,0.116506606340408,0.0419375412166119,-0.0187421087175608,0.0945931375026703,0.522527575492859,0.339565217494965,0.0130408760160208,0.0689548030495644,0.15096078813076,0.127578616142273,0.143168032169342,0.241595163941383,0.0511972084641457,0.0543065220117569,0.328179448843002,0.108575120568275,0.810329556465149,0.203033030033112,0.351200610399246,0.0855085402727127,0.512249946594238,0.0763932168483734,0.531767845153809,0.132555171847343,0.187083393335342,0.351649820804596,0.124299094080925,0.121342785656452,-0.025536086410284,0.140326142311096,0.242502674460411,0.160386577248573,-0.0323618985712528,0.196706965565681,0.165548533201218,0.039126206189394,-0.069775328040123,0.0619201622903347,0.525620996952057,0.276316225528717,0.0131968753412366,0.0454676263034344,0.137144923210144,0.0990622341632843,0.10958943516016
