0,0.332261294126511,0.2679523229599,0.280168563127518,0.0864578261971474,-0.0100085306912661,-0.092369519174099,0.0605039373040199,0.208196759223938,0.72204315662384,0.413759291172028,0.358595669269562,0.295875549316406,0.113686092197895,-0.000477263674838468,-0.0968804359436035,0.041676439344883,0.264459788799286,-0.154704123735428,0.230662956833839,0.0626007914543152,-0.0173135008662939,0.0226471088826656,-0.0569002404808998,0.0573453232645988,0.135399609804153,0.0900999158620834,0.0271086413413286,0.18829520046711,0.00508273858577013,-0.157462880015373,-0.115590989589691,0.0125360814854503,0.130983129143715,0.0937390998005867,-0.066181443631649,0.012396439909935,0.119812317192554,0.0682645291090012,0.361763060092926,0.081237368285656,0.182000353932381,0.0896116495132446,0.359049499034882,0.0324607491493225,0.181811571121216,-0.178853124380112,0.347735166549683,-0.104309037327766,-0.0640139207243919,0.0343985557556152,0.227862134575844,-0.0458375327289104,0.274794906377792,0.416747391223907,-0.0143680274486542,0.0342616476118565,-0.0785093754529953,0.367132246494293,0.248373985290527,0.186940893530846,0.00592872640118003,0.323609858751297,-0.0293631833046675,-0.0310924127697945,0.124066397547722,0.0228163208812475,0.143139377236366,0.392381608486176,0.197067707777023,0.297026187181473,0.1394322514534,0.0714603587985039,0.448576986789703,0.184378102421761,0.312562942504883,0.172809258103371,0.592323541641235,0.391846477985382,0.197771340608597,-0.127985551953316,0.530723929405212,-0.00463811354711652,-0.0848162174224854,0.0505837462842464,0.27951654791832
0.332261294126511,0,0.249289780855179,0.272198081016541,0.113390795886517,0.0130243375897408,-0.0801263228058815,0.0726999714970589,0.222683817148209,0.349234104156494,0.491779863834381,0.266162216663361,0.258031517267227,0.098834827542305,-0.00335801532492042,-0.0964238047599792,0.0553029216825962,0.210659429430962,-0.108185291290283,0.256494969129562,0.0451878383755684,0.0942499414086342,0.0197545252740383,-0.0535266175866127,0.0615598596632481,0.0452605597674847,0.140144780278206,0.0816716551780701,0.144092038273811,0.132792994379997,-0.0337295643985271,-0.107593111693859,0.0131958145648241,0.175449252128601,0.112207338213921,-0.0688764378428459,0.00823279470205307,0.23405721783638,0.134524643421173,0.331430345773697,0.118974238634109,0.191699877381325,0.158531531691551,0.212923631072044,0.162397608160973,0.128028586506844,-0.113572172820568,0.231009528040886,-0.04891262575984,-0.0553342737257481,0.166031822562218,0.286465883255005,-0.1219846829772,0.251870721578598,0.0651132762432098,0.0930583626031876,0.0156015874817967,-0.0747724920511246,0.0670731738209724,-0.00320643209852278,0.131208568811417,0.0740355178713799,0.130285114049911,0.0899467915296555,-0.014590279199183,-0.090103380382061,-0.0147758917883039,0.106734931468964,0.156500101089478,-0.0325957946479321,0.0723313018679619,0.267678648233414,0.0829826965928078,0.312710493803024,0.0975911766290665,0.184485167264938,0.149218901991844,0.186466425657272,0.162681251764297,0.0664229318499565,-0.121901459991932,0.222776547074318,-0.0508177243173122,-0.0731519311666489,0.153420552611351,0.261648774147034
0.2679523229599,0.249289780855179,0,0.395320981740952,0.105345599353313,0.0345921590924263,-0.0223338473588228,0.148047551512718,0.14407017827034,0.286337167024612,0.273730009794235,0.581527829170227,0.382712364196777,0.0682426691055298,0.031090160831809,-0.0324794836342335,0.11916171759367,0.155451372265816,-0.0345251858234406,0.200281873345375,0.115341030061245,0.00845860596746206,0.0102910110726953,-0.0376488454639912,0.0301853492856026,0.0480537749826908,0.0815101787447929,0.0102063613012433,0.192308023571968,0.0298378635197878,-0.00758577324450016,-0.0724223479628563,-0.0254311803728342,0.0546114481985569,0.226086378097534,-0.0135023919865489,0.133276239037514,0.0976545959711075,0.00865926593542099,0.201861351728439,0.0769116953015327,0.0859880968928337,0.173408135771751,0.247323572635651,0.194765076041222,0.0612951293587685,-0.0745167583227158,0.182261005043983,-0.0538165681064129,-0.0488370023667812,0.0721731409430504,0.18427212536335,-0.0319044031202793,0.175667181611061,0.11083447933197,-0.00788202974945307,0.0346286445856094,-0.0601798519492149,0.0302883516997099,0.0254903119057417,0.0672376677393913,0.0150579269975424,0.164273530244827,-0.000642625382170081,0.0018372202757746,-0.0757622718811035,-0.0156035572290421,0.0283053833991289,0.196364834904671,-0.0218732729554176,0.136863067746162,0.107820995151997,-0.0129467202350497,0.200678378343582,0.0871078968048096,0.0774365589022636,0.125149339437485,0.174394458532333,0.155247390270233,0.0114149488508701,-0.0705739632248878,0.179292529821396,-0.0634528398513794,-0.0541967228055,0.0816618353128433,0.174604848027229
0.280168563127518,0.272198081016541,0.395320981740952,0,0.198650345206261,0.0122595699504018,-0.00962113309651613,0.109369195997715,0.141161575913429,0.258341103792191,0.2816142141819,0.379145354032516,0.64917004108429,0.12602686882019,0.00807417742908001,-0.016308207064867,0.0969939678907394,0.149680376052856,-0.0521086342632771,0.296683251857758,-0.0323916412889957,0.0398782677948475,0.0104299513623118,-0.0191188100725412,-0.0906058773398399,0.0146095091477036,0.00821585208177567,0.0287194903939962,0.147372126579285,0.0528380200266838,-0.0301339197903872,-0.158188655972481,-0.0188996903598309,0.196673586964607,0.175422623753548,-0.0960479602217674,0.0596434287726879,0.131952524185181,0.1881123483181,0.212051033973694,0.279874533414841,0.037962656468153,0.130466043949127,0.155701890587807,0.164237827062607,0.118544109165668,-0.0250340756028891,0.247154101729393,-0.0710260421037674,-0.0199684053659439,0.130515486001968,0.349455267190933,-0.0210739746689796,0.283117085695267,0.0173411723226309,0.0413945280015469,0.0120899686589837,-0.0343562625348568,-0.0451638177037239,-0.0142103219404817,0.0248931646347046,0.0321549288928509,0.153001099824905,0.0330600179731846,-0.023016482591629,-0.131255328655243,0.00922940485179424,0.157981067895889,0.257781475782394,-0.0603532344102859,0.149856001138687,0.150001913309097,0.122690916061401,0.250264823436737,0.266237020492554,0.0786505043506622,0.13530544936657,0.179812714457512,0.183357790112495,0.0940557792782784,-0.040067907422781,0.307206869125366,-0.0660014301538467,-0.05686030164361,0.126653149724007,0.34772452712059
0.0864578261971474,0.113390795886517,0.105345599353313,0.198650345206261,0,-0.00318824732676148,-0.0199596825987101,0.0211519952863455,0.0568655133247375,0.0971096381545067,0.105027809739113,0.115827336907387,0.17266246676445,0.0450321994721889,-0.00393698457628489,-0.0275873001664877,0.0223910957574844,0.0620520673692226,-0.0167165286839008,0.105476804077625,0.000709004583768547,0.00387577596120536,0.0111734373494983,-0.0112346233800054,-0.0184623301029205,0.00510044442489743,-0.00697407172992826,-0.00842959620058537,0.0716201290488243,0.0081850066781044,-0.0280779656022787,-0.0343192927539349,-0.00896876025944948,0.0238240491598845,0.0712254047393799,0.00364560983143747,0.0516994670033455,0.0520543120801449,0.0739458426833153,0.0923318192362785,0.0910795256495476,0.0101330326870084,0.0560858994722366,0.0721786394715309,0.0662869065999985,0.0161153357475996,0.00567314261570573,0.108719721436501,-0.0296040792018175,-0.020675290375948,0.0632148459553719,0.143902778625488,-0.00977014284580946,0.111227981746197,-0.0152685800567269,-0.00234844465740025,-0.0140205770730972,-0.0326208360493183,-0.0345766991376877,-0.011335470713675,-0.00408153096213937,-0.00215855939313769,0.0644874200224876,-0.00555420061573386,-0.0212655980139971,-0.0450994670391083,-0.0175932440906763,0.0291489027440548,0.0865776762366295,-0.00839480478316545,0.0635105147957802,0.0538138970732689,0.0561119914054871,0.0787608772516251,0.0808967351913452,0.00045544930617325,0.0274647232145071,0.0456048510968685,0.0506395660340786,-0.00615391740575433,-0.0117617333307862,0.106320053339005,-0.0402895472943783,-0.0248541124165058,0.0462774448096752,0.131253972649574
-0.0100085306912661,0.0130243375897408,0.0345921590924263,0.0122595699504018,-0.00318824732676148,0,0.165244534611702,0.0224308334290981,0.0866201967000961,0.0555399544537067,-0.00201103370636702,0.0237074811011553,0.00325703690759838,-0.0169300474226475,0.436519384384155,0.167521432042122,0.0404829457402229,0.0691466778516769,0.0686310678720474,0.0444826260209084,0.143680110573769,0.100324168801308,0.134972646832466,0.219396114349365,0.241951629519463,0.126066640019417,0.339203834533691,0.12676540017128,0.0865667685866356,0.125705868005753,0.298305511474609,0.206661060452461,0.27268448472023,0.0726883187890053,-0.0311252437531948,0.0239125769585371,-0.0198560561984777,0.0867931097745895,0.091216154396534,0.0989896953105927,0.0571133196353912,0.269047498703003,0.229157298803329,-0.000178558751940727,0.173763647675514,0.0823916792869568,0.219588622450829,-0.0678350776433945,0.0561946034431458,0.15053491294384,0.11693461984396,0.0838989093899727,0.0358370877802372,0.0271035730838776,0.00771112227812409,0.0779670849442482,0.0888918489217758,0.212450489401817,0.125703364610672,0.0901945978403091,0.28602260351181,0.132711559534073,0.016086433082819,0.114044494926929,0.272332370281219,0.134283497929573,0.232990190386772,0.0690601021051407,-0.110699869692326,-0.0488057807087898,-0.0890949666500092,0.0630393475294113,0.097365990281105,0.0396070256829262,0.0520544201135635,0.222232058644295,0.155517041683197,-0.0878584459424019,0.0753176212310791,0.047845333814621,0.187331572175026,-0.103020764887333,0.0507053323090076,0.12242428958416,0.100783951580524,0.0530300587415695
-0.092369519174099,-0.0801263228058815,-0.0223338473588228,-0.00962113309651613,-0.0199596825987101,0.165244534611702,0,-0.00932579860091209,-0.00790869165211916,-0.0430622659623623,-0.104947857558727,-0.046824224293232,-0.0298145916312933,-0.0241877343505621,0.17366150021553,0.251916468143463,-0.0104659758508205,-0.0320468060672283,0.1545799523592,-0.037600964307785,0.0475473329424858,0.0272065699100494,0.0741835981607437,0.179221972823143,0.0673863515257835,0.130797520279884,0.000406478502554819,0.0677306652069092,0.0141806490719318,0.0391099601984024,0.165589362382889,0.167108461260796,0.0689523443579674,0.0155191402882338,0.0223033167421818,0.0779111683368683,0.0722761899232864,-0.0138995591551065,0.0542343370616436,-0.122111096978188,0.0693145543336868,-0.0356072820723057,-0.000857736682519317,-0.128424763679504,0.0599766112864017,0.0301119890064001,0.23602531850338,-0.0604144334793091,0.0460534803569317,0.133173882961273,0.0151479244232178,0.0290831476449966,0.0949622839689255,-0.0501949638128281,-0.0652519315481186,0.0174968037754297,0.0264529120177031,0.157780736684799,-0.037045456469059,0.0736758932471275,-0.029881501570344,0.0582074634730816,-0.0250248722732067,0.0352419540286064,0.0886660665273666,0.0852926820516586,0.0560706630349159,0.0209007821977139,-0.0594571828842163,-0.018872631713748,-0.0279103368520737,-0.0337352901697159,0.0578205101191998,-0.138373747467995,0.0691589266061783,-0.0595254451036453,-0.0227055326104164,-0.189277306199074,-0.0236195288598537,0.0358315035700798,0.190540596842766,-0.123257480561733,0.0276864245533943,0.110207661986351,0.00218945764936507,-0.00460363272577524
0.0605039373040199,0.0726999714970589,0.148047551512718,0.109369195997715,0.0211519952863455,0.0224308334290981,-0.00932579860091209,0,0.0546821765601635,0.0387024357914925,0.0754354074597359,0.131015822291374,0.106275677680969,0.0146591579541564,0.0349853858351707,0.00299228308722377,0.109570071101189,0.0663569420576096,-0.0330674163997173,0.0911286994814873,-0.0602031871676445,0.0266011506319046,0.000172116793692112,-0.00839801505208015,-0.0462746731936932,-0.0229609627276659,0.0552956499159336,0.021039379760623,0.0243658814579248,0.015198496170342,0.0672551468014717,-0.0593925826251507,0.0231939703226089,0.0484785698354244,-0.0262168012559414,-0.0846044570207596,-0.075141966342926,0.0510143861174583,0.0234163887798786,0.0698967650532722,0.0160493701696396,0.0460047870874405,0.121281400322914,-0.00237150606699288,0.0107156075537205,0.0102012977004051,0.0053558275103569,-0.000193965155631304,-0.00423938268795609,0.00132973131258041,0.0455771759152412,0.087750531733036,-0.0197392534464598,0.0756956785917282,-0.039868850260973,0.0294002071022987,-0.00343183195218444,-8.43852758407593e-05,-0.0217646807432175,0.00384122552350163,0.0697088465094566,0.035258125513792,0.0331097021698952,0.00752778351306915,0.0652795732021332,-0.0410866513848305,0.0111542260274291,0.0465517565608025,0.00170992640778422,-0.0853168964385986,-0.0139341531321406,0.0575228482484818,0.015193066559732,0.0792833715677261,0.0365385189652443,0.0597580969333649,0.101837165653706,0.0200185421854258,0.0327559635043144,0.0108827771618962,0.0133763635531068,0.0572503767907619,-0.0173093713819981,0.00160417193546891,0.0574459731578827,0.0908072590827942
0.208196759223938,0.222683817148209,0.14407017827034,0.141161575913429,0.0568655133247375,0.0866201967000961,-0.00790869165211916,0.0546821765601635,0,0.221032485365868,0.230198070406914,0.131653785705566,0.136363953351974,0.0479208752512932,0.0721001476049423,-0.020966773852706,0.0512599945068359,0.19831483066082,-0.0474134534597397,0.162689760327339,0.00724057480692863,0.0698464661836624,0.0184893235564232,0.00573269138112664,0.0307515189051628,0.00982689950615168,0.126459017395973,0.0237475950270891,0.0774416029453278,0.0991750434041023,0.0204187408089638,-0.0523509420454502,0.0652320235967636,0.123053289949894,0.0374124869704247,-0.0601160228252411,-0.0142951607704163,0.173728212714195,0.0976783856749535,0.190318942070007,0.0751629248261452,0.151382714509964,0.134169071912766,0.101745843887329,0.0762836337089539,0.0576079972088337,-0.00341367512010038,0.113403834402561,-0.028965812176466,-0.019884767010808,0.121957249939442,0.182825699448586,-0.0351751111447811,0.170740097761154,0.0444963350892067,0.0630959495902061,0.0303248092532158,-0.0107152834534645,0.0593448393046856,0.0196744408458471,0.144164383411407,0.0179772153496742,0.0908640027046204,0.0865269228816032,0.0584032349288464,-0.0125746000558138,0.0356129035353661,0.0763704851269722,0.0859294533729553,-0.0320795699954033,0.0382080972194672,0.180057168006897,0.076101690530777,0.184908166527748,0.0702038332819939,0.172513738274574,0.13681648671627,0.10758862644434,0.122020453214645,0.0251686926931143,-0.00269901286810637,0.151124179363251,-0.0373015329241753,-0.00424114009365439,0.123343989253044,0.174281880259514
0.72204315662384,0.349234104156494,0.286337167024612,0.258341103792191,0.0971096381545067,0.0555399544537067,-0.0430622659623623,0.0387024357914925,0.221032485365868,0,0.321484178304672,0.282638490200043,0.21931403875351,0.0999820157885551,0.0485426597297192,-0.0551372766494751,0.0315759591758251,0.230191066861153,-0.0743142515420914,0.226267486810684,0.260998994112015,0.0107786608859897,0.048819862306118,-0.0841253772377968,0.212366849184036,0.227080732584,0.141577705740929,-0.0585314035415649,0.204119890928268,0.0145964315161109,-0.0216109249740839,0.0492181144654751,0.0402061827480793,0.198305621743202,0.229564025998116,0.0942011177539825,0.190109431743622,0.131958767771721,0.264592111110687,0.308622151613235,0.275808691978455,0.230721965432167,0.0811493173241615,0.45410817861557,0.272671520709991,0.251030385494232,-0.133369311690331,0.389049857854843,-0.0229820478707552,-0.00542132928967476,0.0370598807930946,0.227322220802307,-0.150738403201103,0.169500634074211,0.132251515984535,0.000657976255752146,0.0264812577515841,-0.0947856456041336,0.116863563656807,0.126776337623596,0.0946535095572472,-0.0292975027114153,0.102292202413082,0.00376628246158361,-0.024632815271616,0.0032271184027195,0.0253245271742344,0.134505659341812,0.147532135248184,0.0383041575551033,0.0521451607346535,0.149289712309837,0.152869388461113,0.261945068836212,0.171998620033264,0.143592685461044,0.0494690015912056,0.235138669610023,0.0888496190309525,0.0932856127619743,-0.110196888446808,0.332712888717651,-0.0427060537040234,-0.0591452345252037,0.0553187504410744,0.192789137363434
0.413759291172028,0.491779863834381,0.273730009794235,0.2816142141819,0.105027809739113,-0.00201103370636702,-0.104947857558727,0.0754354074597359,0.230198070406914,0.321484178304672,0,0.32793003320694,0.307846814393997,0.113107666373253,-0.0112596461549401,-0.110663913190365,0.0941685065627098,0.252831548452377,-0.18877486884594,0.286729544401169,-0.017092190682888,0.0761249214410782,0.0150772398337722,-0.0698354989290237,0.00913754012435675,-0.0184750631451607,0.14250436425209,0.0678895488381386,0.124250687658787,0.114178463816643,-0.0640792697668076,-0.189207926392555,0.0122740808874369,0.127642914652824,0.0311903171241283,-0.14742124080658,-0.0644309744238853,0.239623606204987,0.0585400722920895,0.344083935022354,0.0695258677005768,0.194947853684425,0.186001971364021,0.19175723195076,0.0764870643615723,0.093091256916523,-0.166744649410248,0.217361643910408,-0.0895461142063141,-0.0766681805253029,0.167212262749672,0.279121726751328,-0.144089862704277,0.302031010389328,0.154238522052765,0.0863449349999428,0.00679728901013732,-0.0971204489469528,0.152259156107903,0.000756025197915733,0.196751549839973,0.0436578020453453,0.188284903764725,0.0744826048612595,-0.0076293246820569,-0.064157634973526,0.00646233698353171,0.13472506403923,0.239696279168129,-0.00589103158563375,0.149139851331711,0.278910905122757,0.0411027409136295,0.397928684949875,0.111128121614456,0.265176296234131,0.204918086528778,0.30901300907135,0.264375567436218,0.0733424201607704,-0.140990450978279,0.313617080450058,-0.0383115857839584,-0.103170365095139,0.169138014316559,0.301990628242493
0.358595669269562,0.266162216663361,0.581527829170227,0.379145354032516,0.115827336907387,0.0237074811011553,-0.046824224293232,0.131015822291374,0.131653785705566,0.282638490200043,0.32793003320694,0,0.408320546150208,0.0860689058899879,0.0262841563671827,-0.032257441431284,0.146499499678612,0.154839858412743,-0.0751278772950172,0.207658872008324,0.0608591064810753,-0.0178690869361162,-0.00813400372862816,-0.0546016879379749,-0.00195785728283226,0.0296597350388765,0.0817631408572197,0.0214402824640274,0.185919493436813,0.00945833045989275,-0.0476814918220043,-0.135352194309235,-0.0302651301026344,0.0409857295453548,0.19277149438858,-0.0506509952247143,0.107798904180527,0.0970331728458405,0.00728916889056563,0.224829524755478,0.0631448775529861,0.0665213242173195,0.172776222229004,0.224747195839882,0.115710102021694,0.0780555233359337,-0.0993258580565453,0.181473806500435,-0.0851483717560768,-0.0678018257021904,0.0673559829592705,0.191993534564972,-0.0289953704923391,0.23801788687706,0.183271840214729,-0.0433039925992489,0.0214267950505018,-0.072424903512001,0.0863151475787163,0.0580231994390488,0.0887278169393539,0.00172846496570855,0.236558839678764,-0.0211073812097311,0.00178015325218439,-0.0493364594876766,0.00675248401239514,0.0444780178368092,0.28060108423233,0.0504563525319099,0.227936685085297,0.106792710721493,-0.0423615835607052,0.269570857286453,0.0819549039006233,0.12112595140934,0.185490757226944,0.282865107059479,0.228241503238678,0.0359446443617344,-0.0908401608467102,0.244318976998329,-0.0563987232744694,-0.0552292950451374,0.0608375854790211,0.217749655246735
0.295875549316406,0.258031517267227,0.382712364196777,0.64917004108429,0.17266246676445,0.00325703690759838,-0.0298145916312933,0.106275677680969,0.136363953351974,0.21931403875351,0.307846814393997,0.408320546150208,0,0.145232737064362,0.00931704882532358,-0.00852685421705246,0.118078038096428,0.159803301095963,-0.0563867762684822,0.270424336194992,-0.0368897132575512,0.0372654944658279,0.0152157293632627,-0.022950379177928,-0.0917489305138588,0.00315391994081438,-0.00306270690634847,0.0528592839837074,0.136170893907547,0.0482102818787098,-0.0672508329153061,-0.164936393499374,-0.0196967031806707,0.165590092539787,0.147005319595337,-0.110141478478909,0.0471324436366558,0.131231024861336,0.111336670815945,0.219966620206833,0.215565487742424,0.0234426073729992,0.114946529269218,0.134238183498383,0.124723941087723,0.1047168597579,-0.0504030622541904,0.225380897521973,-0.086441732943058,-0.0463602393865585,0.121707916259766,0.317369639873505,0.00170270563103259,0.288666248321533,0.0314247310161591,0.030224334448576,0.0145971952006221,-0.0211959443986416,-0.0318835601210594,0.02965316362679,0.0131051987409592,0.0475330464541912,0.188979253172874,0.0280125997960567,-0.0355353094637394,-0.11570743471384,-0.00140042509883642,0.156230911612511,0.286990463733673,-0.0419405847787857,0.185226276516914,0.149798706173897,0.113371409475803,0.254122257232666,0.284679412841797,0.078697644174099,0.133852109313011,0.201160714030266,0.193589314818382,0.0975413918495178,-0.0129152433946729,0.32087180018425,-0.08714609593153,-0.0481944046914577,0.124114684760571,0.375152766704559
0.113686092197895,0.098834827542305,0.0682426691055298,0.12602686882019,0.0450321994721889,-0.0169300474226475,-0.0241877343505621,0.0146591579541564,0.0479208752512932,0.0999820157885551,0.113107666373253,0.0860689058899879,0.145232737064362,0,-0.00941656809300184,-0.0274685453623533,0.00645008916035295,0.094991497695446,-0.0244785882532597,0.131486281752586,-0.0400152318179607,0.0174310635775328,0.0113907298073173,-0.0215163175016642,-0.0283028781414032,-0.018719632178545,0.0126423221081495,-0.0106027452275157,0.0316425673663616,0.0191135630011559,-0.0315580740571022,-0.0576106905937195,0.000222258269786835,0.0607651919126511,0.024749793112278,-0.0447525829076767,-0.00857983250170946,0.060842577368021,0.0631136670708656,0.0887186825275421,0.067981444299221,0.0394051000475883,0.0581821538507938,0.0425988510251045,0.0506157167255878,0.0180550925433636,-0.0180901847779751,0.0825167968869209,-0.0413750931620598,-0.0120043372735381,0.074272982776165,0.122402936220169,-0.0183994006365538,0.107072755694389,0.00496659334748983,0.0180338695645332,0.00283783976919949,-0.0227824524044991,-0.0022045464720577,-0.0103152003139257,0.028387937694788,-0.0119175789877772,0.0319206714630127,0.0206816308200359,-0.010131174698472,-0.0293889492750168,-0.00531448191031814,0.0711981952190399,0.0788721069693565,-0.0328356064856052,0.0578212216496468,0.0745156109333038,0.0683882534503937,0.0916462913155556,0.0879111662507057,0.0505601316690445,0.0734611302614212,0.0681781619787216,0.0935450419783592,0.00591827463358641,-0.0153203830122948,0.120226316154003,-0.0264913700520992,-0.0261573009192944,0.0638117715716362,0.136039867997169
-0.000477263674838468,-0.00335801532492042,0.031090160831809,0.00807417742908001,-0.00393698457628489,0.436519384384155,0.17366150021553,0.0349853858351707,0.0721001476049423,0.0485426597297192,-0.0112596461549401,0.0262841563671827,0.00931704882532358,-0.00941656809300184,0,0.213520705699921,0.0420307777822018,0.0672276169061661,0.0519897937774658,0.0405520051717758,0.130723282694817,0.0856888368725777,0.109402760863304,0.228969380259514,0.225357413291931,0.127897441387177,0.322650879621506,0.123287379741669,0.0908218696713448,0.104712523519993,0.305789947509766,0.174837023019791,0.272363573312759,0.0726491212844849,-0.0361103788018227,-0.00890912767499685,-0.043271616101265,0.0688228160142899,0.0766747891902924,0.0837374776601791,0.058131068944931,0.257224351167679,0.238240092992783,-0.0212674215435982,0.16026471555233,0.0760260671377182,0.215479761362076,-0.0822546258568764,0.0448602885007858,0.131592065095901,0.0978642702102661,0.0847730785608292,0.0427522100508213,0.0434645786881447,0.0566924847662449,0.0741132795810699,0.102046646177769,0.226447492837906,0.157176107168198,0.133174002170563,0.300410151481628,0.111846461892128,0.0593809187412262,0.0982298254966736,0.267554312944412,0.155525907874107,0.27678644657135,0.0626711845397949,-0.0795048028230667,-0.0447126030921936,-0.0677825435996056,0.0574929192662239,0.104824833571911,0.0656451210379601,0.0524463541805744,0.246078729629517,0.177065163850784,-0.061253696680069,0.102753043174744,0.0687214806675911,0.20825158059597,-0.0796186849474907,0.0328632146120071,0.140953540802002,0.101497448980808,0.079846516251564
-0.0968804359436035,-0.0964238047599792,-0.0324794836342335,-0.016308207064867,-0.0275873001664877,0.167521432042122,0.251916468143463,0.00299228308722377,-0.020966773852706,-0.0551372766494751,-0.110663913190365,-0.032257441431284,-0.00852685421705246,-0.0274685453623533,0.213520705699921,0,0.0156566239893436,-0.00632040342316031,0.117253996431828,-0.0327879451215267,0.043753944337368,0.0243584495037794,0.0730865597724915,0.170008733868599,0.0465361066162586,0.118805475533009,-0.0081653269007802,0.0229041650891304,0.0169124864041805,0.0319913327693939,0.136300951242447,0.125029563903809,0.0946924686431885,0.0175702329725027,0.00732443993911147,0.043276384472847,0.0487646162509918,-0.0518357865512371,0.0402078293263912,-0.107036598026752,0.0702469944953918,-0.0286960452795029,0.00515393726527691,-0.108524478971958,0.043406929820776,0.0326531976461411,0.204100638628006,-0.0636772811412811,0.0416879244148731,0.10667821764946,0.0123377228155732,0.0293143056333065,0.105947956442833,-0.0353471152484417,-0.0231588892638683,0.0134649118408561,0.0407909527420998,0.178489714860916,-0.00903703086078167,0.11866307258606,-0.0269944537431002,0.0208325870335102,-0.000545296759810299,0.0264613721519709,0.098859041929245,0.0876494720578194,0.100556887686253,0.0231475383043289,-0.0202088113874197,-0.00973631627857685,0.0119848158210516,-0.0633188113570213,0.0585699751973152,-0.125569492578506,0.0758299604058266,-0.0480940863490105,-0.0270485337823629,-0.141556769609451,-0.0108503866940737,0.041115615516901,0.212273478507996,-0.083904393017292,0.0261076800525188,0.13311043381691,0.00318729830905795,0.024149427190423
0.041676439344883,0.0553029216825962,0.11916171759367,0.0969939678907394,0.0223910957574844,0.0404829457402229,-0.0104659758508205,0.109570071101189,0.0512599945068359,0.0315759591758251,0.0941685065627098,0.146499499678612,0.118078038096428,0.00645008916035295,0.0420307777822018,0.0156566239893436,0,0.0690870508551598,-0.0222088731825352,0.0894350335001945,-0.049884207546711,0.0314002484083176,0.0166517496109009,-0.00397099228575826,-0.0185391623526812,-0.0353573225438595,0.0802107825875282,0.0345091670751572,0.0163125041872263,0.0336675010621548,0.0572694800794125,-0.0662945061922073,0.00938215013593435,0.0320498570799828,-0.0217418093234301,-0.0789730846881866,-0.0611868277192116,0.0487126410007477,0.00660306867212057,0.0646540597081184,-0.00390225253067911,0.0733639746904373,0.123971588909626,-0.0142214493826032,0.0193686336278915,0.00458162929862738,0.0135286850854754,-0.0286038685590029,-0.0137353390455246,-0.0143576683476567,0.0425533764064312,0.0624028444290161,-0.0114582367241383,0.0776172131299973,-0.0380219481885433,0.0323942564427853,0.00763703649863601,0.0185204278677702,-0.0199887659400702,-0.0138050867244601,0.0704017728567123,0.0299756210297346,0.02411999553442,0.0232825633138418,0.049906674772501,-0.0359959602355957,0.0232784040272236,0.0373610183596611,-0.0119840009137988,-0.102694027125835,-0.0249993149191141,0.0520811341702938,-0.00230369111523032,0.0722621455788612,0.00217965361662209,0.0742881968617439,0.11655792593956,0.0168951004743576,0.0165195260196924,0.00547116901725531,0.0222481153905392,0.017931655049324,-0.0162467397749424,-0.00330449268221855,0.0472762547433376,0.0714302808046341
0.264459788799286,0.210659429430962,0.155451372265816,0.149680376052856,0.0620520673692226,0.0691466778516769,-0.0320468060672283,0.0663569420576096,0.19831483066082,0.230191066861153,0.252831548452377,0.154839858412743,0.159803301095963,0.094991497695446,0.0672276169061661,-0.00632040342316031,0.0690870508551598,0,-0.0597440861165524,0.164249941706657,0.0367021150887012,0.0552428103983402,0.0402343459427357,0.0115826260298491,0.0594198852777481,0.0312723219394684,0.120885565876961,0.0248907096683979,0.0913630500435829,0.0940627083182335,0.0151458885520697,-0.026043489575386,0.0713412314653397,0.0967809781432152,0.0278487149626017,-0.0532694980502129,-0.00736931059509516,0.167226448655128,0.0804828703403473,0.185306534171104,0.0665875300765038,0.157838881015778,0.135032415390015,0.113980166614056,0.0822315141558647,0.0618554465472698,0.0101342396810651,0.133260563015938,-0.0360890664160252,0.0273234322667122,0.168703526258469,0.191718086600304,-0.00842292420566082,0.181552246212959,0.103144094347954,0.0666354820132256,0.0252579431980848,0.0107174525037408,0.110641606152058,0.0402133017778397,0.148901402950287,0.0276132896542549,0.117099590599537,0.0824364721775055,0.066633053123951,0.0222168993204832,0.0575249865651131,0.114127658307552,0.119048058986664,0.0144545920193195,0.0844064131379128,0.184280291199684,0.074807345867157,0.202712818980217,0.0869134739041328,0.194104090332985,0.143109291791916,0.152041032910347,0.16613595187664,0.0560155659914017,0.0212335735559464,0.17245925962925,0.0027293988969177,0.000948371074628085,0.136547937989235,0.214388072490692
-0.154704123735428,-0.108185291290283,-0.0345251858234406,-0.0521086342632771,-0.0167165286839008,0.0686310678720474,0.1545799523592,-0.0330674163997173,-0.0474134534597397,-0.0743142515420914,-0.18877486884594,-0.0751278772950172,-0.0563867762684822,-0.0244785882532597,0.0519897937774658,0.117253996431828,-0.0222088731825352,-0.0597440861165524,0,-0.0346714220941067,0.226802095770836,0.0373997874557972,0.0428775288164616,0.26362943649292,0.1932762414217,0.267583549022675,-0.173275008797646,0.0809478759765625,0.075349934399128,0.0711158365011215,0.011976039968431,0.552342236042023,0.00169806531630456,-0.0085288155823946,0.491278082132339,0.214470490813255,0.546940088272095,-0.0408326983451843,0.0739470943808556,-0.100559733808041,0.174870222806931,-0.0742460861802101,-0.138321623206139,0.0170630943030119,0.17952698469162,0.0949570015072823,0.72807389497757,0.250870823860168,0.109142810106277,0.154430791735649,0.17145998775959,0.135056778788567,0.661245465278625,-0.0417501293122768,0.0399732775986195,0.0201882440596819,0.0212719384580851,0.221084773540497,0.0188332833349705,0.189313679933548,-0.208086848258972,0.0821428149938583,0.0124221052974463,0.0622425265610218,-0.0612921975553036,0.315935701131821,0.0252725314348936,0.00954155158251524,0.233068555593491,0.155239939689636,0.267667829990387,-0.076525904238224,0.114346250891685,-0.164419487118721,0.136503234505653,-0.14303982257843,-0.120887085795403,-0.0915599688887596,0.0248482655733824,0.0651231408119202,0.614702701568604,0.0605904869735241,0.0517204850912094,0.163491234183311,0.173534527420998,0.101032085716724
0.230662956833839,0.256494969129562,0.200281873345375,0.296683251857758,0.105476804077625,0.0444826260209084,-0.037600964307785,0.0911286994814873,0.162689760327339,0.226267486810684,0.286729544401169,0.207658872008324,0.270424336194992,0.131486281752586,0.0405520051717758,-0.0327879451215267,0.0894350335001945,0.164249941706657,-0.0346714220941067,0,-0.112023815512657,0.177442625164986,0.0523658618330956,0.0286493916064501,-0.116465084254742,-0.0108628133311868,0.00833230465650558,0.0391367562115192,0.207713082432747,0.199986398220062,-0.0920610576868057,-0.270527362823486,0.012165498919785,0.398770242929459,0.200997963547707,-0.220763742923737,0.0119794541969895,0.288754463195801,0.329979717731476,0.411867052316666,0.401722460985184,0.0938491672277451,0.27753758430481,0.254113137722015,0.320315390825272,0.274036198854446,0.0495764762163162,0.37506577372551,-0.130608141422272,-0.0422409623861313,0.287476688623428,0.563679993152618,0.0212916396558285,0.582754135131836,-0.0979451090097427,0.191301941871643,0.0088347839191556,0.0147715769708157,-0.105459332466125,0.0113078244030476,0.0580220408737659,0.0454182997345924,0.185291618108749,0.171614646911621,-0.0396677292883396,-0.236171707510948,0.0306770298629999,0.3762366771698,0.299634844064713,-0.235764056444168,0.11944218724966,0.288815796375275,0.283818870782852,0.437737852334976,0.399214118719101,0.163253545761108,0.277187347412109,0.245300740003586,0.292081475257874,0.225387379527092,0.0502810403704643,0.46863254904747,-0.157178550958633,-0.0792372077703476,0.238902792334557,0.55513072013855
0.0626007914543152,0.0451878383755684,0.115341030061245,-0.0323916412889957,0.000709004583768547,0.143680110573769,0.0475473329424858,-0.0602031871676445,0.00724057480692863,0.260998994112015,-0.017092190682888,0.0608591064810753,-0.0368897132575512,-0.0400152318179607,0.130723282694817,0.043753944337368,-0.049884207546711,0.0367021150887012,0.226802095770836,-0.112023815512657,0,-0.142896994948387,0.0683873072266579,0.178887739777565,0.722211360931396,0.562183618545532,0.193254604935646,-0.0701747089624405,0.281135886907578,-0.09333236515522,0.107537798583508,0.484003096818924,0.161056309938431,-0.0873571783304214,0.556361496448517,0.47082856297493,0.544151604175568,-0.126572325825691,-0.0127241378650069,0.109660424292088,0.118233785033226,0.313060820102692,-0.0484130941331387,0.703792691230774,0.408083945512772,0.382198870182037,0.0645783990621567,0.460432916879654,0.0237014312297106,0.0091821476817131,-0.0110867712646723,-0.0405293963849545,0.0362229347229004,-0.114453725516796,0.6560218334198,-0.195214465260506,0.0629526600241661,0.103254541754723,0.5280641913414,0.305538773536682,0.0584548600018024,-0.0335212536156178,0.0957522466778755,-0.0908581465482712,0.0513497889041901,0.311176806688309,0.118443094193935,-0.0751498192548752,0.266056180000305,0.369562387466431,0.210737407207489,-0.132642030715942,-0.00122446508612484,-0.0109064625576138,0.0485870055854321,0.152663096785545,-0.121164552867413,0.281247913837433,0.0920353829860687,0.164208054542542,0.05234070494771,0.0948396101593971,0.0707162991166115,0.0200182870030403,-0.000274700578302145,-0.0957182198762894
-0.0173135008662939,0.0942499414086342,0.00845860596746206,0.0398782677948475,0.00387577596120536,0.100324168801308,0.0272065699100494,0.0266011506319046,0.0698464661836624,0.0107786608859897,0.0761249214410782,-0.0178690869361162,0.0372654944658279,0.0174310635775328,0.0856888368725777,0.0243584495037794,0.0314002484083176,0.0552428103983402,0.0373997874557972,0.177442625164986,-0.142896994948387,0,0.0194758120924234,0.322968572378159,0.043928824365139,-0.136363074183464,0.131010204553604,0.243999823927879,0.0414140895009041,0.917770504951477,0.0119109712541103,-0.151426017284393,0.158083751797676,0.361583739519119,-0.0698537677526474,-0.186229214072227,-0.134156748652458,0.876441299915314,0.306266307830811,0.0948666259646416,0.291190385818481,0.286690592765808,0.0804127305746078,-0.0214955434203148,0.0871373936533928,0.643612742424011,0.180943131446838,0.0289189610630274,-0.0337544269859791,0.0153132705017924,0.207085877656937,0.242396429181099,0.0800219476222992,0.168721094727516,-0.236014887690544,0.973413228988647,0.00403296528384089,0.367365330457687,-0.0646655037999153,-0.077486552298069,0.164838150143623,0.31318274140358,-0.00416388083249331,0.907465100288391,-0.00585397146642208,-0.185420840978622,0.165447354316711,0.335344761610031,-0.0923931747674942,-0.250557601451874,-0.142521739006042,0.838354051113129,0.353851675987244,0.0901745855808258,0.307421833276749,0.318863123655319,0.0923766642808914,-0.0775089710950851,0.00543769123032689,0.587865948677063,0.165326863527298,0.0680529251694679,-0.0711771622300148,0.0170662179589272,0.174299657344818,0.220568925142288
0.0226471088826656,0.0197545252740383,0.0102910110726953,0.0104299513623118,0.0111734373494983,0.134972646832466,0.0741835981607437,0.000172116793692112,0.0184893235564232,0.048819862306118,0.0150772398337722,-0.00813400372862816,0.0152157293632627,0.0113907298073173,0.109402760863304,0.0730865597724915,0.0166517496109009,0.0402343459427357,0.0428775288164616,0.0523658618330956,0.0683873072266579,0.0194758120924234,0,0.161051601171494,0.111302696168423,0.14147087931633,0.0593082197010517,0.0358985103666782,0.0953932553529739,0.0438486859202385,0.0926191136240959,0.107870995998383,0.0982549265027046,0.0323858000338078,0.06657824665308,0.0397994369268417,0.0700392425060272,0.0261096227914095,0.0480278097093105,0.0423684529960155,0.0565568804740906,0.04476273432374,0.0603789426386356,0.0424933135509491,0.0707110464572906,0.0894545987248421,0.10981447249651,0.0633295923471451,0.0309602078050375,0.103239431977272,0.0507155060768127,0.102026276290417,0.0186675731092691,0.0242302473634481,0.0379058830440044,0.0083904666826129,0.0537492372095585,0.132588997483253,0.0759750753641129,0.114352561533451,0.0575206913053989,0.0272563304752111,0.0599082820117474,0.0426669381558895,0.0839030891656876,0.0740938484668732,0.0837181732058525,0.00928203575313091,0.0543096736073494,0.0161320269107819,0.0422605685889721,0.0173413809388876,0.0379363782703876,0.0328840054571629,0.0481948517262936,0.0589055754244328,0.0324547104537487,-0.00408822204917669,0.0471619628369808,0.0750493332743645,0.0802498534321785,0.0370264649391174,0.0173814054578543,0.0517185851931572,0.0301222801208496,0.0901021510362625
-0.0569002404808998,-0.0535266175866127,-0.0376488454639912,-0.0191188100725412,-0.0112346233800054,0.219396114349365,0.179221972823143,-0.00839801505208015,0.00573269138112664,-0.0841253772377968,-0.0698354989290237,-0.0546016879379749,-0.022950379177928,-0.0215163175016642,0.228969380259514,0.170008733868599,-0.00397099228575826,0.0115826260298491,0.26362943649292,0.0286493916064501,0.178887739777565,0.322968572378159,0.161051601171494,0,0.309683680534363,0.349688142538071,0.0711943209171295,0.537986159324646,0.103510089218616,0.512531936168671,0.170597344636917,0.196149587631226,0.32942658662796,0.103346236050129,0.129494085907936,0.0356997810304165,0.0967045277357101,0.277226895093918,0.0993523374199867,-0.0478371120989323,0.148893430829048,0.101631432771683,0.0436504110693932,-0.0159755889326334,0.0926617085933685,0.503984391689301,0.344596087932587,0.0166276022791862,0.0641947016119957,0.149645879864693,0.122744739055634,0.145486235618591,0.250864923000336,0.0481505431234837,0.0530047342181206,0.294223308563232,0.1065888479352,0.810794532299042,0.187995418906212,0.353445738554001,0.0736167952418327,0.499429881572723,0.0785362869501114,0.509949386119843,0.137253120541573,0.187781468033791,0.348328113555908,0.114136166870594,0.115651413798332,-0.0228282008320093,0.135684415698051,0.201313719153404,0.151291370391846,-0.0338201299309731,0.185744926333427,0.147052839398384,0.042313639074564,-0.0633854120969772,0.0590272359549999,0.502256631851196,0.27974072098732,0.00506210466846824,0.0420493707060814,0.138190224766731,0.0963447615504265,0.108354307711124
