0,0.34046858549118,0.265926599502563,0.277715116739273,0.0821183025836945,-0.00947264116257429,-0.0925799161195755,0.0623228959739208,0.210654750466347,0.724699676036835,0.418854504823685,0.354215294122696,0.291417568922043,0.11109521985054,-0.000163856893777847,-0.0965166911482811,0.0420109592378139,0.263232082128525,-0.152863919734955,0.234942480921745,0.0769095793366432,-0.0287193898111582,0.0279303621500731,-0.046429093927145,0.0674828588962555,0.149136930704117,0.0948633849620819,0.0280239284038544,0.201414540410042,0.00591788627207279,-0.14893114566803,-0.107608541846275,0.0134962275624275,0.114523716270924,0.118018105626106,-0.048931248486042,0.0273651983588934,0.114584885537624,0.0626209527254105,0.359369188547134,0.0926862061023712,0.181735247373581,0.0909975618124008,0.366852849721909,0.0514500811696053,0.183169707655907,-0.158418208360672,0.362970232963562,-0.0992554202675819,-0.0665884017944336,0.0500270016491413,0.241204157471657,-0.0507114604115486,0.284619569778442,0.433778762817383,-0.0260591637343168,0.0391839034855366,-0.0716960877180099,0.376495450735092,0.25524714589119,0.187739178538322,0.0050663067959249,0.336760848760605,-0.027671093121171,-0.0301851984113455,0.132080793380737,0.0227736458182335,0.130797624588013,0.410104691982269,0.20810678601265,0.312983989715576,0.128534138202667,0.0650627017021179,0.446104466915131,0.184878513216972,0.309019029140472,0.174309611320496,0.599791288375854,0.406506240367889,0.202238798141479,-0.117677927017212,0.539358615875244,0.0110487388446927,-0.0791880711913109,0.0603054575622082,0.29150602221489
0.34046858549118,0,0.250267863273621,0.276229292154312,0.10819710791111,0.0174948927015066,-0.0775520354509354,0.0699092820286751,0.219723090529442,0.354237943887711,0.479864448308945,0.267593592405319,0.257931470870972,0.0972198471426964,-0.000135998241603374,-0.092220813035965,0.055022444576025,0.207060009241104,-0.0940712094306946,0.263139694929123,0.0617535635828972,0.0764426961541176,0.025476573035121,-0.0400716178119183,0.0720636770129204,0.0642554014921188,0.139562621712685,0.0800254791975021,0.158032536506653,0.121017187833786,-0.0265337564051151,-0.0881953090429306,0.0194054134190083,0.164392605423927,0.137286126613617,-0.057423047721386,0.020972890779376,0.21944485604763,0.131452202796936,0.33127036690712,0.130905613303185,0.191269755363464,0.159433841705322,0.227161005139351,0.183591082692146,0.130345612764359,-0.0903786197304726,0.249343246221542,-0.0419132225215435,-0.0504895858466625,0.173595577478409,0.295097827911377,-0.11736162006855,0.26241534948349,0.0697381645441055,0.0734962448477745,0.0215887520462275,-0.0676108747720718,0.0673771053552628,0.0108385607600212,0.120487920939922,0.0743137300014496,0.13960687816143,0.0811164826154709,-0.0133214918896556,-0.0806959047913551,-0.00927801989018917,0.0946088805794716,0.173596978187561,-0.0335749834775925,0.0821337997913361,0.249372705817223,0.0821244642138481,0.314309924840927,0.103591300547123,0.176474362611771,0.148070141673088,0.188477143645287,0.167305514216423,0.0685901120305061,-0.104805782437325,0.231715023517609,-0.0431412048637867,-0.0639311298727989,0.156537428498268,0.27094492316246
0.265926599502563,0.250267863273621,0,0.381688326597214,0.0930423736572266,0.0303064789623022,-0.0237586982548237,0.143879130482674,0.141816392540932,0.287029832601547,0.265006065368652,0.567773461341858,0.366652935743332,0.0668435543775558,0.0257183406502008,-0.0335294976830482,0.114229217171669,0.151934966444969,-0.0223060119897127,0.20335841178894,0.132909461855888,-0.00231983838602901,0.00960277486592531,-0.0344916731119156,0.0385915860533714,0.0622066296637058,0.0736464932560921,0.00461055245250463,0.200191035866737,0.0211168974637985,-0.00590297253802419,-0.0603963360190392,-0.0213877130299807,0.0556562691926956,0.245863392949104,0.00315329874865711,0.143049880862236,0.0819760262966156,0.0136020546779037,0.198882728815079,0.0941222459077835,0.0837905257940292,0.169150531291962,0.264147698879242,0.217965960502625,0.066073976457119,-0.0631410852074623,0.1992477029562,-0.0482085235416889,-0.0492457859218121,0.0752438008785248,0.190984651446342,-0.0342406406998634,0.17846006155014,0.112728931009769,-0.0181459989398718,0.0353508032858372,-0.0600776560604572,0.0299326665699482,0.030428197234869,0.0544000528752804,0.0125900153070688,0.16424660384655,-0.00652515096589923,-0.00505501683801413,-0.0725171491503716,-0.0143207767978311,0.0260155107825994,0.203359976410866,-0.0219611767679453,0.139003247022629,0.0921321883797646,-0.00908040069043636,0.193626791238785,0.097036212682724,0.0645357295870781,0.119262732565403,0.171971201896667,0.161691099405289,0.0173701364547014,-0.0655171200633049,0.184048935770988,-0.0620736703276634,-0.0511525757610798,0.0841117203235626,0.17817959189415
0.277715116739273,0.276229292154312,0.381688326597214,0,0.182426989078522,0.00931676756590605,-0.00811099540442228,0.105242006480694,0.138601273298264,0.258218914270401,0.278841406106949,0.365112662315369,0.638035893440247,0.122557386755943,0.00131931307259947,-0.0172465238720179,0.0914750546216965,0.145770519971848,-0.045998714864254,0.297777533531189,-0.0179005488753319,0.0269042886793613,0.013576996512711,-0.0119916060939431,-0.0892662554979324,0.0295868534594774,-0.00151678582187742,0.0338442139327526,0.148231238126755,0.0437058582901955,-0.0343225449323654,-0.148066848516464,-0.0219712499529123,0.188584983348846,0.193316787481308,-0.085565410554409,0.0621912255883217,0.114668980240822,0.195820450782776,0.202822059392929,0.302644491195679,0.0248215384781361,0.118985615670681,0.16945892572403,0.176495835185051,0.121446385979652,-0.00123445631470531,0.263314187526703,-0.0677208453416824,-0.0194307211786509,0.143073961138725,0.356052905321121,-0.0165749080479145,0.288111448287964,0.0156108345836401,0.0304834041744471,0.0162977855652571,-0.0318142585456371,-0.0529575794935226,-0.00708431424573064,0.00294604455120862,0.0401260145008564,0.148170635104179,0.0268409084528685,-0.0348742008209229,-0.132174253463745,0.00192217016592622,0.149835482239723,0.267013162374496,-0.0650064498186111,0.15143159031868,0.133869379758835,0.13082791864872,0.240998059511185,0.281478077173233,0.0555970408022404,0.120207607746124,0.176254644989967,0.180685773491859,0.100520752370358,-0.0225490517914295,0.311077654361725,-0.0660349354147911,-0.0528996139764786,0.132120192050934,0.349087238311768
0.0821183025836945,0.10819710791111,0.0930423736572266,0.182426989078522,0,-0.00584563100710511,-0.0187445525079966,0.0200063940137625,0.0519921779632568,0.0923052504658699,0.0985194444656372,0.10079487413168,0.154693931341171,0.0441881008446217,-0.00763793895021081,-0.0282951556146145,0.0157764758914709,0.0553756877779961,-0.0176667589694262,0.100468479096889,0.00230000703595579,0.00255898060277104,0.0112386457622051,-0.0100172264501452,-0.0198459532111883,0.00379784451797605,-0.00979651045054197,-0.00825009401887655,0.0694580301642418,0.00576592283323407,-0.0291085802018642,-0.0343176685273647,-0.0106979375705123,0.0227928981184959,0.071551039814949,0.000853841891512275,0.0475272573530674,0.0466027334332466,0.0764398872852325,0.0911837294697762,0.0952547863125801,0.00866101961582899,0.0508600026369095,0.0712138339877129,0.0685603246092796,0.0192931722849607,0.0105019668117166,0.10920761525631,-0.0296522341668606,-0.0219512786716223,0.0618867874145508,0.141650602221489,-0.0113945798948407,0.111948117613792,-0.0154796680435538,-0.00421981234103441,-0.0105246845632792,-0.0292207840830088,-0.0367493368685246,-0.00829752534627914,-0.0108260633423924,0.00029438454657793,0.0582233183085918,-0.00628837756812572,-0.0259557720273733,-0.0467460155487061,-0.0164410304278135,0.0268780551850796,0.0869269073009491,-0.0118035487830639,0.0611502751708031,0.046553447842598,0.0571777410805225,0.0772934034466743,0.0825599730014801,-0.00244650593958795,0.0231353174895048,0.0448319800198078,0.050114419311285,-0.000771181483287364,-0.00999077968299389,0.106015846133232,-0.0381003133952618,-0.0195987615734339,0.0444168224930763,0.125910580158234
-0.00947264116257429,0.0174948927015066,0.0303064789623022,0.00931676756590605,-0.00584563100710511,0,0.167999044060707,0.022947134450078,0.0860675796866417,0.0545425415039062,0.00572615582495928,0.0227187778800726,0.000911114038899541,-0.0179477781057358,0.432528764009476,0.165679737925529,0.0433933921158314,0.0697634518146515,0.0618129335343838,0.0373715199530125,0.132982268929482,0.0939521044492722,0.135314181447029,0.21839702129364,0.23767027258873,0.126369163393974,0.340447843074799,0.121865913271904,0.0728907585144043,0.115109831094742,0.30566218495369,0.206842482089996,0.273720622062683,0.0763188377022743,-0.0447892136871815,0.0186138823628426,-0.0263110920786858,0.0766777470707893,0.0933495089411736,0.09725321829319,0.0466416738927364,0.268068075180054,0.234286546707153,-0.0107922367751598,0.159730359911919,0.077705129981041,0.208352327346802,-0.0824974179267883,0.0566855110228062,0.148538291454315,0.10116808116436,0.0699647143483162,0.0305020976811647,0.0221832524985075,-0.00316011323593557,0.0721932351589203,0.0882894024252892,0.205273121595383,0.126187950372696,0.0885443463921547,0.290257930755615,0.12307046353817,0.00713535957038403,0.101127460598946,0.280910462141037,0.132065549492836,0.23278246819973,0.0691119804978371,-0.128752425312996,-0.0573588944971561,-0.0997791737318039,0.0546439737081528,0.0973110198974609,0.0384661294519901,0.0440227501094341,0.22172437608242,0.155725881457329,-0.0958005040884018,0.0598221458494663,0.0435376055538654,0.178450360894203,-0.117218300700188,0.0520823448896408,0.123783476650715,0.0895319953560829,0.0441935434937477
-0.0925799161195755,-0.0775520354509354,-0.0237586982548237,-0.00811099540442228,-0.0187445525079966,0.167999044060707,0,-0.00772609654814005,-0.00760416174307466,-0.0407931059598923,-0.0978768840432167,-0.0439152233302593,-0.0263079181313515,-0.0239865127950907,0.17087584733963,0.247094109654427,-0.00642303470522165,-0.0276089701801538,0.144735500216484,-0.0396859683096409,0.0461411662399769,0.0278114974498749,0.0755551233887672,0.173067972064018,0.0606263913214207,0.129671275615692,-3.65376472473145e-05,0.070861391723156,0.00960044376552105,0.0375359058380127,0.163096502423286,0.164936259388924,0.0699804127216339,0.0245351418852806,0.0131739806383848,0.07405174523592,0.0684050694108009,-0.0105872415006161,0.0592686645686626,-0.118311040103436,0.0640032142400742,-0.0364862307906151,0.00119092443492264,-0.128017768263817,0.0479375459253788,0.0278162695467472,0.225825279951096,-0.0717670097947121,0.0426187217235565,0.1299007833004,0.011049441061914,0.0251089725643396,0.0905540809035301,-0.0515851564705372,-0.0723020136356354,0.0203114859759808,0.0337677448987961,0.152848735451698,-0.0424281060695648,0.0693259686231613,-0.0240533705800772,0.0590229779481888,-0.0302085317671299,0.0334440842270851,0.0886344164609909,0.0831420570611954,0.0508898310363293,0.0254034176468849,-0.0686255693435669,-0.0233755465596914,-0.0317733883857727,-0.0291598737239838,0.0635327100753784,-0.138361409306526,0.0673910081386566,-0.0578971728682518,-0.023587541654706,-0.187576130032539,-0.0338866785168648,0.0338771604001522,0.185684949159622,-0.130095064640045,0.0244839675724506,0.109381712973118,-0.000163843855261803,-0.0111100682988763
0.0623228959739208,0.0699092820286751,0.143879130482674,0.105242006480694,0.0200063940137625,0.022947134450078,-0.00772609654814005,0,0.050116840749979,0.0413897670805454,0.0770644694566727,0.128162071108818,0.10245169699192,0.0153033249080181,0.0346481241285801,0.0032065084669739,0.107823543250561,0.0631936714053154,-0.0349241644144058,0.087123766541481,-0.0579999908804893,0.0193083994090557,4.6498142182827e-05,-0.00734007637947798,-0.0418755039572716,-0.0187779273837805,0.0544522888958454,0.0167049579322338,0.0236083343625069,0.00972628872841597,0.0657197386026382,-0.0542377829551697,0.0264528654515743,0.0484739281237125,-0.0254444759339094,-0.0807721763849258,-0.0762975290417671,0.0443545468151569,0.0238593872636557,0.0688862428069115,0.0164032001048326,0.0463287495076656,0.122640252113342,-0.0021646732930094,0.0118265794590116,0.00850651785731316,0.0101202884688973,-0.00194253760855645,-0.00387570285238326,-0.000511634105350822,0.0452395565807819,0.0870281457901001,-0.0204227771610022,0.0772128850221634,-0.0391164422035217,0.0228985380381346,-0.00566902477294207,-0.000242169015109539,-0.0168870836496353,0.00485466793179512,0.0697066262364388,0.0312792174518108,0.0296722818166018,0.00307518197223544,0.0646908134222031,-0.0348574295639992,0.0100727593526244,0.0440027341246605,0.000490845355670899,-0.0837318077683449,-0.0144690833985806,0.0510962456464767,0.0151429055258632,0.0799303725361824,0.0350597761571407,0.0596496015787125,0.104830056428909,0.019453963264823,0.0334610119462013,0.00916373450309038,0.0155374454334378,0.0542964488267899,-0.017382824793458,-0.00205647572875023,0.0560937188565731,0.0895117893815041
0.210654750466347,0.219723090529442,0.141816392540932,0.138601273298264,0.0519921779632568,0.0860675796866417,-0.00760416174307466,0.050116840749979,0,0.221257373690605,0.223099574446678,0.127908453345299,0.134529933333397,0.0457612946629524,0.0708422884345055,-0.0188632402569056,0.0464079976081848,0.189869254827499,-0.0378815531730652,0.163454592227936,0.0147731211036444,0.0648705139756203,0.0211350079625845,0.0148676950484514,0.0349246449768543,0.0185594856739044,0.124496266245842,0.023896474391222,0.0811646357178688,0.0934283211827278,0.0194641873240471,-0.0446346923708916,0.0640420168638229,0.114210404455662,0.0521285533905029,-0.0524621792137623,-0.00549917528405786,0.164159089326859,0.0918765738606453,0.188210293650627,0.0750646963715553,0.146619811654091,0.132937029004097,0.105478502810001,0.0859679952263832,0.0573674626648426,0.00888173747807741,0.11703834682703,-0.0281158611178398,-0.0196879878640175,0.121983267366886,0.187258809804916,-0.0330308489501476,0.170076280832291,0.0464829578995705,0.05684794485569,0.0316645167768002,-0.00365624437108636,0.0602287650108337,0.0246379133313894,0.134149074554443,0.0172378849238157,0.0970335677266121,0.0831007733941078,0.0549702122807503,-0.00952003616839647,0.0360890291631222,0.0649655759334564,0.092424139380455,-0.0317788310348988,0.0461660251021385,0.168754130601883,0.0737220048904419,0.180252954363823,0.0700762867927551,0.164968207478523,0.134552240371704,0.1055568754673,0.121616370975971,0.0274399202316999,0.00633309129625559,0.148565992712975,-0.0353792272508144,-0.000233486294746399,0.121044851839542,0.173954859375954
0.724699676036835,0.354237943887711,0.287029832601547,0.258218914270401,0.0923052504658699,0.0545425415039062,-0.0407931059598923,0.0413897670805454,0.221257373690605,0,0.322500675916672,0.277535617351532,0.215118110179901,0.0984397605061531,0.0490786917507648,-0.0507521964609623,0.0311194285750389,0.229117572307587,-0.0533561483025551,0.230711370706558,0.285822004079819,-0.0132581377401948,0.0510319173336029,-0.075582280755043,0.235010907053947,0.245362803339958,0.148874029517174,-0.0674227476119995,0.219857305288315,0.00159036600962281,-0.00774410553276539,0.0720317810773849,0.0454705879092216,0.184546604752541,0.255476504564285,0.11176885664463,0.209180071949959,0.116535812616348,0.2491644769907,0.308211177587509,0.277078926563263,0.239293694496155,0.0900223031640053,0.474827885627747,0.307772099971771,0.244538769125938,-0.120902039110661,0.402561187744141,-0.0131024671718478,-0.00357361952774227,0.0411755219101906,0.227061077952385,-0.152805432677269,0.170178934931755,0.143932372331619,-0.0243032667785883,0.0278828907757998,-0.0928797721862793,0.124418243765831,0.131610438227654,0.0960157290101051,-0.036545354872942,0.108366973698139,-0.0119104599580169,-0.0210892427712679,0.0159543100744486,0.0248091593384743,0.11856073141098,0.149027645587921,0.0391005575656891,0.0642174184322357,0.130502983927727,0.141333624720573,0.252486944198608,0.162739872932434,0.146608948707581,0.0538684912025928,0.234069854021072,0.105806194245815,0.0813717618584633,-0.107255347073078,0.319685637950897,-0.0284965708851814,-0.0478093773126602,0.0562068149447441,0.189877584576607
0.418854504823685,0.479864448308945,0.265006065368652,0.278841406106949,0.0985194444656372,0.00572615582495928,-0.0978768840432167,0.0770644694566727,0.223099574446678,0.322500675916672,0,0.320921123027802,0.305856645107269,0.110778503119946,-0.000315548852086067,-0.106920756399632,0.0906729027628899,0.244138106703758,-0.179017767310143,0.289226174354553,-0.00333260069601238,0.0628283470869064,0.0228526368737221,-0.0514043979346752,0.0220915004611015,0.00150317209772766,0.143619015812874,0.0673037394881248,0.138593226671219,0.109740026295185,-0.0546519793570042,-0.17189633846283,0.0217340998351574,0.114914134144783,0.0546597018837929,-0.134398818016052,-0.0535459257662296,0.228134214878082,0.0584067590534687,0.341141641139984,0.0805794820189476,0.197320431470871,0.183816909790039,0.202931448817253,0.0899931564927101,0.102910168468952,-0.138787791132927,0.235800474882126,-0.0793875083327293,-0.0710354149341583,0.173129051923752,0.291162937879562,-0.134729325771332,0.308612078428268,0.15923199057579,0.0737721249461174,0.0131629817187786,-0.0808645039796829,0.157721862196922,0.0175676643848419,0.186045870184898,0.044892605394125,0.19842441380024,0.0739055573940277,-0.00270544458180666,-0.0520979650318623,0.0178415719419718,0.127500385046005,0.255567252635956,-0.00164518353994936,0.161314740777016,0.262090265750885,0.0431791581213474,0.395774453878403,0.118823327124119,0.259257316589355,0.201160997152328,0.310383677482605,0.26879546046257,0.0842603966593742,-0.118379816412926,0.32328787446022,-0.032971978187561,-0.0929224640130997,0.174061790108681,0.311679601669312
0.354215294122696,0.267593592405319,0.567773461341858,0.365112662315369,0.10079487413168,0.0227187778800726,-0.0439152233302593,0.128162071108818,0.127908453345299,0.277535617351532,0.320921123027802,0,0.388240605592728,0.0842959061264992,0.0254079699516296,-0.0352418310940266,0.142246305942535,0.14981646835804,-0.0705395936965942,0.20552234351635,0.0727832540869713,-0.0278113726526499,-0.0073226192034781,-0.0483939126133919,0.00402922788634896,0.0415668897330761,0.0782523080706596,0.0178332310169935,0.194481372833252,0.00746061513200402,-0.0460906066000462,-0.127420052886009,-0.0220259074121714,0.0372018776834011,0.203789681196213,-0.0403815358877182,0.107802644371986,0.0835859626531601,0.0107098333537579,0.219772502779961,0.0746162384748459,0.0649631172418594,0.171878635883331,0.23634760081768,0.129320546984673,0.0799537822604179,-0.0849132835865021,0.194616392254829,-0.0832177773118019,-0.0686850547790527,0.0738899409770966,0.199153184890747,-0.0318750366568565,0.238309770822525,0.190821006894112,-0.0491962283849716,0.0229941159486771,-0.0696514621376991,0.0936376750469208,0.0650053396821022,0.0805865377187729,0.00169121962971985,0.241208970546722,-0.0213109012693167,-0.00215003406628966,-0.0422565713524818,0.0102352751418948,0.0411241687834263,0.283243447542191,0.0530102252960205,0.227443963289261,0.0939923375844955,-0.0415117479860783,0.26272851228714,0.0851653814315796,0.111539676785469,0.182551592588425,0.285209745168686,0.237174823880196,0.0406220257282257,-0.0840078517794609,0.249703422188759,-0.0554987825453281,-0.0533645823597908,0.064772941172123,0.220319598913193
0.291417568922043,0.257931470870972,0.366652935743332,0.638035893440247,0.154693931341171,0.000911114038899541,-0.0263079181313515,0.10245169699192,0.134529933333397,0.215118110179901,0.305856645107269,0.388240605592728,0,0.143115103244781,0.00631538685411215,-0.0090746795758605,0.112320773303509,0.152035728096962,-0.0518217869102955,0.269160807132721,-0.0315663143992424,0.0264792181551456,0.0170254725962877,-0.0149195613339543,-0.09824488312006,0.0149518111720681,-0.0162956733256578,0.0591838806867599,0.137938588857651,0.0426673591136932,-0.0735667645931244,-0.161599040031433,-0.0226412732154131,0.166877135634422,0.162884175777435,-0.104512609541416,0.0457568131387234,0.117669202387333,0.128764763474464,0.21101850271225,0.243934705853462,0.00789149478077888,0.102724403142929,0.14335335791111,0.129454866051674,0.108813233673573,-0.0213165786117315,0.242981180548668,-0.0853314474225044,-0.0466246567666531,0.139439418911934,0.329919397830963,0.0104103349149227,0.294620990753174,0.029132442548871,0.0212567877024412,0.0176673922687769,-0.0140878120437264,-0.041713397949934,0.0374319218099117,-0.00760291935876012,0.0541509948670864,0.186971232295036,0.0253986306488514,-0.0467855036258698,-0.118480525910854,-0.00456376746296883,0.158555015921593,0.301858484745026,-0.0490103922784328,0.190655648708344,0.13536274433136,0.131640329957008,0.246088609099388,0.308417826890945,0.0560897029936314,0.120608270168304,0.197194650769234,0.192842081189156,0.105809241533279,0.00836578756570816,0.331105679273605,-0.086612842977047,-0.0463853813707829,0.134540200233459,0.384450852870941
0.11109521985054,0.0972198471426964,0.0668435543775558,0.122557386755943,0.0441881008446217,-0.0179477781057358,-0.0239865127950907,0.0153033249080181,0.0457612946629524,0.0984397605061531,0.110778503119946,0.0842959061264992,0.143115103244781,0,-0.00899652484804392,-0.0283876322209835,0.00759187107905746,0.0878167226910591,-0.023825379088521,0.128113210201263,-0.0396157279610634,0.0126388305798173,0.010497672483325,-0.0165038537234068,-0.0293166544288397,-0.0165675133466721,0.0104206614196301,-0.00829873699694872,0.0360640287399292,0.0168799571692944,-0.0348990485072136,-0.0561345294117928,-0.00396924605593085,0.0561224594712257,0.0315017513930798,-0.0424902811646461,-0.00660664215683937,0.0569914430379868,0.0625532045960426,0.08610799908638,0.0711145028471947,0.0348407216370106,0.0514503866434097,0.0454318709671497,0.051535002887249,0.0194504242390394,-0.00929079577326775,0.0861258804798126,-0.0392998978495598,-0.0120558654889464,0.077863521873951,0.123072437942028,-0.0174743365496397,0.105702705681324,0.00274347746744752,0.0136960968375206,0.00655357120558619,-0.019051019102335,-0.00744558311998844,-0.00688137905672193,0.0201650988310575,-0.00801465380936861,0.0335903540253639,0.0197139251977205,-0.0141541296616197,-0.0310593284666538,-0.00811250880360603,0.0648631900548935,0.0809153690934181,-0.0323277860879898,0.0605112500488758,0.0711658746004105,0.0653875470161438,0.0890808925032616,0.0868675261735916,0.044715378433466,0.0659628435969353,0.0662787482142448,0.0924682468175888,0.00706500839442015,-0.00865754764527082,0.119946300983429,-0.0243540890514851,-0.0232779197394848,0.0630667507648468,0.13350673019886
-0.000163856893777847,-0.000135998241603374,0.0257183406502008,0.00131931307259947,-0.00763793895021081,0.432528764009476,0.17087584733963,0.0346481241285801,0.0708422884345055,0.0490786917507648,-0.000315548852086067,0.0254079699516296,0.00631538685411215,-0.00899652484804392,0,0.208467066287994,0.0390778705477715,0.0674220696091652,0.0480656623840332,0.0289300940930843,0.121351860463619,0.083505317568779,0.108852453529835,0.226103395223618,0.222245961427689,0.128199309110641,0.32480925321579,0.118445441126823,0.0719674453139305,0.097083106637001,0.30903485417366,0.173662662506104,0.270754277706146,0.0774835869669914,-0.0484949089586735,-0.0164187625050545,-0.0505402125418186,0.0602204874157906,0.0780235379934311,0.0797711089253426,0.047993328422308,0.256709724664688,0.239566773176193,-0.0317859463393688,0.140873208642006,0.076791800558567,0.207880571484566,-0.0968611612915993,0.0443728379905224,0.133984550833702,0.0841139778494835,0.0693976283073425,0.0401031859219074,0.0353061631321907,0.0467031635344028,0.0699387490749359,0.107423134148121,0.2191501557827,0.161130681633949,0.130865409970284,0.308452010154724,0.104631073772907,0.0444731265306473,0.0901585146784782,0.274638295173645,0.154527187347412,0.276657253503799,0.0683329328894615,-0.0993856117129326,-0.0547554418444633,-0.079355500638485,0.0497477985918522,0.104587182402611,0.0633103549480438,0.0446222051978111,0.246658250689507,0.172611325979233,-0.0692874416708946,0.0801568776369095,0.0702539309859276,0.200206890702248,-0.0964530557394028,0.034285381436348,0.140397369861603,0.0871139764785767,0.0666887164115906
-0.0965166911482811,-0.092220813035965,-0.0335294976830482,-0.0172465238720179,-0.0282951556146145,0.165679737925529,0.247094109654427,0.0032065084669739,-0.0188632402569056,-0.0507521964609623,-0.106920756399632,-0.0352418310940266,-0.0090746795758605,-0.0283876322209835,0.208467066287994,0,0.014455508440733,-0.00561402784660459,0.111758224666119,-0.0389045290648937,0.0437209345400333,0.0254496037960052,0.07290930300951,0.164791956543922,0.0446197316050529,0.119656108319759,-0.00669708894565701,0.0263204369693995,0.00889573246240616,0.0282577741891146,0.136163905262947,0.127489045262337,0.0898242071270943,0.0247565247118473,-0.000843485642690212,0.0448232106864452,0.0474840216338634,-0.0520268194377422,0.0431530959904194,-0.107199482619762,0.0653788298368454,-0.027962489053607,0.00406015664339066,-0.108782276511192,0.033753864467144,0.0299621857702732,0.194448620080948,-0.0738327503204346,0.0405023917555809,0.106980852782726,0.00578453158959746,0.0184202771633863,0.101683363318443,-0.0415412075817585,-0.0304303709417582,0.0144227156415582,0.0419844873249531,0.176262587308884,-0.0130010973662138,0.118536785244942,-0.0200040061026812,0.0242966786026955,-0.0102210175246,0.025308009237051,0.100348554551601,0.088868573307991,0.0962569788098335,0.0277706440538168,-0.0347754843533039,-0.00906488765031099,0.0038683193270117,-0.0597426705062389,0.063555620610714,-0.126756191253662,0.0721629112958908,-0.0476533211767673,-0.0280039422214031,-0.145869389176369,-0.0240728016942739,0.0399033986032009,0.203492850065231,-0.0953884869813919,0.0231650378555059,0.129807770252228,-0.00018513947725296,0.0130879953503609
0.0420109592378139,0.055022444576025,0.114229217171669,0.0914750546216965,0.0157764758914709,0.0433933921158314,-0.00642303470522165,0.107823543250561,0.0464079976081848,0.0311194285750389,0.0906729027628899,0.142246305942535,0.112320773303509,0.00759187107905746,0.0390778705477715,0.014455508440733,0,0.063614159822464,-0.0238226559013128,0.0843200534582138,-0.0478833056986332,0.0272302255034447,0.0158332511782646,-0.00163358030840755,-0.0194982122629881,-0.0326125361025333,0.0767680108547211,0.0327874310314655,0.015865420922637,0.0289878975600004,0.0557122007012367,-0.0663477554917336,0.00956674665212631,0.0271989777684212,-0.0217197947204113,-0.0825605764985085,-0.0650563016533852,0.0422211289405823,0.0104965679347515,0.0602542422711849,-0.0011348626576364,0.0697550401091576,0.123388387262821,-0.0152693009003997,0.0165786724537611,0.00318838655948639,0.0167010128498077,-0.0293651390820742,-0.0136953154578805,-0.0126742413267493,0.0433283783495426,0.0640555247664452,-0.0104893753305078,0.0757393762469292,-0.0381854325532913,0.02608354203403,0.00717878574505448,0.0154304997995496,-0.0198039952665567,-0.0130909997969866,0.0658789053559303,0.0271278899163008,0.0217988099902868,0.0202471725642681,0.0480268448591232,-0.0364417098462582,0.0221188403666019,0.0310750585049391,-0.013412750326097,-0.103694751858711,-0.0300254430621862,0.045412939041853,-0.000648909131996334,0.0664934068918228,0.00367513648234308,0.0673736035823822,0.114627838134766,0.0138564165681601,0.013428813777864,0.00377254118211567,0.0215545147657394,0.0162257272750139,-0.0195796713232994,-0.00381809193640947,0.0477253794670105,0.0671896040439606
0.263232082128525,0.207060009241104,0.151934966444969,0.145770519971848,0.0553756877779961,0.0697634518146515,-0.0276089701801538,0.0631936714053154,0.189869254827499,0.229117572307587,0.244138106703758,0.14981646835804,0.152035728096962,0.0878167226910591,0.0674220696091652,-0.00561402784660459,0.063614159822464,0,-0.0553824417293072,0.160758063197136,0.0394700579345226,0.0528231933712959,0.0480598509311676,0.0185318384319544,0.0569496192038059,0.0373158343136311,0.11592099070549,0.0186094213277102,0.0936809107661247,0.0906246155500412,0.0173275228589773,-0.0237397160381079,0.0708721131086349,0.0844198316335678,0.039575882256031,-0.0480995774269104,-0.000386733532650396,0.158994436264038,0.0790220499038696,0.182181239128113,0.0716733708977699,0.151794984936714,0.132985934615135,0.115602396428585,0.0849624425172806,0.0644241645932198,0.0223241522908211,0.138937070965767,-0.031823318451643,0.0253992583602667,0.166728749871254,0.192361578345299,-0.00521460641175508,0.181391537189484,0.0978888720273972,0.0629823356866837,0.0257640369236469,0.0161312725394964,0.10411860793829,0.0457956306636333,0.140028566122055,0.0232035927474499,0.114818148314953,0.0819260776042938,0.0631363689899445,0.019714143127203,0.0581079162657261,0.104997634887695,0.121988371014595,0.0100945122539997,0.0876399949193001,0.173948243260384,0.0769711583852768,0.197722628712654,0.0902266874909401,0.184387311339378,0.138250544667244,0.148154407739639,0.155009433627129,0.0583461038768291,0.0275067929178476,0.171389266848564,0.000620784179773182,0.00437606684863567,0.133620470762253,0.214992046356201
-0.152863919734955,-0.0940712094306946,-0.0223060119897127,-0.045998714864254,-0.0176667589694262,0.0618129335343838,0.144735500216484,-0.0349241644144058,-0.0378815531730652,-0.0533561483025551,-0.179017767310143,-0.0705395936965942,-0.0518217869102955,-0.023825379088521,0.0480656623840332,0.111758224666119,-0.0238226559013128,-0.0553824417293072,0,-0.0265272296965122,0.236438482999802,0.0445102155208588,0.037635512650013,0.246183887124062,0.202106907963753,0.258092552423477,-0.152296707034111,0.0856318846344948,0.0826480463147163,0.0760082900524139,0.0208982024341822,0.575097322463989,-0.00942413136363029,0.0055299992673099,0.488548517227173,0.252155363559723,0.563368082046509,-0.0242275334894657,0.0787974521517754,-0.076854519546032,0.160604760050774,-0.0581745505332947,-0.12807722389698,0.0132000120356679,0.205087319016457,0.0742805227637291,0.698151230812073,0.226228386163712,0.114175222814083,0.163536921143532,0.144449040293694,0.12300106137991,0.630368828773499,-0.0485492274165154,0.016773184761405,0.0292871296405792,0.0187896117568016,0.203404411673546,0.00557727925479412,0.176283061504364,-0.188527524471283,0.0926487520337105,0.000841496337670833,0.0671188086271286,-0.0568840242922306,0.315540790557861,0.0120993442833424,0.0180498193949461,0.186378955841064,0.162896081805229,0.252115577459335,-0.0501341819763184,0.126060232520103,-0.153265103697777,0.121024809777737,-0.135811939835548,-0.11142098903656,-0.105212368071079,0.0227590911090374,0.0565988682210445,0.579381227493286,0.0357576422393322,0.0467444248497486,0.159917786717415,0.160101503133774,0.0870752707123756
0.234942480921745,0.263139694929123,0.20335841178894,0.297777533531189,0.100468479096889,0.0373715199530125,-0.0396859683096409,0.087123766541481,0.163454592227936,0.230711370706558,0.289226174354553,0.20552234351635,0.269160807132721,0.128113210201263,0.0289300940930843,-0.0389045290648937,0.0843200534582138,0.160758063197136,-0.0265272296965122,0,-0.102096565067768,0.172189936041832,0.0540089197456837,0.0334731042385101,-0.119881644845009,-0.00430589262396097,-0.00337317143566906,0.0484199821949005,0.21381801366806,0.190455004572868,-0.101842820644379,-0.257799357175827,0.00508888904005289,0.373629719018936,0.219238668680191,-0.216222777962685,0.0153166633099318,0.278374552726746,0.319394707679749,0.415130406618118,0.400462865829468,0.0890347510576248,0.267469465732574,0.259487181901932,0.337541252374649,0.274125665426254,0.0750260502099991,0.388178825378418,-0.1234175786376,-0.0397736988961697,0.295154631137848,0.569747507572174,0.0288595482707024,0.593001842498779,-0.109590455889702,0.180242225527763,0.0137890493497252,0.017449053004384,-0.123750030994415,0.00980977900326252,0.0344133004546165,0.0597370229661465,0.181974396109581,0.16502021253109,-0.0581103339791298,-0.233433738350868,0.0212601330131292,0.352524310350418,0.309072911739349,-0.240571647882462,0.126193508505821,0.277557224035263,0.27645468711853,0.437828451395035,0.394942492246628,0.145958855748177,0.270005077123642,0.232061296701431,0.290287226438522,0.225290864706039,0.0664320215582848,0.465419918298721,-0.153819710016251,-0.077900342643261,0.240618258714676,0.554500758647919
0.0769095793366432,0.0617535635828972,0.132909461855888,-0.0179005488753319,0.00230000703595579,0.132982268929482,0.0461411662399769,-0.0579999908804893,0.0147731211036444,0.285822004079819,-0.00333260069601238,0.0727832540869713,-0.0315663143992424,-0.0396157279610634,0.121351860463619,0.0437209345400333,-0.0478833056986332,0.0394700579345226,0.236438482999802,-0.102096565067768,0,-0.143404170870781,0.0678906440734863,0.166570261120796,0.740692853927612,0.566182732582092,0.198168441653252,-0.0921051055192947,0.293418318033218,-0.0914314091205597,0.108237512409687,0.490511357784271,0.160901457071304,-0.0649886801838875,0.572222232818604,0.471694618463516,0.560632705688477,-0.119536459445953,-0.000568255723919719,0.115895800292492,0.13878758251667,0.324586391448975,-0.0425763428211212,0.715602457523346,0.441421538591385,0.395927488803864,0.0344223901629448,0.477256327867508,0.0347361750900745,-0.000497613043989986,-0.0188469588756561,-0.036467544734478,0.0225936509668827,-0.119971953332424,0.660969853401184,-0.19729520380497,0.064132533967495,0.0948392972350121,0.538028180599213,0.306338518857956,0.0669943019747734,-0.0533176027238369,0.0989627316594124,-0.0890538021922112,0.0494775548577309,0.304453939199448,0.119671955704689,-0.0664257258176804,0.272396415472031,0.355899959802628,0.233579263091087,-0.118897706270218,0.00973070226609707,-0.0136998668313026,0.0562574975192547,0.16637022793293,-0.12285665422678,0.288385450839996,0.118093930184841,0.173778757452965,0.0268829502165318,0.102372765541077,0.0888143181800842,0.0197613667696714,-0.00321387080475688,-0.0893623828887939
-0.0287193898111582,0.0764426961541176,-0.00231983838602901,0.0269042886793613,0.00255898060277104,0.0939521044492722,0.0278114974498749,0.0193083994090557,0.0648705139756203,-0.0132581377401948,0.0628283470869064,-0.0278113726526499,0.0264792181551456,0.0126388305798173,0.083505317568779,0.0254496037960052,0.0272302255034447,0.0528231933712959,0.0445102155208588,0.172189936041832,-0.143404170870781,0,0.020006787031889,0.3826504945755,0.051077701151371,-0.126210138201714,0.119029946625233,0.281512141227722,0.0300658512860537,0.927361845970154,0.00766199175268412,-0.143247589468956,0.162928462028503,0.334842085838318,-0.0702146664261818,-0.19297268986702,-0.143366232514381,0.891530275344849,0.286800473928452,0.0750636979937553,0.277334839105606,0.266626358032227,0.0692100375890732,-0.04387541487813,0.0707097575068474,0.666090846061707,0.196599751710892,0.00603134883567691,-0.0336468815803528,0.0237190835177898,0.194232895970345,0.227893069386482,0.096612349152565,0.173119217157364,-0.23069004714489,0.975484311580658,0.000966130464803427,0.418434381484985,-0.0536661222577095,-0.0624242685735226,0.154417529702187,0.346697747707367,-0.0145435091108084,0.919441342353821,-0.0151140131056309,-0.173076927661896,0.178810998797417,0.316271096467972,-0.0826477259397507,-0.259122341871262,-0.141754865646362,0.85130786895752,0.343474179506302,0.0768463835120201,0.30766162276268,0.325308948755264,0.0846829637885094,-0.0840273648500443,0.000587264017667621,0.616502642631531,0.177896961569786,0.0587098672986031,-0.0701170340180397,0.0175824742764235,0.161988362669945,0.208136364817619
0.0279303621500731,0.025476573035121,0.00960277486592531,0.013576996512711,0.0112386457622051,0.135314181447029,0.0755551233887672,4.6498142182827e-05,0.0211350079625845,0.0510319173336029,0.0228526368737221,-0.0073226192034781,0.0170254725962877,0.010497672483325,0.108852453529835,0.07290930300951,0.0158332511782646,0.0480598509311676,0.037635512650013,0.0540089197456837,0.0678906440734863,0.020006787031889,0,0.163834512233734,0.112828142940998,0.143865615129471,0.0623604394495487,0.0373798348009586,0.0964481011033058,0.0433668866753578,0.0934072881937027,0.105670906603336,0.0990830510854721,0.0361384004354477,0.0673270523548126,0.0391325578093529,0.0704415887594223,0.0275374706834555,0.0494197234511375,0.0487700141966343,0.0580107793211937,0.0512317605316639,0.0645777359604836,0.0441015213727951,0.0693824216723442,0.0928680747747421,0.1079046651721,0.063911959528923,0.0343298353254795,0.105229318141937,0.0490571595728397,0.103162594139576,0.0153969479724765,0.0271780639886856,0.0347740203142166,0.00932708196341991,0.0599543154239655,0.134160950779915,0.0741419717669487,0.118012212216854,0.0626477897167206,0.0302567705512047,0.0584797747433186,0.0404466800391674,0.0853525996208191,0.0713968351483345,0.0871023163199425,0.0104600749909878,0.0523958243429661,0.010577374137938,0.0494403950870037,0.0194089841097593,0.0421787984669209,0.0395512022078037,0.0497154630720615,0.0640347599983215,0.0341166108846664,-0.00420195516198874,0.0473288781940937,0.0762231796979904,0.0779583379626274,0.0400806590914726,0.0219691339880228,0.0506978817284107,0.0304797925055027,0.0920854434370995
-0.046429093927145,-0.0400716178119183,-0.0344916731119156,-0.0119916060939431,-0.0100172264501452,0.21839702129364,0.173067972064018,-0.00734007637947798,0.0148676950484514,-0.075582280755043,-0.0514043979346752,-0.0483939126133919,-0.0149195613339543,-0.0165038537234068,0.226103395223618,0.164791956543922,-0.00163358030840755,0.0185318384319544,0.246183887124062,0.0334731042385101,0.166570261120796,0.3826504945755,0.163834512233734,0,0.297477126121521,0.333995193243027,0.0861717835068703,0.556879103183746,0.0955877602100372,0.547576785087585,0.169810548424721,0.189040169119835,0.326564311981201,0.115289129316807,0.115904718637466,0.028614329174161,0.0919428393244743,0.336989313364029,0.11177708953619,-0.0406489074230194,0.151041656732559,0.119285017251968,0.047240674495697,-0.0354960598051548,0.0893952399492264,0.52799791097641,0.337571948766708,-0.00860174000263214,0.0655554160475731,0.152679726481438,0.122440934181213,0.13654999434948,0.246337041258812,0.0507430247962475,0.0331261456012726,0.351889163255692,0.109151892364025,0.809763014316559,0.175339341163635,0.34578475356102,0.0953152924776077,0.514553070068359,0.0668559744954109,0.543518900871277,0.13238114118576,0.172670096158981,0.347642719745636,0.12619324028492,0.1043491512537,-0.0405430868268013,0.137695759534836,0.272916287183762,0.167112216353416,-0.029897827655077,0.200896546244621,0.175552070140839,0.0459176898002625,-0.081568531692028,0.0547263212502003,0.530739009380341,0.273240357637405,-0.00170987681485713,0.03690430149436,0.135492444038391,0.0955793783068657,0.10401625931263
