0 0.34047 0.26593 0.27772 0.082118 -0.0094726 -0.09258 0.062323 0.21065 0.7247 0.41885 0.35422 0.29142 0.1111 -0.00016386 -0.096517 0.042011 0.26323 -0.15286 0.23494 0.07691 -0.028719 0.02793 -0.046429 0.067483 0.14914 0.094863 0.028024 0.20141 0.0059179 -0.14893 -0.10761 0.013496 0.11452 0.11802 -0.048931 0.027365 0.11458 0.062621 0.35937 0.092686 0.18174 0.090998 0.36685 0.05145 0.18317 -0.15842 0.36297 -0.099255 -0.066588 0.050027 0.2412 -0.050711 0.28462 0.43378 -0.026059 0.039184 -0.071696 0.3765 0.25525 0.18774 0.0050663 0.33676 -0.027671 -0.030185 0.13208 0.022774 0.1308 0.4101 0.20811 0.31298 0.12853 0.065063 0.4461 0.18488 0.30902 0.17431 0.59979 0.40651 0.20224 -0.11768 0.53936 0.011049 -0.079188 0.060305 0.29151
0.34047 0 0.25027 0.27623 0.1082 0.017495 -0.077552 0.069909 0.21972 0.35424 0.47986 0.26759 0.25793 0.09722 -0.000136 -0.092221 0.055022 0.20706 -0.094071 0.26314 0.061754 0.076443 0.025477 -0.040072 0.072064 0.064255 0.13956 0.080025 0.15803 0.12102 -0.026534 -0.088195 0.019405 0.16439 0.13729 -0.057423 0.020973 0.21944 0.13145 0.33127 0.13091 0.19127 0.15943 0.22716 0.18359 0.13035 -0.090379 0.24934 -0.041913 -0.05049 0.1736 0.2951 -0.11736 0.26242 0.069738 0.073496 0.021589 -0.067611 0.067377 0.010839 0.12049 0.074314 0.13961 0.081116 -0.013321 -0.080696 -0.009278 0.094609 0.1736 -0.033575 0.082134 0.24937 0.082124 0.31431 0.10359 0.17647 0.14807 0.18848 0.16731 0.06859 -0.10481 0.23172 -0.043141 -0.063931 0.15654 0.27094
0.26593 0.25027 0 0.38169 0.093042 0.030306 -0.023759 0.14388 0.14182 0.28703 0.26501 0.56777 0.36665 0.066844 0.025718 -0.033529 0.11423 0.15193 -0.022306 0.20336 0.13291 -0.0023198 0.0096028 -0.034492 0.038592 0.062207 0.073646 0.0046106 0.20019 0.021117 -0.005903 -0.060396 -0.021388 0.055656 0.24586 0.0031533 0.14305 0.081976 0.013602 0.19888 0.094122 0.083791 0.16915 0.26415 0.21797 0.066074 -0.063141 0.19925 -0.048209 -0.049246 0.075244 0.19098 -0.034241 0.17846 0.11273 -0.018146 0.035351 -0.060078 0.029933 0.030428 0.0544 0.01259 0.16425 -0.0065252 -0.005055 -0.072517 -0.014321 0.026016 0.20336 -0.021961 0.139 0.092132 -0.0090804 0.19363 0.097036 0.064536 0.11926 0.17197 0.16169 0.01737 -0.065517 0.18405 -0.062074 -0.051153 0.084112 0.17818
0.27772 0.27623 0.38169 0 0.18243 0.0093168 -0.008111 0.10524 0.1386 0.25822 0.27884 0.36511 0.63804 0.12256 0.0013193 -0.017247 0.091475 0.14577 -0.045999 0.29778 -0.017901 0.026904 0.013577 -0.011992 -0.089266 0.029587 -0.0015168 0.033844 0.14823 0.043706 -0.034323 -0.14807 -0.021971 0.18858 0.19332 -0.085565 0.062191 0.11467 0.19582 0.20282 0.30264 0.024822 0.11899 0.16946 0.1765 0.12145 -0.0012345 0.26331 -0.067721 -0.019431 0.14307 0.35605 -0.016575 0.28811 0.015611 0.030483 0.016298 -0.031814 -0.052958 -0.0070843 0.002946 0.040126 0.14817 0.026841 -0.034874 -0.13217 0.0019222 0.14984 0.26701 -0.065006 0.15143 0.13387 0.13083 0.241 0.28148 0.055597 0.12021 0.17625 0.18069 0.10052 -0.022549 0.31108 -0.066035 -0.0529 0.13212 0.34909
0.082118 0.1082 0.093042 0.18243 0 -0.0058456 -0.018745 0.020006 0.051992 0.092305 0.098519 0.10079 0.15469 0.044188 -0.0076379 -0.028295 0.015776 0.055376 -0.017667 0.10047 0.0023 0.002559 0.011239 -0.010017 -0.019846 0.0037978 -0.0097965 -0.0082501 0.069458 0.0057659 -0.029109 -0.034318 -0.010698 0.022793 0.071551 0.00085384 0.047527 0.046603 0.07644 0.091184 0.095255 0.008661 0.05086 0.071214 0.06856 0.019293 0.010502 0.10921 -0.029652 -0.021951 0.061887 0.14165 -0.011395 0.11195 -0.01548 -0.0042198 -0.010525 -0.029221 -0.036749 -0.0082975 -0.010826 0.00029438 0.058223 -0.0062884 -0.025956 -0.046746 -0.016441 0.026878 0.086927 -0.011804 0.06115 0.046553 0.057178 0.077293 0.08256 -0.0024465 0.023135 0.044832 0.050114 -0.00077118 -0.0099908 0.10602 -0.0381 -0.019599 0.044417 0.12591
-0.0094726 0.017495 0.030306 0.0093168 -0.0058456 0 0.168 0.022947 0.086068 0.054543 0.0057262 0.022719 0.00091111 -0.017948 0.43253 0.16568 0.043393 0.069763 0.061813 0.037372 0.13298 0.093952 0.13531 0.2184 0.23767 0.12637 0.34045 0.12187 0.072891 0.11511 0.30566 0.20684 0.27372 0.076319 -0.044789 0.018614 -0.026311 0.076678 0.09335 0.097253 0.046642 0.26807 0.23429 -0.010792 0.15973 0.077705 0.20835 -0.082497 0.056686 0.14854 0.10117 0.069965 0.030502 0.022183 -0.0031601 0.072193 0.088289 0.20527 0.12619 0.088544 0.29026 0.12307 0.0071354 0.10113 0.28091 0.13207 0.23278 0.069112 -0.12875 -0.057359 -0.099779 0.054644 0.097311 0.038466 0.044023 0.22172 0.15573 -0.095801 0.059822 0.043538 0.17845 -0.11722 0.052082 0.12378 0.089532 0.044194
-0.09258 -0.077552 -0.023759 -0.008111 -0.018745 0.168 0 -0.0077261 -0.0076042 -0.040793 -0.097877 -0.043915 -0.026308 -0.023987 0.17088 0.24709 -0.006423 -0.027609 0.14474 -0.039686 0.046141 0.027811 0.075555 0.17307 0.060626 0.12967 -3.6538e-05 0.070861 0.0096004 0.037536 0.1631 0.16494 0.06998 0.024535 0.013174 0.074052 0.068405 -0.010587 0.059269 -0.11831 0.064003 -0.036486 0.0011909 -0.12802 0.047938 0.027816 0.22583 -0.071767 0.042619 0.1299 0.011049 0.025109 0.090554 -0.051585 -0.072302 0.020311 0.033768 0.15285 -0.042428 0.069326 -0.024053 0.059023 -0.030209 0.033444 0.088634 0.083142 0.05089 0.025403 -0.068626 -0.023376 -0.031773 -0.02916 0.063533 -0.13836 0.067391 -0.057897 -0.023588 -0.18758 -0.033887 0.033877 0.18568 -0.1301 0.024484 0.10938 -0.00016384 -0.01111
0.062323 0.069909 0.14388 0.10524 0.020006 0.022947 -0.0077261 0 0.050117 0.04139 0.077064 0.12816 0.10245 0.015303 0.034648 0.0032065 0.10782 0.063194 -0.034924 0.087124 -0.058 0.019308 4.6498e-05 -0.0073401 -0.041876 -0.018778 0.054452 0.016705 0.023608 0.0097263 0.06572 -0.054238 0.026453 0.048474 -0.025444 -0.080772 -0.076298 0.044355 0.023859 0.068886 0.016403 0.046329 0.12264 -0.0021647 0.011827 0.0085065 0.01012 -0.0019425 -0.0038757 -0.00051163 0.04524 0.087028 -0.020423 0.077213 -0.039116 0.022899 -0.005669 -0.00024217 -0.016887 0.0048547 0.069707 0.031279 0.029672 0.0030752 0.064691 -0.034857 0.010073 0.044003 0.00049085 -0.083732 -0.014469 0.051096 0.015143 0.07993 0.03506 0.05965 0.10483 0.019454 0.033461 0.0091637 0.015537 0.054296 -0.017383 -0.0020565 0.056094 0.089512
0.21065 0.21972 0.14182 0.1386 0.051992 0.086068 -0.0076042 0.050117 0 0.22126 0.2231 0.12791 0.13453 0.045761 0.070842 -0.018863 0.046408 0.18987 -0.037882 0.16345 0.014773 0.064871 0.021135 0.014868 0.034925 0.018559 0.1245 0.023896 0.081165 0.093428 0.019464 -0.044635 0.064042 0.11421 0.052129 -0.052462 -0.0054992 0.16416 0.091877 0.18821 0.075065 0.14662 0.13294 0.10548 0.085968 0.057367 0.0088817 0.11704 -0.028116 -0.019688 0.12198 0.18726 -0.033031 0.17008 0.046483 0.056848 0.031665 -0.0036562 0.060229 0.024638 0.13415 0.017238 0.097034 0.083101 0.05497 -0.00952 0.036089 0.064966 0.092424 -0.031779 0.046166 0.16875 0.073722 0.18025 0.070076 0.16497 0.13455 0.10556 0.12162 0.02744 0.0063331 0.14857 -0.035379 -0.00023349 0.12104 0.17395
0.7247 0.35424 0.28703 0.25822 0.092305 0.054543 -0.040793 0.04139 0.22126 0 0.3225 0.27754 0.21512 0.09844 0.049079 -0.050752 0.031119 0.22912 -0.053356 0.23071 0.28582 -0.013258 0.051032 -0.075582 0.23501 0.24536 0.14887 -0.067423 0.21986 0.0015904 -0.0077441 0.072032 0.045471 0.18455 0.25548 0.11177 0.20918 0.11654 0.24916 0.30821 0.27708 0.23929 0.090022 0.47483 0.30777 0.24454 -0.1209 0.40256 -0.013102 -0.0035736 0.041176 0.22706 -0.15281 0.17018 0.14393 -0.024303 0.027883 -0.09288 0.12442 0.13161 0.096016 -0.036545 0.10837 -0.01191 -0.021089 0.015954 0.024809 0.11856 0.14903 0.039101 0.064217 0.1305 0.14133 0.25249 0.16274 0.14661 0.053868 0.23407 0.10581 0.081372 -0.10726 0.31969 -0.028497 -0.047809 0.056207 0.18988
0.41885 0.47986 0.26501 0.27884 0.098519 0.0057262 -0.097877 0.077064 0.2231 0.3225 0 0.32092 0.30586 0.11078 -0.00031555 -0.10692 0.090673 0.24414 -0.17902 0.28923 -0.0033326 0.062828 0.022853 -0.051404 0.022092 0.0015032 0.14362 0.067304 0.13859 0.10974 -0.054652 -0.1719 0.021734 0.11491 0.05466 -0.1344 -0.053546 0.22813 0.058407 0.34114 0.080579 0.19732 0.18382 0.20293 0.089993 0.10291 -0.13879 0.2358 -0.079388 -0.071035 0.17313 0.29116 -0.13473 0.30861 0.15923 0.073772 0.013163 -0.080865 0.15772 0.017568 0.18605 0.044893 0.19842 0.073906 -0.0027054 -0.052098 0.017842 0.1275 0.25557 -0.0016452 0.16131 0.26209 0.043179 0.39577 0.11882 0.25926 0.20116 0.31038 0.2688 0.08426 -0.11838 0.32329 -0.032972 -0.092922 0.17406 0.31168
0.35422 0.26759 0.56777 0.36511 0.10079 0.022719 -0.043915 0.12816 0.12791 0.27754 0.32092 0 0.38824 0.084296 0.025408 -0.035242 0.14225 0.14982 -0.07054 0.20552 0.072783 -0.027811 -0.0073226 -0.048394 0.0040292 0.041567 0.078252 0.017833 0.19448 0.0074606 -0.046091 -0.12742 -0.022026 0.037202 0.20379 -0.040382 0.1078 0.083586 0.01071 0.21977 0.074616 0.064963 0.17188 0.23635 0.12932 0.079954 -0.084913 0.19462 -0.083218 -0.068685 0.07389 0.19915 -0.031875 0.23831 0.19082 -0.049196 0.022994 -0.069651 0.093638 0.065005 0.080587 0.0016912 0.24121 -0.021311 -0.00215 -0.042257 0.010235 0.041124 0.28324 0.05301 0.22744 0.093992 -0.041512 0.26273 0.085165 0.11154 0.18255 0.28521 0.23717 0.040622 -0.084008 0.2497 -0.055499 -0.053365 0.064773 0.22032
0.29142 0.25793 0.36665 0.63804 0.15469 0.00091111 -0.026308 0.10245 0.13453 0.21512 0.30586 0.38824 0 0.14312 0.0063154 -0.0090747 0.11232 0.15204 -0.051822 0.26916 -0.031566 0.026479 0.017025 -0.01492 -0.098245 0.014952 -0.016296 0.059184 0.13794 0.042667 -0.073567 -0.1616 -0.022641 0.16688 0.16288 -0.10451 0.045757 0.11767 0.12876 0.21102 0.24393 0.0078915 0.10272 0.14335 0.12945 0.10881 -0.021317 0.24298 -0.085331 -0.046625 0.13944 0.32992 0.01041 0.29462 0.029132 0.021257 0.017667 -0.014088 -0.041713 0.037432 -0.0076029 0.054151 0.18697 0.025399 -0.046786 -0.11848 -0.0045638 0.15856 0.30186 -0.04901 0.19066 0.13536 0.13164 0.24609 0.30842 0.05609 0.12061 0.19719 0.19284 0.10581 0.0083658 0.33111 -0.086613 -0.046385 0.13454 0.38445
0.1111 0.09722 0.066844 0.12256 0.044188 -0.017948 -0.023987 0.015303 0.045761 0.09844 0.11078 0.084296 0.14312 0 -0.0089965 -0.028388 0.0075919 0.087817 -0.023825 0.12811 -0.039616 0.012639 0.010498 -0.016504 -0.029317 -0.016568 0.010421 -0.0082987 0.036064 0.01688 -0.034899 -0.056135 -0.0039692 0.056122 0.031502 -0.04249 -0.0066066 0.056991 0.062553 0.086108 0.071115 0.034841 0.05145 0.045432 0.051535 0.01945 -0.0092908 0.086126 -0.0393 -0.012056 0.077864 0.12307 -0.017474 0.1057 0.0027435 0.013696 0.0065536 -0.019051 -0.0074456 -0.0068814 0.020165 -0.0080147 0.03359 0.019714 -0.014154 -0.031059 -0.0081125 0.064863 0.080915 -0.032328 0.060511 0.071166 0.065388 0.089081 0.086868 0.044715 0.065963 0.066279 0.092468 0.007065 -0.0086575 0.11995 -0.024354 -0.023278 0.063067 0.13351
-0.00016386 -0.000136 0.025718 0.0013193 -0.0076379 0.43253 0.17088 0.034648 0.070842 0.049079 -0.00031555 0.025408 0.0063154 -0.0089965 0 0.20847 0.039078 0.067422 0.048066 0.02893 0.12135 0.083505 0.10885 0.2261 0.22225 0.1282 0.32481 0.11845 0.071967 0.097083 0.30903 0.17366 0.27075 0.077484 -0.048495 -0.016419 -0.05054 0.06022 0.078024 0.079771 0.047993 0.25671 0.23957 -0.031786 0.14087 0.076792 0.20788 -0.096861 0.044373 0.13398 0.084114 0.069398 0.040103 0.035306 0.046703 0.069939 0.10742 0.21915 0.16113 0.13087 0.30845 0.10463 0.044473 0.090159 0.27464 0.15453 0.27666 0.068333 -0.099386 -0.054755 -0.079356 0.049748 0.10459 0.06331 0.044622 0.24666 0.17261 -0.069287 0.080157 0.070254 0.20021 -0.096453 0.034285 0.1404 0.087114 0.066689
-0.096517 -0.092221 -0.033529 -0.017247 -0.028295 0.16568 0.24709 0.0032065 -0.018863 -0.050752 -0.10692 -0.035242 -0.0090747 -0.028388 0.20847 0 0.014456 -0.005614 0.11176 -0.038905 0.043721 0.02545 0.072909 0.16479 0.04462 0.11966 -0.0066971 0.02632 0.0088957 0.028258 0.13616 0.12749 0.089824 0.024757 -0.00084349 0.044823 0.047484 -0.052027 0.043153 -0.1072 0.065379 -0.027962 0.0040602 -0.10878 0.033754 0.029962 0.19445 -0.073833 0.040502 0.10698 0.0057845 0.01842 0.10168 -0.041541 -0.03043 0.014423 0.041984 0.17626 -0.013001 0.11854 -0.020004 0.024297 -0.010221 0.025308 0.10035 0.088869 0.096257 0.027771 -0.034775 -0.0090649 0.0038683 -0.059743 0.063556 -0.12676 0.072163 -0.047653 -0.028004 -0.14587 -0.024073 0.039903 0.20349 -0.095388 0.023165 0.12981 -0.00018514 0.013088
0.042011 0.055022 0.11423 0.091475 0.015776 0.043393 -0.006423 0.10782 0.046408 0.031119 0.090673 0.14225 0.11232 0.0075919 0.039078 0.014456 0 0.063614 -0.023823 0.08432 -0.047883 0.02723 0.015833 -0.0016336 -0.019498 -0.032613 0.076768 0.032787 0.015865 0.028988 0.055712 -0.066348 0.0095667 0.027199 -0.02172 -0.082561 -0.065056 0.042221 0.010497 0.060254 -0.0011349 0.069755 0.12339 -0.015269 0.016579 0.0031884 0.016701 -0.029365 -0.013695 -0.012674 0.043328 0.064056 -0.010489 0.075739 -0.038185 0.026084 0.0071788 0.01543 -0.019804 -0.013091 0.065879 0.027128 0.021799 0.020247 0.048027 -0.036442 0.022119 0.031075 -0.013413 -0.10369 -0.030025 0.045413 -0.00064891 0.066493 0.0036751 0.067374 0.11463 0.013856 0.013429 0.0037725 0.021555 0.016226 -0.01958 -0.0038181 0.047725 0.06719
0.26323 0.20706 0.15193 0.14577 0.055376 0.069763 -0.027609 0.063194 0.18987 0.22912 0.24414 0.14982 0.15204 0.087817 0.067422 -0.005614 0.063614 0 -0.055382 0.16076 0.03947 0.052823 0.04806 0.018532 0.05695 0.037316 0.11592 0.018609 0.093681 0.090625 0.017328 -0.02374 0.070872 0.08442 0.039576 -0.0481 -0.00038673 0.15899 0.079022 0.18218 0.071673 0.15179 0.13299 0.1156 0.084962 0.064424 0.022324 0.13894 -0.031823 0.025399 0.16673 0.19236 -0.0052146 0.18139 0.097889 0.062982 0.025764 0.016131 0.10412 0.045796 0.14003 0.023204 0.11482 0.081926 0.063136 0.019714 0.058108 0.105 0.12199 0.010095 0.08764 0.17395 0.076971 0.19772 0.090227 0.18439 0.13825 0.14815 0.15501 0.058346 0.027507 0.17139 0.00062078 0.0043761 0.13362 0.21499
-0.15286 -0.094071 -0.022306 -0.045999 -0.017667 0.061813 0.14474 -0.034924 -0.037882 -0.053356 -0.17902 -0.07054 -0.051822 -0.023825 0.048066 0.11176 -0.023823 -0.055382 0 -0.026527 0.23644 0.04451 0.037636 0.24618 0.20211 0.25809 -0.1523 0.085632 0.082648 0.076008 0.020898 0.5751 -0.0094241 0.00553 0.48855 0.25216 0.56337 -0.024228 0.078797 -0.076855 0.1606 -0.058175 -0.12808 0.0132 0.20509 0.074281 0.69815 0.22623 0.11418 0.16354 0.14445 0.123 0.63037 -0.048549 0.016773 0.029287 0.01879 0.2034 0.0055773 0.17628 -0.18853 0.092649 0.0008415 0.067119 -0.056884 0.31554 0.012099 0.01805 0.18638 0.1629 0.25212 -0.050134 0.12606 -0.15327 0.12102 -0.13581 -0.11142 -0.10521 0.022759 0.056599 0.57938 0.035758 0.046744 0.15992 0.1601 0.087075
0.23494 0.26314 0.20336 0.29778 0.10047 0.037372 -0.039686 0.087124 0.16345 0.23071 0.28923 0.20552 0.26916 0.12811 0.02893 -0.038905 0.08432 0.16076 -0.026527 0 -0.1021 0.17219 0.054009 0.033473 -0.11988 -0.0043059 -0.0033732 0.04842 0.21382 0.19046 -0.10184 -0.2578 0.0050889 0.37363 0.21924 -0.21622 0.015317 0.27837 0.31939 0.41513 0.40046 0.089035 0.26747 0.25949 0.33754 0.27413 0.075026 0.38818 -0.12342 -0.039774 0.29515 0.56975 0.02886 0.593 -0.10959 0.18024 0.013789 0.017449 -0.12375 0.0098098 0.034413 0.059737 0.18197 0.16502 -0.05811 -0.23343 0.02126 0.35252 0.30907 -0.24057 0.12619 0.27756 0.27645 0.43783 0.39494 0.14596 0.27001 0.23206 0.29029 0.22529 0.066432 0.46542 -0.15382 -0.0779 0.24062 0.5545
0.07691 0.061754 0.13291 -0.017901 0.0023 0.13298 0.046141 -0.058 0.014773 0.28582 -0.0033326 0.072783 -0.031566 -0.039616 0.12135 0.043721 -0.047883 0.03947 0.23644 -0.1021 0 -0.1434 0.067891 0.16657 0.74069 0.56618 0.19817 -0.092105 0.29342 -0.091431 0.10824 0.49051 0.1609 -0.064989 0.57222 0.47169 0.56063 -0.11954 -0.00056826 0.1159 0.13879 0.32459 -0.042576 0.7156 0.44142 0.39593 0.034422 0.47726 0.034736 -0.00049761 -0.018847 -0.036468 0.022594 -0.11997 0.66097 -0.1973 0.064133 0.094839 0.53803 0.30634 0.066994 -0.053318 0.098963 -0.089054 0.049478 0.30445 0.11967 -0.066426 0.2724 0.3559 0.23358 -0.1189 0.0097307 -0.0137 0.056257 0.16637 -0.12286 0.28839 0.11809 0.17378 0.026883 0.10237 0.088814 0.019761 -0.0032139 -0.089362
-0.028719 0.076443 -0.0023198 0.026904 0.002559 0.093952 0.027811 0.019308 0.064871 -0.013258 0.062828 -0.027811 0.026479 0.012639 0.083505 0.02545 0.02723 0.052823 0.04451 0.17219 -0.1434 0 0.020007 0.38265 0.051078 -0.12621 0.11903 0.28151 0.030066 0.92736 0.007662 -0.14325 0.16293 0.33484 -0.070215 -0.19297 -0.14337 0.89153 0.2868 0.075064 0.27733 0.26663 0.06921 -0.043875 0.07071 0.66609 0.1966 0.0060313 -0.033647 0.023719 0.19423 0.22789 0.096612 0.17312 -0.23069 0.97548 0.00096613 0.41843 -0.053666 -0.062424 0.15442 0.3467 -0.014544 0.91944 -0.015114 -0.17308 0.17881 0.31627 -0.082648 -0.25912 -0.14175 0.85131 0.34347 0.076846 0.30766 0.32531 0.084683 -0.084027 0.00058726 0.6165 0.1779 0.05871 -0.070117 0.017582 0.16199 0.20814
0.02793 0.025477 0.0096028 0.013577 0.011239 0.13531 0.075555 4.6498e-05 0.021135 0.051032 0.022853 -0.0073226 0.017025 0.010498 0.10885 0.072909 0.015833 0.04806 0.037636 0.054009 0.067891 0.020007 0 0.16383 0.11283 0.14387 0.06236 0.03738 0.096448 0.043367 0.093407 0.10567 0.099083 0.036138 0.067327 0.039133 0.070442 0.027537 0.04942 0.04877 0.058011 0.051232 0.064578 0.044102 0.069382 0.092868 0.1079 0.063912 0.03433 0.10523 0.049057 0.10316 0.015397 0.027178 0.034774 0.0093271 0.059954 0.13416 0.074142 0.11801 0.062648 0.030257 0.05848 0.040447 0.085353 0.071397 0.087102 0.01046 0.052396 0.010577 0.04944 0.019409 0.042179 0.039551 0.049715 0.064035 0.034117 -0.004202 0.047329 0.076223 0.077958 0.040081 0.021969 0.050698 0.03048 0.092085
-0.046429 -0.040072 -0.034492 -0.011992 -0.010017 0.2184 0.17307 -0.0073401 0.014868 -0.075582 -0.051404 -0.048394 -0.01492 -0.016504 0.2261 0.16479 -0.0016336 0.018532 0.24618 0.033473 0.16657 0.38265 0.16383 0 0.29748 0.334 0.086172 0.55688 0.095588 0.54758 0.16981 0.18904 0.32656 0.11529 0.1159 0.028614 0.091943 0.33699 0.11178 -0.040649 0.15104 0.11929 0.047241 -0.035496 0.089395 0.528 0.33757 -0.0086017 0.065555 0.15268 0.12244 0.13655 0.24634 0.050743 0.033126 0.35189 0.10915 0.80976 0.17534 0.34578 0.095315 0.51455 0.066856 0.54352 0.13238 0.17267 0.34764 0.12619 0.10435 -0.040543 0.1377 0.27292 0.16711 -0.029898 0.2009 0.17555 0.045918 -0.081569 0.054726 0.53074 0.27324 -0.0017099 0.036904 0.13549 0.095579 0.10402
0.067483 0.072064 0.038592 -0.089266 -0.019846 0.23767 0.060626 -0.041876 0.034925 0.23501 0.022092 0.0040292 -0.098245 -0.029317 0.22225 0.04462 -0.019498 0.05695 0.20211 -0.11988 0.74069 0.051078 0.11283 0.29748 0 0.51756 0.56432 0.026581 0.18452 0.091279 0.32878 0.63713 0.40796 -0.023798 0.24547 0.37037 0.26438 0.013184 -0.054892 0.22863 -0.1048 0.72748 0.13275 0.53016 0.38811 0.37317 0.061094 0.2255 0.1733 0.097442 -0.0057463 -0.09609 0.024929 -0.14295 0.50954 -0.027255 0.071077 0.20686 0.75747 0.30285 0.44269 0.029491 0.041436 0.079336 0.27656 0.51887 0.32761 -0.035259 0.032609 0.2356 0.070303 -0.0021137 -0.055118 0.074786 -0.12764 0.54901 0.040466 0.16257 0.16345 0.15979 0.035653 -0.034092 0.21967 0.13337 0.012517 -0.13764
0.14914 0.064255 0.062207 0.029587 0.0037978 0.12637 0.12967 -0.018778 0.018559 0.24536 0.0015032 0.041567 0.014952 -0.016568 0.1282 0.11966 -0.032613 0.037316 0.25809 -0.0043059 0.56618 -0.12621 0.14387 0.334 0.51756 0 -0.0001658 0.083876 0.26421 -0.069538 0.077947 0.4489 0.11157 -0.011681 0.44559 0.38963 0.48762 -0.10479 0.03563 0.042869 0.15208 -0.012047 -0.075101 0.40047 0.22913 0.38372 0.15546 0.43659 0.026282 0.11551 -0.0040306 0.10613 0.10724 -0.018431 0.32905 -0.15479 0.094204 0.24959 0.31673 0.55747 -0.09233 0.051227 0.142 -0.067099 -0.0012582 0.28758 0.05406 -0.028337 0.26304 0.2523 0.32875 -0.11707 0.019379 -0.0041262 0.084851 -0.04653 -0.10859 0.12912 0.027801 0.26485 0.113 0.20961 0.05228 0.08303 0.0097933 0.052693
0.094863 0.13956 0.073646 -0.0015168 -0.0097965 0.34045 -3.6538e-05 0.054452 0.1245 0.14887 0.14362 0.078252 -0.016296 0.010421 0.32481 -0.0066971 0.076768 0.11592 -0.1523 -0.0033732 0.19817 0.11903 0.06236 0.086172 0.56432 -0.0001658 0 0.0038395 0.031347 0.10987 0.52006 0.24228 0.39594 0.074253 -0.23359 -0.039346 -0.23982 0.13486 0.031984 0.41603 -0.15412 0.82698 0.47673 0.08255 0.25239 -0.0094054 -0.00569 -0.17564 0.14862 0.055469 0.10609 -0.047939 -0.1436 -0.0020474 0.085379 0.074947 0.059721 0.063748 0.37929 -0.042561 0.77701 0.029535 -0.031495 0.09614 0.48026 0.24073 0.31881 0.048727 -0.32109 -0.11463 -0.2726 0.15352 0.040876 0.28234 -0.14445 0.72495 0.34146 -0.045517 0.1769 -0.11438 0.011207 -0.22158 0.12213 0.072852 0.087562 -0.067437
0.028024 0.080025 0.0046106 0.033844 -0.0082501 0.12187 0.070861 0.016705 0.023896 -0.067423 0.067304 0.017833 0.059184 -0.0082987 0.11845 0.02632 0.032787 0.018609 0.085632 0.04842 -0.092105 0.28151 0.03738 0.55688 0.026581 0.083876 0.0038395 0 0.053414 0.43672 0.085756 0.0022665 0.046553 0.071036 0.00092097 -0.019509 0.010265 0.34437 0.04642 0.027466 0.093184 -0.047247 0.070027 -0.11329 -0.028062 0.33898 0.19259 -0.10946 0.0092158 0.053718 0.12887 0.13015 0.15725 0.093576 -0.082406 0.29561 0.028606 0.57492 -0.014608 0.17478 0.0073704 0.95473 0.085276 0.37472 0.0516 0.033657 0.087405 0.079204 0.10586 -0.031829 0.10507 0.34343 0.13275 0.042552 0.18298 0.0056999 0.071925 -0.070623 0.0072309 0.41436 0.15375 0.039592 0.018695 0.039725 0.10453 0.1408
0.20141 0.15803 0.20019 0.14823 0.069458 0.072891 0.0096004 0.023608 0.081165 0.21986 0.13859 0.19448 0.13794 0.036064 0.071967 0.0088957 0.015865 0.093681 0.082648 0.21382 0.29342 0.030066 0.096448 0.095588 0.18452 0.26421 0.031347 0.053414 0 0.043528 0.042109 0.09451 0.046598 0.061488 0.44674 0.30323 0.47967 0.088188 0.019058 0.26938 0.11577 0.08564 0.19368 0.46899 0.30102 0.19339 0.070609 0.415 -0.041855 0.04553 0.13749 0.32959 0.072587 0.20697 0.22299 0.011891 0.056487 0.062342 0.14904 0.167 -0.020355 0.048222 0.40161 0.033312 0.029574 0.06285 0.0090558 0.033551 0.37428 0.23423 0.43786 0.083727 0.021287 0.20395 0.094952 0.058004 0.15255 0.28435 0.21526 0.091773 0.054905 0.288 0.0066247 -0.0091625 0.12154 0.31134
0.0059179 0.12102 0.021117 0.043706 0.0057659 0.11511 0.037536 0.0097263 0.093428 0.0015904 0.10974 0.0074606 0.042667 0.01688 0.097083 0.028258 0.028988 0.090625 0.076008 0.19046 -0.091431 0.92736 0.043367 0.54758 0.091279 -0.069538 0.10987 0.43672 0.043528 0 0.026954 -0.12444 0.21504 0.34289 -0.033004 -0.17497 -0.086979 0.92432 0.3088 0.09785 0.2734 0.23487 0.080996 -0.03747 0.066008 0.67806 0.22126 0.037837 -0.017132 0.019889 0.26025 0.26098 0.099312 0.17855 -0.16822 0.91731 0.010879 0.5525 0.0025423 0.014716 0.14945 0.48572 0.025194 0.93311 -0.00089162 -0.12908 0.23577 0.31638 -0.00067957 -0.21666 -0.054733 0.88923 0.35817 0.10794 0.31466 0.3134 0.088135 -0.064034 0.025087 0.6499 0.18973 0.12959 -0.045855 0.003885 0.21981 0.24076
-0.14893 -0.026534 -0.005903 -0.034323 -0.029109 0.30566 0.1631 0.06572 0.019464 -0.0077441 -0.054652 -0.046091 -0.073567 -0.034899 0.30903 0.13616 0.055712 0.017328 0.020898 -0.10184 0.10824 0.007662 0.093407 0.16981 0.32878 0.077947 0.52006 0.085756 0.042109 0.026954 0 0.38831 0.27858 -0.0038617 -0.18364 0.085399 -0.09442 -0.0091118 0.016541 -0.0074444 -0.085629 0.41113 0.40625 -0.22496 0.25578 -0.10224 0.18365 -0.31369 0.28707 0.18488 0.020234 -0.098935 -0.043777 -0.1278 -0.15047 -0.0073217 0.04232 0.17214 0.081242 0.018885 0.39216 0.11132 -0.10057 0.021119 0.56866 0.24822 0.22713 -0.018585 -0.37129 -0.10152 -0.28141 -0.022601 0.036403 -0.11439 -0.10037 0.23558 0.23116 -0.3959 0.025065 -0.13173 0.14692 -0.37495 0.21082 0.17497 0.020203 -0.13379
-0.10761 -0.088195 -0.060396 -0.14807 -0.034318 0.20684 0.16494 -0.054238 -0.044635 0.072032 -0.1719 -0.12742 -0.1616 -0.056135 0.17366 0.12749 -0.066348 -0.02374 0.5751 -0.2578 0.49051 -0.14325 0.10567 0.18904 0.63713 0.4489 0.24228 0.0022665 0.09451 -0.12444 0.38831 0 0.14794 -0.16552 0.21133 0.59126 0.39262 -0.19373 -0.098709 -0.05091 -0.13679 0.28416 0.015723 0.049239 0.37725 -0.10844 0.34555 0.10141 0.31528 0.27834 -0.086958 -0.18914 0.22755 -0.28498 0.1895 -0.18986 0.073398 0.13049 0.32781 0.2725 0.082204 0.0082738 -0.056969 -0.11456 0.21754 0.74332 0.086867 -0.16198 -0.1308 0.39146 0.0064732 -0.21699 -0.079293 -0.20007 -0.18074 0.022764 -0.089551 -0.23172 0.071422 -0.15601 0.25376 -0.21281 0.30625 0.26955 -0.05197 -0.21501
0.013496 0.019405 -0.021388 -0.021971 -0.010698 0.27372 0.06998 0.026453 0.064042 0.045471 0.021734 -0.022026 -0.022641 -0.0039692 0.27075 0.089824 0.0095667 0.070872 -0.0094241 0.0050889 0.1609 0.16293 0.099083 0.32656 0.40796 0.11157 0.39594 0.046553 0.046598 0.21504 0.27858 0.14794 0 0.10112 -0.058373 -0.030789 -0.075548 0.1404 0.051996 0.069748 -0.03525 0.44886 0.21295 0.051561 0.13714 0.1478 0.13448 -0.077376 0.058992 0.093515 0.084306 0.028878 0.02357 -0.0025337 0.1106 0.12146 0.072404 0.27941 0.29893 0.10562 0.38735 0.05122 0.0071741 0.20598 0.28262 0.17309 0.43628 0.076339 -0.091146 -0.038328 -0.048449 0.1169 0.035888 0.04629 -0.028575 0.4247 0.15445 -0.015232 0.11815 0.082645 0.12753 -0.093508 0.079933 0.10332 0.057694 -0.0053486
0.11452 0.16439 0.055656 0.18858 0.022793 0.076319 0.024535 0.048474 0.11421 0.18455 0.11491 0.037202 0.16688 0.056122 0.077484 0.024757 0.027199 0.08442 0.00553 0.37363 -0.064989 0.33484 0.036138 0.11529 -0.023798 -0.011681 0.074253 0.071036 0.061488 0.34289 -0.0038617 -0.16552 0.10112 0 0.12978 -0.1999 -0.0038453 0.40246 0.51166 0.26087 0.58215 0.19844 0.092717 0.1361 0.31951 0.36811 0.18895 0.33034 -0.056977 -0.0020722 0.35073 0.46496 0.054656 0.33639 -0.10047 0.30504 0.0066075 0.097572 -0.06378 -0.020142 0.094196 0.064508 0.033634 0.30899 -0.017692 -0.17792 0.13085 0.76332 0.16986 -0.2158 0.059617 0.38076 0.43924 0.31567 0.51946 0.24929 0.080876 0.11583 0.24698 0.2944 0.18565 0.38102 -0.088592 -0.024597 0.30188 0.43474
0.11802 0.13729 0.24586 0.19332 0.071551 -0.044789 0.013174 -0.025444 0.052129 0.25548 0.05466 0.20379 0.16288 0.031502 -0.048495 -0.00084349 -0.02172 0.039576 0.48855 0.21924 0.57222 -0.070215 0.067327 0.1159 0.24547 0.44559 -0.23359 0.00092097 0.44674 -0.033004 -0.18364 0.21133 -0.058373 0.12978 0 0.39333 0.84491 0.010549 0.093855 0.11183 0.37912 -0.092312 -0.12009 0.59139 0.50941 0.3091 0.21727 0.6939 -0.059303 0.0044189 0.12567 0.39359 0.23926 0.20509 0.34591 -0.09109 0.030028 0.053674 0.1118 0.21114 -0.29831 0.0012988 0.29383 -0.036877 -0.22401 0.034738 -0.059591 0.1067 0.6761 0.26176 0.61213 -0.0011201 0.097155 0.043338 0.31649 -0.15234 -0.12168 0.25847 0.2476 0.19335 0.16424 0.4691 -0.049854 -0.036169 0.12678 0.34384
-0.048931 -0.057423 0.0031533 -0.085565 0.00085384 0.018614 0.074052 -0.080772 -0.052462 0.11177 -0.1344 -0.040382 -0.10451 -0.04249 -0.016419 0.044823 -0.082561 -0.0481 0.25216 -0.21622 0.47169 -0.19297 0.039133 0.028614 0.37037 0.38963 -0.039346 -0.019509 0.30323 -0.17497 0.085399 0.59126 -0.030789 -0.1999 0.39333 0 0.63232 -0.17497 -0.14482 -0.10785 -0.082659 -0.077295 -0.16051 0.21548 0.23116 -0.084726 0.00011571 0.19964 0.15479 0.079112 -0.084322 -0.11943 -0.013706 -0.23501 0.20697 -0.20447 0.044622 -0.0044547 0.12925 0.17384 -0.19429 -0.024081 0.12049 -0.17091 -0.023305 0.27211 -0.043928 -0.18887 0.086478 0.57073 0.23769 -0.18495 -0.11292 -0.21634 -0.11248 -0.28034 -0.23433 -0.12029 -0.071798 -0.14747 -0.026192 -0.072744 0.12627 0.069846 -0.06905 -0.13365
0.027365 0.020973 0.14305 0.062191 0.047527 -0.026311 0.068405 -0.076298 -0.0054992 0.20918 -0.053546 0.1078 0.045757 -0.0066066 -0.05054 0.047484 -0.065056 -0.00038673 0.56337 0.015317 0.56063 -0.14337 0.070442 0.091943 0.26438 0.48762 -0.23982 0.010265 0.47967 -0.086979 -0.09442 0.39262 -0.075548 -0.0038453 0.84491 0.63232 0 -0.085353 -0.031883 -0.029856 0.23556 -0.21263 -0.20667 0.42966 0.3714 0.16652 0.21109 0.56208 0.039696 0.038116 0.01138 0.19205 0.25587 -0.031337 0.29286 -0.15353 0.049778 0.03285 0.020583 0.24423 -0.33779 0.013917 0.27332 -0.098367 -0.1752 0.11175 -0.086312 -0.018574 0.49063 0.46966 0.60395 -0.09733 0.0082271 -0.12864 0.14644 -0.32234 -0.22288 0.078596 0.021126 0.068953 0.14153 0.23271 -0.017269 0.0010594 0.034969 0.15259
0.11458 0.21944 0.081976 0.11467 0.046603 0.076678 -0.010587 0.044355 0.16416 0.11654 0.22813 0.083586 0.11767 0.056991 0.06022 -0.052027 0.042221 0.15899 -0.024228 0.27837 -0.11954 0.89153 0.027537 0.33699 0.013184 -0.10479 0.13486 0.34437 0.088188 0.92432 -0.0091118 -0.19373 0.1404 0.40246 0.010549 -0.17497 -0.085353 0 0.39046 0.21262 0.35649 0.26351 0.11531 0.011821 0.099735 0.59986 0.12211 0.12544 -0.058006 -0.015981 0.30978 0.35215 0.00095734 0.2777 -0.15744 0.85829 0.0042017 0.34547 -0.029874 -0.039891 0.1733 0.41945 0.079891 0.88918 -0.013604 -0.18904 0.15449 0.37889 0.05271 -0.19325 -0.030703 0.96854 0.43085 0.2361 0.40185 0.32945 0.13416 0.020919 0.079277 0.56999 0.093297 0.2599 -0.066183 -0.048339 0.27412 0.34658
0.062621 0.13145 0.013602 0.19582 0.07644 0.09335 0.059269 0.023859 0.091877 0.24916 0.058407 0.01071 0.12876 0.062553 0.078024 0.043153 0.010497 0.079022 0.078797 0.31939 -0.00056826 0.2868 0.04942 0.11178 -0.054892 0.03563 0.031984 0.04642 0.019058 0.3088 0.016541 -0.098709 0.051996 0.51166 0.093855 -0.14482 -0.031883 0.39046 0 0.09595 0.88479 0.09056 0.0153 0.056087 0.31157 0.42024 0.3336 0.39371 -0.0044742 0.048166 0.47927 0.59642 0.081214 0.28262 -0.14579 0.25047 0.0067087 0.093838 -0.13156 -0.015513 0.014672 0.034495 -0.027496 0.27346 -0.023414 -0.17427 0.071763 0.4664 0.078927 -0.21888 -0.076525 0.35431 0.89534 0.13631 0.78446 0.10083 -0.0042212 -0.037583 0.15791 0.32099 0.29023 0.36993 -0.084029 -0.0034502 0.39128 0.49268
0.35937 0.33127 0.19888 0.20282 0.091184 0.097253 -0.11831 0.068886 0.18821 0.30821 0.34114 0.21977 0.21102 0.086108 0.079771 -0.1072 0.060254 0.18218 -0.076855 0.41513 0.1159 0.075064 0.04877 -0.040649 0.22863 0.042869 0.41603 0.027466 0.26938 0.09785 -0.0074444 -0.05091 0.069748 0.26087 0.11183 -0.10785 -0.029856 0.21262 0.09595 0 0.082476 0.54552 0.36315 0.43606 0.30732 0.16785 -0.051337 0.36495 -0.06263 -0.044676 0.20928 0.35325 -0.06567 0.38654 0.15789 0.073382 0.045869 -0.055084 0.26073 0.062483 0.41061 0.031756 0.24291 0.058382 0.088417 0.034982 0.036094 0.21084 0.18414 -0.074192 0.11082 0.22961 0.074356 0.69185 0.099805 0.511 0.33205 0.42572 0.34046 0.0658 -0.032981 0.36762 -0.071268 -0.075016 0.19108 0.36111
0.092686 0.13091 0.094122 0.30264 0.095255 0.046642 0.064003 0.016403 0.075065 0.27708 0.080579 0.074616 0.24393 0.071115 0.047993 0.065379 -0.0011349 0.071673 0.1606 0.40046 0.13879 0.27733 0.058011 0.15104 -0.1048 0.15208 -0.15412 0.093184 0.11577 0.2734 -0.085629 -0.13679 -0.03525 0.58215 0.37912 -0.082659 0.23556 0.35649 0.88479 0.082476 0 -0.086469 -0.04947 0.15531 0.46958 0.50981 0.32137 0.55379 -0.048865 0.017121 0.41064 0.63182 0.14197 0.35565 -0.06368 0.24187 0.0057965 0.13091 -0.20658 0.042563 -0.16068 0.092414 0.063219 0.25473 -0.13625 -0.2348 0.023457 0.55416 0.34044 -0.18895 0.1261 0.33007 0.81719 0.12137 0.9128 -0.032964 -0.056945 0.042493 0.27569 0.44786 0.27993 0.49174 -0.11408 -0.030242 0.32562 0.55023
0.18174 0.19127 0.083791 0.024822 0.008661 0.26807 -0.036486 0.046329 0.14662 0.23929 0.19732 0.064963 0.0078915 0.034841 0.25671 -0.027962 0.069755 0.15179 -0.058175 0.089035 0.32459 0.26663 0.051232 0.11929 0.72748 -0.012047 0.82698 -0.047247 0.08564 0.23487 0.41113 0.28416 0.44886 0.19844 -0.092312 -0.077295 -0.21263 0.26351 0.09056 0.54552 -0.086469 0 0.44306 0.30756 0.3775 0.17151 0.030727 0.056851 0.14441 0.055428 0.11758 0.045251 -0.05459 0.07719 0.20736 0.21196 0.054653 0.096609 0.56163 -0.018368 0.7825 0.025102 -0.0060178 0.2218 0.40815 0.33331 0.37309 0.14732 -0.20685 -0.12145 -0.22293 0.26263 0.069891 0.42444 -0.082607 0.9267 0.35567 0.14458 0.32229 0.0064973 0.051473 -0.018749 0.15693 0.085391 0.12248 0.019356
0.090998 0.15943 0.16915 0.11899 0.05086 0.23429 0.0011909 0.12264 0.13294 0.090022 0.18382 0.17188 0.10272 0.05145 0.23957 0.0040602 0.12339 0.13299 -0.12808 0.26747 -0.042576 0.06921 0.064578 0.047241 0.13275 -0.075101 0.47673 0.070027 0.19368 0.080996 0.40625 0.015723 0.21295 0.092717 -0.12009 -0.16051 -0.20667 0.11531 0.0153 0.36315 -0.04947 0.44306 0 0.046221 0.353 -0.038661 0.042674 -0.073235 0.050384 0.044032 0.15484 0.17312 -0.088002 0.25838 -0.07612 0.056137 0.046897 0.033571 0.064915 -0.053874 0.43335 0.074118 0.1375 0.063267 0.42705 0.077477 0.16202 0.072374 -0.12522 -0.17895 -0.1272 0.1128 0.0051251 0.30826 -0.034885 0.3795 0.57652 0.016882 0.3071 -0.085915 0.06463 -0.041334 0.032995 0.053177 0.13704 0.16005
0.36685 0.22716 0.26415 0.16946 0.071214 -0.010792 -0.12802 -0.0021647 0.10548 0.47483 0.20293 0.23635 0.14335 0.045432 -0.031786 -0.10878 -0.015269 0.1156 0.0132 0.25949 0.7156 -0.043875 0.044102 -0.035496 0.53016 0.40047 0.08255 -0.11329 0.46899 -0.03747 -0.22496 0.049239 0.051561 0.1361 0.59139 0.21548 0.42966 0.011821 0.056087 0.43606 0.15531 0.30756 0.046221 0 0.49616 0.4099 -0.11125 0.68809 -0.12276 -0.096094 0.084128 0.26489 -0.021647 0.2218 0.54493 -0.069984 0.033674 -0.064236 0.43301 0.21594 0.017752 -0.090104 0.2904 -0.052638 -0.16332 0.072506 0.00919 0.10401 0.45145 0.19569 0.32731 0.024743 0.0077666 0.36206 0.10736 0.26774 0.026425 0.70403 0.28781 0.19928 -0.086114 0.45359 -0.077558 -0.12704 0.076484 0.20783
0.05145 0.18359 0.21797 0.1765 0.06856 0.15973 0.047938 0.011827 0.085968 0.30777 0.089993 0.12932 0.12945 0.051535 0.14087 0.033754 0.016579 0.084962 0.20509 0.33754 0.44142 0.07071 0.069382 0.089395 0.38811 0.22913 0.25239 -0.028062 0.30102 0.066008 0.25578 0.37725 0.13714 0.31951 0.50941 0.23116 0.3714 0.099735 0.31157 0.30732 0.46958 0.3775 0.353 0.49616 0 0.29291 0.13781 0.4929 0.11139 0.061805 0.17601 0.30783 0.02438 0.24833 0.11108 0.016142 0.047839 0.05023 0.061464 0.085642 0.10376 -0.0026807 0.052036 0.053587 0.12132 0.10352 0.11599 0.29945 0.16098 -0.037892 0.055535 0.079501 0.26252 0.16541 0.37864 0.15164 0.17901 0.042802 0.52302 0.14895 0.13801 0.20453 0.071203 0.049413 0.16481 0.24335
0.18317 0.13035 0.066074 0.12145 0.019293 0.077705 0.027816 0.0085065 0.057367 0.24454 0.10291 0.079954 0.10881 0.01945 0.076792 0.029962 0.0031884 0.064424 0.074281 0.27413 0.39593 0.66609 0.092868 0.528 0.37317 0.38372 -0.0094054 0.33898 0.19339 0.67806 -0.10224 -0.10844 0.1478 0.36811 0.3091 -0.084726 0.16652 0.59986 0.42024 0.16785 0.50981 0.17151 -0.038661 0.4099 0.29291 0 0.095022 0.50309 -0.066342 -0.010786 0.17855 0.35832 0.073423 0.25682 0.19717 0.62472 0.047627 0.48898 0.21212 0.32298 0.039447 0.30861 0.12735 0.6831 -0.10133 -0.12234 0.16623 0.34004 0.32565 -0.1142 0.18547 0.58654 0.37211 0.18669 0.47281 0.29366 -0.018455 0.24172 0.17457 0.93904 0.048871 0.43061 -0.058523 -0.036313 0.16107 0.31539
-0.15842 -0.090379 -0.063141 -0.0012345 0.010502 0.20835 0.22583 0.01012 0.0088817 -0.1209 -0.13879 -0.084913 -0.021317 -0.0092908 0.20788 0.19445 0.016701 0.022324 0.69815 0.075026 0.034422 0.1966 0.1079 0.33757 0.061094 0.15546 -0.00569 0.19259 0.070609 0.22126 0.18365 0.34555 0.13448 0.18895 0.21727 0.00011571 0.21109 0.12211 0.3336 -0.051337 0.32137 0.030727 0.042674 -0.11125 0.13781 0.095022 0 0.1016 0.064267 0.21872 0.57653 0.33797 0.57961 0.071069 -0.094162 0.16221 0.072004 0.31954 -0.063763 0.087549 -0.041793 0.16324 0.019138 0.20162 0.10903 0.1815 0.15064 0.22125 0.1071 -0.058625 0.079615 0.061111 0.36892 -0.0556 0.3255 0.019506 0.051953 -0.15915 0.061339 0.1139 0.85001 0.077468 0.020298 0.19611 0.48044 0.28799
0.36297 0.24934 0.19925 0.26331 0.10921 -0.082497 -0.071767 -0.0019425 0.11704 0.40256 0.2358 0.19462 0.24298 0.086126 -0.096861 -0.073833 -0.029365 0.13894 0.22623 0.38818 0.47726 0.0060313 0.063912 -0.0086017 0.2255 0.43659 -0.17564 -0.10946 0.415 0.037837 -0.31369 0.10141 -0.077376 0.33034 0.6939 0.19964 0.56208 0.12544 0.39371 0.36495 0.55379 0.056851 -0.073235 0.68809 0.4929 0.50309 0.1016 0 -0.089947 -0.049573 0.28314 0.58453 0.16505 0.37116 0.37489 -0.013933 0.020801 -0.064636 0.24824 0.28496 -0.17743 -0.079684 0.32222 0.019335 -0.28737 0.093086 -0.073832 0.27712 0.64175 0.21172 0.52185 0.12754 0.29346 0.33344 0.47158 0.10537 -0.038861 0.5128 0.39852 0.3542 0.080397 0.83506 -0.064324 -0.08875 0.22041 0.52045
-0.099255 -0.041913 -0.048209 -0.067721 -0.029652 0.056686 0.042619 -0.0038757 -0.028116 -0.013102 -0.079388 -0.083218 -0.085331 -0.0393 0.044373 0.040502 -0.013695 -0.031823 0.11418 -0.12342 0.034736 -0.033647 0.03433 0.065555 0.1733 0.026282 0.14862 0.0092158 -0.041855 -0.017132 0.28707 0.31528 0.058992 -0.056977 -0.059303 0.15479 0.039696 -0.058006 -0.0044742 -0.06263 -0.048865 0.14441 0.050384 -0.12276 0.11139 -0.066342 0.064267 -0.089947 0 0.093421 -0.073298 -0.12697 0.029855 -0.14872 -0.090384 -0.027815 0.0079184 0.056358 0.0051831 0.013699 0.080638 0.017239 -0.1015 -0.018472 0.16214 0.20141 0.035602 -0.049573 -0.1737 0.047384 -0.12748 -0.0552 0.014173 -0.14382 -0.068468 0.020004 -0.0026607 -0.25727 -0.01688 -0.055625 0.054595 -0.19012 0.20875 0.090792 -0.039372 -0.14285
-0.066588 -0.05049 -0.049246 -0.019431 -0.021951 0.14854 0.1299 -0.00051163 -0.019688 -0.0035736 -0.071035 -0.068685 -0.046625 -0.012056 0.13398 0.10698 -0.012674 0.025399 0.16354 -0.039774 -0.00049761 0.023719 0.10523 0.15268 0.097442 0.11551 0.055469 0.053718 0.04553 0.019889 0.18488 0.27834 0.093515 -0.0020722 0.0044189 0.079112 0.038116 -0.015981 0.048166 -0.044676 0.017121 0.055428 0.044032 -0.096094 0.061805 -0.010786 0.21872 -0.049573 0.093421 0 0.026611 0.021307 0.094376 -0.063017 -0.066595 0.014246 0.038245 0.12696 0.011372 0.087731 0.036339 0.046065 -0.033646 0.03299 0.13864 0.20538 0.069784 -0.0062954 -0.056457 0.016133 -0.032476 -0.026844 0.038306 -0.089717 -0.00090704 0.016941 0.0077096 -0.1527 0.023407 -0.013753 0.18923 -0.088648 0.089402 0.16654 0.015524 0.0057292
0.050027 0.1736 0.075244 0.14307 0.061887 0.10117 0.011049 0.04524 0.12198 0.041176 0.17313 0.07389 0.13944 0.077864 0.084114 0.0057845 0.043328 0.16673 0.14445 0.29515 -0.018847 0.19423 0.049057 0.12244 -0.0057463 -0.0040306 0.10609 0.12887 0.13749 0.26025 0.020234 -0.086958 0.084306 0.35073 0.12567 -0.084322 0.01138 0.30978 0.47927 0.20928 0.41064 0.11758 0.15484 0.084128 0.17601 0.17855 0.57653 0.28314 -0.073298 0.026611 0 0.51146 0.22881 0.30982 -0.0013789 0.18769 0.038853 0.1235 0.013047 -0.0075154 0.091966 0.11355 0.14106 0.22914 0.044481 -0.060092 0.10234 0.34076 0.20239 -0.07557 0.10699 0.28511 0.44524 0.25528 0.40445 0.17192 0.16777 0.094637 0.19888 0.16462 0.54347 0.36096 -0.048029 -0.0074273 0.64678 0.4721
0.2412 0.2951 0.19098 0.35605 0.14165 0.069965 0.025109 0.087028 0.18726 0.22706 0.29116 0.19915 0.32992 0.12307 0.069398 0.01842 0.064056 0.19236 0.123 0.56975 -0.036468 0.22789 0.10316 0.13655 -0.09609 0.10613 -0.047939 0.13015 0.32959 0.26098 -0.098935 -0.18914 0.028878 0.46496 0.39359 -0.11943 0.19205 0.35215 0.59642 0.35325 0.63182 0.045251 0.17312 0.26489 0.30783 0.35832 0.33797 0.58453 -0.12697 0.021307 0.51146 0 0.16722 0.55086 -0.01908 0.21599 0.060458 0.093194 -0.057564 0.074801 -0.015709 0.12988 0.32083 0.23196 -0.07551 -0.15126 0.04383 0.43755 0.50021 -0.092807 0.34158 0.34314 0.52238 0.40675 0.60361 0.14479 0.19514 0.26683 0.33145 0.31544 0.29682 0.64407 -0.12817 -0.028903 0.41187 0.76904
-0.050711 -0.11736 -0.034241 -0.016575 -0.011395 0.030502 0.090554 -0.020423 -0.033031 -0.15281 -0.13473 -0.031875 0.01041 -0.017474 0.040103 0.10168 -0.010489 -0.0052146 0.63037 0.02886 0.022594 0.096612 0.015397 0.24634 0.024929 0.10724 -0.1436 0.15725 0.072587 0.099312 -0.043777 0.22755 0.02357 0.054656 0.23926 -0.013706 0.25587 0.00095734 0.081214 -0.06567 0.14197 -0.05459 -0.088002 -0.021647 0.02438 0.073423 0.57961 0.16505 0.029855 0.094376 0.22881 0.16722 0 0.043086 0.13514 0.10319 0.030506 0.27434 0.13016 0.19011 -0.13603 0.11256 0.10134 0.096176 -0.031219 0.3941 0.03417 0.072748 0.36404 0.14117 0.42716 -0.028072 0.1327 -0.029895 0.19625 0.013046 -0.036649 0.023976 0.22073 0.076632 0.70397 0.19127 0.029345 0.15768 0.20499 0.1548
