0 0.33092 0.24883 0.26213 0.072913 -0.0076281 -0.085168 0.056763 0.194 0.71802 0.40208 0.33758 0.27262 0.10066 0.0026313 -0.09101 0.037286 0.24732 -0.12999 0.21037 0.072391 -0.029853 0.025261 -0.035111 0.067477 0.14995 0.086167 0.036698 0.19153 -0.010618 -0.13892 -0.10191 0.0087847 0.14023 0.11238 -0.03936 0.025734 0.084514 0.10671 0.33453 0.1367 0.16869 0.073942 0.33586 0.059614 0.18135 -0.11615 0.36003 -0.095571 -0.064642 0.060409 0.22693 -0.010071 0.25484 0.41082 -0.026112 0.039971 -0.072808 0.36135 0.24659 0.16946 0.023222 0.3165 -0.0348 -0.036852 0.12351 0.017644 0.16345 0.37777 0.19352 0.28393 0.099811 0.10375 0.41732 0.21241 0.2938 0.15212 0.57176 0.37777 0.1993 -0.083126 0.52311 0.010856 -0.071174 0.060413 0.27488
0.33092 0 0.25446 0.28139 0.10656 0.013112 -0.073616 0.075061 0.21541 0.34959 0.47919 0.27057 0.2615 0.096073 -0.00055074 -0.091633 0.056878 0.20732 -0.07867 0.24979 0.055751 0.062813 0.024131 -0.047985 0.061772 0.060477 0.1318 0.070923 0.15374 0.098348 -0.022456 -0.084917 0.018995 0.16237 0.13955 -0.052522 0.028473 0.19907 0.13489 0.3237 0.1435 0.18552 0.15027 0.21465 0.19378 0.10698 -0.069814 0.24674 -0.037967 -0.049503 0.18401 0.28763 -0.1052 0.25886 0.064643 0.060096 0.019159 -0.074814 0.054883 -0.0023009 0.11674 0.063393 0.13172 0.064457 -0.015379 -0.084835 -0.0098286 0.099532 0.16437 -0.03282 0.079144 0.23139 0.080537 0.3083 0.10556 0.16799 0.14026 0.17511 0.15906 0.044778 -0.092828 0.22621 -0.041101 -0.062989 0.16066 0.26155
0.24883 0.25446 0 0.38188 0.10085 0.03019 -0.022491 0.14268 0.13381 0.27669 0.2663 0.5696 0.36775 0.067829 0.019162 -0.03538 0.11656 0.14444 -0.0072456 0.18654 0.12994 -0.0041156 0.0028519 -0.042424 0.031564 0.066207 0.071035 -0.0028691 0.19859 0.0089426 -0.0097669 -0.059939 -0.0266 0.058147 0.24905 0.0057801 0.14579 0.067018 0.030967 0.19448 0.11099 0.078555 0.15792 0.2551 0.21679 0.049554 -0.045486 0.20454 -0.047778 -0.050344 0.086575 0.1865 -0.030889 0.17339 0.1034 -0.019757 0.030911 -0.070745 0.023498 0.019512 0.051148 0.0083382 0.15841 -0.012833 -0.012108 -0.076023 -0.023024 0.03595 0.19056 -0.024191 0.12865 0.083759 0.0045648 0.18684 0.10065 0.057816 0.11687 0.16456 0.14528 0.0011778 -0.053931 0.17691 -0.057154 -0.048449 0.08955 0.1758
0.26213 0.28139 0.38188 0 0.19497 0.01295 -0.0030311 0.11315 0.13338 0.25465 0.28036 0.36343 0.64148 0.12187 0.0080037 -0.014702 0.088973 0.1453 -0.041402 0.29048 -0.020064 0.032932 0.010454 -0.0063385 -0.091005 0.034278 0.001935 0.028813 0.15171 0.043246 -0.028003 -0.14672 -0.019473 0.20634 0.19528 -0.082149 0.067412 0.10697 0.21468 0.19912 0.31825 0.026208 0.10872 0.16034 0.18441 0.12136 0.020729 0.26913 -0.069779 -0.01812 0.16024 0.35925 -0.010646 0.28613 0.0098403 0.035116 0.013892 -0.029148 -0.062216 -0.0099319 0.0022504 0.036209 0.14465 0.030348 -0.035921 -0.135 0.0027731 0.17582 0.2511 -0.069773 0.13699 0.12791 0.15071 0.23804 0.28834 0.054053 0.11726 0.16078 0.16712 0.092278 -0.0037 0.30559 -0.070065 -0.050891 0.14306 0.34995
0.072913 0.10656 0.10085 0.19497 0 -0.0060558 -0.013318 0.02502 0.050238 0.090502 0.092507 0.10518 0.16298 0.048555 -0.0081158 -0.025144 0.015402 0.053596 -0.012994 0.092285 0.0031332 -0.00048282 0.011839 -0.0091933 -0.021457 0.0050819 -0.014845 -0.0089359 0.070593 0.00039737 -0.023506 -0.031608 -0.010812 0.021567 0.076232 0.0056406 0.054877 0.038601 0.075436 0.087309 0.10089 -0.0015642 0.0466 0.06945 0.072449 0.012758 0.018653 0.10766 -0.030861 -0.019019 0.058928 0.13978 -0.0068547 0.11043 -0.020151 -0.0052357 -0.010642 -0.028616 -0.040233 -0.0094986 -0.017095 0.0022942 0.054863 -0.011828 -0.025858 -0.042746 -0.023589 0.026804 0.083894 -0.0091733 0.059776 0.043616 0.055785 0.073008 0.080985 -0.010852 0.022739 0.038068 0.045697 -0.0096851 -0.0039989 0.099276 -0.038738 -0.01384 0.042295 0.12808
-0.0076281 0.013112 0.03019 0.01295 -0.0060558 0 0.16943 0.020032 0.085816 0.051123 0.0068391 0.023794 0.0023734 -0.017467 0.43815 0.17047 0.048112 0.071459 0.060415 0.03613 0.13168 0.074401 0.13618 0.21954 0.2499 0.12417 0.34722 0.10484 0.073184 0.098526 0.3092 0.20262 0.28089 0.072802 -0.049363 0.014124 -0.030951 0.065469 0.090792 0.095765 0.038307 0.27365 0.24229 -0.017511 0.1577 0.057049 0.20355 -0.089265 0.063565 0.1497 0.10198 0.070127 0.026708 0.029859 -0.0050233 0.051222 0.085553 0.20378 0.13527 0.092202 0.29874 0.10045 0.015501 0.084919 0.29047 0.13595 0.24151 0.060017 -0.12629 -0.060075 -0.090817 0.042874 0.097303 0.040059 0.036978 0.22606 0.16481 -0.092455 0.073873 0.026604 0.17358 -0.11653 0.051401 0.12464 0.0914 0.054837
-0.085168 -0.073616 -0.022491 -0.0030311 -0.013318 0.16943 0 -0.0041133 -0.0039865 -0.036697 -0.092958 -0.045436 -0.018991 -0.022379 0.17049 0.24341 -0.00161 -0.025975 0.1297 -0.025046 0.041098 0.022292 0.079022 0.17762 0.06353 0.12356 0.007753 0.062804 0.0052836 0.037643 0.15876 0.14955 0.078111 0.020983 0.0043483 0.060704 0.058018 -0.0058685 0.051444 -0.10512 0.053418 -0.026647 0.014504 -0.12986 0.042463 0.022416 0.21919 -0.073503 0.040048 0.12795 0.012374 0.030076 0.090356 -0.036865 -0.067583 0.014448 0.030735 0.15433 -0.031027 0.070726 -0.011159 0.049205 -0.020919 0.034441 0.096393 0.079763 0.064061 0.025351 -0.063992 -0.032008 -0.028644 -0.023958 0.059508 -0.12089 0.06156 -0.041104 -0.0093583 -0.17981 -0.023555 0.029657 0.18757 -0.12021 0.021417 0.11173 0.0052196 0.0047308
0.056763 0.075061 0.14268 0.11315 0.02502 0.020032 -0.0041133 0 0.052427 0.042014 0.078868 0.13185 0.10953 0.015782 0.035895 0.0072413 0.10892 0.062481 -0.030495 0.087074 -0.061203 0.020911 -0.00026927 -0.0058088 -0.041755 -0.021755 0.053774 0.018638 0.025695 0.0095464 0.063415 -0.056174 0.027401 0.054187 -0.026315 -0.081187 -0.074334 0.044469 0.029421 0.072032 0.021156 0.047361 0.12357 -0.0035162 0.017695 0.0068803 0.01732 0.00095447 -0.0015573 0.00065268 0.054186 0.088427 -0.015859 0.083065 -0.041143 0.024509 -0.0035356 0.0009724 -0.018042 0.0040821 0.067669 0.031355 0.026878 0.006108 0.061206 -0.034001 0.013235 0.051545 -0.0017837 -0.083993 -0.016711 0.052834 0.02029 0.082762 0.039215 0.056617 0.10488 0.015351 0.035126 0.0047996 0.023933 0.055037 -0.0188 -0.0025663 0.06427 0.088129
0.194 0.21541 0.13381 0.13338 0.050238 0.085816 -0.0039865 0.052427 0 0.21134 0.2176 0.12251 0.12874 0.048489 0.074155 -0.0090095 0.047494 0.18747 -0.029119 0.14976 0.013074 0.052847 0.023439 0.017175 0.034922 0.017739 0.11628 0.023087 0.072542 0.077773 0.020831 -0.040448 0.068011 0.12033 0.050437 -0.049227 -0.0046025 0.14549 0.10325 0.17427 0.085938 0.13826 0.12125 0.092217 0.084485 0.050338 0.02334 0.1125 -0.025699 -0.016593 0.12532 0.17803 -0.024324 0.16092 0.040837 0.047186 0.028415 -0.0036618 0.056214 0.020568 0.12743 0.016631 0.092295 0.073444 0.049955 -0.009634 0.038942 0.072666 0.082488 -0.030759 0.043117 0.15171 0.08128 0.16795 0.079383 0.15147 0.12797 0.092417 0.11239 0.018888 0.016432 0.14152 -0.03282 0.00077046 0.12323 0.16892
0.71802 0.34959 0.27669 0.25465 0.090502 0.051123 -0.036697 0.042014 0.21134 0 0.31037 0.26728 0.20519 0.094857 0.051195 -0.051912 0.029618 0.22013 -0.024772 0.20814 0.28724 -0.020375 0.047875 -0.083638 0.23504 0.24547 0.14904 -0.085771 0.20481 -0.024145 -0.0029081 0.066878 0.0498 0.20347 0.24927 0.1014 0.19673 0.086789 0.29056 0.28772 0.30846 0.23633 0.079196 0.46025 0.30987 0.23157 -0.088346 0.40692 -0.0062991 -0.0091974 0.05447 0.21803 -0.13212 0.14951 0.13702 -0.028602 0.026469 -0.11176 0.11778 0.11322 0.091346 -0.044114 0.093236 -0.029777 -0.026339 0.0090711 0.01797 0.14449 0.12707 0.028033 0.041809 0.10332 0.16862 0.23437 0.17998 0.14044 0.046957 0.22538 0.08399 0.063438 -0.085894 0.3113 -0.029953 -0.045748 0.058613 0.17797
0.40208 0.47919 0.2663 0.28036 0.092507 0.0068391 -0.092958 0.078868 0.2176 0.31037 0 0.32072 0.30595 0.11013 -0.0030745 -0.10235 0.091621 0.23934 -0.15868 0.27101 -0.0078757 0.055197 0.023001 -0.057064 0.013259 -0.0013359 0.13666 0.060845 0.1339 0.094046 -0.048892 -0.1661 0.02105 0.11801 0.058145 -0.12462 -0.040766 0.21165 0.072421 0.32775 0.097387 0.18989 0.17398 0.18599 0.10309 0.084838 -0.11416 0.22958 -0.075801 -0.068191 0.18246 0.28055 -0.11787 0.3004 0.14216 0.068669 0.011209 -0.087614 0.14211 0.0024627 0.1762 0.036592 0.18605 0.063911 -0.007776 -0.059043 0.014344 0.13968 0.24024 -0.0031606 0.14553 0.24648 0.060206 0.37968 0.13062 0.24463 0.18878 0.28486 0.25254 0.067961 -0.10144 0.3127 -0.031783 -0.088394 0.184 0.30288
0.33758 0.27057 0.5696 0.36343 0.10518 0.023794 -0.045436 0.13185 0.12251 0.26728 0.32072 0 0.38894 0.082294 0.024202 -0.036826 0.14266 0.14321 -0.054443 0.19183 0.069319 -0.022213 -0.008569 -0.049093 0.0031363 0.04897 0.079219 0.014514 0.19099 0.0047235 -0.0428 -0.11827 -0.022412 0.051337 0.20753 -0.033813 0.11442 0.074012 0.035762 0.21617 0.095917 0.065692 0.16114 0.22213 0.13692 0.065952 -0.061772 0.19664 -0.07598 -0.065935 0.083198 0.19256 -0.020055 0.22923 0.17784 -0.042495 0.022707 -0.074105 0.08914 0.052761 0.078339 -0.00054102 0.23528 -0.018013 -0.0072377 -0.044325 0.0079919 0.056552 0.26891 0.052238 0.21447 0.088702 -0.01759 0.24713 0.09451 0.10843 0.17592 0.26654 0.21954 0.024799 -0.067205 0.23535 -0.054818 -0.047739 0.072262 0.21493
0.27262 0.2615 0.36775 0.64148 0.16298 0.0023734 -0.018991 0.10953 0.12874 0.20519 0.30595 0.38894 0 0.14273 0.0075341 -0.0069985 0.10987 0.14754 -0.042194 0.26157 -0.030651 0.031699 0.015196 -0.009152 -0.099029 0.01957 -0.016766 0.052003 0.14312 0.038754 -0.065299 -0.15783 -0.022418 0.18589 0.17124 -0.095993 0.056614 0.10803 0.14754 0.20298 0.26615 0.0083784 0.095027 0.13991 0.14391 0.10791 0.00061511 0.24702 -0.088297 -0.043899 0.152 0.33098 0.021838 0.2913 0.019572 0.0257 0.016806 -0.015351 -0.053452 0.026256 -0.0097866 0.047387 0.17942 0.028361 -0.043052 -0.12411 -0.0021416 0.18076 0.29005 -0.053053 0.18147 0.12389 0.14694 0.23999 0.31563 0.051698 0.11483 0.17345 0.18183 0.099192 0.028053 0.32011 -0.085248 -0.043578 0.1439 0.38318
0.10066 0.096073 0.067829 0.12187 0.048555 -0.017467 -0.022379 0.015782 0.048489 0.094857 0.11013 0.082294 0.14273 0 -0.01002 -0.02885 0.008929 0.086685 -0.019627 0.121 -0.036493 0.012828 0.0060088 -0.019191 -0.029723 -0.016991 0.00080971 -0.0088158 0.035119 0.01669 -0.039697 -0.054615 -0.0068833 0.061379 0.029917 -0.041014 -0.0029418 0.054009 0.068801 0.081192 0.077003 0.028532 0.044342 0.042512 0.049729 0.022438 -0.0046109 0.088227 -0.035984 -0.014147 0.075853 0.12169 -0.01292 0.099623 0.0002932 0.016366 0.0070321 -0.021317 -0.014665 -0.0090768 0.014387 -0.0072207 0.027204 0.022159 -0.020978 -0.032875 -0.013067 0.071421 0.076141 -0.030305 0.052845 0.066302 0.065365 0.081436 0.090016 0.037464 0.059474 0.055889 0.081825 0.0059121 -0.0049695 0.11438 -0.025913 -0.022027 0.064659 0.1299
0.0026313 -0.00055074 0.019162 0.0080037 -0.0081158 0.43815 0.17049 0.035895 0.074155 0.051195 -0.0030745 0.024202 0.0075341 -0.01002 0 0.20839 0.046992 0.065287 0.047018 0.028449 0.11454 0.064391 0.11614 0.2259 0.23099 0.12133 0.32567 0.098377 0.069333 0.083572 0.31607 0.17291 0.28546 0.075104 -0.059379 -0.018431 -0.059742 0.048158 0.080788 0.07254 0.043568 0.26142 0.24869 -0.045329 0.14168 0.054829 0.20207 -0.10726 0.054668 0.14279 0.082699 0.070543 0.036526 0.041084 0.040321 0.051036 0.10939 0.21251 0.16555 0.12722 0.31348 0.078709 0.04752 0.072447 0.28725 0.15744 0.28666 0.061842 -0.10679 -0.0562 -0.07459 0.035077 0.10503 0.061077 0.039869 0.25147 0.1876 -0.068966 0.096444 0.046676 0.19655 -0.1016 0.041217 0.1418 0.082622 0.070483
-0.09101 -0.091633 -0.03538 -0.014702 -0.025144 0.17047 0.24341 0.0072413 -0.0090095 -0.051912 -0.10235 -0.036826 -0.0069985 -0.02885 0.20839 0 0.018272 -0.0089337 0.10167 -0.031269 0.037007 0.023178 0.07476 0.17351 0.04735 0.11317 0.001259 0.022759 0.0059892 0.032222 0.1374 0.11812 0.09775 0.024788 -0.0078073 0.027554 0.036105 -0.046021 0.043478 -0.095743 0.05959 -0.021094 0.017793 -0.11499 0.027631 0.027103 0.19105 -0.07425 0.03747 0.10941 0.0061105 0.028251 0.10029 -0.030812 -0.030769 0.010982 0.044206 0.17435 -0.0077555 0.11271 -0.008568 0.017584 -0.0051172 0.026934 0.11007 0.084359 0.10269 0.025881 -0.038271 -0.01874 0.0042939 -0.056786 0.062357 -0.11224 0.068206 -0.034562 -0.017703 -0.14352 -0.014523 0.034199 0.20499 -0.088431 0.020045 0.13376 0.0023432 0.024084
0.037286 0.056878 0.11656 0.088973 0.015402 0.048112 -0.00161 0.10892 0.047494 0.029618 0.091621 0.14266 0.10987 0.008929 0.046992 0.018272 0 0.063936 -0.027821 0.077801 -0.048242 0.025127 0.013686 0.0020605 -0.015211 -0.035728 0.079511 0.035468 0.021802 0.028341 0.058779 -0.0628 0.014422 0.028973 -0.02549 -0.074801 -0.061313 0.041536 0.013124 0.059226 0.0016642 0.069281 0.12072 -0.015758 0.021015 0.0059921 0.017234 -0.028946 -0.012113 -0.0077611 0.046749 0.060036 -0.012991 0.073671 -0.039825 0.026646 0.0091474 0.018276 -0.018902 -0.016242 0.068165 0.029014 0.019237 0.021023 0.050793 -0.03793 0.021584 0.031691 -0.017561 -0.10062 -0.029817 0.045427 0.0012043 0.062 0.0020526 0.065921 0.11347 0.0081465 0.0093585 0.0050037 0.020201 0.010928 -0.019138 -0.0010369 0.050212 0.066603
0.24732 0.20732 0.14444 0.1453 0.053596 0.071459 -0.025975 0.062481 0.18747 0.22013 0.23934 0.14321 0.14754 0.086685 0.065287 -0.0089337 0.063936 0 -0.04447 0.15055 0.038812 0.049703 0.046026 0.022273 0.059926 0.038924 0.11227 0.014217 0.090643 0.081983 0.021611 -0.019154 0.071622 0.086377 0.03777 -0.038983 0.0034581 0.14651 0.08521 0.16882 0.079803 0.14836 0.12719 0.10687 0.092194 0.061115 0.028621 0.13656 -0.029449 0.026484 0.16284 0.17974 -0.0016178 0.17159 0.083386 0.057819 0.017447 0.012886 0.095646 0.036572 0.13665 0.023838 0.10542 0.074665 0.065434 0.016322 0.058929 0.11286 0.10631 0.0036806 0.078631 0.16027 0.080746 0.18524 0.091013 0.17625 0.13526 0.12946 0.14619 0.050394 0.031746 0.15839 0.00099291 -0.0014308 0.13224 0.20224
-0.12999 -0.07867 -0.0072456 -0.041402 -0.012994 0.060415 0.1297 -0.030495 -0.029119 -0.024772 -0.15868 -0.054443 -0.042194 -0.019627 0.047018 0.10167 -0.027821 -0.04447 0 -0.032063 0.24203 0.026195 0.029279 0.24471 0.21645 0.2576 -0.11183 0.057741 0.083288 0.06469 0.051653 0.60026 -0.0055409 -0.019188 0.48814 0.22855 0.56112 -0.025902 0.046155 -0.067782 0.11262 -0.020085 -0.10762 0.00081944 0.21171 0.0231 0.68719 0.19915 0.12761 0.16652 0.12259 0.10543 0.63791 -0.050047 0.028053 0.011732 0.01687 0.18395 0.029708 0.16688 -0.14495 0.066344 0.014211 0.055814 -0.0279 0.36354 0.015032 -0.010597 0.18744 0.17999 0.27341 -0.056345 0.094711 -0.14752 0.080657 -0.091311 -0.091026 -0.092539 0.057754 0.0080447 0.57056 0.0018527 0.075095 0.15807 0.13988 0.07722
0.21037 0.24979 0.18654 0.29048 0.092285 0.03613 -0.025046 0.087074 0.14976 0.20814 0.27101 0.19183 0.26157 0.121 0.028449 -0.031269 0.077801 0.15055 -0.032063 0 -0.10154 0.16717 0.049178 0.037053 -0.1293 -0.01126 -0.01895 0.045387 0.20861 0.17789 -0.087247 -0.25559 0.0069724 0.37472 0.20933 -0.18896 0.021002 0.2557 0.32525 0.38972 0.4033 0.073362 0.24216 0.22852 0.33525 0.26638 0.080805 0.38117 -0.1252 -0.042622 0.28688 0.54624 0.038215 0.56678 -0.11037 0.17434 0.010988 0.022041 -0.13454 0.0071221 0.019337 0.056588 0.16497 0.15903 -0.050975 -0.23197 0.020889 0.35456 0.28768 -0.23106 0.1144 0.25418 0.27363 0.40987 0.38906 0.12358 0.25382 0.19818 0.26565 0.21465 0.072442 0.44417 -0.15084 -0.072967 0.22717 0.52893
0.072391 0.055751 0.12994 -0.020064 0.0031332 0.13168 0.041098 -0.061203 0.013074 0.28724 -0.0078757 0.069319 -0.030651 -0.036493 0.11454 0.037007 -0.048242 0.038812 0.24203 -0.10154 0 -0.17016 0.065041 0.15518 0.72707 0.56482 0.19078 -0.12324 0.2672 -0.12513 0.093958 0.46579 0.15656 -0.07279 0.56525 0.44331 0.52527 -0.14622 0.019615 0.098877 0.15271 0.29527 -0.049173 0.70177 0.40329 0.32974 0.046542 0.4566 0.05697 -0.0025372 -0.019051 -0.035467 0.0082861 -0.11859 0.65758 -0.21907 0.057071 0.064259 0.52699 0.28063 0.053012 -0.079415 0.098335 -0.12451 0.036461 0.28036 0.10953 -0.069098 0.26623 0.32951 0.21039 -0.13978 0.023438 -0.020302 0.053965 0.15341 -0.12113 0.3194 0.10956 0.12737 0.021809 0.096549 0.075988 0.012394 -0.0039201 -0.075467
-0.029853 0.062813 -0.0041156 0.032932 -0.00048282 0.074401 0.022292 0.020911 0.052847 -0.020375 0.055197 -0.022213 0.031699 0.012828 0.064391 0.023178 0.025127 0.049703 0.026195 0.16717 -0.17016 0 0.01667 0.34999 -0.0070747 -0.15586 0.098113 0.27562 0.025598 0.93082 -0.0030897 -0.1782 0.16429 0.32144 -0.074655 -0.18719 -0.1293 0.90148 0.28307 0.062748 0.27827 0.23449 0.06204 -0.060804 0.057029 0.66701 0.17527 -0.012022 -0.047799 0.010072 0.19329 0.22585 0.10767 0.17114 -0.25598 0.97778 -0.0074109 0.42083 -0.1052 -0.07176 0.13807 0.32015 -0.039917 0.92308 -0.02587 -0.21105 0.18364 0.30846 -0.071338 -0.26159 -0.13085 0.86587 0.33723 0.070346 0.32202 0.29489 0.07303 -0.11401 -0.02167 0.6199 0.17103 0.051021 -0.089771 0.006334 0.16095 0.20743
0.025261 0.024131 0.0028519 0.010454 0.011839 0.13618 0.079022 -0.00026927 0.023439 0.047875 0.023001 -0.008569 0.015196 0.0060088 0.11614 0.07476 0.013686 0.046026 0.029279 0.049178 0.065041 0.01667 0 0.16991 0.11543 0.13723 0.063565 0.035429 0.097686 0.038908 0.092787 0.10343 0.10705 0.03478 0.060729 0.039794 0.062506 0.021804 0.054289 0.046924 0.057031 0.050235 0.065948 0.035259 0.064652 0.084608 0.10768 0.056768 0.037714 0.10991 0.049608 0.10432 0.020426 0.025671 0.033816 0.0039615 0.057417 0.13393 0.075279 0.11694 0.065585 0.025095 0.06018 0.034778 0.091304 0.075053 0.089371 0.0087425 0.049246 0.012435 0.048158 0.015074 0.043164 0.034903 0.044605 0.065808 0.034652 -0.0082827 0.045344 0.068906 0.079394 0.036054 0.022774 0.054645 0.030111 0.09361
-0.035111 -0.047985 -0.042424 -0.0063385 -0.0091933 0.21954 0.17762 -0.0058088 0.017175 -0.083638 -0.057064 -0.049093 -0.009152 -0.019191 0.2259 0.17351 0.0020605 0.022273 0.24471 0.037053 0.15518 0.34999 0.16991 0 0.29423 0.32515 0.079694 0.53703 0.09525 0.52254 0.1755 0.16978 0.33893 0.093886 0.10991 0.030007 0.094349 0.30702 0.10684 -0.04534 0.14641 0.096381 0.049496 -0.047012 0.062579 0.49504 0.33507 -0.013624 0.063611 0.15012 0.11678 0.14044 0.26832 0.052383 0.039618 0.31745 0.10687 0.82121 0.1695 0.36361 0.092595 0.48785 0.074345 0.51564 0.14733 0.16755 0.35921 0.099785 0.11145 -0.03824 0.15618 0.24441 0.16097 -0.028929 0.19418 0.16174 0.047461 -0.076729 0.053344 0.49883 0.28194 0.0016314 0.031014 0.13331 0.094045 0.11811
0.067477 0.061772 0.031564 -0.091005 -0.021457 0.2499 0.06353 -0.041755 0.034922 0.23504 0.013259 0.0031363 -0.099029 -0.029723 0.23099 0.04735 -0.015211 0.059926 0.21645 -0.1293 0.72707 -0.0070747 0.11543 0.29423 0 0.51942 0.58135 0.011599 0.16496 0.036879 0.34293 0.64584 0.42345 -0.062584 0.21607 0.3519 0.23786 -0.035275 -0.067454 0.20802 -0.1313 0.73262 0.15658 0.49165 0.36343 0.27322 0.063404 0.16418 0.20883 0.1123 -0.020412 -0.11685 0.041298 -0.15052 0.49903 -0.079073 0.071664 0.19312 0.78203 0.29957 0.46623 0.018525 0.049158 0.020989 0.30396 0.54145 0.3412 -0.07089 0.0096742 0.22483 0.072829 -0.047232 -0.070672 0.061242 -0.16542 0.57508 0.069148 0.17939 0.17988 0.082071 0.036101 -0.08152 0.22692 0.1343 -0.0029115 -0.14709
0.14995 0.060477 0.066207 0.034278 0.0050819 0.12417 0.12356 -0.021755 0.017739 0.24547 -0.0013359 0.04897 0.01957 -0.016991 0.12133 0.11317 -0.035728 0.038924 0.2576 -0.01126 0.56482 -0.15586 0.13723 0.32515 0.51942 0 -0.0007856 0.030725 0.25947 -0.10687 0.076553 0.4387 0.11438 -0.033195 0.43492 0.3892 0.46674 -0.14049 0.03376 0.039429 0.1459 -0.02711 -0.071335 0.39279 0.20144 0.32712 0.15227 0.43162 0.037365 0.11389 -0.0042851 0.099254 0.10178 -0.016024 0.34681 -0.1833 0.087877 0.21674 0.3137 0.5577 -0.09387 0.0013466 0.15408 -0.10798 7.2976e-05 0.29232 0.048094 -0.050754 0.25659 0.25978 0.31955 -0.14868 0.015535 -0.0024303 0.066345 -0.056939 -0.1059 0.15212 0.026637 0.21203 0.098296 0.205 0.038338 0.080906 0.0048774 0.052085
0.086167 0.1318 0.071035 0.001935 -0.014845 0.34722 0.007753 0.053774 0.11628 0.14904 0.13666 0.079219 -0.016766 0.00080971 0.32567 0.001259 0.079511 0.11227 -0.11183 -0.01895 0.19078 0.098113 0.063565 0.079694 0.58135 -0.0007856 0 1.6775e-05 0.023452 0.087438 0.52326 0.26408 0.40933 0.066519 -0.24328 -0.037887 -0.23268 0.11636 0.03206 0.39305 -0.15918 0.83114 0.47917 0.057756 0.26441 -0.055503 0.013288 -0.20981 0.17176 0.074818 0.11021 -0.063096 -0.1176 -0.0081976 0.067776 0.055413 0.05719 0.059955 0.40238 -0.040804 0.78122 0.029306 -0.038629 0.075394 0.49257 0.25982 0.3254 0.039261 -0.32767 -0.11167 -0.25078 0.1383 0.039209 0.26456 -0.15269 0.72821 0.35218 -0.049465 0.18932 -0.14623 0.024567 -0.2476 0.12886 0.073509 0.08366 -0.075158
0.036698 0.070923 -0.0028691 0.028813 -0.0089359 0.10484 0.062804 0.018638 0.023087 -0.085771 0.060845 0.014514 0.052003 -0.0088158 0.098377 0.022759 0.035468 0.014217 0.057741 0.045387 -0.12324 0.27562 0.035429 0.53703 0.011599 0.030725 1.6775e-05 0 0.041412 0.44142 0.083879 -0.033984 0.050898 0.029106 -0.024601 -0.029324 -0.011018 0.34851 0.0035232 0.022327 0.055572 -0.067516 0.071846 -0.12872 -0.06341 0.30629 0.17424 -0.12547 -0.0095144 0.050325 0.11663 0.11898 0.16245 0.087898 -0.095112 0.28845 0.022318 0.56942 -0.036142 0.15486 0.0093376 0.95598 0.076283 0.38615 0.058995 0.014529 0.086066 0.039941 0.091284 -0.036034 0.096229 0.35772 0.096315 0.041965 0.15283 -0.0052172 0.075419 -0.075721 -0.0095925 0.38941 0.15013 0.027863 0.0050587 0.032364 0.10134 0.1345
0.19153 0.15374 0.19859 0.15171 0.070593 0.073184 0.0052836 0.025695 0.072542 0.20481 0.1339 0.19099 0.14312 0.035119 0.069333 0.0059892 0.021802 0.090643 0.083288 0.20861 0.2672 0.025598 0.097686 0.09525 0.16496 0.25947 0.023452 0.041412 0 0.033325 0.038458 0.08142 0.048383 0.064831 0.4394 0.2945 0.46786 0.076348 0.035463 0.26453 0.12269 0.070454 0.1899 0.45349 0.28888 0.17349 0.076248 0.40489 -0.041223 0.04086 0.13481 0.32864 0.079069 0.21444 0.22159 0.013067 0.05179 0.054112 0.13539 0.1642 -0.027284 0.037126 0.40409 0.025061 0.024423 0.050443 0.0087146 0.034142 0.38057 0.23401 0.43699 0.078277 0.031508 0.20526 0.10472 0.051751 0.15544 0.28679 0.20931 0.082409 0.058648 0.29066 -0.0017753 -0.010345 0.11373 0.31799
-0.010618 0.098348 0.0089426 0.043246 0.00039737 0.098526 0.037643 0.0095464 0.077773 -0.024145 0.094046 0.0047235 0.038754 0.01669 0.083572 0.032222 0.028341 0.081983 0.06469 0.17789 -0.12513 0.93082 0.038908 0.52254 0.036879 -0.10687 0.087438 0.44142 0.033325 0 0.017621 -0.16279 0.22073 0.32254 -0.045761 -0.17129 -0.075646 0.92962 0.30903 0.073137 0.27107 0.1938 0.073221 -0.068864 0.039083 0.67568 0.21111 0.010327 -0.028303 0.012563 0.2542 0.25397 0.11388 0.16919 -0.19776 0.91978 0.00654 0.56736 -0.048664 0.0012512 0.12986 0.47478 -0.00028838 0.93758 -0.010865 -0.16184 0.24533 0.30279 -0.0014943 -0.21757 -0.049346 0.89739 0.36063 0.092508 0.32705 0.27794 0.077054 -0.095769 -0.0053252 0.64994 0.19347 0.11494 -0.06606 -0.0057401 0.21881 0.23891
-0.13892 -0.022456 -0.0097669 -0.028003 -0.023506 0.3092 0.15876 0.063415 0.020831 -0.0029081 -0.048892 -0.0428 -0.065299 -0.039697 0.31607 0.1374 0.058779 0.021611 0.051653 -0.087247 0.093958 -0.0030897 0.092787 0.1755 0.34293 0.076553 0.52326 0.083879 0.038458 0.017621 0 0.39169 0.28906 -0.00062302 -0.18733 0.066763 -0.095148 -0.015003 0.016684 -0.0031239 -0.095408 0.41902 0.41638 -0.23344 0.25295 -0.11714 0.19336 -0.32016 0.29526 0.19377 0.026632 -0.088528 -0.017965 -0.10628 -0.14931 -0.013951 0.046237 0.17407 0.10825 0.027081 0.40412 0.10742 -0.093857 0.010783 0.57441 0.26823 0.23285 -0.016199 -0.36188 -0.097748 -0.25072 -0.025494 0.034391 -0.096397 -0.10372 0.2537 0.24918 -0.38083 0.057989 -0.14034 0.1588 -0.36296 0.21288 0.18184 0.028068 -0.11601
-0.10191 -0.084917 -0.059939 -0.14672 -0.031608 0.20262 0.14955 -0.056174 -0.040448 0.066878 -0.1661 -0.11827 -0.15783 -0.054615 0.17291 0.11812 -0.0628 -0.019154 0.60026 -0.25559 0.46579 -0.1782 0.10343 0.16978 0.64584 0.4387 0.26408 -0.033984 0.08142 -0.16279 0.39169 0 0.14507 -0.19321 0.19258 0.56676 0.376 -0.21688 -0.12927 -0.055745 -0.19016 0.29329 0.047332 -0.0016515 0.35955 -0.19644 0.35449 0.032587 0.33703 0.29508 -0.09484 -0.21034 0.25407 -0.27365 0.1846 -0.2197 0.071332 0.097687 0.36237 0.25599 0.11564 -0.017844 -0.040417 -0.152 0.24223 0.76923 0.07867 -0.19283 -0.13615 0.40463 0.039585 -0.23886 -0.11014 -0.19686 -0.22949 0.051333 -0.048417 -0.21378 0.11366 -0.22865 0.25825 -0.25173 0.32479 0.27431 -0.06427 -0.226
0.0087847 0.018995 -0.0266 -0.019473 -0.010812 0.28089 0.078111 0.027401 0.068011 0.0498 0.02105 -0.022412 -0.022418 -0.0068833 0.28546 0.09775 0.014422 0.071622 -0.0055409 0.0069724 0.15656 0.16429 0.10705 0.33893 0.42345 0.11438 0.40933 0.050898 0.048383 0.22073 0.28906 0.14507 0 0.10242 -0.060516 -0.028552 -0.075739 0.1446 0.059565 0.059988 -0.027276 0.45711 0.22405 0.037091 0.14267 0.13926 0.1314 -0.096471 0.072704 0.10255 0.087183 0.028689 0.022856 0.0013646 0.098773 0.1227 0.068916 0.30181 0.30903 0.10788 0.40128 0.053083 0.010353 0.2122 0.29978 0.16857 0.46148 0.075885 -0.09758 -0.045257 -0.042399 0.1226 0.045877 0.042031 -0.028818 0.43706 0.16491 -0.021319 0.12411 0.077127 0.12097 -0.10967 0.07462 0.10762 0.0607 0.0012083
0.14023 0.16237 0.058147 0.20634 0.021567 0.072802 0.020983 0.054187 0.12033 0.20347 0.11801 0.051337 0.18589 0.061379 0.075104 0.024788 0.028973 0.086377 -0.019188 0.37472 -0.07279 0.32144 0.03478 0.093886 -0.062584 -0.033195 0.066519 0.029106 0.064831 0.32254 -0.00062302 -0.19321 0.10242 0 0.11769 -0.20618 -0.013222 0.39532 0.50797 0.2557 0.59025 0.19924 0.096696 0.12977 0.31852 0.36214 0.16348 0.33933 -0.054182 -0.011734 0.34183 0.46705 0.039925 0.33804 -0.10345 0.28917 -0.00083324 0.080099 -0.084581 -0.034087 0.088581 0.012152 0.026196 0.29186 -0.012514 -0.19645 0.12736 0.76291 0.16912 -0.22583 0.051786 0.36629 0.43822 0.31652 0.53505 0.23984 0.085318 0.1053 0.24323 0.28689 0.1634 0.39296 -0.10163 -0.029355 0.28931 0.43996
0.11238 0.13955 0.24905 0.19528 0.076232 -0.049363 0.0043483 -0.026315 0.050437 0.24927 0.058145 0.20753 0.17124 0.029917 -0.059379 -0.0078073 -0.02549 0.03777 0.48814 0.20933 0.56525 -0.074655 0.060729 0.10991 0.21607 0.43492 -0.24328 -0.024601 0.4394 -0.045761 -0.18733 0.19258 -0.060516 0.11769 0 0.37529 0.83554 -0.0039705 0.10082 0.11071 0.38053 -0.11098 -0.13378 0.58568 0.48909 0.26035 0.22096 0.68921 -0.059277 -0.0061073 0.11933 0.38577 0.25281 0.20823 0.3556 -0.094967 0.022998 0.037554 0.084073 0.1835 -0.30035 -0.014415 0.29841 -0.04425 -0.23281 0.016595 -0.066238 0.10522 0.68541 0.26846 0.5944 -0.0078487 0.10146 0.037637 0.31021 -0.16372 -0.12661 0.27404 0.22935 0.15853 0.16619 0.45474 -0.055072 -0.040535 0.12387 0.35056
-0.03936 -0.052522 0.0057801 -0.082149 0.0056406 0.014124 0.060704 -0.081187 -0.049227 0.1014 -0.12462 -0.033813 -0.095993 -0.041014 -0.018431 0.027554 -0.074801 -0.038983 0.22855 -0.18896 0.44331 -0.18719 0.039794 0.030007 0.3519 0.3892 -0.037887 -0.029324 0.2945 -0.17129 0.066763 0.56676 -0.028552 -0.20618 0.37529 0 0.60644 -0.16805 -0.15903 -0.081343 -0.10248 -0.084387 -0.14216 0.22223 0.18552 -0.10877 -0.01174 0.17991 0.15722 0.080258 -0.086183 -0.10703 -0.025254 -0.20099 0.2094 -0.18991 0.042217 -0.015558 0.12723 0.16281 -0.17801 -0.03351 0.14384 -0.16951 -0.030712 0.2561 -0.042878 -0.19749 0.10173 0.56324 0.25118 -0.17158 -0.13046 -0.18642 -0.12874 -0.26141 -0.21337 -0.080159 -0.07174 -0.15665 -0.036342 -0.064081 0.11218 0.06476 -0.068402 -0.11064
0.025734 0.028473 0.14579 0.067412 0.054877 -0.030951 0.058018 -0.074334 -0.0046025 0.19673 -0.040766 0.11442 0.056614 -0.0029418 -0.059742 0.036105 -0.061313 0.0034581 0.56112 0.021002 0.52527 -0.1293 0.062506 0.094349 0.23786 0.46674 -0.23268 -0.011018 0.46786 -0.075646 -0.095148 0.376 -0.075739 -0.013222 0.83554 0.60644 0 -0.074657 -0.024992 -0.025676 0.22111 -0.21105 -0.19885 0.39569 0.34061 0.12619 0.22831 0.54974 0.0341 0.040768 0.012757 0.19617 0.2687 -0.0095728 0.29195 -0.13581 0.043467 0.027001 0.015814 0.21517 -0.32261 0.0021151 0.28864 -0.083161 -0.1677 0.11087 -0.088742 -0.02232 0.49396 0.46844 0.60904 -0.083701 0.016371 -0.11152 0.14099 -0.30188 -0.20788 0.086101 0.025998 0.046213 0.15624 0.23458 -0.02129 0.0023448 0.035441 0.17466
0.084514 0.19907 0.067018 0.10697 0.038601 0.065469 -0.0058685 0.044469 0.14549 0.086789 0.21165 0.074012 0.10803 0.054009 0.048158 -0.046021 0.041536 0.14651 -0.025902 0.2557 -0.14622 0.90148 0.021804 0.30702 -0.035275 -0.14049 0.11636 0.34851 0.076348 0.92962 -0.015003 -0.21688 0.1446 0.39532 -0.0039705 -0.16805 -0.074657 0 0.40272 0.18274 0.36065 0.23311 0.098576 -0.021906 0.080126 0.58724 0.12162 0.097582 -0.067687 -0.022767 0.31114 0.336 0.023255 0.25547 -0.19185 0.86981 -5.6106e-05 0.35176 -0.082741 -0.062681 0.15353 0.41209 0.05292 0.89824 -0.027617 -0.21508 0.1577 0.37796 0.039769 -0.19328 -0.035358 0.97171 0.43764 0.20629 0.41232 0.2961 0.11331 -0.02783 0.038072 0.55674 0.099863 0.23134 -0.086686 -0.054595 0.27532 0.32926
0.10671 0.13489 0.030967 0.21468 0.075436 0.090792 0.051444 0.029421 0.10325 0.29056 0.072421 0.035762 0.14754 0.068801 0.080788 0.043478 0.013124 0.08521 0.046155 0.32525 0.019615 0.28307 0.054289 0.10684 -0.067454 0.03376 0.03206 0.0035232 0.035463 0.30903 0.016684 -0.12927 0.059565 0.50797 0.10082 -0.15903 -0.024992 0.40272 0 0.11234 0.88464 0.097764 0.027348 0.095054 0.31318 0.45865 0.29701 0.42283 -0.0087347 0.038648 0.47022 0.60417 0.049296 0.29428 -0.12275 0.24233 0.0051293 0.089594 -0.13945 -0.0074959 0.017717 -0.024868 -0.026611 0.26926 -0.019571 -0.19921 0.077996 0.4593 0.097023 -0.22742 -0.067566 0.35331 0.89311 0.16139 0.78861 0.10012 0.0030165 -0.0078607 0.16716 0.34381 0.2576 0.40203 -0.10334 -0.0087273 0.38076 0.50332
0.33453 0.3237 0.19448 0.19912 0.087309 0.095765 -0.10512 0.072032 0.17427 0.28772 0.32775 0.21617 0.20298 0.081192 0.07254 -0.095743 0.059226 0.16882 -0.067782 0.38972 0.098877 0.062748 0.046924 -0.04534 0.20802 0.039429 0.39305 0.022327 0.26453 0.073137 -0.0031239 -0.055745 0.059988 0.2557 0.11071 -0.081343 -0.025676 0.18274 0.11234 0 0.099633 0.52106 0.33937 0.41008 0.31468 0.14059 -0.031941 0.35418 -0.055561 -0.039903 0.21426 0.33877 -0.049132 0.36898 0.13634 0.057514 0.045654 -0.062641 0.23063 0.047861 0.37813 0.032226 0.22836 0.041593 0.082699 0.018563 0.026956 0.21295 0.17639 -0.07544 0.10342 0.19812 0.081979 0.67696 0.10574 0.47736 0.3201 0.39602 0.32011 0.045526 -0.012812 0.3468 -0.065629 -0.071137 0.19263 0.34425
0.1367 0.1435 0.11099 0.31825 0.10089 0.038307 0.053418 0.021156 0.085938 0.30846 0.097387 0.095917 0.26615 0.077003 0.043568 0.05959 0.0016642 0.079803 0.11262 0.4033 0.15271 0.27827 0.057031 0.14641 -0.1313 0.1459 -0.15918 0.055572 0.12269 0.27107 -0.095408 -0.19016 -0.027276 0.59025 0.38053 -0.10248 0.22111 0.36065 0.88464 0.099633 0 -0.084143 -0.050342 0.19267 0.45506 0.53222 0.28439 0.58485 -0.062011 -0.0037608 0.40607 0.64005 0.11995 0.36701 -0.024605 0.23735 0.00068564 0.11668 -0.22221 0.035685 -0.16028 0.041819 0.061545 0.24997 -0.14001 -0.27251 0.02512 0.56036 0.35493 -0.2057 0.119 0.32791 0.81231 0.15253 0.91701 -0.030514 -0.059884 0.074049 0.27239 0.45302 0.2508 0.52695 -0.14047 -0.040594 0.32273 0.56428
0.16869 0.18552 0.078555 0.026208 -0.0015642 0.27365 -0.026647 0.047361 0.13826 0.23633 0.18989 0.065692 0.0083784 0.028532 0.26142 -0.021094 0.069281 0.14836 -0.020085 0.073362 0.29527 0.23449 0.050235 0.096381 0.73262 -0.02711 0.83114 -0.067516 0.070454 0.1938 0.41902 0.29329 0.45711 0.19924 -0.11098 -0.084387 -0.21105 0.23311 0.097764 0.52106 -0.084143 0 0.44991 0.26757 0.39232 0.099359 0.056092 0.0051213 0.16791 0.064923 0.12433 0.028868 -0.019139 0.070244 0.17185 0.18046 0.051991 0.075244 0.57059 -0.029159 0.78818 0.0053822 -0.024134 0.186 0.42341 0.33671 0.37669 0.15287 -0.22033 -0.13639 -0.20677 0.232 0.076594 0.40443 -0.084679 0.93156 0.36957 0.12623 0.33385 -0.042567 0.070912 -0.061161 0.16398 0.086306 0.12376 0.0079938
0.073942 0.15027 0.15792 0.10872 0.0466 0.24229 0.014504 0.12357 0.12125 0.079196 0.17398 0.16114 0.095027 0.044342 0.24869 0.017793 0.12072 0.12719 -0.10762 0.24216 -0.049173 0.06204 0.065948 0.049496 0.15658 -0.071335 0.47917 0.071846 0.1899 0.073221 0.41638 0.047332 0.22405 0.096696 -0.13378 -0.14216 -0.19885 0.098576 0.027348 0.33937 -0.050342 0.44991 0 0.015002 0.36438 -0.050847 0.060611 -0.089684 0.060979 0.063122 0.1616 0.15579 -0.073297 0.24885 -0.08528 0.053267 0.049418 0.040662 0.088296 -0.044838 0.43605 0.076156 0.13135 0.060091 0.43699 0.1038 0.16906 0.081547 -0.13707 -0.16512 -0.11801 0.099981 0.015444 0.29277 -0.035596 0.38322 0.57698 -0.0069829 0.31307 -0.092941 0.075217 -0.052314 0.04609 0.063104 0.13722 0.14728
0.33586 0.21465 0.2551 0.16034 0.06945 -0.017511 -0.12986 -0.0035162 0.092217 0.46025 0.18599 0.22213 0.13991 0.042512 -0.045329 -0.11499 -0.015758 0.10687 0.00081944 0.22852 0.70177 -0.060804 0.035259 -0.047012 0.49165 0.39279 0.057756 -0.12872 0.45349 -0.068864 -0.23344 -0.0016515 0.037091 0.12977 0.58568 0.22223 0.39569 -0.021906 0.095054 0.41008 0.19267 0.26757 0.015002 0 0.47545 0.36458 -0.1064 0.68324 -0.12158 -0.1116 0.084054 0.25627 -0.025818 0.20009 0.53 -0.089788 0.023392 -0.081955 0.38836 0.18869 -0.01956 -0.095575 0.2697 -0.077905 -0.18474 0.019089 -0.0080904 0.10938 0.43934 0.16749 0.27898 -0.00418 0.039729 0.33481 0.12676 0.22685 0.0024146 0.71139 0.2342 0.17458 -0.087247 0.44391 -0.091685 -0.13685 0.072343 0.20953
0.059614 0.19378 0.21679 0.18441 0.072449 0.1577 0.042463 0.017695 0.084485 0.30987 0.10309 0.13692 0.14391 0.049729 0.14168 0.027631 0.021015 0.092194 0.21171 0.33525 0.40329 0.057029 0.064652 0.062579 0.36343 0.20144 0.26441 -0.06341 0.28888 0.039083 0.25295 0.35955 0.14267 0.31852 0.48909 0.18552 0.34061 0.080126 0.31318 0.31468 0.45506 0.39232 0.36438 0.47545 0 0.23758 0.13979 0.47438 0.11515 0.060932 0.17599 0.30014 0.020321 0.26967 0.10985 0.0093459 0.040806 0.019278 0.079818 0.054003 0.12572 -0.029157 0.059127 0.027992 0.12623 0.11553 0.11363 0.3018 0.15882 -0.044763 0.066734 0.06298 0.2537 0.18545 0.36162 0.17919 0.20879 0.075104 0.54554 0.098089 0.14035 0.20055 0.076591 0.046654 0.15893 0.24935
0.18135 0.10698 0.049554 0.12136 0.012758 0.057049 0.022416 0.0068803 0.050338 0.23157 0.084838 0.065952 0.10791 0.022438 0.054829 0.027103 0.0059921 0.061115 0.0231 0.26638 0.32974 0.66701 0.084608 0.49504 0.27322 0.32712 -0.055503 0.30629 0.17349 0.67568 -0.11714 -0.19644 0.13926 0.36214 0.26035 -0.10877 0.12619 0.58724 0.45865 0.14059 0.53222 0.099359 -0.050847 0.36458 0.23758 0 0.077436 0.50296 -0.080504 -0.029102 0.17426 0.36417 0.061006 0.25152 0.15626 0.62435 0.033038 0.47431 0.1161 0.2986 -0.007563 0.24921 0.090982 0.67373 -0.1095 -0.19434 0.1585 0.33945 0.30162 -0.14594 0.14509 0.56918 0.40265 0.17774 0.50057 0.23155 -0.031293 0.21561 0.12585 0.94246 0.037047 0.4531 -0.08566 -0.048082 0.15613 0.32722
-0.11615 -0.069814 -0.045486 0.020729 0.018653 0.20355 0.21919 0.01732 0.02334 -0.088346 -0.11416 -0.061772 0.00061511 -0.0046109 0.20207 0.19105 0.017234 0.028621 0.68719 0.080805 0.046542 0.17527 0.10768 0.33507 0.063404 0.15227 0.013288 0.17424 0.076248 0.21111 0.19336 0.35449 0.1314 0.16348 0.22096 -0.01174 0.22831 0.12162 0.29701 -0.031941 0.28439 0.056092 0.060611 -0.1064 0.13979 0.077436 0 0.10356 0.070065 0.22494 0.57326 0.33507 0.58024 0.085651 -0.075581 0.14246 0.070979 0.31109 -0.051849 0.08783 -0.014604 0.14613 0.034899 0.18915 0.12645 0.20261 0.1475 0.18559 0.12496 -0.049294 0.10694 0.055417 0.32961 -0.034806 0.29367 0.050401 0.071765 -0.13775 0.090841 0.095356 0.84869 0.074808 0.034181 0.19491 0.47137 0.2885
0.36003 0.24674 0.20454 0.26913 0.10766 -0.089265 -0.073503 0.00095447 0.1125 0.40692 0.22958 0.19664 0.24702 0.088227 -0.10726 -0.07425 -0.028946 0.13656 0.19915 0.38117 0.4566 -0.012022 0.056768 -0.013624 0.16418 0.43162 -0.20981 -0.12547 0.40489 0.010327 -0.32016 0.032587 -0.096471 0.33933 0.68921 0.17991 0.54974 0.097582 0.42283 0.35418 0.58485 0.0051213 -0.089684 0.68324 0.47438 0.50296 0.10356 0 -0.11284 -0.065954 0.2848 0.59426 0.16064 0.36642 0.36641 -0.03828 0.012909 -0.087003 0.17272 0.26247 -0.21305 -0.096912 0.30388 -0.0054589 -0.30102 0.024952 -0.088512 0.29241 0.64152 0.17382 0.49425 0.097266 0.30793 0.32644 0.48961 0.053438 -0.0553 0.51024 0.35896 0.35082 0.081977 0.85211 -0.094235 -0.098678 0.21536 0.52899
-0.095571 -0.037967 -0.047778 -0.069779 -0.030861 0.063565 0.040048 -0.0015573 -0.025699 -0.0062991 -0.075801 -0.07598 -0.088297 -0.035984 0.054668 0.03747 -0.012113 -0.029449 0.12761 -0.1252 0.05697 -0.047799 0.037714 0.063611 0.20883 0.037365 0.17176 -0.0095144 -0.041223 -0.028303 0.29526 0.33703 0.072704 -0.054182 -0.059277 0.15722 0.0341 -0.067687 -0.0087347 -0.055561 -0.062011 0.16791 0.060979 -0.12158 0.11515 -0.080504 0.070065 -0.11284 0 0.097422 -0.07171 -0.13331 0.02778 -0.14659 -0.082606 -0.042074 0.010016 0.049236 0.035099 0.010769 0.10816 0.0030559 -0.094974 -0.029947 0.1775 0.22175 0.039064 -0.054987 -0.17776 0.054952 -0.12284 -0.060063 0.011082 -0.13701 -0.076999 0.041975 0.0061175 -0.24316 -0.0027967 -0.070442 0.055231 -0.19803 0.2215 0.093373 -0.038179 -0.14623
-0.064642 -0.049503 -0.050344 -0.01812 -0.019019 0.1497 0.12795 0.00065268 -0.016593 -0.0091974 -0.068191 -0.065935 -0.043899 -0.014147 0.14279 0.10941 -0.0077611 0.026484 0.16652 -0.042622 -0.0025372 0.010072 0.10991 0.15012 0.1123 0.11389 0.074818 0.050325 0.04086 0.012563 0.19377 0.29508 0.10255 -0.011734 -0.0061073 0.080258 0.040768 -0.022767 0.038648 -0.039903 -0.0037608 0.064923 0.063122 -0.1116 0.060932 -0.029102 0.22494 -0.065954 0.097422 0 0.026594 0.014546 0.10215 -0.057973 -0.061898 0.0042019 0.035965 0.12494 0.03029 0.087676 0.06174 0.04347 -0.028326 0.02357 0.15163 0.2291 0.074665 -0.016849 -0.060341 0.021655 -0.023882 -0.033436 0.029192 -0.086688 -0.019876 0.030152 0.027442 -0.15502 0.041252 -0.030623 0.19873 -0.1022 0.099619 0.17539 0.013309 0.0037195
0.060409 0.18401 0.086575 0.16024 0.058928 0.10198 0.012374 0.054186 0.12532 0.05447 0.18246 0.083198 0.152 0.075853 0.082699 0.0061105 0.046749 0.16284 0.12259 0.28688 -0.019051 0.19329 0.049608 0.11678 -0.020412 -0.0042851 0.11021 0.11663 0.13481 0.2542 0.026632 -0.09484 0.087183 0.34183 0.11933 -0.086183 0.012757 0.31114 0.47022 0.21426 0.40607 0.12433 0.1616 0.084054 0.17599 0.17426 0.57326 0.2848 -0.07171 0.026594 0 0.51173 0.20517 0.3143 -0.003543 0.18183 0.037288 0.12346 -0.0056731 -0.014771 0.094416 0.10259 0.13372 0.22669 0.043771 -0.072254 0.099188 0.33446 0.20041 -0.084417 0.10114 0.27776 0.43733 0.25628 0.40048 0.17161 0.17121 0.091183 0.19244 0.16002 0.54339 0.35932 -0.053337 -0.012918 0.65548 0.47443
0.22693 0.28763 0.1865 0.35925 0.13978 0.070127 0.030076 0.088427 0.17803 0.21803 0.28055 0.19256 0.33098 0.12169 0.070543 0.028251 0.060036 0.17974 0.10543 0.54624 -0.035467 0.22585 0.10432 0.14044 -0.11685 0.099254 -0.063096 0.11898 0.32864 0.25397 -0.088528 -0.21034 0.028689 0.46705 0.38577 -0.10703 0.19617 0.336 0.60417 0.33877 0.64005 0.028868 0.15579 0.25627 0.30014 0.36417 0.33507 0.59426 -0.13331 0.014546 0.51173 0 0.16901 0.53837 -0.021529 0.2117 0.058436 0.096004 -0.089033 0.068019 -0.034598 0.1123 0.30591 0.22817 -0.07552 -0.17663 0.046402 0.44261 0.49695 -0.10037 0.32432 0.32427 0.52802 0.39538 0.60988 0.11956 0.18163 0.24508 0.30223 0.31418 0.29779 0.64487 -0.13685 -0.027976 0.40513 0.77085
-0.010071 -0.1052 -0.030889 -0.010646 -0.0068547 0.026708 0.090356 -0.015859 -0.024324 -0.13212 -0.11787 -0.020055 0.021838 -0.01292 0.036526 0.10029 -0.012991 -0.0016178 0.63791 0.038215 0.0082861 0.10767 0.020426 0.26832 0.041298 0.10178 -0.1176 0.16245 0.079069 0.11388 -0.017965 0.25407 0.022856 0.039925 0.25281 -0.025254 0.2687 0.023255 0.049296 -0.049132 0.11995 -0.019139 -0.073297 -0.025818 0.020321 0.061006 0.58024 0.16064 0.02778 0.10215 0.20517 0.16901 0 0.055895 0.13783 0.11087 0.031125 0.27926 0.15777 0.20054 -0.099627 0.12468 0.12439 0.11223 -0.0028084 0.43112 0.041316 0.056508 0.38242 0.1548 0.46019 -0.015493 0.10154 -0.021616 0.17354 0.06609 -0.018319 0.043815 0.24888 0.068931 0.70713 0.18805 0.052866 0.16339 0.17913 0.1587
