0 0.37604 0.30262 0.31129 0.089464 0.013187 -0.096275 0.082384 0.23567 0.74818 0.46535 0.39745 0.32688 0.11467 0.0079994 -0.093337 0.06654 0.2914 -0.19287 0.25155 0.10387 0.023593 0.025818 -0.092935 0.074163 0.14336 0.12286 -0.013583 0.23138 0.024592 -0.12271 -0.0988 0.017909 0.12304 0.12283 -0.01979 0.055114 0.1714 0.0090429 0.39218 0.05927 0.22715 0.14035 0.38568 0.091141 0.1008 -0.17686 0.33094 -0.090489 -0.054502 0.072749 0.23676 -0.10524 0.29202 0.39337 0.016382 0.040653 -0.12126 0.32946 0.21401 0.20326 -0.011107 0.34659 -0.027332 0.0032108 0.10371 0.024275 0.12338 0.38763 0.21975 0.30135 0.17838 0.019962 0.46248 0.14684 0.32102 0.21925 0.5724 0.39491 0.10632 -0.13779 0.50636 -0.00032993 -0.077445 0.086397 0.29156
0.37604 0 0.27863 0.30719 0.13238 0.0081191 -0.099536 0.087787 0.24658 0.3824 0.53483 0.30368 0.2907 0.10701 -0.011652 -0.12133 0.072615 0.2394 -0.15451 0.27872 0.066043 0.11363 0.024517 -0.10642 0.063738 0.034101 0.15303 0.081181 0.17764 0.13936 -0.028673 -0.10662 -0.00068369 0.1459 0.13375 -0.041908 0.026869 0.27132 0.074167 0.37031 0.075219 0.21044 0.19505 0.24964 0.18706 0.086042 -0.14796 0.22971 -0.049794 -0.064965 0.19259 0.28329 -0.1643 0.27247 0.072301 0.10957 0.017971 -0.12024 0.069462 -0.028375 0.14049 0.081265 0.14512 0.086671 -0.00077217 -0.10733 -0.024406 0.07113 0.16776 -0.0061635 0.083419 0.30418 0.030117 0.33645 0.062073 0.19166 0.18103 0.21507 0.17657 0.023648 -0.16205 0.2276 -0.031642 -0.079272 0.17787 0.27453
0.30262 0.27863 0 0.41478 0.11331 0.051683 -0.034548 0.15378 0.15616 0.31561 0.30384 0.60142 0.40684 0.073 0.038543 -0.030988 0.14325 0.16624 -0.072834 0.23871 0.12243 0.030872 0.013174 -0.062623 0.049211 0.045179 0.1108 0.018053 0.22589 0.049581 0.0112 -0.06936 -0.036472 0.05039 0.22807 0.0079712 0.13233 0.13038 -0.022983 0.24899 0.062975 0.11649 0.22944 0.2669 0.21237 0.029018 -0.084231 0.17702 -0.058875 -0.049783 0.11745 0.19686 -0.054219 0.20873 0.11205 0.012925 0.038444 -0.074728 0.037068 0.017893 0.087394 0.038283 0.18924 0.0061237 0.025029 -0.068608 -0.023479 0.034507 0.20599 -0.0046862 0.14451 0.13625 -0.036965 0.23662 0.081804 0.093549 0.17408 0.18869 0.17417 -0.011911 -0.081166 0.18566 -0.061965 -0.057852 0.11578 0.19774
0.31129 0.30719 0.41478 0 0.20833 0.028427 -0.016558 0.1285 0.16308 0.28858 0.32124 0.39637 0.67874 0.14534 0.016101 -0.02065 0.1235 0.17403 -0.085853 0.34146 -0.016317 0.082452 0.016996 -0.0287 -0.085079 0.016039 0.018841 0.032305 0.18361 0.077085 -0.019926 -0.16877 -0.020035 0.19582 0.20699 -0.093047 0.064861 0.16839 0.15635 0.25361 0.28495 0.070975 0.18747 0.19449 0.21026 0.11063 -0.034183 0.27125 -0.082979 -0.017043 0.16189 0.37322 -0.058483 0.33175 0.024462 0.081669 0.010464 -0.042379 -0.043532 -0.019239 0.039134 0.053272 0.17312 0.048909 -0.0048163 -0.14498 0.0082028 0.16057 0.27559 -0.051304 0.15205 0.18325 0.092747 0.28895 0.26803 0.10305 0.18309 0.20784 0.20934 0.086881 -0.053273 0.32005 -0.06887 -0.059746 0.15752 0.38024
0.089464 0.13238 0.11331 0.20833 0 0.0096961 -0.015224 0.021376 0.069912 0.10194 0.11515 0.12053 0.18204 0.046211 0.0061643 -0.022894 0.036351 0.068201 -0.027331 0.11154 0.011589 0.023818 0.015939 -0.015181 -0.0063886 0.014102 -0.00095564 -0.0052255 0.088886 0.028936 -0.011942 -0.037845 0.0010388 0.022765 0.081064 0.0084398 0.052631 0.070262 0.070871 0.10617 0.09623 0.023071 0.073125 0.084147 0.078406 0.012819 0.0052897 0.11873 -0.034663 -0.014325 0.080824 0.155 -0.022425 0.12324 -0.012191 0.019296 -0.018522 -0.032643 -0.027318 -0.014296 0.0080292 0.0044563 0.072341 0.0087188 -0.011736 -0.048146 -0.018973 0.032116 0.083977 -0.0091157 0.058376 0.076538 0.054774 0.087535 0.075215 0.0089357 0.045687 0.052594 0.053723 -0.0081082 -0.016073 0.10755 -0.040063 -0.027236 0.060425 0.1449
0.013187 0.0081191 0.051683 0.028427 0.0096961 0 0.17066 0.026106 0.094212 0.061715 0.0011746 0.035923 0.015967 -0.02032 0.45446 0.18172 0.04524 0.068289 0.096417 0.062532 0.14681 0.077976 0.14587 0.22205 0.23943 0.12807 0.33663 0.14905 0.1042 0.11731 0.29802 0.21289 0.26275 0.067776 -0.010602 0.02888 -3.5563e-05 0.074045 0.088826 0.11584 0.060123 0.26026 0.24564 0.031022 0.16811 0.086198 0.23669 -0.041443 0.042289 0.16329 0.11105 0.11046 0.078316 0.039096 0.026662 0.062738 0.097132 0.22199 0.12939 0.10938 0.28422 0.15709 0.045917 0.11253 0.26692 0.14223 0.22763 0.06346 -0.072847 -0.027937 -0.062444 0.05413 0.10145 0.063507 0.060508 0.21701 0.16567 -0.042432 0.09029 0.065763 0.20142 -0.074719 0.052928 0.13198 0.10103 0.078723
-0.096275 -0.099536 -0.034548 -0.016558 -0.015224 0.17066 0 -0.012873 -0.013856 -0.059353 -0.12358 -0.052274 -0.039582 -0.02524 0.18584 0.27507 -0.0051342 -0.044018 0.16535 -0.028364 0.034262 0.0018559 0.084271 0.18301 0.044834 0.13021 -0.018135 0.076129 0.0011557 0.019001 0.16153 0.16458 0.063001 0.016979 0.0262 0.066646 0.067597 -0.042562 0.067676 -0.11763 0.089835 -0.059191 -0.0079264 -0.14242 0.065603 0.035925 0.24834 -0.047647 0.029159 0.14451 -0.0011547 0.039739 0.13114 -0.042497 -0.069571 -0.0073442 0.031454 0.17101 -0.056101 0.087771 -0.04407 0.068826 -0.02883 0.019997 0.08443 0.08703 0.046598 0.027209 -0.050375 -0.022613 -0.022109 -0.059657 0.080444 -0.1341 0.095668 -0.079548 -0.024083 -0.18718 -0.018084 0.046429 0.21417 -0.11321 0.02841 0.12036 -0.0096049 0.0070206
0.082384 0.087787 0.15378 0.1285 0.021376 0.026106 -0.012873 0 0.068895 0.060113 0.093326 0.15079 0.12644 0.020394 0.033686 0.011575 0.12342 0.076545 -0.046347 0.1143 -0.0527 0.030161 0.0037946 -0.01629 -0.053748 -0.026433 0.059405 0.02559 0.033846 0.023592 0.066319 -0.06774 0.014374 0.056237 -0.015036 -0.08425 -0.073931 0.062684 0.020044 0.085057 0.021133 0.046416 0.13745 0.011697 0.016643 0.0027037 0.008527 0.0067573 -0.0056214 -0.0020189 0.058564 0.096692 -0.021776 0.095305 -0.033484 0.036653 -0.0041104 -0.010881 -0.023083 -0.0079988 0.0745 0.04176 0.044896 0.013778 0.068643 -0.045939 0.0085627 0.051523 0.0092697 -0.078356 -0.011058 0.069021 0.01527 0.089502 0.042982 0.063803 0.12214 0.029349 0.035865 0.0047987 0.012288 0.063088 -0.016944 -0.0062331 0.065649 0.10926
0.23567 0.24658 0.15616 0.16308 0.069912 0.094212 -0.013856 0.068895 0 0.24805 0.25604 0.14165 0.15463 0.055802 0.074456 -0.023883 0.059209 0.21117 -0.061862 0.18456 0.023595 0.086976 0.02789 -0.0070723 0.031593 0.0023237 0.13695 0.02881 0.097353 0.11463 0.020133 -0.055649 0.061614 0.11539 0.049967 -0.044793 -4.6352e-05 0.2001 0.083476 0.22512 0.063325 0.16442 0.14709 0.13339 0.088222 0.042819 -0.0072754 0.12256 -0.036778 -0.020328 0.13835 0.19625 -0.046513 0.18408 0.049182 0.076097 0.036481 -0.02309 0.055269 0.012397 0.15293 0.029213 0.11319 0.092932 0.062705 -0.028679 0.033773 0.072288 0.10155 -0.017515 0.050343 0.20383 0.07016 0.20458 0.065612 0.17824 0.15803 0.13553 0.13147 0.0086188 -0.0081952 0.1657 -0.033351 -0.0030964 0.14035 0.19648
0.74818 0.3824 0.31561 0.28858 0.10194 0.061715 -0.059353 0.060113 0.24805 0 0.37375 0.32273 0.25245 0.10763 0.041461 -0.066378 0.050337 0.25759 -0.14054 0.25431 0.26082 0.046996 0.049944 -0.15905 0.21386 0.18942 0.16693 -0.091108 0.24493 0.026227 -0.0094629 0.021135 0.02764 0.17361 0.23439 0.12843 0.20994 0.19466 0.18453 0.36274 0.22767 0.26478 0.14084 0.4698 0.29173 0.15807 -0.17131 0.35897 -0.032559 -0.0044458 0.062243 0.22719 -0.19413 0.19778 0.14276 0.028191 0.021495 -0.15207 0.10314 0.10317 0.11584 -0.046715 0.13257 -0.0049281 -0.003855 -0.018857 0.014158 0.098925 0.17475 0.075987 0.093555 0.19935 0.083532 0.29009 0.14031 0.15963 0.10081 0.26427 0.12513 0.015357 -0.13505 0.32433 -0.041394 -0.064266 0.086059 0.2061
0.46535 0.53483 0.30384 0.32124 0.11515 0.0011746 -0.12358 0.093326 0.25604 0.37375 0 0.36488 0.34868 0.12159 -0.012124 -0.13166 0.11258 0.27781 -0.23009 0.31367 0.01431 0.09868 0.018095 -0.10655 0.012539 -0.019923 0.1525 0.061132 0.15569 0.11988 -0.054081 -0.18702 0.00355 0.11179 0.067607 -0.11682 -0.039312 0.26842 0.01813 0.37916 0.039451 0.21591 0.21588 0.24013 0.10309 0.061263 -0.18652 0.24078 -0.093624 -0.08301 0.19709 0.28231 -0.18343 0.33448 0.17601 0.10799 0.012763 -0.13079 0.15514 -0.0091675 0.20988 0.057298 0.21627 0.076263 0.0022809 -0.085182 -0.0046986 0.10377 0.26285 0.01946 0.17114 0.31174 -0.00036043 0.42895 0.081805 0.27369 0.23713 0.34569 0.27827 0.041865 -0.16855 0.33408 -0.025818 -0.10971 0.20037 0.31924
0.39745 0.30368 0.60142 0.39637 0.12053 0.035923 -0.052274 0.15079 0.14165 0.32273 0.36488 0 0.42669 0.090969 0.033981 -0.030318 0.16563 0.16397 -0.11578 0.24293 0.071732 0.014965 -0.0037846 -0.077836 0.010249 0.029142 0.11318 0.023694 0.2197 0.036667 -0.024949 -0.14014 -0.039434 0.038422 0.20231 -0.030584 0.10843 0.13842 -0.023375 0.26659 0.052086 0.10579 0.2283 0.25831 0.14241 0.045742 -0.107 0.18711 -0.091805 -0.068604 0.10739 0.20569 -0.058274 0.27556 0.18969 -0.01228 0.018096 -0.088797 0.10012 0.048975 0.11212 0.022574 0.26833 -0.0087357 0.029744 -0.053266 -0.0039519 0.04536 0.2915 0.069802 0.23441 0.14113 -0.072035 0.3104 0.068947 0.15281 0.23813 0.30072 0.25175 0.0082633 -0.10556 0.25295 -0.059794 -0.064507 0.095115 0.2488
0.32688 0.2907 0.40684 0.67874 0.18204 0.015967 -0.039582 0.12644 0.15463 0.25245 0.34868 0.42669 0 0.15644 0.018721 -0.022004 0.14716 0.18149 -0.091339 0.31981 -0.014197 0.079686 0.021099 -0.042222 -0.091983 0.018041 0.002629 0.044726 0.17673 0.07401 -0.050959 -0.17336 -0.019551 0.16552 0.19323 -0.10352 0.061888 0.16817 0.076272 0.25399 0.22706 0.04327 0.16725 0.18639 0.17739 0.097603 -0.057445 0.26063 -0.09077 -0.041417 0.15507 0.34354 -0.037817 0.33496 0.032794 0.069109 0.012089 -0.03951 -0.047157 0.021765 0.012216 0.059074 0.21241 0.042771 -0.019919 -0.14157 -0.012344 0.1523 0.30623 -0.0357 0.19175 0.181 0.071363 0.28859 0.28238 0.089169 0.18169 0.22441 0.21096 0.082823 -0.032595 0.33451 -0.09408 -0.060643 0.1591 0.41401
0.11467 0.10701 0.073 0.14534 0.046211 -0.02032 -0.02524 0.020394 0.055802 0.10763 0.12159 0.090969 0.15644 0 -0.0069739 -0.029578 0.013291 0.10376 -0.035451 0.13236 -0.023749 0.025563 0.01706 -0.026191 -0.021278 -0.016256 0.017547 -0.014075 0.042359 0.02088 -0.027422 -0.053272 -0.0034394 0.049301 0.034553 -0.038972 -0.0060699 0.062073 0.050808 0.1018 0.060851 0.042733 0.067971 0.054209 0.057802 0.012734 -0.021155 0.089856 -0.04284 -0.009512 0.079224 0.12163 -0.035455 0.11788 0.0068362 0.026012 0.0032898 -0.024358 -0.00070854 -0.0086521 0.029748 -0.010128 0.038564 0.020611 -0.014331 -0.032664 -0.00074874 0.059715 0.07303 -0.026737 0.051543 0.078385 0.052366 0.094559 0.068668 0.05352 0.088632 0.078199 0.088312 -0.0022453 -0.024257 0.11168 -0.023162 -0.025769 0.069465 0.14204
0.0079994 -0.011652 0.038543 0.016101 0.0061643 0.45446 0.18584 0.033686 0.074456 0.041461 -0.012124 0.033981 0.018721 -0.0069739 0 0.22526 0.048495 0.059615 0.076335 0.052623 0.12744 0.070408 0.13278 0.23371 0.21024 0.11871 0.31213 0.1443 0.10311 0.10487 0.30891 0.17793 0.26801 0.073145 -0.021267 -0.0066025 -0.023977 0.055066 0.082656 0.095593 0.067395 0.24321 0.2384 -0.0050512 0.15718 0.095308 0.23128 -0.055335 0.033598 0.14858 0.085064 0.10898 0.079691 0.052065 0.058902 0.06593 0.11446 0.24508 0.14495 0.15394 0.29025 0.14144 0.078892 0.10349 0.26021 0.15526 0.28082 0.064443 -0.044834 -0.032758 -0.046603 0.047732 0.12684 0.078277 0.072776 0.23409 0.1841 -0.034199 0.10913 0.099649 0.22764 -0.055604 0.03959 0.1576 0.088199 0.097252
-0.093337 -0.12133 -0.030988 -0.02065 -0.022894 0.18172 0.27507 0.011575 -0.023883 -0.066378 -0.13166 -0.030318 -0.022004 -0.029578 0.22526 0 0.023812 -0.0136 0.12942 -0.017808 0.035194 -0.00049579 0.077563 0.18439 0.029925 0.11939 -0.020417 0.035524 0.0092134 0.021236 0.13737 0.1246 0.093833 0.023074 0.010587 0.033352 0.046443 -0.076715 0.063062 -0.098136 0.098775 -0.045144 -0.0006117 -0.11636 0.051945 0.044749 0.22095 -0.043314 0.028481 0.11853 0.001148 0.042444 0.13231 -0.018809 -0.025134 -0.011395 0.044252 0.19465 -0.025563 0.14104 -0.045893 0.032724 -0.0071706 0.020586 0.099988 0.088816 0.10256 0.039921 -0.015084 -0.01693 0.015795 -0.087651 0.091932 -0.1159 0.10938 -0.059756 -0.03194 -0.14573 -0.005235 0.058097 0.23659 -0.066826 0.017559 0.1516 -0.0016586 0.033693
0.06654 0.072615 0.14325 0.1235 0.036351 0.04524 -0.0051342 0.12342 0.059209 0.050337 0.11258 0.16563 0.14716 0.013291 0.048495 0.023812 0 0.078132 -0.031371 0.10696 -0.04424 0.042183 0.0177 -0.0088326 -0.017866 -0.040178 0.093021 0.04447 0.024556 0.043826 0.069578 -0.069235 0.00012513 0.037588 -0.016504 -0.078375 -0.05616 0.058437 0.0098758 0.073452 0.0015049 0.080474 0.14633 0.0069604 0.031708 0.0095778 0.020148 -0.016625 -0.010455 -0.010594 0.052678 0.077061 -0.012467 0.093235 -0.041141 0.050015 0.0032624 0.013417 -0.023892 -0.015558 0.073793 0.045058 0.034965 0.032398 0.056793 -0.049019 0.015052 0.050197 -0.0081316 -0.10212 -0.02501 0.067 0.0004091 0.086104 0.0089911 0.082075 0.13444 0.024057 0.017433 0.01012 0.019592 0.025354 -0.012956 -0.0071916 0.062834 0.089837
0.2914 0.2394 0.16624 0.17403 0.068201 0.068289 -0.044018 0.076545 0.21117 0.25759 0.27781 0.16397 0.18149 0.10376 0.059615 -0.0136 0.078132 0 -0.060798 0.18234 0.054879 0.068921 0.045849 -0.0030196 0.06442 0.027823 0.12816 0.021295 0.11542 0.099359 0.021579 -0.020963 0.071251 0.092286 0.050151 -0.037847 0.017305 0.18124 0.079892 0.20819 0.068048 0.17298 0.15491 0.1389 0.096349 0.045836 0.023502 0.15409 -0.035801 0.031636 0.19983 0.20707 -0.015576 0.19714 0.10328 0.08232 0.024455 -0.0049165 0.10368 0.029492 0.15265 0.036698 0.12075 0.082731 0.071481 0.012614 0.052559 0.10336 0.12826 0.026346 0.098876 0.19816 0.074375 0.22467 0.083421 0.20425 0.16309 0.16585 0.16885 0.041206 0.01979 0.18156 0.016503 -0.0048432 0.16415 0.23729
-0.19287 -0.15451 -0.072834 -0.085853 -0.027331 0.096417 0.16535 -0.046347 -0.061862 -0.14054 -0.23009 -0.11578 -0.091339 -0.035451 0.076335 0.12942 -0.031371 -0.060798 0 -0.073368 0.18273 -0.0052677 0.037269 0.29336 0.2321 0.26501 -0.12842 0.097845 0.035542 0.054589 0.071453 0.60667 0.033883 -0.061505 0.398 0.15521 0.47078 -0.08936 0.041151 -0.14408 0.093283 -0.038413 -0.10533 -0.073794 0.1594 0.064524 0.73623 0.13809 0.108 0.1834 0.1573 0.095462 0.69204 -0.064148 0.050828 -0.020305 0.020737 0.2587 0.058002 0.21689 -0.15699 0.078558 -0.0085492 0.049675 -0.0036167 0.4303 0.056783 -0.017095 0.17799 0.16935 0.26434 -0.12 0.098052 -0.18952 0.08238 -0.094798 -0.10397 -0.10804 0.074559 0.045532 0.63526 0.0035342 0.082379 0.20255 0.1715 0.062565
0.25155 0.27872 0.23871 0.34146 0.11154 0.062532 -0.028364 0.1143 0.18456 0.25431 0.31367 0.24293 0.31981 0.13236 0.052623 -0.017808 0.10696 0.18234 -0.073368 0 -0.047606 0.17513 0.063071 0.019661 -0.11369 0.01453 0.01945 0.031366 0.24696 0.17876 -0.058928 -0.2753 0.021947 0.38997 0.25216 -0.19057 0.036615 0.26751 0.28239 0.43263 0.38174 0.12295 0.32555 0.27983 0.3612 0.2451 0.049756 0.41559 -0.14098 -0.022874 0.30279 0.57001 -0.012268 0.59063 -0.076944 0.18881 0.01561 0.00060495 -0.11492 0.0067139 0.073078 0.049695 0.20052 0.14006 -0.022195 -0.24364 0.032192 0.365 0.30022 -0.20907 0.12694 0.27368 0.23881 0.43914 0.36954 0.1718 0.33254 0.24805 0.2918 0.18856 0.041923 0.44856 -0.16023 -0.075064 0.26254 0.56766
0.10387 0.066043 0.12243 -0.016317 0.011589 0.14681 0.034262 -0.0527 0.023595 0.26082 0.01431 0.071732 -0.014197 -0.023749 0.12744 0.035194 -0.04424 0.054879 0.18273 -0.047606 0 -0.13415 0.070956 0.17228 0.73364 0.5496 0.20407 -0.02077 0.32579 -0.073296 0.09079 0.45287 0.16853 -0.085126 0.55842 0.48643 0.56434 -0.073872 -0.041395 0.18049 0.14078 0.34916 -0.0033533 0.70793 0.39781 0.37669 0.05336 0.44099 0.0012694 0.0019898 0.026465 0.030039 0.042956 -0.049634 0.68106 -0.19202 0.06953 0.11562 0.5479 0.3253 0.093371 0.012969 0.1407 -0.075736 0.065321 0.30165 0.13283 -0.059374 0.39737 0.3895 0.30425 -0.07913 -0.0087922 0.067333 0.077905 0.21418 -0.082003 0.35655 0.17057 0.18916 0.066651 0.20024 0.094849 0.0023192 0.04201 -0.011202
0.023593 0.11363 0.030872 0.082452 0.023818 0.077976 0.0018559 0.030161 0.086976 0.046996 0.09868 0.014965 0.079686 0.025563 0.070408 -0.00049579 0.042183 0.068921 -0.0052677 0.17513 -0.13415 0 0.011229 0.28972 0.042178 -0.14092 0.13124 0.17791 0.035582 0.91255 0.010093 -0.16027 0.20011 0.3109 -0.079552 -0.17769 -0.1429 0.87605 0.22894 0.094858 0.19616 0.32876 0.10463 -0.012525 0.061673 0.67251 0.099715 0.03726 -0.030025 0.0070051 0.1747 0.21465 0.04733 0.18227 -0.22244 0.97481 -0.0074077 0.31159 -0.04258 -0.073829 0.19779 0.24177 0.0063293 0.90124 0.0020705 -0.18273 0.18444 0.28661 -0.10687 -0.22511 -0.14538 0.83872 0.26666 0.088651 0.21031 0.3513 0.11998 -0.051616 -0.0050219 0.59265 0.095037 0.047527 -0.0753 0.007565 0.15052 0.20302
0.025818 0.024517 0.013174 0.016996 0.015939 0.14587 0.084271 0.0037946 0.02789 0.049944 0.018095 -0.0037846 0.021099 0.01706 0.13278 0.077563 0.0177 0.045849 0.037269 0.063071 0.070956 0.011229 0 0.16435 0.11363 0.1394 0.068477 0.047366 0.10663 0.04428 0.10443 0.10996 0.1121 0.023507 0.070574 0.036788 0.072752 0.023815 0.046064 0.057955 0.050295 0.051491 0.081971 0.047853 0.083608 0.083657 0.125 0.062218 0.032094 0.11396 0.059683 0.12273 0.027266 0.031258 0.050874 0.0026747 0.068779 0.14306 0.083345 0.12563 0.064734 0.037755 0.075809 0.041456 0.099684 0.084333 0.099138 -0.0033925 0.068362 0.024004 0.052901 0.018265 0.041449 0.039295 0.044244 0.067235 0.055319 0.011526 0.06496 0.0746 0.089509 0.038788 0.028496 0.065759 0.040884 0.10629
-0.092935 -0.10642 -0.062623 -0.0287 -0.015181 0.22205 0.18301 -0.01629 -0.0070723 -0.15905 -0.10655 -0.077836 -0.042222 -0.026191 0.23371 0.18439 -0.0088326 -0.0030196 0.29336 0.019661 0.17228 0.28972 0.16435 0 0.26654 0.37215 0.043237 0.58836 0.086878 0.51621 0.16502 0.19516 0.35275 0.052148 0.12016 0.0084859 0.090902 0.2248 0.077953 -0.079477 0.11476 0.06075 0.036708 -0.024144 0.054555 0.51718 0.35957 0.00066927 0.043873 0.16582 0.11647 0.14624 0.29898 0.041885 0.067105 0.26623 0.11584 0.84024 0.18859 0.39573 0.056374 0.55588 0.077313 0.5317 0.14464 0.21502 0.37075 0.082822 0.12378 -0.0028774 0.14372 0.16428 0.13844 -0.051559 0.14187 0.13224 0.042876 -0.032662 0.048581 0.51529 0.30132 -0.01761 0.0546 0.15509 0.083902 0.10927
0.074163 0.063738 0.049211 -0.085079 -0.0063886 0.23943 0.044834 -0.053748 0.031593 0.21386 0.012539 0.010249 -0.091983 -0.021278 0.21024 0.029925 -0.017866 0.06442 0.2321 -0.11369 0.73364 0.042178 0.11363 0.26654 0 0.49532 0.53524 0.11353 0.22592 0.10935 0.29767 0.63435 0.39614 -0.076457 0.27733 0.41387 0.34293 0.0546 -0.076951 0.21767 -0.086107 0.67743 0.12351 0.55566 0.35865 0.31092 0.11938 0.20077 0.13693 0.10166 0.044759 -0.052769 0.07587 -0.1384 0.52878 -0.033662 0.070756 0.1935 0.7429 0.31407 0.41328 0.10647 0.088533 0.10464 0.25686 0.53378 0.32207 -0.061437 0.17024 0.29549 0.1601 0.036896 -0.050983 0.07949 -0.11001 0.49517 0.041417 0.23881 0.19011 0.13851 0.091836 0.044636 0.22625 0.12201 0.052655 -0.087264
0.14336 0.034101 0.045179 0.016039 0.014102 0.12807 0.13021 -0.026433 0.0023237 0.18942 -0.019923 0.029142 0.018041 -0.016256 0.11871 0.11939 -0.040178 0.027823 0.26501 0.01453 0.5496 -0.14092 0.1394 0.37215 0.49532 0 -0.046808 0.1463 0.27777 -0.062761 0.065954 0.44011 0.11852 -0.055208 0.45691 0.38962 0.48059 -0.1109 -0.021349 0.040979 0.13818 -0.051621 -0.066621 0.38519 0.20877 0.39653 0.19549 0.42096 0.013073 0.13314 0.01314 0.13393 0.17286 0.015653 0.34041 -0.16486 0.09979 0.32441 0.31928 0.60957 -0.14447 0.11544 0.15462 -0.052233 -0.0085393 0.31005 0.064844 -0.05484 0.34655 0.28511 0.36089 -0.13319 -0.015206 0.0086346 0.094068 -0.067602 -0.10648 0.14866 0.062896 0.30111 0.16397 0.25958 0.061628 0.097594 0.016754 0.078219
0.12286 0.15303 0.1108 0.018841 -0.00095564 0.33663 -0.018135 0.059405 0.13695 0.16693 0.1525 0.11318 0.002629 0.017547 0.31213 -0.020417 0.093021 0.12816 -0.12842 0.01945 0.20407 0.13124 0.068477 0.043237 0.53524 -0.046808 0 0.055699 0.057964 0.14546 0.48739 0.20592 0.3693 0.080855 -0.21152 -0.029053 -0.20922 0.19236 0.063365 0.41216 -0.12114 0.7919 0.47372 0.13204 0.2332 -0.013063 0.031552 -0.15041 0.1216 0.0438 0.17147 -0.0085866 -0.12856 0.0070245 0.076707 0.095983 0.048567 0.023904 0.33903 -0.064098 0.76325 0.08333 -0.00061502 0.12859 0.45165 0.18823 0.29829 0.060532 -0.26954 -0.11385 -0.23304 0.21944 0.084894 0.2852 -0.11441 0.68707 0.35165 0.021965 0.15848 -0.090197 0.023252 -0.15923 0.10686 0.04691 0.13813 -0.021717
-0.013583 0.081181 0.018053 0.032305 -0.0052255 0.14905 0.076129 0.02559 0.02881 -0.091108 0.061132 0.023694 0.044726 -0.014075 0.1443 0.035524 0.04447 0.021295 0.097845 0.031366 -0.02077 0.17791 0.047366 0.58836 0.11353 0.1463 0.055699 0 0.075412 0.40916 0.15574 0.080401 0.092927 0.015533 0.0064467 0.0079756 0.029505 0.30278 -0.032524 0.031127 -0.010968 -0.0064738 0.11835 -0.071169 0.009591 0.28917 0.16819 -0.12422 0.025591 0.06811 0.1292 0.10055 0.1385 0.055262 -0.062285 0.18279 0.031017 0.57769 0.056783 0.18057 0.036126 0.95891 0.10254 0.34274 0.12705 0.10437 0.09605 0.028872 0.04311 0.0037351 0.084186 0.29493 0.048425 0.016272 0.043533 0.012524 0.10811 -0.060091 0.010216 0.31374 0.1281 -0.070847 0.032299 0.070316 0.10744 0.10212
0.23138 0.17764 0.22589 0.18361 0.088886 0.1042 0.0011557 0.033846 0.097353 0.24493 0.15569 0.2197 0.17673 0.042359 0.10311 0.0092134 0.024556 0.11542 0.035542 0.24696 0.32579 0.035582 0.10663 0.086878 0.22592 0.27777 0.057964 0.075412 0 0.052438 0.058094 0.08005 0.067362 0.063216 0.46642 0.33717 0.51907 0.11887 0.0032576 0.30266 0.12564 0.12633 0.25975 0.50897 0.33754 0.19784 0.072446 0.41232 -0.064874 0.05118 0.16966 0.36128 0.044349 0.23051 0.26874 0.022462 0.063928 0.055023 0.18415 0.16518 0.00797 0.06144 0.4521 0.031616 0.083622 0.062643 0.030743 0.033779 0.41503 0.28372 0.46265 0.1033 0.012611 0.22681 0.10377 0.10863 0.20932 0.33067 0.25801 0.082058 0.052485 0.3131 0.012576 -0.0046556 0.15525 0.36027
0.024592 0.13936 0.049581 0.077085 0.028936 0.11731 0.019001 0.023592 0.11463 0.026227 0.11988 0.036667 0.07401 0.02088 0.10487 0.021236 0.043826 0.099359 0.054589 0.17876 -0.073296 0.91255 0.04428 0.51621 0.10935 -0.062761 0.14546 0.40916 0.052438 0 0.054827 -0.11363 0.27964 0.31361 -0.053516 -0.15187 -0.079285 0.90617 0.25928 0.10511 0.18407 0.29969 0.11577 -0.0059233 0.0555 0.67379 0.16333 0.06009 -0.010467 0.01523 0.24938 0.2507 0.064567 0.17464 -0.14791 0.89858 0.0056224 0.50737 0.0373 0.023195 0.20899 0.45089 0.046249 0.93116 0.037721 -0.1103 0.27175 0.28742 -0.034368 -0.1728 -0.073608 0.87246 0.30013 0.11154 0.20922 0.34422 0.12743 -0.026723 0.011798 0.61721 0.14186 0.099299 -0.037138 0.0093442 0.22076 0.23598
-0.12271 -0.028673 0.0112 -0.019926 -0.011942 0.29802 0.16153 0.066319 0.020133 -0.0094629 -0.054081 -0.024949 -0.050959 -0.027422 0.30891 0.13737 0.069578 0.021579 0.071453 -0.058928 0.09079 0.010093 0.10443 0.16502 0.29767 0.065954 0.48739 0.15574 0.058094 0.054827 0 0.3662 0.25259 -0.013018 -0.15231 0.08109 -0.065932 0.024397 0.035303 -0.0093012 -0.057692 0.35662 0.39993 -0.18607 0.24665 -0.076373 0.23161 -0.28713 0.27262 0.1868 0.062665 -0.048356 0.010704 -0.098547 -0.14406 0.0084754 0.045645 0.17561 0.046097 0.035558 0.35423 0.17693 -0.06685 0.047937 0.54865 0.22822 0.2045 -0.017833 -0.30884 -0.095891 -0.22548 0.019836 0.06292 -0.10452 -0.061344 0.18581 0.23152 -0.32395 0.026884 -0.083725 0.18407 -0.31 0.21075 0.17534 0.054907 -0.076447
-0.0988 -0.10662 -0.06936 -0.16877 -0.037845 0.21289 0.16458 -0.06774 -0.055649 0.021135 -0.18702 -0.14014 -0.17336 -0.053272 0.17793 0.1246 -0.069235 -0.020963 0.60667 -0.2753 0.45287 -0.16027 0.10996 0.19516 0.63435 0.44011 0.20592 0.080401 0.08005 -0.11363 0.3662 0 0.14904 -0.2397 0.19811 0.56569 0.40505 -0.1742 -0.14115 -0.10396 -0.16742 0.21769 -0.0080251 0.022896 0.31332 -0.14009 0.40218 -0.00064733 0.27527 0.27626 -0.045983 -0.17941 0.30991 -0.28826 0.24164 -0.20252 0.08222 0.14225 0.35221 0.31525 0.062938 0.052382 -0.025316 -0.09772 0.20939 0.76611 0.09232 -0.21528 -0.030753 0.41003 0.10943 -0.20476 -0.10311 -0.21909 -0.19698 -0.012892 -0.10593 -0.15977 0.10214 -0.1628 0.31233 -0.19301 0.3278 0.29672 -0.03144 -0.20043
0.017909 -0.00068369 -0.036472 -0.020035 0.0010388 0.26275 0.063001 0.014374 0.061614 0.02764 0.00355 -0.039434 -0.019551 -0.0034394 0.26801 0.093833 0.00012513 0.071251 0.033883 0.021947 0.16853 0.20011 0.1121 0.35275 0.39614 0.11852 0.3693 0.092927 0.067362 0.27964 0.25259 0.14904 0 0.09376 -0.022732 -0.023689 -0.050491 0.17643 0.067106 0.059789 -0.0060151 0.4289 0.19289 0.075951 0.11828 0.19137 0.18096 -0.03421 0.035616 0.098716 0.11416 0.065283 0.077635 0.01546 0.12635 0.16866 0.069259 0.32214 0.30636 0.12665 0.37005 0.11029 0.030537 0.28728 0.25261 0.17155 0.46184 0.081108 -0.027807 -0.013628 -0.022106 0.15492 0.06041 0.048327 0.00041539 0.41025 0.1447 0.02303 0.11868 0.1479 0.16898 -0.044832 0.074298 0.10555 0.080554 0.039391
0.12304 0.1459 0.05039 0.19582 0.022765 0.067776 0.016979 0.056237 0.11539 0.17361 0.11179 0.038422 0.16552 0.049301 0.073145 0.023074 0.037588 0.092286 -0.061505 0.38997 -0.085126 0.3109 0.023507 0.052148 -0.076457 -0.055208 0.080855 0.015533 0.063216 0.31361 -0.013018 -0.2397 0.09376 0 0.11958 -0.21981 -0.037611 0.36255 0.52252 0.29909 0.59438 0.22397 0.11041 0.14327 0.33021 0.38094 0.11044 0.39918 -0.081078 -0.021758 0.31499 0.4694 0.011559 0.35177 -0.0847 0.2882 -0.0028344 0.051174 -0.070518 -0.046567 0.11548 0.021031 0.041265 0.28319 -0.015359 -0.2115 0.14214 0.79288 0.16295 -0.21151 0.038866 0.3405 0.45373 0.35249 0.54741 0.27786 0.092478 0.15492 0.25807 0.31824 0.12777 0.44716 -0.10796 -0.053045 0.29203 0.44646
0.12283 0.13375 0.22807 0.20699 0.081064 -0.010602 0.0262 -0.015036 0.049967 0.23439 0.067607 0.20231 0.19323 0.034553 -0.021267 0.010587 -0.016504 0.050151 0.398 0.25216 0.55842 -0.079552 0.070574 0.12016 0.27733 0.45691 -0.21152 0.0064467 0.46642 -0.053516 -0.15231 0.19811 -0.022732 0.11958 0 0.36729 0.82733 -0.0050494 0.057862 0.16739 0.36416 -0.033424 -0.05056 0.58123 0.52028 0.29104 0.21855 0.69475 -0.088238 0.010472 0.16465 0.44503 0.23986 0.26057 0.38952 -0.1054 0.036721 0.073993 0.16941 0.23008 -0.2743 0.01052 0.31739 -0.058596 -0.1635 0.074417 -0.030385 0.11873 0.72682 0.32109 0.64034 -0.031561 0.070372 0.096651 0.33247 -0.083466 -0.056037 0.29638 0.30958 0.17976 0.18907 0.51919 -0.035927 -0.028656 0.17829 0.4095
-0.01979 -0.041908 0.0079712 -0.093047 0.0084398 0.02888 0.066646 -0.08425 -0.044793 0.12843 -0.11682 -0.030584 -0.10352 -0.038972 -0.0066025 0.033352 -0.078375 -0.037847 0.15521 -0.19057 0.48643 -0.17769 0.036788 0.0084859 0.41387 0.38962 -0.029053 0.0079756 0.33717 -0.15187 0.08109 0.56569 -0.023689 -0.21981 0.36729 0 0.62276 -0.12157 -0.15535 -0.076979 -0.087877 -0.060608 -0.15305 0.27059 0.22824 -0.075676 -0.026097 0.14895 0.1542 0.061023 -0.054219 -0.090703 -0.041259 -0.20749 0.24376 -0.19589 0.060805 -0.015167 0.16755 0.18304 -0.179 -0.019172 0.153 -0.1516 -0.010204 0.25463 -0.043101 -0.20216 0.14545 0.59963 0.24424 -0.14057 -0.11294 -0.1814 -0.10698 -0.26269 -0.2315 -0.058484 -0.042601 -0.13622 -0.042356 -0.033937 0.15266 0.065115 -0.04571 -0.10662
0.055114 0.026869 0.13233 0.064861 0.052631 -3.5563e-05 0.067597 -0.073931 -4.6352e-05 0.20994 -0.039312 0.10843 0.061888 -0.0060699 -0.023977 0.046443 -0.05616 0.017305 0.47078 0.036615 0.56434 -0.1429 0.072752 0.090902 0.34293 0.48059 -0.20922 0.029505 0.51907 -0.079285 -0.065932 0.40505 -0.050491 -0.037611 0.82733 0.62276 0 -0.058237 -0.061349 0.023093 0.19905 -0.15019 -0.14497 0.45239 0.38827 0.16876 0.20569 0.54185 0.012928 0.043817 0.053323 0.231 0.22265 0.0043035 0.34965 -0.15965 0.068333 0.045721 0.094231 0.262 -0.30849 0.016017 0.3189 -0.09189 -0.12361 0.14941 -0.064097 -0.0323 0.54025 0.52299 0.63016 -0.084018 -0.010662 -0.083694 0.14391 -0.25783 -0.16183 0.14554 0.10096 0.065187 0.1477 0.28177 -0.00076728 0.019448 0.07463 0.20202
0.1714 0.27132 0.13038 0.16839 0.070262 0.074045 -0.042562 0.062684 0.2001 0.19466 0.26842 0.13842 0.16817 0.062073 0.055066 -0.076715 0.058437 0.18124 -0.08936 0.26751 -0.073872 0.87605 0.023815 0.2248 0.0546 -0.1109 0.19236 0.30278 0.11887 0.90617 0.024397 -0.1742 0.17643 0.36255 -0.0050494 -0.12157 -0.058237 0 0.30215 0.24923 0.23189 0.35266 0.16684 0.071461 0.11452 0.54214 0.031557 0.12888 -0.048845 -0.030798 0.31035 0.32844 -0.08464 0.27359 -0.12368 0.82776 -0.002369 0.21311 0.0062345 -0.06584 0.24175 0.3723 0.11729 0.85596 0.030771 -0.17726 0.15873 0.32976 0.020144 -0.12145 -0.038188 0.9694 0.33699 0.2485 0.26554 0.37343 0.19429 0.075449 0.081526 0.46905 0.0056961 0.20774 -0.0552 -0.052315 0.28553 0.3322
0.0090429 0.074167 -0.022983 0.15635 0.070871 0.088826 0.067676 0.020044 0.083476 0.18453 0.01813 -0.023375 0.076272 0.050808 0.082656 0.063062 0.0098758 0.079892 0.041151 0.28239 -0.041395 0.22894 0.046064 0.077953 -0.076951 -0.021349 0.063365 -0.032524 0.0032576 0.25928 0.035303 -0.14115 0.067106 0.52252 0.057862 -0.15535 -0.061349 0.30215 0 0.11732 0.8726 0.12113 0.029261 0.012881 0.30937 0.40934 0.25648 0.43264 -6.0403e-05 0.049587 0.41696 0.56737 0.07761 0.26149 -0.13655 0.21062 -0.0047206 0.091449 -0.11579 -0.033828 0.053675 -0.019771 -0.033257 0.23217 0.0072191 -0.17263 0.10227 0.46548 0.038282 -0.20186 -0.10188 0.27577 0.88976 0.14046 0.76976 0.13015 0.0078785 -0.044063 0.16394 0.33559 0.23955 0.36834 -0.089942 -0.015834 0.35605 0.46239
0.39218 0.37031 0.24899 0.25361 0.10617 0.11584 -0.11763 0.085057 0.22512 0.36274 0.37916 0.26659 0.25399 0.1018 0.095593 -0.098136 0.073452 0.20819 -0.14408 0.43263 0.18049 0.094858 0.057955 -0.079477 0.21767 0.040979 0.41216 0.031127 0.30266 0.10511 -0.0093012 -0.10396 0.059789 0.29909 0.16739 -0.076979 0.023093 0.24923 0.11732 0 0.14458 0.54567 0.384 0.48132 0.34176 0.17035 -0.067904 0.40709 -0.082342 -0.052715 0.24178 0.37447 -0.136 0.39563 0.19102 0.088835 0.053167 -0.084774 0.23814 0.053209 0.41809 0.039051 0.27495 0.049827 0.10552 -0.043046 0.039386 0.253 0.2203 -0.046514 0.13437 0.26798 0.098177 0.68895 0.14968 0.51412 0.35536 0.46672 0.34451 0.059787 -0.067848 0.41831 -0.07991 -0.10122 0.23245 0.40239
0.05927 0.075219 0.062975 0.28495 0.09623 0.060123 0.089835 0.021133 0.063325 0.22767 0.039451 0.052086 0.22706 0.060851 0.067395 0.098775 0.0015049 0.068048 0.093283 0.38174 0.14078 0.19616 0.050295 0.11476 -0.086107 0.13818 -0.12114 -0.010968 0.12564 0.18407 -0.057692 -0.16742 -0.0060151 0.59438 0.36416 -0.087877 0.19905 0.23189 0.8726 0.14458 0 -0.027853 -0.0091604 0.14192 0.50895 0.49577 0.25247 0.61984 -0.052201 0.023942 0.35996 0.61862 0.12269 0.36276 9.9804e-05 0.16983 -0.0061661 0.11446 -0.16127 0.051476 -0.12102 0.016425 0.064554 0.16645 -0.086717 -0.20521 0.059125 0.56778 0.3364 -0.14683 0.1055 0.20698 0.79825 0.16648 0.9172 0.025854 -0.018912 0.061269 0.3334 0.44219 0.25608 0.52225 -0.12172 -0.034642 0.30639 0.54121
0.22715 0.21044 0.11649 0.070975 0.023071 0.26026 -0.059191 0.046416 0.16442 0.26478 0.21591 0.10579 0.04327 0.042733 0.24321 -0.045144 0.080474 0.17298 -0.038413 0.12295 0.34916 0.32876 0.051491 0.06075 0.67743 -0.051621 0.7919 -0.0064738 0.12633 0.29969 0.35662 0.21769 0.4289 0.22397 -0.033424 -0.060608 -0.15019 0.35266 0.12113 0.54567 -0.027853 0 0.43878 0.36453 0.33969 0.18832 0.062501 0.094017 0.088475 0.040057 0.18209 0.10735 -0.050474 0.09833 0.22763 0.27333 0.042706 0.04532 0.51486 -0.033752 0.76836 0.07265 0.042875 0.27768 0.36837 0.26118 0.36224 0.1843 -0.1157 -0.094288 -0.14954 0.3565 0.10565 0.43234 -0.034738 0.91248 0.36817 0.24462 0.29053 0.048306 0.060914 0.065428 0.12814 0.053957 0.17888 0.094878
0.14035 0.19505 0.22944 0.18747 0.073125 0.24564 -0.0079264 0.13745 0.14709 0.14084 0.21588 0.2283 0.16725 0.067971 0.2384 -0.0006117 0.14633 0.15491 -0.10533 0.32555 -0.0033533 0.10463 0.081971 0.036708 0.12351 -0.066621 0.47372 0.11835 0.25975 0.11577 0.39993 -0.0080251 0.19289 0.11041 -0.05056 -0.15305 -0.14497 0.16684 0.029261 0.384 -0.0091604 0.43878 0 0.13956 0.3689 -0.014332 0.080153 -0.011881 0.029069 0.044313 0.20953 0.23527 -0.07375 0.30233 -0.045009 0.097201 0.044558 0.020656 0.048115 -0.045858 0.43801 0.1255 0.19891 0.08918 0.43232 0.041019 0.14484 0.095274 -0.052455 -0.16856 -0.061108 0.17104 0.021138 0.33346 0.00058687 0.38054 0.61536 0.10741 0.31835 -0.065513 0.074565 0.024857 0.022493 0.038773 0.1842 0.23982
0.38568 0.24964 0.2669 0.19449 0.084147 0.031022 -0.14242 0.011697 0.13339 0.4698 0.24013 0.25831 0.18639 0.054209 -0.0050512 -0.11636 0.0069604 0.1389 -0.073794 0.27983 0.70793 -0.012525 0.047853 -0.024144 0.55566 0.38519 0.13204 -0.071169 0.50897 -0.0059233 -0.18607 0.022896 0.075951 0.14327 0.58123 0.27059 0.45239 0.071461 0.012881 0.48132 0.14192 0.36453 0.13956 0 0.49234 0.3627 -0.12805 0.63629 -0.1248 -0.076109 0.12086 0.28668 -0.061356 0.26656 0.54914 -0.044044 0.040903 -0.040999 0.46407 0.20677 0.068973 -0.046482 0.33505 -0.035529 -0.094207 0.078383 0.040662 0.13242 0.48781 0.24155 0.34006 0.07437 -0.0099668 0.41161 0.12016 0.32876 0.099712 0.71172 0.31473 0.1877 -0.082744 0.48417 -0.07226 -0.13324 0.12238 0.2645
0.091141 0.18706 0.21237 0.21026 0.078406 0.16811 0.065603 0.016643 0.088222 0.29173 0.10309 0.14241 0.17739 0.057802 0.15718 0.051945 0.031708 0.096349 0.1594 0.3612 0.39781 0.061673 0.083608 0.054555 0.35865 0.20877 0.2332 0.009591 0.33754 0.0555 0.24665 0.31332 0.11828 0.33021 0.52028 0.22824 0.38827 0.11452 0.30937 0.34176 0.50895 0.33969 0.3689 0.49234 0 0.2851 0.15727 0.51606 0.073203 0.062034 0.23875 0.36846 0.051827 0.29276 0.17939 0.010322 0.048598 0.029423 0.06815 0.11424 0.097741 0.026547 0.11562 0.034546 0.12593 0.10789 0.11121 0.32298 0.28877 0.039545 0.17665 0.087224 0.27096 0.21516 0.44136 0.13032 0.20513 0.14026 0.56064 0.17113 0.16659 0.32315 0.082725 0.046337 0.2209 0.33051
0.1008 0.086042 0.029018 0.11063 0.012819 0.086198 0.035925 0.0027037 0.042819 0.15807 0.061263 0.045742 0.097603 0.012734 0.095308 0.044749 0.0095778 0.045836 0.064524 0.2451 0.37669 0.67251 0.083657 0.51718 0.31092 0.39653 -0.013063 0.28917 0.19784 0.67379 -0.076373 -0.14009 0.19137 0.38094 0.29104 -0.075676 0.16876 0.54214 0.40934 0.17035 0.49577 0.18832 -0.014332 0.3627 0.2851 0 0.085109 0.49659 -0.053134 0.0062103 0.15226 0.35179 0.065756 0.2408 0.1475 0.63863 0.041088 0.48086 0.16828 0.32946 0.042141 0.2658 0.11959 0.68183 -0.055146 -0.12349 0.18476 0.35661 0.28922 -0.085259 0.14306 0.53757 0.36135 0.18064 0.44721 0.28241 0.0016576 0.20169 0.14178 0.94233 0.061396 0.39406 -0.05882 -0.026186 0.14842 0.3034
-0.17686 -0.14796 -0.084231 -0.034183 0.0052897 0.23669 0.24834 0.008527 -0.0072754 -0.17131 -0.18652 -0.107 -0.057445 -0.021155 0.23128 0.22095 0.020148 0.023502 0.73623 0.049756 0.05336 0.099715 0.125 0.35957 0.11938 0.19549 0.031552 0.16819 0.072446 0.16333 0.23161 0.40218 0.18096 0.11044 0.21855 -0.026097 0.20569 0.031557 0.25648 -0.067904 0.25247 0.062501 0.080153 -0.12805 0.15727 0.085109 0 0.12008 0.052371 0.25028 0.57415 0.32276 0.64166 0.05725 -0.017818 0.076468 0.077228 0.3427 -0.0016056 0.12823 -0.012364 0.14797 0.049711 0.15505 0.16044 0.27433 0.18322 0.15375 0.1173 -0.021975 0.11409 -0.016929 0.29546 -0.069631 0.26499 0.054042 0.080248 -0.1347 0.10375 0.10818 0.86653 0.074719 0.037032 0.23731 0.49213 0.27335
0.33094 0.22971 0.17702 0.27125 0.11873 -0.041443 -0.047647 0.0067573 0.12256 0.35897 0.24078 0.18711 0.26063 0.089856 -0.055335 -0.043314 -0.016625 0.15409 0.13809 0.41559 0.44099 0.03726 0.062218 0.00066927 0.20077 0.42096 -0.15041 -0.12422 0.41232 0.06009 -0.28713 -0.00064733 -0.03421 0.39918 0.69475 0.14895 0.54185 0.12888 0.43264 0.40709 0.61984 0.094017 -0.011881 0.63629 0.51606 0.49659 0.12008 0 -0.11676 -0.030838 0.32193 0.61967 0.15881 0.41885 0.40197 0.014936 0.025158 -0.028139 0.24215 0.2716 -0.12931 -0.092955 0.32789 0.030495 -0.21885 0.057524 -0.017967 0.35095 0.67636 0.20919 0.5249 0.12023 0.32611 0.37863 0.54896 0.16773 0.020828 0.50797 0.45254 0.37484 0.12497 0.86585 -0.086974 -0.08599 0.26133 0.5724
-0.090489 -0.049794 -0.058875 -0.082979 -0.034663 0.042289 0.029159 -0.0056214 -0.036778 -0.032559 -0.093624 -0.091805 -0.09077 -0.04284 0.033598 0.028481 -0.010455 -0.035801 0.108 -0.14098 0.0012694 -0.030025 0.032094 0.043873 0.13693 0.013073 0.1216 0.025591 -0.064874 -0.010467 0.27262 0.27527 0.035616 -0.081078 -0.088238 0.1542 0.012928 -0.048845 -6.0403e-05 -0.082342 -0.052201 0.088475 0.029069 -0.1248 0.073203 -0.053134 0.052371 -0.11676 0 0.082099 -0.069395 -0.1371 0.029892 -0.16367 -0.092536 -0.022836 0.0095318 0.043667 -0.019048 0.016342 0.059519 0.024543 -0.10911 -0.0092046 0.14689 0.17246 0.019653 -0.054871 -0.16915 0.049868 -0.13665 -0.038115 0.022913 -0.14954 -0.065311 -0.021415 -0.019425 -0.22729 -0.0429 -0.036023 0.059304 -0.1722 0.21717 0.08542 -0.037457 -0.15647
-0.054502 -0.064965 -0.049783 -0.017043 -0.014325 0.16329 0.14451 -0.0020189 -0.020328 -0.0044458 -0.08301 -0.068604 -0.041417 -0.009512 0.14858 0.11853 -0.010594 0.031636 0.1834 -0.022874 0.0019898 0.0070051 0.11396 0.16582 0.10166 0.13314 0.0438 0.06811 0.05118 0.01523 0.1868 0.27626 0.098716 -0.021758 0.010472 0.061023 0.043817 -0.030798 0.049587 -0.052715 0.023942 0.040057 0.044313 -0.076109 0.062034 0.0062103 0.25028 -0.030838 0.082099 0 0.038302 0.049692 0.13109 -0.057037 -0.039173 -0.0010245 0.050732 0.14022 0.021927 0.10927 0.030705 0.055864 -0.018341 0.03063 0.14388 0.21266 0.07724 -0.023267 -0.021895 0.022985 -0.0012907 -0.041433 0.030513 -0.091864 -0.0047931 0.010675 0.0034866 -0.11858 0.044712 -0.0020716 0.21936 -0.070976 0.084592 0.19237 0.0197 0.026085
0.072749 0.19259 0.11745 0.16189 0.080824 0.11105 -0.0011547 0.058564 0.13835 0.062243 0.19709 0.10739 0.15507 0.079224 0.085064 0.001148 0.052678 0.19983 0.1573 0.30279 0.026465 0.1747 0.059683 0.11647 0.044759 0.01314 0.17147 0.1292 0.16966 0.24938 0.062665 -0.045983 0.11416 0.31499 0.16465 -0.054219 0.053323 0.31035 0.41696 0.24178 0.35996 0.18209 0.20953 0.12086 0.23875 0.15226 0.57415 0.32193 -0.069395 0.038302 0 0.49715 0.24402 0.32289 0.056664 0.17086 0.042821 0.11264 0.069813 -0.011531 0.1481 0.12665 0.18364 0.21675 0.095932 -0.019902 0.12552 0.31401 0.20892 -0.020695 0.1364 0.29382 0.37792 0.27504 0.35115 0.2212 0.22161 0.13238 0.24207 0.14385 0.53378 0.35214 -0.034979 0.00029201 0.68174 0.47787
0.23676 0.28329 0.19686 0.37322 0.155 0.11046 0.039739 0.096692 0.19625 0.22719 0.28231 0.20569 0.34354 0.12163 0.10898 0.042444 0.077061 0.20707 0.095462 0.57001 0.030039 0.21465 0.12273 0.14624 -0.052769 0.13393 -0.0085866 0.10055 0.36128 0.2507 -0.048356 -0.17941 0.065283 0.4694 0.44503 -0.090703 0.231 0.32844 0.56737 0.37447 0.61862 0.10735 0.23527 0.28668 0.36846 0.35179 0.32276 0.61967 -0.1371 0.049692 0.49715 0 0.15198 0.55745 0.056871 0.21166 0.066338 0.11057 0.00075442 0.089084 0.030431 0.11775 0.34867 0.21418 -0.007387 -0.11922 0.078737 0.4395 0.50736 -0.029202 0.34636 0.31679 0.49838 0.4085 0.59279 0.20246 0.26447 0.29265 0.37974 0.30569 0.28443 0.63428 -0.11763 -0.0039818 0.42601 0.78401
-0.10524 -0.1643 -0.054219 -0.058483 -0.022425 0.078316 0.13114 -0.021776 -0.046513 -0.19413 -0.18343 -0.058274 -0.037817 -0.035455 0.079691 0.13231 -0.012467 -0.015576 0.69204 -0.012268 0.042956 0.04733 0.027266 0.29898 0.07587 0.17286 -0.12856 0.1385 0.044349 0.064567 0.010704 0.30991 0.077635 0.011559 0.23986 -0.041259 0.22265 -0.08464 0.07761 -0.136 0.12269 -0.050474 -0.07375 -0.061356 0.051827 0.065756 0.64166 0.15881 0.029892 0.13109 0.24402 0.15198 0 0.01815 0.17058 0.061073 0.03265 0.31095 0.14813 0.22926 -0.13361 0.087701 0.084674 0.06727 0.012282 0.47006 0.072535 0.03862 0.3304 0.14238 0.39723 -0.11644 0.13185 -0.091223 0.17161 0.016357 -0.024595 -0.0041681 0.23184 0.059603 0.75589 0.15705 0.037936 0.20174 0.23592 0.13339
