0,0.307599991559982,0.257158309221268,0.275752335786819,0.0829719379544258,-0.0284147225320339,-0.102064304053783,0.0440789312124252,0.198112264275551,0.675151824951172,0.384246438741684,0.344187587499619,0.28807407617569,0.102406486868858,-0.0152864409610629,-0.105368427932262,0.0270068775862455,0.250068843364716,-0.154480203986168,0.233709886670113,0.0765562132000923,-0.0985473021864891,0.0208289939910173,-0.0881743356585503,0.039441492408514,0.15004400908947,0.0662245899438858,0.0110076842829585,0.196927383542061,-0.0697690919041634,-0.168135687708855,-0.109361216425896,0.00890112854540348,0.0989631786942482,0.107265658676624,-0.0537487342953682,0.0420731417834759,0.0542958863079548,0.00474225915968418,0.355933904647827,0.0566015057265759,0.169818609952927,0.0788562148809433,0.389610230922699,0.0589654073119164,0.142678529024124,-0.173034489154816,0.389285922050476,-0.104769349098206,-0.0623654909431934,0.0389326922595501,0.225939765572548,-0.0198357310146093,0.282038003206253,0.429781794548035,-0.087590754032135,0.0370095148682594,-0.120012812316418,0.346484005451202,0.240395903587341,0.156437277793884,-0.027622377499938,0.320254147052765,-0.108232475817204,-0.0475000105798244,0.106511607766151,0.0135184749960899,0.124625258147717,0.424299746751785,0.205093383789062,0.313316732645035,0.0808886215090752,0.00897896010428667,0.44267925620079,0.150051236152649,0.297537475824356,0.161471709609032,0.592844009399414,0.408696413040161,0.159235283732414,-0.123218178749084,0.555834531784058,-0.018736569210887,-0.0901020839810371,0.0354889407753944,0.273257046937943
0.307599991559982,0,0.224164843559265,0.240209072828293,0.100714445114136,0.00958286877721548,-0.080374039709568,0.0654199719429016,0.208919778466225,0.327245026826859,0.462322354316711,0.237899348139763,0.225913524627686,0.0857787281274796,-0.00753552466630936,-0.0946657061576843,0.0456736907362938,0.20378166437149,-0.0991900935769081,0.237158849835396,0.0446002818644047,0.0614512600004673,0.0163739658892155,-0.0645793080329895,0.0337763540446758,0.039968341588974,0.116076447069645,0.0752904191613197,0.138658344745636,0.102681368589401,-0.0381754450500011,-0.111360780894756,0.014014053158462,0.150570571422577,0.106205530464649,-0.0741932019591331,0.0117441192269325,0.198563754558563,0.104536712169647,0.302484005689621,0.102439977228642,0.169438481330872,0.144941404461861,0.200921624898911,0.168049886822701,0.103351101279259,-0.0989026427268982,0.219063654541969,-0.0531340464949608,-0.0524451658129692,0.152514100074768,0.263084053993225,-0.112656213343143,0.234328344464302,0.0636099204421043,0.0612897574901581,0.00790379848331213,-0.0909840166568756,0.0464507043361664,-0.0157928746193647,0.108610108494759,0.0557245761156082,0.114590734243393,0.0590208508074284,-0.0282359924167395,-0.0980259850621223,-0.0160262528806925,0.0900224670767784,0.148010730743408,-0.0356438793241978,0.0658721402287483,0.234471842646599,0.0518103279173374,0.28871488571167,0.0704454556107521,0.162355989217758,0.130787938833237,0.166360706090927,0.152312114834785,0.0407915823161602,-0.11621231585741,0.197096526622772,-0.0591187104582787,-0.0696284919977188,0.124689668416977,0.233403578400612
0.257158309221268,0.224164843559265,0,0.375834345817566,0.113627001643181,0.0181202013045549,-0.0262402147054672,0.137998759746552,0.132326647639275,0.275095969438553,0.25267767906189,0.561579704284668,0.361075758934021,0.0588454566895962,0.0169397816061974,-0.0239454843103886,0.110862240195274,0.146313548088074,-0.0270975902676582,0.200612172484398,0.117244191467762,-0.0233014039695263,0.00540446955710649,-0.05254727602005,0.00600049132481217,0.0559570230543613,0.0522092990577221,0.00649203173816204,0.190395355224609,-0.00555241759866476,-0.0367524176836014,-0.0833257287740707,-0.0348989106714725,0.0370228178799152,0.238008692860603,-0.0174474809318781,0.147168472409248,0.0587611719965935,-0.0146214673295617,0.18856006860733,0.0707810148596764,0.0569710321724415,0.162288308143616,0.255861401557922,0.192820504307747,0.0542738884687424,-0.0656984075903893,0.198084279894829,-0.0579213723540306,-0.0520331673324108,0.0617011412978172,0.176348552107811,-0.0284891128540039,0.182649508118629,0.117399021983147,-0.0403172634541988,0.0201499778777361,-0.0812494456768036,0.0079829003661871,0.0177084319293499,0.0385426208376884,0.000360343576176092,0.158006250858307,-0.0360970236361027,-0.0270864218473434,-0.0912502929568291,-0.0328738354146481,0.0126958657056093,0.203343376517296,-0.031312320381403,0.146180868148804,0.0721554979681969,-0.0297721643000841,0.186278119683266,0.0720473527908325,0.0503834038972855,0.118507608771324,0.183573171496391,0.155519783496857,0.00479392055422068,-0.06804109364748,0.18649585545063,-0.0717854872345924,-0.0578292831778526,0.0702879354357719,0.169597163796425
0.275752335786819,0.240209072828293,0.375834345817566,0,0.201617628335953,0.00611840467900038,-0.00442228931933641,0.107103116810322,0.130310669541359,0.26194840669632,0.255464136600494,0.363871574401855,0.605283975601196,0.113991647958755,0.000307864975184202,-0.00831891037523746,0.0875466540455818,0.139730021357536,-0.0575242042541504,0.283772736787796,-0.0265097394585609,0.000967864529229701,0.00839610770344734,-0.0300056841224432,-0.109028115868568,0.032062716782093,-0.0152653446421027,0.0163706839084625,0.145682662725449,0.00894442200660706,-0.0401028543710709,-0.156291797757149,-0.0225421693176031,0.16479118168354,0.18158532679081,-0.0908061861991882,0.0823367908596992,0.0845496356487274,0.143649950623512,0.19242337346077,0.255048513412476,0.0125061776489019,0.114319577813148,0.156901150941849,0.166849374771118,0.10171927511692,-0.020805612206459,0.240520969033241,-0.0792907848954201,-0.0188600588589907,0.106791034340858,0.328747361898422,-0.0139211900532246,0.272017389535904,0.0215971749275923,-0.000901055987924337,0.0099676214158535,-0.0442095175385475,-0.0670459941029549,-0.00708104763180017,0.000998157192952931,0.0159796942025423,0.143923029303551,-0.0112054664641619,-0.0375451631844044,-0.144491627812386,0.00754006626084447,0.131602510809898,0.251919448375702,-0.0593736916780472,0.151353985071182,0.101765647530556,0.0875044092535973,0.230439022183418,0.240533664822578,0.0466120913624763,0.117571897804737,0.170150652527809,0.174678534269333,0.0790607333183289,-0.0374806374311447,0.290857940912247,-0.0830289870500565,-0.0566999241709709,0.100595891475677,0.329293042421341
0.0829719379544258,0.100714445114136,0.113627001643181,0.201617628335953,0,-0.00247186096385121,-0.0172356329858303,0.0244573820382357,0.0547552667558193,0.0967739745974541,0.0928919911384583,0.114224575459957,0.176280349493027,0.0353283062577248,-0.0100510651245713,-0.0219636131078005,0.0202207043766975,0.055146362632513,-0.017484312877059,0.104457341134548,0.00546430563554168,-0.00775152817368507,0.00725007755681872,-0.00645151827484369,-0.0174347218126059,0.0167304128408432,-0.0106144063174725,-0.00143640581518412,0.0711363852024078,-0.00310202059336007,-0.0220928136259317,-0.0309162475168705,-0.0131867974996567,0.00671857362613082,0.0739364922046661,0.00215488718822598,0.0607274621725082,0.0335112251341343,0.0503278560936451,0.086739793419838,0.0782077610492706,0.00792133621871471,0.0620819367468357,0.0722964555025101,0.0724270418286324,0.0128438705578446,0.0114761553704739,0.106813527643681,-0.0319702215492725,-0.0196333806961775,0.0549877770245075,0.137552052736282,-0.00755349965766072,0.110658727586269,-0.0105845825746655,-0.0143930027261376,-0.0111407972872257,-0.0328710339963436,-0.0381295680999756,-0.00799997057765722,-0.0107271494343877,0.00324309687130153,0.0617815814912319,-0.019979190081358,-0.0244417302310467,-0.0459778681397438,-0.0195646621286869,0.0167679693549871,0.0846959948539734,-0.00167242565657943,0.0633933916687965,0.0366539284586906,0.0307482499629259,0.0709390640258789,0.0653660371899605,-0.00359572959132493,0.0248121116310358,0.0428009703755379,0.0528448894619942,-0.00997388176620007,-0.00947936810553074,0.0994363501667976,-0.0392990820109844,-0.026535402983427,0.0340699926018715,0.121444366872311
-0.0284147225320339,0.00958286877721548,0.0181202013045549,0.00611840467900038,-0.00247186096385121,0,0.166396141052246,0.0193186458200216,0.0752429291605949,0.0372881218791008,-0.00942828319966793,0.0100258784368634,-0.00285900826565921,-0.0201181080192327,0.408199280500412,0.170408174395561,0.0333653688430786,0.0571895278990269,0.0833038091659546,0.0356890670955181,0.140142306685448,0.0914928168058395,0.111203394830227,0.214206576347351,0.223262444138527,0.117122903466225,0.323315978050232,0.0944347977638245,0.0738862231373787,0.11447861045599,0.289664715528488,0.191334947943687,0.260749101638794,0.0700373277068138,-0.0307863317430019,0.0362202860414982,-0.0216920413076878,0.0699871480464935,0.0948816165328026,0.0740629583597183,0.065797470510006,0.24428229033947,0.204196691513062,-0.0265845786780119,0.148371756076813,0.0689617171883583,0.229770749807358,-0.0922791734337807,0.0588583089411259,0.139818072319031,0.10919363796711,0.0756475627422333,0.0365841276943684,0.0123434914276004,-0.00286400457844138,0.071706123650074,0.0861086398363113,0.198773726820946,0.102145373821259,0.0750894621014595,0.266014993190765,0.105788066983223,0.00211904058232903,0.105364263057709,0.259248942136765,0.11714993417263,0.215169966220856,0.0715210810303688,-0.11895676702261,-0.0562503077089787,-0.0959615930914879,0.0479366034269333,0.0958894118666649,0.0141561664640903,0.0569893009960651,0.191666394472122,0.133985564112663,-0.108553260564804,0.0399652309715748,0.0308037549257278,0.191068068146706,-0.124845840036869,0.0483079515397549,0.114780828356743,0.0897708088159561,0.0411786586046219
-0.102064304053783,-0.080374039709568,-0.0262402147054672,-0.00442228931933641,-0.0172356329858303,0.166396141052246,0,-0.00189314095769078,-0.00665368558838964,-0.0506594739854336,-0.107079766690731,-0.0485128425061703,-0.0235017240047455,-0.0225078817456961,0.166220650076866,0.244767993688583,-0.00923896767199039,-0.0309280939400196,0.146187797188759,-0.0452631525695324,0.0352449119091034,0.0378618352115154,0.0644989013671875,0.18554924428463,0.0693661272525787,0.120611928403378,0.00500994175672531,0.0621608160436153,0.000183479860424995,0.0445815473794937,0.166009694337845,0.16213846206665,0.0675675496459007,0.0188570916652679,0.0104485768824816,0.0763583034276962,0.0636525377631187,-0.0134308468550444,0.0620861798524857,-0.128892138600349,0.074117511510849,-0.0387495905160904,-0.00241067074239254,-0.147395089268684,0.0522811114788055,0.0324790477752686,0.234768569469452,-0.084927462041378,0.0601376257836819,0.122435830533504,0.013905961997807,0.0230097230523825,0.0929458364844322,-0.0566997490823269,-0.0712356343865395,0.0266270712018013,0.0207905359566212,0.163492113351822,-0.0393717549741268,0.0699565708637238,-0.0277734212577343,0.0579363107681274,-0.031323354691267,0.0445290207862854,0.089492991566658,0.0819160863757133,0.0492377579212189,0.0201944150030613,-0.0691765919327736,-0.0242777951061726,-0.0339760705828667,-0.0324501357972622,0.0656005889177322,-0.147023007273674,0.0783070921897888,-0.063153050839901,-0.0252442136406898,-0.193693369626999,-0.0308707263320684,0.0363049544394016,0.189889013767242,-0.143233433365822,0.0279372986406088,0.101912423968315,0.00137219310272485,-0.0150831788778305
0.0440789312124252,0.0654199719429016,0.137998759746552,0.107103116810322,0.0244573820382357,0.0193186458200216,-0.00189314095769078,0,0.0515489354729652,0.029864339157939,0.0649503022432327,0.123621471226215,0.102252036333084,0.0157364532351494,0.0331537462770939,0.0121651869267225,0.0911516025662422,0.060345109552145,-0.0320055298507214,0.0832005813717842,-0.0598028525710106,0.0142294159159064,-0.0027151161339134,-0.0142421796917915,-0.0600023232400417,-0.0276155490428209,0.0382542721927166,0.0144867720082402,0.0207793358713388,0.000964333943556994,0.0554049722850323,-0.0648908764123917,0.0271620489656925,0.0458053387701511,-0.0196809228509665,-0.0848086103796959,-0.0661941543221474,0.0374140329658985,0.0256176590919495,0.0544819980859756,0.0251857172697783,0.0274436119943857,0.108744241297245,-0.0120950872078538,0.00862654857337475,0.00410086056217551,0.00794805958867073,-0.00210494711063802,-0.00709988549351692,0.00246906699612737,0.0377047248184681,0.0798868760466576,-0.0163218453526497,0.0684794709086418,-0.0471320487558842,0.0199605002999306,-0.00576758524402976,-0.00489235762506723,-0.0416908711194992,-0.00166704494040459,0.0504552386701107,0.0284641142934561,0.026765963062644,0.00116858107503504,0.0564675964415073,-0.053222194314003,0.0140924761071801,0.0468511059880257,-0.0078466422855854,-0.0946043059229851,-0.017893897369504,0.0451945587992668,0.0147943301126361,0.0624420642852783,0.041035633534193,0.0419786125421524,0.0894318148493767,0.00410261144861579,0.0177860483527184,0.00642597861588001,0.0185881480574608,0.0515384040772915,-0.023656478151679,0.00520974351093173,0.0548281744122505,0.0841628015041351
0.198112264275551,0.208919778466225,0.132326647639275,0.130310669541359,0.0547552667558193,0.0752429291605949,-0.00665368558838964,0.0515489354729652,0,0.208365470170975,0.215011775493622,0.123872183263302,0.127118408679962,0.0374207980930805,0.0535515509545803,-0.0184440836310387,0.0420335084199905,0.179619982838631,-0.0382465571165085,0.15951780974865,0.00654041580855846,0.0433741062879562,0.0103837940841913,-0.000989352934993804,0.0190278943628073,0.0143036721274257,0.102435022592545,0.0166394803673029,0.0739250928163528,0.0704795494675636,0.0110010551288724,-0.0464209318161011,0.0542803108692169,0.114007167518139,0.0437476299703121,-0.0515202879905701,-0.00610744068399072,0.142318025231361,0.0832664147019386,0.175277844071388,0.0691080167889595,0.132106319069862,0.122750036418438,0.0992420464754105,0.0821841433644295,0.0450536124408245,0.00700603891164064,0.11505863070488,-0.032347597181797,-0.0157227925956249,0.110561944544315,0.173174872994423,-0.0244582463055849,0.167242765426636,0.0364337414503098,0.0331202037632465,0.0198029540479183,-0.0215917471796274,0.0417406968772411,0.0211168862879276,0.121488153934479,0.00335575127974153,0.0805118456482887,0.0578841827809811,0.0453573353588581,-0.0177922490984201,0.0267826952040195,0.0735120475292206,0.0829858034849167,-0.0373179316520691,0.0401967465877533,0.147902607917786,0.059229027479887,0.17195588350296,0.0629365891218185,0.145322218537331,0.12228137999773,0.0966530665755272,0.11217075586319,0.00989234354346991,0.000200418755412102,0.145455196499825,-0.0419677011668682,-0.00740905618295074,0.102449424564838,0.160287275910378
0.675151824951172,0.327245026826859,0.275095969438553,0.26194840669632,0.0967739745974541,0.0372881218791008,-0.0506594739854336,0.029864339157939,0.208365470170975,0,0.304304450750351,0.271772384643555,0.219436511397362,0.086717464029789,0.0368608608841896,-0.061924122273922,0.0182552598416805,0.219589695334435,-0.0585027113556862,0.234931230545044,0.25636625289917,-0.0309548135846853,0.0438550040125847,-0.109791301190853,0.179016456007957,0.224754363298416,0.108717560768127,-0.060599721968174,0.208378121256828,-0.0220103040337563,-0.0363662131130695,0.0409340672194958,0.0312001444399357,0.161115378141403,0.244173854589462,0.0966823697090149,0.198330342769623,0.0986328795552254,0.21114856004715,0.2997185587883,0.259599328041077,0.203477531671524,0.0744195058941841,0.455532401800156,0.290996313095093,0.225505948066711,-0.114785082638264,0.405886232852936,-0.0378925688564777,-0.00797025486826897,0.0356427095830441,0.233183205127716,-0.13041278719902,0.184166982769966,0.147545769810677,-0.0413244813680649,0.0292640291154385,-0.132729649543762,0.0966177806258202,0.115486338734627,0.0640395432710648,-0.0458046123385429,0.104302912950516,-0.0394881702959538,-0.0468460060656071,-0.0199067071080208,0.0186997950077057,0.114253975450993,0.189846023917198,0.0392478518188,0.0768790170550346,0.116795428097248,0.103381663560867,0.256861180067062,0.151559948921204,0.121350675821304,0.0388871282339096,0.248035430908203,0.0946404635906219,0.0743394568562508,-0.100307755172253,0.352088689804077,-0.0626694411039352,-0.0742004215717316,0.0465736873447895,0.198370590806007
0.384246438741684,0.462322354316711,0.25267767906189,0.255464136600494,0.0928919911384583,-0.00942828319966793,-0.107079766690731,0.0649503022432327,0.215011775493622,0.304304450750351,0,0.298482924699783,0.270686447620392,0.0961931794881821,-0.0256025530397892,-0.109439298510551,0.0805595144629478,0.234015122056007,-0.173458606004715,0.266847848892212,-0.0118992934003472,0.0359659716486931,0.0121837724000216,-0.0884828045964241,-0.017384298145771,-0.0147657189518213,0.11399981379509,0.0597719512879848,0.115087866783142,0.0812835246324539,-0.0758354216814041,-0.187599509954453,0.00979912839829922,0.108335271477699,0.0327450707554817,-0.143622979521751,-0.0458706803619862,0.19963526725769,0.041368406265974,0.312138080596924,0.0570222847163677,0.173085317015648,0.171337127685547,0.188244685530663,0.0878926813602448,0.0633978620171547,-0.149971216917038,0.210545644164085,-0.0884226933121681,-0.0725148841738701,0.165276229381561,0.253105491399765,-0.127294555306435,0.285824179649353,0.148449033498764,0.0545547343790531,0.000390401080949232,-0.115308023989201,0.125544309616089,-0.00908133760094643,0.164765179157257,0.0275374259799719,0.169618025422096,0.0372870191931725,-0.0258381702005863,-0.0786357447504997,-0.00112881837412715,0.125766053795815,0.233938425779343,-0.0103405378758907,0.139722570776939,0.247978031635284,0.0157098919153214,0.368772447109222,0.0871008485555649,0.237963154911995,0.184356272220612,0.283693850040436,0.250255435705185,0.0444066263735294,-0.130014151334763,0.29590630531311,-0.0456391423940659,-0.0972554683685303,0.151171550154686,0.27661195397377
0.344187587499619,0.237899348139763,0.561579704284668,0.363871574401855,0.114224575459957,0.0100258784368634,-0.0485128425061703,0.123621471226215,0.123872183263302,0.271772384643555,0.298482924699783,0,0.392441809177399,0.078166663646698,0.0128730135038495,-0.0273642782121897,0.136130839586258,0.144193753600121,-0.0609608516097069,0.196553304791451,0.0699212551116943,-0.0523630231618881,-0.0105910412967205,-0.0691631957888603,-0.0211592596024275,0.0426461957395077,0.0446395017206669,0.00953816715627909,0.171875476837158,-0.0266575701534748,-0.0721038654446602,-0.141700193285942,-0.0388016477227211,0.026673162356019,0.21051362156868,-0.046588309109211,0.12531353533268,0.0522354915738106,-0.00623693037778139,0.203879565000534,0.0633325800299644,0.0351747125387192,0.147218510508537,0.239288792014122,0.117325566709042,0.065629281103611,-0.0860584303736687,0.200173363089561,-0.0920917168259621,-0.070890761911869,0.0572170540690422,0.180557832121849,-0.0181325320154428,0.230256259441376,0.191568478941917,-0.0772327408194542,0.0116103906184435,-0.0888691842556,0.0642783790826797,0.0538125559687614,0.052853774279356,-0.0206043161451817,0.222372338175774,-0.0578107759356499,-0.0264656413346529,-0.0647559687495232,-0.00272038183175027,0.035486564040184,0.288970500230789,0.0458630956709385,0.235387846827507,0.0619386173784733,-0.0543985553085804,0.243532553315163,0.0757856518030167,0.0876018702983856,0.166959941387177,0.288182348012924,0.228632897138596,0.0203429199755192,-0.076740674674511,0.254093259572983,-0.066893070936203,-0.0553111806511879,0.0538157373666763,0.20971916615963
0.28807407617569,0.225913524627686,0.361075758934021,0.605283975601196,0.176280349493027,-0.00285900826565921,-0.0235017240047455,0.102252036333084,0.127118408679962,0.219436511397362,0.270686447620392,0.392441809177399,0,0.139268770813942,0.00250081857666373,-0.00631719268858433,0.111928723752499,0.143830165266991,-0.0552207082509995,0.258684128522873,-0.0293570887297392,-0.00702707469463348,0.01166489161551,-0.0395700894296169,-0.103458613157272,0.0162489786744118,-0.0289673916995525,0.0344502925872803,0.137974560260773,-0.00133863755036145,-0.0719644799828529,-0.153294891119003,-0.0190448481589556,0.138575807213783,0.152707248926163,-0.100436270236969,0.0721603706479073,0.0763042122125626,0.0734310373663902,0.201114743947983,0.193890422582626,-0.0032622036524117,0.0964887291193008,0.132749944925308,0.13214311003685,0.0827211439609528,-0.0419523566961288,0.218024671077728,-0.0914366692304611,-0.0386665761470795,0.0962306037545204,0.298837751150131,0.0110002309083939,0.275286734104156,0.0326488874852657,-0.0178492534905672,0.00736989313736558,-0.0357105955481529,-0.0519036948680878,0.0317181274294853,-0.0133214760571718,0.0238808002322912,0.172125920653343,-0.0221015866845846,-0.043290875852108,-0.122914358973503,-0.0067232009023428,0.132768258452415,0.270735502243042,-0.0451526492834091,0.176607728004456,0.0961766317486763,0.0803300887346268,0.233604684472084,0.252197265625,0.0425890721380711,0.115819312632084,0.185492694377899,0.182601630687714,0.0773660391569138,-0.00816564355045557,0.301618486642838,-0.0971232876181602,-0.0507174097001553,0.101311795413494,0.347933530807495
0.102406486868858,0.0857787281274796,0.0588454566895962,0.113991647958755,0.0353283062577248,-0.0201181080192327,-0.0225078817456961,0.0157364532351494,0.0374207980930805,0.086717464029789,0.0961931794881821,0.078166663646698,0.139268770813942,0,-0.0134479692205787,-0.028923325240612,0.0102078942582011,0.087308332324028,-0.0223274063318968,0.122702315449715,-0.0332312025129795,0.00347690936177969,0.00467624282464385,-0.0223407745361328,-0.0317421182990074,-0.0119845569133759,-0.00655223475769162,-0.0102733243256807,0.0270490255206823,0.00341637595556676,-0.0354358777403831,-0.0546268969774246,-0.0044599873945117,0.0448246262967587,0.0242004208266735,-0.0402017943561077,-0.00342594878748059,0.0405679009854794,0.0422294624149799,0.0721525847911835,0.0572656132280827,0.0253427047282457,0.0500260777771473,0.0365861281752586,0.0464440286159515,0.0150852520018816,-0.0182385705411434,0.0807881429791451,-0.0440289229154587,-0.0078144995495677,0.061711173504591,0.110854424536228,-0.0140878902748227,0.104112334549427,0.0119229694828391,0.000888138776645064,-0.00535022933036089,-0.0196882393211126,-0.00508487084880471,-0.00456443894654512,0.0164394397288561,-0.0111332824453712,0.0265681352466345,0.00340593396686018,-0.0142341163009405,-0.0217632651329041,-0.0119484961032867,0.0604369267821312,0.0816415622830391,-0.0251530725508928,0.0604789145290852,0.0550177246332169,0.047479048371315,0.0771423280239105,0.0701517388224602,0.0363554731011391,0.0655399784445763,0.063316248357296,0.0932829231023788,-0.0001858901232481,-0.00859823543578386,0.114746883511543,-0.0240748468786478,-0.0186517704278231,0.0524434261023998,0.122879512608051
-0.0152864409610629,-0.00753552466630936,0.0169397816061974,0.000307864975184202,-0.0100510651245713,0.408199280500412,0.166220650076866,0.0331537462770939,0.0535515509545803,0.0368608608841896,-0.0256025530397892,0.0128730135038495,0.00250081857666373,-0.0134479692205787,0,0.217308387160301,0.0414937250316143,0.0556671433150768,0.0546283945441246,0.0238447468727827,0.123254664242268,0.0769216492772102,0.0938486531376839,0.21344381570816,0.201347857713699,0.11143609136343,0.303237736225128,0.0941761061549187,0.071892186999321,0.0939158424735069,0.292323678731918,0.158469185233116,0.248973861336708,0.0743347182869911,-0.0463289283216,-0.00325056375004351,-0.0574852861464024,0.0522074215114117,0.0827540308237076,0.0610398277640343,0.0721494108438492,0.229162886738777,0.203205808997154,-0.0467194467782974,0.131969898939133,0.0646315515041351,0.207859247922897,-0.1116993278265,0.0416349321603775,0.117753937840462,0.0792665258049965,0.0684107840061188,0.0393400900065899,0.0226716436445713,0.0406925268471241,0.0709388256072998,0.0942669287323952,0.208866372704506,0.131133168935776,0.119829580187798,0.28226026892662,0.0910654067993164,0.0328508354723454,0.0870395824313164,0.253086388111115,0.127480655908585,0.253597408533096,0.0593308359384537,-0.0943715050816536,-0.0490157455205917,-0.0861239060759544,0.0459647104144096,0.102838315069675,0.0291550252586603,0.0599217750132084,0.213972941040993,0.152625679969788,-0.0786574557423592,0.063543476164341,0.0556061789393425,0.203124687075615,-0.106976762413979,0.0275220014154911,0.127465978264809,0.0809130296111107,0.0608829632401466
-0.105368427932262,-0.0946657061576843,-0.0239454843103886,-0.00831891037523746,-0.0219636131078005,0.170408174395561,0.244767993688583,0.0121651869267225,-0.0184440836310387,-0.061924122273922,-0.109439298510551,-0.0273642782121897,-0.00631719268858433,-0.028923325240612,0.217308387160301,0,0.0230969283729792,-0.00965871568769217,0.111199475824833,-0.0325782038271427,0.0399735569953918,0.0450897105038166,0.0653884932398796,0.180203795433044,0.0493962913751602,0.107636302709579,0.00365337217226624,0.0181690361350775,0.00413485849276185,0.0455915816128254,0.138529822230339,0.114448741078377,0.0962523370981216,0.032831147313118,0.00221654074266553,0.0353762209415436,0.0436460934579372,-0.0402999371290207,0.0665984377264977,-0.111061796545982,0.0912381485104561,-0.0239916164427996,0.00424127280712128,-0.124639473855495,0.038713738322258,0.0412455424666405,0.207788586616516,-0.0861552357673645,0.0460285693407059,0.10094115883112,0.0173941478133202,0.0291687455028296,0.103135459125042,-0.0336801148951054,-0.0295033417642117,0.0292188618332148,0.039418950676918,0.184669241309166,-0.0132144773378968,0.105444252490997,-0.0179591178894043,0.0240868292748928,-0.00622986210510135,0.0438602231442928,0.101347140967846,0.0761794969439507,0.0944910943508148,0.032994881272316,-0.0333662740886211,-0.0219277497380972,0.000127142295241356,-0.0531993508338928,0.0813852250576019,-0.132278561592102,0.0937781110405922,-0.0419647619128227,-0.0267302114516497,-0.149188011884689,-0.0200884398072958,0.0401632525026798,0.218007579445839,-0.105608239769936,0.0288116112351418,0.125811919569969,0.00185281015001237,0.0245204493403435
0.0270068775862455,0.0456736907362938,0.110862240195274,0.0875466540455818,0.0202207043766975,0.0333653688430786,-0.00923896767199039,0.0911516025662422,0.0420335084199905,0.0182552598416805,0.0805595144629478,0.136130839586258,0.111928723752499,0.0102078942582011,0.0414937250316143,0.0230969283729792,0,0.0634761229157448,-0.0228802841156721,0.0821228548884392,-0.0483073629438877,0.0252341497689486,0.0131474724039435,-0.00517430016770959,-0.0376149117946625,-0.0395251996815205,0.0648671612143517,0.0250742491334677,0.0127490218728781,0.0266823414713144,0.0558618567883968,-0.0674226582050323,0.00795161724090576,0.0275189634412527,-0.0180737189948559,-0.0774747356772423,-0.0550543777644634,0.0347355864942074,0.00850476510822773,0.0487509779632092,0.00279571651481092,0.053590651601553,0.114956572651863,-0.0239814836531878,0.0125618251040578,-9.31825488805771e-05,0.0166132524609566,-0.0322025790810585,-0.0108817154541612,-0.0137882567942142,0.0361426286399364,0.0548500046133995,-0.00703211640939116,0.0731407776474953,-0.0358723551034927,0.0276840124279261,0.00345983100123703,0.0116049451753497,-0.034848541021347,-0.0187853593379259,0.0519840493798256,0.0202473420649767,0.0174250192940235,0.0141306202858686,0.0386468321084976,-0.0504897609353065,0.0189273450523615,0.0344119779765606,-0.0184983443468809,-0.103245630860329,-0.025532390922308,0.0402899906039238,0.000915496377274394,0.058324571698904,0.00494836689904332,0.0533578358590603,0.107865959405899,0.0033086072653532,0.00470409216359258,0.00439512124285102,0.0253997314721346,0.0150572387501597,-0.0137854991480708,-0.00772314146161079,0.0440394952893257,0.0642968490719795
0.250068843364716,0.20378166437149,0.146313548088074,0.139730021357536,0.055146362632513,0.0571895278990269,-0.0309280939400196,0.060345109552145,0.179619982838631,0.219589695334435,0.234015122056007,0.144193753600121,0.143830165266991,0.087308332324028,0.0556671433150768,-0.00965871568769217,0.0634761229157448,0,-0.0533649362623692,0.157242760062218,0.0404026322066784,0.0293695405125618,0.0317629836499691,0.00667321821674705,0.0484334044158459,0.0328466221690178,0.100962407886982,0.0147407399490476,0.0841375142335892,0.066548615694046,0.00554111134260893,-0.0285285878926516,0.0569694973528385,0.0750961378216743,0.0303002279251814,-0.0480440035462379,-3.25534492731094e-05,0.140435606241226,0.064251720905304,0.164785400032997,0.0583448484539986,0.140486896038055,0.117564328014851,0.116161458194256,0.0808605775237083,0.0537595301866531,0.00952577870339155,0.134666606783867,-0.0320086181163788,0.0271284617483616,0.144714817404747,0.176868617534637,-0.00461647007614374,0.172129094600677,0.106110870838165,0.039768572896719,0.0201105549931526,-0.00281619839370251,0.103873088955879,0.0363414026796818,0.128159120678902,0.0141266537830234,0.109169326722622,0.0526455529034138,0.0553993210196495,0.016419006511569,0.0483402907848358,0.0992462709546089,0.114459827542305,0.0101515166461468,0.0822661519050598,0.156886965036392,0.0544237643480301,0.177286103367805,0.0725204199552536,0.173816546797752,0.129224821925163,0.145431533455849,0.157941207289696,0.0445464886724949,0.0268428307026625,0.168099164962769,-0.00481045711785555,-0.000202016904950142,0.122479051351547,0.198396638035774
-0.154480203986168,-0.0991900935769081,-0.0270975902676582,-0.0575242042541504,-0.017484312877059,0.0833038091659546,0.146187797188759,-0.0320055298507214,-0.0382465571165085,-0.0585027113556862,-0.173458606004715,-0.0609608516097069,-0.0552207082509995,-0.0223274063318968,0.0546283945441246,0.111199475824833,-0.0228802841156721,-0.0533649362623692,0,-0.057831309735775,0.241933181881905,0.051248274743557,0.0360114052891731,0.288600027561188,0.248599529266357,0.280456930398941,-0.123450100421906,0.0800653174519539,0.0601772703230381,0.0811288505792618,0.0590440444648266,0.594849348068237,0.00978487823158503,-0.0335840359330177,0.483475983142853,0.223394855856895,0.554121017456055,-0.0214129816740751,0.0345474407076836,-0.123110368847847,0.127048045396805,-0.0418534241616726,-0.115187734365463,-0.0206157490611076,0.223453089594841,0.0594039894640446,0.707169413566589,0.17999766767025,0.140821382403374,0.15265628695488,0.130609974265099,0.0906514823436737,0.615874648094177,-0.0588514283299446,0.0301130767911673,0.030195564031601,0.0161141101270914,0.231968596577644,0.0438813641667366,0.196467533707619,-0.162057816982269,0.0899954736232758,0.0129604414105415,0.0798042640089989,-0.0156487636268139,0.375115931034088,0.0275171622633934,-0.0243881810456514,0.18767024576664,0.180213108658791,0.276329308748245,-0.0663576573133469,0.0920844823122025,-0.197812885046005,0.105911672115326,-0.113270729780197,-0.101322188973427,-0.109541058540344,0.0660586953163147,0.0283043012022972,0.58208966255188,-0.0400067009031773,0.0894204899668694,0.161143988370895,0.140562370419502,0.053405188024044
0.233709886670113,0.237158849835396,0.200612172484398,0.283772736787796,0.104457341134548,0.0356890670955181,-0.0452631525695324,0.0832005813717842,0.15951780974865,0.234931230545044,0.266847848892212,0.196553304791451,0.258684128522873,0.122702315449715,0.0238447468727827,-0.0325782038271427,0.0821228548884392,0.157242760062218,-0.057831309735775,0,-0.0813941732048988,0.140716835856438,0.0457393564283848,0.0166395734995604,-0.138490200042725,0.0037513948045671,0.00022538099437952,0.0321338437497616,0.23160819709301,0.170927196741104,-0.0992716774344444,-0.283383995294571,0.0182986874133348,0.348923832178116,0.203923359513283,-0.219586789608002,0.04244215041399,0.268690347671509,0.269147545099258,0.396819591522217,0.370014041662216,0.0771632716059685,0.27692922949791,0.271429240703583,0.32780846953392,0.263326287269592,0.0508307851850986,0.379032552242279,-0.145921975374222,-0.0415583699941635,0.275523781776428,0.549482464790344,0.0478643402457237,0.572094082832336,-0.0836957693099976,0.154456958174706,-0.00136987876612693,-0.00629210192710161,-0.135355681180954,0.00876935850828886,0.037999264895916,0.0370622761547565,0.189622417092323,0.140097945928574,-0.0523158721625805,-0.275474339723587,0.0263801570981741,0.332333564758301,0.288261204957962,-0.239110812544823,0.127302199602127,0.273035287857056,0.222157508134842,0.427706032991409,0.358351796865463,0.134316444396973,0.270161837339401,0.231329470872879,0.271446287631989,0.216398924589157,0.0506525337696075,0.454625874757767,-0.171845257282257,-0.0891055762767792,0.220553815364838,0.540509104728699
0.0765562132000923,0.0446002818644047,0.117244191467762,-0.0265097394585609,0.00546430563554168,0.140142306685448,0.0352449119091034,-0.0598028525710106,0.00654041580855846,0.25636625289917,-0.0118992934003472,0.0699212551116943,-0.0293570887297392,-0.0332312025129795,0.123254664242268,0.0399735569953918,-0.0483073629438877,0.0404026322066784,0.241933181881905,-0.0813941732048988,0,-0.121321476995945,0.0548066049814224,0.191743597388268,0.675379514694214,0.527513027191162,0.20749568939209,-0.0425332114100456,0.260039985179901,-0.0636835470795631,0.0918756052851677,0.450044870376587,0.16337426006794,-0.109069794416428,0.535332083702087,0.436197191476822,0.497505187988281,-0.0981346368789673,-0.0374980270862579,0.102953791618347,0.0888002216815948,0.325847864151001,-0.0340028665959835,0.65721732378006,0.373352885246277,0.363659203052521,0.0699782446026802,0.449004560709,0.0219648387283087,0.0020274305716157,-0.0188149642199278,-0.0363395549356937,0.0313420221209526,-0.0945316553115845,0.64779007434845,-0.167623534798622,0.0582267716526985,0.111142516136169,0.493532329797745,0.267414391040802,0.0765466317534447,-0.0226981919258833,0.10150720924139,-0.0612905621528625,0.0444123558700085,0.26760333776474,0.119476780295372,-0.100453354418278,0.287543952465057,0.340878546237946,0.214991927146912,-0.107414796948433,-0.0126527389511466,-0.0232105497270823,0.03794951364398,0.169740155339241,-0.108711883425713,0.274747520685196,0.0833034515380859,0.148662060499191,0.0501473434269428,0.0862895548343658,0.0492674298584461,0.0025534350425005,-0.00370170664973557,-0.0823185741901398
-0.0985473021864891,0.0614512600004673,-0.0233014039695263,0.000967864529229701,-0.00775152817368507,0.0914928168058395,0.0378618352115154,0.0142294159159064,0.0433741062879562,-0.0309548135846853,0.0359659716486931,-0.0523630231618881,-0.00702707469463348,0.00347690936177969,0.0769216492772102,0.0450897105038166,0.0252341497689486,0.0293695405125618,0.051248274743557,0.140716835856438,-0.121321476995945,0,0.0146047100424767,0.301807075738907,0.00391097040846944,-0.119477547705173,0.0830017402768135,0.14993542432785,0.0406110249459743,0.899681866168976,0.0228470284491777,-0.155955761671066,0.149267941713333,0.383316963911057,-0.0584708899259567,-0.161473259329796,-0.106152094900608,0.838990092277527,0.342557519674301,0.0231161471456289,0.310090512037277,0.208929479122162,0.0600093640387058,-0.039240401238203,0.0985971391201019,0.625110983848572,0.189809024333954,-0.0162007585167885,-0.0303880646824837,0.0220297295600176,0.193108826875687,0.217649817466736,0.1082728728652,0.116683468222618,-0.261116147041321,0.961529672145844,-0.00687322113662958,0.348790198564529,-0.139477893710136,-0.0887431055307388,0.0986424833536148,0.235564857721329,-0.0420819222927094,0.885916888713837,-0.000775940541643649,-0.204979851841927,0.156458601355553,0.354223996400833,-0.14411835372448,-0.252561777830124,-0.171174928545952,0.789168000221252,0.388700276613235,0.0139068746939301,0.313169777393341,0.236240565776825,0.0568474419414997,-0.15689280629158,-0.0414617508649826,0.552413642406464,0.189192309975624,0.00494688423350453,-0.0671912208199501,0.0225860401988029,0.16147843003273,0.180467277765274
0.0208289939910173,0.0163739658892155,0.00540446955710649,0.00839610770344734,0.00725007755681872,0.111203394830227,0.0644989013671875,-0.0027151161339134,0.0103837940841913,0.0438550040125847,0.0121837724000216,-0.0105910412967205,0.01166489161551,0.00467624282464385,0.0938486531376839,0.0653884932398796,0.0131474724039435,0.0317629836499691,0.0360114052891731,0.0457393564283848,0.0548066049814224,0.0146047100424767,0,0.145340040326118,0.0990913733839989,0.123318120837212,0.0404158420860767,0.0195943936705589,0.07951520383358,0.0338652320206165,0.0801643058657646,0.0970056354999542,0.0830904170870781,0.0382336042821407,0.0569960065186024,0.0351409055292606,0.0644584968686104,0.0185955446213484,0.0504814647138119,0.0285302810370922,0.0612275823950768,0.023960217833519,0.0470024794340134,0.030672000721097,0.0648025572299957,0.0825158283114433,0.106538042426109,0.0497025735676289,0.0283698402345181,0.0895267426967621,0.0436849519610405,0.0906085968017578,0.0177639741450548,0.0224707219749689,0.0270179565995932,0.00197047856636345,0.0389153212308884,0.11995641887188,0.0576170720160007,0.104858011007309,0.0391671471297741,0.00497054308652878,0.0431606471538544,0.0334308184683323,0.0708204880356789,0.0627826824784279,0.0617112331092358,0.0104413516819477,0.0469288863241673,0.0163480509072542,0.031584907323122,0.00537040969356894,0.0357880741357803,0.0239556450396776,0.0509258210659027,0.0412230603396893,0.0183858647942543,-0.00983797293156385,0.0401559807360172,0.0677363947033882,0.0720410719513893,0.0279017221182585,0.0159230064600706,0.0440720580518246,0.0193676576018333,0.0730257779359818
-0.0881743356585503,-0.0645793080329895,-0.05254727602005,-0.0300056841224432,-0.00645151827484369,0.214206576347351,0.18554924428463,-0.0142421796917915,-0.000989352934993804,-0.109791301190853,-0.0884828045964241,-0.0691631957888603,-0.0395700894296169,-0.0223407745361328,0.21344381570816,0.180203795433044,-0.00517430016770959,0.00667321821674705,0.288600027561188,0.0166395734995604,0.191743597388268,0.301807075738907,0.145340040326118,0,0.306548923254013,0.338304072618484,0.0771516710519791,0.474537461996078,0.0930862203240395,0.483057796955109,0.179163604974747,0.195135831832886,0.313729792833328,0.102687545120716,0.12935009598732,0.0403951779007912,0.111653968691826,0.248092770576477,0.128172591328621,-0.0760067403316498,0.1589335501194,0.0838937237858772,0.041258942335844,-0.0400035381317139,0.0851789712905884,0.443636655807495,0.368919968605042,-0.0111581450328231,0.0693361312150955,0.146879583597183,0.116348698735237,0.133210152387619,0.299492210149765,0.0256098881363869,0.0463194400072098,0.2753646671772,0.10350164026022,0.790676832199097,0.158333152532578,0.335909128189087,0.075169526040554,0.450943440198898,0.065662682056427,0.487365871667862,0.147738993167877,0.182401493191719,0.325426012277603,0.109196819365025,0.0835999697446823,-0.0241062752902508,0.129675582051277,0.166396960616112,0.179078608751297,-0.0665964186191559,0.18903449177742,0.130092859268188,0.0385936610400677,-0.0915191918611526,0.0444688685238361,0.425376236438751,0.305434018373489,-0.0356905162334442,0.0399198941886425,0.133972108364105,0.0902914479374886,0.0911277830600739
