0,0.376039534807205,0.302617609500885,0.311290055513382,0.0894642993807793,0.0131869306787848,-0.0962749794125557,0.082383781671524,0.235666587948799,0.74817955493927,0.465353637933731,0.39744758605957,0.326883226633072,0.11467195302248,0.00799936708062887,-0.0933366119861603,0.0665404573082924,0.291403293609619,-0.192866757512093,0.251550137996674,0.103874281048775,0.023593133315444,0.0258179865777493,-0.0929350480437279,0.0741629898548126,0.143359884619713,0.122858509421349,-0.0135830035433173,0.231382384896278,0.0245918799191713,-0.122711375355721,-0.098800003528595,0.0179089494049549,0.123042166233063,0.122832715511322,-0.0197898913174868,0.0551141761243343,0.171399980783463,0.00904293637722731,0.392184644937515,0.0592698901891708,0.227147579193115,0.140345051884651,0.385684669017792,0.0911411568522453,0.100800424814224,-0.176858797669411,0.330942988395691,-0.0904889926314354,-0.0545015446841717,0.0727489292621613,0.23676386475563,-0.105243556201458,0.29202264547348,0.393367916345596,0.0163822434842587,0.0406534150242805,-0.121256709098816,0.329461216926575,0.214014917612076,0.203261017799377,-0.0111071672290564,0.346585154533386,-0.0273317974060774,0.00321084377355874,0.103710100054741,0.024275241419673,0.123378120362759,0.387628376483917,0.219745799899101,0.301354765892029,0.178377285599709,0.0199618823826313,0.4624844789505,0.146839678287506,0.321018606424332,0.219245851039886,0.572403073310852,0.39490795135498,0.106319680809975,-0.137793511152267,0.506357192993164,-0.00032992847263813,-0.0774452388286591,0.0863971263170242,0.291558533906937
0.376039534807205,0,0.278632313013077,0.307186841964722,0.13237789273262,0.00811906158924103,-0.099536307156086,0.0877866595983505,0.246584966778755,0.38240048289299,0.534829020500183,0.303682297468185,0.290701150894165,0.107012145221233,-0.011651904322207,-0.121327348053455,0.0726151093840599,0.239397779107094,-0.154511868953705,0.278715133666992,0.0660426691174507,0.113630034029484,0.024517459794879,-0.106417588889599,0.0637378469109535,0.0341011323034763,0.153034627437592,0.0811806321144104,0.177638784050941,0.139359414577484,-0.0286727864295244,-0.10661905258894,-0.000683694961480796,0.145898967981339,0.133752003312111,-0.0419077835977077,0.0268693212419748,0.271324217319489,0.0741671249270439,0.370308399200439,0.0752192065119743,0.210444271564484,0.19504702091217,0.249636307358742,0.187062680721283,0.0860423967242241,-0.147963628172874,0.229713127017021,-0.0497941710054874,-0.0649650543928146,0.192585051059723,0.283294022083282,-0.164297327399254,0.272471785545349,0.0723010003566742,0.109573684632778,0.0179714858531952,-0.120243437588215,0.069462463259697,-0.0283745117485523,0.140486925840378,0.0812649950385094,0.145123660564423,0.0866714790463448,-0.000772165891248733,-0.1073292568326,-0.0244064386934042,0.071130134165287,0.167760401964188,-0.00616350630298257,0.0834188684821129,0.304176092147827,0.0301170405000448,0.336451858282089,0.0620732456445694,0.191659495234489,0.181027635931969,0.215073943138123,0.176571667194366,0.0236484240740538,-0.162049785256386,0.227599591016769,-0.0316416099667549,-0.079271987080574,0.177869096398354,0.274531245231628
0.302617609500885,0.278632313013077,0,0.414777934551239,0.113314010202885,0.0516826622188091,-0.0345479920506477,0.15378426015377,0.156160190701485,0.315613627433777,0.303836554288864,0.601420521736145,0.406843811273575,0.0730003714561462,0.0385432839393616,-0.0309875644743443,0.143254339694977,0.166238099336624,-0.072833888232708,0.238707780838013,0.122427254915237,0.030871732160449,0.0131738111376762,-0.0626232549548149,0.049210611730814,0.0451794676482677,0.110804192721844,0.0180529430508614,0.225892663002014,0.0495810583233833,0.0112004140391946,-0.0693602934479713,-0.036471638828516,0.0503903068602085,0.228068813681602,0.00797121692448854,0.132332265377045,0.130379766225815,-0.0229827556759119,0.248994544148445,0.0629753172397614,0.116490565240383,0.22943577170372,0.266904830932617,0.212367042899132,0.0290178488940001,-0.0842309296131134,0.177021637558937,-0.0588745549321175,-0.0497829429805279,0.117451585829258,0.196860730648041,-0.0542190074920654,0.208731114864349,0.112050749361515,0.0129251172766089,0.0384444035589695,-0.0747281461954117,0.0370681323111057,0.0178932752460241,0.0873935520648956,0.0382833108305931,0.189238473773003,0.00612368434667587,0.0250288713723421,-0.0686077773571014,-0.0234786290675402,0.0345069952309132,0.205991208553314,-0.00468616094440222,0.144514366984367,0.136253282427788,-0.0369649566709995,0.236616477370262,0.0818042829632759,0.0935489758849144,0.174078732728958,0.188694655895233,0.174169525504112,-0.0119112236425281,-0.0811657980084419,0.185658842325211,-0.0619649142026901,-0.0578517206013203,0.115783281624317,0.197744756937027
0.311290055513382,0.307186841964722,0.414777934551239,0,0.208331063389778,0.0284274648874998,-0.016557689756155,0.12850421667099,0.163081467151642,0.28858008980751,0.321243852376938,0.396370977163315,0.678739428520203,0.145341947674751,0.0161005929112434,-0.0206498634070158,0.123497575521469,0.174033984541893,-0.0858533084392548,0.341457664966583,-0.0163165107369423,0.0824523195624352,0.0169957652688026,-0.0286999549716711,-0.0850792899727821,0.0160386264324188,0.0188409425318241,0.032305371016264,0.183614119887352,0.0770846605300903,-0.0199258588254452,-0.168765366077423,-0.0200354531407356,0.195824563503265,0.206985637545586,-0.0930467694997787,0.0648614764213562,0.168392762541771,0.156346708536148,0.253606528043747,0.284949064254761,0.0709753409028053,0.187474772334099,0.194487482309341,0.210264056921005,0.110634349286556,-0.0341834165155888,0.271250486373901,-0.0829790532588959,-0.0170428361743689,0.161885783076286,0.373219788074493,-0.0584826022386551,0.331751644611359,0.0244622305035591,0.0816694051027298,0.0104637686163187,-0.0423794202506542,-0.0435316376388073,-0.0192385967820883,0.0391336232423782,0.0532715022563934,0.173119619488716,0.0489093735814095,-0.00481625460088253,-0.144983187317848,0.00820278469473124,0.160569965839386,0.275591790676117,-0.051304254680872,0.152045324444771,0.1832534968853,0.0927466750144958,0.288948178291321,0.268032729625702,0.103045992553234,0.183087438344955,0.207841321825981,0.209340080618858,0.0868808180093765,-0.0532733201980591,0.320047169923782,-0.0688702464103699,-0.0597456879913807,0.157517090439796,0.380238890647888
0.0894642993807793,0.13237789273262,0.113314010202885,0.208331063389778,0,0.00969614274799824,-0.0152241718024015,0.021375760436058,0.0699116885662079,0.101942002773285,0.115152098238468,0.120527677237988,0.182036727666855,0.0462112314999104,0.00616430677473545,-0.022893849760294,0.0363510362803936,0.0682011097669601,-0.0273310150951147,0.111538678407669,0.0115891890600324,0.0238178335130215,0.0159391891211271,-0.0151811772957444,-0.00638857902958989,0.0141020733863115,-0.000955639116000384,-0.00522548612207174,0.0888863578438759,0.0289358794689178,-0.0119422227144241,-0.0378446280956268,0.00103875587228686,0.0227654501795769,0.0810638815164566,0.00843978673219681,0.0526314340531826,0.0702621266245842,0.070870503783226,0.106172598898411,0.0962298884987831,0.0230705812573433,0.0731250271201134,0.084146723151207,0.0784062743186951,0.0128186028450727,0.00528969895094633,0.118734739720821,-0.0346629805862904,-0.0143250776454806,0.0808244124054909,0.155002281069756,-0.0224245619028807,0.123243272304535,-0.0121905272826552,0.0192959550768137,-0.0185218136757612,-0.03264319896698,-0.0273176524788141,-0.0142959412187338,0.0080292196944356,0.0044563147239387,0.0723409205675125,0.00871878396719694,-0.011736124753952,-0.0481459759175777,-0.0189734790474176,0.0321164950728416,0.0839772522449493,-0.00911571085453033,0.0583763606846333,0.0765382051467896,0.0547737330198288,0.0875353291630745,0.0752153098583221,0.00893568154424429,0.0456865318119526,0.0525938011705875,0.0537233576178551,-0.00810818932950497,-0.0160726327449083,0.107551246881485,-0.0400630049407482,-0.0272358637303114,0.0604251474142075,0.144903272390366
0.0131869306787848,0.00811906158924103,0.0516826622188091,0.0284274648874998,0.00969614274799824,0,0.170660272240639,0.0261062327772379,0.0942119285464287,0.0617146492004395,0.00117460766341537,0.0359234921634197,0.0159669518470764,-0.0203202571719885,0.454460144042969,0.181722477078438,0.0452399589121342,0.0682894363999367,0.0964166596531868,0.0625320076942444,0.146808341145515,0.07797621935606,0.145867571234703,0.222052425146103,0.239425897598267,0.128069892525673,0.336626410484314,0.149052694439888,0.10419699549675,0.117308236658573,0.298015683889389,0.21288788318634,0.262749016284943,0.0677760392427444,-0.0106016444042325,0.0288802273571491,-3.5562552511692e-05,0.0740452483296394,0.088825523853302,0.115844808518887,0.060122899711132,0.260258108377457,0.245637521147728,0.0310219135135412,0.168112635612488,0.0861978232860565,0.2366903424263,-0.0414433181285858,0.0422888025641441,0.163287773728371,0.1110525354743,0.110464498400688,0.0783157348632812,0.0390959903597832,0.0266619101166725,0.062738299369812,0.0971324369311333,0.22199048101902,0.129389092326164,0.109379604458809,0.284221351146698,0.157087445259094,0.0459167920053005,0.112534396350384,0.266918897628784,0.142226487398148,0.227629870176315,0.0634597763419151,-0.0728471279144287,-0.0279372408986092,-0.0624435134232044,0.054130032658577,0.10144779831171,0.0635071769356728,0.0605075396597385,0.217010989785194,0.165673479437828,-0.0424318574368954,0.0902901366353035,0.0657625868916512,0.201419830322266,-0.0747185721993446,0.0529284700751305,0.131980016827583,0.101032488048077,0.0787234008312225
-0.0962749794125557,-0.099536307156086,-0.0345479920506477,-0.016557689756155,-0.0152241718024015,0.170660272240639,0,-0.0128734223544598,-0.0138562321662903,-0.0593532100319862,-0.123583741486073,-0.0522744841873646,-0.0395817384123802,-0.0252400543540716,0.18583619594574,0.275067716836929,-0.0051342430524528,-0.0440181791782379,0.16534735262394,-0.0283641517162323,0.0342619232833385,0.00185589329339564,0.0842708721756935,0.183007404208183,0.0448338948190212,0.130212604999542,-0.0181353949010372,0.0761294215917587,0.00115572800859809,0.0190008394420147,0.161532714962959,0.164582937955856,0.0630013942718506,0.0169792175292969,0.0261995196342468,0.0666463300585747,0.0675969868898392,-0.0425615161657333,0.0676764473319054,-0.117628209292889,0.0898347496986389,-0.0591907054185867,-0.00792635418474674,-0.142419770359993,0.065602645277977,0.0359253734350204,0.248342007398605,-0.0476465672254562,0.0291585437953472,0.144506618380547,-0.00115468865260482,0.0397386513650417,0.131139650940895,-0.0424970537424088,-0.0695709362626076,-0.00734419096261263,0.0314540378749371,0.171009585261345,-0.0561012029647827,0.0877714455127716,-0.0440699718892574,0.0688256695866585,-0.0288299545645714,0.0199967082589865,0.0844298228621483,0.0870300456881523,0.0465980917215347,0.0272092670202255,-0.0503748916089535,-0.0226131752133369,-0.0221088770776987,-0.059656985104084,0.0804440602660179,-0.134097099304199,0.0956681072711945,-0.0795481279492378,-0.0240833461284637,-0.187180519104004,-0.0180844571441412,0.0464291423559189,0.214173674583435,-0.113212026655674,0.0284103564918041,0.120357029139996,-0.00960493553429842,0.00702058710157871
0.082383781671524,0.0877866595983505,0.15378426015377,0.12850421667099,0.021375760436058,0.0261062327772379,-0.0128734223544598,0,0.0688946545124054,0.0601127445697784,0.0933260545134544,0.150788903236389,0.126437738537788,0.0203944258391857,0.0336864329874516,0.0115752769634128,0.123418562114239,0.076545387506485,-0.0463466159999371,0.114302046597004,-0.0526997409760952,0.0301611293107271,0.00379462912678719,-0.0162900388240814,-0.0537477023899555,-0.0264326892793179,0.0594051517546177,0.0255900099873543,0.0338455699384212,0.0235916022211313,0.0663190186023712,-0.067739836871624,0.0143742645159364,0.0562371462583542,-0.0150355407968163,-0.084250308573246,-0.073931485414505,0.0626835450530052,0.0200439114123583,0.0850570276379585,0.0211333651095629,0.046416137367487,0.137447968125343,0.011696751229465,0.0166425630450249,0.00270369998179376,0.00852701626718044,0.00675732456147671,-0.00562138529494405,-0.00201891735196114,0.0585639663040638,0.0966921225190163,-0.0217757746577263,0.0953051745891571,-0.0334844365715981,0.036652859300375,-0.00411039497703314,-0.0108811659738421,-0.0230827853083611,-0.00799883436411619,0.0745003893971443,0.041759941726923,0.0448955856263638,0.0137779349461198,0.0686429366469383,-0.0459388606250286,0.0085626607760787,0.0515228137373924,0.00926973484456539,-0.0783564373850822,-0.011057979427278,0.0690207406878471,0.0152696669101715,0.0895022302865982,0.0429823137819767,0.0638031139969826,0.122140809893608,0.0293489508330822,0.0358654819428921,0.00479871826246381,0.0122882761061192,0.0630881413817406,-0.0169444624334574,-0.00623314781114459,0.0656486079096794,0.109255276620388
0.235666587948799,0.246584966778755,0.156160190701485,0.163081467151642,0.0699116885662079,0.0942119285464287,-0.0138562321662903,0.0688946545124054,0,0.248052880167961,0.256036370992661,0.141650035977364,0.154628753662109,0.0558024235069752,0.0744558647274971,-0.0238827243447304,0.0592093206942081,0.211168318986893,-0.0618622601032257,0.18456207215786,0.0235952511429787,0.0869756415486336,0.0278897397220135,-0.00707225454971194,0.0315927788615227,0.00232373317703605,0.136951595544815,0.0288101006299257,0.0973528921604156,0.114631995558739,0.0201331917196512,-0.055649247020483,0.0616139657795429,0.115391850471497,0.0499670058488846,-0.0447934940457344,-4.63519245386124e-05,0.20009982585907,0.0834758207201958,0.225120693445206,0.0633246824145317,0.164421141147614,0.147085964679718,0.133385509252548,0.0882219448685646,0.0428185053169727,-0.00727535597980022,0.122558511793613,-0.0367784462869167,-0.0203277990221977,0.138347595930099,0.196247860789299,-0.046513058245182,0.184082791209221,0.0491815470159054,0.0760969743132591,0.0364813655614853,-0.0230901073664427,0.0552686043083668,0.0123966652899981,0.152927786111832,0.0292128250002861,0.113189518451691,0.09293232858181,0.0627049133181572,-0.0286793671548367,0.0337725840508938,0.07228784263134,0.101545721292496,-0.0175149515271187,0.0503425747156143,0.203829154372215,0.0701602026820183,0.204581826925278,0.0656119883060455,0.178240969777107,0.158033266663551,0.135534420609474,0.131465747952461,0.00861884467303753,-0.00819524843245745,0.165703430771828,-0.0333513095974922,-0.00309638329781592,0.140352442860603,0.19647990167141
0.74817955493927,0.38240048289299,0.315613627433777,0.28858008980751,0.101942002773285,0.0617146492004395,-0.0593532100319862,0.0601127445697784,0.248052880167961,0,0.373754113912582,0.322730153799057,0.252451062202454,0.107632696628571,0.0414608642458916,-0.066378079354763,0.0503367967903614,0.257594883441925,-0.140542194247246,0.254311889410019,0.260816931724548,0.0469956733286381,0.0499440357089043,-0.159053027629852,0.213856145739555,0.18942154943943,0.166929796338081,-0.0911076739430428,0.244928136467934,0.0262274481356144,-0.00946290139108896,0.0211345441639423,0.0276399981230497,0.173611551523209,0.234385460615158,0.128431513905525,0.209936290979385,0.194655939936638,0.184526562690735,0.362740784883499,0.227668613195419,0.264775484800339,0.140844985842705,0.469797283411026,0.291734427213669,0.158067837357521,-0.171308279037476,0.358965635299683,-0.0325591452419758,-0.00444583548232913,0.0622431524097919,0.227188274264336,-0.194128930568695,0.197780981659889,0.142761170864105,0.0281914789229631,0.0214951559901237,-0.152072831988335,0.103142388164997,0.103167846798897,0.115838244557381,-0.0467148795723915,0.132570683956146,-0.00492807198315859,-0.00385497650131583,-0.0188571438193321,0.0141578931361437,0.0989246666431427,0.174751624464989,0.075987346470356,0.0935545042157173,0.199345573782921,0.0835316702723503,0.290085166692734,0.140310868620872,0.159632593393326,0.1008136048913,0.264270484447479,0.125129401683807,0.015357400290668,-0.13505145907402,0.324333131313324,-0.0413943864405155,-0.0642661973834038,0.0860590413212776,0.206104382872581
0.465353637933731,0.534829020500183,0.303836554288864,0.321243852376938,0.115152098238468,0.00117460766341537,-0.123583741486073,0.0933260545134544,0.256036370992661,0.373754113912582,0,0.364884883165359,0.348679155111313,0.121587976813316,-0.0121235307306051,-0.131659656763077,0.112576581537724,0.2778080701828,-0.230086833238602,0.313671678304672,0.0143103236332536,0.0986796841025352,0.018095325678587,-0.106552436947823,0.0125391520559788,-0.0199225097894669,0.152495369315147,0.061131801456213,0.155687242746353,0.119876958429813,-0.0540810041129589,-0.187019899487495,0.0035499706864357,0.111785762012005,0.0676074102520943,-0.116821363568306,-0.0393119044601917,0.268416523933411,0.0181298609822989,0.379163056612015,0.03945067897439,0.215909883379936,0.215879157185555,0.240131601691246,0.103089235723019,0.0612631291151047,-0.186518684029579,0.240775361657143,-0.093623623251915,-0.0830103754997253,0.197085112333298,0.282307088375092,-0.183426260948181,0.334483802318573,0.176014795899391,0.107992939651012,0.0127632450312376,-0.130793422460556,0.155135124921799,-0.00916752964258194,0.209883064031601,0.0572982504963875,0.216266274452209,0.0762629881501198,0.00228086276911199,-0.0851819664239883,-0.00469860527664423,0.103767573833466,0.26285183429718,0.019460266456008,0.171140745282173,0.311737835407257,-0.000360431120498106,0.428948760032654,0.0818049162626266,0.273689270019531,0.237128883600235,0.345691859722137,0.278270930051804,0.0418647080659866,-0.168550133705139,0.334082007408142,-0.0258178412914276,-0.109710276126862,0.200370445847511,0.319244295358658
0.39744758605957,0.303682297468185,0.601420521736145,0.396370977163315,0.120527677237988,0.0359234921634197,-0.0522744841873646,0.150788903236389,0.141650035977364,0.322730153799057,0.364884883165359,0,0.426692754030228,0.0909687578678131,0.033980879932642,-0.03031837195158,0.165629237890244,0.163967669010162,-0.115779690444469,0.242927372455597,0.0717317461967468,0.0149647062644362,-0.00378459459170699,-0.077835850417614,0.010248756967485,0.0291424933820963,0.113178394734859,0.0236935671418905,0.219704404473305,0.0366666428744793,-0.024948924779892,-0.140142664313316,-0.0394335836172104,0.0384217314422131,0.20231220126152,-0.0305843148380518,0.108428291976452,0.138422429561615,-0.0233746841549873,0.266585111618042,0.0520860925316811,0.105791583657265,0.228299275040627,0.258312463760376,0.14240787923336,0.0457421541213989,-0.10699924826622,0.187111958861351,-0.0918049216270447,-0.0686044320464134,0.107391342520714,0.205689162015915,-0.0582741759717464,0.275561034679413,0.189686417579651,-0.0122798224911094,0.0180960837751627,-0.0887968167662621,0.100117817521095,0.048974983394146,0.11212307959795,0.0225744005292654,0.268333822488785,-0.00873568188399076,0.029743742197752,-0.0532662346959114,-0.00395192950963974,0.0453602410852909,0.291503667831421,0.0698021203279495,0.234405219554901,0.141131803393364,-0.072034977376461,0.310402601957321,0.0689472258090973,0.152810305356979,0.238129213452339,0.300716251134872,0.251747161149979,0.00826332625001669,-0.105561576783657,0.252947360277176,-0.0597941838204861,-0.0645066276192665,0.0951147526502609,0.248796343803406
0.326883226633072,0.290701150894165,0.406843811273575,0.678739428520203,0.182036727666855,0.0159669518470764,-0.0395817384123802,0.126437738537788,0.154628753662109,0.252451062202454,0.348679155111313,0.426692754030228,0,0.156441316008568,0.018720518797636,-0.0220043249428272,0.147159993648529,0.181493565440178,-0.0913387313485146,0.319810450077057,-0.0141974147409201,0.0796856284141541,0.0210993010550737,-0.0422222167253494,-0.0919832810759544,0.0180413201451302,0.00262900674715638,0.0447262488305569,0.176729187369347,0.0740097984671593,-0.0509586222469807,-0.173363864421844,-0.0195512771606445,0.165519773960114,0.193229496479034,-0.103524185717106,0.0618878155946732,0.168166399002075,0.0762724950909615,0.253992021083832,0.22705639898777,0.0432698801159859,0.167247772216797,0.186391487717628,0.177385583519936,0.097603052854538,-0.0574451386928558,0.260627865791321,-0.0907698050141335,-0.0414173863828182,0.15507398545742,0.343543618917465,-0.037817195057869,0.33496481180191,0.0327936448156834,0.0691090300679207,0.0120893679559231,-0.0395095720887184,-0.0471569150686264,0.0217648483812809,0.0122160194441676,0.0590743534266949,0.212406128644943,0.0427711121737957,-0.0199187509715557,-0.141573444008827,-0.0123441349714994,0.152295053005219,0.306226134300232,-0.0356995016336441,0.1917484998703,0.181000396609306,0.0713629350066185,0.288591414690018,0.282381951808929,0.0891692116856575,0.18169242143631,0.224411934614182,0.21096059679985,0.0828230455517769,-0.0325947292149067,0.334511876106262,-0.0940796211361885,-0.060643382370472,0.15909680724144,0.414005845785141
0.11467195302248,0.107012145221233,0.0730003714561462,0.145341947674751,0.0462112314999104,-0.0203202571719885,-0.0252400543540716,0.0203944258391857,0.0558024235069752,0.107632696628571,0.121587976813316,0.0909687578678131,0.156441316008568,0,-0.00697391806170344,-0.0295782405883074,0.0132906446233392,0.103764407336712,-0.0354513972997665,0.13235966861248,-0.0237492918968201,0.0255632288753986,0.0170599352568388,-0.0261909887194633,-0.0212782677263021,-0.0162558667361736,0.0175467189401388,-0.0140745006501675,0.0423594117164612,0.0208795312792063,-0.027422359213233,-0.0532723106443882,-0.00343941943719983,0.0493013449013233,0.0345533229410648,-0.0389721393585205,-0.00606985669583082,0.062073178589344,0.0508084334433079,0.101796671748161,0.0608510747551918,0.0427333302795887,0.067970909178257,0.0542093254625797,0.0578016862273216,0.0127340191975236,-0.0211553405970335,0.0898556560277939,-0.0428400747478008,-0.00951200723648071,0.0792237892746925,0.121625572443008,-0.0354552119970322,0.11788434535265,0.00683618197217584,0.0260117333382368,0.00328978872857988,-0.0243583098053932,-0.000708538456819952,-0.00865206215530634,0.0297478046268225,-0.0101280799135566,0.038564458489418,0.0206110998988152,-0.0143308471888304,-0.0326643884181976,-0.000748739461414516,0.0597145929932594,0.0730298608541489,-0.026736706495285,0.0515431612730026,0.0783851146697998,0.0523655861616135,0.0945588797330856,0.0686676427721977,0.0535197332501411,0.0886318236589432,0.078198604285717,0.0883115902543068,-0.00224533677101135,-0.0242574606090784,0.111677400767803,-0.02316221781075,-0.0257691349834204,0.0694653615355492,0.142035260796547
0.00799936708062887,-0.011651904322207,0.0385432839393616,0.0161005929112434,0.00616430677473545,0.454460144042969,0.18583619594574,0.0336864329874516,0.0744558647274971,0.0414608642458916,-0.0121235307306051,0.033980879932642,0.018720518797636,-0.00697391806170344,0,0.225259274244308,0.0484951511025429,0.0596150308847427,0.0763353630900383,0.0526232607662678,0.127444922924042,0.0704079270362854,0.132780700922012,0.233710423111916,0.210243836045265,0.118712343275547,0.312126308679581,0.144300416111946,0.103105761110783,0.1048748716712,0.308914452791214,0.177925541996956,0.268009215593338,0.0731446221470833,-0.0212674476206303,-0.00660246284678578,-0.0239768996834755,0.0550657026469707,0.0826556533575058,0.0955927297472954,0.0673947334289551,0.243205890059471,0.238404661417007,-0.00505117513239384,0.157180458307266,0.0953083261847496,0.23127643764019,-0.0553346164524555,0.033597681671381,0.148579880595207,0.0850639790296555,0.108978301286697,0.0796906873583794,0.0520650260150433,0.0589020922780037,0.0659301802515984,0.114455319941044,0.245079010725021,0.144947275519371,0.153943747282028,0.290250182151794,0.141436070203781,0.0788922533392906,0.103485941886902,0.260208755731583,0.155261367559433,0.280823886394501,0.0644427239894867,-0.0448340363800526,-0.0327579788863659,-0.0466025248169899,0.0477317944169044,0.126838579773903,0.0782766342163086,0.0727755278348923,0.234092146158218,0.184104099869728,-0.0341985374689102,0.109133943915367,0.0996485874056816,0.227644696831703,-0.0556035786867142,0.039590410888195,0.157600536942482,0.0881989821791649,0.0972518175840378
-0.0933366119861603,-0.121327348053455,-0.0309875644743443,-0.0206498634070158,-0.022893849760294,0.181722477078438,0.275067716836929,0.0115752769634128,-0.0238827243447304,-0.066378079354763,-0.131659656763077,-0.03031837195158,-0.0220043249428272,-0.0295782405883074,0.225259274244308,0,0.0238121692091227,-0.0135997645556927,0.129415526986122,-0.0178077537566423,0.0351935811340809,-0.000495788583066314,0.0775627791881561,0.184394106268883,0.0299246069043875,0.119392074644566,-0.0204171817749739,0.0355241633951664,0.00921341124922037,0.0212364662438631,0.13736692070961,0.124604277312756,0.0938333943486214,0.0230737254023552,0.0105874547734857,0.0333516374230385,0.0464432537555695,-0.076715499162674,0.0630620941519737,-0.0981355234980583,0.0987752601504326,-0.0451442003250122,-0.000611696334090084,-0.116355665028095,0.051944874227047,0.044749241322279,0.220951899886131,-0.0433136709034443,0.0284806489944458,0.118531510233879,0.00114802876487374,0.0424444638192654,0.132307052612305,-0.0188092794269323,-0.0251339469105005,-0.0113946152850986,0.0442523434758186,0.194648072123528,-0.0255627557635307,0.141042321920395,-0.0458933487534523,0.0327236913144588,-0.00717059895396233,0.020585685968399,0.0999880358576775,0.0888160467147827,0.102557070553303,0.0399206802248955,-0.0150843793526292,-0.0169295333325863,0.0157949160784483,-0.0876506194472313,0.0919318571686745,-0.115895003080368,0.109381549060345,-0.0597557537257671,-0.0319398045539856,-0.145728662610054,-0.00523503450676799,0.0580974444746971,0.236592635512352,-0.0668260306119919,0.0175593178719282,0.15159660577774,-0.00165858154650778,0.0336934439837933
0.0665404573082924,0.0726151093840599,0.143254339694977,0.123497575521469,0.0363510362803936,0.0452399589121342,-0.0051342430524528,0.123418562114239,0.0592093206942081,0.0503367967903614,0.112576581537724,0.165629237890244,0.147159993648529,0.0132906446233392,0.0484951511025429,0.0238121692091227,0,0.0781318098306656,-0.0313706398010254,0.106955416500568,-0.0442399494349957,0.0421825386583805,0.0176995862275362,-0.00883257947862148,-0.0178656484931707,-0.0401777066290379,0.093021459877491,0.0444704219698906,0.0245559178292751,0.043825838714838,0.069577731192112,-0.0692350938916206,0.000125134363770485,0.037587583065033,-0.0165036153048277,-0.0783751830458641,-0.0561598315834999,0.0584373511373997,0.00987579021602869,0.0734518468379974,0.00150488805957139,0.0804740414023399,0.146329998970032,0.00696040922775865,0.0317075178027153,0.00957777630537748,0.0201479010283947,-0.0166248045861721,-0.0104554509744048,-0.0105940643697977,0.0526780597865582,0.0770611464977264,-0.0124673303216696,0.0932352691888809,-0.0411413870751858,0.0500148646533489,0.0032623796723783,0.0134172551333904,-0.0238924156874418,-0.0155577501282096,0.0737925171852112,0.0450577847659588,0.0349652208387852,0.0323982387781143,0.0567926056683064,-0.0490192286670208,0.0150523418560624,0.0501969531178474,-0.00813156645745039,-0.102116160094738,-0.0250103604048491,0.0670002400875092,0.000409099244279787,0.0861043930053711,0.0089910514652729,0.0820752382278442,0.134437993168831,0.0240567922592163,0.0174327101558447,0.0101198349148035,0.0195919945836067,0.0253539495170116,-0.0129556776955724,-0.00719159841537476,0.0628340691328049,0.0898370519280434
0.291403293609619,0.239397779107094,0.166238099336624,0.174033984541893,0.0682011097669601,0.0682894363999367,-0.0440181791782379,0.076545387506485,0.211168318986893,0.257594883441925,0.2778080701828,0.163967669010162,0.181493565440178,0.103764407336712,0.0596150308847427,-0.0135997645556927,0.0781318098306656,0,-0.0607983358204365,0.182344704866409,0.0548786669969559,0.068920761346817,0.0458492375910282,-0.00301955477334559,0.0644195973873138,0.0278229117393494,0.12815697491169,0.0212945286184549,0.115417838096619,0.0993588343262672,0.0215794164687395,-0.0209626313298941,0.0712514892220497,0.0922855287790298,0.0501513183116913,-0.0378473475575447,0.0173049513250589,0.181239932775497,0.0798919722437859,0.208190321922302,0.0680481269955635,0.172984451055527,0.154910743236542,0.13890366256237,0.0963492840528488,0.0458363778889179,0.0235018394887447,0.1540866792202,-0.0358010940253735,0.031635507941246,0.199827864766121,0.207069039344788,-0.0155756594613194,0.19714193046093,0.103280358016491,0.082319550216198,0.0244554206728935,-0.00491646444424987,0.103680841624737,0.0294917207211256,0.152647018432617,0.0366978049278259,0.120750948786736,0.0827308818697929,0.0714806616306305,0.0126140434294939,0.0525589697062969,0.103357315063477,0.128264382481575,0.0263459607958794,0.0988756790757179,0.198158994317055,0.074374757707119,0.224666148424149,0.0834206193685532,0.204254612326622,0.163090422749519,0.165847286581993,0.168852537870407,0.0412057340145111,0.019789656624198,0.181558027863503,0.0165033042430878,-0.00484323455020785,0.164145603775978,0.237291499972343
-0.192866757512093,-0.154511868953705,-0.072833888232708,-0.0858533084392548,-0.0273310150951147,0.0964166596531868,0.16534735262394,-0.0463466159999371,-0.0618622601032257,-0.140542194247246,-0.230086833238602,-0.115779690444469,-0.0913387313485146,-0.0354513972997665,0.0763353630900383,0.129415526986122,-0.0313706398010254,-0.0607983358204365,0,-0.0733677223324776,0.18273338675499,-0.00526767922565341,0.0372692905366421,0.293364137411118,0.232097446918488,0.265011161565781,-0.128423109650612,0.0978453755378723,0.0355415195226669,0.0545889027416706,0.0714529752731323,0.606670379638672,0.0338828563690186,-0.0615050196647644,0.397997885942459,0.155205428600311,0.470777124166489,-0.0893602594733238,0.0411506406962872,-0.144081383943558,0.0932831540703773,-0.0384128354489803,-0.105328656733036,-0.0737938359379768,0.159400075674057,0.0645238682627678,0.736230075359344,0.138092666864395,0.108003735542297,0.183395087718964,0.157300710678101,0.0954615250229836,0.69204044342041,-0.0641476437449455,0.0508279800415039,-0.0203052274882793,0.0207365844398737,0.258703410625458,0.0580022037029266,0.216888576745987,-0.156994208693504,0.0785581395030022,-0.00854921899735928,0.0496754124760628,-0.00361667340621352,0.430300980806351,0.0567827522754669,-0.0170947201550007,0.177993178367615,0.169346496462822,0.264344930648804,-0.11999748647213,0.0980522185564041,-0.189520537853241,0.0823803618550301,-0.0947981253266335,-0.103972226381302,-0.108036398887634,0.0745588690042496,0.0455324091017246,0.635258436203003,0.00353415333665907,0.0823788270354271,0.20255009829998,0.17149718105793,0.0625650733709335
0.251550137996674,0.278715133666992,0.238707780838013,0.341457664966583,0.111538678407669,0.0625320076942444,-0.0283641517162323,0.114302046597004,0.18456207215786,0.254311889410019,0.313671678304672,0.242927372455597,0.319810450077057,0.13235966861248,0.0526232607662678,-0.0178077537566423,0.106955416500568,0.182344704866409,-0.0733677223324776,0,-0.0476062558591366,0.175125136971474,0.0630709379911423,0.0196613147854805,-0.113691546022892,0.0145297721028328,0.0194496493786573,0.0313664264976978,0.246960535645485,0.178757876157761,-0.0589284673333168,-0.275304526090622,0.0219467896968126,0.389970868825912,0.252157777547836,-0.190568372607231,0.0366149544715881,0.267509758472443,0.282391101121902,0.432630240917206,0.381744801998138,0.122949972748756,0.325546860694885,0.27983084321022,0.361200511455536,0.245099574327469,0.0497558861970901,0.415593057870865,-0.140977203845978,-0.0228741727769375,0.302786141633987,0.570006132125854,-0.01226822193712,0.590625405311584,-0.0769442841410637,0.188812911510468,0.0156099321320653,0.000604946108069271,-0.114920355379581,0.00671388301998377,0.0730778127908707,0.0496951453387737,0.200518369674683,0.140064209699631,-0.0221946183592081,-0.243640154600143,0.0321915708482265,0.364997923374176,0.300220102071762,-0.209069028496742,0.12694226205349,0.273679047822952,0.238811552524567,0.439144104719162,0.369538724422455,0.171801209449768,0.332540810108185,0.24805098772049,0.291798382997513,0.188555106520653,0.0419230237603188,0.448558330535889,-0.160231351852417,-0.0750638768076897,0.262540608644485,0.567655444145203
0.103874281048775,0.0660426691174507,0.122427254915237,-0.0163165107369423,0.0115891890600324,0.146808341145515,0.0342619232833385,-0.0526997409760952,0.0235952511429787,0.260816931724548,0.0143103236332536,0.0717317461967468,-0.0141974147409201,-0.0237492918968201,0.127444922924042,0.0351935811340809,-0.0442399494349957,0.0548786669969559,0.18273338675499,-0.0476062558591366,0,-0.134151101112366,0.0709559321403503,0.172276392579079,0.733641624450684,0.549595594406128,0.204066723585129,-0.0207696761935949,0.325787752866745,-0.0732962042093277,0.0907897278666496,0.4528748691082,0.168529897928238,-0.0851263552904129,0.558419406414032,0.486426323652267,0.564340233802795,-0.0738716050982475,-0.041395366191864,0.180490478873253,0.140780434012413,0.349162608385086,-0.00335325812920928,0.707934021949768,0.397812813520432,0.376689791679382,0.0533603802323341,0.440991252660751,0.00126943294890225,0.00198981841094792,0.0264654979109764,0.0300391409546137,0.0429564528167248,-0.0496336631476879,0.681061387062073,-0.192022085189819,0.0695297718048096,0.115617841482162,0.54789924621582,0.325303435325623,0.0933713167905807,0.0129694594070315,0.140703693032265,-0.0757363960146904,0.0653206780552864,0.301653385162354,0.132831901311874,-0.059373565018177,0.397367835044861,0.389499545097351,0.304247975349426,-0.0791304185986519,-0.00879222992807627,0.0673326477408409,0.0779053345322609,0.214183062314987,-0.0820033401250839,0.356546998023987,0.170565724372864,0.189161643385887,0.0666508451104164,0.200244411826134,0.0948493555188179,0.00231918855570257,0.0420097000896931,-0.0112016582861543
0.023593133315444,0.113630034029484,0.030871732160449,0.0824523195624352,0.0238178335130215,0.07797621935606,0.00185589329339564,0.0301611293107271,0.0869756415486336,0.0469956733286381,0.0986796841025352,0.0149647062644362,0.0796856284141541,0.0255632288753986,0.0704079270362854,-0.000495788583066314,0.0421825386583805,0.068920761346817,-0.00526767922565341,0.175125136971474,-0.134151101112366,0,0.0112292105332017,0.289715737104416,0.042178425937891,-0.140920534729958,0.13123881816864,0.177910402417183,0.0355816446244717,0.912547826766968,0.0100933760404587,-0.16027207672596,0.20010681450367,0.310904800891876,-0.0795516595244408,-0.177689984440804,-0.142898008227348,0.87604558467865,0.228944942355156,0.0948576405644417,0.196158736944199,0.328761160373688,0.104630291461945,-0.0125246020033956,0.0616728030145168,0.672505259513855,0.099715068936348,0.037259679287672,-0.0300245545804501,0.00700508384034038,0.174700021743774,0.214651629328728,0.0473297648131847,0.182267844676971,-0.222440242767334,0.974812924861908,-0.00740774488076568,0.311591684818268,-0.0425798259675503,-0.0738290250301361,0.197790518403053,0.241773903369904,0.00632926309481263,0.901243448257446,0.00207047234289348,-0.182729467749596,0.184440210461617,0.286607533693314,-0.106871359050274,-0.225106969475746,-0.145378842949867,0.838721930980682,0.266662240028381,0.088650681078434,0.210306733846664,0.351296663284302,0.119983926415443,-0.0516163595020771,-0.00502187432721257,0.592645049095154,0.0950372740626335,0.0475266166031361,-0.075299970805645,0.00756497774273157,0.150522246956825,0.203023225069046
0.0258179865777493,0.024517459794879,0.0131738111376762,0.0169957652688026,0.0159391891211271,0.145867571234703,0.0842708721756935,0.00379462912678719,0.0278897397220135,0.0499440357089043,0.018095325678587,-0.00378459459170699,0.0210993010550737,0.0170599352568388,0.132780700922012,0.0775627791881561,0.0176995862275362,0.0458492375910282,0.0372692905366421,0.0630709379911423,0.0709559321403503,0.0112292105332017,0,0.164350524544716,0.113628283143044,0.139395236968994,0.0684772580862045,0.0473662875592709,0.106633201241493,0.0442798994481564,0.104427687823772,0.109955474734306,0.112100839614868,0.0235070791095495,0.070574015378952,0.0367876030504704,0.0727522596716881,0.0238147936761379,0.046063806861639,0.0579553656280041,0.0502950996160507,0.0514905117452145,0.0819705724716187,0.047853134572506,0.0836075767874718,0.0836566984653473,0.125000908970833,0.0622178800404072,0.0320936143398285,0.113959886133671,0.0596834719181061,0.122729860246181,0.0272664185613394,0.0312581174075603,0.0508739650249481,0.00267471023835242,0.0687789544463158,0.143060624599457,0.0833447948098183,0.125634133815765,0.0647342130541801,0.0377551764249802,0.0758093520998955,0.0414556823670864,0.0996842533349991,0.0843332633376122,0.0991382375359535,-0.00339250080287457,0.0683624520897865,0.0240036230534315,0.0529006607830524,0.0182646755129099,0.0414488017559052,0.0392951816320419,0.0442437417805195,0.0672346204519272,0.0553188659250736,0.0115257911384106,0.0649604573845863,0.0745995119214058,0.0895094648003578,0.0387879759073257,0.0284955836832523,0.0657594949007034,0.0408835895359516,0.106291219592094
-0.0929350480437279,-0.106417588889599,-0.0626232549548149,-0.0286999549716711,-0.0151811772957444,0.222052425146103,0.183007404208183,-0.0162900388240814,-0.00707225454971194,-0.159053027629852,-0.106552436947823,-0.077835850417614,-0.0422222167253494,-0.0261909887194633,0.233710423111916,0.184394106268883,-0.00883257947862148,-0.00301955477334559,0.293364137411118,0.0196613147854805,0.172276392579079,0.289715737104416,0.164350524544716,0,0.266540229320526,0.372148871421814,0.0432367511093616,0.58835756778717,0.0868777632713318,0.516208291053772,0.165020555257797,0.195163980126381,0.352747619152069,0.0521476566791534,0.120163336396217,0.00848586577922106,0.0909022018313408,0.224798426032066,0.0779532790184021,-0.0794766992330551,0.114757284522057,0.0607501119375229,0.0367076955735683,-0.024144446477294,0.0545548610389233,0.517183184623718,0.359571784734726,0.00066927436273545,0.0438725203275681,0.165817901492119,0.116468213498592,0.146243318915367,0.298983603715897,0.0418845489621162,0.0671050101518631,0.26622661948204,0.115836709737778,0.840236246585846,0.1885856539011,0.395727872848511,0.0563738979399204,0.555882930755615,0.0773133262991905,0.531695485115051,0.144637748599052,0.215018391609192,0.370745301246643,0.0828223824501038,0.123779602348804,-0.00287740770727396,0.14371982216835,0.164275139570236,0.138444840908051,-0.0515585727989674,0.141873270273209,0.132243186235428,0.0428757518529892,-0.0326623804867268,0.0485813580453396,0.515286684036255,0.301321983337402,-0.0176097620278597,0.0545998811721802,0.155089944601059,0.0839022472500801,0.109271809458733
0.0741629898548126,0.0637378469109535,0.049210611730814,-0.0850792899727821,-0.00638857902958989,0.239425897598267,0.0448338948190212,-0.0537477023899555,0.0315927788615227,0.213856145739555,0.0125391520559788,0.010248756967485,-0.0919832810759544,-0.0212782677263021,0.210243836045265,0.0299246069043875,-0.0178656484931707,0.0644195973873138,0.232097446918488,-0.113691546022892,0.733641624450684,0.042178425937891,0.113628283143044,0.266540229320526,0,0.495321601629257,0.535242557525635,0.113526999950409,0.225920140743256,0.109351448714733,0.297667652368546,0.634347438812256,0.396143227815628,-0.0764565616846085,0.277334362268448,0.413871496915817,0.342933475971222,0.0545998886227608,-0.076951302587986,0.217669114470482,-0.0861073285341263,0.677430391311646,0.12350882589817,0.5556560754776,0.358653336763382,0.310918033123016,0.119378156960011,0.200768932700157,0.136934041976929,0.101656123995781,0.0447586625814438,-0.0527691505849361,0.0758701115846634,-0.138400137424469,0.528784036636353,-0.0336621254682541,0.0707559883594513,0.193502470850945,0.742896914482117,0.314069956541061,0.413278639316559,0.106467701494694,0.0885325819253922,0.104640439152718,0.256860464811325,0.533783435821533,0.322072416543961,-0.0614374987781048,0.170235216617584,0.295490324497223,0.160102501511574,0.0368961468338966,-0.050982803106308,0.0794903859496117,-0.110011048614979,0.495167851448059,0.0414169728755951,0.238810911774635,0.190113916993141,0.138508334755898,0.0918358415365219,0.0446357689797878,0.226252898573875,0.122006349265575,0.0526554360985756,-0.0872639045119286
