0,0.346626132726669,0.265914261341095,0.274253726005554,0.0803837925195694,-0.0165902208536863,-0.0988514125347137,0.0683888345956802,0.221561059355736,0.700833380222321,0.437772452831268,0.363712012767792,0.291406482458115,0.106601968407631,-0.00834309123456478,-0.0968594551086426,0.0473420061171055,0.275930166244507,-0.185436099767685,0.241721585392952,0.0596156530082226,-0.0359067320823669,0.0172724016010761,-0.0901252031326294,0.0490800999104977,0.112313210964203,0.0954026505351067,-0.0302700884640217,0.213334530591965,-0.00659718085080385,-0.154897347092628,-0.138957142829895,0.0107299331575632,0.0865103602409363,0.0983119904994965,-0.0434425845742226,0.0331124812364578,0.11552781611681,-0.00684805493801832,0.368509024381638,0.0415367297828197,0.19262620806694,0.103940464556217,0.363937854766846,0.0391703136265278,0.116255179047585,-0.192971974611282,0.336636990308762,-0.108427226543427,-0.0637107267975807,0.040914710611105,0.220302820205688,-0.0463253855705261,0.283411145210266,0.433120429515839,-0.0349553152918816,0.0399326458573341,-0.113004013895988,0.381268322467804,0.241176158189774,0.197966650128365,-0.0405591428279877,0.348662883043289,-0.0550718419253826,-0.0264464356005192,0.122212782502174,0.0229139644652605,0.100517526268959,0.399645328521729,0.235291749238968,0.330769151449203,0.123958475887775,0.00792981497943401,0.449669182300568,0.148924797773361,0.329332381486893,0.183371216058731,0.602532744407654,0.419321268796921,0.136893644928932,-0.125457614660263,0.519074320793152,0.00683092512190342,-0.0873403400182724,0.0511426068842411,0.282464325428009
0.346626132726669,0,0.254271030426025,0.281562477350235,0.119093798100948,0.0140230329707265,-0.0836481004953384,0.0747210904955864,0.231374144554138,0.361518859863281,0.504493892192841,0.27476841211319,0.263205468654633,0.0958782806992531,-0.00341907027177513,-0.104453451931477,0.0632428973913193,0.221645638346672,-0.115368075668812,0.265242367982864,0.0482162870466709,0.0822223350405693,0.0220660176128149,-0.0766138285398483,0.0570874288678169,0.0417703911662102,0.147045314311981,0.0586503632366657,0.160930469632149,0.124300062656403,-0.0293485894799232,-0.101822532713413,0.0162443649023771,0.145752623677254,0.131756648421288,-0.05700409039855,0.0272969920188189,0.237810224294662,0.0999217554926872,0.335482269525528,0.100814163684845,0.198251977562904,0.165662512183189,0.217561766505241,0.175214022397995,0.0900614038109779,-0.118915848433971,0.224002927541733,-0.0441558472812176,-0.053371537476778,0.173614695668221,0.281893104314804,-0.128179669380188,0.261831313371658,0.0541856065392494,0.0780216977000237,0.0190934967249632,-0.0998997315764427,0.0501534193754196,-0.0107646752148867,0.128138601779938,0.0531537495553493,0.134001299738884,0.0735399052500725,-0.00882241036742926,-0.0971694141626358,-0.0124419881030917,0.0771162137389183,0.158722788095474,-0.0245593264698982,0.0732177495956421,0.266650259494781,0.0562373660504818,0.315859973430634,0.0795474052429199,0.180656686425209,0.152897477149963,0.177310451865196,0.162590727210045,0.0265609137713909,-0.128496244549751,0.213825091719627,-0.048721507191658,-0.0706042349338531,0.15263868868351,0.261326402425766
0.265914261341095,0.254271030426025,0,0.393321812152863,0.107827700674534,0.0360791124403477,-0.0194682944566011,0.147491917014122,0.148321926593781,0.295445263385773,0.271249949932098,0.580252647399902,0.373804271221161,0.0642942041158676,0.029196210205555,-0.0307543091475964,0.121439918875694,0.152027815580368,-0.0359595902264118,0.214703112840652,0.124245047569275,-0.00784485694020987,0.00275260908529162,-0.0566011443734169,0.0396156162023544,0.057712446898222,0.0906465128064156,-0.00860945321619511,0.213944926857948,0.0187982674688101,-0.0031484633218497,-0.0636099800467491,-0.0298964567482471,0.0330594107508659,0.243411973118782,0.00754756666719913,0.153676137328148,0.0929467529058456,-0.0186703633517027,0.209199905395508,0.0665775239467621,0.0916986092925072,0.184498026967049,0.257990062236786,0.205697193741798,0.0247009247541428,-0.0668240115046501,0.183774203062057,-0.0480788834393024,-0.0473267547786236,0.0829106569290161,0.184754937887192,-0.0372171103954315,0.183999836444855,0.100638635456562,-0.0244943369179964,0.0320241525769234,-0.0797062441706657,0.020051397383213,0.0259323269128799,0.0646686106920242,0.00509753869846463,0.168818131089211,-0.0256960447877645,0.0015250553842634,-0.0748841539025307,-0.0207996424287558,0.00871433038264513,0.19371423125267,-0.0186814293265343,0.136555001139641,0.0973335802555084,-0.033677015453577,0.194150447845459,0.0727097019553185,0.0638222470879555,0.1379314661026,0.163824692368507,0.155592903494835,-0.0248968824744225,-0.0637856647372246,0.170449003577232,-0.0660964250564575,-0.0565643049776554,0.0891566872596741,0.175444886088371
0.274253726005554,0.281562477350235,0.393321812152863,0,0.200526714324951,0.0199588853865862,-0.00498392758890986,0.11243662238121,0.14755117893219,0.260478377342224,0.289495140314102,0.375424742698669,0.639873027801514,0.125066101551056,0.00955396052449942,-0.0153972590342164,0.100796811282635,0.154237896203995,-0.0583041645586491,0.303771287202835,-0.02988669462502,0.0306627657264471,0.0124412346631289,-0.0272272825241089,-0.0937902480363846,0.0195413306355476,0.00845465995371342,0.018870186060667,0.16084448993206,0.0405009537935257,-0.0288913510739803,-0.153573706746101,-0.0212058741599321,0.181968227028847,0.188395917415619,-0.081762008368969,0.0713885575532913,0.125777885317802,0.155461847782135,0.212743997573853,0.266570925712585,0.0374196991324425,0.13479071855545,0.158665180206299,0.168573915958405,0.093171738088131,-0.0137572325766087,0.24462728202343,-0.0761865824460983,-0.011002735234797,0.14282451570034,0.349044442176819,-0.0206685457378626,0.291068583726883,-0.00192959362175316,0.0269431937485933,0.0140372812747955,-0.0496837273240089,-0.0640781298279762,-0.014181355945766,0.0165983270853758,0.0276363138109446,0.148616120219231,0.0113309407606721,-0.0203026290982962,-0.137795150279999,0.00750423176214099,0.141837328672409,0.256964385509491,-0.0555925033986568,0.14242821931839,0.140586316585541,0.101231798529625,0.248579546809196,0.253803670406342,0.063835896551609,0.136282429099083,0.16925074160099,0.174467608332634,0.0654532611370087,-0.0319895558059216,0.294617861509323,-0.0769315958023071,-0.0567390769720078,0.135239377617836,0.348751336336136
0.0803837925195694,0.119093798100948,0.107827700674534,0.200526714324951,0,0.00246029603295028,-0.01386225130409,0.0212212335318327,0.0628622993826866,0.0957434102892876,0.102315716445446,0.112734273076057,0.173497036099434,0.0396259613335133,-0.00321162701584399,-0.025212736800313,0.023793475702405,0.0610646717250347,-0.0235191117972136,0.104851789772511,0.00308447098359466,0.00311505259014666,0.0104681560769677,-0.0172295067459345,-0.0170086715370417,0.0082838935777545,-0.00198867567814887,-0.0151136107742786,0.0778927132487297,0.00898269657045603,-0.0203205663710833,-0.0351841151714325,-0.00709899235516787,0.0170305017381907,0.0734120309352875,0.00398683780804276,0.0527247227728367,0.0515424460172653,0.0610071271657944,0.0938641950488091,0.0836517438292503,0.0114123672246933,0.0587951987981796,0.0710325464606285,0.0674254596233368,0.00563299795612693,0.00290861283428967,0.103504918515682,-0.0282383225858212,-0.0173720791935921,0.0614020898938179,0.142546355724335,-0.0117112714797258,0.112360440194607,-0.0198667980730534,-0.000356113043380901,-0.0129770906642079,-0.036840844899416,-0.0372364036738873,-0.011784765869379,-0.00381251820363104,-0.0081233186647296,0.0641987547278404,-0.00687234755605459,-0.0209296699613333,-0.045109037309885,-0.0210545267909765,0.0231072157621384,0.0825710296630859,-0.0061811632476747,0.0609296746551991,0.0542482174932957,0.0473206602036953,0.0774199292063713,0.0689560621976852,-0.00169430603273213,0.0326014012098312,0.0385769940912724,0.0477785356342793,-0.0172608382999897,-0.0149157745763659,0.0990342646837234,-0.0391435362398624,-0.0240703374147415,0.0432204268872738,0.131783470511436
-0.0165902208536863,0.0140230329707265,0.0360791124403477,0.0199588853865862,0.00246029603295028,0,0.179387822747231,0.0171247180551291,0.0924419909715652,0.0578717403113842,0.000859367428347468,0.0267577394843102,0.00637126108631492,-0.0188550297170877,0.446692764759064,0.182285726070404,0.0426868535578251,0.0753332078456879,0.0811312943696976,0.0450602360069752,0.151725500822067,0.0807461813092232,0.134224385023117,0.222554489970207,0.237911343574524,0.131840139627457,0.342649877071381,0.122065953910351,0.0789608359336853,0.104619212448597,0.30425563454628,0.206862822175026,0.276292413473129,0.0768069997429848,-0.0182633064687252,0.0186501126736403,-0.0102700516581535,0.0674502849578857,0.0997884348034859,0.094964824616909,0.0754489749670029,0.261344790458679,0.234975203871727,-0.0125639922916889,0.175985649228096,0.0747019052505493,0.232235103845596,-0.0701559633016586,0.0568558759987354,0.150944456458092,0.112262688577175,0.0844272896647453,0.044993668794632,0.0290336571633816,2.96533107757568e-05,0.0557755343616009,0.0886242315173149,0.208799764513969,0.107932783663273,0.0820533931255341,0.288255542516708,0.123436816036701,0.016498826444149,0.094890832901001,0.271393567323685,0.125093474984169,0.233328357338905,0.0704991668462753,-0.113078117370605,-0.0691744014620781,-0.0887681469321251,0.0475741773843765,0.107095465064049,0.0324078351259232,0.0628020316362381,0.207509502768517,0.155939251184464,-0.101858288049698,0.0664978697896004,0.0382299423217773,0.196426406502724,-0.109246306121349,0.0438951104879379,0.125395998358727,0.094790980219841,0.0580423325300217
-0.0988514125347137,-0.0836481004953384,-0.0194682944566011,-0.00498392758890986,-0.01386225130409,0.179387822747231,0,-0.00671621924266219,-0.00429401500150561,-0.0429353080689907,-0.102877780795097,-0.0426194816827774,-0.0231738612055779,-0.0220797695219517,0.182652279734612,0.262914329767227,-0.00777710555121303,-0.0284074377268553,0.155255556106567,-0.0340739078819752,0.0437649972736835,0.0131366541609168,0.0738366767764091,0.180483564734459,0.0536375790834427,0.132953241467476,-0.000156570225954056,0.0661138519644737,0.0060123223811388,0.0265984367579222,0.169624403119087,0.169528618454933,0.0684147551655769,0.0309865847229958,0.0232622437179089,0.0667048692703247,0.0741571858525276,-0.0240932181477547,0.0753344371914864,-0.111218266189098,0.0920535326004028,-0.0464220829308033,-0.000273393467068672,-0.141673624515533,0.0656848102807999,0.028099499642849,0.243090927600861,-0.0597464665770531,0.0486463084816933,0.130881696939468,0.0190474409610033,0.0369614772498608,0.108452677726746,-0.0491359792649746,-0.0797532275319099,0.00221352931112051,0.032718725502491,0.162283763289452,-0.0520815998315811,0.071319468319416,-0.0312928482890129,0.0512690246105194,-0.0259001515805721,0.0221170429140329,0.0913152098655701,0.0874108448624611,0.0529870912432671,0.0398109517991543,-0.0594879612326622,-0.0305924955755472,-0.0271859839558601,-0.0431279800832272,0.0793000385165215,-0.136166989803314,0.0886070728302002,-0.0706672072410583,-0.0261130947619677,-0.199820622801781,-0.0255363490432501,0.0294116083532572,0.205136403441429,-0.119863234460354,0.0244206879287958,0.108542658388615,0.0041361884213984,0.00505194626748562
0.0683888345956802,0.0747210904955864,0.147491917014122,0.11243662238121,0.0212212335318327,0.0171247180551291,-0.00671621924266219,0,0.0566106364130974,0.0469210557639599,0.0798738896846771,0.140738368034363,0.110202819108963,0.017505144700408,0.0314787663519382,0.00902250874787569,0.112436346709728,0.0665322467684746,-0.0362583734095097,0.099942646920681,-0.0609215684235096,0.0152659872546792,9.32579860091209e-05,-0.0196184143424034,-0.0548086576163769,-0.0292334388941526,0.0510780699551105,0.0157787669450045,0.0219088438898325,0.00674667255952954,0.0600997656583786,-0.06489397585392,0.0181983727961779,0.0474657528102398,-0.0295291226357222,-0.0858080238103867,-0.0769707635045052,0.0433188565075397,0.0178435202687979,0.071350209414959,0.0157139897346497,0.0462806262075901,0.123234584927559,-0.00370260304771364,0.00982954818755388,-0.000998873147182167,0.0102494424208999,-0.00175246747676283,-0.0025886797811836,-0.00436933245509863,0.0509732253849506,0.0873572900891304,-0.0177493002265692,0.0846939980983734,-0.040669959038496,0.0214804895222187,-0.0112514905631542,-0.00674345809966326,-0.0271454993635416,-0.00363210658542812,0.0734756216406822,0.0327289924025536,0.0276844874024391,-0.000495146901812404,0.0624932758510113,-0.0459294766187668,0.00859458278864622,0.0445962175726891,-0.000586356676649302,-0.0900194719433784,-0.019262595102191,0.0493338033556938,0.0119616920128465,0.0824840515851974,0.0360755063593388,0.0620389208197594,0.107831627130508,0.0199915077537298,0.0293064899742603,0.00261298078112304,0.018492940813303,0.0551431141793728,-0.0205076653510332,-0.00337133486755192,0.0573456399142742,0.0935839936137199
0.221561059355736,0.231374144554138,0.148321926593781,0.14755117893219,0.0628622993826866,0.0924419909715652,-0.00429401500150561,0.0566106364130974,0,0.230784058570862,0.239134684205055,0.137089475989342,0.140816420316696,0.0447090193629265,0.0732245445251465,-0.0177781973034143,0.0523511357605457,0.202663913369179,-0.043395422399044,0.170353204011917,0.0123874060809612,0.0555215887725353,0.0176440756767988,-0.00280766002833843,0.0260485969483852,0.00649188086390495,0.12990491092205,0.0120604671537876,0.0841751396656036,0.0883423238992691,0.020553020760417,-0.0508690625429153,0.0632325783371925,0.106705836951733,0.0494408905506134,-0.0493414960801601,-0.00215837592259049,0.170276135206223,0.0767808556556702,0.194100141525269,0.0604117251932621,0.155134037137032,0.135441854596138,0.103747762739658,0.0822060033679008,0.0314361974596977,0.00148200138937682,0.109234020113945,-0.0312625393271446,-0.0185151509940624,0.124676659703255,0.183245569467545,-0.0297195464372635,0.173053160309792,0.0429835543036461,0.0450075045228004,0.0305773932486773,-0.0250678863376379,0.0509811900556087,0.0198064744472504,0.141490086913109,0.00734447408467531,0.100376918911934,0.0715131014585495,0.0590118616819382,-0.0171244777739048,0.0341442599892616,0.0622467510402203,0.0876129642128944,-0.0280427932739258,0.0458251126110554,0.1736850887537,0.0619916021823883,0.183274462819099,0.0587707720696926,0.167681112885475,0.138162821531296,0.102637119591236,0.12323385477066,-0.000228631310164928,3.08286398649216e-05,0.146966114640236,-0.0375234745442867,0.00133146916050464,0.11741928011179,0.17902460694313
0.700833380222321,0.361518859863281,0.295445263385773,0.260478377342224,0.0957434102892876,0.0578717403113842,-0.0429353080689907,0.0469210557639599,0.230784058570862,0,0.3346888422966,0.292135775089264,0.21989993751049,0.0949955731630325,0.0483872517943382,-0.0553329773247242,0.0327534303069115,0.238881275057793,-0.0742066204547882,0.225331410765648,0.302411049604416,-0.0057741142809391,0.0489452481269836,-0.112783864140511,0.254749655723572,0.222740322351456,0.165696144104004,-0.111625112593174,0.23361748456955,-0.00163893436547369,0.00339291803538799,0.0575127750635147,0.0441748686134815,0.151882231235504,0.256885886192322,0.122830979526043,0.231572717428207,0.132585823535919,0.179042398929596,0.317598551511765,0.223776951432228,0.262324184179306,0.107731513679028,0.473733484745026,0.305815696716309,0.19311261177063,-0.140224665403366,0.367084294557571,-0.0123220514506102,-0.00457775453105569,0.0352706722915173,0.20622044801712,-0.160348728299141,0.168763428926468,0.149690881371498,-0.0203703865408897,0.0228848401457071,-0.142438009381294,0.116632029414177,0.100985839962959,0.111047111451626,-0.0777978524565697,0.108203656971455,-0.0311292614787817,-0.0123342350125313,-0.00645858002826571,0.0190113261342049,0.0882736817002296,0.136914774775505,0.0568897798657417,0.0749178826808929,0.141337394714355,0.0911170691251755,0.249836713075638,0.121459424495697,0.157068714499474,0.0661568567156792,0.227796778082848,0.111569687724113,0.0183356795459986,-0.117297306656837,0.283901154994965,-0.0344433076679707,-0.060447882860899,0.0536372102797031,0.173466861248016
0.437772452831268,0.504493892192841,0.271249949932098,0.289495140314102,0.102315716445446,0.000859367428347468,-0.102877780795097,0.0798738896846771,0.239134684205055,0.3346888422966,0,0.331455320119858,0.310889393091202,0.106217406690121,-0.00800206605345011,-0.112373411655426,0.0983032882213593,0.257496744394302,-0.196489170193672,0.293241918087006,-0.0198693461716175,0.0636430531740189,0.0195637214928865,-0.0876201018691063,0.0016315714456141,-0.0235495734959841,0.14451789855957,0.0395717099308968,0.13959538936615,0.106837138533592,-0.0661981254816055,-0.18788406252861,0.0157797951251268,0.101005502045155,0.045636136084795,-0.129574105143547,-0.049182340502739,0.241117879748344,0.0365705750882626,0.344371199607849,0.0500536784529686,0.203046396374702,0.188849285244942,0.194599002599716,0.0732920691370964,0.0568564794957638,-0.164773553609848,0.215575665235519,-0.0852021798491478,-0.0704544931650162,0.17001973092556,0.278307050466537,-0.138218760490417,0.316190361976624,0.155649170279503,0.073852151632309,0.0129678715020418,-0.116465784609318,0.148842379450798,0.00961879175156355,0.195659220218658,0.0207307394593954,0.201730117201805,0.0625224336981773,-0.00122050510253757,-0.0643477365374565,0.0105087645351887,0.106056399643421,0.250925421714783,0.0143947470933199,0.161328867077827,0.276599049568176,0.0212981682270765,0.401736557483673,0.0959141924977303,0.269268482923508,0.207724764943123,0.313802450895309,0.27136617898941,0.042593777179718,-0.136128187179565,0.315167307853699,-0.0371951125562191,-0.0962139591574669,0.172181606292725,0.307928383350372
0.363712012767792,0.27476841211319,0.580252647399902,0.375424742698669,0.112734273076057,0.0267577394843102,-0.0426194816827774,0.140738368034363,0.137089475989342,0.292135775089264,0.331455320119858,0,0.397010415792465,0.0812245756387711,0.0259300414472818,-0.0324407368898392,0.146328374743462,0.154896423220634,-0.0867123454809189,0.219378501176834,0.0572005771100521,-0.019742188975215,-0.00984467286616564,-0.0698236674070358,-0.00241893250495195,0.0307525247335434,0.0906914845108986,-0.00292820390313864,0.200784340500832,0.00709825195372105,-0.0457513518631458,-0.14013808965683,-0.0316998213529587,0.0205734763294458,0.201817780733109,-0.0356381498277187,0.113228470087051,0.0996909439563751,-0.013425612822175,0.23147813975811,0.0554199256002903,0.0767549574375153,0.181455388665199,0.235265627503395,0.118242487311363,0.0407432466745377,-0.0932425707578659,0.183291256427765,-0.0856233760714531,-0.0697152316570282,0.0751601383090019,0.193260565400124,-0.0369398072361946,0.244423151016235,0.181292504072189,-0.0495526492595673,0.0170373264700174,-0.0899975076317787,0.0882062837481499,0.0563407950103283,0.0917470827698708,-0.0147818895056844,0.246669784188271,-0.0351375788450241,0.00603432720527053,-0.0537167303264141,-0.000553734542336315,0.0234589092433453,0.277610212564468,0.0595382526516914,0.223062545061111,0.102210462093353,-0.0601554363965988,0.265465468168259,0.068205326795578,0.12202100455761,0.194781675934792,0.279400885105133,0.23446986079216,-0.000748644233681262,-0.088887058198452,0.238238304853439,-0.0625631883740425,-0.0596396401524544,0.0680501386523247,0.222847193479538
0.291406482458115,0.263205468654633,0.373804271221161,0.639873027801514,0.173497036099434,0.00637126108631492,-0.0231738612055779,0.110202819108963,0.140816420316696,0.21989993751049,0.310889393091202,0.397010415792465,0,0.139706641435623,0.00538261188194156,-0.0104459691792727,0.127489879727364,0.161497637629509,-0.0638673678040504,0.27665975689888,-0.0359610915184021,0.0267660841345787,0.0161577593535185,-0.0340532660484314,-0.0999108329415321,0.0110199172049761,-0.00792448036372662,0.0313135497272015,0.153042212128639,0.0354664698243141,-0.0685946643352509,-0.159862592816353,-0.0227504651993513,0.152054280042648,0.160838261246681,-0.0966527387499809,0.051578126847744,0.118674740195274,0.0827997550368309,0.217502400279045,0.206959888339043,0.0128097487613559,0.118804216384888,0.137523382902145,0.126354366540909,0.0781456977128983,-0.0381365679204464,0.225290656089783,-0.0886885151267052,-0.0360804907977581,0.130162134766579,0.317219525575638,0.00186638871673495,0.291740566492081,0.00773620838299394,0.0157682318240404,0.0154524398967624,-0.036071602255106,-0.0553575828671455,0.0270560774952173,-0.00418087374418974,0.0329117476940155,0.190467461943626,0.00539122428745031,-0.032328899949789,-0.125963255763054,-0.00799143128097057,0.136892229318619,0.281928688287735,-0.0362870804965496,0.173504874110222,0.131621539592743,0.085100419819355,0.249273374676704,0.26830518245697,0.0578790530562401,0.133034840226173,0.186810344457626,0.17925651371479,0.0679249316453934,-0.0123836062848568,0.306460946798325,-0.0905753821134567,-0.0461494997143745,0.126569539308548,0.377387076616287
0.106601968407631,0.0958782806992531,0.0642942041158676,0.125066101551056,0.0396259613335133,-0.0188550297170877,-0.0220797695219517,0.017505144700408,0.0447090193629265,0.0949955731630325,0.106217406690121,0.0812245756387711,0.139706641435623,0,-0.010124615393579,-0.0295933894813061,0.00968102551996708,0.0892182663083076,-0.0236660614609718,0.121710367500782,-0.0349695421755314,0.00785973016172647,0.0107108810916543,-0.0288666281849146,-0.0286201052367687,-0.0244694035500288,0.00999441463500261,-0.0188127439469099,0.0311671327799559,0.0126760583370924,-0.0323974899947643,-0.055416502058506,-0.00673270132392645,0.0461481064558029,0.0208583846688271,-0.0445145294070244,-0.00880497228354216,0.0505139604210854,0.0494725629687309,0.0809969082474709,0.0577886588871479,0.0361171923577785,0.0531228557229042,0.0373814590275288,0.041421465575695,0.00799425225704908,-0.0143888210877776,0.0739550068974495,-0.0421118699014187,-0.0139989033341408,0.0659288465976715,0.113096974790096,-0.0207433961331844,0.0993132218718529,-0.0010875747539103,0.0119205946102738,-0.000436668255133554,-0.0249915029853582,-0.00658897962421179,-0.0116503732278943,0.0213090591132641,-0.0188487749546766,0.0267143622040749,0.012027139775455,-0.0146676544100046,-0.0331532582640648,-0.00847940612584352,0.056592158973217,0.0658039674162865,-0.0344486273825169,0.0430506132543087,0.0607028491795063,0.0528924241662025,0.0819805413484573,0.0683198124170303,0.0448232144117355,0.0680036842823029,0.0628657266497612,0.0808159187436104,-0.00664093066006899,-0.0145260859280825,0.10441280901432,-0.0257364921271801,-0.0241266451776028,0.0562579706311226,0.124382875859737
-0.00834309123456478,-0.00341907027177513,0.029196210205555,0.00955396052449942,-0.00321162701584399,0.446692764759064,0.182652279734612,0.0314787663519382,0.0732245445251465,0.0483872517943382,-0.00800206605345011,0.0259300414472818,0.00538261188194156,-0.010124615393579,0,0.223417848348618,0.0444292090833187,0.0700432807207108,0.0563198104500771,0.0355944633483887,0.130562350153923,0.0726018846035004,0.113552562892437,0.225325956940651,0.212986335158348,0.120322711765766,0.316154688596725,0.113464765250683,0.0746499001979828,0.0909815058112144,0.310720354318619,0.172896414995193,0.273502320051193,0.0787244364619255,-0.0359818711876869,-0.0188869740813971,-0.0413159914314747,0.0499992035329342,0.0865315794944763,0.0772988498210907,0.0730183646082878,0.248828291893005,0.237654536962509,-0.0392208844423294,0.154518887400627,0.0732709318399429,0.22147011756897,-0.0925676375627518,0.0448718443512917,0.131362736225128,0.0877939388155937,0.0829179659485817,0.0475119352340698,0.0416427254676819,0.0443548299372196,0.0578386373817921,0.110491782426834,0.217248782515526,0.13704776763916,0.12037917226553,0.300751715898514,0.102516643702984,0.0460950471460819,0.0850409418344498,0.267620027065277,0.14471147954464,0.27971687912941,0.0674789920449257,-0.0878962650895119,-0.068201407790184,-0.0719622150063515,0.0418841876089573,0.117842704057693,0.0509663224220276,0.0638929307460785,0.235120430588722,0.178567841649055,-0.0788735151290894,0.0894176810979843,0.0605594776570797,0.214369252324104,-0.0959364622831345,0.0322935804724693,0.144412577152252,0.0874119251966476,0.0781962350010872
-0.0968594551086426,-0.104453451931477,-0.0307543091475964,-0.0153972590342164,-0.025212736800313,0.182285726070404,0.262914329767227,0.00902250874787569,-0.0177781973034143,-0.0553329773247242,-0.112373411655426,-0.0324407368898392,-0.0104459691792727,-0.0295933894813061,0.223417848348618,0,0.0219472162425518,-0.00682313973084092,0.122664399445057,-0.0299619976431131,0.0441919192671776,0.0145876435562968,0.0769742876291275,0.175485730171204,0.0371220596134663,0.119373604655266,-0.0101702073588967,0.0279635116457939,0.00525991385802627,0.0197635721415281,0.141728401184082,0.12886880338192,0.0948619171977043,0.0331689417362213,0.0110091455280781,0.0341912172734737,0.0486276969313622,-0.0652822032570839,0.0631646662950516,-0.0986295267939568,0.0935046374797821,-0.0355408489704132,0.00775816850364208,-0.11651299148798,0.0433123335242271,0.0356313474476337,0.220285028219223,-0.0590209364891052,0.0366706699132919,0.111743904650211,0.0163805168122053,0.0365724749863148,0.116719961166382,-0.0308012776076794,-0.0342683233320713,8.71645752340555e-05,0.0448715165257454,0.183810323476791,-0.0209221336990595,0.118574544787407,-0.0282669346779585,0.0244239829480648,-0.00793055910617113,0.0198273081332445,0.102048642933369,0.090007022023201,0.0993690341711044,0.0368160344660282,-0.0258967708796263,-0.0241554882377386,0.00559085281565785,-0.0722053870558739,0.0827675834298134,-0.12240844219923,0.0964786410331726,-0.0515262000262737,-0.0250977054238319,-0.153967306017876,-0.0168216601014137,0.0420194491744041,0.227197274565697,-0.0807293280959129,0.0229801721870899,0.135262414813042,0.00559976324439049,0.0296996906399727
0.0473420061171055,0.0632428973913193,0.121439918875694,0.100796811282635,0.023793475702405,0.0426868535578251,-0.00777710555121303,0.112436346709728,0.0523511357605457,0.0327534303069115,0.0983032882213593,0.146328374743462,0.127489879727364,0.00968102551996708,0.0444292090833187,0.0219472162425518,0,0.0698391869664192,-0.0260949246585369,0.0937817692756653,-0.0537428520619869,0.0299561377614737,0.013343321159482,-0.0119654014706612,-0.0310112312436104,-0.0440306812524796,0.0827847942709923,0.031340055167675,0.0156353861093521,0.0312891788780689,0.0583857409656048,-0.066415935754776,0.00261626532301307,0.0266885403543711,-0.0256167780607939,-0.0828426480293274,-0.0577515736222267,0.045808881521225,0.00984130334109068,0.0599553361535072,-0.0014779845951125,0.068506546318531,0.127939268946648,-0.0172529015690088,0.0126537261530757,-0.00637993589043617,0.0192759688943624,-0.0311895683407784,-0.00806048605591059,-0.0106681035831571,0.0479088537395,0.0660804733633995,-0.00985210388898849,0.0832916051149368,-0.0480590835213661,0.0305872671306133,0.00183715135790408,0.0116555830463767,-0.0325964204967022,-0.019406333565712,0.0716696158051491,0.0313042625784874,0.0213930942118168,0.0185024123638868,0.0495110638439655,-0.0441449694335461,0.018290689215064,0.0336669683456421,-0.0153517313301563,-0.106557510793209,-0.0327626429498196,0.0510199815034866,0.00133942638058215,0.071117490530014,0.00326956901699305,0.0670457035303116,0.122541137039661,0.00927319750189781,0.0108988909050822,-0.00393731845542789,0.0273942239582539,0.0144621208310127,-0.0164246652275324,-0.003283895784989,0.0533759370446205,0.0757201537489891
0.275930166244507,0.221645638346672,0.152027815580368,0.154237896203995,0.0610646717250347,0.0753332078456879,-0.0284074377268553,0.0665322467684746,0.202663913369179,0.238881275057793,0.257496744394302,0.154896423220634,0.161497637629509,0.0892182663083076,0.0700432807207108,-0.00682313973084092,0.0698391869664192,0,-0.0554339960217476,0.164007097482681,0.044272318482399,0.048010528087616,0.0436580032110214,0.00422773603349924,0.0592068135738373,0.0267710909247398,0.130505710840225,0.0012017966946587,0.0996641591191292,0.0849083065986633,0.0221978537738323,-0.0260246768593788,0.0781495571136475,0.079527273774147,0.0364872701466084,-0.0466183573007584,0.00729184504598379,0.16168612241745,0.0667718201875687,0.182022288441658,0.0575372278690338,0.164226174354553,0.142032727599144,0.111365340650082,0.0867105424404144,0.039284810423851,0.0151140466332436,0.1298868060112,-0.0303779132664204,0.0292231105268002,0.168798938393593,0.186563760042191,-0.0043368237093091,0.183792322874069,0.100730448961258,0.0547868423163891,0.0265035387128592,-0.00490432791411877,0.106907181441784,0.0328148901462555,0.1557257771492,0.00855797063559294,0.12068983912468,0.0698197185993195,0.0754436105489731,0.0220387559384108,0.0628572553396225,0.0970971286296844,0.115733936429024,0.0158110223710537,0.0901682004332542,0.173932984471321,0.0664388760924339,0.201378270983696,0.076478011906147,0.196835279464722,0.147946432232857,0.144770681858063,0.166195645928383,0.0295706950128078,0.0262982919812202,0.162233591079712,0.00454410212114453,2.41082161664963e-05,0.141008451581001,0.214018046855927
-0.185436099767685,-0.115368075668812,-0.0359595902264118,-0.0583041645586491,-0.0235191117972136,0.0811312943696976,0.155255556106567,-0.0362583734095097,-0.043395422399044,-0.0742066204547882,-0.196489170193672,-0.0867123454809189,-0.0638673678040504,-0.0236660614609718,0.0563198104500771,0.122664399445057,-0.0260949246585369,-0.0554339960217476,0,-0.0417785197496414,0.205441191792488,0.035186979919672,0.0338555723428726,0.276568561792374,0.175593301653862,0.275273710489273,-0.151308581233025,0.0593728087842464,0.0657061487436295,0.0640309005975723,0.0567607097327709,0.585813462734222,-0.00310151814483106,-0.0125018442049623,0.460081726312637,0.166316628456116,0.522734045982361,-0.0564916208386421,0.089513786137104,-0.11502443999052,0.161145657300949,-0.0729217082262039,-0.130999937653542,-0.0294479727745056,0.176589012145996,0.0751954019069672,0.726008892059326,0.192397624254227,0.11931611597538,0.161719441413879,0.166552782058716,0.130531683564186,0.649956822395325,-0.0491078123450279,0.000962157442700118,0.0169800017029047,0.0217365808784962,0.227597430348396,-0.00697075854986906,0.192009389400482,-0.191568672657013,0.0601996742188931,-0.00048786957631819,0.0648666694760323,-0.0368315652012825,0.364865630865097,0.0191349480301142,0.012565003708005,0.198352411389351,0.144759833812714,0.255706638097763,-0.0811203718185425,0.1341682523489,-0.170340314507484,0.122047625482082,-0.141717255115509,-0.115215435624123,-0.118802361190319,0.0226379130035639,0.0462738759815693,0.611800074577332,0.0282498672604561,0.0672038644552231,0.168368607759476,0.18074606359005,0.0993855223059654
0.241721585392952,0.265242367982864,0.214703112840652,0.303771287202835,0.104851789772511,0.0450602360069752,-0.0340739078819752,0.099942646920681,0.170353204011917,0.225331410765648,0.293241918087006,0.219378501176834,0.27665975689888,0.121710367500782,0.0355944633483887,-0.0299619976431131,0.0937817692756653,0.164007097482681,-0.0417785197496414,0,-0.0916643440723419,0.14752385020256,0.0565863102674484,0.0077946106903255,-0.137167990207672,-0.0184011813253164,0.0212863460183144,0.0269027631729841,0.237492948770523,0.167074933648109,-0.0831800028681755,-0.271373152732849,0.0130226192995906,0.348324924707413,0.212042689323425,-0.210440054535866,0.0196660347282887,0.253406167030334,0.275691956281662,0.428337574005127,0.351437032222748,0.113109581172466,0.303788304328918,0.264736354351044,0.32301664352417,0.223391219973564,0.0643187165260315,0.379605203866959,-0.131942555308342,-0.0367208197712898,0.297602444887161,0.560033857822418,0.0488444566726685,0.587660431861877,-0.111318521201611,0.162632778286934,0.0119254952296615,-0.0147800780832767,-0.135461285710335,-0.011836651712656,0.0561178214848042,0.0409468300640583,0.189744681119919,0.135673224925995,-0.031023783609271,-0.233270511031151,0.0192083735018969,0.320872962474823,0.297963231801987,-0.225928604602814,0.113195762038231,0.25456827878952,0.239295393228531,0.44999697804451,0.349278718233109,0.168237552046776,0.304086476564407,0.24196121096611,0.28636822104454,0.174235612154007,0.0658678412437439,0.44024121761322,-0.160200104117393,-0.080002024769783,0.24532650411129,0.547188222408295
0.0596156530082226,0.0482162870466709,0.124245047569275,-0.02988669462502,0.00308447098359466,0.151725500822067,0.0437649972736835,-0.0609215684235096,0.0123874060809612,0.302411049604416,-0.0198693461716175,0.0572005771100521,-0.0359610915184021,-0.0349695421755314,0.130562350153923,0.0441919192671776,-0.0537428520619869,0.044272318482399,0.205441191792488,-0.0916643440723419,0,-0.147857084870338,0.0674891844391823,0.17684930562973,0.73553466796875,0.56318199634552,0.22050778567791,-0.103742159903049,0.299920529127121,-0.0984514504671097,0.120320692658424,0.478681683540344,0.177420660853386,-0.0962323844432831,0.569974303245544,0.465696424245834,0.566644132137299,-0.118919484317303,-0.0308278016746044,0.118727877736092,0.131133303046227,0.342425793409348,-0.0143302474170923,0.684429168701172,0.435502111911774,0.366434395313263,0.0410659126937389,0.427197188138962,0.0408660732209682,0.00680065294727683,-0.0232767201960087,-0.0347433313727379,-0.0121372323483229,-0.101361714303493,0.644987106323242,-0.202640026807785,0.0583469122648239,0.0915273353457451,0.520850658416748,0.289355486631393,0.0896051079034805,-0.0735639557242393,0.104047030210495,-0.10056608915329,0.0632965043187141,0.270987957715988,0.12764547765255,-0.0826789289712906,0.257578015327454,0.332022339105606,0.246162921190262,-0.119187474250793,-0.0108266156166792,-0.016881313174963,0.041064839810133,0.178941115736961,-0.100081905722618,0.24528831243515,0.109513983130455,0.13753442466259,0.0267084408551455,0.0689902380108833,0.0748369693756104,0.0120669454336166,-0.00348931853659451,-0.0842528343200684
-0.0359067320823669,0.0822223350405693,-0.00784485694020987,0.0306627657264471,0.00311505259014666,0.0807461813092232,0.0131366541609168,0.0152659872546792,0.0555215887725353,-0.0057741142809391,0.0636430531740189,-0.019742188975215,0.0267660841345787,0.00785973016172647,0.0726018846035004,0.0145876435562968,0.0299561377614737,0.048010528087616,0.035186979919672,0.14752385020256,-0.147857084870338,0,0.0110546899959445,0.310927152633667,-0.0147333554923534,-0.142677560448647,0.102580696344376,0.22473706305027,0.0201816633343697,0.922918081283569,-0.000836160790640861,-0.161084800958633,0.164896175265312,0.332222551107407,-0.0829185247421265,-0.192305013537407,-0.149592205882072,0.876926958560944,0.276531338691711,0.0536365173757076,0.25280424952507,0.247376143932343,0.0601735897362232,-0.0389830097556114,0.0377671867609024,0.634333729743958,0.157757207751274,-0.00522499065846205,-0.042545672506094,0.011143664829433,0.172420755028725,0.212020576000214,0.102414287626743,0.149266749620438,-0.262764632701874,0.974627375602722,-0.00839206855744123,0.357715398073196,-0.11909580975771,-0.0794774517416954,0.133687987923622,0.276352286338806,-0.0189328454434872,0.9134761095047,-0.0128003638237715,-0.191619917750359,0.169419139623642,0.296617060899734,-0.0976644679903984,-0.250886350870132,-0.16297747194767,0.83599579334259,0.320745587348938,0.0552213937044144,0.268302619457245,0.291743457317352,0.0714116320014,-0.0929072126746178,-0.0490964539349079,0.573840856552124,0.146249338984489,0.0366350896656513,-0.0976538360118866,0.0123257618397474,0.145005062222481,0.18782265484333
0.0172724016010761,0.0220660176128149,0.00275260908529162,0.0124412346631289,0.0104681560769677,0.134224385023117,0.0738366767764091,9.32579860091209e-05,0.0176440756767988,0.0489452481269836,0.0195637214928865,-0.00984467286616564,0.0161577593535185,0.0107108810916543,0.113552562892437,0.0769742876291275,0.013343321159482,0.0436580032110214,0.0338555723428726,0.0565863102674484,0.0674891844391823,0.0110546899959445,0,0.160363912582397,0.109008207917213,0.137571558356285,0.0568266920745373,0.0323287956416607,0.0970525741577148,0.0347781851887703,0.093811921775341,0.100998058915138,0.101901039481163,0.0316869914531708,0.0665032863616943,0.0393938384950161,0.0712567716836929,0.0193109195679426,0.0474092103540897,0.0462985783815384,0.0591428391635418,0.0386170484125614,0.0629470273852348,0.0363944806158543,0.0718763247132301,0.0846733152866364,0.108717076480389,0.059207446873188,0.0366699621081352,0.101768970489502,0.0514393523335457,0.102117083966732,0.0234835594892502,0.0252774581313133,0.0379911512136459,-0.000938893004786223,0.0570613592863083,0.127096593379974,0.0694273859262466,0.115197092294693,0.0579264275729656,0.0174583476036787,0.0627951323986053,0.0352770574390888,0.0840728729963303,0.0688722059130669,0.07785265147686,0.00654835952445865,0.0555842481553555,0.0188225544989109,0.0482662916183472,0.0122481193393469,0.0410117581486702,0.0322353877127171,0.0489020384848118,0.0554554536938667,0.033169150352478,-0.00386841385625303,0.0482493303716183,0.0649114996194839,0.0760538727045059,0.0356224775314331,0.0216145589947701,0.0524990558624268,0.027826240286231,0.0912561118602753
-0.0901252031326294,-0.0766138285398483,-0.0566011443734169,-0.0272272825241089,-0.0172295067459345,0.222554489970207,0.180483564734459,-0.0196184143424034,-0.00280766002833843,-0.112783864140511,-0.0876201018691063,-0.0698236674070358,-0.0340532660484314,-0.0288666281849146,0.225325956940651,0.175485730171204,-0.0119654014706612,0.00422773603349924,0.276568561792374,0.0077946106903255,0.17684930562973,0.310927152633667,0.160363912582397,0,0.274568676948547,0.365261614322662,0.0564511455595493,0.541192889213562,0.0831289663910866,0.500929415225983,0.175159886479378,0.202649906277657,0.335373163223267,0.0859472826123238,0.123410299420357,0.0249781049787998,0.0993665158748627,0.251026570796967,0.101205222308636,-0.0707243606448174,0.14923033118248,0.0615302883088589,0.0292138811200857,-0.0452063232660294,0.065433457493782,0.49965438246727,0.352391272783279,5.78165054321289e-06,0.0680224224925041,0.1569834202528,0.104312814772129,0.131437316536903,0.284373760223389,0.0282563399523497,0.0117521760985255,0.280129998922348,0.112835086882114,0.821837484836578,0.137197270989418,0.364556670188904,0.0529825948178768,0.497167676687241,0.0645990297198296,0.504572868347168,0.144002124667168,0.183237791061401,0.35056135058403,0.0920406877994537,0.0984247997403145,-0.0383146591484547,0.122017547488213,0.185563623905182,0.149693176150322,-0.0595745630562305,0.17963333427906,0.117906153202057,0.0303213633596897,-0.097385585308075,0.0156012792140245,0.4922114610672,0.281598418951035,-0.0128025123849511,0.0311746820807457,0.143555268645287,0.0805339515209198,0.0995925217866898
