0,0.348419785499573,0.270990490913391,0.280299067497253,0.0831005051732063,-0.00330300815403461,-0.0895409062504768,0.0632294267416,0.215003237128258,0.729146361351013,0.423236161470413,0.356194287538528,0.293030232191086,0.111499689519405,0.00704331789165735,-0.0955949947237968,0.0445465967059135,0.265383303165436,-0.148122265934944,0.237340584397316,0.0891246423125267,-0.0367448106408119,0.0311779025942087,-0.0436524413526058,0.0852641463279724,0.154497683048248,0.104994401335716,0.0243012886494398,0.20817805826664,-2.12565064430237e-05,-0.142384499311447,-0.0922150537371635,0.0214876346290112,0.114041276276112,0.126401051878929,-0.044616561383009,0.0334247089922428,0.106592081487179,0.0600364319980145,0.367777228355408,0.0889323353767395,0.193538933992386,0.0978748947381973,0.38088583946228,0.0630637109279633,0.179058790206909,-0.154634818434715,0.371894150972366,-0.0952698439359665,-0.063181459903717,0.0526761636137962,0.247531592845917,-0.0595599412918091,0.283965349197388,0.436877578496933,-0.0339773446321487,0.0386560335755348,-0.0716624930500984,0.380129665136337,0.252892076969147,0.194175645709038,-0.00387543370015919,0.342345327138901,-0.0339971147477627,-0.0238234214484692,0.137261345982552,0.0256693251430988,0.125540137290955,0.413801610469818,0.211918786168098,0.310236424207687,0.120898693799973,0.0616866163909435,0.449570775032043,0.176752462983131,0.313748359680176,0.178476005792618,0.604286551475525,0.411708325147629,0.194099172949791,-0.11933621764183,0.542627453804016,0.0145558230578899,-0.0776709839701653,0.0661569833755493,0.295082688331604
0.348419785499573,0,0.252055495977402,0.278671950101852,0.109036266803741,0.0172614958137274,-0.0788920298218727,0.0674882829189301,0.220230206847191,0.355630785226822,0.476230770349503,0.269602924585342,0.258940726518631,0.0959344133734703,-5.45158982276917e-05,-0.093133769929409,0.0549431927502155,0.206776663661003,-0.0947263389825821,0.266646057367325,0.0629558712244034,0.0765664801001549,0.0256246887147427,-0.0396888814866543,0.0743686184287071,0.0635174959897995,0.140837624669075,0.0798860639333725,0.161786273121834,0.121399998664856,-0.0283254627138376,-0.0906916931271553,0.0214300602674484,0.156081005930901,0.14181213080883,-0.0579043515026569,0.0255105420947075,0.220706135034561,0.12225603312254,0.334896832704544,0.124868825078011,0.195797935128212,0.159948274493217,0.238584861159325,0.183179393410683,0.131046146154404,-0.0934676676988602,0.258413285017014,-0.0426584519445896,-0.0504926890134811,0.170509368181229,0.299621611833572,-0.118422247469425,0.264427721500397,0.0742092356085777,0.0729653462767601,0.0200406778603792,-0.0679735019803047,0.0704003944993019,0.0137831224128604,0.121660754084587,0.0753160938620567,0.144452393054962,0.0813127160072327,-0.0138941081240773,-0.0811566188931465,-0.00772005273029208,0.0865006372332573,0.182198464870453,-0.0309220440685749,0.0886880084872246,0.251558005809784,0.0734638795256615,0.319358497858047,0.0980623140931129,0.180976644158363,0.149526327848434,0.204113110899925,0.169369712471962,0.0723114609718323,-0.106739766895771,0.243565887212753,-0.045330848544836,-0.0627398639917374,0.155409559607506,0.27440869808197
0.270990490913391,0.252055495977402,0,0.378300756216049,0.0919214934110641,0.0305825099349022,-0.0242960341274738,0.143328011035919,0.14121150970459,0.282378643751144,0.267497777938843,0.561508774757385,0.363589286804199,0.0667413473129272,0.0281031467020512,-0.0318044498562813,0.11560482531786,0.154717430472374,-0.024916173890233,0.208288714289665,0.129918992519379,-0.00153258512727916,0.0122928274795413,-0.0301946811378002,0.039761621505022,0.0608582086861134,0.0756795555353165,0.00255393423140049,0.202908605337143,0.0225727017968893,-0.00785630755126476,-0.0632696449756622,-0.0180337727069855,0.0582412630319595,0.247812569141388,0.000590691284742206,0.142538651823997,0.0819746926426888,0.0155521417036653,0.206565693020821,0.0934471189975739,0.0890528708696365,0.173001378774643,0.268524080514908,0.217653468251228,0.070184551179409,-0.0633727684617043,0.20817132294178,-0.050502497702837,-0.0467383116483688,0.0771540850400925,0.198751002550125,-0.0309056378901005,0.18552428483963,0.118142500519753,-0.0172880757600069,0.0361259020864964,-0.0579723678529263,0.0352967046201229,0.0344388969242573,0.0581176802515984,0.0108648324385285,0.171197652816772,-0.00538181141018867,-0.00331644713878632,-0.0701494738459587,-0.0106173679232597,0.0272274482995272,0.213520258665085,-0.018960865214467,0.14607372879982,0.0918827727437019,-0.00732898619025946,0.202333152294159,0.100750312209129,0.0728249698877335,0.124077275395393,0.186898425221443,0.172013089060783,0.0233270712196827,-0.0651229545474052,0.199703246355057,-0.0643933191895485,-0.0508009567856789,0.0873235091567039,0.188030555844307
0.280299067497253,0.278671950101852,0.378300756216049,0,0.181872963905334,0.0115895410999656,-0.00914329849183559,0.10489759594202,0.141177296638489,0.255700945854187,0.280922710895538,0.364022552967072,0.634547889232635,0.120449177920818,0.00271674222312868,-0.0181311890482903,0.0926140919327736,0.147235468029976,-0.0510812811553478,0.301385402679443,-0.0161580629646778,0.0262591205537319,0.0166687797755003,-0.0119275180622935,-0.0857424885034561,0.0268623773008585,0.000829812313895673,0.0373436473309994,0.15207014977932,0.0439009703695774,-0.0356953963637352,-0.147559493780136,-0.0209632683545351,0.183706119656563,0.196618035435677,-0.083510622382164,0.0643602162599564,0.115123175084591,0.19172939658165,0.206908717751503,0.298865586519241,0.0278512798249722,0.12344329059124,0.177437573671341,0.175897225737572,0.119278609752655,-0.000630963535513729,0.265787810087204,-0.0696569755673409,-0.0175037812441587,0.145864352583885,0.359306126832962,-0.0181035827845335,0.291432708501816,0.0170405600219965,0.0298815704882145,0.017356876283884,-0.0306871570646763,-0.0506258197128773,-0.00585106993094087,0.00488124415278435,0.0430371910333633,0.1523068100214,0.0271299164742231,-0.0332657620310783,-0.129820451140404,0.00195467961020768,0.146311268210411,0.273251324892044,-0.0613649562001228,0.156411811709404,0.134135782718658,0.128934249281883,0.245306506752968,0.279960483312607,0.0580285899341106,0.122785583138466,0.18745119869709,0.184533894062042,0.103498801589012,-0.021037744358182,0.320015549659729,-0.0681136250495911,-0.0524620972573757,0.135406881570816,0.352416694164276
0.0831005051732063,0.109036266803741,0.0919214934110641,0.181872963905334,0,-0.0049148048274219,-0.0182939618825912,0.0183430295437574,0.0530726574361324,0.0927992537617683,0.0989143848419189,0.0997547209262848,0.15508645772934,0.0438257567584515,-0.00691149197518826,-0.0269979778677225,0.0151703832671046,0.0571288429200649,-0.0187856275588274,0.103494673967361,0.00415202276781201,0.00403189705684781,0.010923407971859,-0.00952448509633541,-0.019044853746891,0.00401669833809137,-0.00873159430921078,-0.00789017789065838,0.0697516426444054,0.00768151506781578,-0.030197573825717,-0.0327367596328259,-0.0107100615277886,0.0239789672195911,0.0734177976846695,0.00167369504924864,0.0481373406946659,0.0475308336317539,0.0773688554763794,0.0945163294672966,0.0974192395806313,0.0104955593124032,0.0512753203511238,0.0747739747166634,0.0695220306515694,0.0217545889317989,0.012410145252943,0.111970439553261,-0.0308769624680281,-0.0211738850921392,0.0627268701791763,0.144655987620354,-0.0106713902205229,0.112810604274273,-0.0123668555170298,-0.00382976047694683,-0.0107146957889199,-0.0284641850739717,-0.0350416228175163,-0.00676726503297687,-0.00984932761639357,0.000128796324133873,0.0600710287690163,-0.00562888104468584,-0.025355190038681,-0.0458066128194332,-0.0147760324180126,0.0282251350581646,0.0909408330917358,-0.0102595966309309,0.0638976246118546,0.0466972813010216,0.0581797398626804,0.0805402621626854,0.0844514593482018,5.38295134902e-05,0.0243636295199394,0.0497366189956665,0.0527343042194843,0.00237202947027981,-0.00896329153329134,0.111936390399933,-0.0381459482014179,-0.0195303335785866,0.0456164069473743,0.127919241786003
-0.00330300815403461,0.0172614958137274,0.0305825099349022,0.0115895410999656,-0.0049148048274219,0,0.166310280561447,0.0221078936010599,0.0856060385704041,0.054231159389019,0.00628957990556955,0.0253100860863924,0.00386631162837148,-0.0168592091649771,0.429302573204041,0.162395417690277,0.0429681688547134,0.0700720250606537,0.0598988942801952,0.0362998247146606,0.131626397371292,0.0953921675682068,0.13461247086525,0.21891775727272,0.228886187076569,0.126045644283295,0.332183748483658,0.122547373175621,0.0724382624030113,0.116393990814686,0.301666259765625,0.201067730784416,0.272552460432053,0.0779302790760994,-0.0418895557522774,0.0145736895501614,-0.026873679831624,0.0757148414850235,0.096159502863884,0.094240628182888,0.0534801781177521,0.262002617120743,0.232902452349663,-0.00993440207093954,0.157882794737816,0.0814021676778793,0.210553497076035,-0.0825690478086472,0.0558226145803928,0.14732252061367,0.0998817458748817,0.0714296922087669,0.0368427261710167,0.0231296811252832,0.00417722994461656,0.0750694423913956,0.0884960517287254,0.206858485937119,0.127958700060844,0.089478388428688,0.283457189798355,0.124405659735203,0.00813241116702557,0.103397987782955,0.279000788927078,0.13474403321743,0.231521785259247,0.0729830488562584,-0.122326619923115,-0.0541761741042137,-0.0963862091302872,0.0548196956515312,0.0987178310751915,0.0416785478591919,0.0489276610314846,0.220768868923187,0.154544115066528,-0.0897532552480698,0.0647729262709618,0.0481261163949966,0.18088011443615,-0.116619803011417,0.0562033541500568,0.122848063707352,0.087872639298439,0.0459771417081356
-0.0895409062504768,-0.0788920298218727,-0.0242960341274738,-0.00914329849183559,-0.0182939618825912,0.166310280561447,0,-0.00823253951966763,-0.00949676800519228,-0.0412767566740513,-0.098935030400753,-0.0445022732019424,-0.0267926845699549,-0.0230952743440866,0.168859854340553,0.245143994688988,-0.00738713284954429,-0.0276707410812378,0.142954766750336,-0.0426358990371227,0.0500336512923241,0.0282707884907722,0.0723753944039345,0.172507524490356,0.0564233511686325,0.127826258540154,-0.00760174356400967,0.0724861100316048,0.0106440344825387,0.0380350276827812,0.156547009944916,0.163565188646317,0.0680130794644356,0.023865170776844,0.015578799881041,0.0757894366979599,0.0695492774248123,-0.0109018282964826,0.0607399269938469,-0.122386857867241,0.0665771216154099,-0.0428535938262939,-0.00123996415641159,-0.127110093832016,0.0476151704788208,0.0274718441069126,0.22597724199295,-0.0734561681747437,0.0413201861083508,0.127969667315483,0.0122349709272385,0.0237742066383362,0.0919369086623192,-0.0520710982382298,-0.068321205675602,0.022351948544383,0.0341616235673428,0.152786746621132,-0.0438188426196575,0.0667706578969955,-0.0294776558876038,0.060986902564764,-0.0287840068340302,0.0340219289064407,0.0859055444598198,0.082669235765934,0.0493848100304604,0.0262141656130552,-0.0670395046472549,-0.0201574638485909,-0.0302528906613588,-0.02973129786551,0.0633787959814072,-0.141387775540352,0.0702703148126602,-0.0639503300189972,-0.0250874552875757,-0.185186803340912,-0.0332688763737679,0.0341506637632847,0.185625866055489,-0.132885605096817,0.0259634498506784,0.107978105545044,-0.00156006647739559,-0.0127627477049828
0.0632294267416,0.0674882829189301,0.143328011035919,0.10489759594202,0.0183430295437574,0.0221078936010599,-0.00823253951966763,0,0.0495599322021008,0.040808841586113,0.0769366472959518,0.126917615532875,0.100566670298576,0.0159093011170626,0.035229966044426,0.00259894854389131,0.107795834541321,0.0627817735075951,-0.0366538166999817,0.0846841111779213,-0.0595846213400364,0.0196255277842283,0.000109930522739887,-0.00787266995757818,-0.0426573641598225,-0.0198514424264431,0.0526948235929012,0.0150619670748711,0.0229700971394777,0.00950448494404554,0.0643896758556366,-0.0559381358325481,0.0261779576539993,0.0468560308218002,-0.0231014173477888,-0.0802133455872536,-0.0756528899073601,0.0449758134782314,0.0232865922152996,0.0700878277420998,0.0163613185286522,0.0456332080066204,0.123004049062729,-0.00165822764392942,0.00950272940099239,0.00885308999568224,0.00998572632670403,-0.0020635228138417,-0.00403181696310639,-0.000931306451093405,0.0443738102912903,0.0879444405436516,-0.017996471375227,0.0764652788639069,-0.038050040602684,0.023359252139926,-0.00525183230638504,-0.00110753113403916,-0.0165957175195217,0.00433777738362551,0.0684267580509186,0.029791172593832,0.0317583382129669,0.0024309849832207,0.0656480044126511,-0.0346416756510735,0.00848118588328362,0.0424939505755901,0.00377107411623001,-0.0828026682138443,-0.0117160174995661,0.0516069419682026,0.013705737888813,0.0807655230164528,0.0352392755448818,0.0610835254192352,0.103815734386444,0.0223504155874252,0.0339191034436226,0.00964397378265858,0.0154830431565642,0.0551488734781742,-0.0187092386186123,-0.000869706971570849,0.0560484379529953,0.0902208462357521
0.215003237128258,0.220230206847191,0.14121150970459,0.141177296638489,0.0530726574361324,0.0856060385704041,-0.00949676800519228,0.0495599322021008,0,0.221353635191917,0.22167880833149,0.12960210442543,0.136233657598495,0.0432370938360691,0.0694757774472237,-0.0197641085833311,0.0486910752952099,0.189509138464928,-0.0400592461228371,0.167679354548454,0.0122959213331342,0.0649373009800911,0.0204725973308086,0.0122380517423153,0.0329534523189068,0.016599478200078,0.124260134994984,0.0200475286692381,0.0832695960998535,0.0927398130297661,0.0170943960547447,-0.0471590273082256,0.0644561052322388,0.113597258925438,0.0541890971362591,-0.0537705458700657,-0.00382585823535919,0.163797467947006,0.0919416546821594,0.192377984523773,0.0744292661547661,0.148494347929955,0.133974939584732,0.109371185302734,0.0856715142726898,0.0573309436440468,0.00921760499477386,0.120942458510399,-0.029204623773694,-0.0207754168659449,0.122749760746956,0.192029237747192,-0.033138457685709,0.172448679804802,0.0452712923288345,0.0570439249277115,0.0315143801271915,-0.00554965902119875,0.0591794960200787,0.0242968276143074,0.134023293852806,0.0151345292106271,0.100826635956764,0.0817386955022812,0.05436085537076,-0.0106168817728758,0.0354994013905525,0.0641355216503143,0.0958323776721954,-0.0315952599048615,0.0478238090872765,0.167642191052437,0.073150523006916,0.184333503246307,0.0695054680109024,0.16774970293045,0.134936690330505,0.111553944647312,0.123518474400043,0.0302034560590982,0.00774760497733951,0.155049756169319,-0.0349649637937546,-0.00179342448245734,0.12276279181242,0.177759483456612
0.729146361351013,0.355630785226822,0.282378643751144,0.255700945854187,0.0927992537617683,0.054231159389019,-0.0412767566740513,0.040808841586113,0.221353635191917,0,0.326099991798401,0.2769655585289,0.21464242041111,0.0990841537714005,0.0512395836412907,-0.0499774105846882,0.0325155779719353,0.231275647878647,-0.0517760589718819,0.235957860946655,0.278112977743149,-0.0193772874772549,0.0516356974840164,-0.0713811665773392,0.233240738511086,0.247111931443214,0.144228681921959,-0.070857934653759,0.222791016101837,-0.0040310681797564,-0.0151739390566945,0.0685981214046478,0.0469094179570675,0.185864195227623,0.257808059453964,0.109926789999008,0.210587337613106,0.107099510729313,0.249806955456734,0.314933001995087,0.276229321956635,0.240638628602028,0.0862245634198189,0.479546576738358,0.302114993333817,0.246362209320068,-0.124793693423271,0.416246592998505,-0.0150953577831388,-0.00284287217073143,0.0425472222268581,0.235640540719032,-0.151469007134438,0.174500480294228,0.149487778544426,-0.0290739461779594,0.0275713615119457,-0.0880787968635559,0.131554931402206,0.139445811510086,0.0967566967010498,-0.0384789854288101,0.116541393101215,-0.0150845376774669,-0.025049589574337,0.0194974523037672,0.0275478474795818,0.119850106537342,0.160884246230125,0.0449690520763397,0.0734716728329659,0.122311182320118,0.14468652009964,0.259367942810059,0.167541742324829,0.152149870991707,0.053137518465519,0.249704271554947,0.111546762287617,0.089098185300827,-0.107688032090664,0.337788939476013,-0.0301146451383829,-0.0494105815887451,0.0621053017675877,0.199776783585548
0.423236161470413,0.476230770349503,0.267497777938843,0.280922710895538,0.0989143848419189,0.00628957990556955,-0.098935030400753,0.0769366472959518,0.22167880833149,0.326099991798401,0,0.323350936174393,0.307075530290604,0.108128033578396,0.00246776128187776,-0.108541086316109,0.091176763176918,0.244035959243774,-0.181945085525513,0.291913211345673,0.00094913289649412,0.0615460872650146,0.0239185802638531,-0.05125517770648,0.0290845613926649,0.00364431436173618,0.148250296711922,0.0657455325126648,0.141960546374321,0.109218843281269,-0.0525580458343029,-0.167764112353325,0.0235150717198849,0.106765240430832,0.0610755123198032,-0.133716508746147,-0.0489357970654964,0.228120058774948,0.0459170751273632,0.344584196805954,0.072274774312973,0.204255476593971,0.188183695077896,0.215707793831825,0.0922338664531708,0.10205914825201,-0.140522032976151,0.240189418196678,-0.0792340040206909,-0.0699143335223198,0.167568057775497,0.293295115232468,-0.137128010392189,0.308289229869843,0.16099801659584,0.0712938532233238,0.0128099676221609,-0.0813363492488861,0.160546481609344,0.0207699742168188,0.189403012394905,0.0433223657310009,0.202309623360634,0.0726956352591515,0.000188233330845833,-0.0500751435756683,0.0188607592135668,0.118127658963203,0.258742302656174,0.000262700021266937,0.163156941533089,0.26275509595871,0.0295783411711454,0.398992478847504,0.107837304472923,0.263917416334152,0.20341531932354,0.321076720952988,0.270297825336456,0.0834693685173988,-0.120695888996124,0.329420506954193,-0.0337526947259903,-0.0920123681426048,0.171686813235283,0.311864256858826
0.356194287538528,0.269602924585342,0.561508774757385,0.364022552967072,0.0997547209262848,0.0253100860863924,-0.0445022732019424,0.126917615532875,0.12960210442543,0.2769655585289,0.323350936174393,0,0.386049777269363,0.0834335461258888,0.0283013302832842,-0.0353885442018509,0.141936123371124,0.1507278829813,-0.0727859362959862,0.209657549858093,0.0738579928874969,-0.0282654818147421,-0.00442305207252502,-0.0471705757081509,0.00855772756040096,0.0421946533024311,0.0811293572187424,0.0136196948587894,0.198459610342979,0.00588666647672653,-0.0471021085977554,-0.126872092485428,-0.0190292093902826,0.0381552465260029,0.205954656004906,-0.0433615855872631,0.106957606971264,0.0821741297841072,0.0100217796862125,0.225033327937126,0.0735762268304825,0.0713328123092651,0.1783636957407,0.244677916169167,0.134029522538185,0.0821905434131622,-0.0868673473596573,0.202207744121552,-0.0844137892127037,-0.0676684826612473,0.0753172636032104,0.206878319382668,-0.0318751111626625,0.243920966982841,0.193355023860931,-0.050224594771862,0.0233008451759815,-0.0685811340808868,0.09661865234375,0.0678598880767822,0.0841146185994148,-0.00250196782872081,0.244924932718277,-0.0226277038455009,0.000173651613295078,-0.0395244136452675,0.0135705070570111,0.0416310541331768,0.288947224617004,0.052647341042757,0.230484575033188,0.092993900179863,-0.0417631380259991,0.270248979330063,0.0869656875729561,0.118945591151714,0.18562126159668,0.295899778604507,0.245007574558258,0.0437998734414577,-0.0851010009646416,0.261966049671173,-0.0568519122898579,-0.053085632622242,0.0672591552138329,0.228090614080429
0.293030232191086,0.258940726518631,0.363589286804199,0.634547889232635,0.15508645772934,0.00386631162837148,-0.0267926845699549,0.100566670298576,0.136233657598495,0.21464242041111,0.307075530290604,0.386049777269363,0,0.141733214259148,0.0088661452755332,-0.00875003822147846,0.111768499016762,0.15358079969883,-0.0568907186388969,0.271920084953308,-0.0279261767864227,0.0266892444342375,0.0193139705806971,-0.0151124997064471,-0.0924239605665207,0.0134170455858111,-0.0131915854290128,0.0617529861629009,0.141377910971642,0.0431368760764599,-0.0729881078004837,-0.159923508763313,-0.0211807899177074,0.162741214036942,0.165329799056053,-0.102392926812172,0.0482006557285786,0.118049554526806,0.123741328716278,0.215689450502396,0.237309962511063,0.0119054904207587,0.107601538300514,0.152749612927437,0.130093827843666,0.107544593513012,-0.0218206848949194,0.246010392904282,-0.0866011306643486,-0.0447283200919628,0.140584453940392,0.33316308259964,0.00804813485592604,0.297505766153336,0.03046546690166,0.0215110443532467,0.0192667283117771,-0.015002260915935,-0.0390751659870148,0.0387645922601223,-0.00508708227425814,0.0559115819633007,0.190959215164185,0.0249729342758656,-0.0447941645979881,-0.115880198776722,-0.00394189823418856,0.155737861990929,0.30592942237854,-0.0454169362783432,0.193632826209068,0.135820016264915,0.129639685153961,0.249432101845741,0.306986749172211,0.0581151992082596,0.122838750481606,0.208355575799942,0.195455253124237,0.106970205903053,0.00898834876716137,0.338940382003784,-0.0899195820093155,-0.0451316088438034,0.136421754956245,0.387350261211395
0.111499689519405,0.0959344133734703,0.0667413473129272,0.120449177920818,0.0438257567584515,-0.0168592091649771,-0.0230952743440866,0.0159093011170626,0.0432370938360691,0.0990841537714005,0.108128033578396,0.0834335461258888,0.141733214259148,0,-0.00864514615386724,-0.0279912371188402,0.00742851151153445,0.0868266671895981,-0.0258322153240442,0.12907712161541,-0.039435125887394,0.0129920383915305,0.0106491260230541,-0.015359852463007,-0.0280499327927828,-0.0156807955354452,0.0119308112189174,-0.00912703573703766,0.0380013845860958,0.0152312284335494,-0.0343359038233757,-0.0552330575883389,-0.00418798672035336,0.0564066991209984,0.0318495966494083,-0.0415798053145409,-0.00565001973882318,0.0557107776403427,0.0604286901652813,0.0874791145324707,0.0694176778197289,0.0360422171652317,0.0509894676506519,0.0503070093691349,0.0523566119372845,0.0205626431852579,-0.010321150533855,0.0872433707118034,-0.0379555374383926,-0.00953048653900623,0.0766841173171997,0.123168766498566,-0.0201738178730011,0.105767138302326,0.00119708233978599,0.0129987569525838,0.00654790364205837,-0.0180793404579163,-0.00751547003164887,-0.0054652807302773,0.0202135592699051,-0.0086460318416357,0.0337384194135666,0.0193870346993208,-0.0138054918497801,-0.0305753629654646,-0.00715202838182449,0.0631678700447083,0.0811334624886513,-0.0326512567698956,0.0605610683560371,0.0698757693171501,0.0632705986499786,0.0892952978610992,0.0849170237779617,0.045387290418148,0.0653595700860023,0.0699936226010323,0.0915350317955017,0.00847755465656519,-0.00955174397677183,0.12119122594595,-0.0252500958740711,-0.0233210027217865,0.0623670555651188,0.133255958557129
0.00704331789165735,-5.45158982276917e-05,0.0281031467020512,0.00271674222312868,-0.00691149197518826,0.429302573204041,0.168859854340553,0.035229966044426,0.0694757774472237,0.0512395836412907,0.00246776128187776,0.0283013302832842,0.0088661452755332,-0.00864514615386724,0,0.205191105604172,0.0389475934207439,0.0662877857685089,0.046165619045496,0.028290968388319,0.121270097792149,0.0854419395327568,0.107679337263107,0.227637186646461,0.215155214071274,0.128725290298462,0.31941881775856,0.121237523853779,0.0701777189970016,0.100115671753883,0.304216265678406,0.170485898852348,0.268116325139999,0.0775697827339172,-0.0463200621306896,-0.0204531084746122,-0.0514320023357868,0.0620113201439381,0.0794740095734596,0.0786015912890434,0.0525692589581013,0.252436697483063,0.238856211304665,-0.030756127089262,0.138164207339287,0.0794152840971947,0.210492700338364,-0.0971335545182228,0.0435391403734684,0.132914930582047,0.0821968540549278,0.0709410160779953,0.0458039753139019,0.0357460081577301,0.0546208433806896,0.0737887248396873,0.10769222676754,0.221824452280998,0.164178371429443,0.133531421422958,0.30575892329216,0.107431620359421,0.0458401367068291,0.0935952067375183,0.27373668551445,0.159483581781387,0.274584352970123,0.0698996186256409,-0.0942503064870834,-0.0503591261804104,-0.0781002715229988,0.0514801889657974,0.103859506547451,0.0663518607616425,0.0470495745539665,0.246545061469078,0.171655505895615,-0.0641054138541222,0.0826394110918045,0.0745857432484627,0.201745718717575,-0.0965044796466827,0.0377829559147358,0.139294803142548,0.0850262269377708,0.0677566155791283
-0.0955949947237968,-0.093133769929409,-0.0318044498562813,-0.0181311890482903,-0.0269979778677225,0.162395417690277,0.245143994688988,0.00259894854389131,-0.0197641085833311,-0.0499774105846882,-0.108541086316109,-0.0353885442018509,-0.00875003822147846,-0.0279912371188402,0.205191105604172,0,0.0129731819033623,-0.00610260898247361,0.10817851126194,-0.0411560833454132,0.0471178665757179,0.0264964215457439,0.0703923031687737,0.165160730481148,0.040433295071125,0.117728784680367,-0.0135107645764947,0.028680557385087,0.00790747441351414,0.0306140705943108,0.131748482584953,0.1267449259758,0.0885132029652596,0.0241857971996069,0.000110385473817587,0.0488291904330254,0.0483118630945683,-0.0518526844680309,0.0441471859812737,-0.111457988619804,0.0677607357501984,-0.0352079346776009,0.00186793657485396,-0.109713777899742,0.0336565300822258,0.0292756669223309,0.193871363997459,-0.0766540393233299,0.0400956124067307,0.106903590261936,0.00543866166844964,0.0161156784743071,0.102520003914833,-0.0427720062434673,-0.0283463895320892,0.016116090118885,0.042716346681118,0.178150475025177,-0.0154421189799905,0.116308197379112,-0.0250975620001554,0.0270567778497934,-0.0108949607238173,0.0280890315771103,0.097290076315403,0.0879455357789993,0.0953558757901192,0.0293054934591055,-0.0346654728055,-0.00600190693512559,0.0029635529499501,-0.0579750128090382,0.0645034983754158,-0.130388915538788,0.0747550576925278,-0.0553002282977104,-0.028509458526969,-0.146932408213615,-0.02496830932796,0.0400238707661629,0.203484624624252,-0.0999319776892662,0.0229164436459541,0.128168672323227,-0.000656571122817695,0.0107717653736472
0.0445465967059135,0.0549431927502155,0.11560482531786,0.0926140919327736,0.0151703832671046,0.0429681688547134,-0.00738713284954429,0.107795834541321,0.0486910752952099,0.0325155779719353,0.091176763176918,0.141936123371124,0.111768499016762,0.00742851151153445,0.0389475934207439,0.0129731819033623,0,0.0637244880199432,-0.023898933082819,0.0844617933034897,-0.0468336492776871,0.0279740039259195,0.0179110765457153,-0.00230864295735955,-0.0192104708403349,-0.0320196636021137,0.0773213058710098,0.034989956766367,0.016796138137579,0.0306960605084896,0.054529145359993,-0.0672117993235588,0.00798303820192814,0.0256411451846361,-0.0182094238698483,-0.0834687873721123,-0.0638022422790527,0.0446045771241188,0.00851525738835335,0.0620414391160011,-0.00249534612521529,0.0707250535488129,0.123073920607567,-0.0103681236505508,0.0139539539813995,0.0038034284953028,0.0176350940018892,-0.0271226707845926,-0.0157241839915514,-0.0123152015730739,0.0444101542234421,0.0665124356746674,-0.00840687099844217,0.0766633823513985,-0.0343224704265594,0.0270963832736015,0.00785135570913553,0.0151468347758055,-0.0178392175585032,-0.0119993584230542,0.0652358084917068,0.0281573925167322,0.0236322972923517,0.0214373916387558,0.046991154551506,-0.0365033559501171,0.0210462603718042,0.029300007969141,-0.00775581412017345,-0.103012390434742,-0.0257459674030542,0.0479265674948692,-0.00260876375250518,0.0690928548574448,0.00300793559290469,0.0691102147102356,0.115405134856701,0.0198602136224508,0.0138613572344184,0.00513510359451175,0.0220789853483438,0.0198117047548294,-0.0222303289920092,-0.00720946025103331,0.0489081628620625,0.0695480406284332
0.265383303165436,0.206776663661003,0.154717430472374,0.147235468029976,0.0571288429200649,0.0700720250606537,-0.0276707410812378,0.0627817735075951,0.189509138464928,0.231275647878647,0.244035959243774,0.1507278829813,0.15358079969883,0.0868266671895981,0.0662877857685089,-0.00610260898247361,0.0637244880199432,0,-0.0567464120686054,0.163054466247559,0.0395536087453365,0.0524012483656406,0.0485978052020073,0.017167542129755,0.0559913218021393,0.037814449518919,0.115675739943981,0.0171737764030695,0.0965709462761879,0.0890555307269096,0.0153493229299784,-0.0238478966057301,0.0710235759615898,0.0846891403198242,0.0433250479400158,-0.0485834442079067,0.00281894020736217,0.157654210925102,0.0785164460539818,0.185425117611885,0.072249099612236,0.152753978967667,0.133944481611252,0.123079299926758,0.0867408961057663,0.0653026774525642,0.0246426705271006,0.143438130617142,-0.0310599468648434,0.0257967691868544,0.166945338249207,0.196296557784081,-0.00474786153063178,0.183183938264847,0.0978202819824219,0.0627255588769913,0.0263737067580223,0.0174888670444489,0.102284483611584,0.0476540774106979,0.140430077910423,0.0204279627650976,0.115833483636379,0.080123282968998,0.0619043298065662,0.0194961912930012,0.0582571849226952,0.103505462408066,0.125726625323296,0.00935688242316246,0.089851401746273,0.17255973815918,0.0759035274386406,0.201783299446106,0.0907938182353973,0.184340476989746,0.138315066695213,0.153102681040764,0.15578855574131,0.0608614273369312,0.0282704643905163,0.177571564912796,-0.000732096727006137,0.00509640341624618,0.135026559233665,0.218672335147858
-0.148122265934944,-0.0947263389825821,-0.024916173890233,-0.0510812811553478,-0.0187856275588274,0.0598988942801952,0.142954766750336,-0.0366538166999817,-0.0400592461228371,-0.0517760589718819,-0.181945085525513,-0.0727859362959862,-0.0568907186388969,-0.0258322153240442,0.046165619045496,0.10817851126194,-0.023898933082819,-0.0567464120686054,0,-0.0369377918541431,0.250394940376282,0.0430148728191853,0.037748895585537,0.244432717561722,0.211516350507736,0.260045826435089,-0.155434355139732,0.0906009525060654,0.0781386941671371,0.0764594152569771,0.0173163320869207,0.582829236984253,-0.00927560590207577,0.00302141369320452,0.481481492519379,0.27148175239563,0.559074103832245,-0.0212742276489735,0.070611834526062,-0.078661784529686,0.151765733957291,-0.0681150183081627,-0.134790241718292,0.0111170765012503,0.212589263916016,0.077448658645153,0.678476333618164,0.229172632098198,0.116517558693886,0.164406716823578,0.131674185395241,0.10687892884016,0.610766887664795,-0.0568122752010822,0.0163128059357405,0.0289978422224522,0.0172651410102844,0.204036146402359,0.00910730473697186,0.17950077354908,-0.195447459816933,0.101593822240829,-0.00375499110668898,0.0673984587192535,-0.0627947151660919,0.318982779979706,0.0115900132805109,0.0131401233375072,0.175436943769455,0.161744400858879,0.247150212526321,-0.0451857335865498,0.116730660200119,-0.159537479281425,0.113236531615257,-0.147394135594368,-0.116166271269321,-0.109397761523724,0.0203501861542463,0.060181088745594,0.556242346763611,0.0264440197497606,0.0501365251839161,0.161059707403183,0.149428173899651,0.0709128677845001
0.237340584397316,0.266646057367325,0.208288714289665,0.301385402679443,0.103494673967361,0.0362998247146606,-0.0426358990371227,0.0846841111779213,0.167679354548454,0.235957860946655,0.291913211345673,0.209657549858093,0.271920084953308,0.12907712161541,0.028290968388319,-0.0411560833454132,0.0844617933034897,0.163054466247559,-0.0369377918541431,0,-0.0980966091156006,0.177342355251312,0.0546863079071045,0.0327489078044891,-0.112377405166626,-0.00217739283107221,-0.000899753300473094,0.0558880008757114,0.217021629214287,0.196360543370247,-0.103978402912617,-0.257831871509552,0.00486039556562901,0.36707466840744,0.228256955742836,-0.210143595933914,0.0259501580148935,0.29137647151947,0.316374629735947,0.414083689451218,0.399310022592545,0.0909847989678383,0.264170825481415,0.267816543579102,0.334175109863281,0.27435365319252,0.074317455291748,0.390484005212784,-0.125154286623001,-0.0364150628447533,0.297443479299545,0.573484897613525,0.0201111081987619,0.591793537139893,-0.110440947115421,0.184098705649376,0.0160702411085367,0.0149138104170561,-0.128012284636497,0.00679035624489188,0.0347252227365971,0.0657318159937859,0.184031680226326,0.169628456234932,-0.0602646432816982,-0.238452613353729,0.0193247273564339,0.349154561758041,0.315586447715759,-0.240299105644226,0.135159641504288,0.28956064581871,0.274145275354385,0.438481360673904,0.396802127361298,0.145515188574791,0.264961421489716,0.239712402224541,0.285635352134705,0.229253768920898,0.0645524486899376,0.473667234182358,-0.157486453652382,-0.076548732817173,0.245419859886169,0.558537840843201
0.0891246423125267,0.0629558712244034,0.129918992519379,-0.0161580629646778,0.00415202276781201,0.131626397371292,0.0500336512923241,-0.0595846213400364,0.0122959213331342,0.278112977743149,0.00094913289649412,0.0738579928874969,-0.0279261767864227,-0.039435125887394,0.121270097792149,0.0471178665757179,-0.0468336492776871,0.0395536087453365,0.250394940376282,-0.0980966091156006,0,-0.142117515206337,0.0669732093811035,0.178954213857651,0.738189160823822,0.572683334350586,0.18460188806057,-0.0956849083304405,0.294169664382935,-0.0872215703129768,0.101617336273193,0.481443494558334,0.162353292107582,-0.0537275411188602,0.571816265583038,0.462558597326279,0.557812690734863,-0.125960171222687,0.0117626348510385,0.115524008870125,0.155450746417046,0.31975245475769,-0.0517304390668869,0.708678245544434,0.431775778532028,0.418174922466278,0.0319809280335903,0.498510777950287,0.0352634899318218,-0.00228937692008913,-0.0191267430782318,-0.0308020208030939,0.0316150896251202,-0.116924218833447,0.666520833969116,-0.193641632795334,0.0640964210033417,0.10795920342207,0.549244999885559,0.323357939720154,0.0607551224529743,-0.0540229193866253,0.103241465985775,-0.0837958455085754,0.04607317969203,0.307672291994095,0.123623125255108,-0.0546396225690842,0.289047449827194,0.362089663743973,0.243887454271317,-0.121948450803757,0.0198718067258596,-0.00966200884431601,0.0744281783699989,0.169713988900185,-0.128049090504646,0.294153094291687,0.123748421669006,0.196624979376793,0.0269098337739706,0.126954361796379,0.0931257233023643,0.0192643329501152,-0.00554160634055734,-0.0819670781493187
-0.0367448106408119,0.0765664801001549,-0.00153258512727916,0.0262591205537319,0.00403189705684781,0.0953921675682068,0.0282707884907722,0.0196255277842283,0.0649373009800911,-0.0193772874772549,0.0615460872650146,-0.0282654818147421,0.0266892444342375,0.0129920383915305,0.0854419395327568,0.0264964215457439,0.0279740039259195,0.0524012483656406,0.0430148728191853,0.177342355251312,-0.142117515206337,0,0.0215546246618032,0.376386165618896,0.052255492657423,-0.120362602174282,0.120563969016075,0.282068848609924,0.0318626686930656,0.925131440162659,0.0127357076853514,-0.135955601930618,0.162313833832741,0.334094017744064,-0.0653932765126228,-0.191201910376549,-0.138742700219154,0.890036404132843,0.287595212459564,0.0783570483326912,0.276925712823868,0.269157975912094,0.0695951208472252,-0.0398328863084316,0.0704413279891014,0.665138125419617,0.207901105284691,0.00767598673701286,-0.0342124551534653,0.0287043675780296,0.19347009062767,0.232014536857605,0.105019070208073,0.175244569778442,-0.229696467518806,0.974254727363586,0.00345500581897795,0.410628706216812,-0.0564391948282719,-0.0626637116074562,0.153351083397865,0.346983075141907,-0.0112978098914027,0.91674280166626,-0.0135343475267291,-0.167872861027718,0.172146990895271,0.315907627344131,-0.0795361995697021,-0.263380378484726,-0.136519953608513,0.847195148468018,0.345749139785767,0.0781650021672249,0.307877242565155,0.323226094245911,0.0851658955216408,-0.0815998911857605,0.00114381080493331,0.621389508247375,0.187219902873039,0.0642992332577705,-0.0676407143473625,0.0226630046963692,0.16384544968605,0.211680307984352
0.0311779025942087,0.0256246887147427,0.0122928274795413,0.0166687797755003,0.010923407971859,0.13461247086525,0.0723753944039345,0.000109930522739887,0.0204725973308086,0.0516356974840164,0.0239185802638531,-0.00442305207252502,0.0193139705806971,0.0106491260230541,0.107679337263107,0.0703923031687737,0.0179110765457153,0.0485978052020073,0.037748895585537,0.0546863079071045,0.0669732093811035,0.0215546246618032,0,0.16291455924511,0.10989885777235,0.142179131507874,0.0596526190638542,0.0385729670524597,0.0967054963111877,0.0463090054690838,0.0908410176634789,0.102324724197388,0.0977688431739807,0.0363249704241753,0.0692487880587578,0.0375412367284298,0.0706308856606483,0.0298023801296949,0.0495849959552288,0.048524022102356,0.0595302022993565,0.0502341911196709,0.0635413378477097,0.046115443110466,0.0687462687492371,0.0961736515164375,0.109280034899712,0.0635004490613937,0.0347502566874027,0.104945287108421,0.0500011444091797,0.103383667767048,0.0148017071187496,0.0282096173614264,0.0355563573539257,0.0125194936990738,0.0594647377729416,0.132852435112,0.0728105381131172,0.115713089704514,0.0613202750682831,0.032529391348362,0.0591483898460865,0.0431785769760609,0.0830153599381447,0.0695476233959198,0.0872020572423935,0.0109214689582586,0.0565734393894672,0.00934321060776711,0.0511579178273678,0.0215101949870586,0.0406172387301922,0.0411145724356174,0.0515048466622829,0.0634057149291039,0.0337608158588409,-0.00102196412626654,0.049423836171627,0.0796549320220947,0.0778974071145058,0.0410264432430267,0.0225067120045424,0.0504878088831902,0.0316012836992741,0.0925503596663475
-0.0436524413526058,-0.0396888814866543,-0.0301946811378002,-0.0119275180622935,-0.00952448509633541,0.21891775727272,0.172507524490356,-0.00787266995757818,0.0122380517423153,-0.0713811665773392,-0.05125517770648,-0.0471705757081509,-0.0151124997064471,-0.015359852463007,0.227637186646461,0.165160730481148,-0.00230864295735955,0.017167542129755,0.244432717561722,0.0327489078044891,0.178954213857651,0.376386165618896,0.16291455924511,0,0.303692877292633,0.34458202123642,0.0833332017064095,0.554762661457062,0.0993914231657982,0.542841196060181,0.169113382697105,0.199472233653069,0.326864629983902,0.121269464492798,0.121492393314838,0.0369599834084511,0.0983677580952644,0.331738501787186,0.115268491208553,-0.039800863713026,0.15753136575222,0.11813447624445,0.0456583611667156,-0.0292650144547224,0.0971740484237671,0.534588634967804,0.341540277004242,-0.00407891301438212,0.0663896277546883,0.155600011348724,0.122147664427757,0.135783582925797,0.244508922100067,0.0482668951153755,0.036546878516674,0.346094936132431,0.112621262669563,0.80609929561615,0.174157068133354,0.34609842300415,0.0911783576011658,0.512456655502319,0.067628301680088,0.538152515888214,0.129198536276817,0.175784751772881,0.346193909645081,0.132684797048569,0.107561513781548,-0.0400210581719875,0.13960836827755,0.269975513219833,0.171477362513542,-0.0334357507526875,0.20743927359581,0.16879115998745,0.0445043034851551,-0.0824189782142639,0.0541484802961349,0.536832869052887,0.274233251810074,0.00258732750080526,0.0397979915142059,0.136269494891167,0.0945567637681961,0.102101109921932
