0,0.333074659109116,0.25611424446106,0.275822281837463,0.0808795094490051,-0.0403659716248512,-0.107705131173134,0.0627846196293831,0.205878913402557,0.714285492897034,0.422785460948944,0.350550413131714,0.294664859771729,0.115382462739944,-0.0244670864194632,-0.110442295670509,0.0430313944816589,0.265276283025742,-0.20503742992878,0.238256379961967,0.0170058533549309,-0.0214494317770004,0.0118438536301255,-0.0928310677409172,0.00762483617290854,0.112516790628433,0.0675177797675133,-0.0128014767542481,0.181433767080307,0.00281987339258194,-0.184298381209373,-0.167480900883675,-0.00831861607730389,0.0927066430449486,0.0639541074633598,-0.0905343890190125,-0.0142202703282237,0.12184401601553,0.025528147816658,0.356676608324051,0.0416977442800999,0.149700835347176,0.0810116305947304,0.345312356948853,-0.0171771962195635,0.159790620207787,-0.194202572107315,0.328268468379974,-0.116592213511467,-0.085173986852169,0.0437492430210114,0.22092193365097,-0.0433547683060169,0.288099080324173,0.425605803728104,-0.0188156310468912,0.0345632210373878,-0.101287946105003,0.361492663621902,0.247665032744408,0.180235430598259,-0.0310685150325298,0.324127078056335,-0.0315312221646309,-0.0526163317263126,0.112086534500122,0.0127043891698122,0.109691813588142,0.40358829498291,0.196867227554321,0.31886887550354,0.13932478427887,0.034012708812952,0.449743270874023,0.153918251395226,0.311559498310089,0.17170849442482,0.607859253883362,0.40213680267334,0.195272549986839,-0.13263626396656,0.529887914657593,0.00207928265444934,-0.0970441401004791,0.0522719547152519,0.279705941677094
0.333074659109116,0,0.246629357337952,0.270785212516785,0.108933061361313,0.0105020189657807,-0.0830070152878761,0.0717315748333931,0.226547539234161,0.357410192489624,0.501834988594055,0.260246217250824,0.25275981426239,0.100292727351189,-0.00863795354962349,-0.101415254175663,0.0588926002383232,0.211054638028145,-0.124976739287376,0.274173945188522,0.0346461310982704,0.0906440690159798,0.0190204232931137,-0.0641352832317352,0.0448441468179226,0.0428877994418144,0.142308294773102,0.0652289018034935,0.148549169301987,0.132019475102425,-0.0304637663066387,-0.114711351692677,0.0140862623229623,0.162503346800804,0.102947935461998,-0.0774267166852951,0.00159710133448243,0.233041033148766,0.134704157710075,0.338682860136032,0.109823852777481,0.191702291369438,0.16643862426281,0.205379530787468,0.160544171929359,0.115271560847759,-0.105878382921219,0.217228457331657,-0.0447267033159733,-0.0629148483276367,0.185901716351509,0.288943201303482,-0.133224248886108,0.264872848987579,0.0378103367984295,0.0866255611181259,0.0159989688545465,-0.089157871901989,0.0344931110739708,-0.0131691051647067,0.127724334597588,0.0568947680294514,0.124954096972942,0.0880417451262474,-0.0145163517445326,-0.107644729316235,-0.0197723358869553,0.0987366363406181,0.140515759587288,-0.0512567088007927,0.0559569336473942,0.267064273357391,0.0894246622920036,0.316612124443054,0.0825438648462296,0.18020561337471,0.153273776173592,0.157078728079796,0.141714990139008,0.051828995347023,-0.119178883731365,0.200878530740738,-0.05097446590662,-0.0758052095770836,0.163422331213951,0.265446901321411
0.25611424446106,0.246629357337952,0,0.390759080648422,0.098990336060524,0.0261469297111034,-0.0166192147880793,0.144760876893997,0.14583483338356,0.285969167947769,0.260944247245789,0.580083250999451,0.373238950967789,0.0706165283918381,0.023092083632946,-0.037457101047039,0.11404886841774,0.145820543169975,-0.0336796827614307,0.203412100672722,0.115276336669922,-0.0106972269713879,0.000778004352468997,-0.0607956759631634,0.0113381948322058,0.0462090596556664,0.0726119503378868,-0.0151104470714927,0.198511570692062,0.0111048351973295,-0.00877001229673624,-0.0787692368030548,-0.0257792007178068,0.0363963395357132,0.232764139771461,-0.0123070562258363,0.145632460713387,0.0778118371963501,-0.000940121419262141,0.190206497907639,0.0726557224988937,0.075566940009594,0.165177673101425,0.254697501659393,0.193726018071175,0.0401588119566441,-0.0662656351923943,0.169112116098404,-0.0488118417561054,-0.0576680563390255,0.069438748061657,0.183712288737297,-0.0354653038084507,0.164408609271049,0.0892708972096443,-0.0251079481095076,0.0320695340633392,-0.0808009207248688,-0.00152056734077632,0.0160180069506168,0.0484422296285629,-0.00505003146827221,0.15167997777462,-0.0230878815054893,-0.00910061132162809,-0.0930362269282341,-0.0200141780078411,0.0135756321251392,0.182155445218086,-0.0387905351817608,0.13044099509716,0.0874522104859352,-0.0186730101704597,0.177139014005661,0.0722466930747032,0.0566067434847355,0.11465921998024,0.151286080479622,0.133203461766243,-0.00843754131346941,-0.0628325045108795,0.156902059912682,-0.065187856554985,-0.0581289418041706,0.079940028488636,0.170322299003601
0.275822281837463,0.270785212516785,0.390759080648422,0,0.18844199180603,0.00269812345504761,-0.00443804869428277,0.10082484036684,0.140489652752876,0.261132031679153,0.273719877004623,0.374315053224564,0.64416491985321,0.124759949743748,-0.00358771905303001,-0.0186692401766777,0.092649906873703,0.142859563231468,-0.0602156110107899,0.293689161539078,-0.039586141705513,0.0109165320172906,0.00198970199562609,-0.0431508906185627,-0.121468834578991,0.00770452292636037,-0.00434784963726997,0.00679336674511433,0.137781292200089,0.0238969568163157,-0.0399446003139019,-0.169455826282501,-0.0318653956055641,0.182130813598633,0.167959809303284,-0.100595399737358,0.059530358761549,0.101424515247345,0.182198345661163,0.194228306412697,0.278566509485245,0.0143102901056409,0.112206496298313,0.148068532347679,0.152953565120697,0.0910198614001274,-0.00819348823279142,0.238927185535431,-0.070998877286911,-0.0266554225236177,0.136707812547684,0.346612513065338,-0.0148363010957837,0.275194495916367,0.00297364825382829,0.0119933355599642,0.0128841791301966,-0.0628706961870193,-0.0798674076795578,-0.0252286288887262,-0.0024885255843401,0.0162148028612137,0.137010216712952,0.00293575902469456,-0.0399892553687096,-0.147886753082275,-0.00351738044992089,0.140566259622574,0.253899306058884,-0.0749892145395279,0.146764993667603,0.122971832752228,0.12046591937542,0.234474629163742,0.255572974681854,0.0471801161766052,0.117203295230865,0.159306019544601,0.167284071445465,0.0688055157661438,-0.0252648275345564,0.29001396894455,-0.0685213580727577,-0.0610283315181732,0.12646122276783,0.340821444988251
0.0808795094490051,0.108933061361313,0.098990336060524,0.18844199180603,0,-0.0102666215971112,-0.019007558003068,0.018793823197484,0.0540733523666859,0.0940860733389854,0.100026771426201,0.107012487947941,0.157743602991104,0.0458802692592144,-0.0124413343146443,-0.0355281233787537,0.0172979608178139,0.057432409375906,-0.0271949339658022,0.105401761829853,-0.00749375438317657,-0.00242655584588647,0.00813618581742048,-0.0247263684868813,-0.0323029682040215,-0.0031128462869674,-0.0100810090079904,-0.0180726144462824,0.0690303668379784,-0.00279623293317854,-0.0311013180762529,-0.0457818172872066,-0.014383964240551,0.0210880022495985,0.0644156411290169,-0.0033745423424989,0.0460474416613579,0.0451642386615276,0.0691606923937798,0.087455540895462,0.0822870507836342,0.00395800080150366,0.0506033599376678,0.0684956833720207,0.0593626908957958,0.00565573014318943,0.00353095703758299,0.102981843054295,-0.0320242717862129,-0.0253242235630751,0.0608443096280098,0.139755442738533,-0.0132610406726599,0.112568199634552,-0.0224946029484272,-0.00633649621158838,-0.0118727684020996,-0.0425474308431149,-0.0475407764315605,-0.015833992511034,-0.0136177120730281,-0.0081110205501318,0.0590220391750336,-0.0120452521368861,-0.0285049546509981,-0.0530249215662479,-0.0230287164449692,0.0182118192315102,0.0831083655357361,-0.0147200049832463,0.0613295845687389,0.0466315634548664,0.0507908724248409,0.0775118768215179,0.0719558894634247,-0.00771530950441957,0.0236356221139431,0.0386087819933891,0.0447026677429676,-0.0135878277942538,-0.0112594962120056,0.0992775559425354,-0.0408764742314816,-0.0258445590734482,0.041125375777483,0.126458570361137
-0.0403659716248512,0.0105020189657807,0.0261469297111034,0.00269812345504761,-0.0102666215971112,0,0.183713585138321,0.0176804140210152,0.0883898958563805,0.0484891943633556,-0.00848833378404379,0.011439073830843,-0.00970054510980844,-0.020580992102623,0.447494238615036,0.18195267021656,0.039490420371294,0.0681137368083,0.0810326114296913,0.0386920683085918,0.145708546042442,0.0951098427176476,0.137472704052925,0.233228728175163,0.251657158136368,0.138050347566605,0.348040103912354,0.131523549556732,0.0737654492259026,0.117596328258514,0.312530785799026,0.223010659217834,0.282457500696182,0.0856176540255547,-0.0386586859822273,0.0275564193725586,-0.0200875997543335,0.0788202881813049,0.10455097258091,0.09632807970047,0.0660849288105965,0.271163821220398,0.229353740811348,-0.0196306556463242,0.177096530795097,0.0826682150363922,0.22148309648037,-0.0792867392301559,0.0558910109102726,0.15249852836132,0.109073497354984,0.0730001106858253,0.0243952367454767,0.01594721339643,-0.0247413143515587,0.071656696498394,0.0864845961332321,0.215308129787445,0.111425332725048,0.0868668705224991,0.294853448867798,0.133536905050278,-0.00250042462721467,0.100615337491035,0.285209745168686,0.120775558054447,0.239412993192673,0.0801763460040092,-0.147624805569649,-0.0735464170575142,-0.116515442728996,0.0533873997628689,0.109873481094837,0.021234717220068,0.0602565594017506,0.211978703737259,0.142820090055466,-0.125941246747971,0.0346596278250217,0.0447354167699814,0.184566482901573,-0.121280126273632,0.03487478941679,0.12825608253479,0.0905841514468193,0.0380431525409222
-0.107705131173134,-0.0830070152878761,-0.0166192147880793,-0.00443804869428277,-0.019007558003068,0.183713585138321,0,-0.00886136014014482,-0.00304535217583179,-0.0448004640638828,-0.10273540019989,-0.0411310307681561,-0.0248236320912838,-0.0247898232191801,0.185404658317566,0.262360036373138,-0.0095323882997036,-0.0257657710462809,0.166114062070847,-0.0373181812465191,0.0575179196894169,0.0216787066310644,0.0790318846702576,0.187633499503136,0.0721981078386307,0.13579922914505,0.00945105124264956,0.0714120790362358,0.015975683927536,0.0343448743224144,0.174586549401283,0.17755825817585,0.0751094594597816,0.0350597463548183,0.0225864890962839,0.0746156871318817,0.0773468762636185,-0.0151494033634663,0.0650712475180626,-0.117189086973667,0.0807625949382782,-0.0276344753801823,0.00595507817342877,-0.131130829453468,0.0663586109876633,0.028452705591917,0.241402313113213,-0.0597854629158974,0.0451498813927174,0.134219869971275,0.0142016662284732,0.0339454896748066,0.0982896313071251,-0.0525933653116226,-0.0737661346793175,0.0116346469148993,0.0286835879087448,0.164150267839432,-0.0361290760338306,0.0748667195439339,-0.0232367571443319,0.0587148815393448,-0.0309286117553711,0.029666630551219,0.0977644473314285,0.0876607522368431,0.0589883737266064,0.0364721193909645,-0.0647708252072334,-0.0262192729860544,-0.0330630391836166,-0.0355618260800838,0.0705324336886406,-0.140783354640007,0.0798860192298889,-0.0535818412899971,-0.0258555710315704,-0.197274371981621,-0.0314517952501774,0.0323943607509136,0.193779423832893,-0.122352413833141,0.0164929591119289,0.111901700496674,0.000761814240831882,-0.00482464954257011
0.0627846196293831,0.0717315748333931,0.144760876893997,0.10082484036684,0.018793823197484,0.0176804140210152,-0.00886136014014482,0,0.0521261021494865,0.0441764146089554,0.0744337886571884,0.129270657896996,0.0996110588312149,0.0121066858991981,0.0292139835655689,9.15350392460823e-05,0.106100596487522,0.0620341114699841,-0.0327504873275757,0.0885649621486664,-0.0602488480508327,0.0169169288128614,-0.00134148553479463,-0.0130555788055062,-0.0463480688631535,-0.0240053161978722,0.0520127192139626,0.0159616246819496,0.021870844066143,0.00815598014742136,0.0612201280891895,-0.0591884441673756,0.0217645782977343,0.0471019111573696,-0.0301734339445829,-0.0824808776378632,-0.0730632618069649,0.0430873036384583,0.0211351551115513,0.0687347203493118,0.0131157878786325,0.0461758598685265,0.113439932465553,-0.00513031287118793,0.00698374211788177,0.00436610635370016,0.0094708539545536,-0.00105788151267916,-0.00473957508802414,-0.0028537621255964,0.0488085933029652,0.0846135392785072,-0.0237422659993172,0.0752664357423782,-0.0385864973068237,0.0211659744381905,-0.00649962155148387,-0.0054596196860075,-0.0219856686890125,0.002929060254246,0.0704677030444145,0.0307213589549065,0.024922838434577,0.00169429392553866,0.0584744773805141,-0.0445354394614697,0.00702345883473754,0.0426617003977299,-0.00319399544969201,-0.0818681567907333,-0.0190426595509052,0.0505344979465008,0.0129027077928185,0.0784668400883675,0.0304514728486538,0.0552587583661079,0.0988608151674271,0.0170415416359901,0.0265207514166832,0.00710574397817254,0.0138886291533709,0.0519410781562328,-0.017313290387392,-0.00522525049746037,0.0556693971157074,0.0866654068231583
0.205878913402557,0.226547539234161,0.14583483338356,0.140489652752876,0.0540733523666859,0.0883898958563805,-0.00304535217583179,0.0521261021494865,0,0.226502597332001,0.231907203793526,0.128171175718307,0.131961315870285,0.0511812902987003,0.072890892624855,-0.0208142381161451,0.0463863760232925,0.196152999997139,-0.0502300746738911,0.169913798570633,0.0049247550778091,0.0648681744933128,0.0167867168784142,0.00092116161249578,0.0233504194766283,0.00664166826754808,0.129847690463066,0.0125310998409986,0.0788915157318115,0.0971441939473152,0.0207581520080566,-0.0539793446660042,0.0646907761693001,0.116781145334244,0.0364582948386669,-0.0586588643491268,-0.0115617485716939,0.171749264001846,0.0903601422905922,0.191496387124062,0.0630584061145782,0.149173364043236,0.138426795601845,0.0957433506846428,0.0773916393518448,0.0444666855037212,0.0048733395524323,0.105449676513672,-0.0323777981102467,-0.0201975684612989,0.131197556853294,0.185874298214912,-0.0388815626502037,0.171653434634209,0.0345322266221046,0.0569297447800636,0.0282732825726271,-0.0172931160777807,0.0444603003561497,0.0144577492028475,0.143657520413399,0.00543978670611978,0.0919735059142113,0.0844875127077103,0.0586643405258656,-0.0219144951552153,0.03697469830513,0.0670116320252419,0.0755448639392853,-0.0399145931005478,0.0357755944132805,0.177696704864502,0.0736593082547188,0.180697456002235,0.0561693124473095,0.167068421840668,0.136754959821701,0.0912732481956482,0.110764093697071,0.0104256821796298,0.00198032450862229,0.138027548789978,-0.0400815866887569,-0.00829486642032862,0.126090452075005,0.175315856933594
0.714285492897034,0.357410192489624,0.285969167947769,0.261132031679153,0.0940860733389854,0.0484891943633556,-0.0448004640638828,0.0441764146089554,0.226502597332001,0,0.322010844945908,0.271267890930176,0.218407690525055,0.101846985518932,0.0440436862409115,-0.0587435513734818,0.0325873121619225,0.229551196098328,-0.0913494825363159,0.231541350483894,0.273831725120544,0.00264989584684372,0.0445958487689495,-0.100984767079353,0.21978785097599,0.231870368123055,0.159627750515938,-0.101198732852936,0.212221324443817,0.00604167301207781,-0.00343832513317466,0.055201169103384,0.0449944473803043,0.174889802932739,0.221359744668007,0.0908304750919342,0.188448116183281,0.128408163785934,0.234613925218582,0.309708118438721,0.245071306824684,0.242402344942093,0.10242485255003,0.4653679728508,0.287766546010971,0.239078387618065,-0.131257906556129,0.361359506845474,-0.0141755975782871,-0.0112193338572979,0.0437448062002659,0.213448777794838,-0.157856240868568,0.167569518089294,0.116310350596905,-0.00956595502793789,0.0219300501048565,-0.122363097965717,0.0883568078279495,0.101714625954628,0.105835109949112,-0.0725548267364502,0.089669369161129,-0.0105712795630097,-0.0151059348136187,0.000848270778078586,0.0193623024970293,0.106246642768383,0.109639428555965,0.0100388657301664,0.0345203839242458,0.146372050046921,0.124802693724632,0.251718163490295,0.124967500567436,0.152763828635216,0.0629132613539696,0.201179698109627,0.0756255462765694,0.0643335804343224,-0.111606568098068,0.28542298078537,-0.0315762124955654,-0.0580163821578026,0.0554663613438606,0.172662302851677
0.422785460948944,0.501834988594055,0.260944247245789,0.273719877004623,0.100026771426201,-0.00848833378404379,-0.10273540019989,0.0744337886571884,0.231907203793526,0.322010844945908,0,0.317978322505951,0.300216257572174,0.11043655872345,-0.017934113740921,-0.112956568598747,0.0928096994757652,0.25088295340538,-0.206611901521683,0.299626380205154,-0.040128231048584,0.0690333470702171,0.0128168789669871,-0.0835286974906921,-0.0153015460819006,-0.0284970700740814,0.137750297784805,0.0515976585447788,0.12574003636837,0.111897982656956,-0.0720153972506523,-0.206437349319458,0.00807071570307016,0.115221470594406,0.0146459601819515,-0.153860837221146,-0.0753408148884773,0.235594138503075,0.0614636093378067,0.344893217086792,0.0555807054042816,0.189113885164261,0.183617696166039,0.180204808712006,0.059275284409523,0.078726626932621,-0.156355261802673,0.208075329661369,-0.0837449133396149,-0.0857616439461708,0.181345477700233,0.283898174762726,-0.146741285920143,0.315339148044586,0.136253297328949,0.079562671482563,0.00834759883582592,-0.108785845339298,0.125684753060341,-0.00263855000957847,0.186643660068512,0.0264629051089287,0.18880033493042,0.0715130418539047,-0.0133559620007873,-0.0786209106445312,0.00272980774752796,0.117824897170067,0.232298359274864,-0.0140920672565699,0.150300100445747,0.270268440246582,0.0511649176478386,0.399278968572617,0.100545167922974,0.25942674279213,0.204076290130615,0.294478565454483,0.254025936126709,0.0655651092529297,-0.135833546519279,0.300061047077179,-0.0394090227782726,-0.106242150068283,0.176571205258369,0.309013873338699
0.350550413131714,0.260246217250824,0.580083250999451,0.374315053224564,0.107012487947941,0.011439073830843,-0.0411310307681561,0.129270657896996,0.128171175718307,0.271267890930176,0.317978322505951,0,0.395794630050659,0.088820181787014,0.0153813473880291,-0.0368495807051659,0.143000647425652,0.147998094558716,-0.0830654948949814,0.208801090717316,0.0449373126029968,-0.0299993418157101,-0.0169477518647909,-0.0719372034072876,-0.0336356274783611,0.0172185581177473,0.0659515708684921,-0.00416882894933224,0.187264934182167,-0.00240625930018723,-0.0583011396229267,-0.155443400144577,-0.0328828655183315,0.0204261802136898,0.190666422247887,-0.0541354455053806,0.10750812292099,0.0815966203808784,0.000849462812766433,0.214616924524307,0.0598287358880043,0.0467426963150501,0.160639837384224,0.22276496887207,0.0958337411284447,0.0576752722263336,-0.0904982164502144,0.170016258955002,-0.0894328504800797,-0.0819100588560104,0.0675654634833336,0.191245451569557,-0.0300856754183769,0.232295125722885,0.167865321040154,-0.05186677724123,0.0218427777290344,-0.0902637913823128,0.0578443668782711,0.0490660294890404,0.0692283734679222,-0.0204878095537424,0.231893166899681,-0.0332432389259338,-0.0121879139915109,-0.0700884610414505,0.00175957893952727,0.0266931764781475,0.271740555763245,0.0404538512229919,0.226198852062225,0.092647410929203,-0.0469392575323582,0.247942268848419,0.0689785555005074,0.0974485203623772,0.177172273397446,0.268909752368927,0.21184778213501,0.0181708019226789,-0.083104781806469,0.226863175630569,-0.0630222707986832,-0.0627095475792885,0.0589241310954094,0.214715838432312
0.294664859771729,0.25275981426239,0.373238950967789,0.64416491985321,0.157743602991104,-0.00970054510980844,-0.0248236320912838,0.0996110588312149,0.131961315870285,0.218407690525055,0.300216257572174,0.395794630050659,0,0.143684610724449,-0.00501267705112696,-0.00878149084746838,0.116516515612602,0.152518466114998,-0.065911278128624,0.262480199337006,-0.0533308759331703,0.00635486282408237,0.00759325549006462,-0.0443134717643261,-0.128396600484848,-0.00663062790408731,-0.0243451427668333,0.0292813926935196,0.131956681609154,0.0175881013274193,-0.0819023251533508,-0.181068375706673,-0.0379535630345345,0.15565550327301,0.137883022427559,-0.115643933415413,0.0390567146241665,0.102189786732197,0.113326102495193,0.199471741914749,0.21735468506813,-0.00690887775272131,0.0963390693068504,0.122209534049034,0.106299318373203,0.0760248154401779,-0.0323719196021557,0.216309875249863,-0.0891304612159729,-0.051423404365778,0.125848606228828,0.315112143754959,0.00917469523847103,0.281710088253021,0.0195508971810341,-0.000796043954323977,0.0155734866857529,-0.0426456220448017,-0.0654144510626793,0.0226916410028934,-0.0157191418111324,0.0273397378623486,0.177576154470444,-0.00317759276367724,-0.0523787885904312,-0.131321519613266,-0.0162648074328899,0.14757427573204,0.287920206785202,-0.0503135696053505,0.1850825548172,0.119725331664085,0.118307217955589,0.237358301877975,0.280331999063492,0.0468227155506611,0.117427043616772,0.182211190462112,0.182749211788177,0.0742685049772263,0.0012654431629926,0.307675212621689,-0.0865986049175262,-0.0502139069139957,0.124142177402973,0.371188670396805
0.115382462739944,0.100292727351189,0.0706165283918381,0.124759949743748,0.0458802692592144,-0.020580992102623,-0.0247898232191801,0.0121066858991981,0.0511812902987003,0.101846985518932,0.11043655872345,0.088820181787014,0.143684610724449,0,-0.0109630059450865,-0.0323808379471302,0.00704795122146606,0.088072381913662,-0.0310911647975445,0.128934636712074,-0.0446593426167965,0.00962513592094183,0.00861400458961725,-0.0296756308525801,-0.0377976261079311,-0.0272951256483793,0.0117962555959821,-0.0163213964551687,0.0312543921172619,0.0172233004122972,-0.0352350287139416,-0.0645702704787254,-0.00516500370576978,0.0546494126319885,0.0159459188580513,-0.0522599630057812,-0.014832285232842,0.0587947741150856,0.0626629889011383,0.0847203508019447,0.0633477494120598,0.0357821360230446,0.05210991948843,0.0384253077208996,0.0426627546548843,0.0112745175138116,-0.0113725429400802,0.0787936002016068,-0.0437367670238018,-0.017947718501091,0.0785887092351913,0.121434092521667,-0.0189424324780703,0.10316301882267,-0.000332777388393879,0.0128085222095251,0.00201897835358977,-0.0289379730820656,-0.0114939920604229,-0.016109112650156,0.020424896851182,-0.0188941564410925,0.0300974007695913,0.0186843723058701,-0.0140518834814429,-0.0407768376171589,-0.00919326487928629,0.0635133385658264,0.0727993994951248,-0.0390846505761147,0.0520202144980431,0.0713546574115753,0.0639907792210579,0.0880696028470993,0.0795048698782921,0.0465676188468933,0.0669710263609886,0.0622540824115276,0.0903701633214951,-0.00115473149344325,-0.010550887323916,0.116127833724022,-0.0259408503770828,-0.0297839697450399,0.065275527536869,0.133874386548996
-0.0244670864194632,-0.00863795354962349,0.023092083632946,-0.00358771905303001,-0.0124413343146443,0.447494238615036,0.185404658317566,0.0292139835655689,0.072890892624855,0.0440436862409115,-0.017934113740921,0.0153813473880291,-0.00501267705112696,-0.0109630059450865,0,0.226333573460579,0.03588030859828,0.0684103593230247,0.0672897920012474,0.0334017910063267,0.132468491792679,0.0825688615441322,0.112475760281086,0.237988218665123,0.231609210371971,0.138226926326752,0.323951154947281,0.121700517833233,0.0756978616118431,0.0995505079627037,0.314090698957443,0.183837980031967,0.276126116514206,0.0901481807231903,-0.0420203767716885,-0.00565127842128277,-0.0456086844205856,0.0605755485594273,0.0848517939448357,0.0772028118371964,0.0647417157888412,0.257585644721985,0.233367249369621,-0.0352965220808983,0.157027617096901,0.07683065533638,0.213782101869583,-0.0906008705496788,0.0353550650179386,0.13098518550396,0.0896353498101234,0.0711282342672348,0.0353192538022995,0.0333399102091789,0.0321267731487751,0.0671517550945282,0.106351308524609,0.225611686706543,0.148976147174835,0.126487955451012,0.308969348669052,0.108629062771797,0.0386268831789494,0.0889040380716324,0.273694038391113,0.145312756299973,0.283483147621155,0.0806178450584412,-0.115282908082008,-0.0695565566420555,-0.0901770517230034,0.0473441034555435,0.112123094499111,0.0494530126452446,0.0582942478358746,0.237870618700981,0.165822118520737,-0.0909393131732941,0.0636382699012756,0.0645378604531288,0.204428762197495,-0.0968132019042969,0.0157321058213711,0.144265979528427,0.0873209163546562,0.0693527460098267
-0.110442295670509,-0.101415254175663,-0.037457101047039,-0.0186692401766777,-0.0355281233787537,0.18195267021656,0.262360036373138,9.15350392460823e-05,-0.0208142381161451,-0.0587435513734818,-0.112956568598747,-0.0368495807051659,-0.00878149084746838,-0.0323808379471302,0.226333573460579,0,0.0151885440573096,-0.00503053003922105,0.128975868225098,-0.0381646677851677,0.0541609413921833,0.0188411511480808,0.0789286643266678,0.177732527256012,0.056418102234602,0.129582464694977,-0.00280849635601044,0.0292029678821564,0.0110954130068421,0.0196090340614319,0.143616765737534,0.136027500033379,0.0961893424391747,0.0360055938363075,0.00490369414910674,0.0413021296262741,0.0497032031416893,-0.0610045045614243,0.0493469685316086,-0.110131666064262,0.0813159421086311,-0.0207364950329065,0.00689357100054622,-0.110256530344486,0.0438382737338543,0.0349281206727028,0.207454010844231,-0.0601107701659203,0.040178794413805,0.108231090009212,0.0109828496351838,0.0227293483912945,0.109877094626427,-0.046639334410429,-0.0243948791176081,0.00474564451724291,0.0421163812279701,0.187059581279755,0.00209495681338012,0.128175795078278,-0.0174918919801712,0.0260453652590513,-0.00924885366111994,0.019441882148385,0.108506202697754,0.0945640727877617,0.102936886250973,0.0374706350266933,-0.0296919662505388,-0.0150397401303053,0.00404374208301306,-0.0714321509003639,0.0678331553936005,-0.132648885250092,0.0869624316692352,-0.0419457331299782,-0.0288999043405056,-0.145356878638268,-0.022261394187808,0.041881587356329,0.21178175508976,-0.0827663689851761,0.0215017758309841,0.136062040925026,-0.00272877584211528,0.0179954264312983
0.0430313944816589,0.0588926002383232,0.11404886841774,0.092649906873703,0.0172979608178139,0.039490420371294,-0.0095323882997036,0.106100596487522,0.0463863760232925,0.0325873121619225,0.0928096994757652,0.143000647425652,0.116516515612602,0.00704795122146606,0.03588030859828,0.0151885440573096,0,0.0678290948271751,-0.0266226213425398,0.0869491919875145,-0.0579119324684143,0.0248082168400288,0.00902311876416206,-0.00991929695010185,-0.0285937339067459,-0.0416979342699051,0.0763587132096291,0.0280124619603157,0.0131053291261196,0.0244258772581816,0.0469628907740116,-0.0717434287071228,0.00599050242453814,0.0273292139172554,-0.0298287123441696,-0.082372859120369,-0.0673392564058304,0.0400090664625168,0.00730467680841684,0.0596235059201717,-0.00357406469993293,0.0652859807014465,0.121204704046249,-0.022233447059989,0.013793122023344,-0.00558057427406311,0.0119742034003139,-0.0363892391324043,-0.0131040634587407,-0.0156663507223129,0.0433961153030396,0.0588618293404579,-0.0171858929097652,0.0772038474678993,-0.047395084053278,0.0228942260146141,0.0010301653528586,0.0113494386896491,-0.0287529919296503,-0.0230099502950907,0.0666301921010017,0.0271329749375582,0.0167034491896629,0.0150753697380424,0.045173104852438,-0.0435737818479538,0.0220638532191515,0.0296266786754131,-0.0187714286148548,-0.103971727192402,-0.0371147207915783,0.042839527130127,-0.00108840828761458,0.0641007646918297,0.00138415023684502,0.0590322017669678,0.114358469843864,0.00936411321163177,0.010523721575737,-0.00303357234224677,0.019733939319849,0.0124060055240989,-0.0204919092357159,-0.001498470781371,0.0458182729780674,0.0637853965163231
0.265276283025742,0.211054638028145,0.145820543169975,0.142859563231468,0.057432409375906,0.0681137368083,-0.0257657710462809,0.0620341114699841,0.196152999997139,0.229551196098328,0.25088295340538,0.147998094558716,0.152518466114998,0.088072381913662,0.0684103593230247,-0.00503053003922105,0.0678290948271751,0,-0.0659995377063751,0.167757138609886,0.0255985297262669,0.0556208752095699,0.0425215624272823,0.00715373456478119,0.0413616448640823,0.0271504689007998,0.118281938135624,0.0125108603388071,0.0920959413051605,0.0927448123693466,0.0126052470877767,-0.0407665260136127,0.069627970457077,0.0862106308341026,0.0217517279088497,-0.0588160678744316,-0.00596221163868904,0.16520719230175,0.0757710561156273,0.182582959532738,0.0584277734160423,0.14924131333828,0.135177761316299,0.102278150618076,0.0726523846387863,0.0523976795375347,0.0134510044008493,0.125017568469048,-0.0414858795702457,0.0201307609677315,0.170915693044662,0.190535262227058,-0.00968424510210752,0.185793787240982,0.0875838547945023,0.0635573044419289,0.0235361568629742,0.00321781355887651,0.0914689302444458,0.0376286655664444,0.143978759646416,0.0138463005423546,0.115808233618736,0.0824670046567917,0.0618895627558231,0.00629617692902684,0.0576193109154701,0.105545423924923,0.111726202070713,0.00142054539173841,0.0821520686149597,0.181128993630409,0.0773216709494591,0.197349041700363,0.0788825750350952,0.184533640742302,0.139919593930244,0.138969466090202,0.147186860442162,0.0474752336740494,0.0261055361479521,0.163082510232925,-0.00581005867570639,-0.000681206467561424,0.137273848056793,0.214216232299805
-0.20503742992878,-0.124976739287376,-0.0336796827614307,-0.0602156110107899,-0.0271949339658022,0.0810326114296913,0.166114062070847,-0.0327504873275757,-0.0502300746738911,-0.0913494825363159,-0.206611901521683,-0.0830654948949814,-0.065911278128624,-0.0310911647975445,0.0672897920012474,0.128975868225098,-0.0266226213425398,-0.0659995377063751,0,-0.0475322008132935,0.242201626300812,0.0374530665576458,0.0400068648159504,0.272528380155563,0.191020131111145,0.273809909820557,-0.158752158284187,0.0781578198075294,0.0774581208825111,0.0632059425115585,0.0421630404889584,0.574610769748688,-0.00216652429662645,-0.0035162796266377,0.498084485530853,0.225842654705048,0.566651225090027,-0.0542395561933517,0.0847907066345215,-0.123247630894184,0.172855734825134,-0.0712073817849159,-0.13848403096199,-0.00742746470496058,0.180366978049278,0.0675712674856186,0.742826700210571,0.194380179047585,0.115512758493423,0.163959786295891,0.149040654301643,0.119586750864983,0.674379467964172,-0.073854960501194,0.00892105977982283,0.0181448217481375,0.0221014339476824,0.226976931095123,0.0161282029002905,0.18743047118187,-0.198446169495583,0.0828278809785843,0.00494653871282935,0.0588829293847084,-0.0480626299977303,0.321290642023087,0.0214879605919123,0.0152798136696219,0.183256864547729,0.157337710261345,0.236812219023705,-0.0833692401647568,0.135955408215523,-0.180719450116158,0.12295638769865,-0.150521144270897,-0.128751888871193,-0.128477156162262,-0.0026574267540127,0.0452604256570339,0.631345152854919,0.0268612615764141,0.0578874945640564,0.16805063188076,0.157389566302299,0.0793387666344643
0.238256379961967,0.274173945188522,0.203412100672722,0.293689161539078,0.105401761829853,0.0386920683085918,-0.0373181812465191,0.0885649621486664,0.169913798570633,0.231541350483894,0.299626380205154,0.208801090717316,0.262480199337006,0.128934636712074,0.0334017910063267,-0.0381646677851677,0.0869491919875145,0.167757138609886,-0.0475322008132935,0,-0.115122467279434,0.157250955700874,0.05039207264781,0.00576001917943358,-0.148558020591736,-0.0263314433395863,0.00591940712183714,0.0176269877701998,0.211989551782608,0.177512049674988,-0.108210816979408,-0.284067034721375,0.00310421292670071,0.384689897298813,0.188937440514565,-0.242774397134781,0.00661969557404518,0.261883586645126,0.327577650547028,0.430138975381851,0.388853013515472,0.0913408547639847,0.288225144147873,0.260101854801178,0.332122445106506,0.256612330675125,0.0695565938949585,0.390512645244598,-0.126483023166656,-0.0512312203645706,0.307003915309906,0.576290488243103,0.0269138142466545,0.605527400970459,-0.109479732811451,0.169713601469994,0.00726468954235315,-0.0061044474132359,-0.133622571825981,-0.00595948332920671,0.0412156134843826,0.0270908400416374,0.177413940429688,0.153379544615746,-0.0553708896040916,-0.253635108470917,0.0185244120657444,0.352294832468033,0.301036447286606,-0.250370740890503,0.110332019627094,0.260214328765869,0.285682052373886,0.450033217668533,0.375802129507065,0.155433565378189,0.283289402723312,0.229785650968552,0.298029065132141,0.201047018170357,0.064098484814167,0.454965889453888,-0.150705620646477,-0.088088646531105,0.246411710977554,0.558441698551178
0.0170058533549309,0.0346461310982704,0.115276336669922,-0.039586141705513,-0.00749375438317657,0.145708546042442,0.0575179196894169,-0.0602488480508327,0.0049247550778091,0.273831725120544,-0.040128231048584,0.0449373126029968,-0.0533308759331703,-0.0446593426167965,0.132468491792679,0.0541609413921833,-0.0579119324684143,0.0255985297262669,0.242201626300812,-0.115122467279434,0,-0.143824726343155,0.0705987587571144,0.183740243315697,0.736223340034485,0.584965229034424,0.206471398472786,-0.0984546989202499,0.297691822052002,-0.0991379916667938,0.135261684656143,0.521084785461426,0.172597572207451,-0.0961695834994316,0.589849829673767,0.468385249376297,0.576813220977783,-0.123455852270126,-0.0280454996973276,0.105997949838638,0.132453784346581,0.309878498315811,-0.0269927177578211,0.714063882827759,0.457867860794067,0.388566225767136,0.0510047040879726,0.419042944908142,0.036594957113266,0.00612911721691489,-0.0368345566093922,-0.0554986335337162,0.0261413883417845,-0.130119323730469,0.642536640167236,-0.202760696411133,0.0650144070386887,0.096914142370224,0.501359701156616,0.295981824398041,0.066974088549614,-0.0706816762685776,0.0922849625349045,-0.102722868323326,0.0621212013065815,0.312563061714172,0.126384809613228,-0.0888190791010857,0.216748878359795,0.321947515010834,0.22181510925293,-0.128227278590202,-0.0102845085784793,-0.041984386742115,0.0369847528636456,0.147163331508636,-0.115569926798344,0.23687270283699,0.0740308165550232,0.158387437462807,0.0429780893027782,0.0326559655368328,0.0589934401214123,0.0243243612349033,-0.0168161783367395,-0.117314279079437
-0.0214494317770004,0.0906440690159798,-0.0106972269713879,0.0109165320172906,-0.00242655584588647,0.0951098427176476,0.0216787066310644,0.0169169288128614,0.0648681744933128,0.00264989584684372,0.0690333470702171,-0.0299993418157101,0.00635486282408237,0.00962513592094183,0.0825688615441322,0.0188411511480808,0.0248082168400288,0.0556208752095699,0.0374530665576458,0.157250955700874,-0.143824726343155,0,0.0179680790752172,0.350361406803131,0.0459103882312775,-0.143118649721146,0.135190770030022,0.262384831905365,0.0211327038705349,0.938721418380737,0.00243980693630874,-0.154459446668625,0.163892552256584,0.351272404193878,-0.100671194493771,-0.201121866703033,-0.155052915215492,0.899918019771576,0.295668929815292,0.0681375414133072,0.254247754812241,0.282990962266922,0.0653465837240219,-0.0561214424669743,0.0616511069238186,0.659834504127502,0.168442398309708,-0.0014418262289837,-0.0379687920212746,0.0157489590346813,0.192368671298027,0.208738058805466,0.0597413517534733,0.154873222112656,-0.248687967658043,0.98066371679306,-0.00201493967324495,0.398319900035858,-0.0530281849205494,-0.0755657330155373,0.17873677611351,0.304017573595047,-0.0238779075443745,0.931879043579102,-0.0168094877153635,-0.197380915284157,0.181207299232483,0.313991338014603,-0.121183723211288,-0.260472744703293,-0.185825541615486,0.863361299037933,0.3457171022892,0.0719584599137306,0.278028666973114,0.34425014257431,0.0748415142297745,-0.104063011705875,-0.022505285218358,0.60023033618927,0.140808910131454,0.0378937907516956,-0.0749671012163162,0.00880391336977482,0.151948690414429,0.186431601643562
0.0118438536301255,0.0190204232931137,0.000778004352468997,0.00198970199562609,0.00813618581742048,0.137472704052925,0.0790318846702576,-0.00134148553479463,0.0167867168784142,0.0445958487689495,0.0128168789669871,-0.0169477518647909,0.00759325549006462,0.00861400458961725,0.112475760281086,0.0789286643266678,0.00902311876416206,0.0425215624272823,0.0400068648159504,0.05039207264781,0.0705987587571144,0.0179680790752172,0,0.167785421013832,0.112458974123001,0.148402824997902,0.0632709562778473,0.035451490432024,0.091865710914135,0.0391092449426651,0.0942013412714005,0.108698680996895,0.102060779929161,0.033101249486208,0.0630190894007683,0.0357165969908237,0.0695869699120522,0.020156018435955,0.046377170830965,0.0442174188792706,0.0540529079735279,0.0477794744074345,0.0627915039658546,0.0356425195932388,0.0663705915212631,0.091669924557209,0.104383580386639,0.0584513321518898,0.0306348763406277,0.105695389211178,0.047451451420784,0.0964758321642876,0.0176609344780445,0.022507082670927,0.0314697436988354,0.00578533671796322,0.0544905737042427,0.137597426772118,0.0718270242214203,0.117575198411942,0.0617642961442471,0.0227437112480402,0.054068498313427,0.0369284078478813,0.0844360366463661,0.0672066882252693,0.0840386897325516,0.00921136699616909,0.0427707470953465,0.00697618210688233,0.0388478673994541,0.0130403880029917,0.040967795997858,0.0314636826515198,0.0441790111362934,0.0619422532618046,0.0300465989857912,-0.0127053055912256,0.0359111316502094,0.0732232108712196,0.0752978548407555,0.0315658710896969,0.0160421561449766,0.0476761534810066,0.0217196196317673,0.0859445482492447
-0.0928310677409172,-0.0641352832317352,-0.0607956759631634,-0.0431508906185627,-0.0247263684868813,0.233228728175163,0.187633499503136,-0.0130555788055062,0.00092116161249578,-0.100984767079353,-0.0835286974906921,-0.0719372034072876,-0.0443134717643261,-0.0296756308525801,0.237988218665123,0.177732527256012,-0.00991929695010185,0.00715373456478119,0.272528380155563,0.00576001917943358,0.183740243315697,0.350361406803131,0.167785421013832,0,0.3233822286129,0.369120538234711,0.0870381966233253,0.586061358451843,0.0880648419260979,0.534536600112915,0.188920482993126,0.218568071722984,0.338323175907135,0.100214280188084,0.109510712325573,0.0379733517765999,0.0892806947231293,0.304081797599792,0.096920445561409,-0.066775381565094,0.137826949357986,0.105452917516232,0.0347846485674381,-0.0632751360535622,0.0755802914500237,0.524789154529572,0.341293275356293,-0.0153391882777214,0.0716654136776924,0.159404829144478,0.102224253118038,0.113384731113911,0.245108753442764,0.0214479565620422,0.0215353593230247,0.320569187402725,0.111378863453865,0.834449172019958,0.193814188241959,0.373121470212936,0.0901960209012032,0.54094672203064,0.0564142540097237,0.527511119842529,0.146544441580772,0.184380605816841,0.358605802059174,0.0981132611632347,0.07464499771595,-0.0455380491912365,0.105660229921341,0.231955036520958,0.146454110741615,-0.0630883798003197,0.178637936711311,0.158748507499695,0.0250543523579836,-0.116482309997082,0.0118470098823309,0.527582705020905,0.267973989248276,-0.0194792132824659,0.0334613509476185,0.143425568938255,0.074154868721962,0.0733579024672508
