0,0.33092388510704,0.248834982514381,0.262131422758102,0.0729130432009697,-0.00762810558080673,-0.0851675048470497,0.0567634701728821,0.194000899791718,0.718017637729645,0.40208175778389,0.337577521800995,0.272621929645538,0.10065945237875,0.00263133412227035,-0.0910100638866425,0.0372857190668583,0.247320979833603,-0.129989013075829,0.210368111729622,0.0723913013935089,-0.0298533588647842,0.0252605192363262,-0.0351108983159065,0.0674765929579735,0.149945273995399,0.086167223751545,0.0366982445120811,0.191526547074318,-0.0106181604787707,-0.138918593525887,-0.101908706128597,0.00878470484167337,0.140229627490044,0.112381242215633,-0.0393601395189762,0.0257337987422943,0.0845144689083099,0.106706000864506,0.33453369140625,0.136695250868797,0.168687075376511,0.0739415884017944,0.335861384868622,0.0596144162118435,0.181351080536842,-0.116154260933399,0.360031068325043,-0.0955705642700195,-0.0646423622965813,0.0604088827967644,0.226933240890503,-0.0100706871598959,0.254835665225983,0.410822659730911,-0.0261120051145554,0.0399706624448299,-0.0728083327412605,0.361346811056137,0.246589228510857,0.169464007019997,0.0232217088341713,0.316497296094894,-0.0347998663783073,-0.0368524007499218,0.123513266444206,0.0176441222429276,0.163454592227936,0.377766132354736,0.193519935011864,0.283934891223907,0.099810779094696,0.103749297559261,0.417319267988205,0.21241158246994,0.2938012778759,0.15211920440197,0.571763157844543,0.377766340970993,0.199299931526184,-0.0831262841820717,0.523106813430786,0.0108562260866165,-0.0711735337972641,0.0604133047163486,0.274875998497009
0.33092388510704,0,0.254461526870728,0.281386911869049,0.106560200452805,0.0131119908764958,-0.0736155807971954,0.0750607028603554,0.215407684445381,0.349592626094818,0.47919037938118,0.270568609237671,0.261501789093018,0.0960733816027641,-0.000550741271581501,-0.0916332826018333,0.0568781569600105,0.207315310835838,-0.0786695331335068,0.249788820743561,0.0557511299848557,0.0628134608268738,0.0241314247250557,-0.0479850172996521,0.0617718212306499,0.0604769922792912,0.131795108318329,0.0709226951003075,0.153735086321831,0.0983483418822289,-0.0224560927599669,-0.0849170610308647,0.0189953111112118,0.162373527884483,0.139547690749168,-0.0525223910808563,0.0284733269363642,0.19906510412693,0.134885668754578,0.323695808649063,0.143499553203583,0.185523480176926,0.150269046425819,0.214648857712746,0.193783327937126,0.106976434588432,-0.0698139518499374,0.246739074587822,-0.037967249751091,-0.0495030246675014,0.184012472629547,0.287626206874847,-0.105203486979008,0.258857578039169,0.0646426007151604,0.0600958615541458,0.0191589575260878,-0.0748138278722763,0.0548834465444088,-0.00230090669356287,0.116737402975559,0.063393272459507,0.131715834140778,0.064456932246685,-0.015378731302917,-0.0848352462053299,-0.0098286010324955,0.0995319485664368,0.164369702339172,-0.0328201800584793,0.0791441798210144,0.231388062238693,0.0805371403694153,0.308301210403442,0.105558425188065,0.167992025613785,0.140263766050339,0.175107434391975,0.159060090780258,0.0447776280343533,-0.0928280428051949,0.226205840706825,-0.0411013960838318,-0.0629888400435448,0.160659357905388,0.26154625415802
0.248834982514381,0.254461526870728,0,0.381881266832352,0.100854478776455,0.0301896873861551,-0.0224909745156765,0.142683759331703,0.133808344602585,0.27668571472168,0.26630488038063,0.56959855556488,0.367752760648727,0.0678293704986572,0.0191624350845814,-0.0353804863989353,0.11655942350626,0.144437700510025,-0.00724563375115395,0.186540126800537,0.129940375685692,-0.00411563646048307,0.00285190506838262,-0.0424241907894611,0.0315637998282909,0.0662066414952278,0.0710346102714539,-0.00286905048415065,0.198592036962509,0.00894259475171566,-0.00976692605763674,-0.059938907623291,-0.0265999957919121,0.0581469312310219,0.249053701758385,0.00578007753938437,0.145792976021767,0.067017637193203,0.0309665929526091,0.194480627775192,0.110993713140488,0.0785549804568291,0.157924219965935,0.255097538232803,0.216791093349457,0.0495537258684635,-0.0454859472811222,0.204541087150574,-0.0477778203785419,-0.0503439828753471,0.0865747481584549,0.186496764421463,-0.030888644978404,0.173390731215477,0.103395782411098,-0.0197568386793137,0.030910961329937,-0.0707446932792664,0.0234977956861258,0.0195119641721249,0.0511482357978821,0.00833824742585421,0.158406227827072,-0.0128332572057843,-0.0121076460927725,-0.0760227739810944,-0.0230242405086756,0.0359498783946037,0.190557166934013,-0.0241910014301538,0.128650113940239,0.0837590172886848,0.00456482358276844,0.186836391687393,0.100651286542416,0.0578161887824535,0.116872772574425,0.164563849568367,0.145275056362152,0.00117784354370087,-0.0539305843412876,0.17690634727478,-0.0571536682546139,-0.0484486520290375,0.0895500481128693,0.175800502300262
0.262131422758102,0.281386911869049,0.381881266832352,0,0.194967195391655,0.0129501204937696,-0.00303111784160137,0.113153286278248,0.133377015590668,0.254650741815567,0.280357599258423,0.363427370786667,0.641475796699524,0.121868453919888,0.00800368562340736,-0.0147016318514943,0.0889730378985405,0.145298913121223,-0.0414024367928505,0.290484994649887,-0.0200635772198439,0.0329319052398205,0.010453806258738,-0.00633845571428537,-0.0910049453377724,0.0342778488993645,0.00193498819135129,0.0288128294050694,0.151709958910942,0.0432463549077511,-0.0280033759772778,-0.146715000271797,-0.0194729007780552,0.206340208649635,0.195277318358421,-0.082149364054203,0.0674120038747787,0.106965579092503,0.214683055877686,0.199116766452789,0.318246901035309,0.0262079257518053,0.108717784285545,0.160343438386917,0.184408262372017,0.121359504759312,0.0207285694777966,0.26913195848465,-0.0697788372635841,-0.0181202199310064,0.160237789154053,0.35924819111824,-0.0106462929397821,0.286128729581833,0.00984025653451681,0.0351157672703266,0.0138917863368988,-0.0291481539607048,-0.0622163824737072,-0.00993188191205263,0.00225039152428508,0.0362085662782192,0.144646003842354,0.0303482618182898,-0.0359207503497601,-0.135000929236412,0.00277312682010233,0.175816029310226,0.251102805137634,-0.0697730705142021,0.136993855237961,0.127911686897278,0.150705978274345,0.238044738769531,0.288341343402863,0.0540527403354645,0.11725702136755,0.160776942968369,0.167122527956963,0.0922781825065613,-0.00369995995424688,0.30558854341507,-0.0700645744800568,-0.0508910790085793,0.143056437373161,0.349947184324265
0.0729130432009697,0.106560200452805,0.100854478776455,0.194967195391655,0,-0.00605578953400254,-0.0133181130513549,0.0250203832983971,0.0502375438809395,0.090501956641674,0.092507392168045,0.105183407664299,0.162977680563927,0.0485553368926048,-0.00811575818806887,-0.0251441635191441,0.0154024502262473,0.0535961762070656,-0.0129936337471008,0.0922851040959358,0.00313316378742456,-0.000482817151350901,0.0118390489369631,-0.00919330213218927,-0.0214568935334682,0.00508187804371119,-0.0148449363186955,-0.00893588829785585,0.070592924952507,0.000397367373807356,-0.0235063713043928,-0.0316081754863262,-0.0108120394870639,0.0215667225420475,0.0762322172522545,0.00564060686156154,0.0548771470785141,0.0386014208197594,0.075435534119606,0.0873089805245399,0.100885346531868,-0.00156417733523995,0.0466000884771347,0.0694499984383583,0.0724494382739067,0.0127578442916274,0.0186527017503977,0.107660904526711,-0.0308605004101992,-0.019018767401576,0.0589284375309944,0.139782100915909,-0.00685472181066871,0.110431641340256,-0.0201506037265062,-0.00523571250960231,-0.0106422547250986,-0.0286159757524729,-0.0402331873774529,-0.00949856545776129,-0.0170951224863529,0.00229424494318664,0.0548625066876411,-0.011827708221972,-0.0258577037602663,-0.0427456796169281,-0.0235888287425041,0.0268037132918835,0.0838935226202011,-0.00917328428477049,0.0597759820520878,0.0436162278056145,0.0557850375771523,0.0730082094669342,0.0809852853417397,-0.0108517780900002,0.0227388869971037,0.0380677282810211,0.0456966757774353,-0.00968511961400509,-0.00399890542030334,0.0992762073874474,-0.0387376248836517,-0.0138395996764302,0.0422950126230717,0.128084927797318
-0.00762810558080673,0.0131119908764958,0.0301896873861551,0.0129501204937696,-0.00605578953400254,0,0.169433504343033,0.0200324673205614,0.0858159735798836,0.0511229075491428,0.00683909049257636,0.0237935427576303,0.00237337569706142,-0.0174672156572342,0.438147753477097,0.170472532510757,0.0481122322380543,0.0714585110545158,0.060415294021368,0.0361304171383381,0.131680965423584,0.0744006261229515,0.136175155639648,0.21953684091568,0.249904721975327,0.124168485403061,0.347224473953247,0.104840859770775,0.0731841996312141,0.0985258966684341,0.309201329946518,0.202619269490242,0.280894339084625,0.0728020668029785,-0.0493630692362785,0.014123841188848,-0.0309513658285141,0.06546900421381,0.0907915160059929,0.0957654193043709,0.0383067354559898,0.273650765419006,0.242289438843727,-0.0175108667463064,0.157703474164009,0.0570488423109055,0.20354600250721,-0.0892648249864578,0.0635645091533661,0.149704828858376,0.101977847516537,0.0701270624995232,0.0267083887010813,0.0298590119928122,-0.00502330623567104,0.0512220114469528,0.0855525285005569,0.203775078058243,0.135272309184074,0.0922017768025398,0.298737794160843,0.100445091724396,0.0155009338632226,0.0849193930625916,0.290474861860275,0.135951682925224,0.241509705781937,0.0600170306861401,-0.126294702291489,-0.060075469315052,-0.0908165797591209,0.0428741276264191,0.097302608191967,0.0400589369237423,0.03697819262743,0.226064145565033,0.164814487099648,-0.0924549251794815,0.0738731846213341,0.0266042929142714,0.173584267497063,-0.116531744599342,0.0514014028012753,0.124642387032509,0.0913999229669571,0.0548365376889706
-0.0851675048470497,-0.0736155807971954,-0.0224909745156765,-0.00303111784160137,-0.0133181130513549,0.169433504343033,0,-0.00411331746727228,-0.00398654257878661,-0.0366974622011185,-0.0929582342505455,-0.0454364158213139,-0.0189906060695648,-0.022378608584404,0.170494958758354,0.243407636880875,-0.00161000015214086,-0.0259753037244081,0.129702597856522,-0.0250461250543594,0.0410982444882393,0.0222922246903181,0.0790219455957413,0.177618429064751,0.0635298937559128,0.123560085892677,0.00775297172367573,0.062804214656353,0.00528357643634081,0.0376431234180927,0.158755630254745,0.149553596973419,0.078110545873642,0.0209826193749905,0.00434831948950887,0.0607042498886585,0.0580179393291473,-0.00586852850392461,0.0514441542327404,-0.105118274688721,0.053418293595314,-0.0266468245536089,0.0145044652745128,-0.129864498972893,0.0424626022577286,0.0224164947867393,0.219188958406448,-0.073502704501152,0.0400484316051006,0.127950474619865,0.0123737379908562,0.0300758052617311,0.0903556570410728,-0.0368653982877731,-0.0675833076238632,0.0144480261951685,0.0307352636009455,0.154333472251892,-0.0310273561626673,0.0707257762551308,-0.0111585566774011,0.0492052510380745,-0.0209185350686312,0.0344414561986923,0.0963934287428856,0.0797631815075874,0.0640614181756973,0.0253513995558023,-0.0639921650290489,-0.0320078767836094,-0.0286444667726755,-0.0239581651985645,0.0595078617334366,-0.120891138911247,0.061559870839119,-0.0411041937768459,-0.00935832411050797,-0.179810807108879,-0.0235548969358206,0.0296566411852837,0.187574058771133,-0.120206840336323,0.021416962146759,0.111728638410568,0.00521958898752928,0.00473084673285484
0.0567634701728821,0.0750607028603554,0.142683759331703,0.113153286278248,0.0250203832983971,0.0200324673205614,-0.00411331746727228,0,0.0524273924529552,0.0420138128101826,0.078867681324482,0.131846755743027,0.109526291489601,0.015782069414854,0.0358948148787022,0.00724125187844038,0.108920998871326,0.062481340020895,-0.0304947383701801,0.087074302136898,-0.0612027384340763,0.0209109652787447,-0.000269266776740551,-0.00580881303176284,-0.0417553149163723,-0.0217552613466978,0.0537735186517239,0.0186382178217173,0.0256949365139008,0.009546366520226,0.0634148716926575,-0.0561742186546326,0.027400741353631,0.0541869029402733,-0.0263154413551092,-0.0811872854828835,-0.0743340626358986,0.0444694124162197,0.0294211115688086,0.072032205760479,0.0211563427001238,0.0473611019551754,0.123567014932632,-0.00351623678579926,0.0176947601139545,0.00688025215640664,0.0173200741410255,0.000954471237491816,-0.001557263196446,0.000652675400488079,0.0541864447295666,0.0884271711111069,-0.0158586222678423,0.0830651521682739,-0.041143286973238,0.0245086345821619,-0.00353561365045607,0.000972400128375739,-0.0180415380746126,0.0040820580907166,0.0676693320274353,0.0313554257154465,0.0268775634467602,0.00610797991976142,0.0612062364816666,-0.0340007990598679,0.013234930112958,0.0515449903905392,-0.00178373209200799,-0.0839928165078163,-0.0167106632143259,0.0528337918221951,0.0202897600829601,0.0827615261077881,0.0392150990664959,0.0566168650984764,0.104877360165119,0.015350854024291,0.0351263508200645,0.00479961605742574,0.0239330157637596,0.0550369992852211,-0.0188001655042171,-0.00256633013486862,0.0642696842551231,0.0881288796663284
0.194000899791718,0.215407684445381,0.133808344602585,0.133377015590668,0.0502375438809395,0.0858159735798836,-0.00398654257878661,0.0524273924529552,0,0.211335882544518,0.217599958181381,0.122507601976395,0.12874361872673,0.048489160835743,0.074155256152153,-0.00900954753160477,0.0474937483668327,0.187471479177475,-0.0291194729506969,0.149761080741882,0.0130739398300648,0.0528465956449509,0.023439098149538,0.0171749591827393,0.0349223874509335,0.0177391618490219,0.116280473768711,0.0230871345847845,0.0725420862436295,0.077773243188858,0.0208307150751352,-0.0404482819139957,0.0680110156536102,0.12032987177372,0.0504365712404251,-0.049227137118578,-0.00460253562778234,0.14549033343792,0.103253073990345,0.174267038702965,0.0859377756714821,0.138257086277008,0.12124939262867,0.0922174826264381,0.0844850316643715,0.0503378063440323,0.023340068757534,0.112498998641968,-0.0256985705345869,-0.016593225300312,0.12531578540802,0.178033798933029,-0.0243237838149071,0.160917550325394,0.0408371761441231,0.047185517847538,0.0284151583909988,-0.00366178946569562,0.0562137290835381,0.0205681584775448,0.127427116036415,0.0166311636567116,0.092294879257679,0.0734443739056587,0.0499553047120571,-0.00963404588401318,0.0389423072338104,0.0726655647158623,0.0824884995818138,-0.0307588893920183,0.0431171022355556,0.151705756783485,0.081280030310154,0.167954087257385,0.0793832242488861,0.151473432779312,0.127967402338982,0.0924166217446327,0.112389236688614,0.0188878644257784,0.0164324436336756,0.141520008444786,-0.0328201167285442,0.000770459708292037,0.123229712247849,0.168916925787926
0.718017637729645,0.349592626094818,0.27668571472168,0.254650741815567,0.090501956641674,0.0511229075491428,-0.0366974622011185,0.0420138128101826,0.211335882544518,0,0.310373604297638,0.267282158136368,0.205191269516945,0.094856783747673,0.0511950962245464,-0.051912359893322,0.0296179130673409,0.220133379101753,-0.0247717145830393,0.208143785595894,0.287241548299789,-0.020374583080411,0.0478749573230743,-0.0836380869150162,0.235036537051201,0.245474055409431,0.149036839604378,-0.0857705324888229,0.204805836081505,-0.0241450127214193,-0.00290812482126057,0.0668775588274002,0.049800232052803,0.203467234969139,0.249266937375069,0.101402774453163,0.196730017662048,0.0867887884378433,0.290557980537415,0.287716865539551,0.308456003665924,0.23632550239563,0.0791959017515182,0.460247039794922,0.309867888689041,0.231572821736336,-0.0883462727069855,0.406921565532684,-0.0062990658916533,-0.00919741485267878,0.0544700101017952,0.218025177717209,-0.132116228342056,0.149508759379387,0.137022465467453,-0.0286017842590809,0.0264687985181808,-0.111756309866905,0.11777751147747,0.11321933567524,0.0913463830947876,-0.044113926589489,0.0932364389300346,-0.0297766048461199,-0.0263388659805059,0.00907110888510942,0.0179703589528799,0.144493088126183,0.12707182765007,0.0280334949493408,0.0418092235922813,0.103320822119713,0.168616786599159,0.234366431832314,0.179975315928459,0.140443176031113,0.046956941485405,0.225377917289734,0.0839904248714447,0.0634376928210258,-0.0858944356441498,0.311296969652176,-0.0299527030438185,-0.0457483232021332,0.0586125701665878,0.177966639399529
0.40208175778389,0.47919037938118,0.26630488038063,0.280357599258423,0.092507392168045,0.00683909049257636,-0.0929582342505455,0.078867681324482,0.217599958181381,0.310373604297638,0,0.320723921060562,0.305949360132217,0.110131204128265,-0.00307445367798209,-0.102346286177635,0.0916213765740395,0.23933818936348,-0.158680737018585,0.271010100841522,-0.00787568930536509,0.0551967807114124,0.0230006016790867,-0.0570638813078403,0.013258776627481,-0.00133590691257268,0.136662125587463,0.060845322906971,0.133903354406357,0.0940458998084068,-0.0488918796181679,-0.166103526949883,0.0210502129048109,0.118014246225357,0.0581453889608383,-0.124623410403728,-0.040765680372715,0.211645886301994,0.0724207758903503,0.327751457691193,0.0973869189620018,0.189889013767242,0.173981070518494,0.185994863510132,0.103092163801193,0.0848382636904716,-0.114164024591446,0.229576379060745,-0.0758009105920792,-0.0681909546256065,0.182460471987724,0.280548006296158,-0.117867715656757,0.300401508808136,0.142164140939713,0.0686693862080574,0.0112092867493629,-0.0876142755150795,0.14210669696331,0.00246265414170921,0.176201432943344,0.0365917161107063,0.186045125126839,0.0639112368226051,-0.00777602707967162,-0.0590432062745094,0.0143437804654241,0.139676705002785,0.240244045853615,-0.00316056306473911,0.145526468753815,0.246478468179703,0.0602061226963997,0.379677534103394,0.130623742938042,0.244634330272675,0.188784971833229,0.284862697124481,0.252541363239288,0.0679614543914795,-0.101441487669945,0.312699407339096,-0.0317826792597771,-0.0883936434984207,0.183995753526688,0.302883356809616
0.337577521800995,0.270568609237671,0.56959855556488,0.363427370786667,0.105183407664299,0.0237935427576303,-0.0454364158213139,0.131846755743027,0.122507601976395,0.267282158136368,0.320723921060562,0,0.388943761587143,0.0822940915822983,0.0242020636796951,-0.0368264056742191,0.142656102776527,0.143205583095551,-0.0544428639113903,0.191826224327087,0.069319486618042,-0.0222125127911568,-0.00856897607445717,-0.04909348487854,0.00313630234450102,0.0489701889455318,0.0792189389467239,0.0145144322887063,0.190986961126328,0.00472352234646678,-0.0427996292710304,-0.118269354104996,-0.0224120784550905,0.0513374581933022,0.207527607679367,-0.0338130183517933,0.114424988627434,0.0740119069814682,0.035762257874012,0.216172501444817,0.0959173515439034,0.0656918808817863,0.161137267947197,0.222130939364433,0.136923655867577,0.0659519881010056,-0.0617721863090992,0.196642503142357,-0.0759804025292397,-0.0659351199865341,0.0831980332732201,0.192560955882072,-0.0200546532869339,0.229229927062988,0.177837803959846,-0.0424945987761021,0.0227066464722157,-0.0741054341197014,0.0891400352120399,0.052760936319828,0.078338511288166,-0.000541021057870239,0.235282242298126,-0.0180125627666712,-0.00723767420276999,-0.0443253517150879,0.00799192860722542,0.0565523579716682,0.268909603357315,0.052237581461668,0.214470535516739,0.0887020528316498,-0.0175902936607599,0.247126281261444,0.0945096760988235,0.108434766530991,0.175915241241455,0.266537040472031,0.219538226723671,0.0247986409813166,-0.0672054216265678,0.235348045825958,-0.0548176541924477,-0.0477386713027954,0.072262316942215,0.214931979775429
0.272621929645538,0.261501789093018,0.367752760648727,0.641475796699524,0.162977680563927,0.00237337569706142,-0.0189906060695648,0.109526291489601,0.12874361872673,0.205191269516945,0.305949360132217,0.388943761587143,0,0.142732501029968,0.00753406342118979,-0.00699853477999568,0.10987164825201,0.147540479898453,-0.0421937368810177,0.261570394039154,-0.0306505914777517,0.0316994413733482,0.0151956249028444,-0.00915196910500526,-0.099028579890728,0.019570043310523,-0.0167657099664211,0.0520028322935104,0.143118023872375,0.0387538820505142,-0.0652987137436867,-0.157827571034431,-0.0224176030606031,0.185892164707184,0.171241909265518,-0.0959934890270233,0.0566135980188847,0.108026713132858,0.147543087601662,0.2029809653759,0.266145914793015,0.00837836600840092,0.0950271636247635,0.139906331896782,0.143905162811279,0.107912227511406,0.000615114287938923,0.247017934918404,-0.0882970169186592,-0.0438988208770752,0.151997610926628,0.330984264612198,0.0218383558094501,0.291299819946289,0.0195724684745073,0.0256999023258686,0.0168063174933195,-0.0153508493676782,-0.0534515529870987,0.0262564215809107,-0.00978658068925142,0.0473871678113937,0.179421499371529,0.0283608324825764,-0.0430515445768833,-0.124111995100975,-0.00214156741276383,0.180763468146324,0.290047824382782,-0.0530532598495483,0.181465327739716,0.123892113566399,0.146935164928436,0.239987626671791,0.315631568431854,0.0516984052956104,0.114828795194626,0.173450380563736,0.181825444102287,0.099192388355732,0.0280526429414749,0.320107460021973,-0.085248202085495,-0.0435782447457314,0.143900319933891,0.383176326751709
0.10065945237875,0.0960733816027641,0.0678293704986572,0.121868453919888,0.0485553368926048,-0.0174672156572342,-0.022378608584404,0.015782069414854,0.048489160835743,0.094856783747673,0.110131204128265,0.0822940915822983,0.142732501029968,0,-0.010019900277257,-0.0288496259599924,0.00892895739525557,0.0866850465536118,-0.0196274910122156,0.121000446379185,-0.0364933423697948,0.012827729806304,0.00600882479920983,-0.0191906038671732,-0.0297230817377567,-0.0169910620898008,0.000809705641586334,-0.00881584081798792,0.035119105130434,0.0166900176554918,-0.0396973118185997,-0.0546152032911777,-0.00688325660303235,0.06137889996171,0.0299165546894073,-0.0410143174231052,-0.00294184498488903,0.0540089383721352,0.0688005015254021,0.0811924263834953,0.0770031809806824,0.0285319406539202,0.0443415604531765,0.042512059211731,0.049728985875845,0.0224381759762764,-0.00461093056946993,0.0882266312837601,-0.0359836928546429,-0.0141466921195388,0.0758533105254173,0.121691338717937,-0.0129201654344797,0.0996225103735924,0.00029319804161787,0.0163657255470753,0.00703208846971393,-0.0213171094655991,-0.0146645912900567,-0.00907684396952391,0.0143872788175941,-0.00722069153562188,0.0272043887525797,0.0221588872373104,-0.0209775362163782,-0.032874945551157,-0.0130674354732037,0.0714207664132118,0.0761413276195526,-0.0303052626550198,0.052845437079668,0.0663024932146072,0.065364845097065,0.0814356133341789,0.0900155082345009,0.0374642945826054,0.0594740957021713,0.0558893159031868,0.0818252116441727,0.00591213442385197,-0.00496949721127748,0.114381358027458,-0.0259128101170063,-0.0220265742391348,0.0646593123674393,0.129896208643913
0.00263133412227035,-0.000550741271581501,0.0191624350845814,0.00800368562340736,-0.00811575818806887,0.438147753477097,0.170494958758354,0.0358948148787022,0.074155256152153,0.0511950962245464,-0.00307445367798209,0.0242020636796951,0.00753406342118979,-0.010019900277257,0,0.208385363221169,0.0469917170703411,0.0652870908379555,0.0470179170370102,0.0284485965967178,0.114541351795197,0.0643906071782112,0.116142220795155,0.225895509123802,0.230994701385498,0.121327556669712,0.325671553611755,0.0983766317367554,0.0693327113986015,0.0835715010762215,0.316070705652237,0.172908961772919,0.285460382699966,0.0751043632626534,-0.0593790784478188,-0.0184312500059605,-0.0597419664263725,0.0481575801968575,0.0807884931564331,0.0725401565432549,0.0435679852962494,0.261416882276535,0.248694732785225,-0.0453293770551682,0.14167919754982,0.0548288933932781,0.202073261141777,-0.107260920107365,0.0546676404774189,0.14279080927372,0.0826985090970993,0.0705430507659912,0.0365261062979698,0.0410835072398186,0.0403206534683704,0.0510361455380917,0.109385907649994,0.212506085634232,0.165550082921982,0.127223759889603,0.313482612371445,0.0787088945508003,0.0475195646286011,0.0724467858672142,0.287249803543091,0.157443776726723,0.28666216135025,0.0618420951068401,-0.106790721416473,-0.0562002398073673,-0.0745904967188835,0.0350765958428383,0.105026043951511,0.0610769689083099,0.0398689433932304,0.251469790935516,0.187597662210464,-0.0689661949872971,0.0964444577693939,0.04667604342103,0.196547776460648,-0.101600147783756,0.0412172414362431,0.141803562641144,0.0826216414570808,0.0704829096794128
-0.0910100638866425,-0.0916332826018333,-0.0353804863989353,-0.0147016318514943,-0.0251441635191441,0.170472532510757,0.243407636880875,0.00724125187844038,-0.00900954753160477,-0.051912359893322,-0.102346286177635,-0.0368264056742191,-0.00699853477999568,-0.0288496259599924,0.208385363221169,0,0.0182718560099602,-0.00893372762948275,0.101671256124973,-0.0312687419354916,0.037006501108408,0.0231777876615524,0.0747598856687546,0.17351071536541,0.0473500117659569,0.113174699246883,0.00125904590822756,0.0227590408176184,0.00598916783928871,0.0322223082184792,0.137396812438965,0.118117697536945,0.0977498069405556,0.0247880052775145,-0.00780727993696928,0.0275535956025124,0.0361048690974712,-0.0460212491452694,0.0434783026576042,-0.0957428067922592,0.0595902800559998,-0.021094061434269,0.0177931617945433,-0.114986650645733,0.0276309177279472,0.0271028093993664,0.191052705049515,-0.0742497444152832,0.0374700464308262,0.109407432377338,0.00611047213897109,0.0282506663352251,0.100288942456245,-0.03081214427948,-0.030769182369113,0.0109822312369943,0.0442055687308311,0.174345150589943,-0.00775552354753017,0.112707197666168,-0.00856802146881819,0.017583878710866,-0.00511722639203072,0.0269343107938766,0.110072277486324,0.0843594372272491,0.102693848311901,0.0258814450353384,-0.0382709018886089,-0.0187397375702858,0.00429391069337726,-0.0567857772111893,0.0623571537435055,-0.11223890632391,0.0682060718536377,-0.0345624014735222,-0.0177031066268682,-0.143520683050156,-0.0145227471366525,0.0341991223394871,0.204994007945061,-0.08843132853508,0.0200447663664818,0.133763656020164,0.0023431614972651,0.0240836143493652
0.0372857190668583,0.0568781569600105,0.11655942350626,0.0889730378985405,0.0154024502262473,0.0481122322380543,-0.00161000015214086,0.108920998871326,0.0474937483668327,0.0296179130673409,0.0916213765740395,0.142656102776527,0.10987164825201,0.00892895739525557,0.0469917170703411,0.0182718560099602,0,0.0639361292123795,-0.0278208889067173,0.0778005421161652,-0.0482416674494743,0.0251271277666092,0.0136860851198435,0.00206047273240983,-0.0152106089517474,-0.0357279926538467,0.0795107036828995,0.0354681611061096,0.0218021254986525,0.0283407960087061,0.0587790235877037,-0.0628003254532814,0.0144215598702431,0.0289730448275805,-0.0254897493869066,-0.0748006701469421,-0.0613127537071705,0.0415363162755966,0.0131239565089345,0.0592259950935841,0.00166419928427786,0.0692806243896484,0.120715074241161,-0.0157580077648163,0.0210153665393591,0.00599207542836666,0.0172338262200356,-0.0289458315819502,-0.0121128521859646,-0.00776107702404261,0.0467487573623657,0.0600355640053749,-0.0129908164963126,0.0736711695790291,-0.0398254580795765,0.0266462434083223,0.00914737209677696,0.0182758588343859,-0.018901914358139,-0.0162417348474264,0.068165197968483,0.029014328494668,0.0192371923476458,0.0210226289927959,0.0507930256426334,-0.0379304401576519,0.0215840358287096,0.0316905155777931,-0.0175612885504961,-0.100622080266476,-0.0298173259943724,0.0454270243644714,0.00120425259228796,0.0620002560317516,0.00205255160108209,0.0659213215112686,0.113474570214748,0.00814648251980543,0.009358542971313,0.00500373635441065,0.0202013552188873,0.0109280264005065,-0.0191379357129335,-0.0010368829825893,0.0502120070159435,0.0666027888655663
0.247320979833603,0.207315310835838,0.144437700510025,0.145298913121223,0.0535961762070656,0.0714585110545158,-0.0259753037244081,0.062481340020895,0.187471479177475,0.220133379101753,0.23933818936348,0.143205583095551,0.147540479898453,0.0866850465536118,0.0652870908379555,-0.00893372762948275,0.0639361292123795,0,-0.0444696694612503,0.150552406907082,0.0388122126460075,0.0497034899890423,0.0460257269442081,0.0222729947417974,0.059926051646471,0.0389238111674786,0.112271673977375,0.0142167042940855,0.090643435716629,0.0819826424121857,0.0216107312589884,-0.0191543847322464,0.071621760725975,0.0863771885633469,0.0377700738608837,-0.0389825776219368,0.00345807825215161,0.146508321166039,0.0852100402116776,0.168816447257996,0.079803429543972,0.148360267281532,0.127189233899117,0.106869421899319,0.0921940505504608,0.0611152090132236,0.0286205019801855,0.136556223034859,-0.0294486992061138,0.0264837890863419,0.162841126322746,0.179735571146011,-0.00161784561350942,0.171588212251663,0.0833864882588387,0.0578186586499214,0.0174474604427814,0.012886131182313,0.0956456512212753,0.0365724787116051,0.136653214693069,0.0238382052630186,0.105416871607304,0.0746646597981453,0.0654335841536522,0.0163221247494221,0.0589286908507347,0.112856552004814,0.106306008994579,0.00368057773448527,0.0786305740475655,0.160270065069199,0.0807455107569695,0.185243397951126,0.091013140976429,0.176247909665108,0.13526064157486,0.129456654191017,0.14619442820549,0.0503937229514122,0.0317455977201462,0.158392548561096,0.000992906861938536,-0.00143079739063978,0.132241070270538,0.202242583036423
-0.129989013075829,-0.0786695331335068,-0.00724563375115395,-0.0414024367928505,-0.0129936337471008,0.060415294021368,0.129702597856522,-0.0304947383701801,-0.0291194729506969,-0.0247717145830393,-0.158680737018585,-0.0544428639113903,-0.0421937368810177,-0.0196274910122156,0.0470179170370102,0.101671256124973,-0.0278208889067173,-0.0444696694612503,0,-0.0320633687078953,0.242030441761017,0.0261952169239521,0.0292790420353413,0.244712233543396,0.216448679566383,0.25759693980217,-0.111833393573761,0.0577412471175194,0.0832883566617966,0.0646896958351135,0.0516532324254513,0.600261211395264,-0.00554093578830361,-0.0191877409815788,0.488135457038879,0.228551208972931,0.56112003326416,-0.0259019639343023,0.0461552999913692,-0.0677817687392235,0.112616062164307,-0.0200850162655115,-0.107617169618607,0.000819440756458789,0.211711183190346,0.0230996739119291,0.687190532684326,0.199152290821075,0.127610221505165,0.166520699858665,0.122585281729698,0.105433851480484,0.637908220291138,-0.0500468350946903,0.0280526783317327,0.0117321573197842,0.016869543120265,0.183954894542694,0.0297079961746931,0.166883394122124,-0.144954636693001,0.0663439631462097,0.0142111200839281,0.0558137558400631,-0.0278999842703342,0.363538801670074,0.0150320073589683,-0.0105966981500387,0.187440067529678,0.179992958903313,0.27341040968895,-0.056345496326685,0.0947111248970032,-0.147516712546349,0.0806570574641228,-0.0913114249706268,-0.0910261869430542,-0.0925387516617775,0.0577543713152409,0.00804474763572216,0.570561170578003,0.00185267417691648,0.0750947445631027,0.158072426915169,0.139883905649185,0.0772198364138603
0.210368111729622,0.249788820743561,0.186540126800537,0.290484994649887,0.0922851040959358,0.0361304171383381,-0.0250461250543594,0.087074302136898,0.149761080741882,0.208143785595894,0.271010100841522,0.191826224327087,0.261570394039154,0.121000446379185,0.0284485965967178,-0.0312687419354916,0.0778005421161652,0.150552406907082,-0.0320633687078953,0,-0.10154090076685,0.167173251509666,0.0491777919232845,0.0370528846979141,-0.129301443696022,-0.0112602198496461,-0.0189496763050556,0.0453873537480831,0.208612650632858,0.17789326608181,-0.087246872484684,-0.255586534738541,0.00697244750335813,0.374720633029938,0.209327071905136,-0.188963755965233,0.0210020020604134,0.255698978900909,0.325254887342453,0.389715999364853,0.40330109000206,0.0733615607023239,0.24216066300869,0.228517115116119,0.335253804922104,0.266379803419113,0.0808054208755493,0.381172031164169,-0.125198662281036,-0.0426217466592789,0.286879897117615,0.546238660812378,0.0382153913378716,0.566776275634766,-0.110368557274342,0.174341171979904,0.0109878592193127,0.0220410730689764,-0.134536743164062,0.00712212733924389,0.0193368457257748,0.0565884299576283,0.164973169565201,0.159032985568047,-0.0509751886129379,-0.231970384716988,0.020888801664114,0.354563355445862,0.28767728805542,-0.231064051389694,0.114401385188103,0.254180014133453,0.273629009723663,0.409868240356445,0.389058828353882,0.123575761914253,0.25381863117218,0.198177933692932,0.265651196241379,0.214645773172379,0.0724423751235008,0.444166213274002,-0.150842353701591,-0.0729665756225586,0.227172628045082,0.528932809829712
0.0723913013935089,0.0557511299848557,0.129940375685692,-0.0200635772198439,0.00313316378742456,0.131680965423584,0.0410982444882393,-0.0612027384340763,0.0130739398300648,0.287241548299789,-0.00787568930536509,0.069319486618042,-0.0306505914777517,-0.0364933423697948,0.114541351795197,0.037006501108408,-0.0482416674494743,0.0388122126460075,0.242030441761017,-0.10154090076685,0,-0.170162439346313,0.0650408342480659,0.155180156230927,0.727072715759277,0.564819931983948,0.190776959061623,-0.123239368200302,0.267202347517014,-0.125134378671646,0.0939578339457512,0.465785682201385,0.156557023525238,-0.0727901384234428,0.56524646282196,0.443309187889099,0.525274038314819,-0.146219044923782,0.0196152199059725,0.0988770946860313,0.152711942791939,0.295267522335052,-0.0491731353104115,0.701766133308411,0.403290063142776,0.329743206501007,0.0465418584644794,0.456597208976746,0.0569696575403214,-0.00253724143840373,-0.0190509296953678,-0.0354673266410828,0.00828606355935335,-0.118592403829098,0.657579243183136,-0.21906615793705,0.057070754468441,0.0642585232853889,0.526987910270691,0.280628740787506,0.0530122071504593,-0.0794145315885544,0.0983351394534111,-0.124506652355194,0.0364611111581326,0.280359387397766,0.10952852666378,-0.0690977573394775,0.266232818365097,0.329505264759064,0.210392385721207,-0.139778643846512,0.0234377291053534,-0.0203022696077824,0.0539650917053223,0.153413027524948,-0.121130891144276,0.319402784109116,0.109556801617146,0.127369299530983,0.0218092482537031,0.0965486690402031,0.0759875178337097,0.0123938713222742,-0.0039201220497489,-0.07546716183424
-0.0298533588647842,0.0628134608268738,-0.00411563646048307,0.0329319052398205,-0.000482817151350901,0.0744006261229515,0.0222922246903181,0.0209109652787447,0.0528465956449509,-0.020374583080411,0.0551967807114124,-0.0222125127911568,0.0316994413733482,0.012827729806304,0.0643906071782112,0.0231777876615524,0.0251271277666092,0.0497034899890423,0.0261952169239521,0.167173251509666,-0.170162439346313,0,0.016670323908329,0.349993318319321,-0.00707474118098617,-0.155863329768181,0.098112590610981,0.275624781847,0.0255980677902699,0.930823981761932,-0.00308968825265765,-0.178198456764221,0.164292603731155,0.321439296007156,-0.0746546611189842,-0.187186688184738,-0.129300534725189,0.901481866836548,0.283069878816605,0.0627483949065208,0.278274297714233,0.234494313597679,0.0620396099984646,-0.0608035176992416,0.0570286512374878,0.667011737823486,0.175273507833481,-0.0120218843221664,-0.0477991625666618,0.0100716166198254,0.193291947245598,0.225847110152245,0.107674650847912,0.171141475439072,-0.255976349115372,0.977780640125275,-0.00741089461371303,0.420831382274628,-0.105202928185463,-0.071759857237339,0.138071477413177,0.320149511098862,-0.0399173609912395,0.923075437545776,-0.0258697997778654,-0.211050406098366,0.183644905686378,0.308455914258957,-0.07133848965168,-0.261593341827393,-0.13085001707077,0.865874528884888,0.337228804826736,0.0703459829092026,0.322016149759293,0.29489329457283,0.0730300098657608,-0.114012271165848,-0.0216698441654444,0.61990213394165,0.171029582619667,0.0510209985077381,-0.0897707566618919,0.00633403519168496,0.160954311490059,0.207428097724915
0.0252605192363262,0.0241314247250557,0.00285190506838262,0.010453806258738,0.0118390489369631,0.136175155639648,0.0790219455957413,-0.000269266776740551,0.023439098149538,0.0478749573230743,0.0230006016790867,-0.00856897607445717,0.0151956249028444,0.00600882479920983,0.116142220795155,0.0747598856687546,0.0136860851198435,0.0460257269442081,0.0292790420353413,0.0491777919232845,0.0650408342480659,0.016670323908329,0,0.169907063245773,0.115427777171135,0.137227118015289,0.0635652244091034,0.0354287289083004,0.0976862832903862,0.0389075726270676,0.0927871018648148,0.103426299989223,0.107051312923431,0.03477967903018,0.0607293136417866,0.0397938117384911,0.0625056102871895,0.0218044854700565,0.0542893148958683,0.0469242073595524,0.0570309311151505,0.0502347126603127,0.0659477189183235,0.0352590009570122,0.0646520704030991,0.0846082121133804,0.107680208981037,0.0567681938409805,0.0377136915922165,0.109912022948265,0.0496080443263054,0.10431981831789,0.0204261522740126,0.0256712287664413,0.0338164903223515,0.00396147789433599,0.0574169047176838,0.13393297791481,0.0752787813544273,0.116944275796413,0.0655849352478981,0.0250948537141085,0.0601802468299866,0.0347776412963867,0.0913039669394493,0.0750532522797585,0.0893709361553192,0.00874248240143061,0.0492462180554867,0.0124351233243942,0.0481582432985306,0.0150744765996933,0.0431641489267349,0.0349028818309307,0.0446052774786949,0.0658083111047745,0.0346517860889435,-0.00828272569924593,0.0453436300158501,0.0689060688018799,0.079393595457077,0.036054041236639,0.0227736718952656,0.0546447336673737,0.0301112532615662,0.0936096757650375
-0.0351108983159065,-0.0479850172996521,-0.0424241907894611,-0.00633845571428537,-0.00919330213218927,0.21953684091568,0.177618429064751,-0.00580881303176284,0.0171749591827393,-0.0836380869150162,-0.0570638813078403,-0.04909348487854,-0.00915196910500526,-0.0191906038671732,0.225895509123802,0.17351071536541,0.00206047273240983,0.0222729947417974,0.244712233543396,0.0370528846979141,0.155180156230927,0.349993318319321,0.169907063245773,0,0.294225960969925,0.325146645307541,0.0796936973929405,0.537025034427643,0.0952500030398369,0.522537350654602,0.1755031645298,0.169778645038605,0.338932871818542,0.0938861221075058,0.109910495579243,0.0300067998468876,0.0943489894270897,0.307016253471375,0.106842778623104,-0.0453402660787106,0.146408379077911,0.0963805541396141,0.0494964197278023,-0.0470121167600155,0.0625786930322647,0.495036721229553,0.335072726011276,-0.0136236241087317,0.0636111348867416,0.1501175314188,0.116778664290905,0.140438869595528,0.26831915974617,0.0523829162120819,0.039618007838726,0.317448526620865,0.106873825192451,0.821211993694305,0.169504716992378,0.363607585430145,0.0925948843359947,0.487848192453384,0.0743450969457626,0.515640497207642,0.147334575653076,0.16754849255085,0.359205901622772,0.0997853651642799,0.111452333629131,-0.0382398590445518,0.15618397295475,0.244410797953606,0.160970211029053,-0.028928816318512,0.194184973835945,0.161737680435181,0.0474607311189175,-0.0767288729548454,0.0533444546163082,0.498825579881668,0.281943112611771,0.00163137773051858,0.03101428411901,0.13330551981926,0.0940452441573143,0.118108943104744
