0 0.34842 0.27099 0.2803 0.083101 -0.003303 -0.089541 0.063229 0.215 0.72915 0.42324 0.35619 0.29303 0.1115 0.0070433 -0.095595 0.044547 0.26538 -0.14812 0.23734 0.089125 -0.036745 0.031178 -0.043652 0.085264 0.1545 0.10499 0.024301 0.20818 -2.1257e-05 -0.14238 -0.092215 0.021488 0.11404 0.1264 -0.044617 0.033425 0.10659 0.060036 0.36778 0.088932 0.19354 0.097875 0.38089 0.063064 0.17906 -0.15463 0.37189 -0.09527 -0.063181 0.052676 0.24753 -0.05956 0.28397 0.43688 -0.033977 0.038656 -0.071662 0.38013 0.25289 0.19418 -0.0038754 0.34235 -0.033997 -0.023823 0.13726 0.025669 0.12554 0.4138 0.21192 0.31024 0.1209 0.061687 0.44957 0.17675 0.31375 0.17848 0.60429 0.41171 0.1941 -0.11934 0.54263 0.014556 -0.077671 0.066157 0.29508
0.34842 0 0.25206 0.27867 0.10904 0.017261 -0.078892 0.067488 0.22023 0.35563 0.47623 0.2696 0.25894 0.095934 -5.4516e-05 -0.093134 0.054943 0.20678 -0.094726 0.26665 0.062956 0.076566 0.025625 -0.039689 0.074369 0.063517 0.14084 0.079886 0.16179 0.1214 -0.028325 -0.090692 0.02143 0.15608 0.14181 -0.057904 0.025511 0.22071 0.12226 0.3349 0.12487 0.1958 0.15995 0.23858 0.18318 0.13105 -0.093468 0.25841 -0.042658 -0.050493 0.17051 0.29962 -0.11842 0.26443 0.074209 0.072965 0.020041 -0.067974 0.0704 0.013783 0.12166 0.075316 0.14445 0.081313 -0.013894 -0.081157 -0.0077201 0.086501 0.1822 -0.030922 0.088688 0.25156 0.073464 0.31936 0.098062 0.18098 0.14953 0.20411 0.16937 0.072311 -0.10674 0.24357 -0.045331 -0.06274 0.15541 0.27441
0.27099 0.25206 0 0.3783 0.091921 0.030583 -0.024296 0.14333 0.14121 0.28238 0.2675 0.56151 0.36359 0.066741 0.028103 -0.031804 0.1156 0.15472 -0.024916 0.20829 0.12992 -0.0015326 0.012293 -0.030195 0.039762 0.060858 0.07568 0.0025539 0.20291 0.022573 -0.0078563 -0.06327 -0.018034 0.058241 0.24781 0.00059069 0.14254 0.081975 0.015552 0.20657 0.093447 0.089053 0.173 0.26852 0.21765 0.070185 -0.063373 0.20817 -0.050502 -0.046738 0.077154 0.19875 -0.030906 0.18552 0.11814 -0.017288 0.036126 -0.057972 0.035297 0.034439 0.058118 0.010865 0.1712 -0.0053818 -0.0033164 -0.070149 -0.010617 0.027227 0.21352 -0.018961 0.14607 0.091883 -0.007329 0.20233 0.10075 0.072825 0.12408 0.1869 0.17201 0.023327 -0.065123 0.1997 -0.064393 -0.050801 0.087324 0.18803
0.2803 0.27867 0.3783 0 0.18187 0.01159 -0.0091433 0.1049 0.14118 0.2557 0.28092 0.36402 0.63455 0.12045 0.0027167 -0.018131 0.092614 0.14724 -0.051081 0.30139 -0.016158 0.026259 0.016669 -0.011928 -0.085742 0.026862 0.00082981 0.037344 0.15207 0.043901 -0.035695 -0.14756 -0.020963 0.18371 0.19662 -0.083511 0.06436 0.11512 0.19173 0.20691 0.29887 0.027851 0.12344 0.17744 0.1759 0.11928 -0.00063096 0.26579 -0.069657 -0.017504 0.14586 0.35931 -0.018104 0.29143 0.017041 0.029882 0.017357 -0.030687 -0.050626 -0.0058511 0.0048812 0.043037 0.15231 0.02713 -0.033266 -0.12982 0.0019547 0.14631 0.27325 -0.061365 0.15641 0.13414 0.12893 0.24531 0.27996 0.058029 0.12279 0.18745 0.18453 0.1035 -0.021038 0.32002 -0.068114 -0.052462 0.13541 0.35242
0.083101 0.10904 0.091921 0.18187 0 -0.0049148 -0.018294 0.018343 0.053073 0.092799 0.098914 0.099755 0.15509 0.043826 -0.0069115 -0.026998 0.01517 0.057129 -0.018786 0.10349 0.004152 0.0040319 0.010923 -0.0095245 -0.019045 0.0040167 -0.0087316 -0.0078902 0.069752 0.0076815 -0.030198 -0.032737 -0.01071 0.023979 0.073418 0.0016737 0.048137 0.047531 0.077369 0.094516 0.097419 0.010496 0.051275 0.074774 0.069522 0.021755 0.01241 0.11197 -0.030877 -0.021174 0.062727 0.14466 -0.010671 0.11281 -0.012367 -0.0038298 -0.010715 -0.028464 -0.035042 -0.0067673 -0.0098493 0.0001288 0.060071 -0.0056289 -0.025355 -0.045807 -0.014776 0.028225 0.090941 -0.01026 0.063898 0.046697 0.05818 0.08054 0.084451 5.383e-05 0.024364 0.049737 0.052734 0.002372 -0.0089633 0.11194 -0.038146 -0.01953 0.045616 0.12792
-0.003303 0.017261 0.030583 0.01159 -0.0049148 0 0.16631 0.022108 0.085606 0.054231 0.0062896 0.02531 0.0038663 -0.016859 0.4293 0.1624 0.042968 0.070072 0.059899 0.0363 0.13163 0.095392 0.13461 0.21892 0.22889 0.12605 0.33218 0.12255 0.072438 0.11639 0.30167 0.20107 0.27255 0.07793 -0.04189 0.014574 -0.026874 0.075715 0.09616 0.094241 0.05348 0.262 0.2329 -0.0099344 0.15788 0.081402 0.21055 -0.082569 0.055823 0.14732 0.099882 0.07143 0.036843 0.02313 0.0041772 0.075069 0.088496 0.20686 0.12796 0.089478 0.28346 0.12441 0.0081324 0.1034 0.279 0.13474 0.23152 0.072983 -0.12233 -0.054176 -0.096386 0.05482 0.098718 0.041679 0.048928 0.22077 0.15454 -0.089753 0.064773 0.048126 0.18088 -0.11662 0.056203 0.12285 0.087873 0.045977
-0.089541 -0.078892 -0.024296 -0.0091433 -0.018294 0.16631 0 -0.0082325 -0.0094968 -0.041277 -0.098935 -0.044502 -0.026793 -0.023095 0.16886 0.24514 -0.0073871 -0.027671 0.14295 -0.042636 0.050034 0.028271 0.072375 0.17251 0.056423 0.12783 -0.0076017 0.072486 0.010644 0.038035 0.15655 0.16357 0.068013 0.023865 0.015579 0.075789 0.069549 -0.010902 0.06074 -0.12239 0.066577 -0.042854 -0.00124 -0.12711 0.047615 0.027472 0.22598 -0.073456 0.04132 0.12797 0.012235 0.023774 0.091937 -0.052071 -0.068321 0.022352 0.034162 0.15279 -0.043819 0.066771 -0.029478 0.060987 -0.028784 0.034022 0.085906 0.082669 0.049385 0.026214 -0.06704 -0.020157 -0.030253 -0.029731 0.063379 -0.14139 0.07027 -0.06395 -0.025087 -0.18519 -0.033269 0.034151 0.18563 -0.13289 0.025963 0.10798 -0.0015601 -0.012763
0.063229 0.067488 0.14333 0.1049 0.018343 0.022108 -0.0082325 0 0.04956 0.040809 0.076937 0.12692 0.10057 0.015909 0.03523 0.0025989 0.1078 0.062782 -0.036654 0.084684 -0.059585 0.019626 0.00010993 -0.0078727 -0.042657 -0.019851 0.052695 0.015062 0.02297 0.0095045 0.06439 -0.055938 0.026178 0.046856 -0.023101 -0.080213 -0.075653 0.044976 0.023287 0.070088 0.016361 0.045633 0.123 -0.0016582 0.0095027 0.0088531 0.0099857 -0.0020635 -0.0040318 -0.00093131 0.044374 0.087944 -0.017996 0.076465 -0.03805 0.023359 -0.0052518 -0.0011075 -0.016596 0.0043378 0.068427 0.029791 0.031758 0.002431 0.065648 -0.034642 0.0084812 0.042494 0.0037711 -0.082803 -0.011716 0.051607 0.013706 0.080766 0.035239 0.061084 0.10382 0.02235 0.033919 0.009644 0.015483 0.055149 -0.018709 -0.00086971 0.056048 0.090221
0.215 0.22023 0.14121 0.14118 0.053073 0.085606 -0.0094968 0.04956 0 0.22135 0.22168 0.1296 0.13623 0.043237 0.069476 -0.019764 0.048691 0.18951 -0.040059 0.16768 0.012296 0.064937 0.020473 0.012238 0.032953 0.016599 0.12426 0.020048 0.08327 0.09274 0.017094 -0.047159 0.064456 0.1136 0.054189 -0.053771 -0.0038259 0.1638 0.091942 0.19238 0.074429 0.14849 0.13397 0.10937 0.085672 0.057331 0.0092176 0.12094 -0.029205 -0.020775 0.12275 0.19203 -0.033138 0.17245 0.045271 0.057044 0.031514 -0.0055497 0.059179 0.024297 0.13402 0.015135 0.10083 0.081739 0.054361 -0.010617 0.035499 0.064136 0.095832 -0.031595 0.047824 0.16764 0.073151 0.18433 0.069505 0.16775 0.13494 0.11155 0.12352 0.030203 0.0077476 0.15505 -0.034965 -0.0017934 0.12276 0.17776
0.72915 0.35563 0.28238 0.2557 0.092799 0.054231 -0.041277 0.040809 0.22135 0 0.3261 0.27697 0.21464 0.099084 0.05124 -0.049977 0.032516 0.23128 -0.051776 0.23596 0.27811 -0.019377 0.051636 -0.071381 0.23324 0.24711 0.14423 -0.070858 0.22279 -0.0040311 -0.015174 0.068598 0.046909 0.18586 0.25781 0.10993 0.21059 0.1071 0.24981 0.31493 0.27623 0.24064 0.086225 0.47955 0.30211 0.24636 -0.12479 0.41625 -0.015095 -0.0028429 0.042547 0.23564 -0.15147 0.1745 0.14949 -0.029074 0.027571 -0.088079 0.13155 0.13945 0.096757 -0.038479 0.11654 -0.015085 -0.02505 0.019497 0.027548 0.11985 0.16088 0.044969 0.073472 0.12231 0.14469 0.25937 0.16754 0.15215 0.053138 0.2497 0.11155 0.089098 -0.10769 0.33779 -0.030115 -0.049411 0.062105 0.19978
0.42324 0.47623 0.2675 0.28092 0.098914 0.0062896 -0.098935 0.076937 0.22168 0.3261 0 0.32335 0.30708 0.10813 0.0024678 -0.10854 0.091177 0.24404 -0.18195 0.29191 0.00094913 0.061546 0.023919 -0.051255 0.029085 0.0036443 0.14825 0.065746 0.14196 0.10922 -0.052558 -0.16776 0.023515 0.10677 0.061076 -0.13372 -0.048936 0.22812 0.045917 0.34458 0.072275 0.20426 0.18818 0.21571 0.092234 0.10206 -0.14052 0.24019 -0.079234 -0.069914 0.16757 0.2933 -0.13713 0.30829 0.161 0.071294 0.01281 -0.081336 0.16055 0.02077 0.1894 0.043322 0.20231 0.072696 0.00018823 -0.050075 0.018861 0.11813 0.25874 0.0002627 0.16316 0.26276 0.029578 0.39899 0.10784 0.26392 0.20342 0.32108 0.2703 0.083469 -0.1207 0.32942 -0.033753 -0.092012 0.17169 0.31186
0.35619 0.2696 0.56151 0.36402 0.099755 0.02531 -0.044502 0.12692 0.1296 0.27697 0.32335 0 0.38605 0.083434 0.028301 -0.035389 0.14194 0.15073 -0.072786 0.20966 0.073858 -0.028265 -0.0044231 -0.047171 0.0085577 0.042195 0.081129 0.01362 0.19846 0.0058867 -0.047102 -0.12687 -0.019029 0.038155 0.20595 -0.043362 0.10696 0.082174 0.010022 0.22503 0.073576 0.071333 0.17836 0.24468 0.13403 0.082191 -0.086867 0.20221 -0.084414 -0.067668 0.075317 0.20688 -0.031875 0.24392 0.19336 -0.050225 0.023301 -0.068581 0.096619 0.06786 0.084115 -0.002502 0.24492 -0.022628 0.00017365 -0.039524 0.013571 0.041631 0.28895 0.052647 0.23048 0.092994 -0.041763 0.27025 0.086966 0.11895 0.18562 0.2959 0.24501 0.0438 -0.085101 0.26197 -0.056852 -0.053086 0.067259 0.22809
0.29303 0.25894 0.36359 0.63455 0.15509 0.0038663 -0.026793 0.10057 0.13623 0.21464 0.30708 0.38605 0 0.14173 0.0088661 -0.00875 0.11177 0.15358 -0.056891 0.27192 -0.027926 0.026689 0.019314 -0.015112 -0.092424 0.013417 -0.013192 0.061753 0.14138 0.043137 -0.072988 -0.15992 -0.021181 0.16274 0.16533 -0.10239 0.048201 0.11805 0.12374 0.21569 0.23731 0.011905 0.1076 0.15275 0.13009 0.10754 -0.021821 0.24601 -0.086601 -0.044728 0.14058 0.33316 0.0080481 0.29751 0.030465 0.021511 0.019267 -0.015002 -0.039075 0.038765 -0.0050871 0.055912 0.19096 0.024973 -0.044794 -0.11588 -0.0039419 0.15574 0.30593 -0.045417 0.19363 0.13582 0.12964 0.24943 0.30699 0.058115 0.12284 0.20836 0.19546 0.10697 0.0089883 0.33894 -0.08992 -0.045132 0.13642 0.38735
0.1115 0.095934 0.066741 0.12045 0.043826 -0.016859 -0.023095 0.015909 0.043237 0.099084 0.10813 0.083434 0.14173 0 -0.0086451 -0.027991 0.0074285 0.086827 -0.025832 0.12908 -0.039435 0.012992 0.010649 -0.01536 -0.02805 -0.015681 0.011931 -0.009127 0.038001 0.015231 -0.034336 -0.055233 -0.004188 0.056407 0.03185 -0.04158 -0.00565 0.055711 0.060429 0.087479 0.069418 0.036042 0.050989 0.050307 0.052357 0.020563 -0.010321 0.087243 -0.037956 -0.0095305 0.076684 0.12317 -0.020174 0.10577 0.0011971 0.012999 0.0065479 -0.018079 -0.0075155 -0.0054653 0.020214 -0.008646 0.033738 0.019387 -0.013805 -0.030575 -0.007152 0.063168 0.081133 -0.032651 0.060561 0.069876 0.063271 0.089295 0.084917 0.045387 0.06536 0.069994 0.091535 0.0084776 -0.0095517 0.12119 -0.02525 -0.023321 0.062367 0.13326
0.0070433 -5.4516e-05 0.028103 0.0027167 -0.0069115 0.4293 0.16886 0.03523 0.069476 0.05124 0.0024678 0.028301 0.0088661 -0.0086451 0 0.20519 0.038948 0.066288 0.046166 0.028291 0.12127 0.085442 0.10768 0.22764 0.21516 0.12873 0.31942 0.12124 0.070178 0.10012 0.30422 0.17049 0.26812 0.07757 -0.04632 -0.020453 -0.051432 0.062011 0.079474 0.078602 0.052569 0.25244 0.23886 -0.030756 0.13816 0.079415 0.21049 -0.097134 0.043539 0.13291 0.082197 0.070941 0.045804 0.035746 0.054621 0.073789 0.10769 0.22182 0.16418 0.13353 0.30576 0.10743 0.04584 0.093595 0.27374 0.15948 0.27458 0.0699 -0.09425 -0.050359 -0.0781 0.05148 0.10386 0.066352 0.04705 0.24655 0.17166 -0.064105 0.082639 0.074586 0.20175 -0.096504 0.037783 0.13929 0.085026 0.067757
-0.095595 -0.093134 -0.031804 -0.018131 -0.026998 0.1624 0.24514 0.0025989 -0.019764 -0.049977 -0.10854 -0.035389 -0.00875 -0.027991 0.20519 0 0.012973 -0.0061026 0.10818 -0.041156 0.047118 0.026496 0.070392 0.16516 0.040433 0.11773 -0.013511 0.028681 0.0079075 0.030614 0.13175 0.12674 0.088513 0.024186 0.00011039 0.048829 0.048312 -0.051853 0.044147 -0.11146 0.067761 -0.035208 0.0018679 -0.10971 0.033657 0.029276 0.19387 -0.076654 0.040096 0.1069 0.0054387 0.016116 0.10252 -0.042772 -0.028346 0.016116 0.042716 0.17815 -0.015442 0.11631 -0.025098 0.027057 -0.010895 0.028089 0.09729 0.087946 0.095356 0.029305 -0.034665 -0.0060019 0.0029636 -0.057975 0.064503 -0.13039 0.074755 -0.0553 -0.028509 -0.14693 -0.024968 0.040024 0.20348 -0.099932 0.022916 0.12817 -0.00065657 0.010772
0.044547 0.054943 0.1156 0.092614 0.01517 0.042968 -0.0073871 0.1078 0.048691 0.032516 0.091177 0.14194 0.11177 0.0074285 0.038948 0.012973 0 0.063724 -0.023899 0.084462 -0.046834 0.027974 0.017911 -0.0023086 -0.01921 -0.03202 0.077321 0.03499 0.016796 0.030696 0.054529 -0.067212 0.007983 0.025641 -0.018209 -0.083469 -0.063802 0.044605 0.0085153 0.062041 -0.0024953 0.070725 0.12307 -0.010368 0.013954 0.0038034 0.017635 -0.027123 -0.015724 -0.012315 0.04441 0.066512 -0.0084069 0.076663 -0.034322 0.027096 0.0078514 0.015147 -0.017839 -0.011999 0.065236 0.028157 0.023632 0.021437 0.046991 -0.036503 0.021046 0.0293 -0.0077558 -0.10301 -0.025746 0.047927 -0.0026088 0.069093 0.0030079 0.06911 0.11541 0.01986 0.013861 0.0051351 0.022079 0.019812 -0.02223 -0.0072095 0.048908 0.069548
0.26538 0.20678 0.15472 0.14724 0.057129 0.070072 -0.027671 0.062782 0.18951 0.23128 0.24404 0.15073 0.15358 0.086827 0.066288 -0.0061026 0.063724 0 -0.056746 0.16305 0.039554 0.052401 0.048598 0.017168 0.055991 0.037814 0.11568 0.017174 0.096571 0.089056 0.015349 -0.023848 0.071024 0.084689 0.043325 -0.048583 0.0028189 0.15765 0.078516 0.18543 0.072249 0.15275 0.13394 0.12308 0.086741 0.065303 0.024643 0.14344 -0.03106 0.025797 0.16695 0.1963 -0.0047479 0.18318 0.09782 0.062726 0.026374 0.017489 0.10228 0.047654 0.14043 0.020428 0.11583 0.080123 0.061904 0.019496 0.058257 0.10351 0.12573 0.0093569 0.089851 0.17256 0.075904 0.20178 0.090794 0.18434 0.13832 0.1531 0.15579 0.060861 0.02827 0.17757 -0.0007321 0.0050964 0.13503 0.21867
-0.14812 -0.094726 -0.024916 -0.051081 -0.018786 0.059899 0.14295 -0.036654 -0.040059 -0.051776 -0.18195 -0.072786 -0.056891 -0.025832 0.046166 0.10818 -0.023899 -0.056746 0 -0.036938 0.25039 0.043015 0.037749 0.24443 0.21152 0.26005 -0.15543 0.090601 0.078139 0.076459 0.017316 0.58283 -0.0092756 0.0030214 0.48148 0.27148 0.55907 -0.021274 0.070612 -0.078662 0.15177 -0.068115 -0.13479 0.011117 0.21259 0.077449 0.67848 0.22917 0.11652 0.16441 0.13167 0.10688 0.61077 -0.056812 0.016313 0.028998 0.017265 0.20404 0.0091073 0.1795 -0.19545 0.10159 -0.003755 0.067398 -0.062795 0.31898 0.01159 0.01314 0.17544 0.16174 0.24715 -0.045186 0.11673 -0.15954 0.11324 -0.14739 -0.11617 -0.1094 0.02035 0.060181 0.55624 0.026444 0.050137 0.16106 0.14943 0.070913
0.23734 0.26665 0.20829 0.30139 0.10349 0.0363 -0.042636 0.084684 0.16768 0.23596 0.29191 0.20966 0.27192 0.12908 0.028291 -0.041156 0.084462 0.16305 -0.036938 0 -0.098097 0.17734 0.054686 0.032749 -0.11238 -0.0021774 -0.00089975 0.055888 0.21702 0.19636 -0.10398 -0.25783 0.0048604 0.36707 0.22826 -0.21014 0.02595 0.29138 0.31637 0.41408 0.39931 0.090985 0.26417 0.26782 0.33418 0.27435 0.074317 0.39048 -0.12515 -0.036415 0.29744 0.57348 0.020111 0.59179 -0.11044 0.1841 0.01607 0.014914 -0.12801 0.0067904 0.034725 0.065732 0.18403 0.16963 -0.060265 -0.23845 0.019325 0.34915 0.31559 -0.2403 0.13516 0.28956 0.27415 0.43848 0.3968 0.14552 0.26496 0.23971 0.28564 0.22925 0.064552 0.47367 -0.15749 -0.076549 0.24542 0.55854
0.089125 0.062956 0.12992 -0.016158 0.004152 0.13163 0.050034 -0.059585 0.012296 0.27811 0.00094913 0.073858 -0.027926 -0.039435 0.12127 0.047118 -0.046834 0.039554 0.25039 -0.098097 0 -0.14212 0.066973 0.17895 0.73819 0.57268 0.1846 -0.095685 0.29417 -0.087222 0.10162 0.48144 0.16235 -0.053728 0.57182 0.46256 0.55781 -0.12596 0.011763 0.11552 0.15545 0.31975 -0.05173 0.70868 0.43178 0.41817 0.031981 0.49851 0.035263 -0.0022894 -0.019127 -0.030802 0.031615 -0.11692 0.66652 -0.19364 0.064096 0.10796 0.54924 0.32336 0.060755 -0.054023 0.10324 -0.083796 0.046073 0.30767 0.12362 -0.05464 0.28905 0.36209 0.24389 -0.12195 0.019872 -0.009662 0.074428 0.16971 -0.12805 0.29415 0.12375 0.19662 0.02691 0.12695 0.093126 0.019264 -0.0055416 -0.081967
-0.036745 0.076566 -0.0015326 0.026259 0.0040319 0.095392 0.028271 0.019626 0.064937 -0.019377 0.061546 -0.028265 0.026689 0.012992 0.085442 0.026496 0.027974 0.052401 0.043015 0.17734 -0.14212 0 0.021555 0.37639 0.052255 -0.12036 0.12056 0.28207 0.031863 0.92513 0.012736 -0.13596 0.16231 0.33409 -0.065393 -0.1912 -0.13874 0.89004 0.2876 0.078357 0.27693 0.26916 0.069595 -0.039833 0.070441 0.66514 0.2079 0.007676 -0.034212 0.028704 0.19347 0.23201 0.10502 0.17524 -0.2297 0.97425 0.003455 0.41063 -0.056439 -0.062664 0.15335 0.34698 -0.011298 0.91674 -0.013534 -0.16787 0.17215 0.31591 -0.079536 -0.26338 -0.13652 0.8472 0.34575 0.078165 0.30788 0.32323 0.085166 -0.0816 0.0011438 0.62139 0.18722 0.064299 -0.067641 0.022663 0.16385 0.21168
0.031178 0.025625 0.012293 0.016669 0.010923 0.13461 0.072375 0.00010993 0.020473 0.051636 0.023919 -0.0044231 0.019314 0.010649 0.10768 0.070392 0.017911 0.048598 0.037749 0.054686 0.066973 0.021555 0 0.16291 0.1099 0.14218 0.059653 0.038573 0.096705 0.046309 0.090841 0.10232 0.097769 0.036325 0.069249 0.037541 0.070631 0.029802 0.049585 0.048524 0.05953 0.050234 0.063541 0.046115 0.068746 0.096174 0.10928 0.0635 0.03475 0.10495 0.050001 0.10338 0.014802 0.02821 0.035556 0.012519 0.059465 0.13285 0.072811 0.11571 0.06132 0.032529 0.059148 0.043179 0.083015 0.069548 0.087202 0.010921 0.056573 0.0093432 0.051158 0.02151 0.040617 0.041115 0.051505 0.063406 0.033761 -0.001022 0.049424 0.079655 0.077897 0.041026 0.022507 0.050488 0.031601 0.09255
-0.043652 -0.039689 -0.030195 -0.011928 -0.0095245 0.21892 0.17251 -0.0078727 0.012238 -0.071381 -0.051255 -0.047171 -0.015112 -0.01536 0.22764 0.16516 -0.0023086 0.017168 0.24443 0.032749 0.17895 0.37639 0.16291 0 0.30369 0.34458 0.083333 0.55476 0.099391 0.54284 0.16911 0.19947 0.32686 0.12127 0.12149 0.03696 0.098368 0.33174 0.11527 -0.039801 0.15753 0.11813 0.045658 -0.029265 0.097174 0.53459 0.34154 -0.0040789 0.06639 0.1556 0.12215 0.13578 0.24451 0.048267 0.036547 0.34609 0.11262 0.8061 0.17416 0.3461 0.091178 0.51246 0.067628 0.53815 0.1292 0.17578 0.34619 0.13268 0.10756 -0.040021 0.13961 0.26998 0.17148 -0.033436 0.20744 0.16879 0.044504 -0.082419 0.054148 0.53683 0.27423 0.0025873 0.039798 0.13627 0.094557 0.1021
0.085264 0.074369 0.039762 -0.085742 -0.019045 0.22889 0.056423 -0.042657 0.032953 0.23324 0.029085 0.0085577 -0.092424 -0.02805 0.21516 0.040433 -0.01921 0.055991 0.21152 -0.11238 0.73819 0.052255 0.1099 0.30369 0 0.52736 0.55041 0.022164 0.18344 0.098947 0.31773 0.62506 0.40464 -0.010203 0.24773 0.35737 0.26414 0.011175 -0.043654 0.23381 -0.086543 0.72004 0.12396 0.52855 0.38485 0.40164 0.054455 0.25344 0.17106 0.088999 -0.0037474 -0.085495 0.023667 -0.13533 0.52665 -0.022497 0.067703 0.21296 0.76121 0.32037 0.43187 0.025276 0.046647 0.08631 0.26787 0.51489 0.32454 -0.021295 0.055961 0.24167 0.082359 0.00042677 -0.050554 0.085075 -0.11127 0.54854 0.035093 0.17884 0.1714 0.18938 0.02664 -0.011194 0.22256 0.12729 0.012632 -0.12764
0.1545 0.063517 0.060858 0.026862 0.0040167 0.12605 0.12783 -0.019851 0.016599 0.24711 0.0036443 0.042195 0.013417 -0.015681 0.12873 0.11773 -0.03202 0.037814 0.26005 -0.0021774 0.57268 -0.12036 0.14218 0.34458 0.52736 0 -0.0029598 0.090693 0.26487 -0.058845 0.075795 0.44964 0.11853 -0.0078139 0.4416 0.38711 0.48678 -0.098166 0.040118 0.042734 0.1553 -0.0072096 -0.077915 0.39838 0.23037 0.39513 0.1563 0.43681 0.024265 0.11604 -0.0036046 0.104 0.10436 -0.020147 0.32863 -0.15044 0.095288 0.25877 0.32152 0.55288 -0.091851 0.058406 0.14101 -0.056717 -0.0014904 0.28241 0.061994 -0.022695 0.2633 0.25285 0.32668 -0.10948 0.021511 -0.0087917 0.089133 -0.043309 -0.11228 0.1308 0.02551 0.27564 0.1153 0.21146 0.055432 0.08183 0.013172 0.0517
0.10499 0.14084 0.07568 0.00082981 -0.0087316 0.33218 -0.0076017 0.052695 0.12426 0.14423 0.14825 0.081129 -0.013192 0.011931 0.31942 -0.013511 0.077321 0.11568 -0.15543 -0.00089975 0.1846 0.12056 0.059653 0.083333 0.55041 -0.0029598 0 0.00030684 0.025933 0.11232 0.51449 0.22908 0.38944 0.074027 -0.23515 -0.048808 -0.24301 0.13505 0.03236 0.41896 -0.15229 0.82368 0.47501 0.081095 0.24596 -0.0050542 -0.01374 -0.16572 0.14635 0.047763 0.10543 -0.042382 -0.13784 0.0053963 0.10177 0.078827 0.057798 0.061277 0.38658 -0.035766 0.77488 0.024606 -0.026335 0.098619 0.47785 0.24423 0.31518 0.052452 -0.30923 -0.10782 -0.26353 0.15447 0.036261 0.29187 -0.14422 0.72798 0.34282 -0.031622 0.18927 -0.10545 0.0029657 -0.21518 0.12343 0.067532 0.085614 -0.062263
0.024301 0.079886 0.0025539 0.037344 -0.0078902 0.12255 0.072486 0.015062 0.020048 -0.070858 0.065746 0.01362 0.061753 -0.009127 0.12124 0.028681 0.03499 0.017174 0.090601 0.055888 -0.095685 0.28207 0.038573 0.55476 0.022164 0.090693 0.00030684 0 0.056406 0.42973 0.085404 0.0029231 0.046158 0.085145 0.0089089 -0.021912 0.014829 0.33085 0.058924 0.03378 0.10924 -0.045383 0.072764 -0.10579 -0.021789 0.36466 0.20777 -0.098041 0.0058848 0.057173 0.13004 0.14359 0.16236 0.10274 -0.0877 0.2973 0.030163 0.57595 -0.021984 0.17603 0.0012666 0.95273 0.084071 0.37454 0.048742 0.02875 0.087364 0.092767 0.1138 -0.043951 0.10827 0.33533 0.14551 0.047762 0.20152 0.0043125 0.071965 -0.0704 0.008737 0.43918 0.16246 0.058993 0.015588 0.042528 0.10439 0.15123
0.20818 0.16179 0.20291 0.15207 0.069752 0.072438 0.010644 0.02297 0.08327 0.22279 0.14196 0.19846 0.14138 0.038001 0.070178 0.0079075 0.016796 0.096571 0.078139 0.21702 0.29417 0.031863 0.096705 0.099391 0.18344 0.26487 0.025933 0.056406 0 0.046783 0.039943 0.090858 0.046723 0.063085 0.44595 0.29927 0.47766 0.089233 0.017194 0.27223 0.11846 0.085819 0.19306 0.47151 0.30004 0.20182 0.066407 0.42507 -0.03923 0.046931 0.13829 0.33236 0.069799 0.20943 0.22382 0.012721 0.05741 0.066204 0.15204 0.16936 -0.024542 0.051694 0.40175 0.034696 0.027655 0.060563 0.0075136 0.037013 0.38153 0.22899 0.44228 0.084994 0.018305 0.20761 0.098986 0.060132 0.15166 0.29344 0.21911 0.10254 0.048931 0.29977 0.0067486 -0.010289 0.12179 0.31402
-2.1257e-05 0.1214 0.022573 0.043901 0.0076815 0.11639 0.038035 0.0095045 0.09274 -0.0040311 0.10922 0.0058867 0.043137 0.015231 0.10012 0.030614 0.030696 0.089056 0.076459 0.19636 -0.087222 0.92513 0.046309 0.54284 0.098947 -0.058845 0.11232 0.42973 0.046783 0 0.031178 -0.11547 0.21427 0.34888 -0.02642 -0.17297 -0.082283 0.92221 0.31512 0.10434 0.27935 0.24123 0.080538 -0.028249 0.070724 0.68031 0.23324 0.044496 -0.018896 0.022561 0.25938 0.26724 0.1061 0.18165 -0.16674 0.91502 0.012855 0.54456 0.003436 0.015181 0.1499 0.47917 0.029129 0.92994 -0.0012627 -0.12302 0.2306 0.32205 0.0062016 -0.22174 -0.049934 0.88621 0.36445 0.11208 0.32024 0.31532 0.087157 -0.059819 0.02813 0.65619 0.19939 0.14033 -0.042833 0.0062194 0.2218 0.2456
-0.14238 -0.028325 -0.0078563 -0.035695 -0.030198 0.30167 0.15655 0.06439 0.017094 -0.015174 -0.052558 -0.047102 -0.072988 -0.034336 0.30422 0.13175 0.054529 0.015349 0.017316 -0.10398 0.10162 0.012736 0.090841 0.16911 0.31773 0.075795 0.51449 0.085404 0.039943 0.031178 0 0.37987 0.27445 -0.0028021 -0.18573 0.081176 -0.098655 -0.0079143 0.017209 -0.0057212 -0.082442 0.40901 0.40554 -0.22668 0.25074 -0.096003 0.1801 -0.31213 0.28669 0.18114 0.020681 -0.096219 -0.03615 -0.12419 -0.13682 -0.00015389 0.042473 0.17461 0.090836 0.022493 0.39213 0.11263 -0.093806 0.027079 0.56706 0.25137 0.22748 -0.012999 -0.36434 -0.096996 -0.27151 -0.020811 0.037581 -0.10793 -0.096941 0.24244 0.23464 -0.38704 0.035735 -0.12372 0.14531 -0.37498 0.21331 0.17162 0.019475 -0.13168
-0.092215 -0.090692 -0.06327 -0.14756 -0.032737 0.20107 0.16357 -0.055938 -0.047159 0.068598 -0.16776 -0.12687 -0.15992 -0.055233 0.17049 0.12674 -0.067212 -0.023848 0.58283 -0.25783 0.48144 -0.13596 0.10232 0.19947 0.62506 0.44964 0.22908 0.0029231 0.090858 -0.11547 0.37987 0 0.15059 -0.15587 0.20373 0.58594 0.38098 -0.19257 -0.089729 -0.052813 -0.12243 0.27386 0.0044358 0.044444 0.36977 -0.082292 0.33317 0.12401 0.31281 0.27033 -0.086787 -0.1822 0.22592 -0.28019 0.19922 -0.18086 0.07044 0.14472 0.33699 0.28591 0.07536 0.010623 -0.05611 -0.10517 0.20875 0.73999 0.090956 -0.15066 -0.11786 0.3901 0.017865 -0.21503 -0.074805 -0.19584 -0.16575 0.022772 -0.095467 -0.22315 0.075588 -0.129 0.24174 -0.19626 0.30757 0.26311 -0.055203 -0.20901
0.021488 0.02143 -0.018034 -0.020963 -0.01071 0.27255 0.068013 0.026178 0.064456 0.046909 0.023515 -0.019029 -0.021181 -0.004188 0.26812 0.088513 0.007983 0.071024 -0.0092756 0.0048604 0.16235 0.16231 0.097769 0.32686 0.40464 0.11853 0.38944 0.046158 0.046723 0.21427 0.27445 0.15059 0 0.10088 -0.054475 -0.030227 -0.070843 0.13993 0.052813 0.07168 -0.031077 0.44442 0.21147 0.054194 0.13668 0.15089 0.13638 -0.069699 0.059198 0.091856 0.08453 0.031247 0.026079 -0.0035055 0.11831 0.12252 0.073961 0.27926 0.30201 0.11228 0.38301 0.050152 0.0099164 0.20595 0.28124 0.17873 0.4318 0.077094 -0.082601 -0.031388 -0.04165 0.11816 0.034162 0.047811 -0.026652 0.4217 0.15328 -0.010758 0.12107 0.088233 0.12778 -0.08798 0.084536 0.10232 0.058804 -0.0043703
0.11404 0.15608 0.058241 0.18371 0.023979 0.07793 0.023865 0.046856 0.1136 0.18586 0.10677 0.038155 0.16274 0.056407 0.07757 0.024186 0.025641 0.084689 0.0030214 0.36707 -0.053728 0.33409 0.036325 0.12127 -0.010203 -0.0078139 0.074027 0.085145 0.063085 0.34888 -0.0028021 -0.15587 0.10088 0 0.13574 -0.19357 0.0057837 0.40982 0.49809 0.25307 0.57301 0.19737 0.092378 0.14037 0.315 0.36497 0.19225 0.31644 -0.055334 0.0026981 0.34756 0.4575 0.055212 0.33055 -0.094828 0.3058 0.0086265 0.10212 -0.057858 -0.018196 0.094259 0.078129 0.036408 0.31309 -0.01524 -0.17168 0.13177 0.7524 0.16817 -0.2124 0.059742 0.39045 0.42445 0.30676 0.50572 0.24792 0.081949 0.11828 0.24171 0.29229 0.18891 0.36835 -0.084273 -0.020827 0.3017 0.42584
0.1264 0.14181 0.24781 0.19662 0.073418 -0.04189 0.015579 -0.023101 0.054189 0.25781 0.061076 0.20595 0.16533 0.03185 -0.04632 0.00011039 -0.018209 0.043325 0.48148 0.22826 0.57182 -0.065393 0.069249 0.12149 0.24773 0.4416 -0.23515 0.0089089 0.44595 -0.02642 -0.18573 0.20373 -0.054475 0.13574 0 0.38831 0.84046 0.015053 0.097321 0.11772 0.3817 -0.088827 -0.11609 0.58999 0.50761 0.31855 0.20261 0.70012 -0.060575 0.0068477 0.12586 0.39596 0.2269 0.20905 0.3339 -0.086015 0.031677 0.05898 0.11311 0.21236 -0.29937 0.010088 0.2926 -0.031541 -0.22527 0.029352 -0.056614 0.11252 0.67387 0.25155 0.61241 0.005811 0.099718 0.05029 0.32322 -0.14963 -0.11854 0.26398 0.2456 0.20302 0.15527 0.48324 -0.054512 -0.035014 0.12753 0.34808
-0.044617 -0.057904 0.00059069 -0.083511 0.0016737 0.014574 0.075789 -0.080213 -0.053771 0.10993 -0.13372 -0.043362 -0.10239 -0.04158 -0.020453 0.048829 -0.083469 -0.048583 0.27148 -0.21014 0.46256 -0.1912 0.037541 0.03696 0.35737 0.38711 -0.048808 -0.021912 0.29927 -0.17297 0.081176 0.58594 -0.030227 -0.19357 0.38831 0 0.62777 -0.17927 -0.13823 -0.10485 -0.073976 -0.082087 -0.16129 0.20367 0.23781 -0.070805 -0.0057828 0.21732 0.15695 0.078749 -0.085231 -0.11534 -0.0062316 -0.22979 0.20146 -0.20347 0.043162 0.0049786 0.12834 0.17849 -0.20083 -0.021381 0.1147 -0.16797 -0.028733 0.27533 -0.042451 -0.18396 0.088509 0.56824 0.24098 -0.18851 -0.10929 -0.21274 -0.10179 -0.28151 -0.23438 -0.11968 -0.063894 -0.13721 -0.028465 -0.060967 0.12277 0.068411 -0.072574 -0.12995
0.033425 0.025511 0.14254 0.06436 0.048137 -0.026874 0.069549 -0.075653 -0.0038259 0.21059 -0.048936 0.10696 0.048201 -0.00565 -0.051432 0.048312 -0.063802 0.0028189 0.55907 0.02595 0.55781 -0.13874 0.070631 0.098368 0.26414 0.48678 -0.24301 0.014829 0.47766 -0.082283 -0.098655 0.38098 -0.070843 0.0057837 0.84046 0.62777 0 -0.082925 -0.028908 -0.021737 0.24294 -0.20833 -0.20352 0.42817 0.37412 0.18338 0.19418 0.57463 0.039939 0.035694 0.012236 0.19698 0.24469 -0.025023 0.28276 -0.14956 0.047933 0.039485 0.017367 0.24955 -0.33942 0.02281 0.26958 -0.094618 -0.17972 0.10213 -0.082853 -0.0098424 0.49078 0.45543 0.60931 -0.092875 0.011293 -0.12153 0.15856 -0.3194 -0.22073 0.082603 0.018767 0.082944 0.1312 0.25165 -0.018621 -0.001225 0.034051 0.1584
0.10659 0.22071 0.081975 0.11512 0.047531 0.075715 -0.010902 0.044976 0.1638 0.1071 0.22812 0.082174 0.11805 0.055711 0.062011 -0.051853 0.044605 0.15765 -0.021274 0.29138 -0.12596 0.89004 0.029802 0.33174 0.011175 -0.098166 0.13505 0.33085 0.089233 0.92221 -0.0079143 -0.19257 0.13993 0.40982 0.015053 -0.17927 -0.082925 0 0.39748 0.22338 0.36302 0.27096 0.11764 0.02057 0.10067 0.60704 0.13193 0.13619 -0.061113 -0.015301 0.30926 0.36339 0.0074246 0.28785 -0.16231 0.85702 0.0047815 0.33709 -0.034458 -0.040026 0.17204 0.40719 0.081523 0.88682 -0.015557 -0.18891 0.14825 0.38693 0.06069 -0.20268 -0.026096 0.96664 0.43858 0.24718 0.40942 0.33462 0.13525 0.027929 0.081572 0.58249 0.10073 0.2768 -0.069117 -0.047341 0.27643 0.35665
0.060036 0.12226 0.015552 0.19173 0.077369 0.09616 0.06074 0.023287 0.091942 0.24981 0.045917 0.010022 0.12374 0.060429 0.079474 0.044147 0.0085153 0.078516 0.070612 0.31637 0.011763 0.2876 0.049585 0.11527 -0.043654 0.040118 0.03236 0.058924 0.017194 0.31512 0.017209 -0.089729 0.052813 0.49809 0.097321 -0.13823 -0.028908 0.39748 0 0.086326 0.8806 0.090754 0.012595 0.056733 0.30666 0.41439 0.3375 0.37325 -0.0040188 0.05229 0.47429 0.58621 0.082514 0.27481 -0.14571 0.25255 0.0094211 0.097686 -0.12979 -0.016581 0.015733 0.046164 -0.031942 0.2791 -0.021467 -0.17259 0.074756 0.45664 0.069961 -0.22311 -0.085564 0.36341 0.89153 0.12411 0.77843 0.098327 -0.0058616 -0.044971 0.14404 0.31733 0.29341 0.35146 -0.081562 -0.0018663 0.38833 0.48048
0.36778 0.3349 0.20657 0.20691 0.094516 0.094241 -0.12239 0.070088 0.19238 0.31493 0.34458 0.22503 0.21569 0.087479 0.078602 -0.11146 0.062041 0.18543 -0.078662 0.41408 0.11552 0.078357 0.048524 -0.039801 0.23381 0.042734 0.41896 0.03378 0.27223 0.10434 -0.0057212 -0.052813 0.07168 0.25307 0.11772 -0.10485 -0.021737 0.22338 0.086326 0 0.0761 0.5485 0.36325 0.44076 0.30672 0.16567 -0.055733 0.36899 -0.061053 -0.045265 0.20798 0.35459 -0.072826 0.38568 0.16447 0.0752 0.04575 -0.056865 0.26347 0.065252 0.41096 0.035842 0.24716 0.062249 0.088024 0.036079 0.035779 0.20282 0.19221 -0.066318 0.11748 0.2413 0.061277 0.69055 0.093169 0.51457 0.33066 0.43368 0.34201 0.067 -0.041145 0.37179 -0.074021 -0.073603 0.19083 0.3614
0.088932 0.12487 0.093447 0.29887 0.097419 0.05348 0.066577 0.016361 0.074429 0.27623 0.072275 0.073576 0.23731 0.069418 0.052569 0.067761 -0.0024953 0.072249 0.15177 0.39931 0.15545 0.27693 0.05953 0.15753 -0.086543 0.1553 -0.15229 0.10924 0.11846 0.27935 -0.082442 -0.12243 -0.031077 0.57301 0.3817 -0.073976 0.24294 0.36302 0.8806 0.0761 0 -0.083887 -0.048637 0.15405 0.46807 0.50096 0.32614 0.53231 -0.047544 0.025398 0.40777 0.62326 0.13893 0.34814 -0.068359 0.24263 0.0091512 0.13742 -0.20393 0.039942 -0.15802 0.10824 0.061754 0.25979 -0.13101 -0.22962 0.028977 0.54847 0.33178 -0.18919 0.11999 0.33826 0.81515 0.10912 0.90924 -0.034997 -0.056865 0.037462 0.26502 0.44368 0.28567 0.47729 -0.11107 -0.02431 0.3243 0.54158
0.19354 0.1958 0.089053 0.027851 0.010496 0.262 -0.042854 0.045633 0.14849 0.24064 0.20426 0.071333 0.011905 0.036042 0.25244 -0.035208 0.070725 0.15275 -0.068115 0.090985 0.31975 0.26916 0.050234 0.11813 0.72004 -0.0072096 0.82368 -0.045383 0.085819 0.24123 0.40901 0.27386 0.44442 0.19737 -0.088827 -0.082087 -0.20833 0.27096 0.090754 0.5485 -0.083887 0 0.44044 0.31172 0.37489 0.17967 0.020421 0.073893 0.14383 0.049266 0.11683 0.052225 -0.05867 0.081946 0.22933 0.21614 0.053327 0.097518 0.56778 -0.0080524 0.77868 0.024746 0.0035288 0.22662 0.40489 0.33535 0.3692 0.14708 -0.1908 -0.10968 -0.21294 0.27071 0.064748 0.43212 -0.083171 0.92578 0.35483 0.1607 0.33225 0.020154 0.037926 -0.0074548 0.15738 0.081662 0.12168 0.025646
0.097875 0.15995 0.173 0.12344 0.051275 0.2329 -0.00124 0.123 0.13397 0.086225 0.18818 0.17836 0.1076 0.050989 0.23886 0.0018679 0.12307 0.13394 -0.13479 0.26417 -0.05173 0.069595 0.063541 0.045658 0.12396 -0.077915 0.47501 0.072764 0.19306 0.080538 0.40554 0.0044358 0.21147 0.092378 -0.11609 -0.16129 -0.20352 0.11764 0.012595 0.36325 -0.048637 0.44044 0 0.047886 0.34825 -0.040356 0.043761 -0.070932 0.050156 0.042736 0.15767 0.18052 -0.084606 0.26099 -0.064823 0.056043 0.047344 0.031333 0.07079 -0.051555 0.43301 0.073819 0.14526 0.061782 0.42754 0.078172 0.16309 0.075173 -0.11298 -0.17261 -0.11268 0.1132 0.0025339 0.31492 -0.032924 0.38378 0.57507 0.030206 0.31604 -0.083818 0.06495 -0.036968 0.028888 0.050201 0.1395 0.16587
0.38089 0.23858 0.26852 0.17744 0.074774 -0.0099344 -0.12711 -0.0016582 0.10937 0.47955 0.21571 0.24468 0.15275 0.050307 -0.030756 -0.10971 -0.010368 0.12308 0.011117 0.26782 0.70868 -0.039833 0.046115 -0.029265 0.52855 0.39838 0.081095 -0.10579 0.47151 -0.028249 -0.22668 0.044444 0.054194 0.14037 0.58999 0.20367 0.42817 0.02057 0.056733 0.44076 0.15405 0.31172 0.047886 0 0.491 0.41551 -0.11287 0.69309 -0.12322 -0.092517 0.086226 0.26887 -0.028058 0.22708 0.54619 -0.064706 0.03484 -0.059832 0.43529 0.2206 0.020951 -0.08415 0.29666 -0.046744 -0.164 0.071215 0.010502 0.10654 0.45969 0.20014 0.33363 0.036381 0.0046235 0.36856 0.11069 0.27647 0.029397 0.70989 0.29714 0.20892 -0.088713 0.46967 -0.078409 -0.12568 0.080284 0.21494
0.063064 0.18318 0.21765 0.1759 0.069522 0.15788 0.047615 0.0095027 0.085672 0.30211 0.092234 0.13403 0.13009 0.052357 0.13816 0.033657 0.013954 0.086741 0.21259 0.33418 0.43178 0.070441 0.068746 0.097174 0.38485 0.23037 0.24596 -0.021789 0.30004 0.070724 0.25074 0.36977 0.13668 0.315 0.50761 0.23781 0.37412 0.10067 0.30666 0.30672 0.46807 0.37489 0.34825 0.491 0 0.29783 0.12685 0.50014 0.11332 0.060439 0.17233 0.31 0.034685 0.24733 0.12343 0.017818 0.048342 0.057781 0.073171 0.098759 0.1015 0.0023971 0.058409 0.057092 0.11676 0.1091 0.11801 0.2984 0.17019 -0.028443 0.076352 0.081998 0.25877 0.16864 0.38195 0.15593 0.17599 0.055019 0.52712 0.16031 0.13366 0.21418 0.070013 0.048442 0.16233 0.24691
0.17906 0.13105 0.070185 0.11928 0.021755 0.081402 0.027472 0.0088531 0.057331 0.24636 0.10206 0.082191 0.10754 0.020563 0.079415 0.029276 0.0038034 0.065303 0.077449 0.27435 0.41817 0.66514 0.096174 0.53459 0.40164 0.39513 -0.0050542 0.36466 0.20182 0.68031 -0.096003 -0.082292 0.15089 0.36497 0.31855 -0.070805 0.18338 0.60704 0.41439 0.16567 0.50096 0.17967 -0.040356 0.41551 0.29783 0 0.1057 0.48982 -0.066073 -0.0045778 0.17667 0.35196 0.074439 0.25005 0.20333 0.62059 0.050332 0.49192 0.22041 0.31929 0.041255 0.33221 0.13205 0.68448 -0.099419 -0.11776 0.16671 0.33619 0.33151 -0.10776 0.18938 0.59393 0.36827 0.17448 0.46679 0.28994 -0.020238 0.24281 0.16927 0.93789 0.057488 0.42325 -0.052874 -0.032 0.16377 0.31096
-0.15463 -0.093468 -0.063373 -0.00063096 0.01241 0.21055 0.22598 0.0099857 0.0092176 -0.12479 -0.14052 -0.086867 -0.021821 -0.010321 0.21049 0.19387 0.017635 0.024643 0.67848 0.074317 0.031981 0.2079 0.10928 0.34154 0.054455 0.1563 -0.01374 0.20777 0.066407 0.23324 0.1801 0.33317 0.13638 0.19225 0.20261 -0.0057828 0.19418 0.13193 0.3375 -0.055733 0.32614 0.020421 0.043761 -0.11287 0.12685 0.1057 0 0.095319 0.061099 0.21826 0.57512 0.33699 0.57465 0.071858 -0.096707 0.17538 0.073298 0.32699 -0.065198 0.090172 -0.048319 0.17489 0.016918 0.21135 0.10686 0.17616 0.15285 0.22743 0.103 -0.071678 0.076109 0.070466 0.37142 -0.058785 0.32945 0.01334 0.051559 -0.15921 0.055253 0.1238 0.84468 0.076183 0.018762 0.19516 0.47724 0.28376
0.37189 0.25841 0.20817 0.26579 0.11197 -0.082569 -0.073456 -0.0020635 0.12094 0.41625 0.24019 0.20221 0.24601 0.087243 -0.097134 -0.076654 -0.027123 0.14344 0.22917 0.39048 0.49851 0.007676 0.0635 -0.0040789 0.25344 0.43681 -0.16572 -0.098041 0.42507 0.044496 -0.31213 0.12401 -0.069699 0.31644 0.70012 0.21732 0.57463 0.13619 0.37325 0.36899 0.53231 0.073893 -0.070932 0.69309 0.50014 0.48982 0.095319 0 -0.085156 -0.043911 0.27932 0.57271 0.14836 0.36442 0.37558 -0.013813 0.022368 -0.06521 0.25719 0.27789 -0.17292 -0.068326 0.3265 0.021653 -0.28947 0.096594 -0.072638 0.26305 0.63984 0.22219 0.5229 0.1407 0.27319 0.32649 0.4515 0.11064 -0.040719 0.51559 0.39263 0.34269 0.071362 0.82568 -0.064072 -0.084782 0.22099 0.50852
-0.09527 -0.042658 -0.050502 -0.069657 -0.030877 0.055823 0.04132 -0.0040318 -0.029205 -0.015095 -0.079234 -0.084414 -0.086601 -0.037956 0.043539 0.040096 -0.015724 -0.03106 0.11652 -0.12515 0.035263 -0.034212 0.03475 0.06639 0.17106 0.024265 0.14635 0.0058848 -0.03923 -0.018896 0.28669 0.31281 0.059198 -0.055334 -0.060575 0.15695 0.039939 -0.061113 -0.0040188 -0.061053 -0.047544 0.14383 0.050156 -0.12322 0.11332 -0.066073 0.061099 -0.085156 0 0.092035 -0.071577 -0.12559 0.034815 -0.14885 -0.084165 -0.027267 0.0068725 0.057576 0.010722 0.017189 0.080537 0.01542 -0.10059 -0.018715 0.16052 0.20453 0.038452 -0.04659 -0.17053 0.047859 -0.12081 -0.058723 0.015364 -0.14335 -0.066596 0.023733 -0.0031298 -0.25562 -0.012323 -0.053892 0.053039 -0.19058 0.2117 0.088949 -0.040325 -0.14156
-0.063181 -0.050493 -0.046738 -0.017504 -0.021174 0.14732 0.12797 -0.00093131 -0.020775 -0.0028429 -0.069914 -0.067668 -0.044728 -0.0095305 0.13291 0.1069 -0.012315 0.025797 0.16441 -0.036415 -0.0022894 0.028704 0.10495 0.1556 0.088999 0.11604 0.047763 0.057173 0.046931 0.022561 0.18114 0.27033 0.091856 0.0026981 0.0068477 0.078749 0.035694 -0.015301 0.05229 -0.045265 0.025398 0.049266 0.042736 -0.092517 0.060439 -0.0045778 0.21826 -0.043911 0.092035 0 0.028948 0.027155 0.095764 -0.059083 -0.065648 0.019267 0.038668 0.13184 0.0099176 0.089282 0.031159 0.050439 -0.032055 0.036264 0.1338 0.20072 0.068955 -0.00092616 -0.052253 0.012718 -0.026365 -0.026065 0.042493 -0.087402 0.0067159 0.013664 0.0085286 -0.14827 0.024236 -0.007239 0.18854 -0.083512 0.089434 0.16321 0.016373 0.0094333
0.052676 0.17051 0.077154 0.14586 0.062727 0.099882 0.012235 0.044374 0.12275 0.042547 0.16757 0.075317 0.14058 0.076684 0.082197 0.0054387 0.04441 0.16695 0.13167 0.29744 -0.019127 0.19347 0.050001 0.12215 -0.0037474 -0.0036046 0.10543 0.13004 0.13829 0.25938 0.020681 -0.086787 0.08453 0.34756 0.12586 -0.085231 0.012236 0.30926 0.47429 0.20798 0.40777 0.11683 0.15767 0.086226 0.17233 0.17667 0.57512 0.27932 -0.071577 0.028948 0 0.50788 0.22506 0.30933 -0.002828 0.1876 0.038531 0.12234 0.011588 -0.0062842 0.0931 0.11207 0.13932 0.22762 0.044545 -0.058485 0.10067 0.33685 0.20048 -0.078039 0.10615 0.28488 0.43796 0.25557 0.39965 0.17188 0.16722 0.09641 0.19621 0.16374 0.53907 0.36051 -0.049156 -0.00649 0.64032 0.46661
0.24753 0.29962 0.19875 0.35931 0.14466 0.07143 0.023774 0.087944 0.19203 0.23564 0.2933 0.20688 0.33316 0.12317 0.070941 0.016116 0.066512 0.1963 0.10688 0.57348 -0.030802 0.23201 0.10338 0.13578 -0.085495 0.104 -0.042382 0.14359 0.33236 0.26724 -0.096219 -0.1822 0.031247 0.4575 0.39596 -0.11534 0.19698 0.36339 0.58621 0.35459 0.62326 0.052225 0.18052 0.26887 0.31 0.35196 0.33699 0.57271 -0.12559 0.027155 0.50788 0 0.15481 0.54919 -0.026021 0.21942 0.062583 0.090759 -0.061092 0.067343 -0.011655 0.1411 0.32354 0.23601 -0.071901 -0.15145 0.041594 0.4312 0.49815 -0.094064 0.33963 0.35446 0.51065 0.40537 0.59532 0.14527 0.19823 0.26947 0.32952 0.31249 0.29367 0.63916 -0.12985 -0.025003 0.41086 0.76365
-0.05956 -0.11842 -0.030906 -0.018104 -0.010671 0.036843 0.091937 -0.017996 -0.033138 -0.15147 -0.13713 -0.031875 0.0080481 -0.020174 0.045804 0.10252 -0.0084069 -0.0047479 0.61077 0.020111 0.031615 0.10502 0.014802 0.24451 0.023667 0.10436 -0.13784 0.16236 0.069799 0.1061 -0.03615 0.22592 0.026079 0.055212 0.2269 -0.0062316 0.24469 0.0074246 0.082514 -0.072826 0.13893 -0.05867 -0.084606 -0.028058 0.034685 0.074439 0.57465 0.14836 0.034815 0.095764 0.22506 0.15481 0 0.034556 0.12367 0.11046 0.030591 0.27709 0.11521 0.18523 -0.13878 0.11727 0.091613 0.10151 -0.029477 0.38581 0.034811 0.076214 0.33833 0.12301 0.40962 -0.022735 0.1365 -0.041064 0.19312 -0.00040604 -0.036472 0.0060075 0.20468 0.078459 0.69686 0.17358 0.030666 0.15933 0.20302 0.14173
