0 0.3076 0.25716 0.27575 0.082972 -0.028415 -0.10206 0.044079 0.19811 0.67515 0.38425 0.34419 0.28807 0.10241 -0.015286 -0.10537 0.027007 0.25007 -0.15448 0.23371 0.076556 -0.098547 0.020829 -0.088174 0.039441 0.15004 0.066225 0.011008 0.19693 -0.069769 -0.16814 -0.10936 0.0089011 0.098963 0.10727 -0.053749 0.042073 0.054296 0.0047423 0.35593 0.056602 0.16982 0.078856 0.38961 0.058965 0.14268 -0.17303 0.38929 -0.10477 -0.062365 0.038933 0.22594 -0.019836 0.28204 0.42978 -0.087591 0.03701 -0.12001 0.34648 0.2404 0.15644 -0.027622 0.32025 -0.10823 -0.0475 0.10651 0.013518 0.12463 0.4243 0.20509 0.31332 0.080889 0.008979 0.44268 0.15005 0.29754 0.16147 0.59284 0.4087 0.15924 -0.12322 0.55583 -0.018737 -0.090102 0.035489 0.27326
0.3076 0 0.22416 0.24021 0.10071 0.0095829 -0.080374 0.06542 0.20892 0.32725 0.46232 0.2379 0.22591 0.085779 -0.0075355 -0.094666 0.045674 0.20378 -0.09919 0.23716 0.0446 0.061451 0.016374 -0.064579 0.033776 0.039968 0.11608 0.07529 0.13866 0.10268 -0.038175 -0.11136 0.014014 0.15057 0.10621 -0.074193 0.011744 0.19856 0.10454 0.30248 0.10244 0.16944 0.14494 0.20092 0.16805 0.10335 -0.098903 0.21906 -0.053134 -0.052445 0.15251 0.26308 -0.11266 0.23433 0.06361 0.06129 0.0079038 -0.090984 0.046451 -0.015793 0.10861 0.055725 0.11459 0.059021 -0.028236 -0.098026 -0.016026 0.090022 0.14801 -0.035644 0.065872 0.23447 0.05181 0.28871 0.070445 0.16236 0.13079 0.16636 0.15231 0.040792 -0.11621 0.1971 -0.059119 -0.069628 0.12469 0.2334
0.25716 0.22416 0 0.37583 0.11363 0.01812 -0.02624 0.138 0.13233 0.2751 0.25268 0.56158 0.36108 0.058845 0.01694 -0.023945 0.11086 0.14631 -0.027098 0.20061 0.11724 -0.023301 0.0054045 -0.052547 0.0060005 0.055957 0.052209 0.006492 0.1904 -0.0055524 -0.036752 -0.083326 -0.034899 0.037023 0.23801 -0.017447 0.14717 0.058761 -0.014621 0.18856 0.070781 0.056971 0.16229 0.25586 0.19282 0.054274 -0.065698 0.19808 -0.057921 -0.052033 0.061701 0.17635 -0.028489 0.18265 0.1174 -0.040317 0.02015 -0.081249 0.0079829 0.017708 0.038543 0.00036034 0.15801 -0.036097 -0.027086 -0.09125 -0.032874 0.012696 0.20334 -0.031312 0.14618 0.072155 -0.029772 0.18628 0.072047 0.050383 0.11851 0.18357 0.15552 0.0047939 -0.068041 0.1865 -0.071785 -0.057829 0.070288 0.1696
0.27575 0.24021 0.37583 0 0.20162 0.0061184 -0.0044223 0.1071 0.13031 0.26195 0.25546 0.36387 0.60528 0.11399 0.00030786 -0.0083189 0.087547 0.13973 -0.057524 0.28377 -0.02651 0.00096786 0.0083961 -0.030006 -0.10903 0.032063 -0.015265 0.016371 0.14568 0.0089444 -0.040103 -0.15629 -0.022542 0.16479 0.18159 -0.090806 0.082337 0.08455 0.14365 0.19242 0.25505 0.012506 0.11432 0.1569 0.16685 0.10172 -0.020806 0.24052 -0.079291 -0.01886 0.10679 0.32875 -0.013921 0.27202 0.021597 -0.00090106 0.0099676 -0.04421 -0.067046 -0.007081 0.00099816 0.01598 0.14392 -0.011205 -0.037545 -0.14449 0.0075401 0.1316 0.25192 -0.059374 0.15135 0.10177 0.087504 0.23044 0.24053 0.046612 0.11757 0.17015 0.17468 0.079061 -0.037481 0.29086 -0.083029 -0.0567 0.1006 0.32929
0.082972 0.10071 0.11363 0.20162 0 -0.0024719 -0.017236 0.024457 0.054755 0.096774 0.092892 0.11422 0.17628 0.035328 -0.010051 -0.021964 0.020221 0.055146 -0.017484 0.10446 0.0054643 -0.0077515 0.0072501 -0.0064515 -0.017435 0.01673 -0.010614 -0.0014364 0.071136 -0.003102 -0.022093 -0.030916 -0.013187 0.0067186 0.073936 0.0021549 0.060727 0.033511 0.050328 0.08674 0.078208 0.0079213 0.062082 0.072296 0.072427 0.012844 0.011476 0.10681 -0.03197 -0.019633 0.054988 0.13755 -0.0075535 0.11066 -0.010585 -0.014393 -0.011141 -0.032871 -0.03813 -0.008 -0.010727 0.0032431 0.061782 -0.019979 -0.024442 -0.045978 -0.019565 0.016768 0.084696 -0.0016724 0.063393 0.036654 0.030748 0.070939 0.065366 -0.0035957 0.024812 0.042801 0.052845 -0.0099739 -0.0094794 0.099436 -0.039299 -0.026535 0.03407 0.12144
-0.028415 0.0095829 0.01812 0.0061184 -0.0024719 0 0.1664 0.019319 0.075243 0.037288 -0.0094283 0.010026 -0.002859 -0.020118 0.4082 0.17041 0.033365 0.05719 0.083304 0.035689 0.14014 0.091493 0.1112 0.21421 0.22326 0.11712 0.32332 0.094435 0.073886 0.11448 0.28966 0.19133 0.26075 0.070037 -0.030786 0.03622 -0.021692 0.069987 0.094882 0.074063 0.065797 0.24428 0.2042 -0.026585 0.14837 0.068962 0.22977 -0.092279 0.058858 0.13982 0.10919 0.075648 0.036584 0.012343 -0.002864 0.071706 0.086109 0.19877 0.10215 0.075089 0.26601 0.10579 0.002119 0.10536 0.25925 0.11715 0.21517 0.071521 -0.11896 -0.05625 -0.095962 0.047937 0.095889 0.014156 0.056989 0.19167 0.13399 -0.10855 0.039965 0.030804 0.19107 -0.12485 0.048308 0.11478 0.089771 0.041179
-0.10206 -0.080374 -0.02624 -0.0044223 -0.017236 0.1664 0 -0.0018931 -0.0066537 -0.050659 -0.10708 -0.048513 -0.023502 -0.022508 0.16622 0.24477 -0.009239 -0.030928 0.14619 -0.045263 0.035245 0.037862 0.064499 0.18555 0.069366 0.12061 0.0050099 0.062161 0.00018348 0.044582 0.16601 0.16214 0.067568 0.018857 0.010449 0.076358 0.063653 -0.013431 0.062086 -0.12889 0.074118 -0.03875 -0.0024107 -0.1474 0.052281 0.032479 0.23477 -0.084927 0.060138 0.12244 0.013906 0.02301 0.092946 -0.0567 -0.071236 0.026627 0.020791 0.16349 -0.039372 0.069957 -0.027773 0.057936 -0.031323 0.044529 0.089493 0.081916 0.049238 0.020194 -0.069177 -0.024278 -0.033976 -0.03245 0.065601 -0.14702 0.078307 -0.063153 -0.025244 -0.19369 -0.030871 0.036305 0.18989 -0.14323 0.027937 0.10191 0.0013722 -0.015083
0.044079 0.06542 0.138 0.1071 0.024457 0.019319 -0.0018931 0 0.051549 0.029864 0.06495 0.12362 0.10225 0.015736 0.033154 0.012165 0.091152 0.060345 -0.032006 0.083201 -0.059803 0.014229 -0.0027151 -0.014242 -0.060002 -0.027616 0.038254 0.014487 0.020779 0.00096433 0.055405 -0.064891 0.027162 0.045805 -0.019681 -0.084809 -0.066194 0.037414 0.025618 0.054482 0.025186 0.027444 0.10874 -0.012095 0.0086265 0.0041009 0.0079481 -0.0021049 -0.0070999 0.0024691 0.037705 0.079887 -0.016322 0.068479 -0.047132 0.019961 -0.0057676 -0.0048924 -0.041691 -0.001667 0.050455 0.028464 0.026766 0.0011686 0.056468 -0.053222 0.014092 0.046851 -0.0078466 -0.094604 -0.017894 0.045195 0.014794 0.062442 0.041036 0.041979 0.089432 0.0041026 0.017786 0.006426 0.018588 0.051538 -0.023656 0.0052097 0.054828 0.084163
0.19811 0.20892 0.13233 0.13031 0.054755 0.075243 -0.0066537 0.051549 0 0.20837 0.21501 0.12387 0.12712 0.037421 0.053552 -0.018444 0.042034 0.17962 -0.038247 0.15952 0.0065404 0.043374 0.010384 -0.00098935 0.019028 0.014304 0.10244 0.016639 0.073925 0.07048 0.011001 -0.046421 0.05428 0.11401 0.043748 -0.05152 -0.0061074 0.14232 0.083266 0.17528 0.069108 0.13211 0.12275 0.099242 0.082184 0.045054 0.007006 0.11506 -0.032348 -0.015723 0.11056 0.17317 -0.024458 0.16724 0.036434 0.03312 0.019803 -0.021592 0.041741 0.021117 0.12149 0.0033558 0.080512 0.057884 0.045357 -0.017792 0.026783 0.073512 0.082986 -0.037318 0.040197 0.1479 0.059229 0.17196 0.062937 0.14532 0.12228 0.096653 0.11217 0.0098923 0.00020042 0.14546 -0.041968 -0.0074091 0.10245 0.16029
0.67515 0.32725 0.2751 0.26195 0.096774 0.037288 -0.050659 0.029864 0.20837 0 0.3043 0.27177 0.21944 0.086717 0.036861 -0.061924 0.018255 0.21959 -0.058503 0.23493 0.25637 -0.030955 0.043855 -0.10979 0.17902 0.22475 0.10872 -0.0606 0.20838 -0.02201 -0.036366 0.040934 0.0312 0.16112 0.24417 0.096682 0.19833 0.098633 0.21115 0.29972 0.2596 0.20348 0.07442 0.45553 0.291 0.22551 -0.11479 0.40589 -0.037893 -0.0079703 0.035643 0.23318 -0.13041 0.18417 0.14755 -0.041324 0.029264 -0.13273 0.096618 0.11549 0.06404 -0.045805 0.1043 -0.039488 -0.046846 -0.019907 0.0187 0.11425 0.18985 0.039248 0.076879 0.1168 0.10338 0.25686 0.15156 0.12135 0.038887 0.24804 0.09464 0.074339 -0.10031 0.35209 -0.062669 -0.0742 0.046574 0.19837
0.38425 0.46232 0.25268 0.25546 0.092892 -0.0094283 -0.10708 0.06495 0.21501 0.3043 0 0.29848 0.27069 0.096193 -0.025603 -0.10944 0.08056 0.23402 -0.17346 0.26685 -0.011899 0.035966 0.012184 -0.088483 -0.017384 -0.014766 0.114 0.059772 0.11509 0.081284 -0.075835 -0.1876 0.0097991 0.10834 0.032745 -0.14362 -0.045871 0.19964 0.041368 0.31214 0.057022 0.17309 0.17134 0.18824 0.087893 0.063398 -0.14997 0.21055 -0.088423 -0.072515 0.16528 0.25311 -0.12729 0.28582 0.14845 0.054555 0.0003904 -0.11531 0.12554 -0.0090813 0.16477 0.027537 0.16962 0.037287 -0.025838 -0.078636 -0.0011288 0.12577 0.23394 -0.010341 0.13972 0.24798 0.01571 0.36877 0.087101 0.23796 0.18436 0.28369 0.25026 0.044407 -0.13001 0.29591 -0.045639 -0.097255 0.15117 0.27661
0.34419 0.2379 0.56158 0.36387 0.11422 0.010026 -0.048513 0.12362 0.12387 0.27177 0.29848 0 0.39244 0.078167 0.012873 -0.027364 0.13613 0.14419 -0.060961 0.19655 0.069921 -0.052363 -0.010591 -0.069163 -0.021159 0.042646 0.04464 0.0095382 0.17188 -0.026658 -0.072104 -0.1417 -0.038802 0.026673 0.21051 -0.046588 0.12531 0.052235 -0.0062369 0.20388 0.063333 0.035175 0.14722 0.23929 0.11733 0.065629 -0.086058 0.20017 -0.092092 -0.070891 0.057217 0.18056 -0.018133 0.23026 0.19157 -0.077233 0.01161 -0.088869 0.064278 0.053813 0.052854 -0.020604 0.22237 -0.057811 -0.026466 -0.064756 -0.0027204 0.035487 0.28897 0.045863 0.23539 0.061939 -0.054399 0.24353 0.075786 0.087602 0.16696 0.28818 0.22863 0.020343 -0.076741 0.25409 -0.066893 -0.055311 0.053816 0.20972
0.28807 0.22591 0.36108 0.60528 0.17628 -0.002859 -0.023502 0.10225 0.12712 0.21944 0.27069 0.39244 0 0.13927 0.0025008 -0.0063172 0.11193 0.14383 -0.055221 0.25868 -0.029357 -0.0070271 0.011665 -0.03957 -0.10346 0.016249 -0.028967 0.03445 0.13797 -0.0013386 -0.071964 -0.15329 -0.019045 0.13858 0.15271 -0.10044 0.07216 0.076304 0.073431 0.20111 0.19389 -0.0032622 0.096489 0.13275 0.13214 0.082721 -0.041952 0.21802 -0.091437 -0.038667 0.096231 0.29884 0.011 0.27529 0.032649 -0.017849 0.0073699 -0.035711 -0.051904 0.031718 -0.013321 0.023881 0.17213 -0.022102 -0.043291 -0.12291 -0.0067232 0.13277 0.27074 -0.045153 0.17661 0.096177 0.08033 0.2336 0.2522 0.042589 0.11582 0.18549 0.1826 0.077366 -0.0081656 0.30162 -0.097123 -0.050717 0.10131 0.34793
0.10241 0.085779 0.058845 0.11399 0.035328 -0.020118 -0.022508 0.015736 0.037421 0.086717 0.096193 0.078167 0.13927 0 -0.013448 -0.028923 0.010208 0.087308 -0.022327 0.1227 -0.033231 0.0034769 0.0046762 -0.022341 -0.031742 -0.011985 -0.0065522 -0.010273 0.027049 0.0034164 -0.035436 -0.054627 -0.00446 0.044825 0.0242 -0.040202 -0.0034259 0.040568 0.042229 0.072153 0.057266 0.025343 0.050026 0.036586 0.046444 0.015085 -0.018239 0.080788 -0.044029 -0.0078145 0.061711 0.11085 -0.014088 0.10411 0.011923 0.00088814 -0.0053502 -0.019688 -0.0050849 -0.0045644 0.016439 -0.011133 0.026568 0.0034059 -0.014234 -0.021763 -0.011948 0.060437 0.081642 -0.025153 0.060479 0.055018 0.047479 0.077142 0.070152 0.036355 0.06554 0.063316 0.093283 -0.00018589 -0.0085982 0.11475 -0.024075 -0.018652 0.052443 0.12288
-0.015286 -0.0075355 0.01694 0.00030786 -0.010051 0.4082 0.16622 0.033154 0.053552 0.036861 -0.025603 0.012873 0.0025008 -0.013448 0 0.21731 0.041494 0.055667 0.054628 0.023845 0.12325 0.076922 0.093849 0.21344 0.20135 0.11144 0.30324 0.094176 0.071892 0.093916 0.29232 0.15847 0.24897 0.074335 -0.046329 -0.0032506 -0.057485 0.052207 0.082754 0.06104 0.072149 0.22916 0.20321 -0.046719 0.13197 0.064632 0.20786 -0.1117 0.041635 0.11775 0.079267 0.068411 0.03934 0.022672 0.040693 0.070939 0.094267 0.20887 0.13113 0.11983 0.28226 0.091065 0.032851 0.08704 0.25309 0.12748 0.2536 0.059331 -0.094372 -0.049016 -0.086124 0.045965 0.10284 0.029155 0.059922 0.21397 0.15263 -0.078657 0.063543 0.055606 0.20312 -0.10698 0.027522 0.12747 0.080913 0.060883
-0.10537 -0.094666 -0.023945 -0.0083189 -0.021964 0.17041 0.24477 0.012165 -0.018444 -0.061924 -0.10944 -0.027364 -0.0063172 -0.028923 0.21731 0 0.023097 -0.0096587 0.1112 -0.032578 0.039974 0.04509 0.065388 0.1802 0.049396 0.10764 0.0036534 0.018169 0.0041349 0.045592 0.13853 0.11445 0.096252 0.032831 0.0022165 0.035376 0.043646 -0.0403 0.066598 -0.11106 0.091238 -0.023992 0.0042413 -0.12464 0.038714 0.041246 0.20779 -0.086155 0.046029 0.10094 0.017394 0.029169 0.10314 -0.03368 -0.029503 0.029219 0.039419 0.18467 -0.013214 0.10544 -0.017959 0.024087 -0.0062299 0.04386 0.10135 0.076179 0.094491 0.032995 -0.033366 -0.021928 0.00012714 -0.053199 0.081385 -0.13228 0.093778 -0.041965 -0.02673 -0.14919 -0.020088 0.040163 0.21801 -0.10561 0.028812 0.12581 0.0018528 0.02452
0.027007 0.045674 0.11086 0.087547 0.020221 0.033365 -0.009239 0.091152 0.042034 0.018255 0.08056 0.13613 0.11193 0.010208 0.041494 0.023097 0 0.063476 -0.02288 0.082123 -0.048307 0.025234 0.013147 -0.0051743 -0.037615 -0.039525 0.064867 0.025074 0.012749 0.026682 0.055862 -0.067423 0.0079516 0.027519 -0.018074 -0.077475 -0.055054 0.034736 0.0085048 0.048751 0.0027957 0.053591 0.11496 -0.023981 0.012562 -9.3183e-05 0.016613 -0.032203 -0.010882 -0.013788 0.036143 0.05485 -0.0070321 0.073141 -0.035872 0.027684 0.0034598 0.011605 -0.034849 -0.018785 0.051984 0.020247 0.017425 0.014131 0.038647 -0.05049 0.018927 0.034412 -0.018498 -0.10325 -0.025532 0.04029 0.0009155 0.058325 0.0049484 0.053358 0.10787 0.0033086 0.0047041 0.0043951 0.0254 0.015057 -0.013785 -0.0077231 0.044039 0.064297
0.25007 0.20378 0.14631 0.13973 0.055146 0.05719 -0.030928 0.060345 0.17962 0.21959 0.23402 0.14419 0.14383 0.087308 0.055667 -0.0096587 0.063476 0 -0.053365 0.15724 0.040403 0.02937 0.031763 0.0066732 0.048433 0.032847 0.10096 0.014741 0.084138 0.066549 0.0055411 -0.028529 0.056969 0.075096 0.0303 -0.048044 -3.2553e-05 0.14044 0.064252 0.16479 0.058345 0.14049 0.11756 0.11616 0.080861 0.05376 0.0095258 0.13467 -0.032009 0.027128 0.14471 0.17687 -0.0046165 0.17213 0.10611 0.039769 0.020111 -0.0028162 0.10387 0.036341 0.12816 0.014127 0.10917 0.052646 0.055399 0.016419 0.04834 0.099246 0.11446 0.010152 0.082266 0.15689 0.054424 0.17729 0.07252 0.17382 0.12922 0.14543 0.15794 0.044546 0.026843 0.1681 -0.0048105 -0.00020202 0.12248 0.1984
-0.15448 -0.09919 -0.027098 -0.057524 -0.017484 0.083304 0.14619 -0.032006 -0.038247 -0.058503 -0.17346 -0.060961 -0.055221 -0.022327 0.054628 0.1112 -0.02288 -0.053365 0 -0.057831 0.24193 0.051248 0.036011 0.2886 0.2486 0.28046 -0.12345 0.080065 0.060177 0.081129 0.059044 0.59485 0.0097849 -0.033584 0.48348 0.22339 0.55412 -0.021413 0.034547 -0.12311 0.12705 -0.041853 -0.11519 -0.020616 0.22345 0.059404 0.70717 0.18 0.14082 0.15266 0.13061 0.090651 0.61587 -0.058851 0.030113 0.030196 0.016114 0.23197 0.043881 0.19647 -0.16206 0.089995 0.01296 0.079804 -0.015649 0.37512 0.027517 -0.024388 0.18767 0.18021 0.27633 -0.066358 0.092084 -0.19781 0.10591 -0.11327 -0.10132 -0.10954 0.066059 0.028304 0.58209 -0.040007 0.08942 0.16114 0.14056 0.053405
0.23371 0.23716 0.20061 0.28377 0.10446 0.035689 -0.045263 0.083201 0.15952 0.23493 0.26685 0.19655 0.25868 0.1227 0.023845 -0.032578 0.082123 0.15724 -0.057831 0 -0.081394 0.14072 0.045739 0.01664 -0.13849 0.0037514 0.00022538 0.032134 0.23161 0.17093 -0.099272 -0.28338 0.018299 0.34892 0.20392 -0.21959 0.042442 0.26869 0.26915 0.39682 0.37001 0.077163 0.27693 0.27143 0.32781 0.26333 0.050831 0.37903 -0.14592 -0.041558 0.27552 0.54948 0.047864 0.57209 -0.083696 0.15446 -0.0013699 -0.0062921 -0.13536 0.0087694 0.037999 0.037062 0.18962 0.1401 -0.052316 -0.27547 0.02638 0.33233 0.28826 -0.23911 0.1273 0.27304 0.22216 0.42771 0.35835 0.13432 0.27016 0.23133 0.27145 0.2164 0.050653 0.45463 -0.17185 -0.089106 0.22055 0.54051
0.076556 0.0446 0.11724 -0.02651 0.0054643 0.14014 0.035245 -0.059803 0.0065404 0.25637 -0.011899 0.069921 -0.029357 -0.033231 0.12325 0.039974 -0.048307 0.040403 0.24193 -0.081394 0 -0.12132 0.054807 0.19174 0.67538 0.52751 0.2075 -0.042533 0.26004 -0.063684 0.091876 0.45004 0.16337 -0.10907 0.53533 0.4362 0.49751 -0.098135 -0.037498 0.10295 0.0888 0.32585 -0.034003 0.65722 0.37335 0.36366 0.069978 0.449 0.021965 0.0020274 -0.018815 -0.03634 0.031342 -0.094532 0.64779 -0.16762 0.058227 0.11114 0.49353 0.26741 0.076547 -0.022698 0.10151 -0.061291 0.044412 0.2676 0.11948 -0.10045 0.28754 0.34088 0.21499 -0.10741 -0.012653 -0.023211 0.03795 0.16974 -0.10871 0.27475 0.083303 0.14866 0.050147 0.08629 0.049267 0.0025534 -0.0037017 -0.082319
-0.098547 0.061451 -0.023301 0.00096786 -0.0077515 0.091493 0.037862 0.014229 0.043374 -0.030955 0.035966 -0.052363 -0.0070271 0.0034769 0.076922 0.04509 0.025234 0.02937 0.051248 0.14072 -0.12132 0 0.014605 0.30181 0.003911 -0.11948 0.083002 0.14994 0.040611 0.89968 0.022847 -0.15596 0.14927 0.38332 -0.058471 -0.16147 -0.10615 0.83899 0.34256 0.023116 0.31009 0.20893 0.060009 -0.03924 0.098597 0.62511 0.18981 -0.016201 -0.030388 0.02203 0.19311 0.21765 0.10827 0.11668 -0.26112 0.96153 -0.0068732 0.34879 -0.13948 -0.088743 0.098642 0.23556 -0.042082 0.88592 -0.00077594 -0.20498 0.15646 0.35422 -0.14412 -0.25256 -0.17117 0.78917 0.3887 0.013907 0.31317 0.23624 0.056847 -0.15689 -0.041462 0.55241 0.18919 0.0049469 -0.067191 0.022586 0.16148 0.18047
0.020829 0.016374 0.0054045 0.0083961 0.0072501 0.1112 0.064499 -0.0027151 0.010384 0.043855 0.012184 -0.010591 0.011665 0.0046762 0.093849 0.065388 0.013147 0.031763 0.036011 0.045739 0.054807 0.014605 0 0.14534 0.099091 0.12332 0.040416 0.019594 0.079515 0.033865 0.080164 0.097006 0.08309 0.038234 0.056996 0.035141 0.064458 0.018596 0.050481 0.02853 0.061228 0.02396 0.047002 0.030672 0.064803 0.082516 0.10654 0.049703 0.02837 0.089527 0.043685 0.090609 0.017764 0.022471 0.027018 0.0019705 0.038915 0.11996 0.057617 0.10486 0.039167 0.0049705 0.043161 0.033431 0.07082 0.062783 0.061711 0.010441 0.046929 0.016348 0.031585 0.0053704 0.035788 0.023956 0.050926 0.041223 0.018386 -0.009838 0.040156 0.067736 0.072041 0.027902 0.015923 0.044072 0.019368 0.073026
-0.088174 -0.064579 -0.052547 -0.030006 -0.0064515 0.21421 0.18555 -0.014242 -0.00098935 -0.10979 -0.088483 -0.069163 -0.03957 -0.022341 0.21344 0.1802 -0.0051743 0.0066732 0.2886 0.01664 0.19174 0.30181 0.14534 0 0.30655 0.3383 0.077152 0.47454 0.093086 0.48306 0.17916 0.19514 0.31373 0.10269 0.12935 0.040395 0.11165 0.24809 0.12817 -0.076007 0.15893 0.083894 0.041259 -0.040004 0.085179 0.44364 0.36892 -0.011158 0.069336 0.14688 0.11635 0.13321 0.29949 0.02561 0.046319 0.27536 0.1035 0.79068 0.15833 0.33591 0.07517 0.45094 0.065663 0.48737 0.14774 0.1824 0.32543 0.1092 0.0836 -0.024106 0.12968 0.1664 0.17908 -0.066596 0.18903 0.13009 0.038594 -0.091519 0.044469 0.42538 0.30543 -0.035691 0.03992 0.13397 0.090291 0.091128
0.039441 0.033776 0.0060005 -0.10903 -0.017435 0.22326 0.069366 -0.060002 0.019028 0.17902 -0.017384 -0.021159 -0.10346 -0.031742 0.20135 0.049396 -0.037615 0.048433 0.2486 -0.13849 0.67538 0.003911 0.099091 0.30655 0 0.49854 0.48944 0.052744 0.14799 0.080513 0.26485 0.61537 0.37632 -0.06893 0.24978 0.3746 0.23879 -0.017422 -0.097801 0.14634 -0.13176 0.62665 0.077406 0.48248 0.31512 0.30599 0.10591 0.20644 0.15878 0.10337 -0.016776 -0.10424 0.058705 -0.14547 0.49015 -0.056624 0.057996 0.21143 0.71507 0.30402 0.37733 0.036211 0.039098 0.062394 0.22794 0.50406 0.30814 -0.086179 0.093014 0.24985 0.11148 -0.042774 -0.085422 0.0080479 -0.14673 0.46015 0.0055033 0.15976 0.12498 0.11455 0.084934 -0.03097 0.22117 0.11774 -0.0022858 -0.1487
0.15004 0.039968 0.055957 0.032063 0.01673 0.11712 0.12061 -0.027616 0.014304 0.22475 -0.014766 0.042646 0.016249 -0.011985 0.11144 0.10764 -0.039525 0.032847 0.28046 0.0037514 0.52751 -0.11948 0.12332 0.3383 0.49854 0 0.010325 0.080122 0.24156 -0.05708 0.048606 0.4395 0.10954 -0.037434 0.42058 0.35346 0.44293 -0.10899 0.022243 0.048064 0.12331 0.0029932 -0.06515 0.39096 0.23627 0.33639 0.18708 0.42876 0.020602 0.10988 -0.0048922 0.10458 0.15774 0.0087634 0.33626 -0.15104 0.084789 0.25021 0.32067 0.52478 -0.077536 0.037776 0.14961 -0.062906 -0.019308 0.29335 0.045254 -0.053961 0.29609 0.25275 0.31549 -0.13308 0.0097686 0.016579 0.077759 -0.024695 -0.093343 0.15545 0.072186 0.23177 0.13715 0.22152 0.022401 0.071899 0.006244 0.062501
0.066225 0.11608 0.052209 -0.015265 -0.010614 0.32332 0.0050099 0.038254 0.10244 0.10872 0.114 0.04464 -0.028967 -0.0065522 0.30324 0.0036534 0.064867 0.10096 -0.12345 0.00022538 0.2075 0.083002 0.040416 0.077152 0.48944 0.010325 0 0.006337 0.026844 0.094225 0.45662 0.19615 0.36491 0.053755 -0.21516 -0.011102 -0.23989 0.11647 0.026771 0.36393 -0.12702 0.7581 0.42087 0.0651 0.20672 -0.013728 0.011863 -0.15295 0.11397 0.043263 0.10162 -0.038103 -0.13941 -0.0092146 0.083119 0.058394 0.050947 0.050239 0.32346 -0.033317 0.72367 0.030794 -0.050732 0.082023 0.41589 0.18133 0.29917 0.039618 -0.28698 -0.10846 -0.24724 0.14072 0.040115 0.23093 -0.12477 0.66417 0.29825 -0.045674 0.10974 -0.10995 0.030758 -0.20156 0.099891 0.048115 0.077942 -0.069412
0.011008 0.07529 0.006492 0.016371 -0.0014364 0.094435 0.062161 0.014487 0.016639 -0.0606 0.059772 0.0095382 0.03445 -0.010273 0.094176 0.018169 0.025074 0.014741 0.080065 0.032134 -0.042533 0.14994 0.019594 0.47454 0.052744 0.080122 0.006337 0 0.042073 0.33731 0.09635 0.023965 0.033395 0.044725 0.011685 -0.0011928 0.037792 0.25379 0.0069997 0.008709 0.056684 -0.067218 0.065649 -0.066594 -0.0018837 0.21471 0.17521 -0.096755 0.014512 0.047768 0.10545 0.087723 0.17376 0.051028 -0.050737 0.15007 0.011471 0.49235 -0.02426 0.13113 -0.0058669 0.92589 0.057878 0.266 0.077455 0.05585 0.060564 0.047032 0.079908 -0.0040451 0.10449 0.24798 0.066657 0.018446 0.11639 -0.034499 0.058747 -0.056762 0.022232 0.24378 0.14162 0.0071101 0.020522 0.03831 0.097007 0.090375
0.19693 0.13866 0.1904 0.14568 0.071136 0.073886 0.00018348 0.020779 0.073925 0.20838 0.11509 0.17188 0.13797 0.027049 0.071892 0.0041349 0.012749 0.084138 0.060177 0.23161 0.26004 0.040611 0.079515 0.093086 0.14799 0.24156 0.026844 0.042073 0 0.041004 0.007019 0.036449 0.055482 0.064967 0.4249 0.27489 0.44948 0.090085 0.018811 0.27433 0.11905 0.083982 0.19523 0.45306 0.28639 0.19979 0.066957 0.42627 -0.050152 0.034658 0.12349 0.32889 0.081467 0.22007 0.22047 0.017141 0.039748 0.059102 0.12504 0.15418 -0.019379 0.032645 0.38051 0.03478 0.0042916 0.018215 0.012751 0.036185 0.38473 0.21329 0.42586 0.08137 0.022298 0.2085 0.11205 0.060707 0.14556 0.28535 0.21123 0.092108 0.056521 0.31135 -0.02825 -0.01638 0.11224 0.31534
-0.069769 0.10268 -0.0055524 0.0089444 -0.003102 0.11448 0.044582 0.00096433 0.07048 -0.02201 0.081284 -0.026658 -0.0013386 0.0034164 0.093916 0.045592 0.026682 0.066549 0.081129 0.17093 -0.063684 0.89968 0.033865 0.48306 0.080513 -0.05708 0.094225 0.33731 0.041004 0 0.04187 -0.13223 0.21589 0.38582 -0.032558 -0.15884 -0.062444 0.89227 0.35894 0.058404 0.29866 0.19366 0.068867 -0.029146 0.085892 0.64892 0.22148 0.023425 -0.019404 0.021883 0.26054 0.25473 0.11337 0.12836 -0.18311 0.88713 0.00051329 0.5057 -0.057554 -0.0017118 0.11749 0.3966 -0.0042215 0.90464 0.016549 -0.15386 0.22055 0.34904 -0.066979 -0.21629 -0.088988 0.84221 0.39894 0.055949 0.31153 0.24392 0.0662 -0.11743 -0.017614 0.59974 0.20684 0.084176 -0.054247 0.0067033 0.21557 0.21896
-0.16814 -0.038175 -0.036752 -0.040103 -0.022093 0.28966 0.16601 0.055405 0.011001 -0.036366 -0.075835 -0.072104 -0.071964 -0.035436 0.29232 0.13853 0.055862 0.0055411 0.059044 -0.099272 0.091876 0.022847 0.080164 0.17916 0.26485 0.048606 0.45662 0.09635 0.007019 0.04187 0 0.33594 0.2435 -0.0055996 -0.16681 0.079648 -0.11373 -0.0011979 0.04381 -0.050833 -0.035877 0.3478 0.3491 -0.25658 0.1964 -0.08131 0.20392 -0.31082 0.25057 0.17411 0.020434 -0.076185 -0.033572 -0.13256 -0.16418 0.0095166 0.035942 0.17602 0.033481 0.014755 0.33188 0.12187 -0.12726 0.037213 0.50843 0.20386 0.2048 -0.011886 -0.35148 -0.11909 -0.27109 -0.013133 0.05995 -0.15956 -0.060585 0.17879 0.18316 -0.39253 -0.029217 -0.10248 0.16745 -0.36378 0.19312 0.15874 0.010817 -0.11727
-0.10936 -0.11136 -0.083326 -0.15629 -0.030916 0.19133 0.16214 -0.064891 -0.046421 0.040934 -0.1876 -0.1417 -0.15329 -0.054627 0.15847 0.11445 -0.067423 -0.028529 0.59485 -0.28338 0.45004 -0.15596 0.097006 0.19514 0.61537 0.4395 0.19615 0.023965 0.036449 -0.13223 0.33594 0 0.12344 -0.22608 0.2305 0.58636 0.35383 -0.19492 -0.14581 -0.11268 -0.16029 0.22622 -0.030806 -0.014965 0.29514 -0.14855 0.37714 0.078388 0.31642 0.26356 -0.10177 -0.21477 0.21733 -0.28813 0.175 -0.2039 0.064771 0.12932 0.32789 0.266 0.050759 0.020814 -0.059221 -0.11222 0.18017 0.73542 0.073923 -0.21402 -0.070747 0.40002 0.051036 -0.22644 -0.1154 -0.24651 -0.19063 -0.012862 -0.12116 -0.2171 0.042629 -0.17743 0.27439 -0.22778 0.32821 0.24918 -0.072337 -0.23221
0.0089011 0.014014 -0.034899 -0.022542 -0.013187 0.26075 0.067568 0.027162 0.05428 0.0312 0.0097991 -0.038802 -0.019045 -0.00446 0.24897 0.096252 0.0079516 0.056969 0.0097849 0.018299 0.16337 0.14927 0.08309 0.31373 0.37632 0.10954 0.36491 0.033395 0.055482 0.21589 0.2435 0.12344 0 0.10393 -0.04823 -0.026232 -0.074102 0.1349 0.065048 0.056802 -0.0059756 0.42076 0.19414 0.056881 0.12666 0.13372 0.14141 -0.055456 0.04246 0.086208 0.093856 0.051814 0.037343 0.0069493 0.11239 0.12708 0.065885 0.26464 0.27797 0.09786 0.35865 0.037355 0.007768 0.20453 0.25603 0.14655 0.41058 0.078471 -0.078934 -0.036849 -0.039596 0.10839 0.044626 0.04037 -0.015518 0.40045 0.14847 -0.007823 0.10925 0.070559 0.12915 -0.080922 0.07302 0.084712 0.066485 0.0098893
0.098963 0.15057 0.037023 0.16479 0.0067186 0.070037 0.018857 0.045805 0.11401 0.16112 0.10834 0.026673 0.13858 0.044825 0.074335 0.032831 0.027519 0.075096 -0.033584 0.34892 -0.10907 0.38332 0.038234 0.10269 -0.06893 -0.037434 0.053755 0.044725 0.064967 0.38582 -0.0055996 -0.22608 0.10393 0 0.10281 -0.2261 -0.0205 0.42326 0.52899 0.2195 0.59161 0.16093 0.07689 0.11972 0.29435 0.38671 0.1812 0.27889 -0.076911 -0.015757 0.36106 0.46909 0.035733 0.30737 -0.10624 0.36969 0.0012007 0.10536 -0.094101 -0.026991 0.079282 0.054332 0.031975 0.35071 -0.019992 -0.22608 0.13355 0.75482 0.14569 -0.23119 0.047493 0.40053 0.45688 0.2702 0.52826 0.22109 0.068651 0.095984 0.22008 0.319 0.17793 0.34234 -0.095021 -0.030568 0.30849 0.42556
0.10727 0.10621 0.23801 0.18159 0.073936 -0.030786 0.010449 -0.019681 0.043748 0.24417 0.032745 0.21051 0.15271 0.0242 -0.046329 0.0022165 -0.018074 0.0303 0.48348 0.20392 0.53533 -0.058471 0.056996 0.12935 0.24978 0.42058 -0.21516 0.011685 0.4249 -0.032558 -0.16681 0.2305 -0.04823 0.10281 0 0.38382 0.83521 0.015173 0.060061 0.10117 0.32071 -0.094068 -0.098942 0.54767 0.52885 0.28036 0.24827 0.66386 -0.04549 0.012451 0.11654 0.35096 0.25234 0.20184 0.32364 -0.09065 0.016748 0.057318 0.098844 0.18761 -0.28857 -0.0035439 0.28333 -0.032045 -0.19864 0.047725 -0.055259 0.087077 0.65002 0.27149 0.59391 -0.011715 0.0691 0.024384 0.28435 -0.16526 -0.11002 0.23041 0.27199 0.15751 0.18524 0.43576 -0.046768 -0.031517 0.12427 0.32522
-0.053749 -0.074193 -0.017447 -0.090806 0.0021549 0.03622 0.076358 -0.084809 -0.05152 0.096682 -0.14362 -0.046588 -0.10044 -0.040202 -0.0032506 0.035376 -0.077475 -0.048044 0.22339 -0.21959 0.4362 -0.16147 0.035141 0.040395 0.3746 0.35346 -0.011102 -0.0011928 0.27489 -0.15884 0.079648 0.58636 -0.026232 -0.2261 0.38382 0 0.58783 -0.15099 -0.15082 -0.12428 -0.10591 -0.068415 -0.15624 0.16357 0.23011 -0.088934 0.038257 0.16415 0.17109 0.097635 -0.087253 -0.13481 -0.031586 -0.21955 0.16144 -0.19165 0.047537 0.022734 0.10921 0.16156 -0.17561 -0.0098644 0.10608 -0.14863 -0.019333 0.26217 -0.026892 -0.20255 0.11165 0.55525 0.21589 -0.17537 -0.10804 -0.22975 -0.10418 -0.26859 -0.22952 -0.15225 -0.077461 -0.14759 -0.0010631 -0.085831 0.14141 0.07368 -0.068044 -0.1391
0.042073 0.011744 0.14717 0.082337 0.060727 -0.021692 0.063653 -0.066194 -0.0061074 0.19833 -0.045871 0.12531 0.07216 -0.0034259 -0.057485 0.043646 -0.055054 -3.2553e-05 0.55412 0.042442 0.49751 -0.10615 0.064458 0.11165 0.23879 0.44293 -0.23989 0.037792 0.44948 -0.062444 -0.11373 0.35383 -0.074102 -0.0205 0.83521 0.58783 0 -0.053388 -0.036178 -0.023871 0.22138 -0.22219 -0.19938 0.39704 0.34707 0.16635 0.25845 0.55736 0.039019 0.040201 0.014373 0.20655 0.27281 0.0058385 0.27018 -0.12774 0.046076 0.05027 0.0078874 0.22585 -0.34427 0.025794 0.27202 -0.068116 -0.18423 0.099498 -0.080484 -0.026574 0.52424 0.45249 0.60816 -0.079228 0.0040796 -0.11534 0.17357 -0.31974 -0.21529 0.087861 0.0479 0.072832 0.17709 0.26253 -0.044687 -2.8864e-05 0.039383 0.19093
0.054296 0.19856 0.058761 0.08455 0.033511 0.069987 -0.013431 0.037414 0.14232 0.098633 0.19964 0.052235 0.076304 0.040568 0.052207 -0.0403 0.034736 0.14044 -0.021413 0.26869 -0.098135 0.83899 0.018596 0.24809 -0.017422 -0.10899 0.11647 0.25379 0.090085 0.89227 -0.0011979 -0.19492 0.1349 0.42326 0.015173 -0.15099 -0.053388 0 0.40343 0.18784 0.34828 0.2264 0.11048 0.034218 0.12981 0.55106 0.10436 0.11665 -0.0579 -0.011694 0.30309 0.3332 0.017192 0.2411 -0.16397 0.79427 -0.01177 0.27563 -0.083371 -0.068386 0.14695 0.32652 0.051401 0.84643 0.00034041 -0.21654 0.13672 0.39406 0.0035286 -0.19081 -0.051677 0.95168 0.43545 0.1972 0.37205 0.27418 0.12135 -0.02247 0.056625 0.50114 0.099116 0.23 -0.076136 -0.041696 0.26525 0.32392
0.0047423 0.10454 -0.014621 0.14365 0.050328 0.094882 0.062086 0.025618 0.083266 0.21115 0.041368 -0.0062369 0.073431 0.042229 0.082754 0.066598 0.0085048 0.064252 0.034547 0.26915 -0.037498 0.34256 0.050481 0.12817 -0.097801 0.022243 0.026771 0.0069997 0.018811 0.35894 0.04381 -0.14581 0.065048 0.52899 0.060061 -0.15082 -0.036178 0.40343 0 0.047513 0.87262 0.041461 0.0067651 0.015487 0.28989 0.45857 0.31145 0.31072 -0.012029 0.042001 0.46638 0.57351 0.039918 0.22762 -0.1717 0.31805 -0.0087277 0.1345 -0.18793 -0.018826 -0.00021431 0.017523 -0.041171 0.33609 -1.3953e-05 -0.21899 0.086662 0.47851 0.021965 -0.22666 -0.11124 0.36378 0.88035 0.074507 0.77299 0.045249 -0.019519 -0.097604 0.11124 0.36037 0.27494 0.29639 -0.09579 -0.018713 0.36367 0.45972
0.35593 0.30248 0.18856 0.19242 0.08674 0.074063 -0.12889 0.054482 0.17528 0.29972 0.31214 0.20388 0.20111 0.072153 0.06104 -0.11106 0.048751 0.16479 -0.12311 0.39682 0.10295 0.023116 0.02853 -0.076007 0.14634 0.048064 0.36393 0.008709 0.27433 0.058404 -0.050833 -0.11268 0.056802 0.2195 0.10117 -0.12428 -0.023871 0.18784 0.047513 0 0.059377 0.491 0.34084 0.43526 0.28388 0.15309 -0.098493 0.37492 -0.095404 -0.058629 0.17468 0.32383 -0.061822 0.36609 0.17053 0.040202 0.039343 -0.086582 0.21955 0.068379 0.37063 0.0014532 0.23029 0.016147 0.053456 -0.033881 0.023996 0.17678 0.19597 -0.073662 0.11765 0.21923 0.034512 0.66318 0.085143 0.46483 0.30781 0.42414 0.30092 0.069094 -0.070032 0.38033 -0.10149 -0.090836 0.16205 0.33469
0.056602 0.10244 0.070781 0.25505 0.078208 0.065797 0.074118 0.025186 0.069108 0.2596 0.057022 0.063333 0.19389 0.057266 0.072149 0.091238 0.0027957 0.058345 0.12705 0.37001 0.0888 0.31009 0.061228 0.15893 -0.13176 0.12331 -0.12702 0.056684 0.11905 0.29866 -0.035877 -0.16029 -0.0059756 0.59161 0.32071 -0.10591 0.22138 0.34828 0.87262 0.059377 0 -0.10064 -0.02109 0.1103 0.47582 0.51539 0.33357 0.45386 -0.050586 0.015548 0.41306 0.61811 0.13868 0.31687 -0.084599 0.27688 -0.0065509 0.15169 -0.24956 0.024494 -0.14585 0.07579 0.055816 0.28531 -0.094139 -0.2597 0.043471 0.56411 0.2517 -0.20193 0.060078 0.31527 0.81606 0.091346 0.90139 -0.052819 -0.042525 -0.024342 0.24664 0.45366 0.28994 0.40004 -0.13657 -0.030893 0.32083 0.53052
0.16982 0.16944 0.056971 0.012506 0.0079213 0.24428 -0.03875 0.027444 0.13211 0.20348 0.17309 0.035175 -0.0032622 0.025343 0.22916 -0.023992 0.053591 0.14049 -0.041853 0.077163 0.32585 0.20893 0.02396 0.083894 0.62665 0.0029932 0.7581 -0.067218 0.083982 0.19366 0.3478 0.22622 0.42076 0.16093 -0.094068 -0.068415 -0.22219 0.2264 0.041461 0.491 -0.10064 0 0.40221 0.30375 0.32027 0.14439 0.02451 0.080801 0.10586 0.035954 0.10452 0.038859 -0.03395 0.059471 0.21617 0.18632 0.043748 0.054192 0.49342 -0.0063673 0.71766 -0.0063663 -0.022784 0.17178 0.34894 0.26989 0.35081 0.11901 -0.1835 -0.11177 -0.19407 0.23735 0.038657 0.36455 -0.10392 0.88833 0.31312 0.15107 0.25501 -0.0039881 0.052591 -0.014829 0.14561 0.048711 0.098651 -0.0041682
0.078856 0.14494 0.16229 0.11432 0.062082 0.2042 -0.0024107 0.10874 0.12275 0.07442 0.17134 0.14722 0.096489 0.050026 0.20321 0.0042413 0.11496 0.11756 -0.11519 0.27693 -0.034003 0.060009 0.047002 0.041259 0.077406 -0.06515 0.42087 0.065649 0.19523 0.068867 0.3491 -0.030806 0.19414 0.07689 -0.098942 -0.15624 -0.19938 0.11048 0.0067651 0.34084 -0.02109 0.40221 0 0.038465 0.31816 -0.022649 0.03215 -0.043374 0.026718 0.027267 0.15063 0.17157 -0.076254 0.25493 -0.071705 0.05343 0.030891 0.0165 0.026674 -0.054413 0.39362 0.074019 0.11035 0.049798 0.36696 0.018752 0.14022 0.066224 -0.11348 -0.2052 -0.10666 0.11484 -0.0089437 0.28445 -0.024182 0.34995 0.54672 0.015102 0.25731 -0.075494 0.059578 -0.022568 0.014318 0.024868 0.11632 0.15742
0.38961 0.20092 0.25586 0.1569 0.072296 -0.026585 -0.1474 -0.012095 0.099242 0.45553 0.18824 0.23929 0.13275 0.036586 -0.046719 -0.12464 -0.023981 0.11616 -0.020616 0.27143 0.65722 -0.03924 0.030672 -0.040004 0.48248 0.39096 0.0651 -0.066594 0.45306 -0.029146 -0.25658 -0.014965 0.056881 0.11972 0.54767 0.16357 0.39704 0.034218 0.015487 0.43526 0.1103 0.30375 0.038465 0 0.42878 0.4005 -0.13387 0.67992 -0.15064 -0.10499 0.079352 0.26063 -0.0028026 0.23835 0.55751 -0.066065 0.027148 -0.073867 0.43841 0.21485 0.014402 -0.077418 0.30956 -0.056814 -0.18552 0.026805 0.0067771 0.088077 0.48795 0.20719 0.33503 0.034835 -0.027393 0.38317 0.094023 0.27459 0.027443 0.70423 0.2772 0.21591 -0.10258 0.49721 -0.11508 -0.14665 0.073705 0.22012
0.058965 0.16805 0.19282 0.16685 0.072427 0.14837 0.052281 0.0086265 0.082184 0.291 0.087893 0.11733 0.13214 0.046444 0.13197 0.038714 0.012562 0.080861 0.22345 0.32781 0.37335 0.098597 0.064803 0.085179 0.31512 0.23627 0.20672 -0.0018837 0.28639 0.085892 0.1964 0.29514 0.12666 0.29435 0.52885 0.23011 0.34707 0.12981 0.28989 0.28388 0.47582 0.32027 0.31816 0.42878 0 0.31358 0.18002 0.49579 0.096092 0.047341 0.19248 0.33099 0.01647 0.25722 0.11509 0.046884 0.029945 0.036803 0.024229 0.084089 0.067455 0.01357 0.05046 0.076794 0.071698 0.040494 0.10327 0.28881 0.19989 -0.043158 0.092919 0.10396 0.24621 0.14564 0.38601 0.10823 0.14155 0.045601 0.47281 0.17058 0.15308 0.2272 0.073408 0.021902 0.16459 0.26739
0.14268 0.10335 0.054274 0.10172 0.012844 0.068962 0.032479 0.0041009 0.045054 0.22551 0.063398 0.065629 0.082721 0.015085 0.064632 0.041246 -9.3183e-05 0.05376 0.059404 0.26333 0.36366 0.62511 0.082516 0.44364 0.30599 0.33639 -0.013728 0.21471 0.19979 0.64892 -0.08131 -0.14855 0.13372 0.38671 0.28036 -0.088934 0.16635 0.55106 0.45857 0.15309 0.51539 0.14439 -0.022649 0.4005 0.31358 0 0.10977 0.47405 -0.071048 -0.017374 0.18668 0.37353 0.11711 0.23702 0.1584 0.58812 0.033358 0.42981 0.11546 0.27462 0.018082 0.21355 0.11209 0.64868 -0.077137 -0.1685 0.13763 0.34701 0.25723 -0.11622 0.14017 0.53258 0.40978 0.17228 0.46757 0.23605 -0.012265 0.19095 0.15104 0.91246 0.072313 0.40474 -0.08214 -0.039081 0.15979 0.31904
-0.17303 -0.098903 -0.065698 -0.020806 0.011476 0.22977 0.23477 0.0079481 0.007006 -0.11479 -0.14997 -0.086058 -0.041952 -0.018239 0.20786 0.20779 0.016613 0.0095258 0.70717 0.050831 0.069978 0.18981 0.10654 0.36892 0.10591 0.18708 0.011863 0.17521 0.066957 0.22148 0.20392 0.37714 0.14141 0.1812 0.24827 0.038257 0.25845 0.10436 0.31145 -0.098493 0.33357 0.02451 0.03215 -0.13387 0.18002 0.10977 0 0.078115 0.087253 0.22409 0.54212 0.30375 0.57105 0.039723 -0.094866 0.1539 0.064514 0.3398 -0.068422 0.097468 -0.044017 0.17252 0.010595 0.21128 0.13089 0.19757 0.14447 0.20397 0.093603 -0.045548 0.098166 0.03428 0.33981 -0.1196 0.32465 -0.010662 0.032981 -0.20452 0.056864 0.1135 0.82542 0.0017377 0.043264 0.20004 0.43209 0.24279
0.38929 0.21906 0.19808 0.24052 0.10681 -0.092279 -0.084927 -0.0021049 0.11506 0.40589 0.21055 0.20017 0.21802 0.080788 -0.1117 -0.086155 -0.032203 0.13467 0.18 0.37903 0.449 -0.016201 0.049703 -0.011158 0.20644 0.42876 -0.15295 -0.096755 0.42627 0.023425 -0.31082 0.078388 -0.055456 0.27889 0.66386 0.16415 0.55736 0.11665 0.31072 0.37492 0.45386 0.080801 -0.043374 0.67992 0.49579 0.47405 0.078115 0 -0.10297 -0.064194 0.26333 0.5541 0.20078 0.37861 0.4099 -0.032429 0.0068819 -0.062775 0.27645 0.29016 -0.1536 -0.088548 0.34178 -0.00080982 -0.28074 0.084114 -0.066081 0.23827 0.63866 0.24434 0.52957 0.11969 0.23005 0.35633 0.41132 0.11743 -0.016216 0.53246 0.42233 0.36447 0.053589 0.79455 -0.088988 -0.096734 0.19511 0.49351
-0.10477 -0.053134 -0.057921 -0.079291 -0.03197 0.058858 0.060138 -0.0070999 -0.032348 -0.037893 -0.088423 -0.092092 -0.091437 -0.044029 0.041635 0.046029 -0.010882 -0.032009 0.14082 -0.14592 0.021965 -0.030388 0.02837 0.069336 0.15878 0.020602 0.11397 0.014512 -0.050152 -0.019404 0.25057 0.31642 0.04246 -0.076911 -0.04549 0.17109 0.039019 -0.0579 -0.012029 -0.095404 -0.050586 0.10586 0.026718 -0.15064 0.096092 -0.071048 0.087253 -0.10297 0 0.096389 -0.077194 -0.13044 0.029924 -0.15678 -0.097973 -0.029605 0.0023286 0.056622 0.00099627 0.013002 0.05204 0.026219 -0.10423 -0.016444 0.13927 0.21677 0.023719 -0.05639 -0.17062 0.060639 -0.10262 -0.062169 0.0055816 -0.17718 -0.081346 -0.0019293 -0.029707 -0.25601 -0.017862 -0.055111 0.068968 -0.19492 0.23027 0.084153 -0.042817 -0.15683
-0.062365 -0.052445 -0.052033 -0.01886 -0.019633 0.13982 0.12244 0.0024691 -0.015723 -0.0079703 -0.072515 -0.070891 -0.038667 -0.0078145 0.11775 0.10094 -0.013788 0.027128 0.15266 -0.041558 0.0020274 0.02203 0.089527 0.14688 0.10337 0.10988 0.043263 0.047768 0.034658 0.021883 0.17411 0.26356 0.086208 -0.015757 0.012451 0.097635 0.040201 -0.011694 0.042001 -0.058629 0.015548 0.035954 0.027267 -0.10499 0.047341 -0.017374 0.22409 -0.064194 0.096389 0 0.030972 0.023524 0.082359 -0.064783 -0.067313 0.011091 0.029954 0.1206 0.0071866 0.084172 0.027319 0.041627 -0.038429 0.034857 0.12053 0.19158 0.061945 -0.013431 -0.037753 0.020822 -0.013417 -0.029763 0.028023 -0.091769 -0.0046738 0.0047699 -0.00055973 -0.15051 0.015779 -0.019938 0.18554 -0.097708 0.10001 0.1485 0.01305 0.0018755
0.038933 0.15251 0.061701 0.10679 0.054988 0.10919 0.013906 0.037705 0.11056 0.035643 0.16528 0.057217 0.096231 0.061711 0.079267 0.017394 0.036143 0.14471 0.13061 0.27552 -0.018815 0.19311 0.043685 0.11635 -0.016776 -0.0048922 0.10162 0.10545 0.12349 0.26054 0.020434 -0.10177 0.093856 0.36106 0.11654 -0.087253 0.014373 0.30309 0.46638 0.17468 0.41306 0.10452 0.15063 0.079352 0.19248 0.18668 0.54212 0.26333 -0.077194 0.030972 0 0.47452 0.21463 0.28101 0.004355 0.18786 0.025563 0.12365 -0.0052067 -0.010409 0.089957 0.09508 0.12364 0.23243 0.049485 -0.077375 0.10604 0.35021 0.17609 -0.086052 0.088195 0.27337 0.42636 0.21884 0.39954 0.14865 0.15588 0.074482 0.19847 0.16904 0.51988 0.32779 -0.049046 -0.0067929 0.60834 0.43253
0.22594 0.26308 0.17635 0.32875 0.13755 0.075648 0.02301 0.079887 0.17317 0.23318 0.25311 0.18056 0.29884 0.11085 0.068411 0.029169 0.05485 0.17687 0.090651 0.54948 -0.03634 0.21765 0.090609 0.13321 -0.10424 0.10458 -0.038103 0.087723 0.32889 0.25473 -0.076185 -0.21477 0.051814 0.46909 0.35096 -0.13481 0.20655 0.3332 0.57351 0.32383 0.61811 0.038859 0.17157 0.26063 0.33099 0.37353 0.30375 0.5541 -0.13044 0.023524 0.47452 0 0.18244 0.51974 -0.010644 0.20816 0.04195 0.099571 -0.075809 0.077017 -0.0090695 0.094307 0.29675 0.22638 -0.057218 -0.18509 0.057821 0.44357 0.45581 -0.10775 0.31277 0.33056 0.49954 0.37675 0.59176 0.12491 0.1843 0.2289 0.32228 0.32462 0.27197 0.61514 -0.14222 -0.032486 0.37439 0.74326
-0.019836 -0.11266 -0.028489 -0.013921 -0.0075535 0.036584 0.092946 -0.016322 -0.024458 -0.13041 -0.12729 -0.018133 0.011 -0.014088 0.03934 0.10314 -0.0070321 -0.0046165 0.61587 0.047864 0.031342 0.10827 0.017764 0.29949 0.058705 0.15774 -0.13941 0.17376 0.081467 0.11337 -0.033572 0.21733 0.037343 0.035733 0.25234 -0.031586 0.27281 0.017192 0.039918 -0.061822 0.13868 -0.03395 -0.076254 -0.0028026 0.01647 0.11711 0.57105 0.20078 0.029924 0.082359 0.21463 0.18244 0 0.05636 0.1519 0.11465 0.032697 0.32239 0.16041 0.22736 -0.12707 0.1372 0.12304 0.12157 -0.016195 0.39612 0.046907 0.042424 0.39676 0.15232 0.44934 -0.020297 0.087976 -0.032851 0.2066 0.042108 -0.018077 0.059246 0.23308 0.11938 0.68897 0.19576 0.054377 0.15045 0.18639 0.17117
