0 0.33307 0.25611 0.27582 0.08088 -0.040366 -0.10771 0.062785 0.20588 0.71429 0.42279 0.35055 0.29466 0.11538 -0.024467 -0.11044 0.043031 0.26528 -0.20504 0.23826 0.017006 -0.021449 0.011844 -0.092831 0.0076248 0.11252 0.067518 -0.012801 0.18143 0.0028199 -0.1843 -0.16748 -0.0083186 0.092707 0.063954 -0.090534 -0.01422 0.12184 0.025528 0.35668 0.041698 0.1497 0.081012 0.34531 -0.017177 0.15979 -0.1942 0.32827 -0.11659 -0.085174 0.043749 0.22092 -0.043355 0.2881 0.42561 -0.018816 0.034563 -0.10129 0.36149 0.24767 0.18024 -0.031069 0.32413 -0.031531 -0.052616 0.11209 0.012704 0.10969 0.40359 0.19687 0.31887 0.13932 0.034013 0.44974 0.15392 0.31156 0.17171 0.60786 0.40214 0.19527 -0.13264 0.52989 0.0020793 -0.097044 0.052272 0.27971
0.33307 0 0.24663 0.27079 0.10893 0.010502 -0.083007 0.071732 0.22655 0.35741 0.50183 0.26025 0.25276 0.10029 -0.008638 -0.10142 0.058893 0.21105 -0.12498 0.27417 0.034646 0.090644 0.01902 -0.064135 0.044844 0.042888 0.14231 0.065229 0.14855 0.13202 -0.030464 -0.11471 0.014086 0.1625 0.10295 -0.077427 0.0015971 0.23304 0.1347 0.33868 0.10982 0.1917 0.16644 0.20538 0.16054 0.11527 -0.10588 0.21723 -0.044727 -0.062915 0.1859 0.28894 -0.13322 0.26487 0.03781 0.086626 0.015999 -0.089158 0.034493 -0.013169 0.12772 0.056895 0.12495 0.088042 -0.014516 -0.10764 -0.019772 0.098737 0.14052 -0.051257 0.055957 0.26706 0.089425 0.31661 0.082544 0.18021 0.15327 0.15708 0.14171 0.051829 -0.11918 0.20088 -0.050974 -0.075805 0.16342 0.26545
0.25611 0.24663 0 0.39076 0.09899 0.026147 -0.016619 0.14476 0.14583 0.28597 0.26094 0.58008 0.37324 0.070617 0.023092 -0.037457 0.11405 0.14582 -0.03368 0.20341 0.11528 -0.010697 0.000778 -0.060796 0.011338 0.046209 0.072612 -0.01511 0.19851 0.011105 -0.00877 -0.078769 -0.025779 0.036396 0.23276 -0.012307 0.14563 0.077812 -0.00094012 0.19021 0.072656 0.075567 0.16518 0.2547 0.19373 0.040159 -0.066266 0.16911 -0.048812 -0.057668 0.069439 0.18371 -0.035465 0.16441 0.089271 -0.025108 0.03207 -0.080801 -0.0015206 0.016018 0.048442 -0.00505 0.15168 -0.023088 -0.0091006 -0.093036 -0.020014 0.013576 0.18216 -0.038791 0.13044 0.087452 -0.018673 0.17714 0.072247 0.056607 0.11466 0.15129 0.1332 -0.0084375 -0.062833 0.1569 -0.065188 -0.058129 0.07994 0.17032
0.27582 0.27079 0.39076 0 0.18844 0.0026981 -0.004438 0.10082 0.14049 0.26113 0.27372 0.37432 0.64416 0.12476 -0.0035877 -0.018669 0.09265 0.14286 -0.060216 0.29369 -0.039586 0.010917 0.0019897 -0.043151 -0.12147 0.0077045 -0.0043478 0.0067934 0.13778 0.023897 -0.039945 -0.16946 -0.031865 0.18213 0.16796 -0.1006 0.05953 0.10142 0.1822 0.19423 0.27857 0.01431 0.11221 0.14807 0.15295 0.09102 -0.0081935 0.23893 -0.070999 -0.026655 0.13671 0.34661 -0.014836 0.27519 0.0029736 0.011993 0.012884 -0.062871 -0.079867 -0.025229 -0.0024885 0.016215 0.13701 0.0029358 -0.039989 -0.14789 -0.0035174 0.14057 0.2539 -0.074989 0.14676 0.12297 0.12047 0.23447 0.25557 0.04718 0.1172 0.15931 0.16728 0.068806 -0.025265 0.29001 -0.068521 -0.061028 0.12646 0.34082
0.08088 0.10893 0.09899 0.18844 0 -0.010267 -0.019008 0.018794 0.054073 0.094086 0.10003 0.10701 0.15774 0.04588 -0.012441 -0.035528 0.017298 0.057432 -0.027195 0.1054 -0.0074938 -0.0024266 0.0081362 -0.024726 -0.032303 -0.0031128 -0.010081 -0.018073 0.06903 -0.0027962 -0.031101 -0.045782 -0.014384 0.021088 0.064416 -0.0033745 0.046047 0.045164 0.069161 0.087456 0.082287 0.003958 0.050603 0.068496 0.059363 0.0056557 0.003531 0.10298 -0.032024 -0.025324 0.060844 0.13976 -0.013261 0.11257 -0.022495 -0.0063365 -0.011873 -0.042547 -0.047541 -0.015834 -0.013618 -0.008111 0.059022 -0.012045 -0.028505 -0.053025 -0.023029 0.018212 0.083108 -0.01472 0.06133 0.046632 0.050791 0.077512 0.071956 -0.0077153 0.023636 0.038609 0.044703 -0.013588 -0.011259 0.099278 -0.040876 -0.025845 0.041125 0.12646
-0.040366 0.010502 0.026147 0.0026981 -0.010267 0 0.18371 0.01768 0.08839 0.048489 -0.0084883 0.011439 -0.0097005 -0.020581 0.44749 0.18195 0.03949 0.068114 0.081033 0.038692 0.14571 0.09511 0.13747 0.23323 0.25166 0.13805 0.34804 0.13152 0.073765 0.1176 0.31253 0.22301 0.28246 0.085618 -0.038659 0.027556 -0.020088 0.07882 0.10455 0.096328 0.066085 0.27116 0.22935 -0.019631 0.1771 0.082668 0.22148 -0.079287 0.055891 0.1525 0.10907 0.073 0.024395 0.015947 -0.024741 0.071657 0.086485 0.21531 0.11143 0.086867 0.29485 0.13354 -0.0025004 0.10062 0.28521 0.12078 0.23941 0.080176 -0.14762 -0.073546 -0.11652 0.053387 0.10987 0.021235 0.060257 0.21198 0.14282 -0.12594 0.03466 0.044735 0.18457 -0.12128 0.034875 0.12826 0.090584 0.038043
-0.10771 -0.083007 -0.016619 -0.004438 -0.019008 0.18371 0 -0.0088614 -0.0030454 -0.0448 -0.10274 -0.041131 -0.024824 -0.02479 0.1854 0.26236 -0.0095324 -0.025766 0.16611 -0.037318 0.057518 0.021679 0.079032 0.18763 0.072198 0.1358 0.0094511 0.071412 0.015976 0.034345 0.17459 0.17756 0.075109 0.03506 0.022586 0.074616 0.077347 -0.015149 0.065071 -0.11719 0.080763 -0.027634 0.0059551 -0.13113 0.066359 0.028453 0.2414 -0.059785 0.04515 0.13422 0.014202 0.033945 0.09829 -0.052593 -0.073766 0.011635 0.028684 0.16415 -0.036129 0.074867 -0.023237 0.058715 -0.030929 0.029667 0.097764 0.087661 0.058988 0.036472 -0.064771 -0.026219 -0.033063 -0.035562 0.070532 -0.14078 0.079886 -0.053582 -0.025856 -0.19727 -0.031452 0.032394 0.19378 -0.12235 0.016493 0.1119 0.00076181 -0.0048246
0.062785 0.071732 0.14476 0.10082 0.018794 0.01768 -0.0088614 0 0.052126 0.044176 0.074434 0.12927 0.099611 0.012107 0.029214 9.1535e-05 0.1061 0.062034 -0.03275 0.088565 -0.060249 0.016917 -0.0013415 -0.013056 -0.046348 -0.024005 0.052013 0.015962 0.021871 0.008156 0.06122 -0.059188 0.021765 0.047102 -0.030173 -0.082481 -0.073063 0.043087 0.021135 0.068735 0.013116 0.046176 0.11344 -0.0051303 0.0069837 0.0043661 0.0094709 -0.0010579 -0.0047396 -0.0028538 0.048809 0.084614 -0.023742 0.075266 -0.038586 0.021166 -0.0064996 -0.0054596 -0.021986 0.0029291 0.070468 0.030721 0.024923 0.0016943 0.058474 -0.044535 0.0070235 0.042662 -0.003194 -0.081868 -0.019043 0.050534 0.012903 0.078467 0.030451 0.055259 0.098861 0.017042 0.026521 0.0071057 0.013889 0.051941 -0.017313 -0.0052253 0.055669 0.086665
0.20588 0.22655 0.14583 0.14049 0.054073 0.08839 -0.0030454 0.052126 0 0.2265 0.23191 0.12817 0.13196 0.051181 0.072891 -0.020814 0.046386 0.19615 -0.05023 0.16991 0.0049248 0.064868 0.016787 0.00092116 0.02335 0.0066417 0.12985 0.012531 0.078892 0.097144 0.020758 -0.053979 0.064691 0.11678 0.036458 -0.058659 -0.011562 0.17175 0.09036 0.1915 0.063058 0.14917 0.13843 0.095743 0.077392 0.044467 0.0048733 0.10545 -0.032378 -0.020198 0.1312 0.18587 -0.038882 0.17165 0.034532 0.05693 0.028273 -0.017293 0.04446 0.014458 0.14366 0.0054398 0.091974 0.084488 0.058664 -0.021914 0.036975 0.067012 0.075545 -0.039915 0.035776 0.1777 0.073659 0.1807 0.056169 0.16707 0.13675 0.091273 0.11076 0.010426 0.0019803 0.13803 -0.040082 -0.0082949 0.12609 0.17532
0.71429 0.35741 0.28597 0.26113 0.094086 0.048489 -0.0448 0.044176 0.2265 0 0.32201 0.27127 0.21841 0.10185 0.044044 -0.058744 0.032587 0.22955 -0.091349 0.23154 0.27383 0.0026499 0.044596 -0.10098 0.21979 0.23187 0.15963 -0.1012 0.21222 0.0060417 -0.0034383 0.055201 0.044994 0.17489 0.22136 0.09083 0.18845 0.12841 0.23461 0.30971 0.24507 0.2424 0.10242 0.46537 0.28777 0.23908 -0.13126 0.36136 -0.014176 -0.011219 0.043745 0.21345 -0.15786 0.16757 0.11631 -0.009566 0.02193 -0.12236 0.088357 0.10171 0.10584 -0.072555 0.089669 -0.010571 -0.015106 0.00084827 0.019362 0.10625 0.10964 0.010039 0.03452 0.14637 0.1248 0.25172 0.12497 0.15276 0.062913 0.20118 0.075626 0.064334 -0.11161 0.28542 -0.031576 -0.058016 0.055466 0.17266
0.42279 0.50183 0.26094 0.27372 0.10003 -0.0084883 -0.10274 0.074434 0.23191 0.32201 0 0.31798 0.30022 0.11044 -0.017934 -0.11296 0.09281 0.25088 -0.20661 0.29963 -0.040128 0.069033 0.012817 -0.083529 -0.015302 -0.028497 0.13775 0.051598 0.12574 0.1119 -0.072015 -0.20644 0.0080707 0.11522 0.014646 -0.15386 -0.075341 0.23559 0.061464 0.34489 0.055581 0.18911 0.18362 0.1802 0.059275 0.078727 -0.15636 0.20808 -0.083745 -0.085762 0.18135 0.2839 -0.14674 0.31534 0.13625 0.079563 0.0083476 -0.10879 0.12568 -0.0026386 0.18664 0.026463 0.1888 0.071513 -0.013356 -0.078621 0.0027298 0.11782 0.2323 -0.014092 0.1503 0.27027 0.051165 0.39928 0.10055 0.25943 0.20408 0.29448 0.25403 0.065565 -0.13583 0.30006 -0.039409 -0.10624 0.17657 0.30901
0.35055 0.26025 0.58008 0.37432 0.10701 0.011439 -0.041131 0.12927 0.12817 0.27127 0.31798 0 0.39579 0.08882 0.015381 -0.03685 0.143 0.148 -0.083065 0.2088 0.044937 -0.029999 -0.016948 -0.071937 -0.033636 0.017219 0.065952 -0.0041688 0.18726 -0.0024063 -0.058301 -0.15544 -0.032883 0.020426 0.19067 -0.054135 0.10751 0.081597 0.00084946 0.21462 0.059829 0.046743 0.16064 0.22276 0.095834 0.057675 -0.090498 0.17002 -0.089433 -0.08191 0.067565 0.19125 -0.030086 0.2323 0.16787 -0.051867 0.021843 -0.090264 0.057844 0.049066 0.069228 -0.020488 0.23189 -0.033243 -0.012188 -0.070088 0.0017596 0.026693 0.27174 0.040454 0.2262 0.092647 -0.046939 0.24794 0.068979 0.097449 0.17717 0.26891 0.21185 0.018171 -0.083105 0.22686 -0.063022 -0.06271 0.058924 0.21472
0.29466 0.25276 0.37324 0.64416 0.15774 -0.0097005 -0.024824 0.099611 0.13196 0.21841 0.30022 0.39579 0 0.14368 -0.0050127 -0.0087815 0.11652 0.15252 -0.065911 0.26248 -0.053331 0.0063549 0.0075933 -0.044313 -0.1284 -0.0066306 -0.024345 0.029281 0.13196 0.017588 -0.081902 -0.18107 -0.037954 0.15566 0.13788 -0.11564 0.039057 0.10219 0.11333 0.19947 0.21735 -0.0069089 0.096339 0.12221 0.1063 0.076025 -0.032372 0.21631 -0.08913 -0.051423 0.12585 0.31511 0.0091747 0.28171 0.019551 -0.00079604 0.015573 -0.042646 -0.065414 0.022692 -0.015719 0.02734 0.17758 -0.0031776 -0.052379 -0.13132 -0.016265 0.14757 0.28792 -0.050314 0.18508 0.11973 0.11831 0.23736 0.28033 0.046823 0.11743 0.18221 0.18275 0.074269 0.0012654 0.30768 -0.086599 -0.050214 0.12414 0.37119
0.11538 0.10029 0.070617 0.12476 0.04588 -0.020581 -0.02479 0.012107 0.051181 0.10185 0.11044 0.08882 0.14368 0 -0.010963 -0.032381 0.007048 0.088072 -0.031091 0.12893 -0.044659 0.0096251 0.008614 -0.029676 -0.037798 -0.027295 0.011796 -0.016321 0.031254 0.017223 -0.035235 -0.06457 -0.005165 0.054649 0.015946 -0.05226 -0.014832 0.058795 0.062663 0.08472 0.063348 0.035782 0.05211 0.038425 0.042663 0.011275 -0.011373 0.078794 -0.043737 -0.017948 0.078589 0.12143 -0.018942 0.10316 -0.00033278 0.012809 0.002019 -0.028938 -0.011494 -0.016109 0.020425 -0.018894 0.030097 0.018684 -0.014052 -0.040777 -0.0091933 0.063513 0.072799 -0.039085 0.05202 0.071355 0.063991 0.08807 0.079505 0.046568 0.066971 0.062254 0.09037 -0.0011547 -0.010551 0.11613 -0.025941 -0.029784 0.065276 0.13387
-0.024467 -0.008638 0.023092 -0.0035877 -0.012441 0.44749 0.1854 0.029214 0.072891 0.044044 -0.017934 0.015381 -0.0050127 -0.010963 0 0.22633 0.03588 0.06841 0.06729 0.033402 0.13247 0.082569 0.11248 0.23799 0.23161 0.13823 0.32395 0.1217 0.075698 0.099551 0.31409 0.18384 0.27613 0.090148 -0.04202 -0.0056513 -0.045609 0.060576 0.084852 0.077203 0.064742 0.25759 0.23337 -0.035297 0.15703 0.076831 0.21378 -0.090601 0.035355 0.13099 0.089635 0.071128 0.035319 0.03334 0.032127 0.067152 0.10635 0.22561 0.14898 0.12649 0.30897 0.10863 0.038627 0.088904 0.27369 0.14531 0.28348 0.080618 -0.11528 -0.069557 -0.090177 0.047344 0.11212 0.049453 0.058294 0.23787 0.16582 -0.090939 0.063638 0.064538 0.20443 -0.096813 0.015732 0.14427 0.087321 0.069353
-0.11044 -0.10142 -0.037457 -0.018669 -0.035528 0.18195 0.26236 9.1535e-05 -0.020814 -0.058744 -0.11296 -0.03685 -0.0087815 -0.032381 0.22633 0 0.015189 -0.0050305 0.12898 -0.038165 0.054161 0.018841 0.078929 0.17773 0.056418 0.12958 -0.0028085 0.029203 0.011095 0.019609 0.14362 0.13603 0.096189 0.036006 0.0049037 0.041302 0.049703 -0.061005 0.049347 -0.11013 0.081316 -0.020736 0.0068936 -0.11026 0.043838 0.034928 0.20745 -0.060111 0.040179 0.10823 0.010983 0.022729 0.10988 -0.046639 -0.024395 0.0047456 0.042116 0.18706 0.002095 0.12818 -0.017492 0.026045 -0.0092489 0.019442 0.10851 0.094564 0.10294 0.037471 -0.029692 -0.01504 0.0040437 -0.071432 0.067833 -0.13265 0.086962 -0.041946 -0.0289 -0.14536 -0.022261 0.041882 0.21178 -0.082766 0.021502 0.13606 -0.0027288 0.017995
0.043031 0.058893 0.11405 0.09265 0.017298 0.03949 -0.0095324 0.1061 0.046386 0.032587 0.09281 0.143 0.11652 0.007048 0.03588 0.015189 0 0.067829 -0.026623 0.086949 -0.057912 0.024808 0.0090231 -0.0099193 -0.028594 -0.041698 0.076359 0.028012 0.013105 0.024426 0.046963 -0.071743 0.0059905 0.027329 -0.029829 -0.082373 -0.067339 0.040009 0.0073047 0.059624 -0.0035741 0.065286 0.1212 -0.022233 0.013793 -0.0055806 0.011974 -0.036389 -0.013104 -0.015666 0.043396 0.058862 -0.017186 0.077204 -0.047395 0.022894 0.0010302 0.011349 -0.028753 -0.02301 0.06663 0.027133 0.016703 0.015075 0.045173 -0.043574 0.022064 0.029627 -0.018771 -0.10397 -0.037115 0.04284 -0.0010884 0.064101 0.0013842 0.059032 0.11436 0.0093641 0.010524 -0.0030336 0.019734 0.012406 -0.020492 -0.0014985 0.045818 0.063785
0.26528 0.21105 0.14582 0.14286 0.057432 0.068114 -0.025766 0.062034 0.19615 0.22955 0.25088 0.148 0.15252 0.088072 0.06841 -0.0050305 0.067829 0 -0.066 0.16776 0.025599 0.055621 0.042522 0.0071537 0.041362 0.02715 0.11828 0.012511 0.092096 0.092745 0.012605 -0.040767 0.069628 0.086211 0.021752 -0.058816 -0.0059622 0.16521 0.075771 0.18258 0.058428 0.14924 0.13518 0.10228 0.072652 0.052398 0.013451 0.12502 -0.041486 0.020131 0.17092 0.19054 -0.0096842 0.18579 0.087584 0.063557 0.023536 0.0032178 0.091469 0.037629 0.14398 0.013846 0.11581 0.082467 0.06189 0.0062962 0.057619 0.10555 0.11173 0.0014205 0.082152 0.18113 0.077322 0.19735 0.078883 0.18453 0.13992 0.13897 0.14719 0.047475 0.026106 0.16308 -0.0058101 -0.00068121 0.13727 0.21422
-0.20504 -0.12498 -0.03368 -0.060216 -0.027195 0.081033 0.16611 -0.03275 -0.05023 -0.091349 -0.20661 -0.083065 -0.065911 -0.031091 0.06729 0.12898 -0.026623 -0.066 0 -0.047532 0.2422 0.037453 0.040007 0.27253 0.19102 0.27381 -0.15875 0.078158 0.077458 0.063206 0.042163 0.57461 -0.0021665 -0.0035163 0.49808 0.22584 0.56665 -0.05424 0.084791 -0.12325 0.17286 -0.071207 -0.13848 -0.0074275 0.18037 0.067571 0.74283 0.19438 0.11551 0.16396 0.14904 0.11959 0.67438 -0.073855 0.0089211 0.018145 0.022101 0.22698 0.016128 0.18743 -0.19845 0.082828 0.0049465 0.058883 -0.048063 0.32129 0.021488 0.01528 0.18326 0.15734 0.23681 -0.083369 0.13596 -0.18072 0.12296 -0.15052 -0.12875 -0.12848 -0.0026574 0.04526 0.63135 0.026861 0.057887 0.16805 0.15739 0.079339
0.23826 0.27417 0.20341 0.29369 0.1054 0.038692 -0.037318 0.088565 0.16991 0.23154 0.29963 0.2088 0.26248 0.12893 0.033402 -0.038165 0.086949 0.16776 -0.047532 0 -0.11512 0.15725 0.050392 0.00576 -0.14856 -0.026331 0.0059194 0.017627 0.21199 0.17751 -0.10821 -0.28407 0.0031042 0.38469 0.18894 -0.24277 0.0066197 0.26188 0.32758 0.43014 0.38885 0.091341 0.28823 0.2601 0.33212 0.25661 0.069557 0.39051 -0.12648 -0.051231 0.307 0.57629 0.026914 0.60553 -0.10948 0.16971 0.0072647 -0.0061044 -0.13362 -0.0059595 0.041216 0.027091 0.17741 0.15338 -0.055371 -0.25364 0.018524 0.35229 0.30104 -0.25037 0.11033 0.26021 0.28568 0.45003 0.3758 0.15543 0.28329 0.22979 0.29803 0.20105 0.064098 0.45497 -0.15071 -0.088089 0.24641 0.55844
0.017006 0.034646 0.11528 -0.039586 -0.0074938 0.14571 0.057518 -0.060249 0.0049248 0.27383 -0.040128 0.044937 -0.053331 -0.044659 0.13247 0.054161 -0.057912 0.025599 0.2422 -0.11512 0 -0.14382 0.070599 0.18374 0.73622 0.58497 0.20647 -0.098455 0.29769 -0.099138 0.13526 0.52108 0.1726 -0.09617 0.58985 0.46839 0.57681 -0.12346 -0.028045 0.106 0.13245 0.30988 -0.026993 0.71406 0.45787 0.38857 0.051005 0.41904 0.036595 0.0061291 -0.036835 -0.055499 0.026141 -0.13012 0.64254 -0.20276 0.065014 0.096914 0.50136 0.29598 0.066974 -0.070682 0.092285 -0.10272 0.062121 0.31256 0.12638 -0.088819 0.21675 0.32195 0.22182 -0.12823 -0.010285 -0.041984 0.036985 0.14716 -0.11557 0.23687 0.074031 0.15839 0.042978 0.032656 0.058993 0.024324 -0.016816 -0.11731
-0.021449 0.090644 -0.010697 0.010917 -0.0024266 0.09511 0.021679 0.016917 0.064868 0.0026499 0.069033 -0.029999 0.0063549 0.0096251 0.082569 0.018841 0.024808 0.055621 0.037453 0.15725 -0.14382 0 0.017968 0.35036 0.04591 -0.14312 0.13519 0.26238 0.021133 0.93872 0.0024398 -0.15446 0.16389 0.35127 -0.10067 -0.20112 -0.15505 0.89992 0.29567 0.068138 0.25425 0.28299 0.065347 -0.056121 0.061651 0.65983 0.16844 -0.0014418 -0.037969 0.015749 0.19237 0.20874 0.059741 0.15487 -0.24869 0.98066 -0.0020149 0.39832 -0.053028 -0.075566 0.17874 0.30402 -0.023878 0.93188 -0.016809 -0.19738 0.18121 0.31399 -0.12118 -0.26047 -0.18583 0.86336 0.34572 0.071958 0.27803 0.34425 0.074842 -0.10406 -0.022505 0.60023 0.14081 0.037894 -0.074967 0.0088039 0.15195 0.18643
0.011844 0.01902 0.000778 0.0019897 0.0081362 0.13747 0.079032 -0.0013415 0.016787 0.044596 0.012817 -0.016948 0.0075933 0.008614 0.11248 0.078929 0.0090231 0.042522 0.040007 0.050392 0.070599 0.017968 0 0.16779 0.11246 0.1484 0.063271 0.035451 0.091866 0.039109 0.094201 0.1087 0.10206 0.033101 0.063019 0.035717 0.069587 0.020156 0.046377 0.044217 0.054053 0.047779 0.062792 0.035643 0.066371 0.09167 0.10438 0.058451 0.030635 0.1057 0.047451 0.096476 0.017661 0.022507 0.03147 0.0057853 0.054491 0.1376 0.071827 0.11758 0.061764 0.022744 0.054068 0.036928 0.084436 0.067207 0.084039 0.0092114 0.042771 0.0069762 0.038848 0.01304 0.040968 0.031464 0.044179 0.061942 0.030047 -0.012705 0.035911 0.073223 0.075298 0.031566 0.016042 0.047676 0.02172 0.085945
-0.092831 -0.064135 -0.060796 -0.043151 -0.024726 0.23323 0.18763 -0.013056 0.00092116 -0.10098 -0.083529 -0.071937 -0.044313 -0.029676 0.23799 0.17773 -0.0099193 0.0071537 0.27253 0.00576 0.18374 0.35036 0.16779 0 0.32338 0.36912 0.087038 0.58606 0.088065 0.53454 0.18892 0.21857 0.33832 0.10021 0.10951 0.037973 0.089281 0.30408 0.09692 -0.066775 0.13783 0.10545 0.034785 -0.063275 0.07558 0.52479 0.34129 -0.015339 0.071665 0.1594 0.10222 0.11338 0.24511 0.021448 0.021535 0.32057 0.11138 0.83445 0.19381 0.37312 0.090196 0.54095 0.056414 0.52751 0.14654 0.18438 0.35861 0.098113 0.074645 -0.045538 0.10566 0.23196 0.14645 -0.063088 0.17864 0.15875 0.025054 -0.11648 0.011847 0.52758 0.26797 -0.019479 0.033461 0.14343 0.074155 0.073358
0.0076248 0.044844 0.011338 -0.12147 -0.032303 0.25166 0.072198 -0.046348 0.02335 0.21979 -0.015302 -0.033636 -0.1284 -0.037798 0.23161 0.056418 -0.028594 0.041362 0.19102 -0.14856 0.73622 0.04591 0.11246 0.32338 0 0.54369 0.5813 0.017948 0.17965 0.076095 0.35456 0.68082 0.41996 -0.06433 0.23396 0.37984 0.25486 -0.0095303 -0.090485 0.21946 -0.14384 0.73583 0.14756 0.50918 0.39419 0.34713 0.065739 0.14721 0.18134 0.11353 -0.034097 -0.13425 0.028907 -0.16718 0.46302 -0.042502 0.073118 0.23024 0.74772 0.3064 0.46025 0.021016 0.01625 0.059943 0.29504 0.55117 0.33449 -0.075865 -0.047681 0.2062 0.032862 -0.031572 -0.079939 0.042409 -0.16332 0.54634 0.041682 0.10022 0.12218 0.1402 0.044304 -0.09391 0.19617 0.14643 -0.011555 -0.17901
0.11252 0.042888 0.046209 0.0077045 -0.0031128 0.13805 0.1358 -0.024005 0.0066417 0.23187 -0.028497 0.017219 -0.0066306 -0.027295 0.13823 0.12958 -0.041698 0.02715 0.27381 -0.026331 0.58497 -0.14312 0.1484 0.36912 0.54369 0 0.015966 0.07438 0.25438 -0.087626 0.10291 0.47192 0.11823 -0.038103 0.44132 0.38362 0.4725 -0.13292 0.017661 0.029895 0.13783 -0.00067131 -0.066589 0.40165 0.23643 0.38755 0.16228 0.41484 0.040406 0.12269 -0.017929 0.083744 0.12208 -0.034284 0.33777 -0.17135 0.093597 0.27032 0.33448 0.57912 -0.080765 0.036245 0.12942 -0.086463 0.018284 0.32642 0.060755 -0.053607 0.22878 0.23378 0.30521 -0.1488 -0.0032391 -0.023684 0.056399 -0.034038 -0.10325 0.10491 0.022458 0.26302 0.12058 0.16347 0.051858 0.093284 -0.0097018 0.021664
0.067518 0.14231 0.072612 -0.0043478 -0.010081 0.34804 0.0094511 0.052013 0.12985 0.15963 0.13775 0.065952 -0.024345 0.011796 0.32395 -0.0028085 0.076359 0.11828 -0.15875 0.0059194 0.20647 0.13519 0.063271 0.087038 0.5813 0.015966 0 -0.003649 0.045643 0.12454 0.52393 0.25745 0.41537 0.070359 -0.22656 -0.011562 -0.23586 0.1538 0.022228 0.43744 -0.15899 0.83906 0.4826 0.089893 0.26907 -0.0039503 -0.01662 -0.18182 0.14507 0.056361 0.10626 -0.048489 -0.16066 -0.0085891 0.025563 0.083013 0.056578 0.064907 0.33824 -0.059789 0.78484 0.028279 -0.048392 0.10798 0.47865 0.21379 0.32296 0.039989 -0.35474 -0.13585 -0.29611 0.17001 0.038556 0.27416 -0.14707 0.72025 0.33476 -0.090218 0.12439 -0.11878 0.0032708 -0.22227 0.093605 0.066527 0.088387 -0.073555
-0.012801 0.065229 -0.01511 0.0067934 -0.018073 0.13152 0.071412 0.015962 0.012531 -0.1012 0.051598 -0.0041688 0.029281 -0.016321 0.1217 0.029203 0.028012 0.012511 0.078158 0.017627 -0.098455 0.26238 0.035451 0.58606 0.017948 0.07438 -0.003649 0 0.032085 0.46239 0.09118 -0.0090349 0.053328 0.064887 -0.023984 -0.020127 -0.0034795 0.33652 0.031297 -0.0019174 0.073862 -0.073536 0.055141 -0.15762 -0.059526 0.32165 0.17494 -0.14081 0.0080078 0.054032 0.11389 0.098572 0.1507 0.057653 -0.10198 0.28225 0.028839 0.61461 -0.012984 0.17947 0.0012711 0.96569 0.065604 0.38898 0.054441 0.020898 0.098009 0.05908 0.079469 -0.037181 0.080312 0.32614 0.12399 0.015158 0.15972 -0.018131 0.050399 -0.1194 -0.033478 0.39539 0.14129 0.010127 0.023068 0.044096 0.091637 0.10999
0.18143 0.14855 0.19851 0.13778 0.06903 0.073765 0.015976 0.021871 0.078892 0.21222 0.12574 0.18726 0.13196 0.031254 0.075698 0.011095 0.013105 0.092096 0.077458 0.21199 0.29769 0.021133 0.091866 0.088065 0.17965 0.25438 0.045643 0.032085 0 0.036045 0.050123 0.083639 0.054124 0.051344 0.44667 0.3028 0.48396 0.083263 0.017589 0.264 0.10619 0.093199 0.19962 0.46857 0.30406 0.17452 0.074827 0.39059 -0.041358 0.040305 0.1384 0.32584 0.077053 0.19943 0.21426 0.0031241 0.051877 0.053039 0.13212 0.15475 -0.014357 0.030694 0.3915 0.025067 0.037928 0.056471 0.014868 0.022878 0.36114 0.23101 0.42628 0.078033 0.023335 0.19124 0.079224 0.060223 0.15458 0.26452 0.20592 0.064239 0.067305 0.26195 0.0018763 -0.013982 0.12357 0.30589
0.0028199 0.13202 0.011105 0.023897 -0.0027962 0.1176 0.034345 0.008156 0.097144 0.0060417 0.1119 -0.0024063 0.017588 0.017223 0.099551 0.019609 0.024426 0.092745 0.063206 0.17751 -0.099138 0.93872 0.039109 0.53454 0.076095 -0.087626 0.12454 0.46239 0.036045 0 0.020638 -0.14161 0.222 0.34735 -0.066971 -0.18509 -0.096895 0.93497 0.31431 0.090319 0.24812 0.24133 0.075903 -0.06293 0.04108 0.67712 0.19609 0.025855 -0.020897 0.011392 0.2646 0.24671 0.066776 0.16247 -0.19424 0.93059 0.0095694 0.54911 -0.0071784 0.00083168 0.1737 0.49028 0.015759 0.94811 0.0016006 -0.15897 0.24337 0.30554 -0.047065 -0.22273 -0.093666 0.90252 0.36213 0.10088 0.28489 0.32577 0.079468 -0.091287 -0.013142 0.6437 0.16027 0.10767 -0.056559 -0.005069 0.21637 0.22466
-0.1843 -0.030464 -0.00877 -0.039945 -0.031101 0.31253 0.17459 0.06122 0.020758 -0.0034383 -0.072015 -0.058301 -0.081902 -0.035235 0.31409 0.14362 0.046963 0.012605 0.042163 -0.10821 0.13526 0.0024398 0.094201 0.18892 0.35456 0.10291 0.52393 0.09118 0.050123 0.020638 0 0.41137 0.29064 -0.00080401 -0.15814 0.12566 -0.075073 -0.011406 0.012732 -0.0090963 -0.073676 0.40971 0.39684 -0.22082 0.28124 -0.09849 0.18785 -0.30737 0.2823 0.18523 0.013394 -0.10276 -0.061089 -0.14473 -0.18938 -0.021454 0.037509 0.18025 0.055107 0.015636 0.38626 0.11891 -0.11636 0.010854 0.57181 0.23368 0.2272 -0.015419 -0.38682 -0.10871 -0.30211 -0.027586 0.033304 -0.1399 -0.091436 0.20273 0.20853 -0.4333 -0.027549 -0.13696 0.14476 -0.36986 0.19047 0.17419 0.012758 -0.14192
-0.16748 -0.11471 -0.078769 -0.16946 -0.045782 0.22301 0.17756 -0.059188 -0.053979 0.055201 -0.20644 -0.15544 -0.18107 -0.06457 0.18384 0.13603 -0.071743 -0.040767 0.57461 -0.28407 0.52108 -0.15446 0.1087 0.21857 0.68082 0.47192 0.25745 -0.0090349 0.083639 -0.14161 0.41137 0 0.16489 -0.20055 0.23181 0.62217 0.3922 -0.21175 -0.13325 -0.065166 -0.16229 0.30317 0.018383 0.044179 0.39338 -0.11202 0.35901 0.043678 0.33406 0.2891 -0.10754 -0.21978 0.22469 -0.30829 0.14957 -0.20676 0.078231 0.14873 0.32532 0.26766 0.087195 0.0049629 -0.07296 -0.13047 0.23906 0.75495 0.096672 -0.18764 -0.17986 0.37979 -0.043531 -0.23609 -0.10817 -0.23174 -0.2082 0.013679 -0.094868 -0.27002 0.024529 -0.16211 0.26142 -0.25933 0.29618 0.28311 -0.067955 -0.24665
-0.0083186 0.014086 -0.025779 -0.031865 -0.014384 0.28246 0.075109 0.021765 0.064691 0.044994 0.0080707 -0.032883 -0.037954 -0.005165 0.27613 0.096189 0.0059905 0.069628 -0.0021665 0.0031042 0.1726 0.16389 0.10206 0.33832 0.41996 0.11823 0.41537 0.053328 0.054124 0.222 0.29064 0.16489 0 0.10072 -0.055376 -0.026912 -0.069034 0.14623 0.048676 0.074073 -0.043998 0.46044 0.22074 0.04646 0.15239 0.13435 0.13712 -0.081478 0.060378 0.095543 0.082902 0.02123 0.019174 -0.008734 0.093098 0.1203 0.069708 0.28546 0.29326 0.094652 0.40412 0.055544 0.0020456 0.21056 0.29058 0.16868 0.44686 0.071769 -0.11984 -0.053531 -0.067548 0.11918 0.036399 0.034858 -0.037134 0.42669 0.15444 -0.037608 0.10099 0.068605 0.1287 -0.10681 0.06982 0.10256 0.056521 -0.015293
0.092707 0.1625 0.036396 0.18213 0.021088 0.085618 0.03506 0.047102 0.11678 0.17489 0.11522 0.020426 0.15566 0.054649 0.090148 0.036006 0.027329 0.086211 -0.0035163 0.38469 -0.09617 0.35127 0.033101 0.10021 -0.06433 -0.038103 0.070359 0.064887 0.051344 0.34735 -0.00080401 -0.20055 0.10072 0 0.099628 -0.2215 -0.024276 0.39919 0.57177 0.25748 0.62376 0.19084 0.094009 0.10484 0.3225 0.37414 0.18957 0.35036 -0.069241 -0.011237 0.36713 0.48587 0.02133 0.33976 -0.13916 0.32261 0.0042141 0.09084 -0.10596 -0.047624 0.089164 0.051484 0.015631 0.31909 -0.023714 -0.22785 0.13227 0.79962 0.14363 -0.24282 0.022711 0.37309 0.5065 0.31672 0.57672 0.24057 0.070944 0.074171 0.22361 0.29973 0.17143 0.3899 -0.099306 -0.029665 0.31042 0.45206
0.063954 0.10295 0.23276 0.16796 0.064416 -0.038659 0.022586 -0.030173 0.036458 0.22136 0.014646 0.19067 0.13788 0.015946 -0.04202 0.0049037 -0.029829 0.021752 0.49808 0.18894 0.58985 -0.10067 0.063019 0.10951 0.23396 0.44132 -0.22656 -0.023984 0.44667 -0.066971 -0.15814 0.23181 -0.055376 0.099628 0 0.39444 0.86067 -0.024613 0.072723 0.074018 0.35494 -0.10971 -0.11545 0.58234 0.51109 0.27086 0.25052 0.65231 -0.046681 0.0044556 0.11129 0.36857 0.26009 0.177 0.35231 -0.12125 0.0272 0.041222 0.10206 0.20113 -0.30007 -0.029437 0.29004 -0.069362 -0.2073 0.054485 -0.057591 0.083213 0.65946 0.26609 0.60891 -0.039918 0.083514 0.0030467 0.27571 -0.16814 -0.12459 0.22352 0.24192 0.15642 0.19707 0.40902 -0.039012 -0.033029 0.11457 0.31034
-0.090534 -0.077427 -0.012307 -0.1006 -0.0033745 0.027556 0.074616 -0.082481 -0.058659 0.09083 -0.15386 -0.054135 -0.11564 -0.05226 -0.0056513 0.041302 -0.082373 -0.058816 0.22584 -0.24277 0.46839 -0.20112 0.035717 0.037973 0.37984 0.38362 -0.011562 -0.020127 0.3028 -0.18509 0.12566 0.62217 -0.026912 -0.2215 0.39444 0 0.62973 -0.1803 -0.16817 -0.12387 -0.11868 -0.06056 -0.13895 0.18475 0.25657 -0.12156 0.011535 0.11773 0.16117 0.095949 -0.095213 -0.1505 -0.021488 -0.24695 0.17306 -0.2137 0.04283 -0.0022545 0.10798 0.16556 -0.17892 -0.022587 0.10883 -0.18324 0.011462 0.29758 -0.036869 -0.19629 0.042 0.56037 0.21934 -0.18991 -0.12967 -0.23514 -0.14771 -0.2763 -0.21745 -0.17427 -0.079861 -0.1747 -0.022152 -0.12894 0.1267 0.088733 -0.072517 -0.16136
-0.01422 0.0015971 0.14563 0.05953 0.046047 -0.020088 0.077347 -0.073063 -0.011562 0.18845 -0.075341 0.10751 0.039057 -0.014832 -0.045609 0.049703 -0.067339 -0.0059622 0.56665 0.0066197 0.57681 -0.15505 0.069587 0.089281 0.25486 0.4725 -0.23586 -0.0034795 0.48396 -0.096895 -0.075073 0.3922 -0.069034 -0.024276 0.86067 0.62973 0 -0.094161 -0.038203 -0.050444 0.22776 -0.22571 -0.20423 0.44798 0.3656 0.13657 0.24108 0.52111 0.037853 0.035377 0.0047097 0.19592 0.28614 -0.040254 0.29242 -0.16392 0.044982 0.020297 0.010556 0.22148 -0.34432 -0.0060791 0.27347 -0.10786 -0.16365 0.11687 -0.083349 -0.029373 0.48797 0.46328 0.59133 -0.10539 0.0036953 -0.14404 0.12234 -0.33447 -0.22393 0.063281 0.0097557 0.033486 0.17339 0.19033 -0.024446 0.00049335 0.034305 0.14796
0.12184 0.23304 0.077812 0.10142 0.045164 0.07882 -0.015149 0.043087 0.17175 0.12841 0.23559 0.081597 0.10219 0.058795 0.060576 -0.061005 0.040009 0.16521 -0.05424 0.26188 -0.12346 0.89992 0.020156 0.30408 -0.0095303 -0.13292 0.1538 0.33652 0.083263 0.93497 -0.011406 -0.21175 0.14623 0.39919 -0.024613 -0.1803 -0.094161 0 0.38752 0.20224 0.31685 0.27017 0.11362 -0.010751 0.076136 0.57603 0.093446 0.10206 -0.062193 -0.021683 0.3189 0.33381 -0.027008 0.26015 -0.17304 0.86952 0.003581 0.32758 -0.041822 -0.057318 0.20088 0.39534 0.071964 0.90132 -0.010039 -0.20713 0.1646 0.36034 0.0032991 -0.19011 -0.06447 0.9747 0.43142 0.22343 0.35835 0.33929 0.13134 -0.0047295 0.053454 0.53963 0.07113 0.22741 -0.06484 -0.056611 0.27814 0.32886
0.025528 0.1347 -0.00094012 0.1822 0.069161 0.10455 0.065071 0.021135 0.09036 0.23461 0.061464 0.00084946 0.11333 0.062663 0.084852 0.049347 0.0073047 0.075771 0.084791 0.32758 -0.028045 0.29567 0.046377 0.09692 -0.090485 0.017661 0.022228 0.031297 0.017589 0.31431 0.012732 -0.13325 0.048676 0.57177 0.072723 -0.16817 -0.038203 0.38752 0 0.091947 0.89748 0.075194 0.015001 0.038851 0.3134 0.42911 0.32099 0.44298 -0.021813 0.037355 0.49564 0.61549 0.040362 0.28697 -0.17995 0.26161 0.0053723 0.082246 -0.16697 -0.035679 0.0037666 0.010778 -0.030048 0.28152 -0.030667 -0.22421 0.067098 0.51586 0.056939 -0.24333 -0.10402 0.34476 0.90974 0.13836 0.80096 0.087081 -0.014468 -0.065388 0.1278 0.32225 0.26344 0.39316 -0.09624 -0.0092434 0.39371 0.51003
0.35668 0.33868 0.19021 0.19423 0.087456 0.096328 -0.11719 0.068735 0.1915 0.30971 0.34489 0.21462 0.19947 0.08472 0.077203 -0.11013 0.059624 0.18258 -0.12325 0.43014 0.106 0.068138 0.044217 -0.066775 0.21946 0.029895 0.43744 -0.0019174 0.264 0.090319 -0.0090963 -0.065166 0.074073 0.25748 0.074018 -0.12387 -0.050444 0.20224 0.091947 0 0.0535 0.56279 0.38204 0.43275 0.29379 0.14893 -0.072425 0.3376 -0.06328 -0.049326 0.21123 0.34584 -0.081339 0.38982 0.13881 0.066331 0.041999 -0.080338 0.24436 0.040391 0.43124 0.00049134 0.23391 0.050596 0.09661 0.019897 0.033722 0.19712 0.15288 -0.086068 0.087669 0.22101 0.082506 0.7041 0.067371 0.52848 0.34492 0.40955 0.33549 0.042453 -0.045901 0.33637 -0.069682 -0.083252 0.19496 0.35348
0.041698 0.10982 0.072656 0.27857 0.082287 0.066085 0.080763 0.013116 0.063058 0.24507 0.055581 0.059829 0.21735 0.063348 0.064742 0.081316 -0.0035741 0.058428 0.17286 0.38885 0.13245 0.25425 0.054053 0.13783 -0.14384 0.13783 -0.15899 0.073862 0.10619 0.24812 -0.073676 -0.16229 -0.043998 0.62376 0.35494 -0.11868 0.22776 0.31685 0.89748 0.0535 0 -0.10976 -0.045602 0.13304 0.47846 0.50735 0.32635 0.57806 -0.061368 0.0062631 0.4112 0.63798 0.12477 0.34194 -0.070152 0.22241 0.0017451 0.11773 -0.23309 0.030444 -0.17449 0.061166 0.057757 0.23399 -0.13426 -0.26358 0.016459 0.58653 0.31979 -0.21287 0.088727 0.28492 0.83026 0.10566 0.91996 -0.048488 -0.065921 0.0048119 0.26323 0.43603 0.27196 0.48754 -0.12058 -0.032019 0.31603 0.54806
0.1497 0.1917 0.075567 0.01431 0.003958 0.27116 -0.027634 0.046176 0.14917 0.2424 0.18911 0.046743 -0.0069089 0.035782 0.25759 -0.020736 0.065286 0.14924 -0.071207 0.091341 0.30988 0.28299 0.047779 0.10545 0.73583 -0.00067131 0.83906 -0.073536 0.093199 0.24133 0.40971 0.30317 0.46044 0.19084 -0.10971 -0.06056 -0.22571 0.27017 0.075194 0.56279 -0.10976 0 0.45342 0.29816 0.38479 0.16365 0.020819 0.037672 0.1422 0.061086 0.11557 0.032915 -0.063884 0.065539 0.14174 0.21865 0.052733 0.082472 0.53581 -0.036966 0.79438 -0.0046024 -0.025284 0.22545 0.408 0.31622 0.37363 0.12737 -0.25362 -0.1448 -0.24757 0.26434 0.06614 0.41881 -0.1005 0.93022 0.35326 0.097405 0.28181 -0.0092666 0.047114 -0.027163 0.14004 0.080436 0.12256 0.005969
0.081012 0.16644 0.16518 0.11221 0.050603 0.22935 0.0059551 0.11344 0.13843 0.10242 0.18362 0.16064 0.096339 0.05211 0.23337 0.0068936 0.1212 0.13518 -0.13848 0.28823 -0.026993 0.065347 0.062792 0.034785 0.14756 -0.066589 0.4826 0.055141 0.19962 0.075903 0.39684 0.018383 0.22074 0.094009 -0.11545 -0.13895 -0.20423 0.11362 0.015001 0.38204 -0.045602 0.45342 0 0.059796 0.36943 -0.042207 0.028164 -0.065895 0.047951 0.037779 0.1564 0.16837 -0.10422 0.26095 -0.10055 0.050599 0.041526 0.022724 0.043038 -0.066662 0.4371 0.066833 0.12384 0.055772 0.41509 0.052971 0.1575 0.069825 -0.13642 -0.18825 -0.14142 0.11276 0.0093791 0.30652 -0.032443 0.37166 0.57775 -0.002474 0.28883 -0.094148 0.055345 -0.038162 0.020616 0.043769 0.1413 0.15774
0.34531 0.20538 0.2547 0.14807 0.068496 -0.019631 -0.13113 -0.0051303 0.095743 0.46537 0.1802 0.22276 0.12221 0.038425 -0.035297 -0.11026 -0.022233 0.10228 -0.0074275 0.2601 0.71406 -0.056121 0.035643 -0.063275 0.50918 0.40165 0.089893 -0.15762 0.46857 -0.06293 -0.22082 0.044179 0.04646 0.10484 0.58234 0.18475 0.44798 -0.010751 0.038851 0.43275 0.13304 0.29816 0.059796 0 0.48869 0.39245 -0.11508 0.65496 -0.11481 -0.10363 0.073143 0.2497 -0.015035 0.21809 0.5487 -0.079892 0.032259 -0.094362 0.41462 0.20306 0.025648 -0.13444 0.28767 -0.076365 -0.16108 0.07582 0.00020818 0.072411 0.43233 0.17989 0.34175 0.0023683 -0.0018375 0.35306 0.067596 0.27139 0.037013 0.6964 0.2836 0.17528 -0.082793 0.39962 -0.073685 -0.13378 0.065745 0.18843
-0.017177 0.16054 0.19373 0.15295 0.059363 0.1771 0.066359 0.0069837 0.077392 0.28777 0.059275 0.095834 0.1063 0.042663 0.15703 0.043838 0.013793 0.072652 0.18037 0.33212 0.45787 0.061651 0.066371 0.07558 0.39419 0.23643 0.26907 -0.059526 0.30406 0.04108 0.28124 0.39338 0.15239 0.3225 0.51109 0.25657 0.3656 0.076136 0.3134 0.29379 0.47846 0.38479 0.36943 0.48869 0 0.28787 0.1437 0.45894 0.11834 0.058035 0.16664 0.29399 -0.0045308 0.23098 0.053974 0.0028912 0.043192 0.033899 0.014389 0.05066 0.10756 -0.029182 0.031103 0.032204 0.13743 0.074414 0.12047 0.30862 0.11321 -0.069383 -0.0024775 0.052636 0.26944 0.13804 0.3783 0.13114 0.18162 -0.023639 0.48835 0.13086 0.13912 0.16834 0.058083 0.046874 0.16125 0.22217
0.15979 0.11527 0.040159 0.09102 0.0056557 0.082668 0.028453 0.0043661 0.044467 0.23908 0.078727 0.057675 0.076025 0.011275 0.076831 0.034928 -0.0055806 0.052398 0.067571 0.25661 0.38857 0.65983 0.09167 0.52479 0.34713 0.38755 -0.0039503 0.32165 0.17452 0.67712 -0.09849 -0.11202 0.13435 0.37414 0.27086 -0.12156 0.13657 0.57603 0.42911 0.14893 0.50735 0.16365 -0.042207 0.39245 0.28787 0 0.082939 0.52617 -0.066048 -0.011897 0.16651 0.34674 0.045435 0.24181 0.19554 0.62286 0.044187 0.48742 0.20631 0.33817 0.043599 0.27174 0.1085 0.68115 -0.10284 -0.12107 0.15894 0.32596 0.27892 -0.14103 0.13564 0.5603 0.3719 0.17959 0.46475 0.30201 -0.0311 0.20772 0.16232 0.94421 0.024698 0.42408 -0.06015 -0.03365 0.13581 0.29064
-0.1942 -0.10588 -0.066266 -0.0081935 0.003531 0.22148 0.2414 0.0094709 0.0048733 -0.13126 -0.15636 -0.090498 -0.032372 -0.011373 0.21378 0.20745 0.011974 0.013451 0.74283 0.069557 0.051005 0.16844 0.10438 0.34129 0.065739 0.16228 -0.01662 0.17494 0.074827 0.19609 0.18785 0.35901 0.13712 0.18957 0.25052 0.011535 0.24108 0.093446 0.32099 -0.072425 0.32635 0.020819 0.028164 -0.11508 0.1437 0.082939 0 0.13611 0.057317 0.21729 0.58023 0.3411 0.59314 0.058074 -0.11312 0.12937 0.071327 0.31764 -0.072629 0.082943 -0.059548 0.15072 0.01763 0.18146 0.10257 0.16975 0.14863 0.21774 0.11661 -0.055216 0.073417 0.031826 0.36748 -0.077107 0.32996 -0.0068327 0.031686 -0.18021 0.028244 0.095972 0.86266 0.097783 0.017053 0.20171 0.47888 0.29019
0.32827 0.21723 0.16911 0.23893 0.10298 -0.079287 -0.059785 -0.0010579 0.10545 0.36136 0.20808 0.17002 0.21631 0.078794 -0.090601 -0.060111 -0.036389 0.12502 0.19438 0.39051 0.41904 -0.0014418 0.058451 -0.015339 0.14721 0.41484 -0.18182 -0.14081 0.39059 0.025855 -0.30737 0.043678 -0.081478 0.35036 0.65231 0.11773 0.52111 0.10206 0.44298 0.3376 0.57806 0.037672 -0.065895 0.65496 0.45894 0.52617 0.13611 0 -0.10039 -0.055986 0.30518 0.60704 0.1877 0.37803 0.36293 -0.016644 0.018775 -0.074486 0.21356 0.28414 -0.17831 -0.11914 0.30972 0.010182 -0.27537 0.073315 -0.071603 0.2862 0.62336 0.16192 0.50314 0.096356 0.34229 0.32962 0.48925 0.11978 -0.030567 0.4809 0.40241 0.37542 0.11834 0.84229 -0.054982 -0.087644 0.22946 0.53631
-0.11659 -0.044727 -0.048812 -0.070999 -0.032024 0.055891 0.04515 -0.0047396 -0.032378 -0.014176 -0.083745 -0.089433 -0.08913 -0.043737 0.035355 0.040179 -0.013104 -0.041486 0.11551 -0.12648 0.036595 -0.037969 0.030635 0.071665 0.18134 0.040406 0.14507 0.0080078 -0.041358 -0.020897 0.2823 0.33406 0.060378 -0.069241 -0.046681 0.16117 0.037853 -0.062193 -0.021813 -0.06328 -0.061368 0.1422 0.047951 -0.11481 0.11834 -0.066048 0.057317 -0.10039 0 0.094403 -0.082802 -0.12927 0.024435 -0.14916 -0.10979 -0.036809 0.0063933 0.055201 -0.0071056 0.011344 0.06928 0.017381 -0.10718 -0.026351 0.15682 0.19873 0.030252 -0.057906 -0.17735 0.052027 -0.13593 -0.059882 -0.0035661 -0.14816 -0.078838 0.00022331 -0.010925 -0.25975 -0.034584 -0.057044 0.045753 -0.1848 0.19724 0.089655 -0.044717 -0.14796
-0.085174 -0.062915 -0.057668 -0.026655 -0.025324 0.1525 0.13422 -0.0028538 -0.020198 -0.011219 -0.085762 -0.08191 -0.051423 -0.017948 0.13099 0.10823 -0.015666 0.020131 0.16396 -0.051231 0.0061291 0.015749 0.1057 0.1594 0.11353 0.12269 0.056361 0.054032 0.040305 0.011392 0.18523 0.2891 0.095543 -0.011237 0.0044556 0.095949 0.035377 -0.021683 0.037355 -0.049326 0.0062631 0.061086 0.037779 -0.10363 0.058035 -0.011897 0.21729 -0.055986 0.094403 0 0.021812 0.0124 0.088997 -0.072733 -0.076893 0.0047005 0.033674 0.12691 0.013365 0.091096 0.039501 0.047813 -0.043755 0.024499 0.1413 0.20789 0.067978 -0.0099167 -0.065857 0.022412 -0.051857 -0.035428 0.026621 -0.097783 -0.0087704 0.012851 -0.00078977 -0.16403 0.0028329 -0.015062 0.18807 -0.091864 0.083345 0.16888 0.012896 -0.0046215
0.043749 0.1859 0.069439 0.13671 0.060844 0.10907 0.014202 0.048809 0.1312 0.043745 0.18135 0.067565 0.12585 0.078589 0.089635 0.010983 0.043396 0.17092 0.14904 0.307 -0.036835 0.19237 0.047451 0.10222 -0.034097 -0.017929 0.10626 0.11389 0.1384 0.2646 0.013394 -0.10754 0.082902 0.36713 0.11129 -0.095213 0.0047097 0.3189 0.49564 0.21123 0.4112 0.11557 0.1564 0.073143 0.16664 0.16651 0.58023 0.30518 -0.082802 0.021812 0 0.52567 0.21143 0.31417 -0.024429 0.18708 0.034744 0.10479 -0.013417 -0.022442 0.090626 0.10184 0.13729 0.2335 0.04101 -0.089552 0.10047 0.35422 0.18909 -0.084919 0.091661 0.29277 0.47037 0.25927 0.40922 0.16772 0.16963 0.075199 0.182 0.15127 0.5452 0.37494 -0.050027 -0.016245 0.66382 0.48639
0.22092 0.28894 0.18371 0.34661 0.13976 0.073 0.033945 0.084614 0.18587 0.21345 0.2839 0.19125 0.31511 0.12143 0.071128 0.022729 0.058862 0.19054 0.11959 0.57629 -0.055499 0.20874 0.096476 0.11338 -0.13425 0.083744 -0.048489 0.098572 0.32584 0.24671 -0.10276 -0.21978 0.02123 0.48587 0.36857 -0.1505 0.19592 0.33381 0.61549 0.34584 0.63798 0.032915 0.16837 0.2497 0.29399 0.34674 0.3411 0.60704 -0.12927 0.0124 0.52567 0 0.17056 0.55206 -0.023487 0.20095 0.05481 0.068266 -0.082498 0.061889 -0.02353 0.09673 0.31224 0.21977 -0.079151 -0.17545 0.037242 0.45031 0.49296 -0.10573 0.33011 0.32174 0.5485 0.40633 0.60419 0.14258 0.19011 0.24563 0.32661 0.29939 0.30143 0.64514 -0.12105 -0.040742 0.41826 0.7776
-0.043355 -0.13322 -0.035465 -0.014836 -0.013261 0.024395 0.09829 -0.023742 -0.038882 -0.15786 -0.14674 -0.030086 0.0091747 -0.018942 0.035319 0.10988 -0.017186 -0.0096842 0.67438 0.026914 0.026141 0.059741 0.017661 0.24511 0.028907 0.12208 -0.16066 0.1507 0.077053 0.066776 -0.061089 0.22469 0.019174 0.02133 0.26009 -0.021488 0.28614 -0.027008 0.040362 -0.081339 0.12477 -0.063884 -0.10422 -0.015035 -0.0045308 0.045435 0.59314 0.1877 0.024435 0.088997 0.21143 0.17056 0 0.03122 0.15486 0.062289 0.037512 0.2719 0.17172 0.21043 -0.15242 0.10563 0.11788 0.063244 -0.04355 0.41107 0.031397 0.035709 0.40435 0.17736 0.45393 -0.054912 0.083111 -0.035555 0.16705 0.010233 -0.054356 0.042743 0.22935 0.043409 0.71705 0.22117 0.035939 0.16182 0.18036 0.15853
