0,0.333616316318512,0.272023916244507,0.2820143699646,0.0843127891421318,-0.0040036216378212,-0.0918744802474976,0.0612432695925236,0.211633756756783,0.728086471557617,0.407727926969528,0.354015797376633,0.300653874874115,0.109504692256451,0.00820486061275005,-0.0976922214031219,0.04305050522089,0.266121953725815,-0.13503223657608,0.2286636531353,0.0722978785634041,-0.0296890959143639,0.0256250165402889,-0.0561615973711014,0.0765606611967087,0.15528678894043,0.11107661575079,0.00577678810805082,0.195341050624847,-0.0107425078749657,-0.142483994364738,-0.0724063292145729,0.0208899043500423,0.115400180220604,0.0907535329461098,-0.0485584698617458,0.0233653709292412,0.0950957611203194,0.0436656065285206,0.362964510917664,0.0526480302214622,0.205894529819489,0.102238662540913,0.365933477878571,0.0609114319086075,0.165721908211708,-0.156031355261803,0.34680101275444,-0.0944707989692688,-0.0598159916698933,0.0387191437184811,0.220891013741493,-0.0299160443246365,0.270952045917511,0.402030378580093,-0.0271671172231436,0.0363124459981918,-0.0831237286329269,0.353119164705276,0.233223229646683,0.197045117616653,-0.00570747023448348,0.316152572631836,-0.0402441471815109,-0.0257521662861109,0.132125943899155,0.0264542959630489,0.128156960010529,0.374424695968628,0.192199364304543,0.279974073171616,0.120877876877785,0.0482569672167301,0.441569864749908,0.154280111193657,0.316897213459015,0.176415219902992,0.573138535022736,0.386669993400574,0.188796892762184,-0.121473275125027,0.516866445541382,-0.00810825917869806,-0.0783401876688004,0.0501503311097622,0.269816190004349
0.333616316318512,0,0.251752436161041,0.274845868349075,0.110995709896088,0.0114395543932915,-0.0812104046344757,0.0713526904582977,0.223080664873123,0.347987771034241,0.499472945928574,0.264724493026733,0.260184168815613,0.10138875991106,-0.0050941645167768,-0.0958706364035606,0.0578346885740757,0.215495303273201,-0.0999110788106918,0.261071085929871,0.03813835978508,0.0935933217406273,0.0192556921392679,-0.0511167272925377,0.0497993975877762,0.0449415259063244,0.142266258597374,0.0808306783437729,0.148891985416412,0.129689753055573,-0.0355779305100441,-0.105608522891998,0.0128414575010538,0.161471053957939,0.107695810496807,-0.0681732594966888,0.0106061873957515,0.227871283888817,0.117174930870533,0.334261119365692,0.098082423210144,0.196577414870262,0.163195565342903,0.213891983032227,0.164051622152328,0.121144220232964,-0.104208491742611,0.226974815130234,-0.0515093803405762,-0.0559576973319054,0.17538745701313,0.285400569438934,-0.115049064159393,0.255763739347458,0.0563490390777588,0.0906707420945168,0.0126780970022082,-0.0733271539211273,0.0612401254475117,-0.00538184121251106,0.133311420679092,0.0772508457303047,0.132973819971085,0.0920337438583374,-0.0172239076346159,-0.0916287004947662,-0.0157809015363455,0.0957125499844551,0.154613167047501,-0.0347415171563625,0.072621650993824,0.265375882387161,0.0634764358401299,0.315500020980835,0.0758710131049156,0.185731962323189,0.154912903904915,0.184340715408325,0.155448153614998,0.0640449076890945,-0.120869107544422,0.216953873634338,-0.0530079863965511,-0.071939505636692,0.156991943717003,0.260816395282745
0.272023916244507,0.251752436161041,0,0.397441953420639,0.107496827840805,0.0271019265055656,-0.022676307708025,0.149354547262192,0.14254267513752,0.283472388982773,0.273764759302139,0.582315027713776,0.386762291193008,0.0710480660200119,0.0243371967226267,-0.0310513097792864,0.125242546200752,0.155555471777916,-0.029384782537818,0.203856378793716,0.111735224723816,-0.00106501171831042,0.0103823868557811,-0.041238434612751,0.0296519733965397,0.0544053204357624,0.0807030647993088,-0.00253263325430453,0.195657789707184,0.0208777878433466,-0.0118836285546422,-0.0647647753357887,-0.0257196091115475,0.0415029935538769,0.225340440869331,-0.0145305078476667,0.133284687995911,0.0799578875303268,-0.0131903691217303,0.208053231239319,0.0550602599978447,0.0957809090614319,0.177895605564117,0.255186408758163,0.197228074073792,0.0580864809453487,-0.0663006380200386,0.190053939819336,-0.0554307699203491,-0.0490031018853188,0.0777355059981346,0.184650257229805,-0.0198636595159769,0.183016762137413,0.112793661653996,-0.0176585502922535,0.0324317365884781,-0.0631569996476173,0.0341398008167744,0.0264220833778381,0.066009633243084,0.00747150043025613,0.166752129793167,-0.00507362792268395,-0.00352964294143021,-0.0686256065964699,-0.0173197034746408,0.0165579300373793,0.205000713467598,-0.0228310618549585,0.143807485699654,0.0963088646531105,-0.0353526584804058,0.206368505954742,0.0706321001052856,0.0834566727280617,0.129840210080147,0.184066146612167,0.161756590008736,0.0175110548734665,-0.0662145912647247,0.188597872853279,-0.0623161941766739,-0.0537581369280815,0.0858480408787727,0.180972442030907
0.2820143699646,0.274845868349075,0.397441953420639,0,0.202927276492119,0.00934945791959763,-0.0114899324253201,0.113628312945366,0.143177524209023,0.260208994150162,0.280593663454056,0.378316104412079,0.650208473205566,0.126713752746582,0.0048877066001296,-0.0187296438962221,0.0988758876919746,0.149969577789307,-0.0438312143087387,0.298381447792053,-0.0282466635107994,0.0316893458366394,0.0113138109445572,-0.0173435658216476,-0.0843558087944984,0.0266893897205591,0.0148289883509278,0.0205378420650959,0.152559190988541,0.0450369901955128,-0.0269500948488712,-0.14404484629631,-0.0176048632711172,0.178470015525818,0.17733108997345,-0.0923962742090225,0.0670471414923668,0.116436347365379,0.161112189292908,0.220745995640755,0.253378361463547,0.0532721951603889,0.138040795922279,0.165492296218872,0.17734768986702,0.115699365735054,-0.011714787222445,0.2529117166996,-0.0681633353233337,-0.019753385335207,0.133876129984856,0.348901093006134,-0.0150868827477098,0.28680956363678,0.0172550715506077,0.0309759136289358,0.0129476254805923,-0.0343281663954258,-0.0403494909405708,-0.00822513271123171,0.0284892097115517,0.029856014996767,0.155518218874931,0.0292434860020876,-0.0211474541574717,-0.122413441538811,0.0113683538511395,0.139200523495674,0.255754917860031,-0.0564228110015392,0.151224926114082,0.139248207211494,0.0924907550215721,0.254152238368988,0.239330187439919,0.0863495171070099,0.142014265060425,0.183207646012306,0.188374027609825,0.098370261490345,-0.0331404209136963,0.306716978549957,-0.0647352635860443,-0.0553943924605846,0.126615896821022,0.346556216478348
0.0843127891421318,0.110995709896088,0.107496827840805,0.202927276492119,0,-0.005207275506109,-0.0172483809292316,0.0209457278251648,0.0577381290495396,0.0968561843037605,0.100937820971012,0.114256456494331,0.173469066619873,0.0436208583414555,-0.00498529290780425,-0.026812082156539,0.0207842197269201,0.0600809641182423,-0.0153979118913412,0.105645321309566,0.00264770374633372,0.00242723757401109,0.0112868538126349,-0.00769361853599548,-0.0160939954221249,0.0105601260438561,-0.00573480082675815,-0.0101353684440255,0.0728650391101837,0.00747264362871647,-0.0251946877688169,-0.0307827889919281,-0.00927940849214792,0.0168408770114183,0.0717200487852097,0.0073541272431612,0.0555278286337852,0.0464838072657585,0.0641116350889206,0.0951586291193962,0.0841922909021378,0.0134794628247619,0.0582171492278576,0.0758756473660469,0.0703509598970413,0.0158786755055189,0.0091436468064785,0.112208552658558,-0.0307459644973278,-0.0217926818877459,0.0638144984841347,0.144708052277565,-0.0077558308839798,0.112174078822136,-0.016592837870121,-0.00467807380482554,-0.0139166172593832,-0.029256884008646,-0.0336509682238102,-0.0100403316318989,-0.00472585577517748,-0.000885451911017299,0.0653137415647507,-0.00588480196893215,-0.0204031355679035,-0.042840514332056,-0.0169639363884926,0.022366601973772,0.0889224633574486,-0.00595076521858573,0.0666463077068329,0.0484160967171192,0.0447209440171719,0.0786589160561562,0.0728531703352928,9.91383567452431e-05,0.0285839773714542,0.0453656055033207,0.0511085689067841,-0.00478830887004733,-0.0106593752279878,0.106706500053406,-0.0405869074165821,-0.0231501087546349,0.0406638272106647,0.129479318857193
-0.0040036216378212,0.0114395543932915,0.0271019265055656,0.00934945791959763,-0.005207275506109,0,0.163911610841751,0.0188661701977253,0.0825778543949127,0.0490935631096363,-0.00228984444402158,0.019745759665966,-0.000357068114681169,-0.0150788268074393,0.430909693241119,0.174026399850845,0.037361316382885,0.0672981590032578,0.066497690975666,0.0441880151629448,0.132730767130852,0.0979703664779663,0.135038182139397,0.226105570793152,0.228927701711655,0.122410126030445,0.325654029846191,0.135341182351112,0.0828326344490051,0.129176303744316,0.296630471944809,0.200055509805679,0.268105655908585,0.0774157047271729,-0.0303322151303291,0.0228640548884869,-0.0198217704892159,0.0856212973594666,0.0942155122756958,0.0930295065045357,0.0666471421718597,0.247451022267342,0.220331817865372,-0.00635511241853237,0.16181868314743,0.0859076231718063,0.21795392036438,-0.0736503452062607,0.0512591600418091,0.149841919541359,0.115177564322948,0.0881952941417694,0.0334315486252308,0.0306647513061762,0.00498482398688793,0.079448789358139,0.089194543659687,0.218526437878609,0.121944591403008,0.0935968905687332,0.27421048283577,0.140939593315125,0.0195582024753094,0.115715771913528,0.27409416437149,0.128117263317108,0.228819042444229,0.0751098468899727,-0.10348241776228,-0.0423028692603111,-0.0790948048233986,0.0633080303668976,0.101633511483669,0.0434529110789299,0.0631872266530991,0.208623558282852,0.149466574192047,-0.0788409113883972,0.0745848342776299,0.0552084743976593,0.185268357396126,-0.0983934700489044,0.055273000150919,0.118869982659817,0.100490652024746,0.0607919953763485
-0.0918744802474976,-0.0812104046344757,-0.022676307708025,-0.0114899324253201,-0.0172483809292316,0.163911610841751,0,-0.00928085297346115,-0.00743455532938242,-0.0496706143021584,-0.10728757828474,-0.0482353903353214,-0.0317602418363094,-0.0267897788435221,0.17294006049633,0.255324989557266,-0.00973888766020536,-0.0311825089156628,0.148503974080086,-0.0356401912868023,0.0436368249356747,0.0289216376841068,0.0721982568502426,0.179582566022873,0.0581638142466545,0.123665824532509,-0.00608373852446675,0.0764831528067589,0.0106368726119399,0.0450005605816841,0.161545246839523,0.157466724514961,0.0662123784422874,0.0227796547114849,0.0201211459934711,0.0714883282780647,0.0695776045322418,-0.00847280118614435,0.0587684214115143,-0.124168895184994,0.0786482617259026,-0.0426031053066254,-0.00240338686853647,-0.131214082241058,0.0515861995518208,0.0310883428901434,0.230209633708,-0.064831830561161,0.0451576411724091,0.128445073962212,0.0140081364661455,0.0331166721880436,0.0907888934016228,-0.0477421618998051,-0.0657420009374619,0.0210966039448977,0.0262993481010199,0.158022433519363,-0.041161336004734,0.0754306390881538,-0.0335651785135269,0.0647374168038368,-0.0248526707291603,0.0387258306145668,0.089493066072464,0.0783210769295692,0.0530661344528198,0.0281826108694077,-0.0541220121085644,-0.0178653057664633,-0.0223361365497112,-0.0293809622526169,0.0655097737908363,-0.137721762061119,0.0806307196617126,-0.0627074167132378,-0.0224796291440725,-0.182589188218117,-0.0225440673530102,0.0379242859780788,0.187102034687996,-0.118959829211235,0.0266916770488024,0.103806048631668,0.00339473970234394,0.00117713899817318
0.0612432695925236,0.0713526904582977,0.149354547262192,0.113628312945366,0.0209457278251648,0.0188661701977253,-0.00928085297346115,0,0.0554511956870556,0.0410421527922153,0.0782251060009003,0.130101636052132,0.109962612390518,0.0179606676101685,0.0310195628553629,0.00237669539637864,0.110866077244282,0.0648808926343918,-0.0338272601366043,0.0881937146186829,-0.0602212101221085,0.0240960773080587,-0.000616024190094322,-0.00813155993819237,-0.0438501313328743,-0.0204285345971584,0.0551302880048752,0.0178366862237453,0.025016663596034,0.0129566760733724,0.0656629428267479,-0.0571153871715069,0.0227827429771423,0.0463237762451172,-0.0231441427022219,-0.0823205336928368,-0.0719288811087608,0.0487468205392361,0.0199009124189615,0.0704968497157097,0.0152169475331903,0.0461845807731152,0.118020884692669,0.000350223854184151,0.0112562235444784,0.0104959905147552,0.00483968434855342,0.00257950252853334,-0.00529146287590265,0.00214149849489331,0.0452298186719418,0.0858990773558617,-0.0208225324749947,0.0764466673135757,-0.0369505099952221,0.0281468890607357,-0.00338303227908909,0.00117172056343406,-0.0191105958074331,0.005000916775316,0.0678901374340057,0.0353037230670452,0.034066054970026,0.00712699815630913,0.0644982010126114,-0.0401104316115379,0.0111046237871051,0.0459136553108692,0.00147300597745925,-0.0826533287763596,-0.0152130266651511,0.0567801706492901,0.00934305228292942,0.078787550330162,0.0329608544707298,0.0600813031196594,0.101554572582245,0.0228100977838039,0.0325904451310635,0.0120978839695454,0.0124516626819968,0.0561526753008366,-0.0134160127490759,0.00073746161069721,0.0590815320611,0.0894126072525978
0.211633756756783,0.223080664873123,0.14254267513752,0.143177524209023,0.0577381290495396,0.0825778543949127,-0.00743455532938242,0.0554511956870556,0,0.221298098564148,0.22954024374485,0.132567629218102,0.138871759176254,0.0495383068919182,0.0678098946809769,-0.023610083386302,0.0477853044867516,0.197708204388618,-0.0436277277767658,0.166314870119095,0.00773347774520516,0.0607996396720409,0.0181951522827148,0.00696345884352922,0.0272876545786858,0.00991577282547951,0.122934877872467,0.0189059488475323,0.0813145339488983,0.0902036353945732,0.0171620529145002,-0.0500701479613781,0.0647167786955833,0.111863777041435,0.0387236811220646,-0.0570660643279552,-0.0103716989979148,0.161610633134842,0.0868155062198639,0.191344976425171,0.0641972571611404,0.148122578859329,0.138829812407494,0.106001265347004,0.0793836489319801,0.0533310025930405,0.00452507194131613,0.115101918578148,-0.0330872721970081,-0.0229111891239882,0.126675978302956,0.185276091098785,-0.0288248285651207,0.175609558820724,0.0447785556316376,0.0540752187371254,0.0270268023014069,-0.01054163929075,0.0589580610394478,0.0177111327648163,0.141582489013672,0.0146927572786808,0.0942476913332939,0.0814854651689529,0.0553002506494522,-0.0117414621636271,0.0355220772325993,0.0701693817973137,0.0885461717844009,-0.0301989708095789,0.0439341254532337,0.168556332588196,0.0657516196370125,0.186231419444084,0.0612643249332905,0.167732000350952,0.13995398581028,0.112959429621696,0.12355574965477,0.0244968179613352,0.000631304399576038,0.151779502630234,-0.0385093688964844,-0.00538286473602057,0.125586107373238,0.178495615720749
0.728086471557617,0.347987771034241,0.283472388982773,0.260208994150162,0.0968561843037605,0.0490935631096363,-0.0496706143021584,0.0410421527922153,0.221298098564148,0,0.323227941989899,0.280266493558884,0.227198794484138,0.099755123257637,0.046420194208622,-0.0590135529637337,0.0358043685555458,0.235075891017914,-0.0680393949151039,0.232315674424171,0.231992974877357,0.0126036014407873,0.0458644963800907,-0.0875177085399628,0.192240029573441,0.223291918635368,0.140952453017235,-0.0660386607050896,0.204418301582336,0.0112706627696753,-0.0264843590557575,0.0531888864934444,0.0377073250710964,0.183028072118759,0.211061462759972,0.0859220996499062,0.17444421350956,0.118209205567837,0.242729768157005,0.313160121440887,0.248806655406952,0.235979497432709,0.0875833928585052,0.440963327884674,0.266342997550964,0.2453333735466,-0.121306791901588,0.388699650764465,-0.0272679030895233,-0.00675591686740518,0.0426650904119015,0.226032882928848,-0.134297519922256,0.179691329598427,0.121873132884502,0.00275929388590157,0.0291882790625095,-0.0961738228797913,0.112002246081829,0.123166806995869,0.0983003154397011,-0.0284278299659491,0.106496073305607,0.00537350075319409,-0.0287269670516253,0.0142429415136576,0.0222455132752657,0.119792349636555,0.155998751521111,0.0320719629526138,0.0587363876402378,0.141959860920906,0.126913249492645,0.267552137374878,0.152091965079308,0.149811446666718,0.061012864112854,0.239881202578545,0.0919719859957695,0.105137720704079,-0.101842805743217,0.343572378158569,-0.047010526061058,-0.0554952062666416,0.0563341490924358,0.199242517352104
0.407727926969528,0.499472945928574,0.273764759302139,0.280593663454056,0.100937820971012,-0.00228984444402158,-0.10728757828474,0.0782251060009003,0.22954024374485,0.323227941989899,0,0.323318004608154,0.309101670980453,0.112607821822166,-0.0115105081349611,-0.111387141048908,0.0941838845610619,0.254695147275925,-0.17565293610096,0.289077907800674,-0.0144769158214331,0.0744875073432922,0.0120664350688457,-0.0683586448431015,0.00761666893959045,-0.0157911814749241,0.152681469917297,0.060694195330143,0.128303125500679,0.109694600105286,-0.0601806864142418,-0.176656648516655,0.0167108196765184,0.119702994823456,0.0287951268255711,-0.138239651918411,-0.0548815652728081,0.228361338376999,0.0481265857815742,0.344896763563156,0.0521773546934128,0.206542834639549,0.19134184718132,0.197466388344765,0.0902973935008049,0.0821668207645416,-0.152482107281685,0.213224932551384,-0.0862429589033127,-0.0756488665938377,0.175214022397995,0.274004518985748,-0.137446150183678,0.300288826227188,0.141798257827759,0.0860700532793999,0.0039657368324697,-0.0970514342188835,0.141191065311432,-0.00964247714728117,0.198316588997841,0.04407824203372,0.183961376547813,0.0750366002321243,-0.00686099613085389,-0.0674844607710838,0.00702148675918579,0.125981047749519,0.226712435483932,-0.00928659457713366,0.141392156481743,0.272379130125046,0.0270854122936726,0.39615124464035,0.0898310393095016,0.26530984044075,0.20498438179493,0.297557830810547,0.252376645803452,0.0690029934048653,-0.138268172740936,0.300411611795425,-0.0421081781387329,-0.10204654186964,0.173597633838654,0.29713100194931
0.354015797376633,0.264724493026733,0.582315027713776,0.378316104412079,0.114256456494331,0.019745759665966,-0.0482353903353214,0.130101636052132,0.132567629218102,0.280266493558884,0.323318004608154,0,0.408541619777679,0.0866347849369049,0.0222404021769762,-0.0298605691641569,0.149450317025185,0.149909496307373,-0.0650637075304985,0.203449413180351,0.0667692944407463,-0.0294432640075684,-0.00815136823803186,-0.0572213716804981,0.00501258950680494,0.0388444475829601,0.0865722522139549,0.00648291269317269,0.188809156417847,-0.00170417362824082,-0.0468155071139336,-0.122192658483982,-0.0289092063903809,0.0262202154844999,0.19148775935173,-0.0458736717700958,0.110545039176941,0.0784607380628586,-0.0168305803090334,0.227129027247429,0.0416195057332516,0.0808657556772232,0.175543218851089,0.236033365130424,0.128247857093811,0.0688889026641846,-0.0913345515727997,0.186390891671181,-0.0848217755556107,-0.068072035908699,0.0684948563575745,0.186365947127342,-0.0187608972191811,0.239997833967209,0.182600364089012,-0.0531141944229603,0.0212133321911097,-0.0751830711960793,0.0861473083496094,0.0555274710059166,0.0887058079242706,-0.0060275555588305,0.233567982912064,-0.0261082835495472,-1.09458342194557e-05,-0.0432875975966454,0.0034430013038218,0.0329870134592056,0.278733342885971,0.0474133118987083,0.224818333983421,0.0936476513743401,-0.0672121867537498,0.268622368574142,0.0618426874279976,0.126055881381035,0.186608269810677,0.283904671669006,0.229541316628456,0.0338539406657219,-0.0873739793896675,0.240473195910454,-0.0578110702335835,-0.05427360907197,0.0610084533691406,0.214547649025917
0.300653874874115,0.260184168815613,0.386762291193008,0.650208473205566,0.173469066619873,-0.000357068114681169,-0.0317602418363094,0.109962612390518,0.138871759176254,0.227198794484138,0.309101670980453,0.408541619777679,0,0.148875087499619,0.00495930993929505,-0.0109005440026522,0.120072223246098,0.158855989575386,-0.045163732022047,0.274536430835724,-0.0266642887145281,0.0232367813587189,0.0161607284098864,-0.0273562036454678,-0.0808231458067894,0.0154693471267819,0.00264512421563268,0.0375924594700336,0.148070469498634,0.0348439142107964,-0.0617693848907948,-0.148271486163139,-0.019692350178957,0.1538415402174,0.155098795890808,-0.0995136648416519,0.0617406219244003,0.113799184560776,0.0896132439374924,0.226399838924408,0.195739209651947,0.0373854711651802,0.122650220990181,0.151432186365128,0.147399336099625,0.0987102910876274,-0.0368925742805004,0.236768275499344,-0.0826955884695053,-0.0450050085783005,0.123053580522537,0.318191230297089,0.00776682840660214,0.293037712574005,0.0311826039105654,0.0156750250607729,0.0147008178755641,-0.02785449847579,-0.0328411757946014,0.0316941626369953,0.0144396629184484,0.0372815653681755,0.187412813305855,0.0173793844878674,-0.0330850929021835,-0.107875131070614,-0.00267119077034295,0.144726976752281,0.283238977193832,-0.0359917469322681,0.186692982912064,0.134684965014458,0.089346669614315,0.254409819841385,0.263386756181717,0.0806668773293495,0.138760596513748,0.203527376055717,0.200890749692917,0.0957000777125359,-0.0061303093098104,0.318958014249802,-0.0867430791258812,-0.048908419907093,0.124744974076748,0.373745292425156
0.109504692256451,0.10138875991106,0.0710480660200119,0.126713752746582,0.0436208583414555,-0.0150788268074393,-0.0267897788435221,0.0179606676101685,0.0495383068919182,0.099755123257637,0.112607821822166,0.0866347849369049,0.148875087499619,0,-0.00860333442687988,-0.0288413967937231,0.00903977919369936,0.094878077507019,-0.022934827953577,0.131317913532257,-0.0349223762750626,0.0165851414203644,0.0119034582749009,-0.0204002261161804,-0.0227338168770075,-0.0141814416274428,0.0153027502819896,-0.0153640527278185,0.0358272939920425,0.0173521135002375,-0.03004708327353,-0.0514798611402512,-4.16217371821404e-05,0.056871023029089,0.0257364548742771,-0.0418495908379555,-0.00583928031846881,0.0568601451814175,0.0590142048895359,0.0887950584292412,0.063695952296257,0.0438733771443367,0.0572687201201916,0.044942632317543,0.053532101213932,0.0179664883762598,-0.0123067237436771,0.0853449478745461,-0.0401071906089783,-0.00846055801957846,0.0762889683246613,0.123803682625294,-0.0168164521455765,0.106107614934444,0.00281473714858294,0.0150207299739122,0.00221102009527385,-0.0186420083045959,-0.00423577474430203,-0.0115297976881266,0.0296013168990612,-0.0146573167294264,0.0302624627947807,0.020147142931819,-0.010024712421,-0.0278119090944529,-0.00701680732890964,0.0662867054343224,0.0764404088258743,-0.0342836193740368,0.0549256764352322,0.0707569196820259,0.0628237053751945,0.0884769707918167,0.0795963630080223,0.0518764741718769,0.0712082162499428,0.0636139884591103,0.0914958864450455,0.00504429638385773,-0.0118676172569394,0.117376640439034,-0.0249970518052578,-0.0234371218830347,0.0655169263482094,0.135395228862762
0.00820486061275005,-0.0050941645167768,0.0243371967226267,0.0048877066001296,-0.00498529290780425,0.430909693241119,0.17294006049633,0.0310195628553629,0.0678098946809769,0.046420194208622,-0.0115105081349611,0.0222404021769762,0.00495930993929505,-0.00860333442687988,0,0.217946603894234,0.037434421479702,0.0670968815684319,0.0499958693981171,0.0440116971731186,0.121003083884716,0.0836217626929283,0.110736966133118,0.233556479215622,0.210167840123177,0.122787781059742,0.308033734560013,0.131172180175781,0.0858088731765747,0.109400101006031,0.301618099212646,0.167817652225494,0.264009952545166,0.0800927132368088,-0.0346818640828133,-0.00857428088784218,-0.0448627062141895,0.0695929825305939,0.0797522068023682,0.0779319778084755,0.0691969990730286,0.233713611960411,0.230191841721535,-0.0239301491528749,0.149404257535934,0.079732283949852,0.211863934993744,-0.0864628106355667,0.0392573699355125,0.131142988801003,0.0945460274815559,0.0907961279153824,0.0402100384235382,0.0495840199291706,0.0537445060908794,0.0765465572476387,0.103415556252003,0.233724594116211,0.150071710348129,0.134905278682709,0.290231853723526,0.120527297258377,0.057367205619812,0.101597309112549,0.264890551567078,0.148003056645393,0.273967206478119,0.0698119699954987,-0.0732348784804344,-0.0371458530426025,-0.0596430897712708,0.0593559853732586,0.107052586972713,0.0649557635188103,0.0608708709478378,0.230377003550529,0.171995237469673,-0.0516113042831421,0.0998056977987289,0.0754498690366745,0.206495359539986,-0.0740967020392418,0.0333523489534855,0.13498218357563,0.0986730381846428,0.086645744740963
-0.0976922214031219,-0.0958706364035606,-0.0310513097792864,-0.0187296438962221,-0.026812082156539,0.174026399850845,0.255324989557266,0.00237669539637864,-0.023610083386302,-0.0590135529637337,-0.111387141048908,-0.0298605691641569,-0.0109005440026522,-0.0288413967937231,0.217946603894234,0,0.0148849152028561,-0.0084253903478384,0.112436838448048,-0.0283955261111259,0.043195515871048,0.028534859418869,0.0756880566477776,0.174697533249855,0.0392586104571819,0.116265796124935,-0.0108727347105742,0.0356477536261082,0.013046701438725,0.0385843031108379,0.133825451135635,0.11731044948101,0.0948649346828461,0.0310169439762831,0.00879431236535311,0.039786446839571,0.0485908910632133,-0.0452985502779484,0.0513215437531471,-0.108846992254257,0.0841272994875908,-0.0370160862803459,0.00511707551777363,-0.11118072271347,0.0400563552975655,0.0357397384941578,0.201231211423874,-0.0669806301593781,0.0406614504754543,0.106642834842205,0.0122577659785748,0.0354469418525696,0.100124552845955,-0.0291247013956308,-0.0269102342426777,0.0196808855980635,0.0440281592309475,0.184413239359856,-0.0159816984087229,0.122016049921513,-0.0293856002390385,0.0329628102481365,0.000450242281658575,0.0332145765423775,0.100048214197159,0.0816068053245544,0.0976628661155701,0.0345533154904842,-0.0171367097645998,-0.00855892896652222,0.0145164234563708,-0.0573261938989162,0.0705398470163345,-0.123333640396595,0.0902632549405098,-0.0511691123247147,-0.0259491503238678,-0.136896267533302,-0.00873587839305401,0.0425766482949257,0.210465148091316,-0.0818354487419128,0.025842223316431,0.126350566744804,0.0043203248642385,0.0307152029126883
0.04305050522089,0.0578346885740757,0.125242546200752,0.0988758876919746,0.0207842197269201,0.037361316382885,-0.00973888766020536,0.110866077244282,0.0477853044867516,0.0358043685555458,0.0941838845610619,0.149450317025185,0.120072223246098,0.00903977919369936,0.037434421479702,0.0148849152028561,0,0.0698590502142906,-0.0224354509264231,0.0871971547603607,-0.0461524799466133,0.0306219290941954,0.0164801497012377,-0.000713162939064205,-0.0162008758634329,-0.0293627642095089,0.0773691385984421,0.0353906117379665,0.0202707853168249,0.0333852022886276,0.0560769885778427,-0.0639337599277496,0.00766998948529363,0.02740827947855,-0.0181306507438421,-0.0746063366532326,-0.0560779832303524,0.0464941449463367,0.00263727968558669,0.0657832026481628,-0.00484735704958439,0.072025366127491,0.125521272420883,-0.00689395656809211,0.0208812169730663,0.00593845406547189,0.0122444489970803,-0.0251616463065147,-0.012559243477881,-0.0128538496792316,0.0423625409603119,0.0622646063566208,-0.0144921764731407,0.0791126638650894,-0.033293217420578,0.0309463124722242,0.00621588202193379,0.0211903601884842,-0.0182678587734699,-0.0102262254804373,0.0666560456156731,0.0311298910528421,0.0249208603054285,0.025513069704175,0.0452301204204559,-0.0382315814495087,0.0216671992093325,0.034290224313736,-0.00744588021188974,-0.096896804869175,-0.0239660665392876,0.0494521446526051,-0.00680438242852688,0.0694413036108017,-0.000117914751172066,0.0714522525668144,0.11580228805542,0.0209471583366394,0.0173888932913542,0.0090355733409524,0.0175866149365902,0.0194703210145235,-0.0149014955386519,-0.00480344099923968,0.0462478995323181,0.071641206741333
0.266121953725815,0.215495303273201,0.155555471777916,0.149969577789307,0.0600809641182423,0.0672981590032578,-0.0311825089156628,0.0648808926343918,0.197708204388618,0.235075891017914,0.254695147275925,0.149909496307373,0.158855989575386,0.094878077507019,0.0670968815684319,-0.0084253903478384,0.0698590502142906,0,-0.0523718260228634,0.168426424264908,0.0391423664987087,0.0522515848278999,0.0415825769305229,0.0136309238150716,0.0590642467141151,0.0362680032849312,0.121365025639534,0.020671684294939,0.0967185348272324,0.0878309234976768,0.0120363533496857,-0.0195734649896622,0.0695846453309059,0.0921524837613106,0.0324998944997787,-0.0480317175388336,0.00161374034360051,0.158459365367889,0.0789462104439735,0.188590779900551,0.0630779638886452,0.161100775003433,0.134986996650696,0.121018514037132,0.0872428044676781,0.0643943101167679,0.0224465355277061,0.14262643456459,-0.0371265970170498,0.0296596940606833,0.172727599740028,0.197137996554375,-0.00351012172177434,0.184062719345093,0.0974261611700058,0.0631103962659836,0.022126441821456,0.0136144179850817,0.108394980430603,0.0391364954411983,0.147139981389046,0.0267185438424349,0.117136344313622,0.0802350044250488,0.0617444105446339,0.0220330562442541,0.0557926036417484,0.108131423592567,0.118834361433983,0.0124933831393719,0.0869855880737305,0.17702628672123,0.0740806683897972,0.20320338010788,0.0821722745895386,0.191662669181824,0.140497043728828,0.153697803616524,0.161649376153946,0.0609634630382061,0.0279376544058323,0.178751707077026,-0.000846155744511634,0.000537708343472332,0.14336846768856,0.218877077102661
-0.13503223657608,-0.0999110788106918,-0.029384782537818,-0.0438312143087387,-0.0153979118913412,0.066497690975666,0.148503974080086,-0.0338272601366043,-0.0436277277767658,-0.0680393949151039,-0.17565293610096,-0.0650637075304985,-0.045163732022047,-0.022934827953577,0.0499958693981171,0.112436838448048,-0.0224354509264231,-0.0523718260228634,0,-0.0303996428847313,0.235781535506248,0.036020141094923,0.0413538925349712,0.259351313114166,0.204299718141556,0.266662001609802,-0.165157288312912,0.0893157348036766,0.0771071165800095,0.0723847299814224,0.0101583814248443,0.549198865890503,0.00185074866749346,-0.0116112604737282,0.490856021642685,0.203712984919548,0.547668933868408,-0.027383778244257,0.059227179735899,-0.0903156250715256,0.168284550309181,-0.0662679970264435,-0.132384613156319,0.016689121723175,0.176450222730637,0.0775439068675041,0.718808770179749,0.237916812300682,0.102209627628326,0.14955598115921,0.172025144100189,0.140516251325607,0.670983791351318,-0.0352196916937828,0.0466968715190887,0.0148677993565798,0.0222456995397806,0.219074785709381,0.0369233377277851,0.202330842614174,-0.198493286967278,0.0862198919057846,0.0254292190074921,0.0584460608661175,-0.0593402869999409,0.336666315793991,0.0245449505746365,0.00598969217389822,0.25545945763588,0.157602906227112,0.298518747091293,-0.067085824906826,0.109766535460949,-0.158795744180679,0.135608166456223,-0.124746106564999,-0.11412301659584,-0.0698957443237305,0.0493934974074364,0.044951044023037,0.616742134094238,0.0665267556905746,0.0550718121230602,0.159768894314766,0.175564646720886,0.1082903444767
0.2286636531353,0.261071085929871,0.203856378793716,0.298381447792053,0.105645321309566,0.0441880151629448,-0.0356401912868023,0.0881937146186829,0.166314870119095,0.232315674424171,0.289077907800674,0.203449413180351,0.274536430835724,0.131317913532257,0.0440116971731186,-0.0283955261111259,0.0871971547603607,0.168426424264908,-0.0303996428847313,0,-0.0966485142707825,0.169970884919167,0.052359726279974,0.0358208119869232,-0.11443167924881,0.00804945733398199,0.0119894221425056,0.0297301188111305,0.223545044660568,0.190635174512863,-0.0967518761754036,-0.261111289262772,0.0205610990524292,0.396265685558319,0.214326769113541,-0.214179307222366,0.034010149538517,0.278087615966797,0.320959061384201,0.417383253574371,0.402183830738068,0.101030342280865,0.275365948677063,0.264781981706619,0.34452760219574,0.280481815338135,0.0744474530220032,0.404209911823273,-0.13126203417778,-0.0391841568052769,0.298702895641327,0.573059558868408,0.0180662721395493,0.587312638759613,-0.0928213596343994,0.178458288311958,0.00826949346810579,0.0212430134415627,-0.11448160558939,0.0185642577707767,0.054977111518383,0.0397429428994656,0.191824212670326,0.164073154330254,-0.0491204336285591,-0.238343253731728,0.034882728010416,0.372162103652954,0.301382631063461,-0.227380856871605,0.121881283819675,0.277576416730881,0.269633054733276,0.435188472270966,0.39397406578064,0.157039374113083,0.269768118858337,0.237948268651962,0.288701057434082,0.232585906982422,0.0633724927902222,0.475424528121948,-0.159631013870239,-0.0771798640489578,0.248175576329231,0.562365889549255
0.0722978785634041,0.03813835978508,0.111735224723816,-0.0282466635107994,0.00264770374633372,0.132730767130852,0.0436368249356747,-0.0602212101221085,0.00773347774520516,0.231992974877357,-0.0144769158214331,0.0667692944407463,-0.0266642887145281,-0.0349223762750626,0.121003083884716,0.043195515871048,-0.0461524799466133,0.0391423664987087,0.235781535506248,-0.0966485142707825,0,-0.132914140820503,0.0676357224583626,0.196281611919403,0.7011479139328,0.5497807264328,0.178697913885117,-0.0457938872277737,0.280085057020187,-0.0733723491430283,0.0958154797554016,0.476913720369339,0.154303327202797,-0.0916900411248207,0.55938708782196,0.453858613967896,0.538601338863373,-0.111352540552616,-0.0334385931491852,0.110070526599884,0.106463864445686,0.303566336631775,-0.0412542223930359,0.690849304199219,0.387106209993362,0.390853196382523,0.0669496282935143,0.451509982347488,0.0110905356705189,0.00550667196512222,-0.00369653664529324,-0.0301360078155994,0.0756027400493622,-0.090037114918232,0.666330933570862,-0.181279525160789,0.0675058364868164,0.123026922345161,0.528339982032776,0.303034335374832,0.0565161034464836,-0.0111536672338843,0.116959057748318,-0.06839619576931,0.0464649610221386,0.3266262114048,0.11976121366024,-0.081314742565155,0.315123587846756,0.364679217338562,0.259981632232666,-0.112208783626556,-0.0190033130347729,0.00484643829986453,0.053375281393528,0.159953460097313,-0.109495259821415,0.307261914014816,0.11338409781456,0.196674361824989,0.0598213896155357,0.124132104218006,0.0642482563853264,0.0191320087760687,-0.00222063856199384,-0.0696777924895287
-0.0296890959143639,0.0935933217406273,-0.00106501171831042,0.0316893458366394,0.00242723757401109,0.0979703664779663,0.0289216376841068,0.0240960773080587,0.0607996396720409,0.0126036014407873,0.0744875073432922,-0.0294432640075684,0.0232367813587189,0.0165851414203644,0.0836217626929283,0.028534859418869,0.0306219290941954,0.0522515848278999,0.036020141094923,0.169970884919167,-0.132914140820503,0,0.0162316262722015,0.327059209346771,0.0574660375714302,-0.131462886929512,0.14935490489006,0.232289522886276,0.0445332601666451,0.920297503471375,0.0210874620825052,-0.148879677057266,0.168260127305984,0.369370222091675,-0.0809167921543121,-0.179509401321411,-0.131393775343895,0.88058203458786,0.317681044340134,0.0867141634225845,0.287878423929214,0.303145855665207,0.0758104175329208,-0.0212492663413286,0.0865161940455437,0.656002521514893,0.176647797226906,0.0143097350373864,-0.0250061862170696,0.0181551780551672,0.206680864095688,0.237674489617348,0.0577176101505756,0.152387484908104,-0.251459389925003,0.974372208118439,0.00457482924684882,0.372350662946701,-0.0707304254174232,-0.0726145580410957,0.179465904831886,0.294947177171707,-0.0108907828107476,0.910216152667999,0.000851987628266215,-0.195878237485886,0.171976000070572,0.344038665294647,-0.128213748335838,-0.251068711280823,-0.168894022703171,0.838125824928284,0.358321338891983,0.0754387304186821,0.295648664236069,0.32947900891304,0.0854965597391129,-0.100610420107841,-0.0136853875592351,0.589232861995697,0.150867104530334,0.0373903103172779,-0.0674759075045586,0.0192012283951044,0.168752908706665,0.208379864692688
0.0256250165402889,0.0192556921392679,0.0103823868557811,0.0113138109445572,0.0112868538126349,0.135038182139397,0.0721982568502426,-0.000616024190094322,0.0181951522827148,0.0458644963800907,0.0120664350688457,-0.00815136823803186,0.0161607284098864,0.0119034582749009,0.110736966133118,0.0756880566477776,0.0164801497012377,0.0415825769305229,0.0413538925349712,0.052359726279974,0.0676357224583626,0.0162316262722015,0,0.163451135158539,0.107912145555019,0.141374424099922,0.0555833615362644,0.0401872918009758,0.0947615802288055,0.0416249558329582,0.0932509377598763,0.107503026723862,0.0988872796297073,0.0333108492195606,0.0656159967184067,0.0417767502367496,0.0718573853373528,0.0229054633527994,0.0454345755279064,0.0431644320487976,0.0572672672569752,0.0413577109575272,0.060382142663002,0.0415316745638847,0.0716489553451538,0.0881721004843712,0.111165054142475,0.0593623444437981,0.0297903921455145,0.103485710918903,0.0526448525488377,0.101306147873402,0.0200184565037489,0.0276834405958652,0.0363672114908695,0.00566614139825106,0.0543996952474117,0.135368838906288,0.073526032269001,0.113314315676689,0.0564863011240959,0.0296251568943262,0.0585035420954227,0.0392703339457512,0.0844070464372635,0.0745357871055603,0.0813275501132011,0.00739876925945282,0.0556487143039703,0.0191249493509531,0.0464986227452755,0.0138740967959166,0.0345775783061981,0.0342297665774822,0.0500668659806252,0.0564554706215858,0.031334426254034,-0.00311784143559635,0.0509503372013569,0.0753403678536415,0.0800502374768257,0.0390820652246475,0.0197210423648357,0.0507142283022404,0.03003747202456,0.0922722294926643
-0.0561615973711014,-0.0511167272925377,-0.041238434612751,-0.0173435658216476,-0.00769361853599548,0.226105570793152,0.179582566022873,-0.00813155993819237,0.00696345884352922,-0.0875177085399628,-0.0683586448431015,-0.0572213716804981,-0.0273562036454678,-0.0204002261161804,0.233556479215622,0.174697533249855,-0.000713162939064205,0.0136309238150716,0.259351313114166,0.0358208119869232,0.196281611919403,0.327059209346771,0.163451135158539,0,0.324491769075394,0.356922417879105,0.0849430710077286,0.55408775806427,0.0994515419006348,0.526453495025635,0.182212397456169,0.206023916602135,0.333349227905273,0.107267558574677,0.122072122991085,0.0332302674651146,0.100544199347496,0.300281077623367,0.102334015071392,-0.0466011092066765,0.146892368793488,0.114193812012672,0.0527109280228615,-0.0121681904420257,0.0944832414388657,0.498699992895126,0.343001574277878,0.00190106173977256,0.0682431310415268,0.152990967035294,0.117798238992691,0.146547079086304,0.248343095183372,0.0488084368407726,0.0536076836287975,0.29846727848053,0.112598747014999,0.817467629909515,0.192418456077576,0.366880238056183,0.0934621840715408,0.51533305644989,0.0802650153636932,0.520532429218292,0.152954250574112,0.194022804498672,0.35443902015686,0.114697173237801,0.101182654500008,-0.0217038225382566,0.133131951093674,0.223330616950989,0.145601540803909,-0.0353570431470871,0.171898990869522,0.164260998368263,0.0501993894577026,-0.0578956454992294,0.0623999089002609,0.496862173080444,0.277768403291702,-0.00861260201781988,0.0472924374043941,0.136321991682053,0.0917206630110741,0.10451976954937
