0,0.321318745613098,0.269308924674988,0.273118019104004,0.0777235627174377,-0.0342049673199654,-0.0988095328211784,0.0617230013012886,0.205492004752159,0.7142733335495,0.411710858345032,0.357747495174408,0.289186507463455,0.113277368247509,-0.0198821239173412,-0.103191711008549,0.0396826453506947,0.256396651268005,-0.196281775832176,0.213406100869179,0.0402138866484165,-0.0125342886894941,0.0117360455915332,-0.0669411867856979,0.00903225690126419,0.119665905833244,0.0632105842232704,0.0399453788995743,0.167208805680275,0.0105815045535564,-0.184443011879921,-0.173980042338371,-0.0116484444588423,0.08310217410326,0.0576363429427147,-0.0906648114323616,-0.025803592056036,0.126005038619041,0.026010274887085,0.346137464046478,0.0404864326119423,0.155884578824043,0.069324903190136,0.332892835140228,-0.0167507771402597,0.180333107709885,-0.212374314665794,0.301665604114532,-0.114873759448528,-0.0858177468180656,0.00475814333185554,0.20295138657093,-0.0498357713222504,0.260594367980957,0.439158469438553,-0.0083578834310174,0.0318249799311161,-0.0781071335077286,0.383995920419693,0.263785541057587,0.177967518568039,0.00286216242238879,0.318354457616806,-0.0254890639334917,-0.0461935736238956,0.115447670221329,0.016594497486949,0.100385434925556,0.390284448862076,0.198570221662521,0.299580037593842,0.144706130027771,0.0317347012460232,0.440199434757233,0.151439890265465,0.318414956331253,0.164979189634323,0.610901117324829,0.395240187644958,0.212832629680634,-0.145709410309792,0.504864573478699,0.0001557357609272,-0.0954636484384537,0.0266466084867716,0.250544339418411
0.321318745613098,0,0.264126241207123,0.270593911409378,0.113089807331562,0.0146905509755015,-0.079492412507534,0.0742174237966537,0.225773394107819,0.352330148220062,0.499560743570328,0.269138425588608,0.256428837776184,0.100915141403675,-0.00642680376768112,-0.0978397279977798,0.054687712341547,0.21049228310585,-0.110504731535912,0.255532681941986,0.0550572797656059,0.0978218391537666,0.0180458594113588,-0.0389100685715675,0.062615804374218,0.0623155124485493,0.140639781951904,0.0831964612007141,0.145755231380463,0.149009212851524,-0.0353739261627197,-0.104565717279911,0.0139100262895226,0.14744359254837,0.109869070351124,-0.070966824889183,0.0108271632343531,0.244681835174561,0.12424597889185,0.332583039999008,0.10862935334444,0.195566490292549,0.162027686834335,0.208042159676552,0.16853865981102,0.128510221838951,-0.122527815401554,0.223079055547714,-0.0481795221567154,-0.0601838789880276,0.155941694974899,0.283169567584991,-0.121967256069183,0.255280077457428,0.0601802282035351,0.100052706897259,0.0182441957294941,-0.0676330924034119,0.0631158500909805,-0.000615570636000484,0.133564680814743,0.0674955248832703,0.126256242394447,0.103805661201477,-0.0153618613258004,-0.0905288830399513,-0.0129795791581273,0.0899051204323769,0.145838037133217,-0.04438816010952,0.062993124127388,0.28223729133606,0.0787280350923538,0.307649105787277,0.0809954553842545,0.191674828529358,0.154175534844398,0.167838364839554,0.159924909472466,0.0635855719447136,-0.130604282021523,0.201236709952354,-0.0518810413777828,-0.0753891617059708,0.138401851058006,0.249440848827362
0.269308924674988,0.264126241207123,0,0.394759953022003,0.103553228080273,0.0236576236784458,-0.0225586593151093,0.14350189268589,0.15179555118084,0.301073372364044,0.285084426403046,0.601722717285156,0.381275177001953,0.0719392746686935,0.0163447037339211,-0.046199444681406,0.115777589380741,0.151513054966927,-0.0387960188090801,0.199207171797752,0.122414164245129,0.0041499943472445,0.00588519684970379,-0.0447635091841221,0.0130444848909974,0.0503757484257221,0.0714509189128876,0.00355294905602932,0.194313362240791,0.0286049023270607,-0.020091837272048,-0.0890468806028366,-0.0322847068309784,0.0229040011763573,0.230254113674164,-0.0229151323437691,0.141472414135933,0.1015934497118,-0.0171410199254751,0.197384938597679,0.0635457336902618,0.080822266638279,0.16300556063652,0.25471219420433,0.19112654030323,0.0511399507522583,-0.08917585760355,0.16931976377964,-0.055838905274868,-0.0671681761741638,0.0547730177640915,0.17890365421772,-0.0414569787681103,0.169704914093018,0.100359357893467,-0.0126970363780856,0.0365462116897106,-0.072480209171772,0.00474856374785304,0.0168827157467604,0.052839633077383,-0.000281017273664474,0.153541624546051,-0.00931391771882772,-0.0108845131471753,-0.101436406373978,-0.0186794102191925,0.00454364437609911,0.182889387011528,-0.0401138849556446,0.129832908511162,0.111125007271767,-0.0355668775737286,0.18596813082695,0.0596378222107887,0.0687550976872444,0.116912543773651,0.163096860051155,0.136923477053642,-0.0049271616153419,-0.0875907242298126,0.151127055287361,-0.065238818526268,-0.0652949810028076,0.0686609894037247,0.158271536231041
0.273118019104004,0.270593911409378,0.394759953022003,0,0.188674360513687,0.00454011233523488,-0.00798367336392403,0.0935388803482056,0.145326107740402,0.264392465353012,0.279784888029099,0.381848037242889,0.645410299301147,0.12476247549057,-0.00452724518254399,-0.0212441887706518,0.0919370353221893,0.146034568548203,-0.0381118655204773,0.289048254489899,-0.0367306619882584,0.0382468476891518,0.00105201883707196,-0.0263407342135906,-0.117845825850964,0.0053897500038147,-0.00755934230983257,0.0194936413317919,0.136482387781143,0.0514682605862617,-0.0451834797859192,-0.171082705259323,-0.0302306581288576,0.181334912776947,0.173260241746902,-0.107368744909763,0.0676996558904648,0.139026269316673,0.184716165065765,0.19750152528286,0.283538550138474,0.0224746055901051,0.108765214681625,0.139581397175789,0.165013432502747,0.111278295516968,-0.016815735027194,0.251293897628784,-0.0759621039032936,-0.0320996716618538,0.121643237769604,0.350461065769196,-0.00823019817471504,0.277006447315216,0.0118523128330708,0.0369229018688202,0.0123466420918703,-0.0461264215409756,-0.0631239712238312,-0.0257143676280975,0.00820294581353664,0.0166787207126617,0.145748674869537,0.0282520186156034,-0.0415021702647209,-0.143958240747452,0.00172470614779741,0.143478125333786,0.259752422571182,-0.0713946595788002,0.15464098751545,0.157106995582581,0.123772516846657,0.242045566439629,0.263142496347427,0.063728891313076,0.121393993496895,0.169700443744659,0.181358203291893,0.0819845348596573,-0.0316784083843231,0.30527600646019,-0.0700300484895706,-0.0561730712652206,0.121365450322628,0.339520424604416
0.0777235627174377,0.113089807331562,0.103553228080273,0.188674360513687,0,-0.0106640085577965,-0.0214682798832655,0.0148026095703244,0.0526979602873325,0.0910589918494225,0.0994920879602432,0.111865945160389,0.161843210458755,0.0435702055692673,-0.0128025365993381,-0.0368045195937157,0.0159720778465271,0.0577599294483662,-0.0143046593293548,0.10550070554018,-0.00113747036084533,0.00295436219312251,0.011018262244761,-0.0142204482108355,-0.0244088675826788,0.00386534188874066,-0.00995371770113707,-0.0110639231279492,0.0702140852808952,0.0062363538891077,-0.0342142470180988,-0.0408679023385048,-0.0115925231948495,0.0175918191671371,0.0720661357045174,-0.000484251388115808,0.0528043881058693,0.053526371717453,0.0643410086631775,0.0832386836409569,0.0821535736322403,0.00711226928979158,0.0502432137727737,0.0690101236104965,0.0640698969364166,0.0112547995522618,0.00151973101310432,0.109383523464203,-0.030403770506382,-0.0263684131205082,0.058350458741188,0.141378134489059,-0.00943815335631371,0.111386388540268,-0.0156497433781624,-0.00197021779604256,-0.0131800035014749,-0.0339531414210796,-0.038283683359623,-0.0162754002958536,-0.009699372574687,-0.00721190357580781,0.0618499405682087,-0.00671762647107244,-0.0293944496661425,-0.0494270473718643,-0.0190612114965916,0.0173965506255627,0.0854740217328072,-0.0128912404179573,0.0610346421599388,0.0540705062448978,0.0483835712075233,0.0736178010702133,0.0708480477333069,-0.00275079300627112,0.0228333920240402,0.0409115739166737,0.0488128811120987,-0.0121138775721192,-0.0117266084998846,0.0998579114675522,-0.0402581579983234,-0.0219922009855509,0.0400407761335373,0.123317360877991
-0.0342049673199654,0.0146905509755015,0.0236576236784458,0.00454011233523488,-0.0106640085577965,0,0.178227812051773,0.0207911338657141,0.0925939753651619,0.0599970407783985,-0.00627461215481162,0.0135853933170438,-0.00415873294696212,-0.0190144702792168,0.452872097492218,0.178633987903595,0.0406695455312729,0.0724236369132996,0.0690801665186882,0.047354556620121,0.144684821367264,0.0963570922613144,0.131285041570663,0.229331344366074,0.253424376249313,0.130946129560471,0.360494613647461,0.118181183934212,0.089149072766304,0.120750211179256,0.314623385667801,0.227844670414925,0.283173680305481,0.0883147940039635,-0.0341806784272194,0.0384267009794712,-0.0207992997020483,0.0820176005363464,0.0997146517038345,0.105831041932106,0.0604789070785046,0.275554597377777,0.238156005740166,-0.00324189267121255,0.186556443572044,0.0758644938468933,0.215715125203133,-0.0648073107004166,0.0622991062700748,0.158125326037407,0.119586057960987,0.0838722735643387,0.0254026930779219,0.0223216991871595,-0.015574349090457,0.0731856375932693,0.0853454396128654,0.210539549589157,0.104601584374905,0.0923583060503006,0.302309155464172,0.122151017189026,0.00461444724351168,0.10378972440958,0.295027941465378,0.130036935210228,0.242767080664635,0.0864170342683792,-0.135341659188271,-0.0643720924854279,-0.108649030327797,0.0543641149997711,0.101086005568504,0.0258377250283957,0.0555822737514973,0.215940475463867,0.149963736534119,-0.117333963513374,0.0465665347874165,0.0392445996403694,0.185705319046974,-0.10454548150301,0.0342564657330513,0.12854477763176,0.109528943896294,0.04582404717803
-0.0988095328211784,-0.079492412507534,-0.0225586593151093,-0.00798367336392403,-0.0214682798832655,0.178227812051773,0,-0.0130615122616291,-0.00397138623520732,-0.0353266298770905,-0.104188278317451,-0.0495584346354008,-0.0280209425836802,-0.0253474414348602,0.183596894145012,0.254812896251678,-0.0152971977367997,-0.0258637107908726,0.163127556443214,-0.0315331667661667,0.0451282858848572,0.0298788268119097,0.0757110565900803,0.184362784028053,0.0679227709770203,0.124641083180904,0.015474159270525,0.0586854740977287,0.0191115010529757,0.0387137047946453,0.172155380249023,0.174526944756508,0.076660729944706,0.033927146345377,0.0224770028144121,0.0744379833340645,0.0733039230108261,-0.0104480748996139,0.065048411488533,-0.120830200612545,0.0796459466218948,-0.0287416893988848,-0.000983254634775221,-0.129768833518028,0.063061811029911,0.0305551216006279,0.239422857761383,-0.0533095151185989,0.0454584173858166,0.134088546037674,0.0186601001769304,0.0364054404199123,0.0962275937199593,-0.0511844530701637,-0.0816060230135918,0.0182487666606903,0.0223684757947922,0.159306064248085,-0.0453250706195831,0.0737095400691032,-0.0214990843087435,0.0480658486485481,-0.0300983339548111,0.0370649620890617,0.101096108555794,0.081863559782505,0.0588841885328293,0.0349539332091808,-0.0658328160643578,-0.031695544719696,-0.0349861420691013,-0.0305307153612375,0.0658845752477646,-0.140753105282784,0.072388619184494,-0.0559812560677528,-0.0249256454408169,-0.200905352830887,-0.0349315069615841,0.0332071110606194,0.190012261271477,-0.113036900758743,0.0163458250463009,0.108909152448177,0.00705238850787282,-0.00341716199181974
0.0617230013012886,0.0742174237966537,0.14350189268589,0.0935388803482056,0.0148026095703244,0.0207911338657141,-0.0130615122616291,0,0.0525824278593063,0.0353512465953827,0.0750063359737396,0.130310192704201,0.0932727456092834,0.0104939443990588,0.0329827032983303,-0.0041657155379653,0.107852041721344,0.0632835924625397,-0.0315057411789894,0.0892409756779671,-0.0651321783661842,0.0256303250789642,0.000984309823252261,-0.00758711341768503,-0.0501913912594318,-0.0276418905705214,0.0581216812133789,0.0267882794141769,0.0240881647914648,0.0143285477533937,0.0661281570792198,-0.0628519877791405,0.022184144705534,0.038960624486208,-0.0368454046547413,-0.0906115099787712,-0.0796180590987206,0.0484938770532608,0.0194044765084982,0.0700382143259048,0.00745874550193548,0.0508662052452564,0.118362203240395,-0.00889670662581921,0.00796439405530691,0.0080467127263546,0.00442689377814531,-0.00422664498910308,-0.00490010250359774,0.000815104518551379,0.044889897108078,0.0849268883466721,-0.0245602689683437,0.0768958628177643,-0.0407950840890408,0.0301696006208658,-0.0070763798430562,0.000564410293009132,-0.022059228271246,0.00692141614854336,0.0766802355647087,0.0394244231283665,0.030330453068018,0.00666461605578661,0.0653293132781982,-0.045598566532135,0.00999817717820406,0.0395236387848854,-0.00590435555204749,-0.087532564997673,-0.0236267317086458,0.0559114962816238,0.00909181032329798,0.0805884003639221,0.0262953136116266,0.0612118095159531,0.101717546582222,0.0177882742136717,0.030146386474371,0.0130818029865623,0.010956902988255,0.0512731075286865,-0.0155744906514883,-0.00179657049011439,0.0544827915728092,0.0820456221699715
0.205492004752159,0.225773394107819,0.15179555118084,0.145326107740402,0.0526979602873325,0.0925939753651619,-0.00397138623520732,0.0525824278593063,0,0.225982338190079,0.23898284137249,0.136722549796104,0.139784500002861,0.0518147870898247,0.0777155235409737,-0.0222360510379076,0.0440016761422157,0.202116578817368,-0.043696366250515,0.166134372353554,0.0190354343503714,0.0755004733800888,0.0195305235683918,0.0179656185209751,0.0380462072789669,0.0179160591214895,0.133106291294098,0.0283305365592241,0.0811870098114014,0.113574877381325,0.0227084383368492,-0.047742523252964,0.0690028443932533,0.107312671840191,0.0402061194181442,-0.0563834272325039,-0.00656442437320948,0.188814088702202,0.0839373096823692,0.197296962141991,0.0652027279138565,0.160351172089577,0.139339819550514,0.103857561945915,0.0811192467808723,0.0581664927303791,-0.00744313048198819,0.11351190507412,-0.0312291849404573,-0.0186865329742432,0.11994680762291,0.184043228626251,-0.0346115045249462,0.170776546001434,0.0515502952039242,0.0717040374875069,0.0320504046976566,-0.000930672220420092,0.0619298033416271,0.0247461199760437,0.152440622448921,0.0168354585766792,0.0931905061006546,0.100397817790508,0.0612666010856628,-0.00971677713096142,0.0462697930634022,0.0659424886107445,0.0831880047917366,-0.0313544049859047,0.0418397523462772,0.197275936603546,0.0662408396601677,0.186014443635941,0.0542961433529854,0.182720273733139,0.13891214132309,0.102988637983799,0.1217892318964,0.0233406499028206,-0.00954917259514332,0.142833635210991,-0.0403837375342846,-0.00601372588425875,0.12268154323101,0.168639853596687
0.7142733335495,0.352330148220062,0.301073372364044,0.264392465353012,0.0910589918494225,0.0599970407783985,-0.0353266298770905,0.0353512465953827,0.225982338190079,0,0.314394325017929,0.280502587556839,0.218125000596046,0.100418716669083,0.0440804921090603,-0.0548176430165768,0.0295482072979212,0.217996761202812,-0.0938060581684113,0.216644808650017,0.288487195968628,0.0187882911413908,0.046628262847662,-0.0549276545643806,0.221777558326721,0.250910371541977,0.14644493162632,-0.0505822561681271,0.207886010408401,0.0273327454924583,-0.0193429011851549,0.0455052256584167,0.0418348982930183,0.1626056432724,0.22102864086628,0.0888828486204147,0.174077302217484,0.135502547025681,0.232799008488655,0.305205196142197,0.247083276510239,0.236022114753723,0.0822811126708984,0.473945379257202,0.263562023639679,0.271545350551605,-0.143849596381187,0.360573709011078,-0.0196931716054678,-0.0112896282225847,0.0133616225793958,0.214386835694313,-0.154679551720619,0.155042827129364,0.129941299557686,0.00645937817171216,0.0260310620069504,-0.0839793682098389,0.10310024023056,0.129771202802658,0.0967239737510681,-0.0339869670569897,0.0874627456068993,0.0109544238075614,-0.0207888931035995,-0.00565684493631124,0.0220763944089413,0.101074479520321,0.120075277984142,0.010583620518446,0.032836802303791,0.155063480138779,0.121718421578407,0.251591891050339,0.135929301381111,0.154267951846123,0.0469983406364918,0.219816744327545,0.0653158724308014,0.0992481410503387,-0.122891634702682,0.29258731007576,-0.0372187905013561,-0.0610512383282185,0.0304665006697178,0.161264672875404
0.411710858345032,0.499560743570328,0.285084426403046,0.279784888029099,0.0994920879602432,-0.00627461215481162,-0.104188278317451,0.0750063359737396,0.23898284137249,0.314394325017929,0,0.334420800209045,0.304890722036362,0.110706150531769,-0.0165641065686941,-0.109275199472904,0.0900960117578506,0.251411825418472,-0.189824461936951,0.280766218900681,-0.0269017145037651,0.0783959850668907,0.0120420129969716,-0.0649041533470154,-0.0104681001976132,-0.0116707282140851,0.13416200876236,0.0734945982694626,0.115756250917912,0.122192569077015,-0.0727265328168869,-0.19868828356266,0.00734310084953904,0.100680410861969,0.0127741172909737,-0.155856966972351,-0.0735566318035126,0.242916420102119,0.0446336939930916,0.34071296453476,0.0477783679962158,0.188823759555817,0.184991836547852,0.165652930736542,0.0673452019691467,0.0834785997867584,-0.174983382225037,0.201859816908836,-0.08966114372015,-0.0894595831632614,0.15217413008213,0.27380034327507,-0.142236039042473,0.301670998334885,0.157511651515961,0.0929334536194801,0.0109811127185822,-0.0938834995031357,0.150879949331284,0.003442935179919,0.195750072598457,0.0380821861326694,0.185732498764992,0.0814134478569031,-0.012839799746871,-0.0566830821335316,0.00558762019500136,0.10567494481802,0.2350192964077,-0.00622389232739806,0.153310805559158,0.282494336366653,0.033481378108263,0.398610323667526,0.090349018573761,0.269539177417755,0.210931465029716,0.300037860870361,0.26954773068428,0.0675156563520432,-0.151533231139183,0.289785653352737,-0.0382297821342945,-0.111339196562767,0.149004265666008,0.287049114704132
0.357747495174408,0.269138425588608,0.601722717285156,0.381848037242889,0.111865945160389,0.0135853933170438,-0.0495584346354008,0.130310192704201,0.136722549796104,0.280502587556839,0.334420800209045,0,0.407960712909698,0.0879111662507057,0.00988641753792763,-0.0456328019499779,0.145850002765656,0.154683947563171,-0.0780586376786232,0.203995034098625,0.0523600950837135,-0.0206965561956167,-0.0122982496395707,-0.0569377243518829,-0.0298302322626114,0.0221083611249924,0.0627413988113403,0.0193478278815746,0.178870975971222,0.00872800871729851,-0.064829483628273,-0.163218453526497,-0.0384051315486431,0.00479598389938474,0.187436759471893,-0.0657259821891785,0.106523424386978,0.102755680680275,-0.0185583420097828,0.21593151986599,0.0487877428531647,0.0486859232187271,0.160177275538445,0.217070072889328,0.0957878902554512,0.064274825155735,-0.110972873866558,0.161743521690369,-0.0930440425872803,-0.0902862250804901,0.053937342017889,0.181405663490295,-0.0340694896876812,0.231280267238617,0.179434031248093,-0.0451942384243011,0.0227205511182547,-0.0794461816549301,0.0688527375459671,0.0494002811610699,0.0723228454589844,-0.0148602370172739,0.235160678625107,-0.0261753331869841,-0.0128565523773432,-0.0725051686167717,0.0022116529289633,0.0142881851643324,0.27644219994545,0.0388903096318245,0.225429639220238,0.11367492377758,-0.0650519877672195,0.255003690719604,0.0570991858839989,0.109882548451424,0.181271404027939,0.281419396400452,0.215564489364624,0.0200979132205248,-0.100529484450817,0.21521133184433,-0.0622691921889782,-0.067863941192627,0.0474789217114449,0.200055092573166
0.289186507463455,0.256428837776184,0.381275177001953,0.645410299301147,0.161843210458755,-0.00415873294696212,-0.0280209425836802,0.0932727456092834,0.139784500002861,0.218125000596046,0.304890722036362,0.407960712909698,0,0.145725801587105,-0.00398072181269526,-0.0132424207404256,0.11420901119709,0.160536408424377,-0.0422700829803944,0.262883961200714,-0.0464931391179562,0.0334667712450027,0.01017701998353,-0.0258027091622353,-0.122256606817245,-0.00826721917837858,-0.0179477389901876,0.050853293389082,0.126927316188812,0.0482959896326065,-0.0847313404083252,-0.181816056370735,-0.0328459329903126,0.146096587181091,0.141399145126343,-0.126773729920387,0.0479957684874535,0.144544169306755,0.109895184636116,0.20688870549202,0.217774838209152,0.00881569273769855,0.0988674312829971,0.114465720951557,0.116897538304329,0.093652069568634,-0.0361758954823017,0.224687486886978,-0.0963063463568687,-0.0584683194756508,0.12068197876215,0.318527668714523,0.0131689524278045,0.285168260335922,0.029246224090457,0.02466737665236,0.0143529577180743,-0.0240471977740526,-0.042849563062191,0.0200661048293114,-0.00154246075544506,0.0353769697248936,0.187081903219223,0.0241866577416658,-0.0530101917684078,-0.1281658411026,-0.00927299633622169,0.142305672168732,0.293424040079117,-0.0500994808971882,0.191497385501862,0.161034658551216,0.116716787219048,0.248645052313805,0.279540807008743,0.0735946595668793,0.123066358268261,0.197110369801521,0.195442616939545,0.0852180793881416,-0.00514295650646091,0.319491267204285,-0.0868929028511047,-0.0501407161355019,0.124241255223751,0.369754016399384
0.113277368247509,0.100915141403675,0.0719392746686935,0.12476247549057,0.0435702055692673,-0.0190144702792168,-0.0253474414348602,0.0104939443990588,0.0518147870898247,0.100418716669083,0.110706150531769,0.0879111662507057,0.145725801587105,0,-0.00946971215307713,-0.0275472421199083,0.00599829945713282,0.0907408520579338,-0.0180119797587395,0.127367541193962,-0.0407163016498089,0.0198315847665071,0.0061961030587554,-0.0240317303687334,-0.0371095053851604,-0.0211466569453478,0.00916427467018366,-0.00948313344269991,0.0280737206339836,0.0248799417167902,-0.0341469161212444,-0.0608893930912018,-0.00046709828893654,0.0500362366437912,0.0185444448143244,-0.0515756160020828,-0.0084356889128685,0.0698298439383507,0.0615232512354851,0.0877584517002106,0.0618340373039246,0.0383728072047234,0.0540085509419441,0.0336082279682159,0.0517220422625542,0.0163650587201118,-0.0110299671068788,0.0848800912499428,-0.045998677611351,-0.0178954619914293,0.0750342160463333,0.121820606291294,-0.0114684496074915,0.106983505189419,0.00294091738760471,0.0229127202183008,0.00298632634803653,-0.0254564620554447,-0.00401295954361558,-0.0129837282001972,0.0269288942217827,-0.0139603754505515,0.0340133383870125,0.0262747276574373,-0.00978337321430445,-0.0291788745671511,-0.00770595017820597,0.064104400575161,0.0775905102491379,-0.0361575782299042,0.0550839751958847,0.0828718319535255,0.0640077292919159,0.0928580686450005,0.0795048773288727,0.0489839278161526,0.0716888159513474,0.0648067519068718,0.0954508781433105,0.00480836164206266,-0.00900458544492722,0.120673142373562,-0.0283543467521667,-0.0267950519919395,0.062158327549696,0.13667157292366
-0.0198821239173412,-0.00642680376768112,0.0163447037339211,-0.00452724518254399,-0.0128025365993381,0.452872097492218,0.183596894145012,0.0329827032983303,0.0777155235409737,0.0440804921090603,-0.0165641065686941,0.00988641753792763,-0.00398072181269526,-0.00946971215307713,0,0.232596158981323,0.0312763229012489,0.0739334747195244,0.0525649450719357,0.0408424288034439,0.126462072134018,0.0745647698640823,0.106677785515785,0.237170204520226,0.232157900929451,0.134350746870041,0.335878401994705,0.110040210187435,0.0904118046164513,0.0953925177454948,0.322120666503906,0.188251465559006,0.283974230289459,0.100470140576363,-0.0386910252273083,0.0044774585403502,-0.0468525774776936,0.0575837679207325,0.0949009209871292,0.0850618705153465,0.0708450749516487,0.258516877889633,0.241230905056,-0.028859056532383,0.170664772391319,0.0692447796463966,0.209045007824898,-0.0743743404746056,0.0456805899739265,0.130893215537071,0.103715732693672,0.0843054503202438,0.0343687385320663,0.03786526247859,0.041911069303751,0.0636732131242752,0.102872535586357,0.224397748708725,0.14480060338974,0.134776666760445,0.314549803733826,0.0957509875297546,0.0511335358023643,0.0858511850237846,0.289070129394531,0.157616257667542,0.285358995199203,0.0832140743732452,-0.100929871201515,-0.055336270481348,-0.0813588947057724,0.0423470698297024,0.115319848060608,0.0533800534904003,0.0603701248764992,0.241767570376396,0.171682342886925,-0.0839990898966789,0.08340223133564,0.0555146299302578,0.209234356880188,-0.0783595815300941,0.0207839775830507,0.143136143684387,0.107868298888206,0.0784917697310448
-0.103191711008549,-0.0978397279977798,-0.046199444681406,-0.0212441887706518,-0.0368045195937157,0.178633987903595,0.254812896251678,-0.0041657155379653,-0.0222360510379076,-0.0548176430165768,-0.109275199472904,-0.0456328019499779,-0.0132424207404256,-0.0275472421199083,0.232596158981323,0,0.0140540795400739,-0.00186397472862154,0.123226970434189,-0.0323309935629368,0.0401813574135303,0.0206629410386086,0.0785093978047371,0.16687037050724,0.050057664513588,0.11697069555521,0.00691855698823929,0.00740985944867134,0.0186864361166954,0.0189901553094387,0.145946159958839,0.130883261561394,0.099658876657486,0.0455492027103901,0.00303997751325369,0.0397738628089428,0.0441735684871674,-0.0590808428823948,0.0589587055146694,-0.105429016053677,0.0866009071469307,-0.0208220649510622,0.0023070783354342,-0.111431285738945,0.0445182621479034,0.033923827111721,0.20232854783535,-0.0566609241068363,0.0424934960901737,0.105267822742462,0.0174527429044247,0.0252106543630362,0.105204239487648,-0.043884415179491,-0.0335497446358204,0.00804662331938744,0.0358536615967751,0.17151939868927,-0.00692600198090076,0.123299166560173,-0.0155603857710958,0.00420086504891515,-0.00558017008006573,0.0169262886047363,0.111069150269032,0.0900953859090805,0.104361280798912,0.04615543410182,-0.0271460805088282,-0.0184370279312134,0.00558350142091513,-0.0732844769954681,0.0749347135424614,-0.134676471352577,0.0896677896380424,-0.0441709831357002,-0.0349909029901028,-0.148778483271599,-0.0217704456299543,0.036837212741375,0.210322245955467,-0.0724881067872047,0.0199599452316761,0.134099766612053,0.00679247034713626,0.0248481780290604
0.0396826453506947,0.054687712341547,0.115777589380741,0.0919370353221893,0.0159720778465271,0.0406695455312729,-0.0152971977367997,0.107852041721344,0.0440016761422157,0.0295482072979212,0.0900960117578506,0.145850002765656,0.11420901119709,0.00599829945713282,0.0312763229012489,0.0140540795400739,0,0.0685516074299812,-0.0245826505124569,0.0906001999974251,-0.0556480661034584,0.0276341512799263,0.0125310234725475,-0.00584207708016038,-0.029057240113616,-0.0369340479373932,0.0769691988825798,0.0346346870064735,0.0110047301277518,0.0279024951159954,0.049951396882534,-0.0732733383774757,0.00373743404634297,0.0268117692321539,-0.0289077367633581,-0.0809260010719299,-0.0651218891143799,0.0434483252465725,0.00337886367924511,0.0587617456912994,-0.00683994172140956,0.0681712478399277,0.120714396238327,-0.0236561931669712,0.0186277497559786,0.00158669718075544,0.00822871457785368,-0.0307295154780149,-0.014191304333508,-0.0174299068748951,0.0368598662316799,0.0582566745579243,-0.0189530290663242,0.0734768137335777,-0.045062281191349,0.025553161278367,0.00260970857925713,0.0175657141953707,-0.0287692174315453,-0.0198631603270769,0.0670445635914803,0.0347044728696346,0.0193033646792173,0.0161859225481749,0.0489126518368721,-0.0432070270180702,0.0229280516505241,0.0318463779985905,-0.0208330918103456,-0.108201734721661,-0.0351700559258461,0.0455709062516689,-0.0046923914924264,0.0673307403922081,-0.00131952215451747,0.0651633143424988,0.115040458738804,0.00755593599751592,0.0111476667225361,0.00434236507862806,0.0182751212269068,0.0127171277999878,-0.0160093866288662,-1.05611979961395e-06,0.0442284569144249,0.061883382499218
0.256396651268005,0.21049228310585,0.151513054966927,0.146034568548203,0.0577599294483662,0.0724236369132996,-0.0258637107908726,0.0632835924625397,0.202116578817368,0.217996761202812,0.251411825418472,0.154683947563171,0.160536408424377,0.0907408520579338,0.0739334747195244,-0.00186397472862154,0.0685516074299812,0,-0.0600820258259773,0.162358820438385,0.0309916045516729,0.0591396950185299,0.0416054353117943,0.0201840046793222,0.0525514371693134,0.036833617836237,0.122086018323898,0.0333485752344131,0.0892478302121162,0.104737624526024,0.0153638813644648,-0.0340563841164112,0.0723055824637413,0.0810298547148705,0.022534666582942,-0.0629484429955482,-0.00685185845941305,0.175528660416603,0.070757657289505,0.185153543949127,0.0588595792651176,0.152673661708832,0.138764351606369,0.096948005259037,0.0793400332331657,0.0628230720758438,0.00687667494639754,0.125870406627655,-0.042931467294693,0.0213554296642542,0.167252331972122,0.191643625497818,-0.00918022450059652,0.184415951371193,0.101900614798069,0.0732408687472343,0.0278090387582779,0.016675191000104,0.108222179114819,0.0435445830225945,0.150520920753479,0.0266103427857161,0.123352505266666,0.0944038107991219,0.0725014731287956,0.0211410913616419,0.0631650686264038,0.0989601463079453,0.120476365089417,0.00794126186519861,0.087129645049572,0.192492410540581,0.070152148604393,0.198474109172821,0.0794601812958717,0.192579954862595,0.144733741879463,0.146337777376175,0.164682865142822,0.0566892847418785,0.0211199447512627,0.16354139149189,0.001275246264413,-0.000764559779781848,0.1318329423666,0.208388954401016
-0.196281775832176,-0.110504731535912,-0.0387960188090801,-0.0381118655204773,-0.0143046593293548,0.0690801665186882,0.163127556443214,-0.0315057411789894,-0.043696366250515,-0.0938060581684113,-0.189824461936951,-0.0780586376786232,-0.0422700829803944,-0.0180119797587395,0.0525649450719357,0.123226970434189,-0.0245826505124569,-0.0600820258259773,0,-0.00137504062149674,0.202784970402718,0.0718895122408867,0.0411550886929035,0.285014539957047,0.167444467544556,0.24675327539444,-0.181502237915993,0.0832997113466263,0.0943619534373283,0.0965903773903847,0.00454852404072881,0.520158648490906,-0.000926111999433488,0.0379726104438305,0.517598867416382,0.188434734940529,0.579562306404114,-0.0185071956366301,0.126900851726532,-0.106484480202198,0.241394549608231,-0.0846936479210854,-0.143686771392822,0.0246234517544508,0.163201779127121,0.125688552856445,0.756220281124115,0.267211645841599,0.0940500497817993,0.146728619933128,0.202604502439499,0.185609430074692,0.68553751707077,-0.0245816726237535,0.000332568772137165,0.0467477403581142,0.020868020132184,0.23749066889286,-0.0107658812776208,0.174684152007103,-0.215215131640434,0.0889023318886757,0.0231343731284142,0.0931396558880806,-0.0658632442355156,0.269692927598953,0.0260144863277674,0.0516557432711124,0.249200195074081,0.130814492702484,0.266743391752243,-0.0535743124783039,0.168284565210342,-0.160151675343513,0.179991617798805,-0.150683790445328,-0.123405292630196,-0.11011017113924,0.00495726382359862,0.104617975652218,0.646230459213257,0.0991172343492508,0.0351057201623917,0.15762223303318,0.197386026382446,0.143743500113487
0.213406100869179,0.255532681941986,0.199207171797752,0.289048254489899,0.10550070554018,0.047354556620121,-0.0315331667661667,0.0892409756779671,0.166134372353554,0.216644808650017,0.280766218900681,0.203995034098625,0.262883961200714,0.127367541193962,0.0408424288034439,-0.0323309935629368,0.0906001999974251,0.162358820438385,-0.00137504062149674,0,-0.0967745333909988,0.184219747781754,0.0497103706002235,0.0381398722529411,-0.119144231081009,-0.013893024995923,0.00965479668229818,0.0268563721328974,0.204494580626488,0.209057867527008,-0.100704982876778,-0.256933629512787,0.0072049992159009,0.37483948469162,0.196777924895287,-0.241501942276955,0.0278644934296608,0.292151629924774,0.337424099445343,0.406943500041962,0.395111262798309,0.1033745855093,0.275268733501434,0.238424316048622,0.35359063744545,0.279351860284805,0.0784439146518707,0.404605537652969,-0.12104681879282,-0.0514196082949638,0.296537399291992,0.573652446269989,0.0476443134248257,0.586824774742126,-0.093861386179924,0.199976354837418,0.00801288522779942,0.0242334417998791,-0.0965190753340721,0.0125030428171158,0.0528029501438141,0.0403648316860199,0.176089212298393,0.183422684669495,-0.0477470420300961,-0.22565983235836,0.0329246260225773,0.356071770191193,0.301524817943573,-0.249294027686119,0.111751355230808,0.288298934698105,0.299637883901596,0.439892560243607,0.387581676244736,0.167693302035332,0.279168665409088,0.228799924254417,0.310223013162613,0.229445770382881,0.0730302184820175,0.481393724679947,-0.144286081194878,-0.0750771537423134,0.237683236598969,0.556203961372375
0.0402138866484165,0.0550572797656059,0.122414164245129,-0.0367306619882584,-0.00113747036084533,0.144684821367264,0.0451282858848572,-0.0651321783661842,0.0190354343503714,0.288487195968628,-0.0269017145037651,0.0523600950837135,-0.0464931391179562,-0.0407163016498089,0.126462072134018,0.0401813574135303,-0.0556480661034584,0.0309916045516729,0.202784970402718,-0.0967745333909988,0,-0.118108637630939,0.0735848024487495,0.184754431247711,0.753621280193329,0.596501171588898,0.212105765938759,-0.11301214993,0.315156400203705,-0.0744044184684753,0.12364287674427,0.517382740974426,0.179233849048615,-0.0908833146095276,0.591505765914917,0.489215910434723,0.551995038986206,-0.0960797592997551,-0.0283108483999968,0.136023953557014,0.12456975877285,0.343178451061249,-0.0412026420235634,0.755798399448395,0.436068773269653,0.391967624425888,0.0330508537590504,0.440561383962631,0.0206108223646879,0.0136377345770597,-0.0290427319705486,-0.044969204813242,0.0203348118811846,-0.112223379313946,0.647167444229126,-0.186750367283821,0.0606164783239365,0.0866956189274788,0.512994885444641,0.288802534341812,0.078587181866169,-0.0924509763717651,0.0909047871828079,-0.0813475996255875,0.0503925569355488,0.299147337675095,0.126554816961288,-0.0866376459598541,0.23141385614872,0.33227351307869,0.194951370358467,-0.109426863491535,-0.0128960162401199,-0.0258641615509987,0.0408838242292404,0.171153530478477,-0.126202866435051,0.265201687812805,0.0569185875356197,0.148705944418907,0.0282489508390427,0.0493202246725559,0.0412676520645618,0.0110196331515908,-0.00842790305614471,-0.11290829628706
-0.0125342886894941,0.0978218391537666,0.0041499943472445,0.0382468476891518,0.00295436219312251,0.0963570922613144,0.0298788268119097,0.0256303250789642,0.0755004733800888,0.0187882911413908,0.0783959850668907,-0.0206965561956167,0.0334667712450027,0.0198315847665071,0.0745647698640823,0.0206629410386086,0.0276341512799263,0.0591396950185299,0.0718895122408867,0.184219747781754,-0.118108637630939,0,0.0200435947626829,0.336445063352585,0.0267820358276367,-0.14149098098278,0.112581871449947,0.260667443275452,0.0369810126721859,0.929113745689392,-0.0115422587841749,-0.141147941350937,0.140238523483276,0.354016959667206,-0.0395508296787739,-0.196996480226517,-0.105218961834908,0.886217534542084,0.301820337772369,0.0895141065120697,0.297325819730759,0.24878054857254,0.0707815587520599,-0.027969328686595,0.122489929199219,0.65101945400238,0.194667473435402,0.07048599421978,-0.0460689812898636,0.0128715382888913,0.209347546100616,0.252236038446426,0.0759534612298012,0.17937907576561,-0.219184219837189,0.975811123847961,0.00254362169653177,0.388097554445267,-0.0497063733637333,-0.0637377053499222,0.155553668737411,0.322529286146164,0.0058114854618907,0.919870972633362,-0.0203879978507757,-0.183152973651886,0.166217252612114,0.323500037193298,-0.0686168447136879,-0.241004511713982,-0.146911695599556,0.852305054664612,0.345463514328003,0.0988746508955956,0.300283193588257,0.299991607666016,0.0923192426562309,-0.0725560411810875,0.0268007572740316,0.599817156791687,0.158000215888023,0.104930467903614,-0.0680537670850754,0.0173173099756241,0.167609691619873,0.227719634771347
0.0117360455915332,0.0180458594113588,0.00588519684970379,0.00105201883707196,0.011018262244761,0.131285041570663,0.0757110565900803,0.000984309823252261,0.0195305235683918,0.046628262847662,0.0120420129969716,-0.0122982496395707,0.01017701998353,0.0061961030587554,0.106677785515785,0.0785093978047371,0.0125310234725475,0.0416054353117943,0.0411550886929035,0.0497103706002235,0.0735848024487495,0.0200435947626829,0,0.16100224852562,0.116497173905373,0.141210734844208,0.0661762952804565,0.0301056001335382,0.0968417152762413,0.0419004857540131,0.0978525504469872,0.114467896521091,0.100261226296425,0.0308385565876961,0.0593319535255432,0.0401708111166954,0.0682133659720421,0.023578217253089,0.0434602312743664,0.0462967455387115,0.049931213259697,0.0515298955142498,0.0603590272367001,0.037127397954464,0.0690005794167519,0.0870738923549652,0.0994188785552979,0.0621260739862919,0.0332841649651527,0.103003911674023,0.0473427064716816,0.0967858880758286,0.0180308036506176,0.0231009367853403,0.0295496433973312,0.00702768191695213,0.0482601746916771,0.128207892179489,0.0712239071726799,0.113067962229252,0.0648572146892548,0.0159754306077957,0.059514693915844,0.0392380766570568,0.0875965803861618,0.0732999667525291,0.0835907757282257,0.0146870305761695,0.0416482985019684,0.0125747909769416,0.0326132848858833,0.0153520731255412,0.0356856547296047,0.029766533523798,0.04096494987607,0.061720110476017,0.0277182292193174,-0.0145171517506242,0.0364392139017582,0.0681635513901711,0.0740294381976128,0.0307119451463223,0.0170448869466782,0.0478015802800655,0.024784330278635,0.0833826959133148
-0.0669411867856979,-0.0389100685715675,-0.0447635091841221,-0.0263407342135906,-0.0142204482108355,0.229331344366074,0.184362784028053,-0.00758711341768503,0.0179656185209751,-0.0549276545643806,-0.0649041533470154,-0.0569377243518829,-0.0258027091622353,-0.0240317303687334,0.237170204520226,0.16687037050724,-0.00584207708016038,0.0201840046793222,0.285014539957047,0.0381398722529411,0.184754431247711,0.336445063352585,0.16100224852562,0,0.31051304936409,0.347538769245148,0.0980750992894173,0.518499195575714,0.11366081982851,0.513931691646576,0.190538227558136,0.240121319890022,0.331773906946182,0.11337236315012,0.145875215530396,0.0453033447265625,0.108505070209503,0.303515017032623,0.104087300598621,-0.041867058724165,0.150324419140816,0.118126548826694,0.0427636168897152,-0.0294203460216522,0.122765816748142,0.49346387386322,0.351819187402725,0.0360752418637276,0.0781687125563622,0.159596771001816,0.131461054086685,0.150766059756279,0.250336557626724,0.0474137701094151,0.0246817991137505,0.308059096336365,0.0965605527162552,0.812877833843231,0.184863090515137,0.35346794128418,0.096384160220623,0.476208657026291,0.0771053954958916,0.508530139923096,0.154345437884331,0.203103631734848,0.353086680173874,0.112080700695515,0.103118434548378,-0.0241584088653326,0.112902641296387,0.224680095911026,0.148879885673523,-0.0389500632882118,0.182707786560059,0.156318426132202,0.0415512397885323,-0.0991402119398117,0.0541459545493126,0.485756665468216,0.275639146566391,0.0140661289915442,0.0381148867309093,0.14666835963726,0.109403677284718,0.105540961027145
