0 0.34592 0.27518 0.274 0.073026 -0.011944 -0.099072 0.065792 0.22079 0.72316 0.43356 0.36581 0.28552 0.10607 -0.0061831 -0.096808 0.04219 0.26745 -0.17614 0.21733 0.086075 -0.020064 0.023342 -0.062308 0.052627 0.14568 0.095811 0.00064486 0.20881 0.0099382 -0.15025 -0.13478 0.009263 0.072575 0.1257 -0.033003 0.037134 0.11875 -0.0062813 0.35813 0.038241 0.19695 0.095017 0.36241 0.057758 0.14185 -0.19605 0.33706 -0.096931 -0.071932 0.031989 0.21608 -0.09539 0.26735 0.451 -0.025076 0.043763 -0.10041 0.39678 0.25701 0.20073 -0.019818 0.34758 -0.041443 -0.023715 0.12102 0.024878 0.083836 0.40229 0.24719 0.31749 0.1306 -0.0020372 0.43964 0.13331 0.33109 0.18074 0.60861 0.42381 0.16561 -0.13789 0.5105 0.020796 -0.084636 0.043799 0.26282
0.34592 0 0.2769 0.29329 0.11859 0.010612 -0.086169 0.07718 0.23487 0.36404 0.50587 0.28637 0.27397 0.099672 -0.0049569 -0.10308 0.05646 0.22702 -0.095068 0.26219 0.073598 0.084053 0.025697 -0.047281 0.076298 0.078902 0.14605 0.078708 0.17021 0.13525 -0.02901 -0.081637 0.016706 0.12207 0.16024 -0.039557 0.042345 0.24359 0.082845 0.33649 0.093808 0.20407 0.16873 0.23495 0.19483 0.10455 -0.11775 0.25062 -0.041216 -0.051441 0.17143 0.28627 -0.11783 0.26509 0.080606 0.080283 0.023964 -0.078328 0.083999 0.0087386 0.13231 0.068671 0.14271 0.088381 -0.0059128 -0.073189 -0.0044168 0.057728 0.17952 -0.01473 0.092934 0.27483 0.039183 0.31513 0.072629 0.1902 0.15929 0.19585 0.18608 0.043423 -0.12648 0.22913 -0.034882 -0.066609 0.14795 0.25988
0.27518 0.2769 0 0.38894 0.10583 0.03416 -0.02576 0.14286 0.15818 0.3064 0.28998 0.58667 0.37317 0.069352 0.024052 -0.041631 0.11543 0.15755 -0.038098 0.20994 0.13351 0.0036269 0.0080611 -0.040999 0.042782 0.075492 0.081333 0.0016142 0.20465 0.031758 -0.006966 -0.066395 -0.031478 0.035202 0.2483 0.0092848 0.14555 0.10114 -0.018738 0.21509 0.070863 0.094501 0.18133 0.26999 0.21813 0.046894 -0.078032 0.20822 -0.050187 -0.056767 0.08335 0.18893 -0.052372 0.18926 0.11158 -0.015403 0.039123 -0.068954 0.03148 0.032411 0.062108 0.012521 0.169 -0.0078461 -0.00048476 -0.079765 -0.014216 0.008885 0.20155 -0.01314 0.1358 0.1115 -0.037064 0.20104 0.078356 0.068015 0.13506 0.17256 0.16834 -0.0018368 -0.075683 0.1871 -0.055752 -0.058798 0.091043 0.17204
0.274 0.29329 0.38894 0 0.19333 0.019249 -0.0030638 0.10521 0.1501 0.26061 0.29742 0.37465 0.64029 0.12741 0.008827 -0.019354 0.099224 0.15671 -0.028312 0.30428 -0.015731 0.059777 0.010166 6.3406e-05 -0.087099 0.035082 0.0057435 0.033873 0.1563 0.071344 -0.029115 -0.14686 -0.011797 0.18833 0.20801 -0.087295 0.067591 0.14929 0.18311 0.21209 0.29398 0.043267 0.13079 0.16532 0.19928 0.12577 0.0035952 0.27906 -0.071023 -0.01596 0.15274 0.36497 -0.0099316 0.30034 0.014102 0.057162 0.019205 -0.021592 -0.046858 -0.0041035 0.020721 0.041179 0.14878 0.048769 -0.020844 -0.13029 0.017113 0.14738 0.26786 -0.060424 0.14815 0.1661 0.12177 0.25814 0.28006 0.076247 0.13526 0.18189 0.20327 0.10225 -0.0155 0.32555 -0.061274 -0.04834 0.14839 0.35267
0.073026 0.11859 0.10583 0.19333 0 -0.0023058 -0.015421 0.019558 0.058372 0.086746 0.10038 0.11491 0.16815 0.039768 -0.0051589 -0.025471 0.018487 0.058493 -0.013835 0.10254 0.006421 0.008537 0.012354 -0.0037164 -0.012001 0.011087 -0.0054338 -0.0083474 0.076312 0.018514 -0.023104 -0.033317 -0.00026068 0.016505 0.08106 0.0034717 0.051101 0.055236 0.065662 0.090541 0.08824 0.012479 0.055163 0.07105 0.073996 0.014979 0.007065 0.11293 -0.026126 -0.018625 0.066898 0.14511 -0.010522 0.1147 -0.014914 0.0043459 -0.013026 -0.02253 -0.027657 -0.0096116 -0.0049628 -0.0033783 0.05976 0.00065477 -0.02065 -0.041689 -0.012247 0.019628 0.088137 -0.0098771 0.059972 0.055696 0.050341 0.075992 0.074513 0.0020334 0.030851 0.042545 0.055939 -0.0063204 -0.010731 0.10315 -0.033573 -0.018359 0.04621 0.12812
-0.011944 0.010612 0.03416 0.019249 -0.0023058 0 0.17417 0.022676 0.091355 0.066103 0.00066659 0.027848 0.0080806 -0.01683 0.44899 0.17238 0.04417 0.076088 0.088521 0.047412 0.15478 0.072252 0.13426 0.22118 0.24927 0.13148 0.35172 0.11071 0.087146 0.10127 0.31087 0.21972 0.27809 0.084743 -0.021714 0.042648 -0.0013413 0.061548 0.10045 0.1014 0.071798 0.26566 0.23802 0.010242 0.1769 0.073792 0.22518 -0.058794 0.063787 0.1574 0.10704 0.086038 0.061386 0.024752 0.0013309 0.050767 0.085637 0.20592 0.10981 0.093362 0.29492 0.11166 0.015935 0.087149 0.28024 0.13715 0.2394 0.081248 -0.10914 -0.049229 -0.08035 0.039467 0.10613 0.034354 0.061379 0.20881 0.1521 -0.092494 0.064155 0.038647 0.19404 -0.10112 0.048763 0.12985 0.10006 0.060977
-0.099072 -0.086169 -0.02576 -0.0030638 -0.015421 0.17417 0 -0.0074707 -0.0085045 -0.040078 -0.105 -0.044821 -0.022774 -0.023489 0.17973 0.25107 -0.0093682 -0.028958 0.16061 -0.026535 0.038964 0.021107 0.075059 0.17661 0.051345 0.11635 0.0024659 0.060923 0.010203 0.031683 0.16598 0.1644 0.072641 0.034589 0.022638 0.068055 0.069364 -0.015857 0.073659 -0.11248 0.087809 -0.044004 -0.0030922 -0.13024 0.054808 0.029607 0.23755 -0.062718 0.044355 0.13114 0.015135 0.034882 0.11563 -0.04534 -0.090007 0.012276 0.030233 0.15821 -0.06267 0.068189 -0.030398 0.048796 -0.027677 0.027921 0.088368 0.08104 0.052009 0.041365 -0.063923 -0.036921 -0.02818 -0.036023 0.074943 -0.13388 0.081981 -0.066685 -0.025455 -0.19119 -0.037321 0.031545 0.19865 -0.11909 0.01649 0.10576 0.0036772 0.0025741
0.065792 0.07718 0.14286 0.10521 0.019558 0.022676 -0.0074707 0 0.055675 0.039216 0.080494 0.13339 0.10221 0.018127 0.03216 0.0069446 0.11066 0.066169 -0.030323 0.095693 -0.061395 0.021024 0.00078854 -0.0088469 -0.050688 -0.024836 0.057616 0.022581 0.025973 0.012199 0.068565 -0.057417 0.021678 0.04755 -0.031383 -0.084941 -0.080415 0.044606 0.020366 0.070042 0.016116 0.047719 0.12691 -0.0057693 0.01172 0.004362 0.012416 -0.0036065 -0.0033719 0.0010648 0.050907 0.090469 -0.015519 0.084253 -0.038422 0.025944 -0.010283 0.0022346 -0.019698 0.0058669 0.077445 0.038411 0.031115 0.0038705 0.069469 -0.037711 0.012547 0.043895 0.0018286 -0.083532 -0.018198 0.049883 0.013544 0.084734 0.036923 0.065856 0.10837 0.022032 0.035157 0.011012 0.020338 0.059814 -0.011225 -0.0022317 0.060638 0.092054
0.22079 0.23487 0.15818 0.1501 0.058372 0.091355 -0.0085045 0.055675 0 0.23093 0.24546 0.13927 0.14742 0.047729 0.074579 -0.02113 0.048088 0.20463 -0.032478 0.17157 0.03066 0.072766 0.022572 0.02386 0.042287 0.029846 0.13126 0.032741 0.090059 0.11108 0.024811 -0.04069 0.065731 0.096121 0.067689 -0.035697 0.010837 0.1882 0.068316 0.19942 0.062106 0.15784 0.13592 0.12131 0.094077 0.05206 -0.00035885 0.12764 -0.026931 -0.017392 0.12564 0.18768 -0.025555 0.17584 0.058091 0.063617 0.03754 0.0001893 0.07207 0.033657 0.1429 0.026466 0.10603 0.094863 0.057064 -0.0039008 0.044465 0.056979 0.10389 -0.016131 0.064596 0.19284 0.058387 0.18752 0.061917 0.17437 0.13959 0.11673 0.13454 0.022781 -8.5313e-05 0.15753 -0.033564 0.0028967 0.12011 0.17878
0.72316 0.36404 0.3064 0.26061 0.086746 0.066103 -0.040078 0.039216 0.23093 0 0.33314 0.29437 0.2166 0.096458 0.053587 -0.052436 0.032181 0.23139 -0.082488 0.20703 0.31802 -0.0023045 0.049956 -0.083587 0.26092 0.25019 0.17208 -0.087129 0.22909 0.0096088 0.0036648 0.060188 0.047923 0.14286 0.25755 0.12982 0.21927 0.12814 0.18032 0.30975 0.21763 0.27047 0.10657 0.48579 0.31145 0.21539 -0.14716 0.37188 -0.0017301 -0.0067639 0.027709 0.20201 -0.17979 0.15406 0.17062 -0.017488 0.03156 -0.1107 0.1463 0.13539 0.11755 -0.049538 0.11214 -0.018441 -0.0051441 0.013161 0.024411 0.077249 0.13879 0.070472 0.073446 0.14458 0.088273 0.24561 0.11982 0.167 0.064845 0.24221 0.12904 0.045192 -0.11767 0.28392 -0.017472 -0.052166 0.048 0.15959
0.43356 0.50587 0.28998 0.29742 0.10038 0.00066659 -0.105 0.080494 0.24546 0.33314 0 0.3447 0.32381 0.11478 -0.0077838 -0.11266 0.092804 0.26172 -0.17311 0.29171 0.0031282 0.073953 0.020298 -0.0555 0.012595 0.01085 0.14385 0.062617 0.14391 0.12219 -0.061565 -0.17374 0.018592 0.084544 0.072666 -0.12057 -0.039 0.24655 0.0213 0.34657 0.045646 0.20908 0.19086 0.20122 0.094401 0.074192 -0.1647 0.23864 -0.081841 -0.076315 0.17248 0.2825 -0.13937 0.31687 0.17905 0.085917 0.016559 -0.093164 0.17671 0.021657 0.2007 0.035055 0.20349 0.082587 -0.0021011 -0.042164 0.019876 0.086995 0.27136 0.02467 0.17669 0.28524 0.0027412 0.40678 0.087877 0.27741 0.21353 0.32524 0.28825 0.061078 -0.13393 0.32552 -0.022692 -0.09952 0.16983 0.30434
0.36581 0.28637 0.58667 0.37465 0.11491 0.027848 -0.044821 0.13339 0.13927 0.29437 0.3447 0 0.39856 0.083 0.021003 -0.04324 0.14173 0.1582 -0.077697 0.21223 0.069942 -0.01758 -0.0075628 -0.048737 0.0075173 0.054282 0.082022 0.019099 0.19652 0.019935 -0.046111 -0.13639 -0.031079 0.01732 0.20868 -0.032244 0.1079 0.10352 -0.019526 0.23228 0.056765 0.075547 0.17707 0.23745 0.13128 0.060453 -0.093466 0.19955 -0.082876 -0.076634 0.080459 0.19349 -0.047612 0.24205 0.19289 -0.044863 0.021946 -0.071887 0.10756 0.068568 0.091476 0.0045089 0.2465 -0.021484 0.0030068 -0.047831 0.005907 0.020627 0.28823 0.067773 0.22586 0.11226 -0.06931 0.2709 0.06953 0.12484 0.19382 0.28685 0.24761 0.025477 -0.09001 0.2498 -0.050466 -0.057897 0.069337 0.21667
0.28552 0.27397 0.37317 0.64029 0.16815 0.0080806 -0.022774 0.10221 0.14742 0.2166 0.32381 0.39856 0 0.14577 0.0076584 -0.011942 0.11888 0.16577 -0.030859 0.28111 -0.030221 0.05978 0.016352 -0.0017513 -0.1007 0.021028 -0.0087772 0.05799 0.14652 0.073527 -0.073303 -0.16022 -0.016665 0.16011 0.18058 -0.11018 0.048472 0.15194 0.11348 0.22248 0.23965 0.02216 0.11416 0.13924 0.15216 0.11285 -0.014397 0.25806 -0.088767 -0.043832 0.15448 0.33682 0.018016 0.30387 0.01924 0.049193 0.019158 -0.0040603 -0.042784 0.035468 0.0020939 0.055412 0.19338 0.048496 -0.037428 -0.12089 0.0026229 0.14522 0.30278 -0.048198 0.18797 0.16679 0.11472 0.26123 0.29858 0.075594 0.13325 0.19934 0.21 0.10625 0.011788 0.34067 -0.078251 -0.044342 0.14883 0.39127
0.10607 0.099672 0.069352 0.12741 0.039768 -0.01683 -0.023489 0.018127 0.047729 0.096458 0.11478 0.083 0.14577 0 -0.0058615 -0.026661 0.012112 0.096725 -0.01588 0.12576 -0.027068 0.019569 0.010201 -0.018672 -0.027894 -0.014676 0.012344 -0.0080212 0.035337 0.025473 -0.03368 -0.050881 -0.0055937 0.045967 0.032507 -0.041462 -0.0014261 0.065347 0.056307 0.089055 0.062843 0.039174 0.054416 0.039259 0.057001 0.015998 -0.010204 0.087462 -0.041923 -0.015968 0.07572 0.11926 -0.018138 0.1094 0.0043567 0.023921 0.0066663 -0.018307 -0.0028516 -0.007649 0.02664 -0.009502 0.032173 0.02473 -0.011703 -0.025381 -0.0032817 0.056722 0.073267 -0.030673 0.053488 0.076176 0.058272 0.090173 0.07145 0.04893 0.07334 0.065698 0.092409 0.0030792 -0.010626 0.11418 -0.022728 -0.019875 0.06149 0.13195
-0.0061831 -0.0049569 0.024052 0.008827 -0.0051589 0.44899 0.17973 0.03216 0.074579 0.053587 -0.0077838 0.021003 0.0076584 -0.0058615 0 0.21952 0.034753 0.072642 0.066958 0.033085 0.13886 0.061685 0.1107 0.22537 0.23209 0.12652 0.32965 0.10376 0.085766 0.079927 0.31879 0.18868 0.28107 0.090685 -0.028543 0.011902 -0.025846 0.041291 0.086813 0.083639 0.07411 0.25425 0.23768 -0.016978 0.16238 0.073932 0.21678 -0.080288 0.057751 0.13761 0.086111 0.083783 0.065969 0.034607 0.049373 0.048757 0.10884 0.21959 0.14661 0.13801 0.30665 0.093529 0.052574 0.074651 0.27753 0.16572 0.28792 0.07472 -0.079972 -0.037982 -0.057705 0.028785 0.11633 0.051925 0.061795 0.23851 0.17033 -0.070863 0.089495 0.063196 0.2198 -0.085728 0.040316 0.14731 0.092228 0.078415
-0.096808 -0.10308 -0.041631 -0.019354 -0.025471 0.17238 0.25107 0.0069446 -0.02113 -0.052436 -0.11266 -0.04324 -0.011942 -0.026661 0.21952 0 0.018288 -0.0080865 0.12383 -0.029808 0.040358 0.010579 0.0742 0.16233 0.035852 0.10482 -0.0015059 0.0088096 0.01055 0.011086 0.13804 0.1274 0.093001 0.040844 0.0079407 0.03952 0.049796 -0.064547 0.064261 -0.097184 0.091772 -0.029827 -0.00076451 -0.10367 0.041688 0.029777 0.20431 -0.064811 0.037747 0.10671 0.0063129 0.028347 0.12083 -0.030734 -0.043378 -0.00029237 0.040178 0.17311 -0.03386 0.11605 -0.027681 0.0099523 -0.0099646 0.011482 0.094119 0.08668 0.097336 0.044994 -0.029319 -0.024433 0.011085 -0.076053 0.08372 -0.12583 0.091253 -0.049329 -0.036808 -0.14699 -0.025903 0.033483 0.21677 -0.083211 0.01313 0.13284 0.0052388 0.025542
0.04219 0.05646 0.11543 0.099224 0.018487 0.04417 -0.0093682 0.11066 0.048088 0.032181 0.092804 0.14173 0.11888 0.012112 0.034753 0.018288 0 0.065085 -0.016444 0.090725 -0.049198 0.029068 0.016252 -0.0016263 -0.028466 -0.035416 0.07721 0.034753 0.0099181 0.032062 0.060011 -0.064362 0.003852 0.026796 -0.023067 -0.078227 -0.060164 0.042043 0.011027 0.054591 0.0012699 0.067936 0.1249 -0.016217 0.019531 4.4099e-05 0.022652 -0.023805 -0.0089575 -0.010784 0.046807 0.066793 -0.0060638 0.075358 -0.042849 0.028045 0.0027953 0.01828 -0.030093 -0.012717 0.069138 0.036874 0.021496 0.020261 0.050206 -0.038407 0.017312 0.033317 -0.014433 -0.10296 -0.029059 0.046729 0.0022638 0.067171 0.006771 0.067946 0.11778 0.0080095 0.013757 0.0049833 0.028391 0.019653 -0.011602 -0.00018161 0.053303 0.071783
0.26745 0.22702 0.15755 0.15671 0.058493 0.076088 -0.028958 0.066169 0.20463 0.23139 0.26172 0.1582 0.16577 0.096725 0.072642 -0.0080865 0.065085 0 -0.047418 0.1613 0.052119 0.061375 0.05123 0.022825 0.06806 0.043037 0.12809 0.020607 0.09789 0.10482 0.025078 -0.017163 0.078969 0.070169 0.050805 -0.039375 0.01492 0.1767 0.06506 0.18384 0.064395 0.1646 0.14345 0.11475 0.095058 0.058387 0.01646 0.14325 -0.028731 0.028049 0.17722 0.19266 -0.006012 0.18691 0.10903 0.069711 0.030948 0.0166 0.11941 0.043057 0.15352 0.025462 0.12355 0.091175 0.079326 0.030813 0.070665 0.087749 0.12717 0.023902 0.098837 0.18969 0.064224 0.20045 0.079387 0.19953 0.14756 0.15303 0.17421 0.049785 0.026414 0.16721 0.011777 0.003282 0.14213 0.21378
-0.17614 -0.095068 -0.038098 -0.028312 -0.013835 0.088521 0.16061 -0.030323 -0.032478 -0.082488 -0.17311 -0.077697 -0.030859 -0.01588 0.066958 0.12383 -0.016444 -0.047418 0 0.016797 0.16934 0.054299 0.041371 0.29547 0.17786 0.24153 -0.14644 0.093277 0.077757 0.084461 0.031712 0.54562 0.010573 0.049216 0.43765 0.14825 0.5083 -0.03507 0.14811 -0.068588 0.21806 -0.047614 -0.10714 -0.0048518 0.16879 0.12489 0.72536 0.26073 0.097507 0.15836 0.20321 0.1899 0.65701 0.0007519 -0.014252 0.036185 0.02727 0.25075 -0.018702 0.1876 -0.18246 0.086063 0.014626 0.082376 -0.040964 0.3262 0.035596 0.069729 0.21297 0.10444 0.27194 -0.062176 0.18278 -0.12163 0.18046 -0.11307 -0.084206 -0.097321 0.042701 0.097133 0.61367 0.10466 0.029973 0.16076 0.21255 0.1586
0.21733 0.26219 0.20994 0.30428 0.10254 0.047412 -0.026535 0.095693 0.17157 0.20703 0.29171 0.21223 0.28111 0.12576 0.033085 -0.029808 0.090725 0.1613 0.016797 0 -0.088178 0.19346 0.059243 0.058242 -0.11758 0.0071781 0.010941 0.0471 0.22237 0.21568 -0.085838 -0.23508 0.018862 0.35097 0.23922 -0.20889 0.029146 0.29102 0.30974 0.40739 0.37432 0.1163 0.27244 0.24255 0.35731 0.26384 0.095862 0.41229 -0.11932 -0.032612 0.31524 0.57062 0.069256 0.58438 -0.095889 0.20736 0.015291 0.037844 -0.11455 0.017957 0.051927 0.066267 0.18833 0.19006 -0.037419 -0.19586 0.036534 0.329 0.30775 -0.22763 0.13017 0.28816 0.2718 0.44096 0.37634 0.17293 0.28682 0.23125 0.31034 0.22383 0.092046 0.4794 -0.1406 -0.064926 0.25493 0.55539
0.086075 0.073598 0.13351 -0.015731 0.006421 0.15478 0.038964 -0.061395 0.03066 0.31802 0.0031282 0.069942 -0.030221 -0.027068 0.13886 0.040358 -0.049198 0.052119 0.16934 -0.088178 0 -0.14367 0.070933 0.16076 0.75394 0.57214 0.23037 -0.11405 0.30227 -0.091314 0.12294 0.47582 0.1769 -0.07517 0.55329 0.49116 0.55434 -0.10038 -0.011946 0.13534 0.128 0.36422 -0.014478 0.72284 0.44384 0.38836 0.023927 0.44416 0.041221 0.011527 -0.014352 -0.032056 -0.023335 -0.10266 0.65045 -0.2037 0.065924 0.082588 0.54718 0.29478 0.10814 -0.080818 0.102 -0.094922 0.065729 0.28226 0.13233 -0.075842 0.26604 0.35726 0.23116 -0.099533 0.0050861 -0.011442 0.056523 0.19579 -0.099055 0.27108 0.12643 0.15707 0.026722 0.091826 0.085944 0.013744 0.0090565 -0.078853
-0.020064 0.084053 0.0036269 0.059777 0.008537 0.072252 0.021107 0.021024 0.072766 -0.0023045 0.073953 -0.01758 0.05978 0.019569 0.061685 0.010579 0.029068 0.061375 0.054299 0.19346 -0.14367 0 0.016725 0.34459 -0.023044 -0.14456 0.097639 0.24986 0.039326 0.92772 -0.011941 -0.14559 0.16021 0.31452 -0.041372 -0.19638 -0.12662 0.89229 0.25606 0.092917 0.26857 0.22825 0.074522 -0.02518 0.081718 0.65629 0.18116 0.051053 -0.053232 0.016561 0.20231 0.25937 0.12275 0.20563 -0.23656 0.97558 -0.0031952 0.39139 -0.11752 -0.068494 0.13409 0.31239 0.0034076 0.91962 -0.016308 -0.17583 0.18007 0.29597 -0.039791 -0.24844 -0.11741 0.85641 0.30665 0.10206 0.28708 0.29012 0.1016 -0.059052 0.0089971 0.59767 0.15598 0.10322 -0.08866 0.013943 0.16724 0.24064
0.023342 0.025697 0.0080611 0.010166 0.012354 0.13426 0.075059 0.00078854 0.022572 0.049956 0.020298 -0.0075628 0.016352 0.010201 0.1107 0.0742 0.016252 0.05123 0.041371 0.059243 0.070933 0.016725 0 0.16305 0.11461 0.13484 0.06152 0.038782 0.10072 0.039549 0.096354 0.10714 0.10264 0.035804 0.067646 0.043757 0.071948 0.02534 0.047895 0.055764 0.056173 0.048877 0.065181 0.043281 0.075821 0.085741 0.1097 0.063238 0.038241 0.10449 0.052677 0.1061 0.026679 0.027323 0.035047 0.0045693 0.055578 0.13098 0.072975 0.11783 0.062938 0.026163 0.065786 0.039137 0.086882 0.079388 0.084818 0.013899 0.054591 0.021337 0.050369 0.016843 0.040942 0.033431 0.046976 0.060864 0.036039 -0.0018628 0.054384 0.067954 0.077774 0.035381 0.027003 0.055168 0.030944 0.092926
-0.062308 -0.047281 -0.040999 6.3406e-05 -0.0037164 0.22118 0.17661 -0.0088469 0.02386 -0.083587 -0.0555 -0.048737 -0.0017513 -0.018672 0.22537 0.16233 -0.0016263 0.022825 0.29547 0.058242 0.16076 0.34459 0.16305 0 0.23356 0.32924 0.067743 0.5235 0.10682 0.51755 0.16606 0.20042 0.33161 0.11509 0.14959 0.019873 0.11066 0.30035 0.11912 -0.033555 0.16255 0.078918 0.044775 -0.0096887 0.097466 0.49719 0.36243 0.032244 0.063797 0.15966 0.13555 0.17668 0.30118 0.069961 0.010432 0.31909 0.10239 0.80892 0.10563 0.35172 0.06659 0.4734 0.078539 0.51928 0.13671 0.18587 0.35626 0.12218 0.13312 -0.035116 0.14629 0.22988 0.16457 -0.020346 0.19623 0.14084 0.054447 -0.061483 0.058359 0.4858 0.29358 0.022565 0.019027 0.14289 0.11255 0.14051
0.052627 0.076298 0.042782 -0.087099 -0.012001 0.24927 0.051345 -0.050688 0.042287 0.26092 0.012595 0.0075173 -0.1007 -0.027894 0.23209 0.035852 -0.028466 0.06806 0.17786 -0.11758 0.75394 -0.023044 0.11461 0.23356 0 0.52311 0.56599 -0.0048003 0.19745 0.014212 0.34398 0.64625 0.40018 -0.075844 0.27339 0.43664 0.32486 -0.028338 -0.09007 0.22072 -0.1113 0.71267 0.14416 0.5667 0.41058 0.2819 0.056864 0.19728 0.19576 0.10802 -0.020118 -0.10428 0.016977 -0.15592 0.50314 -0.10689 0.067583 0.14368 0.72144 0.28767 0.43833 -0.016253 0.046665 0.0062806 0.27785 0.51739 0.31714 -0.0947 0.052893 0.28783 0.1034 -0.046102 -0.078883 0.036059 -0.14309 0.50752 0.041809 0.16005 0.17971 0.064422 0.037877 -0.072482 0.22066 0.12946 0.013359 -0.14228
0.14568 0.078902 0.075492 0.035082 0.011087 0.13148 0.11635 -0.024836 0.029846 0.25019 0.01085 0.054282 0.021028 -0.014676 0.12652 0.10482 -0.035416 0.043037 0.24153 0.0071781 0.57214 -0.14456 0.13484 0.32924 0.52311 0 -0.0010632 0.048875 0.27345 -0.083485 0.063454 0.41715 0.11974 -0.024572 0.46754 0.38479 0.48472 -0.10313 0.012555 0.053274 0.12839 -0.00095008 -0.064557 0.43438 0.23889 0.38221 0.13558 0.43327 0.024603 0.10726 -0.0037534 0.11592 0.10431 -0.0060512 0.34669 -0.1679 0.093694 0.2287 0.32712 0.55905 -0.093408 0.0073611 0.16199 -0.084869 -0.010856 0.27064 0.05902 -0.040679 0.29349 0.27411 0.3237 -0.12141 -0.0028105 0.005232 0.069143 -0.033239 -0.10321 0.16484 0.06207 0.24433 0.095428 0.20465 0.037756 0.075313 0.011996 0.053457
0.095811 0.14605 0.081333 0.0057435 -0.0054338 0.35172 0.0024659 0.057616 0.13126 0.17208 0.14385 0.082022 -0.0087772 0.012344 0.32965 -0.0015059 0.07721 0.12809 -0.14644 0.010941 0.23037 0.097639 0.06152 0.067743 0.56599 -0.0010632 0 0.010183 0.038552 0.10269 0.53016 0.25564 0.4015 0.054984 -0.21086 0.012309 -0.19355 0.13344 0.024851 0.4033 -0.13931 0.82144 0.48156 0.11501 0.27105 -0.044739 -0.0058978 -0.17123 0.1702 0.063136 0.11185 -0.043546 -0.14865 -0.003207 0.075733 0.050242 0.054678 0.044912 0.34592 -0.044747 0.77474 0.039972 -0.036825 0.089464 0.4777 0.23231 0.32549 0.021754 -0.31744 -0.09596 -0.23704 0.15602 0.040549 0.24958 -0.13965 0.70731 0.34299 -0.051256 0.16439 -0.14493 0.013621 -0.23194 0.14166 0.072297 0.092024 -0.060681
0.00064486 0.078708 0.0016142 0.033873 -0.0083474 0.11071 0.060923 0.022581 0.032741 -0.087129 0.062617 0.019099 0.05799 -0.0080212 0.10376 0.0088096 0.034753 0.020607 0.093277 0.0471 -0.11405 0.24986 0.038782 0.5235 -0.0048003 0.048875 0.010183 0 0.051562 0.42658 0.096414 0.027515 0.040532 0.040096 -0.03167 -0.032751 -0.016993 0.31852 -0.010917 0.040371 0.022272 -0.063721 0.090657 -0.12253 -0.028123 0.2532 0.16732 -0.13851 0.0082837 0.06185 0.11978 0.11104 0.16135 0.081652 -0.11176 0.27404 0.022711 0.53871 -0.059576 0.13668 0.00835 0.9515 0.079968 0.35189 0.08016 0.04806 0.069679 0.044545 0.057914 -0.026687 0.061952 0.32212 0.068111 0.042363 0.093511 -0.01873 0.099061 -0.072632 0.0032483 0.30924 0.1304 -0.016588 0.0091705 0.046662 0.10617 0.1176
0.20881 0.17021 0.20465 0.1563 0.076312 0.087146 0.010203 0.025973 0.090059 0.22909 0.14391 0.19652 0.14652 0.035337 0.085766 0.01055 0.0099181 0.09789 0.077757 0.22237 0.30227 0.039326 0.10072 0.10682 0.19745 0.27345 0.038552 0.051562 0 0.056853 0.036005 0.083083 0.064865 0.066307 0.45726 0.31214 0.4894 0.098301 0.025952 0.28224 0.11906 0.099944 0.19497 0.4856 0.31229 0.20694 0.064849 0.43377 -0.049165 0.050473 0.14879 0.3372 0.070365 0.21656 0.24197 0.023807 0.053866 0.066226 0.17089 0.17051 -0.0098281 0.042369 0.4079 0.045094 0.037609 0.06671 0.024765 0.038781 0.38209 0.24972 0.43874 0.094376 0.034043 0.21308 0.10697 0.07947 0.16106 0.30152 0.23798 0.098384 0.061193 0.31741 0.0043191 -0.0045717 0.13285 0.32259
0.0099382 0.13525 0.031758 0.071344 0.018514 0.10127 0.031683 0.012199 0.11108 0.0096088 0.12219 0.019935 0.073527 0.025473 0.079927 0.011086 0.032062 0.10482 0.084461 0.21568 -0.091314 0.92772 0.039549 0.51755 0.014212 -0.083485 0.10269 0.42658 0.056853 0 0.018373 -0.12144 0.2237 0.31298 -0.0013973 -0.16801 -0.063413 0.92861 0.27291 0.11964 0.25464 0.20249 0.0893 -0.021343 0.07813 0.65884 0.20772 0.082575 -0.031847 0.01367 0.27629 0.29285 0.12404 0.21017 -0.17686 0.91625 0.0043737 0.53778 -0.064716 0.0089285 0.13816 0.46885 0.047618 0.93506 0.0054722 -0.13108 0.24861 0.28521 0.040122 -0.19724 -0.025195 0.89487 0.31646 0.13561 0.28576 0.28251 0.11112 -0.04552 0.035617 0.62144 0.1744 0.16794 -0.062815 0.0092946 0.2347 0.27514
-0.15025 -0.02901 -0.006966 -0.029115 -0.023104 0.31087 0.16598 0.068565 0.024811 0.0036648 -0.061565 -0.046111 -0.073303 -0.03368 0.31879 0.13804 0.060011 0.025078 0.031712 -0.085838 0.12294 -0.011941 0.096354 0.16606 0.34398 0.063454 0.53016 0.096414 0.036005 0.018373 0 0.39483 0.2802 -0.00056313 -0.1789 0.10946 -0.074602 -0.020797 0.02747 -0.0097741 -0.063938 0.40741 0.40453 -0.19096 0.25694 -0.11565 0.19004 -0.30428 0.30379 0.19382 0.023875 -0.090038 -0.029518 -0.12277 -0.16272 -0.020691 0.042993 0.16935 0.055084 0.018632 0.39259 0.12852 -0.10482 0.010806 0.56139 0.24992 0.23013 -0.016395 -0.362 -0.10484 -0.25688 -0.027753 0.044911 -0.12634 -0.08669 0.21567 0.22507 -0.38917 0.012535 -0.14636 0.15475 -0.36999 0.20322 0.17928 0.020406 -0.12247
-0.13478 -0.081637 -0.066395 -0.14686 -0.033317 0.21972 0.1644 -0.057417 -0.04069 0.060188 -0.17374 -0.13639 -0.16022 -0.050881 0.18868 0.1274 -0.064362 -0.017163 0.54562 -0.23508 0.47582 -0.14559 0.10714 0.20042 0.64625 0.41715 0.25564 0.027515 0.083083 -0.12144 0.39483 0 0.15678 -0.15991 0.20388 0.57336 0.40878 -0.18826 -0.087289 -0.060281 -0.11102 0.29109 0.031579 0.054295 0.35389 -0.12149 0.37456 0.070769 0.31821 0.28737 -0.069228 -0.17776 0.21309 -0.26639 0.17169 -0.19422 0.077924 0.13676 0.32476 0.24656 0.092152 0.022351 -0.057703 -0.1086 0.22233 0.74001 0.097851 -0.15664 -0.11853 0.35913 0.054214 -0.21539 -0.068526 -0.20998 -0.16563 0.021518 -0.079881 -0.23835 0.072128 -0.16836 0.27285 -0.22612 0.28805 0.27666 -0.038579 -0.19991
0.009263 0.016706 -0.031478 -0.011797 -0.00026068 0.27809 0.072641 0.021678 0.065731 0.047923 0.018592 -0.031079 -0.016665 -0.0055937 0.28107 0.093001 0.003852 0.078969 0.010573 0.018862 0.1769 0.16021 0.10264 0.33161 0.40018 0.11974 0.4015 0.040532 0.064865 0.2237 0.2802 0.15678 0 0.098533 -0.023518 -0.0007259 -0.042933 0.14548 0.060037 0.070138 -0.0093744 0.44244 0.20917 0.076737 0.15254 0.1467 0.14965 -0.051208 0.065516 0.10244 0.099507 0.052102 0.042314 0.0082421 0.10939 0.11659 0.067444 0.2899 0.28185 0.11376 0.38768 0.047608 0.01488 0.21745 0.28419 0.18208 0.4577 0.069833 -0.06827 -0.020033 -0.025969 0.11501 0.04784 0.04159 -0.0098451 0.41724 0.15256 -0.0064052 0.11687 0.081316 0.14666 -0.07879 0.076733 0.10345 0.069325 0.016584
0.072575 0.12207 0.035202 0.18833 0.016505 0.084743 0.034589 0.04755 0.096121 0.14286 0.084544 0.01732 0.16011 0.045967 0.090685 0.040844 0.026796 0.070169 0.049216 0.35097 -0.07517 0.31452 0.035804 0.11509 -0.075844 -0.024572 0.054984 0.040096 0.066307 0.31298 -0.00056313 -0.15991 0.098533 0 0.13594 -0.20222 -0.0035405 0.35409 0.546 0.237 0.61466 0.1506 0.087069 0.093919 0.33366 0.35988 0.2203 0.35344 -0.053775 0.0091828 0.35107 0.47485 0.10671 0.32046 -0.11844 0.28912 0.007472 0.10571 -0.10919 -0.02008 0.073056 0.040914 0.033476 0.28887 -0.0096328 -0.16577 0.13844 0.76927 0.16649 -0.21328 0.048773 0.32894 0.49004 0.29464 0.56005 0.20574 0.073454 0.085905 0.22942 0.29635 0.21513 0.39642 -0.095536 -0.015957 0.29929 0.44308
0.1257 0.16024 0.2483 0.20801 0.08106 -0.021714 0.022638 -0.031383 0.067689 0.25755 0.072666 0.20868 0.18058 0.032507 -0.028543 0.0079407 -0.023067 0.050805 0.43765 0.23922 0.55329 -0.041372 0.067646 0.14959 0.27339 0.46754 -0.21086 -0.03167 0.45726 -0.0013973 -0.1789 0.20388 -0.023518 0.13594 0 0.36493 0.83516 0.04506 0.11354 0.15306 0.37597 -0.038126 -0.11136 0.59878 0.50982 0.33906 0.22633 0.72443 -0.078117 0.0052229 0.16299 0.43843 0.23386 0.24281 0.36327 -0.067236 0.037455 0.081296 0.16885 0.23007 -0.26809 -0.038399 0.31733 -0.0082665 -0.19875 0.065579 -0.026835 0.11982 0.69691 0.2797 0.62426 0.025662 0.11406 0.082344 0.3294 -0.094368 -0.099431 0.28597 0.29873 0.21377 0.19433 0.52544 -0.062193 -0.030323 0.16846 0.38854
-0.033003 -0.039557 0.0092848 -0.087295 0.0034717 0.042648 0.068055 -0.084941 -0.035697 0.12982 -0.12057 -0.032244 -0.11018 -0.041462 0.011902 0.03952 -0.078227 -0.039375 0.14825 -0.20889 0.49116 -0.19638 0.043757 0.019873 0.43664 0.38479 0.012309 -0.032751 0.31214 -0.16801 0.10946 0.57336 -0.0007259 -0.20222 0.36493 0 0.61646 -0.15741 -0.16078 -0.077205 -0.10199 -0.011348 -0.12941 0.27263 0.22946 -0.085566 -0.022744 0.16775 0.15468 0.081241 -0.079363 -0.1223 -0.067031 -0.22504 0.23194 -0.20381 0.053937 -0.015902 0.17775 0.16021 -0.1446 -0.047508 0.13186 -0.17019 0.0036418 0.26149 -0.023711 -0.18889 0.081837 0.57081 0.23766 -0.16524 -0.12462 -0.19368 -0.13457 -0.23077 -0.21666 -0.095577 -0.03487 -0.15602 -0.046296 -0.092056 0.11185 0.0688 -0.066471 -0.13888
0.037134 0.042345 0.14555 0.067591 0.051101 -0.0013413 0.069364 -0.080415 0.010837 0.21927 -0.039 0.1079 0.048472 -0.0014261 -0.025846 0.049796 -0.060164 0.01492 0.5083 0.029146 0.55434 -0.12662 0.071948 0.11066 0.32486 0.48472 -0.19355 -0.016993 0.4894 -0.063413 -0.074602 0.40878 -0.042933 -0.0035405 0.83516 0.61646 0 -0.058529 -0.014534 0.0081364 0.21758 -0.1453 -0.18495 0.44679 0.37449 0.18007 0.21492 0.56972 0.030897 0.047448 0.039892 0.21056 0.23462 -0.0032351 0.30902 -0.13669 0.062186 0.044968 0.090535 0.24393 -0.29541 -0.020748 0.2948 -0.073992 -0.14342 0.16394 -0.059906 -0.010039 0.4988 0.47417 0.60752 -0.068733 0.023108 -0.090156 0.1449 -0.26002 -0.19481 0.10277 0.080627 0.072913 0.15592 0.26668 -0.035836 0.013303 0.062989 0.17514
0.11875 0.24359 0.10114 0.14929 0.055236 0.061548 -0.015857 0.044606 0.1882 0.12814 0.24655 0.10352 0.15194 0.065347 0.041291 -0.064547 0.042043 0.1767 -0.03507 0.29102 -0.10038 0.89229 0.02534 0.30035 -0.028338 -0.10313 0.13344 0.31852 0.098301 0.92861 -0.020797 -0.18826 0.14548 0.35409 0.04506 -0.15741 -0.058529 0 0.32415 0.23052 0.30679 0.24589 0.12142 0.037207 0.11259 0.56844 0.085308 0.16808 -0.071342 -0.023849 0.31448 0.36217 -0.0014278 0.29469 -0.14333 0.85637 0.00091945 0.31588 -0.062692 -0.042588 0.16793 0.39219 0.1018 0.89159 -0.0094426 -0.18469 0.16126 0.32785 0.087051 -0.15909 0.0020784 0.97275 0.36285 0.24874 0.34742 0.30755 0.15256 0.039551 0.096036 0.5272 0.059712 0.28164 -0.076365 -0.045998 0.2785 0.35633
-0.0062813 0.082845 -0.018738 0.18311 0.065662 0.10045 0.073659 0.020366 0.068316 0.18032 0.0213 -0.019526 0.11348 0.056307 0.086813 0.064261 0.011027 0.06506 0.14811 0.30974 -0.011946 0.25606 0.047895 0.11912 -0.09007 0.012555 0.024851 -0.010917 0.025952 0.27291 0.02747 -0.087289 0.060037 0.546 0.11354 -0.16078 -0.014534 0.32415 0 0.091793 0.89261 0.055946 0.018835 0.024252 0.326 0.41333 0.37437 0.42456 0.005217 0.060738 0.4896 0.60963 0.17335 0.28285 -0.16043 0.23082 0.010433 0.11666 -0.16928 -0.013956 0.0017946 -0.01342 -0.027858 0.24454 -0.0050456 -0.14822 0.084258 0.50905 0.090933 -0.21929 -0.067984 0.28474 0.90572 0.13587 0.79802 0.075381 0.0036773 -0.060707 0.16443 0.31328 0.33901 0.37621 -0.091274 0.01063 0.39713 0.5107
0.35813 0.33649 0.21509 0.21209 0.090541 0.1014 -0.11248 0.070042 0.19942 0.30975 0.34657 0.23228 0.22248 0.089055 0.083639 -0.097184 0.054591 0.18384 -0.068588 0.40739 0.13534 0.092917 0.055764 -0.033555 0.22072 0.053274 0.4033 0.040371 0.28224 0.11964 -0.0097741 -0.060281 0.070138 0.237 0.15306 -0.077205 0.0081364 0.23052 0.091793 0 0.077446 0.54969 0.35889 0.43564 0.32709 0.16315 -0.051708 0.38208 -0.057241 -0.04426 0.21513 0.35685 -0.072356 0.38551 0.17705 0.086308 0.044421 -0.057621 0.26056 0.066846 0.41239 0.038743 0.25321 0.078915 0.092654 0.021681 0.043893 0.18444 0.19371 -0.046233 0.13328 0.24777 0.075563 0.67363 0.097641 0.51854 0.33345 0.43184 0.35933 0.070529 -0.035296 0.38427 -0.062561 -0.070053 0.20065 0.36595
0.038241 0.093808 0.070863 0.29398 0.08824 0.071798 0.087809 0.016116 0.062106 0.21763 0.045646 0.056765 0.23965 0.062843 0.07411 0.091772 0.0012699 0.064395 0.21806 0.37432 0.128 0.26857 0.056173 0.16255 -0.1113 0.12839 -0.13931 0.022272 0.11906 0.25464 -0.063938 -0.11102 -0.0093744 0.61466 0.37597 -0.10199 0.21758 0.30679 0.89261 0.077446 0 -0.088148 -0.037753 0.11247 0.48637 0.49845 0.36288 0.55691 -0.043849 0.035312 0.42274 0.63619 0.22218 0.34973 -0.069345 0.24014 0.011612 0.1522 -0.21103 0.047184 -0.15103 0.024805 0.067157 0.23973 -0.10005 -0.18475 0.05111 0.58866 0.33466 -0.17377 0.098641 0.2711 0.83584 0.12972 0.91905 -0.021658 -0.040194 0.018449 0.30764 0.43037 0.33412 0.48407 -0.11727 -0.0091551 0.34224 0.55862
0.19695 0.20407 0.094501 0.043267 0.012479 0.26566 -0.044004 0.047719 0.15784 0.27047 0.20908 0.075547 0.02216 0.039174 0.25425 -0.029827 0.067936 0.1646 -0.047614 0.1163 0.36422 0.22825 0.048877 0.078918 0.71267 -0.00095008 0.82144 -0.063721 0.099944 0.20249 0.40741 0.29109 0.44244 0.1506 -0.038126 -0.011348 -0.1453 0.24589 0.055946 0.54969 -0.088148 0 0.4528 0.36217 0.40219 0.11077 0.02072 0.070957 0.1593 0.057122 0.11696 0.054076 -0.073073 0.088358 0.21394 0.16494 0.04868 0.048317 0.5244 -0.025178 0.77945 0.010997 -0.0003326 0.18701 0.4019 0.32129 0.37012 0.097857 -0.18519 -0.089379 -0.16878 0.25045 0.047129 0.40494 -0.09036 0.91641 0.36635 0.17438 0.31282 -0.036428 0.047126 -0.025273 0.1714 0.075909 0.12934 0.031342
0.095017 0.16873 0.18133 0.13079 0.055163 0.23802 -0.0030922 0.12691 0.13592 0.10657 0.19086 0.17707 0.11416 0.054416 0.23768 -0.00076451 0.1249 0.14345 -0.10714 0.27244 -0.014478 0.074522 0.065181 0.044775 0.14416 -0.064557 0.48156 0.090657 0.19497 0.0893 0.40453 0.031579 0.20917 0.087069 -0.11136 -0.12941 -0.18495 0.12142 0.018835 0.35889 -0.037753 0.4528 0 0.060273 0.35538 -0.040361 0.040557 -0.041455 0.062533 0.050951 0.15941 0.16776 -0.086951 0.25432 -0.068376 0.060962 0.044022 0.031988 0.059238 -0.049252 0.43812 0.10458 0.12816 0.070507 0.42079 0.076701 0.16382 0.060073 -0.12829 -0.17173 -0.10858 0.12705 0.011544 0.29338 -0.026607 0.37782 0.57248 0.015345 0.29201 -0.082167 0.066378 -0.023873 0.052933 0.055664 0.14208 0.15891
0.36241 0.23495 0.26999 0.16532 0.07105 0.010242 -0.13024 -0.0057693 0.12131 0.48579 0.20122 0.23745 0.13924 0.039259 -0.016978 -0.10367 -0.016217 0.11475 -0.0048518 0.24255 0.72284 -0.02518 0.043281 -0.0096887 0.5667 0.43438 0.11501 -0.12253 0.4856 -0.021343 -0.19096 0.054295 0.076737 0.093919 0.59878 0.27263 0.44679 0.037207 0.024252 0.43564 0.11247 0.36217 0.060273 0 0.51343 0.39218 -0.11621 0.66354 -0.10988 -0.081117 0.086247 0.25361 -0.038471 0.20578 0.55127 -0.057741 0.035693 -0.052376 0.46955 0.22323 0.056554 -0.1023 0.2911 -0.040045 -0.1281 0.083979 0.032469 0.065803 0.42959 0.23498 0.30478 0.046678 -0.0033897 0.34517 0.084986 0.31191 0.039405 0.68202 0.30711 0.19177 -0.079861 0.43804 -0.047644 -0.12162 0.087555 0.1966
0.057758 0.19483 0.21813 0.19928 0.073996 0.1769 0.054808 0.01172 0.094077 0.31145 0.094401 0.13128 0.15216 0.057001 0.16238 0.041688 0.019531 0.095058 0.16879 0.35731 0.44384 0.081718 0.075821 0.097466 0.41058 0.23889 0.27105 -0.028123 0.31229 0.07813 0.25694 0.35389 0.15254 0.33366 0.50982 0.22946 0.37449 0.11259 0.326 0.32709 0.48637 0.40219 0.35538 0.51343 0 0.30644 0.156 0.52479 0.10474 0.069679 0.20969 0.34012 0.024243 0.27834 0.13582 0.024451 0.052735 0.056602 0.082579 0.098684 0.12189 0.0025677 0.063521 0.064383 0.11829 0.10588 0.13355 0.315 0.19084 -0.031302 0.10298 0.092122 0.29325 0.18802 0.40869 0.1682 0.18923 0.077477 0.5296 0.16576 0.16392 0.25621 0.069715 0.051271 0.19492 0.2894
0.14185 0.10455 0.046894 0.12577 0.014979 0.073792 0.029607 0.004362 0.05206 0.21539 0.074192 0.060453 0.11285 0.015998 0.073932 0.029777 4.4099e-05 0.058387 0.12489 0.26384 0.38836 0.65629 0.085741 0.49719 0.2819 0.38221 -0.044739 0.2532 0.20694 0.65884 -0.11565 -0.12149 0.1467 0.35988 0.33906 -0.085566 0.18007 0.56844 0.41333 0.16315 0.49845 0.11077 -0.040361 0.39218 0.30644 0 0.10747 0.50971 -0.083008 -0.011256 0.17205 0.36401 0.12209 0.25402 0.16519 0.62172 0.038784 0.46873 0.12368 0.32868 0.001856 0.22269 0.13245 0.66886 -0.090862 -0.13236 0.16531 0.32899 0.33191 -0.096021 0.15574 0.5499 0.36798 0.18184 0.46304 0.23971 -0.013788 0.2244 0.16626 0.93117 0.061797 0.41673 -0.079333 -0.031148 0.15677 0.31416
-0.19605 -0.11775 -0.078032 0.0035952 0.007065 0.22518 0.23755 0.012416 -0.00035885 -0.14716 -0.1647 -0.093466 -0.014397 -0.010204 0.21678 0.20431 0.022652 0.01646 0.72536 0.095862 0.023927 0.18116 0.1097 0.36243 0.056864 0.13558 -0.0058978 0.16732 0.064849 0.20772 0.19004 0.37456 0.14965 0.2203 0.22633 -0.022744 0.21492 0.085308 0.37437 -0.051708 0.36288 0.02072 0.040557 -0.11621 0.156 0.10747 0 0.14936 0.065254 0.23299 0.59519 0.37113 0.62673 0.093217 -0.11038 0.1509 0.073991 0.34409 -0.089948 0.089506 -0.046805 0.13838 0.023117 0.19801 0.11897 0.222 0.1668 0.25404 0.12184 -0.073219 0.084978 0.022947 0.40206 -0.054864 0.35348 0.010584 0.062601 -0.16169 0.074879 0.12541 0.86202 0.11608 0.0081829 0.2137 0.50239 0.32271
0.33706 0.25062 0.20822 0.27906 0.11293 -0.058794 -0.062718 -0.0036065 0.12764 0.37188 0.23864 0.19955 0.25806 0.087462 -0.080288 -0.064811 -0.023805 0.14325 0.26073 0.41229 0.44416 0.051053 0.063238 0.032244 0.19728 0.43327 -0.17123 -0.13851 0.43377 0.082575 -0.30428 0.070769 -0.051208 0.35344 0.72443 0.16775 0.56972 0.16808 0.42456 0.38208 0.55691 0.070957 -0.041455 0.66354 0.52479 0.50971 0.14936 0 -0.11007 -0.043772 0.3242 0.61988 0.2042 0.40818 0.3774 0.024958 0.024725 -0.034471 0.25395 0.28008 -0.16072 -0.12038 0.34039 0.064263 -0.25497 0.088196 -0.040534 0.29719 0.66214 0.20592 0.52624 0.15492 0.3325 0.3662 0.49905 0.14274 0.00043661 0.51338 0.44587 0.36885 0.13798 0.84186 -0.078776 -0.082344 0.26171 0.55598
-0.096931 -0.041216 -0.050187 -0.071023 -0.026126 0.063787 0.044355 -0.0033719 -0.026931 -0.0017301 -0.081841 -0.082876 -0.088767 -0.041923 0.057751 0.037747 -0.0089575 -0.028731 0.097507 -0.11932 0.041221 -0.053232 0.038241 0.063797 0.19576 0.024603 0.1702 0.0082837 -0.049165 -0.031847 0.30379 0.31821 0.065516 -0.053775 -0.078117 0.15468 0.030897 -0.071342 0.005217 -0.057241 -0.043849 0.1593 0.062533 -0.10988 0.10474 -0.083008 0.065254 -0.11007 0 0.10406 -0.0708 -0.13071 0.020308 -0.14872 -0.089358 -0.049307 0.010763 0.049018 0.0082867 0.014263 0.09924 0.013219 -0.10958 -0.034511 0.17412 0.20272 0.038307 -0.042869 -0.18566 0.033704 -0.13017 -0.067706 0.021926 -0.14373 -0.070694 0.027467 0.004522 -0.25714 -0.022743 -0.076345 0.062539 -0.20192 0.20302 0.092233 -0.031718 -0.14769
-0.071932 -0.051441 -0.056767 -0.01596 -0.018625 0.1574 0.13114 0.0010648 -0.017392 -0.0067639 -0.076315 -0.076634 -0.043832 -0.015968 0.13761 0.10671 -0.010784 0.028049 0.15836 -0.032612 0.011527 0.016561 0.10449 0.15966 0.10802 0.10726 0.063136 0.06185 0.050473 0.01367 0.19382 0.28737 0.10244 0.0091828 0.0052229 0.081241 0.047448 -0.023849 0.060738 -0.04426 0.035312 0.057122 0.050951 -0.081117 0.069679 -0.011256 0.23299 -0.043772 0.10406 0 0.032789 0.030984 0.10197 -0.053717 -0.064719 0.0051842 0.039311 0.1326 0.01127 0.086978 0.03632 0.05274 -0.028269 0.025319 0.14445 0.2133 0.073626 0.0062219 -0.047937 0.011271 -0.021126 -0.036893 0.043754 -0.090093 0.010838 0.011849 0.010371 -0.14381 0.029031 -0.012917 0.19976 -0.081909 0.08023 0.16855 0.023125 0.017283
0.031989 0.17143 0.08335 0.15274 0.066898 0.10704 0.015135 0.050907 0.12564 0.027709 0.17248 0.080459 0.15448 0.07572 0.086111 0.0063129 0.046807 0.17722 0.20321 0.31524 -0.014352 0.20231 0.052677 0.13555 -0.020118 -0.0037534 0.11185 0.11978 0.14879 0.27629 0.023875 -0.069228 0.099507 0.35107 0.16299 -0.079363 0.039892 0.31448 0.4896 0.21513 0.42274 0.11696 0.15941 0.086247 0.20969 0.17205 0.59519 0.3242 -0.0708 0.032789 0 0.53011 0.2858 0.3301 0.00065068 0.19278 0.04038 0.13808 -0.00087093 -0.0074022 0.097321 0.10025 0.15151 0.24623 0.055539 -0.039946 0.11879 0.35047 0.2233 -0.065716 0.12387 0.28497 0.45904 0.25853 0.41322 0.1707 0.18415 0.093657 0.21891 0.15918 0.56445 0.38324 -0.044698 0.0023328 0.66455 0.49905
0.21608 0.28627 0.18893 0.36497 0.14511 0.086038 0.034882 0.090469 0.18768 0.20201 0.2825 0.19349 0.33682 0.11926 0.083783 0.028347 0.066793 0.19266 0.1899 0.57062 -0.032056 0.25937 0.1061 0.17668 -0.10428 0.11592 -0.043546 0.11104 0.3372 0.29285 -0.090038 -0.17776 0.052102 0.47485 0.43843 -0.1223 0.21056 0.36217 0.60963 0.35685 0.63619 0.054076 0.16776 0.25361 0.34012 0.36401 0.37113 0.61988 -0.13071 0.030984 0.53011 0 0.23945 0.56054 -0.010968 0.25222 0.064575 0.13735 -0.049607 0.089148 -0.0064928 0.11381 0.32352 0.26717 -0.052272 -0.11881 0.07529 0.45054 0.51349 -0.079907 0.33984 0.34543 0.5467 0.41643 0.61909 0.16538 0.21085 0.26328 0.36237 0.32519 0.34221 0.67124 -0.12625 -0.0098857 0.43701 0.7818
-0.09539 -0.11783 -0.052372 -0.0099316 -0.010522 0.061386 0.11563 -0.015519 -0.025555 -0.17979 -0.13937 -0.047612 0.018016 -0.018138 0.065969 0.12083 -0.0060638 -0.006012 0.65701 0.069256 -0.023335 0.12275 0.026679 0.30118 0.016977 0.10431 -0.14865 0.16135 0.070365 0.12404 -0.029518 0.21309 0.042314 0.10671 0.23386 -0.067031 0.23462 -0.0014278 0.17335 -0.072356 0.22218 -0.073073 -0.086951 -0.038471 0.024243 0.12209 0.62673 0.2042 0.020308 0.10197 0.2858 0.23945 0 0.07103 0.068019 0.12826 0.030187 0.32512 0.059476 0.18477 -0.1571 0.11578 0.10368 0.1319 -0.022286 0.37065 0.054591 0.12588 0.34949 0.068192 0.3923 -0.034983 0.21566 -0.030941 0.26294 -0.0041625 -0.029836 -0.014851 0.18397 0.12098 0.73048 0.22664 -8.6227e-05 0.16091 0.26094 0.22198
