0 0.31482 0.25504 0.28234 0.086666 -0.01159 -0.09737 0.045498 0.2062 0.68292 0.39468 0.33894 0.2968 0.10202 -0.00051473 -0.099804 0.030256 0.25794 -0.13875 0.26344 0.090837 -0.076029 0.028928 -0.087789 0.064887 0.16235 0.091117 0.0048766 0.21958 -0.043309 -0.15411 -0.065589 0.022757 0.11074 0.12448 -0.027347 0.076779 0.087043 0.018905 0.38363 0.071324 0.19727 0.10763 0.42472 0.10649 0.13164 -0.12047 0.40965 -0.091521 -0.045689 0.078718 0.25695 0.0040806 0.31679 0.43789 -0.060467 0.044657 -0.12055 0.33704 0.22673 0.17678 -0.026781 0.34108 -0.086736 -0.03473 0.13379 0.016779 0.13306 0.44599 0.2174 0.33663 0.1105 0.023358 0.46443 0.16361 0.31304 0.18833 0.59818 0.44553 0.14969 -0.081836 0.57341 -0.0059508 -0.074916 0.06962 0.31611
0.31482 0 0.2146 0.23754 0.10063 0.015023 -0.07773 0.059293 0.20672 0.32444 0.45744 0.22864 0.22268 0.085966 0.00060411 -0.09111 0.045929 0.20413 -0.090672 0.25609 0.043068 0.073647 0.021065 -0.068433 0.033296 0.039464 0.11641 0.071133 0.15012 0.11104 -0.035633 -0.097815 0.014733 0.14853 0.11417 -0.06307 0.020717 0.20833 0.11336 0.3117 0.11217 0.17619 0.149 0.21869 0.17836 0.10815 -0.074994 0.23212 -0.048157 -0.047647 0.16903 0.26899 -0.10166 0.25001 0.061615 0.069492 0.00661 -0.092212 0.044775 -0.013564 0.10409 0.059177 0.12293 0.068246 -0.022945 -0.092039 -0.017343 0.090562 0.16982 -0.026555 0.079383 0.23915 0.065346 0.29829 0.086856 0.16607 0.13432 0.17669 0.16239 0.04902 -0.095821 0.2144 -0.056181 -0.061631 0.14131 0.25685
0.25504 0.2146 0 0.36148 0.1134 0.020645 -0.025931 0.12998 0.12633 0.26231 0.23585 0.54259 0.34907 0.058458 0.023361 -0.014167 0.11027 0.14413 -0.020537 0.2168 0.11055 -0.0086285 0.011332 -0.044972 0.016654 0.057618 0.056568 0.0081871 0.20081 0.0092799 -0.029039 -0.062165 -0.029918 0.043925 0.24511 0.00056682 0.1581 0.065548 -0.0067475 0.1995 0.076282 0.068528 0.17813 0.26551 0.20599 0.058182 -0.041198 0.20269 -0.05712 -0.038341 0.08107 0.18484 -0.0075002 0.19836 0.12026 -0.02565 0.022295 -0.070161 0.016071 0.027484 0.040813 0.012892 0.16461 -0.023065 -0.020154 -0.06738 -0.029773 0.019389 0.22528 -0.014479 0.16342 0.077424 -0.019068 0.19593 0.087144 0.059094 0.1291 0.19271 0.17673 0.018756 -0.043655 0.20848 -0.071685 -0.052028 0.084748 0.19155
0.28234 0.23754 0.36148 0 0.20258 0.0047487 -0.0034339 0.10318 0.12805 0.26289 0.24697 0.35031 0.60075 0.11838 -0.002427 -0.0049939 0.086105 0.1381 -0.057565 0.29414 -0.020696 0.0091893 0.014235 -0.024692 -0.097197 0.046123 -0.019007 0.029806 0.15457 0.018352 -0.044519 -0.14173 -0.028159 0.14839 0.19144 -0.073391 0.09689 0.08714 0.13037 0.20609 0.25412 0.019362 0.12136 0.18475 0.17934 0.10933 -0.0049607 0.25611 -0.077138 -0.01194 0.11475 0.32893 -0.0043898 0.28769 0.024473 0.0073882 0.013668 -0.03488 -0.063338 0.0063285 -0.0062915 0.039589 0.14999 -0.00043839 -0.034989 -0.13534 0.0042494 0.11534 0.27322 -0.040863 0.16643 0.1061 0.072978 0.24014 0.24228 0.048648 0.12019 0.18703 0.18764 0.096603 -0.021237 0.30451 -0.079836 -0.055495 0.10898 0.33961
0.086666 0.10063 0.1134 0.20258 0 0.0011677 -0.010139 0.025999 0.055439 0.098392 0.091232 0.10979 0.17587 0.030348 -0.010542 -0.017152 0.021797 0.053751 -0.018373 0.10461 0.0094538 -0.0029867 0.0097812 -0.0019752 -0.014195 0.021136 -0.012084 -0.0028686 0.075716 0.00059092 -0.018242 -0.026825 -0.011892 0.0072605 0.076314 0.0074186 0.062233 0.033037 0.049973 0.093537 0.081565 0.01188 0.067087 0.07861 0.079273 0.013926 0.019306 0.11091 -0.034489 -0.01564 0.056835 0.14051 -0.0060351 0.11427 -0.0093671 -0.010359 -0.011932 -0.027978 -0.034964 -0.0013015 -0.013051 0.006805 0.064415 -0.015061 -0.021691 -0.043699 -0.016751 0.018987 0.089866 0.0005844 0.068918 0.035306 0.029707 0.073993 0.067429 -0.0023664 0.026937 0.047882 0.057944 -0.0046198 -0.005127 0.10516 -0.041231 -0.024766 0.034304 0.12702
-0.01159 0.015023 0.020645 0.0047487 0.0011677 0 0.16894 0.018114 0.07567 0.041351 -0.0032713 0.011189 -0.008047 -0.02058 0.40823 0.17248 0.031372 0.060358 0.084384 0.036243 0.14152 0.086994 0.11241 0.218 0.22426 0.1196 0.3193 0.10949 0.069941 0.11794 0.29083 0.19287 0.25829 0.065003 -0.029518 0.03725 -0.022032 0.068083 0.088296 0.069269 0.057681 0.23655 0.20781 -0.026898 0.14188 0.07196 0.23097 -0.095849 0.047692 0.14091 0.099359 0.07195 0.041425 0.011206 0.002151 0.074991 0.090766 0.20515 0.12043 0.078159 0.26238 0.11962 0.010245 0.10817 0.26317 0.11949 0.21037 0.068706 -0.11414 -0.044136 -0.086364 0.04933 0.096312 0.021298 0.0546 0.19016 0.1372 -0.098845 0.036611 0.042487 0.18797 -0.12762 0.053947 0.11514 0.080634 0.043192
-0.09737 -0.07773 -0.025931 -0.0034339 -0.010139 0.16894 0 -0.001235 -0.0034966 -0.053017 -0.10277 -0.045276 -0.024168 -0.022869 0.16664 0.24629 -0.0055919 -0.026131 0.14286 -0.047646 0.040878 0.029764 0.064945 0.1871 0.067092 0.12711 -0.0069035 0.076883 -0.0032448 0.044488 0.16438 0.16501 0.063505 0.013318 0.016632 0.083159 0.067419 -0.016273 0.055937 -0.12904 0.071754 -0.048408 -0.0044882 -0.14967 0.046739 0.034084 0.2247 -0.084802 0.054577 0.12032 0.0041138 0.020692 0.097208 -0.057703 -0.072275 0.023906 0.027585 0.16923 -0.038372 0.074782 -0.031731 0.073198 -0.032084 0.043347 0.087905 0.082892 0.043187 0.016133 -0.064226 -0.013607 -0.028481 -0.033654 0.065073 -0.14779 0.080769 -0.068287 -0.026521 -0.19022 -0.035119 0.039506 0.18203 -0.14716 0.027772 0.10226 -0.0069326 -0.020074
0.045498 0.059293 0.12998 0.10318 0.025999 0.018114 -0.001235 0 0.049612 0.032327 0.065268 0.11536 0.099611 0.018807 0.034384 0.017198 0.089633 0.055401 -0.034496 0.08259 -0.05751 0.014935 -0.0017579 -0.014671 -0.05745 -0.023371 0.034567 0.014609 0.013617 0.0058232 0.051253 -0.060804 0.025052 0.047507 -0.013615 -0.078956 -0.064275 0.040367 0.027607 0.054562 0.028039 0.025587 0.10636 -0.0081401 0.0071923 0.0038568 0.015189 -0.00053511 -0.010419 0.0021309 0.035028 0.075888 -0.012027 0.068833 -0.044385 0.021954 -0.0061028 -0.0063905 -0.038917 -0.0038772 0.048301 0.032004 0.026133 0.0054191 0.055018 -0.050643 0.010368 0.049424 -0.0053127 -0.090087 -0.014102 0.048229 0.018023 0.061557 0.043569 0.044204 0.088638 0.0050762 0.01472 0.0065938 0.020952 0.049091 -0.020828 0.0044655 0.053168 0.088803
0.2062 0.20672 0.12633 0.12805 0.055439 0.07567 -0.0034966 0.049612 0 0.20915 0.20722 0.12019 0.12602 0.03731 0.052786 -0.017556 0.037667 0.17088 -0.037157 0.16606 0.010597 0.044772 0.012323 -0.0034151 0.019715 0.011402 0.10271 0.013377 0.080646 0.06778 0.0086937 -0.04054 0.05037 0.10467 0.049818 -0.046963 0.00045126 0.13765 0.082577 0.18054 0.06563 0.12958 0.12692 0.11198 0.090272 0.046196 0.021459 0.12092 -0.037316 -0.014797 0.11407 0.17805 -0.016318 0.17308 0.03853 0.032406 0.022056 -0.023908 0.044324 0.01943 0.11665 0.0044989 0.088392 0.056274 0.04727 -0.015078 0.02201 0.068147 0.09641 -0.035469 0.050006 0.14056 0.063853 0.17649 0.065878 0.14329 0.12478 0.10714 0.11963 0.01327 0.01318 0.15294 -0.041645 -0.0036246 0.10478 0.17302
0.68292 0.32444 0.26231 0.26289 0.098392 0.041351 -0.053017 0.032327 0.20915 0 0.31094 0.26398 0.22373 0.087773 0.036522 -0.061268 0.020996 0.2291 -0.048815 0.26049 0.24659 -0.0081033 0.047668 -0.1224 0.18247 0.21633 0.11445 -0.062278 0.22625 0.0037631 -0.035737 0.064058 0.028627 0.16822 0.25128 0.1171 0.2122 0.13193 0.21723 0.32062 0.2711 0.21635 0.097393 0.46196 0.32643 0.21651 -0.090273 0.41164 -0.036297 0.0082548 0.058754 0.25071 -0.11882 0.2139 0.14529 -0.013724 0.030093 -0.13368 0.090119 0.11142 0.069051 -0.033578 0.12148 -0.014587 -0.04151 -0.0040919 0.019087 0.11569 0.22019 0.053627 0.10773 0.14712 0.111 0.26779 0.16422 0.12816 0.060537 0.24978 0.13195 0.078259 -0.076605 0.37066 -0.055932 -0.063088 0.069355 0.23067
0.39468 0.45744 0.23585 0.24697 0.091232 -0.0032713 -0.10277 0.065268 0.20722 0.31094 0 0.28567 0.26605 0.091833 -0.013371 -0.10854 0.076845 0.23188 -0.16638 0.2834 -0.0035847 0.050041 0.01574 -0.086129 -0.0047716 -0.010245 0.11858 0.046238 0.12983 0.091478 -0.072138 -0.16656 0.016871 0.11522 0.04631 -0.12427 -0.027686 0.2059 0.05908 0.31953 0.071078 0.18713 0.17296 0.2211 0.10389 0.074644 -0.11916 0.22995 -0.080402 -0.06362 0.18449 0.26273 -0.10785 0.30217 0.14979 0.064154 0.0036455 -0.10818 0.12503 0.00048991 0.1617 0.028439 0.18116 0.04988 -0.020483 -0.067808 0.0035593 0.12752 0.25053 -0.0011966 0.15355 0.25306 0.0319 0.38037 0.10166 0.24489 0.18335 0.29503 0.26 0.058909 -0.10195 0.31553 -0.043386 -0.090766 0.1706 0.29963
0.33894 0.22864 0.54259 0.35031 0.10979 0.011189 -0.045276 0.11536 0.12019 0.26398 0.28567 0 0.3771 0.07843 0.019367 -0.01709 0.13157 0.13985 -0.058621 0.20965 0.071087 -0.036712 -0.0047518 -0.067845 -0.0096934 0.045761 0.052549 0.0057527 0.18417 -0.010439 -0.064347 -0.12193 -0.031254 0.028283 0.21523 -0.027937 0.13311 0.064332 -0.0043555 0.2142 0.062337 0.054351 0.16311 0.26116 0.13551 0.068532 -0.068417 0.20906 -0.094184 -0.061323 0.0737 0.19006 -0.0020301 0.24764 0.19888 -0.057647 0.011441 -0.08364 0.072783 0.059278 0.056143 -0.010691 0.22793 -0.041012 -0.017452 -0.041242 -0.0053692 0.037398 0.30435 0.059207 0.24716 0.072692 -0.052086 0.25802 0.080121 0.099285 0.18055 0.30016 0.25113 0.028857 -0.05788 0.27106 -0.066851 -0.053513 0.069483 0.23149
0.2968 0.22268 0.34907 0.60075 0.17587 -0.008047 -0.024168 0.099611 0.12602 0.22373 0.26605 0.3771 0 0.1442 0.0006716 -0.0038296 0.11165 0.14066 -0.056271 0.27308 -0.023 0.0019109 0.017119 -0.040315 -0.095479 0.031488 -0.036564 0.039566 0.149 0.011857 -0.072827 -0.14251 -0.023509 0.12856 0.17006 -0.079874 0.091034 0.080944 0.065895 0.21243 0.19949 -0.0040504 0.10198 0.16192 0.14601 0.091557 -0.026382 0.23997 -0.082834 -0.032327 0.10539 0.30486 0.019435 0.29117 0.03343 -0.0054822 0.010385 -0.030775 -0.057393 0.043047 -0.02464 0.040426 0.1742 -0.009437 -0.042043 -0.11904 -0.014273 0.1214 0.29251 -0.029354 0.18984 0.10091 0.072353 0.24376 0.2597 0.035991 0.11993 0.20242 0.19511 0.094044 0.004846 0.31757 -0.099117 -0.054207 0.1101 0.3618
0.10202 0.085966 0.058458 0.11838 0.030348 -0.02058 -0.022869 0.018807 0.03731 0.087773 0.091833 0.07843 0.1442 0 -0.01134 -0.029501 0.011886 0.08589 -0.024682 0.12241 -0.030818 0.0061293 0.0098739 -0.017242 -0.027026 -0.0073325 -0.0059916 -0.0081788 0.037019 0.0028175 -0.032984 -0.050107 -0.0072205 0.038315 0.030179 -0.033155 -8.7877e-05 0.038722 0.035453 0.073413 0.055952 0.025183 0.050442 0.045953 0.048322 0.016939 -0.015968 0.085377 -0.042797 -0.0051416 0.063015 0.10857 -0.014782 0.10488 0.010673 -0.0011512 -0.0067366 -0.015052 -0.008279 -0.001129 0.012109 -0.0073201 0.030311 0.0031893 -0.016799 -0.02146 -0.011781 0.049864 0.0842 -0.02306 0.059083 0.053186 0.042756 0.077444 0.065406 0.033536 0.063809 0.066086 0.094286 0.0024928 -0.0054176 0.11246 -0.022657 -0.015054 0.051541 0.123
-0.00051473 0.00060411 0.023361 -0.002427 -0.010542 0.40823 0.16664 0.034384 0.052786 0.036522 -0.013371 0.019367 0.0006716 -0.01134 0 0.21629 0.043712 0.056617 0.055183 0.023842 0.12681 0.077183 0.099264 0.21378 0.19384 0.10846 0.2949 0.10525 0.063131 0.10127 0.28778 0.15426 0.242 0.068365 -0.045794 -0.010253 -0.059037 0.050695 0.074696 0.058908 0.062999 0.21841 0.20132 -0.044394 0.11907 0.074239 0.2071 -0.11383 0.025048 0.11725 0.070414 0.066756 0.04528 0.02512 0.044727 0.0765 0.1003 0.21854 0.14332 0.12303 0.28114 0.10608 0.034599 0.095104 0.24896 0.12655 0.24907 0.058483 -0.090042 -0.041753 -0.07957 0.050825 0.099792 0.031215 0.055222 0.20659 0.15506 -0.07126 0.050155 0.072908 0.20099 -0.10957 0.027135 0.12881 0.070848 0.055918
-0.099804 -0.09111 -0.014167 -0.0049939 -0.017152 0.17248 0.24629 0.017198 -0.017556 -0.061268 -0.10854 -0.01709 -0.0038296 -0.029501 0.21629 0 0.026242 -0.0096014 0.1067 -0.029183 0.046268 0.038179 0.064056 0.18478 0.046813 0.11213 -0.0054728 0.033913 -0.0015844 0.048927 0.13362 0.11628 0.090848 0.022931 0.0076699 0.037145 0.044022 -0.044718 0.059961 -0.11116 0.088973 -0.037454 0.0040061 -0.12424 0.032191 0.044155 0.20303 -0.082579 0.039199 0.10398 0.011442 0.029664 0.10408 -0.029914 -0.027892 0.023072 0.044916 0.19719 -0.011425 0.11824 -0.02322 0.04105 -0.0061709 0.049873 0.098581 0.077572 0.0913 0.026405 -0.031831 -0.012213 0.0043959 -0.051432 0.0795 -0.12677 0.094455 -0.048579 -0.02491 -0.14587 -0.025659 0.046034 0.2143 -0.10759 0.022033 0.12888 -0.0010843 0.020191
0.030256 0.045929 0.11027 0.086105 0.021797 0.031372 -0.0055919 0.089633 0.037667 0.020996 0.076845 0.13157 0.11165 0.011886 0.043712 0.026242 0 0.062963 -0.022837 0.082079 -0.041865 0.02833 0.016768 -0.0018925 -0.029339 -0.033761 0.064918 0.029174 0.013702 0.030556 0.06004 -0.063028 0.0056361 0.02618 -0.015717 -0.075589 -0.050695 0.036244 0.014267 0.048341 0.0065583 0.053916 0.12304 -0.015228 0.013967 0.003347 0.021155 -0.029915 -0.0065614 -0.011067 0.036333 0.056048 -0.0049855 0.0738 -0.032036 0.03234 0.0018241 0.014015 -0.030203 -0.016158 0.052278 0.024165 0.018639 0.020649 0.039113 -0.048945 0.017925 0.036825 -0.01495 -0.097853 -0.026222 0.042723 0.0046155 0.054862 0.0090381 0.053601 0.11074 0.0046357 0.0034489 0.0073419 0.027021 0.014094 -0.011446 -0.0086865 0.044364 0.071376
0.25794 0.20413 0.14413 0.1381 0.053751 0.060358 -0.026131 0.055401 0.17088 0.2291 0.23188 0.13985 0.14066 0.08589 0.056617 -0.0096014 0.062963 0 -0.044832 0.16423 0.049034 0.03579 0.039889 0.0040157 0.050842 0.033258 0.10153 0.011044 0.096263 0.067333 0.0034293 -0.018575 0.053688 0.076215 0.041318 -0.035938 0.016109 0.14216 0.080098 0.17186 0.069297 0.1413 0.11852 0.13308 0.091061 0.057347 0.031478 0.15136 -0.028448 0.031598 0.15018 0.18696 0.0034604 0.17724 0.10512 0.043583 0.02111 -0.0011893 0.10087 0.041935 0.12303 0.014549 0.11202 0.05203 0.051109 0.021383 0.044638 0.096778 0.12647 0.017698 0.093818 0.15718 0.070972 0.18229 0.082671 0.17074 0.1287 0.15012 0.1585 0.048677 0.044833 0.18002 -0.0046043 0.0040962 0.13439 0.21756
-0.13875 -0.090672 -0.020537 -0.057565 -0.018373 0.084384 0.14286 -0.034496 -0.037157 -0.048815 -0.16638 -0.058621 -0.056271 -0.024682 0.055183 0.1067 -0.022837 -0.044832 0 -0.071576 0.25196 0.044655 0.034675 0.28163 0.27868 0.2888 -0.10954 0.099391 0.065255 0.084012 0.066391 0.61828 0.01006 -0.046421 0.47977 0.24245 0.53327 -0.021383 0.0081342 -0.1203 0.094786 -0.03634 -0.10061 -0.028024 0.24354 0.043781 0.68029 0.13447 0.14078 0.15752 0.10351 0.073326 0.60457 -0.069508 0.034916 0.02388 0.014755 0.24033 0.066699 0.22051 -0.14471 0.10734 0.012939 0.08179 -0.016158 0.39771 0.027176 -0.026455 0.16787 0.20403 0.27796 -0.062054 0.078146 -0.20209 0.081763 -0.11051 -0.10028 -0.097468 0.090982 0.012949 0.5534 -0.049305 0.099345 0.1648 0.12633 0.033611
0.26344 0.25609 0.2168 0.29414 0.10461 0.036243 -0.047646 0.08259 0.16606 0.26049 0.2834 0.20965 0.27308 0.12241 0.023842 -0.029183 0.082079 0.16423 -0.071576 0 -0.070831 0.14047 0.052359 0.018164 -0.12967 0.03357 0.0086017 0.034842 0.25763 0.16593 -0.10626 -0.28014 0.022744 0.33426 0.23249 -0.19906 0.071948 0.26243 0.25053 0.43269 0.37255 0.097464 0.29071 0.31282 0.35234 0.26615 0.076724 0.42459 -0.14625 -0.033965 0.28623 0.5656 0.039567 0.59899 -0.080911 0.14346 0.0068845 -0.0091902 -0.1561 0.017326 0.033288 0.03876 0.20355 0.1308 -0.067266 -0.28665 0.022867 0.31448 0.31914 -0.22838 0.1546 0.26666 0.2022 0.45007 0.36426 0.13935 0.27742 0.24562 0.28577 0.21423 0.067302 0.47312 -0.18271 -0.092901 0.2357 0.56247
0.090837 0.043068 0.11055 -0.020696 0.0094538 0.14152 0.040878 -0.05751 0.010597 0.24659 -0.0035847 0.071087 -0.023 -0.030818 0.12681 0.046268 -0.041865 0.049034 0.25196 -0.070831 0 -0.091611 0.058748 0.20579 0.69899 0.50412 0.22544 -0.0022131 0.27332 -0.020457 0.089329 0.46976 0.16624 -0.094557 0.51363 0.43775 0.50212 -0.061543 -0.044714 0.11488 0.081526 0.33767 -0.0024999 0.63123 0.39628 0.38082 0.075768 0.42468 0.023141 0.007305 -0.0041784 -0.017236 0.058426 -0.07893 0.65926 -0.12492 0.063968 0.14693 0.50534 0.27828 0.11003 0.027756 0.12429 -0.013611 0.062284 0.30471 0.13498 -0.085057 0.31885 0.34888 0.2617 -0.059778 0.00059485 -0.0059746 0.043162 0.19681 -0.085055 0.27583 0.11878 0.19505 0.069465 0.11932 0.079673 0.010782 0.0083843 -0.045026
-0.076029 0.073647 -0.0086285 0.0091893 -0.0029867 0.086994 0.029764 0.014935 0.044772 -0.0081033 0.050041 -0.036712 0.0019109 0.0061293 0.077183 0.038179 0.02833 0.03579 0.044655 0.14047 -0.091611 0 0.012255 0.31206 0.053319 -0.089416 0.11153 0.12331 0.050601 0.89983 0.032208 -0.14303 0.17795 0.35675 -0.05124 -0.145 -0.10756 0.8417 0.30358 0.031697 0.27416 0.26058 0.068951 -0.002625 0.093478 0.64384 0.17198 -0.011195 -0.021502 0.023623 0.17732 0.20088 0.080705 0.1188 -0.23472 0.95993 -0.0049924 0.32164 -0.098067 -0.076044 0.12499 0.17769 -0.029286 0.88453 0.0069301 -0.1906 0.17285 0.33038 -0.14456 -0.24397 -0.1735 0.78474 0.34961 0.017751 0.2785 0.28974 0.06387 -0.12347 -0.031228 0.55625 0.17649 -0.010987 -0.065314 0.016279 0.14777 0.16653
0.028928 0.021065 0.011332 0.014235 0.0097812 0.11241 0.064945 -0.0017579 0.012323 0.047668 0.01574 -0.0047518 0.017119 0.0098739 0.099264 0.064056 0.016768 0.039889 0.034675 0.052359 0.058748 0.012255 0 0.14809 0.09721 0.12825 0.039124 0.023087 0.07896 0.035029 0.080181 0.093618 0.084819 0.038798 0.063249 0.035098 0.069674 0.020319 0.053471 0.03186 0.063857 0.024596 0.052675 0.037608 0.071113 0.085496 0.11058 0.050282 0.027982 0.090556 0.043491 0.094066 0.021353 0.030621 0.028378 0.003825 0.04596 0.12551 0.058628 0.10616 0.039884 0.0091897 0.045953 0.03108 0.070505 0.064512 0.063534 0.0039536 0.052428 0.017102 0.041718 0.0058955 0.03817 0.026471 0.054478 0.044032 0.02551 -0.0016526 0.046965 0.072762 0.07365 0.032639 0.020878 0.045859 0.023305 0.079147
-0.087789 -0.068433 -0.044972 -0.024692 -0.0019752 0.218 0.1871 -0.014671 -0.0034151 -0.1224 -0.086129 -0.067845 -0.040315 -0.017242 0.21378 0.18478 -0.0018925 0.0040157 0.28163 0.018164 0.20579 0.31206 0.14809 0 0.30176 0.35748 0.073215 0.48088 0.087037 0.49722 0.17072 0.19349 0.31492 0.10097 0.12216 0.038537 0.10739 0.24918 0.1362 -0.073873 0.1623 0.081853 0.046341 -0.023713 0.077803 0.47224 0.37378 -0.0039504 0.052237 0.14895 0.11969 0.13706 0.29713 0.024852 0.041515 0.28771 0.11669 0.79308 0.15309 0.34238 0.077114 0.44964 0.059515 0.50544 0.13911 0.16978 0.32609 0.10925 0.066758 -0.024786 0.11967 0.17551 0.18578 -0.069775 0.18593 0.14127 0.042417 -0.079289 0.036105 0.45093 0.30919 -0.03773 0.039121 0.1294 0.086562 0.093617
0.064887 0.033296 0.016654 -0.097197 -0.014195 0.22426 0.067092 -0.05745 0.019715 0.18247 -0.0047716 -0.0096934 -0.095479 -0.027026 0.19384 0.046813 -0.029339 0.050842 0.27868 -0.12967 0.69899 0.053319 0.09721 0.30176 0 0.47486 0.48664 0.077713 0.1642 0.13312 0.24453 0.62108 0.36522 -0.045491 0.24401 0.36634 0.24201 0.039678 -0.075822 0.1507 -0.10935 0.62705 0.095542 0.46867 0.32538 0.33874 0.12335 0.19434 0.13235 0.092913 0.008018 -0.07828 0.095833 -0.13031 0.51029 0.0073546 0.061067 0.22454 0.74139 0.30648 0.39161 0.068377 0.060946 0.12359 0.21845 0.51519 0.30707 -0.058727 0.1358 0.24897 0.15306 0.021831 -0.053763 0.030346 -0.1226 0.48169 0.020245 0.1885 0.13539 0.16689 0.095742 0.0063148 0.23157 0.11917 0.013233 -0.11139
0.16235 0.039464 0.057618 0.046123 0.021136 0.1196 0.12711 -0.023371 0.011402 0.21633 -0.010245 0.045761 0.031488 -0.0073325 0.10846 0.11213 -0.033761 0.033258 0.2888 0.03357 0.50412 -0.089416 0.12825 0.35748 0.47486 0 -0.0074425 0.1343 0.2533 -0.010851 0.042599 0.44177 0.10348 -0.01514 0.41051 0.34866 0.44778 -0.073463 0.038225 0.052253 0.15008 -0.010788 -0.050728 0.36842 0.23613 0.37205 0.20982 0.42851 0.014795 0.11834 0.0072926 0.1319 0.18689 0.029757 0.30623 -0.11264 0.09895 0.30433 0.28637 0.54348 -0.083943 0.10138 0.15212 -0.011628 -0.021225 0.29165 0.05052 -0.030328 0.3176 0.24649 0.3397 -0.093157 0.033231 0.020807 0.11373 -0.027062 -0.084782 0.15017 0.080391 0.29083 0.15842 0.26309 0.030315 0.077819 0.02529 0.09749
0.091117 0.11641 0.056568 -0.019007 -0.012084 0.3193 -0.0069035 0.034567 0.10271 0.11445 0.11858 0.052549 -0.036564 -0.0059916 0.2949 -0.0054728 0.064918 0.10153 -0.10954 0.0086017 0.22544 0.11153 0.039124 0.073215 0.48664 -0.0074425 0 0.013574 0.024028 0.12245 0.43827 0.17722 0.34802 0.063506 -0.20525 -0.029043 -0.24569 0.14616 0.037334 0.36015 -0.11559 0.76103 0.42261 0.074443 0.19213 0.030262 0.028179 -0.14031 0.081948 0.032266 0.11352 -0.02319 -0.11487 0.001621 0.11806 0.090819 0.046577 0.042878 0.35807 -0.036934 0.719 0.038608 -0.036821 0.10945 0.401 0.17273 0.28785 0.051849 -0.25325 -0.10716 -0.2194 0.16762 0.053751 0.24494 -0.10197 0.66005 0.30385 -0.0045812 0.09908 -0.059002 0.041547 -0.16714 0.09516 0.040618 0.086847 -0.044823
0.0048766 0.071133 0.0081871 0.029806 -0.0028686 0.10949 0.076883 0.014609 0.013377 -0.062278 0.046238 0.0057527 0.039566 -0.0081788 0.10525 0.033913 0.029174 0.011044 0.099391 0.034842 -0.0022131 0.12331 0.023087 0.48088 0.077713 0.1343 0.013574 0 0.05554 0.31172 0.11346 0.050197 0.044915 0.055788 0.037652 0.023525 0.064 0.22359 0.035131 0.018118 0.073993 -0.056158 0.07746 -0.03236 0.026538 0.24144 0.1995 -0.065734 0.017781 0.053959 0.10545 0.098433 0.17685 0.051787 -0.047644 0.12957 0.021317 0.48215 -0.0085313 0.16166 -0.014173 0.92424 0.071557 0.24015 0.086386 0.064797 0.065382 0.063051 0.07284 0.0024868 0.11442 0.22611 0.083313 0.018229 0.12382 -0.029313 0.065619 -0.040496 0.035821 0.26114 0.16539 0.011424 0.024825 0.044705 0.098835 0.10306
0.21958 0.15012 0.20081 0.15457 0.075716 0.069941 -0.0032448 0.013617 0.080646 0.22625 0.12983 0.18417 0.149 0.037019 0.063131 -0.0015844 0.013702 0.096263 0.065255 0.25763 0.27332 0.050601 0.07896 0.087037 0.1642 0.2533 0.024028 0.05554 0 0.047216 -0.011397 0.046656 0.047359 0.060452 0.44101 0.29158 0.46513 0.10307 0.0077185 0.29121 0.12389 0.096961 0.20378 0.47896 0.30141 0.21597 0.095266 0.4375 -0.058225 0.034483 0.14728 0.33931 0.093695 0.24095 0.22162 0.024081 0.046088 0.056724 0.12948 0.16239 -0.020693 0.041968 0.39195 0.043808 -0.01181 0.028075 0.013057 0.029892 0.40866 0.21911 0.44592 0.094333 0.012698 0.22581 0.11224 0.070704 0.15341 0.31411 0.21822 0.10757 0.071749 0.32813 -0.025205 -0.018863 0.12923 0.33898
-0.043309 0.11104 0.0092799 0.018352 0.00059092 0.11794 0.044488 0.0058232 0.06778 0.0037631 0.091478 -0.010439 0.011857 0.0028175 0.10127 0.048927 0.030556 0.067333 0.084012 0.16593 -0.020457 0.89983 0.035029 0.49722 0.13312 -0.010851 0.12245 0.31172 0.047216 0 0.053573 -0.10582 0.23966 0.36354 -0.030954 -0.14806 -0.065655 0.88806 0.32787 0.066111 0.26995 0.24505 0.0801 0.017544 0.087727 0.66875 0.21761 0.033884 -0.012267 0.025061 0.24552 0.23631 0.091892 0.12451 -0.1534 0.88537 0.002555 0.48126 -0.0074148 0.018167 0.14053 0.34224 0.0022414 0.90919 0.025597 -0.13395 0.23137 0.32842 -0.07518 -0.21224 -0.099272 0.83666 0.3683 0.056304 0.28203 0.29743 0.072775 -0.082344 -0.008247 0.60333 0.20666 0.068538 -0.050846 0.0055106 0.20086 0.20017
-0.15411 -0.035633 -0.029039 -0.044519 -0.018242 0.29083 0.16438 0.051253 0.0086937 -0.035737 -0.072138 -0.064347 -0.072827 -0.032984 0.28778 0.13362 0.06004 0.0034293 0.066391 -0.10626 0.089329 0.032208 0.080181 0.17072 0.24453 0.042599 0.43827 0.11346 -0.011397 0.053573 0 0.31762 0.22394 -0.00053518 -0.16855 0.064449 -0.12876 0.014065 0.049745 -0.06179 -0.036822 0.32329 0.34999 -0.28447 0.17891 -0.060784 0.20219 -0.32111 0.22867 0.17239 0.022021 -0.078792 -0.026293 -0.13495 -0.16249 0.022947 0.037335 0.1761 0.047667 0.014037 0.32515 0.14204 -0.13503 0.051875 0.51043 0.18388 0.19241 -0.010322 -0.34976 -0.11954 -0.26769 0.0080229 0.07129 -0.15855 -0.049373 0.1609 0.18688 -0.3856 -0.049898 -0.077257 0.15959 -0.36169 0.18829 0.16151 0.0073914 -0.11561
-0.065589 -0.097815 -0.062165 -0.14173 -0.026825 0.19287 0.16501 -0.060804 -0.04054 0.064058 -0.16656 -0.12193 -0.14251 -0.050107 0.15426 0.11628 -0.063028 -0.018575 0.61828 -0.28014 0.46976 -0.14303 0.093618 0.19349 0.62108 0.44177 0.17722 0.050197 0.046656 -0.10582 0.31762 0 0.11094 -0.21293 0.24255 0.56735 0.34173 -0.16351 -0.14313 -0.11385 -0.15107 0.19983 -0.027725 -0.025319 0.30071 -0.11236 0.36053 0.062753 0.28153 0.24927 -0.096267 -0.18966 0.24888 -0.2798 0.21638 -0.1806 0.063902 0.13494 0.36495 0.30292 0.054916 0.043441 -0.02723 -0.086891 0.17108 0.74328 0.06557 -0.1966 -0.028442 0.41697 0.10508 -0.19297 -0.098672 -0.23162 -0.17204 -0.019868 -0.11792 -0.16555 0.066881 -0.13864 0.25338 -0.18228 0.32987 0.25088 -0.063476 -0.20843
0.022757 0.014733 -0.029918 -0.028159 -0.011892 0.25829 0.063505 0.025052 0.05037 0.028627 0.016871 -0.031254 -0.023509 -0.0072205 0.242 0.090848 0.0056361 0.053688 0.01006 0.022744 0.16624 0.17795 0.084819 0.31492 0.36522 0.10348 0.34802 0.044915 0.047359 0.23966 0.22394 0.11094 0 0.10172 -0.051032 -0.041644 -0.075105 0.15653 0.064141 0.054176 -0.0043806 0.40795 0.18631 0.05581 0.10451 0.16067 0.148 -0.051019 0.023605 0.079027 0.095123 0.047896 0.041311 0.011587 0.11042 0.15718 0.069482 0.26958 0.27593 0.094104 0.34753 0.053105 0.012606 0.23107 0.23915 0.12401 0.40285 0.077109 -0.068756 -0.046086 -0.031436 0.13275 0.045056 0.040903 -0.014128 0.39861 0.14233 -0.00027236 0.086413 0.10263 0.13094 -0.075715 0.070915 0.08336 0.062013 0.016577
0.11074 0.14853 0.043925 0.14839 0.0072605 0.065003 0.013318 0.047507 0.10467 0.16822 0.11522 0.028283 0.12856 0.038315 0.068365 0.022931 0.02618 0.076215 -0.046421 0.33426 -0.094557 0.35675 0.038798 0.10097 -0.045491 -0.01514 0.063506 0.055788 0.060452 0.36354 -0.00053518 -0.21293 0.10172 0 0.096732 -0.21753 -0.026789 0.39979 0.49222 0.21938 0.57286 0.17457 0.080998 0.12829 0.27982 0.3808 0.16733 0.26839 -0.078434 -0.013632 0.33225 0.43966 0.020376 0.29444 -0.093341 0.34081 0.0038947 0.10054 -0.077974 -0.020016 0.08009 0.060022 0.025262 0.32789 -0.018554 -0.21309 0.12919 0.75025 0.13589 -0.21931 0.035562 0.37358 0.41934 0.26888 0.5056 0.2276 0.063898 0.095977 0.21424 0.31296 0.16922 0.30416 -0.089385 -0.025665 0.28917 0.39155
0.12448 0.11417 0.24511 0.19144 0.076314 -0.029518 0.016632 -0.013615 0.049818 0.25128 0.04631 0.21523 0.17006 0.030179 -0.045794 0.0076699 -0.015717 0.041318 0.47977 0.23249 0.51363 -0.05124 0.063249 0.12216 0.24401 0.41051 -0.20525 0.037652 0.44101 -0.030954 -0.16855 0.24255 -0.051032 0.096732 0 0.39564 0.83609 0.011927 0.036347 0.13291 0.31466 -0.081423 -0.063013 0.5403 0.55882 0.26664 0.25665 0.65085 -0.046265 0.024706 0.12576 0.36295 0.25762 0.22285 0.29033 -0.086997 0.025656 0.068783 0.069527 0.20374 -0.28772 0.030329 0.28749 -0.027235 -0.20343 0.06061 -0.051478 0.079591 0.66475 0.27774 0.6178 -0.0091192 0.058128 0.046277 0.28865 -0.15799 -0.097756 0.22825 0.29617 0.16098 0.19514 0.45453 -0.044553 -0.021187 0.13198 0.34859
-0.027347 -0.06307 0.00056682 -0.073391 0.0074186 0.03725 0.083159 -0.078956 -0.046963 0.1171 -0.12427 -0.027937 -0.079874 -0.033155 -0.010253 0.037145 -0.075589 -0.035938 0.24245 -0.19906 0.43775 -0.145 0.035098 0.038537 0.36634 0.34866 -0.029043 0.023525 0.29158 -0.14806 0.064449 0.56735 -0.041644 -0.21753 0.39564 0 0.58473 -0.13237 -0.14071 -0.1169 -0.084646 -0.081941 -0.1494 0.15579 0.25152 -0.058637 0.023787 0.16159 0.16018 0.090312 -0.073841 -0.10768 -0.0085145 -0.19935 0.16255 -0.17371 0.053755 0.028425 0.12259 0.17941 -0.18519 0.01516 0.12977 -0.13406 -0.032047 0.25322 -0.030202 -0.19347 0.15303 0.55715 0.23883 -0.15264 -0.092895 -0.21383 -0.076922 -0.27314 -0.22399 -0.12867 -0.061102 -0.11452 -0.0053577 -0.050628 0.14238 0.073236 -0.059334 -0.11036
0.076779 0.020717 0.1581 0.09689 0.062233 -0.022032 0.067419 -0.064275 0.00045126 0.2122 -0.027686 0.13311 0.091034 -8.7877e-05 -0.059037 0.044022 -0.050695 0.016109 0.53327 0.071948 0.50212 -0.10756 0.069674 0.10739 0.24201 0.44778 -0.24569 0.064 0.46513 -0.065655 -0.12876 0.34173 -0.075105 -0.026789 0.83609 0.58473 0 -0.045816 -0.058477 0.010573 0.21678 -0.22067 -0.18039 0.40384 0.36789 0.18177 0.23873 0.5604 0.02222 0.037636 0.02778 0.22799 0.26602 0.027085 0.27378 -0.13101 0.054199 0.061002 0.010009 0.25869 -0.34871 0.052307 0.28256 -0.068326 -0.19769 0.095328 -0.076876 -0.032395 0.55111 0.45445 0.64148 -0.066769 -0.0045999 -0.090723 0.18233 -0.31743 -0.20716 0.12392 0.073345 0.090571 0.16109 0.30055 -0.050917 0.0012821 0.049436 0.21894
0.087043 0.20833 0.065548 0.08714 0.033037 0.068083 -0.016273 0.040367 0.13765 0.13193 0.2059 0.064332 0.080944 0.038722 0.050695 -0.044718 0.036244 0.14216 -0.021383 0.26243 -0.061543 0.8417 0.020319 0.24918 0.039678 -0.073463 0.14616 0.22359 0.10307 0.88806 0.014065 -0.16351 0.15653 0.39979 0.011927 -0.13237 -0.045816 0 0.36358 0.19716 0.30503 0.27893 0.12596 0.080067 0.13571 0.56651 0.10406 0.11725 -0.048418 -0.0064539 0.28801 0.31069 -0.0089847 0.23963 -0.13304 0.79332 -0.008315 0.23866 -0.030834 -0.054225 0.17093 0.27258 0.062285 0.83644 0.011646 -0.19413 0.14559 0.36961 0.0010307 -0.17817 -0.051202 0.94818 0.3967 0.20048 0.33478 0.32347 0.13433 0.013102 0.073703 0.49924 0.096164 0.20902 -0.069144 -0.044494 0.24942 0.30726
0.018905 0.11336 -0.0067475 0.13037 0.049973 0.088296 0.055937 0.027607 0.082577 0.21723 0.05908 -0.0043555 0.065895 0.035453 0.074696 0.059961 0.014267 0.080098 0.0081342 0.25053 -0.044714 0.30358 0.053471 0.1362 -0.075822 0.038225 0.037334 0.035131 0.0077185 0.32787 0.049745 -0.14313 0.064141 0.49222 0.036347 -0.14071 -0.058477 0.36358 0 0.050274 0.86297 0.056449 0.009749 0.0065781 0.26665 0.43917 0.28089 0.28523 -0.0044288 0.045985 0.43126 0.5466 0.014897 0.21064 -0.17169 0.27924 -0.0091825 0.14414 -0.17247 -0.0087575 0.0085468 0.03961 -0.052184 0.30638 0.012634 -0.20604 0.086514 0.4424 0.0033159 -0.21468 -0.13023 0.33002 0.87581 0.0698 0.75869 0.057122 -0.018873 -0.10867 0.099666 0.34754 0.26233 0.24448 -0.091404 -0.015065 0.34129 0.42314
0.38363 0.3117 0.1995 0.20609 0.093537 0.069269 -0.12904 0.054562 0.18054 0.32062 0.31953 0.2142 0.21243 0.073413 0.058908 -0.11116 0.048341 0.17186 -0.1203 0.43269 0.11488 0.031697 0.03186 -0.073873 0.1507 0.052253 0.36015 0.018118 0.29121 0.066111 -0.06179 -0.11385 0.054176 0.21938 0.13291 -0.1169 0.010573 0.19716 0.050274 0 0.08913 0.49261 0.34292 0.46438 0.30484 0.16506 -0.052627 0.41665 -0.089187 -0.056636 0.19857 0.34877 -0.041289 0.39389 0.1771 0.041022 0.044882 -0.085592 0.20386 0.07171 0.35076 0.012243 0.24318 0.021119 0.043341 -0.041288 0.023103 0.17906 0.24594 -0.06923 0.15905 0.2298 0.033971 0.6765 0.11118 0.45653 0.30822 0.44269 0.31429 0.077973 -0.034178 0.41532 -0.099005 -0.093739 0.18384 0.36997
0.071324 0.11217 0.076282 0.25412 0.081565 0.057681 0.071754 0.028039 0.06563 0.2711 0.071078 0.062337 0.19949 0.055952 0.062999 0.088973 0.0065583 0.069297 0.094786 0.37255 0.081526 0.27416 0.063857 0.1623 -0.10935 0.15008 -0.11559 0.073993 0.12389 0.26995 -0.036822 -0.15107 -0.0043806 0.57286 0.31466 -0.084646 0.21678 0.30503 0.86297 0.08913 0 -0.080873 -0.012639 0.12863 0.47699 0.50421 0.31065 0.47118 -0.040297 0.021843 0.38931 0.60101 0.11106 0.31581 -0.088543 0.23955 -0.0054527 0.15888 -0.25586 0.040348 -0.14139 0.09176 0.046531 0.25639 -0.08985 -0.25146 0.045018 0.54389 0.26134 -0.18898 0.056939 0.28028 0.79589 0.10183 0.90001 -0.039924 -0.042452 -0.031749 0.25777 0.45423 0.28976 0.39399 -0.1382 -0.031321 0.30897 0.51076
0.19727 0.17619 0.068528 0.019362 0.01188 0.23655 -0.048408 0.025587 0.12958 0.21635 0.18713 0.054351 -0.0040504 0.025183 0.21841 -0.037454 0.053916 0.1413 -0.03634 0.097464 0.33767 0.26058 0.024596 0.081853 0.62705 -0.010788 0.76103 -0.056158 0.096961 0.24505 0.32329 0.19983 0.40795 0.17457 -0.081423 -0.081941 -0.22067 0.27893 0.056449 0.49261 -0.080873 0 0.4023 0.31529 0.30842 0.19174 0.048379 0.098676 0.063438 0.027617 0.12611 0.064712 -0.013199 0.082799 0.24215 0.23846 0.037314 0.051277 0.51551 -0.012693 0.72266 0.0081539 -0.0013424 0.2245 0.3281 0.25 0.34163 0.13151 -0.1415 -0.11228 -0.1505 0.2855 0.050885 0.38746 -0.077811 0.89539 0.31922 0.18908 0.24665 0.042847 0.063242 0.027739 0.13464 0.035225 0.11192 0.034944
0.10763 0.149 0.17813 0.12136 0.067087 0.20781 -0.0044882 0.10636 0.12692 0.097393 0.17296 0.16311 0.10198 0.050442 0.20132 0.0040061 0.12304 0.11852 -0.10061 0.29071 -0.0024999 0.068951 0.052675 0.046341 0.095542 -0.050728 0.42261 0.07746 0.20378 0.0801 0.34999 -0.027725 0.18631 0.080998 -0.063013 -0.1494 -0.18039 0.12596 0.009749 0.34292 -0.012639 0.4023 0 0.074317 0.32862 -0.0029995 0.063085 -0.023063 0.012655 0.032779 0.16808 0.18604 -0.065997 0.27026 -0.045645 0.062609 0.029736 0.017615 0.050967 -0.046854 0.3895 0.084336 0.13005 0.061895 0.36801 0.012083 0.13643 0.068062 -0.080474 -0.19249 -0.086379 0.12753 -0.0067289 0.29633 -0.016666 0.34145 0.55527 0.053995 0.25561 -0.060277 0.076156 -0.011094 0.0057061 0.0215 0.12549 0.18028
0.42472 0.21869 0.26551 0.18475 0.07861 -0.026898 -0.14967 -0.0081401 0.11198 0.46196 0.2211 0.26116 0.16192 0.045953 -0.044394 -0.12424 -0.015228 0.13308 -0.028024 0.31282 0.63123 -0.002625 0.037608 -0.023713 0.46867 0.36842 0.074443 -0.03236 0.47896 0.017544 -0.28447 -0.025319 0.05581 0.12829 0.5403 0.15579 0.40384 0.080067 0.0065781 0.46438 0.12863 0.31529 0.074317 0 0.4369 0.41299 -0.099246 0.68605 -0.14584 -0.10095 0.11063 0.29471 0.018348 0.29369 0.56248 -0.024832 0.033568 -0.04659 0.42077 0.21746 0.031096 -0.038375 0.34772 -0.011721 -0.1943 0.039064 0.016532 0.10044 0.53583 0.20775 0.37783 0.085061 -0.025699 0.42182 0.12084 0.29783 0.059111 0.73231 0.32794 0.25146 -0.066388 0.54043 -0.10884 -0.14638 0.10058 0.27986
0.10649 0.17836 0.20599 0.17934 0.079273 0.14188 0.046739 0.0071923 0.090272 0.32643 0.10389 0.13551 0.14601 0.048322 0.11907 0.032191 0.013967 0.091061 0.24354 0.35234 0.39628 0.093478 0.071113 0.077803 0.32538 0.23613 0.19213 0.026538 0.30141 0.087727 0.17891 0.30071 0.10451 0.27982 0.55882 0.25152 0.36789 0.13571 0.26665 0.30484 0.47699 0.30842 0.32862 0.4369 0 0.32171 0.18368 0.50439 0.075989 0.060539 0.19829 0.34588 0.032559 0.2732 0.13698 0.04374 0.031811 0.035884 0.038582 0.11148 0.058223 0.040936 0.083751 0.079384 0.069678 0.044152 0.08788 0.26777 0.26062 -0.0010956 0.16062 0.11155 0.23244 0.16826 0.39594 0.095952 0.15159 0.079737 0.49868 0.18644 0.15577 0.26297 0.069231 0.025515 0.17461 0.28866
0.13164 0.10815 0.058182 0.10933 0.013926 0.07196 0.034084 0.0038568 0.046196 0.21651 0.074644 0.068532 0.091557 0.016939 0.074239 0.044155 0.003347 0.057347 0.043781 0.26615 0.38082 0.64384 0.085496 0.47224 0.33874 0.37205 0.030262 0.24144 0.21597 0.66875 -0.060784 -0.11236 0.16067 0.3808 0.26664 -0.058637 0.18177 0.56651 0.43917 0.16506 0.50421 0.19174 -0.0029995 0.41299 0.32171 0 0.11738 0.47072 -0.056495 -0.0051319 0.18341 0.35941 0.098011 0.23197 0.14714 0.60583 0.041948 0.43951 0.09273 0.27569 0.053085 0.22687 0.1152 0.6706 -0.060699 -0.15127 0.1559 0.33518 0.23826 -0.10802 0.12951 0.55828 0.39465 0.16187 0.45471 0.28108 8.9001e-05 0.17038 0.15692 0.92199 0.085413 0.37402 -0.073254 -0.035134 0.16695 0.30708
-0.12047 -0.074994 -0.041198 -0.0049607 0.019306 0.23097 0.2247 0.015189 0.021459 -0.090273 -0.11916 -0.068417 -0.026382 -0.015968 0.2071 0.20303 0.021155 0.031478 0.68029 0.076724 0.075768 0.17198 0.11058 0.37378 0.12335 0.20982 0.028179 0.1995 0.095266 0.21761 0.20219 0.36053 0.148 0.16733 0.25665 0.023787 0.23873 0.10406 0.28089 -0.052627 0.31065 0.048379 0.063085 -0.099246 0.18368 0.11738 0 0.090685 0.07228 0.21803 0.53825 0.32928 0.55003 0.06237 -0.066739 0.13881 0.069557 0.34416 -0.032798 0.12358 -0.021673 0.19241 0.036009 0.20515 0.13043 0.19928 0.14073 0.19407 0.11973 -0.027338 0.1362 0.03988 0.31595 -0.075424 0.31265 0.020398 0.053452 -0.143 0.086241 0.112 0.82266 0.037098 0.041985 0.19222 0.44013 0.26539
0.40965 0.23212 0.20269 0.25611 0.11091 -0.095849 -0.084802 -0.00053511 0.12092 0.41164 0.22995 0.20906 0.23997 0.085377 -0.11383 -0.082579 -0.029915 0.15136 0.13447 0.42459 0.42468 -0.011195 0.050282 -0.0039504 0.19434 0.42851 -0.14031 -0.065734 0.4375 0.033884 -0.32111 0.062753 -0.051019 0.26839 0.65085 0.16159 0.5604 0.11725 0.28523 0.41665 0.47118 0.098676 -0.023063 0.68605 0.50439 0.47072 0.090685 0 -0.092275 -0.060441 0.27262 0.57114 0.18825 0.41531 0.38841 -0.03477 0.011402 -0.041136 0.21387 0.29071 -0.14694 -0.052546 0.35061 0.0051875 -0.28477 0.068942 -0.064131 0.23007 0.66583 0.23425 0.55131 0.12505 0.2081 0.38798 0.43034 0.12825 3.0622e-06 0.53331 0.44821 0.3716 0.069585 0.82547 -0.1005 -0.097335 0.21249 0.52551
-0.091521 -0.048157 -0.05712 -0.077138 -0.034489 0.047692 0.054577 -0.010419 -0.037316 -0.036297 -0.080402 -0.094184 -0.082834 -0.042797 0.025048 0.039199 -0.0065614 -0.028448 0.14078 -0.14625 0.023141 -0.021502 0.027982 0.052237 0.13235 0.014795 0.081948 0.017781 -0.058225 -0.012267 0.22867 0.28153 0.023605 -0.078434 -0.046265 0.16018 0.02222 -0.048418 -0.0044288 -0.089187 -0.040297 0.063438 0.012655 -0.14584 0.075989 -0.056495 0.07228 -0.092275 0 0.081943 -0.074485 -0.12096 0.027698 -0.15555 -0.085092 -0.014082 0.0014016 0.045849 0.0054612 0.015882 0.034966 0.028472 -0.10549 -0.0092324 0.121 0.19792 0.013829 -0.050234 -0.15613 0.06574 -0.10077 -0.050458 0.018106 -0.16322 -0.067942 -0.027756 -0.038265 -0.22297 -0.026045 -0.039625 0.052063 -0.17073 0.22488 0.077996 -0.043694 -0.14962
-0.045689 -0.047647 -0.038341 -0.01194 -0.01564 0.14091 0.12032 0.0021309 -0.014797 0.0082548 -0.06362 -0.061323 -0.032327 -0.0051416 0.11725 0.10398 -0.011067 0.031598 0.15752 -0.033965 0.007305 0.023623 0.090556 0.14895 0.092913 0.11834 0.032266 0.053959 0.034483 0.025061 0.17239 0.24927 0.079027 -0.013632 0.024706 0.090312 0.037636 -0.0064539 0.045985 -0.056636 0.021843 0.027617 0.032779 -0.10095 0.060539 -0.0051319 0.21803 -0.060441 0.081943 0 0.027216 0.029165 0.08971 -0.062789 -0.059679 0.014891 0.029897 0.12694 0.011126 0.089982 0.026371 0.047901 -0.033576 0.040045 0.11954 0.17905 0.057966 -0.011418 -0.033586 0.024438 0.00083682 -0.024151 0.033409 -0.090594 0.0010642 0.0015432 0.0021108 -0.13666 0.020582 -0.010155 0.17445 -0.091624 0.090636 0.14672 0.0088139 0.003677
0.078718 0.16903 0.08107 0.11475 0.056835 0.099359 0.0041138 0.035028 0.11407 0.058754 0.18449 0.0737 0.10539 0.063015 0.070414 0.011442 0.036333 0.15018 0.10351 0.28623 -0.0041784 0.17732 0.043491 0.11969 0.008018 0.0072926 0.11352 0.10545 0.14728 0.24552 0.022021 -0.096267 0.095123 0.33225 0.12576 -0.073841 0.02778 0.28801 0.43126 0.19857 0.38931 0.12611 0.16808 0.11063 0.19829 0.18341 0.53825 0.27262 -0.074485 0.027216 0 0.47255 0.19537 0.29212 0.026022 0.16557 0.026298 0.11229 0.01928 -0.0057738 0.097038 0.091637 0.14293 0.21611 0.053883 -0.063686 0.10091 0.32384 0.20011 -0.058342 0.11787 0.25914 0.38933 0.24371 0.37961 0.16645 0.16847 0.11343 0.21984 0.16012 0.51312 0.32496 -0.049413 -0.010018 0.60729 0.4414
0.25695 0.26899 0.18484 0.32893 0.14051 0.07195 0.020692 0.075888 0.17805 0.25071 0.26273 0.19006 0.30486 0.10857 0.066756 0.029664 0.056048 0.18696 0.073326 0.5656 -0.017236 0.20088 0.094066 0.13706 -0.07828 0.1319 -0.02319 0.098433 0.33931 0.23631 -0.078792 -0.18966 0.047896 0.43966 0.36295 -0.10768 0.22799 0.31069 0.5466 0.34877 0.60101 0.064712 0.18604 0.29471 0.34588 0.35941 0.32928 0.57114 -0.12096 0.029165 0.47255 0 0.17634 0.53293 -0.0026863 0.18526 0.053259 0.098468 -0.07741 0.086913 -0.0071114 0.10519 0.30679 0.20526 -0.058234 -0.16936 0.048307 0.41157 0.47372 -0.083662 0.32487 0.30844 0.46751 0.38819 0.57759 0.13954 0.19293 0.25052 0.34308 0.31604 0.28933 0.6094 -0.13961 -0.026411 0.37922 0.74559
0.0040806 -0.10166 -0.0075002 -0.0043898 -0.0060351 0.041425 0.097208 -0.012027 -0.016318 -0.11882 -0.10785 -0.0020301 0.019435 -0.014782 0.04528 0.10408 -0.0049855 0.0034604 0.60457 0.039567 0.058426 0.080705 0.021353 0.29713 0.095833 0.18689 -0.11487 0.17685 0.093695 0.091892 -0.026293 0.24888 0.041311 0.020376 0.25762 -0.0085145 0.26602 -0.0089847 0.014897 -0.041289 0.11106 -0.013199 -0.065997 0.018348 0.032559 0.098011 0.55003 0.18825 0.027698 0.08971 0.19537 0.17634 0 0.058333 0.17925 0.087805 0.038376 0.32883 0.19339 0.2582 -0.10703 0.14497 0.12764 0.10392 -0.019248 0.42883 0.043771 0.032698 0.39321 0.18772 0.46705 -0.038427 0.074282 -0.018239 0.18998 0.060015 -0.0078103 0.10263 0.27127 0.097687 0.67697 0.20505 0.047165 0.15541 0.1807 0.16962
