0,0.314817190170288,0.255040854215622,0.28234013915062,0.0866655558347702,-0.0115895122289658,-0.0973695740103722,0.0454980581998825,0.206198990345001,0.682917475700378,0.394678205251694,0.338941812515259,0.296800553798676,0.10202469676733,-0.000514727958943695,-0.0998043790459633,0.0302556399255991,0.257936656475067,-0.138754189014435,0.263436555862427,0.0908370316028595,-0.0760289281606674,0.0289279501885176,-0.0877894312143326,0.0648871287703514,0.162348002195358,0.0911169648170471,0.00487658986821771,0.219576299190521,-0.0433087535202503,-0.154106199741364,-0.0655892640352249,0.0227565802633762,0.110744930803776,0.124481782317162,-0.027346920222044,0.0767785608768463,0.0870434194803238,0.0189054291695356,0.383634746074677,0.0713243260979652,0.197271525859833,0.107634417712688,0.424721419811249,0.106488384306431,0.131640151143074,-0.120467804372311,0.409648865461349,-0.0915210619568825,-0.0456891842186451,0.0787175297737122,0.256954878568649,0.00408062292262912,0.316787958145142,0.437886565923691,-0.0604671575129032,0.0446571744978428,-0.120550058782101,0.337040215730667,0.226728484034538,0.176778018474579,-0.0267807859927416,0.341078907251358,-0.0867361128330231,-0.0347303338348866,0.133791193366051,0.016778601333499,0.133060187101364,0.445986300706863,0.217401295900345,0.336629837751389,0.110504560172558,0.0233584772795439,0.464433878660202,0.163605764508247,0.313044458627701,0.188332781195641,0.598179578781128,0.445532083511353,0.149687051773071,-0.0818360820412636,0.573408842086792,-0.00595076056197286,-0.0749156549572945,0.0696202665567398,0.316114246845245
0.314817190170288,0,0.214602127671242,0.237541481852531,0.100632518529892,0.0150231197476387,-0.0777301117777824,0.0592932626605034,0.206721916794777,0.32443979382515,0.457435250282288,0.228643238544464,0.222683906555176,0.0859661847352982,0.000604106055106968,-0.0911100059747696,0.0459287390112877,0.204133257269859,-0.0906717628240585,0.256092190742493,0.0430677570402622,0.0736465081572533,0.0210650060325861,-0.0684331804513931,0.0332957208156586,0.0394643358886242,0.116409428417683,0.0711333304643631,0.150124460458755,0.111043207347393,-0.0356326438486576,-0.0978151187300682,0.0147326607257128,0.148531198501587,0.114170409739017,-0.0630701631307602,0.0207172334194183,0.20832559466362,0.113358683884144,0.311697393655777,0.11217276006937,0.176187098026276,0.149003624916077,0.21869207918644,0.178361356258392,0.108149938285351,-0.0749942064285278,0.232118889689445,-0.048157274723053,-0.0476470701396465,0.169026508927345,0.268993973731995,-0.101656071841717,0.250008344650269,0.0616146400570869,0.0694918110966682,0.0066099832765758,-0.092211976647377,0.0447748489677906,-0.0135639784857631,0.104089945554733,0.0591767095029354,0.122933447360992,0.0682462453842163,-0.0229451432824135,-0.092039093375206,-0.0173431634902954,0.090562105178833,0.169821232557297,-0.0265552643686533,0.0793833360075951,0.239151611924171,0.0653463080525398,0.298292607069016,0.0868564769625664,0.16607204079628,0.134321853518486,0.176692396402359,0.162390097975731,0.049020130187273,-0.0958210304379463,0.214402630925179,-0.056180976331234,-0.0616314597427845,0.141311720013618,0.256845951080322
0.255040854215622,0.214602127671242,0,0.361479938030243,0.113401889801025,0.0206450801342726,-0.0259306468069553,0.129978060722351,0.126332119107246,0.262308061122894,0.235847041010857,0.54258668422699,0.349071741104126,0.0584578886628151,0.0233610961586237,-0.0141665134578943,0.110265247523785,0.144132018089294,-0.0205368511378765,0.216799482703209,0.11055451631546,-0.00862850341945887,0.011332175694406,-0.0449721068143845,0.0166535545140505,0.0576178133487701,0.0565683022141457,0.00818710587918758,0.200808718800545,0.00927986204624176,-0.0290391240268946,-0.0621647946536541,-0.029918136075139,0.0439248867332935,0.24511231482029,0.000566819624509662,0.158101499080658,0.0655476078391075,-0.00674754939973354,0.199499651789665,0.0762820690870285,0.0685281157493591,0.178131431341171,0.265512675046921,0.205985456705093,0.0581823140382767,-0.0411983169615269,0.202692553400993,-0.0571197643876076,-0.0383408442139626,0.081069603562355,0.184839233756065,-0.00750024430453777,0.198355078697205,0.120257861912251,-0.0256496798247099,0.0222947988659143,-0.0701605826616287,0.0160706918686628,0.0274838488548994,0.0408128164708614,0.01289236638695,0.164614394307137,-0.0230645108968019,-0.0201535243541002,-0.0673801228404045,-0.0297730881720781,0.0193887297064066,0.225284337997437,-0.01447868719697,0.163418054580688,0.0774237662553787,-0.0190682727843523,0.195928409695625,0.0871437564492226,0.0590936616063118,0.129104450345039,0.192713364958763,0.176730901002884,0.0187558140605688,-0.0436551682651043,0.208481222391129,-0.071684867143631,-0.0520275048911572,0.0847476422786713,0.191552013158798
0.28234013915062,0.237541481852531,0.361479938030243,0,0.202576547861099,0.0047487341798842,-0.00343390880152583,0.103183902800083,0.128054827451706,0.262893438339233,0.246968224644661,0.350313484668732,0.600754022598267,0.118384025990963,-0.00242701312527061,-0.00499386480078101,0.0861051008105278,0.138100847601891,-0.0575649961829185,0.294143706560135,-0.0206958651542664,0.00918927881866693,0.0142349964007735,-0.0246920194476843,-0.0971970036625862,0.0461231134831905,-0.0190067868679762,0.0298055429011583,0.15457059442997,0.0183524042367935,-0.0445191897451878,-0.141731113195419,-0.0281588956713676,0.148386493325233,0.191441580653191,-0.0733913406729698,0.0968896225094795,0.0871396958827972,0.130371302366257,0.206088572740555,0.254121333360672,0.019362261518836,0.121361933648586,0.184748366475105,0.179343312978745,0.109327532351017,-0.00496070878580213,0.256105005741119,-0.077137753367424,-0.0119403777644038,0.114746890962124,0.328929454088211,-0.00438980339094996,0.28769052028656,0.024473374709487,0.00738821132108569,0.0136680137366056,-0.0348797217011452,-0.0633382499217987,0.00632846029475331,-0.00629145232960582,0.0395889468491077,0.1499904692173,-0.000438385381130502,-0.0349886603653431,-0.135343849658966,0.00424938788637519,0.115337930619717,0.273218780755997,-0.0408628545701504,0.166429728269577,0.10610107332468,0.0729779601097107,0.240138322114944,0.242283314466476,0.0486477240920067,0.120193220674992,0.187033265829086,0.187635079026222,0.0966025963425636,-0.02123730070889,0.30451488494873,-0.0798356160521507,-0.0554945766925812,0.108984164893627,0.339609801769257
0.0866655558347702,0.100632518529892,0.113401889801025,0.202576547861099,0,0.00116765813436359,-0.0101387817412615,0.0259989686310291,0.055438656359911,0.0983924344182014,0.0912323072552681,0.109786860644817,0.175868079066277,0.0303481183946133,-0.0105421030893922,-0.0171523746103048,0.0217967424541712,0.0537512339651585,-0.0183725133538246,0.104610167443752,0.0094538414850831,-0.00298671517521143,0.00978123769164085,-0.00197518733330071,-0.0141954114660621,0.0211359709501266,-0.0120843704789877,-0.00286856247112155,0.0757155641913414,0.000590917596127838,-0.0182419437915087,-0.0268250051885843,-0.0118918111547828,0.00726045109331608,0.0763143748044968,0.00741860829293728,0.0622332133352757,0.0330370701849461,0.0499730035662651,0.0935371294617653,0.0815647542476654,0.0118800569325686,0.0670871585607529,0.0786102265119553,0.0792727991938591,0.0139256846159697,0.0193063169717789,0.110906012356281,-0.0344889983534813,-0.0156396944075823,0.0568351447582245,0.140512809157372,-0.00603508623316884,0.114272214472294,-0.00936710927635431,-0.0103590581566095,-0.0119323832914233,-0.0279781613498926,-0.0349643938243389,-0.00130145414732397,-0.013051307760179,0.00680498592555523,0.0644146353006363,-0.0150613766163588,-0.0216907057911158,-0.043698500841856,-0.0167506728321314,0.01898711360991,0.0898660346865654,0.00058439647546038,0.0689180195331573,0.0353061109781265,0.0297072269022465,0.073992982506752,0.067428819835186,-0.00236642942763865,0.0269371941685677,0.0478820353746414,0.0579439960420132,-0.00461984751746058,-0.00512695964425802,0.105156295001507,-0.0412308908998966,-0.0247657094150782,0.0343038327991962,0.127024218440056
-0.0115895122289658,0.0150231197476387,0.0206450801342726,0.0047487341798842,0.00116765813436359,0,0.168936625123024,0.0181140303611755,0.0756699591875076,0.0413506776094437,-0.00327128497883677,0.0111887995153666,-0.00804703682661057,-0.0205801371484995,0.408232301473618,0.172475725412369,0.0313716270029545,0.0603578425943851,0.0843844339251518,0.036243200302124,0.141524195671082,0.0869935229420662,0.112410947680473,0.217995911836624,0.224264875054359,0.119597874581814,0.319298297166824,0.109490156173706,0.0699411332607269,0.117938593029976,0.290825128555298,0.192870050668716,0.258286118507385,0.0650032162666321,-0.0295183695852757,0.0372499413788319,-0.022032093256712,0.0680825263261795,0.0882959514856339,0.0692693591117859,0.0576814413070679,0.236548125743866,0.207808181643486,-0.0268977731466293,0.141877800226212,0.0719596520066261,0.230971664190292,-0.0958485752344131,0.0476921573281288,0.140912234783173,0.0993585661053658,0.0719499140977859,0.0414249673485756,0.0112059339880943,0.00215098494663835,0.0749907046556473,0.0907664149999619,0.205148220062256,0.120430082082748,0.0781594067811966,0.262382507324219,0.119620375335217,0.0102451210841537,0.108169555664062,0.263171792030334,0.119486577808857,0.210365757346153,0.0687058493494987,-0.114141844213009,-0.0441359542310238,-0.0863636657595634,0.0493304841220379,0.0963118746876717,0.0212975051254034,0.0545997396111488,0.190156832337379,0.137204095721245,-0.098844863474369,0.0366113148629665,0.0424866192042828,0.187971070408821,-0.127616822719574,0.0539470873773098,0.115137070417404,0.080633707344532,0.0431922003626823
-0.0973695740103722,-0.0777301117777824,-0.0259306468069553,-0.00343390880152583,-0.0101387817412615,0.168936625123024,0,-0.00123499927576631,-0.00349662895314395,-0.0530165508389473,-0.102773867547512,-0.045275554060936,-0.0241675022989511,-0.02286889962852,0.166635945439339,0.246292591094971,-0.00559194153174758,-0.0261313877999783,0.142863944172859,-0.0476458519697189,0.0408775582909584,0.0297641325742006,0.0649453923106194,0.187104478478432,0.0670915842056274,0.127112701535225,-0.00690354686230421,0.0768828988075256,-0.00324484123848379,0.0444876924157143,0.16437691450119,0.165008351206779,0.063505157828331,0.0133175095543265,0.0166321136057377,0.0831592231988907,0.0674189031124115,-0.0162725541740656,0.0559373944997787,-0.129036083817482,0.0717538520693779,-0.0484082251787186,-0.00448822742328048,-0.149672448635101,0.0467394217848778,0.0340837761759758,0.224697723984718,-0.0848018825054169,0.0545767173171043,0.120323464274406,0.00411381851881742,0.0206915121525526,0.097208134829998,-0.0577029623091221,-0.0722752511501312,0.0239059515297413,0.0275849122554064,0.169226557016373,-0.0383720211684704,0.074781708419323,-0.0317307896912098,0.073197990655899,-0.032083660364151,0.0433471612632275,0.0879051387310028,0.0828919485211372,0.0431867949664593,0.0161330830305815,-0.0642259791493416,-0.0136074339970946,-0.0284813717007637,-0.0336543954908848,0.0650727823376656,-0.14779344201088,0.0807692110538483,-0.0682873874902725,-0.0265214182436466,-0.190224826335907,-0.035119254142046,0.0395058952271938,0.182030439376831,-0.147160619497299,0.0277716647833586,0.102261736989021,-0.00693261856213212,-0.0200740285217762
0.0454980581998825,0.0592932626605034,0.129978060722351,0.103183902800083,0.0259989686310291,0.0181140303611755,-0.00123499927576631,0,0.0496120750904083,0.0323269404470921,0.0652684271335602,0.115362673997879,0.0996108055114746,0.0188073497265577,0.0343842580914497,0.0171976983547211,0.0896333679556847,0.0554009936749935,-0.0344957560300827,0.0825899690389633,-0.0575104616582394,0.0149345742538571,-0.00175785459578037,-0.0146711207926273,-0.0574498996138573,-0.0233708638697863,0.0345673486590385,0.0146091757342219,0.013617467135191,0.00582317728549242,0.0512531772255898,-0.0608042068779469,0.0250521246343851,0.0475072041153908,-0.0136146852746606,-0.0789564922451973,-0.0642753317952156,0.0403672829270363,0.0276072174310684,0.0545618794858456,0.0280387885868549,0.0255874898284674,0.106358401477337,-0.00814010668545961,0.00719232019037008,0.003856758819893,0.0151890991255641,-0.000535108090844005,-0.0104194628074765,0.00213094474747777,0.0350276306271553,0.0758879035711288,-0.0120274880900979,0.0688329041004181,-0.0443850643932819,0.0219540968537331,-0.00610277103260159,-0.00639049662277102,-0.038916751742363,-0.0038771980907768,0.0483005084097385,0.0320044122636318,0.0261333379894495,0.00541909877210855,0.0550181679427624,-0.0506428889930248,0.010368118993938,0.0494237765669823,-0.00531274685636163,-0.0900873243808746,-0.0141023034229875,0.0482293032109737,0.0180230755358934,0.0615567937493324,0.0435687638819218,0.0442038998007774,0.0886379331350327,0.00507616717368364,0.014719981700182,0.00659375125542283,0.0209524501115084,0.0490910299122334,-0.0208280384540558,0.00446545239537954,0.0531682930886745,0.0888025686144829
0.206198990345001,0.206721916794777,0.126332119107246,0.128054827451706,0.055438656359911,0.0756699591875076,-0.00349662895314395,0.0496120750904083,0,0.209150597453117,0.207221001386642,0.120192341506481,0.126015216112137,0.0373098142445087,0.0527855604887009,-0.0175556261092424,0.0376669466495514,0.1708804666996,-0.0371573269367218,0.166063502430916,0.0105970967561007,0.0447721108794212,0.012322741560638,-0.00341508886776865,0.0197151862084866,0.0114021496847272,0.10271231085062,0.0133773451671004,0.0806456431746483,0.0677797421813011,0.0086937015876174,-0.0405401363968849,0.0503695271909237,0.10466530174017,0.0498178340494633,-0.0469629019498825,0.000451259285910055,0.137646049261093,0.0825765579938889,0.180543154478073,0.0656302273273468,0.129575490951538,0.126922324299812,0.111982271075249,0.0902720838785172,0.0461960434913635,0.0214590821415186,0.120921246707439,-0.0373161695897579,-0.0147971585392952,0.114073157310486,0.178046107292175,-0.0163183212280273,0.173083409667015,0.038529995828867,0.0324057638645172,0.022056445479393,-0.0239078681915998,0.0443244837224483,0.0194301772862673,0.116646714508533,0.00449887244030833,0.0883916318416595,0.0562742352485657,0.047270443290472,-0.0150778209790587,0.0220103804022074,0.0681466236710548,0.0964102149009705,-0.0354693979024887,0.0500063225626945,0.140558958053589,0.0638533607125282,0.176488533616066,0.0658775791525841,0.143286034464836,0.124775178730488,0.10714228451252,0.119634091854095,0.0132699841633439,0.0131798246875405,0.152943894267082,-0.041645172983408,-0.00362464413046837,0.104778341948986,0.173024713993073
0.682917475700378,0.32443979382515,0.262308061122894,0.262893438339233,0.0983924344182014,0.0413506776094437,-0.0530165508389473,0.0323269404470921,0.209150597453117,0,0.310936897993088,0.263978898525238,0.22373378276825,0.0877730920910835,0.036522202193737,-0.0612682141363621,0.0209959018975496,0.229100033640862,-0.048815444111824,0.260491162538528,0.246588915586472,-0.0081033231690526,0.0476676411926746,-0.122398354113102,0.182465046644211,0.216329678893089,0.114446088671684,-0.0622780062258244,0.226245954632759,0.00376310106366873,-0.0357369370758533,0.0640583112835884,0.0286270305514336,0.168215304613113,0.251275628805161,0.117097675800323,0.212198942899704,0.131929084658623,0.21723461151123,0.320621311664581,0.271101713180542,0.216352984309196,0.0973930805921555,0.461961895227432,0.326427698135376,0.21651354432106,-0.0902734845876694,0.411642342805862,-0.0362970493733883,0.00825483724474907,0.0587540827691555,0.250710546970367,-0.118823930621147,0.21390138566494,0.145286783576012,-0.0137237384915352,0.0300925616174936,-0.133679926395416,0.0901194289326668,0.111415855586529,0.0690505802631378,-0.0335781648755074,0.121479645371437,-0.0145871425047517,-0.0415095239877701,-0.00409193290397525,0.0190869327634573,0.115692779421806,0.220194637775421,0.0536267310380936,0.107725866138935,0.147117093205452,0.110999755561352,0.267790883779526,0.164222538471222,0.128155395388603,0.0605371408164501,0.24978195130825,0.1319500207901,0.0782592594623566,-0.0766051784157753,0.370663076639175,-0.0559322759509087,-0.0630877241492271,0.0693545192480087,0.230671256780624
0.394678205251694,0.457435250282288,0.235847041010857,0.246968224644661,0.0912323072552681,-0.00327128497883677,-0.102773867547512,0.0652684271335602,0.207221001386642,0.310936897993088,0,0.285672217607498,0.266049057245255,0.091833122074604,-0.013371367007494,-0.108538866043091,0.0768454000353813,0.231881514191628,-0.166380390524864,0.283397704362869,-0.00358465639874339,0.0500412620604038,0.0157403517514467,-0.0861290320754051,-0.00477157812565565,-0.0102453315630555,0.118584170937538,0.0462381206452847,0.129830449819565,0.0914779007434845,-0.0721384957432747,-0.166556417942047,0.0168712139129639,0.115221850574017,0.0463099591434002,-0.12426932901144,-0.0276862401515245,0.205900236964226,0.0590795576572418,0.319526761770248,0.0710777193307877,0.187129318714142,0.172958716750145,0.221098244190216,0.10389282554388,0.0746436342597008,-0.119160778820515,0.229952022433281,-0.0804019495844841,-0.0636197477579117,0.184488490223885,0.262733638286591,-0.107847109436989,0.302168518304825,0.149786651134491,0.0641544014215469,0.00364548130892217,-0.108177624642849,0.125032216310501,0.000489905418362468,0.161699861288071,0.0284389592707157,0.1811583340168,0.0498797856271267,-0.0204827412962914,-0.0678080469369888,0.00355927064083517,0.127518281340599,0.250530481338501,-0.00119656266178936,0.153554499149323,0.253057450056076,0.0318999737501144,0.380373746156693,0.101657226681709,0.244894966483116,0.18334649503231,0.295028954744339,0.259998142719269,0.0589089021086693,-0.101947739720345,0.31552717089653,-0.0433857031166553,-0.0907663926482201,0.170597329735756,0.299627900123596
0.338941812515259,0.228643238544464,0.54258668422699,0.350313484668732,0.109786860644817,0.0111887995153666,-0.045275554060936,0.115362673997879,0.120192341506481,0.263978898525238,0.285672217607498,0,0.377099424600601,0.0784298554062843,0.0193667374551296,-0.0170900914818048,0.131574511528015,0.13985413312912,-0.0586210116744041,0.209651976823807,0.071087472140789,-0.0367120243608952,-0.00475179264321923,-0.0678454041481018,-0.00969338417053223,0.0457609258592129,0.0525492317974567,0.00575266405940056,0.184169068932533,-0.0104386257007718,-0.06434715539217,-0.12192989885807,-0.0312543287873268,0.0282834153622389,0.215231508016586,-0.0279367864131927,0.133107632398605,0.0643317550420761,-0.00435548508539796,0.214200243353844,0.0623367391526699,0.0543510690331459,0.163112059235573,0.261156111955643,0.135506361722946,0.0685321167111397,-0.0684168264269829,0.209055706858635,-0.0941844806075096,-0.0613227635622025,0.0736995860934258,0.190063446760178,-0.00203008856624365,0.247643351554871,0.198876827955246,-0.0576466098427773,0.0114412205293775,-0.0836404711008072,0.0727830603718758,0.0592781640589237,0.0561425760388374,-0.0106913335621357,0.227925688028336,-0.0410116948187351,-0.0174524802714586,-0.0412416644394398,-0.00536918500438333,0.0373982340097427,0.304347187280655,0.0592068918049335,0.24716192483902,0.0726915970444679,-0.0520855188369751,0.25802081823349,0.0801210701465607,0.0992848500609398,0.180548399686813,0.30015954375267,0.251128941774368,0.0288569312542677,-0.0578800365328789,0.271059542894363,-0.0668507143855095,-0.0535132698714733,0.0694830119609833,0.231493145227432
0.296800553798676,0.222683906555176,0.349071741104126,0.600754022598267,0.175868079066277,-0.00804703682661057,-0.0241675022989511,0.0996108055114746,0.126015216112137,0.22373378276825,0.266049057245255,0.377099424600601,0,0.144199058413506,0.000671598943881691,-0.00382961891591549,0.111650861799717,0.140655785799026,-0.0562710277736187,0.273077875375748,-0.0230003781616688,0.00191089673899114,0.0171189792454243,-0.0403145328164101,-0.0954787060618401,0.0314884334802628,-0.0365637950599194,0.0395662672817707,0.149000555276871,0.0118567692115903,-0.0728271901607513,-0.142507821321487,-0.0235086902976036,0.128564193844795,0.170063570141792,-0.0798739790916443,0.0910341516137123,0.0809443071484566,0.0658952966332436,0.21242667734623,0.199486657977104,-0.00405041966587305,0.101982161402702,0.161919355392456,0.14600969851017,0.091557040810585,-0.0263820104300976,0.23996664583683,-0.0828335806727409,-0.0323268808424473,0.105390913784504,0.304856181144714,0.0194345042109489,0.291172236204147,0.033429529517889,-0.00548216048628092,0.0103846406564116,-0.0307753421366215,-0.0573933869600296,0.043046560138464,-0.0246402192860842,0.0404263623058796,0.17420057952404,-0.00943700782954693,-0.0420425944030285,-0.119035579264164,-0.0142734237015247,0.121404901146889,0.292514532804489,-0.0293536297976971,0.189843595027924,0.100913517177105,0.0723526999354362,0.243762567639351,0.259696006774902,0.0359909534454346,0.119930058717728,0.202415496110916,0.195113182067871,0.0940436869859695,0.00484597636386752,0.317565023899078,-0.0991172790527344,-0.0542071387171745,0.110095210373402,0.361798256635666
0.10202469676733,0.0859661847352982,0.0584578886628151,0.118384025990963,0.0303481183946133,-0.0205801371484995,-0.02286889962852,0.0188073497265577,0.0373098142445087,0.0877730920910835,0.091833122074604,0.0784298554062843,0.144199058413506,0,-0.0113396979868412,-0.0295009072870016,0.0118863247334957,0.0858897045254707,-0.0246815569698811,0.1224065721035,-0.0308176856487989,0.00612931465730071,0.00987391825765371,-0.0172420907765627,-0.0270257350057364,-0.00733249727636576,-0.00599157251417637,-0.0081788245588541,0.0370185263454914,0.00281746126711369,-0.0329839773476124,-0.0501072630286217,-0.00722054997459054,0.0383154861629009,0.0301790088415146,-0.0331553407013416,-8.78768041729927e-05,0.0387217663228512,0.035452775657177,0.0734125971794128,0.0559522360563278,0.0251831728965044,0.0504423566162586,0.0459531359374523,0.0483220964670181,0.016938928514719,-0.0159681532531977,0.0853768289089203,-0.0427970476448536,-0.00514159584417939,0.0630150660872459,0.108571924269199,-0.0147822685539722,0.104877009987831,0.010673351585865,-0.00115120364353061,-0.00673662265762687,-0.015052099712193,-0.00827899668365717,-0.00112895807251334,0.0121087329462171,-0.0073200804181397,0.0303107760846615,0.0031892959959805,-0.016798984259367,-0.0214595086872578,-0.0117806028574705,0.0498637221753597,0.0841999873518944,-0.0230603124946356,0.0590827278792858,0.0531864799559116,0.0427555069327354,0.0774440243840218,0.0654058530926704,0.0335361175239086,0.0638086870312691,0.0660857409238815,0.0942863598465919,0.00249279709532857,-0.00541764497756958,0.112462513148785,-0.0226570926606655,-0.0150537891313434,0.051541443914175,0.122997157275677
-0.000514727958943695,0.000604106055106968,0.0233610961586237,-0.00242701312527061,-0.0105421030893922,0.408232301473618,0.166635945439339,0.0343842580914497,0.0527855604887009,0.036522202193737,-0.013371367007494,0.0193667374551296,0.000671598943881691,-0.0113396979868412,0,0.216294884681702,0.0437121838331223,0.0566169805824757,0.0551829971373081,0.023842241615057,0.126806616783142,0.0771825760602951,0.0992642715573311,0.21378467977047,0.193842977285385,0.108462765812874,0.294897884130478,0.105245247483253,0.0631309300661087,0.101267725229263,0.28778064250946,0.154257640242577,0.242001101374626,0.0683645531535149,-0.0457941219210625,-0.0102533474564552,-0.059036947786808,0.0506952926516533,0.0746956691145897,0.0589080713689327,0.0629986226558685,0.218405514955521,0.201317518949509,-0.0443938225507736,0.119074739515781,0.074238546192646,0.207095876336098,-0.113825015723705,0.0250482391566038,0.117254495620728,0.0704139918088913,0.0667560249567032,0.0452803932130337,0.0251198280602694,0.0447265952825546,0.0764996334910393,0.100295089185238,0.218538820743561,0.143318846821785,0.12303364276886,0.281140953302383,0.106075428426266,0.034599170088768,0.0951037779450417,0.248959749937057,0.126549527049065,0.249067977070808,0.0584828592836857,-0.0900423601269722,-0.041752852499485,-0.0795702189207077,0.0508251450955868,0.0997918993234634,0.0312154479324818,0.0552220791578293,0.206587180495262,0.155058801174164,-0.0712596029043198,0.0501549541950226,0.0729083716869354,0.200986638665199,-0.109573729336262,0.0271348245441914,0.128809779882431,0.0708479881286621,0.0559178926050663
-0.0998043790459633,-0.0911100059747696,-0.0141665134578943,-0.00499386480078101,-0.0171523746103048,0.172475725412369,0.246292591094971,0.0171976983547211,-0.0175556261092424,-0.0612682141363621,-0.108538866043091,-0.0170900914818048,-0.00382961891591549,-0.0295009072870016,0.216294884681702,0,0.0262418203055859,-0.00960142817348242,0.106695920228958,-0.0291834846138954,0.0462679341435432,0.0381793081760406,0.0640561580657959,0.184781223535538,0.0468130186200142,0.112133517861366,-0.00547278067097068,0.0339134521782398,-0.00158436282072216,0.0489269755780697,0.133616551756859,0.116276495158672,0.0908479988574982,0.0229312814772129,0.00766985770314932,0.0371451638638973,0.0440217778086662,-0.0447176471352577,0.0599613338708878,-0.11116424202919,0.088973268866539,-0.0374544560909271,0.00400611292570829,-0.124243550002575,0.0321909002959728,0.0441550426185131,0.203026354312897,-0.0825791284441948,0.0391988828778267,0.103977330029011,0.0114421127364039,0.0296636279672384,0.104077711701393,-0.0299144480377436,-0.0278922747820616,0.0230716299265623,0.0449161231517792,0.197189122438431,-0.0114251943305135,0.118244528770447,-0.0232200380414724,0.0410503447055817,-0.00617088563740253,0.0498729012906551,0.0985812470316887,0.0775723084807396,0.0912999287247658,0.0264050401747227,-0.0318307019770145,-0.0122131314128637,0.00439590681344271,-0.0514316819608212,0.0794999822974205,-0.126765117049217,0.0944549813866615,-0.0485790893435478,-0.0249097552150488,-0.145865485072136,-0.0256587415933609,0.0460343435406685,0.214304700493813,-0.107590191066265,0.0220326688140631,0.128879636526108,-0.00108427507802844,0.0201914235949516
0.0302556399255991,0.0459287390112877,0.110265247523785,0.0861051008105278,0.0217967424541712,0.0313716270029545,-0.00559194153174758,0.0896333679556847,0.0376669466495514,0.0209959018975496,0.0768454000353813,0.131574511528015,0.111650861799717,0.0118863247334957,0.0437121838331223,0.0262418203055859,0,0.0629632696509361,-0.0228367783129215,0.0820794627070427,-0.0418647900223732,0.0283304788172245,0.0167678706347942,-0.00189254397992045,-0.0293394513428211,-0.0337612181901932,0.064918152987957,0.0291743855923414,0.013702436350286,0.0305560696870089,0.0600404255092144,-0.0630277320742607,0.00563605688512325,0.0261804480105639,-0.0157173164188862,-0.0755890980362892,-0.0506953783333302,0.0362443365156651,0.0142669202759862,0.0483413822948933,0.00655825529247522,0.0539156422019005,0.123036675155163,-0.0152283767238259,0.0139670865610242,0.0033469651825726,0.0211550090461969,-0.0299146138131618,-0.00656135659664869,-0.0110668810084462,0.036333005875349,0.0560478344559669,-0.00498550524935126,0.0738000422716141,-0.0320360139012337,0.0323395580053329,0.00182405754458159,0.014015139080584,-0.0302031375467777,-0.0161578822880983,0.0522780120372772,0.0241651386022568,0.0186385475099087,0.020648580044508,0.0391131974756718,-0.0489446222782135,0.017924627289176,0.0368253923952579,-0.0149499820545316,-0.0978527367115021,-0.0262216702103615,0.0427229888737202,0.0046155215241015,0.0548619329929352,0.00903812237083912,0.0536006428301334,0.110740266740322,0.00463574239984155,0.00344892521388829,0.00734190456569195,0.027021087706089,0.014093698002398,-0.011446425691247,-0.00868647731840611,0.0443642325699329,0.0713760554790497
0.257936656475067,0.204133257269859,0.144132018089294,0.138100847601891,0.0537512339651585,0.0603578425943851,-0.0261313877999783,0.0554009936749935,0.1708804666996,0.229100033640862,0.231881514191628,0.13985413312912,0.140655785799026,0.0858897045254707,0.0566169805824757,-0.00960142817348242,0.0629632696509361,0,-0.0448316261172295,0.164226859807968,0.0490336269140244,0.0357899256050587,0.0398891717195511,0.00401574838906527,0.0508421361446381,0.0332579351961613,0.101531289517879,0.0110436975955963,0.0962625667452812,0.0673332959413528,0.00342933787032962,-0.0185754168778658,0.0536884889006615,0.0762149393558502,0.0413177385926247,-0.0359379500150681,0.0161086972802877,0.142159417271614,0.080097608268261,0.171860545873642,0.0692969039082527,0.141296893358231,0.118519745767117,0.133082270622253,0.091060683131218,0.0573470890522003,0.0314782075583935,0.151364922523499,-0.0284482259303331,0.0315984003245831,0.150177046656609,0.186956092715263,0.00346037303097546,0.177241519093513,0.105120271444321,0.0435829535126686,0.0211103558540344,-0.00118930207099766,0.100868009030819,0.0419345013797283,0.123027548193932,0.0145489703863859,0.11202222853899,0.0520298071205616,0.0511087253689766,0.0213829651474953,0.0446375906467438,0.0967778936028481,0.126474067568779,0.0176983997225761,0.0938183963298798,0.157179206609726,0.0709719359874725,0.182289853692055,0.0826705247163773,0.170738816261292,0.128695830702782,0.150120124220848,0.158499866724014,0.0486774705350399,0.0448333472013474,0.18002450466156,-0.00460430234670639,0.00409619743004441,0.134390294551849,0.217556670308113
-0.138754189014435,-0.0906717628240585,-0.0205368511378765,-0.0575649961829185,-0.0183725133538246,0.0843844339251518,0.142863944172859,-0.0344957560300827,-0.0371573269367218,-0.048815444111824,-0.166380390524864,-0.0586210116744041,-0.0562710277736187,-0.0246815569698811,0.0551829971373081,0.106695920228958,-0.0228367783129215,-0.0448316261172295,0,-0.0715761035680771,0.251963913440704,0.044654842466116,0.0346754863858223,0.281629621982574,0.278676569461823,0.288795053958893,-0.109539173543453,0.0993908420205116,0.0652551129460335,0.0840124636888504,0.066390722990036,0.618277966976166,0.0100599061697721,-0.0464205145835876,0.479773372411728,0.242448583245277,0.533271312713623,-0.0213825739920139,0.0081342002376914,-0.12030179053545,0.0947856605052948,-0.036340169608593,-0.100609332323074,-0.0280236415565014,0.243537947535515,0.0437807030975819,0.680287480354309,0.134467482566833,0.140780627727509,0.157523527741432,0.103508055210114,0.0733259171247482,0.604565024375916,-0.0695076212286949,0.034915816038847,0.0238804444670677,0.0147549295797944,0.240329027175903,0.066698782145977,0.220513209700584,-0.144707053899765,0.107344403862953,0.0129390554502606,0.0817903131246567,-0.0161578189581633,0.39771381020546,0.0271758735179901,-0.0264546293765306,0.167868360877037,0.204029873013496,0.277960240840912,-0.0620539784431458,0.0781460404396057,-0.202090308070183,0.0817632377147675,-0.11050995439291,-0.100276134908199,-0.0974680334329605,0.0909822881221771,0.0129487356171012,0.553397417068481,-0.0493052862584591,0.0993446335196495,0.16480016708374,0.12633153796196,0.0336107909679413
0.263436555862427,0.256092190742493,0.216799482703209,0.294143706560135,0.104610167443752,0.036243200302124,-0.0476458519697189,0.0825899690389633,0.166063502430916,0.260491162538528,0.283397704362869,0.209651976823807,0.273077875375748,0.1224065721035,0.023842241615057,-0.0291834846138954,0.0820794627070427,0.164226859807968,-0.0715761035680771,0,-0.0708309561014175,0.140465006232262,0.0523591749370098,0.0181644465774298,-0.129673704504967,0.0335701964795589,0.00860172417014837,0.0348416455090046,0.257634431123734,0.165934011340141,-0.106257699429989,-0.280135005712509,0.0227435398846865,0.334261387586594,0.232489064335823,-0.19906347990036,0.0719479471445084,0.262427985668182,0.250528454780579,0.432687878608704,0.372552186250687,0.0974637642502785,0.290711164474487,0.312819004058838,0.352340340614319,0.266151875257492,0.076723612844944,0.424585610628128,-0.146254345774651,-0.0339652486145496,0.286227375268936,0.565600991249084,0.0395671203732491,0.598991632461548,-0.0809113308787346,0.143462285399437,0.00688445195555687,-0.00919022411108017,-0.156095594167709,0.0173258315771818,0.0332878232002258,0.0387596525251865,0.203550726175308,0.130795359611511,-0.0672664940357208,-0.286650329828262,0.0228666141629219,0.314480900764465,0.319136649370193,-0.228375494480133,0.154604762792587,0.266662091016769,0.202203705906868,0.450071603059769,0.36426055431366,0.139348775148392,0.277419924736023,0.245616436004639,0.285772144794464,0.214230015873909,0.0673022046685219,0.473123967647552,-0.182713583111763,-0.0929009467363358,0.235699892044067,0.562467336654663
0.0908370316028595,0.0430677570402622,0.11055451631546,-0.0206958651542664,0.0094538414850831,0.141524195671082,0.0408775582909584,-0.0575104616582394,0.0105970967561007,0.246588915586472,-0.00358465639874339,0.071087472140789,-0.0230003781616688,-0.0308176856487989,0.126806616783142,0.0462679341435432,-0.0418647900223732,0.0490336269140244,0.251963913440704,-0.0708309561014175,0,-0.0916110649704933,0.0587476827204227,0.205791920423508,0.698992073535919,0.504117608070374,0.22544077038765,-0.00221308693289757,0.273319453001022,-0.0204565972089767,0.089328944683075,0.469764590263367,0.166238248348236,-0.0945574417710304,0.513633847236633,0.437752932310104,0.502119302749634,-0.0615431740880013,-0.0447139404714108,0.114877633750439,0.0815258771181107,0.337674498558044,-0.00249985931441188,0.63122570514679,0.396282404661179,0.380821496248245,0.0757676959037781,0.424678415060043,0.0231413990259171,0.00730502931401134,-0.00417842576280236,-0.0172364991158247,0.0584257841110229,-0.0789297223091125,0.659263491630554,-0.124916911125183,0.0639678314328194,0.146927639842033,0.505342841148376,0.278278261423111,0.110026948153973,0.0277563314884901,0.124291978776455,-0.0136110978201032,0.0622840709984303,0.304707765579224,0.13498267531395,-0.0850573852658272,0.318852156400681,0.348877191543579,0.261700183153152,-0.0597776733338833,0.000594854296650738,-0.00597462011501193,0.0431620329618454,0.196806132793427,-0.085055336356163,0.275829285383224,0.118778415024281,0.195046871900558,0.0694647282361984,0.11932248622179,0.0796726569533348,0.0107824541628361,0.00838431622833014,-0.045025572180748
-0.0760289281606674,0.0736465081572533,-0.00862850341945887,0.00918927881866693,-0.00298671517521143,0.0869935229420662,0.0297641325742006,0.0149345742538571,0.0447721108794212,-0.0081033231690526,0.0500412620604038,-0.0367120243608952,0.00191089673899114,0.00612931465730071,0.0771825760602951,0.0381793081760406,0.0283304788172245,0.0357899256050587,0.044654842466116,0.140465006232262,-0.0916110649704933,0,0.0122547121718526,0.31205889582634,0.0533186569809914,-0.0894160494208336,0.111532770097256,0.12330923974514,0.0506011135876179,0.89982932806015,0.0322081483900547,-0.143033117055893,0.177950635552406,0.356749564409256,-0.0512404218316078,-0.144997268915176,-0.107556872069836,0.841695427894592,0.303582429885864,0.0316970758140087,0.27416005730629,0.260583251714706,0.0689507126808167,-0.00262502301484346,0.0934784039855003,0.643841862678528,0.171977609395981,-0.0111954007297754,-0.0215022135525942,0.0236229654401541,0.177321776747704,0.200881481170654,0.080704852938652,0.118796579539776,-0.234722211956978,0.959926962852478,-0.00499244825914502,0.321642637252808,-0.0980672538280487,-0.0760437995195389,0.124987818300724,0.177687019109726,-0.0292856600135565,0.884528517723083,0.00693014543503523,-0.190599769353867,0.172848105430603,0.330384105443954,-0.144559219479561,-0.243971988558769,-0.173503562808037,0.784741103649139,0.349611967802048,0.0177513938397169,0.278497576713562,0.289739370346069,0.0638702362775803,-0.123465269804001,-0.0312281101942062,0.556249380111694,0.176492810249329,-0.0109874280169606,-0.0653143003582954,0.0162786357104778,0.147768750786781,0.166529089212418
0.0289279501885176,0.0210650060325861,0.011332175694406,0.0142349964007735,0.00978123769164085,0.112410947680473,0.0649453923106194,-0.00175785459578037,0.012322741560638,0.0476676411926746,0.0157403517514467,-0.00475179264321923,0.0171189792454243,0.00987391825765371,0.0992642715573311,0.0640561580657959,0.0167678706347942,0.0398891717195511,0.0346754863858223,0.0523591749370098,0.0587476827204227,0.0122547121718526,0,0.14808614552021,0.0972096174955368,0.128252863883972,0.0391237698495388,0.0230871420353651,0.0789600238204002,0.0350290350615978,0.0801811814308167,0.0936178714036942,0.0848193988204002,0.0387978628277779,0.0632490143179893,0.035097748041153,0.0696742534637451,0.0203191377222538,0.0534710623323917,0.0318599231541157,0.0638571530580521,0.0245960485190153,0.0526745207607746,0.0376079343259335,0.0711133927106857,0.0854963436722755,0.110576286911964,0.0502824857831001,0.0279815439134836,0.0905557051301003,0.0434905104339123,0.0940661057829857,0.0213527623564005,0.0306209120899439,0.0283781923353672,0.00382496882230043,0.045959796756506,0.125513970851898,0.0586276166141033,0.106155425310135,0.0398837774991989,0.00918970722705126,0.0459527373313904,0.0310797542333603,0.0705050304532051,0.0645115077495575,0.0635337084531784,0.00395362451672554,0.0524276718497276,0.0171015709638596,0.0417175963521004,0.0058954949490726,0.0381698608398438,0.0264707207679749,0.054478395730257,0.0440322533249855,0.0255101900547743,-0.0016526150284335,0.0469652004539967,0.0727624446153641,0.0736496224999428,0.0326387621462345,0.0208780337125063,0.0458591692149639,0.0233050137758255,0.079146608710289
-0.0877894312143326,-0.0684331804513931,-0.0449721068143845,-0.0246920194476843,-0.00197518733330071,0.217995911836624,0.187104478478432,-0.0146711207926273,-0.00341508886776865,-0.122398354113102,-0.0861290320754051,-0.0678454041481018,-0.0403145328164101,-0.0172420907765627,0.21378467977047,0.184781223535538,-0.00189254397992045,0.00401574838906527,0.281629621982574,0.0181644465774298,0.205791920423508,0.31205889582634,0.14808614552021,0,0.301761746406555,0.357476741075516,0.0732146948575974,0.480881869792938,0.0870366767048836,0.497217148542404,0.170718252658844,0.193485051393509,0.3149234354496,0.100965566933155,0.122162401676178,0.0385371446609497,0.10738517343998,0.249181494116783,0.136197835206985,-0.0738731026649475,0.162304803729057,0.0818531364202499,0.0463411808013916,-0.0237127542495728,0.0778033286333084,0.472237288951874,0.373778313398361,-0.00395038537681103,0.0522374175488949,0.148948341608047,0.119693644344807,0.13706336915493,0.297130793333054,0.024852342903614,0.0415153913199902,0.287707954645157,0.116692453622818,0.793075680732727,0.153085187077522,0.342375963926315,0.0771135911345482,0.449643641710281,0.0595151446759701,0.50544011592865,0.139106974005699,0.16978432238102,0.326086699962616,0.109248004853725,0.0667580664157867,-0.0247862916439772,0.119670674204826,0.175505116581917,0.18577529489994,-0.0697753727436066,0.185925260186195,0.141271382570267,0.0424170531332493,-0.0792887583374977,0.0361050292849541,0.450930088758469,0.309192836284637,-0.0377298705279827,0.0391213521361351,0.129401430487633,0.0865617468953133,0.0936171337962151
