0 0.33362 0.27202 0.28201 0.084313 -0.0040036 -0.091874 0.061243 0.21163 0.72809 0.40773 0.35402 0.30065 0.1095 0.0082049 -0.097692 0.043051 0.26612 -0.13503 0.22866 0.072298 -0.029689 0.025625 -0.056162 0.076561 0.15529 0.11108 0.0057768 0.19534 -0.010743 -0.14248 -0.072406 0.02089 0.1154 0.090754 -0.048558 0.023365 0.095096 0.043666 0.36296 0.052648 0.20589 0.10224 0.36593 0.060911 0.16572 -0.15603 0.3468 -0.094471 -0.059816 0.038719 0.22089 -0.029916 0.27095 0.40203 -0.027167 0.036312 -0.083124 0.35312 0.23322 0.19705 -0.0057075 0.31615 -0.040244 -0.025752 0.13213 0.026454 0.12816 0.37442 0.1922 0.27997 0.12088 0.048257 0.44157 0.15428 0.3169 0.17642 0.57314 0.38667 0.1888 -0.12147 0.51687 -0.0081083 -0.07834 0.05015 0.26982
0.33362 0 0.25175 0.27485 0.111 0.01144 -0.08121 0.071353 0.22308 0.34799 0.49947 0.26472 0.26018 0.10139 -0.0050942 -0.095871 0.057835 0.2155 -0.099911 0.26107 0.038138 0.093593 0.019256 -0.051117 0.049799 0.044942 0.14227 0.080831 0.14889 0.12969 -0.035578 -0.10561 0.012841 0.16147 0.1077 -0.068173 0.010606 0.22787 0.11717 0.33426 0.098082 0.19658 0.1632 0.21389 0.16405 0.12114 -0.10421 0.22697 -0.051509 -0.055958 0.17539 0.2854 -0.11505 0.25576 0.056349 0.090671 0.012678 -0.073327 0.06124 -0.0053818 0.13331 0.077251 0.13297 0.092034 -0.017224 -0.091629 -0.015781 0.095713 0.15461 -0.034742 0.072622 0.26538 0.063476 0.3155 0.075871 0.18573 0.15491 0.18434 0.15545 0.064045 -0.12087 0.21695 -0.053008 -0.07194 0.15699 0.26082
0.27202 0.25175 0 0.39744 0.1075 0.027102 -0.022676 0.14935 0.14254 0.28347 0.27376 0.58232 0.38676 0.071048 0.024337 -0.031051 0.12524 0.15556 -0.029385 0.20386 0.11174 -0.001065 0.010382 -0.041238 0.029652 0.054405 0.080703 -0.0025326 0.19566 0.020878 -0.011884 -0.064765 -0.02572 0.041503 0.22534 -0.014531 0.13328 0.079958 -0.01319 0.20805 0.05506 0.095781 0.1779 0.25519 0.19723 0.058086 -0.066301 0.19005 -0.055431 -0.049003 0.077736 0.18465 -0.019864 0.18302 0.11279 -0.017659 0.032432 -0.063157 0.03414 0.026422 0.06601 0.0074715 0.16675 -0.0050736 -0.0035296 -0.068626 -0.01732 0.016558 0.205 -0.022831 0.14381 0.096309 -0.035353 0.20637 0.070632 0.083457 0.12984 0.18407 0.16176 0.017511 -0.066215 0.1886 -0.062316 -0.053758 0.085848 0.18097
0.28201 0.27485 0.39744 0 0.20293 0.0093495 -0.01149 0.11363 0.14318 0.26021 0.28059 0.37832 0.65021 0.12671 0.0048877 -0.01873 0.098876 0.14997 -0.043831 0.29838 -0.028247 0.031689 0.011314 -0.017344 -0.084356 0.026689 0.014829 0.020538 0.15256 0.045037 -0.02695 -0.14404 -0.017605 0.17847 0.17733 -0.092396 0.067047 0.11644 0.16111 0.22075 0.25338 0.053272 0.13804 0.16549 0.17735 0.1157 -0.011715 0.25291 -0.068163 -0.019753 0.13388 0.3489 -0.015087 0.28681 0.017255 0.030976 0.012948 -0.034328 -0.040349 -0.0082251 0.028489 0.029856 0.15552 0.029243 -0.021147 -0.12241 0.011368 0.1392 0.25575 -0.056423 0.15122 0.13925 0.092491 0.25415 0.23933 0.08635 0.14201 0.18321 0.18837 0.09837 -0.03314 0.30672 -0.064735 -0.055394 0.12662 0.34656
0.084313 0.111 0.1075 0.20293 0 -0.0052073 -0.017248 0.020946 0.057738 0.096856 0.10094 0.11426 0.17347 0.043621 -0.0049853 -0.026812 0.020784 0.060081 -0.015398 0.10565 0.0026477 0.0024272 0.011287 -0.0076936 -0.016094 0.01056 -0.0057348 -0.010135 0.072865 0.0074726 -0.025195 -0.030783 -0.0092794 0.016841 0.07172 0.0073541 0.055528 0.046484 0.064112 0.095159 0.084192 0.013479 0.058217 0.075876 0.070351 0.015879 0.0091436 0.11221 -0.030746 -0.021793 0.063814 0.14471 -0.0077558 0.11217 -0.016593 -0.0046781 -0.013917 -0.029257 -0.033651 -0.01004 -0.0047259 -0.00088545 0.065314 -0.0058848 -0.020403 -0.042841 -0.016964 0.022367 0.088922 -0.0059508 0.066646 0.048416 0.044721 0.078659 0.072853 9.9138e-05 0.028584 0.045366 0.051109 -0.0047883 -0.010659 0.10671 -0.040587 -0.02315 0.040664 0.12948
-0.0040036 0.01144 0.027102 0.0093495 -0.0052073 0 0.16391 0.018866 0.082578 0.049094 -0.0022898 0.019746 -0.00035707 -0.015079 0.43091 0.17403 0.037361 0.067298 0.066498 0.044188 0.13273 0.09797 0.13504 0.22611 0.22893 0.12241 0.32565 0.13534 0.082833 0.12918 0.29663 0.20006 0.26811 0.077416 -0.030332 0.022864 -0.019822 0.085621 0.094216 0.09303 0.066647 0.24745 0.22033 -0.0063551 0.16182 0.085908 0.21795 -0.07365 0.051259 0.14984 0.11518 0.088195 0.033432 0.030665 0.0049848 0.079449 0.089195 0.21853 0.12194 0.093597 0.27421 0.14094 0.019558 0.11572 0.27409 0.12812 0.22882 0.07511 -0.10348 -0.042303 -0.079095 0.063308 0.10163 0.043453 0.063187 0.20862 0.14947 -0.078841 0.074585 0.055208 0.18527 -0.098393 0.055273 0.11887 0.10049 0.060792
-0.091874 -0.08121 -0.022676 -0.01149 -0.017248 0.16391 0 -0.0092809 -0.0074346 -0.049671 -0.10729 -0.048235 -0.03176 -0.02679 0.17294 0.25532 -0.0097389 -0.031183 0.1485 -0.03564 0.043637 0.028922 0.072198 0.17958 0.058164 0.12367 -0.0060837 0.076483 0.010637 0.045001 0.16155 0.15747 0.066212 0.02278 0.020121 0.071488 0.069578 -0.0084728 0.058768 -0.12417 0.078648 -0.042603 -0.0024034 -0.13121 0.051586 0.031088 0.23021 -0.064832 0.045158 0.12845 0.014008 0.033117 0.090789 -0.047742 -0.065742 0.021097 0.026299 0.15802 -0.041161 0.075431 -0.033565 0.064737 -0.024853 0.038726 0.089493 0.078321 0.053066 0.028183 -0.054122 -0.017865 -0.022336 -0.029381 0.06551 -0.13772 0.080631 -0.062707 -0.02248 -0.18259 -0.022544 0.037924 0.1871 -0.11896 0.026692 0.10381 0.0033947 0.0011771
0.061243 0.071353 0.14935 0.11363 0.020946 0.018866 -0.0092809 0 0.055451 0.041042 0.078225 0.1301 0.10996 0.017961 0.03102 0.0023767 0.11087 0.064881 -0.033827 0.088194 -0.060221 0.024096 -0.00061602 -0.0081316 -0.04385 -0.020429 0.05513 0.017837 0.025017 0.012957 0.065663 -0.057115 0.022783 0.046324 -0.023144 -0.082321 -0.071929 0.048747 0.019901 0.070497 0.015217 0.046185 0.11802 0.00035022 0.011256 0.010496 0.0048397 0.0025795 -0.0052915 0.0021415 0.04523 0.085899 -0.020823 0.076447 -0.036951 0.028147 -0.003383 0.0011717 -0.019111 0.0050009 0.06789 0.035304 0.034066 0.007127 0.064498 -0.04011 0.011105 0.045914 0.001473 -0.082653 -0.015213 0.05678 0.0093431 0.078788 0.032961 0.060081 0.10155 0.02281 0.03259 0.012098 0.012452 0.056153 -0.013416 0.00073746 0.059082 0.089413
0.21163 0.22308 0.14254 0.14318 0.057738 0.082578 -0.0074346 0.055451 0 0.2213 0.22954 0.13257 0.13887 0.049538 0.06781 -0.02361 0.047785 0.19771 -0.043628 0.16631 0.0077335 0.0608 0.018195 0.0069635 0.027288 0.0099158 0.12293 0.018906 0.081315 0.090204 0.017162 -0.05007 0.064717 0.11186 0.038724 -0.057066 -0.010372 0.16161 0.086816 0.19134 0.064197 0.14812 0.13883 0.106 0.079384 0.053331 0.0045251 0.1151 -0.033087 -0.022911 0.12668 0.18528 -0.028825 0.17561 0.044779 0.054075 0.027027 -0.010542 0.058958 0.017711 0.14158 0.014693 0.094248 0.081485 0.0553 -0.011741 0.035522 0.070169 0.088546 -0.030199 0.043934 0.16856 0.065752 0.18623 0.061264 0.16773 0.13995 0.11296 0.12356 0.024497 0.0006313 0.15178 -0.038509 -0.0053829 0.12559 0.1785
0.72809 0.34799 0.28347 0.26021 0.096856 0.049094 -0.049671 0.041042 0.2213 0 0.32323 0.28027 0.2272 0.099755 0.04642 -0.059014 0.035804 0.23508 -0.068039 0.23232 0.23199 0.012604 0.045864 -0.087518 0.19224 0.22329 0.14095 -0.066039 0.20442 0.011271 -0.026484 0.053189 0.037707 0.18303 0.21106 0.085922 0.17444 0.11821 0.24273 0.31316 0.24881 0.23598 0.087583 0.44096 0.26634 0.24533 -0.12131 0.3887 -0.027268 -0.0067559 0.042665 0.22603 -0.1343 0.17969 0.12187 0.0027593 0.029188 -0.096174 0.112 0.12317 0.0983 -0.028428 0.1065 0.0053735 -0.028727 0.014243 0.022246 0.11979 0.156 0.032072 0.058736 0.14196 0.12691 0.26755 0.15209 0.14981 0.061013 0.23988 0.091972 0.10514 -0.10184 0.34357 -0.047011 -0.055495 0.056334 0.19924
0.40773 0.49947 0.27376 0.28059 0.10094 -0.0022898 -0.10729 0.078225 0.22954 0.32323 0 0.32332 0.3091 0.11261 -0.011511 -0.11139 0.094184 0.2547 -0.17565 0.28908 -0.014477 0.074488 0.012066 -0.068359 0.0076167 -0.015791 0.15268 0.060694 0.1283 0.10969 -0.060181 -0.17666 0.016711 0.1197 0.028795 -0.13824 -0.054882 0.22836 0.048127 0.3449 0.052177 0.20654 0.19134 0.19747 0.090297 0.082167 -0.15248 0.21322 -0.086243 -0.075649 0.17521 0.274 -0.13745 0.30029 0.1418 0.08607 0.0039657 -0.097051 0.14119 -0.0096425 0.19832 0.044078 0.18396 0.075037 -0.006861 -0.067484 0.0070215 0.12598 0.22671 -0.0092866 0.14139 0.27238 0.027085 0.39615 0.089831 0.26531 0.20498 0.29756 0.25238 0.069003 -0.13827 0.30041 -0.042108 -0.10205 0.1736 0.29713
0.35402 0.26472 0.58232 0.37832 0.11426 0.019746 -0.048235 0.1301 0.13257 0.28027 0.32332 0 0.40854 0.086635 0.02224 -0.029861 0.14945 0.14991 -0.065064 0.20345 0.066769 -0.029443 -0.0081514 -0.057221 0.0050126 0.038844 0.086572 0.0064829 0.18881 -0.0017042 -0.046816 -0.12219 -0.028909 0.02622 0.19149 -0.045874 0.11055 0.078461 -0.016831 0.22713 0.04162 0.080866 0.17554 0.23603 0.12825 0.068889 -0.091335 0.18639 -0.084822 -0.068072 0.068495 0.18637 -0.018761 0.24 0.1826 -0.053114 0.021213 -0.075183 0.086147 0.055527 0.088706 -0.0060276 0.23357 -0.026108 -1.0946e-05 -0.043288 0.003443 0.032987 0.27873 0.047413 0.22482 0.093648 -0.067212 0.26862 0.061843 0.12606 0.18661 0.2839 0.22954 0.033854 -0.087374 0.24047 -0.057811 -0.054274 0.061008 0.21455
0.30065 0.26018 0.38676 0.65021 0.17347 -0.00035707 -0.03176 0.10996 0.13887 0.2272 0.3091 0.40854 0 0.14888 0.0049593 -0.010901 0.12007 0.15886 -0.045164 0.27454 -0.026664 0.023237 0.016161 -0.027356 -0.080823 0.015469 0.0026451 0.037592 0.14807 0.034844 -0.061769 -0.14827 -0.019692 0.15384 0.1551 -0.099514 0.061741 0.1138 0.089613 0.2264 0.19574 0.037385 0.12265 0.15143 0.1474 0.09871 -0.036893 0.23677 -0.082696 -0.045005 0.12305 0.31819 0.0077668 0.29304 0.031183 0.015675 0.014701 -0.027854 -0.032841 0.031694 0.01444 0.037282 0.18741 0.017379 -0.033085 -0.10788 -0.0026712 0.14473 0.28324 -0.035992 0.18669 0.13468 0.089347 0.25441 0.26339 0.080667 0.13876 0.20353 0.20089 0.0957 -0.0061303 0.31896 -0.086743 -0.048908 0.12474 0.37375
0.1095 0.10139 0.071048 0.12671 0.043621 -0.015079 -0.02679 0.017961 0.049538 0.099755 0.11261 0.086635 0.14888 0 -0.0086033 -0.028841 0.0090398 0.094878 -0.022935 0.13132 -0.034922 0.016585 0.011903 -0.0204 -0.022734 -0.014181 0.015303 -0.015364 0.035827 0.017352 -0.030047 -0.05148 -4.1622e-05 0.056871 0.025736 -0.04185 -0.0058393 0.05686 0.059014 0.088795 0.063696 0.043873 0.057269 0.044943 0.053532 0.017966 -0.012307 0.085345 -0.040107 -0.0084606 0.076289 0.1238 -0.016816 0.10611 0.0028147 0.015021 0.002211 -0.018642 -0.0042358 -0.01153 0.029601 -0.014657 0.030262 0.020147 -0.010025 -0.027812 -0.0070168 0.066287 0.07644 -0.034284 0.054926 0.070757 0.062824 0.088477 0.079596 0.051876 0.071208 0.063614 0.091496 0.0050443 -0.011868 0.11738 -0.024997 -0.023437 0.065517 0.1354
0.0082049 -0.0050942 0.024337 0.0048877 -0.0049853 0.43091 0.17294 0.03102 0.06781 0.04642 -0.011511 0.02224 0.0049593 -0.0086033 0 0.21795 0.037434 0.067097 0.049996 0.044012 0.121 0.083622 0.11074 0.23356 0.21017 0.12279 0.30803 0.13117 0.085809 0.1094 0.30162 0.16782 0.26401 0.080093 -0.034682 -0.0085743 -0.044863 0.069593 0.079752 0.077932 0.069197 0.23371 0.23019 -0.02393 0.1494 0.079732 0.21186 -0.086463 0.039257 0.13114 0.094546 0.090796 0.04021 0.049584 0.053745 0.076547 0.10342 0.23372 0.15007 0.13491 0.29023 0.12053 0.057367 0.1016 0.26489 0.148 0.27397 0.069812 -0.073235 -0.037146 -0.059643 0.059356 0.10705 0.064956 0.060871 0.23038 0.172 -0.051611 0.099806 0.07545 0.2065 -0.074097 0.033352 0.13498 0.098673 0.086646
-0.097692 -0.095871 -0.031051 -0.01873 -0.026812 0.17403 0.25532 0.0023767 -0.02361 -0.059014 -0.11139 -0.029861 -0.010901 -0.028841 0.21795 0 0.014885 -0.0084254 0.11244 -0.028396 0.043196 0.028535 0.075688 0.1747 0.039259 0.11627 -0.010873 0.035648 0.013047 0.038584 0.13383 0.11731 0.094865 0.031017 0.0087943 0.039786 0.048591 -0.045299 0.051322 -0.10885 0.084127 -0.037016 0.0051171 -0.11118 0.040056 0.03574 0.20123 -0.066981 0.040661 0.10664 0.012258 0.035447 0.10012 -0.029125 -0.02691 0.019681 0.044028 0.18441 -0.015982 0.12202 -0.029386 0.032963 0.00045024 0.033215 0.10005 0.081607 0.097663 0.034553 -0.017137 -0.0085589 0.014516 -0.057326 0.07054 -0.12333 0.090263 -0.051169 -0.025949 -0.1369 -0.0087359 0.042577 0.21047 -0.081835 0.025842 0.12635 0.0043203 0.030715
0.043051 0.057835 0.12524 0.098876 0.020784 0.037361 -0.0097389 0.11087 0.047785 0.035804 0.094184 0.14945 0.12007 0.0090398 0.037434 0.014885 0 0.069859 -0.022435 0.087197 -0.046152 0.030622 0.01648 -0.00071316 -0.016201 -0.029363 0.077369 0.035391 0.020271 0.033385 0.056077 -0.063934 0.00767 0.027408 -0.018131 -0.074606 -0.056078 0.046494 0.0026373 0.065783 -0.0048474 0.072025 0.12552 -0.006894 0.020881 0.0059385 0.012244 -0.025162 -0.012559 -0.012854 0.042363 0.062265 -0.014492 0.079113 -0.033293 0.030946 0.0062159 0.02119 -0.018268 -0.010226 0.066656 0.03113 0.024921 0.025513 0.04523 -0.038232 0.021667 0.03429 -0.0074459 -0.096897 -0.023966 0.049452 -0.0068044 0.069441 -0.00011791 0.071452 0.1158 0.020947 0.017389 0.0090356 0.017587 0.01947 -0.014901 -0.0048034 0.046248 0.071641
0.26612 0.2155 0.15556 0.14997 0.060081 0.067298 -0.031183 0.064881 0.19771 0.23508 0.2547 0.14991 0.15886 0.094878 0.067097 -0.0084254 0.069859 0 -0.052372 0.16843 0.039142 0.052252 0.041583 0.013631 0.059064 0.036268 0.12137 0.020672 0.096719 0.087831 0.012036 -0.019573 0.069585 0.092152 0.0325 -0.048032 0.0016137 0.15846 0.078946 0.18859 0.063078 0.1611 0.13499 0.12102 0.087243 0.064394 0.022447 0.14263 -0.037127 0.02966 0.17273 0.19714 -0.0035101 0.18406 0.097426 0.06311 0.022126 0.013614 0.10839 0.039136 0.14714 0.026719 0.11714 0.080235 0.061744 0.022033 0.055793 0.10813 0.11883 0.012493 0.086986 0.17703 0.074081 0.2032 0.082172 0.19166 0.1405 0.1537 0.16165 0.060963 0.027938 0.17875 -0.00084616 0.00053771 0.14337 0.21888
-0.13503 -0.099911 -0.029385 -0.043831 -0.015398 0.066498 0.1485 -0.033827 -0.043628 -0.068039 -0.17565 -0.065064 -0.045164 -0.022935 0.049996 0.11244 -0.022435 -0.052372 0 -0.0304 0.23578 0.03602 0.041354 0.25935 0.2043 0.26666 -0.16516 0.089316 0.077107 0.072385 0.010158 0.5492 0.0018507 -0.011611 0.49086 0.20371 0.54767 -0.027384 0.059227 -0.090316 0.16828 -0.066268 -0.13238 0.016689 0.17645 0.077544 0.71881 0.23792 0.10221 0.14956 0.17203 0.14052 0.67098 -0.03522 0.046697 0.014868 0.022246 0.21907 0.036923 0.20233 -0.19849 0.08622 0.025429 0.058446 -0.05934 0.33667 0.024545 0.0059897 0.25546 0.1576 0.29852 -0.067086 0.10977 -0.1588 0.13561 -0.12475 -0.11412 -0.069896 0.049393 0.044951 0.61674 0.066527 0.055072 0.15977 0.17556 0.10829
0.22866 0.26107 0.20386 0.29838 0.10565 0.044188 -0.03564 0.088194 0.16631 0.23232 0.28908 0.20345 0.27454 0.13132 0.044012 -0.028396 0.087197 0.16843 -0.0304 0 -0.096649 0.16997 0.05236 0.035821 -0.11443 0.0080495 0.011989 0.02973 0.22355 0.19064 -0.096752 -0.26111 0.020561 0.39627 0.21433 -0.21418 0.03401 0.27809 0.32096 0.41738 0.40218 0.10103 0.27537 0.26478 0.34453 0.28048 0.074447 0.40421 -0.13126 -0.039184 0.2987 0.57306 0.018066 0.58731 -0.092821 0.17846 0.0082695 0.021243 -0.11448 0.018564 0.054977 0.039743 0.19182 0.16407 -0.04912 -0.23834 0.034883 0.37216 0.30138 -0.22738 0.12188 0.27758 0.26963 0.43519 0.39397 0.15704 0.26977 0.23795 0.2887 0.23259 0.063372 0.47542 -0.15963 -0.07718 0.24818 0.56237
0.072298 0.038138 0.11174 -0.028247 0.0026477 0.13273 0.043637 -0.060221 0.0077335 0.23199 -0.014477 0.066769 -0.026664 -0.034922 0.121 0.043196 -0.046152 0.039142 0.23578 -0.096649 0 -0.13291 0.067636 0.19628 0.70115 0.54978 0.1787 -0.045794 0.28009 -0.073372 0.095815 0.47691 0.1543 -0.09169 0.55939 0.45386 0.5386 -0.11135 -0.033439 0.11007 0.10646 0.30357 -0.041254 0.69085 0.38711 0.39085 0.06695 0.45151 0.011091 0.0055067 -0.0036965 -0.030136 0.075603 -0.090037 0.66633 -0.18128 0.067506 0.12303 0.52834 0.30303 0.056516 -0.011154 0.11696 -0.068396 0.046465 0.32663 0.11976 -0.081315 0.31512 0.36468 0.25998 -0.11221 -0.019003 0.0048464 0.053375 0.15995 -0.1095 0.30726 0.11338 0.19667 0.059821 0.12413 0.064248 0.019132 -0.0022206 -0.069678
-0.029689 0.093593 -0.001065 0.031689 0.0024272 0.09797 0.028922 0.024096 0.0608 0.012604 0.074488 -0.029443 0.023237 0.016585 0.083622 0.028535 0.030622 0.052252 0.03602 0.16997 -0.13291 0 0.016232 0.32706 0.057466 -0.13146 0.14935 0.23229 0.044533 0.9203 0.021087 -0.14888 0.16826 0.36937 -0.080917 -0.17951 -0.13139 0.88058 0.31768 0.086714 0.28788 0.30315 0.07581 -0.021249 0.086516 0.656 0.17665 0.01431 -0.025006 0.018155 0.20668 0.23767 0.057718 0.15239 -0.25146 0.97437 0.0045748 0.37235 -0.07073 -0.072615 0.17947 0.29495 -0.010891 0.91022 0.00085199 -0.19588 0.17198 0.34404 -0.12821 -0.25107 -0.16889 0.83813 0.35832 0.075439 0.29565 0.32948 0.085497 -0.10061 -0.013685 0.58923 0.15087 0.03739 -0.067476 0.019201 0.16875 0.20838
0.025625 0.019256 0.010382 0.011314 0.011287 0.13504 0.072198 -0.00061602 0.018195 0.045864 0.012066 -0.0081514 0.016161 0.011903 0.11074 0.075688 0.01648 0.041583 0.041354 0.05236 0.067636 0.016232 0 0.16345 0.10791 0.14137 0.055583 0.040187 0.094762 0.041625 0.093251 0.1075 0.098887 0.033311 0.065616 0.041777 0.071857 0.022905 0.045435 0.043164 0.057267 0.041358 0.060382 0.041532 0.071649 0.088172 0.11117 0.059362 0.02979 0.10349 0.052645 0.10131 0.020018 0.027683 0.036367 0.0056661 0.0544 0.13537 0.073526 0.11331 0.056486 0.029625 0.058504 0.03927 0.084407 0.074536 0.081328 0.0073988 0.055649 0.019125 0.046499 0.013874 0.034578 0.03423 0.050067 0.056455 0.031334 -0.0031178 0.05095 0.07534 0.08005 0.039082 0.019721 0.050714 0.030037 0.092272
-0.056162 -0.051117 -0.041238 -0.017344 -0.0076936 0.22611 0.17958 -0.0081316 0.0069635 -0.087518 -0.068359 -0.057221 -0.027356 -0.0204 0.23356 0.1747 -0.00071316 0.013631 0.25935 0.035821 0.19628 0.32706 0.16345 0 0.32449 0.35692 0.084943 0.55409 0.099452 0.52645 0.18221 0.20602 0.33335 0.10727 0.12207 0.03323 0.10054 0.30028 0.10233 -0.046601 0.14689 0.11419 0.052711 -0.012168 0.094483 0.4987 0.343 0.0019011 0.068243 0.15299 0.1178 0.14655 0.24834 0.048808 0.053608 0.29847 0.1126 0.81747 0.19242 0.36688 0.093462 0.51533 0.080265 0.52053 0.15295 0.19402 0.35444 0.1147 0.10118 -0.021704 0.13313 0.22333 0.1456 -0.035357 0.1719 0.16426 0.050199 -0.057896 0.0624 0.49686 0.27777 -0.0086126 0.047292 0.13632 0.091721 0.10452
0.076561 0.049799 0.029652 -0.084356 -0.016094 0.22893 0.058164 -0.04385 0.027288 0.19224 0.0076167 0.0050126 -0.080823 -0.022734 0.21017 0.039259 -0.016201 0.059064 0.2043 -0.11443 0.70115 0.057466 0.10791 0.32449 0 0.50176 0.52594 0.092897 0.16567 0.11919 0.30252 0.63232 0.39689 -0.049987 0.22778 0.35164 0.2344 0.027378 -0.092544 0.20732 -0.13205 0.69247 0.11791 0.50849 0.34449 0.36267 0.078293 0.20121 0.14931 0.097651 -6.7658e-05 -0.091385 0.07277 -0.11829 0.50204 -0.016424 0.068817 0.243 0.76 0.31225 0.41632 0.09222 0.055473 0.10366 0.26025 0.53426 0.32654 -0.051037 0.084972 0.2358 0.11192 0.0090451 -0.090214 0.081352 -0.1384 0.523 0.045995 0.19381 0.17711 0.18132 0.060194 -0.0038329 0.21518 0.12623 0.010633 -0.12398
0.15529 0.044942 0.054405 0.026689 0.01056 0.12241 0.12367 -0.020429 0.0099158 0.22329 -0.015791 0.038844 0.015469 -0.014181 0.12279 0.11627 -0.029363 0.036268 0.26666 0.0080495 0.54978 -0.13146 0.14137 0.35692 0.50176 0 -0.010755 0.10808 0.24668 -0.066907 0.066716 0.45382 0.10884 -0.034399 0.42762 0.36714 0.45724 -0.11691 0.008405 0.042165 0.12226 -0.01012 -0.062426 0.39682 0.21822 0.38139 0.17565 0.43069 0.014925 0.11771 -0.0022954 0.10272 0.15005 0.0072952 0.33441 -0.16061 0.093585 0.27021 0.32986 0.56335 -0.09548 0.072433 0.14694 -0.067176 -0.0020842 0.32014 0.051573 -0.049457 0.28582 0.25354 0.32137 -0.1345 -0.013966 0.010967 0.068212 -0.038228 -0.093305 0.15356 0.053358 0.28074 0.13354 0.23611 0.030551 0.084943 0.0057834 0.055111
0.11108 0.14227 0.080703 0.014829 -0.0057348 0.32565 -0.0060837 0.05513 0.12293 0.14095 0.15268 0.086572 0.0026451 0.015303 0.30803 -0.010873 0.077369 0.12137 -0.16516 0.011989 0.1787 0.14935 0.055583 0.084943 0.52594 -0.010755 0 0.040749 0.038244 0.14595 0.48457 0.20167 0.37914 0.083527 -0.22568 -0.040969 -0.24762 0.16989 0.042991 0.4144 -0.12645 0.80053 0.45334 0.096334 0.23177 0.022387 -0.010247 -0.15193 0.12194 0.038219 0.12921 -0.019594 -0.14048 0.018927 0.076507 0.11226 0.057211 0.07422 0.35106 -0.039296 0.7603 0.069702 -0.021599 0.136 0.44779 0.19663 0.30701 0.066548 -0.2877 -0.11411 -0.24351 0.19517 0.053442 0.2951 -0.11651 0.70511 0.33491 -0.020595 0.16942 -0.067151 0.0040735 -0.18084 0.11194 0.052102 0.10516 -0.040102
0.0057768 0.080831 -0.0025326 0.020538 -0.010135 0.13534 0.076483 0.017837 0.018906 -0.066039 0.060694 0.0064829 0.037592 -0.015364 0.13117 0.035648 0.035391 0.020672 0.089316 0.02973 -0.045794 0.23229 0.040187 0.55409 0.092897 0.10808 0.040749 0 0.047711 0.42575 0.12559 0.037287 0.061654 0.051645 -0.00096789 -0.0063849 0.01929 0.33197 0.023586 0.027712 0.062186 -0.01086 0.08029 -0.089924 -0.015399 0.2913 0.181 -0.11493 0.028625 0.059963 0.12057 0.11161 0.14899 0.060531 -0.058343 0.2414 0.033417 0.56925 0.025535 0.18126 0.036181 0.95472 0.081856 0.35599 0.093437 0.067361 0.091574 0.048476 0.071297 -0.016753 0.085363 0.32599 0.091893 0.026275 0.11735 0.024001 0.074048 -0.070678 0.0081625 0.34344 0.14351 -0.013857 0.034383 0.054356 0.097818 0.11084
0.19534 0.14889 0.19566 0.15256 0.072865 0.082833 0.010637 0.025017 0.081315 0.20442 0.1283 0.18881 0.14807 0.035827 0.085809 0.013047 0.020271 0.096719 0.077107 0.22355 0.28009 0.044533 0.094762 0.099452 0.16567 0.24668 0.038244 0.047711 0 0.055765 0.038792 0.078295 0.05748 0.068065 0.42828 0.28549 0.46993 0.095476 0.025183 0.27399 0.11457 0.099639 0.20472 0.45182 0.29437 0.1961 0.078746 0.40302 -0.042756 0.047012 0.14729 0.33425 0.091141 0.21494 0.22348 0.021509 0.056041 0.070204 0.15011 0.15661 -0.0027063 0.044158 0.39917 0.045467 0.038254 0.064547 0.019114 0.041787 0.38075 0.22381 0.43393 0.08993 0.02472 0.21413 0.10408 0.076368 0.16211 0.28119 0.21902 0.095378 0.071658 0.29638 -0.006618 -0.0050097 0.13071 0.32462
-0.010743 0.12969 0.020878 0.045037 0.0074726 0.12918 0.045001 0.012957 0.090204 0.011271 0.10969 -0.0017042 0.034844 0.017352 0.1094 0.038584 0.033385 0.087831 0.072385 0.19064 -0.073372 0.9203 0.041625 0.52645 0.11919 -0.066907 0.14595 0.42575 0.055765 0 0.046259 -0.1199 0.23324 0.37528 -0.0466 -0.16413 -0.076908 0.91921 0.33986 0.10725 0.28243 0.27015 0.088824 -0.01479 0.077898 0.66872 0.21473 0.042635 -0.010694 0.017446 0.27472 0.27496 0.071899 0.16384 -0.1763 0.90978 0.015566 0.54183 0.0015184 0.013641 0.18145 0.46434 0.031454 0.93124 0.022943 -0.13866 0.24351 0.34015 -0.041303 -0.21012 -0.083275 0.87916 0.37679 0.10605 0.30066 0.32165 0.093285 -0.072161 0.011801 0.62901 0.17859 0.10744 -0.044627 0.0065708 0.22931 0.24543
-0.14248 -0.035578 -0.011884 -0.02695 -0.025195 0.29663 0.16155 0.065663 0.017162 -0.026484 -0.060181 -0.046816 -0.061769 -0.030047 0.30162 0.13383 0.056077 0.012036 0.010158 -0.096752 0.095815 0.021087 0.093251 0.18221 0.30252 0.066716 0.48457 0.12559 0.038792 0.046259 0 0.35133 0.26206 0.0011294 -0.17001 0.081714 -0.10219 0.0062853 0.027475 -0.02672 -0.050449 0.36601 0.38145 -0.22711 0.23679 -0.070357 0.18449 -0.30691 0.26749 0.17628 0.031006 -0.075423 -0.042424 -0.11707 -0.14846 0.0091685 0.043587 0.19062 0.069038 0.025364 0.35984 0.14595 -0.088725 0.04037 0.55353 0.21799 0.21919 -0.0064991 -0.33653 -0.095137 -0.25656 -0.0072364 0.050515 -0.11464 -0.067782 0.20458 0.21992 -0.37182 0.023211 -0.096545 0.15223 -0.34991 0.21705 0.15919 0.026986 -0.10957
-0.072406 -0.10561 -0.064765 -0.14404 -0.030783 0.20006 0.15747 -0.057115 -0.05007 0.053189 -0.17666 -0.12219 -0.14827 -0.05148 0.16782 0.11731 -0.063934 -0.019573 0.5492 -0.26111 0.47691 -0.14888 0.1075 0.20602 0.63232 0.45382 0.20167 0.037287 0.078295 -0.1199 0.35133 0 0.14294 -0.21177 0.21742 0.56623 0.35663 -0.18845 -0.13586 -0.078892 -0.14802 0.23443 -0.011672 0.046959 0.31892 -0.092889 0.35919 0.095083 0.28887 0.26336 -0.074508 -0.18377 0.26726 -0.26817 0.20668 -0.19659 0.078127 0.14945 0.34215 0.29241 0.051407 0.034094 -0.041109 -0.10826 0.19145 0.74147 0.085808 -0.19716 -0.064932 0.38396 0.050398 -0.21522 -0.11513 -0.20025 -0.18102 0.0019973 -0.10123 -0.18642 0.066906 -0.13356 0.26896 -0.18431 0.31011 0.25528 -0.05306 -0.20467
0.02089 0.012841 -0.02572 -0.017605 -0.0092794 0.26811 0.066212 0.022783 0.064717 0.037707 0.016711 -0.028909 -0.019692 -4.1622e-05 0.26401 0.094865 0.00767 0.069585 0.0018507 0.020561 0.1543 0.16826 0.098887 0.33335 0.39689 0.10884 0.37914 0.061654 0.05748 0.23324 0.26206 0.14294 0 0.1085 -0.04572 -0.030226 -0.069446 0.14842 0.055265 0.070886 -0.0194 0.43323 0.20924 0.064526 0.14067 0.15081 0.1447 -0.060358 0.048723 0.090759 0.094169 0.051958 0.032859 0.014294 0.10945 0.13453 0.069472 0.2921 0.29446 0.10815 0.37648 0.067506 0.022664 0.22643 0.26928 0.16727 0.43801 0.087873 -0.067249 -0.027547 -0.030331 0.12477 0.03842 0.059515 -0.01763 0.41414 0.16082 0.0066897 0.13281 0.094994 0.1344 -0.070685 0.080636 0.096999 0.065895 0.018013
0.1154 0.16147 0.041503 0.17847 0.016841 0.077416 0.02278 0.046324 0.11186 0.18303 0.1197 0.02622 0.15384 0.056871 0.080093 0.031017 0.027408 0.092152 -0.011611 0.39627 -0.09169 0.36937 0.033311 0.10727 -0.049987 -0.034399 0.083527 0.051645 0.068065 0.37528 0.0011294 -0.21177 0.1085 0 0.12194 -0.21973 -0.011173 0.42796 0.54636 0.27098 0.61658 0.20986 0.10419 0.13695 0.33627 0.38923 0.18214 0.33973 -0.066935 -0.005626 0.36702 0.49585 0.020802 0.34835 -0.11546 0.3492 -0.00061416 0.096416 -0.089582 -0.037015 0.10351 0.050207 0.040295 0.34286 -0.015295 -0.22181 0.14282 0.79137 0.16157 -0.23199 0.053056 0.40323 0.47146 0.32109 0.55427 0.25983 0.088134 0.11703 0.25581 0.31079 0.17684 0.39511 -0.097848 -0.029018 0.32441 0.46251
0.090754 0.1077 0.22534 0.17733 0.07172 -0.030332 0.020121 -0.023144 0.038724 0.21106 0.028795 0.19149 0.1551 0.025736 -0.034682 0.0087943 -0.018131 0.0325 0.49086 0.21433 0.55939 -0.080917 0.065616 0.12207 0.22778 0.42762 -0.22568 -0.00096789 0.42828 -0.0466 -0.17001 0.21742 -0.04572 0.12194 0 0.37557 0.8395 -0.0089415 0.074297 0.11209 0.34172 -0.079911 -0.094458 0.56561 0.50835 0.28077 0.25495 0.66483 -0.062244 0.013166 0.14102 0.37954 0.27686 0.20461 0.34072 -0.10613 0.026877 0.060837 0.12227 0.19962 -0.28632 -0.0046564 0.28724 -0.046665 -0.19973 0.067073 -0.047818 0.10133 0.68216 0.26404 0.60891 -0.028882 0.071274 0.041722 0.29767 -0.14155 -0.10371 0.24798 0.262 0.17591 0.20626 0.46415 -0.051891 -0.023871 0.137 0.34284
-0.048558 -0.068173 -0.014531 -0.092396 0.0073541 0.022864 0.071488 -0.082321 -0.057066 0.085922 -0.13824 -0.045874 -0.099514 -0.04185 -0.0085743 0.039786 -0.074606 -0.048032 0.20371 -0.21418 0.45386 -0.17951 0.041777 0.03323 0.35164 0.36714 -0.040969 -0.0063849 0.28549 -0.16413 0.081714 0.56623 -0.030226 -0.21973 0.37557 0 0.5943 -0.16189 -0.15068 -0.12199 -0.098486 -0.085571 -0.15942 0.19184 0.19336 -0.081333 0.012629 0.15754 0.13837 0.082644 -0.07111 -0.12264 0.0037466 -0.22036 0.18843 -0.19669 0.049771 0.010275 0.12735 0.16788 -0.19571 -0.012891 0.11413 -0.15762 -0.019692 0.26794 -0.036252 -0.20453 0.10859 0.55441 0.22346 -0.17417 -0.11657 -0.21405 -0.11066 -0.27678 -0.22665 -0.12459 -0.091476 -0.13859 -0.0071169 -0.071591 0.11995 0.07322 -0.063039 -0.12589
0.023365 0.010606 0.13328 0.067047 0.055528 -0.019822 0.069578 -0.071929 -0.010372 0.17444 -0.054882 0.11055 0.061741 -0.0058393 -0.044863 0.048591 -0.056078 0.0016137 0.54767 0.03401 0.5386 -0.13139 0.071857 0.10054 0.2344 0.45724 -0.24762 0.01929 0.46993 -0.076908 -0.10219 0.35663 -0.069446 -0.011173 0.8395 0.5943 0 -0.071502 -0.034441 -0.022661 0.22326 -0.21367 -0.1969 0.42128 0.32925 0.16445 0.23834 0.54702 0.022828 0.035164 0.036841 0.2158 0.29746 -0.0058435 0.29574 -0.14841 0.051641 0.040969 0.025624 0.23491 -0.33881 0.012279 0.28228 -0.08568 -0.17501 0.11115 -0.077112 -0.021975 0.53268 0.46081 0.61681 -0.089665 0.00122 -0.11318 0.15889 -0.31123 -0.20967 0.099203 0.027316 0.068166 0.1769 0.26653 -0.038007 0.003748 0.051558 0.18882
0.095096 0.22787 0.079958 0.11644 0.046484 0.085621 -0.0084728 0.048747 0.16161 0.11821 0.22836 0.078461 0.1138 0.05686 0.069593 -0.045299 0.046494 0.15846 -0.027384 0.27809 -0.11135 0.88058 0.022905 0.30028 0.027378 -0.11691 0.16989 0.33197 0.095476 0.91921 0.0062853 -0.18845 0.14842 0.42796 -0.0089415 -0.16189 -0.071502 0 0.41243 0.22638 0.34924 0.3029 0.12118 0.028137 0.10835 0.57677 0.11168 0.12767 -0.052882 -0.020234 0.32645 0.35764 -0.014401 0.26339 -0.16782 0.84153 0.0040189 0.31983 -0.031978 -0.056038 0.20483 0.39901 0.077544 0.88074 0.0036993 -0.19802 0.15398 0.39782 0.010192 -0.1876 -0.056722 0.96595 0.44171 0.2383 0.38082 0.34107 0.141 0.011813 0.062334 0.53663 0.079972 0.24247 -0.067832 -0.044418 0.28564 0.3472
0.043666 0.11717 -0.01319 0.16111 0.064112 0.094216 0.058768 0.019901 0.086816 0.24273 0.048127 -0.016831 0.089613 0.059014 0.079752 0.051322 0.0026373 0.078946 0.059227 0.32096 -0.033439 0.31768 0.045435 0.10233 -0.092544 0.008405 0.042991 0.023586 0.025183 0.33986 0.027475 -0.13586 0.055265 0.54636 0.074297 -0.15068 -0.034441 0.41243 0 0.09682 0.89613 0.076998 0.019001 0.041211 0.31897 0.43257 0.31074 0.39083 -0.0096881 0.043532 0.47785 0.60549 0.027341 0.27579 -0.18091 0.29054 -0.0001487 0.093861 -0.17692 -0.033059 0.018479 0.015212 -0.027914 0.31309 -0.01065 -0.2146 0.080307 0.49497 0.048935 -0.22936 -0.10052 0.37281 0.90058 0.12046 0.7927 0.081699 -0.0059234 -0.061397 0.14409 0.33515 0.26362 0.36868 -0.087716 -0.012647 0.39479 0.50066
0.36296 0.33426 0.20805 0.22075 0.095159 0.09303 -0.12417 0.070497 0.19134 0.31316 0.3449 0.22713 0.2264 0.088795 0.077932 -0.10885 0.065783 0.18859 -0.090316 0.41738 0.11007 0.086714 0.043164 -0.046601 0.20732 0.042165 0.4144 0.027712 0.27399 0.10725 -0.02672 -0.078892 0.070886 0.27098 0.11209 -0.12199 -0.022661 0.22638 0.09682 0 0.087337 0.54401 0.36302 0.4514 0.30872 0.18876 -0.06295 0.37972 -0.08475 -0.051953 0.21098 0.35746 -0.07017 0.38747 0.16262 0.087183 0.038431 -0.050618 0.24904 0.061982 0.40909 0.036789 0.24275 0.067329 0.072304 -0.0021504 0.036323 0.22228 0.19136 -0.081674 0.11336 0.25001 0.072517 0.6916 0.1078 0.51156 0.32949 0.43728 0.32744 0.097283 -0.050762 0.3861 -0.094818 -0.08385 0.19845 0.37059
0.052648 0.098082 0.05506 0.25338 0.084192 0.066647 0.078648 0.015217 0.064197 0.24881 0.052177 0.04162 0.19574 0.063696 0.069197 0.084127 -0.0048474 0.063078 0.16828 0.40218 0.10646 0.28788 0.057267 0.14689 -0.13205 0.12226 -0.12645 0.062186 0.11457 0.28243 -0.050449 -0.14802 -0.0194 0.61658 0.34172 -0.098486 0.22326 0.34924 0.89613 0.087337 0 -0.073538 -0.019089 0.12251 0.49495 0.50716 0.33337 0.52794 -0.046877 0.021303 0.41649 0.63646 0.11537 0.3471 -0.098393 0.25714 0.0014951 0.13006 -0.23933 0.023428 -0.13931 0.067038 0.060045 0.26926 -0.1 -0.24255 0.042651 0.58253 0.29348 -0.19996 0.084328 0.31678 0.82513 0.11128 0.91526 -0.029321 -0.040382 0.0054976 0.28211 0.44785 0.28897 0.47988 -0.11964 -0.022258 0.33536 0.55521
0.20589 0.19658 0.095781 0.053272 0.013479 0.24745 -0.042603 0.046185 0.14812 0.23598 0.20654 0.080866 0.037385 0.043873 0.23371 -0.037016 0.072025 0.1611 -0.066268 0.10103 0.30357 0.30315 0.041358 0.11419 0.69247 -0.01012 0.80053 -0.01086 0.099639 0.27015 0.36601 0.23443 0.43323 0.20986 -0.079911 -0.085571 -0.21367 0.3029 0.076998 0.54401 -0.073538 0 0.42097 0.33384 0.35292 0.20775 0.018203 0.088545 0.10711 0.037858 0.1352 0.071559 -0.045298 0.093715 0.20857 0.25585 0.050282 0.10323 0.54558 -0.0085516 0.76533 0.063651 0.010056 0.2554 0.36575 0.28205 0.36037 0.16668 -0.16106 -0.11612 -0.18058 0.30772 0.058294 0.43002 -0.068171 0.91935 0.34685 0.18876 0.31307 0.05965 0.030993 0.022524 0.14016 0.062865 0.13087 0.043826
0.10224 0.1632 0.1779 0.13804 0.058217 0.22033 -0.0024034 0.11802 0.13883 0.087583 0.19134 0.17554 0.12265 0.057269 0.23019 0.0051171 0.12552 0.13499 -0.13238 0.27537 -0.041254 0.07581 0.060382 0.052711 0.11791 -0.062426 0.45334 0.08029 0.20472 0.088824 0.38145 -0.011672 0.20924 0.10419 -0.094458 -0.15942 -0.1969 0.12118 0.019001 0.36302 -0.019089 0.42097 0 0.064633 0.35334 -0.011101 0.043686 -0.045087 0.037803 0.033541 0.16843 0.19049 -0.088229 0.26784 -0.052016 0.0668 0.042662 0.043697 0.061189 -0.040318 0.42025 0.086511 0.14897 0.070744 0.40431 0.051906 0.16006 0.088967 -0.089599 -0.17486 -0.098576 0.11983 0.0095623 0.31552 -0.0077331 0.37215 0.57208 0.047837 0.31143 -0.058376 0.064854 -0.0064625 0.036306 0.037891 0.1459 0.18201
0.36593 0.21389 0.25519 0.16549 0.075876 -0.0063551 -0.13121 0.00035022 0.106 0.44096 0.19747 0.23603 0.15143 0.044943 -0.02393 -0.11118 -0.006894 0.12102 0.016689 0.26478 0.69085 -0.021249 0.041532 -0.012168 0.50849 0.39682 0.096334 -0.089924 0.45182 -0.01479 -0.22711 0.046959 0.064526 0.13695 0.56561 0.19184 0.42128 0.028137 0.041211 0.4514 0.12251 0.33384 0.064633 0 0.45911 0.41922 -0.098007 0.67663 -0.13723 -0.088144 0.094548 0.26628 0.011745 0.23608 0.55444 -0.046558 0.036012 -0.042238 0.45506 0.21785 0.047621 -0.067747 0.30122 -0.029959 -0.15776 0.097969 0.022725 0.11013 0.47191 0.20588 0.33868 0.046387 -0.014615 0.39056 0.098426 0.30392 0.045269 0.71671 0.28947 0.23975 -0.072771 0.47975 -0.096979 -0.12027 0.080171 0.22403
0.060911 0.16405 0.19723 0.17735 0.070351 0.16182 0.051586 0.011256 0.079384 0.26634 0.090297 0.12825 0.1474 0.053532 0.1494 0.040056 0.020881 0.087243 0.17645 0.34453 0.38711 0.086516 0.071649 0.094483 0.34449 0.21822 0.23177 -0.015399 0.29437 0.077898 0.23679 0.31892 0.14067 0.33627 0.50835 0.19336 0.32925 0.10835 0.31897 0.30872 0.49495 0.35292 0.35334 0.45911 0 0.31894 0.16709 0.4976 0.088218 0.052061 0.21362 0.33607 0.049406 0.27805 0.12806 0.033687 0.046546 0.061932 0.060697 0.10116 0.1 0.0035765 0.078605 0.071419 0.11755 0.091222 0.12368 0.32718 0.22902 -0.040267 0.10088 0.083396 0.26613 0.18761 0.42132 0.15195 0.18455 0.078093 0.54545 0.18919 0.17127 0.26671 0.084578 0.039886 0.1896 0.28767
0.16572 0.12114 0.058086 0.1157 0.015879 0.085908 0.031088 0.010496 0.053331 0.24533 0.082167 0.068889 0.09871 0.017966 0.079732 0.03574 0.0059385 0.064394 0.077544 0.28048 0.39085 0.656 0.088172 0.4987 0.36267 0.38139 0.022387 0.2913 0.1961 0.66872 -0.070357 -0.092889 0.15081 0.38923 0.28077 -0.081333 0.16445 0.57677 0.43257 0.18876 0.50716 0.20775 -0.011101 0.41922 0.31894 0 0.099721 0.51023 -0.055908 -0.0043974 0.18015 0.37169 0.052456 0.25411 0.17366 0.61521 0.045792 0.45662 0.17509 0.30948 0.066051 0.25891 0.12966 0.66975 -0.067944 -0.11974 0.15923 0.34863 0.27861 -0.11079 0.14494 0.55926 0.36396 0.19802 0.45301 0.2914 -0.00097959 0.23451 0.17536 0.93769 0.04639 0.43328 -0.064841 -0.029369 0.15973 0.32227
-0.15603 -0.10421 -0.066301 -0.011715 0.0091436 0.21795 0.23021 0.0048397 0.0045251 -0.12131 -0.15248 -0.091335 -0.036893 -0.012307 0.21186 0.20123 0.012244 0.022447 0.71881 0.074447 0.06695 0.17665 0.11117 0.343 0.078293 0.17565 -0.010247 0.181 0.078746 0.21473 0.18449 0.35919 0.1447 0.18214 0.25495 0.012629 0.23834 0.11168 0.31074 -0.06295 0.33337 0.018203 0.043686 -0.098007 0.16709 0.099721 0 0.12289 0.064515 0.21946 0.57563 0.34118 0.5849 0.066892 -0.077656 0.1393 0.073583 0.32717 -0.060276 0.10137 -0.056835 0.15675 0.031471 0.19419 0.11056 0.18712 0.15573 0.21482 0.13267 -0.046551 0.09661 0.041558 0.34394 -0.077941 0.32469 3.6821e-05 0.045902 -0.15966 0.07554 0.10702 0.85346 0.077071 0.030187 0.19998 0.47903 0.28411
0.3468 0.22697 0.19005 0.25291 0.11221 -0.07365 -0.064832 0.0025795 0.1151 0.3887 0.21322 0.18639 0.23677 0.085345 -0.086463 -0.066981 -0.025162 0.14263 0.23792 0.40421 0.45151 0.01431 0.059362 0.0019011 0.20121 0.43069 -0.15193 -0.11493 0.40302 0.042635 -0.30691 0.095083 -0.060358 0.33973 0.66483 0.15754 0.54702 0.12767 0.39083 0.37972 0.52794 0.088545 -0.045087 0.67663 0.4976 0.51023 0.12289 0 -0.1019 -0.045131 0.2915 0.58191 0.18462 0.38234 0.36285 -0.007518 0.016803 -0.05944 0.24013 0.27287 -0.14962 -0.086711 0.31598 0.023006 -0.27807 0.09401 -0.058176 0.28182 0.62541 0.18656 0.50217 0.12809 0.27647 0.34066 0.46376 0.12777 -0.020914 0.50407 0.39405 0.37548 0.095491 0.83716 -0.091877 -0.080834 0.22573 0.52335
-0.094471 -0.051509 -0.055431 -0.068163 -0.030746 0.051259 0.045158 -0.0052915 -0.033087 -0.027268 -0.086243 -0.084822 -0.082696 -0.040107 0.039257 0.040661 -0.012559 -0.037127 0.10221 -0.13126 0.011091 -0.025006 0.02979 0.068243 0.14931 0.014925 0.12194 0.028625 -0.042756 -0.010694 0.26749 0.28887 0.048723 -0.066935 -0.062244 0.13837 0.022828 -0.052882 -0.0096881 -0.08475 -0.046877 0.10711 0.037803 -0.13723 0.088218 -0.055908 0.064515 -0.1019 0 0.089348 -0.07349 -0.12339 0.036988 -0.14886 -0.10068 -0.018717 0.0086044 0.060969 -0.011943 0.015994 0.058332 0.037039 -0.099688 -0.012929 0.15407 0.18963 0.035053 -0.054271 -0.16359 0.043414 -0.11687 -0.051063 0.0091233 -0.16063 -0.066261 -0.0033056 -0.011675 -0.25299 -0.027778 -0.040448 0.056968 -0.18558 0.21674 0.08219 -0.040846 -0.14443
-0.059816 -0.055958 -0.049003 -0.019753 -0.021793 0.14984 0.12845 0.0021415 -0.022911 -0.0067559 -0.075649 -0.068072 -0.045005 -0.0084606 0.13114 0.10664 -0.012854 0.02966 0.14956 -0.039184 0.0055067 0.018155 0.10349 0.15299 0.097651 0.11771 0.038219 0.059963 0.047012 0.017446 0.17628 0.26336 0.090759 -0.005626 0.013166 0.082644 0.035164 -0.020234 0.043532 -0.051953 0.021303 0.037858 0.033541 -0.088144 0.052061 -0.0043974 0.21946 -0.045131 0.089348 0 0.03157 0.031124 0.095376 -0.06226 -0.054311 0.0073484 0.039856 0.12786 0.012587 0.093178 0.025996 0.048931 -0.026929 0.030332 0.13128 0.19605 0.067443 -0.0062338 -0.033496 0.02051 -0.016473 -0.033424 0.030032 -0.086083 0.0010258 0.0071851 0.0044724 -0.13593 0.026654 -0.013198 0.19248 -0.077682 0.099162 0.15698 0.016831 0.012889
0.038719 0.17539 0.077736 0.13388 0.063814 0.11518 0.014008 0.04523 0.12668 0.042665 0.17521 0.068495 0.12305 0.076289 0.094546 0.012258 0.042363 0.17273 0.17203 0.2987 -0.0036965 0.20668 0.052645 0.1178 -6.7658e-05 -0.0022954 0.12921 0.12057 0.14729 0.27472 0.031006 -0.074508 0.094169 0.36702 0.14102 -0.07111 0.036841 0.32645 0.47785 0.21098 0.41649 0.1352 0.16843 0.094548 0.21362 0.18015 0.57563 0.2915 -0.07349 0.03157 0 0.5076 0.21388 0.30525 -0.0049856 0.2 0.035135 0.12426 0.0076203 -0.014992 0.10809 0.11537 0.1396 0.24608 0.051745 -0.063048 0.1077 0.35782 0.18323 -0.074599 0.097015 0.29946 0.44196 0.24625 0.40072 0.1759 0.17343 0.080402 0.20255 0.16611 0.53576 0.34821 -0.045614 -0.0039978 0.65737 0.46404
0.22089 0.2854 0.18465 0.3489 0.14471 0.088195 0.033117 0.085899 0.18528 0.22603 0.274 0.18637 0.31819 0.1238 0.090796 0.035447 0.062265 0.19714 0.14052 0.57306 -0.030136 0.23767 0.10131 0.14655 -0.091385 0.10272 -0.019594 0.11161 0.33425 0.27496 -0.075423 -0.18377 0.051958 0.49585 0.37954 -0.12264 0.2158 0.35764 0.60549 0.35746 0.63646 0.071559 0.19049 0.26628 0.33607 0.37169 0.34118 0.58191 -0.12339 0.031124 0.5076 0 0.15557 0.54122 -0.01984 0.226 0.054139 0.10615 -0.059728 0.067685 0.0099083 0.11678 0.31527 0.2466 -0.052161 -0.15478 0.060417 0.46315 0.47448 -0.094795 0.3175 0.34904 0.52826 0.39643 0.60642 0.15922 0.20095 0.2455 0.33044 0.32719 0.29151 0.63861 -0.13122 -0.022965 0.41392 0.76933
-0.029916 -0.11505 -0.019864 -0.015087 -0.0077558 0.033432 0.090789 -0.020823 -0.028825 -0.1343 -0.13745 -0.018761 0.0077668 -0.016816 0.04021 0.10012 -0.014492 -0.0035101 0.67098 0.018066 0.075603 0.057718 0.020018 0.24834 0.07277 0.15005 -0.14048 0.14899 0.091141 0.071899 -0.042424 0.26726 0.032859 0.020802 0.27686 0.0037466 0.29746 -0.014401 0.027341 -0.07017 0.11537 -0.045298 -0.088229 0.011745 0.049406 0.052456 0.5849 0.18462 0.036988 0.095376 0.21388 0.15557 0 0.029474 0.185 0.060804 0.034345 0.27503 0.1747 0.2276 -0.14215 0.10146 0.12258 0.064589 -0.031003 0.44356 0.038617 0.036106 0.40194 0.18059 0.45922 -0.051531 0.077666 -0.043705 0.15914 0.019751 -0.037506 0.052254 0.24892 0.043783 0.70853 0.1786 0.055082 0.16506 0.19493 0.14363
