0 0.32132 0.26931 0.27312 0.077724 -0.034205 -0.09881 0.061723 0.20549 0.71427 0.41171 0.35775 0.28919 0.11328 -0.019882 -0.10319 0.039683 0.2564 -0.19628 0.21341 0.040214 -0.012534 0.011736 -0.066941 0.0090323 0.11967 0.063211 0.039945 0.16721 0.010582 -0.18444 -0.17398 -0.011648 0.083102 0.057636 -0.090665 -0.025804 0.12601 0.02601 0.34614 0.040486 0.15588 0.069325 0.33289 -0.016751 0.18033 -0.21237 0.30167 -0.11487 -0.085818 0.0047581 0.20295 -0.049836 0.26059 0.43916 -0.0083579 0.031825 -0.078107 0.384 0.26379 0.17797 0.0028622 0.31835 -0.025489 -0.046194 0.11545 0.016594 0.10039 0.39028 0.19857 0.29958 0.14471 0.031735 0.4402 0.15144 0.31841 0.16498 0.6109 0.39524 0.21283 -0.14571 0.50486 0.00015574 -0.095464 0.026647 0.25054
0.32132 0 0.26413 0.27059 0.11309 0.014691 -0.079492 0.074217 0.22577 0.35233 0.49956 0.26914 0.25643 0.10092 -0.0064268 -0.09784 0.054688 0.21049 -0.1105 0.25553 0.055057 0.097822 0.018046 -0.03891 0.062616 0.062316 0.14064 0.083196 0.14576 0.14901 -0.035374 -0.10457 0.01391 0.14744 0.10987 -0.070967 0.010827 0.24468 0.12425 0.33258 0.10863 0.19557 0.16203 0.20804 0.16854 0.12851 -0.12253 0.22308 -0.04818 -0.060184 0.15594 0.28317 -0.12197 0.25528 0.06018 0.10005 0.018244 -0.067633 0.063116 -0.00061557 0.13356 0.067496 0.12626 0.10381 -0.015362 -0.090529 -0.01298 0.089905 0.14584 -0.044388 0.062993 0.28224 0.078728 0.30765 0.080995 0.19167 0.15418 0.16784 0.15992 0.063586 -0.1306 0.20124 -0.051881 -0.075389 0.1384 0.24944
0.26931 0.26413 0 0.39476 0.10355 0.023658 -0.022559 0.1435 0.1518 0.30107 0.28508 0.60172 0.38128 0.071939 0.016345 -0.046199 0.11578 0.15151 -0.038796 0.19921 0.12241 0.00415 0.0058852 -0.044764 0.013044 0.050376 0.071451 0.0035529 0.19431 0.028605 -0.020092 -0.089047 -0.032285 0.022904 0.23025 -0.022915 0.14147 0.10159 -0.017141 0.19738 0.063546 0.080822 0.16301 0.25471 0.19113 0.05114 -0.089176 0.16932 -0.055839 -0.067168 0.054773 0.1789 -0.041457 0.1697 0.10036 -0.012697 0.036546 -0.07248 0.0047486 0.016883 0.05284 -0.00028102 0.15354 -0.0093139 -0.010885 -0.10144 -0.018679 0.0045436 0.18289 -0.040114 0.12983 0.11113 -0.035567 0.18597 0.059638 0.068755 0.11691 0.1631 0.13692 -0.0049272 -0.087591 0.15113 -0.065239 -0.065295 0.068661 0.15827
0.27312 0.27059 0.39476 0 0.18867 0.0045401 -0.0079837 0.093539 0.14533 0.26439 0.27978 0.38185 0.64541 0.12476 -0.0045272 -0.021244 0.091937 0.14603 -0.038112 0.28905 -0.036731 0.038247 0.001052 -0.026341 -0.11785 0.0053898 -0.0075593 0.019494 0.13648 0.051468 -0.045183 -0.17108 -0.030231 0.18133 0.17326 -0.10737 0.0677 0.13903 0.18472 0.1975 0.28354 0.022475 0.10877 0.13958 0.16501 0.11128 -0.016816 0.25129 -0.075962 -0.0321 0.12164 0.35046 -0.0082302 0.27701 0.011852 0.036923 0.012347 -0.046126 -0.063124 -0.025714 0.0082029 0.016679 0.14575 0.028252 -0.041502 -0.14396 0.0017247 0.14348 0.25975 -0.071395 0.15464 0.15711 0.12377 0.24205 0.26314 0.063729 0.12139 0.1697 0.18136 0.081985 -0.031678 0.30528 -0.07003 -0.056173 0.12137 0.33952
0.077724 0.11309 0.10355 0.18867 0 -0.010664 -0.021468 0.014803 0.052698 0.091059 0.099492 0.11187 0.16184 0.04357 -0.012803 -0.036805 0.015972 0.05776 -0.014305 0.1055 -0.0011375 0.0029544 0.011018 -0.01422 -0.024409 0.0038653 -0.0099537 -0.011064 0.070214 0.0062364 -0.034214 -0.040868 -0.011593 0.017592 0.072066 -0.00048425 0.052804 0.053526 0.064341 0.083239 0.082154 0.0071123 0.050243 0.06901 0.06407 0.011255 0.0015197 0.10938 -0.030404 -0.026368 0.05835 0.14138 -0.0094382 0.11139 -0.01565 -0.0019702 -0.01318 -0.033953 -0.038284 -0.016275 -0.0096994 -0.0072119 0.06185 -0.0067176 -0.029394 -0.049427 -0.019061 0.017397 0.085474 -0.012891 0.061035 0.054071 0.048384 0.073618 0.070848 -0.0027508 0.022833 0.040912 0.048813 -0.012114 -0.011727 0.099858 -0.040258 -0.021992 0.040041 0.12332
-0.034205 0.014691 0.023658 0.0045401 -0.010664 0 0.17823 0.020791 0.092594 0.059997 -0.0062746 0.013585 -0.0041587 -0.019014 0.45287 0.17863 0.04067 0.072424 0.06908 0.047355 0.14468 0.096357 0.13129 0.22933 0.25342 0.13095 0.36049 0.11818 0.089149 0.12075 0.31462 0.22784 0.28317 0.088315 -0.034181 0.038427 -0.020799 0.082018 0.099715 0.10583 0.060479 0.27555 0.23816 -0.0032419 0.18656 0.075864 0.21572 -0.064807 0.062299 0.15813 0.11959 0.083872 0.025403 0.022322 -0.015574 0.073186 0.085345 0.21054 0.1046 0.092358 0.30231 0.12215 0.0046144 0.10379 0.29503 0.13004 0.24277 0.086417 -0.13534 -0.064372 -0.10865 0.054364 0.10109 0.025838 0.055582 0.21594 0.14996 -0.11733 0.046567 0.039245 0.18571 -0.10455 0.034256 0.12854 0.10953 0.045824
-0.09881 -0.079492 -0.022559 -0.0079837 -0.021468 0.17823 0 -0.013062 -0.0039714 -0.035327 -0.10419 -0.049558 -0.028021 -0.025347 0.1836 0.25481 -0.015297 -0.025864 0.16313 -0.031533 0.045128 0.029879 0.075711 0.18436 0.067923 0.12464 0.015474 0.058685 0.019112 0.038714 0.17216 0.17453 0.076661 0.033927 0.022477 0.074438 0.073304 -0.010448 0.065048 -0.12083 0.079646 -0.028742 -0.00098325 -0.12977 0.063062 0.030555 0.23942 -0.05331 0.045458 0.13409 0.01866 0.036405 0.096228 -0.051184 -0.081606 0.018249 0.022368 0.15931 -0.045325 0.07371 -0.021499 0.048066 -0.030098 0.037065 0.1011 0.081864 0.058884 0.034954 -0.065833 -0.031696 -0.034986 -0.030531 0.065885 -0.14075 0.072389 -0.055981 -0.024926 -0.20091 -0.034932 0.033207 0.19001 -0.11304 0.016346 0.10891 0.0070524 -0.0034172
0.061723 0.074217 0.1435 0.093539 0.014803 0.020791 -0.013062 0 0.052582 0.035351 0.075006 0.13031 0.093273 0.010494 0.032983 -0.0041657 0.10785 0.063284 -0.031506 0.089241 -0.065132 0.02563 0.00098431 -0.0075871 -0.050191 -0.027642 0.058122 0.026788 0.024088 0.014329 0.066128 -0.062852 0.022184 0.038961 -0.036845 -0.090612 -0.079618 0.048494 0.019404 0.070038 0.0074587 0.050866 0.11836 -0.0088967 0.0079644 0.0080467 0.0044269 -0.0042266 -0.0049001 0.0008151 0.04489 0.084927 -0.02456 0.076896 -0.040795 0.03017 -0.0070764 0.00056441 -0.022059 0.0069214 0.07668 0.039424 0.03033 0.0066646 0.065329 -0.045599 0.0099982 0.039524 -0.0059044 -0.087533 -0.023627 0.055911 0.0090918 0.080588 0.026295 0.061212 0.10172 0.017788 0.030146 0.013082 0.010957 0.051273 -0.015574 -0.0017966 0.054483 0.082046
0.20549 0.22577 0.1518 0.14533 0.052698 0.092594 -0.0039714 0.052582 0 0.22598 0.23898 0.13672 0.13978 0.051815 0.077716 -0.022236 0.044002 0.20212 -0.043696 0.16613 0.019035 0.0755 0.019531 0.017966 0.038046 0.017916 0.13311 0.028331 0.081187 0.11357 0.022708 -0.047743 0.069003 0.10731 0.040206 -0.056383 -0.0065644 0.18881 0.083937 0.1973 0.065203 0.16035 0.13934 0.10386 0.081119 0.058166 -0.0074431 0.11351 -0.031229 -0.018687 0.11995 0.18404 -0.034612 0.17078 0.05155 0.071704 0.03205 -0.00093067 0.06193 0.024746 0.15244 0.016835 0.093191 0.1004 0.061267 -0.0097168 0.04627 0.065942 0.083188 -0.031354 0.04184 0.19728 0.066241 0.18601 0.054296 0.18272 0.13891 0.10299 0.12179 0.023341 -0.0095492 0.14283 -0.040384 -0.0060137 0.12268 0.16864
0.71427 0.35233 0.30107 0.26439 0.091059 0.059997 -0.035327 0.035351 0.22598 0 0.31439 0.2805 0.21813 0.10042 0.04408 -0.054818 0.029548 0.218 -0.093806 0.21664 0.28849 0.018788 0.046628 -0.054928 0.22178 0.25091 0.14644 -0.050582 0.20789 0.027333 -0.019343 0.045505 0.041835 0.16261 0.22103 0.088883 0.17408 0.1355 0.2328 0.30521 0.24708 0.23602 0.082281 0.47395 0.26356 0.27155 -0.14385 0.36057 -0.019693 -0.01129 0.013362 0.21439 -0.15468 0.15504 0.12994 0.0064594 0.026031 -0.083979 0.1031 0.12977 0.096724 -0.033987 0.087463 0.010954 -0.020789 -0.0056568 0.022076 0.10107 0.12008 0.010584 0.032837 0.15506 0.12172 0.25159 0.13593 0.15427 0.046998 0.21982 0.065316 0.099248 -0.12289 0.29259 -0.037219 -0.061051 0.030467 0.16126
0.41171 0.49956 0.28508 0.27978 0.099492 -0.0062746 -0.10419 0.075006 0.23898 0.31439 0 0.33442 0.30489 0.11071 -0.016564 -0.10928 0.090096 0.25141 -0.18982 0.28077 -0.026902 0.078396 0.012042 -0.064904 -0.010468 -0.011671 0.13416 0.073495 0.11576 0.12219 -0.072727 -0.19869 0.0073431 0.10068 0.012774 -0.15586 -0.073557 0.24292 0.044634 0.34071 0.047778 0.18882 0.18499 0.16565 0.067345 0.083479 -0.17498 0.20186 -0.089661 -0.08946 0.15217 0.2738 -0.14224 0.30167 0.15751 0.092933 0.010981 -0.093883 0.15088 0.0034429 0.19575 0.038082 0.18573 0.081413 -0.01284 -0.056683 0.0055876 0.10567 0.23502 -0.0062239 0.15331 0.28249 0.033481 0.39861 0.090349 0.26954 0.21093 0.30004 0.26955 0.067516 -0.15153 0.28979 -0.03823 -0.11134 0.149 0.28705
0.35775 0.26914 0.60172 0.38185 0.11187 0.013585 -0.049558 0.13031 0.13672 0.2805 0.33442 0 0.40796 0.087911 0.0098864 -0.045633 0.14585 0.15468 -0.078059 0.204 0.05236 -0.020697 -0.012298 -0.056938 -0.02983 0.022108 0.062741 0.019348 0.17887 0.008728 -0.064829 -0.16322 -0.038405 0.004796 0.18744 -0.065726 0.10652 0.10276 -0.018558 0.21593 0.048788 0.048686 0.16018 0.21707 0.095788 0.064275 -0.11097 0.16174 -0.093044 -0.090286 0.053937 0.18141 -0.034069 0.23128 0.17943 -0.045194 0.022721 -0.079446 0.068853 0.0494 0.072323 -0.01486 0.23516 -0.026175 -0.012857 -0.072505 0.0022117 0.014288 0.27644 0.03889 0.22543 0.11367 -0.065052 0.255 0.057099 0.10988 0.18127 0.28142 0.21556 0.020098 -0.10053 0.21521 -0.062269 -0.067864 0.047479 0.20006
0.28919 0.25643 0.38128 0.64541 0.16184 -0.0041587 -0.028021 0.093273 0.13978 0.21813 0.30489 0.40796 0 0.14573 -0.0039807 -0.013242 0.11421 0.16054 -0.04227 0.26288 -0.046493 0.033467 0.010177 -0.025803 -0.12226 -0.0082672 -0.017948 0.050853 0.12693 0.048296 -0.084731 -0.18182 -0.032846 0.1461 0.1414 -0.12677 0.047996 0.14454 0.1099 0.20689 0.21777 0.0088157 0.098867 0.11447 0.1169 0.093652 -0.036176 0.22469 -0.096306 -0.058468 0.12068 0.31853 0.013169 0.28517 0.029246 0.024667 0.014353 -0.024047 -0.04285 0.020066 -0.0015425 0.035377 0.18708 0.024187 -0.05301 -0.12817 -0.009273 0.14231 0.29342 -0.050099 0.1915 0.16103 0.11672 0.24865 0.27954 0.073595 0.12307 0.19711 0.19544 0.085218 -0.005143 0.31949 -0.086893 -0.050141 0.12424 0.36975
0.11328 0.10092 0.071939 0.12476 0.04357 -0.019014 -0.025347 0.010494 0.051815 0.10042 0.11071 0.087911 0.14573 0 -0.0094697 -0.027547 0.0059983 0.090741 -0.018012 0.12737 -0.040716 0.019832 0.0061961 -0.024032 -0.03711 -0.021147 0.0091643 -0.0094831 0.028074 0.02488 -0.034147 -0.060889 -0.0004671 0.050036 0.018544 -0.051576 -0.0084357 0.06983 0.061523 0.087758 0.061834 0.038373 0.054009 0.033608 0.051722 0.016365 -0.01103 0.08488 -0.045999 -0.017895 0.075034 0.12182 -0.011468 0.10698 0.0029409 0.022913 0.0029863 -0.025456 -0.004013 -0.012984 0.026929 -0.01396 0.034013 0.026275 -0.0097834 -0.029179 -0.007706 0.064104 0.077591 -0.036158 0.055084 0.082872 0.064008 0.092858 0.079505 0.048984 0.071689 0.064807 0.095451 0.0048084 -0.0090046 0.12067 -0.028354 -0.026795 0.062158 0.13667
-0.019882 -0.0064268 0.016345 -0.0045272 -0.012803 0.45287 0.1836 0.032983 0.077716 0.04408 -0.016564 0.0098864 -0.0039807 -0.0094697 0 0.2326 0.031276 0.073933 0.052565 0.040842 0.12646 0.074565 0.10668 0.23717 0.23216 0.13435 0.33588 0.11004 0.090412 0.095393 0.32212 0.18825 0.28397 0.10047 -0.038691 0.0044775 -0.046853 0.057584 0.094901 0.085062 0.070845 0.25852 0.24123 -0.028859 0.17066 0.069245 0.20905 -0.074374 0.045681 0.13089 0.10372 0.084305 0.034369 0.037865 0.041911 0.063673 0.10287 0.2244 0.1448 0.13478 0.31455 0.095751 0.051134 0.085851 0.28907 0.15762 0.28536 0.083214 -0.10093 -0.055336 -0.081359 0.042347 0.11532 0.05338 0.06037 0.24177 0.17168 -0.083999 0.083402 0.055515 0.20923 -0.07836 0.020784 0.14314 0.10787 0.078492
-0.10319 -0.09784 -0.046199 -0.021244 -0.036805 0.17863 0.25481 -0.0041657 -0.022236 -0.054818 -0.10928 -0.045633 -0.013242 -0.027547 0.2326 0 0.014054 -0.001864 0.12323 -0.032331 0.040181 0.020663 0.078509 0.16687 0.050058 0.11697 0.0069186 0.0074099 0.018686 0.01899 0.14595 0.13088 0.099659 0.045549 0.00304 0.039774 0.044174 -0.059081 0.058959 -0.10543 0.086601 -0.020822 0.0023071 -0.11143 0.044518 0.033924 0.20233 -0.056661 0.042493 0.10527 0.017453 0.025211 0.1052 -0.043884 -0.03355 0.0080466 0.035854 0.17152 -0.006926 0.1233 -0.01556 0.0042009 -0.0055802 0.016926 0.11107 0.090095 0.10436 0.046155 -0.027146 -0.018437 0.0055835 -0.073284 0.074935 -0.13468 0.089668 -0.044171 -0.034991 -0.14878 -0.02177 0.036837 0.21032 -0.072488 0.01996 0.1341 0.0067925 0.024848
0.039683 0.054688 0.11578 0.091937 0.015972 0.04067 -0.015297 0.10785 0.044002 0.029548 0.090096 0.14585 0.11421 0.0059983 0.031276 0.014054 0 0.068552 -0.024583 0.0906 -0.055648 0.027634 0.012531 -0.0058421 -0.029057 -0.036934 0.076969 0.034635 0.011005 0.027902 0.049951 -0.073273 0.0037374 0.026812 -0.028908 -0.080926 -0.065122 0.043448 0.0033789 0.058762 -0.0068399 0.068171 0.12071 -0.023656 0.018628 0.0015867 0.0082287 -0.03073 -0.014191 -0.01743 0.03686 0.058257 -0.018953 0.073477 -0.045062 0.025553 0.0026097 0.017566 -0.028769 -0.019863 0.067045 0.034704 0.019303 0.016186 0.048913 -0.043207 0.022928 0.031846 -0.020833 -0.1082 -0.03517 0.045571 -0.0046924 0.067331 -0.0013195 0.065163 0.11504 0.0075559 0.011148 0.0043424 0.018275 0.012717 -0.016009 -1.0561e-06 0.044228 0.061883
0.2564 0.21049 0.15151 0.14603 0.05776 0.072424 -0.025864 0.063284 0.20212 0.218 0.25141 0.15468 0.16054 0.090741 0.073933 -0.001864 0.068552 0 -0.060082 0.16236 0.030992 0.05914 0.041605 0.020184 0.052551 0.036834 0.12209 0.033349 0.089248 0.10474 0.015364 -0.034056 0.072306 0.08103 0.022535 -0.062948 -0.0068519 0.17553 0.070758 0.18515 0.05886 0.15267 0.13876 0.096948 0.07934 0.062823 0.0068767 0.12587 -0.042931 0.021355 0.16725 0.19164 -0.0091802 0.18442 0.1019 0.073241 0.027809 0.016675 0.10822 0.043545 0.15052 0.02661 0.12335 0.094404 0.072501 0.021141 0.063165 0.09896 0.12048 0.0079413 0.08713 0.19249 0.070152 0.19847 0.07946 0.19258 0.14473 0.14634 0.16468 0.056689 0.02112 0.16354 0.0012752 -0.00076456 0.13183 0.20839
-0.19628 -0.1105 -0.038796 -0.038112 -0.014305 0.06908 0.16313 -0.031506 -0.043696 -0.093806 -0.18982 -0.078059 -0.04227 -0.018012 0.052565 0.12323 -0.024583 -0.060082 0 -0.001375 0.20278 0.07189 0.041155 0.28501 0.16744 0.24675 -0.1815 0.0833 0.094362 0.09659 0.0045485 0.52016 -0.00092611 0.037973 0.5176 0.18843 0.57956 -0.018507 0.1269 -0.10648 0.24139 -0.084694 -0.14369 0.024623 0.1632 0.12569 0.75622 0.26721 0.09405 0.14673 0.2026 0.18561 0.68554 -0.024582 0.00033257 0.046748 0.020868 0.23749 -0.010766 0.17468 -0.21522 0.088902 0.023134 0.09314 -0.065863 0.26969 0.026014 0.051656 0.2492 0.13081 0.26674 -0.053574 0.16828 -0.16015 0.17999 -0.15068 -0.12341 -0.11011 0.0049573 0.10462 0.64623 0.099117 0.035106 0.15762 0.19739 0.14374
0.21341 0.25553 0.19921 0.28905 0.1055 0.047355 -0.031533 0.089241 0.16613 0.21664 0.28077 0.204 0.26288 0.12737 0.040842 -0.032331 0.0906 0.16236 -0.001375 0 -0.096775 0.18422 0.04971 0.03814 -0.11914 -0.013893 0.0096548 0.026856 0.20449 0.20906 -0.1007 -0.25693 0.007205 0.37484 0.19678 -0.2415 0.027864 0.29215 0.33742 0.40694 0.39511 0.10337 0.27527 0.23842 0.35359 0.27935 0.078444 0.40461 -0.12105 -0.05142 0.29654 0.57365 0.047644 0.58682 -0.093861 0.19998 0.0080129 0.024233 -0.096519 0.012503 0.052803 0.040365 0.17609 0.18342 -0.047747 -0.22566 0.032925 0.35607 0.30152 -0.24929 0.11175 0.2883 0.29964 0.43989 0.38758 0.16769 0.27917 0.2288 0.31022 0.22945 0.07303 0.48139 -0.14429 -0.075077 0.23768 0.5562
0.040214 0.055057 0.12241 -0.036731 -0.0011375 0.14468 0.045128 -0.065132 0.019035 0.28849 -0.026902 0.05236 -0.046493 -0.040716 0.12646 0.040181 -0.055648 0.030992 0.20278 -0.096775 0 -0.11811 0.073585 0.18475 0.75362 0.5965 0.21211 -0.11301 0.31516 -0.074404 0.12364 0.51738 0.17923 -0.090883 0.59151 0.48922 0.552 -0.09608 -0.028311 0.13602 0.12457 0.34318 -0.041203 0.7558 0.43607 0.39197 0.033051 0.44056 0.020611 0.013638 -0.029043 -0.044969 0.020335 -0.11222 0.64717 -0.18675 0.060616 0.086696 0.51299 0.2888 0.078587 -0.092451 0.090905 -0.081348 0.050393 0.29915 0.12655 -0.086638 0.23141 0.33227 0.19495 -0.10943 -0.012896 -0.025864 0.040884 0.17115 -0.1262 0.2652 0.056919 0.14871 0.028249 0.04932 0.041268 0.01102 -0.0084279 -0.11291
-0.012534 0.097822 0.00415 0.038247 0.0029544 0.096357 0.029879 0.02563 0.0755 0.018788 0.078396 -0.020697 0.033467 0.019832 0.074565 0.020663 0.027634 0.05914 0.07189 0.18422 -0.11811 0 0.020044 0.33645 0.026782 -0.14149 0.11258 0.26067 0.036981 0.92911 -0.011542 -0.14115 0.14024 0.35402 -0.039551 -0.197 -0.10522 0.88622 0.30182 0.089514 0.29733 0.24878 0.070782 -0.027969 0.12249 0.65102 0.19467 0.070486 -0.046069 0.012872 0.20935 0.25224 0.075953 0.17938 -0.21918 0.97581 0.0025436 0.3881 -0.049706 -0.063738 0.15555 0.32253 0.0058115 0.91987 -0.020388 -0.18315 0.16622 0.3235 -0.068617 -0.241 -0.14691 0.85231 0.34546 0.098875 0.30028 0.29999 0.092319 -0.072556 0.026801 0.59982 0.158 0.10493 -0.068054 0.017317 0.16761 0.22772
0.011736 0.018046 0.0058852 0.001052 0.011018 0.13129 0.075711 0.00098431 0.019531 0.046628 0.012042 -0.012298 0.010177 0.0061961 0.10668 0.078509 0.012531 0.041605 0.041155 0.04971 0.073585 0.020044 0 0.161 0.1165 0.14121 0.066176 0.030106 0.096842 0.0419 0.097853 0.11447 0.10026 0.030839 0.059332 0.040171 0.068213 0.023578 0.04346 0.046297 0.049931 0.05153 0.060359 0.037127 0.069001 0.087074 0.099419 0.062126 0.033284 0.103 0.047343 0.096786 0.018031 0.023101 0.02955 0.0070277 0.04826 0.12821 0.071224 0.11307 0.064857 0.015975 0.059515 0.039238 0.087597 0.0733 0.083591 0.014687 0.041648 0.012575 0.032613 0.015352 0.035686 0.029767 0.040965 0.06172 0.027718 -0.014517 0.036439 0.068164 0.074029 0.030712 0.017045 0.047802 0.024784 0.083383
-0.066941 -0.03891 -0.044764 -0.026341 -0.01422 0.22933 0.18436 -0.0075871 0.017966 -0.054928 -0.064904 -0.056938 -0.025803 -0.024032 0.23717 0.16687 -0.0058421 0.020184 0.28501 0.03814 0.18475 0.33645 0.161 0 0.31051 0.34754 0.098075 0.5185 0.11366 0.51393 0.19054 0.24012 0.33177 0.11337 0.14588 0.045303 0.10851 0.30352 0.10409 -0.041867 0.15032 0.11813 0.042764 -0.02942 0.12277 0.49346 0.35182 0.036075 0.078169 0.1596 0.13146 0.15077 0.25034 0.047414 0.024682 0.30806 0.096561 0.81288 0.18486 0.35347 0.096384 0.47621 0.077105 0.50853 0.15435 0.2031 0.35309 0.11208 0.10312 -0.024158 0.1129 0.22468 0.14888 -0.03895 0.18271 0.15632 0.041551 -0.09914 0.054146 0.48576 0.27564 0.014066 0.038115 0.14667 0.1094 0.10554
0.0090323 0.062616 0.013044 -0.11785 -0.024409 0.25342 0.067923 -0.050191 0.038046 0.22178 -0.010468 -0.02983 -0.12226 -0.03711 0.23216 0.050058 -0.029057 0.052551 0.16744 -0.11914 0.75362 0.026782 0.1165 0.31051 0 0.55501 0.57891 0.0057707 0.19507 0.054813 0.35366 0.69474 0.41464 -0.058141 0.26993 0.41495 0.24801 -0.020201 -0.094998 0.24959 -0.13536 0.73675 0.13592 0.56466 0.40967 0.33355 0.065757 0.19474 0.17856 0.1349 -0.019594 -0.10941 0.035471 -0.14484 0.46965 -0.069092 0.071978 0.21336 0.72654 0.30494 0.45046 0.0018896 0.021916 0.034832 0.29563 0.54853 0.32355 -0.075978 -0.017984 0.23815 0.036479 -0.047721 -0.091507 0.051792 -0.15173 0.53081 0.037883 0.12024 0.14975 0.11442 0.045951 -0.062077 0.19617 0.1402 0.0092213 -0.16202
0.11967 0.062316 0.050376 0.0053898 0.0038653 0.13095 0.12464 -0.027642 0.017916 0.25091 -0.011671 0.022108 -0.0082672 -0.021147 0.13435 0.11697 -0.036934 0.036834 0.24675 -0.013893 0.5965 -0.14149 0.14121 0.34754 0.55501 0 0.023405 0.032059 0.26766 -0.092824 0.088282 0.46526 0.11685 -0.035131 0.45063 0.3967 0.45937 -0.12193 0.0071551 0.053947 0.13008 0.025991 -0.069154 0.4454 0.25029 0.36772 0.14098 0.42695 0.030039 0.1162 -0.0059332 0.090743 0.099874 -0.021327 0.34986 -0.17367 0.08216 0.22373 0.34964 0.55282 -0.065719 -0.015438 0.14286 -0.098381 0.0093126 0.30654 0.054074 -0.052119 0.23939 0.24843 0.28376 -0.14237 -0.013614 -0.010104 0.04931 -0.01931 -0.10619 0.13219 0.030359 0.21895 0.099091 0.1547 0.037164 0.082822 -0.00072727 0.019323
0.063211 0.14064 0.071451 -0.0075593 -0.0099537 0.36049 0.015474 0.058122 0.13311 0.14644 0.13416 0.062741 -0.017948 0.0091643 0.33588 0.0069186 0.076969 0.12209 -0.1815 0.0096548 0.21211 0.11258 0.066176 0.098075 0.57891 0.023405 0 0.016749 0.046617 0.10985 0.53723 0.27279 0.41815 0.055456 -0.21839 0.004152 -0.24285 0.13269 0.0057745 0.4401 -0.17348 0.83708 0.47966 0.11092 0.28067 -0.018054 -0.036022 -0.18242 0.15884 0.070989 0.093645 -0.049402 -0.16687 -0.0072709 0.040602 0.064246 0.063409 0.078699 0.32956 -0.036834 0.78281 0.048802 -0.048196 0.092648 0.49281 0.23764 0.33104 0.024829 -0.3504 -0.1207 -0.28993 0.14915 0.01517 0.26924 -0.16046 0.72366 0.33668 -0.086801 0.14851 -0.12435 -0.010995 -0.2299 0.11692 0.074959 0.085258 -0.079895
0.039945 0.083196 0.0035529 0.019494 -0.011064 0.11818 0.058685 0.026788 0.028331 -0.050582 0.073495 0.019348 0.050853 -0.0094831 0.11004 0.0074099 0.034635 0.033349 0.0833 0.026856 -0.11301 0.26067 0.030106 0.5185 0.0057707 0.032059 0.016749 0 0.026891 0.4344 0.087547 0.015736 0.031486 0.035148 -0.029677 -0.03845 -0.0082065 0.33909 -0.017768 0.027484 0.02619 -0.045577 0.073073 -0.14503 -0.042402 0.24949 0.16046 -0.14258 0.012908 0.044843 0.11678 0.096079 0.14346 0.068205 -0.08932 0.27502 0.02163 0.55133 0.0030788 0.14473 0.032245 0.95726 0.076331 0.35239 0.070801 0.052188 0.073494 0.031663 0.076307 -0.015023 0.073664 0.31951 0.072102 0.043669 0.10407 0.0089197 0.084851 -0.080422 0.010669 0.32404 0.12331 -0.0045271 0.033748 0.040203 0.098664 0.10684
0.16721 0.14576 0.19431 0.13648 0.070214 0.089149 0.019112 0.024088 0.081187 0.20789 0.11576 0.17887 0.12693 0.028074 0.090412 0.018686 0.011005 0.089248 0.094362 0.20449 0.31516 0.036981 0.096842 0.11366 0.19507 0.26766 0.046617 0.026891 0 0.057683 0.057684 0.1087 0.074314 0.058786 0.45356 0.31028 0.48594 0.098594 0.032297 0.26463 0.1215 0.098553 0.18864 0.46513 0.31756 0.18447 0.069791 0.39925 -0.033843 0.050988 0.12653 0.32836 0.08881 0.19351 0.22457 0.019257 0.050523 0.074831 0.14436 0.15892 -0.0060073 0.024915 0.38438 0.043408 0.046247 0.069747 0.025961 0.033977 0.35879 0.23302 0.41342 0.08968 0.039838 0.18423 0.088557 0.069598 0.14626 0.25436 0.21278 0.065233 0.06886 0.27024 0.00092414 -0.0030152 0.11759 0.30131
0.010582 0.14901 0.028605 0.051468 0.0062364 0.12075 0.038714 0.014329 0.11357 0.027333 0.12219 0.008728 0.048296 0.02488 0.095393 0.01899 0.027902 0.10474 0.09659 0.20906 -0.074404 0.92911 0.0419 0.51393 0.054813 -0.092824 0.10985 0.4344 0.057683 0 0.013184 -0.12149 0.2048 0.35629 -0.0014818 -0.17004 -0.048385 0.92724 0.32013 0.11014 0.28557 0.21316 0.076523 -0.030294 0.10505 0.65595 0.21902 0.098631 -0.026907 0.0087314 0.28999 0.29566 0.087248 0.1905 -0.16142 0.9199 0.012347 0.53628 -0.0085109 0.005683 0.15773 0.47627 0.051349 0.93744 0.0030039 -0.14189 0.23141 0.31992 0.014535 -0.19654 -0.054533 0.89068 0.3609 0.12753 0.30218 0.2859 0.097122 -0.061133 0.045708 0.62929 0.17491 0.17166 -0.048463 0.0035687 0.24305 0.27187
-0.18444 -0.035374 -0.020092 -0.045183 -0.034214 0.31462 0.17216 0.066128 0.022708 -0.019343 -0.072727 -0.064829 -0.084731 -0.034147 0.32212 0.14595 0.049951 0.015364 0.0045485 -0.1007 0.12364 -0.011542 0.097853 0.19054 0.35366 0.088282 0.53723 0.087547 0.057684 0.013184 0 0.41555 0.2941 -0.011879 -0.16631 0.13341 -0.091341 -0.029155 -0.00057384 -0.011354 -0.087481 0.40802 0.39787 -0.20187 0.27743 -0.11241 0.17195 -0.31057 0.28924 0.19421 0.0095064 -0.10624 -0.063201 -0.14153 -0.18722 -0.02894 0.038953 0.18693 0.03969 0.019523 0.38771 0.11927 -0.11244 0.0029091 0.58109 0.24438 0.23427 -0.022132 -0.38578 -0.10466 -0.2994 -0.0485 0.014569 -0.14906 -0.10904 0.20306 0.20805 -0.43369 -0.0199 -0.14855 0.13467 -0.37475 0.18527 0.17366 0.01155 -0.15045
-0.17398 -0.10457 -0.089047 -0.17108 -0.040868 0.22784 0.17453 -0.062852 -0.047743 0.045505 -0.19869 -0.16322 -0.18182 -0.060889 0.18825 0.13088 -0.073273 -0.034056 0.52016 -0.25693 0.51738 -0.14115 0.11447 0.24012 0.69474 0.46526 0.27279 0.015736 0.1087 -0.12149 0.41555 0 0.18099 -0.18362 0.24463 0.63287 0.38943 -0.19823 -0.11857 -0.042715 -0.14228 0.31771 0.017929 0.10476 0.37481 -0.094778 0.3607 0.067555 0.33148 0.30685 -0.080394 -0.19741 0.22485 -0.28866 0.14432 -0.19907 0.078222 0.16832 0.30612 0.25537 0.09566 0.024867 -0.074178 -0.1117 0.24736 0.73856 0.10928 -0.17972 -0.15716 0.37052 -0.026043 -0.22917 -0.10413 -0.22382 -0.19221 0.031005 -0.099827 -0.27414 0.017051 -0.15041 0.26597 -0.25446 0.28083 0.27511 -0.050812 -0.23049
-0.011648 0.01391 -0.032285 -0.030231 -0.011593 0.28317 0.076661 0.022184 0.069003 0.041835 0.0073431 -0.038405 -0.032846 -0.0004671 0.28397 0.099659 0.0037374 0.072306 -0.00092611 0.007205 0.17923 0.14024 0.10026 0.33177 0.41464 0.11685 0.41815 0.031486 0.074314 0.2048 0.2941 0.18099 0 0.10087 -0.038416 -0.0037994 -0.063342 0.12613 0.044081 0.078917 -0.043004 0.45472 0.2207 0.067967 0.17362 0.11798 0.14124 -0.062613 0.06192 0.10175 0.090344 0.036656 0.027654 -0.0021206 0.10778 0.098889 0.070137 0.2815 0.29165 0.10614 0.40139 0.037536 0.014896 0.19268 0.29586 0.20021 0.44727 0.072177 -0.099312 -0.026098 -0.055243 0.09474 0.030832 0.042485 -0.033758 0.4121 0.15494 -0.023305 0.12504 0.054116 0.13808 -0.087078 0.072296 0.10629 0.067836 -0.0052313
0.083102 0.14744 0.022904 0.18133 0.017592 0.088315 0.033927 0.038961 0.10731 0.16261 0.10068 0.004796 0.1461 0.050036 0.10047 0.045549 0.026812 0.08103 0.037973 0.37484 -0.090883 0.35402 0.030839 0.11337 -0.058141 -0.035131 0.055456 0.035148 0.058786 0.35629 -0.011879 -0.18362 0.10087 0 0.12384 -0.21102 -0.0033835 0.39131 0.5846 0.23615 0.62656 0.1571 0.078157 0.097523 0.34558 0.37945 0.21228 0.37872 -0.067716 -0.0060919 0.36687 0.4932 0.051149 0.32876 -0.12381 0.33303 0.0061926 0.10615 -0.090832 -0.028937 0.078105 0.043028 0.029438 0.3311 -0.029328 -0.20194 0.1379 0.79093 0.16681 -0.22662 0.050376 0.36445 0.52871 0.29592 0.583 0.21651 0.067371 0.085069 0.23974 0.31821 0.20014 0.42643 -0.096611 -0.022646 0.31588 0.4565
0.057636 0.10987 0.23025 0.17326 0.072066 -0.034181 0.022477 -0.036845 0.040206 0.22103 0.012774 0.18744 0.1414 0.018544 -0.038691 0.00304 -0.028908 0.022535 0.5176 0.19678 0.59151 -0.039551 0.059332 0.14588 0.26993 0.45063 -0.21839 -0.029677 0.45356 -0.0014818 -0.16631 0.24463 -0.038416 0.12384 0 0.38374 0.86589 0.042655 0.10165 0.080531 0.38165 -0.070106 -0.12998 0.57735 0.51445 0.31568 0.27003 0.67484 -0.048685 0.008721 0.1233 0.39242 0.28079 0.1927 0.34829 -0.066803 0.020624 0.067732 0.13739 0.19877 -0.28053 -0.038101 0.2951 -0.010665 -0.20923 0.060436 -0.038847 0.10588 0.66569 0.2641 0.60991 0.013108 0.11144 0.0060021 0.3004 -0.13543 -0.12663 0.22098 0.25211 0.19068 0.22022 0.44101 -0.04201 -0.028063 0.1305 0.33016
-0.090665 -0.070967 -0.022915 -0.10737 -0.00048425 0.038427 0.074438 -0.090612 -0.056383 0.088883 -0.15586 -0.065726 -0.12677 -0.051576 0.0044775 0.039774 -0.080926 -0.062948 0.18843 -0.2415 0.48922 -0.197 0.040171 0.045303 0.41495 0.3967 0.004152 -0.03845 0.31028 -0.17004 0.13341 0.63287 -0.0037994 -0.21102 0.38374 0 0.61138 -0.17429 -0.15594 -0.11483 -0.1061 -0.033581 -0.14727 0.23565 0.23801 -0.11525 0.021052 0.12873 0.15969 0.10881 -0.092687 -0.14989 -0.030741 -0.24865 0.17884 -0.20963 0.04485 0.0026763 0.12084 0.16058 -0.1639 -0.038003 0.098253 -0.17194 0.022638 0.29877 -0.026117 -0.19362 0.040541 0.56054 0.19734 -0.189 -0.12408 -0.23766 -0.14639 -0.257 -0.22667 -0.16516 -0.082679 -0.1802 -0.020694 -0.13134 0.11385 0.08874 -0.073809 -0.16905
-0.025804 0.010827 0.14147 0.0677 0.052804 -0.020799 0.073304 -0.079618 -0.0065644 0.17408 -0.073557 0.10652 0.047996 -0.0084357 -0.046853 0.044174 -0.065122 -0.0068519 0.57956 0.027864 0.552 -0.10522 0.068213 0.10851 0.24801 0.45937 -0.24285 -0.0082065 0.48594 -0.048385 -0.091341 0.38943 -0.063342 -0.0033835 0.86589 0.61138 0 -0.046493 -0.012773 -0.040453 0.25886 -0.21206 -0.21243 0.44276 0.34935 0.16259 0.26117 0.54004 0.029198 0.033525 0.019184 0.22586 0.32357 -0.0097929 0.2774 -0.11803 0.044946 0.036488 0.010272 0.21462 -0.33335 -0.0075747 0.27654 -0.061524 -0.17701 0.11029 -0.077456 -0.011985 0.51146 0.45304 0.60107 -0.06465 0.024403 -0.142 0.1484 -0.31533 -0.2277 0.064048 0.011041 0.057265 0.19402 0.22556 -0.041386 0.0028332 0.042904 0.17347
0.12601 0.24468 0.10159 0.13903 0.053526 0.082018 -0.010448 0.048494 0.18881 0.1355 0.24292 0.10276 0.14454 0.06983 0.057584 -0.059081 0.043448 0.17553 -0.018507 0.29215 -0.09608 0.88622 0.023578 0.30352 -0.020201 -0.12193 0.13269 0.33909 0.098594 0.92724 -0.029155 -0.19823 0.12613 0.39131 0.042655 -0.17429 -0.046493 0 0.37438 0.22549 0.34915 0.24515 0.1121 0.020831 0.13038 0.56839 0.10966 0.1762 -0.070406 -0.027896 0.32761 0.37742 -0.0027912 0.29119 -0.13395 0.85309 0.0081782 0.33158 -0.032949 -0.038325 0.18472 0.40527 0.10529 0.88957 -0.016979 -0.19137 0.15529 0.35952 0.076151 -0.16968 -0.016911 0.9718 0.41258 0.25165 0.37538 0.30793 0.146 0.033859 0.10497 0.53819 0.07657 0.29611 -0.066388 -0.048075 0.28973 0.37045
0.02601 0.12425 -0.017141 0.18472 0.064341 0.099715 0.065048 0.019404 0.083937 0.2328 0.044634 -0.018558 0.1099 0.061523 0.094901 0.058959 0.0033789 0.070758 0.1269 0.33742 -0.028311 0.30182 0.04346 0.10409 -0.094998 0.0071551 0.0057745 -0.017768 0.032297 0.32013 -0.00057384 -0.11857 0.044081 0.5846 0.10165 -0.15594 -0.012773 0.37438 0 0.076935 0.90397 0.036687 0.0068994 0.029689 0.34133 0.43797 0.35229 0.4793 -0.022236 0.03661 0.51002 0.62614 0.076196 0.29338 -0.16578 0.27638 0.0065824 0.089374 -0.16179 -0.023641 -0.013702 -0.012796 -0.015895 0.29367 -0.036444 -0.19858 0.07199 0.53843 0.089144 -0.22597 -0.076595 0.3328 0.91049 0.12915 0.80656 0.057012 -0.01639 -0.058852 0.15619 0.3452 0.29685 0.43821 -0.092654 -0.0051424 0.41356 0.52337
0.34614 0.33258 0.19738 0.1975 0.083239 0.10583 -0.12083 0.070038 0.1973 0.30521 0.34071 0.21593 0.20689 0.087758 0.085062 -0.10543 0.058762 0.18515 -0.10648 0.40694 0.13602 0.089514 0.046297 -0.041867 0.24959 0.053947 0.4401 0.027484 0.26463 0.11014 -0.011354 -0.042715 0.078917 0.23615 0.080531 -0.11483 -0.040453 0.22549 0.076935 0 0.036461 0.57902 0.37987 0.44106 0.3159 0.16734 -0.090124 0.34451 -0.060138 -0.04573 0.18647 0.33762 -0.083557 0.37889 0.16947 0.092158 0.04421 -0.056938 0.28415 0.068734 0.44297 0.027842 0.23634 0.071099 0.097948 0.040255 0.039363 0.1839 0.15035 -0.07497 0.087525 0.24331 0.071548 0.69852 0.05957 0.55084 0.34854 0.42809 0.35333 0.070418 -0.06607 0.34656 -0.065717 -0.073323 0.17887 0.34261
0.040486 0.10863 0.063546 0.28354 0.082154 0.060479 0.079646 0.0074587 0.065203 0.24708 0.047778 0.048788 0.21777 0.061834 0.070845 0.086601 -0.0068399 0.05886 0.24139 0.39511 0.12457 0.29733 0.049931 0.15032 -0.13536 0.13008 -0.17348 0.02619 0.1215 0.28557 -0.087481 -0.14228 -0.043004 0.62656 0.38165 -0.1061 0.25886 0.34915 0.90397 0.036461 0 -0.13075 -0.06135 0.11291 0.4968 0.52188 0.3614 0.60788 -0.065342 0.0057272 0.42593 0.6502 0.16017 0.34872 -0.075162 0.26861 0.0029482 0.12722 -0.21434 0.037287 -0.18031 0.031105 0.075243 0.27562 -0.14214 -0.24116 0.02527 0.59792 0.33737 -0.19675 0.1052 0.31249 0.84236 0.092994 0.92074 -0.064689 -0.069254 0.0079328 0.27165 0.45306 0.30181 0.52908 -0.11902 -0.024067 0.33637 0.5654
0.15588 0.19557 0.080822 0.022475 0.0071123 0.27555 -0.028742 0.050866 0.16035 0.23602 0.18882 0.048686 0.0088157 0.038373 0.25852 -0.020822 0.068171 0.15267 -0.084694 0.10337 0.34318 0.24878 0.05153 0.11813 0.73675 0.025991 0.83708 -0.045577 0.098553 0.21316 0.40802 0.31771 0.45472 0.1571 -0.070106 -0.033581 -0.21206 0.24515 0.036687 0.57902 -0.13075 0 0.44939 0.34705 0.4115 0.15448 -0.0018835 0.055131 0.15218 0.069557 0.10178 0.033782 -0.073768 0.074515 0.17848 0.18817 0.061607 0.093727 0.54184 -0.0037126 0.79112 0.022578 -0.018336 0.19053 0.40981 0.33702 0.37106 0.10139 -0.23132 -0.11808 -0.23535 0.24295 0.027508 0.42219 -0.11588 0.92529 0.35814 0.13498 0.31242 -0.0031204 0.028309 -0.023191 0.15143 0.08788 0.11703 0.0029236
0.069325 0.16203 0.16301 0.10877 0.050243 0.23816 -0.00098325 0.11836 0.13934 0.082281 0.18499 0.16018 0.098867 0.054009 0.24123 0.0023071 0.12071 0.13876 -0.14369 0.27527 -0.041203 0.070782 0.060359 0.042764 0.13592 -0.069154 0.47966 0.073073 0.18864 0.076523 0.39787 0.017929 0.2207 0.078157 -0.12998 -0.14727 -0.21243 0.1121 0.0068994 0.37987 -0.06135 0.44939 0 0.043201 0.36211 -0.033807 0.012442 -0.066013 0.052279 0.040823 0.14118 0.15927 -0.10031 0.2538 -0.085743 0.05768 0.043384 0.037402 0.043623 -0.050621 0.43604 0.090109 0.11471 0.054726 0.41904 0.071444 0.1612 0.060131 -0.13811 -0.18879 -0.1342 0.11525 0.0015073 0.30393 -0.039023 0.38205 0.57845 -0.0030567 0.29427 -0.081226 0.047848 -0.025651 0.031544 0.047655 0.13398 0.1488
0.33289 0.20804 0.25471 0.13958 0.06901 -0.0032419 -0.12977 -0.0088967 0.10386 0.47395 0.16565 0.21707 0.11447 0.033608 -0.028859 -0.11143 -0.023656 0.096948 0.024623 0.23842 0.7558 -0.027969 0.037127 -0.02942 0.56466 0.4454 0.11092 -0.14503 0.46513 -0.030294 -0.20187 0.10476 0.067967 0.097523 0.57735 0.23565 0.44276 0.020831 0.029689 0.44106 0.11291 0.34705 0.043201 0 0.50734 0.40033 -0.12317 0.65158 -0.11311 -0.088515 0.061508 0.23271 -0.018211 0.19319 0.56427 -0.057475 0.035273 -0.078696 0.46133 0.21569 0.049269 -0.12545 0.27416 -0.047448 -0.15412 0.10374 0.017328 0.066286 0.4082 0.19948 0.29376 0.027052 -0.0076816 0.34264 0.058415 0.29619 0.021227 0.6811 0.26994 0.17765 -0.089175 0.38649 -0.058961 -0.12688 0.06045 0.16354
-0.016751 0.16854 0.19113 0.16501 0.06407 0.18656 0.063062 0.0079644 0.081119 0.26356 0.067345 0.095788 0.1169 0.051722 0.17066 0.044518 0.018628 0.07934 0.1632 0.35359 0.43607 0.12249 0.069001 0.12277 0.40967 0.25029 0.28067 -0.042402 0.31756 0.10505 0.27743 0.37481 0.17362 0.34558 0.51445 0.23801 0.34935 0.13038 0.34133 0.3159 0.4968 0.4115 0.36211 0.50734 0 0.33855 0.16669 0.50147 0.1065 0.06211 0.19815 0.33905 0.028379 0.26564 0.071675 0.058213 0.049647 0.078639 0.041084 0.072706 0.12609 -0.0091269 0.033587 0.096409 0.13613 0.074871 0.14813 0.33901 0.14444 -0.088476 0.020384 0.09748 0.2954 0.16259 0.40469 0.17983 0.17772 0.007149 0.48738 0.18765 0.16153 0.23618 0.05339 0.044744 0.18261 0.26733
0.18033 0.12851 0.05114 0.11128 0.011255 0.075864 0.030555 0.0080467 0.058166 0.27155 0.083479 0.064275 0.093652 0.016365 0.069245 0.033924 0.0015867 0.062823 0.12569 0.27935 0.39197 0.65102 0.087074 0.49346 0.33355 0.36772 -0.018054 0.24949 0.18447 0.65595 -0.11241 -0.094778 0.11798 0.37945 0.31568 -0.11525 0.16259 0.56839 0.43797 0.16734 0.52188 0.15448 -0.033807 0.40033 0.33855 0 0.11755 0.56053 -0.069744 -0.014861 0.18942 0.37556 0.067515 0.26609 0.19668 0.61005 0.041863 0.45453 0.22163 0.32491 0.0377 0.21554 0.13091 0.66078 -0.10526 -0.10859 0.14587 0.34525 0.31012 -0.12307 0.14378 0.54775 0.38281 0.20349 0.47554 0.2759 -0.015521 0.23301 0.20285 0.93737 0.049943 0.45705 -0.054442 -0.029998 0.15512 0.31872
-0.21237 -0.12253 -0.089176 -0.016816 0.0015197 0.21572 0.23942 0.0044269 -0.0074431 -0.14385 -0.17498 -0.11097 -0.036176 -0.01103 0.20905 0.20233 0.0082287 0.0068767 0.75622 0.078444 0.033051 0.19467 0.099419 0.35182 0.065757 0.14098 -0.036022 0.16046 0.069791 0.21902 0.17195 0.3607 0.14124 0.21228 0.27003 0.021052 0.26117 0.10966 0.35229 -0.090124 0.3614 -0.0018835 0.012442 -0.12317 0.16669 0.11755 0 0.16883 0.059565 0.21615 0.59036 0.35509 0.60737 0.06873 -0.11707 0.15406 0.06866 0.33616 -0.07455 0.078045 -0.077543 0.14302 0.021125 0.21199 0.096479 0.17522 0.16193 0.24595 0.13979 -0.049343 0.077357 0.044499 0.39514 -0.098429 0.35801 -0.027467 0.028483 -0.19226 0.049957 0.14547 0.86751 0.12747 0.012743 0.20548 0.49394 0.30754
0.30167 0.22308 0.16932 0.25129 0.10938 -0.064807 -0.05331 -0.0042266 0.11351 0.36057 0.20186 0.16174 0.22469 0.08488 -0.074374 -0.056661 -0.03073 0.12587 0.26721 0.40461 0.44056 0.070486 0.062126 0.036075 0.19474 0.42695 -0.18242 -0.14258 0.39925 0.098631 -0.31057 0.067555 -0.062613 0.37872 0.67484 0.12873 0.54004 0.1762 0.4793 0.34451 0.60788 0.055131 -0.066013 0.65158 0.50147 0.56053 0.16883 0 -0.10482 -0.051463 0.32174 0.62398 0.21905 0.39401 0.36489 0.055003 0.020235 -0.039711 0.26483 0.27877 -0.16627 -0.12477 0.31446 0.085854 -0.27757 0.077333 -0.044744 0.32562 0.62971 0.16191 0.48801 0.16333 0.39243 0.33451 0.5317 0.13043 -0.030194 0.47849 0.4135 0.41004 0.15431 0.84259 -0.055723 -0.07842 0.25246 0.55158
-0.11487 -0.04818 -0.055839 -0.075962 -0.030404 0.062299 0.045458 -0.0049001 -0.031229 -0.019693 -0.089661 -0.093044 -0.096306 -0.045999 0.045681 0.042493 -0.014191 -0.042931 0.09405 -0.12105 0.020611 -0.046069 0.033284 0.078169 0.17856 0.030039 0.15884 0.012908 -0.033843 -0.026907 0.28924 0.33148 0.06192 -0.067716 -0.048685 0.15969 0.029198 -0.070406 -0.022236 -0.060138 -0.065342 0.15218 0.052279 -0.11311 0.1065 -0.069744 0.059565 -0.10482 0 0.10666 -0.079195 -0.12693 0.023278 -0.14065 -0.12475 -0.043934 0.0083628 0.062702 -0.026302 0.010743 0.077673 0.026777 -0.10531 -0.029392 0.16867 0.19281 0.037217 -0.060573 -0.18538 0.040793 -0.13133 -0.068852 -0.0098727 -0.15454 -0.086634 0.0097509 -0.0046741 -0.27465 -0.036716 -0.059351 0.051661 -0.18755 0.1985 0.088412 -0.041023 -0.14816
-0.085818 -0.060184 -0.067168 -0.0321 -0.026368 0.15813 0.13409 0.0008151 -0.018687 -0.01129 -0.08946 -0.090286 -0.058468 -0.017895 0.13089 0.10527 -0.01743 0.021355 0.14673 -0.05142 0.013638 0.012872 0.103 0.1596 0.1349 0.1162 0.070989 0.044843 0.050988 0.0087314 0.19421 0.30685 0.10175 -0.0060919 0.008721 0.10881 0.033525 -0.027896 0.03661 -0.04573 0.0057272 0.069557 0.040823 -0.088515 0.06211 -0.014861 0.21615 -0.051463 0.10666 0 0.025181 0.016214 0.088677 -0.074169 -0.07349 -0.0022075 0.03181 0.12662 0.020316 0.092824 0.04037 0.042536 -0.03826 0.020469 0.15311 0.22226 0.074058 -0.0073614 -0.062861 0.027851 -0.048399 -0.039929 0.019578 -0.099493 -0.012132 0.017798 0.00064349 -0.16392 0.012137 -0.017825 0.19121 -0.08744 0.090473 0.17212 0.01547 -0.0014405
0.0047581 0.15594 0.054773 0.12164 0.05835 0.11959 0.01866 0.04489 0.11995 0.013362 0.15217 0.053937 0.12068 0.075034 0.10372 0.017453 0.03686 0.16725 0.2026 0.29654 -0.029043 0.20935 0.047343 0.13146 -0.019594 -0.0059332 0.093645 0.11678 0.12653 0.28999 0.0095064 -0.080394 0.090344 0.36687 0.1233 -0.092687 0.019184 0.32761 0.51002 0.18647 0.42593 0.10178 0.14118 0.061508 0.19815 0.18942 0.59036 0.32174 -0.079195 0.025181 0 0.5224 0.24734 0.30765 -0.0093006 0.20969 0.040277 0.14355 0.0095051 -0.0039754 0.081937 0.10636 0.13348 0.26143 0.038742 -0.05827 0.12057 0.36295 0.1955 -0.07873 0.088631 0.29891 0.48935 0.23794 0.426 0.15688 0.16622 0.069206 0.20265 0.18462 0.55608 0.39288 -0.041399 -0.0024637 0.66109 0.48154
0.20295 0.28317 0.1789 0.35046 0.14138 0.083872 0.036405 0.084927 0.18404 0.21439 0.2738 0.18141 0.31853 0.12182 0.084305 0.025211 0.058257 0.19164 0.18561 0.57365 -0.044969 0.25224 0.096786 0.15077 -0.10941 0.090743 -0.049402 0.096079 0.32836 0.29566 -0.10624 -0.19741 0.036656 0.4932 0.39242 -0.14989 0.22586 0.37742 0.62614 0.33762 0.6502 0.033782 0.15927 0.23271 0.33905 0.37556 0.35509 0.62398 -0.12693 0.016214 0.5224 0 0.20158 0.55452 -0.013517 0.24962 0.051595 0.10853 -0.046965 0.072961 -0.01519 0.10095 0.31685 0.27138 -0.077163 -0.14688 0.064451 0.46778 0.505 -0.099496 0.33523 0.36309 0.56832 0.39985 0.62309 0.14841 0.19209 0.24191 0.34866 0.329 0.32203 0.67388 -0.12087 -0.032116 0.42643 0.78205
-0.049836 -0.12197 -0.041457 -0.0082302 -0.0094382 0.025403 0.096228 -0.02456 -0.034612 -0.15468 -0.14224 -0.034069 0.013169 -0.011468 0.034369 0.1052 -0.018953 -0.0091802 0.68554 0.047644 0.020335 0.075953 0.018031 0.25034 0.035471 0.099874 -0.16687 0.14346 0.08881 0.087248 -0.063201 0.22485 0.027654 0.051149 0.28079 -0.030741 0.32357 -0.0027912 0.076196 -0.083557 0.16017 -0.073768 -0.10031 -0.018211 0.028379 0.067515 0.60737 0.21905 0.023278 0.088677 0.24734 0.20158 0 0.047736 0.1524 0.074943 0.030951 0.27452 0.16762 0.19734 -0.16005 0.090624 0.13199 0.085401 -0.039189 0.40715 0.042455 0.060418 0.42914 0.17102 0.46869 -0.030403 0.11209 -0.034833 0.18882 0.0012777 -0.047817 0.018811 0.24591 0.072014 0.71846 0.22368 0.036721 0.16395 0.2053 0.18152
