0,0.345916330814362,0.27518168091774,0.273997813463211,0.0730261579155922,-0.0119439167901874,-0.0990724712610245,0.0657924264669418,0.220794454216957,0.723161816596985,0.433560311794281,0.365813881158829,0.285524636507034,0.106074139475822,-0.00618307432159781,-0.0968084782361984,0.0421895496547222,0.267454832792282,-0.176140248775482,0.217326432466507,0.086075022816658,-0.0200642608106136,0.0233423728495836,-0.0623075291514397,0.0526272058486938,0.145683214068413,0.095811203122139,0.000644855084829032,0.208813726902008,0.00993822608143091,-0.150254130363464,-0.134777158498764,0.00926301069557667,0.0725747719407082,0.125704914331436,-0.0330031476914883,0.037134476006031,0.118747495114803,-0.00628130463883281,0.358127623796463,0.038240522146225,0.196952104568481,0.0950165465474129,0.362409383058548,0.0577582828700542,0.141851201653481,-0.196045160293579,0.337058752775192,-0.0969313085079193,-0.0719320029020309,0.0319892913103104,0.216076567769051,-0.0953895077109337,0.267349153757095,0.451003551483154,-0.0250755026936531,0.0437628775835037,-0.100408643484116,0.396784216165543,0.257009506225586,0.200731664896011,-0.019818278029561,0.34758397936821,-0.0414432398974895,-0.0237153731286526,0.121016129851341,0.0248780399560928,0.0838362574577332,0.402288973331451,0.247192323207855,0.317492574453354,0.130604863166809,-0.00203719828277826,0.43963959813118,0.133310556411743,0.331088364124298,0.180739000439644,0.608605325222015,0.423807114362717,0.165611773729324,-0.137893497943878,0.510498881340027,0.02079620026052,-0.0846360325813293,0.0437992699444294,0.262817710638046
0.345916330814362,0,0.276903092861176,0.293290972709656,0.118589587509632,0.010611966252327,-0.0861694365739822,0.0771803110837936,0.234873116016388,0.364042073488235,0.505872547626495,0.286368727684021,0.273974031209946,0.0996720641851425,-0.00495685031637549,-0.103081621229649,0.0564601086080074,0.227024540305138,-0.0950677543878555,0.262190669775009,0.0735979229211807,0.0840531885623932,0.0256974138319492,-0.0472805947065353,0.0762975066900253,0.0789022445678711,0.146051198244095,0.0787075683474541,0.170211434364319,0.135246604681015,-0.0290095116943121,-0.0816372856497765,0.0167059563100338,0.122071363031864,0.160240933299065,-0.0395567119121552,0.0423446223139763,0.243594452738762,0.0828452184796333,0.33649280667305,0.0938075333833694,0.204073488712311,0.168734043836594,0.234952479600906,0.194827198982239,0.104547783732414,-0.117747485637665,0.25061771273613,-0.0412157475948334,-0.0514405779540539,0.171434581279755,0.286272466182709,-0.117825396358967,0.265090376138687,0.0806063264608383,0.0802831873297691,0.0239637847989798,-0.0783276334404945,0.0839993208646774,0.00873855780810118,0.132311955094337,0.0686708465218544,0.142708167433739,0.0883807241916656,-0.00591276306658983,-0.0731889829039574,-0.00441682804375887,0.0577275827527046,0.179524600505829,-0.0147296134382486,0.0929342582821846,0.274833261966705,0.0391834564507008,0.315131485462189,0.0726287439465523,0.190198108553886,0.159291684627533,0.195846945047379,0.186078444123268,0.0434231758117676,-0.126476183533669,0.229134067893028,-0.0348823145031929,-0.0666089430451393,0.147953763604164,0.259883165359497
0.27518168091774,0.276903092861176,0,0.38893711566925,0.105834357440472,0.0341600216925144,-0.0257602836936712,0.142860502004623,0.158175468444824,0.306400567293167,0.289980351924896,0.586672306060791,0.373170137405396,0.0693515688180923,0.0240523219108582,-0.0416311994194984,0.11542946100235,0.157550737261772,-0.038097869604826,0.209935545921326,0.133511155843735,0.00362694729119539,0.00806112959980965,-0.0409990735352039,0.0427822843194008,0.0754917412996292,0.081332691013813,0.00161422835662961,0.204646944999695,0.0317576080560684,-0.00696603674441576,-0.06639514118433,-0.031477864831686,0.0352021642029285,0.248302549123764,0.00928484089672565,0.145547673106194,0.101143956184387,-0.0187379792332649,0.215090915560722,0.070862740278244,0.0945013985037804,0.181333020329475,0.269994229078293,0.21812716126442,0.0468944944441319,-0.0780324637889862,0.208219841122627,-0.0501868985593319,-0.0567668080329895,0.0833500325679779,0.188933864235878,-0.0523718744516373,0.189258262515068,0.111576646566391,-0.0154032539576292,0.0391230210661888,-0.0689535513520241,0.0314796976745129,0.0324112549424171,0.0621076747775078,0.0125210704281926,0.169004380702972,-0.0078461142256856,-0.000484762684209272,-0.0797650590538979,-0.0142155513167381,0.00888504181057215,0.201554238796234,-0.0131396483629942,0.135803401470184,0.111496277153492,-0.0370635092258453,0.201039507985115,0.0783562213182449,0.0680152177810669,0.135056495666504,0.172559425234795,0.168336853384972,-0.00183684029616416,-0.0756833255290985,0.187099322676659,-0.0557517930865288,-0.0587977021932602,0.0910434946417809,0.17204475402832
0.273997813463211,0.293290972709656,0.38893711566925,0,0.193332329392433,0.0192486234009266,-0.00306379585526884,0.105212353169918,0.150095731019974,0.260608583688736,0.297422260046005,0.374651819467545,0.640287756919861,0.127413704991341,0.00882702600210905,-0.0193538796156645,0.0992242693901062,0.156705856323242,-0.0283115934580564,0.304276674985886,-0.015731405466795,0.0597766600549221,0.0101657509803772,6.3406303524971e-05,-0.0870994031429291,0.0350820422172546,0.00574352173134685,0.0338732153177261,0.156296089291573,0.0713437050580978,-0.0291150342673063,-0.146861374378204,-0.0117974979802966,0.188326835632324,0.208010017871857,-0.0872945040464401,0.0675905793905258,0.14928936958313,0.183107063174248,0.212094113230705,0.293976902961731,0.0432669334113598,0.130790889263153,0.165322378277779,0.199279725551605,0.125771880149841,0.00359516893513501,0.27906209230423,-0.0710228681564331,-0.0159597508609295,0.152744576334953,0.364965349435806,-0.00993163231760263,0.30034002661705,0.0141023397445679,0.057162132114172,0.0192053690552711,-0.0215918906033039,-0.046858437359333,-0.00410346454009414,0.0207209568470716,0.0411785840988159,0.148780673742294,0.0487687960267067,-0.0208438318222761,-0.130294978618622,0.0171125363558531,0.14738292992115,0.267864882946014,-0.0604240372776985,0.14814767241478,0.1661017537117,0.121771849691868,0.258137911558151,0.280061662197113,0.0762467011809349,0.135263234376907,0.181894093751907,0.203267827630043,0.102249331772327,-0.0155003657564521,0.325553238391876,-0.0612736493349075,-0.0483401641249657,0.148387536406517,0.352674335241318
0.0730261579155922,0.118589587509632,0.105834357440472,0.193332329392433,0,-0.00230584619566798,-0.0154211521148682,0.0195582322776318,0.0583718717098236,0.0867458134889603,0.100380823016167,0.114914871752262,0.168150246143341,0.0397683046758175,-0.00515890121459961,-0.025471031665802,0.0184867363423109,0.0584933273494244,-0.0138354124501348,0.102537274360657,0.00642096903175116,0.00853704009205103,0.0123535273596644,-0.00371635775081813,-0.0120012350380421,0.0110873049125075,-0.00543375918641686,-0.00834740698337555,0.0763122141361237,0.018513660877943,-0.0231041871011257,-0.0333170928061008,-0.000260679051280022,0.0165047068148851,0.0810598060488701,0.00347170047461987,0.0511014498770237,0.0552364476025105,0.0656617283821106,0.0905406028032303,0.0882403925061226,0.0124793946743011,0.0551633201539516,0.0710496380925179,0.0739956200122833,0.0149791687726974,0.00706500373780727,0.112934537231922,-0.0261257998645306,-0.0186248049139977,0.0668979659676552,0.145114317536354,-0.0105219651013613,0.114695228636265,-0.0149138644337654,0.00434587895870209,-0.0130257625132799,-0.0225301999598742,-0.0276572480797768,-0.00961164385080338,-0.00496278749778867,-0.00337829370982945,0.0597598738968372,0.000654772738926113,-0.0206503495573997,-0.0416885614395142,-0.01224659755826,0.0196277778595686,0.0881374478340149,-0.00987705774605274,0.0599716454744339,0.0556963048875332,0.0503407679498196,0.0759918615221977,0.0745128318667412,0.00203343853354454,0.0308509655296803,0.0425451621413231,0.0559388399124146,-0.00632038107141852,-0.0107307294383645,0.103149943053722,-0.0335732102394104,-0.0183594468981028,0.0462095886468887,0.128117978572845
-0.0119439167901874,0.010611966252327,0.0341600216925144,0.0192486234009266,-0.00230584619566798,0,0.174173027276993,0.0226761307567358,0.091354675590992,0.0661031752824783,0.000666594016365707,0.0278483610600233,0.00808063149452209,-0.0168299581855536,0.448987275362015,0.172381103038788,0.0441701784729958,0.0760884210467339,0.0885209590196609,0.0474115572869778,0.154781073331833,0.0722522437572479,0.134263038635254,0.221175909042358,0.249270752072334,0.131478205323219,0.35172101855278,0.110709212720394,0.0871464908123016,0.101271964609623,0.310865730047226,0.219719767570496,0.278085857629776,0.0847427546977997,-0.0217142384499311,0.0426480993628502,-0.00134128297213465,0.0615477859973907,0.100445903837681,0.101397730410099,0.0717978775501251,0.265658587217331,0.2380241304636,0.0102420439943671,0.176898881793022,0.0737916007637978,0.225183039903641,-0.0587944686412811,0.063787043094635,0.157401069998741,0.107044667005539,0.0860382616519928,0.0613863058388233,0.0247521717101336,0.00133085867855698,0.0507673844695091,0.0856369808316231,0.205915823578835,0.109806261956692,0.093361958861351,0.294921547174454,0.111655540764332,0.0159349851310253,0.0871485844254494,0.280244588851929,0.137149766087532,0.239403188228607,0.0812479630112648,-0.109144657850266,-0.0492294020950794,-0.0803502127528191,0.0394674427807331,0.106128044426441,0.0343540348112583,0.0613791681826115,0.208809301257133,0.152097836136818,-0.0924944952130318,0.0641547664999962,0.0386473685503006,0.194043159484863,-0.101123221218586,0.0487633943557739,0.129851281642914,0.10005621612072,0.0609771683812141
-0.0990724712610245,-0.0861694365739822,-0.0257602836936712,-0.00306379585526884,-0.0154211521148682,0.174173027276993,0,-0.00747068505734205,-0.00850446149706841,-0.0400777868926525,-0.104997016489506,-0.0448206067085266,-0.0227737724781036,-0.0234893560409546,0.179729864001274,0.25106742978096,-0.00936820171773434,-0.0289580691605806,0.160607799887657,-0.0265347994863987,0.0389641486108303,0.0211069863289595,0.0750593245029449,0.176607668399811,0.0513453856110573,0.11635422706604,0.00246591749601066,0.0609234906733036,0.0102025391533971,0.0316834971308708,0.165980100631714,0.164400741457939,0.0726411566138268,0.0345892161130905,0.0226382035762072,0.0680554434657097,0.0693644881248474,-0.0158567503094673,0.0736594498157501,-0.112478889524937,0.0878087133169174,-0.0440043285489082,-0.00309221586212516,-0.13023629784584,0.0548080541193485,0.0296071153134108,0.237545341253281,-0.0627180710434914,0.044354971498251,0.131135165691376,0.0151348179206252,0.0348819941282272,0.115629971027374,-0.0453402064740658,-0.0900067090988159,0.0122762573882937,0.0302330553531647,0.158214583992958,-0.0626695305109024,0.0681893453001976,-0.0303984098136425,0.0487960875034332,-0.0276772119104862,0.0279208440333605,0.0883677452802658,0.08103958517313,0.0520090125501156,0.0413654781877995,-0.0639225319027901,-0.0369208604097366,-0.0281798653304577,-0.0360227189958096,0.074943333864212,-0.133875295519829,0.0819806754589081,-0.0666848123073578,-0.0254554785788059,-0.191191256046295,-0.0373213030397892,0.0315447635948658,0.198654219508171,-0.119088016450405,0.0164896622300148,0.105756521224976,0.00367717002518475,0.0025741346180439
0.0657924264669418,0.0771803110837936,0.142860502004623,0.105212353169918,0.0195582322776318,0.0226761307567358,-0.00747068505734205,0,0.0556751303374767,0.0392155684530735,0.0804935470223427,0.133394733071327,0.102210566401482,0.0181268788874149,0.0321597456932068,0.00694459537044168,0.110659800469875,0.0661686286330223,-0.0303233359009027,0.0956925451755524,-0.0613949075341225,0.0210237298160791,0.000788542267400771,-0.0088469497859478,-0.050688374787569,-0.0248355120420456,0.0576156899333,0.0225813984870911,0.0259734522551298,0.0121994409710169,0.0685648769140244,-0.057416707277298,0.02167759090662,0.0475495047867298,-0.0313827991485596,-0.0849408209323883,-0.0804146900773048,0.0446063280105591,0.0203658286482096,0.070042222738266,0.0161158889532089,0.0477190464735031,0.126906633377075,-0.00576928770169616,0.0117200976237655,0.00436197081580758,0.0124158235266805,-0.00360646354965866,-0.00337194022722542,0.00106484780553728,0.0509071089327335,0.0904686003923416,-0.0155188348144293,0.0842528864741325,-0.0384219847619534,0.0259437765926123,-0.0102830277755857,0.0022346219047904,-0.0196976512670517,0.00586685072630644,0.0774448066949844,0.0384107790887356,0.031114986166358,0.00387051166035235,0.0694688111543655,-0.0377112999558449,0.0125472592189908,0.0438952557742596,0.00182862998917699,-0.0835316777229309,-0.0181983634829521,0.0498833693563938,0.013544057495892,0.0847339183092117,0.0369227901101112,0.0658557936549187,0.108368791639805,0.0220322217792273,0.0351571142673492,0.0110123325139284,0.020338011905551,0.0598142854869366,-0.0112246684730053,-0.00223169382661581,0.0606379210948944,0.0920542702078819
0.220794454216957,0.234873116016388,0.158175468444824,0.150095731019974,0.0583718717098236,0.091354675590992,-0.00850446149706841,0.0556751303374767,0,0.230929672718048,0.245455265045166,0.139270424842834,0.147416323423386,0.047728955745697,0.0745785981416702,-0.0211303308606148,0.0480876117944717,0.204625502228737,-0.0324782691895962,0.171569257974625,0.0306603442877531,0.072765588760376,0.0225724782794714,0.0238598510622978,0.0422869361937046,0.0298459567129612,0.131256029009819,0.0327408313751221,0.0900585502386093,0.111078456044197,0.0248113907873631,-0.0406899303197861,0.0657311007380486,0.0961211398243904,0.0676894783973694,-0.03569670394063,0.0108371470123529,0.188202887773514,0.0683161541819572,0.199424892663956,0.0621057003736496,0.157844707369804,0.135915711522102,0.121311485767365,0.0940774530172348,0.0520603135228157,-0.000358851597411558,0.127643212676048,-0.0269309170544147,-0.0173918567597866,0.125641092658043,0.187682047486305,-0.0255552232265472,0.175838425755501,0.0580914691090584,0.0636174157261848,0.0375404730439186,0.000189295969903469,0.0720701962709427,0.033657044172287,0.142899379134178,0.026465967297554,0.106034681200981,0.0948627218604088,0.057064127177,-0.00390077079646289,0.0444651246070862,0.056978777050972,0.103891648352146,-0.016130743548274,0.0645963102579117,0.19283789396286,0.0583865642547607,0.187519952654839,0.0619171299040318,0.174368888139725,0.139592498540878,0.116729058325291,0.134543165564537,0.0227808319032192,-8.53128731250763e-05,0.157530769705772,-0.033564031124115,0.00289674592204392,0.120109535753727,0.17878432571888
0.723161816596985,0.364042073488235,0.306400567293167,0.260608583688736,0.0867458134889603,0.0661031752824783,-0.0400777868926525,0.0392155684530735,0.230929672718048,0,0.333140254020691,0.294368147850037,0.216596707701683,0.0964581891894341,0.0535870119929314,-0.0524355284869671,0.0321806371212006,0.231393560767174,-0.0824878960847855,0.207029581069946,0.318015247583389,-0.00230447645299137,0.0499559678137302,-0.0835865214467049,0.260918617248535,0.250194549560547,0.172083973884583,-0.0871286168694496,0.229089096188545,0.00960883777588606,0.00366476783528924,0.0601876638829708,0.0479229614138603,0.142861798405647,0.257553398609161,0.129815876483917,0.219270750880241,0.128142237663269,0.18031607568264,0.309750944375992,0.21762827038765,0.270468592643738,0.1065663844347,0.485785454511642,0.311453968286514,0.215394631028175,-0.147157326340675,0.371880263090134,-0.00173005659598857,-0.00676393136382103,0.0277088079601526,0.202010959386826,-0.179791897535324,0.15405997633934,0.170621052384377,-0.0174883063882589,0.0315596759319305,-0.110698081552982,0.146298259496689,0.135385379195213,0.117552876472473,-0.0495377071201801,0.112141959369183,-0.0184408761560917,-0.00514408526942134,0.0131606757640839,0.024411391466856,0.0772493109107018,0.138792812824249,0.0704718828201294,0.0734459906816483,0.144577875733376,0.0882729217410088,0.24560584127903,0.119817644357681,0.166997835040092,0.0648453682661057,0.242207109928131,0.12903980910778,0.0451917015016079,-0.117666631937027,0.283915400505066,-0.0174721367657185,-0.0521662384271622,0.0480000786483288,0.159594103693962
0.433560311794281,0.505872547626495,0.289980351924896,0.297422260046005,0.100380823016167,0.000666594016365707,-0.104997016489506,0.0804935470223427,0.245455265045166,0.333140254020691,0,0.344696938991547,0.323814928531647,0.114780373871326,-0.00778383668512106,-0.112658582627773,0.0928037315607071,0.261716395616531,-0.173108592629433,0.291711151599884,0.00312820170074701,0.0739525631070137,0.0202983431518078,-0.0555000342428684,0.012594741769135,0.0108502088114619,0.143845811486244,0.0626172125339508,0.143908157944679,0.122186370193958,-0.0615645684301853,-0.173736035823822,0.0185920000076294,0.084544263780117,0.0726657509803772,-0.120572321116924,-0.0389997512102127,0.246554851531982,0.0213003121316433,0.346565514802933,0.0456460639834404,0.209082320332527,0.190859749913216,0.201223611831665,0.094400592148304,0.074191652238369,-0.164698883891106,0.238641247153282,-0.0818406045436859,-0.0763150751590729,0.172479569911957,0.282499104738235,-0.139371946454048,0.316868126392365,0.179045602679253,0.0859167352318764,0.0165590960532427,-0.0931640490889549,0.176706433296204,0.0216571167111397,0.200697526335716,0.0350550040602684,0.20349432528019,0.0825874358415604,-0.00210110913030803,-0.0421639308333397,0.0198760889470577,0.0869946256279945,0.271361917257309,0.0246704686433077,0.176694482564926,0.285242468118668,0.00274122389964759,0.406775027513504,0.0878769159317017,0.277405351400375,0.213529899716377,0.325243175029755,0.288252115249634,0.0610777400434017,-0.133933559060097,0.325519859790802,-0.022692060098052,-0.0995198637247086,0.16983237862587,0.304339021444321
0.365813881158829,0.286368727684021,0.586672306060791,0.374651819467545,0.114914871752262,0.0278483610600233,-0.0448206067085266,0.133394733071327,0.139270424842834,0.294368147850037,0.344696938991547,0,0.398559927940369,0.082999549806118,0.0210029557347298,-0.0432395115494728,0.141726866364479,0.158201962709427,-0.0776973962783813,0.212232023477554,0.0699416473507881,-0.0175795704126358,-0.0075627975165844,-0.0487366393208504,0.00751731917262077,0.0542816258966923,0.0820218846201897,0.0190990325063467,0.196520373225212,0.0199348572641611,-0.046111311763525,-0.136389493942261,-0.0310786683112383,0.0173197202384472,0.208682373166084,-0.0322437286376953,0.107895746827126,0.103521808981895,-0.0195262562483549,0.232282981276512,0.056765079498291,0.0755471661686897,0.177070885896683,0.237447395920753,0.13128200173378,0.0604527927935123,-0.0934662222862244,0.199551269412041,-0.0828761011362076,-0.076633982360363,0.0804589465260506,0.193494319915771,-0.0476119108498096,0.24205219745636,0.192887708544731,-0.044863149523735,0.0219456870108843,-0.0718873292207718,0.107555776834488,0.0685677379369736,0.0914757549762726,0.00450885109603405,0.246496826410294,-0.0214844476431608,0.00300677423365414,-0.0478313528001308,0.00590704660862684,0.0206265673041344,0.288231611251831,0.067773126065731,0.22585628926754,0.112259477376938,-0.0693100765347481,0.270903915166855,0.0695300698280334,0.124843299388885,0.193823531270027,0.286854952573776,0.24761176109314,0.0254765134304762,-0.0900102183222771,0.249799832701683,-0.0504660606384277,-0.0578970052301884,0.0693371891975403,0.216667920351028
0.285524636507034,0.273974031209946,0.373170137405396,0.640287756919861,0.168150246143341,0.00808063149452209,-0.0227737724781036,0.102210566401482,0.147416323423386,0.216596707701683,0.323814928531647,0.398559927940369,0,0.145766153931618,0.00765839871019125,-0.0119424536824226,0.118878021836281,0.165770307183266,-0.0308588147163391,0.281112134456635,-0.0302207712084055,0.0597801618278027,0.0163522567600012,-0.00175130378920585,-0.100697427988052,0.0210280083119869,-0.00877723004668951,0.0579898208379745,0.146522060036659,0.0735273137688637,-0.0733032673597336,-0.160218641161919,-0.0166649483144283,0.160113513469696,0.180575355887413,-0.110182844102383,0.0484722517430782,0.151942074298859,0.113484494388103,0.222479313611984,0.239650040864944,0.0221596397459507,0.114162713289261,0.139243245124817,0.152159482240677,0.112846493721008,-0.0143971648067236,0.258058786392212,-0.0887668281793594,-0.0438320301473141,0.154482141137123,0.336823105812073,0.0180156026035547,0.30386608839035,0.0192403625696898,0.0491928607225418,0.0191579051315784,-0.00406033731997013,-0.0427838340401649,0.0354678593575954,0.00209385040216148,0.0554117858409882,0.193378880620003,0.0484957695007324,-0.0374275073409081,-0.120887972414494,0.00262288888916373,0.145223170518875,0.30278480052948,-0.0481984354555607,0.187974900007248,0.166791334748268,0.114716775715351,0.261230021715164,0.298583775758743,0.0755940079689026,0.133252575993538,0.199344605207443,0.209995090961456,0.10625246912241,0.0117876548320055,0.340673536062241,-0.0782514363527298,-0.0443418808281422,0.148831263184547,0.391266107559204
0.106074139475822,0.0996720641851425,0.0693515688180923,0.127413704991341,0.0397683046758175,-0.0168299581855536,-0.0234893560409546,0.0181268788874149,0.047728955745697,0.0964581891894341,0.114780373871326,0.082999549806118,0.145766153931618,0,-0.00586147885769606,-0.0266613904386759,0.012111758813262,0.0967249125242233,-0.0158800687640905,0.125758245587349,-0.027068255469203,0.019568832591176,0.010200833901763,-0.0186723750084639,-0.0278944857418537,-0.0146761909127235,0.0123443128541112,-0.00802120286971331,0.0353369899094105,0.0254733208566904,-0.0336797162890434,-0.0508811101317406,-0.00559373805299401,0.0459671802818775,0.0325070656836033,-0.0414616242051125,-0.00142607279121876,0.0653467327356339,0.0563072599470615,0.0890545323491096,0.0628429651260376,0.0391736552119255,0.0544158965349197,0.0392594896256924,0.0570005141198635,0.0159979332238436,-0.0102044595405459,0.087462417781353,-0.0419230721890926,-0.0159679539501667,0.0757201835513115,0.119255185127258,-0.0181381963193417,0.109404429793358,0.00435667810961604,0.0239207986742258,0.00666628684848547,-0.0183067433536053,-0.00285164057277143,-0.00764901470392942,0.0266396943479776,-0.00950201787054539,0.0321730151772499,0.0247301403433084,-0.0117027815431356,-0.0253810957074165,-0.00328171369619668,0.0567219369113445,0.0732666552066803,-0.0306728389114141,0.0534884631633759,0.0761761665344238,0.0582715608179569,0.0901734158396721,0.0714495703577995,0.0489301979541779,0.0733401626348495,0.0656975731253624,0.0924088582396507,0.00307916617020965,-0.0106256268918514,0.114182315766811,-0.0227282028645277,-0.0198751091957092,0.061490248888731,0.131949171423912
-0.00618307432159781,-0.00495685031637549,0.0240523219108582,0.00882702600210905,-0.00515890121459961,0.448987275362015,0.179729864001274,0.0321597456932068,0.0745785981416702,0.0535870119929314,-0.00778383668512106,0.0210029557347298,0.00765839871019125,-0.00586147885769606,0,0.219517916440964,0.0347532443702221,0.0726420134305954,0.0669578835368156,0.0330849774181843,0.138861298561096,0.0616846270859241,0.110698968172073,0.22537025809288,0.232090681791306,0.12652300298214,0.32964688539505,0.103763312101364,0.0857658833265305,0.0799267366528511,0.318789035081863,0.188678324222565,0.281065374612808,0.0906849876046181,-0.0285434387624264,0.0119023714214563,-0.0258463136851788,0.041291244328022,0.0868130028247833,0.08363938331604,0.0741099119186401,0.254246562719345,0.237676605582237,-0.0169782042503357,0.162383109331131,0.0739324018359184,0.21677653491497,-0.0802884921431541,0.057751227170229,0.13761268556118,0.0861110463738441,0.0837832689285278,0.0659693777561188,0.0346065796911716,0.0493732579052448,0.0487568490207195,0.108839556574821,0.219585403800011,0.146606460213661,0.138009890913963,0.306654006242752,0.0935289636254311,0.052574310451746,0.0746510997414589,0.277526319026947,0.165721476078033,0.287918865680695,0.0747201219201088,-0.0799715369939804,-0.0379822365939617,-0.0577052086591721,0.0287852473556995,0.116325616836548,0.0519248731434345,0.0617948733270168,0.238507494330406,0.170330762863159,-0.070862889289856,0.0894951969385147,0.0631955116987228,0.219801485538483,-0.0857281237840652,0.0403159037232399,0.14731302857399,0.0922280251979828,0.0784147977828979
-0.0968084782361984,-0.103081621229649,-0.0416311994194984,-0.0193538796156645,-0.025471031665802,0.172381103038788,0.25106742978096,0.00694459537044168,-0.0211303308606148,-0.0524355284869671,-0.112658582627773,-0.0432395115494728,-0.0119424536824226,-0.0266613904386759,0.219517916440964,0,0.0182875990867615,-0.00808647554367781,0.123827047646046,-0.0298082083463669,0.0403584465384483,0.0105788866057992,0.0742003917694092,0.162334829568863,0.0358519144356251,0.104816906154156,-0.00150591670535505,0.00880956556648016,0.0105497455224395,0.0110860168933868,0.138035133481026,0.127400130033493,0.0930007770657539,0.0408443100750446,0.00794066395610571,0.0395196639001369,0.0497960634529591,-0.0645465180277824,0.0642612650990486,-0.0971843153238297,0.0917718932032585,-0.0298272054642439,-0.000764511351007968,-0.103669822216034,0.0416880510747433,0.0297774709761143,0.204311698675156,-0.0648108199238777,0.0377467051148415,0.106712244451046,0.0063129486516118,0.0283466391265392,0.120827116072178,-0.0307344533503056,-0.0433776117861271,-0.00029236706905067,0.0401781983673573,0.173107087612152,-0.0338598936796188,0.116047829389572,-0.0276811718940735,0.00995228998363018,-0.00996455363929272,0.0114821195602417,0.0941194668412209,0.0866804793477058,0.0973355695605278,0.044994480907917,-0.0293194409459829,-0.0244331005960703,0.0110854431986809,-0.0760533437132835,0.0837202221155167,-0.125831440091133,0.0912525951862335,-0.0493286289274693,-0.0368080474436283,-0.146987080574036,-0.0259034782648087,0.033483412116766,0.21676778793335,-0.0832110494375229,0.0131299402564764,0.132835656404495,0.00523878959938884,0.0255419630557299
0.0421895496547222,0.0564601086080074,0.11542946100235,0.0992242693901062,0.0184867363423109,0.0441701784729958,-0.00936820171773434,0.110659800469875,0.0480876117944717,0.0321806371212006,0.0928037315607071,0.141726866364479,0.118878021836281,0.012111758813262,0.0347532443702221,0.0182875990867615,0,0.065084844827652,-0.0164437629282475,0.0907247588038445,-0.0491984970867634,0.0290682520717382,0.0162517316639423,-0.00162630109116435,-0.0284656099975109,-0.035415843129158,0.0772097185254097,0.0347525849938393,0.00991813000291586,0.0320618636906147,0.0600110068917274,-0.0643621236085892,0.00385203631594777,0.0267958138138056,-0.0230669472366571,-0.078227199614048,-0.0601643100380898,0.0420429185032845,0.0110267605632544,0.0545911751687527,0.00126989488489926,0.0679361373186111,0.124899104237556,-0.0162171479314566,0.0195308141410351,4.40990552306175e-05,0.0226520784199238,-0.0238045081496239,-0.00895754899829626,-0.0107840681448579,0.0468074902892113,0.0667933598160744,-0.00606378167867661,0.0753582343459129,-0.0428489558398724,0.0280445013195276,0.00279528717510402,0.0182802248746157,-0.0300928503274918,-0.0127171957865357,0.069138377904892,0.0368735566735268,0.0214958917349577,0.0202610772103071,0.0502061806619167,-0.0384068749845028,0.0173120349645615,0.0333166643977165,-0.0144325857982039,-0.102960966527462,-0.0290586072951555,0.0467287376523018,0.00226378417573869,0.0671714395284653,0.00677095586434007,0.0679462999105453,0.117779232561588,0.00800951197743416,0.013757242821157,0.00498332595452666,0.028391033411026,0.0196531359106302,-0.0116020236164331,-0.000181612558662891,0.0533033832907677,0.0717833042144775
0.267454832792282,0.227024540305138,0.157550737261772,0.156705856323242,0.0584933273494244,0.0760884210467339,-0.0289580691605806,0.0661686286330223,0.204625502228737,0.231393560767174,0.261716395616531,0.158201962709427,0.165770307183266,0.0967249125242233,0.0726420134305954,-0.00808647554367781,0.065084844827652,0,-0.047417938709259,0.161302521824837,0.052118819206953,0.0613748542964458,0.0512299761176109,0.0228245947510004,0.0680598691105843,0.0430370047688484,0.128094688057899,0.0206067971885204,0.0978900566697121,0.104818008840084,0.0250776447355747,-0.017162598669529,0.0789686515927315,0.0701690837740898,0.0508048608899117,-0.0393748506903648,0.0149202169850469,0.176698416471481,0.0650601461529732,0.183842599391937,0.0643953457474709,0.164598807692528,0.143454045057297,0.114754296839237,0.0950576141476631,0.0583873353898525,0.0164603516459465,0.143252953886986,-0.028731195256114,0.0280485171824694,0.177220702171326,0.192660763859749,-0.00601201131939888,0.186910048127174,0.109025180339813,0.0697108283638954,0.0309481676667929,0.0166002865880728,0.119409888982773,0.0430570989847183,0.153515785932541,0.0254623461514711,0.123553335666656,0.0911745727062225,0.0793255493044853,0.0308126360177994,0.0706645399332047,0.0877492800354958,0.127169117331505,0.0239017624408007,0.0988369435071945,0.18969164788723,0.0642237365245819,0.200446099042892,0.0793872997164726,0.199529647827148,0.147562682628632,0.153030380606651,0.174207985401154,0.0497852154076099,0.026414405554533,0.167207136750221,0.0117769492790103,0.0032820247579366,0.142125502228737,0.213784381747246
-0.176140248775482,-0.0950677543878555,-0.038097869604826,-0.0283115934580564,-0.0138354124501348,0.0885209590196609,0.160607799887657,-0.0303233359009027,-0.0324782691895962,-0.0824878960847855,-0.173108592629433,-0.0776973962783813,-0.0308588147163391,-0.0158800687640905,0.0669578835368156,0.123827047646046,-0.0164437629282475,-0.047417938709259,0,0.016797261312604,0.169339865446091,0.0542990565299988,0.0413705259561539,0.295473098754883,0.177863627672195,0.241534665226936,-0.14643631875515,0.0932767242193222,0.0777573138475418,0.0844613388180733,0.0317120961844921,0.545619130134583,0.0105726579204202,0.0492159612476826,0.437649071216583,0.148247018456459,0.508298754692078,-0.0350698195397854,0.148106619715691,-0.0685879737138748,0.218063503503799,-0.0476142764091492,-0.107138365507126,-0.00485181342810392,0.168794810771942,0.124886132776737,0.725358366966248,0.260727673768997,0.0975071638822556,0.158364906907082,0.203209042549133,0.189901322126389,0.657005190849304,0.000751903164200485,-0.0142520582303405,0.0361850075423717,0.0272696707397699,0.250753819942474,-0.0187023524194956,0.187599048018456,-0.18246403336525,0.0860625132918358,0.0146262738853693,0.0823755487799644,-0.0409638322889805,0.326195389032364,0.0355955399572849,0.0697292983531952,0.212965071201324,0.104438714683056,0.271942913532257,-0.0621763989329338,0.182776123285294,-0.12163171172142,0.18046210706234,-0.113066665828228,-0.0842056199908257,-0.0973208323121071,0.042700819671154,0.0971326753497124,0.613672018051147,0.104655705392361,0.0299727376550436,0.160759970545769,0.212551712989807,0.158598974347115
0.217326432466507,0.262190669775009,0.209935545921326,0.304276674985886,0.102537274360657,0.0474115572869778,-0.0265347994863987,0.0956925451755524,0.171569257974625,0.207029581069946,0.291711151599884,0.212232023477554,0.281112134456635,0.125758245587349,0.0330849774181843,-0.0298082083463669,0.0907247588038445,0.161302521824837,0.016797261312604,0,-0.0881781354546547,0.193459555506706,0.0592434592545033,0.058242179453373,-0.117584191262722,0.00717808306217194,0.0109408888965845,0.047100231051445,0.222372710704803,0.215683475136757,-0.0858383327722549,-0.23507533967495,0.0188620556145906,0.350970566272736,0.239221274852753,-0.208886206150055,0.0291463248431683,0.291018187999725,0.30974406003952,0.407394558191299,0.374316662549973,0.116300411522388,0.272437125444412,0.24254697561264,0.357311487197876,0.263839840888977,0.0958623439073563,0.412294268608093,-0.119318768382072,-0.0326119177043438,0.315235823392868,0.570619344711304,0.0692558065056801,0.58438116312027,-0.0958891957998276,0.207363158464432,0.0152911730110645,0.0378441885113716,-0.114552989602089,0.0179569348692894,0.0519266501069069,0.0662672147154808,0.188330605626106,0.190064668655396,-0.0374190807342529,-0.195859551429749,0.0365336015820503,0.329002857208252,0.307754576206207,-0.227630808949471,0.130168795585632,0.288163781166077,0.271803170442581,0.440964907407761,0.376343071460724,0.172929689288139,0.286823749542236,0.231249809265137,0.31034129858017,0.223832994699478,0.0920456945896149,0.479395717382431,-0.140603885054588,-0.064925916492939,0.254925698041916,0.555386781692505
0.086075022816658,0.0735979229211807,0.133511155843735,-0.015731405466795,0.00642096903175116,0.154781073331833,0.0389641486108303,-0.0613949075341225,0.0306603442877531,0.318015247583389,0.00312820170074701,0.0699416473507881,-0.0302207712084055,-0.027068255469203,0.138861298561096,0.0403584465384483,-0.0491984970867634,0.052118819206953,0.169339865446091,-0.0881781354546547,0,-0.143665805459023,0.0709328427910805,0.160761892795563,0.753940939903259,0.572141289710999,0.230366185307503,-0.114050760865211,0.302274942398071,-0.0913143530488014,0.122937306761742,0.475823998451233,0.1768958568573,-0.075170487165451,0.553292512893677,0.491163343191147,0.554339051246643,-0.100377053022385,-0.0119459796696901,0.135335773229599,0.128002241253853,0.364219695329666,-0.014478120021522,0.722837865352631,0.443837314844131,0.388361275196075,0.0239271726459265,0.444161206483841,0.0412210300564766,0.0115267494693398,-0.0143516128882766,-0.0320558063685894,-0.0233345776796341,-0.1026551425457,0.650451064109802,-0.203703299164772,0.0659235268831253,0.0825876221060753,0.54717755317688,0.294776767492294,0.108138270676136,-0.0808181092143059,0.101998098194599,-0.0949224382638931,0.0657294988632202,0.282259613275528,0.132333859801292,-0.0758417695760727,0.266039609909058,0.357262462377548,0.23115848004818,-0.0995330214500427,0.00508610252290964,-0.0114416461437941,0.0565230697393417,0.195788100361824,-0.0990546122193336,0.271079152822495,0.126427263021469,0.157069131731987,0.0267215184867382,0.0918257236480713,0.0859436094760895,0.0137439016252756,0.00905648246407509,-0.0788528993725777
-0.0200642608106136,0.0840531885623932,0.00362694729119539,0.0597766600549221,0.00853704009205103,0.0722522437572479,0.0211069863289595,0.0210237298160791,0.072765588760376,-0.00230447645299137,0.0739525631070137,-0.0175795704126358,0.0597801618278027,0.019568832591176,0.0616846270859241,0.0105788866057992,0.0290682520717382,0.0613748542964458,0.0542990565299988,0.193459555506706,-0.143665805459023,0,0.0167247261852026,0.34458914399147,-0.0230444520711899,-0.144557937979698,0.0976390242576599,0.249855652451515,0.0393261350691319,0.927720367908478,-0.0119413500651717,-0.145590484142303,0.160207167267799,0.314524173736572,-0.0413720197975636,-0.196378275752068,-0.126617446541786,0.892288625240326,0.256064653396606,0.0929174199700356,0.268573790788651,0.228251412510872,0.0745219066739082,-0.0251800306141376,0.0817184075713158,0.656292319297791,0.181161060929298,0.0510528348386288,-0.0532323457300663,0.0165605787187815,0.20231468975544,0.259373724460602,0.122748292982578,0.205627605319023,-0.236562505364418,0.975581347942352,-0.00319519569166005,0.391391634941101,-0.11752051115036,-0.0684939920902252,0.13409411907196,0.312387317419052,0.00340763013809919,0.919624805450439,-0.0163083728402853,-0.175831735134125,0.180072292685509,0.295973896980286,-0.0397913791239262,-0.24843618273735,-0.117413997650146,0.856410205364227,0.306647896766663,0.102058134973049,0.287082344293594,0.290123671293259,0.10160405933857,-0.0590515285730362,0.00899708364158869,0.597665429115295,0.155978560447693,0.103220894932747,-0.088660441339016,0.013942763209343,0.167238920927048,0.240642175078392
0.0233423728495836,0.0256974138319492,0.00806112959980965,0.0101657509803772,0.0123535273596644,0.134263038635254,0.0750593245029449,0.000788542267400771,0.0225724782794714,0.0499559678137302,0.0202983431518078,-0.0075627975165844,0.0163522567600012,0.010200833901763,0.110698968172073,0.0742003917694092,0.0162517316639423,0.0512299761176109,0.0413705259561539,0.0592434592545033,0.0709328427910805,0.0167247261852026,0,0.163053348660469,0.114607118070126,0.134836778044701,0.0615195892751217,0.0387820862233639,0.100721947848797,0.0395489931106567,0.0963544622063637,0.107140205800533,0.102637149393559,0.0358038023114204,0.0676464959979057,0.0437566228210926,0.0719475597143173,0.025340324267745,0.0478950887918472,0.0557635501027107,0.056173212826252,0.048876915127039,0.0651811733841896,0.0432806834578514,0.075821228325367,0.0857406333088875,0.109698601067066,0.063238225877285,0.0382405892014503,0.104491762816906,0.0526770763099194,0.106103710830212,0.0266786180436611,0.0273226890712976,0.03504728525877,0.00456934329122305,0.0555782876908779,0.13098019361496,0.07297483086586,0.117830000817776,0.0629383772611618,0.0261627845466137,0.0657855719327927,0.0391366742551327,0.0868824273347855,0.0793880894780159,0.0848178938031197,0.0138989090919495,0.0545913726091385,0.0213366281241179,0.0503693670034409,0.0168428830802441,0.0409424193203449,0.033430602401495,0.0469758287072182,0.0608635582029819,0.0360391847789288,-0.0018628464313224,0.0543842390179634,0.067953884601593,0.0777740329504013,0.0353808850049973,0.0270027033984661,0.055167768150568,0.0309441089630127,0.0929256752133369
-0.0623075291514397,-0.0472805947065353,-0.0409990735352039,6.3406303524971e-05,-0.00371635775081813,0.221175909042358,0.176607668399811,-0.0088469497859478,0.0238598510622978,-0.0835865214467049,-0.0555000342428684,-0.0487366393208504,-0.00175130378920585,-0.0186723750084639,0.22537025809288,0.162334829568863,-0.00162630109116435,0.0228245947510004,0.295473098754883,0.058242179453373,0.160761892795563,0.34458914399147,0.163053348660469,0,0.233557119965553,0.329238653182983,0.0677429437637329,0.523497998714447,0.106815956532955,0.517551600933075,0.166058585047722,0.200415343046188,0.331611841917038,0.115091621875763,0.149591103196144,0.01987274736166,0.110664263367653,0.300352156162262,0.119121327996254,-0.0335549749433994,0.162553206086159,0.0789178386330605,0.04477509111166,-0.00968867540359497,0.0974656790494919,0.497194647789001,0.362430483102798,0.0322440974414349,0.0637972131371498,0.159658551216125,0.13555009663105,0.176676884293556,0.30118191242218,0.0699612721800804,0.0104316007345915,0.319086194038391,0.102389991283417,0.808921039104462,0.105626747012138,0.351722210645676,0.0665896236896515,0.473399102687836,0.0785385519266129,0.519284069538116,0.136714652180672,0.185866221785545,0.356260985136032,0.122182965278625,0.133120343089104,-0.0351164564490318,0.146293237805367,0.2298803627491,0.164569407701492,-0.0203460697084665,0.196228727698326,0.140842705965042,0.0544469431042671,-0.0614831373095512,0.0583590492606163,0.485798925161362,0.29358235001564,0.0225649271160364,0.0190271250903606,0.14288917183876,0.112554006278515,0.140512406826019
