0 0.34071 0.27062 0.28106 0.084749 -0.0085056 -0.090024 0.062179 0.21055 0.72895 0.41916 0.35733 0.29533 0.11426 -1.4286e-05 -0.095309 0.0444 0.26528 -0.1564 0.23804 0.064163 -0.02102 0.024188 -0.054018 0.069056 0.14187 0.097725 0.022319 0.19023 0.0020696 -0.15067 -0.10608 0.010148 0.12441 0.092094 -0.059642 0.013285 0.11406 0.065622 0.36471 0.079576 0.18405 0.099204 0.36024 0.044147 0.18368 -0.17421 0.34902 -0.098448 -0.066519 0.031612 0.22866 -0.046991 0.27998 0.41191 -0.018547 0.033911 -0.073633 0.36509 0.24767 0.19151 0.00544 0.32081 -0.027247 -0.030245 0.12708 0.021214 0.14004 0.38617 0.19112 0.29286 0.13411 0.070589 0.45009 0.18258 0.30841 0.17705 0.58852 0.39177 0.20122 -0.12993 0.52475 -0.0018515 -0.082877 0.049719 0.27824
0.34071 0 0.25275 0.27612 0.11222 0.014752 -0.079286 0.073301 0.22395 0.35507 0.49393 0.26913 0.25981 0.10034 -0.0029387 -0.095883 0.05771 0.21205 -0.10977 0.26807 0.048906 0.08897 0.020838 -0.048506 0.070981 0.049268 0.14619 0.074366 0.1493 0.12729 -0.028827 -0.10423 0.014515 0.17432 0.11454 -0.06615 0.0089832 0.22893 0.13353 0.34154 0.11859 0.19666 0.16656 0.2234 0.16931 0.12897 -0.10936 0.24009 -0.047619 -0.056797 0.16957 0.29231 -0.12522 0.26182 0.064215 0.085826 0.017433 -0.073444 0.070289 0.00040786 0.13495 0.071096 0.13592 0.086309 -0.012352 -0.088994 -0.014266 0.10692 0.1608 -0.035087 0.07743 0.26224 0.081843 0.32174 0.095181 0.18784 0.15631 0.19143 0.16706 0.068036 -0.12137 0.22547 -0.049605 -0.073405 0.15776 0.26724
0.27062 0.25275 0 0.39386 0.09872 0.036092 -0.020237 0.14932 0.14355 0.28878 0.27423 0.57931 0.38079 0.068377 0.031977 -0.032368 0.11839 0.15541 -0.032371 0.20438 0.12001 0.0051259 0.011569 -0.036705 0.037428 0.049864 0.085529 0.0010981 0.19407 0.026607 -0.0021024 -0.067397 -0.021819 0.058416 0.22776 -0.0098386 0.13384 0.092122 0.012378 0.20448 0.083833 0.09189 0.17602 0.25214 0.20805 0.063137 -0.072762 0.18557 -0.050097 -0.047264 0.071029 0.18677 -0.032269 0.17669 0.11137 -0.011222 0.035909 -0.059507 0.034513 0.027547 0.069736 0.0094203 0.16462 -0.00086195 0.004141 -0.072483 -0.011668 0.03176 0.19686 -0.022839 0.13732 0.1026 -0.011782 0.20214 0.09023 0.080982 0.1255 0.17304 0.16303 0.013341 -0.069776 0.17576 -0.061481 -0.05313 0.081559 0.17485
0.28106 0.27612 0.39386 0 0.18989 0.012188 -0.0079053 0.11002 0.1417 0.25943 0.28207 0.37578 0.64793 0.12605 0.0072335 -0.016937 0.096316 0.14899 -0.057849 0.30067 -0.028411 0.036554 0.013259 -0.018214 -0.084692 0.016385 0.010312 0.024905 0.14856 0.050874 -0.028023 -0.15624 -0.02126 0.19782 0.17605 -0.09279 0.057456 0.12741 0.19075 0.2151 0.28445 0.039283 0.13288 0.16196 0.16877 0.11957 -0.022935 0.24948 -0.066612 -0.021375 0.13315 0.3522 -0.022621 0.28613 0.017155 0.039169 0.011692 -0.034426 -0.042816 -0.012207 0.023669 0.030315 0.15475 0.033349 -0.023956 -0.13074 0.0064335 0.15816 0.2599 -0.063827 0.15315 0.14625 0.12331 0.25103 0.26722 0.077751 0.13504 0.18004 0.1873 0.09595 -0.0385 0.30527 -0.064766 -0.056051 0.12715 0.34875
0.084749 0.11222 0.09872 0.18989 0 -0.0041344 -0.020946 0.019146 0.055317 0.095749 0.10408 0.10833 0.16201 0.046136 -0.0036597 -0.028244 0.019887 0.061228 -0.018478 0.10655 -0.0025249 0.0055169 0.011536 -0.011861 -0.020276 0.00043351 -0.0062816 -0.011319 0.069932 0.0083707 -0.02858 -0.03543 -0.010047 0.027741 0.066799 0.0023367 0.047266 0.052075 0.076125 0.093246 0.090916 0.011206 0.055176 0.070254 0.065397 0.01701 0.0062557 0.10778 -0.028384 -0.021974 0.063125 0.14262 -0.01097 0.11222 -0.018271 -0.0014451 -0.013504 -0.031706 -0.035926 -0.011922 -0.0042142 -0.0030662 0.060792 -0.0034798 -0.021644 -0.046075 -0.016646 0.031124 0.084464 -0.010247 0.062198 0.052507 0.058298 0.080308 0.081527 0.0017936 0.026676 0.044919 0.051167 -0.0037001 -0.010595 0.10561 -0.040504 -0.023871 0.047089 0.12947
-0.0085056 0.014752 0.036092 0.012188 -0.0041344 0 0.16661 0.02337 0.086911 0.055769 0.00023893 0.026118 0.0048279 -0.016339 0.43766 0.16719 0.042789 0.071439 0.066314 0.04168 0.14183 0.10552 0.13812 0.22365 0.24373 0.1249 0.34068 0.13113 0.084692 0.12992 0.30288 0.20995 0.27772 0.076349 -0.034266 0.019954 -0.023667 0.092325 0.095574 0.099805 0.055583 0.27302 0.23039 -0.00086078 0.17343 0.084961 0.21578 -0.070183 0.057007 0.15131 0.11596 0.080799 0.031803 0.0274 0.0069503 0.083906 0.090595 0.21401 0.13344 0.090503 0.2905 0.13383 0.015794 0.11766 0.27967 0.13938 0.23708 0.069769 -0.11425 -0.050617 -0.091006 0.067947 0.10076 0.041914 0.050827 0.23046 0.15659 -0.088231 0.079121 0.049755 0.18566 -0.10406 0.056874 0.12401 0.10058 0.05278
-0.090024 -0.079286 -0.020237 -0.0079053 -0.020946 0.16661 0 -0.010183 -0.0083471 -0.04315 -0.10392 -0.042815 -0.028 -0.02552 0.17266 0.25273 -0.010034 -0.031589 0.15088 -0.041833 0.048471 0.027266 0.075845 0.17688 0.063397 0.13002 -0.0015862 0.071516 0.01534 0.039544 0.16234 0.16416 0.070959 0.017348 0.02159 0.075664 0.06928 -0.011792 0.055126 -0.12346 0.068896 -0.03591 -0.0032709 -0.12614 0.054719 0.03088 0.23117 -0.062445 0.042501 0.13393 0.014944 0.027417 0.092624 -0.051358 -0.062244 0.020081 0.030293 0.15576 -0.034261 0.073837 -0.029248 0.059594 -0.024587 0.036076 0.088399 0.086352 0.05574 0.021368 -0.05745 -0.01757 -0.024993 -0.030373 0.05949 -0.13892 0.069218 -0.057667 -0.023743 -0.18598 -0.023316 0.036843 0.18799 -0.12202 0.028543 0.11109 0.00073159 -0.0047082
0.062179 0.073301 0.14932 0.11002 0.019146 0.02337 -0.010183 0 0.053044 0.043319 0.077601 0.12986 0.10565 0.015381 0.034963 0.0012702 0.11012 0.064856 -0.036945 0.091034 -0.056209 0.025121 0.0009735 -0.0083012 -0.038418 -0.020682 0.059215 0.017439 0.026502 0.013493 0.06913 -0.055066 0.024264 0.047699 -0.025382 -0.081448 -0.074593 0.049447 0.021658 0.073062 0.013664 0.050387 0.12219 0.0018108 0.014939 0.010081 0.0039755 -0.00042708 -0.003094 0.00011254 0.045392 0.087546 -0.024115 0.075825 -0.0396 0.026612 -0.0035683 0.00010802 -0.017388 0.0046377 0.071921 0.032502 0.032062 0.0055441 0.066832 -0.037529 0.010266 0.04511 0.0013494 -0.08453 -0.013417 0.056234 0.013753 0.080442 0.033096 0.061641 0.10357 0.02008 0.035975 0.0091492 0.011535 0.054454 -0.01497 0.00063205 0.056419 0.089908
0.21055 0.22395 0.14355 0.1417 0.055317 0.086911 -0.0083471 0.053044 0 0.22343 0.22967 0.13117 0.13575 0.048837 0.073908 -0.022673 0.051398 0.19887 -0.046738 0.16591 0.0081264 0.069081 0.018687 0.0069546 0.034478 0.0089525 0.13007 0.021546 0.080059 0.097229 0.021636 -0.050688 0.066126 0.12004 0.037849 -0.059943 -0.013936 0.171 0.097598 0.19371 0.073323 0.15382 0.1387 0.10315 0.080512 0.057403 -0.00058514 0.11561 -0.029756 -0.021688 0.12377 0.18616 -0.036912 0.17293 0.044143 0.062377 0.030478 -0.0096402 0.061688 0.017709 0.14703 0.016527 0.094736 0.086836 0.060315 -0.011315 0.036337 0.074143 0.086256 -0.032605 0.039942 0.17763 0.076435 0.18699 0.067871 0.17464 0.14055 0.10823 0.12559 0.026326 -0.0013487 0.14955 -0.035153 -0.0041847 0.12554 0.17582
0.72895 0.35507 0.28878 0.25943 0.095749 0.055769 -0.04315 0.043319 0.22343 0 0.32701 0.28235 0.21871 0.10054 0.047709 -0.053677 0.036061 0.23188 -0.069851 0.23361 0.26037 0.0026827 0.048151 -0.078862 0.22201 0.23335 0.1507 -0.065773 0.20488 0.0070678 -0.015776 0.057253 0.041939 0.19746 0.22614 0.096639 0.18545 0.12188 0.26241 0.31413 0.27396 0.23822 0.089823 0.45861 0.2832 0.25263 -0.1309 0.393 -0.016303 -0.0070105 0.034801 0.22461 -0.15514 0.17321 0.12972 -0.0081803 0.025163 -0.091835 0.1229 0.12604 0.10483 -0.03416 0.10264 0.00020206 -0.019997 0.0092708 0.026068 0.13318 0.13851 0.034262 0.048501 0.13936 0.15053 0.26606 0.1644 0.15304 0.058793 0.23692 0.098373 0.093672 -0.11691 0.32275 -0.038564 -0.055144 0.052758 0.18838
0.41916 0.49393 0.27423 0.28207 0.10408 0.00023893 -0.10392 0.077601 0.22967 0.32701 0 0.3276 0.31005 0.11412 -0.0073895 -0.11099 0.096165 0.25439 -0.19246 0.29633 -0.011694 0.072664 0.017205 -0.062866 0.02253 -0.012612 0.14987 0.062194 0.1329 0.11159 -0.057364 -0.18344 0.014572 0.12352 0.034353 -0.14255 -0.062459 0.23597 0.055381 0.3522 0.06736 0.19932 0.19361 0.20222 0.083908 0.095971 -0.16181 0.22476 -0.085712 -0.078048 0.16782 0.28599 -0.1459 0.30837 0.15174 0.080851 0.0088468 -0.092408 0.15496 0.0019303 0.19883 0.041476 0.19298 0.074062 -0.0036963 -0.062143 0.0086018 0.13373 0.24098 -0.0060379 0.15223 0.27434 0.040213 0.40362 0.10835 0.26496 0.20875 0.31056 0.26588 0.076452 -0.13963 0.31208 -0.038553 -0.10246 0.1724 0.30709
0.35733 0.26913 0.57931 0.37578 0.10833 0.026118 -0.042815 0.12986 0.13117 0.28235 0.3276 0 0.40327 0.085981 0.028535 -0.031854 0.14653 0.15514 -0.076611 0.2103 0.065943 -0.022635 -0.0061183 -0.053919 0.0043596 0.029868 0.087285 0.012836 0.18972 0.0057748 -0.042011 -0.1288 -0.026741 0.041156 0.19139 -0.047567 0.10664 0.09094 0.0075969 0.22745 0.065051 0.071357 0.17832 0.22627 0.12688 0.077377 -0.097982 0.18257 -0.08083 -0.067015 0.066613 0.19347 -0.031151 0.23896 0.18408 -0.04625 0.02357 -0.07234 0.088329 0.059873 0.09102 -0.00289 0.23792 -0.021429 0.0037211 -0.044974 0.0083404 0.044189 0.27645 0.049532 0.22499 0.10209 -0.043399 0.26936 0.081377 0.12116 0.18779 0.27881 0.2337 0.035565 -0.090763 0.23866 -0.053596 -0.053221 0.05968 0.21619
0.29533 0.25981 0.38079 0.64793 0.16201 0.0048279 -0.028 0.10565 0.13575 0.21871 0.31005 0.40327 0 0.14592 0.010047 -0.0083265 0.1174 0.15832 -0.062624 0.27516 -0.03663 0.034856 0.016433 -0.0231 -0.090181 0.0022402 -0.0029159 0.047784 0.1366 0.04636 -0.065584 -0.1661 -0.022046 0.16982 0.14644 -0.10906 0.042508 0.12833 0.11954 0.22344 0.22326 0.023993 0.11816 0.13762 0.12748 0.10437 -0.044569 0.22812 -0.083484 -0.047653 0.12696 0.32263 0.0036126 0.29317 0.030994 0.029039 0.016938 -0.02076 -0.032232 0.029998 0.012745 0.044488 0.19031 0.029205 -0.036976 -0.11622 -0.0026525 0.16133 0.29034 -0.044609 0.18974 0.14671 0.11944 0.25627 0.2915 0.077608 0.13405 0.20137 0.19984 0.098885 -0.0082238 0.32194 -0.085921 -0.048534 0.12735 0.38009
0.11426 0.10034 0.068377 0.12605 0.046136 -0.016339 -0.02552 0.015381 0.048837 0.10054 0.11412 0.085981 0.14592 0 -0.0085999 -0.028212 0.0070764 0.09331 -0.027389 0.13394 -0.042751 0.016784 0.011278 -0.019202 -0.02801 -0.020115 0.014978 -0.010571 0.034184 0.018363 -0.030515 -0.05855 -8.2242e-05 0.060982 0.025096 -0.045212 -0.010292 0.060219 0.064332 0.090455 0.068342 0.039644 0.057791 0.044233 0.050937 0.018063 -0.015566 0.083008 -0.039817 -0.012202 0.076403 0.12397 -0.017928 0.1071 0.0022469 0.016997 0.0054993 -0.021662 -0.0032238 -0.010703 0.028351 -0.010442 0.03273 0.021303 -0.010201 -0.0322 -0.0038893 0.070015 0.079007 -0.033681 0.05858 0.074354 0.068492 0.093313 0.088282 0.050758 0.071816 0.066252 0.093274 0.0072238 -0.014437 0.11956 -0.025674 -0.025824 0.065584 0.13666
-1.4286e-05 -0.0029387 0.031977 0.0072335 -0.0036597 0.43766 0.17266 0.034963 0.073908 0.047709 -0.0073895 0.028535 0.010047 -0.0085999 0 0.21231 0.040757 0.069722 0.053861 0.03905 0.12884 0.091989 0.11105 0.23403 0.22639 0.12854 0.32267 0.12827 0.089604 0.11052 0.30853 0.17832 0.27647 0.076111 -0.036191 -0.011245 -0.044121 0.07583 0.082336 0.083756 0.057277 0.25795 0.23985 -0.020657 0.15773 0.077882 0.21582 -0.082145 0.044124 0.13507 0.0993 0.083694 0.041095 0.04437 0.05415 0.079983 0.10577 0.22772 0.16306 0.13145 0.30421 0.11341 0.059443 0.10377 0.27241 0.16069 0.27975 0.066665 -0.081617 -0.046527 -0.067374 0.063541 0.10974 0.068431 0.053117 0.24964 0.17563 -0.062166 0.10406 0.069642 0.20781 -0.078471 0.038671 0.14288 0.1022 0.081191
-0.095309 -0.095883 -0.032368 -0.016937 -0.028244 0.16719 0.25273 0.0012702 -0.022673 -0.053677 -0.11099 -0.031854 -0.0083265 -0.028212 0.21231 0 0.013703 -0.0065393 0.11573 -0.037627 0.041562 0.02541 0.07325 0.16834 0.041693 0.11915 -0.0094895 0.028861 0.01529 0.031785 0.1349 0.12498 0.092715 0.018263 0.0056522 0.042721 0.046482 -0.049701 0.039246 -0.11071 0.06712 -0.031327 0.0027846 -0.11012 0.036983 0.032046 0.2002 -0.066537 0.040893 0.10766 0.011268 0.024337 0.10483 -0.038553 -0.022584 0.016166 0.041778 0.17869 -0.0083151 0.11904 -0.025751 0.023213 -0.0023513 0.027354 0.099677 0.091468 0.099556 0.022563 -0.019475 -0.005775 0.014045 -0.05978 0.057346 -0.12794 0.074552 -0.04859 -0.027943 -0.14254 -0.012155 0.041855 0.20931 -0.083899 0.027443 0.13377 0.0020487 0.021082
0.0444 0.05771 0.11839 0.096316 0.019887 0.042789 -0.010034 0.11012 0.051398 0.036061 0.096165 0.14653 0.1174 0.0070764 0.040757 0.013703 0 0.068712 -0.027125 0.090605 -0.04816 0.031375 0.016023 -0.0039425 -0.01393 -0.034235 0.081556 0.031611 0.017681 0.033273 0.055696 -0.067076 0.010544 0.03063 -0.022098 -0.080401 -0.063333 0.049083 0.0061541 0.069013 -0.0043803 0.076213 0.12543 -0.0099583 0.021322 0.0047858 0.011016 -0.027781 -0.014395 -0.01487 0.042405 0.062725 -0.015342 0.077831 -0.036719 0.031272 0.0091732 0.017551 -0.016017 -0.013278 0.071761 0.026415 0.025033 0.023976 0.050006 -0.034754 0.024217 0.034886 -0.010708 -0.10186 -0.026324 0.051868 -0.0036815 0.073712 0.0015266 0.075572 0.11573 0.019072 0.01989 0.0047858 0.019739 0.018049 -0.017869 -0.0031198 0.047538 0.070261
0.26528 0.21205 0.15541 0.14899 0.061228 0.071439 -0.031589 0.064856 0.19887 0.23188 0.25439 0.15514 0.15832 0.09331 0.069722 -0.0065393 0.068712 0 -0.060945 0.1676 0.035087 0.056394 0.042911 0.013129 0.060686 0.031761 0.12075 0.023293 0.093857 0.093402 0.017262 -0.025433 0.071419 0.096294 0.028594 -0.052005 -0.006553 0.16539 0.082643 0.18993 0.06693 0.15793 0.13675 0.11652 0.083671 0.063796 0.014074 0.13797 -0.035576 0.025634 0.16847 0.19442 -0.0093084 0.18424 0.099897 0.066829 0.026734 0.012558 0.10933 0.041449 0.14877 0.026597 0.11723 0.084425 0.064176 0.020851 0.058274 0.11313 0.11878 0.012145 0.084824 0.18276 0.078319 0.20497 0.08802 0.19289 0.14331 0.15164 0.16402 0.059221 0.021477 0.17411 0.0016802 0.0021739 0.13734 0.21744
-0.1564 -0.10977 -0.032371 -0.057849 -0.018478 0.066314 0.15088 -0.036945 -0.046738 -0.069851 -0.19246 -0.076611 -0.062624 -0.027389 0.053861 0.11573 -0.027125 -0.060945 0 -0.046448 0.24193 0.043092 0.043497 0.25288 0.20315 0.26764 -0.16137 0.086218 0.078518 0.07376 0.014203 0.57363 0.0029774 -0.011083 0.50331 0.24579 0.55751 -0.02761 0.068766 -0.099787 0.16445 -0.058685 -0.14004 0.013287 0.19658 0.080105 0.72381 0.23879 0.11654 0.16713 0.16215 0.11488 0.65526 -0.057144 0.048658 0.026277 0.021502 0.21376 0.029774 0.18732 -0.19956 0.089652 0.0089123 0.06494 -0.062002 0.32776 0.024305 0.0039205 0.21708 0.16605 0.25714 -0.061591 0.11035 -0.17033 0.1209 -0.13226 -0.12319 -0.10133 0.027475 0.056895 0.61177 0.044552 0.058468 0.16947 0.16374 0.082057
0.23804 0.26807 0.20438 0.30067 0.10655 0.04168 -0.041833 0.091034 0.16591 0.23361 0.29633 0.2103 0.27516 0.13394 0.03905 -0.037627 0.090605 0.1676 -0.046448 0 -0.11589 0.1812 0.051894 0.02625 -0.113 -0.014825 0.010791 0.039885 0.20986 0.19904 -0.094645 -0.27126 0.0078511 0.39765 0.20042 -0.22367 0.0058985 0.29246 0.32882 0.42676 0.40105 0.097553 0.28341 0.2636 0.32649 0.27196 0.053029 0.37933 -0.12824 -0.044405 0.2936 0.56898 0.014961 0.59402 -0.10452 0.19017 0.01195 0.013097 -0.10641 0.0095229 0.057842 0.047044 0.18627 0.17288 -0.045244 -0.2386 0.027573 0.37428 0.30449 -0.23739 0.12361 0.29282 0.28359 0.44728 0.39884 0.16403 0.28021 0.24706 0.29824 0.22347 0.049821 0.46677 -0.15829 -0.082664 0.24511 0.55949
0.064163 0.048906 0.12001 -0.028411 -0.0025249 0.14183 0.048471 -0.056209 0.0081264 0.26037 -0.011694 0.065943 -0.03663 -0.042751 0.12884 0.041562 -0.04816 0.035087 0.24193 -0.11589 0 -0.14257 0.067678 0.17947 0.72701 0.56242 0.19787 -0.068421 0.27988 -0.090967 0.11505 0.49223 0.16235 -0.075597 0.55745 0.46765 0.54393 -0.12354 -0.010199 0.10863 0.12913 0.31667 -0.044837 0.70758 0.42422 0.38708 0.056808 0.46216 0.033602 0.006888 -0.015294 -0.044125 0.03771 -0.11936 0.65836 -0.1947 0.062052 0.10317 0.53648 0.30818 0.065668 -0.028272 0.096791 -0.087001 0.055226 0.32286 0.11885 -0.068744 0.2606 0.36493 0.21134 -0.12631 -0.0020444 -0.0094399 0.04737 0.16381 -0.11896 0.2893 0.10829 0.17123 0.039742 0.090089 0.082474 0.022292 -0.0062761 -0.10096
-0.02102 0.08897 0.0051259 0.036554 0.0055169 0.10552 0.027266 0.025121 0.069081 0.0026827 0.072664 -0.022635 0.034856 0.016784 0.091989 0.02541 0.031375 0.056394 0.043092 0.1812 -0.14257 0 0.020391 0.34724 0.064057 -0.13073 0.13297 0.27589 0.040058 0.9193 0.012163 -0.14301 0.16222 0.3582 -0.069346 -0.1862 -0.13747 0.87956 0.31669 0.095664 0.29119 0.29373 0.079006 -0.021419 0.081231 0.64269 0.19642 0.033874 -0.031729 0.018227 0.21539 0.24571 0.08773 0.17279 -0.22948 0.97323 0.0086128 0.3853 -0.038131 -0.070161 0.16983 0.33585 -0.0063708 0.90951 -0.0099245 -0.176 0.1713 0.33651 -0.084957 -0.24972 -0.13967 0.84067 0.36309 0.093732 0.31378 0.3317 0.090781 -0.070003 0.010948 0.59008 0.17834 0.078965 -0.071382 0.015951 0.17958 0.22558
0.024188 0.020838 0.011569 0.013259 0.011536 0.13812 0.075845 0.0009735 0.018687 0.048151 0.017205 -0.0061183 0.016433 0.011278 0.11105 0.07325 0.016023 0.042911 0.043497 0.051894 0.067678 0.020391 0 0.16388 0.1105 0.14273 0.062119 0.03952 0.097574 0.044348 0.093984 0.10694 0.10037 0.032151 0.066183 0.03896 0.069163 0.027583 0.048251 0.045052 0.057124 0.048907 0.061686 0.043179 0.070124 0.089611 0.10928 0.064056 0.031389 0.10584 0.051823 0.10266 0.019884 0.02528 0.038555 0.0096381 0.057052 0.13525 0.077511 0.11597 0.061843 0.032049 0.060654 0.043431 0.086618 0.075163 0.087873 0.0094999 0.055647 0.01396 0.046868 0.019457 0.039499 0.036585 0.049943 0.063324 0.0352 -0.0044274 0.049888 0.076175 0.081466 0.040065 0.01951 0.051714 0.03244 0.092499
-0.054018 -0.048506 -0.036705 -0.018214 -0.011861 0.22365 0.17688 -0.0083012 0.0069546 -0.078862 -0.062866 -0.053919 -0.0231 -0.019202 0.23403 0.16834 -0.0039425 0.013129 0.25288 0.02625 0.17947 0.34724 0.16388 0 0.31963 0.35369 0.079202 0.55852 0.10346 0.5308 0.17271 0.19855 0.33512 0.10709 0.12763 0.040465 0.094647 0.30542 0.10575 -0.045537 0.15003 0.11516 0.042076 -0.016167 0.093096 0.51833 0.34019 0.013356 0.067567 0.15162 0.12538 0.14255 0.24294 0.049272 0.056275 0.31873 0.10963 0.81193 0.2052 0.35442 0.084645 0.51746 0.076691 0.52789 0.13391 0.19051 0.35255 0.12015 0.12068 -0.024257 0.14153 0.23322 0.15814 -0.033269 0.19162 0.16541 0.038653 -0.065907 0.06097 0.52081 0.27774 0.010992 0.046479 0.138 0.096293 0.10784
0.069056 0.070981 0.037428 -0.084692 -0.020276 0.24373 0.063397 -0.038418 0.034478 0.22201 0.02253 0.0043596 -0.090181 -0.02801 0.22639 0.041693 -0.01393 0.060686 0.20315 -0.113 0.72701 0.064057 0.1105 0.31963 0 0.51507 0.55202 0.062801 0.18159 0.11102 0.32178 0.63436 0.41396 -0.02477 0.24168 0.35934 0.24269 0.02504 -0.055742 0.22445 -0.10145 0.71724 0.12526 0.53518 0.38185 0.38238 0.08717 0.24243 0.16431 0.10224 0.0097371 -0.081125 0.036795 -0.12435 0.50479 -0.01291 0.070248 0.22642 0.76002 0.30731 0.43581 0.06895 0.045266 0.099022 0.27087 0.5277 0.33344 -0.029363 0.047007 0.232 0.065949 0.0085188 -0.057032 0.082577 -0.12254 0.54483 0.045681 0.17281 0.1734 0.17964 0.055709 -0.0080842 0.21688 0.13169 0.020402 -0.12554
0.14187 0.049268 0.049864 0.016385 0.00043351 0.1249 0.13002 -0.020682 0.0089525 0.23335 -0.012612 0.029868 0.0022402 -0.020115 0.12854 0.11915 -0.034235 0.031761 0.26764 -0.014825 0.56242 -0.13073 0.14273 0.35369 0.51507 0 -0.0098849 0.093433 0.25143 -0.07366 0.071532 0.45372 0.11466 -0.027791 0.43903 0.39089 0.47367 -0.11713 0.023091 0.035325 0.14458 -0.019994 -0.08065 0.4007 0.22263 0.39095 0.16991 0.43679 0.023893 0.121 -0.0027758 0.095742 0.1256 -0.016332 0.33437 -0.16049 0.090377 0.26374 0.32889 0.56297 -0.10194 0.060557 0.13802 -0.069486 -0.0088475 0.30651 0.054446 -0.040434 0.26465 0.25445 0.31838 -0.13421 0.0039859 -0.0059418 0.075752 -0.053263 -0.10911 0.12974 0.027688 0.27422 0.12509 0.21015 0.044749 0.087016 0.00335 0.04361
0.097725 0.14619 0.085529 0.010312 -0.0062816 0.34068 -0.0015862 0.059215 0.13007 0.1507 0.14987 0.087285 -0.0029159 0.014978 0.32267 -0.0094895 0.081556 0.12075 -0.16137 0.010791 0.19787 0.13297 0.062119 0.079202 0.55202 -0.0098849 0 0.022037 0.045741 0.1259 0.50956 0.23088 0.39158 0.081286 -0.22499 -0.03999 -0.24349 0.15378 0.045604 0.42294 -0.14052 0.82076 0.46758 0.10214 0.26384 -0.0078063 -0.0064667 -0.15561 0.14041 0.047848 0.12162 -0.029339 -0.1564 0.010898 0.075636 0.091197 0.059205 0.062636 0.35888 -0.049653 0.77344 0.048734 -0.024552 0.11306 0.47059 0.22451 0.31373 0.061056 -0.30757 -0.1155 -0.27043 0.17687 0.05435 0.29067 -0.1337 0.72 0.33974 -0.040093 0.18833 -0.10368 0.0055258 -0.19865 0.1267 0.063745 0.1005 -0.052798
0.022319 0.074366 0.0010981 0.024905 -0.011319 0.13113 0.071516 0.017439 0.021546 -0.065773 0.062194 0.012836 0.047784 -0.010571 0.12827 0.028861 0.031611 0.023293 0.086218 0.039885 -0.068421 0.27589 0.03952 0.55852 0.062801 0.093433 0.022037 0 0.056032 0.4389 0.10023 0.019683 0.057082 0.062673 0.0050441 -0.013247 0.011223 0.35053 0.035714 0.031352 0.087271 -0.015256 0.074541 -0.097685 -0.022765 0.3284 0.18578 -0.10206 0.016615 0.055321 0.13199 0.1282 0.15656 0.083239 -0.050547 0.2838 0.032341 0.57191 0.029963 0.17782 0.02712 0.95425 0.091134 0.37309 0.06851 0.061078 0.089947 0.068413 0.10857 -0.017075 0.10675 0.33972 0.11715 0.04311 0.1648 0.032117 0.074294 -0.057157 0.017193 0.39927 0.15388 0.032627 0.030811 0.048274 0.10679 0.1379
0.19023 0.1493 0.19407 0.14856 0.069932 0.084692 0.01534 0.026502 0.080059 0.20488 0.1329 0.18972 0.1366 0.034184 0.089604 0.01529 0.017681 0.093857 0.078518 0.20986 0.27988 0.040058 0.097574 0.10346 0.18159 0.25143 0.045741 0.056032 0 0.05479 0.056806 0.09039 0.056448 0.067679 0.42798 0.29222 0.46769 0.099624 0.031059 0.26532 0.12279 0.096452 0.20524 0.44382 0.29668 0.19132 0.072445 0.39856 -0.034211 0.052424 0.1377 0.32901 0.080019 0.2018 0.22639 0.02246 0.057115 0.07063 0.15527 0.16593 -0.00099578 0.054003 0.40056 0.043418 0.050516 0.072134 0.017519 0.043333 0.36974 0.23468 0.43091 0.091505 0.031718 0.20222 0.10345 0.075834 0.1612 0.27226 0.22497 0.090869 0.062938 0.27838 0.0050268 -0.0023686 0.12442 0.31194
0.0020696 0.12729 0.026607 0.050874 0.0083707 0.12992 0.039544 0.013493 0.097229 0.0070678 0.11159 0.0057748 0.04636 0.018363 0.11052 0.031785 0.033273 0.093402 0.07376 0.19904 -0.090967 0.9193 0.044348 0.5308 0.11102 -0.07366 0.1259 0.4389 0.05479 0 0.033726 -0.12338 0.22341 0.36667 -0.03112 -0.16776 -0.081245 0.91518 0.34151 0.11447 0.29209 0.25588 0.088733 -0.01656 0.077585 0.66092 0.22362 0.067521 -0.017401 0.015336 0.28009 0.28314 0.093397 0.18355 -0.16166 0.90951 0.018097 0.53258 0.020626 0.0081389 0.16649 0.47824 0.035731 0.92837 0.0065436 -0.12839 0.23752 0.33737 0.001316 -0.20739 -0.054135 0.87679 0.382 0.12189 0.32297 0.31823 0.093664 -0.049499 0.03586 0.63081 0.19415 0.14844 -0.047079 0.0021341 0.23897 0.26279
-0.15067 -0.028827 -0.0021024 -0.028023 -0.02858 0.30288 0.16234 0.06913 0.021636 -0.015776 -0.057364 -0.042011 -0.065584 -0.030515 0.30853 0.1349 0.055696 0.017262 0.014203 -0.094645 0.11505 0.012163 0.093984 0.17271 0.32178 0.071532 0.50956 0.10023 0.056806 0.033726 0 0.37875 0.27784 -0.011108 -0.16528 0.083908 -0.096729 0.00017719 0.015862 -0.0095058 -0.075811 0.40429 0.39583 -0.20764 0.2662 -0.09426 0.18784 -0.30001 0.28064 0.18031 0.032136 -0.083455 -0.046287 -0.11807 -0.14218 -0.0013906 0.03864 0.17815 0.07907 0.015922 0.38164 0.12238 -0.086706 0.029188 0.56469 0.24314 0.22658 -0.01952 -0.34873 -0.09425 -0.2719 -0.014626 0.037155 -0.1131 -0.094984 0.2355 0.2286 -0.38444 0.042912 -0.12147 0.15026 -0.35668 0.22308 0.16764 0.029619 -0.1208
-0.10608 -0.10423 -0.067397 -0.15624 -0.03543 0.20995 0.16416 -0.055066 -0.050688 0.057253 -0.18344 -0.1288 -0.1661 -0.05855 0.17832 0.12498 -0.067076 -0.025433 0.57363 -0.27126 0.49223 -0.14301 0.10694 0.19855 0.63436 0.45372 0.23088 0.019683 0.09039 -0.12338 0.37875 0 0.15571 -0.19348 0.21898 0.59073 0.37158 -0.19358 -0.11444 -0.072571 -0.1427 0.27192 -0.0015051 0.04903 0.36775 -0.10265 0.37731 0.10858 0.31236 0.28257 -0.074111 -0.19475 0.24744 -0.28488 0.20447 -0.19055 0.074258 0.14491 0.33161 0.27892 0.071807 0.02873 -0.054175 -0.10871 0.20954 0.74573 0.093465 -0.18224 -0.11586 0.39113 -0.009249 -0.21796 -0.093986 -0.21203 -0.18756 0.020005 -0.098502 -0.23023 0.06773 -0.14136 0.27529 -0.21046 0.31782 0.27351 -0.051216 -0.21873
0.010148 0.014515 -0.021819 -0.02126 -0.010047 0.27772 0.070959 0.024264 0.066126 0.041939 0.014572 -0.026741 -0.022046 -8.2242e-05 0.27647 0.092715 0.010544 0.071419 0.0029774 0.0078511 0.16235 0.16222 0.10037 0.33512 0.41396 0.11466 0.39158 0.057082 0.056448 0.22341 0.27784 0.15571 0 0.10401 -0.049523 -0.025692 -0.075885 0.1382 0.058628 0.070374 -0.028162 0.44674 0.21223 0.062362 0.14747 0.1466 0.14596 -0.06475 0.055858 0.093765 0.092999 0.041924 0.03356 0.0029137 0.11463 0.1254 0.072223 0.28669 0.30903 0.10731 0.38493 0.062092 0.014726 0.21866 0.2784 0.18435 0.44401 0.084038 -0.077891 -0.029498 -0.044542 0.11512 0.043366 0.050103 -0.020842 0.42207 0.15582 -0.0079611 0.13435 0.086186 0.13924 -0.078753 0.08392 0.10529 0.065301 0.0036308
0.12441 0.17432 0.058416 0.19782 0.027741 0.076349 0.017348 0.047699 0.12004 0.19746 0.12352 0.041156 0.16982 0.060982 0.076111 0.018263 0.03063 0.096294 -0.011083 0.39765 -0.075597 0.3582 0.032151 0.10709 -0.02477 -0.027791 0.081286 0.062673 0.067679 0.36667 -0.011108 -0.19348 0.10401 0 0.13273 -0.2076 -0.0047282 0.42744 0.52566 0.28071 0.59302 0.21485 0.10147 0.15774 0.32195 0.37779 0.17012 0.34927 -0.067415 -0.011431 0.36847 0.4863 0.030779 0.35349 -0.10275 0.33425 0.003589 0.090628 -0.061649 -0.034424 0.10611 0.053396 0.041591 0.33268 -0.023816 -0.20616 0.13687 0.77467 0.17884 -0.22445 0.066376 0.40521 0.4487 0.33345 0.53158 0.26737 0.089733 0.13778 0.25947 0.30085 0.16676 0.40949 -0.099906 -0.034674 0.32286 0.45836
0.092094 0.11454 0.22776 0.17605 0.066799 -0.034266 0.02159 -0.025382 0.037849 0.22614 0.034353 0.19139 0.14644 0.025096 -0.036191 0.0056522 -0.022098 0.028594 0.50331 0.20042 0.55745 -0.069346 0.066183 0.12763 0.24168 0.43903 -0.22499 0.0050441 0.42798 -0.03112 -0.16528 0.21898 -0.049523 0.13273 0 0.39421 0.84505 0.0078922 0.09615 0.093335 0.37748 -0.087333 -0.11147 0.56338 0.50056 0.30167 0.24364 0.66946 -0.049068 0.013149 0.12694 0.37521 0.26555 0.18885 0.35044 -0.086528 0.025819 0.064044 0.12724 0.21106 -0.28696 0.0048475 0.28661 -0.033475 -0.20363 0.052253 -0.052007 0.11147 0.66691 0.26821 0.60375 -0.01065 0.087934 0.030179 0.30812 -0.14367 -0.11438 0.23718 0.24957 0.18804 0.18743 0.44633 -0.046112 -0.028267 0.12572 0.32679
-0.059642 -0.06615 -0.0098386 -0.09279 0.0023367 0.019954 0.075664 -0.081448 -0.059943 0.096639 -0.14255 -0.047567 -0.10906 -0.045212 -0.011245 0.042721 -0.080401 -0.052005 0.24579 -0.22367 0.46765 -0.1862 0.03896 0.040465 0.35934 0.39089 -0.03999 -0.013247 0.29222 -0.16776 0.083908 0.59073 -0.025692 -0.2076 0.39421 0 0.61849 -0.16955 -0.14225 -0.12329 -0.076973 -0.080334 -0.16928 0.19721 0.21946 -0.081265 0.023034 0.19567 0.15338 0.085904 -0.08003 -0.1234 -0.0013281 -0.23265 0.20191 -0.1987 0.040834 0.0073301 0.12272 0.17719 -0.19727 -0.011924 0.1114 -0.16152 -0.024701 0.27544 -0.041347 -0.1922 0.082507 0.56223 0.21613 -0.18168 -0.11152 -0.22408 -0.10845 -0.27876 -0.23596 -0.12878 -0.090346 -0.1413 -0.011265 -0.068761 0.12569 0.074862 -0.066738 -0.13445
0.013285 0.0089832 0.13384 0.057456 0.047266 -0.023667 0.06928 -0.074593 -0.013936 0.18545 -0.062459 0.10664 0.042508 -0.010292 -0.044121 0.046482 -0.063333 -0.006553 0.55751 0.0058985 0.54393 -0.13747 0.069163 0.094647 0.24269 0.47367 -0.24349 0.011223 0.46769 -0.081245 -0.096729 0.37158 -0.075885 -0.0047282 0.84505 0.61849 0 -0.079259 -0.026189 -0.040766 0.24551 -0.21693 -0.20495 0.41631 0.34756 0.16601 0.22396 0.55029 0.041389 0.039176 0.015408 0.19101 0.27739 -0.033565 0.30315 -0.14707 0.046512 0.03471 0.022145 0.24166 -0.33643 0.014079 0.27729 -0.090395 -0.17541 0.10611 -0.085567 -0.0167 0.49999 0.4717 0.59617 -0.095259 0.0053379 -0.13123 0.15238 -0.31694 -0.22055 0.077637 0.016364 0.068505 0.15543 0.23502 -0.021836 0.0018517 0.035616 0.15334
0.11406 0.22893 0.092122 0.12741 0.052075 0.092325 -0.011792 0.049447 0.171 0.12188 0.23597 0.09094 0.12833 0.060219 0.07583 -0.049701 0.049083 0.16539 -0.02761 0.29246 -0.12354 0.87956 0.027583 0.30542 0.02504 -0.11713 0.15378 0.35053 0.099624 0.91518 0.00017719 -0.19358 0.1382 0.42744 0.0078922 -0.16955 -0.079259 0 0.4225 0.23826 0.37371 0.29017 0.1316 0.029276 0.11342 0.57401 0.11882 0.1498 -0.056193 -0.021479 0.33062 0.37443 -0.0024814 0.28567 -0.15647 0.84257 0.0099535 0.31352 -0.020488 -0.05045 0.19564 0.41575 0.089074 0.87552 -0.0012318 -0.18693 0.14928 0.40058 0.04801 -0.18397 -0.031002 0.96584 0.45503 0.25677 0.40897 0.34129 0.1483 0.036245 0.093174 0.54031 0.09477 0.27593 -0.06542 -0.049648 0.29546 0.36883
0.065622 0.13353 0.012378 0.19075 0.076125 0.095574 0.055126 0.021658 0.097598 0.26241 0.055381 0.0075969 0.11954 0.064332 0.082336 0.039246 0.0061541 0.082643 0.068766 0.32882 -0.010199 0.31669 0.048251 0.10575 -0.055742 0.023091 0.045604 0.035714 0.031059 0.34151 0.015862 -0.11444 0.058628 0.52566 0.09615 -0.14225 -0.026189 0.4225 0 0.107 0.88636 0.1018 0.018557 0.070315 0.31487 0.42743 0.31601 0.41443 -0.015529 0.040102 0.49284 0.60388 0.054836 0.28879 -0.15457 0.28628 0.0055258 0.087636 -0.13031 -0.031048 0.026607 0.024005 -0.017927 0.308 -0.023174 -0.19524 0.079704 0.47491 0.078547 -0.22299 -0.075052 0.38507 0.89499 0.14032 0.78298 0.10995 -0.0028723 -0.028913 0.15899 0.33132 0.26635 0.39747 -0.092094 -0.014633 0.40802 0.50397
0.36471 0.34154 0.20448 0.2151 0.093246 0.099805 -0.12346 0.073062 0.19371 0.31413 0.3522 0.22745 0.22344 0.090455 0.083756 -0.11071 0.069013 0.18993 -0.099787 0.42676 0.10863 0.095664 0.045052 -0.045537 0.22445 0.035325 0.42294 0.031352 0.26532 0.11447 -0.0095058 -0.072571 0.070374 0.28071 0.093335 -0.12329 -0.040766 0.23826 0.107 0 0.088733 0.54722 0.37501 0.446 0.29967 0.17861 -0.078269 0.36088 -0.072839 -0.051744 0.20436 0.35536 -0.081237 0.39315 0.15935 0.096348 0.043776 -0.054764 0.26021 0.059317 0.4247 0.038066 0.24402 0.073992 0.092115 0.016189 0.037035 0.23146 0.17947 -0.080204 0.10373 0.25568 0.085185 0.6979 0.1131 0.52135 0.34077 0.4392 0.34211 0.080505 -0.058171 0.37254 -0.083322 -0.08605 0.19311 0.36873
0.079576 0.11859 0.083833 0.28445 0.090916 0.055583 0.068896 0.013664 0.073323 0.27396 0.06736 0.065051 0.22326 0.068342 0.057277 0.06712 -0.0043803 0.06693 0.16445 0.40105 0.12913 0.29119 0.057124 0.15003 -0.10145 0.14458 -0.14052 0.087271 0.12279 0.29209 -0.075811 -0.1427 -0.028162 0.59302 0.37748 -0.076973 0.24551 0.37371 0.88636 0.088733 0 -0.074269 -0.037782 0.15809 0.47744 0.51487 0.31514 0.55559 -0.055258 0.013557 0.41907 0.63376 0.12988 0.35341 -0.065945 0.26061 0.0041393 0.12823 -0.19816 0.033591 -0.149 0.08439 0.073601 0.27414 -0.12637 -0.24022 0.031286 0.55971 0.33186 -0.18533 0.12645 0.34374 0.81268 0.12177 0.90944 -0.02429 -0.049127 0.046894 0.2812 0.44901 0.26567 0.50033 -0.1209 -0.033694 0.33468 0.55322
0.18405 0.19666 0.09189 0.039283 0.011206 0.27302 -0.03591 0.050387 0.15382 0.23822 0.19932 0.071357 0.023993 0.039644 0.25795 -0.031327 0.076213 0.15793 -0.058685 0.097553 0.31667 0.29373 0.048907 0.11516 0.71724 -0.019994 0.82076 -0.015256 0.096452 0.25588 0.40429 0.27192 0.44674 0.21485 -0.087333 -0.080334 -0.21693 0.29017 0.1018 0.54722 -0.074269 0 0.43771 0.32417 0.38151 0.17837 0.034284 0.076675 0.13288 0.048443 0.13233 0.063256 -0.052615 0.083438 0.20112 0.24135 0.056259 0.099004 0.55312 -0.020971 0.78097 0.056588 0.0024557 0.24317 0.40128 0.32022 0.3689 0.16818 -0.19126 -0.11589 -0.21949 0.29405 0.083181 0.42628 -0.069167 0.92529 0.35351 0.15339 0.33389 0.022808 0.051776 0.0060785 0.15731 0.079351 0.13312 0.034437
0.099204 0.16656 0.17602 0.13288 0.055176 0.23039 -0.0032709 0.12219 0.1387 0.089823 0.19361 0.17832 0.11816 0.057791 0.23985 0.0027846 0.12543 0.13675 -0.14004 0.28341 -0.044837 0.079006 0.061686 0.042076 0.12526 -0.08065 0.46758 0.074541 0.20524 0.088733 0.39583 -0.0015051 0.21223 0.10147 -0.11147 -0.16928 -0.20495 0.1316 0.018557 0.37501 -0.037782 0.43771 0 0.062285 0.356 -0.033903 0.034006 -0.060317 0.046089 0.037057 0.15886 0.18672 -0.095242 0.26935 -0.063806 0.066865 0.047541 0.032612 0.063772 -0.051573 0.43338 0.079625 0.1506 0.067873 0.42209 0.07032 0.1601 0.085758 -0.10064 -0.17254 -0.10989 0.12831 0.011058 0.32067 -0.02004 0.38694 0.57832 0.040231 0.3289 -0.078277 0.058035 -0.019271 0.037801 0.045451 0.14289 0.17868
0.36024 0.2234 0.25214 0.16196 0.070254 -0.00086078 -0.12614 0.0018108 0.10315 0.45861 0.20222 0.22627 0.13762 0.044233 -0.020657 -0.11012 -0.0099583 0.11652 0.013287 0.2636 0.70758 -0.021419 0.043179 -0.016167 0.53518 0.4007 0.10214 -0.097685 0.44382 -0.01656 -0.20764 0.04903 0.062362 0.15774 0.56338 0.19721 0.41631 0.029276 0.070315 0.446 0.15809 0.32417 0.062285 0 0.47679 0.42864 -0.11377 0.67682 -0.12055 -0.092674 0.085367 0.26376 -0.01729 0.22368 0.54422 -0.045258 0.034951 -0.051438 0.449 0.2224 0.046932 -0.075077 0.28239 -0.032749 -0.14569 0.082929 0.020149 0.12817 0.43811 0.19257 0.31271 0.042375 0.015444 0.37745 0.1132 0.29216 0.038525 0.70874 0.28014 0.22038 -0.087455 0.44699 -0.088774 -0.12785 0.078972 0.20553
0.044147 0.16931 0.20805 0.16877 0.065397 0.17343 0.054719 0.014939 0.080512 0.2832 0.083908 0.12688 0.12748 0.050937 0.15773 0.036983 0.021322 0.083671 0.19658 0.32649 0.42422 0.081231 0.070124 0.093096 0.38185 0.22263 0.26384 -0.022765 0.29668 0.077585 0.2662 0.36775 0.14747 0.32195 0.50056 0.21946 0.34756 0.11342 0.31487 0.29967 0.47744 0.38151 0.356 0.47679 0 0.29385 0.16238 0.48571 0.11574 0.059 0.19299 0.30472 0.036563 0.24447 0.12174 0.028653 0.048215 0.056304 0.076287 0.087619 0.1224 0.0015722 0.061234 0.066949 0.13674 0.11227 0.12599 0.30942 0.17039 -0.034709 0.048747 0.090565 0.26082 0.16567 0.38415 0.16926 0.18304 0.047611 0.53523 0.15579 0.15595 0.20965 0.085489 0.049467 0.17402 0.2439
0.18368 0.12897 0.063137 0.11957 0.01701 0.084961 0.03088 0.010081 0.057403 0.25263 0.095971 0.077377 0.10437 0.018063 0.077882 0.032046 0.0047858 0.063796 0.080105 0.27196 0.38708 0.64269 0.089611 0.51833 0.38238 0.39095 -0.0078063 0.3284 0.19132 0.66092 -0.09426 -0.10265 0.1466 0.37779 0.30167 -0.081265 0.16601 0.57401 0.42743 0.17861 0.51487 0.17837 -0.033903 0.42864 0.29385 0 0.096194 0.52442 -0.063043 -0.0097203 0.18812 0.37167 0.068927 0.25778 0.198 0.6024 0.050911 0.46745 0.2304 0.32292 0.041355 0.28996 0.12961 0.66234 -0.095651 -0.11268 0.15677 0.34674 0.32217 -0.10725 0.18274 0.55912 0.37056 0.19919 0.47128 0.28301 -0.017264 0.263 0.17681 0.93738 0.047608 0.44995 -0.069158 -0.037782 0.16566 0.32581
-0.17421 -0.10936 -0.072762 -0.022935 0.0062557 0.21578 0.23117 0.0039755 -0.00058514 -0.1309 -0.16181 -0.097982 -0.044569 -0.015566 0.21582 0.2002 0.011016 0.014074 0.72381 0.053029 0.056808 0.19642 0.10928 0.34019 0.08717 0.16991 -0.0064667 0.18578 0.072445 0.22362 0.18784 0.37731 0.14596 0.17012 0.24364 0.023034 0.22396 0.11882 0.31601 -0.078269 0.31514 0.034284 0.034006 -0.11377 0.16238 0.096194 0 0.11112 0.073022 0.22725 0.57061 0.31751 0.58705 0.050194 -0.074504 0.16162 0.07451 0.32758 -0.040526 0.095047 -0.050936 0.15892 0.021773 0.20656 0.11094 0.20271 0.15982 0.20574 0.11267 -0.046473 0.076776 0.054506 0.34877 -0.086715 0.31328 0.014569 0.038561 -0.17635 0.073971 0.11685 0.85355 0.069765 0.036819 0.2086 0.47163 0.26791
0.34902 0.24009 0.18557 0.24948 0.10778 -0.070183 -0.062445 -0.00042708 0.11561 0.393 0.22476 0.18257 0.22812 0.083008 -0.082145 -0.066537 -0.027781 0.13797 0.23879 0.37933 0.46216 0.033874 0.064056 0.013356 0.24243 0.43679 -0.15561 -0.10206 0.39856 0.067521 -0.30001 0.10858 -0.06475 0.34927 0.66946 0.19567 0.55029 0.1498 0.41443 0.36088 0.55559 0.076675 -0.060317 0.67682 0.48571 0.52442 0.11112 0 -0.087286 -0.040944 0.2914 0.57891 0.18023 0.36456 0.38043 0.021306 0.023491 -0.048067 0.2781 0.28521 -0.1527 -0.072413 0.31854 0.048757 -0.27465 0.10895 -0.05822 0.29204 0.62215 0.21545 0.50633 0.14898 0.30701 0.3283 0.4764 0.12905 -0.03301 0.50937 0.39701 0.37639 0.087637 0.8302 -0.073532 -0.083286 0.22892 0.5169
-0.098448 -0.047619 -0.050097 -0.066612 -0.028384 0.057007 0.042501 -0.003094 -0.029756 -0.016303 -0.085712 -0.08083 -0.083484 -0.039817 0.044124 0.040893 -0.014395 -0.035576 0.11654 -0.12824 0.033602 -0.031729 0.031389 0.067567 0.16431 0.023893 0.14041 0.016615 -0.034211 -0.017401 0.28064 0.31236 0.055858 -0.067415 -0.049068 0.15338 0.041389 -0.056193 -0.015529 -0.072839 -0.055258 0.13288 0.046089 -0.12055 0.11574 -0.063043 0.073022 -0.087286 0 0.09432 -0.07214 -0.12795 0.037059 -0.14796 -0.094091 -0.025936 0.0083772 0.059974 -0.0052599 0.014157 0.071091 0.027398 -0.096915 -0.017027 0.15999 0.19817 0.035402 -0.058098 -0.16753 0.054906 -0.12525 -0.051013 0.0023537 -0.15492 -0.075681 0.010281 -0.0049801 -0.25837 -0.014357 -0.050217 0.059085 -0.19266 0.21339 0.090467 -0.039406 -0.14492
-0.066519 -0.056797 -0.047264 -0.021375 -0.021974 0.15131 0.13393 0.00011254 -0.021688 -0.0070105 -0.078048 -0.067015 -0.047653 -0.012202 0.13507 0.10766 -0.01487 0.025634 0.16713 -0.044405 0.006888 0.018227 0.10584 0.15162 0.10224 0.121 0.047848 0.055321 0.052424 0.015336 0.18031 0.28257 0.093765 -0.011431 0.013149 0.085904 0.039176 -0.021479 0.040102 -0.051744 0.013557 0.048443 0.037057 -0.092674 0.059 -0.0097203 0.22725 -0.040944 0.09432 0 0.030734 0.022591 0.09815 -0.066481 -0.055338 0.0082121 0.04079 0.12517 0.018954 0.093005 0.028767 0.047013 -0.025733 0.029821 0.1367 0.20992 0.068371 -0.014454 -0.043444 0.025636 -0.027181 -0.031792 0.028318 -0.092087 -0.0069497 0.013063 0.0048125 -0.14846 0.028433 -0.013377 0.19584 -0.08077 0.10223 0.17167 0.016604 0.0069524
0.031612 0.16957 0.071029 0.13315 0.063125 0.11596 0.014944 0.045392 0.12377 0.034801 0.16782 0.066613 0.12696 0.076403 0.0993 0.011268 0.042405 0.16847 0.16215 0.2936 -0.015294 0.21539 0.051823 0.12538 0.0097371 -0.0027758 0.12162 0.13199 0.1377 0.28009 0.032136 -0.074111 0.092999 0.36847 0.12694 -0.08003 0.015408 0.33062 0.49284 0.20436 0.41907 0.13233 0.15886 0.085367 0.19299 0.18812 0.57061 0.2914 -0.07214 0.030734 0 0.50962 0.22652 0.30131 -0.0042032 0.21234 0.042535 0.13253 0.022749 -0.0082577 0.1046 0.12206 0.13814 0.25137 0.051823 -0.054745 0.11141 0.35776 0.18628 -0.079084 0.095491 0.30423 0.45861 0.24728 0.41313 0.18013 0.16634 0.082114 0.20281 0.17679 0.53879 0.36349 -0.045148 -0.0049965 0.65455 0.46845
0.22866 0.29231 0.18677 0.3522 0.14262 0.080799 0.027417 0.087546 0.18616 0.22461 0.28599 0.19347 0.32263 0.12397 0.083694 0.024337 0.062725 0.19442 0.11488 0.56898 -0.044125 0.24571 0.10266 0.14255 -0.081125 0.095742 -0.029339 0.1282 0.32901 0.28314 -0.083455 -0.19475 0.041924 0.4863 0.37521 -0.1234 0.19101 0.37443 0.60388 0.35536 0.63376 0.063256 0.18672 0.26376 0.30472 0.37167 0.31751 0.57891 -0.12795 0.022591 0.50962 0 0.15307 0.54496 -0.010952 0.23706 0.058068 0.098966 -0.037939 0.0702 0.0059945 0.12733 0.32432 0.25364 -0.057618 -0.15046 0.056413 0.45521 0.49083 -0.089388 0.33549 0.36419 0.52883 0.4057 0.6057 0.16536 0.20247 0.26779 0.33681 0.32581 0.27967 0.64531 -0.12799 -0.034066 0.41668 0.77182
-0.046991 -0.12522 -0.032269 -0.022621 -0.01097 0.031803 0.092624 -0.024115 -0.036912 -0.15514 -0.1459 -0.031151 0.0036126 -0.017928 0.041095 0.10483 -0.015342 -0.0093084 0.65526 0.014961 0.03771 0.08773 0.019884 0.24294 0.036795 0.1256 -0.1564 0.15656 0.080019 0.093397 -0.046287 0.24744 0.03356 0.030779 0.26555 -0.0013281 0.27739 -0.0024814 0.054836 -0.081237 0.12988 -0.052615 -0.095242 -0.01729 0.036563 0.068927 0.58705 0.18023 0.037059 0.09815 0.22652 0.15307 0 0.031589 0.17818 0.093373 0.035149 0.27701 0.15951 0.19933 -0.15116 0.10586 0.11177 0.088371 -0.037015 0.41301 0.040112 0.050133 0.39758 0.15871 0.44796 -0.03456 0.10045 -0.045248 0.18202 0.013264 -0.046132 0.023744 0.23583 0.071043 0.713 0.1965 0.05088 0.16911 0.19723 0.14466
