0,0.340711832046509,0.27062401175499,0.28105640411377,0.0847490206360817,-0.0085056135430932,-0.0900236815214157,0.0621790699660778,0.210554838180542,0.728949189186096,0.419161975383759,0.357325583696365,0.295330345630646,0.114262484014034,-1.42864882946014e-05,-0.0953085571527481,0.0443995483219624,0.265282392501831,-0.156395480036736,0.238041758537292,0.0641625747084618,-0.0210199169814587,0.0241877119988203,-0.0540181025862694,0.0690556094050407,0.141868457198143,0.0977248921990395,0.0223186686635017,0.19022873044014,0.00206964532844722,-0.150671482086182,-0.106077469885349,0.0101479291915894,0.124408215284348,0.0920943170785904,-0.059641994535923,0.0132851572707295,0.114057436585426,0.0656222030520439,0.364705801010132,0.0795757472515106,0.184048846364021,0.0992038771510124,0.360236495733261,0.044147327542305,0.183683142066002,-0.174214541912079,0.349024504423141,-0.0984484627842903,-0.0665186569094658,0.0316122397780418,0.228655159473419,-0.0469909310340881,0.27997812628746,0.411912024021149,-0.0185468476265669,0.0339110903441906,-0.0736326202750206,0.365085005760193,0.247666597366333,0.191509380936623,0.00544003630056977,0.320810467004776,-0.0272472649812698,-0.030245129019022,0.12707944214344,0.0212135408073664,0.140041425824165,0.386170148849487,0.191124334931374,0.292864739894867,0.134112387895584,0.0705887004733086,0.450091242790222,0.182578101754189,0.308411091566086,0.177046909928322,0.588521480560303,0.39177018404007,0.201219618320465,-0.129929810762405,0.524754166603088,-0.00185151188634336,-0.0828773528337479,0.049719326198101,0.278237462043762
0.340711832046509,0,0.25274720788002,0.276123404502869,0.112218096852303,0.0147518469020724,-0.079286202788353,0.0733007937669754,0.223951429128647,0.355066657066345,0.493930160999298,0.269132822751999,0.259814083576202,0.100344471633434,-0.00293870083987713,-0.0958834961056709,0.0577095225453377,0.212051153182983,-0.109767623245716,0.268073052167892,0.0489058084785938,0.0889697670936584,0.0208382792770863,-0.0485058948397636,0.0709812790155411,0.0492681041359901,0.146187320351601,0.0743656530976295,0.14929573237896,0.127286061644554,-0.0288272891193628,-0.104229174554348,0.0145153636112809,0.174319267272949,0.114535942673683,-0.0661497414112091,0.00898318085819483,0.228934466838837,0.133526563644409,0.341536939144135,0.118589855730534,0.19665889441967,0.166562512516975,0.223401606082916,0.169312715530396,0.128973543643951,-0.109360866248608,0.240087330341339,-0.0476188771426678,-0.056796919554472,0.169567435979843,0.292305082082748,-0.125224813818932,0.261821389198303,0.0642151609063148,0.0858259499073029,0.0174329429864883,-0.0734440535306931,0.0702885091304779,0.000407857791287825,0.13494898378849,0.0710956007242203,0.135924205183983,0.0863093882799149,-0.0123520996421576,-0.088993988931179,-0.0142656425014138,0.106918476521969,0.16080416738987,-0.035086527466774,0.0774302408099174,0.26224285364151,0.0818428248167038,0.321741431951523,0.0951807945966721,0.187844544649124,0.156310096383095,0.191426709294319,0.167059496045113,0.0680355355143547,-0.121371239423752,0.225470051169395,-0.0496052242815495,-0.0734050720930099,0.157763198018074,0.267240136861801
0.27062401175499,0.25274720788002,0,0.393862247467041,0.0987195819616318,0.0360924415290356,-0.0202366393059492,0.149318352341652,0.143548563122749,0.288777142763138,0.274230122566223,0.579306423664093,0.380790799856186,0.0683765113353729,0.0319768749177456,-0.0323675014078617,0.11839247494936,0.155406415462494,-0.0323709398508072,0.204379081726074,0.120014689862728,0.00512589141726494,0.0115687279030681,-0.0367048978805542,0.0374280028045177,0.0498635172843933,0.0855294540524483,0.0010980605147779,0.19406695663929,0.0266073457896709,-0.00210243719629943,-0.0673973709344864,-0.0218193214386702,0.0584164820611477,0.22775536775589,-0.00983863975852728,0.133844539523125,0.0921217277646065,0.0123784327879548,0.204475879669189,0.0838331952691078,0.0918904840946198,0.176018178462982,0.252139627933502,0.208045274019241,0.0631368011236191,-0.0727617889642715,0.185574755072594,-0.0500965528190136,-0.0472643822431564,0.071028858423233,0.186766788363457,-0.0322690457105637,0.176690936088562,0.111370764672756,-0.0112218093127012,0.0359088405966759,-0.0595068670809269,0.0345133058726788,0.0275471117347479,0.0697360709309578,0.00942025054246187,0.164621934294701,-0.000861949869431555,0.00414095865562558,-0.0724834203720093,-0.0116682080551982,0.0317595191299915,0.196857169270515,-0.022838968783617,0.137319073081017,0.102600865066051,-0.0117822280153632,0.202137097716331,0.0902301147580147,0.0809822976589203,0.125497594475746,0.173042640089989,0.163031801581383,0.0133407711982727,-0.0697756409645081,0.175764188170433,-0.0614806078374386,-0.0531296506524086,0.0815588384866714,0.174847081303596
0.28105640411377,0.276123404502869,0.393862247467041,0,0.189891695976257,0.0121881449595094,-0.00790530722588301,0.110015824437141,0.141695007681847,0.259428918361664,0.282066345214844,0.375779747962952,0.647931396961212,0.126054584980011,0.00723354704678059,-0.0169368200004101,0.0963160693645477,0.14898507297039,-0.0578486733138561,0.300672978162766,-0.0284109208732843,0.0365539528429508,0.0132590141147375,-0.0182135868817568,-0.0846922844648361,0.0163846593350172,0.0103121036663651,0.0249052848666906,0.148558795452118,0.0508741103112698,-0.0280230455100536,-0.156239405274391,-0.021259818226099,0.197819709777832,0.176050305366516,-0.0927899330854416,0.0574558265507221,0.127412676811218,0.19074784219265,0.215097516775131,0.284454166889191,0.0392833910882473,0.132875040173531,0.161961644887924,0.16877207159996,0.11957310885191,-0.0229352861642838,0.249480918049812,-0.0666124597191811,-0.0213752668350935,0.133151546120644,0.352203696966171,-0.022620702162385,0.286133348941803,0.0171548090875149,0.0391693897545338,0.0116920992732048,-0.034426111727953,-0.0428160764276981,-0.0122074475511909,0.0236686542630196,0.0303146578371525,0.154749974608421,0.0333486087620258,-0.0239564906805754,-0.130744099617004,0.00643346877768636,0.158161118626595,0.259895116090775,-0.0638271793723106,0.153145134449005,0.146252319216728,0.123310849070549,0.251032292842865,0.267215490341187,0.0777505487203598,0.13503822684288,0.180043876171112,0.187301158905029,0.0959501564502716,-0.0384998172521591,0.305267632007599,-0.0647655725479126,-0.0560508593916893,0.127148285508156,0.348754048347473
0.0847490206360817,0.112218096852303,0.0987195819616318,0.189891695976257,0,-0.00413443939760327,-0.0209460649639368,0.019145866855979,0.0553172491490841,0.0957488119602203,0.104078516364098,0.108333051204681,0.162009239196777,0.0461364388465881,-0.00365973124280572,-0.0282436423003674,0.0198874920606613,0.0612282603979111,-0.0184775497764349,0.106545820832253,-0.00252492190338671,0.00551685411483049,0.01153623778373,-0.0118612479418516,-0.020276352763176,0.000433508277637884,-0.00628155330196023,-0.0113192023709416,0.0699321329593658,0.00837069749832153,-0.0285800620913506,-0.0354300476610661,-0.0100467894226313,0.0277413986623287,0.0667991936206818,0.00233667576685548,0.0472659729421139,0.0520745813846588,0.0761248469352722,0.0932455956935883,0.0909156799316406,0.0112063009291887,0.0551764816045761,0.0702536255121231,0.0653968378901482,0.0170099977403879,0.00625570910051465,0.107779316604137,-0.0283836871385574,-0.0219744872301817,0.0631245076656342,0.142624512314796,-0.0109698288142681,0.112217769026756,-0.0182712376117706,-0.00144508189987391,-0.0135036166757345,-0.031706091016531,-0.0359264425933361,-0.0119216032326221,-0.00421420019119978,-0.00306617724709213,0.0607921853661537,-0.00347981136292219,-0.021644463762641,-0.0460751764476299,-0.0166458301246166,0.0311243385076523,0.0844638124108315,-0.0102469734847546,0.0621984638273716,0.0525067634880543,0.0582975074648857,0.0803075283765793,0.0815269276499748,0.00179361540358514,0.0266763549298048,0.0449188612401485,0.0511674247682095,-0.00370013783685863,-0.0105947265401483,0.105606362223625,-0.040504090487957,-0.0238710641860962,0.0470894984900951,0.12947291135788
-0.0085056135430932,0.0147518469020724,0.0360924415290356,0.0121881449595094,-0.00413443939760327,0,0.166611433029175,0.0233697015792131,0.0869110003113747,0.0557685904204845,0.000238934531807899,0.0261182375252247,0.00482785375788808,-0.0163390580564737,0.437661647796631,0.16719189286232,0.042789202183485,0.0714390948414803,0.0663144215941429,0.0416797026991844,0.14182835817337,0.105519652366638,0.13811993598938,0.223646268248558,0.243727013468742,0.124899201095104,0.340677618980408,0.131125018000603,0.0846923887729645,0.129921764135361,0.30288028717041,0.209950983524323,0.2777219414711,0.076349288225174,-0.0342656821012497,0.0199542790651321,-0.0236666146665812,0.0923250988125801,0.0955735146999359,0.0998053848743439,0.0555825270712376,0.273018032312393,0.230391219258308,-0.000860776519402862,0.173427641391754,0.0849610567092896,0.215781658887863,-0.0701825767755508,0.0570074953138828,0.151307284832001,0.115964330732822,0.0807989984750748,0.0318027324974537,0.0273997038602829,0.00695034256204963,0.0839058011770248,0.0905946344137192,0.214010939002037,0.133443087339401,0.0905027091503143,0.290502458810806,0.13383013010025,0.0157935675233603,0.117664664983749,0.279673904180527,0.139376029372215,0.237082898616791,0.0697693526744843,-0.114248886704445,-0.0506166890263557,-0.0910063832998276,0.0679470375180244,0.100764155387878,0.0419140160083771,0.050826583057642,0.230456233024597,0.156593814492226,-0.088230736553669,0.0791210234165192,0.0497551783919334,0.18566207587719,-0.104058131575584,0.0568737797439098,0.124007157981396,0.100578300654888,0.0527800992131233
-0.0900236815214157,-0.079286202788353,-0.0202366393059492,-0.00790530722588301,-0.0209460649639368,0.166611433029175,0,-0.0101829022169113,-0.00834708288311958,-0.0431498102843761,-0.103921882808208,-0.0428153425455093,-0.0279998816549778,-0.0255197193473577,0.172661438584328,0.252731919288635,-0.0100340005010366,-0.0315891951322556,0.15088015794754,-0.0418333075940609,0.0484712049365044,0.0272662471979856,0.0758452787995338,0.176881223917007,0.0633970499038696,0.130021616816521,-0.00158618728164583,0.0715155825018883,0.0153402099385858,0.0395444110035896,0.162342861294746,0.164155676960945,0.0709587261080742,0.0173477344214916,0.021590081974864,0.075663648545742,0.0692797973752022,-0.011791848577559,0.0551256090402603,-0.12345589697361,0.0688961818814278,-0.0359099507331848,-0.0032708658836782,-0.126139149069786,0.0547189712524414,0.0308803357183933,0.231166779994965,-0.0624450035393238,0.0425013937056065,0.133928626775742,0.0149437794461846,0.0274167843163013,0.0926235914230347,-0.0513583421707153,-0.0622437968850136,0.020081078633666,0.0302928276360035,0.15575684607029,-0.0342613570392132,0.0738373920321465,-0.029247559607029,0.0595941245555878,-0.0245874207466841,0.0360764935612679,0.0883990377187729,0.086352214217186,0.0557404942810535,0.0213684048503637,-0.0574497207999229,-0.0175702590495348,-0.0249929148703814,-0.0303730107843876,0.0594902262091637,-0.138923600316048,0.0692183002829552,-0.0576673448085785,-0.0237433053553104,-0.185979604721069,-0.023316316306591,0.036842942237854,0.187988087534904,-0.122018367052078,0.0285427886992693,0.111089758574963,0.00073159288149327,-0.00470816576853395
0.0621790699660778,0.0733007937669754,0.149318352341652,0.110015824437141,0.019145866855979,0.0233697015792131,-0.0101829022169113,0,0.0530438609421253,0.0433186739683151,0.0776012092828751,0.129860296845436,0.105652771890163,0.0153811415657401,0.0349634699523449,0.00127023668028414,0.11011715233326,0.0648560523986816,-0.0369450375437737,0.0910341441631317,-0.0562088713049889,0.0251212120056152,0.000973502814304084,-0.00830124225467443,-0.0384181067347527,-0.0206823125481606,0.0592146851122379,0.0174393188208342,0.0265019498765469,0.0134934680536389,0.0691296681761742,-0.0550664328038692,0.0242642164230347,0.0476994849741459,-0.025382075458765,-0.0814481750130653,-0.0745934695005417,0.0494474582374096,0.0216584652662277,0.0730619728565216,0.013663942925632,0.0503865629434586,0.122191026806831,0.00181082531344146,0.0149392886087298,0.0100814625620842,0.00397549895569682,-0.000427075166953728,-0.00309403566643596,0.000112537294626236,0.0453923679888248,0.0875461846590042,-0.0241149552166462,0.0758253857493401,-0.0396003276109695,0.0266121122986078,-0.0035682728048414,0.000108020380139351,-0.0173876788467169,0.00463766092434525,0.07192063331604,0.032501608133316,0.0320618264377117,0.00554408505558968,0.066832460463047,-0.0375287011265755,0.0102662658318877,0.0451101288199425,0.00134936848189682,-0.0845295935869217,-0.0134165212512016,0.0562336668372154,0.013753411360085,0.0804419293999672,0.0330959968268871,0.0616407655179501,0.103566095232964,0.0200803633779287,0.0359749384224415,0.00914924405515194,0.011535364203155,0.0544537343084812,-0.014969882555306,0.00063205132028088,0.0564194247126579,0.0899077951908112
0.210554838180542,0.223951429128647,0.143548563122749,0.141695007681847,0.0553172491490841,0.0869110003113747,-0.00834708288311958,0.0530438609421253,0,0.223428219556808,0.229672834277153,0.131171777844429,0.135754883289337,0.0488373972475529,0.0739081650972366,-0.0226733162999153,0.0513978376984596,0.19886939227581,-0.0467376969754696,0.165910020470619,0.00812635570764542,0.0690806955099106,0.0186874475330114,0.00695463782176375,0.0344781205058098,0.00895250961184502,0.130073621869087,0.0215457454323769,0.0800587013363838,0.0972285643219948,0.0216361414641142,-0.0506876446306705,0.06612628698349,0.120038241147995,0.037848599255085,-0.0599428713321686,-0.0139357158914208,0.171001210808754,0.097597636282444,0.193710058927536,0.0733233615756035,0.15381546318531,0.138696551322937,0.103154666721821,0.0805118158459663,0.0574033185839653,-0.000585140602197498,0.115612201392651,-0.0297564473003149,-0.0216879025101662,0.123769037425518,0.186164692044258,-0.0369115397334099,0.172929748892784,0.0441431850194931,0.062377005815506,0.0304783191531897,-0.00964015815407038,0.0616883523762226,0.0177094042301178,0.147034034132957,0.0165266282856464,0.0947360917925835,0.0868362858891487,0.0603145696222782,-0.0113151548430324,0.0363368317484856,0.0741425529122353,0.0862563252449036,-0.0326054804027081,0.0399419255554676,0.177625954151154,0.076435424387455,0.186991915106773,0.0678709074854851,0.174643248319626,0.140547156333923,0.108232654631138,0.125587925314903,0.0263263303786516,-0.00134866044390947,0.149548932909966,-0.0351533144712448,-0.00418474059551954,0.125542014837265,0.175816491246223
0.728949189186096,0.355066657066345,0.288777142763138,0.259428918361664,0.0957488119602203,0.0557685904204845,-0.0431498102843761,0.0433186739683151,0.223428219556808,0,0.327010482549667,0.28235125541687,0.218712210655212,0.100539334118366,0.0477094948291779,-0.0536772534251213,0.0360613130033016,0.231883734464645,-0.0698514059185982,0.233610466122627,0.260370939970016,0.00268268934451044,0.0481507666409016,-0.078861765563488,0.222014904022217,0.233354091644287,0.150698900222778,-0.0657728537917137,0.204882368445396,0.00706781027838588,-0.0157764498144388,0.0572526641190052,0.0419387556612492,0.197455152869225,0.226140156388283,0.0966391563415527,0.185454711318016,0.121881164610386,0.262410700321198,0.314131885766983,0.273964405059814,0.238223388791084,0.0898226276040077,0.458611965179443,0.283199310302734,0.252625316381454,-0.130900472402573,0.392999976873398,-0.0163030438125134,-0.00701050227507949,0.0348008647561073,0.224611788988113,-0.155136704444885,0.173212274909019,0.129717901349068,-0.00818034540861845,0.0251626372337341,-0.0918351486325264,0.122898250818253,0.12603884935379,0.104832172393799,-0.0341604165732861,0.102637343108654,0.000202059745788574,-0.0199973564594984,0.00927081238478422,0.0260676499456167,0.133181422948837,0.1385128647089,0.0342622846364975,0.0485013537108898,0.139361068606377,0.150528103113174,0.266057878732681,0.164396584033966,0.153042018413544,0.0587929412722588,0.236921355128288,0.0983727052807808,0.0936718136072159,-0.116909883916378,0.322754234075546,-0.0385639891028404,-0.0551435388624668,0.052757766097784,0.188381373882294
0.419161975383759,0.493930160999298,0.274230122566223,0.282066345214844,0.104078516364098,0.000238934531807899,-0.103921882808208,0.0776012092828751,0.229672834277153,0.327010482549667,0,0.327595680952072,0.310053497552872,0.114119224250317,-0.00738952262327075,-0.110993511974812,0.096165306866169,0.254387080669403,-0.19245944917202,0.296327769756317,-0.0116938576102257,0.0726636126637459,0.0172045901417732,-0.0628658682107925,0.0225296933203936,-0.0126118324697018,0.149873867630959,0.0621944703161716,0.132898524403572,0.111586883664131,-0.0573642961680889,-0.183442041277885,0.0145716425031424,0.123523645102978,0.0343531407415867,-0.142553597688675,-0.0624591857194901,0.235967293381691,0.0553806647658348,0.35220143198967,0.0673599690198898,0.199324712157249,0.193606182932854,0.202218815684319,0.0839079171419144,0.0959711894392967,-0.161808624863625,0.224755004048347,-0.085711807012558,-0.0780483260750771,0.167824655771255,0.285991609096527,-0.145896971225739,0.308370769023895,0.151735693216324,0.0808513015508652,0.00884679146111012,-0.0924076810479164,0.154955014586449,0.00193026044871658,0.198825508356094,0.0414763651788235,0.192975074052811,0.0740622207522392,-0.00369626842439175,-0.0621425658464432,0.00860176980495453,0.133731961250305,0.240984365344048,-0.00603790301829576,0.152228832244873,0.274340659379959,0.040213368833065,0.403617322444916,0.108352199196815,0.264962822198868,0.208754524588585,0.31056135892868,0.265877664089203,0.0764521956443787,-0.139633268117905,0.312082529067993,-0.0385534353554249,-0.102459169924259,0.172395065426826,0.307091563940048
0.357325583696365,0.269132822751999,0.579306423664093,0.375779747962952,0.108333051204681,0.0261182375252247,-0.0428153425455093,0.129860296845436,0.131171777844429,0.28235125541687,0.327595680952072,0,0.403267353773117,0.0859808027744293,0.0285348482429981,-0.0318539924919605,0.146525695919991,0.155140519142151,-0.0766109004616737,0.210297793149948,0.0659427791833878,-0.0226350426673889,-0.00611827615648508,-0.0539187341928482,0.00435961643233895,0.0298684295266867,0.0872852951288223,0.0128357401117682,0.189720287919044,0.00577479135245085,-0.0420108586549759,-0.128798604011536,-0.0267410892993212,0.0411564707756042,0.19138939678669,-0.0475670658051968,0.106643669307232,0.0909397080540657,0.00759685318917036,0.227446064352989,0.0650507360696793,0.0713570937514305,0.178316369652748,0.226273372769356,0.126877576112747,0.0773770585656166,-0.0979821607470512,0.182574823498726,-0.0808299109339714,-0.0670154020190239,0.0666127055883408,0.193466797471046,-0.0311508607119322,0.238959863781929,0.184075877070427,-0.0462501011788845,0.0235702656209469,-0.0723400413990021,0.0883290097117424,0.0598727837204933,0.0910204201936722,-0.00288999103941023,0.237918719649315,-0.0214288532733917,0.0037210532464087,-0.0449735336005688,0.00834036152809858,0.0441891551017761,0.276449739933014,0.0495322570204735,0.224991247057915,0.102085396647453,-0.0433986261487007,0.269359141588211,0.0813767537474632,0.121158018708229,0.187790110707283,0.278807729482651,0.233703643083572,0.0355647355318069,-0.0907628387212753,0.238664224743843,-0.0535959824919701,-0.0532205924391747,0.0596801191568375,0.216188117861748
0.295330345630646,0.259814083576202,0.380790799856186,0.647931396961212,0.162009239196777,0.00482785375788808,-0.0279998816549778,0.105652771890163,0.135754883289337,0.218712210655212,0.310053497552872,0.403267353773117,0,0.145917952060699,0.0100469412282109,-0.00832654256373644,0.117398500442505,0.158322244882584,-0.0626238286495209,0.27516308426857,-0.0366296321153641,0.0348558835685253,0.016433198004961,-0.0231001377105713,-0.0901812016963959,0.00224024243652821,-0.0029158724937588,0.0477844700217247,0.136601999402046,0.0463596396148205,-0.0655838176608086,-0.166095718741417,-0.022045599296689,0.169815689325333,0.146436333656311,-0.109055712819099,0.0425081178545952,0.12833160161972,0.119536429643631,0.223441898822784,0.223257064819336,0.0239933561533689,0.118159562349319,0.137623116374016,0.127481400966644,0.10437123477459,-0.0445687212049961,0.228119179606438,-0.0834843441843987,-0.0476530715823174,0.126959457993507,0.322633028030396,0.003612618194893,0.293166667222977,0.0309936124831438,0.0290385745465755,0.0169384554028511,-0.0207603946328163,-0.0322320088744164,0.0299976784735918,0.012744621373713,0.0444882363080978,0.190311133861542,0.0292053408920765,-0.0369761884212494,-0.116221435368061,-0.00265249353833497,0.161333873867989,0.290343254804611,-0.0446086078882217,0.189739793539047,0.146713122725487,0.119443565607071,0.256265074014664,0.291503816843033,0.0776080414652824,0.134050443768501,0.201366871595383,0.199842855334282,0.0988847464323044,-0.00822380278259516,0.321936637163162,-0.0859206095337868,-0.0485340356826782,0.127346515655518,0.380091637372971
0.114262484014034,0.100344471633434,0.0683765113353729,0.126054584980011,0.0461364388465881,-0.0163390580564737,-0.0255197193473577,0.0153811415657401,0.0488373972475529,0.100539334118366,0.114119224250317,0.0859808027744293,0.145917952060699,0,-0.00859988480806351,-0.0282121151685715,0.00707639800384641,0.0933103933930397,-0.0273886173963547,0.133944183588028,-0.0427507534623146,0.0167835149914026,0.0112781506031752,-0.0192015860229731,-0.0280098207294941,-0.0201153326779604,0.0149779198691249,-0.0105713894590735,0.0341841243207455,0.0183626096695662,-0.0305148437619209,-0.0585504435002804,-8.22423025965691e-05,0.060981959104538,0.0250964127480984,-0.0452116951346397,-0.0102919088676572,0.0602186731994152,0.0643324330449104,0.0904550477862358,0.0683421120047569,0.039643969386816,0.0577913261950016,0.0442332699894905,0.0509367361664772,0.0180629249662161,-0.0155664021149278,0.083008348941803,-0.0398171506822109,-0.0122016314417124,0.0764033272862434,0.123972691595554,-0.01792779751122,0.107095114886761,0.00224692653864622,0.016996743157506,0.0054993168450892,-0.0216618105769157,-0.00322384713217616,-0.0107027161866426,0.028350654989481,-0.0104422559961677,0.0327299199998379,0.0213029682636261,-0.0102014522999525,-0.0322001874446869,-0.00388931855559349,0.0700148493051529,0.0790072903037071,-0.0336811058223248,0.0585795193910599,0.0743542611598969,0.0684919804334641,0.0933134034276009,0.0882818326354027,0.0507578924298286,0.0718163698911667,0.0662517175078392,0.0932739973068237,0.00722380355000496,-0.0144369248300791,0.11956075578928,-0.0256739109754562,-0.0258238408714533,0.0655838325619698,0.136660739779472
-1.42864882946014e-05,-0.00293870083987713,0.0319768749177456,0.00723354704678059,-0.00365973124280572,0.437661647796631,0.172661438584328,0.0349634699523449,0.0739081650972366,0.0477094948291779,-0.00738952262327075,0.0285348482429981,0.0100469412282109,-0.00859988480806351,0,0.212309390306473,0.0407568775117397,0.0697218552231789,0.0538614355027676,0.0390495955944061,0.128835454583168,0.0919885635375977,0.111046306788921,0.234025284647942,0.226389899849892,0.128544688224792,0.322669386863708,0.128269657492638,0.089603990316391,0.110516779124737,0.30852597951889,0.178320676088333,0.276466190814972,0.0761112421751022,-0.036190789192915,-0.011245402507484,-0.0441214367747307,0.0758299976587296,0.082335501909256,0.083755686879158,0.0572766736149788,0.257952630519867,0.239853054285049,-0.0206574238836765,0.157725036144257,0.0778816342353821,0.215821593999863,-0.0821445733308792,0.0441244952380657,0.135069563984871,0.0993004068732262,0.083693690598011,0.0410947725176811,0.0443697236478329,0.0541495010256767,0.0799829512834549,0.10577405244112,0.227723032236099,0.163057237863541,0.131454512476921,0.304205417633057,0.11340507119894,0.059443037956953,0.103774309158325,0.272414863109589,0.160691559314728,0.279746562242508,0.0666652694344521,-0.0816170871257782,-0.0465269386768341,-0.0673740357160568,0.0635410845279694,0.109739206731319,0.0684314370155334,0.0531173534691334,0.249641507863998,0.175634875893593,-0.0621655769646168,0.104055099189281,0.0696423128247261,0.207813739776611,-0.0784705281257629,0.0386709310114384,0.142884120345116,0.102196253836155,0.0811905935406685
-0.0953085571527481,-0.0958834961056709,-0.0323675014078617,-0.0169368200004101,-0.0282436423003674,0.16719189286232,0.252731919288635,0.00127023668028414,-0.0226733162999153,-0.0536772534251213,-0.110993511974812,-0.0318539924919605,-0.00832654256373644,-0.0282121151685715,0.212309390306473,0,0.0137034291401505,-0.00653929635882378,0.115732990205288,-0.0376270152628422,0.0415623970329762,0.0254098027944565,0.0732497051358223,0.168343439698219,0.0416925884783268,0.119151502847672,-0.00948949903249741,0.028860604390502,0.0152902891859412,0.0317846015095711,0.134896963834763,0.124975480139256,0.0927148684859276,0.018262967467308,0.00565218878909945,0.0427211746573448,0.0464821346104145,-0.0497008077800274,0.0392461195588112,-0.110705621540546,0.0671198889613152,-0.0313274748623371,0.00278458395041525,-0.11012314260006,0.0369828976690769,0.0320462547242641,0.200204312801361,-0.0665368884801865,0.0408932082355022,0.107658237218857,0.0112675679847598,0.0243366435170174,0.104828603565693,-0.0385533720254898,-0.0225835107266903,0.0161655135452747,0.0417780801653862,0.17869208753109,-0.00831506494432688,0.119042977690697,-0.0257505029439926,0.0232127141207457,-0.00235129077918828,0.0273535996675491,0.0996766090393066,0.0914675816893578,0.0995556488633156,0.0225629173219204,-0.019474795088172,-0.00577497389167547,0.0140449982136488,-0.0597804374992847,0.0573457144200802,-0.127939090132713,0.0745519250631332,-0.0485899075865746,-0.027942568063736,-0.142537161707878,-0.0121551062911749,0.0418550558388233,0.209314927458763,-0.0838990211486816,0.0274425707757473,0.133770689368248,0.00204869732260704,0.0210820194333792
0.0443995483219624,0.0577095225453377,0.11839247494936,0.0963160693645477,0.0198874920606613,0.042789202183485,-0.0100340005010366,0.11011715233326,0.0513978376984596,0.0360613130033016,0.096165306866169,0.146525695919991,0.117398500442505,0.00707639800384641,0.0407568775117397,0.0137034291401505,0,0.0687123462557793,-0.027124922722578,0.0906051620841026,-0.0481600649654865,0.0313753001391888,0.0160232037305832,-0.00394249614328146,-0.0139297982677817,-0.0342350341379642,0.0815560668706894,0.0316113457083702,0.0176814626902342,0.033273383975029,0.0556956455111504,-0.0670764595270157,0.0105436788871884,0.0306297522038221,-0.0220975819975138,-0.0804011002182961,-0.0633326396346092,0.0490834526717663,0.00615413254126906,0.0690128281712532,-0.00438025314360857,0.0762132629752159,0.125431954860687,-0.00995831564068794,0.0213224645704031,0.00478575052693486,0.0110155642032623,-0.0277808401733637,-0.0143953859806061,-0.0148703632876277,0.0424053370952606,0.0627247989177704,-0.0153423706069589,0.0778313502669334,-0.03671870008111,0.0312721878290176,0.00917318370193243,0.0175508260726929,-0.0160170048475266,-0.0132778724655509,0.0717608332633972,0.0264154598116875,0.0250329729169607,0.0239758063107729,0.0500064045190811,-0.0347537100315094,0.0242174006998539,0.0348860137164593,-0.0107083534821868,-0.101863220334053,-0.026323676109314,0.0518679544329643,-0.00368154910393059,0.0737124308943748,0.00152660044841468,0.0755720213055611,0.11573114991188,0.0190721061080694,0.0198899619281292,0.00478581758216023,0.0197385381907225,0.0180489383637905,-0.0178689677268267,-0.00311979022808373,0.0475376956164837,0.070260725915432
0.265282392501831,0.212051153182983,0.155406415462494,0.14898507297039,0.0612282603979111,0.0714390948414803,-0.0315891951322556,0.0648560523986816,0.19886939227581,0.231883734464645,0.254387080669403,0.155140519142151,0.158322244882584,0.0933103933930397,0.0697218552231789,-0.00653929635882378,0.0687123462557793,0,-0.0609447844326496,0.167602449655533,0.035087313503027,0.0563935190439224,0.0429114662110806,0.0131286708638072,0.0606863126158714,0.0317608751356602,0.120750598609447,0.0232934020459652,0.0938572809100151,0.0934017151594162,0.0172621142119169,-0.0254332665354013,0.0714192092418671,0.0962935984134674,0.0285941995680332,-0.0520047023892403,-0.00655302917584777,0.165385901927948,0.0826434046030045,0.189934358000755,0.0669303610920906,0.15793277323246,0.136754438281059,0.116522364318371,0.0836709514260292,0.0637957379221916,0.0140735302120447,0.137967586517334,-0.0355762168765068,0.0256335716694593,0.168465971946716,0.19441893696785,-0.00930838938802481,0.184240013360977,0.0998969078063965,0.0668293610215187,0.0267344918102026,0.0125575819984078,0.109332822263241,0.0414490066468716,0.148770719766617,0.0265971571207047,0.117225870490074,0.0844249799847603,0.0641755014657974,0.020850695669651,0.0582735016942024,0.113133139908314,0.118781074881554,0.0121453432366252,0.0848236829042435,0.182760655879974,0.0783186480402946,0.204974770545959,0.0880197808146477,0.192887589335442,0.143305391073227,0.151639461517334,0.164015889167786,0.0592209659516811,0.0214770175516605,0.17411296069622,0.00168022722937167,0.00217385240830481,0.137340500950813,0.217438563704491
-0.156395480036736,-0.109767623245716,-0.0323709398508072,-0.0578486733138561,-0.0184775497764349,0.0663144215941429,0.15088015794754,-0.0369450375437737,-0.0467376969754696,-0.0698514059185982,-0.19245944917202,-0.0766109004616737,-0.0626238286495209,-0.0273886173963547,0.0538614355027676,0.115732990205288,-0.027124922722578,-0.0609447844326496,0,-0.0464481040835381,0.24193300306797,0.0430922992527485,0.0434973016381264,0.252883166074753,0.203149363398552,0.267641663551331,-0.16137433052063,0.0862179398536682,0.0785179138183594,0.0737603828310966,0.0142030688002706,0.573629379272461,0.00297742802649736,-0.0110826166346669,0.503314197063446,0.24579069018364,0.557510018348694,-0.0276098884642124,0.0687658861279488,-0.0997869670391083,0.164447620511055,-0.0586853921413422,-0.140038013458252,0.0132870487868786,0.196581169962883,0.0801052898168564,0.723814129829407,0.238792777061462,0.11654294282198,0.167125627398491,0.162146851420403,0.114881411194801,0.6552574634552,-0.0571435280144215,0.0486578904092312,0.0262766126543283,0.0215015951544046,0.213755458593369,0.0297744125127792,0.18731789290905,-0.199556961655617,0.0896516069769859,0.00891234818845987,0.0649404972791672,-0.0620023459196091,0.327764719724655,0.0243052076548338,0.00392051646485925,0.217082351446152,0.166050925850868,0.257143616676331,-0.0615912228822708,0.110347583889961,-0.170328810811043,0.12090402841568,-0.132255285978317,-0.123190328478813,-0.101331159472466,0.0274746958166361,0.0568952895700932,0.611769676208496,0.0445515736937523,0.0584680289030075,0.16947478055954,0.16374360024929,0.0820565968751907
0.238041758537292,0.268073052167892,0.204379081726074,0.300672978162766,0.106545820832253,0.0416797026991844,-0.0418333075940609,0.0910341441631317,0.165910020470619,0.233610466122627,0.296327769756317,0.210297793149948,0.27516308426857,0.133944183588028,0.0390495955944061,-0.0376270152628422,0.0906051620841026,0.167602449655533,-0.0464481040835381,0,-0.115891605615616,0.181202232837677,0.0518935993313789,0.0262504499405622,-0.113002397119999,-0.0148246716707945,0.0107911927625537,0.0398846380412579,0.209857434034348,0.199042215943336,-0.0946450904011726,-0.271260589361191,0.00785112846642733,0.397650301456451,0.200417384505272,-0.223671853542328,0.0058984705246985,0.292458176612854,0.328824669122696,0.426764041185379,0.401046127080917,0.0975529998540878,0.283409833908081,0.263603121042252,0.32649290561676,0.271957546472549,0.0530291795730591,0.379330307245255,-0.128235459327698,-0.0444048792123795,0.293600559234619,0.568977773189545,0.0149606736376882,0.594020187854767,-0.104522600769997,0.190171748399734,0.0119499964639544,0.0130974249914289,-0.106413312256336,0.00952285435050726,0.0578424222767353,0.0470435991883278,0.186271443963051,0.172882556915283,-0.045244250446558,-0.238601982593536,0.0275729056447744,0.374276518821716,0.304487287998199,-0.237390473484993,0.12360704690218,0.292816787958145,0.283590137958527,0.447276473045349,0.398838609457016,0.164025396108627,0.280214577913284,0.247056603431702,0.298241347074509,0.223472505807877,0.049820888787508,0.466768503189087,-0.158293217420578,-0.0826640278100967,0.245113551616669,0.559493899345398
0.0641625747084618,0.0489058084785938,0.120014689862728,-0.0284109208732843,-0.00252492190338671,0.14182835817337,0.0484712049365044,-0.0562088713049889,0.00812635570764542,0.260370939970016,-0.0116938576102257,0.0659427791833878,-0.0366296321153641,-0.0427507534623146,0.128835454583168,0.0415623970329762,-0.0481600649654865,0.035087313503027,0.24193300306797,-0.115891605615616,0,-0.142572984099388,0.0676776915788651,0.179471001029015,0.727008700370789,0.56242299079895,0.197869047522545,-0.0684206783771515,0.279877245426178,-0.0909665673971176,0.115053534507751,0.492232710123062,0.162345007061958,-0.0755969136953354,0.557450890541077,0.467650145292282,0.543928503990173,-0.123541504144669,-0.0101988203823566,0.108628332614899,0.129127398133278,0.31667160987854,-0.0448367074131966,0.707575917243958,0.424219101667404,0.387077212333679,0.0568084642291069,0.462161689996719,0.0336016118526459,0.00688797701150179,-0.0152939418330789,-0.044125035405159,0.0377100184559822,-0.119357697665691,0.658363342285156,-0.194695234298706,0.0620524287223816,0.103169173002243,0.536476373672485,0.308183193206787,0.065668024122715,-0.0282717831432819,0.0967905223369598,-0.0870005935430527,0.0552263744175434,0.322856098413467,0.118851974606514,-0.0687441527843475,0.260598331689835,0.364933639764786,0.211343362927437,-0.126305356621742,-0.00204444397240877,-0.00943989120423794,0.047370333224535,0.163807660341263,-0.118956722319126,0.289300709962845,0.108293242752552,0.171226099133492,0.0397422015666962,0.0900894105434418,0.0824737995862961,0.0222918782383204,-0.00627606641501188,-0.100958451628685
-0.0210199169814587,0.0889697670936584,0.00512589141726494,0.0365539528429508,0.00551685411483049,0.105519652366638,0.0272662471979856,0.0251212120056152,0.0690806955099106,0.00268268934451044,0.0726636126637459,-0.0226350426673889,0.0348558835685253,0.0167835149914026,0.0919885635375977,0.0254098027944565,0.0313753001391888,0.0563935190439224,0.0430922992527485,0.181202232837677,-0.142572984099388,0,0.020391047000885,0.347243577241898,0.0640574768185616,-0.130727425217628,0.132972285151482,0.275892436504364,0.0400581322610378,0.919297575950623,0.0121626174077392,-0.143005862832069,0.162215426564217,0.358204513788223,-0.0693459659814835,-0.186195701360703,-0.137469887733459,0.879556715488434,0.316689044237137,0.0956641584634781,0.291191190481186,0.293726652860641,0.0790064185857773,-0.021419120952487,0.0812313035130501,0.642691850662231,0.19642136991024,0.0338744185864925,-0.0317292474210262,0.0182272642850876,0.215394467115402,0.245706975460052,0.0877301171422005,0.172788485884666,-0.229482665657997,0.973233997821808,0.00861276872456074,0.385300159454346,-0.0381311886012554,-0.0701611116528511,0.169828072190285,0.335853040218353,-0.00637078145518899,0.909514784812927,-0.00992453657090664,-0.176003962755203,0.171302944421768,0.336510747671127,-0.0849565640091896,-0.249720141291618,-0.139667123556137,0.840670108795166,0.363085776567459,0.0937322527170181,0.313777923583984,0.331698566675186,0.0907807722687721,-0.0700026825070381,0.0109484642744064,0.59007716178894,0.178344741463661,0.0789650827646255,-0.071381613612175,0.0159513168036938,0.179578363895416,0.225581273436546
0.0241877119988203,0.0208382792770863,0.0115687279030681,0.0132590141147375,0.01153623778373,0.13811993598938,0.0758452787995338,0.000973502814304084,0.0186874475330114,0.0481507666409016,0.0172045901417732,-0.00611827615648508,0.016433198004961,0.0112781506031752,0.111046306788921,0.0732497051358223,0.0160232037305832,0.0429114662110806,0.0434973016381264,0.0518935993313789,0.0676776915788651,0.020391047000885,0,0.163878172636032,0.110502973198891,0.142732739448547,0.0621188767254353,0.039520014077425,0.0975740700960159,0.0443480685353279,0.0939837172627449,0.106940254569054,0.100370280444622,0.0321506001055241,0.0661829560995102,0.0389596931636333,0.0691633969545364,0.0275834295898676,0.0482506677508354,0.0450522527098656,0.0571240931749344,0.0489066392183304,0.0616863891482353,0.0431794300675392,0.0701241493225098,0.0896107032895088,0.109280109405518,0.0640560537576675,0.0313891284167767,0.105844616889954,0.0518227182328701,0.102659843862057,0.0198842473328114,0.0252796933054924,0.038555096834898,0.00963805057108402,0.0570516102015972,0.135251343250275,0.0775114670395851,0.11596892029047,0.0618429929018021,0.032048549503088,0.0606535337865353,0.0434305481612682,0.0866183266043663,0.0751631483435631,0.087873175740242,0.00949989631772041,0.0556467436254025,0.0139602804556489,0.0468677803874016,0.0194572582840919,0.0394989214837551,0.0365849770605564,0.0499431081116199,0.0633240789175034,0.0352004021406174,-0.00442737946286798,0.0498876944184303,0.0761753842234612,0.0814661532640457,0.0400649905204773,0.0195099227130413,0.0517135709524155,0.0324400439858437,0.092498853802681
-0.0540181025862694,-0.0485058948397636,-0.0367048978805542,-0.0182135868817568,-0.0118612479418516,0.223646268248558,0.176881223917007,-0.00830124225467443,0.00695463782176375,-0.078861765563488,-0.0628658682107925,-0.0539187341928482,-0.0231001377105713,-0.0192015860229731,0.234025284647942,0.168343439698219,-0.00394249614328146,0.0131286708638072,0.252883166074753,0.0262504499405622,0.179471001029015,0.347243577241898,0.163878172636032,0,0.319632649421692,0.353687733411789,0.0792020037770271,0.55852222442627,0.103463180363178,0.53080153465271,0.172709047794342,0.19855298101902,0.335115224123001,0.107090152800083,0.127626866102219,0.0404650270938873,0.0946472659707069,0.305422514677048,0.105752713978291,-0.045537181198597,0.150026991963387,0.115161910653114,0.0420760437846184,-0.0161667615175247,0.0930961295962334,0.51832914352417,0.340187698602676,0.0133555801585317,0.067566879093647,0.151616469025612,0.125376537442207,0.142554149031639,0.242937639355659,0.0492716580629349,0.056275051087141,0.31873431801796,0.109627917408943,0.811929225921631,0.205200672149658,0.354421079158783,0.0846446231007576,0.517462849617004,0.0766912549734116,0.527891635894775,0.133910417556763,0.190506160259247,0.352545708417892,0.120145492255688,0.120678663253784,-0.0242567397654057,0.141533076763153,0.233217164874077,0.158137291669846,-0.0332685299217701,0.19161993265152,0.165406227111816,0.0386531390249729,-0.0659066960215569,0.0609698072075844,0.52080762386322,0.27773842215538,0.010991950519383,0.0464793145656586,0.137999951839447,0.0962932109832764,0.107839867472649
