0,0.328806221485138,0.267325073480606,0.27646392583847,0.0843425244092941,-0.0103668160736561,-0.09092977643013,0.0609689317643642,0.208960816264153,0.714602470397949,0.409548044204712,0.355757176876068,0.291610300540924,0.111663281917572,-0.000386398256523535,-0.0975446775555611,0.0424036048352718,0.262942433357239,-0.162598758935928,0.22682711482048,0.0651372596621513,-0.0402776561677456,0.0238012615591288,-0.0582428574562073,0.0642910301685333,0.138478249311447,0.0932547822594643,0.0163320675492287,0.181941404938698,-0.0115019446238875,-0.156104177236557,-0.114582277834415,0.0144967893138528,0.113813057541847,0.0879820436239243,-0.063284270465374,0.0109611740335822,0.0967710986733437,0.0387565828859806,0.362998187541962,0.0566422082483768,0.184545159339905,0.0871713384985924,0.361878901720047,0.0216356534510851,0.17745278775692,-0.190448209643364,0.345389842987061,-0.106817573308945,-0.0659360215067863,0.017466127872467,0.216572090983391,-0.044100433588028,0.26625069975853,0.429882109165192,-0.036033857613802,0.0329928994178772,-0.0805721655488014,0.382910370826721,0.257440358400345,0.196943044662476,-0.00808884482830763,0.323579460382462,-0.0472235009074211,-0.0276030506938696,0.129698067903519,0.0249470435082912,0.121398478746414,0.392281949520111,0.209304884076118,0.303397119045258,0.113196574151516,0.0430814437568188,0.446001172065735,0.163508832454681,0.323090076446533,0.172022670507431,0.599349021911621,0.400854140520096,0.196239024400711,-0.132577463984489,0.529898285865784,0.000421110511524603,-0.0868614390492439,0.0359967760741711,0.265311121940613
0.328806221485138,0,0.24511256814003,0.268269151449203,0.111343704164028,0.0165228955447674,-0.0789041519165039,0.0719041228294373,0.221623972058296,0.344515651464462,0.484612941741943,0.260314077138901,0.253514528274536,0.093700110912323,-0.00313002429902554,-0.0944234132766724,0.0546207539737225,0.209832772612572,-0.109385244548321,0.25516414642334,0.0437339581549168,0.0847921669483185,0.0191979724913836,-0.052990909665823,0.0608903802931309,0.0447116643190384,0.140302389860153,0.0720874667167664,0.140717923641205,0.126612558960915,-0.0311874859035015,-0.110127508640289,0.014438240788877,0.173444807529449,0.111391849815845,-0.0666959881782532,0.0108920494094491,0.224818930029869,0.128660306334496,0.327617555856705,0.115549251437187,0.189407750964165,0.155001804232597,0.210286781191826,0.158784940838814,0.127239614725113,-0.117347754538059,0.229296818375587,-0.0488691180944443,-0.0534922853112221,0.154495447874069,0.281676679849625,-0.116184040904045,0.24554742872715,0.0671067535877228,0.0844708010554314,0.0132054015994072,-0.0753157436847687,0.0676081255078316,-0.00188590178731829,0.134002566337585,0.0675056576728821,0.12967474758625,0.0829695761203766,-0.0125385271385312,-0.0905003026127815,-0.0142116555944085,0.103233031928539,0.156652227044106,-0.0326306745409966,0.0754880160093307,0.257850706577301,0.0792425200343132,0.308979541063309,0.0956128016114235,0.18693009018898,0.145920500159264,0.184623897075653,0.166281953454018,0.066039577126503,-0.120804488658905,0.224506229162216,-0.0508583299815655,-0.0733803883194923,0.144807010889053,0.253953158855438
0.267325073480606,0.24511256814003,0,0.390706807374954,0.104072995483875,0.0338266268372536,-0.0184767637401819,0.14730866253376,0.142871275544167,0.286446571350098,0.268167555332184,0.575798988342285,0.376833111047745,0.0662906095385551,0.0316763296723366,-0.0286694262176752,0.117577448487282,0.154587686061859,-0.0295645575970411,0.20490089058876,0.119977064430714,-0.00248677516356111,0.0120813827961683,-0.0357597060501575,0.0338642559945583,0.0519687682390213,0.0819085165858269,2.85301357507706e-05,0.19027304649353,0.0216854717582464,-0.0087382523342967,-0.0714306309819221,-0.0259479060769081,0.0523959994316101,0.229865118861198,-0.00794335175305605,0.141991943120956,0.0868663266301155,0.00674694590270519,0.203972086310387,0.077053040266037,0.0856776088476181,0.1701630204916,0.251391619443893,0.194328278303146,0.0617099180817604,-0.0719168484210968,0.187207266688347,-0.0548580847680569,-0.045616090297699,0.0652673840522766,0.182430103421211,-0.024272296577692,0.175276145339012,0.116191014647484,-0.0181986503303051,0.0336072035133839,-0.059988334774971,0.031370010226965,0.0296372789889574,0.0677384585142136,0.00602836674079299,0.165915042161942,-0.0112726800143719,0.00149461324326694,-0.0754146128892899,-0.0139925824478269,0.0230627525597811,0.198992982506752,-0.0216612815856934,0.143099382519722,0.0928961783647537,-0.0153767680749297,0.198703303933144,0.0864710807800293,0.0796336010098457,0.122713826596737,0.177097573876381,0.162043318152428,0.00900449510663748,-0.0632824823260307,0.183890134096146,-0.0654846280813217,-0.056663166731596,0.0798604413866997,0.170542269945145
0.27646392583847,0.268269151449203,0.390706807374954,0,0.196608170866966,0.0134466700255871,-0.00727695785462856,0.107602946460247,0.14332289993763,0.25722599029541,0.27614489197731,0.376058161258698,0.63929808139801,0.123642094433308,0.00797666236758232,-0.0153027502819896,0.095401905477047,0.149086743593216,-0.0503958389163017,0.297610342502594,-0.026256000623107,0.0316010117530823,0.0109094632789493,-0.0241872388869524,-0.084694504737854,0.0112891579046845,0.0103631028905511,0.0196156222373247,0.148377060890198,0.0451107136905193,-0.0277875754982233,-0.152070686221123,-0.0222808308899403,0.192155510187149,0.180633768439293,-0.0850841030478477,0.069121815264225,0.125821307301521,0.181967705488205,0.213887378573418,0.275195121765137,0.0392524898052216,0.133350431919098,0.155892819166183,0.167838603258133,0.110985852777958,-0.0255078468471766,0.24525685608387,-0.071106992661953,-0.016531765460968,0.125523701310158,0.348273485898972,-0.0141445593908429,0.280713677406311,0.0206712055951357,0.0336414314806461,0.0103243067860603,-0.0380028262734413,-0.0432710722088814,-0.0154608460143209,0.0283792093396187,0.0245051700621843,0.153359100222588,0.0230343043804169,-0.0191478915512562,-0.128361225128174,0.0102171543985605,0.151940047740936,0.261373102664948,-0.0574876554310322,0.155544310808182,0.142372563481331,0.116857431828976,0.250677078962326,0.260171264410019,0.0804974734783173,0.133961081504822,0.17943973839283,0.191707298159599,0.0862267166376114,-0.0374642796814442,0.307810395956039,-0.0663797780871391,-0.0565109141170979,0.123995617032051,0.343810319900513
0.0843425244092941,0.111343704164028,0.104072995483875,0.196608170866966,0,-0.00330228079110384,-0.0187399052083492,0.0191706176847219,0.0565685592591763,0.0955251008272171,0.101150073111057,0.115457482635975,0.169130846858025,0.0429300218820572,-0.0038249958306551,-0.0263338293880224,0.0224743355065584,0.0619275867938995,-0.0153145426884294,0.107490666210651,0.00204496923834085,0.000838936597574502,0.0112026389688253,-0.0121536068618298,-0.0181769635528326,0.0038116427604109,-0.00463853636756539,-0.0107377590611577,0.0707033276557922,0.00643321732059121,-0.026154512539506,-0.0337355062365532,-0.010524295270443,0.0238269586116076,0.0727680847048759,0.00457863742485642,0.0535115599632263,0.0484702214598656,0.0731412619352341,0.0914625599980354,0.089061439037323,0.0109862955287099,0.0577842183411121,0.0691267028450966,0.0669185593724251,0.0132692530751228,0.00780492648482323,0.108591072261333,-0.0270504169166088,-0.0202476195991039,0.0608543418347836,0.143078967928886,-0.00433871895074844,0.110372334718704,-0.0145175084471703,-0.0039505623281002,-0.0133689269423485,-0.0328302569687366,-0.0341086909174919,-0.0103467423468828,-0.00252474495209754,-0.00412606820464134,0.065365806221962,-0.00850218255072832,-0.0190906841307878,-0.0423883199691772,-0.0174747128039598,0.0266636349260807,0.0877419039607048,-0.00734436605125666,0.064912922680378,0.0499120876193047,0.0555587112903595,0.0776912420988083,0.0803770497441292,0.00279921642504632,0.0280299354344606,0.0439243763685226,0.0548520907759666,-0.00804786942899227,-0.00674704927951097,0.107063345611095,-0.0376253351569176,-0.0230203904211521,0.0451492704451084,0.128702789545059
-0.0103668160736561,0.0165228955447674,0.0338266268372536,0.0134466700255871,-0.00330228079110384,0,0.165807843208313,0.0202070157974958,0.0883014872670174,0.0589876770973206,0.000120244920253754,0.0246709138154984,0.00402789888903499,-0.0156346391886473,0.433290660381317,0.166911974549294,0.0402472652494907,0.0708175078034401,0.0722179189324379,0.0466417819261551,0.14943066239357,0.102799810469151,0.132531732320786,0.221845224499702,0.239382788538933,0.12721274793148,0.337385028600693,0.126456663012505,0.0910292714834213,0.127247244119644,0.298971712589264,0.208573833107948,0.277141988277435,0.0767285451292992,-0.0238256808370352,0.0259680766612291,-0.0146028669551015,0.0879699066281319,0.09487434476614,0.0991357788443565,0.0655238106846809,0.271256119012833,0.229352161288261,0.00511973164975643,0.180246904492378,0.0832242518663406,0.223402813076973,-0.0635798126459122,0.060377724468708,0.152261540293694,0.120298556983471,0.0885517448186874,0.0365018881857395,0.0278234593570232,0.0117177153006196,0.081931509077549,0.0885355398058891,0.21182556450367,0.123975269496441,0.0897331759333611,0.284063369035721,0.131879776716232,0.018401937559247,0.115682668983936,0.270760953426361,0.138699591159821,0.23415333032608,0.07315544039011,-0.106063760817051,-0.0502135008573532,-0.0877461135387421,0.0658863261342049,0.100352413952351,0.0368104688823223,0.0554638020694256,0.223393350839615,0.152730584144592,-0.0891695469617844,0.0776141211390495,0.0474961772561073,0.189381033182144,-0.102475613355637,0.0520995259284973,0.123807743191719,0.103502064943314,0.0563946329057217
-0.09092977643013,-0.0789041519165039,-0.0184767637401819,-0.00727695785462856,-0.0187399052083492,0.165807843208313,0,-0.00951328314840794,-0.00900980085134506,-0.0400565341114998,-0.10180789232254,-0.041948139667511,-0.0279289074242115,-0.0229170136153698,0.172944918274879,0.251343846321106,-0.0108385812491179,-0.030854819342494,0.155251711606979,-0.0399036146700382,0.0500868745148182,0.0303626861423254,0.0738562121987343,0.177851021289825,0.0660255774855614,0.12897364795208,0.00222288630902767,0.0707790553569794,0.0227060932666063,0.0392597056925297,0.164287000894547,0.168614938855171,0.0696466118097305,0.0155262388288975,0.027467655017972,0.0797324627637863,0.0746416226029396,-0.0123727442696691,0.0541857965290546,-0.120771005749702,0.0706235319375992,-0.0343867726624012,0.00215114699676633,-0.123801946640015,0.0670112669467926,0.0255537256598473,0.236733108758926,-0.0600142367184162,0.0488815009593964,0.135008156299591,0.0197374578565359,0.0309904832392931,0.0935554802417755,-0.0497141666710377,-0.0653111711144447,0.0200218912214041,0.0283057559281588,0.155453041195869,-0.0395130589604378,0.0689273700118065,-0.0306443441659212,0.0607691258192062,-0.0214051492512226,0.0355002582073212,0.0871413350105286,0.087494432926178,0.0539899915456772,0.0212647095322609,-0.0565240792930126,-0.0191198717802763,-0.0260601434856653,-0.032201275229454,0.0566240809857845,-0.138337835669518,0.0678584277629852,-0.0620321594178677,-0.022065045312047,-0.188792765140533,-0.0228872988373041,0.0302849095314741,0.188972666859627,-0.126706779003143,0.0268253162503242,0.108305461704731,0.00501885544508696,-0.00255296938121319
0.0609689317643642,0.0719041228294373,0.14730866253376,0.107602946460247,0.0191706176847219,0.0202070157974958,-0.00951328314840794,0,0.0551760606467724,0.0372402667999268,0.075124204158783,0.129930019378662,0.10532920062542,0.0158383920788765,0.0336448326706886,0.00281923171132803,0.109448835253716,0.066414088010788,-0.0366337262094021,0.0925879701972008,-0.0613291524350643,0.0214956384152174,-0.000590496638324112,-0.00919810961931944,-0.0479844436049461,-0.0241400375962257,0.0541665256023407,0.0187147427350283,0.02434410341084,0.0100494818761945,0.0666933357715607,-0.0609550811350346,0.0225698426365852,0.0462816543877125,-0.0255735144019127,-0.0835934281349182,-0.0750577300786972,0.0457743816077709,0.0210270490497351,0.0710670575499535,0.0142792146652937,0.0447726622223854,0.120315447449684,-0.000790195364970714,0.00854756124317646,0.00899563264101744,0.00320459646172822,-0.000864307163283229,-0.00513471057638526,0.0013345341430977,0.0442834757268429,0.0869948863983154,-0.0205500610172749,0.0751268565654755,-0.0407634861767292,0.0247787758708,-0.00522190053015947,0.000120194628834724,-0.0224729143083096,0.00454733334481716,0.0683922544121742,0.0330286361277103,0.0329510346055031,0.00201031658798456,0.0654873847961426,-0.0411780849099159,0.0102122975513339,0.0449139885604382,0.00397762237116694,-0.0869990736246109,-0.0121527425944805,0.0521613284945488,0.0133354058489203,0.0780202150344849,0.0349920094013214,0.0597384050488472,0.100443571805954,0.0202150847762823,0.0340260192751884,0.0104699116200209,0.0144157093018293,0.0577439554035664,-0.0170249734073877,0.00285975239239633,0.0565386153757572,0.0900206714868546
0.208960816264153,0.221623972058296,0.142871275544167,0.14332289993763,0.0565685592591763,0.0883014872670174,-0.00900980085134506,0.0551760606467724,0,0.219908460974693,0.229596644639969,0.130455389618874,0.137409031391144,0.0464051105082035,0.0718474090099335,-0.0213168654590845,0.0536082796752453,0.198789373040199,-0.046884723007679,0.166808575391769,0.00558595126494765,0.0673292055726051,0.0174474809318781,0.00340846902690828,0.0299399513751268,0.00911631993949413,0.129301801323891,0.0199217069894075,0.077233113348484,0.0965859368443489,0.0206993445754051,-0.0533245243132114,0.0662556514143944,0.12207043915987,0.0376881584525108,-0.0582243800163269,-0.0123673537746072,0.170229226350784,0.0942024067044258,0.194141864776611,0.0714766532182693,0.154376521706581,0.135962098836899,0.101741313934326,0.0760977119207382,0.0559803657233715,-0.00273510138504207,0.113311231136322,-0.0308612696826458,-0.0181436557322741,0.120893552899361,0.181524321436882,-0.0319216474890709,0.170917198061943,0.0455764755606651,0.0608405321836472,0.0289639048278332,-0.0125342281535268,0.0599784702062607,0.0211026594042778,0.148441597819328,0.0147516829892993,0.0926564112305641,0.0837209895253181,0.0600389204919338,-0.0123001337051392,0.0354511588811874,0.0759770348668098,0.085086852312088,-0.0323129780590534,0.0404561460018158,0.17649519443512,0.0717577114701271,0.187550723552704,0.0659016445279121,0.17669278383255,0.13692332804203,0.106211923062801,0.12663459777832,0.0249638166278601,-0.00131204468198121,0.153320282697678,-0.0373271144926548,-0.00619781576097012,0.11990188062191,0.173649400472641
0.714602470397949,0.344515651464462,0.286446571350098,0.25722599029541,0.0955251008272171,0.0589876770973206,-0.0400565341114998,0.0372402667999268,0.219908460974693,0,0.317048996686935,0.280523627996445,0.216803446412086,0.0970613956451416,0.0523273907601833,-0.052784688770771,0.0328613482415676,0.229359269142151,-0.0686996951699257,0.222229838371277,0.267690747976303,-0.00459916330873966,0.0501563586294651,-0.0743435174226761,0.225858971476555,0.237449616193771,0.146842017769814,-0.0643110498785973,0.202510356903076,0.00526867201551795,-0.0167771112173796,0.0567516312003136,0.0450770743191242,0.187649041414261,0.227498427033424,0.101660281419754,0.191975653171539,0.113472752273083,0.244659408926964,0.308298259973526,0.261668890714645,0.237453177571297,0.0809341073036194,0.456940919160843,0.269898593425751,0.257615715265274,-0.136080235242844,0.385960191488266,-0.0225662160664797,-0.00257982383482158,0.021592628210783,0.216427728533745,-0.146269470453262,0.162862315773964,0.142708107829094,-0.0132880127057433,0.0266585368663073,-0.0901037305593491,0.129571110010147,0.135774299502373,0.104687169194221,-0.0346154719591141,0.102472327649593,-0.00621223635971546,-0.0171387102454901,0.0120796011760831,0.0291881375014782,0.119317010045052,0.141758248209953,0.0454062595963478,0.0559356175363064,0.128078565001488,0.137215822935104,0.257331997156143,0.156200036406517,0.15611520409584,0.0501915812492371,0.23603692650795,0.0987246036529541,0.0953283905982971,-0.110241815447807,0.322883129119873,-0.0377500131726265,-0.0589617900550365,0.0440656393766403,0.177728921175003
0.409548044204712,0.484612941741943,0.268167555332184,0.27614489197731,0.101150073111057,0.000120244920253754,-0.10180789232254,0.075124204158783,0.229596644639969,0.317048996686935,0,0.321371495723724,0.302408128976822,0.10820247977972,-0.0103286523371935,-0.10713817179203,0.0936023518443108,0.251303941011429,-0.191067308187485,0.285774499177933,-0.0194687191396952,0.0648658648133278,0.0171006191521883,-0.0716393440961838,0.00813201069831848,-0.0185833983123302,0.14150208234787,0.0559674501419067,0.120296061038971,0.105421096086502,-0.063181534409523,-0.1902786642313,0.0106406407430768,0.125419080257416,0.0301749091595411,-0.143892258405685,-0.0627731382846832,0.226185604929924,0.0526976883411407,0.341996073722839,0.0643322393298149,0.191809624433517,0.18289902806282,0.188961431384087,0.0707583427429199,0.088662676513195,-0.170624926686287,0.213392481207848,-0.088451124727726,-0.0744376108050346,0.154254719614983,0.274921268224716,-0.137401610612869,0.296536266803741,0.154469147324562,0.0765761956572533,0.00544162141159177,-0.0981765389442444,0.152787059545517,0.00293896626681089,0.19853737950325,0.0316985882818699,0.186390191316605,0.0646267235279083,-0.00573829235509038,-0.0636524707078934,0.00750438729301095,0.127272948622704,0.23878176510334,-0.0049105673097074,0.151106491684914,0.265082478523254,0.0340217426419258,0.395190477371216,0.105876617133617,0.26627242565155,0.201456546783447,0.306629985570908,0.266361981630325,0.0693849474191666,-0.138122692704201,0.315254539251328,-0.0395350567996502,-0.101743437349796,0.159145563840866,0.295723050832748
0.355757176876068,0.260314077138901,0.575798988342285,0.376058161258698,0.115457482635975,0.0246709138154984,-0.041948139667511,0.129930019378662,0.130455389618874,0.280523627996445,0.321371495723724,0,0.403823703527451,0.0826854929327965,0.0252501964569092,-0.0304685477167368,0.144996240735054,0.155006974935532,-0.0740941092371941,0.209168791770935,0.0629660859704018,-0.0303079281002283,-0.00725864432752132,-0.0546341426670551,-0.000418540061218664,0.0315216928720474,0.078730084002018,0.00975709408521652,0.18351636826992,-0.00134864018764347,-0.0502890199422836,-0.135882958769798,-0.0309532806277275,0.0358272977173328,0.194424256682396,-0.0460134819149971,0.111609920859337,0.082544319331646,0.0022292360663414,0.224162712693214,0.0601006895303726,0.0630530193448067,0.169988498091698,0.227645710110664,0.112217180430889,0.0760183036327362,-0.100741848349571,0.183503836393356,-0.0862240567803383,-0.067709855735302,0.0593113005161285,0.189145356416702,-0.0267958920449018,0.234452441334724,0.186868414282799,-0.0545958057045937,0.0190634820610285,-0.074087955057621,0.0854060277342796,0.0614910311996937,0.0869672298431396,-0.00912111718207598,0.235252633690834,-0.0332049652934074,-0.000782982271630317,-0.0510431900620461,0.00711127277463675,0.0365574695169926,0.28117635846138,0.0497472621500492,0.230394050478935,0.0898347571492195,-0.0479183904826641,0.265636116266251,0.079588957130909,0.120721258223057,0.18045349419117,0.284053921699524,0.231957525014877,0.0323164500296116,-0.0872929692268372,0.246699288487434,-0.0568167082965374,-0.0562856085598469,0.0547745078802109,0.213962331414223
0.291610300540924,0.253514528274536,0.376833111047745,0.63929808139801,0.169130846858025,0.00402789888903499,-0.0279289074242115,0.10532920062542,0.137409031391144,0.216803446412086,0.302408128976822,0.403823703527451,0,0.143944039940834,0.00761468056589365,-0.00767253385856748,0.116655215620995,0.160178661346436,-0.0578888133168221,0.273709982633591,-0.0346549414098263,0.029523266479373,0.0159877836704254,-0.0291038248687983,-0.0910366997122765,-0.00329850078560412,-0.00252334144897759,0.0429892316460609,0.136249110102654,0.0402660258114338,-0.0658891499042511,-0.163345441222191,-0.0233858339488506,0.160336062312126,0.147875085473061,-0.102236673235893,0.051134467124939,0.123982414603233,0.107972927391529,0.224484547972679,0.211357519030571,0.0220848582684994,0.116386756300926,0.131175518035889,0.125362277030945,0.0964269042015076,-0.0515922568738461,0.223540231585503,-0.0871869772672653,-0.0430936142802238,0.117390275001526,0.316336244344711,0.0090733515098691,0.288092613220215,0.0314271859824657,0.0229059830307961,0.0123397875577211,-0.0245705079287291,-0.0328485257923603,0.0277225393801928,0.015264960937202,0.0389264188706875,0.191364854574203,0.0185171440243721,-0.0339062735438347,-0.115329124033451,-0.00407969998195767,0.150658428668976,0.291590631008148,-0.0393284298479557,0.18951827287674,0.140669032931328,0.111006297171116,0.256947487592697,0.282089531421661,0.0800384283065796,0.132523953914642,0.202642351388931,0.202387362718582,0.0902123898267746,-0.00959340482950211,0.323799192905426,-0.0868540555238724,-0.0496400482952595,0.123986221849918,0.373658776283264
0.111663281917572,0.093700110912323,0.0662906095385551,0.123642094433308,0.0429300218820572,-0.0156346391886473,-0.0229170136153698,0.0158383920788765,0.0464051105082035,0.0970613956451416,0.10820247977972,0.0826854929327965,0.143944039940834,0,-0.00678437203168869,-0.0264833215624094,0.00642079953104258,0.0929848849773407,-0.0232753492891788,0.131255343556404,-0.0385239534080029,0.0126009378582239,0.0104111731052399,-0.0217567831277847,-0.0266542360186577,-0.0196986887603998,0.0137850204482675,-0.0127280913293362,0.0305225159972906,0.0152398934587836,-0.0286165624856949,-0.0558453872799873,0.0010133400792256,0.0588670745491982,0.0236598681658506,-0.0441625379025936,-0.00874791014939547,0.0552471429109573,0.0595622472465038,0.0890500247478485,0.0641695931553841,0.0402651391923428,0.0583335720002651,0.0435283482074738,0.0515347421169281,0.0158454217016697,-0.0168236382305622,0.0798539891839027,-0.0406310744583607,-0.0109177958220243,0.0705153569579124,0.120732583105564,-0.0148613648489118,0.106545515358448,0.00520619610324502,0.0141026899218559,0.00175909837707877,-0.0227485634386539,0.000438502960605547,-0.0092144338414073,0.0294744502753019,-0.0135715585201979,0.0302658006548882,0.0157570075243711,-0.00620478857308626,-0.0281859412789345,-0.00303287338465452,0.0679526701569557,0.0783023834228516,-0.0339103862643242,0.0571011155843735,0.0689592435956001,0.0633000954985619,0.0919457599520683,0.0833383053541183,0.0508379079401493,0.0726471692323685,0.0689501687884331,0.0965711250901222,0.00465323869138956,-0.0131392972543836,0.120795920491219,-0.0265314429998398,-0.0263989455997944,0.0621813572943211,0.134043484926224
-0.000386398256523535,-0.00313002429902554,0.0316763296723366,0.00797666236758232,-0.0038249958306551,0.433290660381317,0.172944918274879,0.0336448326706886,0.0718474090099335,0.0523273907601833,-0.0103286523371935,0.0252501964569092,0.00761468056589365,-0.00678437203168869,0,0.215035915374756,0.0394337512552738,0.0716300532221794,0.0556237250566483,0.0400420948863029,0.136435851454735,0.0885593667626381,0.108241468667984,0.231438174843788,0.224405229091644,0.129157096147537,0.321568250656128,0.124682992696762,0.0946881324052811,0.105824515223503,0.306846380233765,0.178523376584053,0.273908495903015,0.0752339661121368,-0.0316603556275368,-0.00744740990921855,-0.0383944548666477,0.0689324364066124,0.0782103985548019,0.0843465924263,0.0627884790301323,0.258476078510284,0.238960459828377,-0.0156178437173367,0.165969610214233,0.0760999172925949,0.218385815620422,-0.0794412419199944,0.0481036379933357,0.133727818727493,0.0995961278676987,0.0853781700134277,0.0445959158241749,0.0412125065922737,0.0612342022359371,0.0783991292119026,0.103744596242905,0.227140322327614,0.158078253269196,0.134995028376579,0.300366103649139,0.113738723099232,0.0606580041348934,0.100497007369995,0.268112182617188,0.163902968168259,0.278200209140778,0.064494214951992,-0.075874961912632,-0.0440504662692547,-0.0647124424576759,0.0586126819252968,0.106078296899796,0.0638505443930626,0.0538448356091976,0.248444795608521,0.174516245722771,-0.0617263093590736,0.105778262019157,0.0675658211112022,0.211142137646675,-0.0810884460806847,0.0361622199416161,0.142880752682686,0.102500163018703,0.0811903029680252
-0.0975446775555611,-0.0944234132766724,-0.0286694262176752,-0.0153027502819896,-0.0263338293880224,0.166911974549294,0.251343846321106,0.00281923171132803,-0.0213168654590845,-0.052784688770771,-0.10713817179203,-0.0304685477167368,-0.00767253385856748,-0.0264833215624094,0.215035915374756,0,0.0167636200785637,-0.00433580111712217,0.118039712309837,-0.0314754992723465,0.0443607047200203,0.0305158048868179,0.0718281641602516,0.168827757239342,0.0447484217584133,0.115538343787193,-0.0046519935131073,0.0260106567293406,0.0211387723684311,0.0335718803107738,0.137490376830101,0.128323599696159,0.0946393981575966,0.0205878913402557,0.0101051041856408,0.0457250289618969,0.0517482906579971,-0.0471205413341522,0.0419141128659248,-0.105354785919189,0.0736859291791916,-0.0258856378495693,0.00891754403710365,-0.108235731720924,0.0495237708091736,0.028710437938571,0.206689476966858,-0.0650746896862984,0.0451521798968315,0.107566595077515,0.019612442702055,0.0296710710972548,0.106807298958302,-0.0347531251609325,-0.0265588406473398,0.0193011686205864,0.0402793176472187,0.178393691778183,-0.012598660774529,0.114037878811359,-0.0267033614218235,0.0241471771150827,0.00144925608765334,0.0307121146470308,0.0997296720743179,0.0924173593521118,0.0993132218718529,0.0254969727247953,-0.0184050537645817,-0.0102475145831704,0.013261673040688,-0.056006770581007,0.059607308357954,-0.126092448830605,0.0765773430466652,-0.0478155575692654,-0.0238587278872728,-0.144727274775505,-0.00887272041290998,0.0357679352164268,0.212961375713348,-0.0888616740703583,0.0257607474923134,0.132836446166039,0.00801675952970982,0.0275754258036613
0.0424036048352718,0.0546207539737225,0.117577448487282,0.095401905477047,0.0224743355065584,0.0402472652494907,-0.0108385812491179,0.109448835253716,0.0536082796752453,0.0328613482415676,0.0936023518443108,0.144996240735054,0.116655215620995,0.00642079953104258,0.0394337512552738,0.0167636200785637,0,0.0686465203762054,-0.0230970475822687,0.0917920470237732,-0.0496018081903458,0.0299911834299564,0.0169526152312756,-0.00541179114952683,-0.0206713248044252,-0.0367751009762287,0.0790055841207504,0.0305059459060431,0.0148677946999669,0.033028069883585,0.0550591647624969,-0.0693404451012611,0.00820355489850044,0.0321975089609623,-0.0196361448615789,-0.0803026631474495,-0.0623405426740646,0.0469308085739613,0.00680269626900554,0.0659559890627861,-0.00435930257663131,0.0725361034274101,0.1233274564147,-0.0113294534385204,0.0166706889867783,0.00348559371195734,0.0136414859443903,-0.0279230754822493,-0.0144429262727499,-0.0134904971346259,0.0422340929508209,0.0635251551866531,-0.0109776072204113,0.0770480185747147,-0.0356113538146019,0.0312096904963255,0.00727942958474159,0.0178903397172689,-0.0206933300942183,-0.0138943502679467,0.0678648054599762,0.0273429155349731,0.0250156745314598,0.0215231496840715,0.0488186813890934,-0.0397798269987106,0.0225017908960581,0.0354763083159924,-0.00825198460370302,-0.104479677975178,-0.0248279832303524,0.0506108552217484,-0.00341522018425167,0.0738819390535355,0.00056406989460811,0.0744690746068954,0.116353861987591,0.0182520784437656,0.0174061022698879,0.00461436668410897,0.0233633518218994,0.0198875591158867,-0.0176924709230661,-0.00389296468347311,0.0482611656188965,0.070987693965435
0.262942433357239,0.209832772612572,0.154587686061859,0.149086743593216,0.0619275867938995,0.0708175078034401,-0.030854819342494,0.066414088010788,0.198789373040199,0.229359269142151,0.251303941011429,0.155006974935532,0.160178661346436,0.0929848849773407,0.0716300532221794,-0.00433580111712217,0.0686465203762054,0,-0.0618915893137455,0.165273755788803,0.0365130417048931,0.0502530261874199,0.041302528232336,0.0122940540313721,0.0583199821412563,0.0326786451041698,0.121198281645775,0.0224528796970844,0.0897162854671478,0.0890059173107147,0.016073064878583,-0.0281372144818306,0.0714021623134613,0.095906026661396,0.0281880423426628,-0.0512838996946812,-0.00426251487806439,0.160364091396332,0.0766294524073601,0.186529383063316,0.0642369091510773,0.155290633440018,0.133003041148186,0.115587688982487,0.0793740153312683,0.0618528947234154,0.00901994574815035,0.134200543165207,-0.0356357023119926,0.0287213400006294,0.162574157118797,0.190575122833252,-0.00599355157464743,0.181295678019524,0.105467729270458,0.0619402565062046,0.0267025548964739,0.01116877887398,0.110726326704025,0.0433869957923889,0.152087420225143,0.024958798661828,0.117282338440418,0.0772813111543655,0.0677916035056114,0.0207974351942539,0.0585505776107311,0.110068269073963,0.120555810630322,0.0142965968698263,0.0876825377345085,0.177488908171654,0.0716716274619102,0.203268229961395,0.0860392600297928,0.19340743124485,0.140716820955276,0.152380764484406,0.167871028184891,0.0563994310796261,0.0237431824207306,0.17626878619194,0.00091860699467361,0.00149341369979084,0.13342148065567,0.213150352239609
-0.162598758935928,-0.109385244548321,-0.0295645575970411,-0.0503958389163017,-0.0153145426884294,0.0722179189324379,0.155251711606979,-0.0366337262094021,-0.046884723007679,-0.0686996951699257,-0.191067308187485,-0.0740941092371941,-0.0578888133168221,-0.0232753492891788,0.0556237250566483,0.118039712309837,-0.0230970475822687,-0.0618915893137455,0,-0.0427630767226219,0.241252437233925,0.0417556203901768,0.0443708226084709,0.26418349146843,0.21066415309906,0.275361597537994,-0.161646649241447,0.0858237743377686,0.079843744635582,0.0699762776494026,0.0218644477427006,0.573798060417175,0.00561396777629852,-0.0105234710499644,0.496198683977127,0.228501230478287,0.551767706871033,-0.0342002734541893,0.0738557428121567,-0.102699346840382,0.176035508513451,-0.0658343583345413,-0.137315586209297,0.0169391669332981,0.211440041661263,0.0883520171046257,0.72953325510025,0.252043902873993,0.119211085140705,0.162306681275368,0.174863338470459,0.124549806118011,0.64874005317688,-0.0510293766856194,0.0346576273441315,0.0225841719657183,0.0219345819205046,0.218626156449318,0.0150388572365046,0.188218995928764,-0.205826640129089,0.09092678129673,0.010079805739224,0.0643016397953033,-0.0580577775835991,0.324423104524612,0.0228268131613731,0.00654858304187655,0.218510970473289,0.153187766671181,0.258172363042831,-0.0687799975275993,0.115016035735607,-0.171093434095383,0.13029633462429,-0.145738258957863,-0.119830064475536,-0.11067046970129,0.0297156348824501,0.0584680363535881,0.609949827194214,0.0416716933250427,0.0604610405862331,0.166532292962074,0.176756277680397,0.0886004194617271
0.22682711482048,0.25516414642334,0.20490089058876,0.297610342502594,0.107490666210651,0.0466417819261551,-0.0399036146700382,0.0925879701972008,0.166808575391769,0.222229838371277,0.285774499177933,0.209168791770935,0.273709982633591,0.131255343556404,0.0400420948863029,-0.0314754992723465,0.0917920470237732,0.165273755788803,-0.0427630767226219,0,-0.113460041582584,0.170952364802361,0.0535582527518272,0.0215081479400396,-0.117956817150116,-0.0207938440144062,0.015566079877317,0.0328666605055332,0.209899544715881,0.193446040153503,-0.085589125752449,-0.272948235273361,0.010157898068428,0.396068453788757,0.201925843954086,-0.216517835855484,0.0149358762428164,0.28788223862648,0.32830423116684,0.415958851575851,0.399100065231323,0.0937403440475464,0.285723090171814,0.252665609121323,0.326714754104614,0.267535001039505,0.0473947264254093,0.369513422250748,-0.130710065364838,-0.0395466908812523,0.286894261837006,0.564809322357178,0.030292272567749,0.58658504486084,-0.0966571345925331,0.186423748731613,0.0108803045004606,0.00672343280166388,-0.108152970671654,0.00318634882569313,0.0642644464969635,0.0406418405473232,0.186061814427376,0.164992690086365,-0.032994881272316,-0.239283725619316,0.0280782226473093,0.370051175355911,0.306594103574753,-0.240860402584076,0.12573929131031,0.287643641233444,0.284826844930649,0.445229262113571,0.400253444910049,0.166079521179199,0.281977117061615,0.242187932133675,0.309401869773865,0.224093019962311,0.0555726960301399,0.473362386226654,-0.158792391419411,-0.080426461994648,0.241304308176041,0.557534337043762
0.0651372596621513,0.0437339581549168,0.119977064430714,-0.026256000623107,0.00204496923834085,0.14943066239357,0.0500868745148182,-0.0613291524350643,0.00558595126494765,0.267690747976303,-0.0194687191396952,0.0629660859704018,-0.0346549414098263,-0.0385239534080029,0.136435851454735,0.0443607047200203,-0.0496018081903458,0.0365130417048931,0.241252437233925,-0.113460041582584,0,-0.132886946201324,0.0681692957878113,0.195505380630493,0.722299158573151,0.572224974632263,0.19623002409935,-0.0623330660164356,0.277725100517273,-0.0792842879891396,0.110563792288303,0.481237381696701,0.167570903897285,-0.0856906324625015,0.554925382137299,0.463556230068207,0.547410726547241,-0.118611544370651,-0.0130442883819342,0.104184865951538,0.129006877541542,0.323358654975891,-0.0473228916525841,0.705158174037933,0.406559407711029,0.413840264081955,0.0691898167133331,0.46648308634758,0.0247822050005198,0.0121886003762484,-0.0185941141098738,-0.0441621653735638,0.0426366105675697,-0.118080615997314,0.653416216373444,-0.185989320278168,0.0598914511501789,0.114225171506405,0.52895712852478,0.312864065170288,0.0651281550526619,-0.0268680527806282,0.0927899330854416,-0.0752208977937698,0.0527207404375076,0.310833722352982,0.122936822474003,-0.0762650892138481,0.248596146702766,0.365306317806244,0.20610873401165,-0.126113623380661,0.00232595158740878,-0.0226740334182978,0.0524623543024063,0.165167212486267,-0.123391136527061,0.271374464035034,0.0864202827215195,0.183803781867027,0.0547324232757092,0.0846901461482048,0.0758820325136185,0.0204162616282701,-0.00505799613893032,-0.103201255202293
-0.0402776561677456,0.0847921669483185,-0.00248677516356111,0.0316010117530823,0.000838936597574502,0.102799810469151,0.0303626861423254,0.0214956384152174,0.0673292055726051,-0.00459916330873966,0.0648658648133278,-0.0303079281002283,0.029523266479373,0.0126009378582239,0.0885593667626381,0.0305158048868179,0.0299911834299564,0.0502530261874199,0.0417556203901768,0.170952364802361,-0.132886946201324,0,0.0194382146000862,0.316519975662231,0.0397749841213226,-0.140557423233986,0.129978016018867,0.250290542840958,0.0378250256180763,0.913669884204865,0.0184163339436054,-0.141123175621033,0.148410111665726,0.373675465583801,-0.0656324997544289,-0.173959627747536,-0.131572514772415,0.871263146400452,0.319013059139252,0.0820345133543015,0.299602180719376,0.27557560801506,0.0768126249313354,-0.0265632048249245,0.098461352288723,0.621475756168365,0.189794525504112,0.0245457272976637,-0.0288529098033905,0.0197678171098232,0.199399828910828,0.237838447093964,0.0874254927039146,0.156251266598701,-0.237468957901001,0.971199631690979,0.00533019844442606,0.361804246902466,-0.0770657733082771,-0.0839241147041321,0.159335941076279,0.31338432431221,-0.0107024293392897,0.902758479118347,-0.00413998821750283,-0.183026596903801,0.157055705785751,0.345072567462921,-0.0979960858821869,-0.249099344015121,-0.150469034910202,0.832172989845276,0.366689175367355,0.0773160308599472,0.311905741691589,0.296586841344833,0.08688934892416,-0.0898776352405548,0.00925461389124393,0.56843513250351,0.167350813746452,0.0649911612272263,-0.0712145641446114,0.0182101968675852,0.168791010975838,0.212089598178864
0.0238012615591288,0.0191979724913836,0.0120813827961683,0.0109094632789493,0.0112026389688253,0.132531732320786,0.0738562121987343,-0.000590496638324112,0.0174474809318781,0.0501563586294651,0.0171006191521883,-0.00725864432752132,0.0159877836704254,0.0104111731052399,0.108241468667984,0.0718281641602516,0.0169526152312756,0.041302528232336,0.0443708226084709,0.0535582527518272,0.0681692957878113,0.0194382146000862,0,0.158031135797501,0.110817894339561,0.140053495764732,0.0579066723585129,0.036013163626194,0.097396694123745,0.0443802326917648,0.0916981101036072,0.106840543448925,0.0971750468015671,0.0312252268195152,0.0676067993044853,0.0408460907638073,0.0696264132857323,0.0264037866145372,0.0472197718918324,0.0433075204491615,0.0576627776026726,0.0455200150609016,0.0589084774255753,0.0450767166912556,0.0726462602615356,0.0900413170456886,0.110244438052177,0.0648203417658806,0.0316422060132027,0.102911360561848,0.052283737808466,0.102412663400173,0.0223869979381561,0.0230520721524954,0.0366660542786121,0.00844528898596764,0.0531713552772999,0.128876879811287,0.0711170136928558,0.113938882946968,0.0582374297082424,0.0263179745525122,0.0615182742476463,0.0425870381295681,0.08171097189188,0.0724596828222275,0.0818218216300011,0.0104122497141361,0.0554229766130447,0.014574883505702,0.0436974316835403,0.0168435256928205,0.0371986106038094,0.0345027446746826,0.0498453304171562,0.05811782553792,0.0323712229728699,-0.00436223205178976,0.0486610494554043,0.075216181576252,0.0797945857048035,0.0373569019138813,0.0187397673726082,0.0511965602636337,0.029627738520503,0.0903152748942375
-0.0582428574562073,-0.052990909665823,-0.0357597060501575,-0.0241872388869524,-0.0121536068618298,0.221845224499702,0.177851021289825,-0.00919810961931944,0.00340846902690828,-0.0743435174226761,-0.0716393440961838,-0.0546341426670551,-0.0291038248687983,-0.0217567831277847,0.231438174843788,0.168827757239342,-0.00541179114952683,0.0122940540313721,0.26418349146843,0.0215081479400396,0.195505380630493,0.316519975662231,0.158031135797501,0,0.320917338132858,0.352251142263412,0.0800945311784744,0.542658090591431,0.105969250202179,0.508124113082886,0.176901027560234,0.215876489877701,0.328815162181854,0.101680010557175,0.140636742115021,0.0505879856646061,0.106506034731865,0.279086381196976,0.0941222310066223,-0.050104983150959,0.144942164421082,0.103471778333187,0.043195977807045,-0.00857288017868996,0.107628427445889,0.490599185228348,0.343828558921814,0.0186040718108416,0.0711319074034691,0.15240415930748,0.116406492888927,0.140294969081879,0.24775393307209,0.0385677590966225,0.0550887733697891,0.287966728210449,0.107982762157917,0.804374516010284,0.186285689473152,0.346898913383484,0.0775096192955971,0.501264214515686,0.0770629942417145,0.508153319358826,0.139369755983353,0.19879575073719,0.342670112848282,0.11114764213562,0.11579529941082,-0.0189104974269867,0.13399364054203,0.205983445048332,0.147308588027954,-0.0404871329665184,0.176590487360954,0.142505511641502,0.0395962782204151,-0.0714040324091911,0.0591692142188549,0.487212777137756,0.273928612470627,-0.00477765221148729,0.0440798066556454,0.139141738414764,0.0898303836584091,0.0994997620582581
