0 0.32881 0.26733 0.27646 0.084343 -0.010367 -0.09093 0.060969 0.20896 0.7146 0.40955 0.35576 0.29161 0.11166 -0.0003864 -0.097545 0.042404 0.26294 -0.1626 0.22683 0.065137 -0.040278 0.023801 -0.058243 0.064291 0.13848 0.093255 0.016332 0.18194 -0.011502 -0.1561 -0.11458 0.014497 0.11381 0.087982 -0.063284 0.010961 0.096771 0.038757 0.363 0.056642 0.18455 0.087171 0.36188 0.021636 0.17745 -0.19045 0.34539 -0.10682 -0.065936 0.017466 0.21657 -0.0441 0.26625 0.42988 -0.036034 0.032993 -0.080572 0.38291 0.25744 0.19694 -0.0080888 0.32358 -0.047224 -0.027603 0.1297 0.024947 0.1214 0.39228 0.2093 0.3034 0.1132 0.043081 0.446 0.16351 0.32309 0.17202 0.59935 0.40085 0.19624 -0.13258 0.5299 0.00042111 -0.086861 0.035997 0.26531
0.32881 0 0.24511 0.26827 0.11134 0.016523 -0.078904 0.071904 0.22162 0.34452 0.48461 0.26031 0.25351 0.0937 -0.00313 -0.094423 0.054621 0.20983 -0.10939 0.25516 0.043734 0.084792 0.019198 -0.052991 0.06089 0.044712 0.1403 0.072087 0.14072 0.12661 -0.031187 -0.11013 0.014438 0.17344 0.11139 -0.066696 0.010892 0.22482 0.12866 0.32762 0.11555 0.18941 0.155 0.21029 0.15878 0.12724 -0.11735 0.2293 -0.048869 -0.053492 0.1545 0.28168 -0.11618 0.24555 0.067107 0.084471 0.013205 -0.075316 0.067608 -0.0018859 0.134 0.067506 0.12967 0.08297 -0.012539 -0.0905 -0.014212 0.10323 0.15665 -0.032631 0.075488 0.25785 0.079243 0.30898 0.095613 0.18693 0.14592 0.18462 0.16628 0.06604 -0.1208 0.22451 -0.050858 -0.07338 0.14481 0.25395
0.26733 0.24511 0 0.39071 0.10407 0.033827 -0.018477 0.14731 0.14287 0.28645 0.26817 0.5758 0.37683 0.066291 0.031676 -0.028669 0.11758 0.15459 -0.029565 0.2049 0.11998 -0.0024868 0.012081 -0.03576 0.033864 0.051969 0.081909 2.853e-05 0.19027 0.021685 -0.0087383 -0.071431 -0.025948 0.052396 0.22987 -0.0079434 0.14199 0.086866 0.0067469 0.20397 0.077053 0.085678 0.17016 0.25139 0.19433 0.06171 -0.071917 0.18721 -0.054858 -0.045616 0.065267 0.18243 -0.024272 0.17528 0.11619 -0.018199 0.033607 -0.059988 0.03137 0.029637 0.067738 0.0060284 0.16592 -0.011273 0.0014946 -0.075415 -0.013993 0.023063 0.19899 -0.021661 0.1431 0.092896 -0.015377 0.1987 0.086471 0.079634 0.12271 0.1771 0.16204 0.0090045 -0.063282 0.18389 -0.065485 -0.056663 0.07986 0.17054
0.27646 0.26827 0.39071 0 0.19661 0.013447 -0.007277 0.1076 0.14332 0.25723 0.27614 0.37606 0.6393 0.12364 0.0079767 -0.015303 0.095402 0.14909 -0.050396 0.29761 -0.026256 0.031601 0.010909 -0.024187 -0.084695 0.011289 0.010363 0.019616 0.14838 0.045111 -0.027788 -0.15207 -0.022281 0.19216 0.18063 -0.085084 0.069122 0.12582 0.18197 0.21389 0.2752 0.039252 0.13335 0.15589 0.16784 0.11099 -0.025508 0.24526 -0.071107 -0.016532 0.12552 0.34827 -0.014145 0.28071 0.020671 0.033641 0.010324 -0.038003 -0.043271 -0.015461 0.028379 0.024505 0.15336 0.023034 -0.019148 -0.12836 0.010217 0.15194 0.26137 -0.057488 0.15554 0.14237 0.11686 0.25068 0.26017 0.080497 0.13396 0.17944 0.19171 0.086227 -0.037464 0.30781 -0.06638 -0.056511 0.124 0.34381
0.084343 0.11134 0.10407 0.19661 0 -0.0033023 -0.01874 0.019171 0.056569 0.095525 0.10115 0.11546 0.16913 0.04293 -0.003825 -0.026334 0.022474 0.061928 -0.015315 0.10749 0.002045 0.00083894 0.011203 -0.012154 -0.018177 0.0038116 -0.0046385 -0.010738 0.070703 0.0064332 -0.026155 -0.033736 -0.010524 0.023827 0.072768 0.0045786 0.053512 0.04847 0.073141 0.091463 0.089061 0.010986 0.057784 0.069127 0.066919 0.013269 0.0078049 0.10859 -0.02705 -0.020248 0.060854 0.14308 -0.0043387 0.11037 -0.014518 -0.0039506 -0.013369 -0.03283 -0.034109 -0.010347 -0.0025247 -0.0041261 0.065366 -0.0085022 -0.019091 -0.042388 -0.017475 0.026664 0.087742 -0.0073444 0.064913 0.049912 0.055559 0.077691 0.080377 0.0027992 0.02803 0.043924 0.054852 -0.0080479 -0.006747 0.10706 -0.037625 -0.02302 0.045149 0.1287
-0.010367 0.016523 0.033827 0.013447 -0.0033023 0 0.16581 0.020207 0.088301 0.058988 0.00012024 0.024671 0.0040279 -0.015635 0.43329 0.16691 0.040247 0.070818 0.072218 0.046642 0.14943 0.1028 0.13253 0.22185 0.23938 0.12721 0.33739 0.12646 0.091029 0.12725 0.29897 0.20857 0.27714 0.076729 -0.023826 0.025968 -0.014603 0.08797 0.094874 0.099136 0.065524 0.27126 0.22935 0.0051197 0.18025 0.083224 0.2234 -0.06358 0.060378 0.15226 0.1203 0.088552 0.036502 0.027823 0.011718 0.081932 0.088536 0.21183 0.12398 0.089733 0.28406 0.13188 0.018402 0.11568 0.27076 0.1387 0.23415 0.073155 -0.10606 -0.050214 -0.087746 0.065886 0.10035 0.03681 0.055464 0.22339 0.15273 -0.08917 0.077614 0.047496 0.18938 -0.10248 0.0521 0.12381 0.1035 0.056395
-0.09093 -0.078904 -0.018477 -0.007277 -0.01874 0.16581 0 -0.0095133 -0.0090098 -0.040057 -0.10181 -0.041948 -0.027929 -0.022917 0.17294 0.25134 -0.010839 -0.030855 0.15525 -0.039904 0.050087 0.030363 0.073856 0.17785 0.066026 0.12897 0.0022229 0.070779 0.022706 0.03926 0.16429 0.16861 0.069647 0.015526 0.027468 0.079732 0.074642 -0.012373 0.054186 -0.12077 0.070624 -0.034387 0.0021511 -0.1238 0.067011 0.025554 0.23673 -0.060014 0.048882 0.13501 0.019737 0.03099 0.093555 -0.049714 -0.065311 0.020022 0.028306 0.15545 -0.039513 0.068927 -0.030644 0.060769 -0.021405 0.0355 0.087141 0.087494 0.05399 0.021265 -0.056524 -0.01912 -0.02606 -0.032201 0.056624 -0.13834 0.067858 -0.062032 -0.022065 -0.18879 -0.022887 0.030285 0.18897 -0.12671 0.026825 0.10831 0.0050189 -0.002553
0.060969 0.071904 0.14731 0.1076 0.019171 0.020207 -0.0095133 0 0.055176 0.03724 0.075124 0.12993 0.10533 0.015838 0.033645 0.0028192 0.10945 0.066414 -0.036634 0.092588 -0.061329 0.021496 -0.0005905 -0.0091981 -0.047984 -0.02414 0.054167 0.018715 0.024344 0.010049 0.066693 -0.060955 0.02257 0.046282 -0.025574 -0.083593 -0.075058 0.045774 0.021027 0.071067 0.014279 0.044773 0.12032 -0.0007902 0.0085476 0.0089956 0.0032046 -0.00086431 -0.0051347 0.0013345 0.044283 0.086995 -0.02055 0.075127 -0.040763 0.024779 -0.0052219 0.00012019 -0.022473 0.0045473 0.068392 0.033029 0.032951 0.0020103 0.065487 -0.041178 0.010212 0.044914 0.0039776 -0.086999 -0.012153 0.052161 0.013335 0.07802 0.034992 0.059738 0.10044 0.020215 0.034026 0.01047 0.014416 0.057744 -0.017025 0.0028598 0.056539 0.090021
0.20896 0.22162 0.14287 0.14332 0.056569 0.088301 -0.0090098 0.055176 0 0.21991 0.2296 0.13046 0.13741 0.046405 0.071847 -0.021317 0.053608 0.19879 -0.046885 0.16681 0.005586 0.067329 0.017447 0.0034085 0.02994 0.0091163 0.1293 0.019922 0.077233 0.096586 0.020699 -0.053325 0.066256 0.12207 0.037688 -0.058224 -0.012367 0.17023 0.094202 0.19414 0.071477 0.15438 0.13596 0.10174 0.076098 0.05598 -0.0027351 0.11331 -0.030861 -0.018144 0.12089 0.18152 -0.031922 0.17092 0.045576 0.060841 0.028964 -0.012534 0.059978 0.021103 0.14844 0.014752 0.092656 0.083721 0.060039 -0.0123 0.035451 0.075977 0.085087 -0.032313 0.040456 0.1765 0.071758 0.18755 0.065902 0.17669 0.13692 0.10621 0.12663 0.024964 -0.001312 0.15332 -0.037327 -0.0061978 0.1199 0.17365
0.7146 0.34452 0.28645 0.25723 0.095525 0.058988 -0.040057 0.03724 0.21991 0 0.31705 0.28052 0.2168 0.097061 0.052327 -0.052785 0.032861 0.22936 -0.0687 0.22223 0.26769 -0.0045992 0.050156 -0.074344 0.22586 0.23745 0.14684 -0.064311 0.20251 0.0052687 -0.016777 0.056752 0.045077 0.18765 0.2275 0.10166 0.19198 0.11347 0.24466 0.3083 0.26167 0.23745 0.080934 0.45694 0.2699 0.25762 -0.13608 0.38596 -0.022566 -0.0025798 0.021593 0.21643 -0.14627 0.16286 0.14271 -0.013288 0.026659 -0.090104 0.12957 0.13577 0.10469 -0.034615 0.10247 -0.0062122 -0.017139 0.01208 0.029188 0.11932 0.14176 0.045406 0.055936 0.12808 0.13722 0.25733 0.1562 0.15612 0.050192 0.23604 0.098725 0.095328 -0.11024 0.32288 -0.03775 -0.058962 0.044066 0.17773
0.40955 0.48461 0.26817 0.27614 0.10115 0.00012024 -0.10181 0.075124 0.2296 0.31705 0 0.32137 0.30241 0.1082 -0.010329 -0.10714 0.093602 0.2513 -0.19107 0.28577 -0.019469 0.064866 0.017101 -0.071639 0.008132 -0.018583 0.1415 0.055967 0.1203 0.10542 -0.063182 -0.19028 0.010641 0.12542 0.030175 -0.14389 -0.062773 0.22619 0.052698 0.342 0.064332 0.19181 0.1829 0.18896 0.070758 0.088663 -0.17062 0.21339 -0.088451 -0.074438 0.15425 0.27492 -0.1374 0.29654 0.15447 0.076576 0.0054416 -0.098177 0.15279 0.002939 0.19854 0.031699 0.18639 0.064627 -0.0057383 -0.063652 0.0075044 0.12727 0.23878 -0.0049106 0.15111 0.26508 0.034022 0.39519 0.10588 0.26627 0.20146 0.30663 0.26636 0.069385 -0.13812 0.31525 -0.039535 -0.10174 0.15915 0.29572
0.35576 0.26031 0.5758 0.37606 0.11546 0.024671 -0.041948 0.12993 0.13046 0.28052 0.32137 0 0.40382 0.082685 0.02525 -0.030469 0.145 0.15501 -0.074094 0.20917 0.062966 -0.030308 -0.0072586 -0.054634 -0.00041854 0.031522 0.07873 0.0097571 0.18352 -0.0013486 -0.050289 -0.13588 -0.030953 0.035827 0.19442 -0.046013 0.11161 0.082544 0.0022292 0.22416 0.060101 0.063053 0.16999 0.22765 0.11222 0.076018 -0.10074 0.1835 -0.086224 -0.06771 0.059311 0.18915 -0.026796 0.23445 0.18687 -0.054596 0.019063 -0.074088 0.085406 0.061491 0.086967 -0.0091211 0.23525 -0.033205 -0.00078298 -0.051043 0.0071113 0.036557 0.28118 0.049747 0.23039 0.089835 -0.047918 0.26564 0.079589 0.12072 0.18045 0.28405 0.23196 0.032316 -0.087293 0.2467 -0.056817 -0.056286 0.054775 0.21396
0.29161 0.25351 0.37683 0.6393 0.16913 0.0040279 -0.027929 0.10533 0.13741 0.2168 0.30241 0.40382 0 0.14394 0.0076147 -0.0076725 0.11666 0.16018 -0.057889 0.27371 -0.034655 0.029523 0.015988 -0.029104 -0.091037 -0.0032985 -0.0025233 0.042989 0.13625 0.040266 -0.065889 -0.16335 -0.023386 0.16034 0.14788 -0.10224 0.051134 0.12398 0.10797 0.22448 0.21136 0.022085 0.11639 0.13118 0.12536 0.096427 -0.051592 0.22354 -0.087187 -0.043094 0.11739 0.31634 0.0090734 0.28809 0.031427 0.022906 0.01234 -0.024571 -0.032849 0.027723 0.015265 0.038926 0.19136 0.018517 -0.033906 -0.11533 -0.0040797 0.15066 0.29159 -0.039328 0.18952 0.14067 0.11101 0.25695 0.28209 0.080038 0.13252 0.20264 0.20239 0.090212 -0.0095934 0.3238 -0.086854 -0.04964 0.12399 0.37366
0.11166 0.0937 0.066291 0.12364 0.04293 -0.015635 -0.022917 0.015838 0.046405 0.097061 0.1082 0.082685 0.14394 0 -0.0067844 -0.026483 0.0064208 0.092985 -0.023275 0.13126 -0.038524 0.012601 0.010411 -0.021757 -0.026654 -0.019699 0.013785 -0.012728 0.030523 0.01524 -0.028617 -0.055845 0.0010133 0.058867 0.02366 -0.044163 -0.0087479 0.055247 0.059562 0.08905 0.06417 0.040265 0.058334 0.043528 0.051535 0.015845 -0.016824 0.079854 -0.040631 -0.010918 0.070515 0.12073 -0.014861 0.10655 0.0052062 0.014103 0.0017591 -0.022749 0.0004385 -0.0092144 0.029474 -0.013572 0.030266 0.015757 -0.0062048 -0.028186 -0.0030329 0.067953 0.078302 -0.03391 0.057101 0.068959 0.0633 0.091946 0.083338 0.050838 0.072647 0.06895 0.096571 0.0046532 -0.013139 0.1208 -0.026531 -0.026399 0.062181 0.13404
-0.0003864 -0.00313 0.031676 0.0079767 -0.003825 0.43329 0.17294 0.033645 0.071847 0.052327 -0.010329 0.02525 0.0076147 -0.0067844 0 0.21504 0.039434 0.07163 0.055624 0.040042 0.13644 0.088559 0.10824 0.23144 0.22441 0.12916 0.32157 0.12468 0.094688 0.10582 0.30685 0.17852 0.27391 0.075234 -0.03166 -0.0074474 -0.038394 0.068932 0.07821 0.084347 0.062788 0.25848 0.23896 -0.015618 0.16597 0.0761 0.21839 -0.079441 0.048104 0.13373 0.099596 0.085378 0.044596 0.041213 0.061234 0.078399 0.10374 0.22714 0.15808 0.135 0.30037 0.11374 0.060658 0.1005 0.26811 0.1639 0.2782 0.064494 -0.075875 -0.04405 -0.064712 0.058613 0.10608 0.063851 0.053845 0.24844 0.17452 -0.061726 0.10578 0.067566 0.21114 -0.081088 0.036162 0.14288 0.1025 0.08119
-0.097545 -0.094423 -0.028669 -0.015303 -0.026334 0.16691 0.25134 0.0028192 -0.021317 -0.052785 -0.10714 -0.030469 -0.0076725 -0.026483 0.21504 0 0.016764 -0.0043358 0.11804 -0.031475 0.044361 0.030516 0.071828 0.16883 0.044748 0.11554 -0.004652 0.026011 0.021139 0.033572 0.13749 0.12832 0.094639 0.020588 0.010105 0.045725 0.051748 -0.047121 0.041914 -0.10535 0.073686 -0.025886 0.0089175 -0.10824 0.049524 0.02871 0.20669 -0.065075 0.045152 0.10757 0.019612 0.029671 0.10681 -0.034753 -0.026559 0.019301 0.040279 0.17839 -0.012599 0.11404 -0.026703 0.024147 0.0014493 0.030712 0.09973 0.092417 0.099313 0.025497 -0.018405 -0.010248 0.013262 -0.056007 0.059607 -0.12609 0.076577 -0.047816 -0.023859 -0.14473 -0.0088727 0.035768 0.21296 -0.088862 0.025761 0.13284 0.0080168 0.027575
0.042404 0.054621 0.11758 0.095402 0.022474 0.040247 -0.010839 0.10945 0.053608 0.032861 0.093602 0.145 0.11666 0.0064208 0.039434 0.016764 0 0.068647 -0.023097 0.091792 -0.049602 0.029991 0.016953 -0.0054118 -0.020671 -0.036775 0.079006 0.030506 0.014868 0.033028 0.055059 -0.06934 0.0082036 0.032198 -0.019636 -0.080303 -0.062341 0.046931 0.0068027 0.065956 -0.0043593 0.072536 0.12333 -0.011329 0.016671 0.0034856 0.013641 -0.027923 -0.014443 -0.01349 0.042234 0.063525 -0.010978 0.077048 -0.035611 0.03121 0.0072794 0.01789 -0.020693 -0.013894 0.067865 0.027343 0.025016 0.021523 0.048819 -0.03978 0.022502 0.035476 -0.008252 -0.10448 -0.024828 0.050611 -0.0034152 0.073882 0.00056407 0.074469 0.11635 0.018252 0.017406 0.0046144 0.023363 0.019888 -0.017692 -0.003893 0.048261 0.070988
0.26294 0.20983 0.15459 0.14909 0.061928 0.070818 -0.030855 0.066414 0.19879 0.22936 0.2513 0.15501 0.16018 0.092985 0.07163 -0.0043358 0.068647 0 -0.061892 0.16527 0.036513 0.050253 0.041303 0.012294 0.05832 0.032679 0.1212 0.022453 0.089716 0.089006 0.016073 -0.028137 0.071402 0.095906 0.028188 -0.051284 -0.0042625 0.16036 0.076629 0.18653 0.064237 0.15529 0.133 0.11559 0.079374 0.061853 0.0090199 0.1342 -0.035636 0.028721 0.16257 0.19058 -0.0059936 0.1813 0.10547 0.06194 0.026703 0.011169 0.11073 0.043387 0.15209 0.024959 0.11728 0.077281 0.067792 0.020797 0.058551 0.11007 0.12056 0.014297 0.087683 0.17749 0.071672 0.20327 0.086039 0.19341 0.14072 0.15238 0.16787 0.056399 0.023743 0.17627 0.00091861 0.0014934 0.13342 0.21315
-0.1626 -0.10939 -0.029565 -0.050396 -0.015315 0.072218 0.15525 -0.036634 -0.046885 -0.0687 -0.19107 -0.074094 -0.057889 -0.023275 0.055624 0.11804 -0.023097 -0.061892 0 -0.042763 0.24125 0.041756 0.044371 0.26418 0.21066 0.27536 -0.16165 0.085824 0.079844 0.069976 0.021864 0.5738 0.005614 -0.010523 0.4962 0.2285 0.55177 -0.0342 0.073856 -0.1027 0.17604 -0.065834 -0.13732 0.016939 0.21144 0.088352 0.72953 0.25204 0.11921 0.16231 0.17486 0.12455 0.64874 -0.051029 0.034658 0.022584 0.021935 0.21863 0.015039 0.18822 -0.20583 0.090927 0.01008 0.064302 -0.058058 0.32442 0.022827 0.0065486 0.21851 0.15319 0.25817 -0.06878 0.11502 -0.17109 0.1303 -0.14574 -0.11983 -0.11067 0.029716 0.058468 0.60995 0.041672 0.060461 0.16653 0.17676 0.0886
0.22683 0.25516 0.2049 0.29761 0.10749 0.046642 -0.039904 0.092588 0.16681 0.22223 0.28577 0.20917 0.27371 0.13126 0.040042 -0.031475 0.091792 0.16527 -0.042763 0 -0.11346 0.17095 0.053558 0.021508 -0.11796 -0.020794 0.015566 0.032867 0.2099 0.19345 -0.085589 -0.27295 0.010158 0.39607 0.20193 -0.21652 0.014936 0.28788 0.3283 0.41596 0.3991 0.09374 0.28572 0.25267 0.32671 0.26754 0.047395 0.36951 -0.13071 -0.039547 0.28689 0.56481 0.030292 0.58659 -0.096657 0.18642 0.01088 0.0067234 -0.10815 0.0031863 0.064264 0.040642 0.18606 0.16499 -0.032995 -0.23928 0.028078 0.37005 0.30659 -0.24086 0.12574 0.28764 0.28483 0.44523 0.40025 0.16608 0.28198 0.24219 0.3094 0.22409 0.055573 0.47336 -0.15879 -0.080426 0.2413 0.55753
0.065137 0.043734 0.11998 -0.026256 0.002045 0.14943 0.050087 -0.061329 0.005586 0.26769 -0.019469 0.062966 -0.034655 -0.038524 0.13644 0.044361 -0.049602 0.036513 0.24125 -0.11346 0 -0.13289 0.068169 0.19551 0.7223 0.57222 0.19623 -0.062333 0.27773 -0.079284 0.11056 0.48124 0.16757 -0.085691 0.55493 0.46356 0.54741 -0.11861 -0.013044 0.10418 0.12901 0.32336 -0.047323 0.70516 0.40656 0.41384 0.06919 0.46648 0.024782 0.012189 -0.018594 -0.044162 0.042637 -0.11808 0.65342 -0.18599 0.059891 0.11423 0.52896 0.31286 0.065128 -0.026868 0.09279 -0.075221 0.052721 0.31083 0.12294 -0.076265 0.2486 0.36531 0.20611 -0.12611 0.002326 -0.022674 0.052462 0.16517 -0.12339 0.27137 0.08642 0.1838 0.054732 0.08469 0.075882 0.020416 -0.005058 -0.1032
-0.040278 0.084792 -0.0024868 0.031601 0.00083894 0.1028 0.030363 0.021496 0.067329 -0.0045992 0.064866 -0.030308 0.029523 0.012601 0.088559 0.030516 0.029991 0.050253 0.041756 0.17095 -0.13289 0 0.019438 0.31652 0.039775 -0.14056 0.12998 0.25029 0.037825 0.91367 0.018416 -0.14112 0.14841 0.37368 -0.065632 -0.17396 -0.13157 0.87126 0.31901 0.082035 0.2996 0.27558 0.076813 -0.026563 0.098461 0.62148 0.18979 0.024546 -0.028853 0.019768 0.1994 0.23784 0.087425 0.15625 -0.23747 0.9712 0.0053302 0.3618 -0.077066 -0.083924 0.15934 0.31338 -0.010702 0.90276 -0.00414 -0.18303 0.15706 0.34507 -0.097996 -0.2491 -0.15047 0.83217 0.36669 0.077316 0.31191 0.29659 0.086889 -0.089878 0.0092546 0.56844 0.16735 0.064991 -0.071215 0.01821 0.16879 0.21209
0.023801 0.019198 0.012081 0.010909 0.011203 0.13253 0.073856 -0.0005905 0.017447 0.050156 0.017101 -0.0072586 0.015988 0.010411 0.10824 0.071828 0.016953 0.041303 0.044371 0.053558 0.068169 0.019438 0 0.15803 0.11082 0.14005 0.057907 0.036013 0.097397 0.04438 0.091698 0.10684 0.097175 0.031225 0.067607 0.040846 0.069626 0.026404 0.04722 0.043308 0.057663 0.04552 0.058908 0.045077 0.072646 0.090041 0.11024 0.06482 0.031642 0.10291 0.052284 0.10241 0.022387 0.023052 0.036666 0.0084453 0.053171 0.12888 0.071117 0.11394 0.058237 0.026318 0.061518 0.042587 0.081711 0.07246 0.081822 0.010412 0.055423 0.014575 0.043697 0.016844 0.037199 0.034503 0.049845 0.058118 0.032371 -0.0043622 0.048661 0.075216 0.079795 0.037357 0.01874 0.051197 0.029628 0.090315
-0.058243 -0.052991 -0.03576 -0.024187 -0.012154 0.22185 0.17785 -0.0091981 0.0034085 -0.074344 -0.071639 -0.054634 -0.029104 -0.021757 0.23144 0.16883 -0.0054118 0.012294 0.26418 0.021508 0.19551 0.31652 0.15803 0 0.32092 0.35225 0.080095 0.54266 0.10597 0.50812 0.1769 0.21588 0.32882 0.10168 0.14064 0.050588 0.10651 0.27909 0.094122 -0.050105 0.14494 0.10347 0.043196 -0.0085729 0.10763 0.4906 0.34383 0.018604 0.071132 0.1524 0.11641 0.14029 0.24775 0.038568 0.055089 0.28797 0.10798 0.80437 0.18629 0.3469 0.07751 0.50126 0.077063 0.50815 0.13937 0.1988 0.34267 0.11115 0.1158 -0.01891 0.13399 0.20598 0.14731 -0.040487 0.17659 0.14251 0.039596 -0.071404 0.059169 0.48721 0.27393 -0.0047777 0.04408 0.13914 0.08983 0.0995
0.064291 0.06089 0.033864 -0.084695 -0.018177 0.23938 0.066026 -0.047984 0.02994 0.22586 0.008132 -0.00041854 -0.091037 -0.026654 0.22441 0.044748 -0.020671 0.05832 0.21066 -0.11796 0.7223 0.039775 0.11082 0.32092 0 0.5312 0.52912 0.061999 0.17796 0.09365 0.30298 0.63094 0.4093 -0.036835 0.25722 0.36259 0.26401 -0.0020857 -0.067629 0.20488 -0.089789 0.69596 0.10516 0.54637 0.37207 0.38753 0.098147 0.26011 0.15625 0.10682 -0.0010773 -0.083461 0.05171 -0.13224 0.50803 -0.037732 0.06552 0.22828 0.73799 0.3241 0.40477 0.059428 0.042648 0.082689 0.25004 0.52127 0.32893 -0.048705 0.058818 0.24536 0.081097 -0.019521 -0.063835 0.053636 -0.11774 0.51287 0.025482 0.16731 0.15728 0.17633 0.073165 -0.0022938 0.21159 0.12987 0.013094 -0.13208
0.13848 0.044712 0.051969 0.011289 0.0038116 0.12721 0.12897 -0.02414 0.0091163 0.23745 -0.018583 0.031522 -0.0032985 -0.019699 0.12916 0.11554 -0.036775 0.032679 0.27536 -0.020794 0.57222 -0.14056 0.14005 0.35225 0.5312 0 -0.0043461 0.087809 0.25225 -0.07828 0.067748 0.46108 0.11959 -0.043237 0.44442 0.39778 0.47625 -0.12264 0.0048172 0.036282 0.12494 -0.011901 -0.078805 0.40844 0.23061 0.38496 0.17262 0.43753 0.02124 0.12187 -0.0061422 0.090984 0.12476 -0.022226 0.3391 -0.17378 0.089209 0.25652 0.32982 0.55741 -0.10017 0.048752 0.13796 -0.076193 -0.0096012 0.30484 0.055992 -0.05695 0.26409 0.26119 0.31364 -0.14267 -0.014173 -0.012326 0.055244 -0.050399 -0.10933 0.12739 0.030883 0.25619 0.12622 0.19318 0.04087 0.085613 -0.00010334 0.034305
0.093255 0.1403 0.081909 0.010363 -0.0046385 0.33739 0.0022229 0.054167 0.1293 0.14684 0.1415 0.07873 -0.0025233 0.013785 0.32157 -0.004652 0.079006 0.1212 -0.16165 0.015566 0.19623 0.12998 0.057907 0.080095 0.52912 -0.0043461 0 0.023658 0.043019 0.12624 0.49689 0.21586 0.39121 0.081895 -0.21766 -0.039885 -0.23815 0.14811 0.04911 0.41042 -0.122 0.81121 0.45744 0.11021 0.25481 -0.0036643 -0.00038299 -0.14588 0.13617 0.047723 0.1192 -0.025251 -0.14521 0.0096544 0.086734 0.092233 0.058333 0.065504 0.34285 -0.037352 0.76181 0.051758 -0.028921 0.11466 0.45335 0.2205 0.31564 0.057881 -0.29917 -0.11373 -0.26135 0.17258 0.058245 0.2707 -0.11959 0.7089 0.3278 -0.035706 0.17806 -0.099459 0.020556 -0.19199 0.12183 0.062015 0.097752 -0.053046
0.016332 0.072087 2.853e-05 0.019616 -0.010738 0.12646 0.070779 0.018715 0.019922 -0.064311 0.055967 0.0097571 0.042989 -0.012728 0.12468 0.026011 0.030506 0.022453 0.085824 0.032867 -0.062333 0.25029 0.036013 0.54266 0.061999 0.087809 0.023658 0 0.048837 0.42435 0.10349 0.030612 0.052806 0.061474 -0.0038458 -0.0098208 0.0054917 0.32975 0.021564 0.027002 0.075558 -0.021636 0.073018 -0.098867 -0.014793 0.30105 0.17488 -0.11169 0.014769 0.057316 0.11466 0.11455 0.15498 0.068933 -0.054648 0.25919 0.029937 0.5614 0.018625 0.16434 0.02695 0.9469 0.080853 0.35529 0.079861 0.06264 0.084468 0.06192 0.091048 -0.019405 0.089466 0.31732 0.097615 0.033887 0.14274 0.018308 0.072771 -0.065341 0.012159 0.35778 0.13842 0.013077 0.02525 0.050753 0.093475 0.1162
0.18194 0.14072 0.19027 0.14838 0.070703 0.091029 0.022706 0.024344 0.077233 0.20251 0.1203 0.18352 0.13625 0.030523 0.094688 0.021139 0.014868 0.089716 0.079844 0.2099 0.27773 0.037825 0.097397 0.10597 0.17796 0.25225 0.043019 0.048837 0 0.051285 0.060206 0.078658 0.059723 0.071699 0.42712 0.29204 0.46845 0.092167 0.037562 0.25928 0.13268 0.093112 0.20381 0.44072 0.29369 0.19835 0.069278 0.40253 -0.038276 0.056085 0.12532 0.32877 0.086617 0.19467 0.22715 0.020042 0.051733 0.073997 0.15209 0.16485 -0.0049807 0.047686 0.39419 0.039791 0.052539 0.06125 0.019533 0.046286 0.36641 0.22584 0.42732 0.081348 0.041394 0.19393 0.11673 0.073306 0.15555 0.2642 0.22493 0.091762 0.065866 0.2852 0.00023604 -0.0018297 0.11741 0.30869
-0.011502 0.12661 0.021685 0.045111 0.0064332 0.12725 0.03926 0.010049 0.096586 0.0052687 0.10542 -0.0013486 0.040266 0.01524 0.10582 0.033572 0.033028 0.089006 0.069976 0.19345 -0.079284 0.91367 0.04438 0.50812 0.09365 -0.07828 0.12624 0.42435 0.051285 0 0.03704 -0.12253 0.21532 0.38294 -0.024675 -0.1565 -0.07409 0.91096 0.3466 0.10735 0.30451 0.23838 0.083015 -0.015449 0.091623 0.64539 0.21692 0.068076 -0.018486 0.01334 0.27002 0.28104 0.09301 0.17099 -0.16588 0.90471 0.013643 0.51758 -0.01247 -0.0015558 0.1617 0.46224 0.033934 0.92164 0.010222 -0.1358 0.22733 0.34487 -0.0063664 -0.20368 -0.061061 0.87183 0.38734 0.11336 0.32414 0.28703 0.089862 -0.062199 0.033616 0.61467 0.18402 0.14476 -0.049653 0.0019985 0.23094 0.25486
-0.1561 -0.031187 -0.0087383 -0.027788 -0.026155 0.29897 0.16429 0.066693 0.020699 -0.016777 -0.063182 -0.050289 -0.065889 -0.028617 0.30685 0.13749 0.055059 0.016073 0.021864 -0.085589 0.11056 0.018416 0.091698 0.1769 0.30298 0.067748 0.49689 0.10349 0.060206 0.03704 0 0.36624 0.27533 -0.011582 -0.156 0.079653 -0.093138 -0.0029202 0.022089 -0.014502 -0.057038 0.39826 0.39168 -0.19574 0.26207 -0.092564 0.19529 -0.28831 0.27862 0.18086 0.034769 -0.071345 -0.039784 -0.11384 -0.14481 0.0050435 0.03947 0.18378 0.05709 0.015749 0.36484 0.13069 -0.089033 0.034638 0.54601 0.2383 0.2249 -0.015262 -0.33842 -0.10601 -0.26757 -0.014722 0.043213 -0.12224 -0.080831 0.22284 0.22106 -0.38002 0.029435 -0.12043 0.16223 -0.35191 0.21134 0.16964 0.028052 -0.11003
-0.11458 -0.11013 -0.071431 -0.15207 -0.033736 0.20857 0.16861 -0.060955 -0.053325 0.056752 -0.19028 -0.13588 -0.16335 -0.055845 0.17852 0.12832 -0.06934 -0.028137 0.5738 -0.27295 0.48124 -0.14112 0.10684 0.21588 0.63094 0.46108 0.21586 0.030612 0.078658 -0.12253 0.36624 0 0.15683 -0.20497 0.22264 0.577 0.37453 -0.20086 -0.11645 -0.085799 -0.12471 0.26451 -0.012938 0.052892 0.35873 -0.093036 0.39363 0.13014 0.31244 0.27974 -0.072008 -0.19144 0.24429 -0.28322 0.18857 -0.19026 0.072502 0.16054 0.31836 0.28273 0.049478 0.039968 -0.063184 -0.10201 0.192 0.74122 0.09393 -0.18768 -0.10726 0.37751 0.00012663 -0.22544 -0.096641 -0.22596 -0.17558 0.0011229 -0.11372 -0.2384 0.052901 -0.13346 0.28668 -0.20996 0.31647 0.27125 -0.052114 -0.21906
0.014497 0.014438 -0.025948 -0.022281 -0.010524 0.27714 0.069647 0.02257 0.066256 0.045077 0.010641 -0.030953 -0.023386 0.0010133 0.27391 0.094639 0.0082036 0.071402 0.005614 0.010158 0.16757 0.14841 0.097175 0.32882 0.4093 0.11959 0.39121 0.052806 0.059723 0.21532 0.27533 0.15683 0 0.10374 -0.041206 -0.021337 -0.067878 0.12913 0.057087 0.068281 -0.022332 0.4429 0.21084 0.072599 0.15034 0.13788 0.14949 -0.056605 0.055283 0.094416 0.094856 0.045483 0.040316 0.002211 0.1254 0.11663 0.069933 0.28019 0.30426 0.11149 0.38192 0.056588 0.015271 0.21252 0.27599 0.19027 0.44289 0.079567 -0.073185 -0.023972 -0.040123 0.10595 0.042847 0.046773 -0.018972 0.4151 0.15484 -0.0046762 0.13382 0.079299 0.14369 -0.076948 0.082901 0.10203 0.066127 0.0033352
0.11381 0.17344 0.052396 0.19216 0.023827 0.076729 0.015526 0.046282 0.12207 0.18765 0.12542 0.035827 0.16034 0.058867 0.075234 0.020588 0.032198 0.095906 -0.010523 0.39607 -0.085691 0.37368 0.031225 0.10168 -0.036835 -0.043237 0.081895 0.061474 0.071699 0.38294 -0.011582 -0.20497 0.10374 0 0.13213 -0.21116 -0.0025448 0.43922 0.5311 0.27814 0.59586 0.20683 0.10463 0.15047 0.32871 0.37256 0.16881 0.34097 -0.069593 -0.010603 0.3731 0.49094 0.030871 0.34956 -0.10708 0.35501 0.0040772 0.088012 -0.075749 -0.044408 0.10869 0.056517 0.045554 0.34839 -0.02099 -0.21606 0.13664 0.77833 0.17571 -0.22688 0.058189 0.42027 0.46019 0.33085 0.53622 0.26131 0.094855 0.13153 0.25751 0.30443 0.16555 0.40344 -0.10061 -0.03507 0.33067 0.46151
0.087982 0.11139 0.22987 0.18063 0.072768 -0.023826 0.027468 -0.025574 0.037688 0.2275 0.030175 0.19442 0.14788 0.02366 -0.03166 0.010105 -0.019636 0.028188 0.4962 0.20193 0.55493 -0.065632 0.067607 0.14064 0.25722 0.44442 -0.21766 -0.0038458 0.42712 -0.024675 -0.156 0.22264 -0.041206 0.13213 0 0.39702 0.84464 0.012074 0.098277 0.099751 0.36905 -0.079886 -0.10327 0.55945 0.50014 0.31339 0.24311 0.67329 -0.056487 0.014656 0.12458 0.37736 0.25808 0.191 0.34249 -0.085407 0.025699 0.068552 0.13345 0.20773 -0.28068 -0.0074521 0.28461 -0.030041 -0.18968 0.050662 -0.045792 0.11199 0.65723 0.2651 0.60224 -0.013651 0.092578 0.034908 0.30654 -0.14036 -0.10956 0.2274 0.25608 0.18584 0.18929 0.45133 -0.050588 -0.028928 0.12971 0.32797
-0.063284 -0.066696 -0.0079434 -0.085084 0.0045786 0.025968 0.079732 -0.083593 -0.058224 0.10166 -0.14389 -0.046013 -0.10224 -0.044163 -0.0074474 0.045725 -0.080303 -0.051284 0.2285 -0.21652 0.46356 -0.17396 0.040846 0.050588 0.36259 0.39778 -0.039885 -0.0098208 0.29204 -0.1565 0.079653 0.577 -0.021337 -0.21116 0.39702 0 0.61723 -0.16183 -0.14038 -0.11794 -0.06604 -0.073925 -0.16953 0.21232 0.21988 -0.063026 0.029259 0.20944 0.1429 0.087226 -0.077903 -0.11552 -0.015153 -0.22324 0.18347 -0.19045 0.041196 0.017318 0.10627 0.17689 -0.20109 -0.0067495 0.10508 -0.14922 -0.029995 0.25531 -0.036964 -0.18786 0.084093 0.54981 0.22002 -0.17725 -0.10674 -0.22513 -0.096919 -0.28346 -0.24093 -0.13719 -0.10447 -0.1359 -0.0070732 -0.06418 0.11689 0.073074 -0.062473 -0.13096
0.010961 0.010892 0.14199 0.069122 0.053512 -0.014603 0.074642 -0.075058 -0.012367 0.19198 -0.062773 0.11161 0.051134 -0.0087479 -0.038394 0.051748 -0.062341 -0.0042625 0.55177 0.014936 0.54741 -0.13157 0.069626 0.10651 0.26401 0.47625 -0.23815 0.0054917 0.46845 -0.07409 -0.093138 0.37453 -0.067878 -0.0025448 0.84464 0.61723 0 -0.073064 -0.01509 -0.035294 0.25102 -0.20946 -0.20264 0.43157 0.35551 0.17788 0.22955 0.55924 0.031228 0.040691 0.015809 0.20176 0.26625 -0.027855 0.29324 -0.14351 0.046879 0.038777 0.020954 0.23621 -0.33611 0.0078087 0.2733 -0.084535 -0.16895 0.10515 -0.079582 -0.010102 0.49579 0.46017 0.58895 -0.093193 0.017409 -0.12887 0.16393 -0.31783 -0.22058 0.073252 0.017235 0.071339 0.15794 0.24276 -0.029455 0.0010693 0.041936 0.161
0.096771 0.22482 0.086866 0.12582 0.04847 0.08797 -0.012373 0.045774 0.17023 0.11347 0.22619 0.082544 0.12398 0.055247 0.068932 -0.047121 0.046931 0.16036 -0.0342 0.28788 -0.11861 0.87126 0.026404 0.27909 -0.0020857 -0.12264 0.14811 0.32975 0.092167 0.91096 -0.0029202 -0.20086 0.12913 0.43922 0.012074 -0.16183 -0.073064 0 0.42295 0.23009 0.38258 0.26945 0.12062 0.029608 0.11812 0.5597 0.10533 0.14904 -0.059906 -0.023594 0.31281 0.36767 -0.0019261 0.27404 -0.15862 0.83485 0.0046847 0.2936 -0.051698 -0.05924 0.18816 0.39125 0.083932 0.86826 -0.0012106 -0.19974 0.13749 0.40603 0.040886 -0.18305 -0.034861 0.96356 0.45468 0.24625 0.40874 0.31392 0.13865 0.026035 0.090052 0.52695 0.083947 0.27912 -0.071161 -0.050902 0.28196 0.35734
0.038757 0.12866 0.0067469 0.18197 0.073141 0.094874 0.054186 0.021027 0.094202 0.24466 0.052698 0.0022292 0.10797 0.059562 0.07821 0.041914 0.0068027 0.076629 0.073856 0.3283 -0.013044 0.31901 0.04722 0.094122 -0.067629 0.0048172 0.04911 0.021564 0.037562 0.3466 0.022089 -0.11645 0.057087 0.5311 0.098277 -0.14038 -0.01509 0.42295 0 0.10567 0.88832 0.088913 0.027952 0.059225 0.33591 0.41417 0.31226 0.40441 -0.010131 0.041618 0.49703 0.60533 0.050975 0.28447 -0.16687 0.29333 0.0036063 0.080543 -0.15482 -0.048328 0.025419 0.014452 -0.017904 0.31302 -0.016906 -0.20184 0.077472 0.48512 0.068859 -0.22347 -0.08886 0.38845 0.89123 0.1364 0.78224 0.092467 0.0048547 -0.050473 0.15893 0.32099 0.26094 0.37414 -0.092186 -0.016488 0.40898 0.50221
0.363 0.32762 0.20397 0.21389 0.091463 0.099136 -0.12077 0.071067 0.19414 0.3083 0.342 0.22416 0.22448 0.08905 0.084347 -0.10535 0.065956 0.18653 -0.1027 0.41596 0.10418 0.082035 0.043308 -0.050105 0.20488 0.036282 0.41042 0.027002 0.25928 0.10735 -0.014502 -0.085799 0.068281 0.27814 0.099751 -0.11794 -0.035294 0.23009 0.10567 0 0.092544 0.53463 0.36472 0.4368 0.28756 0.18303 -0.089098 0.36134 -0.079898 -0.048206 0.19 0.3485 -0.068847 0.38306 0.17586 0.08819 0.042198 -0.059448 0.25762 0.069419 0.42039 0.030221 0.24604 0.066028 0.090268 0.013278 0.036707 0.22089 0.18824 -0.070646 0.11524 0.2501 0.08746 0.68622 0.12385 0.51851 0.33238 0.44172 0.35056 0.086871 -0.057184 0.38965 -0.08738 -0.081679 0.18305 0.36212
0.056642 0.11555 0.077053 0.2752 0.089061 0.065524 0.070624 0.014279 0.071477 0.26167 0.064332 0.060101 0.21136 0.06417 0.062788 0.073686 -0.0043593 0.064237 0.17604 0.3991 0.12901 0.2996 0.057663 0.14494 -0.089789 0.12494 -0.122 0.075558 0.13268 0.30451 -0.057038 -0.12471 -0.022332 0.59586 0.36905 -0.06604 0.25102 0.38258 0.88832 0.092544 0 -0.070949 -0.017889 0.13558 0.49928 0.49794 0.31923 0.53253 -0.048885 0.020453 0.42588 0.6345 0.12914 0.34877 -0.080871 0.27169 0.0039085 0.12258 -0.20549 0.014084 -0.13471 0.077213 0.075436 0.28398 -0.10562 -0.23407 0.035251 0.56866 0.30768 -0.18147 0.097166 0.35102 0.81932 0.12713 0.90737 -0.023447 -0.031521 0.016355 0.28416 0.43524 0.26412 0.46782 -0.11863 -0.030316 0.34249 0.55114
0.18455 0.18941 0.085678 0.039252 0.010986 0.27126 -0.034387 0.044773 0.15438 0.23745 0.19181 0.063053 0.022085 0.040265 0.25848 -0.025886 0.072536 0.15529 -0.065834 0.09374 0.32336 0.27558 0.04552 0.10347 0.69596 -0.011901 0.81121 -0.021636 0.093112 0.23838 0.39826 0.26451 0.4429 0.20683 -0.079886 -0.073925 -0.20946 0.26945 0.088913 0.53463 -0.070949 0 0.43094 0.33583 0.37574 0.17234 0.027646 0.080689 0.13526 0.050087 0.11607 0.054311 -0.039947 0.072852 0.22292 0.22724 0.054232 0.091503 0.53664 -0.0066561 0.76963 0.048796 0.0012809 0.22331 0.39231 0.32377 0.36578 0.14978 -0.18558 -0.10441 -0.21069 0.27785 0.076636 0.40174 -0.068565 0.91559 0.34446 0.16093 0.32795 0.020435 0.059135 0.0013434 0.16019 0.076302 0.12002 0.022104
0.087171 0.155 0.17016 0.13335 0.057784 0.22935 0.0021511 0.12032 0.13596 0.080934 0.1829 0.16999 0.11639 0.058334 0.23896 0.0089175 0.12333 0.133 -0.13732 0.28572 -0.047323 0.076813 0.058908 0.043196 0.10516 -0.078805 0.45744 0.073018 0.20381 0.083015 0.39168 -0.012938 0.21084 0.10463 -0.10327 -0.16953 -0.20264 0.12062 0.027952 0.36472 -0.017889 0.43094 0 0.060935 0.3462 -0.029698 0.034771 -0.050428 0.046346 0.04023 0.15271 0.18795 -0.084069 0.26595 -0.057976 0.067469 0.046317 0.033563 0.054057 -0.047948 0.42521 0.084282 0.14401 0.062561 0.41328 0.065473 0.15772 0.086416 -0.093711 -0.18444 -0.1043 0.11844 0.021692 0.30882 -0.0015262 0.3823 0.57095 0.038144 0.32473 -0.075229 0.069825 -0.0035263 0.033772 0.046838 0.13657 0.17905
0.36188 0.21029 0.25139 0.15589 0.069127 0.0051197 -0.1238 -0.0007902 0.10174 0.45694 0.18896 0.22765 0.13118 0.043528 -0.015618 -0.10824 -0.011329 0.11559 0.016939 0.25267 0.70516 -0.026563 0.045077 -0.0085729 0.54637 0.40844 0.11021 -0.098867 0.44072 -0.015449 -0.19574 0.052892 0.072599 0.15047 0.55945 0.21232 0.43157 0.029608 0.059225 0.4368 0.13558 0.33583 0.060935 0 0.46467 0.43837 -0.11817 0.66257 -0.12754 -0.083646 0.071801 0.24849 -0.0022959 0.21021 0.5585 -0.050125 0.03371 -0.049146 0.46734 0.23176 0.060438 -0.08497 0.28373 -0.03725 -0.12788 0.090779 0.026106 0.11153 0.43018 0.21189 0.32001 0.036575 0.0089155 0.36381 0.10373 0.30682 0.038864 0.69639 0.29129 0.22545 -0.08483 0.44595 -0.083683 -0.12639 0.071498 0.19081
0.021636 0.15878 0.19433 0.16784 0.066919 0.18025 0.067011 0.0085476 0.076098 0.2699 0.070758 0.11222 0.12536 0.051535 0.16597 0.049524 0.016671 0.079374 0.21144 0.32671 0.40656 0.098461 0.072646 0.10763 0.37207 0.23061 0.25481 -0.014793 0.29369 0.091623 0.26207 0.35873 0.15034 0.32871 0.50014 0.21988 0.35551 0.11812 0.33591 0.28756 0.49928 0.37574 0.3462 0.46467 0 0.31305 0.18395 0.4941 0.11555 0.06525 0.19681 0.31718 0.050072 0.24045 0.11101 0.0459 0.04727 0.067407 0.057163 0.088272 0.10777 0.011956 0.048553 0.082131 0.12732 0.10477 0.12875 0.31995 0.16565 -0.047103 0.043597 0.093216 0.29003 0.15254 0.41123 0.15389 0.16679 0.02376 0.51472 0.17416 0.18058 0.21917 0.086018 0.051619 0.18139 0.25598
0.17745 0.12724 0.06171 0.11099 0.013269 0.083224 0.025554 0.0089956 0.05598 0.25762 0.088663 0.076018 0.096427 0.015845 0.0761 0.02871 0.0034856 0.061853 0.088352 0.26754 0.41384 0.62148 0.090041 0.4906 0.38753 0.38496 -0.0036643 0.30105 0.19835 0.64539 -0.092564 -0.093036 0.13788 0.37256 0.31339 -0.063026 0.17788 0.5597 0.41417 0.18303 0.49794 0.17234 -0.029698 0.43837 0.31305 0 0.081772 0.52131 -0.065041 -0.013836 0.1705 0.36412 0.071272 0.24707 0.20859 0.58114 0.046662 0.4423 0.21763 0.31103 0.041215 0.25864 0.13303 0.64651 -0.085033 -0.11818 0.14611 0.33329 0.3173 -0.093072 0.16913 0.54696 0.3563 0.19753 0.44699 0.26425 -0.012266 0.25573 0.17963 0.92901 0.030163 0.42898 -0.070668 -0.040723 0.15003 0.31243
-0.19045 -0.11735 -0.071917 -0.025508 0.0078049 0.2234 0.23673 0.0032046 -0.0027351 -0.13608 -0.17062 -0.10074 -0.051592 -0.016824 0.21839 0.20669 0.013641 0.0090199 0.72953 0.047395 0.06919 0.18979 0.11024 0.34383 0.098147 0.17262 -0.00038299 0.17488 0.069278 0.21692 0.19529 0.39363 0.14949 0.16881 0.24311 0.029259 0.22955 0.10533 0.31226 -0.089098 0.31923 0.027646 0.034771 -0.11817 0.18395 0.081772 0 0.11093 0.080617 0.23112 0.57182 0.31325 0.59225 0.043172 -0.084192 0.15642 0.073011 0.32852 -0.052046 0.090321 -0.055444 0.15141 0.01504 0.20331 0.11653 0.21046 0.1565 0.20556 0.10424 -0.055785 0.066009 0.042533 0.34413 -0.10141 0.31075 -0.0033193 0.040374 -0.19568 0.071517 0.10199 0.84761 0.048091 0.03673 0.21125 0.47092 0.25703
0.34539 0.2293 0.18721 0.24526 0.10859 -0.06358 -0.060014 -0.00086431 0.11331 0.38596 0.21339 0.1835 0.22354 0.079854 -0.079441 -0.065075 -0.027923 0.1342 0.25204 0.36951 0.46648 0.024546 0.06482 0.018604 0.26011 0.43753 -0.14588 -0.11169 0.40253 0.068076 -0.28831 0.13014 -0.056605 0.34097 0.67329 0.20944 0.55924 0.14904 0.40441 0.36134 0.53253 0.080689 -0.050428 0.66257 0.4941 0.52131 0.11093 0 -0.089442 -0.035402 0.28353 0.56706 0.19961 0.35738 0.38826 0.012918 0.022157 -0.048875 0.29714 0.28806 -0.14104 -0.089914 0.32358 0.042897 -0.25636 0.1233 -0.052769 0.28016 0.62021 0.23243 0.5073 0.1435 0.3022 0.32841 0.46399 0.13561 -0.023564 0.49718 0.41456 0.37225 0.092011 0.81507 -0.065852 -0.079116 0.22217 0.50196
-0.10682 -0.048869 -0.054858 -0.071107 -0.02705 0.060378 0.048882 -0.0051347 -0.030861 -0.022566 -0.088451 -0.086224 -0.087187 -0.040631 0.048104 0.045152 -0.014443 -0.035636 0.11921 -0.13071 0.024782 -0.028853 0.031642 0.071132 0.15625 0.02124 0.13617 0.014769 -0.038276 -0.018486 0.27862 0.31244 0.055283 -0.069593 -0.056487 0.1429 0.031228 -0.059906 -0.010131 -0.079898 -0.048885 0.13526 0.046346 -0.12754 0.11555 -0.065041 0.080617 -0.089442 0 0.098533 -0.070915 -0.12821 0.041806 -0.1493 -0.10316 -0.025782 0.0076378 0.062155 -0.015146 0.014014 0.063852 0.028636 -0.10409 -0.015877 0.15254 0.19911 0.036295 -0.053243 -0.1757 0.042352 -0.13081 -0.056983 0.0075559 -0.16262 -0.072301 0.0093919 -0.0089614 -0.26777 -0.019678 -0.052246 0.068679 -0.19735 0.21278 0.090019 -0.039844 -0.14734
-0.065936 -0.053492 -0.045616 -0.016532 -0.020248 0.15226 0.13501 0.0013345 -0.018144 -0.0025798 -0.074438 -0.06771 -0.043094 -0.010918 0.13373 0.10757 -0.01349 0.028721 0.16231 -0.039547 0.012189 0.019768 0.10291 0.1524 0.10682 0.12187 0.047723 0.057316 0.056085 0.01334 0.18086 0.27974 0.094416 -0.010603 0.014656 0.087226 0.040691 -0.023594 0.041618 -0.048206 0.020453 0.050087 0.04023 -0.083646 0.06525 -0.013836 0.23112 -0.035402 0.098533 0 0.03741 0.031298 0.095563 -0.061063 -0.057669 0.0085723 0.041458 0.1256 0.014142 0.091557 0.02695 0.051494 -0.026917 0.029707 0.13134 0.20524 0.066075 -0.0095217 -0.040274 0.020151 -0.026727 -0.033855 0.027812 -0.089705 -0.0023414 0.0091972 0.0049241 -0.14791 0.026238 -0.016002 0.19748 -0.080996 0.10102 0.16744 0.022627 0.012087
0.017466 0.1545 0.065267 0.12552 0.060854 0.1203 0.019737 0.044283 0.12089 0.021593 0.15425 0.059311 0.11739 0.070515 0.099596 0.019612 0.042234 0.16257 0.17486 0.28689 -0.018594 0.1994 0.052284 0.11641 -0.0010773 -0.0061422 0.1192 0.11466 0.12532 0.27002 0.034769 -0.072008 0.094856 0.3731 0.12458 -0.077903 0.015809 0.31281 0.49703 0.19 0.42588 0.11607 0.15271 0.071801 0.19681 0.1705 0.57182 0.28353 -0.070915 0.03741 0 0.49724 0.24326 0.28887 -0.0059458 0.20166 0.039468 0.12747 0.010001 -0.011358 0.10288 0.10302 0.13037 0.24078 0.055755 -0.052733 0.11108 0.36293 0.17946 -0.080477 0.085987 0.28602 0.46023 0.23098 0.41669 0.16414 0.16207 0.067666 0.20348 0.16008 0.54239 0.35721 -0.043238 0.00057638 0.6453 0.45618
0.21657 0.28168 0.18243 0.34827 0.14308 0.088552 0.03099 0.086995 0.18152 0.21643 0.27492 0.18915 0.31634 0.12073 0.085378 0.029671 0.063525 0.19058 0.12455 0.56481 -0.044162 0.23784 0.10241 0.14029 -0.083461 0.090984 -0.025251 0.11455 0.32877 0.28104 -0.071345 -0.19144 0.045483 0.49094 0.37736 -0.11552 0.20176 0.36767 0.60533 0.3485 0.6345 0.054311 0.18795 0.24849 0.31718 0.36412 0.31325 0.56706 -0.12821 0.031298 0.49724 0 0.16811 0.53753 -0.0082362 0.23376 0.055876 0.097949 -0.039699 0.067441 0.01363 0.11549 0.32345 0.2499 -0.042297 -0.14709 0.059163 0.46039 0.48866 -0.088377 0.33255 0.35794 0.53237 0.40213 0.60854 0.16092 0.20579 0.25292 0.3524 0.32133 0.28277 0.6434 -0.12856 -0.029537 0.40977 0.7652
-0.0441 -0.11618 -0.024272 -0.014145 -0.0043387 0.036502 0.093555 -0.02055 -0.031922 -0.14627 -0.1374 -0.026796 0.0090734 -0.014861 0.044596 0.10681 -0.010978 -0.0059936 0.64874 0.030292 0.042637 0.087425 0.022387 0.24775 0.05171 0.12476 -0.14521 0.15498 0.086617 0.09301 -0.039784 0.24429 0.040316 0.030871 0.25808 -0.015153 0.26625 -0.0019261 0.050975 -0.068847 0.12914 -0.039947 -0.084069 -0.0022959 0.050072 0.071272 0.59225 0.19961 0.041806 0.095563 0.24326 0.16811 0 0.039387 0.16639 0.092985 0.03569 0.2777 0.15573 0.19869 -0.14715 0.10365 0.11541 0.089897 -0.030318 0.40771 0.043885 0.049258 0.39003 0.14235 0.43401 -0.032504 0.096129 -0.034664 0.17805 0.018685 -0.03438 0.025543 0.23297 0.069662 0.70945 0.19754 0.050292 0.16751 0.21388 0.15672
