0 0.30319 0.25442 0.28618 0.08862 -0.038007 -0.10891 0.044609 0.19646 0.66839 0.38374 0.34124 0.29835 0.11011 -0.023147 -0.11677 0.02537 0.25156 -0.17286 0.24894 0.055829 -0.10578 0.014679 -0.11059 0.018928 0.14471 0.044334 0.0080662 0.19669 -0.082095 -0.18957 -0.11164 0.0023352 0.10689 0.0994 -0.056867 0.043506 0.054042 0.0021438 0.3755 0.050625 0.15379 0.07552 0.41628 0.047187 0.12635 -0.17447 0.3945 -0.10697 -0.06708 0.052948 0.23197 -0.029295 0.2966 0.44016 -0.086651 0.03634 -0.13725 0.33732 0.24358 0.14502 -0.035763 0.33038 -0.12119 -0.053355 0.1099 0.0010987 0.12609 0.4533 0.21958 0.33746 0.086806 -0.0021514 0.46465 0.1479 0.29664 0.17315 0.61128 0.43335 0.14515 -0.11727 0.57146 -0.019696 -0.091951 0.050653 0.29063
0.30319 0 0.21173 0.23248 0.099468 0.0077056 -0.0829 0.058662 0.20371 0.32205 0.45465 0.22279 0.21569 0.082702 -0.0095734 -0.098547 0.043751 0.19655 -0.11035 0.24314 0.028468 0.072606 0.012109 -0.078643 0.023682 0.032136 0.10631 0.078093 0.13451 0.11088 -0.043332 -0.1132 0.0085472 0.15169 0.092815 -0.076289 0.0079076 0.20632 0.11428 0.30702 0.10731 0.16651 0.1401 0.20474 0.16252 0.10406 -0.097978 0.21291 -0.047912 -0.055193 0.15307 0.26197 -0.1199 0.23642 0.045015 0.075353 0.0034923 -0.10177 0.03321 -0.022106 0.098196 0.060963 0.10782 0.062595 -0.025491 -0.1063 -0.026084 0.093626 0.14116 -0.033137 0.056777 0.24444 0.06459 0.2936 0.071478 0.16034 0.12974 0.16302 0.1431 0.046389 -0.11257 0.19216 -0.063209 -0.06913 0.12885 0.23971
0.25442 0.21173 0 0.37498 0.11815 0.0099772 -0.026125 0.1278 0.12582 0.26299 0.23909 0.55404 0.35698 0.058201 0.013711 -0.022252 0.11041 0.14285 -0.038481 0.20237 0.10884 -0.032151 0.0017817 -0.062155 -0.0007388 0.049533 0.043922 0.010304 0.19617 -0.015366 -0.043694 -0.080796 -0.040959 0.034533 0.24599 -0.006683 0.16052 0.045212 -0.010488 0.19326 0.071765 0.04342 0.16339 0.26891 0.1868 0.0448 -0.069587 0.19444 -0.05785 -0.048735 0.06486 0.17267 -0.028512 0.18358 0.11534 -0.046751 0.0165 -0.090843 8.6322e-05 0.021675 0.026961 0.0065561 0.16081 -0.052143 -0.03078 -0.0887 -0.042163 0.0092402 0.21235 -0.018385 0.15528 0.058943 -0.027247 0.18702 0.073849 0.041862 0.12277 0.19319 0.16287 -0.0035344 -0.065591 0.19446 -0.077436 -0.059782 0.073425 0.17384
0.28618 0.23248 0.37498 0 0.20878 -0.005071 -0.0094289 0.09471 0.12718 0.27194 0.24427 0.36574 0.60672 0.11516 -0.010264 -0.015718 0.084127 0.1353 -0.079178 0.28236 -0.029831 -0.018054 0.0024513 -0.051886 -0.11551 0.035216 -0.028864 0.021407 0.14283 -0.0088565 -0.056333 -0.15673 -0.039051 0.14155 0.17485 -0.081159 0.089981 0.068878 0.12655 0.19094 0.24139 -0.0014968 0.10232 0.18061 0.15869 0.093235 -0.037029 0.2397 -0.080144 -0.019633 0.093595 0.31451 -0.01723 0.27076 0.021147 -0.01672 0.0093684 -0.06006 -0.073462 -0.0038843 -0.014114 0.027312 0.14324 -0.032427 -0.043641 -0.14367 -0.0016499 0.11023 0.26168 -0.037669 0.15833 0.089117 0.06724 0.23049 0.22392 0.032464 0.11081 0.19125 0.17921 0.07262 -0.044756 0.29783 -0.08316 -0.063663 0.09381 0.32454
0.08862 0.099468 0.11815 0.20878 0 -0.00418 -0.014646 0.024283 0.056951 0.10212 0.088916 0.11695 0.18096 0.031803 -0.014349 -0.023707 0.022103 0.055728 -0.022249 0.10708 0.004208 -0.010146 0.0066655 -0.013466 -0.0229 0.015903 -0.017444 -0.00029758 0.071788 -0.011599 -0.022929 -0.032768 -0.017767 0.0060417 0.074842 0.0048753 0.061496 0.027438 0.052609 0.091162 0.07838 0.0053151 0.06585 0.080696 0.073811 0.010885 0.01149 0.10896 -0.035351 -0.017266 0.051177 0.13921 -0.0065288 0.11472 -0.0090779 -0.016395 -0.012109 -0.038428 -0.039586 -0.0029929 -0.015484 0.0067835 0.06606 -0.026965 -0.023132 -0.046529 -0.023099 0.013173 0.089675 0.002953 0.067989 0.032459 0.026972 0.075427 0.065291 -0.0043941 0.023346 0.050854 0.057279 -0.010544 -0.0078073 0.10717 -0.042005 -0.028665 0.034894 0.12529
-0.038007 0.0077056 0.0099772 -0.005071 -0.00418 0 0.17139 0.01427 0.07802 0.027898 -0.013989 3.2857e-05 -0.018326 -0.022587 0.41456 0.17314 0.02907 0.055107 0.085462 0.024079 0.15289 0.087333 0.11186 0.21542 0.23637 0.12198 0.33226 0.095175 0.068439 0.11004 0.29746 0.20366 0.26477 0.058226 -0.044901 0.044654 -0.02369 0.059195 0.084834 0.070089 0.051859 0.24868 0.20903 -0.039 0.15287 0.056886 0.23796 -0.10243 0.057612 0.14536 0.10464 0.065386 0.040164 -0.002729 -0.0059374 0.069619 0.091318 0.20199 0.11362 0.077642 0.27427 0.11063 -0.0050124 0.10031 0.2704 0.12556 0.21784 0.06923 -0.14718 -0.054022 -0.11619 0.037093 0.088144 0.0061041 0.046091 0.19563 0.13456 -0.1268 0.023033 0.023906 0.19055 -0.14619 0.0527 0.11823 0.07835 0.024301
-0.10891 -0.0829 -0.026125 -0.0094289 -0.014646 0.17139 0 -0.0014319 -0.0083081 -0.059144 -0.1077 -0.053571 -0.030983 -0.022737 0.17264 0.24608 -0.0077082 -0.029766 0.14887 -0.054295 0.047029 0.038234 0.061165 0.19188 0.083267 0.12496 0.012653 0.067303 0.0012839 0.041719 0.17219 0.17263 0.069391 0.011077 0.0097348 0.088014 0.067977 -0.017375 0.051794 -0.13203 0.061373 -0.034099 0.0038949 -0.1587 0.060738 0.029003 0.2361 -0.08737 0.059308 0.12262 0.0062745 0.016856 0.098351 -0.060398 -0.075037 0.026372 0.021003 0.16906 -0.03416 0.065703 -0.018131 0.066813 -0.032497 0.04515 0.097116 0.090871 0.054165 0.015481 -0.083678 -0.018568 -0.045016 -0.037547 0.058808 -0.15178 0.071956 -0.059671 -0.022209 -0.20396 -0.036742 0.032289 0.18577 -0.15906 0.028978 0.10477 -0.0045745 -0.028905
0.044609 0.058662 0.1278 0.09471 0.024283 0.01427 -0.0014319 0 0.049969 0.027114 0.062872 0.11638 0.092741 0.011026 0.033152 0.014926 0.08954 0.055253 -0.034441 0.075354 -0.062924 0.011222 -0.0051084 -0.020301 -0.068001 -0.03069 0.025731 0.01655 0.010476 -0.0011273 0.047085 -0.068391 0.0219 0.044754 -0.016747 -0.083538 -0.06696 0.037397 0.029511 0.051299 0.026651 0.01449 0.099846 -0.01412 0.0003048 -0.00079307 0.011197 -0.002455 -0.010164 0.0021 0.033059 0.074253 -0.011775 0.064061 -0.045095 0.017446 -0.00516 -0.012549 -0.045862 -0.0038862 0.039781 0.029777 0.025771 -0.00043609 0.05546 -0.055275 0.0074309 0.047471 -0.0054947 -0.087512 -0.015109 0.045996 0.017315 0.059091 0.043847 0.033315 0.084368 0.0060443 0.011716 0.0039132 0.017833 0.051236 -0.02552 0.0057665 0.051125 0.08612
0.19646 0.20371 0.12582 0.12718 0.056951 0.07802 -0.0083081 0.049969 0 0.20732 0.2058 0.11817 0.1206 0.03694 0.049628 -0.019434 0.040269 0.17147 -0.04812 0.16179 0.0016354 0.045709 0.0052101 -0.01267 0.014684 0.0067402 0.099579 0.0085461 0.070884 0.068194 0.0057654 -0.047265 0.048465 0.11814 0.039124 -0.055965 -0.0065243 0.14128 0.092452 0.18045 0.06938 0.12837 0.11992 0.10706 0.081129 0.043097 0.01003 0.1176 -0.034959 -0.014978 0.11191 0.17549 -0.030131 0.16957 0.029287 0.034544 0.020161 -0.03389 0.03493 0.016576 0.11825 -0.0011737 0.082431 0.054731 0.045999 -0.022574 0.021037 0.072625 0.081028 -0.039494 0.034064 0.14695 0.065217 0.17649 0.061057 0.14401 0.12357 0.096942 0.11042 0.0060848 0.0021986 0.147 -0.043935 -0.0077264 0.10432 0.16595
0.66839 0.32205 0.26299 0.27194 0.10212 0.027898 -0.059144 0.027114 0.20732 0 0.30431 0.25971 0.22686 0.096327 0.025055 -0.072326 0.014533 0.22263 -0.083067 0.24967 0.23493 -0.027692 0.039335 -0.13461 0.15391 0.2116 0.091246 -0.061254 0.2187 -0.021754 -0.052493 0.042837 0.022196 0.1654 0.24106 0.10634 0.20916 0.10937 0.22218 0.31482 0.27519 0.19782 0.077253 0.4678 0.29843 0.21555 -0.136 0.40528 -0.043178 -0.0031807 0.03886 0.2441 -0.14976 0.19701 0.13128 -0.032549 0.024296 -0.14861 0.072931 0.11246 0.051948 -0.039056 0.10682 -0.036051 -0.051997 -0.026198 0.012573 0.11504 0.19827 0.04228 0.080934 0.13487 0.10455 0.2706 0.15389 0.11521 0.044442 0.24538 0.10255 0.070625 -0.10771 0.36665 -0.065219 -0.07788 0.059057 0.20956
0.38374 0.45465 0.23909 0.24427 0.088916 -0.013989 -0.1077 0.062872 0.2058 0.30431 0 0.28607 0.259 0.088718 -0.031236 -0.11378 0.076614 0.22563 -0.1923 0.27279 -0.027285 0.039416 0.0057066 -0.1089 -0.029262 -0.025474 0.10068 0.05466 0.10491 0.081214 -0.089648 -0.19458 0.0011571 0.11371 0.019442 -0.14545 -0.050897 0.19937 0.051336 0.31817 0.057626 0.16668 0.16457 0.20558 0.078548 0.064194 -0.15225 0.20519 -0.085227 -0.075062 0.16721 0.24843 -0.13523 0.2892 0.13187 0.060283 -0.0027316 -0.13135 0.10981 -0.010734 0.15046 0.025035 0.16528 0.033214 -0.028126 -0.090086 -0.013155 0.1256 0.22954 -0.011732 0.13967 0.25072 0.023008 0.37473 0.085389 0.2344 0.18023 0.2884 0.24467 0.04618 -0.12901 0.29552 -0.050254 -0.10192 0.15163 0.28002
0.34124 0.22279 0.55404 0.36574 0.11695 3.2857e-05 -0.053571 0.11638 0.11817 0.25971 0.28607 0 0.39173 0.079057 0.0027415 -0.027527 0.13412 0.13898 -0.074969 0.20091 0.054068 -0.060248 -0.015377 -0.085987 -0.038746 0.034927 0.024773 0.0069371 0.17211 -0.042015 -0.08743 -0.14837 -0.047189 0.020166 0.21562 -0.040362 0.13112 0.039417 -0.010132 0.20578 0.058683 0.01168 0.14111 0.25784 0.10318 0.057398 -0.10113 0.19825 -0.10396 -0.07374 0.052014 0.17606 -0.018089 0.23558 0.19012 -0.080698 0.0083921 -0.10354 0.050007 0.056248 0.03274 -0.020626 0.2245 -0.073029 -0.033492 -0.064758 -0.01284 0.028098 0.30323 0.058713 0.25133 0.049923 -0.062048 0.24853 0.076909 0.071455 0.16955 0.30487 0.23408 0.011683 -0.077083 0.2645 -0.075072 -0.061539 0.05651 0.21786
0.29835 0.21569 0.35698 0.60672 0.18096 -0.018326 -0.030983 0.092741 0.1206 0.22686 0.259 0.39173 0 0.14204 -0.012827 -0.009037 0.10768 0.14002 -0.073015 0.25108 -0.031975 -0.026091 0.0045667 -0.063509 -0.10752 0.023008 -0.046181 0.03845 0.13359 -0.022495 -0.08572 -0.15471 -0.037548 0.11802 0.14978 -0.087802 0.080033 0.057625 0.052655 0.19799 0.17531 -0.022603 0.080947 0.15614 0.11844 0.074722 -0.061559 0.2187 -0.090413 -0.04167 0.077431 0.28351 0.0067086 0.27255 0.032503 -0.035034 0.001943 -0.057327 -0.057668 0.038545 -0.033798 0.029626 0.17103 -0.049555 -0.048621 -0.12198 -0.023216 0.11252 0.28137 -0.021079 0.18355 0.076962 0.058861 0.23521 0.23871 0.023099 0.10773 0.20548 0.18194 0.071093 -0.018062 0.3079 -0.10368 -0.060144 0.091349 0.3395
0.11011 0.082702 0.058201 0.11516 0.031803 -0.022587 -0.022737 0.011026 0.03694 0.096327 0.088718 0.079057 0.14204 0 -0.017297 -0.03133 0.0061083 0.084524 -0.027399 0.12508 -0.035136 -0.00364 0.003269 -0.025914 -0.031971 -0.0071645 -0.011645 -0.00843 0.028669 -0.0048245 -0.040192 -0.056868 -0.011593 0.039441 0.024447 -0.036168 -0.0011215 0.036622 0.036279 0.075173 0.054536 0.019029 0.047313 0.049784 0.044481 0.018142 -0.025798 0.086453 -0.043568 -0.008577 0.057598 0.10917 -0.018521 0.10505 0.01018 -0.0077596 -0.0087399 -0.024359 -0.0083582 -0.001892 0.0082918 -0.011629 0.028238 -0.0050551 -0.018555 -0.025489 -0.01475 0.052287 0.086895 -0.021951 0.063717 0.050276 0.040761 0.078989 0.06714 0.028029 0.062733 0.073864 0.094797 0.00084199 -0.014285 0.12037 -0.031041 -0.019208 0.051206 0.12321
-0.023147 -0.0095734 0.013711 -0.010264 -0.014349 0.41456 0.17264 0.033152 0.049628 0.025055 -0.031236 0.0027415 -0.012827 -0.017297 0 0.21938 0.039624 0.050861 0.053669 0.0081863 0.13736 0.075023 0.096619 0.21101 0.21091 0.11438 0.3104 0.093751 0.060057 0.091357 0.2995 0.16566 0.24705 0.06147 -0.060568 -0.0028173 -0.064646 0.040531 0.068877 0.055011 0.056223 0.23086 0.20501 -0.061714 0.1307 0.053894 0.2098 -0.12287 0.032158 0.11698 0.067422 0.056284 0.041232 0.0078809 0.043849 0.070187 0.094442 0.21232 0.14506 0.12409 0.29366 0.093054 0.02954 0.084796 0.26409 0.13486 0.25168 0.052073 -0.11853 -0.046291 -0.10406 0.040023 0.091514 0.022182 0.048071 0.21507 0.15374 -0.096784 0.041107 0.050828 0.19964 -0.12824 0.02865 0.13174 0.068847 0.043836
-0.11677 -0.098547 -0.022252 -0.015718 -0.023707 0.17314 0.24608 0.014926 -0.019434 -0.072326 -0.11378 -0.027527 -0.009037 -0.03133 0.21938 0 0.023772 -0.011671 0.10767 -0.035319 0.048822 0.045285 0.062417 0.18354 0.061257 0.11072 0.0087398 0.018409 0.004614 0.044317 0.143 0.12043 0.098038 0.020512 -0.0038217 0.040228 0.041392 -0.046751 0.054093 -0.11592 0.079417 -0.026045 0.010488 -0.13382 0.041199 0.043234 0.20865 -0.087073 0.042869 0.10179 0.014323 0.023796 0.10494 -0.043468 -0.031254 0.025315 0.039102 0.19507 -0.004504 0.11119 -0.01235 0.031846 -0.0090996 0.049527 0.10649 0.081645 0.097738 0.025237 -0.048311 -0.020489 -0.0098219 -0.056649 0.074314 -0.13681 0.088235 -0.046201 -0.021271 -0.15697 -0.029925 0.042744 0.21659 -0.11822 0.030232 0.12907 -0.0017632 0.011715
0.02537 0.043751 0.11041 0.084127 0.022103 0.02907 -0.0077082 0.08954 0.040269 0.014533 0.076614 0.13412 0.10768 0.0061083 0.039624 0.023772 0 0.06421 -0.024242 0.078404 -0.04929 0.026127 0.013709 -0.0081417 -0.039719 -0.043221 0.061699 0.027949 0.011294 0.026429 0.055659 -0.070402 0.0012175 0.028492 -0.016043 -0.077077 -0.053527 0.035061 0.010671 0.045499 0.0032761 0.044746 0.11462 -0.022242 0.0093349 -0.0005041 0.016962 -0.035596 -0.010257 -0.013751 0.034626 0.05132 -0.0026611 0.071767 -0.034963 0.027799 0.0023147 0.01083 -0.036371 -0.019653 0.047833 0.022281 0.017431 0.012171 0.03839 -0.054066 0.016165 0.035132 -0.018806 -0.099722 -0.026612 0.039493 0.0035135 0.054701 0.0044036 0.046119 0.10993 0.005027 0.00069284 0.0041666 0.026979 0.010564 -0.014922 -0.0091815 0.043882 0.066243
0.25156 0.19655 0.14285 0.1353 0.055728 0.055107 -0.029766 0.055253 0.17147 0.22263 0.22563 0.13898 0.14002 0.084524 0.050861 -0.011671 0.06421 0 -0.056256 0.15475 0.040272 0.026481 0.032035 -0.0045446 0.043805 0.033819 0.09307 0.012209 0.087913 0.058865 -0.003161 -0.027983 0.048201 0.076475 0.029471 -0.042581 0.0073688 0.13652 0.073638 0.16536 0.060665 0.12942 0.10904 0.12829 0.078802 0.051098 0.013136 0.13629 -0.030469 0.03118 0.14273 0.17732 -0.0070307 0.17074 0.10308 0.03667 0.018502 -0.01022 0.097333 0.043616 0.11793 0.0099225 0.10554 0.04113 0.052049 0.014822 0.041218 0.10158 0.11734 0.013596 0.082773 0.15275 0.061277 0.17531 0.074907 0.16395 0.12364 0.14532 0.15151 0.042751 0.036618 0.173 -0.0083865 0.0019868 0.12536 0.20283
-0.17286 -0.11035 -0.038481 -0.079178 -0.022249 0.085462 0.14887 -0.034441 -0.04812 -0.083067 -0.1923 -0.074969 -0.073015 -0.027399 0.053669 0.10767 -0.024242 -0.056256 0 -0.083869 0.23409 0.046333 0.033397 0.28423 0.26145 0.27944 -0.12044 0.082628 0.063461 0.076266 0.066686 0.60927 0.0074576 -0.056808 0.46694 0.23857 0.52645 -0.03747 0.0076586 -0.13541 0.086283 -0.06038 -0.10981 -0.046115 0.215 0.040894 0.69518 0.14456 0.14122 0.14913 0.1126 0.06705 0.60237 -0.072679 0.0085756 0.023797 0.011018 0.23926 0.048315 0.20406 -0.15769 0.099141 0.013258 0.08208 -0.017356 0.38603 0.027151 -0.035975 0.13932 0.2012 0.23226 -0.081911 0.081785 -0.21274 0.084724 -0.13953 -0.10352 -0.12108 0.057352 0.01232 0.56518 -0.07293 0.10429 0.16463 0.13173 0.026723
0.24894 0.24314 0.20237 0.28236 0.10708 0.024079 -0.054295 0.075354 0.16179 0.24967 0.27279 0.20091 0.25108 0.12508 0.0081863 -0.035319 0.078404 0.15475 -0.083869 0 -0.088327 0.12773 0.045556 -0.0073903 -0.14253 0.02266 -0.021096 0.023737 0.23091 0.15606 -0.12595 -0.29194 0.0061227 0.35531 0.21714 -0.21645 0.060682 0.25922 0.2758 0.40552 0.37891 0.060788 0.25431 0.3066 0.32691 0.26197 0.042809 0.40408 -0.14557 -0.044368 0.26957 0.55676 0.033202 0.58019 -0.10131 0.13588 -0.0039398 -0.037881 -0.16201 0.007755 0.010492 0.020567 0.18421 0.1152 -0.073965 -0.29788 0.010349 0.33564 0.31243 -0.23014 0.14444 0.26009 0.2212 0.43598 0.36308 0.11429 0.25198 0.25678 0.27263 0.208 0.042187 0.47509 -0.18399 -0.099466 0.21884 0.55196
0.055829 0.028468 0.10884 -0.029831 0.004208 0.15289 0.047029 -0.062924 0.0016354 0.23493 -0.027285 0.054068 -0.031975 -0.035136 0.13736 0.048822 -0.04929 0.040272 0.23409 -0.088327 0 -0.11321 0.055102 0.19368 0.68398 0.50988 0.23568 -0.027332 0.28179 -0.056426 0.10608 0.48245 0.16856 -0.12465 0.51658 0.44521 0.50745 -0.1059 -0.053833 0.11679 0.080851 0.33988 -0.00096365 0.63055 0.39023 0.35596 0.060649 0.41526 0.028924 0.0065511 -0.019905 -0.046946 0.011034 -0.10708 0.64297 -0.15656 0.059927 0.1307 0.48371 0.27373 0.10057 0.0018855 0.11217 -0.051121 0.067822 0.29607 0.12556 -0.10577 0.25933 0.33993 0.2091 -0.10529 -0.0082057 -0.021517 0.030387 0.18738 -0.09255 0.22789 0.073668 0.14811 0.062458 0.058421 0.054686 0.013657 -0.0028149 -0.087459
-0.10578 0.072606 -0.032151 -0.018054 -0.010146 0.087333 0.038234 0.011222 0.045709 -0.027692 0.039416 -0.060248 -0.026091 -0.00364 0.075023 0.045285 0.026127 0.026481 0.046333 0.12773 -0.11321 0 0.015787 0.27108 0.036255 -0.10264 0.090092 0.077496 0.029301 0.89615 0.02216 -0.15368 0.1614 0.37775 -0.067642 -0.15648 -0.11871 0.83815 0.31537 0.015011 0.27953 0.23763 0.057685 -0.027491 0.096269 0.62511 0.18138 -0.014134 -0.033233 0.021225 0.17336 0.19805 0.095674 0.10302 -0.27408 0.96018 -0.0087443 0.29897 -0.12731 -0.096709 0.10757 0.15018 -0.059262 0.87933 -0.0086242 -0.2056 0.15991 0.34523 -0.17804 -0.26113 -0.20803 0.77985 0.37051 0.0020892 0.2817 0.25514 0.046972 -0.15659 -0.052277 0.55706 0.18012 -0.01442 -0.066191 0.021719 0.1438 0.15906
0.014679 0.012109 0.0017817 0.0024513 0.0066655 0.11186 0.061165 -0.0051084 0.0052101 0.039335 0.0057066 -0.015377 0.0045667 0.003269 0.096619 0.062417 0.013709 0.032035 0.033397 0.045556 0.055102 0.015787 0 0.14433 0.10346 0.12561 0.043259 0.015133 0.077586 0.036226 0.077991 0.098939 0.081685 0.03497 0.053969 0.033682 0.063881 0.016138 0.04671 0.02282 0.051295 0.027246 0.050572 0.029893 0.065374 0.084446 0.10473 0.040341 0.028713 0.09217 0.039293 0.083943 0.011894 0.020769 0.020278 0.0029741 0.033943 0.12305 0.055736 0.10084 0.042121 0.0035015 0.036573 0.032297 0.074068 0.060609 0.060007 0.0036485 0.034618 0.0098853 0.024659 0.0031847 0.032268 0.022831 0.041214 0.046144 0.018447 -0.014007 0.033154 0.070517 0.069565 0.018551 0.018474 0.043598 0.013113 0.065937
-0.11059 -0.078643 -0.062155 -0.051886 -0.013466 0.21542 0.19188 -0.020301 -0.01267 -0.13461 -0.1089 -0.085987 -0.063509 -0.025914 0.21101 0.18354 -0.0081417 -0.0045446 0.28423 -0.0073903 0.19368 0.27108 0.14433 0 0.32226 0.36026 0.072851 0.45703 0.080692 0.45694 0.18033 0.20897 0.31233 0.079815 0.11823 0.049118 0.10289 0.20626 0.10288 -0.089615 0.13231 0.071089 0.04285 -0.052932 0.081335 0.43116 0.37241 -0.024794 0.059642 0.15232 0.1056 0.11153 0.2962 0.00336 0.012214 0.24357 0.10688 0.78744 0.15053 0.34047 0.068463 0.43284 0.046316 0.46379 0.14194 0.18045 0.31946 0.082716 0.034011 -0.034463 0.094557 0.12243 0.16458 -0.089244 0.16729 0.11073 0.036633 -0.11076 0.015165 0.41049 0.3031 -0.060945 0.04212 0.13127 0.077793 0.062139
0.018928 0.023682 -0.0007388 -0.11551 -0.0229 0.23637 0.083267 -0.068001 0.014684 0.15391 -0.029262 -0.038746 -0.10752 -0.031971 0.21091 0.061257 -0.039719 0.043805 0.26145 -0.14253 0.68398 0.036255 0.10346 0.32226 0 0.49486 0.48299 0.056483 0.16107 0.11472 0.26008 0.62792 0.38089 -0.047458 0.23417 0.35893 0.25281 -0.0017039 -0.074595 0.14337 -0.10386 0.6232 0.098155 0.44438 0.31593 0.33195 0.13127 0.17998 0.13797 0.10801 0.0035323 -0.089354 0.056501 -0.14923 0.48945 -0.021696 0.057848 0.23828 0.71553 0.32015 0.38051 0.044301 0.041496 0.098131 0.23052 0.50681 0.31067 -0.065519 0.074955 0.22632 0.10664 -0.018243 -0.054549 0.0025486 -0.11998 0.46987 0.01606 0.12326 0.094228 0.1486 0.1068 -0.041248 0.21592 0.12763 0.010842 -0.1363
0.14471 0.032136 0.049533 0.035216 0.015903 0.12198 0.12496 -0.03069 0.0067402 0.2116 -0.025474 0.034927 0.023008 -0.0071645 0.11438 0.11072 -0.043221 0.033819 0.27944 0.02266 0.50988 -0.10264 0.12561 0.36026 0.49486 0 0.0015455 0.11117 0.24967 -0.02862 0.04988 0.4449 0.11763 -0.032804 0.41018 0.3533 0.44508 -0.095818 0.028999 0.053153 0.14145 0.0051637 -0.052417 0.37879 0.24087 0.3618 0.20231 0.41224 0.015865 0.11955 0.0036756 0.11841 0.1562 0.019759 0.30975 -0.13255 0.089758 0.28915 0.29784 0.52841 -0.077782 0.069863 0.1477 -0.031641 -0.013114 0.28649 0.056486 -0.048013 0.28933 0.23682 0.3159 -0.1164 0.01462 0.0198 0.096675 -0.015323 -0.08324 0.13936 0.069795 0.25899 0.1552 0.22825 0.025409 0.078328 0.020004 0.075094
0.044334 0.10631 0.043922 -0.028864 -0.017444 0.33226 0.012653 0.025731 0.099579 0.091246 0.10068 0.024773 -0.046181 -0.011645 0.3104 0.0087398 0.061699 0.09307 -0.12044 -0.021096 0.23568 0.090092 0.043259 0.072851 0.48299 0.0015455 0 0.00014176 0.012735 0.095638 0.45643 0.18747 0.35744 0.0615 -0.23312 -0.011909 -0.24401 0.11394 0.041958 0.34987 -0.11344 0.75222 0.42394 0.040258 0.19589 -0.0070912 0.022274 -0.16277 0.094938 0.04266 0.10665 -0.041235 -0.13043 -0.03206 0.10121 0.065059 0.050575 0.048824 0.33332 -0.030896 0.71517 0.029406 -0.062995 0.081932 0.42061 0.17613 0.29046 0.051114 -0.30598 -0.10949 -0.26431 0.13998 0.059811 0.20646 -0.10617 0.65042 0.29025 -0.069148 0.066128 -0.096444 0.041293 -0.21189 0.089001 0.045963 0.080563 -0.071588
0.0080662 0.078093 0.010304 0.021407 -0.00029758 0.095175 0.067303 0.01655 0.0085461 -0.061254 0.05466 0.0069371 0.03845 -0.00843 0.093751 0.018409 0.027949 0.012209 0.082628 0.023737 -0.027332 0.077496 0.015133 0.45703 0.056483 0.11117 0.00014176 0 0.039086 0.27821 0.10297 0.029601 0.030162 0.03432 0.02488 0.02324 0.055827 0.18691 -0.013543 0.014439 0.042291 -0.083734 0.0715 -0.049088 0.0059282 0.20946 0.17693 -0.079917 0.00877 0.042174 0.095794 0.08536 0.16686 0.044777 -0.062912 0.089261 0.012158 0.47117 -0.02189 0.14578 -0.02049 0.92541 0.057395 0.20225 0.081176 0.051514 0.057178 0.034695 0.071818 0.00084633 0.11039 0.19026 0.047429 0.020505 0.10527 -0.059413 0.057986 -0.057214 0.01876 0.23301 0.13935 0.013675 0.023035 0.035114 0.090459 0.083784
0.19669 0.13451 0.19617 0.14283 0.071788 0.068439 0.0012839 0.010476 0.070884 0.2187 0.10491 0.17211 0.13359 0.028669 0.060057 0.004614 0.011294 0.087913 0.063461 0.23091 0.28179 0.029301 0.077586 0.080692 0.16107 0.24967 0.012735 0.039086 0 0.027587 -0.00091507 0.06747 0.041898 0.051646 0.44493 0.3108 0.47945 0.080498 0.0073113 0.2738 0.11781 0.070164 0.18968 0.46879 0.29879 0.19167 0.069528 0.42938 -0.047288 0.038407 0.12426 0.32243 0.073688 0.21508 0.21585 0.0021785 0.038777 0.05155 0.11975 0.15997 -0.040233 0.029746 0.3811 0.020664 -0.0037769 0.033607 0.0051126 0.022543 0.3881 0.23704 0.43018 0.070291 0.011462 0.19724 0.10225 0.04209 0.14123 0.29155 0.20758 0.078723 0.053142 0.29858 -0.02274 -0.020094 0.11434 0.31192
-0.082095 0.11088 -0.015366 -0.0088565 -0.011599 0.11004 0.041719 -0.0011273 0.068194 -0.021754 0.081214 -0.042015 -0.022495 -0.0048245 0.091357 0.044317 0.026429 0.058865 0.076266 0.15606 -0.056426 0.89615 0.036226 0.45694 0.11472 -0.02862 0.095638 0.27821 0.027587 0 0.034658 -0.12877 0.22267 0.38306 -0.048576 -0.16149 -0.074706 0.88555 0.33855 0.051892 0.27249 0.21181 0.063369 -0.017179 0.07921 0.65407 0.21834 0.025346 -0.025256 0.020056 0.24612 0.23764 0.098949 0.1093 -0.20305 0.88631 -0.0022536 0.46137 -0.046897 -0.0049673 0.12161 0.32728 -0.023642 0.90309 0.0045723 -0.1601 0.21551 0.33688 -0.10973 -0.23403 -0.13235 0.83057 0.38551 0.043641 0.28157 0.25419 0.054335 -0.12376 -0.04013 0.60512 0.20353 0.068397 -0.057131 0.001365 0.20382 0.19657
-0.18957 -0.043332 -0.043694 -0.056333 -0.022929 0.29746 0.17219 0.047085 0.0057654 -0.052493 -0.089648 -0.08743 -0.08572 -0.040192 0.2995 0.143 0.055659 -0.003161 0.066686 -0.12595 0.10608 0.02216 0.077991 0.18033 0.26008 0.04988 0.45643 0.10297 -0.00091507 0.034658 0 0.33706 0.23477 -0.016602 -0.18506 0.087937 -0.11858 -0.0095975 0.036893 -0.064107 -0.045033 0.33582 0.35796 -0.2943 0.18794 -0.086327 0.20248 -0.32228 0.23737 0.17742 0.012742 -0.089808 -0.029801 -0.15628 -0.17229 0.0069444 0.039432 0.18353 0.033803 0.012767 0.33074 0.141 -0.14036 0.035961 0.51932 0.20023 0.19763 -0.015156 -0.38472 -0.12581 -0.29677 -0.018425 0.063926 -0.18343 -0.061383 0.15741 0.18122 -0.42405 -0.074538 -0.10423 0.16368 -0.38079 0.19148 0.16404 -0.00067741 -0.13319
-0.11164 -0.1132 -0.080796 -0.15673 -0.032768 0.20366 0.17263 -0.068391 -0.047265 0.042837 -0.19458 -0.14837 -0.15471 -0.056868 0.16566 0.12043 -0.070402 -0.027983 0.60927 -0.29194 0.48245 -0.15368 0.098939 0.20897 0.62792 0.4449 0.18747 0.029601 0.06747 -0.12877 0.33706 0 0.1246 -0.23767 0.23688 0.59247 0.36027 -0.19496 -0.16384 -0.11148 -0.16798 0.21694 -0.014987 -0.027917 0.30144 -0.13159 0.35613 0.069591 0.29307 0.26009 -0.10569 -0.20291 0.1967 -0.29058 0.1996 -0.20224 0.06819 0.15017 0.34672 0.29274 0.054237 0.033171 -0.030851 -0.10435 0.18405 0.74062 0.074143 -0.21811 -0.076329 0.41785 0.048659 -0.22221 -0.12284 -0.25749 -0.19457 -0.02455 -0.11505 -0.22117 0.024638 -0.16463 0.25332 -0.24554 0.33348 0.25569 -0.071095 -0.23013
0.0023352 0.0085472 -0.040959 -0.039051 -0.017767 0.26477 0.069391 0.0219 0.048465 0.022196 0.0011571 -0.047189 -0.037548 -0.011593 0.24705 0.098038 0.0012175 0.048201 0.0074576 0.0061227 0.16856 0.1614 0.081685 0.31233 0.38089 0.11763 0.35744 0.030162 0.041898 0.22267 0.23477 0.1246 0 0.10356 -0.061169 -0.036509 -0.078194 0.13408 0.067822 0.045406 -0.008661 0.41335 0.188 0.040765 0.11228 0.13601 0.1485 -0.061722 0.032302 0.082906 0.092564 0.036681 0.035096 -0.0067681 0.10329 0.13796 0.064976 0.26407 0.27637 0.10156 0.35551 0.035693 -0.0025946 0.21085 0.2467 0.13525 0.39988 0.075302 -0.1021 -0.05209 -0.059402 0.11012 0.047024 0.026061 -0.018056 0.39369 0.13917 -0.026985 0.076112 0.077512 0.12737 -0.089169 0.070224 0.082621 0.059075 -0.0036117
0.10689 0.15169 0.034533 0.14155 0.0060417 0.058226 0.011077 0.044754 0.11814 0.1654 0.11371 0.020166 0.11802 0.039441 0.06147 0.020512 0.028492 0.076475 -0.056808 0.35531 -0.12465 0.37775 0.03497 0.079815 -0.047458 -0.032804 0.0615 0.03432 0.051646 0.38306 -0.016602 -0.23767 0.10356 0 0.087863 -0.24055 -0.035948 0.42148 0.50768 0.23021 0.57686 0.17693 0.077984 0.13723 0.29149 0.38859 0.16226 0.28316 -0.086426 -0.0207 0.34409 0.46316 0.018547 0.31272 -0.12375 0.36512 0.0030932 0.078609 -0.088964 -0.030107 0.086205 0.031309 0.019229 0.34377 -0.026563 -0.23632 0.13118 0.76274 0.1329 -0.24214 0.024988 0.39585 0.43785 0.2866 0.51725 0.23962 0.068886 0.10741 0.2174 0.32749 0.15675 0.34902 -0.086373 -0.035743 0.2964 0.41345
0.0994 0.092815 0.24599 0.17485 0.074842 -0.044901 0.0097348 -0.016747 0.039124 0.24106 0.019442 0.21562 0.14978 0.024447 -0.060568 -0.0038217 -0.016043 0.029471 0.46694 0.21714 0.51658 -0.067642 0.053969 0.11823 0.23417 0.41018 -0.23312 0.02488 0.44493 -0.048576 -0.18506 0.23688 -0.061169 0.087863 0 0.39533 0.84043 -0.0045619 0.030992 0.11494 0.30493 -0.11799 -0.088743 0.55526 0.53242 0.27239 0.22255 0.65694 -0.04308 0.014265 0.10237 0.34696 0.23049 0.21718 0.27625 -0.10277 0.01729 0.056899 0.058234 0.1857 -0.3122 0.011492 0.28676 -0.047113 -0.21647 0.044648 -0.06261 0.074381 0.64984 0.28061 0.60248 -0.031657 0.049984 0.031728 0.27349 -0.19123 -0.10892 0.23295 0.27402 0.14846 0.17421 0.44028 -0.052023 -0.034764 0.11769 0.32958
-0.056867 -0.076289 -0.006683 -0.081159 0.0048753 0.044654 0.088014 -0.083538 -0.055965 0.10634 -0.14545 -0.040362 -0.087802 -0.036168 -0.0028173 0.040228 -0.077077 -0.042581 0.23857 -0.21645 0.44521 -0.15648 0.033682 0.049118 0.35893 0.3533 -0.011909 0.02324 0.3108 -0.16149 0.087937 0.59247 -0.036509 -0.24055 0.39533 0 0.60462 -0.15015 -0.15458 -0.11624 -0.093325 -0.071088 -0.13636 0.15385 0.2554 -0.074738 0.028627 0.15515 0.1635 0.099309 -0.089018 -0.12199 -0.039145 -0.21301 0.15599 -0.18772 0.049138 0.039079 0.094148 0.17329 -0.179 0.021185 0.12621 -0.14362 -0.012107 0.258 -0.024649 -0.20651 0.11887 0.55398 0.22039 -0.17411 -0.10304 -0.23351 -0.085915 -0.2794 -0.21819 -0.17157 -0.082241 -0.1397 -0.0061558 -0.086756 0.13549 0.081788 -0.061306 -0.12941
0.043506 0.0079076 0.16052 0.089981 0.061496 -0.02369 0.067977 -0.06696 -0.0065243 0.20916 -0.050897 0.13112 0.080033 -0.0011215 -0.064646 0.041392 -0.053527 0.0073688 0.52645 0.060682 0.50745 -0.11871 0.063881 0.10289 0.25281 0.44508 -0.24401 0.055827 0.47945 -0.074706 -0.11858 0.36027 -0.078194 -0.035948 0.84043 0.60462 0 -0.060974 -0.058388 -0.00073188 0.2153 -0.22867 -0.18261 0.41622 0.37005 0.17378 0.22028 0.56626 0.033959 0.038825 0.0048806 0.21538 0.23628 0.018905 0.24672 -0.13962 0.046211 0.054344 -0.0045143 0.23549 -0.35641 0.049793 0.28153 -0.079769 -0.19363 0.093546 -0.078491 -0.038333 0.52462 0.46174 0.61301 -0.086976 -0.0069435 -0.10417 0.17026 -0.3339 -0.20976 0.094854 0.055291 0.07018 0.15211 0.26994 -0.047123 -0.00011278 0.040683 0.20305
0.054042 0.20632 0.045212 0.068878 0.027438 0.059195 -0.017375 0.037397 0.14128 0.10937 0.19937 0.039417 0.057625 0.036622 0.040531 -0.046751 0.035061 0.13652 -0.03747 0.25922 -0.1059 0.83815 0.016138 0.20626 -0.0017039 -0.095818 0.11394 0.18691 0.080498 0.88555 -0.0095975 -0.19496 0.13408 0.42148 -0.0045619 -0.15015 -0.060974 0 0.38227 0.18634 0.32216 0.24143 0.10484 0.050623 0.11771 0.55374 0.090971 0.10961 -0.063826 -0.01402 0.28842 0.31407 -0.0043413 0.22972 -0.18677 0.79577 -0.011309 0.21792 -0.075937 -0.074484 0.15043 0.24945 0.035339 0.83448 -0.0063964 -0.22101 0.1304 0.38679 -0.031086 -0.19993 -0.082676 0.94821 0.41871 0.19447 0.34219 0.28657 0.11529 -0.022654 0.045251 0.50138 0.088969 0.21937 -0.079184 -0.046203 0.25437 0.30816
0.0021438 0.11428 -0.010488 0.12655 0.052609 0.084834 0.051794 0.029511 0.092452 0.22218 0.051336 -0.010132 0.052655 0.036279 0.068877 0.054093 0.010671 0.073638 0.0076586 0.2758 -0.053833 0.31537 0.04671 0.10288 -0.074595 0.028999 0.041958 -0.013543 0.0073113 0.33855 0.036893 -0.16384 0.067822 0.50768 0.030992 -0.15458 -0.058388 0.38227 0 0.057925 0.86743 0.064134 0.018462 0.026506 0.29628 0.45074 0.28031 0.32072 -0.019945 0.036331 0.44644 0.57072 0.016812 0.232 -0.20381 0.29274 -0.0080877 0.10988 -0.19625 -0.030919 0.0107 -0.012814 -0.060155 0.31779 0.0050257 -0.24268 0.088848 0.46137 -0.014003 -0.24355 -0.16098 0.34558 0.87263 0.087473 0.76265 0.057228 -0.019033 -0.10942 0.090099 0.35286 0.24411 0.29466 -0.097171 -0.02781 0.34642 0.44312
0.3755 0.30702 0.19326 0.19094 0.091162 0.070089 -0.13203 0.051299 0.18045 0.31482 0.31817 0.20578 0.19799 0.075173 0.055011 -0.11592 0.045499 0.16536 -0.13541 0.40552 0.11679 0.015011 0.02282 -0.089615 0.14337 0.053153 0.34987 0.014439 0.2738 0.051892 -0.064107 -0.11148 0.045406 0.23021 0.11494 -0.11624 -0.00073188 0.18634 0.057925 0 0.070421 0.48881 0.33331 0.45841 0.28201 0.14652 -0.091409 0.39136 -0.08483 -0.059327 0.18036 0.33026 -0.06266 0.36743 0.1787 0.029888 0.042936 -0.10537 0.21462 0.073956 0.34994 -1.696e-05 0.23342 0.002688 0.048408 -0.03213 0.0096254 0.18058 0.2234 -0.048348 0.13917 0.22206 0.043303 0.67288 0.090262 0.458 0.30327 0.44128 0.30084 0.059859 -0.060057 0.38363 -0.10199 -0.096214 0.17374 0.3484
0.050625 0.10731 0.071765 0.24139 0.07838 0.051859 0.061373 0.026651 0.06938 0.27519 0.057626 0.058683 0.17531 0.054536 0.056223 0.079417 0.0032761 0.060665 0.086283 0.37891 0.080851 0.27953 0.051295 0.13231 -0.10386 0.14145 -0.11344 0.042291 0.11781 0.27249 -0.045033 -0.16798 -0.008661 0.57686 0.30493 -0.093325 0.2153 0.32216 0.86743 0.070421 0 -0.084305 -0.013603 0.14035 0.4969 0.51073 0.29623 0.47355 -0.050034 0.0090337 0.3906 0.60832 0.11017 0.31794 -0.1217 0.24593 -0.011229 0.12685 -0.27071 0.017886 -0.14577 0.05383 0.041049 0.25734 -0.097097 -0.28376 0.039318 0.55377 0.22756 -0.21184 0.016954 0.29087 0.79767 0.10164 0.89449 -0.04951 -0.047973 -0.031462 0.23936 0.44845 0.26186 0.40911 -0.14169 -0.041345 0.30161 0.50946
0.15379 0.16651 0.04342 -0.0014968 0.0053151 0.24868 -0.034099 0.01449 0.12837 0.19782 0.16668 0.01168 -0.022603 0.019029 0.23086 -0.026045 0.044746 0.12942 -0.06038 0.060788 0.33988 0.23763 0.027246 0.071089 0.6232 0.0051637 0.75222 -0.083734 0.070164 0.21181 0.33582 0.21694 0.41335 0.17693 -0.11799 -0.071088 -0.22867 0.24143 0.064134 0.48881 -0.084305 0 0.39785 0.2779 0.312 0.15811 0.029262 0.089001 0.080456 0.034108 0.11102 0.035081 -0.034295 0.038772 0.21339 0.2139 0.04199 0.048535 0.49847 -0.00043946 0.71126 -0.017537 -0.04101 0.18678 0.33971 0.26634 0.33705 0.13101 -0.21119 -0.11172 -0.21321 0.25584 0.06622 0.35563 -0.087947 0.88492 0.30185 0.11903 0.2133 0.013523 0.060096 -0.024154 0.13501 0.044353 0.10511 -0.0026679
0.07552 0.1401 0.16339 0.10232 0.06585 0.20903 0.0038949 0.099846 0.11992 0.077253 0.16457 0.14111 0.080947 0.047313 0.20501 0.010488 0.11462 0.10904 -0.10981 0.25431 -0.00096365 0.057685 0.050572 0.04285 0.098155 -0.052417 0.42394 0.0715 0.18968 0.063369 0.35796 -0.014987 0.188 0.077984 -0.088743 -0.13636 -0.18261 0.10484 0.018462 0.33331 -0.013603 0.39785 0 0.037841 0.32185 -0.029516 0.047259 -0.048708 0.028739 0.03923 0.15478 0.16344 -0.073587 0.23919 -0.059114 0.047752 0.027922 0.014479 0.041497 -0.048531 0.38763 0.081847 0.11169 0.041097 0.37404 0.026263 0.13036 0.068805 -0.11887 -0.1888 -0.1069 0.1066 0.0052134 0.27469 -0.020019 0.3352 0.54474 0.013088 0.24456 -0.084057 0.069243 -0.041325 0.010381 0.025122 0.1173 0.15226
0.41628 0.20474 0.26891 0.18061 0.080696 -0.039 -0.1587 -0.01412 0.10706 0.4678 0.20558 0.25784 0.15614 0.049784 -0.061714 -0.13382 -0.022242 0.12829 -0.046115 0.3066 0.63055 -0.027491 0.029893 -0.052932 0.44438 0.37879 0.040258 -0.049088 0.46879 -0.017179 -0.2943 -0.027917 0.040765 0.13723 0.55526 0.15385 0.41622 0.050623 0.026506 0.45841 0.14035 0.2779 0.037841 0 0.42641 0.40318 -0.13751 0.67406 -0.15115 -0.11212 0.092795 0.27722 -0.020342 0.27816 0.55696 -0.050958 0.025797 -0.08018 0.39937 0.21484 -0.0034452 -0.061252 0.32932 -0.048824 -0.20825 0.01367 -0.0084678 0.098046 0.52643 0.21774 0.3659 0.05875 -0.024806 0.41506 0.11261 0.26616 0.037612 0.728 0.31122 0.22862 -0.09719 0.5115 -0.12781 -0.15699 0.088665 0.25389
0.047187 0.16252 0.1868 0.15869 0.073811 0.15287 0.060738 0.0003048 0.081129 0.29843 0.078548 0.10318 0.11844 0.044481 0.1307 0.041199 0.0093349 0.078802 0.215 0.32691 0.39023 0.096269 0.065374 0.081335 0.31593 0.24087 0.19589 0.0059282 0.29879 0.07921 0.18794 0.30144 0.11228 0.29149 0.53242 0.2554 0.37005 0.11771 0.29628 0.28201 0.4969 0.312 0.32185 0.42641 0 0.32411 0.16474 0.50356 0.088847 0.054058 0.18348 0.3429 -0.0025378 0.25064 0.097736 0.042923 0.03055 0.040769 0.0037982 0.098836 0.051969 0.028753 0.055215 0.072811 0.068437 0.027216 0.095928 0.29011 0.19311 -0.032945 0.089973 0.091442 0.25941 0.1357 0.40385 0.083243 0.13708 0.022673 0.46025 0.17749 0.15007 0.23357 0.069824 0.019939 0.16515 0.27349
0.12635 0.10406 0.0448 0.093235 0.010885 0.056886 0.029003 -0.00079307 0.043097 0.21555 0.064194 0.057398 0.074722 0.018142 0.053894 0.043234 -0.0005041 0.051098 0.040894 0.26197 0.35596 0.62511 0.084446 0.43116 0.33195 0.3618 -0.0070912 0.20946 0.19167 0.65407 -0.086327 -0.13159 0.13601 0.38859 0.27239 -0.074738 0.17378 0.55374 0.45074 0.14652 0.51073 0.15811 -0.029516 0.40318 0.32411 0 0.11178 0.47039 -0.068345 -0.016241 0.17741 0.35858 0.097611 0.22761 0.11621 0.58869 0.029913 0.40644 0.088479 0.27442 0.018028 0.19389 0.0921 0.65359 -0.090482 -0.17722 0.13262 0.34032 0.2387 -0.12069 0.11831 0.54301 0.40398 0.16505 0.46521 0.24268 -0.025203 0.17357 0.14886 0.9186 0.073397 0.40232 -0.082968 -0.04088 0.15419 0.30084
-0.17447 -0.097978 -0.069587 -0.037029 0.01149 0.23796 0.2361 0.011197 0.01003 -0.136 -0.15225 -0.10113 -0.061559 -0.025798 0.2098 0.20865 0.016962 0.013136 0.69518 0.042809 0.060649 0.18138 0.10473 0.37241 0.13127 0.20231 0.022274 0.17693 0.069528 0.21834 0.20248 0.35613 0.1485 0.16226 0.22255 0.028627 0.22028 0.090971 0.28031 -0.091409 0.29623 0.029262 0.047259 -0.13751 0.16474 0.11178 0 0.083122 0.071521 0.21734 0.54405 0.30313 0.56847 0.040396 -0.10919 0.14544 0.06851 0.34652 -0.047097 0.10734 -0.031783 0.17193 0.014146 0.2099 0.13322 0.19391 0.14738 0.19526 0.070035 -0.044894 0.074334 0.016969 0.32424 -0.11082 0.31041 -0.0046954 0.040619 -0.19343 0.039164 0.1123 0.82248 0.0057148 0.048454 0.19287 0.434 0.2329
0.3945 0.21291 0.19444 0.2397 0.10896 -0.10243 -0.08737 -0.002455 0.1176 0.40528 0.20519 0.19825 0.2187 0.086453 -0.12287 -0.087073 -0.035596 0.13629 0.14456 0.40408 0.41526 -0.014134 0.040341 -0.024794 0.17998 0.41224 -0.16277 -0.079917 0.42938 0.025346 -0.32228 0.069591 -0.061722 0.28316 0.65694 0.15515 0.56626 0.10961 0.32072 0.39136 0.47355 0.089001 -0.048708 0.67406 0.50356 0.47039 0.083122 0 -0.089411 -0.067472 0.26287 0.56434 0.17911 0.39712 0.36842 -0.031669 0.0066948 -0.064754 0.22047 0.27349 -0.16967 -0.071517 0.3335 -0.0022188 -0.29181 0.068885 -0.0745 0.23993 0.64671 0.24942 0.53793 0.11847 0.22993 0.37023 0.42214 0.11422 -0.01876 0.51879 0.4362 0.36043 0.064197 0.80004 -0.088053 -0.095901 0.20465 0.50652
-0.10697 -0.047912 -0.05785 -0.080144 -0.035351 0.057612 0.059308 -0.010164 -0.034959 -0.043178 -0.085227 -0.10396 -0.090413 -0.043568 0.032158 0.042869 -0.010257 -0.030469 0.14122 -0.14557 0.028924 -0.033233 0.028713 0.059642 0.13797 0.015865 0.094938 0.00877 -0.047288 -0.025256 0.23737 0.29307 0.032302 -0.086426 -0.04308 0.1635 0.033959 -0.063826 -0.019945 -0.08483 -0.050034 0.080456 0.028739 -0.15115 0.088847 -0.068345 0.071521 -0.089411 0 0.089009 -0.078142 -0.1237 0.021884 -0.15462 -0.096065 -0.028697 0.0044994 0.049588 -0.0042851 0.0095855 0.037612 0.025644 -0.10497 -0.020411 0.12207 0.20362 0.017348 -0.053286 -0.17438 0.054267 -0.11001 -0.067506 0.004401 -0.17493 -0.079073 -0.024395 -0.032587 -0.2494 -0.034511 -0.049454 0.051991 -0.18339 0.22157 0.082769 -0.043445 -0.15298
-0.06708 -0.055193 -0.048735 -0.019633 -0.017266 0.14536 0.12262 0.0021 -0.014978 -0.0031807 -0.075062 -0.07374 -0.04167 -0.008577 0.11698 0.10179 -0.013751 0.03118 0.14913 -0.044368 0.0065511 0.021225 0.09217 0.15232 0.10801 0.11955 0.04266 0.042174 0.038407 0.020056 0.17742 0.26009 0.082906 -0.0207 0.014265 0.099309 0.038825 -0.01402 0.036331 -0.059327 0.0090337 0.034108 0.03923 -0.11212 0.054058 -0.016241 0.21734 -0.067472 0.089009 0 0.028457 0.025991 0.08023 -0.068232 -0.075856 0.010253 0.028171 0.12751 0.0060887 0.08815 0.032748 0.042177 -0.038366 0.036675 0.12497 0.18575 0.057167 -0.016118 -0.052252 0.017825 -0.02092 -0.03331 0.024642 -0.10026 -0.009922 -0.00023916 0.0059936 -0.1596 0.0047679 -0.020583 0.17549 -0.10662 0.10147 0.15052 0.0095883 -0.0030513
0.052948 0.15307 0.06486 0.093595 0.051177 0.10464 0.0062745 0.033059 0.11191 0.03886 0.16721 0.052014 0.077431 0.057598 0.067422 0.014323 0.034626 0.14273 0.1126 0.26957 -0.019905 0.17336 0.039293 0.1056 0.0035323 0.0036756 0.10665 0.095794 0.12426 0.24612 0.012742 -0.10569 0.092564 0.34409 0.10237 -0.089018 0.0048806 0.28842 0.44644 0.18036 0.3906 0.11102 0.15478 0.092795 0.18348 0.17741 0.54405 0.26287 -0.078142 0.028457 0 0.4613 0.20525 0.27867 0.0054648 0.16934 0.026606 0.10444 0.0078612 -0.0076002 0.093473 0.076201 0.12384 0.21393 0.052303 -0.073657 0.10009 0.33497 0.16924 -0.077061 0.080736 0.25471 0.40466 0.23022 0.38292 0.15571 0.15949 0.093213 0.19841 0.15851 0.52008 0.32434 -0.050768 -0.012141 0.60598 0.42342
0.23197 0.26197 0.17267 0.31451 0.13921 0.065386 0.016856 0.074253 0.17549 0.2441 0.24843 0.17606 0.28351 0.10917 0.056284 0.023796 0.05132 0.17732 0.06705 0.55676 -0.046946 0.19805 0.083943 0.11153 -0.089354 0.11841 -0.041235 0.08536 0.32243 0.23764 -0.089808 -0.20291 0.036681 0.46316 0.34696 -0.12199 0.21538 0.31407 0.57072 0.33026 0.60832 0.035081 0.16344 0.27722 0.3429 0.35858 0.30313 0.56434 -0.1237 0.025991 0.4613 0 0.16878 0.52548 -0.040002 0.18736 0.042715 0.073992 -0.094105 0.074035 -0.022273 0.085295 0.28792 0.20254 -0.065099 -0.18676 0.040576 0.43403 0.45396 -0.09265 0.3056 0.30907 0.48505 0.38054 0.57805 0.11469 0.17583 0.23756 0.33055 0.3089 0.2697 0.6101 -0.13948 -0.036364 0.37047 0.73985
-0.029295 -0.1199 -0.028512 -0.01723 -0.0065288 0.040164 0.098351 -0.011775 -0.030131 -0.14976 -0.13523 -0.018089 0.0067086 -0.018521 0.041232 0.10494 -0.0026611 -0.0070307 0.60237 0.033202 0.011034 0.095674 0.011894 0.2962 0.056501 0.1562 -0.13043 0.16686 0.073688 0.098949 -0.029801 0.1967 0.035096 0.018547 0.23049 -0.039145 0.23628 -0.0043413 0.016812 -0.06266 0.11017 -0.034295 -0.073587 -0.020342 -0.0025378 0.097611 0.56847 0.17911 0.021884 0.08023 0.20525 0.16878 0 0.048922 0.12667 0.10445 0.034421 0.3259 0.16984 0.22938 -0.12355 0.13647 0.11562 0.11186 -0.02104 0.39655 0.047808 0.034111 0.36064 0.15671 0.42084 -0.040976 0.077333 -0.035002 0.19987 0.0384 -0.017942 0.059135 0.22083 0.10832 0.68887 0.17413 0.052432 0.152 0.17972 0.15982
