0 0.34513 0.26986 0.28061 0.08369 -0.0048714 -0.090784 0.064441 0.21452 0.72921 0.42071 0.35531 0.29314 0.1117 0.0038558 -0.096911 0.04468 0.26521 -0.15285 0.23613 0.079355 -0.034687 0.028954 -0.046888 0.072659 0.14931 0.10221 0.025193 0.20142 0.0010061 -0.14215 -0.0977 0.017027 0.11385 0.11692 -0.046869 0.028779 0.109 0.059428 0.36358 0.086796 0.18694 0.098103 0.37211 0.056879 0.17938 -0.15958 0.36313 -0.096974 -0.065194 0.049028 0.23948 -0.052804 0.28107 0.42962 -0.030909 0.037349 -0.072459 0.37057 0.24944 0.19218 0.0018241 0.3349 -0.031668 -0.02472 0.13231 0.02383 0.12723 0.40398 0.20724 0.30821 0.12399 0.061006 0.44638 0.1774 0.31032 0.17759 0.59744 0.40628 0.19638 -0.12013 0.53929 0.012307 -0.078927 0.061624 0.28877
0.34513 0 0.24975 0.27777 0.10905 0.017773 -0.078304 0.069334 0.22096 0.35516 0.48033 0.26792 0.25782 0.096118 -0.0012716 -0.093441 0.056155 0.20825 -0.098735 0.26555 0.057912 0.076571 0.025224 -0.043777 0.069784 0.058665 0.14112 0.077756 0.15782 0.12062 -0.026347 -0.091775 0.018592 0.16443 0.13455 -0.058742 0.020684 0.22013 0.12811 0.33435 0.12648 0.19286 0.16084 0.23045 0.18113 0.12962 -0.094842 0.25011 -0.041219 -0.051741 0.17333 0.29596 -0.1205 0.26274 0.067791 0.074167 0.019146 -0.070597 0.065223 0.0088507 0.12294 0.074451 0.1415 0.080377 -0.011665 -0.083434 -0.01028 0.093714 0.17276 -0.031983 0.082754 0.25069 0.078727 0.31803 0.099361 0.17954 0.15009 0.19434 0.16762 0.069042 -0.10801 0.23533 -0.044073 -0.064881 0.15774 0.27152
0.26986 0.24975 0 0.38285 0.092969 0.029968 -0.023366 0.14415 0.14056 0.28497 0.26517 0.56549 0.3667 0.066689 0.026875 -0.031654 0.11624 0.15283 -0.02515 0.20352 0.12991 -0.0050301 0.011309 -0.034573 0.039568 0.059858 0.077364 0.0006458 0.20012 0.018514 -0.0064008 -0.060432 -0.021322 0.056058 0.24389 0.0032186 0.14255 0.07872 0.014983 0.20251 0.092614 0.087032 0.17027 0.26499 0.21503 0.065234 -0.063339 0.20196 -0.047787 -0.047731 0.076065 0.1918 -0.033453 0.17869 0.11503 -0.019658 0.034646 -0.060496 0.032061 0.031546 0.057759 0.0095477 0.16665 -0.0087244 -0.0035225 -0.070289 -0.013916 0.025086 0.20557 -0.01922 0.14183 0.088995 -0.0082993 0.19765 0.097118 0.069525 0.12069 0.17802 0.16643 0.017099 -0.064593 0.19006 -0.06262 -0.051368 0.085878 0.18043
0.28061 0.27777 0.38285 0 0.18343 0.010671 -0.0089308 0.1066 0.14025 0.26016 0.27975 0.36625 0.63828 0.12175 0.002413 -0.018558 0.092728 0.14706 -0.052395 0.30038 -0.016832 0.024029 0.015255 -0.0159 -0.085558 0.026866 0.0024297 0.031638 0.15132 0.041277 -0.033987 -0.14679 -0.023244 0.18672 0.19525 -0.082197 0.065065 0.11358 0.19205 0.20866 0.29703 0.029133 0.12361 0.17622 0.17587 0.11758 -0.0052771 0.26203 -0.068611 -0.018648 0.1444 0.35773 -0.019329 0.28929 0.016727 0.028269 0.015793 -0.034538 -0.05213 -0.0079592 0.0070504 0.038463 0.15058 0.024088 -0.032749 -0.13064 0.0010541 0.14754 0.27011 -0.061225 0.1544 0.13285 0.12631 0.24488 0.27476 0.05937 0.12319 0.18212 0.18331 0.097284 -0.025221 0.3132 -0.066718 -0.053577 0.13319 0.35022
0.08369 0.10905 0.092969 0.18343 0 -0.0053232 -0.018262 0.019784 0.053564 0.093923 0.098696 0.10076 0.15509 0.044054 -0.0064269 -0.02771 0.016344 0.056919 -0.018564 0.10244 0.0028206 0.0026944 0.010984 -0.011533 -0.019558 0.0024198 -0.0084913 -0.0089453 0.07042 0.0053808 -0.028762 -0.033765 -0.011048 0.023811 0.072442 0.0015629 0.048082 0.046625 0.077324 0.093456 0.095105 0.010661 0.05193 0.072981 0.06844 0.018948 0.011399 0.11009 -0.029941 -0.021549 0.062796 0.1431 -0.010461 0.11188 -0.01413 -0.0038075 -0.010281 -0.029945 -0.03595 -0.0081305 -0.0090916 -6.6174e-05 0.059938 -0.0071124 -0.024274 -0.045034 -0.016468 0.026961 0.088284 -0.01038 0.062922 0.046609 0.056871 0.079361 0.081705 0.00036548 0.024255 0.0471 0.052044 -0.00090406 -0.0084229 0.10884 -0.037811 -0.019149 0.04611 0.12698
-0.0048714 0.017773 0.029968 0.010671 -0.0053232 0 0.1683 0.022176 0.086701 0.054197 0.0060467 0.023361 0.0018067 -0.016808 0.4309 0.16416 0.043029 0.070236 0.06143 0.036417 0.13409 0.094498 0.13553 0.22045 0.23595 0.12585 0.33735 0.12372 0.074301 0.11634 0.30451 0.20621 0.2753 0.076867 -0.041921 0.017379 -0.024058 0.075525 0.094869 0.096017 0.051136 0.26757 0.2336 -0.0091204 0.16085 0.078868 0.21204 -0.079771 0.057068 0.14912 0.10229 0.071875 0.03371 0.023421 0.0023785 0.07428 0.089522 0.20748 0.132 0.090433 0.28804 0.12563 0.010174 0.10322 0.28067 0.1375 0.23348 0.069948 -0.12405 -0.054114 -0.097037 0.054465 0.099565 0.039509 0.047484 0.22449 0.15515 -0.089666 0.066627 0.045086 0.1816 -0.11641 0.054978 0.12485 0.089769 0.046248
-0.090784 -0.078304 -0.023366 -0.0089308 -0.018262 0.1683 0 -0.0079197 -0.0082756 -0.042233 -0.098678 -0.043519 -0.027814 -0.023719 0.17054 0.24757 -0.0067722 -0.028222 0.14358 -0.041871 0.049446 0.027759 0.075219 0.17356 0.060734 0.12901 -0.0021629 0.07243 0.01296 0.037369 0.15948 0.16421 0.069732 0.023402 0.015901 0.074427 0.069498 -0.011938 0.059207 -0.11938 0.065074 -0.036872 0.001517 -0.12644 0.050176 0.026544 0.22701 -0.071152 0.041531 0.13029 0.013124 0.025933 0.090887 -0.051036 -0.067508 0.020668 0.034442 0.15312 -0.039998 0.068526 -0.025215 0.060644 -0.027327 0.033478 0.087801 0.085248 0.050946 0.02562 -0.064456 -0.021222 -0.029367 -0.030593 0.063403 -0.13902 0.069189 -0.05875 -0.02318 -0.18484 -0.030724 0.032999 0.187 -0.13124 0.026634 0.10919 -0.00052062 -0.0097819
0.064441 0.069334 0.14415 0.1066 0.019784 0.022176 -0.0079197 0 0.050475 0.043003 0.078401 0.12865 0.10221 0.015929 0.034495 0.003103 0.10854 0.063111 -0.037776 0.086204 -0.058822 0.01835 0.00055029 -0.0085025 -0.042618 -0.019383 0.053359 0.015486 0.023235 0.0082261 0.064713 -0.05557 0.025615 0.047915 -0.023952 -0.080269 -0.075794 0.044139 0.023743 0.071028 0.016504 0.045844 0.1225 -0.00049489 0.010114 0.0082806 0.0087762 -0.0018787 -0.0042864 -0.00062242 0.046015 0.087356 -0.020928 0.07672 -0.038914 0.021929 -0.0055119 -0.001491 -0.016957 0.0034537 0.068439 0.029785 0.030378 0.0017959 0.064839 -0.035105 0.0083045 0.043783 0.0024459 -0.08272 -0.012944 0.050798 0.014749 0.080858 0.034687 0.060346 0.10414 0.021446 0.034137 0.008575 0.014695 0.054483 -0.018354 -0.0015509 0.056537 0.090098
0.21452 0.22096 0.14056 0.14025 0.053564 0.086701 -0.0082756 0.050475 0 0.22256 0.22366 0.12847 0.13503 0.045173 0.070493 -0.019673 0.048782 0.1911 -0.040035 0.16631 0.01241 0.065124 0.02029 0.010546 0.032842 0.01472 0.12626 0.020638 0.081938 0.092668 0.018375 -0.046933 0.064253 0.1163 0.051327 -0.054602 -0.0055174 0.164 0.093914 0.19186 0.074776 0.14913 0.13449 0.10781 0.085047 0.056543 0.0088833 0.11896 -0.028679 -0.019909 0.12403 0.18965 -0.033435 0.17117 0.04594 0.057712 0.031591 -0.0071782 0.05936 0.022641 0.13649 0.015737 0.099269 0.082432 0.056168 -0.010205 0.034992 0.065757 0.092095 -0.030882 0.046127 0.16892 0.073914 0.18366 0.06889 0.16825 0.136 0.10945 0.1241 0.027781 0.006406 0.15188 -0.034515 -0.0019077 0.12344 0.17643
0.72921 0.35516 0.28497 0.26016 0.093923 0.054197 -0.042233 0.043003 0.22256 0 0.32578 0.27846 0.21668 0.099395 0.050322 -0.051581 0.03366 0.23193 -0.054794 0.23242 0.27632 -0.016902 0.0511 -0.075771 0.22918 0.24124 0.14999 -0.069353 0.21861 -0.0017578 -0.01015 0.0697 0.04662 0.18474 0.25044 0.10964 0.20585 0.1111 0.24774 0.31235 0.27358 0.24187 0.090974 0.47312 0.30168 0.24459 -0.12546 0.40733 -0.01385 -0.0036573 0.040349 0.22757 -0.15267 0.17145 0.14425 -0.026303 0.02645 -0.091697 0.12666 0.13399 0.10085 -0.036371 0.11207 -0.013356 -0.020154 0.019602 0.026326 0.11744 0.14926 0.043088 0.067295 0.12671 0.13982 0.25726 0.16051 0.15284 0.057222 0.24201 0.11137 0.083731 -0.11004 0.32703 -0.028812 -0.048482 0.058227 0.19103
0.42071 0.48033 0.26517 0.27975 0.098696 0.0060467 -0.098678 0.078401 0.22366 0.32578 0 0.32125 0.30538 0.10954 0.00073659 -0.1076 0.09201 0.24444 -0.18441 0.29119 -0.0046117 0.060645 0.023137 -0.055337 0.022171 -0.0012546 0.14552 0.063839 0.13898 0.10717 -0.053814 -0.17226 0.019747 0.11403 0.054304 -0.13369 -0.051893 0.22604 0.053942 0.34429 0.07564 0.19771 0.18641 0.20946 0.088913 0.10083 -0.14245 0.23435 -0.079303 -0.070681 0.17016 0.29088 -0.13756 0.30692 0.15522 0.072239 0.011218 -0.084137 0.15309 0.014567 0.18705 0.04288 0.19833 0.070854 -0.00090658 -0.055427 0.016011 0.12475 0.25151 -0.0016146 0.15935 0.26073 0.037385 0.39674 0.11143 0.25933 0.20213 0.31328 0.2661 0.0814 -0.12165 0.32442 -0.034918 -0.093302 0.17352 0.31017
0.35531 0.26792 0.56549 0.36625 0.10076 0.023361 -0.043519 0.12865 0.12847 0.27846 0.32125 0 0.38832 0.083731 0.026026 -0.034408 0.14421 0.15081 -0.073999 0.20607 0.071062 -0.030741 -0.0060872 -0.051468 0.0047938 0.039471 0.080892 0.011583 0.1947 0.0023524 -0.046296 -0.12623 -0.022334 0.036488 0.20192 -0.040535 0.10651 0.079024 0.0094983 0.22303 0.071428 0.067519 0.17534 0.23968 0.12964 0.076843 -0.08804 0.19576 -0.083051 -0.067536 0.072944 0.19913 -0.034361 0.23766 0.1891 -0.051603 0.022184 -0.072897 0.090775 0.063735 0.082683 -0.0031284 0.24043 -0.025329 -0.00079061 -0.042076 0.010305 0.039415 0.28111 0.052 0.22618 0.089738 -0.042798 0.26518 0.083293 0.11431 0.18337 0.28752 0.23804 0.037963 -0.085682 0.25291 -0.056509 -0.053965 0.06534 0.22102
0.29314 0.25782 0.3667 0.63828 0.15509 0.0018067 -0.027814 0.10221 0.13503 0.21668 0.30538 0.38832 0 0.14309 0.0069086 -0.0097437 0.11284 0.15297 -0.058906 0.27067 -0.029643 0.022551 0.017574 -0.019525 -0.094797 0.012286 -0.012905 0.055219 0.14011 0.038673 -0.072648 -0.16054 -0.02414 0.16439 0.16365 -0.10121 0.047546 0.11406 0.12396 0.21601 0.23581 0.011336 0.1075 0.15027 0.12917 0.10385 -0.026483 0.24154 -0.086486 -0.045762 0.13786 0.32965 0.0072822 0.29458 0.029883 0.018004 0.017172 -0.018753 -0.041898 0.035931 -0.0047388 0.051218 0.18876 0.020382 -0.044687 -0.11761 -0.0056584 0.15688 0.3038 -0.044622 0.19211 0.13187 0.12707 0.24891 0.30199 0.058183 0.12328 0.20277 0.19379 0.10146 0.0049866 0.33235 -0.08829 -0.047139 0.13502 0.38436
0.1117 0.096118 0.066689 0.12175 0.044054 -0.016808 -0.023719 0.015929 0.045173 0.099395 0.10954 0.083731 0.14309 0 -0.0089862 -0.028072 0.0073709 0.086999 -0.025426 0.12883 -0.040029 0.010677 0.010068 -0.017405 -0.028723 -0.016877 0.011232 -0.0094594 0.037544 0.014216 -0.034151 -0.055599 -0.0046567 0.05585 0.031052 -0.041652 -0.0062988 0.054756 0.060115 0.087737 0.068564 0.035266 0.051572 0.049379 0.051315 0.018371 -0.010507 0.085419 -0.038165 -0.010874 0.077039 0.12305 -0.019042 0.10595 0.0015439 0.012038 0.0065033 -0.02045 -0.0079285 -0.0064773 0.019931 -0.009005 0.033975 0.017488 -0.013109 -0.031603 -0.0078404 0.063419 0.080833 -0.03208 0.060633 0.069161 0.062441 0.090334 0.084027 0.044555 0.066316 0.068767 0.09177 0.006431 -0.0098458 0.12039 -0.024735 -0.023366 0.063505 0.13376
0.0038558 -0.0012716 0.026875 0.002413 -0.0064269 0.4309 0.17054 0.034495 0.070493 0.050322 0.00073659 0.026026 0.0069086 -0.0089862 0 0.20676 0.038451 0.067771 0.047738 0.028398 0.12329 0.084674 0.10955 0.22801 0.22064 0.12769 0.32253 0.12145 0.072565 0.099033 0.30766 0.17411 0.27049 0.076346 -0.046032 -0.017498 -0.047631 0.060372 0.078638 0.078864 0.050425 0.25589 0.23954 -0.029352 0.1423 0.076883 0.21109 -0.09458 0.043891 0.13488 0.084524 0.070977 0.042371 0.035945 0.051878 0.072763 0.10841 0.22164 0.16593 0.13273 0.30719 0.10805 0.046638 0.09329 0.27495 0.16015 0.27673 0.068585 -0.095533 -0.051796 -0.076601 0.050554 0.10512 0.06482 0.046606 0.24852 0.17211 -0.064634 0.085489 0.070979 0.20237 -0.095938 0.037266 0.14161 0.087321 0.068754
-0.096911 -0.093441 -0.031654 -0.018558 -0.02771 0.16416 0.24757 0.003103 -0.019673 -0.051581 -0.1076 -0.034408 -0.0097437 -0.028072 0.20676 0 0.013925 -0.0065441 0.11 -0.039054 0.046737 0.026563 0.072161 0.16626 0.044403 0.11976 -0.0093002 0.029716 0.010666 0.029816 0.13405 0.12782 0.089515 0.023717 0.0020137 0.046946 0.049699 -0.051853 0.04186 -0.10911 0.066101 -0.030367 0.0035376 -0.10906 0.035603 0.029142 0.19552 -0.074098 0.04062 0.10753 0.0073738 0.01792 0.10234 -0.041561 -0.02805 0.015545 0.042406 0.17841 -0.012661 0.11783 -0.022368 0.027692 -0.010129 0.027527 0.099122 0.09014 0.095833 0.027762 -0.031349 -0.0076858 0.0057271 -0.057875 0.062736 -0.12807 0.073488 -0.050752 -0.027176 -0.14598 -0.0221 0.039858 0.20383 -0.097978 0.024183 0.12959 5.897e-05 0.01332
0.04468 0.056155 0.11624 0.092728 0.016344 0.043029 -0.0067722 0.10854 0.048782 0.03366 0.09201 0.14421 0.11284 0.0073709 0.038451 0.013925 0 0.064201 -0.025602 0.085186 -0.046586 0.028157 0.016859 -0.0028634 -0.018628 -0.03268 0.077138 0.03315 0.017358 0.029961 0.054682 -0.067215 0.008191 0.026821 -0.018664 -0.082454 -0.06346 0.043971 0.0095029 0.06282 -0.0021288 0.069942 0.1232 -0.010639 0.01521 0.0034806 0.01572 -0.028101 -0.014986 -0.012192 0.044579 0.065494 -0.010991 0.076184 -0.035457 0.026617 0.0071627 0.01499 -0.018468 -0.012934 0.065173 0.026883 0.023916 0.020747 0.046863 -0.037563 0.020972 0.030421 -0.0094197 -0.10232 -0.027639 0.047156 -0.0020258 0.069394 0.0019808 0.068162 0.11478 0.018043 0.013743 0.0038635 0.020598 0.0177 -0.022005 -0.0054044 0.049209 0.068455
0.26521 0.20825 0.15283 0.14706 0.056919 0.070236 -0.028222 0.063111 0.1911 0.23193 0.24444 0.15081 0.15297 0.086999 0.067771 -0.0065441 0.064201 0 -0.057434 0.16309 0.038893 0.051387 0.04749 0.016879 0.056183 0.036861 0.1157 0.017798 0.095312 0.088484 0.015959 -0.024477 0.070607 0.085749 0.04103 -0.047449 0.0023414 0.1571 0.078977 0.18512 0.071132 0.15163 0.13269 0.12164 0.08459 0.064356 0.022521 0.14191 -0.031264 0.02546 0.16758 0.19441 -0.0052217 0.18186 0.097799 0.061931 0.026452 0.015568 0.10207 0.046895 0.14088 0.022535 0.1156 0.079491 0.061796 0.018164 0.056903 0.10473 0.12333 0.010155 0.088978 0.17246 0.076213 0.20102 0.089843 0.18378 0.1376 0.15129 0.15473 0.059043 0.027072 0.17624 -0.0012436 0.0043414 0.13522 0.21734
-0.15285 -0.098735 -0.02515 -0.052395 -0.018564 0.06143 0.14358 -0.037776 -0.040035 -0.054794 -0.18441 -0.073999 -0.058906 -0.025426 0.047738 0.11 -0.025602 -0.057434 0 -0.039499 0.25077 0.035673 0.039252 0.24466 0.21599 0.26717 -0.15134 0.084956 0.084693 0.067271 0.022971 0.58916 -0.0078842 -0.0061412 0.49173 0.27335 0.56506 -0.030325 0.065255 -0.081873 0.14835 -0.063286 -0.13279 0.0088569 0.21596 0.06645 0.69088 0.22965 0.12064 0.16656 0.13705 0.10894 0.62176 -0.059303 0.02297 0.019172 0.018098 0.20095 0.015045 0.18176 -0.19074 0.093478 0.00097697 0.058755 -0.056556 0.32837 0.011278 0.0064399 0.18263 0.17464 0.25049 -0.055392 0.11354 -0.16048 0.10942 -0.14426 -0.11531 -0.11092 0.026142 0.049337 0.56819 0.024527 0.055798 0.16408 0.15269 0.072197
0.23613 0.26555 0.20352 0.30038 0.10244 0.036417 -0.041871 0.086204 0.16631 0.23242 0.29119 0.20607 0.27067 0.12883 0.028398 -0.039054 0.085186 0.16309 -0.039499 0 -0.10551 0.1701 0.054647 0.027238 -0.12027 -0.0066398 -0.0030491 0.046514 0.21358 0.18773 -0.10251 -0.25929 0.003931 0.3764 0.22159 -0.21415 0.019541 0.28098 0.3202 0.41733 0.39958 0.087327 0.26759 0.26447 0.33487 0.26967 0.070117 0.38502 -0.1255 -0.038169 0.29747 0.57187 0.022225 0.59391 -0.11257 0.17735 0.01467 0.010372 -0.12849 0.0055688 0.034827 0.056624 0.18271 0.16139 -0.057314 -0.23595 0.018826 0.35406 0.31411 -0.238 0.13079 0.27918 0.27679 0.44018 0.39511 0.14538 0.26945 0.23523 0.291 0.2218 0.063808 0.46869 -0.1558 -0.078155 0.24523 0.55806
0.079355 0.057912 0.12991 -0.016832 0.0028206 0.13409 0.049446 -0.058822 0.01241 0.27632 -0.0046117 0.071062 -0.029643 -0.040029 0.12329 0.046737 -0.046586 0.038893 0.25077 -0.10551 0 -0.14589 0.067783 0.17242 0.73858 0.566 0.19546 -0.087462 0.29304 -0.091988 0.10884 0.49287 0.16122 -0.063459 0.5693 0.47175 0.55966 -0.12637 0.0023495 0.11473 0.14705 0.32391 -0.042716 0.70783 0.44056 0.40416 0.039817 0.49096 0.039098 0.0013197 -0.020288 -0.03779 0.031008 -0.12138 0.66279 -0.19754 0.063864 0.10239 0.54435 0.31482 0.066456 -0.046 0.10227 -0.087563 0.052314 0.3162 0.12134 -0.06388 0.27039 0.36161 0.23849 -0.12264 0.013626 -0.011777 0.064003 0.17017 -0.12309 0.28975 0.12757 0.18143 0.031137 0.11271 0.093475 0.022807 -0.0060108 -0.089391
-0.034687 0.076571 -0.0050301 0.024029 0.0026944 0.094498 0.027759 0.01835 0.065124 -0.016902 0.060645 -0.030741 0.022551 0.010677 0.084674 0.026563 0.028157 0.051387 0.035673 0.1701 -0.14589 0 0.020925 0.37619 0.051472 -0.12443 0.12015 0.28365 0.029673 0.92562 0.012382 -0.13947 0.16178 0.33813 -0.070613 -0.18747 -0.14157 0.89026 0.28689 0.070965 0.27349 0.26726 0.068039 -0.044514 0.069451 0.65982 0.19736 -0.00052694 -0.032468 0.026875 0.19126 0.22576 0.092913 0.16755 -0.23527 0.97488 0.0029843 0.41098 -0.058134 -0.063436 0.15345 0.34538 -0.015255 0.91723 -0.014576 -0.17251 0.17332 0.31768 -0.087137 -0.25566 -0.14333 0.8472 0.34455 0.070138 0.30444 0.32052 0.082772 -0.087794 -0.0038967 0.61494 0.17713 0.053232 -0.069229 0.019717 0.16143 0.20461
0.028954 0.025224 0.011309 0.015255 0.010984 0.13553 0.075219 0.00055029 0.02029 0.0511 0.023137 -0.0060872 0.017574 0.010068 0.10955 0.072161 0.016859 0.04749 0.039252 0.054647 0.067783 0.020925 0 0.16322 0.11209 0.14431 0.061577 0.038252 0.09765 0.04508 0.092437 0.10529 0.098527 0.035855 0.068379 0.038644 0.071081 0.028078 0.050112 0.049234 0.05883 0.051648 0.065023 0.04623 0.070119 0.094531 0.11062 0.064919 0.034781 0.10629 0.05071 0.10424 0.017372 0.027285 0.035465 0.010363 0.060119 0.13429 0.073328 0.11758 0.062773 0.031839 0.058994 0.041943 0.085179 0.07227 0.087194 0.010615 0.054375 0.0093213 0.050642 0.019933 0.04231 0.041575 0.050922 0.064821 0.034896 -0.0019339 0.049341 0.077828 0.079959 0.041271 0.022481 0.051167 0.031232 0.093756
-0.046888 -0.043777 -0.034573 -0.0159 -0.011533 0.22045 0.17356 -0.0085025 0.010546 -0.075771 -0.055337 -0.051468 -0.019525 -0.017405 0.22801 0.16626 -0.0028634 0.016879 0.24466 0.027238 0.17242 0.37619 0.16322 0 0.30611 0.34102 0.086647 0.55983 0.095584 0.54351 0.17189 0.20282 0.32743 0.11281 0.11761 0.035964 0.096857 0.33055 0.10837 -0.043906 0.14625 0.1184 0.046324 -0.034721 0.094569 0.5221 0.34084 -0.013417 0.068233 0.15584 0.11879 0.13107 0.24622 0.044935 0.035444 0.34431 0.11203 0.80837 0.17971 0.34761 0.094321 0.5163 0.0669 0.53925 0.13312 0.18332 0.3465 0.12425 0.10312 -0.036595 0.13841 0.26713 0.16539 -0.035928 0.1968 0.1719 0.044335 -0.082411 0.055184 0.52586 0.27477 -0.0082267 0.042393 0.13857 0.091566 0.098369
0.072659 0.069784 0.039568 -0.085558 -0.019558 0.23595 0.060734 -0.042618 0.032842 0.22918 0.022171 0.0047938 -0.094797 -0.028723 0.22064 0.044403 -0.018628 0.056183 0.21599 -0.12027 0.73858 0.051472 0.11209 0.30611 0 0.51926 0.55972 0.034628 0.18441 0.098507 0.32669 0.63361 0.4087 -0.018402 0.2432 0.3644 0.26713 0.009503 -0.047761 0.22629 -0.092143 0.72354 0.13183 0.52524 0.38977 0.39082 0.067026 0.2458 0.17467 0.096467 -0.005564 -0.092376 0.030707 -0.14044 0.5155 -0.02156 0.070334 0.21739 0.75991 0.31253 0.43811 0.03863 0.04449 0.086949 0.27567 0.5198 0.32797 -0.029679 0.033431 0.23404 0.073602 -0.0013942 -0.048065 0.076313 -0.11668 0.54862 0.039064 0.16843 0.16974 0.17755 0.038142 -0.020627 0.22037 0.1339 0.010826 -0.13433
0.14931 0.058665 0.059858 0.026866 0.0024198 0.12585 0.12901 -0.019383 0.01472 0.24124 -0.0012546 0.039471 0.012286 -0.016877 0.12769 0.11976 -0.03268 0.036861 0.26717 -0.0066398 0.566 -0.12443 0.14431 0.34102 0.51926 0 -0.0026718 0.094245 0.26284 -0.064881 0.077726 0.45684 0.11406 -0.015178 0.44185 0.39127 0.48782 -0.10499 0.034453 0.039971 0.1519 -0.012133 -0.076194 0.39347 0.22921 0.38898 0.1607 0.43554 0.028049 0.11869 -0.0049152 0.10156 0.11121 -0.02094 0.32664 -0.15466 0.095064 0.25685 0.31623 0.55705 -0.092919 0.062805 0.14064 -0.061443 0.00013421 0.2943 0.057061 -0.030346 0.25989 0.25185 0.33027 -0.11556 0.01642 -0.0083885 0.084052 -0.046984 -0.10951 0.12674 0.02869 0.26899 0.11751 0.20912 0.057629 0.086336 0.0087664 0.049981
0.10221 0.14112 0.077364 0.0024297 -0.0084913 0.33735 -0.0021629 0.053359 0.12626 0.14999 0.14552 0.080892 -0.012905 0.011232 0.32253 -0.0093002 0.077138 0.1157 -0.15134 -0.0030491 0.19546 0.12015 0.061577 0.086647 0.55972 -0.0026718 0 0.0045111 0.031952 0.11468 0.51795 0.23585 0.39475 0.076875 -0.2318 -0.042237 -0.23644 0.1367 0.036452 0.41673 -0.14768 0.82521 0.47596 0.086324 0.25395 -0.0051123 -0.0033117 -0.16498 0.14852 0.053075 0.10864 -0.044228 -0.14035 0.0010043 0.09502 0.081027 0.059831 0.064608 0.38728 -0.038075 0.7759 0.029248 -0.027224 0.10133 0.48021 0.24264 0.31815 0.052334 -0.31767 -0.11003 -0.26976 0.15624 0.044549 0.28517 -0.1398 0.72621 0.34122 -0.036426 0.18603 -0.10863 0.011803 -0.21785 0.12156 0.071369 0.089332 -0.064473
0.025193 0.077756 0.0006458 0.031638 -0.0089453 0.12372 0.07243 0.015486 0.020638 -0.069353 0.063839 0.011583 0.055219 -0.0094594 0.12145 0.029716 0.03315 0.017798 0.084956 0.046514 -0.087462 0.28365 0.038252 0.55983 0.034628 0.094245 0.0045111 0 0.05459 0.4377 0.087604 0.0082676 0.050793 0.073257 0.0035264 -0.01611 0.012211 0.34161 0.049533 0.027014 0.095111 -0.042741 0.069401 -0.10933 -0.025236 0.3462 0.19864 -0.10761 0.0090643 0.056215 0.12731 0.13346 0.15911 0.092504 -0.078557 0.29902 0.031162 0.58013 -0.0070982 0.18081 0.0076144 0.95428 0.085233 0.37784 0.052723 0.03617 0.091678 0.080309 0.10646 -0.032269 0.10303 0.34357 0.13651 0.040874 0.18557 0.0092213 0.069415 -0.069439 0.0055109 0.42356 0.15706 0.041555 0.02119 0.042251 0.10317 0.14118
0.20142 0.15782 0.20012 0.15132 0.07042 0.074301 0.01296 0.023235 0.081938 0.21861 0.13898 0.1947 0.14011 0.037544 0.072565 0.010666 0.017358 0.095312 0.084693 0.21358 0.29304 0.029673 0.09765 0.095584 0.18441 0.26284 0.031952 0.05459 0 0.044172 0.047025 0.099443 0.04627 0.062189 0.44484 0.30479 0.4814 0.089376 0.021581 0.2684 0.11941 0.086283 0.19666 0.46499 0.30316 0.19312 0.072763 0.41878 -0.037183 0.04962 0.13826 0.33084 0.072702 0.20493 0.22244 0.011208 0.057186 0.063706 0.14852 0.16753 -0.021281 0.050564 0.40171 0.03284 0.033237 0.065895 0.0085389 0.035355 0.3738 0.23331 0.43806 0.084298 0.023249 0.20353 0.09846 0.059681 0.15398 0.28225 0.21925 0.093328 0.054907 0.29107 0.0089343 -0.0068341 0.12312 0.31164
0.0010061 0.12062 0.018514 0.041277 0.0053808 0.11634 0.037369 0.0082261 0.092668 -0.0017578 0.10717 0.0023524 0.038673 0.014216 0.099033 0.029816 0.029961 0.088484 0.067271 0.18773 -0.091988 0.92562 0.04508 0.54351 0.098507 -0.064881 0.11468 0.4377 0.044172 0 0.031664 -0.11813 0.21537 0.34828 -0.033389 -0.16951 -0.085482 0.92327 0.31225 0.097314 0.27296 0.2385 0.079673 -0.035208 0.067443 0.67318 0.22329 0.033494 -0.016529 0.021856 0.25744 0.2603 0.095222 0.1742 -0.17146 0.91561 0.013436 0.54563 0.0027647 0.013604 0.15248 0.48266 0.025501 0.93147 -0.00040354 -0.12636 0.23243 0.31901 -0.0049823 -0.21411 -0.057283 0.8872 0.36208 0.10385 0.31326 0.31308 0.08631 -0.065249 0.022609 0.64853 0.18994 0.12568 -0.043279 0.004704 0.21935 0.23796
-0.14215 -0.026347 -0.0064008 -0.033987 -0.028762 0.30451 0.15948 0.064713 0.018375 -0.01015 -0.053814 -0.046296 -0.072648 -0.034151 0.30766 0.13405 0.054682 0.015959 0.022971 -0.10251 0.10884 0.012382 0.092437 0.17189 0.32669 0.077726 0.51795 0.087604 0.047025 0.031664 0 0.38311 0.27873 -0.0049041 -0.18099 0.082024 -0.094363 -0.0066921 0.016256 -0.0053876 -0.082837 0.41362 0.40624 -0.21945 0.25501 -0.096472 0.18552 -0.30687 0.28859 0.18383 0.023228 -0.094205 -0.039671 -0.12424 -0.13857 -0.00093977 0.044039 0.17573 0.093934 0.024162 0.39296 0.11357 -0.091682 0.02756 0.56937 0.25306 0.2286 -0.016668 -0.36405 -0.097277 -0.27469 -0.019305 0.038159 -0.10916 -0.09747 0.24338 0.2333 -0.38405 0.036254 -0.12601 0.1496 -0.37357 0.21475 0.17538 0.021449 -0.12886
-0.0977 -0.091775 -0.060432 -0.14679 -0.033765 0.20621 0.16421 -0.05557 -0.046933 0.0697 -0.17226 -0.12623 -0.16054 -0.055599 0.17411 0.12782 -0.067215 -0.024477 0.58916 -0.25929 0.49287 -0.13947 0.10529 0.20282 0.63361 0.45684 0.23585 0.0082676 0.099443 -0.11813 0.38311 0 0.15308 -0.1659 0.21185 0.58833 0.38847 -0.19344 -0.094849 -0.053168 -0.12554 0.28007 0.010258 0.051209 0.37745 -0.088262 0.35193 0.12991 0.31485 0.27499 -0.08366 -0.1826 0.23291 -0.28153 0.20069 -0.18456 0.072606 0.14555 0.33902 0.28737 0.078985 0.015994 -0.05186 -0.10696 0.21384 0.74413 0.091684 -0.15966 -0.1232 0.39285 0.0093583 -0.21556 -0.075967 -0.19795 -0.17133 0.023402 -0.091871 -0.22424 0.077785 -0.13671 0.25493 -0.19802 0.30883 0.27011 -0.052668 -0.21045
0.017027 0.018592 -0.021322 -0.023244 -0.011048 0.2753 0.069732 0.025615 0.064253 0.04662 0.019747 -0.022334 -0.02414 -0.0046567 0.27049 0.089515 0.008191 0.070607 -0.0078842 0.003931 0.16122 0.16178 0.098527 0.32743 0.4087 0.11406 0.39475 0.050793 0.04627 0.21537 0.27873 0.15308 0 0.10092 -0.056543 -0.029704 -0.071393 0.13987 0.052242 0.068968 -0.033466 0.44776 0.21272 0.053607 0.13854 0.14775 0.13835 -0.073824 0.059824 0.093415 0.084506 0.029945 0.026799 -0.0035977 0.11397 0.12294 0.07345 0.27978 0.30334 0.108 0.38615 0.0542 0.0091261 0.20837 0.28246 0.17907 0.43576 0.076236 -0.088378 -0.035049 -0.045338 0.11776 0.036568 0.045263 -0.027153 0.42398 0.15342 -0.012069 0.12168 0.08385 0.13038 -0.092183 0.08264 0.10405 0.05812 -0.004838
0.11385 0.16443 0.056058 0.18672 0.023811 0.076867 0.023402 0.047915 0.1163 0.18474 0.11403 0.036488 0.16439 0.05585 0.076346 0.023717 0.026821 0.085749 -0.0061412 0.3764 -0.063459 0.33813 0.035855 0.11281 -0.018402 -0.015178 0.076875 0.073257 0.062189 0.34828 -0.0049041 -0.1659 0.10092 0 0.13095 -0.19753 -0.00069414 0.40914 0.50948 0.26442 0.58136 0.20288 0.094585 0.14127 0.31834 0.36499 0.18533 0.32275 -0.057459 -0.0002894 0.3532 0.46549 0.048549 0.33766 -0.099654 0.30894 0.0069921 0.094312 -0.062008 -0.023573 0.097186 0.06406 0.035645 0.31272 -0.01658 -0.17922 0.1307 0.76338 0.17212 -0.21345 0.059054 0.3883 0.43724 0.31711 0.51628 0.25385 0.083487 0.11926 0.24841 0.29007 0.18282 0.37633 -0.086551 -0.025005 0.30582 0.43517
0.11692 0.13455 0.24389 0.19525 0.072442 -0.041921 0.015901 -0.023952 0.051327 0.25044 0.054304 0.20192 0.16365 0.031052 -0.046032 0.0020137 -0.018664 0.04103 0.49173 0.22159 0.5693 -0.070613 0.068379 0.11761 0.2432 0.44185 -0.2318 0.0035264 0.44484 -0.033389 -0.18099 0.21185 -0.056543 0.13095 0 0.39622 0.84227 0.0084669 0.096842 0.11066 0.38222 -0.092246 -0.11455 0.58477 0.50797 0.30846 0.21598 0.69529 -0.056084 0.00671 0.1265 0.39316 0.23731 0.20393 0.33912 -0.092207 0.030528 0.055555 0.10751 0.20918 -0.29663 0.0051051 0.29273 -0.038458 -0.22064 0.03786 -0.058284 0.10891 0.67287 0.26178 0.6114 -0.002166 0.098912 0.044671 0.31977 -0.15092 -0.11741 0.25429 0.24836 0.19134 0.16415 0.47169 -0.04864 -0.033649 0.12719 0.34392
-0.046869 -0.058742 0.0032186 -0.082197 0.0015629 0.017379 0.074427 -0.080269 -0.054602 0.10964 -0.13369 -0.040535 -0.10121 -0.041652 -0.017498 0.046946 -0.082454 -0.047449 0.27335 -0.21415 0.47175 -0.18747 0.038644 0.035964 0.3644 0.39127 -0.042237 -0.01611 0.30479 -0.16951 0.082024 0.58833 -0.029704 -0.19753 0.39622 0 0.63364 -0.17285 -0.139 -0.10584 -0.071507 -0.077151 -0.15928 0.20956 0.23761 -0.074541 0.0057611 0.21815 0.15684 0.079301 -0.082536 -0.11471 -0.0053658 -0.23183 0.20653 -0.20091 0.043036 0.0027736 0.12854 0.18006 -0.19647 -0.016831 0.12118 -0.16548 -0.025131 0.27623 -0.042327 -0.18578 0.086276 0.56856 0.23927 -0.18263 -0.10741 -0.21367 -0.10278 -0.27912 -0.23291 -0.12022 -0.067387 -0.14069 -0.021764 -0.064365 0.12683 0.072232 -0.068274 -0.12961
0.028779 0.020684 0.14255 0.065065 0.048082 -0.024058 0.069498 -0.075794 -0.0055174 0.20585 -0.051893 0.10651 0.047546 -0.0062988 -0.047631 0.049699 -0.06346 0.0023414 0.56506 0.019541 0.55966 -0.14157 0.071081 0.096857 0.26713 0.48782 -0.23644 0.012211 0.4814 -0.085482 -0.094363 0.38847 -0.071393 -0.00069414 0.84227 0.63364 0 -0.084071 -0.027159 -0.026968 0.24279 -0.20726 -0.20088 0.42582 0.37457 0.17186 0.20863 0.5706 0.04151 0.038355 0.01354 0.19625 0.25053 -0.029874 0.2892 -0.15314 0.048769 0.036823 0.018563 0.24576 -0.33455 0.01909 0.27409 -0.097335 -0.17332 0.11146 -0.082977 -0.014195 0.48698 0.46654 0.6023 -0.094918 0.012466 -0.12419 0.15407 -0.31689 -0.21809 0.078044 0.024268 0.071687 0.13929 0.23938 -0.01417 0.0028743 0.037072 0.15558
0.109 0.22013 0.07872 0.11358 0.046625 0.075525 -0.011938 0.044139 0.164 0.1111 0.22604 0.079024 0.11406 0.054756 0.060372 -0.051853 0.043971 0.1571 -0.030325 0.28098 -0.12637 0.89026 0.028078 0.33055 0.009503 -0.10499 0.1367 0.34161 0.089376 0.92327 -0.0066921 -0.19344 0.13987 0.40914 0.0084669 -0.17285 -0.084071 0 0.39499 0.215 0.35731 0.26635 0.11562 0.014315 0.097583 0.5967 0.12328 0.12382 -0.058537 -0.015529 0.30846 0.35489 -0.002119 0.27712 -0.16466 0.85712 0.0051702 0.33718 -0.036576 -0.043038 0.17452 0.41485 0.079574 0.88747 -0.013099 -0.1911 0.15029 0.38377 0.047507 -0.19248 -0.032035 0.96788 0.43489 0.23649 0.40176 0.3303 0.1333 0.020139 0.076002 0.5708 0.092764 0.26105 -0.066114 -0.048656 0.27523 0.34721
0.059428 0.12811 0.014983 0.19205 0.077324 0.094869 0.059207 0.023743 0.093914 0.24774 0.053942 0.0094983 0.12396 0.060115 0.078638 0.04186 0.0095029 0.078977 0.065255 0.3202 0.0023495 0.28689 0.050112 0.10837 -0.047761 0.034453 0.036452 0.049533 0.021581 0.31225 0.016256 -0.094849 0.052242 0.50948 0.096842 -0.139 -0.027159 0.39499 0 0.096405 0.88248 0.094062 0.016466 0.060091 0.31314 0.41438 0.3293 0.38262 -0.0037338 0.04997 0.47873 0.59367 0.073166 0.28031 -0.14658 0.25111 0.0076501 0.090311 -0.12904 -0.01777 0.019857 0.034508 -0.025866 0.27563 -0.021305 -0.17341 0.072503 0.46461 0.079662 -0.21564 -0.077769 0.35985 0.89224 0.13346 0.78113 0.10197 -0.0033855 -0.037314 0.15487 0.31466 0.28607 0.36059 -0.080838 -0.0042391 0.39148 0.48869
0.36358 0.33435 0.20251 0.20866 0.093456 0.096017 -0.11938 0.071028 0.19186 0.31235 0.34429 0.22303 0.21601 0.087737 0.078864 -0.10911 0.06282 0.18512 -0.081873 0.41733 0.11473 0.070965 0.049234 -0.043906 0.22629 0.039971 0.41673 0.027014 0.2684 0.097314 -0.0053876 -0.053168 0.068968 0.26442 0.11066 -0.10584 -0.026968 0.215 0.096405 0 0.083795 0.54374 0.36518 0.4391 0.30633 0.166 -0.054853 0.36564 -0.063 -0.043463 0.21078 0.35461 -0.069079 0.38673 0.16209 0.070734 0.045585 -0.059131 0.25925 0.06195 0.41033 0.030748 0.24461 0.055966 0.089746 0.034095 0.034987 0.21142 0.18614 -0.068235 0.11027 0.23273 0.073338 0.69309 0.099693 0.51188 0.33349 0.43024 0.3438 0.063722 -0.036687 0.36968 -0.073331 -0.074654 0.19393 0.36208
0.086796 0.12648 0.092614 0.29703 0.095105 0.051136 0.065074 0.016504 0.074776 0.27358 0.07564 0.071428 0.23581 0.068564 0.050425 0.066101 -0.0021288 0.071132 0.14835 0.39958 0.14705 0.27349 0.05883 0.14625 -0.092143 0.1519 -0.14768 0.095111 0.11941 0.27296 -0.082837 -0.12554 -0.033466 0.58136 0.38222 -0.071507 0.24279 0.35731 0.88248 0.083795 0 -0.082099 -0.045581 0.15794 0.47422 0.49947 0.31752 0.54008 -0.047178 0.021467 0.41061 0.62799 0.13363 0.35082 -0.064153 0.23753 0.0065107 0.12562 -0.2044 0.038114 -0.15472 0.093187 0.065577 0.25264 -0.13061 -0.22813 0.024664 0.55407 0.34042 -0.18111 0.12626 0.3312 0.81463 0.11832 0.91012 -0.031578 -0.054165 0.041807 0.27507 0.43768 0.27754 0.4815 -0.10976 -0.02884 0.3256 0.54577
0.18694 0.19286 0.087032 0.029133 0.010661 0.26757 -0.036872 0.045844 0.14913 0.24187 0.19771 0.067519 0.011336 0.035266 0.25589 -0.030367 0.069942 0.15163 -0.063286 0.087327 0.32391 0.26726 0.051648 0.1184 0.72354 -0.012133 0.82521 -0.042741 0.086283 0.2385 0.41362 0.28007 0.44776 0.20288 -0.092246 -0.077151 -0.20726 0.26635 0.094062 0.54374 -0.082099 0 0.44261 0.31221 0.37942 0.17764 0.030405 0.068314 0.14579 0.054746 0.11809 0.047591 -0.054069 0.076083 0.21677 0.21769 0.054809 0.098234 0.56648 -0.013362 0.77955 0.028309 -0.0013947 0.22582 0.40811 0.33401 0.37101 0.14903 -0.20503 -0.11368 -0.22086 0.26669 0.072878 0.42367 -0.080415 0.92547 0.35429 0.15191 0.32882 0.013507 0.049279 -0.015069 0.1545 0.084699 0.12313 0.020705
0.098103 0.16084 0.17027 0.12361 0.05193 0.2336 0.001517 0.1225 0.13449 0.090974 0.18641 0.17534 0.1075 0.051572 0.23954 0.0035376 0.1232 0.13269 -0.13279 0.26759 -0.042716 0.068039 0.065023 0.046324 0.13183 -0.076194 0.47596 0.069401 0.19666 0.079673 0.40624 0.010258 0.21272 0.094585 -0.11455 -0.15928 -0.20088 0.11562 0.016466 0.36518 -0.045581 0.44261 0 0.055103 0.35104 -0.038666 0.044445 -0.066945 0.050877 0.045015 0.15817 0.17954 -0.087686 0.26087 -0.065415 0.05611 0.048431 0.032314 0.073817 -0.050426 0.43273 0.072123 0.14549 0.061594 0.42854 0.078409 0.16176 0.074756 -0.11425 -0.17306 -0.11962 0.11215 0.0076941 0.31291 -0.030947 0.38341 0.57558 0.030208 0.31627 -0.084764 0.066328 -0.035365 0.029881 0.052536 0.14043 0.16664
0.37211 0.23045 0.26499 0.17622 0.072981 -0.0091204 -0.12644 -0.00049489 0.10781 0.47312 0.20946 0.23968 0.15027 0.049379 -0.029352 -0.10906 -0.010639 0.12164 0.0088569 0.26447 0.70783 -0.044514 0.04623 -0.034721 0.52524 0.39347 0.086324 -0.10933 0.46499 -0.035208 -0.21945 0.051209 0.053607 0.14127 0.58477 0.20956 0.42582 0.014315 0.060091 0.4391 0.15794 0.31221 0.055103 0 0.49384 0.41375 -0.11273 0.69017 -0.12065 -0.093236 0.084637 0.26537 -0.024209 0.22492 0.54305 -0.069578 0.03376 -0.06207 0.43118 0.21628 0.02461 -0.085869 0.29102 -0.052025 -0.15715 0.075852 0.01083 0.10687 0.44875 0.19713 0.32766 0.029782 0.0083996 0.36694 0.11042 0.27632 0.034041 0.70642 0.29739 0.20326 -0.087117 0.46352 -0.077667 -0.12609 0.078291 0.21031
0.056879 0.18113 0.21503 0.17587 0.06844 0.16085 0.050176 0.010114 0.085047 0.30168 0.088913 0.12964 0.12917 0.051315 0.1423 0.035603 0.01521 0.08459 0.21596 0.33487 0.44056 0.069451 0.070119 0.094569 0.38977 0.22921 0.25395 -0.025236 0.30316 0.067443 0.25501 0.37745 0.13854 0.31834 0.50797 0.23761 0.37457 0.097583 0.31314 0.30633 0.47422 0.37942 0.35104 0.49384 0 0.29617 0.14109 0.5019 0.11705 0.062381 0.17656 0.30973 0.031609 0.24618 0.12076 0.01666 0.04828 0.055741 0.072449 0.094791 0.10614 0.00021984 0.058802 0.055408 0.12271 0.1131 0.11805 0.29897 0.16654 -0.027765 0.062673 0.078676 0.26551 0.16734 0.38413 0.15684 0.17829 0.047487 0.53095 0.15398 0.14233 0.20904 0.072181 0.052383 0.16623 0.24609
0.17938 0.12962 0.065234 0.11758 0.018948 0.078868 0.026544 0.0082806 0.056543 0.24459 0.10083 0.076843 0.10385 0.018371 0.076883 0.029142 0.0034806 0.064356 0.06645 0.26967 0.40416 0.65982 0.094531 0.5221 0.39082 0.38898 -0.0051123 0.3462 0.19312 0.67318 -0.096472 -0.088262 0.14775 0.36499 0.30846 -0.074541 0.17186 0.5967 0.41438 0.166 0.49947 0.17764 -0.038666 0.41375 0.29617 0 0.090335 0.49097 -0.064196 -0.0067082 0.17096 0.35022 0.068322 0.24874 0.1988 0.61557 0.048884 0.4796 0.21781 0.31906 0.041985 0.31097 0.12679 0.67736 -0.098648 -0.11264 0.16324 0.3353 0.32405 -0.10659 0.18568 0.58367 0.36647 0.17935 0.46323 0.29231 -0.019353 0.24377 0.1722 0.93675 0.045416 0.42333 -0.053648 -0.034942 0.15647 0.30735
-0.15958 -0.094842 -0.063339 -0.0052771 0.011399 0.21204 0.22701 0.0087762 0.0088833 -0.12546 -0.14245 -0.08804 -0.026483 -0.010507 0.21109 0.19552 0.01572 0.022521 0.69088 0.070117 0.039817 0.19736 0.11062 0.34084 0.067026 0.1607 -0.0033117 0.19864 0.072763 0.22329 0.18552 0.35193 0.13835 0.18533 0.21598 0.0057611 0.20863 0.12328 0.3293 -0.054853 0.31752 0.030405 0.044445 -0.11273 0.14109 0.090335 0 0.099799 0.067724 0.22171 0.57614 0.33506 0.57941 0.06767 -0.090403 0.16278 0.07308 0.32367 -0.056588 0.093231 -0.04173 0.16688 0.022086 0.20254 0.11126 0.19037 0.15242 0.21961 0.10922 -0.055529 0.081086 0.061986 0.36616 -0.059123 0.32352 0.018764 0.052728 -0.16099 0.065301 0.10993 0.84888 0.072165 0.025356 0.19963 0.47722 0.28345
0.36313 0.25011 0.20196 0.26203 0.11009 -0.079771 -0.071152 -0.0018787 0.11896 0.40733 0.23435 0.19576 0.24154 0.085419 -0.09458 -0.074098 -0.028101 0.14191 0.22965 0.38502 0.49096 -0.00052694 0.064919 -0.013417 0.2458 0.43554 -0.16498 -0.10761 0.41878 0.033494 -0.30687 0.12991 -0.073824 0.32275 0.69529 0.21815 0.5706 0.12382 0.38262 0.36564 0.54008 0.068314 -0.066945 0.69017 0.5019 0.49097 0.099799 0 -0.083089 -0.0427 0.28063 0.5735 0.16307 0.36241 0.37791 -0.021377 0.020924 -0.070942 0.25387 0.27859 -0.17052 -0.077204 0.32201 0.011941 -0.28288 0.10778 -0.074415 0.26812 0.63722 0.22589 0.5212 0.12768 0.28173 0.32662 0.45613 0.10987 -0.036069 0.51028 0.40103 0.33808 0.077767 0.82683 -0.058906 -0.084548 0.21972 0.50895
-0.096974 -0.041219 -0.047787 -0.068611 -0.029941 0.057068 0.041531 -0.0042864 -0.028679 -0.01385 -0.079303 -0.083051 -0.086486 -0.038165 0.043891 0.04062 -0.014986 -0.031264 0.12064 -0.1255 0.039098 -0.032468 0.034781 0.068233 0.17467 0.028049 0.14852 0.0090643 -0.037183 -0.016529 0.28859 0.31485 0.059824 -0.057459 -0.056084 0.15684 0.04151 -0.058537 -0.0037338 -0.063 -0.047178 0.14579 0.050877 -0.12065 0.11705 -0.064196 0.067724 -0.083089 0 0.092848 -0.07094 -0.12535 0.03352 -0.14891 -0.086051 -0.025866 0.0076651 0.0596 0.011232 0.017142 0.08074 0.018313 -0.0983 -0.016467 0.16217 0.20452 0.037671 -0.048541 -0.1718 0.049352 -0.12518 -0.055506 0.01572 -0.14345 -0.067 0.022303 -0.0028235 -0.25589 -0.012113 -0.052985 0.056169 -0.19159 0.21077 0.091353 -0.039664 -0.14248
-0.065194 -0.051741 -0.047731 -0.018648 -0.021549 0.14912 0.13029 -0.00062242 -0.019909 -0.0036573 -0.070681 -0.067536 -0.045762 -0.010874 0.13488 0.10753 -0.012192 0.02546 0.16656 -0.038169 0.0013197 0.026875 0.10629 0.15584 0.096467 0.11869 0.053075 0.056215 0.04962 0.021856 0.18383 0.27499 0.093415 -0.0002894 0.00671 0.079301 0.038355 -0.015529 0.04997 -0.043463 0.021467 0.054746 0.045015 -0.093236 0.062381 -0.0067082 0.22171 -0.0427 0.092848 0 0.028903 0.026221 0.096122 -0.060494 -0.064316 0.017892 0.039224 0.13049 0.013625 0.090657 0.035895 0.049054 -0.031235 0.036054 0.13712 0.20511 0.06909 -0.0038029 -0.05344 0.01604 -0.029676 -0.026194 0.040989 -0.087769 0.0031573 0.017376 0.0084249 -0.15046 0.025403 -0.0097634 0.1913 -0.084945 0.090901 0.16682 0.016861 0.0092079
0.049028 0.17333 0.076065 0.1444 0.062796 0.10229 0.013124 0.046015 0.12403 0.040349 0.17016 0.072944 0.13786 0.077039 0.084524 0.0073738 0.044579 0.16758 0.13705 0.29747 -0.020288 0.19126 0.05071 0.11879 -0.005564 -0.0049152 0.10864 0.12731 0.13826 0.25744 0.023228 -0.08366 0.084506 0.3532 0.1265 -0.082536 0.01354 0.30846 0.47873 0.21078 0.41061 0.11809 0.15817 0.084637 0.17656 0.17096 0.57614 0.28063 -0.07094 0.028903 0 0.51076 0.22729 0.3088 -0.0037045 0.18594 0.039784 0.12015 0.010928 -0.0090957 0.094796 0.1102 0.14181 0.2255 0.04679 -0.058955 0.10095 0.3419 0.20156 -0.074761 0.10693 0.28414 0.44361 0.25519 0.40344 0.17231 0.16879 0.093475 0.19923 0.15757 0.5423 0.36026 -0.047986 -0.0059064 0.64547 0.47153
0.23948 0.29596 0.1918 0.35773 0.1431 0.071875 0.025933 0.087356 0.18965 0.22757 0.29088 0.19913 0.32965 0.12305 0.070977 0.01792 0.065494 0.19441 0.10894 0.57187 -0.03779 0.22576 0.10424 0.13107 -0.092376 0.10156 -0.044228 0.13346 0.33084 0.2603 -0.094205 -0.1826 0.029945 0.46549 0.39316 -0.11471 0.19625 0.35489 0.59367 0.35461 0.62799 0.047591 0.17954 0.26537 0.30973 0.35022 0.33506 0.5735 -0.12535 0.026221 0.51076 0 0.15931 0.54905 -0.02358 0.21342 0.060759 0.087129 -0.061758 0.06767 -0.01241 0.13144 0.32253 0.22914 -0.069879 -0.14962 0.041262 0.43727 0.49914 -0.088797 0.34031 0.34517 0.51826 0.40573 0.59878 0.14524 0.19888 0.26509 0.33326 0.30808 0.29439 0.63925 -0.12643 -0.027451 0.41389 0.76701
-0.052804 -0.1205 -0.033453 -0.019329 -0.010461 0.03371 0.090887 -0.020928 -0.033435 -0.15267 -0.13756 -0.034361 0.0072822 -0.019042 0.042371 0.10234 -0.010991 -0.0052217 0.62176 0.022225 0.031008 0.092913 0.017372 0.24622 0.030707 0.11121 -0.14035 0.15911 0.072702 0.095222 -0.039671 0.23291 0.026799 0.048549 0.23731 -0.0053658 0.25053 -0.002119 0.073166 -0.069079 0.13363 -0.054069 -0.087686 -0.024209 0.031609 0.068322 0.57941 0.16307 0.03352 0.096122 0.22729 0.15931 0 0.037357 0.13865 0.097429 0.031309 0.27519 0.13306 0.19253 -0.13677 0.11309 0.099197 0.091333 -0.029904 0.39803 0.035275 0.068643 0.36093 0.14148 0.42172 -0.032283 0.12674 -0.035011 0.19094 0.008563 -0.036902 0.019405 0.2186 0.071923 0.70107 0.1885 0.034075 0.16099 0.20248 0.14735
