0,0.337812811136246,0.267669767141342,0.275325089693069,0.0827182829380035,-0.00873907841742039,-0.0870257765054703,0.0602775327861309,0.208528593182564,0.724443435668945,0.412541151046753,0.352479845285416,0.289607107639313,0.111466929316521,-0.00101116264704615,-0.09352807700634,0.0421650782227516,0.262081921100616,-0.151016369462013,0.231603145599365,0.0564452782273293,-0.0253154523670673,0.0245221816003323,-0.0524035915732384,0.0664457976818085,0.139192596077919,0.10218246281147,0.0219625793397427,0.188656449317932,-0.00274834083393216,-0.147023811936378,-0.111529223620892,0.0111949723213911,0.114902444183826,0.085226446390152,-0.0573918074369431,0.0102234873920679,0.10327921807766,0.05736393481493,0.362331062555313,0.0686998888850212,0.191076919436455,0.0924332961440086,0.35332852602005,0.0383687578141689,0.180314838886261,-0.170409575104713,0.342071503400803,-0.0940760225057602,-0.0657305866479874,0.0247846320271492,0.221052899956703,-0.0318605378270149,0.268961787223816,0.401825964450836,-0.022222762927413,0.0331965908408165,-0.0752586722373962,0.356908321380615,0.239067599177361,0.19360014796257,0.00312275160104036,0.312556087970734,-0.0315008759498596,-0.0306700617074966,0.117425322532654,0.0252933837473392,0.132461100816727,0.372263967990875,0.188539296388626,0.285271435976028,0.119601838290691,0.0645817145705223,0.442466288805008,0.17402084171772,0.311749130487442,0.168663218617439,0.580013394355774,0.382660567760468,0.197894632816315,-0.124498903751373,0.516816020011902,-0.0030899471603334,-0.0838900879025459,0.0419987700879574,0.267113089561462
0.337812811136246,0,0.256142169237137,0.277992248535156,0.113202825188637,0.012817095965147,-0.0767925009131432,0.0738706663250923,0.224475204944611,0.353536516427994,0.498838424682617,0.272290498018265,0.262773424386978,0.100576162338257,-0.00500504113733768,-0.0931950286030769,0.0568782016634941,0.214715123176575,-0.101956225931644,0.267411261796951,0.0427313707768917,0.0834610685706139,0.018140772357583,-0.0462946556508541,0.0614603385329247,0.0491953194141388,0.14166097342968,0.0729627832770348,0.149299442768097,0.12591464817524,-0.0316989533603191,-0.108816772699356,0.0136098153889179,0.166707277297974,0.117850907146931,-0.0673217102885246,0.0121720191091299,0.226629629731178,0.130182057619095,0.337921589612961,0.116973951458931,0.191198095679283,0.160578653216362,0.216847032308578,0.167997300624847,0.123259246349335,-0.104892909526825,0.237214028835297,-0.0471406020224094,-0.0572883784770966,0.168789684772491,0.291360408067703,-0.112885989248753,0.26232498884201,0.0586925558745861,0.0832268968224525,0.0179671123623848,-0.0724217221140862,0.0615444295108318,-0.00231420202180743,0.131309226155281,0.0668786689639091,0.135996997356415,0.0852824226021767,-0.0145457861945033,-0.0921782255172729,-0.0148900803178549,0.103065975010395,0.162867277860641,-0.0374764278531075,0.0776677653193474,0.259737730026245,0.0780472680926323,0.318921446800232,0.0923613533377647,0.18286706507206,0.153367683291435,0.186008736491203,0.164498776197433,0.0630451589822769,-0.118347078561783,0.224392622709274,-0.0520029179751873,-0.0753150060772896,0.156554669141769,0.263583451509476
0.267669767141342,0.256142169237137,0,0.396644562482834,0.101190358400345,0.0323578864336014,-0.0162312015891075,0.149085015058517,0.144595250487328,0.287661403417587,0.275986343622208,0.586966395378113,0.384040683507919,0.0695237815380096,0.0277343261986971,-0.0321942232549191,0.119437381625175,0.15484419465065,-0.0273609887808561,0.205993875861168,0.115226112306118,0.000512145401444286,0.00911027286201715,-0.0396621897816658,0.025694752112031,0.0499093122780323,0.0804390013217926,-0.00393925607204437,0.196789160370827,0.022960864007473,-0.00819253269582987,-0.0740804821252823,-0.0261620730161667,0.0476346351206303,0.229894697666168,-0.0132461972534657,0.137052804231644,0.086288183927536,0.0060975132510066,0.205308139324188,0.0788276791572571,0.0875828713178635,0.170665308833122,0.252458542585373,0.200579077005386,0.0548421330749989,-0.0679692849516869,0.189491838216782,-0.051923643797636,-0.0494013838469982,0.0713529512286186,0.189083784818649,-0.0242868904024363,0.178689748048782,0.106366410851479,-0.0151995131745934,0.0343308486044407,-0.0633183345198631,0.0213500373065472,0.0220739785581827,0.0633421465754509,0.00345882889814675,0.164628699421883,-0.00583658087998629,-0.00191857060417533,-0.0809291303157806,-0.0144473547115922,0.0239189080893993,0.198093190789223,-0.0263984370976686,0.138771072030067,0.0965169295668602,-0.0187829621136189,0.201661005616188,0.0847729668021202,0.0750744044780731,0.123710229992867,0.172764495015144,0.157671526074409,0.00610161386430264,-0.0655813589692116,0.179488688707352,-0.0626908615231514,-0.0569616332650185,0.0843646749854088,0.175905078649521
0.275325089693069,0.277992248535156,0.396644562482834,0,0.192700982093811,0.0106728645041585,-0.00420257588848472,0.110643535852432,0.142535224556923,0.256121784448624,0.283277004957199,0.378667086362839,0.650034666061401,0.126116424798965,0.0065614846535027,-0.0155264940112829,0.0963083952665329,0.149176672101021,-0.0457379408180714,0.301699817180634,-0.0335562191903591,0.0339972153306007,0.0102840065956116,-0.0202460810542107,-0.0925001725554466,0.0114944130182266,0.00739794550463557,0.0193316321820021,0.14959391951561,0.0481563583016396,-0.0288812723010778,-0.158687144517899,-0.0228581465780735,0.1932452917099,0.182201310992241,-0.0933684185147285,0.0626453086733818,0.123300679028034,0.187772497534752,0.213035896420479,0.281002432107925,0.0363243110477924,0.129484176635742,0.155600994825363,0.170786961913109,0.115746363997459,-0.0153807122260332,0.253296077251434,-0.0672239661216736,-0.0221814606338739,0.135611161589622,0.35662853717804,-0.008201171644032,0.288506746292114,0.0108512751758099,0.0360888727009296,0.0118921417742968,-0.0374924577772617,-0.0521146506071091,-0.0184471271932125,0.0207812935113907,0.0238564852625132,0.153048172593117,0.0294460412114859,-0.025765897706151,-0.134412914514542,0.0070045767351985,0.155049413442612,0.263148307800293,-0.0638746246695518,0.152717307209969,0.141847893595695,0.11902192234993,0.249321281909943,0.26518326997757,0.0737287029623985,0.133301362395287,0.175390005111694,0.188082382082939,0.0903580337762833,-0.0324259474873543,0.30903023481369,-0.0675857067108154,-0.0575034506618977,0.129778146743774,0.350413173437119
0.0827182829380035,0.113202825188637,0.101190358400345,0.192700982093811,0,-0.0046079745516181,-0.0184880178421736,0.0198791734874249,0.0549250282347202,0.0934705436229706,0.103130541741848,0.110967189073563,0.165775820612907,0.0461221933364868,-0.0049619316123426,-0.0285210981965065,0.02137222699821,0.0614485591650009,-0.0147397546097636,0.106266111135483,-0.00253830687142909,0.00480144284665585,0.0109840175136924,-0.01067322678864,-0.021116254851222,0.00161721417680383,-0.00716830417513847,-0.0119381090626121,0.0706670880317688,0.00864913128316402,-0.0279083512723446,-0.035244807600975,-0.0114970942959189,0.0246835798025131,0.0708062648773193,0.0017191005172208,0.0517481379210949,0.051298163831234,0.0725275278091431,0.091777965426445,0.0893100425601006,0.00917879771441221,0.054237887263298,0.0697325840592384,0.0666539520025253,0.0136145669966936,0.0088720228523016,0.108134731650352,-0.0272959191352129,-0.0215477105230093,0.0630628243088722,0.144118204712868,-0.00514538213610649,0.113684386014938,-0.0200708638876677,-0.00125141744501889,-0.0122523969039321,-0.0314810387790203,-0.0385517776012421,-0.0131698865443468,-0.00615571672096848,-0.00422639213502407,0.061613742262125,-0.00424984516575933,-0.0229702517390251,-0.0457725860178471,-0.0188235677778721,0.0276858825236559,0.0868176147341728,-0.0101568680256605,0.0628864765167236,0.0525437816977501,0.0558294504880905,0.0775269865989685,0.0796608179807663,-0.000662295962683856,0.0277937240898609,0.0421843752264977,0.052359577268362,-0.00796770304441452,-0.00724883610382676,0.10480785369873,-0.0407804995775223,-0.0212295819073915,0.0464772693812847,0.129799842834473
-0.00873907841742039,0.012817095965147,0.0323578864336014,0.0106728645041585,-0.0046079745516181,0,0.169143185019493,0.0212929472327232,0.088446207344532,0.0562284104526043,-0.000198022462427616,0.0237721018493176,0.00406964123249054,-0.0165543202310801,0.443094700574875,0.172458574175835,0.0430298298597336,0.0728041380643845,0.0629425942897797,0.0421482473611832,0.145655497908592,0.100941896438599,0.137223303318024,0.222525984048843,0.243602350354195,0.124135129153728,0.34417587518692,0.125397995114326,0.0834794268012047,0.125548288226128,0.307144641876221,0.210174307227135,0.281035721302032,0.0808093473315239,-0.0362877361476421,0.0164974052459002,-0.0256382208317518,0.0884977802634239,0.0971052795648575,0.0985715910792351,0.0605325326323509,0.273237198591232,0.23245669901371,-0.00273373420350254,0.174167782068253,0.0792815759778023,0.214272633194923,-0.0750702098011971,0.0574541203677654,0.153263792395592,0.116489835083485,0.0819483622908592,0.0234060883522034,0.0303735118359327,0.0114405024796724,0.0800561904907227,0.0872240513563156,0.210014060139656,0.133588120341301,0.0937885418534279,0.293803155422211,0.127567872405052,0.0178419351577759,0.11282180249691,0.28401243686676,0.140853151679039,0.237977907061577,0.072848916053772,-0.11515586823225,-0.0523941591382027,-0.089283712208271,0.0655419304966927,0.102584011852741,0.0407476015388966,0.0530977100133896,0.231490150094032,0.159038916230202,-0.0860025435686111,0.0810540616512299,0.0443287640810013,0.183207884430885,-0.104918539524078,0.0581460222601891,0.123614527285099,0.10265900939703,0.054431077092886
-0.0870257765054703,-0.0767925009131432,-0.0162312015891075,-0.00420257588848472,-0.0184880178421736,0.169143185019493,0,-0.00885443575680256,-0.00568847917020321,-0.0372012965381145,-0.101294726133347,-0.0407610088586807,-0.0247964020818472,-0.0261363014578819,0.175623819231987,0.252154678106308,-0.00835095904767513,-0.0286539327353239,0.14629065990448,-0.0356542468070984,0.047969214618206,0.0276036392897367,0.0745269060134888,0.175128787755966,0.06252421438694,0.127709686756134,0.00337113556452096,0.0679103657603264,0.0149474246427417,0.04023078083992,0.165511429309845,0.163555070757866,0.0724546536803246,0.0221362430602312,0.0203381069004536,0.071195624768734,0.0687675923109055,-0.00777430180460215,0.0561124086380005,-0.120978578925133,0.0712596774101257,-0.0343331582844257,0.00151967140845954,-0.127989903092384,0.0565730966627598,0.0256520807743073,0.228189900517464,-0.0646032989025116,0.0428943261504173,0.131708934903145,0.0173729509115219,0.029503557831049,0.0875499248504639,-0.0474148541688919,-0.0632661208510399,0.0187674462795258,0.0290075168013573,0.152760177850723,-0.0336628891527653,0.0749107673764229,-0.0250412654131651,0.0559084005653858,-0.0220310427248478,0.0366925820708275,0.0926276296377182,0.0868974626064301,0.0569056086242199,0.02560562081635,-0.0566975958645344,-0.0199587363749743,-0.0253648441284895,-0.0262997765094042,0.0597391165792942,-0.136360555887222,0.0681077986955643,-0.055279016494751,-0.0199722852557898,-0.18547610938549,-0.0216254480183125,0.0315118096768856,0.186463177204132,-0.120762974023819,0.0289937742054462,0.109467104077339,0.00304421782493591,-0.000210089609026909
0.0602775327861309,0.0738706663250923,0.149085015058517,0.110643535852432,0.0198791734874249,0.0212929472327232,-0.00885443575680256,0,0.0539454109966755,0.0392913185060024,0.0784672126173973,0.131215989589691,0.106419771909714,0.0159580502659082,0.0340878032147884,0.00194264145102352,0.109807394444942,0.0653687790036201,-0.0342426635324955,0.0927492082118988,-0.0600245334208012,0.024880537763238,0.000162734650075436,-0.00629594270139933,-0.0417132712900639,-0.0220469422638416,0.0580118969082832,0.0186670087277889,0.0283796302974224,0.013283159583807,0.0686253607273102,-0.0572410337626934,0.0239255167543888,0.049491822719574,-0.026135578751564,-0.0832841545343399,-0.0753492638468742,0.0486979559063911,0.0241422187536955,0.0719806626439095,0.0161004476249218,0.048485029488802,0.121227517724037,-0.000781478185672313,0.0134286982938647,0.0118944626301527,0.00630765687674284,0.00242540333420038,-0.003827472217381,-0.000102350488305092,0.0481618866324425,0.0896180048584938,-0.0226668156683445,0.0786554217338562,-0.0417625606060028,0.0274781677871943,-0.00447670929133892,0.00234218267723918,-0.0211534313857555,0.00530450139194727,0.0709436908364296,0.034115519374609,0.0334132313728333,0.00577010167762637,0.0671334937214851,-0.0403103604912758,0.0116127617657185,0.0480119623243809,0.00286797876469791,-0.0841889679431915,-0.0140682803466916,0.0554978102445602,0.0154452035203576,0.0798685476183891,0.0352292582392693,0.0604016222059727,0.101767212152481,0.0204075537621975,0.036031186580658,0.0112746357917786,0.0147550720721483,0.0569946244359016,-0.0148829240351915,0.000341272912919521,0.0597607418894768,0.0916235148906708
0.208528593182564,0.224475204944611,0.144595250487328,0.142535224556923,0.0549250282347202,0.088446207344532,-0.00568847917020321,0.0539454109966755,0,0.221958726644516,0.23231965303421,0.133768826723099,0.136995211243629,0.0520259439945221,0.0738235786557198,-0.0211618226021528,0.0488305911421776,0.200296059250832,-0.0407739542424679,0.168056860566139,0.007228116504848,0.0661592185497284,0.0184188149869442,0.00889408960938454,0.0326621159911156,0.00843031145632267,0.131185546517372,0.0213209483772516,0.0809021070599556,0.0973732694983482,0.023442730307579,-0.0512099750339985,0.0669409334659576,0.118869423866272,0.039981909096241,-0.0589248575270176,-0.0116628166288137,0.171224400401115,0.0959102958440781,0.193431198596954,0.070611298084259,0.153895005583763,0.140059068799019,0.100522637367249,0.0810936912894249,0.0534736402332783,0.00389870884828269,0.114493042230606,-0.0294651817530394,-0.0207510013133287,0.126331269741058,0.186680495738983,-0.029342407360673,0.173631742596626,0.0423674508929253,0.0606500841677189,0.0289190523326397,-0.00900816917419434,0.0577156655490398,0.0175224393606186,0.146631270647049,0.0138871548697352,0.0935599952936172,0.0867117792367935,0.0602475926280022,-0.0114915920421481,0.0377694182097912,0.0734822377562523,0.0851201787590981,-0.0334594659507275,0.0408769696950912,0.177133530378342,0.0752605274319649,0.186023026704788,0.06618482619524,0.172742962837219,0.139827191829681,0.104015477001667,0.124101646244526,0.0223309751600027,0.00137093954253942,0.148550719022751,-0.0352367088198662,-0.0055812606588006,0.126497477293015,0.176210299134254
0.724443435668945,0.353536516427994,0.287661403417587,0.256121784448624,0.0934705436229706,0.0562284104526043,-0.0372012965381145,0.0392913185060024,0.221958726644516,0,0.3238864839077,0.280449718236923,0.215989023447037,0.100386269390583,0.0466331802308559,-0.0509810596704483,0.0326402597129345,0.229339256882668,-0.0679618194699287,0.225013703107834,0.250426143407822,0.0039049363695085,0.0476325713098049,-0.0749905034899712,0.209213599562645,0.228814497590065,0.149469807744026,-0.0620912909507751,0.20179308950901,0.00859764125198126,-0.0156481452286243,0.0465100407600403,0.042483139783144,0.189280763268471,0.217097118496895,0.0882593020796776,0.176757425069809,0.116176106035709,0.258280783891678,0.305254101753235,0.264935284852982,0.235799849033356,0.0827013477683067,0.446973502635956,0.266402184963226,0.248397842049599,-0.119600489735603,0.382613480091095,-0.0173381362110376,-0.00812105927616358,0.0323556326329708,0.219721436500549,-0.142498061060905,0.166258066892624,0.126413032412529,-0.0057077188976109,0.0254577323794365,-0.0957986190915108,0.11173328012228,0.116536237299442,0.105089634656906,-0.034741435199976,0.0956780165433884,0.000686919200234115,-0.0199696775525808,0.00377934123389423,0.0249999463558197,0.127066567540169,0.131254717707634,0.0287783853709698,0.0431357212364674,0.1315937936306,0.146791979670525,0.258545756340027,0.157735228538513,0.153649672865868,0.0553096570074558,0.229997128248215,0.0873920172452927,0.0895307958126068,-0.109072051942348,0.317131459712982,-0.0362502560019493,-0.0558621399104595,0.0475310571491718,0.180963829159737
0.412541151046753,0.498838424682617,0.275986343622208,0.283277004957199,0.103130541741848,-0.000198022462427616,-0.101294726133347,0.0784672126173973,0.23231965303421,0.3238864839077,0,0.329874098300934,0.310827106237411,0.115906722843647,-0.00997283402830362,-0.10778946429491,0.095925509929657,0.254600435495377,-0.180794104933739,0.295494765043259,-0.0183484554290771,0.0676911175251007,0.0181201063096523,-0.0645804703235626,0.0147793097421527,-0.0138053148984909,0.148661583662033,0.0573802813887596,0.132321462035179,0.109320536255836,-0.0573016665875912,-0.184832736849785,0.0146005004644394,0.118780687451363,0.0340676605701447,-0.142213806509972,-0.0600584447383881,0.231811195611954,0.0563666857779026,0.349695175886154,0.0662452578544617,0.197279334068298,0.188609808683395,0.192657887935638,0.0847090035676956,0.0863924324512482,-0.154802232980728,0.221276983618736,-0.0829030722379684,-0.0760975256562233,0.168207705020905,0.285316377878189,-0.132175743579865,0.307272970676422,0.142130181193352,0.0796677023172379,0.0082826241850853,-0.0944481119513512,0.14422270655632,-0.00273655424825847,0.195622146129608,0.0345153138041496,0.189679712057114,0.0709815844893456,-0.00367496744729578,-0.0654380843043327,0.00752785196527839,0.129556939005852,0.237740188837051,-0.00921502709388733,0.150455102324486,0.268860727548599,0.0406470261514187,0.400452136993408,0.107860252261162,0.261052012443542,0.204664707183838,0.300071716308594,0.263578683137894,0.0684194564819336,-0.133973181247711,0.309609562158585,-0.0403549186885357,-0.103525519371033,0.17216831445694,0.304131418466568
0.352479845285416,0.272290498018265,0.586966395378113,0.378667086362839,0.110967189073563,0.0237721018493176,-0.0407610088586807,0.131215989589691,0.133768826723099,0.280449718236923,0.329874098300934,0,0.404817581176758,0.0853300467133522,0.0256398990750313,-0.0314640700817108,0.146243780851364,0.154403269290924,-0.0700779557228088,0.210133403539658,0.0607326254248619,-0.0264491681009531,-0.00674793776124716,-0.0554606169462204,-0.00463046366348863,0.0277617853134871,0.0850967615842819,0.00662446767091751,0.189443141222,0.00202895305119455,-0.0444650165736675,-0.1344363540411,-0.029250280931592,0.0327313728630543,0.19309464097023,-0.0481776893138885,0.109276063740253,0.0847544819116592,0.00200253841467202,0.228173807263374,0.0609189495444298,0.0691525116562843,0.17383000254631,0.224864229559898,0.123071350157261,0.068577378988266,-0.093459390103817,0.184629485011101,-0.0806816220283508,-0.0668899342417717,0.0665390193462372,0.191865801811218,-0.0233755186200142,0.237692072987556,0.176798284053802,-0.0494300983846188,0.0237541366368532,-0.0761179476976395,0.0763714760541916,0.0525496453046799,0.0857749953866005,-0.0115910656750202,0.236422806978226,-0.02568762563169,0.000508894154336303,-0.0531998910009861,0.00462259957566857,0.0376459658145905,0.275209039449692,0.0463754795491695,0.224294573068619,0.0949854180216789,-0.0488363765180111,0.264604210853577,0.0769959539175034,0.116261683404446,0.184061631560326,0.274627327919006,0.227528467774391,0.026805754750967,-0.0866133794188499,0.237025931477547,-0.0555072650313377,-0.0555685088038445,0.0608152151107788,0.214701399207115
0.289607107639313,0.262773424386978,0.384040683507919,0.650034666061401,0.165775820612907,0.00406964123249054,-0.0247964020818472,0.106419771909714,0.136995211243629,0.215989023447037,0.310827106237411,0.404817581176758,0,0.146826729178429,0.00730513036251068,-0.00811012368649244,0.117648497223854,0.159298971295357,-0.0494745709002018,0.277459889650345,-0.0413368456065655,0.0296724960207939,0.0154398828744888,-0.0261491499841213,-0.0962986424565315,-0.00187955854926258,-0.0057989377528429,0.0398580469191074,0.139815092086792,0.0420523881912231,-0.0662674009799957,-0.167910441756248,-0.0244356673210859,0.165577039122581,0.153281211853027,-0.109833262860775,0.0487466119229794,0.12270437926054,0.118927717208862,0.221050649881363,0.223556399345398,0.0204984359443188,0.115318469703197,0.132336378097534,0.131245344877243,0.098835825920105,-0.0361581183969975,0.232046350836754,-0.0828178524971008,-0.0470224171876907,0.129929974675179,0.32697057723999,0.0179441198706627,0.294451177120209,0.02071762830019,0.023938462138176,0.0153792249038815,-0.0230256002396345,-0.0442713014781475,0.0206409692764282,0.00662609469145536,0.0363913327455521,0.188733071088791,0.0245442744344473,-0.0385188870131969,-0.123158432543278,-0.00388332456350327,0.157838866114616,0.292685180902481,-0.0457969158887863,0.187825560569763,0.140014156699181,0.117362596094608,0.252221167087555,0.289952307939529,0.0716032981872559,0.130200162529945,0.193533360958099,0.198840066790581,0.0918122604489326,-0.00279394187964499,0.32334566116333,-0.0871796309947968,-0.0505488030612469,0.130303606390953,0.380720555782318
0.111466929316521,0.100576162338257,0.0695237815380096,0.126116424798965,0.0461221933364868,-0.0165543202310801,-0.0261363014578819,0.0159580502659082,0.0520259439945221,0.100386269390583,0.115906722843647,0.0853300467133522,0.146826729178429,0,-0.00776965916156769,-0.0275608040392399,0.00828237552195787,0.0928790122270584,-0.0230506472289562,0.133507162332535,-0.0401085466146469,0.0170799195766449,0.0105329491198063,-0.0191530659794807,-0.0268169213086367,-0.0215431470423937,0.0145203173160553,-0.0115915155038238,0.0331076346337795,0.0202753748744726,-0.0315346345305443,-0.0576935932040215,0.000405040540499613,0.0589408576488495,0.0253107286989689,-0.0458593368530273,-0.00920702517032623,0.0605554729700089,0.0657249465584755,0.090740792453289,0.0683909431099892,0.04215282574296,0.0565956979990005,0.0440039001405239,0.0518287532031536,0.0188531167805195,-0.012786122970283,0.0853625535964966,-0.0422672443091869,-0.0129382880404592,0.0769058987498283,0.125436469912529,-0.0128208976238966,0.108270473778248,0.00052823027363047,0.019201559945941,0.00381308258511126,-0.0207589380443096,-0.00469319941475987,-0.0140153206884861,0.0282860621809959,-0.0111993160098791,0.0317161493003368,0.0230940021574497,-0.011049541644752,-0.0331369377672672,-0.00462536839768291,0.0698275193572044,0.0790310725569725,-0.0363522879779339,0.055451575666666,0.0751221403479576,0.0682250633835793,0.0927530154585838,0.0872093066573143,0.0504134111106396,0.0707445368170738,0.0645434781908989,0.0943163111805916,0.00694319978356361,-0.0123303309082985,0.119846537709236,-0.0271768141537905,-0.0264901295304298,0.0669665709137917,0.136804923415184
-0.00101116264704615,-0.00500504113733768,0.0277343261986971,0.0065614846535027,-0.0049619316123426,0.443094700574875,0.175623819231987,0.0340878032147884,0.0738235786557198,0.0466331802308559,-0.00997283402830362,0.0256398990750313,0.00730513036251068,-0.00776965916156769,0,0.21771214902401,0.039861012250185,0.0703254342079163,0.0491770505905151,0.0375612378120422,0.130957022309303,0.0863407999277115,0.111740544438362,0.233194708824158,0.22741861641407,0.126486584544182,0.326889008283615,0.121699415147305,0.0863385573029518,0.105487741529942,0.313980966806412,0.179235264658928,0.279629200696945,0.0816188082098961,-0.0422832034528255,-0.0150742884725332,-0.0497964583337307,0.0703969299793243,0.083894394338131,0.0789028331637383,0.0612247996032238,0.258896112442017,0.242610245943069,-0.0265900529921055,0.158736407756805,0.0715494602918625,0.212259128689766,-0.0896823853254318,0.0459666736423969,0.135185390710831,0.0988037064671516,0.0837759599089622,0.033416997641325,0.0441457331180573,0.0564968772232533,0.0755099654197693,0.106313794851303,0.224785044789314,0.16245698928833,0.133505970239639,0.308852523565292,0.106921829283237,0.0572373084723949,0.0994882881641388,0.277949750423431,0.162752002477646,0.281320780515671,0.0690552219748497,-0.0860690176486969,-0.0495263934135437,-0.0678560435771942,0.0592591241002083,0.111369110643864,0.0653939619660378,0.0531870126724243,0.252696961164474,0.178910002112389,-0.0629608035087585,0.105613268911839,0.0627724155783653,0.206297233700752,-0.0837715342640877,0.0430535860359669,0.141874343156815,0.102170445024967,0.0808386653661728
-0.09352807700634,-0.0931950286030769,-0.0321942232549191,-0.0155264940112829,-0.0285210981965065,0.172458574175835,0.252154678106308,0.00194264145102352,-0.0211618226021528,-0.0509810596704483,-0.10778946429491,-0.0314640700817108,-0.00811012368649244,-0.0275608040392399,0.21771214902401,0,0.0151406843215227,-0.00498510850593448,0.112275958061218,-0.0332540981471539,0.0426687560975552,0.0249746739864349,0.0752237066626549,0.164968892931938,0.0430869571864605,0.116288416087627,-0.00298053259029984,0.0240002535283566,0.0146953631192446,0.0298337209969759,0.13710954785347,0.123514041304588,0.0950902476906776,0.0260005164891481,0.00323100527748466,0.0388483218848705,0.0439151152968407,-0.0475928075611591,0.0426977090537548,-0.106847248971462,0.0704979598522186,-0.0276133920997381,0.00725200399756432,-0.111311264336109,0.0387095622718334,0.0272945780307055,0.198126465082169,-0.0686264261603355,0.0416258350014687,0.106107823550701,0.0150343058630824,0.026761882007122,0.0995438396930695,-0.0334086455404758,-0.0228430349379778,0.0148574281483889,0.0438037067651749,0.173842772841454,-0.00602928968146443,0.119213834404945,-0.0183740574866533,0.0188914630562067,-0.00123986543621868,0.0256381388753653,0.103027150034904,0.0917642712593079,0.101115122437477,0.0268586985766888,-0.0202312991023064,-0.00891060475260019,0.0123634142801166,-0.056773129850626,0.0593157298862934,-0.124842271208763,0.0738478153944016,-0.041693951934576,-0.0242838673293591,-0.140491455793381,-0.00934367161244154,0.0347623415291309,0.206880763173103,-0.0841788500547409,0.0289728939533234,0.129691675305367,0.00475936103612185,0.0239263921976089
0.0421650782227516,0.0568782016634941,0.119437381625175,0.0963083952665329,0.02137222699821,0.0430298298597336,-0.00835095904767513,0.109807394444942,0.0488305911421776,0.0326402597129345,0.095925509929657,0.146243780851364,0.117648497223854,0.00828237552195787,0.039861012250185,0.0151406843215227,0,0.0675201416015625,-0.0246186330914497,0.0911667868494987,-0.0491100139915943,0.0300680976361036,0.0162608101963997,-0.00380097818560898,-0.0172030422836542,-0.0331079177558422,0.0789784863591194,0.0296875908970833,0.0189691055566072,0.032275877892971,0.0542048178613186,-0.0677534565329552,0.00996815226972103,0.030909962952137,-0.0208177771419287,-0.0797263085842133,-0.0618532821536064,0.0465053990483284,0.00734503054991364,0.0658093765377998,-0.0027492051012814,0.0717540755867958,0.123174548149109,-0.0108059672638774,0.0197040531784296,0.00554985832422972,0.0126921180635691,-0.0258998442441225,-0.0136476326733828,-0.0131151890382171,0.0432259626686573,0.0638474598526955,-0.0156839247792959,0.0770932883024216,-0.0392895936965942,0.0298831127583981,0.0086668161675334,0.0181014835834503,-0.0214470494538546,-0.0135270031169057,0.0683411061763763,0.0260284133255482,0.0258836541324854,0.0227585975080729,0.049738023430109,-0.0395181626081467,0.023984756320715,0.0347490273416042,-0.00974163226783276,-0.102070286870003,-0.0274200867861509,0.0493153221905231,-0.00302094616927207,0.0714792832732201,0.00155282916966826,0.0718482360243797,0.116105914115906,0.0179907325655222,0.0158014446496964,0.0058216848410666,0.0197306293994188,0.0193131938576698,-0.016938965767622,-0.00220672064460814,0.0491115376353264,0.0703010931611061
0.262081921100616,0.214715123176575,0.15484419465065,0.149176672101021,0.0614485591650009,0.0728041380643845,-0.0286539327353239,0.0653687790036201,0.200296059250832,0.229339256882668,0.254600435495377,0.154403269290924,0.159298971295357,0.0928790122270584,0.0703254342079163,-0.00498510850593448,0.0675201416015625,0,-0.0544188283383846,0.166541546583176,0.0342652872204781,0.0539382845163345,0.0431957319378853,0.0152083039283752,0.0587801411747932,0.0328913405537605,0.122300244867802,0.0220056474208832,0.0937991142272949,0.0918888226151466,0.0175049491226673,-0.0257111918181181,0.0715376287698746,0.0926351547241211,0.0304544512182474,-0.051986213773489,-0.003987533506006,0.163323193788528,0.0802223160862923,0.187779322266579,0.0654459893703461,0.157445400953293,0.136336177587509,0.112714260816574,0.0832764804363251,0.0609945692121983,0.0188931040465832,0.138492152094841,-0.0344897210597992,0.0266456492245197,0.168956458568573,0.194797664880753,-0.00226830667816103,0.183835729956627,0.0973660498857498,0.064990296959877,0.0260090660303831,0.0120362192392349,0.105971768498421,0.0381325855851173,0.149710118770599,0.0248701777309179,0.117668271064758,0.083129808306694,0.0663559585809708,0.0208181962370872,0.0596840232610703,0.110977329313755,0.117983050644398,0.0105834463611245,0.0853393226861954,0.180235922336578,0.077203057706356,0.203783288598061,0.0868385508656502,0.191612064838409,0.142521098256111,0.148820549249649,0.164056867361069,0.0557609386742115,0.026592917740345,0.174359619617462,0.00190967554226518,0.000784409989137203,0.139316216111183,0.215902149677277
-0.151016369462013,-0.101956225931644,-0.0273609887808561,-0.0457379408180714,-0.0147397546097636,0.0629425942897797,0.14629065990448,-0.0342426635324955,-0.0407739542424679,-0.0679618194699287,-0.180794104933739,-0.0700779557228088,-0.0494745709002018,-0.0230506472289562,0.0491770505905151,0.112275958061218,-0.0246186330914497,-0.0544188283383846,0,-0.0233024451881647,0.222194105386734,0.053121343255043,0.0396124832332134,0.254110097885132,0.180871367454529,0.257300168275833,-0.165108919143677,0.0799992829561234,0.0780198350548744,0.0802604779601097,0.00730233872309327,0.547902345657349,0.00172928220126778,0.00419079279527068,0.495780229568481,0.205031931400299,0.553775131702423,-0.0202536080032587,0.0854170992970467,-0.0897410288453102,0.187682256102562,-0.0593581534922123,-0.135747015476227,0.0140895461663604,0.186635389924049,0.0829917266964912,0.726742386817932,0.24423860013485,0.106222033500671,0.15666726231575,0.182979613542557,0.144057080149651,0.662395715713501,-0.0353665836155415,0.0385396629571915,0.0329674482345581,0.0205522049218416,0.212817266583443,0.0186429284512997,0.180502384901047,-0.199815899133682,0.0846232771873474,0.0192416440695524,0.0734494030475616,-0.0648229569196701,0.315729796886444,0.0240941550582647,0.0191553011536598,0.23521026968956,0.150479406118393,0.269847303628922,-0.0539453960955143,0.128872439265251,-0.155362144112587,0.142765358090401,-0.121555790305138,-0.112933799624443,-0.0893315523862839,0.0352129302918911,0.0597113706171513,0.621636033058167,0.0702622011303902,0.0520198382437229,0.160721808671951,0.183673530817032,0.112280361354351
0.231603145599365,0.267411261796951,0.205993875861168,0.301699817180634,0.106266111135483,0.0421482473611832,-0.0356542468070984,0.0927492082118988,0.168056860566139,0.225013703107834,0.295494765043259,0.210133403539658,0.277459889650345,0.133507162332535,0.0375612378120422,-0.0332540981471539,0.0911667868494987,0.166541546583176,-0.0233024451881647,0,-0.114810973405838,0.178706675767899,0.051240187138319,0.0302789863198996,-0.118328273296356,-0.019065223634243,0.00741311442106962,0.0329349897801876,0.214520648121834,0.198483943939209,-0.0944346487522125,-0.270627230405807,0.00888605229556561,0.392800360918045,0.208513393998146,-0.224531054496765,0.0188071820884943,0.289649993181229,0.332137227058411,0.424161702394485,0.405468314886093,0.0914715975522995,0.276368737220764,0.256048500537872,0.333048492670059,0.274045288562775,0.0664047077298164,0.390622347593307,-0.128397822380066,-0.0462192595005035,0.297991812229156,0.574293315410614,0.0423655658960342,0.597166419029236,-0.108177654445171,0.190322622656822,0.011174825951457,0.014394904486835,-0.114116966724396,0.00278836279176176,0.0528970286250114,0.0445786528289318,0.187085524201393,0.174064412713051,-0.0454090312123299,-0.237375855445862,0.0269860178232193,0.372727572917938,0.313709318637848,-0.23685909807682,0.120617307722569,0.289333790540695,0.287344217300415,0.44761648774147,0.40509507060051,0.154685601592064,0.276133239269257,0.240393400192261,0.303756594657898,0.22851924598217,0.0638603568077087,0.475511878728867,-0.159385174512863,-0.0845203772187233,0.248856246471405,0.562582492828369
0.0564452782273293,0.0427313707768917,0.115226112306118,-0.0335562191903591,-0.00253830687142909,0.145655497908592,0.047969214618206,-0.0600245334208012,0.007228116504848,0.250426143407822,-0.0183484554290771,0.0607326254248619,-0.0413368456065655,-0.0401085466146469,0.130957022309303,0.0426687560975552,-0.0491100139915943,0.0342652872204781,0.222194105386734,-0.114810973405838,0,-0.135056480765343,0.0685477927327156,0.186246261000633,0.721983313560486,0.562610983848572,0.203456774353981,-0.0692198500037193,0.274907350540161,-0.0840481147170067,0.115555554628372,0.488624185323715,0.167230561375618,-0.0784920156002045,0.553334534168243,0.451324135065079,0.534337818622589,-0.117974139750004,-0.00952864252030849,0.103506579995155,0.124334715306759,0.322614550590515,-0.0411003902554512,0.704804658889771,0.410456955432892,0.380113244056702,0.0659256502985954,0.450173735618591,0.0318113155663013,0.0107320472598076,-0.0139526147395372,-0.0462899915874004,0.0363601855933666,-0.117735430598259,0.665964484214783,-0.189576372504234,0.0608826875686646,0.100949726998806,0.538108229637146,0.300205796957016,0.0736548453569412,-0.0394361279904842,0.0975492894649506,-0.0798826739192009,0.0571897029876709,0.322369903326035,0.122275732457638,-0.0722139701247215,0.252308875322342,0.349277377128601,0.215453669428825,-0.12277740240097,-0.00124543835408986,-0.0126926619559526,0.042528074234724,0.177874967455864,-0.114334039390087,0.290940195322037,0.104058772325516,0.164652138948441,0.0467378161847591,0.0818547457456589,0.0819382667541504,0.0217705462127924,-0.00707640172913671,-0.0983160808682442
-0.0253154523670673,0.0834610685706139,0.000512145401444286,0.0339972153306007,0.00480144284665585,0.100941896438599,0.0276036392897367,0.024880537763238,0.0661592185497284,0.0039049363695085,0.0676911175251007,-0.0264491681009531,0.0296724960207939,0.0170799195766449,0.0863407999277115,0.0249746739864349,0.0300680976361036,0.0539382845163345,0.053121343255043,0.178706675767899,-0.135056480765343,0,0.0173038132488728,0.348523378372192,0.0628973990678787,-0.137555092573166,0.13197135925293,0.265762954950333,0.0411041751503944,0.920991063117981,0.0118751432746649,-0.141490966081619,0.159833416342735,0.362522214651108,-0.064888633787632,-0.181664898991585,-0.127667605876923,0.881717503070831,0.318728268146515,0.0853562280535698,0.298945218324661,0.281336784362793,0.0734389424324036,-0.0256229639053345,0.0932954251766205,0.644790291786194,0.18962749838829,0.0236706286668777,-0.0346556603908539,0.0169635005295277,0.210994079709053,0.243418753147125,0.0955718904733658,0.168712437152863,-0.241158351302147,0.973087906837463,0.00630741659551859,0.393499672412872,-0.0503159575164318,-0.0696519762277603,0.163960471749306,0.333190113306046,-0.0101514542475343,0.910593211650848,-0.00816698838025331,-0.181294813752174,0.174617856740952,0.340930104255676,-0.0859032049775124,-0.2458406239748,-0.146355956792831,0.844160079956055,0.362959355115891,0.0854863971471786,0.319094628095627,0.309997886419296,0.0858242213726044,-0.0861364230513573,0.00838543009012938,0.590944945812225,0.168721184134483,0.0674493610858917,-0.0745330899953842,0.0153834251686931,0.175832107663155,0.217801854014397
0.0245221816003323,0.018140772357583,0.00911027286201715,0.0102840065956116,0.0109840175136924,0.137223303318024,0.0745269060134888,0.000162734650075436,0.0184188149869442,0.0476325713098049,0.0181201063096523,-0.00674793776124716,0.0154398828744888,0.0105329491198063,0.111740544438362,0.0752237066626549,0.0162608101963997,0.0431957319378853,0.0396124832332134,0.051240187138319,0.0685477927327156,0.0173038132488728,0,0.162073343992233,0.110879942774773,0.141609862446785,0.0618616864085197,0.036907747387886,0.0963525921106339,0.0413618870079517,0.0947003588080406,0.106809638440609,0.101661168038845,0.0305348206311464,0.0654287189245224,0.0389730781316757,0.0685648545622826,0.0247954297810793,0.0465075485408306,0.0444025509059429,0.0567098371684551,0.0481965467333794,0.0620166845619678,0.041419755667448,0.0696868300437927,0.0858940929174423,0.106865584850311,0.0621996037662029,0.0318503379821777,0.105049535632133,0.0507606156170368,0.100228324532509,0.0199790969491005,0.0246547814458609,0.0393769256770611,0.00579036446288228,0.0548211112618446,0.131947726011276,0.0784515142440796,0.116169817745686,0.0634177848696709,0.0265159104019403,0.0619150288403034,0.0401115044951439,0.0874172449111938,0.0768144428730011,0.0867068693041801,0.00887736864387989,0.0547040738165379,0.0165805742144585,0.0471554808318615,0.0164799373596907,0.0368966907262802,0.0351529940962791,0.0476135313510895,0.0630413144826889,0.0342525951564312,-0.00458258483558893,0.0497176311910152,0.0725412294268608,0.078888364136219,0.038627602159977,0.0203115493059158,0.0510363541543484,0.0306047592312098,0.0911082029342651
-0.0524035915732384,-0.0462946556508541,-0.0396621897816658,-0.0202460810542107,-0.01067322678864,0.222525984048843,0.175128787755966,-0.00629594270139933,0.00889408960938454,-0.0749905034899712,-0.0645804703235626,-0.0554606169462204,-0.0261491499841213,-0.0191530659794807,0.233194708824158,0.164968892931938,-0.00380097818560898,0.0152083039283752,0.254110097885132,0.0302789863198996,0.186246261000633,0.348523378372192,0.162073343992233,0,0.330030560493469,0.344731032848358,0.0878771021962166,0.546995043754578,0.0998414382338524,0.533393979072571,0.176611110568047,0.202079236507416,0.336934477090836,0.109120391309261,0.12820091843605,0.0341186001896858,0.0984960496425629,0.313794583082199,0.104830347001553,-0.0478585138916969,0.151495009660721,0.11738058924675,0.0436985529959202,-0.0164669100195169,0.0951100215315819,0.508326292037964,0.333651781082153,0.0058613158762455,0.0683137327432632,0.150291010737419,0.122450619935989,0.140755102038383,0.248424544930458,0.0494038425385952,0.0554075166583061,0.317884594202042,0.105950020253658,0.813431262969971,0.209226042032242,0.355224221944809,0.0917501896619797,0.508862495422363,0.0741818249225616,0.533639132976532,0.139655143022537,0.19467668235302,0.357683658599854,0.119762368500233,0.118015415966511,-0.0241596046835184,0.137935414910316,0.242938101291656,0.153520002961159,-0.0329603031277657,0.187420234084129,0.167810544371605,0.0421716421842575,-0.0663993954658508,0.0638339966535568,0.512995362281799,0.270493239164352,0.00417463481426239,0.0461550541222095,0.136587411165237,0.0968180224299431,0.105111412703991
