0 0.32786 0.26512 0.28131 0.089083 -0.0086253 -0.090265 0.059382 0.20786 0.71927 0.40948 0.35643 0.29676 0.1152 0.0017318 -0.096561 0.040147 0.26391 -0.15539 0.23568 0.057909 -0.026549 0.021907 -0.057853 0.054727 0.13609 0.08724 0.02737 0.18414 -0.0023963 -0.16006 -0.11601 0.013366 0.13279 0.088383 -0.070345 0.012159 0.11271 0.071411 0.3632 0.08377 0.17894 0.089325 0.36133 0.025624 0.18208 -0.17935 0.35501 -0.10637 -0.064511 0.03248 0.23058 -0.034807 0.27633 0.41772 -0.02175 0.035097 -0.078992 0.36585 0.25201 0.18767 0.0042652 0.32031 -0.034638 -0.033798 0.12382 0.022779 0.14469 0.39572 0.19521 0.30153 0.1322 0.072982 0.45206 0.18983 0.31352 0.17339 0.59416 0.3939 0.19605 -0.12328 0.53832 -0.0078343 -0.085015 0.048847 0.28372
0.32786 0 0.24106 0.26635 0.11204 0.014969 -0.077648 0.071226 0.22021 0.34542 0.48933 0.25825 0.25191 0.096482 -0.0025463 -0.094878 0.055301 0.20918 -0.10999 0.25762 0.040314 0.093082 0.019054 -0.053207 0.059088 0.040571 0.13981 0.079785 0.13907 0.13239 -0.033125 -0.11231 0.014109 0.18494 0.10364 -0.071939 0.0039491 0.23024 0.14443 0.32925 0.12523 0.18969 0.1565 0.20892 0.15591 0.1313 -0.11205 0.23014 -0.049243 -0.055559 0.16577 0.28692 -0.11892 0.24889 0.061034 0.092455 0.014068 -0.073791 0.064288 -0.0041611 0.13245 0.072823 0.12668 0.088714 -0.014941 -0.09304 -0.015519 0.11637 0.15174 -0.035798 0.07068 0.26345 0.092497 0.31178 0.10408 0.18526 0.14647 0.18192 0.16089 0.070133 -0.11797 0.22294 -0.053902 -0.074496 0.15287 0.26213
0.26512 0.24106 0 0.39497 0.10779 0.035658 -0.017617 0.14656 0.14128 0.28329 0.26715 0.57847 0.38146 0.066695 0.034027 -0.027888 0.11856 0.15344 -0.031295 0.20012 0.11752 0.0025837 0.011989 -0.035892 0.031773 0.048805 0.081289 0.0096008 0.18923 0.025091 -0.0082818 -0.069855 -0.024399 0.056516 0.22566 -0.011248 0.13743 0.090283 0.015563 0.19899 0.082125 0.083 0.16974 0.24801 0.19193 0.06212 -0.069556 0.18188 -0.05261 -0.045993 0.069757 0.18348 -0.026528 0.17212 0.11309 -0.013066 0.033862 -0.05854 0.030102 0.028115 0.066647 0.01235 0.16332 -0.0056386 0.00073688 -0.074971 -0.015353 0.029708 0.19722 -0.022234 0.13896 0.098661 -0.0060312 0.19787 0.091875 0.076565 0.12101 0.17356 0.15596 0.01053 -0.064067 0.17927 -0.063988 -0.053354 0.080119 0.17425
0.28131 0.26635 0.39497 0 0.20122 0.012674 -0.008028 0.10891 0.1392 0.26101 0.27655 0.37951 0.64599 0.12519 0.0093435 -0.014628 0.096638 0.1477 -0.05678 0.29495 -0.031804 0.032495 0.01071 -0.02309 -0.088031 0.014336 0.0086393 0.024977 0.14582 0.046459 -0.030113 -0.15673 -0.021149 0.19713 0.17308 -0.091034 0.062985 0.12619 0.18896 0.21161 0.27701 0.036393 0.12844 0.15632 0.15889 0.11576 -0.029017 0.24323 -0.070577 -0.018727 0.12654 0.3465 -0.017235 0.2782 0.01942 0.034162 0.011437 -0.037013 -0.043938 -0.012504 0.025776 0.028237 0.15336 0.026124 -0.022448 -0.13063 0.0095366 0.15743 0.25886 -0.057797 0.15375 0.14322 0.12283 0.24873 0.26386 0.078229 0.13321 0.17898 0.18397 0.089763 -0.039935 0.30553 -0.065677 -0.057429 0.12375 0.34723
0.089083 0.11204 0.10779 0.20122 0 -0.0032436 -0.020318 0.021527 0.056737 0.099591 0.10448 0.11821 0.17408 0.044603 -0.0028962 -0.027172 0.023939 0.062426 -0.016362 0.10732 0.0014407 0.0013502 0.010693 -0.01286 -0.018345 0.0038587 -0.005658 -0.0096885 0.070988 0.004853 -0.026561 -0.03409 -0.010764 0.024439 0.071931 0.004546 0.053401 0.049647 0.074805 0.092011 0.089877 0.010805 0.056963 0.072209 0.065561 0.014091 0.0066183 0.10825 -0.028717 -0.020739 0.06271 0.14351 -0.0063018 0.11144 -0.014556 -0.0051924 -0.01361 -0.034289 -0.035009 -0.010258 -0.0033589 -0.0030629 0.06578 -0.0084501 -0.019541 -0.044177 -0.018598 0.028777 0.087084 -0.0067747 0.065735 0.051692 0.056188 0.078324 0.080973 0.0018718 0.02744 0.045573 0.052317 -0.0083519 -0.0081384 0.10615 -0.039957 -0.025544 0.046859 0.13117
-0.0086253 0.014969 0.035658 0.012674 -0.0032436 0 0.16423 0.022035 0.086476 0.05707 -0.0016283 0.024257 0.0029553 -0.016261 0.43134 0.1662 0.039298 0.068927 0.068764 0.043971 0.14979 0.099849 0.13242 0.2201 0.24429 0.12635 0.33804 0.12651 0.088384 0.12544 0.29464 0.20746 0.27395 0.069585 -0.028308 0.025228 -0.01732 0.087434 0.086817 0.1003 0.055855 0.27028 0.22686 0.0024796 0.17677 0.080818 0.21965 -0.06757 0.055117 0.15035 0.11857 0.082328 0.031819 0.026603 0.012077 0.078188 0.089114 0.21255 0.12916 0.089541 0.28494 0.13262 0.016957 0.11462 0.27045 0.13709 0.23349 0.066337 -0.11016 -0.049125 -0.088135 0.064303 0.093508 0.03785 0.050166 0.2227 0.15388 -0.087107 0.077426 0.04582 0.18563 -0.1037 0.049592 0.12119 0.10003 0.050735
-0.090265 -0.077648 -0.017617 -0.008028 -0.020318 0.16423 0 -0.0091353 -0.0075478 -0.041164 -0.10267 -0.042334 -0.02826 -0.023305 0.17174 0.25018 -0.010662 -0.032025 0.15389 -0.039204 0.049834 0.028697 0.074178 0.18037 0.070753 0.13196 0.0020545 0.068547 0.018923 0.038488 0.16513 0.16721 0.069473 0.012211 0.025314 0.079678 0.074233 -0.013993 0.049211 -0.12014 0.065326 -0.032114 0.0012613 -0.12473 0.064279 0.030272 0.23517 -0.060218 0.045987 0.13387 0.016985 0.029054 0.092328 -0.049938 -0.061817 0.018608 0.026213 0.15789 -0.03242 0.073393 -0.028871 0.059453 -0.02151 0.035387 0.088373 0.088254 0.056069 0.018272 -0.056716 -0.017498 -0.025139 -0.033213 0.052907 -0.13701 0.065505 -0.057809 -0.02132 -0.18766 -0.020896 0.035824 0.18826 -0.12514 0.027986 0.10974 0.0032275 -0.0048536
0.059382 0.071226 0.14656 0.10891 0.021527 0.022035 -0.0091353 0 0.053232 0.038196 0.074561 0.13022 0.10582 0.01481 0.034639 0.0033814 0.10861 0.065858 -0.034265 0.090355 -0.058937 0.022679 -0.00040501 -0.0094604 -0.046238 -0.022369 0.053753 0.019015 0.023288 0.011464 0.065543 -0.059347 0.023298 0.047818 -0.024666 -0.083632 -0.07419 0.047407 0.024145 0.06904 0.016538 0.042894 0.117 -0.00098313 0.0088589 0.0087995 0.0048903 0.0014129 -0.0057472 0.001283 0.044422 0.086215 -0.020456 0.073384 -0.038922 0.024937 -0.0026777 -0.0011806 -0.022486 0.0042997 0.066611 0.032671 0.03229 0.0042833 0.063191 -0.041367 0.010164 0.046483 0.0027781 -0.084989 -0.012353 0.05391 0.015939 0.077042 0.036716 0.056202 0.098254 0.019765 0.031925 0.0090943 0.013917 0.057466 -0.017644 0.0032188 0.056139 0.090608
0.20786 0.22021 0.14128 0.1392 0.056737 0.086476 -0.0075478 0.053232 0 0.22096 0.22909 0.12975 0.13394 0.047789 0.071103 -0.021106 0.052282 0.19794 -0.047499 0.16356 0.0054599 0.067923 0.016333 0.0032734 0.029678 0.0082439 0.12724 0.022462 0.076001 0.097012 0.01998 -0.054134 0.06466 0.12814 0.034471 -0.062523 -0.016146 0.1708 0.10104 0.18989 0.076566 0.1513 0.1333 0.1008 0.073113 0.057245 -0.0021275 0.11406 -0.030148 -0.019044 0.12227 0.18186 -0.034231 0.17056 0.044301 0.06121 0.027922 -0.01334 0.058045 0.019345 0.14602 0.016384 0.089299 0.084391 0.058312 -0.013509 0.033911 0.079323 0.084755 -0.034105 0.0378 0.17796 0.076991 0.18476 0.071084 0.17306 0.13568 0.10667 0.12255 0.024265 -0.0011596 0.15199 -0.03795 -0.0060232 0.12177 0.17476
0.71927 0.34542 0.28329 0.26101 0.099591 0.05707 -0.041164 0.038196 0.22096 0 0.31814 0.28011 0.2204 0.099568 0.05045 -0.053274 0.031508 0.23006 -0.070982 0.23205 0.25588 0.0067813 0.049322 -0.080007 0.20727 0.2276 0.14121 -0.055787 0.20194 0.01343 -0.022701 0.050085 0.043415 0.20146 0.2264 0.092948 0.18993 0.12772 0.27199 0.30938 0.28537 0.22736 0.081545 0.45107 0.27022 0.25616 -0.12817 0.39196 -0.027016 -0.003549 0.036476 0.23304 -0.14424 0.17438 0.13092 -0.0012259 0.027992 -0.091237 0.11543 0.13054 0.097259 -0.028349 0.10202 0.0043586 -0.023805 0.003532 0.028745 0.13864 0.15085 0.035742 0.054559 0.1448 0.15846 0.26564 0.17912 0.14492 0.051252 0.23513 0.092697 0.099183 -0.1052 0.34012 -0.04585 -0.059558 0.055959 0.19838
0.40948 0.48933 0.26715 0.27655 0.10448 -0.0016283 -0.10267 0.074561 0.22909 0.31814 0 0.32078 0.3016 0.11085 -0.012515 -0.10852 0.093882 0.25101 -0.19306 0.28837 -0.022252 0.072364 0.014188 -0.07193 0.0064812 -0.023658 0.14047 0.065575 0.11964 0.11148 -0.066205 -0.1954 0.011686 0.13549 0.023293 -0.15076 -0.067967 0.23484 0.067184 0.34282 0.073627 0.19132 0.18343 0.19014 0.069523 0.093413 -0.16778 0.21613 -0.08997 -0.076201 0.16647 0.27964 -0.14167 0.29936 0.1494 0.083086 0.0051768 -0.098559 0.14727 -0.0024076 0.1957 0.040736 0.18377 0.070683 -0.008439 -0.070342 0.0040071 0.142 0.23482 -0.010635 0.14705 0.27418 0.048971 0.39593 0.11621 0.26452 0.20168 0.30544 0.26146 0.072026 -0.13844 0.31379 -0.041381 -0.10341 0.16817 0.30338
0.35643 0.25825 0.57847 0.37951 0.11821 0.024257 -0.042334 0.13022 0.12975 0.28011 0.32078 0 0.40913 0.085692 0.026858 -0.027665 0.1464 0.15475 -0.074161 0.20675 0.062162 -0.025498 -0.0073007 -0.054888 -0.0022086 0.029127 0.078599 0.019073 0.18277 0.0016194 -0.049706 -0.13439 -0.030374 0.042354 0.1931 -0.048077 0.1118 0.087477 0.012519 0.22179 0.066685 0.06102 0.16857 0.22529 0.11109 0.077749 -0.097725 0.18178 -0.084979 -0.066536 0.063473 0.19102 -0.024407 0.2334 0.18445 -0.049541 0.021583 -0.073197 0.083074 0.060751 0.086123 -0.0019014 0.23345 -0.027891 -0.00068189 -0.050134 0.0066995 0.044927 0.282 0.049988 0.23047 0.09527 -0.037532 0.26526 0.087524 0.11705 0.18177 0.2821 0.22698 0.033916 -0.085216 0.24529 -0.056167 -0.053627 0.058698 0.21755
0.29676 0.25191 0.38146 0.64599 0.17408 0.0029553 -0.02826 0.10582 0.13394 0.2204 0.3016 0.40913 0 0.14527 0.0092626 -0.0060292 0.11778 0.15804 -0.061083 0.26803 -0.035978 0.029482 0.014675 -0.027509 -0.089665 0.00089371 -0.0025959 0.048335 0.13436 0.040478 -0.066614 -0.16379 -0.021242 0.16451 0.14393 -0.10552 0.04919 0.12296 0.1125 0.21965 0.21203 0.021271 0.11284 0.13381 0.11899 0.10071 -0.054036 0.22126 -0.085683 -0.045021 0.11586 0.31427 0.0054273 0.28361 0.033141 0.022953 0.013721 -0.025001 -0.031091 0.029908 0.014176 0.042933 0.18741 0.019548 -0.034851 -0.11562 -0.0023985 0.15563 0.28688 -0.03899 0.18701 0.14154 0.11471 0.25342 0.2829 0.07793 0.13141 0.19987 0.19345 0.092818 -0.01248 0.31859 -0.087008 -0.048453 0.1213 0.37321
0.1152 0.096482 0.066695 0.12519 0.044603 -0.016261 -0.023305 0.01481 0.047789 0.099568 0.11085 0.085692 0.14527 0 -0.0099125 -0.027772 0.0051053 0.093598 -0.024874 0.13274 -0.040774 0.01512 0.011025 -0.022182 -0.02737 -0.01944 0.012357 -0.010365 0.031228 0.01631 -0.029967 -0.058147 0.00029614 0.062036 0.024633 -0.043907 -0.0092011 0.057924 0.063671 0.087494 0.068011 0.038661 0.058162 0.043737 0.049552 0.017166 -0.017843 0.081738 -0.040578 -0.011929 0.07357 0.12208 -0.016553 0.10666 0.0054755 0.014782 0.0018394 -0.023605 -0.0010412 -0.010038 0.028594 -0.01246 0.031656 0.017545 -0.00804 -0.030558 -0.0055031 0.071763 0.080514 -0.032185 0.059392 0.071756 0.068711 0.091579 0.089367 0.050034 0.07286 0.068817 0.094984 0.0050192 -0.014308 0.12081 -0.027182 -0.026395 0.06388 0.13633
0.0017318 -0.0025463 0.034027 0.0093435 -0.0028962 0.43134 0.17174 0.034639 0.071103 0.05045 -0.012515 0.026858 0.0092626 -0.0099125 0 0.21191 0.041811 0.06728 0.050952 0.040807 0.13678 0.08582 0.10751 0.22842 0.22695 0.12824 0.32083 0.12333 0.094617 0.10452 0.30197 0.17437 0.27141 0.0688 -0.033521 -0.0093826 -0.042297 0.069773 0.072305 0.085002 0.056729 0.25716 0.23659 -0.016591 0.16246 0.074426 0.21318 -0.081845 0.04179 0.13045 0.098489 0.082364 0.037972 0.043354 0.061829 0.074638 0.10073 0.22453 0.16048 0.13246 0.29887 0.11141 0.060224 0.098576 0.26443 0.15592 0.27454 0.059075 -0.078368 -0.045772 -0.066541 0.059676 0.10054 0.065003 0.050792 0.24588 0.1757 -0.059193 0.10496 0.066635 0.20437 -0.079769 0.03091 0.1402 0.10064 0.07832
-0.096561 -0.094878 -0.027888 -0.014628 -0.027172 0.1662 0.25018 0.0033814 -0.021106 -0.053274 -0.10852 -0.027665 -0.0060292 -0.027772 0.21191 0 0.016468 -0.0069111 0.11594 -0.03206 0.045934 0.027622 0.072292 0.1696 0.048777 0.11933 -0.0073699 0.024003 0.020464 0.032958 0.13534 0.12517 0.093919 0.013791 0.011129 0.043689 0.050509 -0.050029 0.034841 -0.10598 0.067004 -0.02691 0.007771 -0.10674 0.046561 0.034024 0.20395 -0.064472 0.041858 0.10684 0.016073 0.028864 0.10334 -0.036011 -0.020441 0.015934 0.040802 0.17857 -0.0064204 0.11679 -0.027578 0.021924 0.0011885 0.028315 0.098597 0.088598 0.099517 0.018547 -0.017426 -0.0098557 0.013253 -0.060057 0.052467 -0.12539 0.072197 -0.047536 -0.025103 -0.14111 -0.009077 0.042052 0.20977 -0.08601 0.027096 0.13254 0.0039136 0.023703
0.040147 0.055301 0.11856 0.096638 0.023939 0.039298 -0.010662 0.10861 0.052282 0.031508 0.093882 0.1464 0.11778 0.0051053 0.041811 0.016468 0 0.069695 -0.02328 0.08932 -0.04891 0.029631 0.016676 -0.0055254 -0.018425 -0.035755 0.078518 0.031153 0.017709 0.031778 0.05587 -0.066572 0.0095537 0.032551 -0.019642 -0.078318 -0.060417 0.046828 0.0058249 0.065014 -0.0050668 0.070866 0.12256 -0.012737 0.018468 0.0024238 0.012241 -0.029103 -0.014005 -0.014346 0.041506 0.060824 -0.011436 0.076831 -0.035808 0.029842 0.0077393 0.017103 -0.020328 -0.015126 0.068767 0.026323 0.024732 0.020751 0.047924 -0.037097 0.022744 0.037062 -0.010147 -0.10245 -0.02373 0.049932 -0.0034234 0.072208 0.0005185 0.071769 0.11504 0.017448 0.017279 0.0029424 0.023131 0.017586 -0.017131 -0.003003 0.046461 0.070901
0.26391 0.20918 0.15344 0.1477 0.062426 0.068927 -0.032025 0.065858 0.19794 0.23006 0.25101 0.15475 0.15804 0.093598 0.06728 -0.0069111 0.069695 0 -0.061791 0.16533 0.0356 0.050661 0.037974 0.010374 0.058848 0.030797 0.12009 0.02534 0.090238 0.089932 0.013947 -0.028261 0.070321 0.09919 0.024656 -0.053386 -0.0081434 0.16265 0.081515 0.18535 0.065892 0.15504 0.13267 0.11647 0.078551 0.061017 0.0083443 0.13439 -0.036207 0.028051 0.16582 0.19042 -0.0084595 0.18085 0.10481 0.061775 0.026121 0.0092298 0.11045 0.041754 0.14842 0.028009 0.11651 0.078567 0.064581 0.020125 0.056445 0.11654 0.11905 0.013701 0.085089 0.18048 0.074774 0.20248 0.087852 0.1924 0.14039 0.15308 0.16539 0.055403 0.021918 0.17608 -0.0012688 0.0015584 0.13423 0.21454
-0.15539 -0.10999 -0.031295 -0.05678 -0.016362 0.068764 0.15389 -0.034265 -0.047499 -0.070982 -0.19306 -0.074161 -0.061083 -0.024874 0.050952 0.11594 -0.02328 -0.061791 0 -0.044543 0.2355 0.034177 0.043166 0.26083 0.2049 0.27546 -0.16933 0.079402 0.080197 0.064788 0.01845 0.5697 0.00082319 -0.026797 0.50547 0.2285 0.55575 -0.043371 0.053925 -0.10566 0.15811 -0.070082 -0.13846 0.015784 0.1945 0.082176 0.73475 0.24483 0.11656 0.15769 0.16767 0.12271 0.65853 -0.050042 0.042605 0.016762 0.020924 0.21777 0.028878 0.19204 -0.20835 0.081162 0.014425 0.058037 -0.059057 0.32836 0.023615 -0.0080804 0.23335 0.16621 0.26701 -0.079132 0.096478 -0.17153 0.11903 -0.14457 -0.12195 -0.097404 0.029969 0.053418 0.61648 0.042803 0.062355 0.16492 0.16908 0.086278
0.23568 0.25762 0.20012 0.29495 0.10732 0.043971 -0.039204 0.090355 0.16356 0.23205 0.28837 0.20675 0.26803 0.13274 0.040807 -0.03206 0.08932 0.16533 -0.044543 0 -0.11156 0.1691 0.0518 0.020895 -0.11243 -0.014053 0.012355 0.033527 0.20633 0.193 -0.091064 -0.27364 0.011706 0.40489 0.19649 -0.21915 0.010042 0.28577 0.33397 0.41443 0.40423 0.094514 0.28049 0.26145 0.31706 0.26969 0.042985 0.36984 -0.12931 -0.042844 0.28571 0.56385 0.023459 0.5817 -0.095568 0.18286 0.0083539 0.0069018 -0.099529 0.0098199 0.061469 0.037149 0.18513 0.16414 -0.036711 -0.24006 0.029947 0.37872 0.30199 -0.23684 0.1199 0.28672 0.28632 0.44135 0.40144 0.16802 0.27756 0.24923 0.29866 0.22062 0.049028 0.46728 -0.15713 -0.082118 0.23931 0.5569
0.057909 0.040314 0.11752 -0.031804 0.0014407 0.14979 0.049834 -0.058937 0.0054599 0.25588 -0.022252 0.062162 -0.035978 -0.040774 0.13678 0.045934 -0.04891 0.0356 0.2355 -0.11156 0 -0.14161 0.067345 0.18895 0.71696 0.55752 0.20046 -0.050294 0.27545 -0.087853 0.11421 0.48547 0.16559 -0.095538 0.54566 0.46553 0.54251 -0.12785 -0.020499 0.10822 0.11644 0.31294 -0.041679 0.69674 0.4077 0.38325 0.071566 0.45197 0.024104 0.010273 -0.017116 -0.047617 0.036538 -0.11326 0.65091 -0.19192 0.062802 0.11259 0.5217 0.3103 0.063522 -0.016066 0.094941 -0.084077 0.056548 0.31513 0.12149 -0.081246 0.24907 0.36675 0.20028 -0.13463 -0.0066037 -0.01397 0.044384 0.15351 -0.11633 0.27122 0.087085 0.16451 0.056516 0.08144 0.067322 0.021694 -0.0041461 -0.10432
-0.026549 0.093082 0.0025837 0.032495 0.0013502 0.099849 0.028697 0.022679 0.067923 0.0067813 0.072364 -0.025498 0.029482 0.01512 0.08582 0.027622 0.029631 0.050661 0.034177 0.1691 -0.14161 0 0.018664 0.31781 0.047971 -0.13769 0.12998 0.24099 0.039294 0.91721 0.013882 -0.15328 0.15205 0.37455 -0.07045 -0.17757 -0.13636 0.87483 0.31818 0.084364 0.29526 0.28475 0.074098 -0.019673 0.08543 0.63532 0.17887 0.024394 -0.031432 0.013668 0.20489 0.2369 0.078382 0.15422 -0.24028 0.97306 0.004941 0.36487 -0.065164 -0.083712 0.1584 0.30999 -0.0099813 0.90637 -0.010128 -0.1913 0.16099 0.34411 -0.1019 -0.24878 -0.1492 0.83718 0.36677 0.079231 0.31056 0.31288 0.082665 -0.085748 0.00026803 0.58303 0.16609 0.06155 -0.071149 0.016426 0.17347 0.21514
0.021907 0.019054 0.011989 0.01071 0.010693 0.13242 0.074178 -0.00040501 0.016333 0.049322 0.014188 -0.0073007 0.014675 0.011025 0.10751 0.072292 0.016676 0.037974 0.043166 0.0518 0.067345 0.018664 0 0.15745 0.10985 0.14181 0.057221 0.033354 0.094594 0.042295 0.090548 0.10642 0.095409 0.0311 0.065276 0.039544 0.068963 0.02425 0.047159 0.040491 0.05649 0.042725 0.05893 0.042807 0.070111 0.0883 0.10845 0.062693 0.030562 0.10255 0.049841 0.1 0.018884 0.022834 0.036742 0.0068556 0.051055 0.12908 0.073356 0.11286 0.055318 0.024101 0.05808 0.040819 0.082583 0.072257 0.079938 0.0075186 0.053304 0.014544 0.040824 0.015167 0.036373 0.032543 0.047786 0.057357 0.031791 -0.0052484 0.045506 0.07316 0.079498 0.035913 0.015965 0.050135 0.028038 0.088311
-0.057853 -0.053207 -0.035892 -0.02309 -0.01286 0.2201 0.18037 -0.0094604 0.0032734 -0.080007 -0.07193 -0.054888 -0.027509 -0.022182 0.22842 0.1696 -0.0055254 0.010374 0.26083 0.020895 0.18895 0.31781 0.15745 0 0.32495 0.35521 0.073412 0.54324 0.10566 0.50979 0.17348 0.20304 0.32643 0.098491 0.13628 0.046486 0.10212 0.27621 0.090582 -0.052455 0.14159 0.10173 0.041242 -0.011042 0.096321 0.49674 0.34327 0.013657 0.06467 0.14962 0.11716 0.13761 0.24589 0.040934 0.058335 0.28728 0.10733 0.81043 0.20065 0.35461 0.071732 0.50548 0.078462 0.50722 0.13578 0.19148 0.34499 0.10765 0.11367 -0.019962 0.13633 0.19834 0.14397 -0.040595 0.17813 0.14437 0.03747 -0.066452 0.056309 0.49461 0.27597 -0.0029157 0.045159 0.13792 0.089579 0.099755
0.054727 0.059088 0.031773 -0.088031 -0.018345 0.24429 0.070753 -0.046238 0.029678 0.20727 0.0064812 -0.0022086 -0.089665 -0.02737 0.22695 0.048777 -0.018425 0.058848 0.2049 -0.11243 0.71696 0.047971 0.10985 0.32495 0 0.51073 0.53391 0.073212 0.17894 0.10395 0.30688 0.63244 0.41231 -0.034997 0.24025 0.3552 0.2513 0.0080663 -0.063649 0.20733 -0.099624 0.69752 0.1145 0.52426 0.36682 0.36854 0.10766 0.24132 0.15194 0.10886 0.0077939 -0.08169 0.04518 -0.12267 0.49808 -0.029237 0.067269 0.23469 0.74211 0.31459 0.4121 0.073058 0.043171 0.090331 0.25647 0.5219 0.33105 -0.041098 0.051807 0.23645 0.074841 -0.010973 -0.060728 0.062266 -0.12061 0.5149 0.037225 0.15681 0.15844 0.1659 0.079346 -0.0024424 0.20435 0.13098 0.019556 -0.12871
0.13609 0.040571 0.048805 0.014336 0.0038587 0.12635 0.13196 -0.022369 0.0082439 0.2276 -0.023658 0.029127 0.00089371 -0.01944 0.12824 0.11933 -0.035755 0.030797 0.27546 -0.014053 0.55752 -0.13769 0.14181 0.35521 0.51073 0 -0.013103 0.091519 0.24617 -0.077819 0.066369 0.45693 0.11426 -0.038096 0.43901 0.39062 0.4728 -0.12745 0.019293 0.034314 0.13963 -0.025186 -0.077681 0.39725 0.22351 0.3806 0.18375 0.43499 0.019065 0.12307 -0.00025743 0.098122 0.1331 -0.011645 0.3329 -0.16977 0.091095 0.26355 0.32267 0.56467 -0.10862 0.054225 0.13796 -0.076394 -0.010752 0.3078 0.053589 -0.049863 0.26886 0.25493 0.31398 -0.14858 -0.0026716 -0.0059151 0.074845 -0.060578 -0.1059 0.12445 0.032345 0.26237 0.1382 0.21252 0.036653 0.08837 0.0037102 0.045651
0.08724 0.13981 0.081289 0.0086393 -0.005658 0.33804 0.0020545 0.053753 0.12724 0.14121 0.14047 0.078599 -0.0025959 0.012357 0.32083 -0.0073699 0.078518 0.12009 -0.16933 0.012355 0.20046 0.12998 0.057221 0.073412 0.53391 -0.013103 0 0.026618 0.045838 0.12559 0.49352 0.21406 0.38868 0.078623 -0.22834 -0.042948 -0.24754 0.15448 0.047752 0.41187 -0.12944 0.81125 0.45942 0.098042 0.25373 -0.01071 -0.003397 -0.15231 0.12632 0.045826 0.12285 -0.028431 -0.15646 0.0092204 0.079906 0.089775 0.05825 0.06089 0.34028 -0.048742 0.76335 0.052684 -0.029026 0.11366 0.45229 0.21232 0.31036 0.058302 -0.30427 -0.11484 -0.26877 0.17934 0.060055 0.27349 -0.12478 0.70524 0.3309 -0.041912 0.17447 -0.10438 0.013905 -0.19346 0.11218 0.058604 0.09931 -0.055961
0.02737 0.079785 0.0096008 0.024977 -0.0096885 0.12651 0.068547 0.019015 0.022462 -0.055787 0.065575 0.019073 0.048335 -0.010365 0.12333 0.024003 0.031153 0.02534 0.079402 0.033527 -0.050294 0.24099 0.033354 0.54324 0.073212 0.091519 0.026618 0 0.054969 0.42138 0.10434 0.025191 0.050685 0.05691 0.00355 -0.003056 0.015911 0.34218 0.014209 0.029828 0.070568 -0.017752 0.074974 -0.085754 -0.014787 0.29642 0.16843 -0.10593 0.016322 0.052485 0.12307 0.11362 0.15052 0.068956 -0.040608 0.24697 0.027095 0.55775 0.032207 0.16547 0.027906 0.95207 0.089573 0.34907 0.077455 0.063858 0.08322 0.055515 0.099007 -0.0084369 0.10279 0.32866 0.090534 0.039229 0.13958 0.022826 0.073664 -0.051183 0.019222 0.35219 0.13741 0.012418 0.031987 0.048431 0.1004 0.12048
0.18414 0.13907 0.18923 0.14582 0.070988 0.088384 0.018923 0.023288 0.076001 0.20194 0.11964 0.18277 0.13436 0.031228 0.094617 0.020464 0.017709 0.090238 0.080197 0.20633 0.27545 0.039294 0.094594 0.10566 0.17894 0.24617 0.045838 0.054969 0 0.053835 0.058355 0.08249 0.059774 0.069756 0.42319 0.29137 0.46819 0.097283 0.038525 0.25688 0.12705 0.094338 0.204 0.43499 0.2896 0.19035 0.075521 0.39442 -0.033534 0.052405 0.12938 0.32449 0.087481 0.19443 0.22401 0.020978 0.052805 0.07457 0.15265 0.16568 -0.0020249 0.051827 0.39279 0.042128 0.053632 0.068684 0.020208 0.044233 0.3654 0.23216 0.42502 0.085419 0.039974 0.19287 0.112 0.073891 0.15699 0.26467 0.2212 0.085941 0.071204 0.27591 0.0029365 0.00019497 0.12038 0.30777
-0.0023963 0.13239 0.025091 0.046459 0.004853 0.12544 0.038488 0.011464 0.097012 0.01343 0.11148 0.0016194 0.040478 0.01631 0.10452 0.032958 0.031778 0.089932 0.064788 0.193 -0.087853 0.91721 0.042295 0.50979 0.10395 -0.077819 0.12559 0.42138 0.053835 0 0.032277 -0.13367 0.21826 0.38184 -0.032349 -0.16383 -0.079273 0.91226 0.34324 0.10968 0.29637 0.25112 0.084124 -0.0097051 0.079562 0.65721 0.2105 0.063706 -0.020434 0.01113 0.27519 0.27977 0.085141 0.17027 -0.16754 0.90821 0.014081 0.52104 0.00094636 -0.0017442 0.15926 0.46307 0.03349 0.9267 0.0054844 -0.14269 0.23048 0.34288 -0.013865 -0.20684 -0.06296 0.87291 0.38508 0.11425 0.31941 0.30435 0.088517 -0.058831 0.0246 0.62507 0.18612 0.13621 -0.05005 0.00035945 0.23555 0.25814
-0.16006 -0.033125 -0.0082818 -0.030113 -0.026561 0.29464 0.16513 0.065543 0.01998 -0.022701 -0.066205 -0.049706 -0.066614 -0.029967 0.30197 0.13534 0.05587 0.013947 0.01845 -0.091064 0.11421 0.013882 0.090548 0.17348 0.30688 0.066369 0.49352 0.10434 0.058355 0.032277 0 0.36774 0.27017 -0.019969 -0.15912 0.079512 -0.094141 -0.0034945 0.012319 -0.016872 -0.067765 0.38948 0.38824 -0.2085 0.26174 -0.092741 0.19224 -0.29245 0.26874 0.17868 0.030429 -0.079001 -0.043308 -0.11676 -0.14381 -0.0012904 0.037548 0.17922 0.057227 0.015016 0.36109 0.12842 -0.091269 0.029217 0.54405 0.23485 0.21738 -0.023659 -0.34227 -0.098875 -0.26942 -0.017157 0.035669 -0.12646 -0.089262 0.21144 0.21753 -0.38406 0.030057 -0.11693 0.15462 -0.35216 0.21007 0.16571 0.025297 -0.11782
-0.11601 -0.11231 -0.069855 -0.15673 -0.03409 0.20746 0.16721 -0.059347 -0.054134 0.050085 -0.1954 -0.13439 -0.16379 -0.058147 0.17437 0.12517 -0.066572 -0.028261 0.5697 -0.27364 0.48547 -0.15328 0.10642 0.20304 0.63244 0.45693 0.21406 0.025191 0.08249 -0.13367 0.36774 0 0.14933 -0.21916 0.21985 0.58693 0.36999 -0.20675 -0.13216 -0.086689 -0.14555 0.24871 -0.0094046 0.037559 0.35918 -0.10989 0.38652 0.11748 0.30957 0.27864 -0.080149 -0.19835 0.23715 -0.28358 0.18984 -0.20206 0.073194 0.14961 0.31374 0.28114 0.048883 0.033094 -0.05792 -0.11438 0.19562 0.74023 0.087344 -0.20039 -0.10481 0.39209 -0.0039134 -0.22997 -0.11017 -0.22763 -0.19008 -0.014809 -0.11008 -0.23565 0.052447 -0.1456 0.27936 -0.21266 0.31673 0.26775 -0.056116 -0.2239
0.013366 0.014109 -0.024399 -0.021149 -0.010764 0.27395 0.069473 0.023298 0.06466 0.043415 0.011686 -0.030374 -0.021242 0.00029614 0.27141 0.093919 0.0095537 0.070321 0.00082319 0.011706 0.16559 0.15205 0.095409 0.32643 0.41231 0.11426 0.38868 0.050685 0.059774 0.21826 0.27017 0.14933 0 0.10432 -0.047439 -0.027127 -0.07562 0.1311 0.057614 0.068548 -0.024882 0.44394 0.21085 0.06788 0.14644 0.13895 0.14694 -0.059593 0.050403 0.092781 0.093707 0.04386 0.033823 0.0041702 0.12188 0.11894 0.068633 0.27972 0.30592 0.10734 0.3806 0.055409 0.013209 0.21305 0.27142 0.17922 0.44011 0.08273 -0.077614 -0.029322 -0.045164 0.10818 0.043759 0.047664 -0.018726 0.41586 0.15625 -0.0055108 0.13443 0.080311 0.13898 -0.075293 0.078327 0.10113 0.066895 0.0036758
0.13279 0.18494 0.056516 0.19713 0.024439 0.069585 0.012211 0.047818 0.12814 0.20146 0.13549 0.042354 0.16451 0.062036 0.0688 0.013791 0.032551 0.09919 -0.026797 0.40489 -0.095538 0.37455 0.0311 0.098491 -0.034997 -0.038096 0.078623 0.05691 0.069756 0.38184 -0.019969 -0.21916 0.10432 0 0.13085 -0.22117 -0.011642 0.43969 0.53222 0.2861 0.59579 0.21894 0.10127 0.16171 0.31763 0.39148 0.15299 0.35146 -0.076606 -0.019244 0.37609 0.49824 0.017339 0.35971 -0.10509 0.35522 0.00089839 0.085853 -0.064658 -0.038788 0.10774 0.048896 0.04574 0.34782 -0.030035 -0.22759 0.13721 0.78174 0.18257 -0.2326 0.064139 0.41947 0.45474 0.34027 0.53654 0.27787 0.09199 0.14568 0.25827 0.3198 0.15134 0.42047 -0.10246 -0.042317 0.33105 0.46822
0.088383 0.10364 0.22566 0.17308 0.071931 -0.028308 0.025314 -0.024666 0.034471 0.2264 0.023293 0.1931 0.14393 0.024633 -0.033521 0.011129 -0.019642 0.024656 0.50547 0.19649 0.54566 -0.07045 0.065276 0.13628 0.24025 0.43901 -0.22834 0.00355 0.42319 -0.032349 -0.15912 0.21985 -0.047439 0.13085 0 0.39111 0.84588 0.00029192 0.097674 0.090728 0.36951 -0.094443 -0.10792 0.55812 0.49607 0.30393 0.25594 0.66503 -0.049576 0.013409 0.12379 0.37213 0.26858 0.18994 0.33675 -0.088284 0.025783 0.067906 0.12284 0.21174 -0.29171 -0.0012351 0.28171 -0.03529 -0.19422 0.051152 -0.048786 0.11303 0.66309 0.26384 0.60139 -0.025475 0.089434 0.029523 0.31021 -0.15072 -0.11291 0.22947 0.2472 0.18329 0.19791 0.44478 -0.045035 -0.028656 0.12729 0.32607
-0.070345 -0.071939 -0.011248 -0.091034 0.004546 0.025228 0.079678 -0.083632 -0.062523 0.092948 -0.15076 -0.048077 -0.10552 -0.043907 -0.0093826 0.043689 -0.078318 -0.053386 0.2285 -0.21915 0.46553 -0.17757 0.039544 0.046486 0.3552 0.39062 -0.042948 -0.003056 0.29137 -0.16383 0.079512 0.58693 -0.027127 -0.22117 0.39111 0 0.61603 -0.16629 -0.14539 -0.12644 -0.07588 -0.08683 -0.16902 0.19743 0.22304 -0.074526 0.032556 0.20026 0.14993 0.087008 -0.082601 -0.12083 -0.013858 -0.22451 0.18287 -0.19447 0.041449 0.016867 0.099613 0.17914 -0.2052 -0.0026067 0.10596 -0.15599 -0.029092 0.26092 -0.039993 -0.19539 0.085691 0.55739 0.21652 -0.18249 -0.11202 -0.23028 -0.099718 -0.29527 -0.24033 -0.1414 -0.10747 -0.13822 -0.0059164 -0.066696 0.12061 0.07312 -0.065787 -0.13268
0.012159 0.0039491 0.13743 0.062985 0.053401 -0.01732 0.074233 -0.07419 -0.016146 0.18993 -0.067967 0.1118 0.04919 -0.0092011 -0.042297 0.050509 -0.060417 -0.0081434 0.55575 0.010042 0.54251 -0.13636 0.068963 0.10212 0.2513 0.4728 -0.24754 0.015911 0.46819 -0.079273 -0.094141 0.36999 -0.07562 -0.011642 0.84588 0.61603 0 -0.080683 -0.021402 -0.042956 0.24469 -0.223 -0.20548 0.42678 0.345 0.17363 0.23824 0.55253 0.037888 0.037355 0.013955 0.19842 0.27658 -0.029341 0.29227 -0.14711 0.048289 0.038833 0.019646 0.24186 -0.34552 0.012642 0.27858 -0.089008 -0.17143 0.10294 -0.082696 -0.018138 0.50694 0.46837 0.59329 -0.10145 0.0094388 -0.13148 0.16061 -0.32612 -0.22393 0.07868 0.011551 0.070808 0.16632 0.23891 -0.026208 0.00075795 0.039662 0.16208
0.11271 0.23024 0.090283 0.12619 0.049647 0.087434 -0.013993 0.047407 0.1708 0.12772 0.23484 0.087477 0.12296 0.057924 0.069773 -0.050029 0.046828 0.16265 -0.043371 0.28577 -0.12785 0.87483 0.02425 0.27621 0.0080663 -0.12745 0.15448 0.34218 0.097283 0.91226 -0.0034945 -0.20675 0.1311 0.43969 0.00029192 -0.16629 -0.080683 0 0.42263 0.23524 0.37445 0.28419 0.12628 0.034951 0.10958 0.56466 0.097386 0.14095 -0.059201 -0.026411 0.32344 0.3677 -0.012477 0.27333 -0.16165 0.8379 0.004962 0.29279 -0.039765 -0.062342 0.19262 0.40547 0.085147 0.87013 -0.00092818 -0.20159 0.14063 0.40514 0.032665 -0.18387 -0.037659 0.96492 0.45508 0.25145 0.40348 0.33053 0.14264 0.031554 0.083898 0.52942 0.083078 0.26921 -0.068921 -0.050884 0.29058 0.36264
0.071411 0.14443 0.015563 0.18896 0.074805 0.086817 0.049211 0.024145 0.10104 0.27199 0.067184 0.012519 0.1125 0.063671 0.072305 0.034841 0.0058249 0.081515 0.053925 0.33397 -0.020499 0.31818 0.047159 0.090582 -0.063649 0.019293 0.047752 0.014209 0.038525 0.34324 0.012319 -0.13216 0.057614 0.53222 0.097674 -0.14539 -0.021402 0.42263 0 0.11709 0.8908 0.10257 0.024522 0.077125 0.32564 0.43733 0.29063 0.41792 -0.021292 0.031589 0.49577 0.61158 0.033099 0.29306 -0.16064 0.29037 0.00057871 0.076742 -0.14192 -0.038633 0.024903 0.0079504 -0.01316 0.31261 -0.025068 -0.21467 0.077065 0.48043 0.075594 -0.22519 -0.082207 0.38786 0.89244 0.14762 0.7848 0.1081 0.0010126 -0.028903 0.15813 0.34328 0.24207 0.40139 -0.098867 -0.025933 0.40918 0.50894
0.3632 0.32925 0.19899 0.21161 0.092011 0.1003 -0.12014 0.06904 0.18989 0.30938 0.34282 0.22179 0.21965 0.087494 0.085002 -0.10598 0.065014 0.18535 -0.10566 0.41443 0.10822 0.084364 0.040491 -0.052455 0.20733 0.034314 0.41187 0.029828 0.25688 0.10968 -0.016872 -0.086689 0.068548 0.2861 0.090728 -0.12644 -0.042956 0.23524 0.11709 0 0.10022 0.53586 0.36434 0.44123 0.28281 0.18184 -0.091642 0.36261 -0.080322 -0.053147 0.19453 0.34929 -0.072792 0.38088 0.17141 0.090953 0.044116 -0.058971 0.26153 0.06568 0.41891 0.031447 0.24234 0.067503 0.089114 0.012671 0.034833 0.23213 0.18455 -0.074901 0.10662 0.25522 0.097406 0.68873 0.12859 0.51632 0.33291 0.4432 0.33976 0.083396 -0.058591 0.38413 -0.087154 -0.086502 0.18697 0.36576
0.08377 0.12523 0.082125 0.27701 0.089877 0.055855 0.065326 0.016538 0.076566 0.28537 0.073627 0.066685 0.21203 0.068011 0.056729 0.067004 -0.0050668 0.065892 0.15811 0.40423 0.11644 0.29526 0.05649 0.14159 -0.099624 0.13963 -0.12944 0.070568 0.12705 0.29637 -0.067765 -0.14555 -0.024882 0.59579 0.36951 -0.07588 0.24469 0.37445 0.8908 0.10022 0 -0.065096 -0.024171 0.15751 0.48699 0.5183 0.30133 0.54622 -0.056359 0.0091355 0.42424 0.63966 0.11838 0.35471 -0.074348 0.2663 0.001714 0.11969 -0.20052 0.02719 -0.14181 0.073308 0.077062 0.27921 -0.11687 -0.24979 0.033454 0.56512 0.31408 -0.18776 0.1034 0.34453 0.81627 0.13458 0.90909 -0.015529 -0.038318 0.038193 0.27748 0.45466 0.25071 0.49073 -0.12323 -0.037407 0.34072 0.55718
0.17894 0.18969 0.083 0.036393 0.010805 0.27028 -0.032114 0.042894 0.1513 0.22736 0.19132 0.06102 0.021271 0.038661 0.25716 -0.02691 0.070866 0.15504 -0.070082 0.094514 0.31294 0.28475 0.042725 0.10173 0.69752 -0.025186 0.81125 -0.017752 0.094338 0.25112 0.38948 0.24871 0.44394 0.21894 -0.094443 -0.08683 -0.223 0.28419 0.10257 0.53586 -0.065096 0 0.42885 0.32062 0.36453 0.17418 0.030219 0.079907 0.1201 0.04572 0.1266 0.058806 -0.046107 0.075893 0.20833 0.23795 0.054335 0.092039 0.53886 -0.019298 0.77277 0.051398 -0.0015516 0.23626 0.38714 0.30991 0.36427 0.16843 -0.18956 -0.10998 -0.21576 0.29187 0.091514 0.40738 -0.061647 0.9178 0.34351 0.1538 0.32132 0.021679 0.058548 0.0087196 0.14897 0.073497 0.12885 0.028892
0.089325 0.1565 0.16974 0.12844 0.056963 0.22686 0.0012613 0.117 0.1333 0.081545 0.18343 0.16857 0.11284 0.058162 0.23659 0.007771 0.12256 0.13267 -0.13846 0.28049 -0.041679 0.074098 0.05893 0.041242 0.1145 -0.077681 0.45942 0.074974 0.204 0.084124 0.38824 -0.0094046 0.21085 0.10127 -0.10792 -0.16902 -0.20548 0.12628 0.024522 0.36434 -0.024171 0.42885 0 0.053895 0.34907 -0.03333 0.033786 -0.057129 0.042652 0.039082 0.15451 0.18174 -0.089054 0.26275 -0.058827 0.063514 0.042593 0.031926 0.054927 -0.050432 0.42721 0.081672 0.1436 0.062896 0.41352 0.06725 0.15468 0.085111 -0.098721 -0.17802 -0.10791 0.12372 0.017097 0.30828 -0.0093517 0.37819 0.57253 0.036437 0.32539 -0.079572 0.063298 -0.012819 0.03409 0.045453 0.13611 0.17451
0.36133 0.20892 0.24801 0.15632 0.072209 0.0024796 -0.12473 -0.00098313 0.1008 0.45107 0.19014 0.22529 0.13381 0.043737 -0.016591 -0.10674 -0.012737 0.11647 0.015784 0.26145 0.69674 -0.019673 0.042807 -0.011042 0.52426 0.39725 0.098042 -0.085754 0.43499 -0.0097051 -0.2085 0.037559 0.06788 0.16171 0.55812 0.19743 0.42678 0.034951 0.077125 0.44123 0.15751 0.32062 0.053895 0 0.45252 0.43215 -0.11195 0.66964 -0.12754 -0.091112 0.08437 0.26327 -0.0015252 0.22253 0.54872 -0.039743 0.036338 -0.047086 0.45262 0.23068 0.046507 -0.071327 0.28464 -0.030351 -0.14071 0.07837 0.022773 0.12909 0.44409 0.20271 0.31787 0.043488 0.022604 0.37787 0.12292 0.29388 0.03647 0.70627 0.27695 0.22451 -0.077094 0.45731 -0.091327 -0.12792 0.08103 0.20967
0.025624 0.15591 0.19193 0.15889 0.065561 0.17677 0.064279 0.0088589 0.073113 0.27022 0.069523 0.11109 0.11899 0.049552 0.16246 0.046561 0.018468 0.078551 0.1945 0.31706 0.4077 0.08543 0.070111 0.096321 0.36682 0.22351 0.25373 -0.014787 0.2896 0.079562 0.26174 0.35918 0.14644 0.31763 0.49607 0.22304 0.345 0.10958 0.32564 0.28281 0.48699 0.36453 0.34907 0.45252 0 0.29889 0.1779 0.47928 0.11487 0.062476 0.19322 0.30559 0.033112 0.23707 0.10479 0.035492 0.045022 0.060639 0.049852 0.088123 0.10683 0.0079846 0.049973 0.070882 0.1303 0.10249 0.12445 0.31246 0.16874 -0.040589 0.040404 0.085323 0.27594 0.14735 0.39894 0.14216 0.16824 0.022311 0.51479 0.1649 0.17025 0.21078 0.088577 0.048822 0.17641 0.24494
0.18208 0.1313 0.06212 0.11576 0.014091 0.080818 0.030272 0.0087995 0.057245 0.25616 0.093413 0.077749 0.10071 0.017166 0.074426 0.034024 0.0024238 0.061017 0.082176 0.26969 0.38325 0.63532 0.0883 0.49674 0.36854 0.3806 -0.01071 0.29642 0.19035 0.65721 -0.092741 -0.10989 0.13895 0.39148 0.30393 -0.074526 0.17363 0.56466 0.43733 0.18184 0.5183 0.17418 -0.03333 0.43215 0.29889 0 0.086988 0.51927 -0.063401 -0.014149 0.18415 0.37318 0.069622 0.25267 0.191 0.596 0.046643 0.45198 0.21125 0.31513 0.032844 0.2648 0.12984 0.65769 -0.090008 -0.12711 0.14967 0.35269 0.30947 -0.10432 0.17013 0.55034 0.37762 0.20152 0.47175 0.27164 -0.016775 0.25226 0.17112 0.93587 0.042076 0.44373 -0.072766 -0.039549 0.16178 0.3255
-0.17935 -0.11205 -0.069556 -0.029017 0.0066183 0.21965 0.23517 0.0048903 -0.0021275 -0.12817 -0.16778 -0.097725 -0.054036 -0.017843 0.21318 0.20395 0.012241 0.0083443 0.73475 0.042985 0.071566 0.17887 0.10845 0.34327 0.10766 0.18375 -0.003397 0.16843 0.075521 0.2105 0.19224 0.38652 0.14694 0.15299 0.25594 0.032556 0.23824 0.097386 0.29063 -0.091642 0.30133 0.030219 0.033786 -0.11195 0.1779 0.086988 0 0.10919 0.075399 0.22686 0.56284 0.30487 0.59018 0.038554 -0.073417 0.14525 0.072926 0.32761 -0.03832 0.096332 -0.05593 0.14809 0.020161 0.19662 0.11456 0.20681 0.15756 0.18805 0.11238 -0.044232 0.077767 0.033281 0.32437 -0.10397 0.296 0.0015687 0.035193 -0.18698 0.068495 0.10653 0.85054 0.045075 0.038263 0.2072 0.46322 0.2499
0.35501 0.23014 0.18188 0.24323 0.10825 -0.06757 -0.060218 0.0014129 0.11406 0.39196 0.21613 0.18178 0.22126 0.081738 -0.081845 -0.064472 -0.029103 0.13439 0.24483 0.36984 0.45197 0.024394 0.062693 0.013657 0.24132 0.43499 -0.15231 -0.10593 0.39442 0.063706 -0.29245 0.11748 -0.059593 0.35146 0.66503 0.20026 0.55253 0.14095 0.41792 0.36261 0.54622 0.079907 -0.057129 0.66964 0.47928 0.51927 0.10919 0 -0.084203 -0.041209 0.28868 0.57657 0.19825 0.36158 0.38289 0.015786 0.02395 -0.049716 0.29251 0.2936 -0.14847 -0.081434 0.32017 0.042395 -0.26219 0.12198 -0.053441 0.29337 0.62074 0.23075 0.50525 0.13957 0.31158 0.33378 0.4764 0.13401 -0.028469 0.50631 0.40278 0.37403 0.093254 0.82565 -0.06621 -0.080439 0.22697 0.51428
-0.10637 -0.049243 -0.05261 -0.070577 -0.028717 0.055117 0.045987 -0.0057472 -0.030148 -0.027016 -0.08997 -0.084979 -0.085683 -0.040578 0.04179 0.041858 -0.014005 -0.036207 0.11656 -0.12931 0.024104 -0.031432 0.030562 0.06467 0.15194 0.019065 0.12632 0.016322 -0.033534 -0.020434 0.26874 0.30957 0.050403 -0.076606 -0.049576 0.14993 0.037888 -0.059201 -0.021292 -0.080322 -0.056359 0.1201 0.042652 -0.12754 0.11487 -0.063401 0.075399 -0.084203 0 0.092208 -0.074647 -0.12861 0.037864 -0.146 -0.10192 -0.027207 0.0086401 0.059039 -0.019813 0.013372 0.055998 0.028028 -0.099517 -0.017547 0.14712 0.19577 0.029873 -0.061106 -0.16724 0.054773 -0.1227 -0.054826 -0.0025037 -0.16404 -0.077651 -0.0047701 -0.012614 -0.26148 -0.019345 -0.047991 0.061326 -0.18996 0.21354 0.087553 -0.041398 -0.14697
-0.064511 -0.055559 -0.045993 -0.018727 -0.020739 0.15035 0.13387 0.001283 -0.019044 -0.003549 -0.076201 -0.066536 -0.045021 -0.011929 0.13045 0.10684 -0.014346 0.028051 0.15769 -0.042844 0.010273 0.013668 0.10255 0.14962 0.10886 0.12307 0.045826 0.052485 0.052405 0.01113 0.17868 0.27864 0.092781 -0.019244 0.013409 0.087008 0.037355 -0.026411 0.031589 -0.053147 0.0091355 0.04572 0.039082 -0.091112 0.062476 -0.014149 0.22686 -0.041209 0.092208 0 0.031228 0.023752 0.090835 -0.065802 -0.055508 0.0027227 0.039332 0.12293 0.016409 0.091941 0.025888 0.045459 -0.026293 0.026839 0.13218 0.20425 0.065291 -0.018295 -0.039759 0.024753 -0.027157 -0.036749 0.017791 -0.092657 -0.01249 0.0066248 0.0062936 -0.14748 0.027068 -0.017294 0.19218 -0.085376 0.10197 0.16759 0.017156 0.0058155
0.03248 0.16577 0.069757 0.12654 0.06271 0.11857 0.016985 0.044422 0.12227 0.036476 0.16647 0.063473 0.11586 0.07357 0.098489 0.016073 0.041506 0.16582 0.16767 0.28571 -0.017116 0.20489 0.049841 0.11716 0.0077939 -0.00025743 0.12285 0.12307 0.12938 0.27519 0.030429 -0.080149 0.093707 0.37609 0.12379 -0.082601 0.013955 0.32344 0.49577 0.19453 0.42424 0.1266 0.15451 0.08437 0.19322 0.18415 0.56284 0.28868 -0.074647 0.031228 0 0.49973 0.23165 0.29035 0.00014749 0.2055 0.038798 0.12704 0.02151 -0.0074377 0.10496 0.11306 0.13274 0.24661 0.052828 -0.056949 0.11083 0.36281 0.17854 -0.081109 0.087349 0.29567 0.45953 0.23729 0.41644 0.17549 0.16238 0.079461 0.20211 0.17218 0.53773 0.36064 -0.046221 -0.0052661 0.6497 0.45823
0.23058 0.28692 0.18348 0.3465 0.14351 0.082328 0.029054 0.086215 0.18186 0.23304 0.27964 0.19102 0.31427 0.12208 0.082364 0.028864 0.060824 0.19042 0.12271 0.56385 -0.047617 0.2369 0.1 0.13761 -0.08169 0.098122 -0.028431 0.11362 0.32449 0.27977 -0.079001 -0.19835 0.04386 0.49824 0.37213 -0.12083 0.19842 0.3677 0.61158 0.34929 0.63966 0.058806 0.18174 0.26327 0.30559 0.37318 0.30487 0.57657 -0.12861 0.023752 0.49973 0 0.16226 0.53556 -0.0095862 0.23192 0.053643 0.094802 -0.034984 0.072232 0.007735 0.11419 0.31966 0.24972 -0.050058 -0.15261 0.057693 0.46513 0.48466 -0.090494 0.32979 0.35895 0.53541 0.40219 0.61162 0.16534 0.19808 0.26283 0.33694 0.32469 0.27651 0.64462 -0.12784 -0.033611 0.40967 0.76932
-0.034807 -0.11892 -0.026528 -0.017235 -0.0063018 0.031819 0.092328 -0.020456 -0.034231 -0.14424 -0.14167 -0.024407 0.0054273 -0.016553 0.037972 0.10334 -0.011436 -0.0084595 0.65853 0.023459 0.036538 0.078382 0.018884 0.24589 0.04518 0.1331 -0.15646 0.15052 0.087481 0.085141 -0.043308 0.23715 0.033823 0.017339 0.26858 -0.013858 0.27658 -0.012477 0.033099 -0.072792 0.11838 -0.046107 -0.089054 -0.0015252 0.033112 0.069622 0.59018 0.19825 0.037864 0.090835 0.23165 0.16226 0 0.035588 0.17358 0.085011 0.036385 0.27468 0.17192 0.20217 -0.15198 0.097439 0.12047 0.08058 -0.031991 0.40965 0.0422 0.035064 0.41266 0.15851 0.45448 -0.043981 0.076446 -0.037683 0.17024 0.019699 -0.040277 0.039225 0.23259 0.067232 0.713 0.19786 0.054851 0.16523 0.20197 0.15291
