0,0.327862560749054,0.265116363763809,0.281307458877563,0.0890827849507332,-0.00862534251064062,-0.0902650579810143,0.0593820586800575,0.207862839102745,0.719269156455994,0.409481465816498,0.356426477432251,0.296755999326706,0.115202367305756,0.00173183542210609,-0.0965614467859268,0.0401466749608517,0.263913303613663,-0.155388414859772,0.235676437616348,0.0579090602695942,-0.0265491530299187,0.0219067148864269,-0.0578526183962822,0.0547271631658077,0.136089026927948,0.0872399806976318,0.0273702722042799,0.184136256575584,-0.00239625480026007,-0.160059034824371,-0.116012006998062,0.0133655341342092,0.132785975933075,0.0883834883570671,-0.0703445449471474,0.0121586164459586,0.112705618143082,0.0714113935828209,0.36320173740387,0.0837698057293892,0.178938835859299,0.0893248915672302,0.361325114965439,0.0256242547184229,0.182075291872025,-0.179350301623344,0.355005592107773,-0.106373712420464,-0.0645113810896873,0.0324799604713917,0.230577707290649,-0.0348072238266468,0.276326298713684,0.417724847793579,-0.0217495411634445,0.0350969173014164,-0.0789923369884491,0.365845769643784,0.252009689807892,0.187665641307831,0.00426524132490158,0.320314407348633,-0.0346381105482578,-0.0337981805205345,0.123818881809711,0.0227792486548424,0.144691973924637,0.39571538567543,0.19520615041256,0.301531374454498,0.132198184728622,0.0729823485016823,0.452060788869858,0.18983405828476,0.31351563334465,0.173386231064796,0.594156622886658,0.393901944160461,0.196048319339752,-0.123276732861996,0.53832221031189,-0.00783428549766541,-0.0850145444273949,0.0488465614616871,0.283718258142471
0.327862560749054,0,0.241062998771667,0.266351282596588,0.112036824226379,0.0149693284183741,-0.0776476338505745,0.0712258219718933,0.220207169651985,0.345415502786636,0.489334434270859,0.258246451616287,0.251909762620926,0.0964817255735397,-0.00254626292735338,-0.0948778241872787,0.0553014352917671,0.209179177880287,-0.10999122262001,0.257622808218002,0.0403138138353825,0.0930821001529694,0.0190542880445719,-0.0532066784799099,0.0590883530676365,0.0405705384910107,0.139805823564529,0.0797845795750618,0.139070957899094,0.132392376661301,-0.033124715089798,-0.112305000424385,0.0141093088313937,0.184940919280052,0.103636361658573,-0.0719392076134682,0.00394908525049686,0.230238229036331,0.144432857632637,0.329254418611526,0.125234037637711,0.189691305160522,0.15649701654911,0.208920583128929,0.155907019972801,0.131298407912254,-0.112054191529751,0.230136409401894,-0.0492430292069912,-0.0555594749748707,0.165772125124931,0.286915957927704,-0.118921868503094,0.248889461159706,0.0610342621803284,0.0924552232027054,0.0140676582232118,-0.0737905353307724,0.0642880126833916,-0.00416111387312412,0.132449194788933,0.0728230848908424,0.126682996749878,0.0887140780687332,-0.0149410804733634,-0.0930395945906639,-0.0155194085091352,0.116374522447586,0.151739105582237,-0.0357977226376534,0.0706800669431686,0.263450175523758,0.0924968495965004,0.311780750751495,0.104077503085136,0.185259476304054,0.146467000246048,0.181918188929558,0.160894781351089,0.0701329186558723,-0.117973685264587,0.222942799329758,-0.0539023838937283,-0.0744964405894279,0.152872160077095,0.262131929397583
0.265116363763809,0.241062998771667,0,0.394973337650299,0.107786871492863,0.0356575027108192,-0.0176168847829103,0.14655627310276,0.141279429197311,0.283294886350632,0.26715475320816,0.578474879264832,0.38145586848259,0.0666952505707741,0.0340265110135078,-0.0278883632272482,0.118564896285534,0.153435289859772,-0.0312951430678368,0.200119882822037,0.117524899542332,0.00258373445831239,0.0119892181828618,-0.0358919650316238,0.0317734330892563,0.0488046780228615,0.0812885537743568,0.00960079487413168,0.189234524965286,0.0250906180590391,-0.00828182976692915,-0.0698553919792175,-0.0243986770510674,0.0565158203244209,0.225656881928444,-0.0112479096278548,0.137434750795364,0.0902829244732857,0.015562835149467,0.198992982506752,0.082124687731266,0.0830001905560493,0.169737726449966,0.248008042573929,0.19193072617054,0.062119547277689,-0.0695558339357376,0.181879878044128,-0.052609521895647,-0.0459929332137108,0.0697567164897919,0.183480873703957,-0.0265279673039913,0.172121077775955,0.113091826438904,-0.0130655085667968,0.0338620729744434,-0.0585398338735104,0.0301016792654991,0.0281151384115219,0.0666472092270851,0.0123499352484941,0.163320645689964,-0.00563856493681669,0.000736879999749362,-0.0749708712100983,-0.0153533481061459,0.0297083482146263,0.197217777371407,-0.022234233096242,0.138960659503937,0.098661482334137,-0.00603123148903251,0.197874963283539,0.0918747633695602,0.0765648484230042,0.12101373821497,0.173558741807938,0.155963093042374,0.0105302073061466,-0.0640673935413361,0.179271206259727,-0.0639884099364281,-0.0533541366457939,0.0801192447543144,0.174246400594711
0.281307458877563,0.266351282596588,0.394973337650299,0,0.201216503977776,0.0126735372468829,-0.0080279903486371,0.108907200396061,0.139198467135429,0.261007457971573,0.276546120643616,0.379512578248978,0.645993113517761,0.125187799334526,0.00934345368295908,-0.014627980068326,0.0966380089521408,0.147698774933815,-0.0567796640098095,0.294953107833862,-0.0318040400743484,0.0324946828186512,0.0107100680470467,-0.0230903141200542,-0.0880309268832207,0.0143362497910857,0.00863930769264698,0.0249770488590002,0.145821213722229,0.0464588291943073,-0.0301133152097464,-0.156730234622955,-0.0211491864174604,0.197125226259232,0.17307998239994,-0.0910344794392586,0.0629854872822762,0.126193016767502,0.188957259058952,0.21160501241684,0.277009099721909,0.0363928638398647,0.128443479537964,0.156316071748734,0.158886402845383,0.115755915641785,-0.0290166921913624,0.243232890963554,-0.070577085018158,-0.018726572394371,0.126542404294014,0.346501588821411,-0.0172348897904158,0.278195917606354,0.0194199737161398,0.0341615416109562,0.0114371627569199,-0.0370127782225609,-0.0439380966126919,-0.012504069134593,0.0257762800902128,0.0282371267676353,0.153355658054352,0.0261241048574448,-0.0224480498582125,-0.130629822611809,0.00953662861138582,0.157432124018669,0.25886332988739,-0.0577969811856747,0.153750687837601,0.143224909901619,0.122834354639053,0.248725041747093,0.263856410980225,0.0782288685441017,0.133214101195335,0.178982347249985,0.18397031724453,0.0897631272673607,-0.0399354659020901,0.305531531572342,-0.0656771808862686,-0.057428564876318,0.123745322227478,0.347234517335892
0.0890827849507332,0.112036824226379,0.107786871492863,0.201216503977776,0,-0.00324364542029798,-0.0203182715922594,0.0215268991887569,0.056737057864666,0.0995906069874763,0.104477256536484,0.118207164108753,0.174082100391388,0.0446025766432285,-0.00289621972478926,-0.027171865105629,0.0239391215145588,0.0624259747564793,-0.0163619294762611,0.107315078377724,0.0014406869886443,0.00135023205075413,0.0106930490583181,-0.0128595698624849,-0.0183449257165194,0.00385871855542064,-0.00565797090530396,-0.00968845374882221,0.0709879770874977,0.00485300552099943,-0.026560677215457,-0.0340900607407093,-0.0107644805684686,0.0244389958679676,0.0719307959079742,0.00454596988856792,0.053401492536068,0.0496468208730221,0.074804961681366,0.0920109301805496,0.0898766443133354,0.0108050014823675,0.0569630302488804,0.072209395468235,0.0655605271458626,0.0140912029892206,0.00661834701895714,0.108254417777061,-0.0287171714007854,-0.0207386594265699,0.0627103075385094,0.143514379858971,-0.00630177324637771,0.11143870651722,-0.0145561126992106,-0.00519235990941525,-0.0136097883805633,-0.0342892669141293,-0.035008579492569,-0.0102577321231365,-0.00335886841639876,-0.00306287850253284,0.0657801181077957,-0.00845007132738829,-0.019541397690773,-0.0441771633923054,-0.0185977090150118,0.0287774354219437,0.0870843976736069,-0.0067746820859611,0.0657349303364754,0.0516915954649448,0.0561878532171249,0.0783237367868423,0.0809729695320129,0.00187183229718357,0.027439771220088,0.045573104172945,0.0523174405097961,-0.00835191830992699,-0.00813840515911579,0.106149539351463,-0.0399569533765316,-0.0255444217473269,0.0468585938215256,0.131168156862259
-0.00862534251064062,0.0149693284183741,0.0356575027108192,0.0126735372468829,-0.00324364542029798,0,0.164226859807968,0.0220348034054041,0.0864764600992203,0.0570698454976082,-0.00162830436602235,0.0242574065923691,0.00295529025606811,-0.0162612181156874,0.431335955858231,0.166196227073669,0.039298128336668,0.0689271241426468,0.0687636062502861,0.0439705550670624,0.149794220924377,0.0998489186167717,0.132421806454659,0.220098167657852,0.244294688105583,0.126349478960037,0.33803591132164,0.126508757472038,0.088384248316288,0.125444144010544,0.294636875391006,0.207460016012192,0.273953706026077,0.0695845410227776,-0.0283083077520132,0.0252282489091158,-0.0173201151192188,0.087433747947216,0.0868168920278549,0.100298933684826,0.0558550395071507,0.270282745361328,0.226859524846077,0.00247960956767201,0.176765337586403,0.0808175206184387,0.219654306769371,-0.0675699263811111,0.0551170222461224,0.150348007678986,0.118572488427162,0.0823277682065964,0.0318185426294804,0.0266026612371206,0.0120768202468753,0.0781882777810097,0.0891135036945343,0.212549969553947,0.129160493612289,0.0895412862300873,0.284937828779221,0.132615879178047,0.0169565416872501,0.114621311426163,0.27044552564621,0.137092247605324,0.233488485217094,0.0663368478417397,-0.110162846744061,-0.049125399440527,-0.0881345421075821,0.0643033608794212,0.0935084968805313,0.0378504954278469,0.0501655600965023,0.222697839140892,0.153878509998322,-0.0871072858572006,0.0774260982871056,0.0458199083805084,0.185628488659859,-0.10370072722435,0.0495920442044735,0.12118773162365,0.100029125809669,0.0507352240383625
-0.0902650579810143,-0.0776476338505745,-0.0176168847829103,-0.0080279903486371,-0.0203182715922594,0.164226859807968,0,-0.00913525093346834,-0.00754778273403645,-0.0411636307835579,-0.102674886584282,-0.0423337072134018,-0.0282597672194242,-0.0233052298426628,0.171739518642426,0.250184088945389,-0.010662192478776,-0.0320249535143375,0.153890609741211,-0.0392043851315975,0.0498342551290989,0.0286974292248487,0.0741783306002617,0.180366188287735,0.0707532986998558,0.131955817341805,0.0020544808357954,0.0685471966862679,0.0189234279096127,0.0384880304336548,0.165128439664841,0.167207181453705,0.0694726184010506,0.0122112743556499,0.0253141410648823,0.0796782225370407,0.0742333680391312,-0.0139926914125681,0.0492114834487438,-0.120138175785542,0.0653262883424759,-0.032114252448082,0.0012613229919225,-0.124730423092842,0.0642793029546738,0.0302718821913004,0.235173046588898,-0.060217808932066,0.0459872335195541,0.133870795369148,0.0169845409691334,0.0290539767593145,0.0923278853297234,-0.0499381199479103,-0.0618173778057098,0.0186078082770109,0.0262129474431276,0.157885983586311,-0.0324199721217155,0.0733933448791504,-0.0288709942251444,0.0594526194036007,-0.0215103104710579,0.0353867709636688,0.0883731469511986,0.0882543101906776,0.0560694523155689,0.0182719472795725,-0.0567156113684177,-0.0174978021532297,-0.0251387022435665,-0.033213347196579,0.0529069863259792,-0.137011036276817,0.065505214035511,-0.0578085668385029,-0.021319979801774,-0.187656581401825,-0.0208958201110363,0.0358239375054836,0.188257992267609,-0.125139519572258,0.0279857665300369,0.109742097556591,0.00322750583291054,-0.00485360901802778
0.0593820586800575,0.0712258219718933,0.14655627310276,0.108907200396061,0.0215268991887569,0.0220348034054041,-0.00913525093346834,0,0.05323201790452,0.0381960831582546,0.0745609477162361,0.130217507481575,0.105823636054993,0.0148099986836314,0.0346385948359966,0.00338137685321271,0.108605816960335,0.0658580884337425,-0.0342645384371281,0.0903546214103699,-0.0589370019733906,0.0226792357861996,-0.000405006081564352,-0.00946037191897631,-0.046237725764513,-0.0223693214356899,0.0537534691393375,0.019014859572053,0.0232877768576145,0.0114641729742289,0.0655428171157837,-0.059347115457058,0.0232982914894819,0.0478177815675735,-0.0246662404388189,-0.0836323797702789,-0.0741899162530899,0.0474069565534592,0.0241454038769007,0.0690402388572693,0.0165376365184784,0.0428937077522278,0.116995953023434,-0.000983127974905074,0.00885889958590269,0.00879945605993271,0.00489025469869375,0.00141286570578814,-0.00574717670679092,0.00128296785987914,0.044421810656786,0.0862153396010399,-0.0204556845128536,0.0733842775225639,-0.0389222986996174,0.0249370858073235,-0.00267767836339772,-0.00118059234227985,-0.0224859621375799,0.00429969141259789,0.0666112154722214,0.0326713025569916,0.0322901532053947,0.00428325869143009,0.0631914734840393,-0.041367132216692,0.0101639600470662,0.0464829653501511,0.00277811242267489,-0.0849887579679489,-0.0123529732227325,0.0539096370339394,0.0159391723573208,0.0770419910550117,0.0367161855101585,0.0562021657824516,0.0982539132237434,0.0197649206966162,0.0319250226020813,0.00909432955086231,0.0139167243614793,0.0574656203389168,-0.0176439750939608,0.00321883987635374,0.0561394356191158,0.0906076580286026
0.207862839102745,0.220207169651985,0.141279429197311,0.139198467135429,0.056737057864666,0.0864764600992203,-0.00754778273403645,0.05323201790452,0,0.220958963036537,0.229093000292778,0.129753693938255,0.133937790989876,0.0477890968322754,0.0711032822728157,-0.0211055092513561,0.0522822253406048,0.197943389415741,-0.0474988520145416,0.163559332489967,0.00545990420505404,0.0679230690002441,0.0163330156356096,0.0032734009437263,0.0296784546226263,0.0082439174875617,0.127235859632492,0.0224619004875422,0.0760006755590439,0.0970121547579765,0.0199796985834837,-0.0541341453790665,0.064660482108593,0.128139778971672,0.0344709828495979,-0.062523365020752,-0.0161456726491451,0.170799717307091,0.101043656468391,0.189893513917923,0.0765664353966713,0.15130203962326,0.133295431733131,0.100803010165691,0.0731129720807076,0.0572452656924725,-0.0021274727769196,0.114055037498474,-0.0301480609923601,-0.0190440379083157,0.122273653745651,0.181856617331505,-0.034231148660183,0.170564323663712,0.0443008132278919,0.0612097717821598,0.0279215481132269,-0.0133399497717619,0.058045070618391,0.0193450152873993,0.146020814776421,0.0163837466388941,0.0892988592386246,0.0843906477093697,0.0583122000098228,-0.0135087445378304,0.0339108631014824,0.0793232545256615,0.0847553238272667,-0.0341048948466778,0.0378004349768162,0.17796103656292,0.0769910886883736,0.184758648276329,0.0710842087864876,0.173061817884445,0.135682955384254,0.106667198240757,0.12254586815834,0.0242653861641884,-0.00115959113463759,0.151994034647942,-0.0379501096904278,-0.00602319929748774,0.121769852936268,0.174759909510612
0.719269156455994,0.345415502786636,0.283294886350632,0.261007457971573,0.0995906069874763,0.0570698454976082,-0.0411636307835579,0.0381960831582546,0.220958963036537,0,0.318140119314194,0.280106544494629,0.220397487282753,0.0995678082108498,0.0504499711096287,-0.0532735586166382,0.0315078534185886,0.230057537555695,-0.070982001721859,0.23204717040062,0.255884051322937,0.00678130937740207,0.0493218339979649,-0.0800066739320755,0.207269877195358,0.227600440382957,0.141210645437241,-0.0557869113981724,0.201937094330788,0.0134299071505666,-0.0227012485265732,0.0500849969685078,0.043415155261755,0.201462209224701,0.226401031017303,0.0929484441876411,0.189929872751236,0.127722188830376,0.271987795829773,0.309378653764725,0.285366863012314,0.227357268333435,0.0815448984503746,0.451066642999649,0.27021649479866,0.256159335374832,-0.128170311450958,0.391961634159088,-0.0270156860351562,-0.00354899186640978,0.0364758260548115,0.233041241765022,-0.144235640764236,0.174377381801605,0.130923017859459,-0.0012259396025911,0.0279922317713499,-0.0912366807460785,0.115434266626835,0.130538493394852,0.0972587764263153,-0.0283490661531687,0.102019496262074,0.00435858825221658,-0.0238047111779451,0.00353197776712477,0.0287453588098288,0.138641804456711,0.150845304131508,0.0357422642409801,0.0545585490763187,0.144803270697594,0.158455595374107,0.2656369805336,0.179124936461449,0.144915416836739,0.0512521266937256,0.235133409500122,0.0926965102553368,0.0991826951503754,-0.105198308825493,0.340121060609818,-0.0458504632115364,-0.05955795571208,0.0559587739408016,0.198378637433052
0.409481465816498,0.489334434270859,0.26715475320816,0.276546120643616,0.104477256536484,-0.00162830436602235,-0.102674886584282,0.0745609477162361,0.229093000292778,0.318140119314194,0,0.320780515670776,0.301599115133286,0.110846929252148,-0.0125147607177496,-0.108523719012737,0.0938819572329521,0.251005262136459,-0.19306218624115,0.288369536399841,-0.022251795977354,0.072364367544651,0.0141883585602045,-0.071930356323719,0.00648116739466786,-0.0236584916710854,0.14046822488308,0.0655753538012505,0.119643770158291,0.111476875841618,-0.0662047490477562,-0.195399507880211,0.0116862710565329,0.135489568114281,0.0232928432524204,-0.150755971670151,-0.0679672732949257,0.234839677810669,0.0671843215823174,0.342824250459671,0.0736269131302834,0.191318735480309,0.183434754610062,0.190142557024956,0.069522887468338,0.0934132933616638,-0.16778153181076,0.216130957007408,-0.0899700969457626,-0.0762008428573608,0.166474267840385,0.279635488986969,-0.141673848032951,0.299359977245331,0.149397641420364,0.0830864161252975,0.00517676910385489,-0.0985586196184158,0.147266432642937,-0.00240760203450918,0.195697709918022,0.040735736489296,0.183772698044777,0.0706827715039253,-0.00843899417668581,-0.0703420266509056,0.00400714669376612,0.142004117369652,0.234819993376732,-0.0106354923918843,0.147053524851799,0.274179935455322,0.0489713922142982,0.395928919315338,0.116209656000137,0.264518111944199,0.201678305864334,0.305442303419113,0.26145800948143,0.0720255598425865,-0.138440430164337,0.31379297375679,-0.0413812026381493,-0.103407733142376,0.168168351054192,0.303380280733109
0.356426477432251,0.258246451616287,0.578474879264832,0.379512578248978,0.118207164108753,0.0242574065923691,-0.0423337072134018,0.130217507481575,0.129753693938255,0.280106544494629,0.320780515670776,0,0.409133493900299,0.0856918469071388,0.0268580671399832,-0.0276646818965673,0.146396189928055,0.154754132032394,-0.0741609707474709,0.206754788756371,0.0621619410812855,-0.0254975855350494,-0.0073007489554584,-0.054888091981411,-0.0022086447570473,0.0291272141039371,0.0785993859171867,0.0190732181072235,0.182774588465691,0.00161937926895916,-0.0497056432068348,-0.134386017918587,-0.0303736794739962,0.042354267090559,0.193103834986687,-0.0480766631662846,0.111803442239761,0.0874773934483528,0.0125188175588846,0.221789166331291,0.0666849762201309,0.061020128428936,0.168568328022957,0.225294858217239,0.111091420054436,0.0777493715286255,-0.0977250337600708,0.18178479373455,-0.0849793031811714,-0.0665361285209656,0.0634734481573105,0.191024988889694,-0.0244069192558527,0.233395352959633,0.18444761633873,-0.0495406463742256,0.0215829871594906,-0.0731967091560364,0.0830739587545395,0.0607514046132565,0.0861231088638306,-0.0019013793207705,0.233452439308167,-0.0278909932821989,-0.000681887264363468,-0.0501337274909019,0.00669948058202863,0.0449265092611313,0.282001823186874,0.0499877445399761,0.230466678738594,0.0952700972557068,-0.0375322513282299,0.265260845422745,0.0875239670276642,0.117048881947994,0.181772157549858,0.282098382711411,0.226977303624153,0.033916313201189,-0.0852160677313805,0.245291188359261,-0.0561669208109379,-0.053627222776413,0.0586981065571308,0.217546492815018
0.296755999326706,0.251909762620926,0.38145586848259,0.645993113517761,0.174082100391388,0.00295529025606811,-0.0282597672194242,0.105823636054993,0.133937790989876,0.220397487282753,0.301599115133286,0.409133493900299,0,0.145269051194191,0.00926264654844999,-0.00602924218401313,0.117782324552536,0.158040925860405,-0.0610832273960114,0.26802784204483,-0.0359777025878429,0.029482290148735,0.0146747278049588,-0.0275093466043472,-0.0896648913621902,0.00089370715431869,-0.00259593850933015,0.0483345203101635,0.13436159491539,0.0404781103134155,-0.0666135028004646,-0.163793414831161,-0.0212419982999563,0.164510920643806,0.143926054239273,-0.105522088706493,0.049189854413271,0.122963964939117,0.112502500414848,0.219647884368896,0.212031111121178,0.0212714653462172,0.112837269902229,0.133808806538582,0.118988871574402,0.100710213184357,-0.0540355667471886,0.221262782812119,-0.0856827422976494,-0.0450212098658085,0.115864716470242,0.314268618822098,0.00542725529521704,0.283610075712204,0.0331410840153694,0.0229530353099108,0.0137207387015224,-0.0250011067837477,-0.0310914497822523,0.0299081280827522,0.0141762774437666,0.0429331846535206,0.187410101294518,0.0195477399975061,-0.0348510965704918,-0.115618459880352,-0.00239854212850332,0.155627176165581,0.28687971830368,-0.0389900058507919,0.187011688947678,0.141535043716431,0.114710666239262,0.253418296575546,0.282900422811508,0.0779298320412636,0.131406798958778,0.199866488575935,0.193448483943939,0.0928183645009995,-0.0124804638326168,0.318585991859436,-0.0870075896382332,-0.0484531261026859,0.121299609541893,0.373208373785019
0.115202367305756,0.0964817255735397,0.0666952505707741,0.125187799334526,0.0446025766432285,-0.0162612181156874,-0.0233052298426628,0.0148099986836314,0.0477890968322754,0.0995678082108498,0.110846929252148,0.0856918469071388,0.145269051194191,0,-0.00991254393011332,-0.0277723129838705,0.0051052519120276,0.0935984328389168,-0.024874459952116,0.132736802101135,-0.0407735072076321,0.0151201626285911,0.011025182902813,-0.0221821404993534,-0.0273695886135101,-0.0194404274225235,0.0123574594035745,-0.0103646023198962,0.0312284100800753,0.0163099821656942,-0.0299672689288855,-0.058147419244051,0.000296137295663357,0.062036257237196,0.0246326103806496,-0.0439073964953423,-0.00920111127197742,0.0579238422214985,0.0636707171797752,0.0874938666820526,0.0680107846856117,0.0386610813438892,0.0581624209880829,0.0437366850674152,0.0495517589151859,0.0171658247709274,-0.0178428720682859,0.0817382484674454,-0.04057751968503,-0.0119292624294758,0.0735703334212303,0.12207505851984,-0.0165534317493439,0.10665762424469,0.00547550152987242,0.014782439917326,0.00183941586874425,-0.0236053615808487,-0.00104115123394877,-0.0100379781797528,0.0285944156348705,-0.0124598639085889,0.0316561833024025,0.0175450295209885,-0.00803998857736588,-0.0305578485131264,-0.0055031138472259,0.0717632919549942,0.080513708293438,-0.0321854092180729,0.059392437338829,0.0717563852667809,0.0687111243605614,0.0915794149041176,0.089366652071476,0.0500342026352882,0.0728598386049271,0.0688169077038765,0.094984345138073,0.00501916045323014,-0.0143084079027176,0.120807141065598,-0.0271822344511747,-0.0263945907354355,0.0638797655701637,0.136332035064697
0.00173183542210609,-0.00254626292735338,0.0340265110135078,0.00934345368295908,-0.00289621972478926,0.431335955858231,0.171739518642426,0.0346385948359966,0.0711032822728157,0.0504499711096287,-0.0125147607177496,0.0268580671399832,0.00926264654844999,-0.00991254393011332,0,0.211905315518379,0.0418107248842716,0.0672804489731789,0.05095174908638,0.0408070385456085,0.136780709028244,0.0858201161026955,0.107512891292572,0.228420123457909,0.22695229947567,0.12823523581028,0.320826590061188,0.12332908809185,0.0946173295378685,0.10451827198267,0.301969915628433,0.174367845058441,0.27140748500824,0.0687999129295349,-0.0335206761956215,-0.00938260182738304,-0.0422966778278351,0.0697725117206573,0.0723045915365219,0.0850024819374084,0.0567290037870407,0.25716444849968,0.236593142151833,-0.0165907572954893,0.162462115287781,0.0744255408644676,0.213183283805847,-0.0818448141217232,0.0417896434664726,0.130447387695312,0.0984887480735779,0.0823642462491989,0.0379719100892544,0.0433544255793095,0.061828788369894,0.0746384486556053,0.100730530917645,0.224534675478935,0.160483703017235,0.132460355758667,0.298868328332901,0.111408226191998,0.0602240450680256,0.0985758379101753,0.264427840709686,0.155922994017601,0.274539649486542,0.0590749830007553,-0.0783678144216537,-0.045771699398756,-0.0665409117937088,0.0596764013171196,0.100541606545448,0.0650031194090843,0.0507918782532215,0.245883017778397,0.175703957676888,-0.059192918241024,0.104955144226551,0.0666346177458763,0.204370781779289,-0.0797687396407127,0.0309098120778799,0.140202268958092,0.100638374686241,0.0783202275633812
-0.0965614467859268,-0.0948778241872787,-0.0278883632272482,-0.014627980068326,-0.027171865105629,0.166196227073669,0.250184088945389,0.00338137685321271,-0.0211055092513561,-0.0532735586166382,-0.108523719012737,-0.0276646818965673,-0.00602924218401313,-0.0277723129838705,0.211905315518379,0,0.0164681952446699,-0.0069111306220293,0.11594146490097,-0.0320598110556602,0.0459339320659637,0.0276223346590996,0.0722923427820206,0.169601008296013,0.0487771742045879,0.119333624839783,-0.00736989127472043,0.0240026973187923,0.0204643569886684,0.032957773655653,0.13534140586853,0.125165119767189,0.093918651342392,0.0137908672913909,0.0111289350315928,0.0436887294054031,0.0505089797079563,-0.0500291474163532,0.0348409898579121,-0.105977974832058,0.0670038163661957,-0.0269104689359665,0.00777098117396235,-0.106744527816772,0.0465611033141613,0.0340242311358452,0.203951820731163,-0.0644722729921341,0.0418584123253822,0.106836564838886,0.0160725805908442,0.0288641601800919,0.103336535394192,-0.0360112860798836,-0.0204411428421736,0.0159338731318712,0.0408018380403519,0.17856764793396,-0.00642044236883521,0.116785250604153,-0.0275775007903576,0.0219240412116051,0.00118853466119617,0.0283154789358377,0.0985972583293915,0.088598370552063,0.0995165482163429,0.0185467358678579,-0.0174260046333075,-0.00985574442893267,0.0132525367662311,-0.0600566416978836,0.0524668768048286,-0.125388294458389,0.0721969082951546,-0.0475359000265598,-0.0251029767096043,-0.141110137104988,-0.00907703582197428,0.042052086442709,0.209770485758781,-0.0860103815793991,0.0270958691835403,0.132540687918663,0.00391363631933928,0.0237030163407326
0.0401466749608517,0.0553014352917671,0.118564896285534,0.0966380089521408,0.0239391215145588,0.039298128336668,-0.010662192478776,0.108605816960335,0.0522822253406048,0.0315078534185886,0.0938819572329521,0.146396189928055,0.117782324552536,0.0051052519120276,0.0418107248842716,0.0164681952446699,0,0.069695457816124,-0.0232802927494049,0.0893195495009422,-0.0489097088575363,0.0296313725411892,0.0166758969426155,-0.00552543113008142,-0.0184246227145195,-0.0357551015913486,0.0785177871584892,0.0311526134610176,0.0177085045725107,0.0317776910960674,0.05586988478899,-0.0665723755955696,0.00955370906740427,0.0325508639216423,-0.0196424406021833,-0.0783180594444275,-0.0604171194136143,0.0468278490006924,0.00582486763596535,0.065014474093914,-0.00506680132821202,0.0708664506673813,0.122555039823055,-0.0127374185249209,0.0184680074453354,0.00242376234382391,0.0122411828488111,-0.0291030164808035,-0.0140051105991006,-0.0143463229760528,0.0415062569081783,0.0608238242566586,-0.0114359287545085,0.0768313035368919,-0.0358079336583614,0.0298424940556288,0.00773925986140966,0.0171027090400457,-0.0203281473368406,-0.0151264611631632,0.0687670707702637,0.0263231657445431,0.0247323028743267,0.0207506790757179,0.0479243695735931,-0.03709651902318,0.0227444265037775,0.0370617918670177,-0.0101469093933702,-0.102453500032425,-0.0237296372652054,0.0499318093061447,-0.0034233673941344,0.0722077637910843,0.000518497021403164,0.0717690885066986,0.115039989352226,0.0174483638256788,0.0172786694020033,0.00294243358075619,0.0231307316571474,0.0175856743007898,-0.0171312130987644,-0.00300302472896874,0.0464605279266834,0.0709012523293495
0.263913303613663,0.209179177880287,0.153435289859772,0.147698774933815,0.0624259747564793,0.0689271241426468,-0.0320249535143375,0.0658580884337425,0.197943389415741,0.230057537555695,0.251005262136459,0.154754132032394,0.158040925860405,0.0935984328389168,0.0672804489731789,-0.0069111306220293,0.069695457816124,0,-0.061790693551302,0.165330082178116,0.0355996266007423,0.0506610199809074,0.0379739031195641,0.0103742489591241,0.0588477738201618,0.0307971760630608,0.120088405907154,0.0253404919058084,0.0902376845479012,0.0899317115545273,0.0139466067776084,-0.0282605458050966,0.0703211724758148,0.0991898626089096,0.0246561337262392,-0.0533860549330711,-0.00814342219382524,0.162653192877769,0.0815150812268257,0.185352265834808,0.0658923983573914,0.155044302344322,0.132674753665924,0.116469211876392,0.0785505026578903,0.0610174126923084,0.00834433175623417,0.134385913610458,-0.0362071469426155,0.0280513670295477,0.165817737579346,0.190416485071182,-0.00845953170210123,0.180853679776192,0.104807540774345,0.0617750585079193,0.0261206459254026,0.00922982953488827,0.110452026128769,0.0417535789310932,0.148424968123436,0.0280089415609837,0.116509675979614,0.078566774725914,0.0645811334252357,0.0201251395046711,0.0564452074468136,0.116536401212215,0.119047120213509,0.0137011371552944,0.0850890055298805,0.180475115776062,0.0747737735509872,0.202479019761086,0.087851919233799,0.192402809858322,0.140394672751427,0.153083935379982,0.165388807654381,0.0554033815860748,0.0219184700399637,0.176080584526062,-0.00126877822913229,0.00155842548701912,0.13423478603363,0.214541226625443
-0.155388414859772,-0.10999122262001,-0.0312951430678368,-0.0567796640098095,-0.0163619294762611,0.0687636062502861,0.153890609741211,-0.0342645384371281,-0.0474988520145416,-0.070982001721859,-0.19306218624115,-0.0741609707474709,-0.0610832273960114,-0.024874459952116,0.05095174908638,0.11594146490097,-0.0232802927494049,-0.061790693551302,0,-0.0445428229868412,0.235497131943703,0.034177016466856,0.0431658588349819,0.260830014944077,0.204897820949554,0.275456666946411,-0.169329911470413,0.0794020295143127,0.0801968351006508,0.0647879987955093,0.0184501558542252,0.569704651832581,0.00082318700151518,-0.0267966371029615,0.505465507507324,0.228498622775078,0.555751085281372,-0.0433712862432003,0.0539254024624825,-0.10565647482872,0.158112108707428,-0.0700820609927177,-0.138459965586662,0.0157840438187122,0.194502279162407,0.0821755602955818,0.734750151634216,0.24483048915863,0.116561114788055,0.157687216997147,0.167669519782066,0.122710362076759,0.658527016639709,-0.0500418990850449,0.0426054075360298,0.0167621113359928,0.0209239386022091,0.217770531773567,0.0288777463138103,0.192042708396912,-0.208345547318459,0.0811617001891136,0.0144254546612501,0.0580367036163807,-0.0590572468936443,0.328358799219131,0.0236152373254299,-0.00808037351816893,0.233345583081245,0.166207581758499,0.267013877630234,-0.0791320875287056,0.0964775756001472,-0.171525478363037,0.119026154279709,-0.144569411873817,-0.121948234736919,-0.0974036380648613,0.0299693271517754,0.0534175671637058,0.616479873657227,0.0428029410541058,0.0623545832931995,0.164918944239616,0.169077202677727,0.0862781256437302
0.235676437616348,0.257622808218002,0.200119882822037,0.294953107833862,0.107315078377724,0.0439705550670624,-0.0392043851315975,0.0903546214103699,0.163559332489967,0.23204717040062,0.288369536399841,0.206754788756371,0.26802784204483,0.132736802101135,0.0408070385456085,-0.0320598110556602,0.0893195495009422,0.165330082178116,-0.0445428229868412,0,-0.111555591225624,0.169100016355515,0.0518002845346928,0.0208948645740747,-0.112433284521103,-0.0140533363446593,0.0123553723096848,0.0335265621542931,0.206327527761459,0.192995384335518,-0.0910641103982925,-0.273639887571335,0.0117055829614401,0.404890984296799,0.196486294269562,-0.219146996736526,0.0100418869405985,0.285766392946243,0.333966135978699,0.4144307076931,0.404234886169434,0.0945144519209862,0.280485987663269,0.261449366807938,0.317056328058243,0.269693851470947,0.0429853163659573,0.369836390018463,-0.129309043288231,-0.0428438112139702,0.285713583230972,0.56385064125061,0.0234590470790863,0.581698060035706,-0.0955678150057793,0.182859688997269,0.00835393089801073,0.00690181413665414,-0.0995294228196144,0.00981990713626146,0.0614687316119671,0.0371489264070988,0.185126334428787,0.164138540625572,-0.036710549145937,-0.240057870745659,0.0299465600401163,0.378722846508026,0.301986157894135,-0.236836329102516,0.1198960095644,0.286718159914017,0.286316961050034,0.441346317529678,0.401444494724274,0.168021678924561,0.277556389570236,0.249225974082947,0.298657268285751,0.220616966485977,0.0490278415381908,0.467280298471451,-0.157127469778061,-0.0821181014180183,0.239313960075378,0.55689537525177
0.0579090602695942,0.0403138138353825,0.117524899542332,-0.0318040400743484,0.0014406869886443,0.149794220924377,0.0498342551290989,-0.0589370019733906,0.00545990420505404,0.255884051322937,-0.022251795977354,0.0621619410812855,-0.0359777025878429,-0.0407735072076321,0.136780709028244,0.0459339320659637,-0.0489097088575363,0.0355996266007423,0.235497131943703,-0.111555591225624,0,-0.141611218452454,0.0673452839255333,0.188945889472961,0.716961860656738,0.557518720626831,0.200463309884071,-0.0502935647964478,0.275451630353928,-0.0878534540534019,0.114210180938244,0.485469609498978,0.165590643882751,-0.0955380573868752,0.545660257339478,0.465525478124619,0.542507112026215,-0.127845153212547,-0.0204988233745098,0.108223110437393,0.116440922021866,0.312943786382675,-0.0416788198053837,0.696744918823242,0.407703846693039,0.383252948522568,0.0715658068656921,0.451970756053925,0.0241041276603937,0.0102725252509117,-0.0171164534986019,-0.0476168245077133,0.0365379825234413,-0.113256514072418,0.650906443595886,-0.191918894648552,0.0628024637699127,0.112593710422516,0.521696031093597,0.310296952724457,0.0635223165154457,-0.0160664655268192,0.0949407741427422,-0.0840770080685616,0.0565477348864079,0.31512513756752,0.121491335332394,-0.081245981156826,0.249072089791298,0.366748839616776,0.200284004211426,-0.134628131985664,-0.00660371128469706,-0.0139703284949064,0.0443844646215439,0.153509572148323,-0.116331771016121,0.271216362714767,0.0870845392346382,0.164507821202278,0.056515771895647,0.0814400017261505,0.0673220306634903,0.0216938965022564,-0.00414610281586647,-0.10432231426239
-0.0265491530299187,0.0930821001529694,0.00258373445831239,0.0324946828186512,0.00135023205075413,0.0998489186167717,0.0286974292248487,0.0226792357861996,0.0679230690002441,0.00678130937740207,0.072364367544651,-0.0254975855350494,0.029482290148735,0.0151201626285911,0.0858201161026955,0.0276223346590996,0.0296313725411892,0.0506610199809074,0.034177016466856,0.169100016355515,-0.141611218452454,0,0.0186636038124561,0.317808300256729,0.0479705147445202,-0.137691348791122,0.129976391792297,0.240985855460167,0.0392944663763046,0.917212843894958,0.013881697319448,-0.153279140591621,0.15205392241478,0.374553442001343,-0.0704497247934341,-0.177568331360817,-0.136361882090569,0.874827921390533,0.318183064460754,0.0843636617064476,0.295258015394211,0.284754902124405,0.0740980431437492,-0.0196727644652128,0.085430420935154,0.635322332382202,0.178865388035774,0.0243942234665155,-0.0314322337508202,0.013667656108737,0.204893782734871,0.236904188990593,0.0783824697136879,0.154216304421425,-0.24028442800045,0.973061442375183,0.00494095496833324,0.364872246980667,-0.0651636719703674,-0.0837115272879601,0.158402189612389,0.309989303350449,-0.00998129602521658,0.906368792057037,-0.0101278070360422,-0.19129678606987,0.160985440015793,0.344110935926437,-0.101900421082973,-0.248778805136681,-0.149204522371292,0.837183833122253,0.366771072149277,0.0792310014367104,0.310560047626495,0.312879502773285,0.0826646611094475,-0.0857484489679337,0.000268032774329185,0.583033382892609,0.166090533137321,0.0615497194230556,-0.0711492300033569,0.0164262391626835,0.17347477376461,0.215140834450722
0.0219067148864269,0.0190542880445719,0.0119892181828618,0.0107100680470467,0.0106930490583181,0.132421806454659,0.0741783306002617,-0.000405006081564352,0.0163330156356096,0.0493218339979649,0.0141883585602045,-0.0073007489554584,0.0146747278049588,0.011025182902813,0.107512891292572,0.0722923427820206,0.0166758969426155,0.0379739031195641,0.0431658588349819,0.0518002845346928,0.0673452839255333,0.0186636038124561,0,0.157445952296257,0.109849996864796,0.141809090971947,0.0572214610874653,0.0333542339503765,0.09459438174963,0.0422949232161045,0.0905483439564705,0.106416374444962,0.0954087451100349,0.0310996696352959,0.065275676548481,0.0395440310239792,0.0689628720283508,0.0242497492581606,0.0471587330102921,0.0404907613992691,0.0564896427094936,0.0427252128720284,0.0589300468564034,0.0428068302571774,0.0701105818152428,0.0882998779416084,0.108453325927258,0.0626925081014633,0.0305624753236771,0.102547220885754,0.0498411022126675,0.100000932812691,0.0188838839530945,0.0228338669985533,0.0367417261004448,0.00685559259727597,0.0510545447468758,0.129075214266777,0.0733558982610703,0.112863108515739,0.0553175881505013,0.0241009257733822,0.0580797605216503,0.0408187061548233,0.0825829952955246,0.0722565203905106,0.0799377933144569,0.00751861743628979,0.0533041767776012,0.0145443389192224,0.0408241301774979,0.0151674710214138,0.0363727994263172,0.0325432606041431,0.0477857403457165,0.0573570467531681,0.0317909121513367,-0.0052483594045043,0.0455061048269272,0.0731598436832428,0.0794978439807892,0.0359133891761303,0.0159646570682526,0.0501347556710243,0.0280376728624105,0.088310606777668
-0.0578526183962822,-0.0532066784799099,-0.0358919650316238,-0.0230903141200542,-0.0128595698624849,0.220098167657852,0.180366188287735,-0.00946037191897631,0.0032734009437263,-0.0800066739320755,-0.071930356323719,-0.054888091981411,-0.0275093466043472,-0.0221821404993534,0.228420123457909,0.169601008296013,-0.00552543113008142,0.0103742489591241,0.260830014944077,0.0208948645740747,0.188945889472961,0.317808300256729,0.157445952296257,0,0.324947625398636,0.355214506387711,0.0734122693538666,0.543244123458862,0.105657190084457,0.509794473648071,0.173484325408936,0.203037947416306,0.326425850391388,0.0984906628727913,0.136280447244644,0.04648557305336,0.102117404341698,0.27620667219162,0.090582475066185,-0.0524554625153542,0.141586199402809,0.101731866598129,0.041242141276598,-0.011041559278965,0.0963212922215462,0.496739029884338,0.343271672725677,0.013657221570611,0.0646699294447899,0.149616569280624,0.117158144712448,0.137613013386726,0.245889142155647,0.0409338995814323,0.0583349466323853,0.287278354167938,0.107327997684479,0.810429573059082,0.200646102428436,0.354608118534088,0.0717321932315826,0.505482077598572,0.0784622877836227,0.507217884063721,0.135776177048683,0.191483542323112,0.344993054866791,0.107651770114899,0.113668836653233,-0.0199620649218559,0.136333703994751,0.198338136076927,0.143965557217598,-0.0405949875712395,0.178132116794586,0.144372195005417,0.037469707429409,-0.0664520263671875,0.0563088320195675,0.49461418390274,0.275968968868256,-0.00291574303992093,0.0451586171984673,0.137924894690514,0.0895785912871361,0.0997553169727325
