0 0.33781 0.26767 0.27533 0.082718 -0.0087391 -0.087026 0.060278 0.20853 0.72444 0.41254 0.35248 0.28961 0.11147 -0.0010112 -0.093528 0.042165 0.26208 -0.15102 0.2316 0.056445 -0.025315 0.024522 -0.052404 0.066446 0.13919 0.10218 0.021963 0.18866 -0.0027483 -0.14702 -0.11153 0.011195 0.1149 0.085226 -0.057392 0.010223 0.10328 0.057364 0.36233 0.0687 0.19108 0.092433 0.35333 0.038369 0.18031 -0.17041 0.34207 -0.094076 -0.065731 0.024785 0.22105 -0.031861 0.26896 0.40183 -0.022223 0.033197 -0.075259 0.35691 0.23907 0.1936 0.0031228 0.31256 -0.031501 -0.03067 0.11743 0.025293 0.13246 0.37226 0.18854 0.28527 0.1196 0.064582 0.44247 0.17402 0.31175 0.16866 0.58001 0.38266 0.19789 -0.1245 0.51682 -0.0030899 -0.08389 0.041999 0.26711
0.33781 0 0.25614 0.27799 0.1132 0.012817 -0.076793 0.073871 0.22448 0.35354 0.49884 0.27229 0.26277 0.10058 -0.005005 -0.093195 0.056878 0.21472 -0.10196 0.26741 0.042731 0.083461 0.018141 -0.046295 0.06146 0.049195 0.14166 0.072963 0.1493 0.12591 -0.031699 -0.10882 0.01361 0.16671 0.11785 -0.067322 0.012172 0.22663 0.13018 0.33792 0.11697 0.1912 0.16058 0.21685 0.168 0.12326 -0.10489 0.23721 -0.047141 -0.057288 0.16879 0.29136 -0.11289 0.26232 0.058693 0.083227 0.017967 -0.072422 0.061544 -0.0023142 0.13131 0.066879 0.136 0.085282 -0.014546 -0.092178 -0.01489 0.10307 0.16287 -0.037476 0.077668 0.25974 0.078047 0.31892 0.092361 0.18287 0.15337 0.18601 0.1645 0.063045 -0.11835 0.22439 -0.052003 -0.075315 0.15655 0.26358
0.26767 0.25614 0 0.39664 0.10119 0.032358 -0.016231 0.14909 0.1446 0.28766 0.27599 0.58697 0.38404 0.069524 0.027734 -0.032194 0.11944 0.15484 -0.027361 0.20599 0.11523 0.00051215 0.0091103 -0.039662 0.025695 0.049909 0.080439 -0.0039393 0.19679 0.022961 -0.0081925 -0.07408 -0.026162 0.047635 0.22989 -0.013246 0.13705 0.086288 0.0060975 0.20531 0.078828 0.087583 0.17067 0.25246 0.20058 0.054842 -0.067969 0.18949 -0.051924 -0.049401 0.071353 0.18908 -0.024287 0.17869 0.10637 -0.0152 0.034331 -0.063318 0.02135 0.022074 0.063342 0.0034588 0.16463 -0.0058366 -0.0019186 -0.080929 -0.014447 0.023919 0.19809 -0.026398 0.13877 0.096517 -0.018783 0.20166 0.084773 0.075074 0.12371 0.17276 0.15767 0.0061016 -0.065581 0.17949 -0.062691 -0.056962 0.084365 0.17591
0.27533 0.27799 0.39664 0 0.1927 0.010673 -0.0042026 0.11064 0.14254 0.25612 0.28328 0.37867 0.65003 0.12612 0.0065615 -0.015526 0.096308 0.14918 -0.045738 0.3017 -0.033556 0.033997 0.010284 -0.020246 -0.0925 0.011494 0.0073979 0.019332 0.14959 0.048156 -0.028881 -0.15869 -0.022858 0.19325 0.1822 -0.093368 0.062645 0.1233 0.18777 0.21304 0.281 0.036324 0.12948 0.1556 0.17079 0.11575 -0.015381 0.2533 -0.067224 -0.022181 0.13561 0.35663 -0.0082012 0.28851 0.010851 0.036089 0.011892 -0.037492 -0.052115 -0.018447 0.020781 0.023856 0.15305 0.029446 -0.025766 -0.13441 0.0070046 0.15505 0.26315 -0.063875 0.15272 0.14185 0.11902 0.24932 0.26518 0.073729 0.1333 0.17539 0.18808 0.090358 -0.032426 0.30903 -0.067586 -0.057503 0.12978 0.35041
0.082718 0.1132 0.10119 0.1927 0 -0.004608 -0.018488 0.019879 0.054925 0.093471 0.10313 0.11097 0.16578 0.046122 -0.0049619 -0.028521 0.021372 0.061449 -0.01474 0.10627 -0.0025383 0.0048014 0.010984 -0.010673 -0.021116 0.0016172 -0.0071683 -0.011938 0.070667 0.0086491 -0.027908 -0.035245 -0.011497 0.024684 0.070806 0.0017191 0.051748 0.051298 0.072528 0.091778 0.08931 0.0091788 0.054238 0.069733 0.066654 0.013615 0.008872 0.10813 -0.027296 -0.021548 0.063063 0.14412 -0.0051454 0.11368 -0.020071 -0.0012514 -0.012252 -0.031481 -0.038552 -0.01317 -0.0061557 -0.0042264 0.061614 -0.0042498 -0.02297 -0.045773 -0.018824 0.027686 0.086818 -0.010157 0.062886 0.052544 0.055829 0.077527 0.079661 -0.0006623 0.027794 0.042184 0.05236 -0.0079677 -0.0072488 0.10481 -0.04078 -0.02123 0.046477 0.1298
-0.0087391 0.012817 0.032358 0.010673 -0.004608 0 0.16914 0.021293 0.088446 0.056228 -0.00019802 0.023772 0.0040696 -0.016554 0.44309 0.17246 0.04303 0.072804 0.062943 0.042148 0.14566 0.10094 0.13722 0.22253 0.2436 0.12414 0.34418 0.1254 0.083479 0.12555 0.30714 0.21017 0.28104 0.080809 -0.036288 0.016497 -0.025638 0.088498 0.097105 0.098572 0.060533 0.27324 0.23246 -0.0027337 0.17417 0.079282 0.21427 -0.07507 0.057454 0.15326 0.11649 0.081948 0.023406 0.030374 0.011441 0.080056 0.087224 0.21001 0.13359 0.093789 0.2938 0.12757 0.017842 0.11282 0.28401 0.14085 0.23798 0.072849 -0.11516 -0.052394 -0.089284 0.065542 0.10258 0.040748 0.053098 0.23149 0.15904 -0.086003 0.081054 0.044329 0.18321 -0.10492 0.058146 0.12361 0.10266 0.054431
-0.087026 -0.076793 -0.016231 -0.0042026 -0.018488 0.16914 0 -0.0088544 -0.0056885 -0.037201 -0.10129 -0.040761 -0.024796 -0.026136 0.17562 0.25215 -0.008351 -0.028654 0.14629 -0.035654 0.047969 0.027604 0.074527 0.17513 0.062524 0.12771 0.0033711 0.06791 0.014947 0.040231 0.16551 0.16356 0.072455 0.022136 0.020338 0.071196 0.068768 -0.0077743 0.056112 -0.12098 0.07126 -0.034333 0.0015197 -0.12799 0.056573 0.025652 0.22819 -0.064603 0.042894 0.13171 0.017373 0.029504 0.08755 -0.047415 -0.063266 0.018767 0.029008 0.15276 -0.033663 0.074911 -0.025041 0.055908 -0.022031 0.036693 0.092628 0.086897 0.056906 0.025606 -0.056698 -0.019959 -0.025365 -0.0263 0.059739 -0.13636 0.068108 -0.055279 -0.019972 -0.18548 -0.021625 0.031512 0.18646 -0.12076 0.028994 0.10947 0.0030442 -0.00021009
0.060278 0.073871 0.14909 0.11064 0.019879 0.021293 -0.0088544 0 0.053945 0.039291 0.078467 0.13122 0.10642 0.015958 0.034088 0.0019426 0.10981 0.065369 -0.034243 0.092749 -0.060025 0.024881 0.00016273 -0.0062959 -0.041713 -0.022047 0.058012 0.018667 0.02838 0.013283 0.068625 -0.057241 0.023926 0.049492 -0.026136 -0.083284 -0.075349 0.048698 0.024142 0.071981 0.0161 0.048485 0.12123 -0.00078148 0.013429 0.011894 0.0063077 0.0024254 -0.0038275 -0.00010235 0.048162 0.089618 -0.022667 0.078655 -0.041763 0.027478 -0.0044767 0.0023422 -0.021153 0.0053045 0.070944 0.034116 0.033413 0.0057701 0.067133 -0.04031 0.011613 0.048012 0.002868 -0.084189 -0.014068 0.055498 0.015445 0.079869 0.035229 0.060402 0.10177 0.020408 0.036031 0.011275 0.014755 0.056995 -0.014883 0.00034127 0.059761 0.091624
0.20853 0.22448 0.1446 0.14254 0.054925 0.088446 -0.0056885 0.053945 0 0.22196 0.23232 0.13377 0.137 0.052026 0.073824 -0.021162 0.048831 0.2003 -0.040774 0.16806 0.0072281 0.066159 0.018419 0.0088941 0.032662 0.0084303 0.13119 0.021321 0.080902 0.097373 0.023443 -0.05121 0.066941 0.11887 0.039982 -0.058925 -0.011663 0.17122 0.09591 0.19343 0.070611 0.1539 0.14006 0.10052 0.081094 0.053474 0.0038987 0.11449 -0.029465 -0.020751 0.12633 0.18668 -0.029342 0.17363 0.042367 0.06065 0.028919 -0.0090082 0.057716 0.017522 0.14663 0.013887 0.09356 0.086712 0.060248 -0.011492 0.037769 0.073482 0.08512 -0.033459 0.040877 0.17713 0.075261 0.18602 0.066185 0.17274 0.13983 0.10402 0.1241 0.022331 0.0013709 0.14855 -0.035237 -0.0055813 0.1265 0.17621
0.72444 0.35354 0.28766 0.25612 0.093471 0.056228 -0.037201 0.039291 0.22196 0 0.32389 0.28045 0.21599 0.10039 0.046633 -0.050981 0.03264 0.22934 -0.067962 0.22501 0.25043 0.0039049 0.047633 -0.074991 0.20921 0.22881 0.14947 -0.062091 0.20179 0.0085976 -0.015648 0.04651 0.042483 0.18928 0.2171 0.088259 0.17676 0.11618 0.25828 0.30525 0.26494 0.2358 0.082701 0.44697 0.2664 0.2484 -0.1196 0.38261 -0.017338 -0.0081211 0.032356 0.21972 -0.1425 0.16626 0.12641 -0.0057077 0.025458 -0.095799 0.11173 0.11654 0.10509 -0.034741 0.095678 0.00068692 -0.01997 0.0037793 0.025 0.12707 0.13125 0.028778 0.043136 0.13159 0.14679 0.25855 0.15774 0.15365 0.05531 0.23 0.087392 0.089531 -0.10907 0.31713 -0.03625 -0.055862 0.047531 0.18096
0.41254 0.49884 0.27599 0.28328 0.10313 -0.00019802 -0.10129 0.078467 0.23232 0.32389 0 0.32987 0.31083 0.11591 -0.0099728 -0.10779 0.095926 0.2546 -0.18079 0.29549 -0.018348 0.067691 0.01812 -0.06458 0.014779 -0.013805 0.14866 0.05738 0.13232 0.10932 -0.057302 -0.18483 0.014601 0.11878 0.034068 -0.14221 -0.060058 0.23181 0.056367 0.3497 0.066245 0.19728 0.18861 0.19266 0.084709 0.086392 -0.1548 0.22128 -0.082903 -0.076098 0.16821 0.28532 -0.13218 0.30727 0.14213 0.079668 0.0082826 -0.094448 0.14422 -0.0027366 0.19562 0.034515 0.18968 0.070982 -0.003675 -0.065438 0.0075279 0.12956 0.23774 -0.009215 0.15046 0.26886 0.040647 0.40045 0.10786 0.26105 0.20466 0.30007 0.26358 0.068419 -0.13397 0.30961 -0.040355 -0.10353 0.17217 0.30413
0.35248 0.27229 0.58697 0.37867 0.11097 0.023772 -0.040761 0.13122 0.13377 0.28045 0.32987 0 0.40482 0.08533 0.02564 -0.031464 0.14624 0.1544 -0.070078 0.21013 0.060733 -0.026449 -0.0067479 -0.055461 -0.0046305 0.027762 0.085097 0.0066245 0.18944 0.002029 -0.044465 -0.13444 -0.02925 0.032731 0.19309 -0.048178 0.10928 0.084754 0.0020025 0.22817 0.060919 0.069153 0.17383 0.22486 0.12307 0.068577 -0.093459 0.18463 -0.080682 -0.06689 0.066539 0.19187 -0.023376 0.23769 0.1768 -0.04943 0.023754 -0.076118 0.076371 0.05255 0.085775 -0.011591 0.23642 -0.025688 0.00050889 -0.0532 0.0046226 0.037646 0.27521 0.046375 0.22429 0.094985 -0.048836 0.2646 0.076996 0.11626 0.18406 0.27463 0.22753 0.026806 -0.086613 0.23703 -0.055507 -0.055569 0.060815 0.2147
0.28961 0.26277 0.38404 0.65003 0.16578 0.0040696 -0.024796 0.10642 0.137 0.21599 0.31083 0.40482 0 0.14683 0.0073051 -0.0081101 0.11765 0.1593 -0.049475 0.27746 -0.041337 0.029672 0.01544 -0.026149 -0.096299 -0.0018796 -0.0057989 0.039858 0.13982 0.042052 -0.066267 -0.16791 -0.024436 0.16558 0.15328 -0.10983 0.048747 0.1227 0.11893 0.22105 0.22356 0.020498 0.11532 0.13234 0.13125 0.098836 -0.036158 0.23205 -0.082818 -0.047022 0.12993 0.32697 0.017944 0.29445 0.020718 0.023938 0.015379 -0.023026 -0.044271 0.020641 0.0066261 0.036391 0.18873 0.024544 -0.038519 -0.12316 -0.0038833 0.15784 0.29269 -0.045797 0.18783 0.14001 0.11736 0.25222 0.28995 0.071603 0.1302 0.19353 0.19884 0.091812 -0.0027939 0.32335 -0.08718 -0.050549 0.1303 0.38072
0.11147 0.10058 0.069524 0.12612 0.046122 -0.016554 -0.026136 0.015958 0.052026 0.10039 0.11591 0.08533 0.14683 0 -0.0077697 -0.027561 0.0082824 0.092879 -0.023051 0.13351 -0.040109 0.01708 0.010533 -0.019153 -0.026817 -0.021543 0.01452 -0.011592 0.033108 0.020275 -0.031535 -0.057694 0.00040504 0.058941 0.025311 -0.045859 -0.009207 0.060555 0.065725 0.090741 0.068391 0.042153 0.056596 0.044004 0.051829 0.018853 -0.012786 0.085363 -0.042267 -0.012938 0.076906 0.12544 -0.012821 0.10827 0.00052823 0.019202 0.0038131 -0.020759 -0.0046932 -0.014015 0.028286 -0.011199 0.031716 0.023094 -0.01105 -0.033137 -0.0046254 0.069828 0.079031 -0.036352 0.055452 0.075122 0.068225 0.092753 0.087209 0.050413 0.070745 0.064543 0.094316 0.0069432 -0.01233 0.11985 -0.027177 -0.02649 0.066967 0.1368
-0.0010112 -0.005005 0.027734 0.0065615 -0.0049619 0.44309 0.17562 0.034088 0.073824 0.046633 -0.0099728 0.02564 0.0073051 -0.0077697 0 0.21771 0.039861 0.070325 0.049177 0.037561 0.13096 0.086341 0.11174 0.23319 0.22742 0.12649 0.32689 0.1217 0.086339 0.10549 0.31398 0.17924 0.27963 0.081619 -0.042283 -0.015074 -0.049796 0.070397 0.083894 0.078903 0.061225 0.2589 0.24261 -0.02659 0.15874 0.071549 0.21226 -0.089682 0.045967 0.13519 0.098804 0.083776 0.033417 0.044146 0.056497 0.07551 0.10631 0.22479 0.16246 0.13351 0.30885 0.10692 0.057237 0.099488 0.27795 0.16275 0.28132 0.069055 -0.086069 -0.049526 -0.067856 0.059259 0.11137 0.065394 0.053187 0.2527 0.17891 -0.062961 0.10561 0.062772 0.2063 -0.083772 0.043054 0.14187 0.10217 0.080839
-0.093528 -0.093195 -0.032194 -0.015526 -0.028521 0.17246 0.25215 0.0019426 -0.021162 -0.050981 -0.10779 -0.031464 -0.0081101 -0.027561 0.21771 0 0.015141 -0.0049851 0.11228 -0.033254 0.042669 0.024975 0.075224 0.16497 0.043087 0.11629 -0.0029805 0.024 0.014695 0.029834 0.13711 0.12351 0.09509 0.026001 0.003231 0.038848 0.043915 -0.047593 0.042698 -0.10685 0.070498 -0.027613 0.007252 -0.11131 0.03871 0.027295 0.19813 -0.068626 0.041626 0.10611 0.015034 0.026762 0.099544 -0.033409 -0.022843 0.014857 0.043804 0.17384 -0.0060293 0.11921 -0.018374 0.018891 -0.0012399 0.025638 0.10303 0.091764 0.10112 0.026859 -0.020231 -0.0089106 0.012363 -0.056773 0.059316 -0.12484 0.073848 -0.041694 -0.024284 -0.14049 -0.0093437 0.034762 0.20688 -0.084179 0.028973 0.12969 0.0047594 0.023926
0.042165 0.056878 0.11944 0.096308 0.021372 0.04303 -0.008351 0.10981 0.048831 0.03264 0.095926 0.14624 0.11765 0.0082824 0.039861 0.015141 0 0.06752 -0.024619 0.091167 -0.04911 0.030068 0.016261 -0.003801 -0.017203 -0.033108 0.078978 0.029688 0.018969 0.032276 0.054205 -0.067753 0.0099682 0.03091 -0.020818 -0.079726 -0.061853 0.046505 0.007345 0.065809 -0.0027492 0.071754 0.12317 -0.010806 0.019704 0.0055499 0.012692 -0.0259 -0.013648 -0.013115 0.043226 0.063847 -0.015684 0.077093 -0.03929 0.029883 0.0086668 0.018101 -0.021447 -0.013527 0.068341 0.026028 0.025884 0.022759 0.049738 -0.039518 0.023985 0.034749 -0.0097416 -0.10207 -0.02742 0.049315 -0.0030209 0.071479 0.0015528 0.071848 0.11611 0.017991 0.015801 0.0058217 0.019731 0.019313 -0.016939 -0.0022067 0.049112 0.070301
0.26208 0.21472 0.15484 0.14918 0.061449 0.072804 -0.028654 0.065369 0.2003 0.22934 0.2546 0.1544 0.1593 0.092879 0.070325 -0.0049851 0.06752 0 -0.054419 0.16654 0.034265 0.053938 0.043196 0.015208 0.05878 0.032891 0.1223 0.022006 0.093799 0.091889 0.017505 -0.025711 0.071538 0.092635 0.030454 -0.051986 -0.0039875 0.16332 0.080222 0.18778 0.065446 0.15745 0.13634 0.11271 0.083276 0.060995 0.018893 0.13849 -0.03449 0.026646 0.16896 0.1948 -0.0022683 0.18384 0.097366 0.06499 0.026009 0.012036 0.10597 0.038133 0.14971 0.02487 0.11767 0.08313 0.066356 0.020818 0.059684 0.11098 0.11798 0.010583 0.085339 0.18024 0.077203 0.20378 0.086839 0.19161 0.14252 0.14882 0.16406 0.055761 0.026593 0.17436 0.0019097 0.00078441 0.13932 0.2159
-0.15102 -0.10196 -0.027361 -0.045738 -0.01474 0.062943 0.14629 -0.034243 -0.040774 -0.067962 -0.18079 -0.070078 -0.049475 -0.023051 0.049177 0.11228 -0.024619 -0.054419 0 -0.023302 0.22219 0.053121 0.039612 0.25411 0.18087 0.2573 -0.16511 0.079999 0.07802 0.08026 0.0073023 0.5479 0.0017293 0.0041908 0.49578 0.20503 0.55378 -0.020254 0.085417 -0.089741 0.18768 -0.059358 -0.13575 0.01409 0.18664 0.082992 0.72674 0.24424 0.10622 0.15667 0.18298 0.14406 0.6624 -0.035367 0.03854 0.032967 0.020552 0.21282 0.018643 0.1805 -0.19982 0.084623 0.019242 0.073449 -0.064823 0.31573 0.024094 0.019155 0.23521 0.15048 0.26985 -0.053945 0.12887 -0.15536 0.14277 -0.12156 -0.11293 -0.089332 0.035213 0.059711 0.62164 0.070262 0.05202 0.16072 0.18367 0.11228
0.2316 0.26741 0.20599 0.3017 0.10627 0.042148 -0.035654 0.092749 0.16806 0.22501 0.29549 0.21013 0.27746 0.13351 0.037561 -0.033254 0.091167 0.16654 -0.023302 0 -0.11481 0.17871 0.05124 0.030279 -0.11833 -0.019065 0.0074131 0.032935 0.21452 0.19848 -0.094435 -0.27063 0.0088861 0.3928 0.20851 -0.22453 0.018807 0.28965 0.33214 0.42416 0.40547 0.091472 0.27637 0.25605 0.33305 0.27405 0.066405 0.39062 -0.1284 -0.046219 0.29799 0.57429 0.042366 0.59717 -0.10818 0.19032 0.011175 0.014395 -0.11412 0.0027884 0.052897 0.044579 0.18709 0.17406 -0.045409 -0.23738 0.026986 0.37273 0.31371 -0.23686 0.12062 0.28933 0.28734 0.44762 0.4051 0.15469 0.27613 0.24039 0.30376 0.22852 0.06386 0.47551 -0.15939 -0.08452 0.24886 0.56258
0.056445 0.042731 0.11523 -0.033556 -0.0025383 0.14566 0.047969 -0.060025 0.0072281 0.25043 -0.018348 0.060733 -0.041337 -0.040109 0.13096 0.042669 -0.04911 0.034265 0.22219 -0.11481 0 -0.13506 0.068548 0.18625 0.72198 0.56261 0.20346 -0.06922 0.27491 -0.084048 0.11556 0.48862 0.16723 -0.078492 0.55333 0.45132 0.53434 -0.11797 -0.0095286 0.10351 0.12433 0.32261 -0.0411 0.7048 0.41046 0.38011 0.065926 0.45017 0.031811 0.010732 -0.013953 -0.04629 0.03636 -0.11774 0.66596 -0.18958 0.060883 0.10095 0.53811 0.30021 0.073655 -0.039436 0.097549 -0.079883 0.05719 0.32237 0.12228 -0.072214 0.25231 0.34928 0.21545 -0.12278 -0.0012454 -0.012693 0.042528 0.17787 -0.11433 0.29094 0.10406 0.16465 0.046738 0.081855 0.081938 0.021771 -0.0070764 -0.098316
-0.025315 0.083461 0.00051215 0.033997 0.0048014 0.10094 0.027604 0.024881 0.066159 0.0039049 0.067691 -0.026449 0.029672 0.01708 0.086341 0.024975 0.030068 0.053938 0.053121 0.17871 -0.13506 0 0.017304 0.34852 0.062897 -0.13756 0.13197 0.26576 0.041104 0.92099 0.011875 -0.14149 0.15983 0.36252 -0.064889 -0.18166 -0.12767 0.88172 0.31873 0.085356 0.29895 0.28134 0.073439 -0.025623 0.093295 0.64479 0.18963 0.023671 -0.034656 0.016964 0.21099 0.24342 0.095572 0.16871 -0.24116 0.97309 0.0063074 0.3935 -0.050316 -0.069652 0.16396 0.33319 -0.010151 0.91059 -0.008167 -0.18129 0.17462 0.34093 -0.085903 -0.24584 -0.14636 0.84416 0.36296 0.085486 0.31909 0.31 0.085824 -0.086136 0.0083854 0.59094 0.16872 0.067449 -0.074533 0.015383 0.17583 0.2178
0.024522 0.018141 0.0091103 0.010284 0.010984 0.13722 0.074527 0.00016273 0.018419 0.047633 0.01812 -0.0067479 0.01544 0.010533 0.11174 0.075224 0.016261 0.043196 0.039612 0.05124 0.068548 0.017304 0 0.16207 0.11088 0.14161 0.061862 0.036908 0.096353 0.041362 0.0947 0.10681 0.10166 0.030535 0.065429 0.038973 0.068565 0.024795 0.046508 0.044403 0.05671 0.048197 0.062017 0.04142 0.069687 0.085894 0.10687 0.0622 0.03185 0.10505 0.050761 0.10023 0.019979 0.024655 0.039377 0.0057904 0.054821 0.13195 0.078452 0.11617 0.063418 0.026516 0.061915 0.040112 0.087417 0.076814 0.086707 0.0088774 0.054704 0.016581 0.047155 0.01648 0.036897 0.035153 0.047614 0.063041 0.034253 -0.0045826 0.049718 0.072541 0.078888 0.038628 0.020312 0.051036 0.030605 0.091108
-0.052404 -0.046295 -0.039662 -0.020246 -0.010673 0.22253 0.17513 -0.0062959 0.0088941 -0.074991 -0.06458 -0.055461 -0.026149 -0.019153 0.23319 0.16497 -0.003801 0.015208 0.25411 0.030279 0.18625 0.34852 0.16207 0 0.33003 0.34473 0.087877 0.547 0.099841 0.53339 0.17661 0.20208 0.33693 0.10912 0.1282 0.034119 0.098496 0.31379 0.10483 -0.047859 0.1515 0.11738 0.043699 -0.016467 0.09511 0.50833 0.33365 0.0058613 0.068314 0.15029 0.12245 0.14076 0.24842 0.049404 0.055408 0.31788 0.10595 0.81343 0.20923 0.35522 0.09175 0.50886 0.074182 0.53364 0.13966 0.19468 0.35768 0.11976 0.11802 -0.02416 0.13794 0.24294 0.15352 -0.03296 0.18742 0.16781 0.042172 -0.066399 0.063834 0.513 0.27049 0.0041746 0.046155 0.13659 0.096818 0.10511
0.066446 0.06146 0.025695 -0.0925 -0.021116 0.2436 0.062524 -0.041713 0.032662 0.20921 0.014779 -0.0046305 -0.096299 -0.026817 0.22742 0.043087 -0.017203 0.05878 0.18087 -0.11833 0.72198 0.062897 0.11088 0.33003 0 0.51618 0.5556 0.069329 0.17082 0.10941 0.32149 0.6314 0.41812 -0.042814 0.2293 0.35025 0.22468 0.021194 -0.071993 0.21851 -0.1161 0.72004 0.12653 0.52911 0.35957 0.36805 0.083951 0.21964 0.16529 0.10742 0.00022882 -0.091995 0.038855 -0.12539 0.51632 -0.017171 0.06929 0.2324 0.76565 0.31412 0.44353 0.065379 0.047891 0.09764 0.27211 0.53583 0.3378 -0.044372 0.044227 0.2274 0.080124 0.0025861 -0.070323 0.082647 -0.13701 0.55553 0.049986 0.18562 0.17509 0.17272 0.056644 -0.019205 0.2271 0.13312 0.012957 -0.12958
0.13919 0.049195 0.049909 0.011494 0.0016172 0.12414 0.12771 -0.022047 0.0084303 0.22881 -0.013805 0.027762 -0.0018796 -0.021543 0.12649 0.11629 -0.033108 0.032891 0.2573 -0.019065 0.56261 -0.13756 0.14161 0.34473 0.51618 0 -0.0020453 0.083853 0.24993 -0.080992 0.073543 0.45302 0.11302 -0.040174 0.4341 0.38803 0.46724 -0.12274 0.0062098 0.034385 0.12294 -0.013272 -0.075854 0.39878 0.21775 0.36801 0.16194 0.4259 0.026157 0.11992 -0.0081745 0.083657 0.12521 -0.018521 0.34332 -0.16736 0.087959 0.24935 0.33874 0.55923 -0.092554 0.047402 0.14128 -0.078066 -0.0036109 0.31309 0.050043 -0.052747 0.2603 0.25782 0.31503 -0.13991 -0.01292 -0.004882 0.053613 -0.044711 -0.10347 0.13578 0.03284 0.25244 0.11388 0.19418 0.044804 0.087057 -0.0049752 0.033611
0.10218 0.14166 0.080439 0.0073979 -0.0071683 0.34418 0.0033711 0.058012 0.13119 0.14947 0.14866 0.085097 -0.0057989 0.01452 0.32689 -0.0029805 0.078978 0.1223 -0.16511 0.0074131 0.20346 0.13197 0.061862 0.087877 0.5556 -0.0020453 0 0.023227 0.041856 0.12799 0.51232 0.23463 0.40124 0.077884 -0.22976 -0.0434 -0.25175 0.15425 0.041991 0.41486 -0.13912 0.82353 0.46587 0.10506 0.25703 -0.00848 -0.0050031 -0.16315 0.14431 0.051794 0.11768 -0.032724 -0.16211 0.0099583 0.09073 0.091342 0.059739 0.066793 0.36657 -0.036082 0.77707 0.047941 -0.025003 0.11588 0.4718 0.2326 0.32117 0.056836 -0.30819 -0.11927 -0.25921 0.17671 0.051963 0.28958 -0.13325 0.72665 0.34144 -0.027131 0.18985 -0.10362 0.011119 -0.20017 0.13646 0.065431 0.099631 -0.054878
0.021963 0.072963 -0.0039393 0.019332 -0.011938 0.1254 0.06791 0.018667 0.021321 -0.062091 0.05738 0.0066245 0.039858 -0.011592 0.1217 0.024 0.029688 0.022006 0.079999 0.032935 -0.06922 0.26576 0.036908 0.547 0.069329 0.083853 0.023227 0 0.048078 0.43465 0.10093 0.016064 0.052598 0.05336 -0.0031604 -0.020009 0.0027545 0.34416 0.020066 0.025946 0.075436 -0.020772 0.0719 -0.10288 -0.027906 0.30776 0.16423 -0.11396 0.014915 0.056196 0.11612 0.11472 0.15377 0.072123 -0.061322 0.27274 0.029914 0.56749 0.024751 0.1713 0.028181 0.95302 0.080404 0.36753 0.072366 0.05468 0.08754 0.054424 0.095966 -0.022735 0.09083 0.3324 0.10255 0.03435 0.14471 0.021862 0.074004 -0.067923 0.01015 0.37338 0.13339 0.016391 0.029314 0.046342 0.097354 0.11936
0.18866 0.1493 0.19679 0.14959 0.070667 0.083479 0.014947 0.02838 0.080902 0.20179 0.13232 0.18944 0.13982 0.033108 0.086339 0.014695 0.018969 0.093799 0.07802 0.21452 0.27491 0.041104 0.096353 0.099841 0.17082 0.24993 0.041856 0.048078 0 0.055073 0.049763 0.082527 0.057138 0.064758 0.42935 0.28365 0.46623 0.097723 0.033802 0.26735 0.12075 0.093657 0.20229 0.44799 0.28878 0.18654 0.073787 0.40246 -0.039096 0.05233 0.13723 0.33357 0.08881 0.20753 0.23074 0.023151 0.055842 0.066396 0.15333 0.16167 -0.0038039 0.046218 0.40082 0.044238 0.046081 0.066591 0.015845 0.040939 0.375 0.2287 0.43343 0.09213 0.032711 0.20644 0.10467 0.077601 0.16119 0.27845 0.22412 0.087645 0.065493 0.28956 0.0013637 -0.0054259 0.12373 0.31646
-0.0027483 0.12591 0.022961 0.048156 0.0086491 0.12555 0.040231 0.013283 0.097373 0.0085976 0.10932 0.002029 0.042052 0.020275 0.10549 0.029834 0.032276 0.091889 0.08026 0.19848 -0.084048 0.92099 0.041362 0.53339 0.10941 -0.080992 0.12799 0.43465 0.055073 0 0.033033 -0.12517 0.22227 0.36805 -0.028193 -0.16501 -0.074134 0.91873 0.34404 0.10603 0.29972 0.24411 0.084357 -0.021589 0.084134 0.66237 0.21525 0.057154 -0.018115 0.011796 0.27711 0.28175 0.099058 0.18073 -0.17352 0.91006 0.014291 0.54322 0.0085006 0.0070361 0.16218 0.48046 0.030289 0.93138 0.0082154 -0.13604 0.24198 0.33798 -0.001604 -0.20645 -0.06047 0.88168 0.38331 0.11617 0.32829 0.2991 0.090939 -0.06502 0.032547 0.63238 0.18301 0.13921 -0.052857 0.00042036 0.23762 0.25649
-0.14702 -0.031699 -0.0081925 -0.028881 -0.027908 0.30714 0.16551 0.068625 0.023443 -0.015648 -0.057302 -0.044465 -0.066267 -0.031535 0.31398 0.13711 0.054205 0.017505 0.0073023 -0.094435 0.11556 0.011875 0.0947 0.17661 0.32149 0.073543 0.51232 0.10093 0.049763 0.033033 0 0.376 0.28253 -0.0036909 -0.17225 0.074322 -0.10834 -0.0014414 0.021538 -0.015461 -0.067722 0.40207 0.39731 -0.20763 0.25654 -0.095251 0.18578 -0.30836 0.27756 0.18236 0.031063 -0.082448 -0.058681 -0.11646 -0.13344 -0.00035789 0.040875 0.17964 0.086007 0.026925 0.3888 0.12086 -0.086801 0.029466 0.56702 0.24733 0.22899 -0.013287 -0.34754 -0.098729 -0.26831 -0.013791 0.040171 -0.11198 -0.091557 0.24086 0.23273 -0.37419 0.043058 -0.12209 0.1503 -0.35422 0.22739 0.16924 0.029111 -0.11808
-0.11153 -0.10882 -0.07408 -0.15869 -0.035245 0.21017 0.16356 -0.057241 -0.05121 0.04651 -0.18483 -0.13444 -0.16791 -0.057694 0.17924 0.12351 -0.067753 -0.025711 0.5479 -0.27063 0.48862 -0.14149 0.10681 0.20208 0.6314 0.45302 0.23463 0.016064 0.082527 -0.12517 0.376 0 0.15801 -0.19428 0.21197 0.57548 0.35989 -0.19431 -0.11391 -0.076021 -0.14366 0.27642 0.0029367 0.041622 0.35332 -0.11436 0.38405 0.098599 0.30628 0.28893 -0.07192 -0.19591 0.23791 -0.2815 0.21492 -0.19226 0.072986 0.14161 0.34167 0.27928 0.078133 0.018938 -0.053285 -0.10882 0.21132 0.7541 0.092944 -0.18302 -0.11397 0.38019 0.0071264 -0.22009 -0.095355 -0.2094 -0.19171 0.035986 -0.090929 -0.22036 0.072788 -0.15328 0.2842 -0.20952 0.32489 0.27442 -0.04997 -0.21613
0.011195 0.01361 -0.026162 -0.022858 -0.011497 0.28104 0.072455 0.023926 0.066941 0.042483 0.014601 -0.02925 -0.024436 0.00040504 0.27963 0.09509 0.0099682 0.071538 0.0017293 0.0088861 0.16723 0.15983 0.10166 0.33693 0.41812 0.11302 0.40124 0.052598 0.057138 0.22227 0.28253 0.15801 0 0.10542 -0.050459 -0.026219 -0.07525 0.13914 0.054956 0.067508 -0.029556 0.45034 0.21506 0.063458 0.14899 0.13878 0.14429 -0.071565 0.059777 0.096179 0.093525 0.041224 0.030049 0.0042616 0.12163 0.12317 0.068574 0.2891 0.31253 0.1106 0.39146 0.056647 0.017542 0.21825 0.2851 0.18971 0.45042 0.084285 -0.08055 -0.029402 -0.040559 0.11471 0.041351 0.052049 -0.023074 0.42764 0.15924 -0.0016044 0.13679 0.081311 0.1375 -0.083866 0.088329 0.10487 0.065749 0.0036779
0.1149 0.16671 0.047635 0.19325 0.024684 0.080809 0.022136 0.049492 0.11887 0.18928 0.11878 0.032731 0.16558 0.058941 0.081619 0.026001 0.03091 0.092635 0.0041908 0.3928 -0.078492 0.36252 0.030535 0.10912 -0.042814 -0.040174 0.077884 0.05336 0.064758 0.36805 -0.0036909 -0.19428 0.10542 0 0.12441 -0.2108 -0.0079545 0.42367 0.54295 0.26793 0.60616 0.20132 0.10194 0.13464 0.33384 0.37165 0.18118 0.33924 -0.065476 -0.0095521 0.37157 0.48693 0.042075 0.34741 -0.11424 0.33891 0.0034669 0.095494 -0.079041 -0.04161 0.10185 0.050455 0.037558 0.33763 -0.018545 -0.20639 0.13792 0.78108 0.17069 -0.22594 0.054903 0.40145 0.47417 0.32096 0.54928 0.25146 0.089313 0.11456 0.25864 0.30099 0.17775 0.39758 -0.10289 -0.031416 0.32599 0.45803
0.085226 0.11785 0.22989 0.1822 0.070806 -0.036288 0.020338 -0.026136 0.039982 0.2171 0.034068 0.19309 0.15328 0.025311 -0.042283 0.003231 -0.020818 0.030454 0.49578 0.20851 0.55333 -0.064889 0.065429 0.1282 0.2293 0.4341 -0.22976 -0.0031604 0.42935 -0.028193 -0.17225 0.21197 -0.050459 0.12441 0 0.38719 0.84768 0.012467 0.095702 0.097011 0.37492 -0.090343 -0.1131 0.56286 0.4966 0.2943 0.24691 0.67624 -0.057592 0.010795 0.1316 0.38439 0.27693 0.19849 0.34569 -0.085228 0.024508 0.061049 0.12027 0.19507 -0.28911 -0.0063722 0.29084 -0.031255 -0.20851 0.045709 -0.053269 0.10534 0.67496 0.26922 0.60414 -0.0073292 0.087848 0.032029 0.30815 -0.14749 -0.11679 0.2356 0.25344 0.18085 0.19353 0.45544 -0.054769 -0.031125 0.13045 0.33719
-0.057392 -0.067322 -0.013246 -0.093368 0.0017191 0.016497 0.071196 -0.083284 -0.058925 0.088259 -0.14221 -0.048178 -0.10983 -0.045859 -0.015074 0.038848 -0.079726 -0.051986 0.20503 -0.22453 0.45132 -0.18166 0.038973 0.034119 0.35025 0.38803 -0.0434 -0.020009 0.28365 -0.16501 0.074322 0.57548 -0.026219 -0.2108 0.38719 0 0.60396 -0.16557 -0.15004 -0.11928 -0.088306 -0.077841 -0.16998 0.20553 0.19061 -0.090495 0.01659 0.18732 0.14099 0.089494 -0.080265 -0.12534 -0.014491 -0.22876 0.21115 -0.193 0.041216 -0.0013244 0.13194 0.17422 -0.19328 -0.025625 0.11374 -0.16048 -0.027656 0.27485 -0.042682 -0.19562 0.08756 0.55855 0.22957 -0.17859 -0.12144 -0.21672 -0.12235 -0.265 -0.23202 -0.11568 -0.089353 -0.14935 -0.015535 -0.064578 0.122 0.076089 -0.069014 -0.13194
0.010223 0.012172 0.13705 0.062645 0.051748 -0.025638 0.068768 -0.075349 -0.011663 0.17676 -0.060058 0.10928 0.048747 -0.009207 -0.049796 0.043915 -0.061853 -0.0039875 0.55378 0.018807 0.53434 -0.12767 0.068565 0.098496 0.22468 0.46724 -0.25175 0.0027545 0.46623 -0.074134 -0.10834 0.35989 -0.07525 -0.0079545 0.84768 0.60396 0 -0.070982 -0.022515 -0.037263 0.24638 -0.22239 -0.20858 0.42082 0.3343 0.16071 0.23484 0.55249 0.024202 0.036788 0.020494 0.20551 0.28859 -0.019172 0.30119 -0.13794 0.046119 0.033383 0.017753 0.23068 -0.33956 0.001969 0.27945 -0.082478 -0.18018 0.10266 -0.085809 -0.017443 0.50965 0.46654 0.60174 -0.088075 0.0068509 -0.12434 0.15473 -0.31492 -0.21991 0.082564 0.015485 0.06519 0.16142 0.24804 -0.035666 -0.00014111 0.038357 0.16902
0.10328 0.22663 0.086288 0.1233 0.051298 0.088498 -0.0077743 0.048698 0.17122 0.11618 0.23181 0.084754 0.1227 0.060555 0.070397 -0.047593 0.046505 0.16332 -0.020254 0.28965 -0.11797 0.88172 0.024795 0.31379 0.021194 -0.12274 0.15425 0.34416 0.097723 0.91873 -0.0014414 -0.19431 0.13914 0.42367 0.012467 -0.16557 -0.070982 0 0.42096 0.22638 0.37269 0.27966 0.12154 0.02272 0.11553 0.57408 0.11468 0.14346 -0.056091 -0.022713 0.32648 0.37091 0.0095537 0.27972 -0.16775 0.84478 0.0068374 0.32935 -0.033074 -0.05144 0.18968 0.4151 0.08153 0.88048 -0.0022992 -0.19329 0.15338 0.39632 0.044548 -0.18264 -0.034738 0.96715 0.45309 0.2449 0.40943 0.32134 0.13998 0.014697 0.086025 0.54122 0.089576 0.26924 -0.06995 -0.048915 0.29245 0.35921
0.057364 0.13018 0.0060975 0.18777 0.072528 0.097105 0.056112 0.024142 0.09591 0.25828 0.056367 0.0020025 0.11893 0.065725 0.083894 0.042698 0.007345 0.080222 0.085417 0.33214 -0.0095286 0.31873 0.046508 0.10483 -0.071993 0.0062098 0.041991 0.020066 0.033802 0.34404 0.021538 -0.11391 0.054956 0.54295 0.095702 -0.15004 -0.022515 0.42096 0 0.10094 0.89073 0.088604 0.024076 0.05689 0.33313 0.42542 0.31878 0.40799 -0.012255 0.039424 0.49793 0.6079 0.060825 0.29179 -0.16424 0.29123 0.0066627 0.090173 -0.14709 -0.03515 0.022779 0.016353 -0.017584 0.31281 -0.017112 -0.1919 0.077051 0.49236 0.076859 -0.22173 -0.080561 0.38453 0.89982 0.13562 0.7882 0.09637 0.0028098 -0.046067 0.16799 0.32878 0.27126 0.38807 -0.093255 -0.010366 0.4137 0.50857
0.36233 0.33792 0.20531 0.21304 0.091778 0.098572 -0.12098 0.071981 0.19343 0.30525 0.3497 0.22817 0.22105 0.090741 0.078903 -0.10685 0.065809 0.18778 -0.089741 0.42416 0.10351 0.085356 0.044403 -0.047859 0.21851 0.034385 0.41486 0.025946 0.26735 0.10603 -0.015461 -0.076021 0.067508 0.26793 0.097011 -0.11928 -0.037263 0.22638 0.10094 0 0.082831 0.54085 0.36435 0.44038 0.29389 0.17453 -0.071142 0.3641 -0.073773 -0.051275 0.20178 0.35508 -0.062979 0.39255 0.16228 0.086159 0.041571 -0.061188 0.2513 0.055952 0.41482 0.031729 0.24628 0.066867 0.083312 0.012151 0.032738 0.22197 0.18992 -0.079779 0.11084 0.24477 0.082608 0.69714 0.10884 0.51429 0.3347 0.43979 0.34065 0.080367 -0.049734 0.37784 -0.084008 -0.086072 0.19278 0.36634
0.0687 0.11697 0.078828 0.281 0.08931 0.060533 0.07126 0.0161 0.070611 0.26494 0.066245 0.060919 0.22356 0.068391 0.061225 0.070498 -0.0027492 0.065446 0.18768 0.40547 0.12433 0.29895 0.05671 0.1515 -0.1161 0.12294 -0.13912 0.075436 0.12075 0.29972 -0.067722 -0.14366 -0.029556 0.60616 0.37492 -0.088306 0.24638 0.37269 0.89073 0.082831 0 -0.082266 -0.031002 0.13845 0.49301 0.50733 0.3255 0.54403 -0.054205 0.012442 0.42521 0.63736 0.14841 0.35731 -0.085194 0.26952 0.0057213 0.13115 -0.21551 0.017648 -0.14766 0.079412 0.070184 0.28367 -0.11738 -0.23998 0.031403 0.573 0.32757 -0.18832 0.10899 0.34306 0.8205 0.11789 0.91348 -0.032099 -0.04284 0.021306 0.28968 0.44248 0.27554 0.48809 -0.12622 -0.031029 0.34221 0.55685
0.19108 0.1912 0.087583 0.036324 0.0091788 0.27324 -0.034333 0.048485 0.1539 0.2358 0.19728 0.069153 0.020498 0.042153 0.2589 -0.027613 0.071754 0.15745 -0.059358 0.091472 0.32261 0.28134 0.048197 0.11738 0.72004 -0.013272 0.82353 -0.020772 0.093657 0.24411 0.40207 0.27642 0.45034 0.20132 -0.090343 -0.077841 -0.22239 0.27966 0.088604 0.54085 -0.082266 0 0.43169 0.32806 0.37661 0.16536 0.033064 0.062545 0.13764 0.05111 0.12581 0.055401 -0.051681 0.082518 0.21519 0.22797 0.054533 0.09603 0.55435 -0.011727 0.78342 0.047752 0.004194 0.23143 0.39813 0.32656 0.37248 0.15695 -0.18656 -0.11589 -0.2061 0.28236 0.072316 0.42542 -0.075098 0.92636 0.35295 0.17209 0.33359 0.016156 0.05395 0.0016842 0.16821 0.078633 0.12992 0.028222
0.092433 0.16058 0.17067 0.12948 0.054238 0.23246 0.0015197 0.12123 0.14006 0.082701 0.18861 0.17383 0.11532 0.056596 0.24261 0.007252 0.12317 0.13634 -0.13575 0.27637 -0.0411 0.073439 0.062017 0.043699 0.12653 -0.075854 0.46587 0.0719 0.20229 0.084357 0.39731 0.0029367 0.21506 0.10194 -0.1131 -0.16998 -0.20858 0.12154 0.024076 0.36435 -0.031002 0.43169 0 0.054415 0.35279 -0.029589 0.03645 -0.057528 0.048542 0.038672 0.15673 0.18277 -0.096736 0.26551 -0.057064 0.063665 0.047747 0.033786 0.066051 -0.044807 0.43058 0.078873 0.14811 0.065973 0.41831 0.073726 0.16146 0.086103 -0.10022 -0.17587 -0.10927 0.12127 0.017763 0.3127 -0.014768 0.38347 0.57647 0.038978 0.32659 -0.073868 0.064315 -0.012722 0.045471 0.044863 0.14429 0.17339
0.35333 0.21685 0.25246 0.1556 0.069733 -0.0027337 -0.12799 -0.00078148 0.10052 0.44697 0.19266 0.22486 0.13234 0.044004 -0.02659 -0.11131 -0.010806 0.11271 0.01409 0.25605 0.7048 -0.025623 0.04142 -0.016467 0.52911 0.39878 0.10506 -0.10288 0.44799 -0.021589 -0.20763 0.041622 0.063458 0.13464 0.56286 0.20553 0.42082 0.02272 0.05689 0.44038 0.13845 0.32806 0.054415 0 0.46454 0.41513 -0.10761 0.67193 -0.12372 -0.095261 0.08159 0.25679 0.0032317 0.21667 0.5507 -0.052509 0.032077 -0.058201 0.44858 0.20831 0.046153 -0.084155 0.2838 -0.038113 -0.14646 0.079286 0.019013 0.10907 0.43958 0.19825 0.31294 0.033199 0.005374 0.37055 0.10171 0.29279 0.032794 0.70899 0.27342 0.21111 -0.084557 0.44371 -0.093381 -0.13142 0.074285 0.19954
0.038369 0.168 0.20058 0.17079 0.066654 0.17417 0.056573 0.013429 0.081094 0.2664 0.084709 0.12307 0.13125 0.051829 0.15874 0.03871 0.019704 0.083276 0.18664 0.33305 0.41046 0.093295 0.069687 0.09511 0.35957 0.21775 0.25703 -0.027906 0.28878 0.084134 0.25654 0.35332 0.14899 0.33384 0.4966 0.19061 0.3343 0.11553 0.33313 0.29389 0.49301 0.37661 0.35279 0.46454 0 0.29781 0.1741 0.48837 0.10178 0.058678 0.20312 0.31699 0.036562 0.25799 0.13132 0.040252 0.047186 0.053573 0.074413 0.082828 0.12275 -0.0067982 0.062052 0.076375 0.13207 0.11038 0.12651 0.32284 0.18285 -0.049609 0.052476 0.092429 0.27879 0.17261 0.40153 0.17625 0.18757 0.0564 0.54166 0.1606 0.16869 0.22847 0.089908 0.047317 0.18261 0.2597
0.18031 0.12326 0.054842 0.11575 0.013615 0.079282 0.025652 0.011894 0.053474 0.2484 0.086392 0.068577 0.098836 0.018853 0.071549 0.027295 0.0055499 0.060995 0.082992 0.27405 0.38011 0.64479 0.085894 0.50833 0.36805 0.36801 -0.00848 0.30776 0.18654 0.66237 -0.095251 -0.11436 0.13878 0.37165 0.2943 -0.090495 0.16071 0.57408 0.42542 0.17453 0.50733 0.16536 -0.029589 0.41513 0.29781 0 0.083874 0.5152 -0.066637 -0.015077 0.18129 0.36801 0.081356 0.25938 0.18126 0.60293 0.046073 0.45992 0.21012 0.30573 0.03922 0.27182 0.12439 0.66329 -0.091398 -0.12058 0.15393 0.34129 0.31152 -0.10928 0.16525 0.55959 0.3652 0.19881 0.46658 0.26457 -0.010666 0.24635 0.17566 0.93706 0.032011 0.43639 -0.075277 -0.040164 0.15633 0.31965
-0.17041 -0.10489 -0.067969 -0.015381 0.008872 0.21427 0.22819 0.0063077 0.0038987 -0.1196 -0.1548 -0.093459 -0.036158 -0.012786 0.21226 0.19813 0.012692 0.018893 0.72674 0.066405 0.065926 0.18963 0.10687 0.33365 0.083951 0.16194 -0.0050031 0.16423 0.073787 0.21525 0.18578 0.38405 0.14429 0.18118 0.24691 0.01659 0.23484 0.11468 0.31878 -0.071142 0.3255 0.033064 0.03645 -0.10761 0.1741 0.083874 0 0.11809 0.071469 0.22479 0.58013 0.32733 0.58865 0.060677 -0.078869 0.15193 0.071338 0.31989 -0.046786 0.089494 -0.050871 0.14349 0.023934 0.20113 0.11049 0.20667 0.15622 0.21308 0.12296 -0.045066 0.078028 0.052728 0.35254 -0.081028 0.31865 0.010583 0.043921 -0.17264 0.08208 0.10499 0.85608 0.075592 0.035825 0.20546 0.48281 0.27804
0.34207 0.23721 0.18949 0.2533 0.10813 -0.07507 -0.064603 0.0024254 0.11449 0.38261 0.22128 0.18463 0.23205 0.085363 -0.089682 -0.068626 -0.0259 0.13849 0.24424 0.39062 0.45017 0.023671 0.0622 0.0058613 0.21964 0.4259 -0.16315 -0.11396 0.40246 0.057154 -0.30836 0.098599 -0.071565 0.33924 0.67624 0.18732 0.55249 0.14346 0.40799 0.3641 0.54403 0.062545 -0.057528 0.67193 0.48837 0.5152 0.11809 0 -0.099596 -0.044431 0.29631 0.58602 0.21109 0.37663 0.37374 0.0090685 0.019259 -0.061428 0.25952 0.26668 -0.15968 -0.085097 0.31998 0.038205 -0.27822 0.10127 -0.065255 0.2854 0.63305 0.20659 0.50543 0.13966 0.30136 0.33523 0.47485 0.11714 -0.029195 0.50691 0.40229 0.37146 0.097494 0.83413 -0.081857 -0.087026 0.2315 0.52485
-0.094076 -0.047141 -0.051924 -0.067224 -0.027296 0.057454 0.042894 -0.0038275 -0.029465 -0.017338 -0.082903 -0.080682 -0.082818 -0.042267 0.045967 0.041626 -0.013648 -0.03449 0.10622 -0.1284 0.031811 -0.034656 0.03185 0.068314 0.16529 0.026157 0.14431 0.014915 -0.039096 -0.018115 0.27756 0.30628 0.059777 -0.065476 -0.057592 0.14099 0.024202 -0.056091 -0.012255 -0.073773 -0.054205 0.13764 0.048542 -0.12372 0.10178 -0.066637 0.071469 -0.099596 0 0.09519 -0.069655 -0.1268 0.029548 -0.146 -0.084085 -0.02847 0.0089702 0.057118 0.0054085 0.018537 0.080127 0.021453 -0.094475 -0.018579 0.16024 0.20197 0.038519 -0.056258 -0.16561 0.046739 -0.12293 -0.052163 0.003949 -0.15107 -0.076601 0.021877 0.0005956 -0.24846 -0.013019 -0.053078 0.058967 -0.19118 0.21446 0.090035 -0.037282 -0.144
-0.065731 -0.057288 -0.049401 -0.022181 -0.021548 0.15326 0.13171 -0.00010235 -0.020751 -0.0081211 -0.076098 -0.06689 -0.047022 -0.012938 0.13519 0.10611 -0.013115 0.026646 0.15667 -0.046219 0.010732 0.016964 0.10505 0.15029 0.10742 0.11992 0.051794 0.056196 0.05233 0.011796 0.18236 0.28893 0.096179 -0.0095521 0.010795 0.089494 0.036788 -0.022713 0.039424 -0.051275 0.012442 0.05111 0.038672 -0.095261 0.058678 -0.015077 0.22479 -0.044431 0.09519 0 0.032158 0.021031 0.091276 -0.065101 -0.048344 0.0051333 0.039698 0.12319 0.025994 0.09576 0.035089 0.047291 -0.026345 0.026945 0.13885 0.22012 0.068095 -0.01179 -0.04172 0.03058 -0.025551 -0.033039 0.027008 -0.090888 -0.0088999 0.016723 0.0080472 -0.14587 0.033237 -0.019001 0.19511 -0.081848 0.10667 0.17045 0.01736 0.0071142
0.024785 0.16879 0.071353 0.13561 0.063063 0.11649 0.017373 0.048162 0.12633 0.032356 0.16821 0.066539 0.12993 0.076906 0.098804 0.015034 0.043226 0.16896 0.18298 0.29799 -0.013953 0.21099 0.050761 0.12245 0.00022882 -0.0081745 0.11768 0.11612 0.13723 0.27711 0.031063 -0.07192 0.093525 0.37157 0.1316 -0.080265 0.020494 0.32648 0.49793 0.20178 0.42521 0.12581 0.15673 0.08159 0.20312 0.18129 0.58013 0.29631 -0.069655 0.032158 0 0.51432 0.24109 0.30488 -0.013194 0.2073 0.040422 0.13098 0.0087766 -0.013323 0.097792 0.10942 0.13606 0.24993 0.050181 -0.056734 0.10927 0.36294 0.19038 -0.079272 0.094032 0.29984 0.46663 0.24313 0.41932 0.1687 0.16549 0.073501 0.20659 0.1718 0.54795 0.36558 -0.047302 -0.0062169 0.66119 0.47263
0.22105 0.29136 0.18908 0.35663 0.14412 0.081948 0.029504 0.089618 0.18668 0.21972 0.28532 0.19187 0.32697 0.12544 0.083776 0.026762 0.063847 0.1948 0.14406 0.57429 -0.04629 0.24342 0.10023 0.14076 -0.091995 0.083657 -0.032724 0.11472 0.33357 0.28175 -0.082448 -0.19591 0.041224 0.48693 0.38439 -0.12534 0.20551 0.37091 0.6079 0.35508 0.63736 0.055401 0.18277 0.25679 0.31699 0.36801 0.32733 0.58602 -0.1268 0.021031 0.51432 0 0.18638 0.55026 -0.022164 0.23566 0.057048 0.098542 -0.051893 0.059219 -0.0002386 0.11751 0.32229 0.2543 -0.058263 -0.15355 0.055107 0.45709 0.49905 -0.092184 0.33267 0.36094 0.53523 0.40568 0.61256 0.1548 0.19956 0.25496 0.34321 0.32344 0.29153 0.65199 -0.13504 -0.0343 0.42204 0.77548
-0.031861 -0.11289 -0.024287 -0.0082012 -0.0051454 0.023406 0.08755 -0.022667 -0.029342 -0.1425 -0.13218 -0.023376 0.017944 -0.012821 0.033417 0.099544 -0.015684 -0.0022683 0.6624 0.042366 0.03636 0.095572 0.019979 0.24842 0.038855 0.12521 -0.16211 0.15377 0.08881 0.099058 -0.058681 0.23791 0.030049 0.042075 0.27693 -0.014491 0.28859 0.0095537 0.060825 -0.062979 0.14841 -0.051681 -0.096736 0.0032317 0.036562 0.081356 0.58865 0.21109 0.029548 0.091276 0.24109 0.18638 0 0.053922 0.16752 0.097451 0.032368 0.27817 0.15138 0.20249 -0.15626 0.10693 0.12652 0.096001 -0.048818 0.3993 0.039978 0.059144 0.42233 0.15292 0.46084 -0.021127 0.10673 -0.025587 0.19772 0.01842 -0.04329 0.042243 0.23997 0.081087 0.71273 0.2352 0.04437 0.15897 0.2113 0.17769
