0,0.342976480722427,0.270216464996338,0.280298560857773,0.0832407921552658,-0.00518231187015772,-0.0911745429039001,0.0629334598779678,0.212758094072342,0.728453755378723,0.418477892875671,0.355513691902161,0.292792737483978,0.110888600349426,0.00365797849372029,-0.0970619022846222,0.0441679991781712,0.264390081167221,-0.149347499012947,0.235291942954063,0.0811231285333633,-0.0330766998231411,0.0288397390395403,-0.0455500893294811,0.0778099969029427,0.149356737732887,0.103946939110756,0.028179157525301,0.199343293905258,0.00136632018256932,-0.142396882176399,-0.095772847533226,0.0177186466753483,0.116491220891476,0.113443404436111,-0.0492884442210197,0.0271226540207863,0.110865242779255,0.0609217435121536,0.363447964191437,0.0878289490938187,0.188763678073883,0.0993497967720032,0.369673848152161,0.0577458441257477,0.180668994784355,-0.160282969474792,0.3646200299263,-0.096969872713089,-0.0634088888764381,0.0473653860390186,0.237941041588783,-0.0475366935133934,0.280476272106171,0.428244680166245,-0.0296416655182838,0.0372924320399761,-0.071395181119442,0.371698170900345,0.250099897384644,0.192392826080322,0.00571030518040061,0.331412941217422,-0.0303129758685827,-0.0255217216908932,0.133641764521599,0.0240696724504232,0.131103724241257,0.401943624019623,0.203088745474815,0.304949820041656,0.12821039557457,0.0628294423222542,0.446937918663025,0.180001452565193,0.310858994722366,0.176780819892883,0.595895171165466,0.404641151428223,0.196462690830231,-0.119308225810528,0.538457989692688,0.0119884973391891,-0.078965075314045,0.0602828897535801,0.287180572748184
0.342976480722427,0,0.248264595866203,0.274214178323746,0.107630141079426,0.018176082521677,-0.078173503279686,0.0695505142211914,0.219855293631554,0.353397130966187,0.478836268186569,0.266131550073624,0.25469583272934,0.0955068841576576,-0.000135074369609356,-0.0933317095041275,0.0562904067337513,0.207430243492126,-0.0982738509774208,0.262279212474823,0.0577574782073498,0.0787286683917046,0.0247668549418449,-0.0432046130299568,0.0714495852589607,0.0560984946787357,0.142765089869499,0.0779789313673973,0.154811352491379,0.121392719447613,-0.0258657671511173,-0.0933157727122307,0.0187700800597668,0.16701366007328,0.129498109221458,-0.0595765821635723,0.0183057300746441,0.220721647143364,0.129033893346786,0.333289355039597,0.125735133886337,0.194049373269081,0.160324022173882,0.227181732654572,0.179172307252884,0.129661694169044,-0.0965627655386925,0.247774183750153,-0.0423107407987118,-0.0509611703455448,0.172252207994461,0.293769270181656,-0.120149731636047,0.259556949138641,0.0692515149712563,0.0757564902305603,0.018491867929697,-0.0689342767000198,0.0667608231306076,0.00856874231249094,0.125781789422035,0.0749993398785591,0.138647943735123,0.0819713771343231,-0.0120558012276888,-0.0833703875541687,-0.0100765451788902,0.0977084040641785,0.168908104300499,-0.0333006642758846,0.0808770880103111,0.252374738454819,0.0790137648582458,0.316383183002472,0.0995564833283424,0.181474521756172,0.149229198694229,0.192687883973122,0.167716532945633,0.0697419568896294,-0.108559601008892,0.233690455555916,-0.0444882549345493,-0.0656058117747307,0.157357677817345,0.268310129642487
0.270216464996338,0.248264595866203,0,0.383506208658218,0.0936340987682343,0.0311665069311857,-0.0236304122954607,0.145452320575714,0.13961598277092,0.285603195428848,0.264688491821289,0.565666854381561,0.367581605911255,0.0663947835564613,0.0281953383237123,-0.0307941157370806,0.115735657513142,0.152592882514,-0.0233765821903944,0.202622428536415,0.129272073507309,-0.0035331326071173,0.0126717071980238,-0.0338450409471989,0.0402793511748314,0.0591462068259716,0.0784247219562531,0.00173220422584563,0.197645753622055,0.0193628557026386,-0.00576020916923881,-0.0614527948200703,-0.0200652852654457,0.0574658550322056,0.240740463137627,0.000796507869381458,0.140239492058754,0.0812427401542664,0.0143875498324633,0.201589331030846,0.091861329972744,0.0880889371037483,0.169885858893394,0.261756747961044,0.214275553822517,0.0655796974897385,-0.0643307492136955,0.199808195233345,-0.0482512749731541,-0.046977411955595,0.074377715587616,0.191246896982193,-0.0336999520659447,0.177576050162315,0.115356206893921,-0.018761184066534,0.0348584875464439,-0.0593847334384918,0.0330519638955593,0.0310219042003155,0.0598833039402962,0.0100367646664381,0.16487143933773,-0.0065277605317533,-0.00276398425921798,-0.0703582763671875,-0.0132310790941119,0.0274447612464428,0.203335806727409,-0.0216841660439968,0.138879716396332,0.0927548557519913,-0.00918129179626703,0.197951674461365,0.0958910509943962,0.0721536576747894,0.120041511952877,0.177393823862076,0.165043875575066,0.0173025261610746,-0.0650682896375656,0.18682886660099,-0.0614187307655811,-0.050423763692379,0.0839170888066292,0.178745150566101
0.280298560857773,0.274214178323746,0.383506208658218,0,0.183540120720863,0.0121448803693056,-0.00816444028168917,0.108036197721958,0.139062315225601,0.258978337049484,0.277103185653687,0.36614128947258,0.637115120887756,0.12107141315937,0.00451108673587441,-0.0165071561932564,0.0923997312784195,0.146866157650948,-0.0508977547287941,0.297938257455826,-0.0187729280441999,0.0270222332328558,0.0162739381194115,-0.0138714900240302,-0.0840199142694473,0.0253590811043978,0.00378093286417425,0.0316453315317631,0.150216102600098,0.0438726507127285,-0.0317868441343307,-0.146979093551636,-0.0212604515254498,0.189786806702614,0.190609633922577,-0.0835487395524979,0.0631099417805672,0.116495348513126,0.1917684674263,0.208727419376373,0.295092850923538,0.0308376234024763,0.124143950641155,0.171503841876984,0.172948479652405,0.117262534797192,-0.00677703367546201,0.257468998432159,-0.0687477439641953,-0.017281498759985,0.142770782113075,0.355272769927979,-0.018828522413969,0.286521464586258,0.0160729289054871,0.0307784341275692,0.0151225160807371,-0.0314593613147736,-0.0505242943763733,-0.00755971809849143,0.0098038399592042,0.0379776693880558,0.14998970925808,0.0276689752936363,-0.0309702921658754,-0.12961208820343,0.00279055838473141,0.15136581659317,0.266224175691605,-0.0642449259757996,0.152628183364868,0.136337488889694,0.126484304666519,0.244348227977753,0.274198949337006,0.0630360692739487,0.12439151853323,0.178857550024986,0.181235134601593,0.0968173146247864,-0.0255082044750452,0.309613615274429,-0.0654069408774376,-0.052861113101244,0.131383016705513,0.348445683717728
0.0832407921552658,0.107630141079426,0.0936340987682343,0.183540120720863,0,-0.00492808874696493,-0.0188688226044178,0.0197814963757992,0.0528749115765095,0.0939488708972931,0.0982255935668945,0.101693689823151,0.155211344361305,0.0438965819776058,-0.00544543378055096,-0.0271040070801973,0.016810042783618,0.0570852234959602,-0.017345953732729,0.101539433002472,0.00264110462740064,0.00288219796493649,0.010886000469327,-0.0101978266611695,-0.0185274332761765,0.00283551937900484,-0.00776718044653535,-0.00823858380317688,0.0703845173120499,0.0061638131737709,-0.0278988890349865,-0.0325609482824802,-0.0100556155666709,0.0238292030990124,0.0709382370114326,0.00251201377250254,0.0485475361347198,0.0474499836564064,0.0755215808749199,0.0920220986008644,0.0934080332517624,0.0106161581352353,0.0520221516489983,0.0714818611741066,0.0676953494548798,0.0182862803339958,0.01084556709975,0.1080437079072,-0.0292658172547817,-0.0208847057074308,0.0618187859654427,0.141632527112961,-0.0105847427621484,0.110210224986076,-0.0150309773162007,-0.00410783570259809,-0.0108368201181293,-0.0291543211787939,-0.0358081161975861,-0.00875063054263592,-0.00787702575325966,0.000448494189186022,0.0590620413422585,-0.0062200790271163,-0.0235334243625402,-0.0442612916231155,-0.0161921009421349,0.0276815909892321,0.0865791812539101,-0.0105294780805707,0.0622729435563087,0.0476557239890099,0.0553884096443653,0.0781705603003502,0.0803821161389351,0.000522148737218231,0.0243594143539667,0.0453960634768009,0.0507763251662254,-0.00169833679683506,-0.00814137421548367,0.106375053524971,-0.0380921810865402,-0.0197304636240005,0.0452692992985249,0.125890269875526
-0.00518231187015772,0.018176082521677,0.0311665069311857,0.0121448803693056,-0.00492808874696493,0,0.166285917162895,0.0230260193347931,0.0858149975538254,0.0538976490497589,0.00583695527166128,0.0246104877442122,0.00328621943481266,-0.0160880945622921,0.428938388824463,0.162953794002533,0.0424058884382248,0.0702352896332741,0.0617405213415623,0.0383441336452961,0.132837846875191,0.095664918422699,0.135083571076393,0.218576267361641,0.234515517950058,0.124513767659664,0.335407853126526,0.123684696853161,0.0760317221283913,0.116942666471004,0.301408797502518,0.203185439109802,0.273859083652496,0.0767463967204094,-0.040646355599165,0.0170073565095663,-0.0240646228194237,0.0779306441545486,0.0948634743690491,0.0954024344682693,0.0518500506877899,0.266440659761429,0.231621623039246,-0.00847561843693256,0.161520153284073,0.0796298086643219,0.211638286709785,-0.0790263339877129,0.0550850294530392,0.147241249680519,0.10416279733181,0.073422335088253,0.0342597924172878,0.0246353130787611,0.0034095027949661,0.0751237794756889,0.0891218110918999,0.206726402044296,0.130706146359444,0.0879231691360474,0.286471307277679,0.125010564923286,0.0120145557448268,0.104364149272442,0.277637302875519,0.136301040649414,0.231597870588303,0.0687043070793152,-0.119857951998711,-0.0527285896241665,-0.0945149064064026,0.0560805052518845,0.0997152030467987,0.0398590713739395,0.0478816404938698,0.223649576306343,0.154507458209991,-0.0881255716085434,0.0700047239661217,0.0461782850325108,0.181732341647148,-0.114040859043598,0.0523005202412605,0.123165719211102,0.0910303741693497,0.0485766232013702
-0.0911745429039001,-0.078173503279686,-0.0236304122954607,-0.00816444028168917,-0.0188688226044178,0.166285917162895,0,-0.00854100193828344,-0.00850717537105083,-0.0432276055216789,-0.0998989343643188,-0.0435561984777451,-0.0271489936858416,-0.0241204351186752,0.168622359633446,0.247964054346085,-0.00788355711847544,-0.028863076120615,0.144759446382523,-0.0419450737535954,0.0471071787178516,0.0272863637655973,0.0750047340989113,0.172409698367119,0.0597447641193867,0.128748431801796,-0.00395144615322351,0.0706925466656685,0.0131917726248503,0.0368682965636253,0.157980516552925,0.161839678883553,0.0695511549711227,0.0223345588892698,0.0165037829428911,0.074777714908123,0.0686239823698997,-0.0132808769121766,0.0596442371606827,-0.12028793990612,0.0658673942089081,-0.0381437353789806,-0.00033494271337986,-0.125652715563774,0.049378726631403,0.0273428112268448,0.228059574961662,-0.0702337175607681,0.0408199466764927,0.129896655678749,0.0139826023951173,0.0263700932264328,0.0917777642607689,-0.0510819926857948,-0.066284067928791,0.0204888358712196,0.0327450260519981,0.152640670537949,-0.0390670113265514,0.0682450532913208,-0.0279160123318434,0.0587435588240623,-0.0258201621472836,0.0327202342450619,0.0862336903810501,0.0840522795915604,0.050672460347414,0.0248778127133846,-0.0624566711485386,-0.0205459911376238,-0.0273436419665813,-0.0321101173758507,0.063709020614624,-0.139069110155106,0.0696041136980057,-0.0598179884254932,-0.0234933979809284,-0.184241980314255,-0.0295491050928831,0.0341523513197899,0.188023269176483,-0.129155367612839,0.025653462857008,0.108428128063679,0.000103779137134552,-0.00808919128030539
0.0629334598779678,0.0695505142211914,0.145452320575714,0.108036197721958,0.0197814963757992,0.0230260193347931,-0.00854100193828344,0,0.0507159680128098,0.0426798090338707,0.0777068883180618,0.12879940867424,0.1032470241189,0.0161878000944853,0.0345310010015965,0.00253548310138285,0.107415318489075,0.0632028132677078,-0.036593072116375,0.0865727514028549,-0.0577887333929539,0.0196944940835238,0.00104678852949291,-0.007891945540905,-0.0412936843931675,-0.0194493550807238,0.0547641254961491,0.0159696061164141,0.0240442231297493,0.00919913407415152,0.0656267702579498,-0.0550250224769115,0.0260826665908098,0.0471637509763241,-0.023725425824523,-0.080227717757225,-0.0746818631887436,0.0451899617910385,0.0233722776174545,0.0712817162275314,0.0161170717328787,0.0470771268010139,0.122433051466942,-9.25548374652863e-06,0.0116766430437565,0.00874676182866096,0.00815932918339968,-0.00179310550447553,-0.00399525184184313,-0.000197036191821098,0.0459015108644962,0.0877092853188515,-0.0210527181625366,0.0764456242322922,-0.0392215885221958,0.0226273201406002,-0.00480106892064214,-0.000729109975509346,-0.0170734915882349,0.00350688258185983,0.0688256323337555,0.0300410315394402,0.0301039572805166,0.00287002371624112,0.064265102148056,-0.03504953160882,0.00927381869405508,0.043568029999733,0.0017751392442733,-0.0841293707489967,-0.0130587154999375,0.0519234277307987,0.0144938267767429,0.0805814415216446,0.0343473851680756,0.0602323748171329,0.103477999567986,0.0204731728881598,0.0344387777149677,0.00842172000557184,0.0147497477009892,0.0546129085123539,-0.0189503785222769,-0.000375920877559111,0.0568706765770912,0.0900115519762039
0.212758094072342,0.219855293631554,0.13961598277092,0.139062315225601,0.0528749115765095,0.0858149975538254,-0.00850717537105083,0.0507159680128098,0,0.220868334174156,0.222405701875687,0.128590047359467,0.133422270417213,0.0445804856717587,0.0703277513384819,-0.0194696970283985,0.0495518818497658,0.191135987639427,-0.0405987277626991,0.164124771952629,0.0117679135873914,0.0640732422471046,0.0197687782347202,0.0090234475210309,0.0328818820416927,0.0135819045826793,0.125499486923218,0.0213167108595371,0.0805759727954865,0.0913323685526848,0.0184100978076458,-0.0481224618852139,0.0643035992980003,0.115779131650925,0.0483682304620743,-0.0556090511381626,-0.00733716459944844,0.163416162133217,0.0932919606566429,0.188863828778267,0.0744968354701996,0.148705825209618,0.133398652076721,0.105200923979282,0.0836663916707039,0.0563456155359745,0.00625481130555272,0.117096520960331,-0.0287824161350727,-0.0196790620684624,0.122244767844677,0.186935231089592,-0.0336595438420773,0.169752538204193,0.0458411797881126,0.0569477044045925,0.0306492019444704,-0.00804015249013901,0.0595566183328629,0.0215619802474976,0.136855021119118,0.0164860729128122,0.0969942957162857,0.0815127566456795,0.0559422634541988,-0.0106495078653097,0.0347593054175377,0.0679780319333076,0.0907299295067787,-0.0316855348646641,0.0448803268373013,0.168972373008728,0.0726485028862953,0.181986883282661,0.0687811076641083,0.168072044849396,0.134600207209587,0.108699701726437,0.123702056705952,0.0276824869215488,0.00504595786333084,0.150654643774033,-0.0338450856506824,-0.00270363688468933,0.122427210211754,0.173833221197128
0.728453755378723,0.353397130966187,0.285603195428848,0.258978337049484,0.0939488708972931,0.0538976490497589,-0.0432276055216789,0.0426798090338707,0.220868334174156,0,0.323180586099625,0.279466599225998,0.215020820498466,0.0977761149406433,0.0505334809422493,-0.0522760860621929,0.0342059209942818,0.23041433095932,-0.0497562102973461,0.231228485703468,0.280644804239273,-0.0173694156110287,0.0509479008615017,-0.0746935158967972,0.232634663581848,0.244047939777374,0.150829821825027,-0.0683658868074417,0.216349974274635,-0.00294677610509098,-0.0108417868614197,0.0718184113502502,0.0469866842031479,0.186055958271027,0.250451892614365,0.110225260257721,0.205623731017113,0.111171513795853,0.249798104166985,0.311397939920425,0.275294572114944,0.240333884954453,0.0891520828008652,0.47269195318222,0.303225159645081,0.24544832110405,-0.12270001322031,0.409776777029037,-0.013700008392334,-0.00374815450049937,0.0401289388537407,0.226402297616005,-0.149838075041771,0.169574216008186,0.14550806581974,-0.0269217640161514,0.0270921513438225,-0.0913662686944008,0.127839833498001,0.133742958307266,0.100287906825542,-0.0356592535972595,0.109995864331722,-0.0136302653700113,-0.0218518525362015,0.0188384409993887,0.02641586586833,0.121011257171631,0.149639517068863,0.0422766022384167,0.0639115646481514,0.128293111920357,0.140752717852592,0.256838738918304,0.161266088485718,0.150650531053543,0.0547018609941006,0.242855995893478,0.107989698648453,0.085406094789505,-0.108678571879864,0.326501309871674,-0.0315489359200001,-0.0502782315015793,0.0574302226305008,0.189434185624123
0.418477892875671,0.478836268186569,0.264688491821289,0.277103185653687,0.0982255935668945,0.00583695527166128,-0.0998989343643188,0.0777068883180618,0.222405701875687,0.323180586099625,0,0.319668978452682,0.302502065896988,0.109389416873455,0.00051160337170586,-0.107744812965393,0.092699408531189,0.244773060083389,-0.183479130268097,0.287920534610748,-0.00452441442757845,0.0630642920732498,0.0228014327585697,-0.0548363588750362,0.0240150149911642,-0.00365738244727254,0.147348493337631,0.0657939091324806,0.136832356452942,0.108247548341751,-0.0533710718154907,-0.172886475920677,0.0195553116500378,0.116450943052769,0.0487650595605373,-0.134969294071198,-0.0534747466444969,0.227524429559708,0.0538831166923046,0.342798799276352,0.0745844691991806,0.198409155011177,0.186585307121277,0.205585032701492,0.088554359972477,0.100172184407711,-0.145204335451126,0.231558308005333,-0.0806382521986961,-0.0701596513390541,0.169314965605736,0.288091897964478,-0.137757629156113,0.303439915180206,0.15508933365345,0.0735026895999908,0.0106946229934692,-0.0835730358958244,0.153789818286896,0.0125569021329284,0.189708977937698,0.0448607914149761,0.195182636380196,0.0724101290106773,-0.00163968128617853,-0.0553863309323788,0.0152356019243598,0.128073334693909,0.247613131999969,-0.00320042134262621,0.155561298131943,0.263952225446701,0.038315836340189,0.394778370857239,0.111646503210068,0.26055520772934,0.201465517282486,0.310669213533401,0.26524606347084,0.0807831436395645,-0.123310379683971,0.321835249662399,-0.0341729708015919,-0.0929171666502953,0.173298925161362,0.307555735111237
0.355513691902161,0.266131550073624,0.565666854381561,0.36614128947258,0.101693689823151,0.0246104877442122,-0.0435561984777451,0.12879940867424,0.128590047359467,0.279466599225998,0.319668978452682,0,0.389389485120773,0.0838454440236092,0.0275934189558029,-0.0332317315042019,0.144189745187759,0.151185512542725,-0.0714963003993034,0.205352813005447,0.0725990906357765,-0.0289188697934151,-0.00468638353049755,-0.050682470202446,0.00729927700012922,0.0388449169695377,0.0824826881289482,0.0130765326321125,0.192974552512169,0.00303926481865346,-0.0451699309051037,-0.125116497278214,-0.0223045162856579,0.0393203161656857,0.199835151433945,-0.0415862388908863,0.106579884886742,0.0813886076211929,0.0107472948729992,0.222838029265404,0.0718583911657333,0.0697776824235916,0.1750568151474,0.236559748649597,0.131017699837685,0.0777168050408363,-0.087981291115284,0.194517508149147,-0.0816135033965111,-0.0659677088260651,0.0718021243810654,0.198971539735794,-0.0332694314420223,0.236550107598305,0.188391864299774,-0.051009327173233,0.0228901021182537,-0.072069950401783,0.0908039435744286,0.0630981773138046,0.0848961547017097,-0.00259156408719718,0.238146021962166,-0.0237766280770302,-0.000717435847036541,-0.041942436248064,0.0108820609748363,0.0423017516732216,0.279530584812164,0.0496249310672283,0.223554655909538,0.0930848717689514,-0.0410132221877575,0.265292793512344,0.0839972421526909,0.117012962698936,0.182385593652725,0.28519806265831,0.236949265003204,0.0380877591669559,-0.0852336436510086,0.250390827655792,-0.0544696487486362,-0.0524374954402447,0.063555084168911,0.219325169920921
0.292792737483978,0.25469583272934,0.367581605911255,0.637115120887756,0.155211344361305,0.00328621943481266,-0.0271489936858416,0.1032470241189,0.133422270417213,0.215020820498466,0.302502065896988,0.389389485120773,0,0.141968429088593,0.00918565783649683,-0.00779859535396099,0.113128073513508,0.152706280350685,-0.0581564381718636,0.268629938364029,-0.0309818163514137,0.0250509921461344,0.0182398594915867,-0.0174375213682652,-0.0926496163010597,0.00983619876205921,-0.0105478651821613,0.0556369610130787,0.138123244047165,0.0405323766171932,-0.0701762661337852,-0.160102114081383,-0.021694004535675,0.165712863206863,0.157899305224419,-0.102113008499146,0.0456993393599987,0.115764141082764,0.122949384152889,0.215410992503166,0.23292338848114,0.014250161126256,0.108931884169579,0.145536229014397,0.12696547806263,0.103688716888428,-0.0289795435965061,0.236003592610359,-0.0862802118062973,-0.044403113424778,0.135003671050072,0.326911121606827,0.00692023104056716,0.291941225528717,0.0296429097652435,0.0207922402769327,0.0177231691777706,-0.0164977014064789,-0.0394302867352962,0.0355846472084522,-0.000713512185029685,0.0521076917648315,0.187019512057304,0.0237951502203941,-0.0425534956157207,-0.115606792271137,-0.00373423867858946,0.158859580755234,0.298247426748276,-0.047246016561985,0.189788326621056,0.135085359215736,0.125943273305893,0.248733967542648,0.299942463636398,0.0623588003218174,0.124573409557343,0.199876248836517,0.192109405994415,0.101612836122513,0.00356977595947683,0.328015327453613,-0.086690753698349,-0.0459714308381081,0.132314249873161,0.381285786628723
0.110888600349426,0.0955068841576576,0.0663947835564613,0.12107141315937,0.0438965819776058,-0.0160880945622921,-0.0241204351186752,0.0161878000944853,0.0445804856717587,0.0977761149406433,0.109389416873455,0.0838454440236092,0.141968429088593,0,-0.00897486787289381,-0.0277649350464344,0.00754191959276795,0.0875414684414864,-0.0255125053226948,0.128468975424767,-0.0402845479547977,0.0118299759924412,0.0102553516626358,-0.0168970357626677,-0.0281807165592909,-0.0175713766366243,0.0117691624909639,-0.00937561597675085,0.0364790968596935,0.014888915233314,-0.0333358980715275,-0.0554621405899525,-0.00329806306399405,0.0567913427948952,0.0289453826844692,-0.0422417409718037,-0.00718584470450878,0.0548827536404133,0.0596580542623997,0.0866444185376167,0.0675038844347,0.0359549410641193,0.0524068176746368,0.0472731739282608,0.050594873726368,0.0181093253195286,-0.0111506739631295,0.0830711051821709,-0.0377196744084358,-0.010245512239635,0.0759473890066147,0.121898055076599,-0.0187254082411528,0.105294346809387,0.0022177817299962,0.0125030279159546,0.00659124506637454,-0.0201137308031321,-0.00636848341673613,-0.00679440097883344,0.0213051717728376,-0.00882282946258783,0.0332676135003567,0.0182461626827717,-0.0116998152807355,-0.0307551436126232,-0.00746584497392178,0.0646638125181198,0.0797183066606522,-0.0322008989751339,0.0599933229386806,0.0695745646953583,0.0627689212560654,0.0897823423147202,0.0842994600534439,0.0458602868020535,0.0670421347022057,0.067403718829155,0.090838223695755,0.00666222255676985,-0.0100442636758089,0.1191695779562,-0.0240841191262007,-0.0232832059264183,0.062960684299469,0.133227303624153
0.00365797849372029,-0.000135074369609356,0.0281953383237123,0.00451108673587441,-0.00544543378055096,0.428938388824463,0.168622359633446,0.0345310010015965,0.0703277513384819,0.0505334809422493,0.00051160337170586,0.0275934189558029,0.00918565783649683,-0.00897486787289381,0,0.205054685473442,0.0392338074743748,0.0675283074378967,0.0479408167302608,0.0312278512865305,0.120658792555332,0.0842521861195564,0.108808144927025,0.226019486784935,0.2192722260952,0.1269511282444,0.320291429758072,0.121365495026112,0.0763094052672386,0.0984552130103111,0.304424792528152,0.172094032168388,0.270239889621735,0.0757912546396255,-0.0456055924296379,-0.0173343550413847,-0.0473238453269005,0.0623241364955902,0.0801374316215515,0.0792601704597473,0.0514430515468121,0.25463005900383,0.239062488079071,-0.027484929189086,0.143580585718155,0.0762443915009499,0.210746884346008,-0.0929044038057327,0.0422888249158859,0.133466616272926,0.0874186307191849,0.0733779892325401,0.042935311794281,0.0384354032576084,0.0518115572631359,0.0724746510386467,0.107075206935406,0.219705790281296,0.164200618863106,0.130446910858154,0.304438680410385,0.1070446819067,0.0502679198980331,0.0923778712749481,0.272291272878647,0.159135326743126,0.274598777294159,0.0672581940889359,-0.0913945809006691,-0.0497481562197208,-0.0739712864160538,0.0516332350671291,0.105542153120041,0.0656523182988167,0.0469694212079048,0.24723057448864,0.172779381275177,-0.0619172044098377,0.0904639065265656,0.0700897574424744,0.20171195268631,-0.0920152068138123,0.0343780964612961,0.140441000461578,0.0891859009861946,0.0720044001936913
-0.0970619022846222,-0.0933317095041275,-0.0307941157370806,-0.0165071561932564,-0.0271040070801973,0.162953794002533,0.247964054346085,0.00253548310138285,-0.0194696970283985,-0.0522760860621929,-0.107744812965393,-0.0332317315042019,-0.00779859535396099,-0.0277649350464344,0.205054685473442,0,0.0139844249933958,-0.00716041447594762,0.111371472477913,-0.03849758207798,0.0435312800109386,0.0266927778720856,0.0712196975946426,0.166022628545761,0.0420681424438953,0.118688069283962,-0.0111234271898866,0.0289949327707291,0.0111731318756938,0.0307772718369961,0.132237017154694,0.126089975237846,0.0890722200274467,0.0223828926682472,0.00256409076973796,0.0466243959963322,0.048946812748909,-0.0513873733580112,0.0426999442279339,-0.110031269490719,0.0666353851556778,-0.031925056129694,0.0030963490717113,-0.109367333352566,0.0345348007977009,0.0294291824102402,0.197055801749229,-0.0737602636218071,0.0395613275468349,0.107206597924232,0.00829454977065325,0.0193450041115284,0.103998981416225,-0.0405591689050198,-0.0270000994205475,0.0163410510867834,0.0418028980493546,0.176926970481873,-0.0127943167462945,0.115868084132671,-0.0246710907667875,0.0259143449366093,-0.00790375005453825,0.0271475687623024,0.0978096947073936,0.0891179218888283,0.0948971509933472,0.026309035718441,-0.0284381471574306,-0.00712058786302805,0.00829761847853661,-0.0588643699884415,0.0623487830162048,-0.128321126103401,0.0738376751542091,-0.0518658198416233,-0.027844624593854,-0.145374000072479,-0.0204259138554335,0.040239404886961,0.205935791134834,-0.0956547185778618,0.0231089871376753,0.129748687148094,0.000236467458307743,0.0155372815206647
0.0441679991781712,0.0562904067337513,0.115735657513142,0.0923997312784195,0.016810042783618,0.0424058884382248,-0.00788355711847544,0.107415318489075,0.0495518818497658,0.0342059209942818,0.092699408531189,0.144189745187759,0.113128073513508,0.00754191959276795,0.0392338074743748,0.0139844249933958,0,0.064335398375988,-0.0254494827240705,0.0854424312710762,-0.0464019812643528,0.0282745528966188,0.0168123915791512,-0.00285167968831956,-0.017182245850563,-0.0329177193343639,0.0779546573758125,0.0326636172831059,0.0180062521249056,0.0305289663374424,0.0543283224105835,-0.0665102005004883,0.00935485400259495,0.0268686767667532,-0.0189237128943205,-0.0815355330705643,-0.0625034719705582,0.0450552627444267,0.00854720547795296,0.0641297772526741,-0.00304583366960287,0.071609228849411,0.123374834656715,-0.0107311485335231,0.015951182693243,0.00329659157432616,0.0146150654181838,-0.0276923328638077,-0.0158544033765793,-0.0125598898157477,0.0443816967308521,0.0647322311997414,-0.0112803410738707,0.076513297855854,-0.0347318574786186,0.0273086801171303,0.00772035820409656,0.0151387359946966,-0.0170347429811954,-0.0132324025034904,0.0667217075824738,0.026662964373827,0.0238665584474802,0.0214583892375231,0.0462748631834984,-0.0353618934750557,0.0214489698410034,0.0305727701634169,-0.00916385743767023,-0.101310200989246,-0.025960311293602,0.0485478974878788,-0.00298600783571601,0.0704999044537544,0.00149913015775383,0.0697125717997551,0.114055939018726,0.0183909647166729,0.0156567506492138,0.0035502603277564,0.0209469012916088,0.0178697723895311,-0.0216844361275434,-0.00503200339153409,0.048456434160471,0.0680587440729141
0.264390081167221,0.207430243492126,0.152592882514,0.146866157650948,0.0570852234959602,0.0702352896332741,-0.028863076120615,0.0632028132677078,0.191135987639427,0.23041433095932,0.244773060083389,0.151185512542725,0.152706280350685,0.0875414684414864,0.0675283074378967,-0.00716041447594762,0.064335398375988,0,-0.0579124689102173,0.162754967808723,0.038014080375433,0.05082793161273,0.0457178466022015,0.016692016273737,0.0569376200437546,0.0359566248953342,0.11589515209198,0.0196307692676783,0.0938011705875397,0.0881591960787773,0.0152754606679082,-0.0258039198815823,0.0704628825187683,0.0877828598022461,0.0372629575431347,-0.0489455610513687,-0.000178167596459389,0.157254442572594,0.077696718275547,0.184371516108513,0.0697063058614731,0.152500197291374,0.132661491632462,0.120118767023087,0.0838726162910461,0.0645071864128113,0.0194733217358589,0.140681207180023,-0.0323342494666576,0.0251891613006592,0.165547475218773,0.193022608757019,-0.00588929001241922,0.181448623538017,0.098096951842308,0.0612484104931355,0.0261405017226934,0.0149187967181206,0.103385329246521,0.0452537164092064,0.141734510660172,0.0239074304699898,0.114908508956432,0.0791675820946693,0.0607328452169895,0.0178618412464857,0.056773517280817,0.105425603687763,0.121865332126617,0.0094383517280221,0.0876942723989487,0.173303425312042,0.0745299458503723,0.200279608368874,0.0886571854352951,0.184750154614449,0.137421786785126,0.151172980666161,0.155578747391701,0.0594028010964394,0.0251430217176676,0.175490602850914,-0.000740953604690731,0.0035982218105346,0.133880913257599,0.215696454048157
-0.149347499012947,-0.0982738509774208,-0.0233765821903944,-0.0508977547287941,-0.017345953732729,0.0617405213415623,0.144759446382523,-0.036593072116375,-0.0405987277626991,-0.0497562102973461,-0.183479130268097,-0.0714963003993034,-0.0581564381718636,-0.0255125053226948,0.0479408167302608,0.111371472477913,-0.0254494827240705,-0.0579124689102173,0,-0.0396326966583729,0.252791613340378,0.0373676754534245,0.0401051826775074,0.248609155416489,0.215012699365616,0.270926952362061,-0.151193156838417,0.0840502753853798,0.0838492885231972,0.0679832249879837,0.0221015941351652,0.587751865386963,-0.00553376879543066,-0.00781880412250757,0.499758124351501,0.272128582000732,0.565633475780487,-0.0296338219195604,0.0640882477164268,-0.0865090116858482,0.152025416493416,-0.0595001876354218,-0.135268554091454,0.0136157739907503,0.216729983687401,0.0708523318171501,0.697845220565796,0.233908742666245,0.123298659920692,0.165636569261551,0.137449622154236,0.107044197618961,0.626235127449036,-0.0596500784158707,0.0290204398334026,0.0212504714727402,0.0186647735536098,0.204128876328468,0.0187932141125202,0.183564707636833,-0.191620975732803,0.0921615213155746,0.000771595921833068,0.0587917231023312,-0.0577970594167709,0.329035758972168,0.0132929161190987,0.00323653942905366,0.191228121519089,0.170951440930367,0.255302160978317,-0.0571219623088837,0.109349280595779,-0.16441598534584,0.110105268657207,-0.140480354428291,-0.118886336684227,-0.109590113162994,0.0248304028064013,0.0518453754484653,0.574931263923645,0.0258982144296169,0.0560445003211498,0.163555219769478,0.150340288877487,0.0706745982170105
0.235291942954063,0.262279212474823,0.202622428536415,0.297938257455826,0.101539433002472,0.0383441336452961,-0.0419450737535954,0.0865727514028549,0.164124771952629,0.231228485703468,0.287920534610748,0.205352813005447,0.268629938364029,0.128468975424767,0.0312278512865305,-0.03849758207798,0.0854424312710762,0.162754967808723,-0.0396326966583729,0,-0.10525730997324,0.173278883099556,0.0544221177697182,0.0293452683836222,-0.115873642265797,-0.00950176361948252,0.00176850240677595,0.0487110503017902,0.212078660726547,0.191904872655869,-0.0977995544672012,-0.260069161653519,0.00597556820139289,0.378488451242447,0.215765312314034,-0.212540522217751,0.0165399815887213,0.284953266382217,0.319998472929001,0.413912653923035,0.399455398321152,0.0912663266062737,0.270643174648285,0.262423872947693,0.330375999212265,0.270683974027634,0.0654265582561493,0.378431916236877,-0.126030474901199,-0.0381882525980473,0.294760823249817,0.567872881889343,0.0222933422774076,0.58906751871109,-0.107429414987564,0.181171208620071,0.0141271576285362,0.0135624222457409,-0.121678411960602,0.007885224185884,0.0404137186706066,0.0578172355890274,0.181771323084831,0.16632317006588,-0.0531858466565609,-0.234254688024521,0.0219191312789917,0.356710761785507,0.309063285589218,-0.240048736333847,0.129025980830193,0.283946841955185,0.276198536157608,0.436748474836349,0.395403116941452,0.150723665952682,0.270229399204254,0.23456871509552,0.289251863956451,0.223113417625427,0.0616449527442455,0.465129673480988,-0.1541708111763,-0.0777481496334076,0.243131533265114,0.554886281490326
0.0811231285333633,0.0577574782073498,0.129272073507309,-0.0187729280441999,0.00264110462740064,0.132837846875191,0.0471071787178516,-0.0577887333929539,0.0117679135873914,0.280644804239273,-0.00452441442757845,0.0725990906357765,-0.0309818163514137,-0.0402845479547977,0.120658792555332,0.0435312800109386,-0.0464019812643528,0.038014080375433,0.252791613340378,-0.10525730997324,0,-0.150980114936829,0.0666843876242638,0.169817551970482,0.733264207839966,0.56714129447937,0.189814269542694,-0.0875508934259415,0.286795139312744,-0.0975271761417389,0.104155316948891,0.487384110689163,0.157677695155144,-0.0649162456393242,0.566716492176056,0.469786882400513,0.55442225933075,-0.129846572875977,0.000103496015071869,0.111334405839443,0.143965512514114,0.315911710262299,-0.0491416417062283,0.709157466888428,0.43600869178772,0.396892786026001,0.0413358584046364,0.494295299053192,0.0395023487508297,-0.000189997255802155,-0.0217600800096989,-0.0396560467779636,0.0303115509450436,-0.121149808168411,0.661230802536011,-0.201497510075569,0.0623602904379368,0.0978192463517189,0.539610385894775,0.311616003513336,0.0591755397617817,-0.0456874147057533,0.0987229570746422,-0.0935347080230713,0.0459518246352673,0.309578686952591,0.117052316665649,-0.0646340996026993,0.270536929368973,0.363483309745789,0.227054342627525,-0.127085238695145,0.00871471595019102,-0.0118670351803303,0.0602663345634937,0.161300614476204,-0.126724511384964,0.296023368835449,0.120749779045582,0.176526665687561,0.02720638923347,0.113707415759563,0.0876039117574692,0.018730416893959,-0.00787551235407591,-0.0925409346818924
-0.0330766998231411,0.0787286683917046,-0.0035331326071173,0.0270222332328558,0.00288219796493649,0.095664918422699,0.0272863637655973,0.0196944940835238,0.0640732422471046,-0.0173694156110287,0.0630642920732498,-0.0289188697934151,0.0250509921461344,0.0118299759924412,0.0842521861195564,0.0266927778720856,0.0282745528966188,0.05082793161273,0.0373676754534245,0.173278883099556,-0.150980114936829,0,0.0211323145776987,0.369079619646072,0.0497628934681416,-0.128886491060257,0.120387300848961,0.288979679346085,0.0318072699010372,0.924051940441132,0.0121251447126269,-0.142547190189362,0.158997789025307,0.342850804328918,-0.0699489861726761,-0.187324211001396,-0.138494268059731,0.887002646923065,0.295842975378036,0.0761479586362839,0.280755490064621,0.270400494337082,0.0690731704235077,-0.0419619344174862,0.0682271346449852,0.655346274375916,0.199234545230865,0.00377368414774537,-0.0317452996969223,0.0248680934309959,0.197844311594963,0.230689361691475,0.096276618540287,0.169389829039574,-0.235396265983582,0.974690020084381,0.00293485261499882,0.405328363180161,-0.0596037246286869,-0.06831244379282,0.151952460408211,0.34710955619812,-0.0144711975008249,0.915550053119659,-0.014837090857327,-0.174051120877266,0.168851986527443,0.323012173175812,-0.0843788757920265,-0.255795985460281,-0.136854663491249,0.843891799449921,0.351469814777374,0.0737506598234177,0.311153382062912,0.321078717708588,0.0832498520612717,-0.0871248468756676,-0.00240422133356333,0.610370755195618,0.180703774094582,0.0586762391030788,-0.0696164146065712,0.0187420528382063,0.16742742061615,0.210200369358063
0.0288397390395403,0.0247668549418449,0.0126717071980238,0.0162739381194115,0.010886000469327,0.135083571076393,0.0750047340989113,0.00104678852949291,0.0197687782347202,0.0509479008615017,0.0228014327585697,-0.00468638353049755,0.0182398594915867,0.0102553516626358,0.108808144927025,0.0712196975946426,0.0168123915791512,0.0457178466022015,0.0401051826775074,0.0544221177697182,0.0666843876242638,0.0211323145776987,0,0.162862345576286,0.110778786242008,0.143580079078674,0.0599933862686157,0.0389022156596184,0.0970751419663429,0.0450389571487904,0.090898871421814,0.103991262614727,0.0975012630224228,0.0358542427420616,0.0675187036395073,0.0383650995790958,0.0702107921242714,0.0286831501871347,0.0506268851459026,0.0486919209361076,0.0599488690495491,0.0497056357562542,0.0629994943737984,0.0453008227050304,0.0696278288960457,0.0935672000050545,0.110441006720066,0.0653968527913094,0.0334932208061218,0.105493105947971,0.051094725728035,0.10459853708744,0.0186033099889755,0.0274103656411171,0.0359355807304382,0.0107469297945499,0.0597675703465939,0.1333347260952,0.073206827044487,0.116646885871887,0.0609116144478321,0.0321699641644955,0.0591273978352547,0.0426777340471745,0.0832452848553658,0.0716641619801521,0.0859936252236366,0.0112908808514476,0.0559929832816124,0.00995710119605064,0.0500414557754993,0.0201006308197975,0.0418985933065414,0.0407102219760418,0.051750760525465,0.0629967004060745,0.0343452431261539,-0.00179429620038718,0.0494476035237312,0.0776638314127922,0.0804071500897408,0.041982389986515,0.0207583736628294,0.0505733489990234,0.0315161012113094,0.0941979140043259
-0.0455500893294811,-0.0432046130299568,-0.0338450409471989,-0.0138714900240302,-0.0101978266611695,0.218576267361641,0.172409698367119,-0.007891945540905,0.0090234475210309,-0.0746935158967972,-0.0548363588750362,-0.050682470202446,-0.0174375213682652,-0.0168970357626677,0.226019486784935,0.166022628545761,-0.00285167968831956,0.016692016273737,0.248609155416489,0.0293452683836222,0.169817551970482,0.369079619646072,0.162862345576286,0,0.308956831693649,0.342577338218689,0.0815658569335938,0.560353398323059,0.0978516414761543,0.539283633232117,0.169279605150223,0.199359402060509,0.326380729675293,0.112228289246559,0.119651608169079,0.0375735387206078,0.0989516228437424,0.324293464422226,0.11006723344326,-0.0443830490112305,0.149956405162811,0.115327164530754,0.0441560447216034,-0.0316455326974392,0.0919966250658035,0.520254254341125,0.341960906982422,-0.00727141508832574,0.0679940432310104,0.153281897306442,0.120138131082058,0.134595364332199,0.248593583703041,0.0473616234958172,0.0402949377894402,0.338105320930481,0.111114017665386,0.8082155585289,0.182457163929939,0.347610056400299,0.0874584093689919,0.516810417175293,0.070508748292923,0.534414112567902,0.130315899848938,0.182354360818863,0.343987375497818,0.12434459477663,0.108795911073685,-0.0347276963293552,0.142817378044128,0.257815062999725,0.165833234786987,-0.0360570996999741,0.199351295828819,0.167213499546051,0.041854489594698,-0.0790028497576714,0.0552239418029785,0.523981213569641,0.276740193367004,-0.00336199486628175,0.0400767140090466,0.137204602360725,0.0926781818270683,0.102975651621819
