0,0.303188532590866,0.254423141479492,0.286181628704071,0.0886199176311493,-0.0380068309605122,-0.108908258378506,0.0446088090538979,0.196460917592049,0.66839200258255,0.383738100528717,0.341240137815475,0.298353523015976,0.110111765563488,-0.0231474135071039,-0.116770133376122,0.0253698583692312,0.251564681529999,-0.172858953475952,0.248937427997589,0.0558291636407375,-0.105776719748974,0.0146791515871882,-0.110590986907482,0.0189279206097126,0.144708722829819,0.0443338751792908,0.00806624069809914,0.196685016155243,-0.0820952281355858,-0.189572766423225,-0.111642256379128,0.00233517540618777,0.106890700757504,0.0993998348712921,-0.0568671189248562,0.0435061119496822,0.0540422908961773,0.00214383797720075,0.375496447086334,0.0506252646446228,0.153792947530746,0.0755196139216423,0.416281223297119,0.047187052667141,0.126354247331619,-0.174467384815216,0.3944993019104,-0.106973357498646,-0.0670797750353813,0.052947610616684,0.231971085071564,-0.0292947608977556,0.296600818634033,0.440161138772964,-0.0866510346531868,0.0363403782248497,-0.137248247861862,0.337315231561661,0.243575885891914,0.145015299320221,-0.0357631593942642,0.330379784107208,-0.121191628277302,-0.0533548481762409,0.1098992228508,0.00109872175380588,0.126093298196793,0.453300386667252,0.219575226306915,0.33745738863945,0.086805671453476,-0.00215137796476483,0.464646548032761,0.147899970412254,0.296638190746307,0.173147395253181,0.61127769947052,0.433347553014755,0.145152986049652,-0.117267414927483,0.571463942527771,-0.0196964181959629,-0.0919507145881653,0.0506527200341225,0.290633887052536
0.303188532590866,0,0.211728274822235,0.232484951615334,0.0994680598378181,0.0077055785804987,-0.0829003155231476,0.0586617887020111,0.203707709908485,0.322053968906403,0.454649567604065,0.222791448235512,0.215691804885864,0.0827021598815918,-0.00957340095192194,-0.0985467582941055,0.0437505207955837,0.196553185582161,-0.110348127782345,0.243144795298576,0.0284684989601374,0.0726055502891541,0.0121090989559889,-0.078642874956131,0.0236821845173836,0.0321360155940056,0.106305673718452,0.0780933499336243,0.134513214230537,0.110875010490417,-0.0433318056166172,-0.113197416067123,0.00854721013456583,0.151693448424339,0.0928147211670876,-0.0762885063886642,0.00790755730122328,0.206323087215424,0.114278614521027,0.307022631168365,0.107308477163315,0.166514024138451,0.140098556876183,0.204735472798347,0.162524655461311,0.104056686162949,-0.0979780256748199,0.212905764579773,-0.0479119196534157,-0.0551931895315647,0.153068497776985,0.261974096298218,-0.119898729026318,0.236416399478912,0.0450154058635235,0.075353130698204,0.00349234300665557,-0.101774536073208,0.0332098230719566,-0.022105697542429,0.0981960818171501,0.0609634071588516,0.107819259166718,0.0625948905944824,-0.0254907477647066,-0.106297761201859,-0.0260844323784113,0.0936262980103493,0.141155391931534,-0.0331365503370762,0.0567771978676319,0.244440257549286,0.0645898729562759,0.293597608804703,0.071478083729744,0.160336300730705,0.129736348986626,0.163021340966225,0.14309786260128,0.0463885888457298,-0.112569697201252,0.192162126302719,-0.0632092505693436,-0.0691297426819801,0.128851845860481,0.239707618951797
0.254423141479492,0.211728274822235,0,0.37497952580452,0.118148453533649,0.00997721496969461,-0.0261253584176302,0.127799138426781,0.125819891691208,0.262988388538361,0.239087969064713,0.554039776325226,0.356980800628662,0.0582007095217705,0.0137112597003579,-0.0222521312534809,0.11041035503149,0.142846956849098,-0.038480632007122,0.202366873621941,0.108844213187695,-0.032151211053133,0.00178169459104538,-0.0621554777026176,-0.000738795730285347,0.0495330840349197,0.0439223349094391,0.0103041157126427,0.196169421076775,-0.0153659349307418,-0.043693657964468,-0.0807960405945778,-0.0409586541354656,0.0345333479344845,0.245987117290497,-0.00668297801166773,0.160519331693649,0.0452115200459957,-0.0104875704273582,0.193263098597527,0.0717653557658195,0.0434197895228863,0.163388326764107,0.268912434577942,0.186795711517334,0.0447999909520149,-0.0695870518684387,0.194443479180336,-0.0578504353761673,-0.0487351045012474,0.0648604929447174,0.172673717141151,-0.0285120978951454,0.183580368757248,0.115343526005745,-0.0467512421309948,0.0165002234280109,-0.0908434018492699,8.63224267959595e-05,0.0216747019439936,0.0269614495337009,0.00655605178326368,0.160810962319374,-0.0521428622305393,-0.0307804569602013,-0.0887004658579826,-0.0421628206968307,0.00924017280340195,0.212353423237801,-0.0183854047209024,0.1552824229002,0.0589427053928375,-0.0272472947835922,0.187017619609833,0.073849268257618,0.041862215846777,0.122765973210335,0.19318687915802,0.16286838054657,-0.00353444437496364,-0.0655909478664398,0.194455936551094,-0.0774364769458771,-0.0597822517156601,0.0734245404601097,0.173836454749107
0.286181628704071,0.232484951615334,0.37497952580452,0,0.208779856562614,-0.00507101649418473,-0.00942892581224442,0.0947097912430763,0.127179950475693,0.271940648555756,0.244268104434013,0.365739554166794,0.606719732284546,0.115163028240204,-0.0102641033008695,-0.0157179534435272,0.0841274186968803,0.135296925902367,-0.0791784599423409,0.282357037067413,-0.0298312455415726,-0.0180539824068546,0.00245130225084722,-0.0518856383860111,-0.115510277450085,0.0352162979543209,-0.028863774612546,0.0214069448411465,0.142827853560448,-0.00885649677366018,-0.056332740932703,-0.156728863716125,-0.0390505976974964,0.141548693180084,0.174853816628456,-0.0811591818928719,0.0899807214736938,0.0688780471682549,0.126551389694214,0.1909369379282,0.241389542818069,-0.00149684376083314,0.10231551527977,0.180613607168198,0.158689215779305,0.0932352095842361,-0.0370286740362644,0.239704817533493,-0.080144427716732,-0.0196332987397909,0.0935954749584198,0.31451478600502,-0.0172303672879934,0.270759373903275,0.0211474020034075,-0.0167199745774269,0.00936842057853937,-0.0600595138967037,-0.0734617710113525,-0.00388432387262583,-0.0141142215579748,0.0273124855011702,0.143244966864586,-0.0324273742735386,-0.0436411276459694,-0.143669873476028,-0.00164988019969314,0.110231712460518,0.261679440736771,-0.0376691110432148,0.158329769968987,0.0891167148947716,0.0672404170036316,0.230489805340767,0.223924607038498,0.0324636027216911,0.110809370875359,0.191251203417778,0.179213419556618,0.0726198852062225,-0.0447559803724289,0.297833532094955,-0.0831595584750175,-0.0636630803346634,0.0938100218772888,0.324544131755829
0.0886199176311493,0.0994680598378181,0.118148453533649,0.208779856562614,0,-0.0041800495237112,-0.0146455196663737,0.0242831762880087,0.056950818747282,0.102118171751499,0.0889160111546516,0.11694810539484,0.180957272648811,0.0318032838404179,-0.0143487835302949,-0.0237065646797419,0.0221028868108988,0.0557278729975224,-0.0222489237785339,0.107079446315765,0.00420800177380443,-0.0101461224257946,0.00666548544541001,-0.0134659549221396,-0.0228998549282551,0.0159025937318802,-0.0174435190856457,-0.000297581776976585,0.0717876628041267,-0.0115993153303862,-0.0229291133582592,-0.0327677354216576,-0.0177665501832962,0.00604171073064208,0.0748417675495148,0.00487534096464515,0.0614961944520473,0.0274377465248108,0.0526088178157806,0.0911623165011406,0.0783797353506088,0.00531505281105638,0.065850168466568,0.0806959569454193,0.0738110691308975,0.0108845252543688,0.0114903068169951,0.108963169157505,-0.0353508405387402,-0.0172659363597631,0.0511772595345974,0.139205157756805,-0.00652883527800441,0.114722803235054,-0.00907789263874292,-0.0163951795548201,-0.0121094072237611,-0.0384277813136578,-0.0395855754613876,-0.00299294199794531,-0.0154844392091036,0.00678352126851678,0.0660596117377281,-0.0269652754068375,-0.0231318883597851,-0.0465289764106274,-0.0230993814766407,0.0131728388369083,0.089674599468708,0.00295298383571208,0.0679889023303986,0.0324585363268852,0.0269717145711184,0.0754267126321793,0.0652909278869629,-0.00439409771934152,0.0233456864953041,0.0508539266884327,0.0572794862091541,-0.0105437757447362,-0.00780730741098523,0.107171468436718,-0.0420049540698528,-0.0286650732159615,0.034893773496151,0.125287860631943
-0.0380068309605122,0.0077055785804987,0.00997721496969461,-0.00507101649418473,-0.0041800495237112,0,0.171385407447815,0.0142701026052237,0.0780195221304893,0.0278978701680899,-0.0139892529696226,3.28570604324341e-05,-0.0183260980993509,-0.0225873980671167,0.414558589458466,0.173140853643417,0.0290696397423744,0.0551070608198643,0.0854623913764954,0.0240787919610739,0.152891919016838,0.0873333513736725,0.111864887177944,0.215422764420509,0.236365258693695,0.121976025402546,0.332261979579926,0.0951747223734856,0.0684390664100647,0.110042713582516,0.29745614528656,0.20366108417511,0.264768123626709,0.0582264736294746,-0.0449012815952301,0.0446538403630257,-0.0236896201968193,0.0591952912509441,0.0848342254757881,0.0700889676809311,0.0518594831228256,0.248676255345345,0.209026351571083,-0.0389998406171799,0.152866169810295,0.0568856261670589,0.237956449389458,-0.102431736886501,0.0576115623116493,0.145362451672554,0.104639805853367,0.0653856918215752,0.0401637591421604,-0.00272895232774317,-0.00593736208975315,0.06961889564991,0.0913175791501999,0.201987490057945,0.113616362214088,0.0776416510343552,0.274268507957458,0.110630460083485,-0.00501235481351614,0.100313819944859,0.270403534173965,0.12555792927742,0.217842876911163,0.0692303627729416,-0.147177070379257,-0.0540223978459835,-0.116192914545536,0.0370927080512047,0.0881436839699745,0.00610406277701259,0.0460910312831402,0.195627391338348,0.134556069970131,-0.126795098185539,0.0230331216007471,0.0239056348800659,0.190552219748497,-0.14619106054306,0.0527004227042198,0.118231348693371,0.0783503949642181,0.0243006255477667
-0.108908258378506,-0.0829003155231476,-0.0261253584176302,-0.00942892581224442,-0.0146455196663737,0.171385407447815,0,-0.001431904733181,-0.00830812286585569,-0.0591438412666321,-0.107696540653706,-0.0535713173449039,-0.030982930213213,-0.0227369386702776,0.172643721103668,0.246084183454514,-0.00770817883312702,-0.0297655407339334,0.148872375488281,-0.0542951636016369,0.047028936445713,0.0382339283823967,0.0611652694642544,0.191880494356155,0.083266980946064,0.124955162405968,0.012652731500566,0.0673032030463219,0.00128392246551812,0.0417185053229332,0.17218978703022,0.172626256942749,0.0693909674882889,0.011077337898314,0.00973478704690933,0.0880135148763657,0.0679765045642853,-0.0173751655966043,0.0517944470047951,-0.132028102874756,0.0613730065524578,-0.0340987928211689,0.00389493978582323,-0.158697947859764,0.060738380998373,0.0290027912706137,0.23610420525074,-0.0873700082302094,0.0593076124787331,0.122619621455669,0.00627454137429595,0.0168558340519667,0.0983510762453079,-0.0603984482586384,-0.0750370025634766,0.026371918618679,0.0210027266293764,0.169058725237846,-0.0341596640646458,0.0657030045986176,-0.0181312840431929,0.066813163459301,-0.0324968472123146,0.04514991492033,0.0971158742904663,0.0908706933259964,0.0541646629571915,0.0154809206724167,-0.0836781710386276,-0.0185678116977215,-0.0450159460306168,-0.0375466197729111,0.0588077045977116,-0.151777908205986,0.0719562843441963,-0.0596705451607704,-0.0222088545560837,-0.203958243131638,-0.0367420539259911,0.0322891511023045,0.185772851109505,-0.159056648612022,0.0289779305458069,0.104774639010429,-0.00457454798743129,-0.0289050973951817
0.0446088090538979,0.0586617887020111,0.127799138426781,0.0947097912430763,0.0242831762880087,0.0142701026052237,-0.001431904733181,0,0.0499690659344196,0.0271139685064554,0.0628722682595253,0.116384960711002,0.0927414745092392,0.0110263228416443,0.0331517942249775,0.0149262361228466,0.0895402356982231,0.0552525073289871,-0.0344406291842461,0.0753535330295563,-0.0629242733120918,0.0112217208370566,-0.00510838022455573,-0.0203012377023697,-0.068000502884388,-0.0306898839771748,0.0257312189787626,0.0165499057620764,0.0104761496186256,-0.00112728355452418,0.0470851846039295,-0.0683907717466354,0.0218997355550528,0.0447537712752819,-0.0167467407882214,-0.0835377126932144,-0.0669598504900932,0.0373966097831726,0.029510535299778,0.0512987226247787,0.0266509093344212,0.0144897280260921,0.0998463854193687,-0.0141199696809053,0.000304803252220154,-0.000793073384556919,0.0111967660486698,-0.00245503080077469,-0.0101643018424511,0.00210004555992782,0.0330585762858391,0.074253112077713,-0.0117749609053135,0.0640608966350555,-0.0450946688652039,0.0174463801085949,-0.00516003463417292,-0.0125488638877869,-0.0458620749413967,-0.00388619164004922,0.0397810935974121,0.029776843264699,0.02577137760818,-0.000436085712863132,0.0554598495364189,-0.0552752465009689,0.00743085611611605,0.0474710799753666,-0.0054947161115706,-0.0875117480754852,-0.0151094887405634,0.0459964424371719,0.0173150189220905,0.0590914487838745,0.0438466630876064,0.0333152115345001,0.0843675136566162,0.00604429375380278,0.0117161646485329,0.00391319440677762,0.0178326927125454,0.0512364506721497,-0.0255198888480663,0.00576652446761727,0.0511253476142883,0.0861196964979172
0.196460917592049,0.203707709908485,0.125819891691208,0.127179950475693,0.056950818747282,0.0780195221304893,-0.00830812286585569,0.0499690659344196,0,0.20732094347477,0.205801740288734,0.118168950080872,0.120595298707485,0.0369403846561909,0.0496279485523701,-0.0194339789450169,0.0402693413197994,0.171465948224068,-0.0481197088956833,0.161788120865822,0.001635393477045,0.0457090362906456,0.00521007506176829,-0.0126698222011328,0.0146842105314136,0.00674017379060388,0.0995794460177422,0.00854611676186323,0.0708842650055885,0.0681939199566841,0.00576539104804397,-0.0472649894654751,0.0484647005796432,0.11813659965992,0.0391238518059254,-0.055964782834053,-0.00652428204193711,0.141278460621834,0.0924515128135681,0.180446088314056,0.0693796798586845,0.128373503684998,0.119923830032349,0.107059717178345,0.0811288729310036,0.0430966094136238,0.0100302556529641,0.117597088217735,-0.0349592044949532,-0.0149775100871921,0.111911125481129,0.17548967897892,-0.0301310978829861,0.169569343328476,0.0292867161333561,0.0345441065728664,0.0201612431555986,-0.0338898189365864,0.0349299870431423,0.0165757369250059,0.118246033787727,-0.00117367075290531,0.082431398332119,0.0547308102250099,0.0459994785487652,-0.0225735567510128,0.0210371799767017,0.0726246163249016,0.0810278058052063,-0.0394937098026276,0.0340644605457783,0.146949887275696,0.0652172788977623,0.176489010453224,0.0610573552548885,0.144008368253708,0.123565942049026,0.0969423726201057,0.110421895980835,0.00608484679833055,0.00219864794053137,0.146996706724167,-0.0439347065985203,-0.00772637873888016,0.104318536818027,0.165947422385216
0.66839200258255,0.322053968906403,0.262988388538361,0.271940648555756,0.102118171751499,0.0278978701680899,-0.0591438412666321,0.0271139685064554,0.20732094347477,0,0.304314851760864,0.259705603122711,0.226858213543892,0.0963270738720894,0.0250545237213373,-0.072325810790062,0.0145333148539066,0.222625181078911,-0.0830669403076172,0.249670058488846,0.234934061765671,-0.027692086994648,0.0393348149955273,-0.134611576795578,0.153908848762512,0.211603432893753,0.0912458226084709,-0.0612541362643242,0.218703791499138,-0.0217543877661228,-0.0524934604763985,0.0428367219865322,0.0221964046359062,0.16540452837944,0.241063222289085,0.106344096362591,0.20915886759758,0.109374098479748,0.222175672650337,0.314817428588867,0.275189429521561,0.197821527719498,0.0772527977824211,0.467796593904495,0.2984279692173,0.215554147958755,-0.135995924472809,0.40528392791748,-0.0431781783699989,-0.00318073807284236,0.0388602055609226,0.244097024202347,-0.149761557579041,0.19700875878334,0.131282463669777,-0.0325490422546864,0.024296285584569,-0.148606941103935,0.0729310810565948,0.112460605800152,0.0519478097558022,-0.0390557833015919,0.106821857392788,-0.0360506512224674,-0.0519973635673523,-0.0261980313807726,0.0125731425359845,0.115041829645634,0.198272123932838,0.0422804392874241,0.0809339433908463,0.134871140122414,0.104546435177326,0.270595967769623,0.153891444206238,0.115211337804794,0.0444422699511051,0.245382308959961,0.10255391895771,0.0706248506903648,-0.107707634568214,0.366649061441422,-0.0652193576097488,-0.077879898250103,0.0590565018355846,0.209562167525291
0.383738100528717,0.454649567604065,0.239087969064713,0.244268104434013,0.0889160111546516,-0.0139892529696226,-0.107696540653706,0.0628722682595253,0.205801740288734,0.304314851760864,0,0.286066502332687,0.259003579616547,0.0887182131409645,-0.0312360916286707,-0.113784365355968,0.0766142308712006,0.225630044937134,-0.192301005125046,0.272785872220993,-0.0272849444299936,0.0394158288836479,0.00570660782977939,-0.108899720013142,-0.0292617529630661,-0.0254735499620438,0.100683271884918,0.0546600706875324,0.104911282658577,0.0812140628695488,-0.0896483585238457,-0.194584250450134,0.00115707283839583,0.113706275820732,0.01944225654006,-0.145452633500099,-0.0508966967463493,0.199365645647049,0.0513362474739552,0.318168044090271,0.0576261281967163,0.166682422161102,0.16457411646843,0.205579802393913,0.0785484835505486,0.0641944333910942,-0.152254536747932,0.205190792679787,-0.0852265283465385,-0.0750623792409897,0.167209595441818,0.248429700732231,-0.135229513049126,0.289196521043777,0.131869897246361,0.060283288359642,-0.00273157167248428,-0.131346225738525,0.109806284308434,-0.0107341269031167,0.150459885597229,0.0250354651361704,0.165278822183609,0.0332136191427708,-0.0281257461756468,-0.0900861471891403,-0.0131552098318934,0.125600054860115,0.229543551802635,-0.0117322187870741,0.139665335416794,0.250719577074051,0.0230083763599396,0.374731332063675,0.0853887498378754,0.234404772520065,0.180232256650925,0.288404911756516,0.244666874408722,0.0461803898215294,-0.129009321331978,0.295522123575211,-0.0502537935972214,-0.101924873888493,0.151629239320755,0.280024468898773
0.341240137815475,0.222791448235512,0.554039776325226,0.365739554166794,0.11694810539484,3.28570604324341e-05,-0.0535713173449039,0.116384960711002,0.118168950080872,0.259705603122711,0.286066502332687,0,0.391727417707443,0.079056553542614,0.0027414548676461,-0.0275265723466873,0.134120732545853,0.138981193304062,-0.0749690234661102,0.200913548469543,0.0540683232247829,-0.0602479577064514,-0.0153772616758943,-0.0859867706894875,-0.0387459360063076,0.0349269397556782,0.0247732549905777,0.00693705352023244,0.172113299369812,-0.0420147888362408,-0.0874297469854355,-0.148373365402222,-0.0471892096102238,0.0201656557619572,0.215616405010223,-0.0403621233999729,0.131116554141045,0.0394165702164173,-0.0101320259273052,0.205775782465935,0.0586825832724571,0.0116797722876072,0.141111388802528,0.25783509016037,0.103177644312382,0.0573977939784527,-0.101126678287983,0.198247715830803,-0.103959411382675,-0.0737403258681297,0.0520144328474998,0.176064372062683,-0.0180885698646307,0.235576182603836,0.190119057893753,-0.0806982666254044,0.0083920918405056,-0.10353896021843,0.0500068366527557,0.0562475956976414,0.0327404178678989,-0.0206256601959467,0.224497124552727,-0.0730294361710548,-0.0334918014705181,-0.0647578462958336,-0.0128403399139643,0.0280983615666628,0.303233504295349,0.058713011443615,0.251331567764282,0.0499228499829769,-0.0620478019118309,0.248525246977806,0.0769089609384537,0.0714552029967308,0.16955155134201,0.304868847131729,0.234076768159866,0.0116830067709088,-0.0770828425884247,0.264501690864563,-0.0750718861818314,-0.0615388676524162,0.0565097257494926,0.21785868704319
0.298353523015976,0.215691804885864,0.356980800628662,0.606719732284546,0.180957272648811,-0.0183260980993509,-0.030982930213213,0.0927414745092392,0.120595298707485,0.226858213543892,0.259003579616547,0.391727417707443,0,0.142043396830559,-0.012827374972403,-0.00903699733316898,0.107677027583122,0.140019670128822,-0.0730146244168282,0.251079082489014,-0.0319745019078255,-0.0260910913348198,0.00456668948754668,-0.0635087415575981,-0.107518248260021,0.023008469492197,-0.0461807735264301,0.0384504087269306,0.133590146899223,-0.0224947594106197,-0.0857195928692818,-0.154706969857216,-0.0375484563410282,0.11802364885807,0.149780258536339,-0.0878016352653503,0.080032579600811,0.0576245933771133,0.0526551678776741,0.197985678911209,0.175307601690292,-0.0226031262427568,0.0809465423226357,0.156137302517891,0.118442021310329,0.0747219771146774,-0.0615587793290615,0.218702584505081,-0.0904132798314095,-0.0416699349880219,0.0774308517575264,0.283505022525787,0.00670861452817917,0.272550970315933,0.0325034148991108,-0.0350338965654373,0.00194302515592426,-0.0573271922767162,-0.0576676689088345,0.0385451875627041,-0.0337977074086666,0.0296263955533504,0.171027630567551,-0.0495550595223904,-0.048621442168951,-0.121984355151653,-0.0232161320745945,0.112520799040794,0.281368345022202,-0.0210794731974602,0.183549761772156,0.0769622176885605,0.0588609911501408,0.235212773084641,0.238708898425102,0.0230985507369041,0.107729762792587,0.205480843782425,0.181939378380775,0.0710932835936546,-0.0180618520826101,0.307902097702026,-0.103682540357113,-0.0601437576115131,0.0913492068648338,0.339496612548828
0.110111765563488,0.0827021598815918,0.0582007095217705,0.115163028240204,0.0318032838404179,-0.0225873980671167,-0.0227369386702776,0.0110263228416443,0.0369403846561909,0.0963270738720894,0.0887182131409645,0.079056553542614,0.142043396830559,0,-0.0172973610460758,-0.0313297472894192,0.00610833847895265,0.0845240578055382,-0.0273989588022232,0.125084742903709,-0.0351363494992256,-0.00364003586582839,0.00326895760372281,-0.0259136762470007,-0.031970951706171,-0.00716452347114682,-0.0116454940289259,-0.00843004509806633,0.0286693330854177,-0.0048244521021843,-0.0401917770504951,-0.0568682514131069,-0.0115925399586558,0.0394409671425819,0.0244467742741108,-0.0361680462956429,-0.00112148048356175,0.0366222262382507,0.0362788252532482,0.075172632932663,0.0545359998941422,0.0190286934375763,0.047313317656517,0.049784030765295,0.0444806516170502,0.0181416906416416,-0.0257976725697517,0.0864529013633728,-0.0435683913528919,-0.008577024564147,0.0575981512665749,0.109170712530613,-0.0185209717601538,0.105051964521408,0.0101802479475737,-0.0077596353366971,-0.00873987190425396,-0.0243589319288731,-0.00835820566862822,-0.00189198239240795,0.00829176325351,-0.011629119515419,0.0282382816076279,-0.00505507923662663,-0.0185549855232239,-0.0254888515919447,-0.0147504210472107,0.0522869639098644,0.0868945047259331,-0.0219506863504648,0.0637170001864433,0.0502763614058495,0.0407605022192001,0.0789890810847282,0.0671403259038925,0.0280290897935629,0.0627331510186195,0.0738637149333954,0.0947965905070305,0.000841993663925678,-0.01428531575948,0.120367750525475,-0.0310409758239985,-0.0192079972475767,0.0512062050402164,0.123213395476341
-0.0231474135071039,-0.00957340095192194,0.0137112597003579,-0.0102641033008695,-0.0143487835302949,0.414558589458466,0.172643721103668,0.0331517942249775,0.0496279485523701,0.0250545237213373,-0.0312360916286707,0.0027414548676461,-0.012827374972403,-0.0172973610460758,0,0.219379186630249,0.039624247699976,0.0508611686527729,0.0536689981818199,0.00818631984293461,0.1373640447855,0.0750233307480812,0.0966191813349724,0.211011230945587,0.210905507206917,0.114382572472095,0.310395509004593,0.0937512144446373,0.0600574500858784,0.0913567841053009,0.299503922462463,0.16565790772438,0.247053250670433,0.0614697262644768,-0.0605682879686356,-0.00281729595735669,-0.0646461918950081,0.0405310392379761,0.0688768327236176,0.0550108067691326,0.0562229417264462,0.230857029557228,0.205008417367935,-0.0617142915725708,0.130700632929802,0.0538936033844948,0.2098019272089,-0.122870199382305,0.0321575812995434,0.116978988051414,0.0674221441149712,0.0562838166952133,0.0412320978939533,0.00788086745887995,0.0438488833606243,0.0701873078942299,0.0944424942135811,0.212315931916237,0.145062312483788,0.124093167483807,0.293659210205078,0.0930541679263115,0.0295403432101011,0.0847962126135826,0.264090180397034,0.134858250617981,0.251681327819824,0.0520732179284096,-0.118530467152596,-0.0462912209331989,-0.104061461985111,0.0400227792561054,0.091513529419899,0.0221820026636124,0.0480707101523876,0.21506766974926,0.153737470507622,-0.0967843681573868,0.0411066748201847,0.050828255712986,0.199643328785896,-0.128241688013077,0.0286497417837381,0.131737217307091,0.0688470974564552,0.0438360124826431
-0.116770133376122,-0.0985467582941055,-0.0222521312534809,-0.0157179534435272,-0.0237065646797419,0.173140853643417,0.246084183454514,0.0149262361228466,-0.0194339789450169,-0.072325810790062,-0.113784365355968,-0.0275265723466873,-0.00903699733316898,-0.0313297472894192,0.219379186630249,0,0.023772357031703,-0.0116709461435676,0.107670336961746,-0.0353190563619137,0.0488223023712635,0.0452847853302956,0.0624172426760197,0.183539763092995,0.0612574815750122,0.110718227922916,0.00873982161283493,0.0184086635708809,0.00461401371285319,0.0443166382610798,0.142997533082962,0.120426289737225,0.0980383232235909,0.0205121412873268,-0.00382172735407948,0.0402277670800686,0.04139169678092,-0.0467508248984814,0.05409324914217,-0.115917712450027,0.0794172957539558,-0.026044825091958,0.0104878842830658,-0.133823290467262,0.0411992333829403,0.0432338640093803,0.208649337291718,-0.0870730504393578,0.0428692884743214,0.101793758571148,0.0143230324611068,0.023795522749424,0.104944460093975,-0.0434680171310902,-0.0312541760504246,0.0253147631883621,0.0391020067036152,0.195074141025543,-0.00450401986017823,0.111187271773815,-0.0123503003269434,0.0318456217646599,-0.00909963808953762,0.0495268255472183,0.106485985219479,0.0816453471779823,0.0977377369999886,0.0252370219677687,-0.0483111068606377,-0.0204892121255398,-0.00982191320508718,-0.056649312376976,0.0743141695857048,-0.136814102530479,0.0882347449660301,-0.0462011396884918,-0.0212708506733179,-0.156971827149391,-0.0299246869981289,0.0427436493337154,0.216585531830788,-0.11821985989809,0.0302321687340736,0.129068329930305,-0.00176315568387508,0.0117152966558933
0.0253698583692312,0.0437505207955837,0.11041035503149,0.0841274186968803,0.0221028868108988,0.0290696397423744,-0.00770817883312702,0.0895402356982231,0.0402693413197994,0.0145333148539066,0.0766142308712006,0.134120732545853,0.107677027583122,0.00610833847895265,0.039624247699976,0.023772357031703,0,0.0642096325755119,-0.0242419671267271,0.0784039124846458,-0.0492898561060429,0.0261266473680735,0.0137087963521481,-0.00814169272780418,-0.0397188290953636,-0.0432207323610783,0.0616986118257046,0.0279490109533072,0.0112944468855858,0.0264293365180492,0.0556588135659695,-0.0704017579555511,0.00121750996913761,0.0284922923892736,-0.0160431005060673,-0.0770769864320755,-0.053527045994997,0.0350609682500362,0.0106710372492671,0.0454989075660706,0.0032760901376605,0.0447462722659111,0.114618167281151,-0.022242434322834,0.00933490879833698,-0.000504099705722183,0.0169622469693422,-0.035596139729023,-0.0102570559829473,-0.0137505168095231,0.0346264503896236,0.0513200722634792,-0.00266109150834382,0.0717668533325195,-0.0349626056849957,0.0277985967695713,0.00231470214203,0.01082968339324,-0.0363711826503277,-0.0196533370763063,0.0478329695761204,0.0222807843238115,0.0174314752221107,0.0121709099039435,0.0383895002305508,-0.0540660880506039,0.0161646604537964,0.0351324304938316,-0.0188056342303753,-0.0997216701507568,-0.0266119427978992,0.039492666721344,0.00351353222504258,0.0547008588910103,0.00440357252955437,0.0461189225316048,0.109928175806999,0.0050269509665668,0.00069284241180867,0.00416655698791146,0.0269787386059761,0.0105641428381205,-0.0149218123406172,-0.00918147899210453,0.0438819229602814,0.0662425756454468
0.251564681529999,0.196553185582161,0.142846956849098,0.135296925902367,0.0557278729975224,0.0551070608198643,-0.0297655407339334,0.0552525073289871,0.171465948224068,0.222625181078911,0.225630044937134,0.138981193304062,0.140019670128822,0.0845240578055382,0.0508611686527729,-0.0116709461435676,0.0642096325755119,0,-0.0562560558319092,0.154750034213066,0.0402721837162971,0.0264807157218456,0.0320352166891098,-0.00454459199681878,0.0438052490353584,0.0338188670575619,0.0930701643228531,0.012208940461278,0.0879127532243729,0.0588646233081818,-0.00316104362718761,-0.0279832687228918,0.0482010580599308,0.0764752179384232,0.0294708050787449,-0.0425805747509003,0.00736875645816326,0.136517539620399,0.0736375525593758,0.165358752012253,0.0606649778783321,0.12942074239254,0.109036490321159,0.128291636705399,0.0788019299507141,0.0510978288948536,0.0131359016522765,0.136287033557892,-0.030469287186861,0.0311796460300684,0.142734959721565,0.177317947149277,-0.00703071383759379,0.170737892389297,0.103080317378044,0.0366698950529099,0.0185015089809895,-0.010219594463706,0.097332738339901,0.0436158590018749,0.117926813662052,0.00992250815033913,0.105539798736572,0.041129931807518,0.0520490519702435,0.0148221431300044,0.0412179827690125,0.101583443582058,0.1173375248909,0.013595805503428,0.0827731937170029,0.152748078107834,0.0612771362066269,0.175305292010307,0.0749065726995468,0.163952529430389,0.123636275529861,0.145320370793343,0.15151335299015,0.0427511818706989,0.0366178341209888,0.172999367117882,-0.00838653184473515,0.00198681582696736,0.125357106328011,0.202832251787186
-0.172858953475952,-0.110348127782345,-0.038480632007122,-0.0791784599423409,-0.0222489237785339,0.0854623913764954,0.148872375488281,-0.0344406291842461,-0.0481197088956833,-0.0830669403076172,-0.192301005125046,-0.0749690234661102,-0.0730146244168282,-0.0273989588022232,0.0536689981818199,0.107670336961746,-0.0242419671267271,-0.0562560558319092,0,-0.0838694721460342,0.234092026948929,0.0463325344026089,0.0333973579108715,0.284231334924698,0.261448591947556,0.279441982507706,-0.120439469814301,0.082627609372139,0.063460648059845,0.0762663781642914,0.0666855275630951,0.609265983104706,0.00745755434036255,-0.0568075068295002,0.466936856508255,0.238565802574158,0.526450276374817,-0.0374697931110859,0.00765859242528677,-0.135413199663162,0.0862828567624092,-0.0603800788521767,-0.109813615679741,-0.0461152233183384,0.215000733733177,0.0408939756453037,0.695176959037781,0.144561260938644,0.141215115785599,0.149134233593941,0.11260099709034,0.0670498162508011,0.60236668586731,-0.0726791471242905,0.00857562478631735,0.0237967073917389,0.0110183553770185,0.23926454782486,0.0483153499662876,0.204056262969971,-0.157691359519958,0.099141038954258,0.013258065097034,0.08208017796278,-0.0173558183014393,0.386029988527298,0.0271507184952497,-0.0359746851027012,0.139323711395264,0.201201319694519,0.232261851429939,-0.0819112733006477,0.0817845091223717,-0.212735056877136,0.0847240388393402,-0.139528006315231,-0.1035201177001,-0.121084675192833,0.0573519021272659,0.0123199885711074,0.565183877944946,-0.0729304179549217,0.10428760945797,0.164633885025978,0.131734773516655,0.0267230328172445
0.248937427997589,0.243144795298576,0.202366873621941,0.282357037067413,0.107079446315765,0.0240787919610739,-0.0542951636016369,0.0753535330295563,0.161788120865822,0.249670058488846,0.272785872220993,0.200913548469543,0.251079082489014,0.125084742903709,0.00818631984293461,-0.0353190563619137,0.0784039124846458,0.154750034213066,-0.0838694721460342,0,-0.0883270502090454,0.127730444073677,0.0455557331442833,-0.00739027699455619,-0.142534717917442,0.0226595159620047,-0.0210957173258066,0.0237373746931553,0.230906113982201,0.156055584549904,-0.125950038433075,-0.291939467191696,0.00612269900739193,0.355309307575226,0.21714098751545,-0.216453924775124,0.0606824867427349,0.259215891361237,0.275803357362747,0.405522584915161,0.378911882638931,0.0607876293361187,0.254305809736252,0.306599795818329,0.326914340257645,0.261970669031143,0.0428085476160049,0.404076755046844,-0.145565152168274,-0.0443677008152008,0.269566297531128,0.556763291358948,0.0332016609609127,0.580194473266602,-0.101311460137367,0.135880634188652,-0.00393976736813784,-0.0378810316324234,-0.162005454301834,0.00775499315932393,0.0104922782629728,0.0205668918788433,0.18420535326004,0.115201041102409,-0.0739649832248688,-0.297880411148071,0.010348535142839,0.335644453763962,0.312429338693619,-0.230141162872314,0.144438683986664,0.260093688964844,0.221202254295349,0.435983300209045,0.363084048032761,0.114286258816719,0.25198233127594,0.25677764415741,0.272629112005234,0.207996755838394,0.0421870797872543,0.475087761878967,-0.183991923928261,-0.0994663685560226,0.218843266367912,0.551958560943604
0.0558291636407375,0.0284684989601374,0.108844213187695,-0.0298312455415726,0.00420800177380443,0.152891919016838,0.047028936445713,-0.0629242733120918,0.001635393477045,0.234934061765671,-0.0272849444299936,0.0540683232247829,-0.0319745019078255,-0.0351363494992256,0.1373640447855,0.0488223023712635,-0.0492898561060429,0.0402721837162971,0.234092026948929,-0.0883270502090454,0,-0.113207377493382,0.0551021993160248,0.193684205412865,0.683978319168091,0.509875535964966,0.235678642988205,-0.0273320209234953,0.281793683767319,-0.0564258992671967,0.106075718998909,0.482453882694244,0.168558433651924,-0.124654583632946,0.516584634780884,0.445208609104156,0.507445812225342,-0.10589824616909,-0.0538333170115948,0.116788133978844,0.0808510556817055,0.339881926774979,-0.000963651400525123,0.630551218986511,0.390231192111969,0.355963438749313,0.0606489293277264,0.415256142616272,0.0289239902049303,0.00655106315389276,-0.0199052840471268,-0.046946108341217,0.0110336495563388,-0.107081688940525,0.642967581748962,-0.156563863158226,0.0599274300038815,0.13070122897625,0.483707964420319,0.273729026317596,0.100571624934673,0.00188554602209479,0.112170279026031,-0.0511206053197384,0.0678218752145767,0.296070426702499,0.125561073422432,-0.10577492415905,0.259331703186035,0.339927822351456,0.20909857749939,-0.105289071798325,-0.008205721154809,-0.0215165857225657,0.0303867794573307,0.187377154827118,-0.0925504118204117,0.227894484996796,0.073668472468853,0.14811310172081,0.0624578222632408,0.0584206432104111,0.0546859577298164,0.0136574469506741,-0.00281493877992034,-0.0874591171741486
-0.105776719748974,0.0726055502891541,-0.032151211053133,-0.0180539824068546,-0.0101461224257946,0.0873333513736725,0.0382339283823967,0.0112217208370566,0.0457090362906456,-0.027692086994648,0.0394158288836479,-0.0602479577064514,-0.0260910913348198,-0.00364003586582839,0.0750233307480812,0.0452847853302956,0.0261266473680735,0.0264807157218456,0.0463325344026089,0.127730444073677,-0.113207377493382,0,0.0157873518764973,0.271076142787933,0.0362552590668201,-0.102641075849533,0.090091660618782,0.077495813369751,0.0293009076267481,0.896151661872864,0.0221600010991096,-0.153684198856354,0.161396667361259,0.377754777669907,-0.0676421746611595,-0.156480252742767,-0.118711717426777,0.838153004646301,0.315374076366425,0.015011147595942,0.279530614614487,0.237625196576118,0.0576846189796925,-0.0274909436702728,0.0962691679596901,0.625106811523438,0.181376442313194,-0.0141335027292371,-0.0332326926290989,0.0212248992174864,0.173364505171776,0.198052555322647,0.0956743583083153,0.103018388152122,-0.274076104164124,0.960183262825012,-0.00874433666467667,0.298972636461258,-0.12731246650219,-0.0967085808515549,0.107574298977852,0.150182470679283,-0.0592620745301247,0.879328846931458,-0.00862424075603485,-0.205600813031197,0.159912317991257,0.345233619213104,-0.178040847182274,-0.261126160621643,-0.208028927445412,0.779848158359528,0.370506465435028,0.00208917702548206,0.281695336103439,0.255135715007782,0.0469718538224697,-0.156589806079865,-0.0522769093513489,0.557060122489929,0.180118724703789,-0.0144196217879653,-0.0661905109882355,0.0217193812131882,0.143803790211678,0.159062296152115
0.0146791515871882,0.0121090989559889,0.00178169459104538,0.00245130225084722,0.00666548544541001,0.111864887177944,0.0611652694642544,-0.00510838022455573,0.00521007506176829,0.0393348149955273,0.00570660782977939,-0.0153772616758943,0.00456668948754668,0.00326895760372281,0.0966191813349724,0.0624172426760197,0.0137087963521481,0.0320352166891098,0.0333973579108715,0.0455557331442833,0.0551021993160248,0.0157873518764973,0,0.144334018230438,0.103462740778923,0.125606656074524,0.0432585664093494,0.0151334162801504,0.0775856077671051,0.0362263843417168,0.0779907330870628,0.0989385098218918,0.0816845446825027,0.034969974309206,0.0539685860276222,0.0336816571652889,0.0638810619711876,0.0161379724740982,0.0467100106179714,0.0228203516453505,0.0512952655553818,0.0272455178201199,0.0505717843770981,0.0298929493874311,0.0653735622763634,0.0844460055232048,0.104733534157276,0.0403410606086254,0.0287129320204258,0.0921704098582268,0.0392932035028934,0.0839432775974274,0.0118940966203809,0.0207694061100483,0.0202778857201338,0.00297410739585757,0.0339425019919872,0.123047448694706,0.0557360425591469,0.100844502449036,0.0421207025647163,0.00350150349549949,0.0365730933845043,0.0322969891130924,0.0740680173039436,0.0606093630194664,0.0600073859095573,0.00364854978397489,0.0346184745430946,0.00988531485199928,0.0246589947491884,0.00318469805642962,0.0322684273123741,0.0228307731449604,0.0412139445543289,0.0461444668471813,0.0184468887746334,-0.0140072014182806,0.0331542901694775,0.0705165639519691,0.0695652440190315,0.0185514204204082,0.0184743423014879,0.0435978770256042,0.0131133496761322,0.0659366622567177
-0.110590986907482,-0.078642874956131,-0.0621554777026176,-0.0518856383860111,-0.0134659549221396,0.215422764420509,0.191880494356155,-0.0203012377023697,-0.0126698222011328,-0.134611576795578,-0.108899720013142,-0.0859867706894875,-0.0635087415575981,-0.0259136762470007,0.211011230945587,0.183539763092995,-0.00814169272780418,-0.00454459199681878,0.284231334924698,-0.00739027699455619,0.193684205412865,0.271076142787933,0.144334018230438,0,0.322259277105331,0.360260337591171,0.0728510096669197,0.457027912139893,0.0806921571493149,0.456942409276962,0.180325046181679,0.208970621228218,0.312329292297363,0.0798145160079002,0.118234932422638,0.0491179004311562,0.102885998785496,0.206256687641144,0.102876633405685,-0.0896152630448341,0.132310599088669,0.0710889548063278,0.0428501963615417,-0.0529319494962692,0.0813348144292831,0.43115758895874,0.372407108545303,-0.0247943270951509,0.0596424490213394,0.152316153049469,0.105595670640469,0.11153132468462,0.296195477247238,0.00336000183597207,0.0122143626213074,0.243572309613228,0.106879375874996,0.787436366081238,0.150529533624649,0.340466529130936,0.0684629827737808,0.43283623456955,0.046315748244524,0.463793218135834,0.141940295696259,0.180448040366173,0.319459766149521,0.0827161893248558,0.034010536968708,-0.0344631150364876,0.0945574417710304,0.122432291507721,0.164577633142471,-0.0892438888549805,0.167291253805161,0.110725402832031,0.0366328880190849,-0.110759846866131,0.0151651771739125,0.410487532615662,0.303096413612366,-0.0609448738396168,0.0421198680996895,0.131271094083786,0.0777932181954384,0.0621390305459499
