0,0.333766788244247,0.268989056348801,0.280389904975891,0.0856748446822166,-0.00684977695345879,-0.0886131450533867,0.0608101598918438,0.209197461605072,0.724593639373779,0.412258714437485,0.356222361326218,0.294428825378418,0.1128094419837,0.00241855159401894,-0.0942048355937004,0.0425016172230244,0.263274967670441,-0.147371709346771,0.233785673975945,0.0686708614230156,-0.0228513106703758,0.0228325631469488,-0.0514982715249062,0.0697353035211563,0.143998727202415,0.0953243002295494,0.0267243962734938,0.187812253832817,-0.000120952725410461,-0.151779174804688,-0.101646848022938,0.012252951040864,0.128008842468262,0.0968658924102783,-0.0557413548231125,0.0196770690381527,0.109672471880913,0.0705399960279465,0.361361920833588,0.0848273709416389,0.184109449386597,0.092605859041214,0.362914562225342,0.0435967072844505,0.183152884244919,-0.170856773853302,0.352370172739029,-0.100579507648945,-0.0638645067811012,0.0321961976587772,0.228583380579948,-0.0364758186042309,0.276206940412521,0.41599252820015,-0.0186814442276955,0.0344550125300884,-0.0733288675546646,0.366505026817322,0.251203656196594,0.188976064324379,0.00731810880824924,0.321756780147552,-0.0314316116273403,-0.0303103663027287,0.128576323390007,0.0208037439733744,0.141731336712837,0.390718519687653,0.198015555739403,0.294897466897964,0.129516705870628,0.0729356780648232,0.446850538253784,0.186207845807076,0.310389012098312,0.17375411093235,0.588256776332855,0.393154323101044,0.199547812342644,-0.123382441699505,0.529336988925934,-0.00138414558023214,-0.081693172454834,0.0510765612125397,0.279094338417053
0.333766788244247,0,0.248687580227852,0.271979212760925,0.111331328749657,0.0138933937996626,-0.0785768330097198,0.0715838745236397,0.22001139819622,0.347852498292923,0.486576825380325,0.264421820640564,0.256386429071426,0.0969868674874306,-0.00293702259659767,-0.0943379327654839,0.0561260171234608,0.209048748016357,-0.10436700284481,0.260436177253723,0.048508632928133,0.0880858674645424,0.0200912766158581,-0.0504687875509262,0.0692160576581955,0.0478038340806961,0.14274038374424,0.0754901245236397,0.144499525427818,0.125590860843658,-0.030114434659481,-0.103724472224712,0.0133641064167023,0.175321668386459,0.112674370408058,-0.0634379014372826,0.0101415244862437,0.224929466843605,0.134410545229912,0.333502143621445,0.120271638035774,0.194561302661896,0.160279422998428,0.2201267182827,0.166550561785698,0.128086164593697,-0.109251946210861,0.236767396330833,-0.048328060656786,-0.0547225251793861,0.165451511740685,0.288136631250381,-0.120615035295486,0.25410732626915,0.0664458572864532,0.0861489847302437,0.0160735528916121,-0.073629729449749,0.0707775056362152,0.000714510562829673,0.13241796195507,0.0720497220754623,0.13201005756855,0.0836188346147537,-0.0127501813694835,-0.0883191227912903,-0.0142673142254353,0.106609433889389,0.157736599445343,-0.0314380303025246,0.0743185207247734,0.258062064647675,0.0823702067136765,0.31476104259491,0.0974271222949028,0.186297446489334,0.150413498282433,0.190484449267387,0.165218189358711,0.0681271404027939,-0.117924533784389,0.225195199251175,-0.0495591685175896,-0.0714111402630806,0.154142022132874,0.262897342443466
0.268989056348801,0.248687580227852,0,0.391372829675674,0.102042615413666,0.0359069108963013,-0.0215151384472847,0.147487834095955,0.141746178269386,0.28627073764801,0.270949810743332,0.574699521064758,0.377940565347672,0.0678045377135277,0.0321395024657249,-0.0309748221188784,0.118628978729248,0.1548171043396,-0.0287806577980518,0.203754171729088,0.122339978814125,0.00432935077697039,0.0122874639928341,-0.0342894941568375,0.041307408362627,0.0526521280407906,0.0859064757823944,0.00475683575496078,0.191837579011917,0.0259528867900372,-0.00386250903829932,-0.0651030987501144,-0.0226078070700169,0.0590937435626984,0.229694381356239,-0.0065523530356586,0.136684969067574,0.0895270109176636,0.0151287550106645,0.204744607210159,0.084096685051918,0.0915163680911064,0.174430698156357,0.253003090620041,0.205364122986794,0.064963236451149,-0.0696514546871185,0.188845500349998,-0.0516183786094189,-0.0461587272584438,0.0728444084525108,0.186777606606483,-0.0278757438063622,0.177362695336342,0.116379097104073,-0.0118138855323195,0.0350333638489246,-0.0583154447376728,0.0390221476554871,0.0297472886741161,0.0704480484127998,0.0117547316476703,0.165639311075211,-0.0031000014860183,0.00435326946899295,-0.0685651451349258,-0.0125743877142668,0.0322126373648643,0.199243158102036,-0.0190694741904736,0.13856253027916,0.0996313467621803,-0.00865005701780319,0.203372687101364,0.0918469727039337,0.0824944376945496,0.125899866223335,0.177435725927353,0.164736613631248,0.0152497747913003,-0.0660056844353676,0.181798413395882,-0.0610519051551819,-0.0522097945213318,0.0825208052992821,0.176348239183426
0.280389904975891,0.271979212760925,0.391372829675674,0,0.194812923669815,0.0131423585116863,-0.00938353314995766,0.109798222780228,0.140249580144882,0.260130733251572,0.27970826625824,0.374635368585587,0.644403338432312,0.125361785292625,0.00731140654534101,-0.0165329892188311,0.0959226191043854,0.148124441504478,-0.0519721023738384,0.298748821020126,-0.0240472070872784,0.0370308049023151,0.0130994915962219,-0.0172064714133739,-0.0780701264739037,0.0199696253985167,0.0116943679749966,0.025847852230072,0.149175301194191,0.05060675740242,-0.0278849415481091,-0.151261702179909,-0.0203084331005812,0.197424381971359,0.177902802824974,-0.0876476466655731,0.0621779635548592,0.127231746912003,0.190065860748291,0.21658930182457,0.283964544534683,0.0432378724217415,0.131481245160103,0.16486382484436,0.170071735978127,0.120765797793865,-0.0219318270683289,0.25090953707695,-0.068665087223053,-0.0195357222110033,0.132778406143188,0.349977344274521,-0.0202867332845926,0.284655004739761,0.022126292809844,0.0392071679234505,0.0117384390905499,-0.0323675647377968,-0.0371749252080917,-0.00850334949791431,0.0266476236283779,0.0316247865557671,0.154994800686836,0.0320919081568718,-0.0214668214321136,-0.126058265566826,0.00816934462636709,0.158893942832947,0.259248286485672,-0.0583413951098919,0.151865631341934,0.145618364214897,0.123849548399448,0.252334922552109,0.267505377531052,0.0823173299431801,0.134806409478188,0.183313280344009,0.1888317912817,0.0974624529480934,-0.0362650193274021,0.308480650186539,-0.0634947493672371,-0.0549801141023636,0.127864211797714,0.348553657531738
0.0856748446822166,0.111331328749657,0.102042615413666,0.194812923669815,0,-0.00273567694239318,-0.019508259370923,0.0200108774006367,0.0558750331401825,0.0969608873128891,0.101683184504509,0.111146107316017,0.166225984692574,0.0445376820862293,-0.00245300936512649,-0.0262549035251141,0.0209723468869925,0.0608245618641376,-0.0150248324498534,0.105898573994637,0.00165486277546734,0.00314942258410156,0.0109777366742492,-0.0104066152125597,-0.0164787899702787,0.00393148558214307,-0.00573692144826055,-0.0109666623175144,0.0703189969062805,0.00664424430578947,-0.026682710275054,-0.0321209616959095,-0.00895409844815731,0.0262869782745838,0.0703033357858658,0.0051427660509944,0.0509420596063137,0.0486888065934181,0.0757790058851242,0.0933253765106201,0.0925400778651237,0.0124015593901277,0.0563349276781082,0.07228172570467,0.0672883242368698,0.0170302800834179,0.0085644694045186,0.109546095132828,-0.0285685416311026,-0.0205752234905958,0.0624195113778114,0.142962843179703,-0.00828771572560072,0.111945174634457,-0.0147131560370326,-0.0038228677585721,-0.0134129794314504,-0.0308020357042551,-0.0330618880689144,-0.0100951511412859,-0.00362874567508698,-0.00271754036657512,0.0626102164387703,-0.00601109443232417,-0.0196068678051233,-0.0431679412722588,-0.0163594223558903,0.0308697670698166,0.0858078598976135,-0.00809661205857992,0.0635947361588478,0.0500659421086311,0.0569838844239712,0.0793158710002899,0.0820044204592705,0.00259345886297524,0.0274680778384209,0.0458209328353405,0.0527971051633358,-0.00430810218676925,-0.00841483287513256,0.106894008815289,-0.0393718592822552,-0.023444551974535,0.0463468991219997,0.129403725266457
-0.00684977695345879,0.0138933937996626,0.0359069108963013,0.0131423585116863,-0.00273567694239318,0,0.164114058017731,0.023370424285531,0.0855177938938141,0.0555207803845406,-0.000204343348741531,0.0263764727860689,0.00375889823772013,-0.0157309006899595,0.432132214307785,0.16501273214817,0.0411354564130306,0.0696417167782784,0.064821220934391,0.0418803915381432,0.142339810729027,0.0970194861292839,0.13517838716507,0.219740957021713,0.240548357367516,0.124389737844467,0.337572664022446,0.128687411546707,0.0861591026186943,0.122534178197384,0.299485087394714,0.20874460041523,0.273606985807419,0.071105919778347,-0.0317697115242481,0.0247374176979065,-0.0210797283798456,0.0848127454519272,0.088836133480072,0.0986992791295052,0.0522263459861279,0.266695231199265,0.229749783873558,-0.00110900355502963,0.173851132392883,0.078399233520031,0.216072931885719,-0.0695464983582497,0.0565065480768681,0.149673625826836,0.114905379712582,0.079990565776825,0.0332105234265327,0.0255653224885464,0.00807036831974983,0.0754026547074318,0.0902433395385742,0.211628615856171,0.130084842443466,0.088326707482338,0.285175949335098,0.13168478012085,0.0166908856481314,0.110848538577557,0.275672346353531,0.138724640011787,0.23416306078434,0.0661796033382416,-0.110893204808235,-0.0469115264713764,-0.0884108915925026,0.0618044883012772,0.0943265780806541,0.0410488098859787,0.0468546338379383,0.22202841937542,0.155566185712814,-0.0870851427316666,0.0791939869523048,0.0441866666078568,0.184510245919228,-0.106092423200607,0.0547368936240673,0.122089959681034,0.098785936832428,0.0511428713798523
-0.0886131450533867,-0.0785768330097198,-0.0215151384472847,-0.00938353314995766,-0.019508259370923,0.164114058017731,0,-0.00963337905704975,-0.00925676338374615,-0.0431364700198174,-0.102921321988106,-0.0442620702087879,-0.0292455870658159,-0.0242445562034845,0.170015424489975,0.248931482434273,-0.0106393722817302,-0.0319636911153793,0.148701965808868,-0.0415893942117691,0.0467450134456158,0.0256266724318266,0.0747199356555939,0.175077646970749,0.0630166828632355,0.127808600664139,-0.00163598486687988,0.0705345645546913,0.0163468308746815,0.0369881726801395,0.160732179880142,0.163846343755722,0.0689871832728386,0.0141048766672611,0.0214202757924795,0.0778171047568321,0.0697911456227303,-0.0133138447999954,0.052412174642086,-0.122656814754009,0.0658461302518845,-0.0373388864099979,-0.00142026413232088,-0.126634478569031,0.0566650927066803,0.027524882927537,0.230791002511978,-0.0630258023738861,0.0440941751003265,0.133136287331581,0.0159746836870909,0.0267882067710161,0.0908838510513306,-0.0509690716862679,-0.0621923357248306,0.0173649396747351,0.0289438627660275,0.153490200638771,-0.0354760251939297,0.0707680583000183,-0.0301088709384203,0.0594333112239838,-0.0235770232975483,0.0335446894168854,0.0870694220066071,0.0862760096788406,0.0541804321110249,0.0186683889478445,-0.057722233235836,-0.0165311489254236,-0.0243061985820532,-0.0320638045668602,0.0563675276935101,-0.13758896291256,0.0666337236762047,-0.060605488717556,-0.0223736837506294,-0.185659646987915,-0.0219025127589703,0.0332967452704906,0.186427220702171,-0.124317593872547,0.0278442893177271,0.109417639672756,0.00203547906130552,-0.00558773195371032
0.0608101598918438,0.0715838745236397,0.147487834095955,0.109798222780228,0.0200108774006367,0.023370424285531,-0.00963337905704975,0,0.0530994348227978,0.0420854650437832,0.0764990076422691,0.12853841483593,0.105811730027199,0.0156967081129551,0.0349149145185947,0.00281170383095741,0.110153123736382,0.0650774985551834,-0.0365985855460167,0.0915831252932549,-0.0559002086520195,0.0235578957945108,0.000601910927798599,-0.00889470055699348,-0.0400179028511047,-0.0208327136933804,0.0579288341104984,0.0170249212533236,0.0253568831831217,0.0118768848478794,0.0680718347430229,-0.0558056943118572,0.0237972009927034,0.0471020117402077,-0.0236744247376919,-0.0810761004686356,-0.0738371685147285,0.0479754619300365,0.0223432257771492,0.072646789252758,0.0150502752512693,0.0483550764620304,0.121906511485577,0.00165778619702905,0.0146893374621868,0.00860307365655899,0.00500626489520073,0.000144306104630232,-0.00393651612102985,0.000360360339982435,0.0446727387607098,0.0875805169343948,-0.0227714125066996,0.075234517455101,-0.0394320785999298,0.0259285178035498,-0.00262977601960301,-0.000553093792404979,-0.0180583782494068,0.00408349605277181,0.0700818076729774,0.0317369401454926,0.0324551127851009,0.00464501325041056,0.0653961077332497,-0.0381370857357979,0.010400352999568,0.0455266982316971,0.00103726226370782,-0.0847783908247948,-0.013468281365931,0.0550900846719742,0.0141286756843328,0.0801416039466858,0.0341837555170059,0.0606307797133923,0.102501757442951,0.01976871304214,0.0345969051122665,0.00817758869379759,0.0132967317476869,0.0550339370965958,-0.0161780249327421,0.00185673381201923,0.0568738766014576,0.0903827697038651
0.209197461605072,0.22001139819622,0.141746178269386,0.140249580144882,0.0558750331401825,0.0855177938938141,-0.00925676338374615,0.0530994348227978,0,0.220538973808289,0.225960463285446,0.129483297467232,0.13524229824543,0.0464341789484024,0.0716157555580139,-0.0215295013040304,0.05182134360075,0.196404576301575,-0.0452977530658245,0.162999525666237,0.00800877250730991,0.0657893940806389,0.0181118231266737,0.00517177814617753,0.0333122909069061,0.00977745745331049,0.127579540014267,0.0206063091754913,0.077619805932045,0.0930072814226151,0.0204086732119322,-0.0509441457688808,0.0640002116560936,0.121185913681984,0.0371458977460861,-0.0584833063185215,-0.0138475298881531,0.165871992707253,0.0969852060079575,0.191559627652168,0.0735773891210556,0.151964828372002,0.135198876261711,0.103444434702396,0.0782987102866173,0.0560601502656937,4.49568033218384e-05,0.114881165325642,-0.0301196668297052,-0.0201495476067066,0.120819538831711,0.182267159223557,-0.0350697971880436,0.170505195856094,0.0452882722020149,0.0594525709748268,0.0291081294417381,-0.0115794949233532,0.0619053244590759,0.0190234929323196,0.145542964339256,0.0163078904151917,0.0923387631773949,0.082285039126873,0.058874748647213,-0.0114291869103909,0.0342056006193161,0.0746040716767311,0.0861777141690254,-0.0312617607414722,0.038747925311327,0.172654330730438,0.0745326355099678,0.185596346855164,0.0683269947767258,0.173170760273933,0.138812705874443,0.109189219772816,0.124675087630749,0.0254325773566961,0.000277595594525337,0.150379776954651,-0.0354628786444664,-0.00329072983004153,0.122612908482552,0.173660233616829
0.724593639373779,0.347852498292923,0.28627073764801,0.260130733251572,0.0969608873128891,0.0555207803845406,-0.0431364700198174,0.0420854650437832,0.220538973808289,0,0.320937722921371,0.282065004110336,0.219723477959633,0.0990207344293594,0.0490399599075317,-0.0527347326278687,0.0347421541810036,0.231662482023239,-0.0651381462812424,0.231752455234528,0.260242164134979,0.000928370689507574,0.0476195327937603,-0.0799516960978508,0.219622120261192,0.231736734509468,0.146045982837677,-0.0626557469367981,0.202826127409935,0.00521518010646105,-0.0200390294194221,0.0574925951659679,0.041431050747633,0.195673406124115,0.228560447692871,0.0989139005541801,0.187872305512428,0.118664003908634,0.264691263437271,0.311383336782455,0.276455521583557,0.236074432730675,0.0851764529943466,0.456762313842773,0.280471712350845,0.249711975455284,-0.130231320858002,0.395987927913666,-0.0193198602646589,-0.00527713494375348,0.0338436886668205,0.226789772510529,-0.148371607065201,0.172975078225136,0.132537126541138,-0.00783501472324133,0.026830330491066,-0.0909666568040848,0.124453820288181,0.129671677947044,0.101198233664036,-0.0298849288374186,0.103708446025848,-0.00251843989826739,-0.0215964782983065,0.00973323546350002,0.0249843373894691,0.132671520113945,0.145800158381462,0.0385830402374268,0.052028950303793,0.136296913027763,0.153784945607185,0.263588696718216,0.170820683240891,0.150573372840881,0.0559885948896408,0.239292785525322,0.099597193300724,0.094449520111084,-0.110892869532108,0.330577045679092,-0.0402299612760544,-0.0553488954901695,0.0549510791897774,0.192568689584732
0.412258714437485,0.486576825380325,0.270949810743332,0.27970826625824,0.101683184504509,-0.000204343348741531,-0.102921321988106,0.0764990076422691,0.225960463285446,0.320937722921371,0,0.323627293109894,0.30640059709549,0.110720425844193,-0.0081115560606122,-0.109095625579357,0.094498910009861,0.250624299049377,-0.187182202935219,0.289461314678192,-0.0112151158973575,0.071316622197628,0.0160204041749239,-0.0650892928242683,0.020453367382288,-0.0135638797655702,0.145748093724251,0.0629265159368515,0.127031534910202,0.108906745910645,-0.0589419156312943,-0.182995483279228,0.0132878553122282,0.125855624675751,0.0340464934706688,-0.139602079987526,-0.059584978967905,0.231115505099297,0.0574680492281914,0.344947308301926,0.0704864636063576,0.196854695677757,0.187065705657005,0.200863406062126,0.0825044959783554,0.0959314480423927,-0.162161231040955,0.221685573458672,-0.0862953364849091,-0.0755531713366508,0.164356723427773,0.280918896198273,-0.141507312655449,0.301663249731064,0.153248354792595,0.0813070088624954,0.00697664497420192,-0.0935284346342087,0.153945341706276,0.00233856542035937,0.196142226457596,0.0422112159430981,0.18841652572155,0.0702785179018974,-0.00513129075989127,-0.0627013444900513,0.00688437465578318,0.135609462857246,0.238846108317375,-0.00392816821113229,0.148688137531281,0.270283639431,0.0403668247163296,0.397356986999512,0.110735163092613,0.264166265726089,0.203305155038834,0.309778064489365,0.263977706432343,0.0765122771263123,-0.136408656835556,0.313225030899048,-0.0384311638772488,-0.10031746327877,0.169164776802063,0.302133947610855
0.356222361326218,0.264421820640564,0.574699521064758,0.374635368585587,0.111146107316017,0.0263764727860689,-0.0442620702087879,0.12853841483593,0.129483297467232,0.282065004110336,0.323627293109894,0,0.402500152587891,0.0851176753640175,0.028241416439414,-0.0310179814696312,0.145754411816597,0.154263526201248,-0.0719111189246178,0.208683431148529,0.0695172920823097,-0.0236273910850286,-0.00620057387277484,-0.0530802235007286,0.00924961175769567,0.0343074947595596,0.0867816358804703,0.0158059727400541,0.187469705939293,0.00413146428763866,-0.0431795008480549,-0.126063719391823,-0.027877340093255,0.0426827520132065,0.194676071405411,-0.0438845716416836,0.110491715371609,0.0880204439163208,0.0103593189269304,0.226625874638557,0.0664926320314407,0.0718574896454811,0.175500527024269,0.22965170443058,0.125909507274628,0.0785507336258888,-0.0962811410427094,0.186085149645805,-0.0823211967945099,-0.0662311464548111,0.066964328289032,0.193619921803474,-0.0259184706956148,0.238140121102333,0.188994601368904,-0.0473502837121487,0.0221624262630939,-0.0715781822800636,0.0930417999625206,0.0627683848142624,0.0914199575781822,-0.000890192342922091,0.237116366624832,-0.0244258586317301,0.00363503838889301,-0.0416033230721951,0.00852979626506567,0.0461717434227467,0.280633091926575,0.0531687885522842,0.227009922266006,0.098127156496048,-0.0406204871833324,0.270236283540726,0.0836488232016563,0.12392421066761,0.186340659856796,0.283289074897766,0.235400050878525,0.036666713654995,-0.087093211710453,0.24493046104908,-0.0535713396966457,-0.0526734478771687,0.0599635094404221,0.21750770509243
0.294428825378418,0.256386429071426,0.377940565347672,0.644403338432312,0.166225984692574,0.00375889823772013,-0.0292455870658159,0.105811730027199,0.13524229824543,0.219723477959633,0.30640059709549,0.402500152587891,0,0.145204976201057,0.0096123069524765,-0.00860540755093098,0.116856269538403,0.157054498791695,-0.0576368793845177,0.272848337888718,-0.0301202237606049,0.0356575697660446,0.0163078717887402,-0.0221102945506573,-0.0828202292323112,0.00654842192307115,2.47536227107048e-05,0.049175463616848,0.136739045381546,0.0460155494511127,-0.064302995800972,-0.160062670707703,-0.0205602906644344,0.168359473347664,0.148794621229172,-0.102852031588554,0.0478367619216442,0.126875624060631,0.117369957268238,0.225008636713028,0.221876934170723,0.0276302304118872,0.116462633013725,0.141525998711586,0.13020958006382,0.106481127440929,-0.0451434999704361,0.229444906115532,-0.0850395038723946,-0.0461877249181271,0.124604761600494,0.319889426231384,0.00409206701442599,0.290690302848816,0.0363399349153042,0.0299524646252394,0.0156299155205488,-0.0203465446829796,-0.0262191612273455,0.033326517790556,0.0155797032639384,0.0462181977927685,0.189886122941971,0.027356443926692,-0.0338100269436836,-0.111629500985146,-0.00158381799701601,0.159773990511894,0.288964122533798,-0.0384347215294838,0.18720830976963,0.145668938755989,0.117800444364548,0.257326871156693,0.290201753377914,0.0816016793251038,0.133917897939682,0.204929888248444,0.200960233807564,0.100413590669632,-0.00689370417967439,0.323579758405685,-0.0847886949777603,-0.047563474625349,0.127604633569717,0.378652453422546
0.1128094419837,0.0969868674874306,0.0678045377135277,0.125361785292625,0.0445376820862293,-0.0157309006899595,-0.0242445562034845,0.0156967081129551,0.0464341789484024,0.0990207344293594,0.110720425844193,0.0851176753640175,0.145204976201057,0,-0.00868020951747894,-0.0275416821241379,0.00663808779790998,0.0928181186318398,-0.0252577904611826,0.132321953773499,-0.039944663643837,0.0156039921566844,0.0111686429008842,-0.0193752869963646,-0.0257880240678787,-0.0178872831165791,0.0138201592490077,-0.0106122605502605,0.0334970988333225,0.0166148524731398,-0.0299453288316727,-0.0561336353421211,0.000130019150674343,0.0606680996716022,0.0256237667053938,-0.0423495694994926,-0.0082451980561018,0.0575247369706631,0.0632588639855385,0.0886165872216225,0.0685894563794136,0.0393703952431679,0.0570836178958416,0.0449949391186237,0.051419124007225,0.018363244831562,-0.0160018298774958,0.082405149936676,-0.0384718999266624,-0.0110952174291015,0.0739290788769722,0.122147768735886,-0.0172219499945641,0.105595454573631,0.00458126375451684,0.0154583966359496,0.00438929162919521,-0.0210934095084667,-0.00165029743220657,-0.0092474427074194,0.0277804378420115,-0.0109496274963021,0.0319805853068829,0.0191786605864763,-0.00847972184419632,-0.0294333100318909,-0.00452585332095623,0.0693314298987389,0.0783250406384468,-0.0312342420220375,0.057683177292347,0.0714248493313789,0.0673884227871895,0.0913071259856224,0.0879831984639168,0.0500191561877728,0.0709668323397636,0.0669989436864853,0.0927845165133476,0.00672303419560194,-0.0132866455242038,0.118921272456646,-0.0261100493371487,-0.0247652716934681,0.0640460923314095,0.13482004404068
0.00241855159401894,-0.00293702259659767,0.0321395024657249,0.00731140654534101,-0.00245300936512649,0.432132214307785,0.170015424489975,0.0349149145185947,0.0716157555580139,0.0490399599075317,-0.0081115560606122,0.028241416439414,0.0096123069524765,-0.00868020951747894,0,0.209139063954353,0.0408852696418762,0.0686425194144249,0.0498632043600082,0.0379782915115356,0.129877969622612,0.0834491401910782,0.109117090702057,0.228372886776924,0.223063305020332,0.127397641539574,0.31976193189621,0.126153483986855,0.0913559570908546,0.102305732667446,0.305496841669083,0.177382618188858,0.271547108888626,0.0700698345899582,-0.0358514226973057,-0.006822912953794,-0.0425195619463921,0.0681575238704681,0.0753869488835335,0.0829808712005615,0.0536229237914085,0.251669883728027,0.239459946751595,-0.0206032320857048,0.158425137400627,0.0715657994151115,0.213898941874504,-0.0830208137631416,0.043559867888689,0.133456081151962,0.0964492410421371,0.0813138708472252,0.0403061769902706,0.0423231311142445,0.0561868771910667,0.0715153962373734,0.103748515248299,0.223764657974243,0.16009122133255,0.130442693829536,0.299250870943069,0.111484460532665,0.0599392354488373,0.0957732424139977,0.269050687551498,0.159543707966805,0.275238692760468,0.0606599450111389,-0.0794692113995552,-0.0411459095776081,-0.065781481564045,0.0569301471114159,0.102037020027637,0.0664957091212273,0.047736756503582,0.242089122533798,0.17578050494194,-0.0607892572879791,0.104384884238243,0.0638091340661049,0.204905837774277,-0.0821212753653526,0.036317203193903,0.140754967927933,0.0994408801198006,0.0778129175305367
-0.0942048355937004,-0.0943379327654839,-0.0309748221188784,-0.0165329892188311,-0.0262549035251141,0.16501273214817,0.248931482434273,0.00281170383095741,-0.0215295013040304,-0.0527347326278687,-0.109095625579357,-0.0310179814696312,-0.00860540755093098,-0.0275416821241379,0.209139063954353,0,0.0149599928408861,-0.0064055435359478,0.112678915262222,-0.0354197658598423,0.0418642908334732,0.0249441396445036,0.0724768117070198,0.166849568486214,0.0419653505086899,0.117370843887329,-0.00812955386936665,0.0281631648540497,0.0173352174460888,0.0317936465144157,0.134146422147751,0.125140249729156,0.091871552169323,0.0152776464819908,0.00681945774704218,0.0453194752335548,0.0478557422757149,-0.049095094203949,0.037782821804285,-0.107474982738495,0.0666327178478241,-0.0319036804139614,0.00604721251875162,-0.109222292900085,0.0405993536114693,0.0303491931408644,0.200640082359314,-0.0658519938588142,0.0409673862159252,0.107827931642532,0.013216189108789,0.0260452497750521,0.101596690714359,-0.0372259356081486,-0.023787209764123,0.014621352776885,0.0407626144587994,0.175964683294296,-0.0109876729547977,0.116312198340893,-0.0269534382969141,0.0236995872110128,-0.000193886458873749,0.0273596700280905,0.0990335643291473,0.0898296684026718,0.0976745933294296,0.0199093241244555,-0.0204518735408783,-0.00619636010378599,0.0133221847936511,-0.0588605813682079,0.0558639653027058,-0.125534579157829,0.0727022886276245,-0.0516414381563663,-0.0255569890141487,-0.142782777547836,-0.0114739872515202,0.0389812290668488,0.208132773637772,-0.0872388705611229,0.0253427848219872,0.132903218269348,0.00400674482807517,0.0222291089594364
0.0425016172230244,0.0561260171234608,0.118628978729248,0.0959226191043854,0.0209723468869925,0.0411354564130306,-0.0106393722817302,0.110153123736382,0.05182134360075,0.0347421541810036,0.094498910009861,0.145754411816597,0.116856269538403,0.00663808779790998,0.0408852696418762,0.0149599928408861,0,0.0685650557279587,-0.0247731022536755,0.0902802720665932,-0.0470435470342636,0.0304153114557266,0.0168057437986135,-0.00380388949997723,-0.0140863340348005,-0.0341496951878071,0.0813603326678276,0.0318081565201283,0.0185511242598295,0.0323700346052647,0.0578847639262676,-0.0652544423937798,0.0105859851464629,0.0305968392640352,-0.0201740190386772,-0.0788912624120712,-0.0607230961322784,0.0478859208524227,0.00523798353970051,0.0681213364005089,-0.00524474075064063,0.0754692107439041,0.12567962706089,-0.00980971474200487,0.0214517470449209,0.00297376257367432,0.0124039622023702,-0.0269178953021765,-0.0143609568476677,-0.0140274409204721,0.0422158651053905,0.0624857656657696,-0.0133549170568585,0.0775725916028023,-0.0350320711731911,0.0304208677262068,0.00928014237433672,0.0173883978277445,-0.0163101442158222,-0.0131287733092904,0.0706137865781784,0.0268472097814083,0.0256542023271322,0.0226986203342676,0.0498777143657207,-0.0344561040401459,0.0232326295226812,0.0357108637690544,-0.00992037449032068,-0.101266108453274,-0.0244019608944654,0.0513779520988464,-0.00434667291119695,0.0732280239462852,0.000604406406637281,0.0753838196396828,0.115553177893162,0.0188044216483831,0.019842715933919,0.00363948638550937,0.0215675532817841,0.0181537754833698,-0.0173944495618343,-0.00331682432442904,0.0474881790578365,0.0716769248247147
0.263274967670441,0.209048748016357,0.1548171043396,0.148124441504478,0.0608245618641376,0.0696417167782784,-0.0319636911153793,0.0650774985551834,0.196404576301575,0.231662482023239,0.250624299049377,0.154263526201248,0.157054498791695,0.0928181186318398,0.0686425194144249,-0.0064055435359478,0.0685650557279587,0,-0.0589857064187527,0.165715292096138,0.038035836070776,0.0528957583010197,0.042113795876503,0.0123419538140297,0.0622854046523571,0.0330927632749081,0.119796335697174,0.0222894381731749,0.0924092978239059,0.089610181748867,0.0158975664526224,-0.0240409094840288,0.070283941924572,0.0965486988425255,0.0293468963354826,-0.0490601435303688,-0.00434342073276639,0.160364717245102,0.0817700177431107,0.187166765332222,0.0674017295241356,0.156852528452873,0.134291544556618,0.119242399930954,0.0839003846049309,0.0635755509138107,0.0130532067269087,0.137484446167946,-0.0347878113389015,0.0273494254797697,0.165141358971596,0.191610783338547,-0.00813336949795485,0.181760966777802,0.102237544953823,0.0637967586517334,0.026584081351757,0.0121901212260127,0.110217705368996,0.0425292029976845,0.147706851363182,0.0263050775974989,0.116089925169945,0.0796175450086594,0.0639818534255028,0.0212638974189758,0.0563608296215534,0.114293321967125,0.11825143545866,0.0142630590125918,0.0842918530106544,0.177861839532852,0.0763477981090546,0.202408000826836,0.0875693708658218,0.191773384809494,0.141153737902641,0.152738839387894,0.163883745670319,0.0583123564720154,0.0225650668144226,0.174265474081039,0.000844481226522475,0.00254802778363228,0.135178506374359,0.214774161577225
-0.147371709346771,-0.10436700284481,-0.0287806577980518,-0.0519721023738384,-0.0150248324498534,0.064821220934391,0.148701965808868,-0.0365985855460167,-0.0452977530658245,-0.0651381462812424,-0.187182202935219,-0.0719111189246178,-0.0576368793845177,-0.0252577904611826,0.0498632043600082,0.112678915262222,-0.0247731022536755,-0.0589857064187527,0,-0.0427206791937351,0.244097754359245,0.0355582758784294,0.0437084175646305,0.252338200807571,0.206605017185211,0.271327018737793,-0.160968855023384,0.0836563184857368,0.0818919613957405,0.0679382383823395,0.0139848738908768,0.573409378528595,0.00240537011995912,-0.0188179444521666,0.503772735595703,0.236799314618111,0.554080367088318,-0.0329498127102852,0.057071790099144,-0.0926767438650131,0.157417342066765,-0.0606395229697227,-0.137567356228828,0.0206845495849848,0.196909576654434,0.0797066390514374,0.717652320861816,0.251667678356171,0.117052726447582,0.161740645766258,0.161360517144203,0.119643107056618,0.647638082504272,-0.0486409589648247,0.0524440482258797,0.0179492961615324,0.021039629355073,0.208713069558144,0.0310985092073679,0.190159186720848,-0.199299514293671,0.0862023904919624,0.0121803758665919,0.0592534765601158,-0.061391294002533,0.33055716753006,0.0213555600494146,-0.00212088646367192,0.228206738829613,0.167516052722931,0.270046174526215,-0.0662660598754883,0.0976956114172935,-0.164600715041161,0.116704687476158,-0.134498134255409,-0.12024363130331,-0.0894219949841499,0.0340641438961029,0.0521244443953037,0.600790858268738,0.0504843108355999,0.0596868246793747,0.166155472397804,0.162973508238792,0.0850456953048706
0.233785673975945,0.260436177253723,0.203754171729088,0.298748821020126,0.105898573994637,0.0418803915381432,-0.0415893942117691,0.0915831252932549,0.162999525666237,0.231752455234528,0.289461314678192,0.208683431148529,0.272848337888718,0.132321953773499,0.0379782915115356,-0.0354197658598423,0.0902802720665932,0.165715292096138,-0.0427206791937351,0,-0.111070387065411,0.178178906440735,0.0525128357112408,0.0258742067962885,-0.106494300067425,-0.0107151530683041,0.0118479952216148,0.0397742688655853,0.209939792752266,0.196860089898109,-0.09306500852108,-0.269945174455643,0.00865779258310795,0.398384988307953,0.200932234525681,-0.216125667095184,0.00825053732842207,0.289862006902695,0.328689217567444,0.420125901699066,0.401135265827179,0.101220265030861,0.277919501066208,0.264189451932907,0.323548316955566,0.271913826465607,0.0514091290533543,0.374095410108566,-0.129204869270325,-0.0429652109742165,0.28858283162117,0.56424868106842,0.0133568281307817,0.585898280143738,-0.09956094622612,0.188961312174797,0.0108222011476755,0.0124856429174542,-0.102918796241283,0.0108387749642134,0.0601333193480968,0.0466762594878674,0.185756072402,0.169102355837822,-0.0406909734010696,-0.238651812076569,0.0282602217048407,0.37481677532196,0.299448370933533,-0.236201748251915,0.118335001170635,0.290143609046936,0.282264053821564,0.442544758319855,0.399064153432846,0.169082149863243,0.27714616060257,0.249519854784012,0.293334990739822,0.223857045173645,0.0506360344588757,0.46611413359642,-0.157949984073639,-0.0802018195390701,0.241349160671234,0.555961668491364
0.0686708614230156,0.048508632928133,0.122339978814125,-0.0240472070872784,0.00165486277546734,0.142339810729027,0.0467450134456158,-0.0559002086520195,0.00800877250730991,0.260242164134979,-0.0112151158973575,0.0695172920823097,-0.0301202237606049,-0.039944663643837,0.129877969622612,0.0418642908334732,-0.0470435470342636,0.038035836070776,0.244097754359245,-0.111070387065411,0,-0.14258074760437,0.0666596293449402,0.182315051555634,0.721751570701599,0.559186816215515,0.195427045226097,-0.0614283084869385,0.277354717254639,-0.0897291824221611,0.10909067094326,0.486489623785019,0.160930782556534,-0.0788952261209488,0.55607271194458,0.471036016941071,0.543204963207245,-0.126164123415947,-0.0106991399079561,0.10994079709053,0.127549692988396,0.315588861703873,-0.0431339293718338,0.702151298522949,0.418481916189194,0.386468589305878,0.0606931559741497,0.468246012926102,0.0300209503620863,0.00818291306495667,-0.012785654515028,-0.0390699319541454,0.0465163104236126,-0.112422361969948,0.655909061431885,-0.193984672427177,0.0619563944637775,0.108223229646683,0.534912467002869,0.307602107524872,0.0630319491028786,-0.0195156559348106,0.0971287190914154,-0.0850866287946701,0.0521955750882626,0.32037028670311,0.118454970419407,-0.0686950981616974,0.269833624362946,0.37063604593277,0.214301347732544,-0.128080934286118,-0.000514324696268886,-0.00760449608787894,0.052445575594902,0.160710230469704,-0.116982363164425,0.289154082536697,0.1096026673913,0.171690464019775,0.0457097589969635,0.100083597004414,0.0769955068826675,0.0213712584227324,-0.00349929020740092,-0.0945983082056046
-0.0228513106703758,0.0880858674645424,0.00432935077697039,0.0370308049023151,0.00314942258410156,0.0970194861292839,0.0256266724318266,0.0235578957945108,0.0657893940806389,0.000928370689507574,0.071316622197628,-0.0236273910850286,0.0356575697660446,0.0156039921566844,0.0834491401910782,0.0249441396445036,0.0304153114557266,0.0528957583010197,0.0355582758784294,0.178178906440735,-0.14258074760437,0,0.0190901458263397,0.32976022362709,0.0546327494084835,-0.133161336183548,0.127282068133354,0.260288178920746,0.0393322929739952,0.916083812713623,0.00894923880696297,-0.150506585836411,0.154213890433311,0.358634531497955,-0.0669322982430458,-0.182958751916885,-0.137311324477196,0.87633228302002,0.310107469558716,0.0929752439260483,0.291193276643753,0.290604323148727,0.0740149170160294,-0.017941415309906,0.0801720917224884,0.640348672866821,0.187861934304237,0.0332813262939453,-0.0321078822016716,0.0141045339405537,0.207129791378975,0.241576105356216,0.0762835890054703,0.16624990105629,-0.229425728321075,0.97218382358551,0.00562616484239697,0.371427923440933,-0.0530555322766304,-0.0765748098492622,0.163523823022842,0.321725636720657,-0.00730783073231578,0.905858039855957,-0.0131905162706971,-0.183515191078186,0.161916300654411,0.335769683122635,-0.0886870175600052,-0.249699175357819,-0.141743734478951,0.83660089969635,0.356910645961761,0.0878360792994499,0.30978125333786,0.32691952586174,0.0866211801767349,-0.0698039531707764,0.00614659022539854,0.588049530982971,0.17103436589241,0.0749999806284904,-0.0730757415294647,0.0144788362085819,0.173760399222374,0.22018113732338
0.0228325631469488,0.0200912766158581,0.0122874639928341,0.0130994915962219,0.0109777366742492,0.13517838716507,0.0747199356555939,0.000601910927798599,0.0181118231266737,0.0476195327937603,0.0160204041749239,-0.00620057387277484,0.0163078717887402,0.0111686429008842,0.109117090702057,0.0724768117070198,0.0168057437986135,0.042113795876503,0.0437084175646305,0.0525128357112408,0.0666596293449402,0.0190901458263397,0,0.16097167134285,0.110978670418262,0.141468778252602,0.0596095696091652,0.0374355874955654,0.0970325618982315,0.0431508980691433,0.0923378244042397,0.107778906822205,0.0981549471616745,0.0321177765727043,0.0659471899271011,0.0414729528129101,0.0687801465392113,0.0263156574219465,0.0472112819552422,0.043429359793663,0.0563440024852753,0.0461379401385784,0.0605210401117802,0.0425968281924725,0.0712740123271942,0.0884612202644348,0.109509460628033,0.0628973394632339,0.0319552794098854,0.10525668412447,0.0511822700500488,0.102373369038105,0.0201186500489712,0.0243028085678816,0.0379513278603554,0.00815663300454617,0.0552554801106453,0.131999284029007,0.0761020556092262,0.114525817334652,0.0596088096499443,0.029931889846921,0.060685221105814,0.0417256839573383,0.0853524655103683,0.0754281654953957,0.084582082927227,0.00897448323667049,0.0552591793239117,0.0153305307030678,0.0453200899064541,0.0177710726857185,0.0378325544297695,0.0354548431932926,0.0492404662072659,0.0608703158795834,0.0343623161315918,-0.00404048897325993,0.0496410578489304,0.0748797133564949,0.0806376710534096,0.0382188335061073,0.0192933082580566,0.0523982048034668,0.0308759063482285,0.0915195345878601
-0.0514982715249062,-0.0504687875509262,-0.0342894941568375,-0.0172064714133739,-0.0104066152125597,0.219740957021713,0.175077646970749,-0.00889470055699348,0.00517177814617753,-0.0799516960978508,-0.0650892928242683,-0.0530802235007286,-0.0221102945506573,-0.0193752869963646,0.228372886776924,0.166849568486214,-0.00380388949997723,0.0123419538140297,0.252338200807571,0.0258742067962885,0.182315051555634,0.32976022362709,0.16097167134285,0,0.321550369262695,0.35347181558609,0.0759452059864998,0.547967314720154,0.104839354753494,0.516116797924042,0.170495107769966,0.201375856995583,0.32874670624733,0.101283185184002,0.133047193288803,0.0464443676173687,0.0974684804677963,0.289322942495346,0.0975688844919205,-0.0449515469372272,0.146217480301857,0.108458198606968,0.0425435192883015,-0.0120364706963301,0.0956674516201019,0.505677580833435,0.34018263220787,0.0154410116374493,0.0654947534203529,0.150014847517014,0.121963001787663,0.14226271212101,0.239765003323555,0.0468297339975834,0.0605330541729927,0.299809157848358,0.109118081629276,0.806469142436981,0.200646266341209,0.352818727493286,0.0800658464431763,0.507222652435303,0.0793790146708488,0.513296842575073,0.134364277124405,0.191377684473991,0.344238877296448,0.114755310118198,0.119526319205761,-0.0188758354634047,0.141447708010674,0.216185584664345,0.149151623249054,-0.0335843414068222,0.184134870767593,0.156645253300667,0.0406017266213894,-0.0601433105766773,0.0625877901911736,0.504594027996063,0.274511635303497,0.00646681804209948,0.0450988784432411,0.137139976024628,0.0938870161771774,0.105605222284794
