0,0.346288353204727,0.258524984121323,0.282686591148376,0.0862353518605232,-0.00491577433422208,-0.0960786417126656,0.0576437450945377,0.212990686297417,0.722177267074585,0.425359785556793,0.351388812065125,0.299563080072403,0.112593062222004,0.0027508563362062,-0.0991673618555069,0.0404046252369881,0.267986923456192,-0.149413377046585,0.232570707798004,0.0241308081895113,-0.0142294690012932,0.027100695297122,-0.074422299861908,0.0344611406326294,0.130542263388634,0.102901466190815,-0.0285545643419027,0.188622444868088,-0.0101554254069924,-0.146447479724884,-0.105764091014862,0.0144172059372067,0.121223792433739,0.0706160739064217,-0.0717858672142029,0.0108555965125561,0.0971938446164131,0.0560402125120163,0.356340825557709,0.0619316920638084,0.189963653683662,0.107677765190601,0.340359032154083,0.0391279421746731,0.141781315207481,-0.147003367543221,0.335377663373947,-0.0895907953381538,-0.0615148209035397,0.0469965487718582,0.219913735985756,-0.0340906493365765,0.26999369263649,0.364126682281494,-0.0113157099112868,0.0380014330148697,-0.101322114467621,0.301000326871872,0.205994293093681,0.189457461237907,-0.0232050623744726,0.302828311920166,-0.0354965403676033,-0.0367621816694736,0.10517542809248,0.0223580989986658,0.132196232676506,0.35495063662529,0.174356609582901,0.272577166557312,0.119475103914738,0.0651829689741135,0.436146885156631,0.168892785906792,0.299010515213013,0.176972761750221,0.551894187927246,0.365064799785614,0.165821149945259,-0.111067712306976,0.508591055870056,-0.0177018884569407,-0.0839293450117111,0.0508923716843128,0.272693037986755
0.346288353204727,0,0.256705790758133,0.29352742433548,0.118228547275066,-0.000539349333848804,-0.0865713506937027,0.0812265202403069,0.239383339881897,0.363453149795532,0.545571088790894,0.281884759664536,0.280239969491959,0.111414238810539,-0.020551685243845,-0.103755548596382,0.0655477792024612,0.231992200016975,-0.117393031716347,0.280372023582458,0.00966088566929102,0.103644795715809,0.0158901866525412,-0.076914370059967,0.0131686786189675,0.022544514387846,0.134250298142433,0.0717832893133163,0.144869193434715,0.13291797041893,-0.0452042631804943,-0.134809300303459,0.00276126759126782,0.171441107988358,0.0984077379107475,-0.0838063955307007,-0.00236717169173062,0.237934067845345,0.131775215268135,0.345253884792328,0.112479567527771,0.186244174838066,0.170409128069878,0.204602584242821,0.157554537057877,0.108963266015053,-0.105228625237942,0.225850462913513,-0.0556265823543072,-0.0661324337124825,0.190356120467186,0.292744874954224,-0.121049523353577,0.276849269866943,0.0376612320542336,0.102376379072666,0.0103936456143856,-0.0933317020535469,0.0328384712338448,-0.0347419604659081,0.131904318928719,0.0637127086520195,0.13454632461071,0.0947744101285934,-0.0285530872642994,-0.115086041390896,-0.0268402621150017,0.109261430799961,0.155809327960014,-0.0444082990288734,0.0729467570781708,0.275683164596558,0.0753434896469116,0.331973493099213,0.0880314260721207,0.181349128484726,0.162418469786644,0.17361344397068,0.156828299164772,0.049879215657711,-0.126006498932838,0.214569568634033,-0.0567625053226948,-0.0855869799852371,0.168649926781654,0.274218171834946
0.258524984121323,0.256705790758133,0,0.420209020376205,0.117242053151131,0.0298825018107891,-0.0111453291028738,0.155306279659271,0.147349700331688,0.282586932182312,0.282879501581192,0.606208801269531,0.409224331378937,0.0757323578000069,0.0263944305479527,-0.0264023244380951,0.131265670061111,0.153753086924553,-0.0266584232449532,0.200725093483925,0.0795971229672432,0.00846677180379629,0.0030390489846468,-0.0541751682758331,-0.00684864539653063,0.0323509499430656,0.0750261545181274,-0.0120240934193134,0.192255690693855,0.0263981129974127,-0.0147303324192762,-0.078255333006382,-0.0364222899079323,0.0420988611876965,0.216705411672592,-0.021287003532052,0.132644981145859,0.0828062668442726,0.00385764194652438,0.203815907239914,0.070405550301075,0.0812247470021248,0.179262533783913,0.232462137937546,0.188121825456619,0.0334445126354694,-0.0471405684947968,0.175389409065247,-0.0525927320122719,-0.0475158169865608,0.0897547826170921,0.188723802566528,-0.0100991390645504,0.180763721466064,0.0787012875080109,-0.00690886750817299,0.0306584201753139,-0.0661336481571198,-0.00451848935335875,0.00805706810206175,0.0578916966915131,0.00317119853571057,0.160310670733452,-0.00106889428570867,-0.00958151370286942,-0.0823146849870682,-0.0248370859771967,0.0231591984629631,0.18976666033268,-0.0369059257209301,0.138087213039398,0.0945820510387421,-0.0162899978458881,0.199602380394936,0.0827902480959892,0.0650232955813408,0.12916924059391,0.150728806853294,0.14372730255127,-0.00344873685389757,-0.0461731925606728,0.175848722457886,-0.0693524181842804,-0.0561739876866341,0.0951684862375259,0.18462298810482
0.282686591148376,0.29352742433548,0.420209020376205,0,0.214261591434479,0.0111732920631766,-0.00419678306207061,0.12461494654417,0.144761979579926,0.269093543291092,0.298622965812683,0.40123787522316,0.677916049957275,0.139912933111191,0.0108710434287786,-0.0152692086994648,0.110464617609978,0.154774978756905,-0.0517240986227989,0.311313152313232,-0.0506198033690453,0.0444237850606441,0.00858371891081333,-0.0253227297216654,-0.108615152537823,0.0110154151916504,0.013878189958632,0.00912479311227798,0.161765202879906,0.0561200566589832,-0.0280808322131634,-0.167480617761612,-0.0170402377843857,0.200443148612976,0.180591821670532,-0.0998506620526314,0.0663745179772377,0.127003490924835,0.185925424098969,0.224568992853165,0.273007124662399,0.0464772433042526,0.147318080067635,0.156071960926056,0.185427308082581,0.111206918954849,-0.00717631308361888,0.264085352420807,-0.0674296095967293,-0.017993725836277,0.147133514285088,0.369677543640137,-0.00909473840147257,0.301612287759781,-0.00206597219221294,0.0474494323134422,0.0100988447666168,-0.0396404825150967,-0.0689685568213463,-0.0248805563896894,0.0262177176773548,0.0215689241886139,0.161159545183182,0.0377218648791313,-0.0264931041747332,-0.14325238764286,0.0123228980228305,0.158814981579781,0.2586929500103,-0.064190000295639,0.155303984880447,0.145698606967926,0.114877969026566,0.263927519321442,0.252485871315002,0.0790409743785858,0.147174879908562,0.168839767575264,0.189671337604523,0.0856435671448708,-0.0264520905911922,0.307903796434402,-0.0741866081953049,-0.058628436177969,0.139030799269676,0.369173794984818
0.0862353518605232,0.118228547275066,0.117242053151131,0.214261591434479,0,-0.000241052359342575,-0.0142181515693665,0.0237031020224094,0.0607921816408634,0.10498820990324,0.113874562084675,0.125355795025826,0.189412489533424,0.0514768995344639,-0.00415512686595321,-0.0296312570571899,0.0272455234080553,0.0632607936859131,-0.014634451828897,0.108884200453758,-0.00368645042181015,0.00671769352629781,0.0139707047492266,-0.0102853942662477,-0.024145532399416,0.00891933310776949,-0.00907590053975582,-0.0118330409750342,0.0827855318784714,0.0102484822273254,-0.0226710326969624,-0.0372497327625751,-0.011938801035285,0.021354366093874,0.0795769765973091,0.00565488403663039,0.0576461888849735,0.0534602366387844,0.0736002847552299,0.0956084132194519,0.0911396369338036,0.00934114679694176,0.061871699988842,0.0762386545538902,0.0714674964547157,0.0105282422155142,0.0157971009612083,0.116138696670532,-0.0280070323497057,-0.0206470638513565,0.0732520222663879,0.15370212495327,-0.000309599563479424,0.119544170796871,-0.0279234163463116,0.00468019116669893,-0.0158716961741447,-0.0331098325550556,-0.0448355190455914,-0.0127274729311466,-0.00860061030834913,9.23965126276016e-05,0.0722653344273567,-0.00293085537850857,-0.0233972501009703,-0.0468628481030464,-0.0237891897559166,0.0279080029577017,0.0899753794074059,-0.00835017208009958,0.0684527531266212,0.0550246089696884,0.0579495951533318,0.080912247300148,0.0767781808972359,-0.00376128032803535,0.0331656858325005,0.0405345931649208,0.0508801266551018,-0.0127277364954352,-0.000680736149661243,0.106555014848709,-0.044641587883234,-0.0216608103364706,0.0506809130311012,0.140865221619606
-0.00491577433422208,-0.000539349333848804,0.0298825018107891,0.0111732920631766,-0.000241052359342575,0,0.180041313171387,0.0215429086238146,0.0837478637695312,0.0494724363088608,-0.0121874790638685,0.0177565757185221,0.0053677842952311,-0.0176262203603983,0.45230358839035,0.191776156425476,0.0421748459339142,0.068440780043602,0.0825210511684418,0.0603080168366432,0.142050445079803,0.106773398816586,0.136658355593681,0.238889679312706,0.241817653179169,0.127884387969971,0.335651814937592,0.145815744996071,0.0903233587741852,0.143867462873459,0.306715548038483,0.20593672990799,0.278230667114258,0.0891586020588875,-0.0192915927618742,0.0168368592858315,-0.0167864467948675,0.100560992956161,0.104708008468151,0.108546063303947,0.0814171433448792,0.259216278791428,0.226441383361816,0.00300101027823985,0.168669536709785,0.0918235331773758,0.235228016972542,-0.0539583265781403,0.0467040054500103,0.162279829382896,0.127082496881485,0.105847619473934,0.0438321456313133,0.0471668392419815,0.00322023266926408,0.0877723470330238,0.0914794057607651,0.230783298611641,0.127478063106537,0.109580665826797,0.283983886241913,0.153111651539803,0.0283385533839464,0.131510734558105,0.279754549264908,0.129673451185226,0.237291648983955,0.0817701444029808,-0.0944000333547592,-0.0556031838059425,-0.0677322298288345,0.0770313516259193,0.119246080517769,0.0474637635052204,0.0789031833410263,0.219519406557083,0.160857513546944,-0.0718071758747101,0.0781088918447495,0.0613841786980629,0.198373705148697,-0.0740405544638634,0.055563397705555,0.127641528844833,0.111023791134357,0.080630287528038
-0.0960786417126656,-0.0865713506937027,-0.0111453291028738,-0.00419678306207061,-0.0142181515693665,0.180041313171387,0,-0.00610423693433404,-0.00283659598790109,-0.0448120534420013,-0.114328153431416,-0.0422730557620525,-0.028976783156395,-0.0265589654445648,0.189691543579102,0.267275750637054,-0.00573389092460275,-0.0316569954156876,0.158594965934753,-0.0203441474586725,0.05821168795228,0.0269903391599655,0.0791120082139969,0.199689716100693,0.0767196118831635,0.138569235801697,0.0011340188793838,0.086342990398407,0.0169303733855486,0.0523783303797245,0.177562385797501,0.167153388261795,0.0763696506619453,0.0246470812708139,0.0335036180913448,0.0737718269228935,0.0773107260465622,-0.00288477307185531,0.0565131790935993,-0.118263348937035,0.0820388644933701,-0.0366332195699215,0.00822057761251926,-0.128168240189552,0.0708609819412231,0.0368114896118641,0.237531006336212,-0.0505325682461262,0.0428355969488621,0.138687893748283,0.019013611599803,0.0440683253109455,0.103650070726871,-0.0410564541816711,-0.0637563839554787,0.0161094516515732,0.0303404051810503,0.174178034067154,-0.0309792701154947,0.0893173068761826,-0.0296002961695194,0.0764764249324799,-0.0189070552587509,0.0465247444808483,0.100585944950581,0.0831983983516693,0.065963551402092,0.0320077538490295,-0.0471807941794395,-0.0260732155293226,-0.0167604014277458,-0.0228229686617851,0.0671666637063026,-0.135648310184479,0.0818355083465576,-0.0536299645900726,-0.0140629364177585,-0.184030562639236,-0.0145679172128439,0.0420050881803036,0.1970075070858,-0.111715443432331,0.0291635524481535,0.114516861736774,0.00618205917999148,0.0146538559347391
0.0576437450945377,0.0812265202403069,0.155306279659271,0.12461494654417,0.0237031020224094,0.0215429086238146,-0.00610423693433404,0,0.0597791112959385,0.039736520498991,0.0825320407748222,0.141307920217514,0.121370241045952,0.0177319794893265,0.0340941175818443,0.00653794361278415,0.115513868629932,0.0701502114534378,-0.0326549038290977,0.0954548493027687,-0.0649671107530594,0.0314334332942963,-0.000280382111668587,-0.00342038576491177,-0.0506565794348717,-0.0235323365777731,0.0538341775536537,0.0234115142375231,0.0265805423259735,0.0211798306554556,0.0624200329184532,-0.0644934996962547,0.022424990311265,0.0614892095327377,-0.0200619678944349,-0.0848905369639397,-0.0714709684252739,0.0562059432268143,0.0319101400673389,0.0699662119150162,0.0285226590931416,0.0422403663396835,0.114743813872337,-0.000774605025071651,0.0105333933606744,0.0152121083810925,0.0104299541562796,0.0128825260326266,-0.00964727345854044,0.0025802671443671,0.0553064607083797,0.0911413729190826,-0.0183080229908228,0.0841565057635307,-0.0395912565290928,0.0350954495370388,-0.00487316260114312,0.00421972759068012,-0.0249465648084879,0.00323259807191789,0.0664483159780502,0.042885035276413,0.0367266051471233,0.0145443845540285,0.0583757981657982,-0.0478411242365837,0.0132849793881178,0.0594330057501793,0.0078037092462182,-0.0841168984770775,-0.0122459307312965,0.0612796470522881,0.0218602493405342,0.0755318328738213,0.044838160276413,0.0560485646128654,0.100619196891785,0.0209426917135715,0.0312015376985073,0.0162077490240335,0.016573304310441,0.062834270298481,-0.0165432766079903,-1.04811042547226e-05,0.0635149404406548,0.0966486632823944
0.212990686297417,0.239383339881897,0.147349700331688,0.144761979579926,0.0607921816408634,0.0837478637695312,-0.00283659598790109,0.0597791112959385,0,0.231936603784561,0.250747084617615,0.136034831404686,0.141268953680992,0.0653925165534019,0.0717608630657196,-0.022762805223465,0.0503363870084286,0.207855924963951,-0.0445279069244862,0.175490170717239,-0.00529960775747895,0.0739702135324478,0.0177180767059326,0.00462169805541635,0.0169991068542004,-0.00204129982739687,0.127019673585892,0.0208583772182465,0.0783281624317169,0.105836443603039,0.0198060125112534,-0.0578129179775715,0.0663803890347481,0.127194032073021,0.0322949774563313,-0.0621248781681061,-0.0169247668236494,0.177450746297836,0.102046139538288,0.196069836616516,0.0714514032006264,0.149603918194771,0.143500834703445,0.10326087474823,0.0778839364647865,0.0496650189161301,0.0108646219596267,0.114951744675636,-0.0350130088627338,-0.025142615661025,0.141117319464684,0.192986309528351,-0.0259288307279348,0.18376499414444,0.0315455310046673,0.0663651153445244,0.0255690384656191,-0.0113446740433574,0.044444277882576,0.00954840146005154,0.147489711642265,0.0158495828509331,0.0954285934567451,0.0954433977603912,0.0553061105310917,-0.0185456927865744,0.0362959802150726,0.0813108459115028,0.0844021812081337,-0.0391027145087719,0.042779590934515,0.185137644410133,0.079090841114521,0.190523967146873,0.0695436373353004,0.166150808334351,0.144899547100067,0.102615997195244,0.120719835162163,0.0164467506110668,0.00260912417434156,0.151878371834755,-0.038342297077179,-0.0101795876398683,0.134648814797401,0.189564287662506
0.722177267074585,0.363453149795532,0.282586932182312,0.269093543291092,0.10498820990324,0.0494724363088608,-0.0448120534420013,0.039736520498991,0.231936603784561,0,0.342384308576584,0.28191727399826,0.235091656446457,0.104358300566673,0.0428977943956852,-0.059317484498024,0.0315569266676903,0.239983171224594,-0.0816517844796181,0.234806478023529,0.188783794641495,0.0336085446178913,0.0483982712030411,-0.113878078758717,0.140871793031693,0.186785280704498,0.140066295862198,-0.0965273678302765,0.193271785974503,0.0176590010523796,-0.0228202100843191,0.0250142402946949,0.0395573563873768,0.196103692054749,0.190682902932167,0.0654709190130234,0.164822846651077,0.131456211209297,0.264165163040161,0.308964163064957,0.262523233890533,0.219341680407524,0.100911065936089,0.4112289249897,0.247527092695236,0.209665656089783,-0.103454597294331,0.360961318016052,-0.02988594584167,-0.00563111621886492,0.0581627674400806,0.229210048913956,-0.133296698331833,0.186825558543205,0.0929183587431908,0.0236830972135067,0.0251477435231209,-0.122388958930969,0.0616193078458309,0.0913981199264526,0.0976812765002251,-0.0555252283811569,0.097525492310524,0.0131540233269334,-0.0226156916469336,-0.00194719934370369,0.0219548530876637,0.130442380905151,0.137781545519829,0.020604832097888,0.0527862273156643,0.150434494018555,0.141502991318703,0.266636610031128,0.159928098320961,0.137778297066689,0.0737745016813278,0.213179156184196,0.0861014276742935,0.073079988360405,-0.090522862970829,0.330803364515305,-0.0515634827315807,-0.0588214173913002,0.0643813461065292,0.202257409691811
0.425359785556793,0.545571088790894,0.282879501581192,0.298622965812683,0.113874562084675,-0.0121874790638685,-0.114328153431416,0.0825320407748222,0.250747084617615,0.342384308576584,0,0.344030410051346,0.327631592750549,0.127068907022476,-0.0336874984204769,-0.120428137481213,0.10099284350872,0.27364519238472,-0.19328661262989,0.310198813676834,-0.042093351483345,0.0864979475736618,0.0109567595645785,-0.095819815993309,-0.0271791387349367,-0.039077065885067,0.14391054213047,0.0462180748581886,0.130087092518806,0.114657707512379,-0.077687568962574,-0.209120213985443,0.00716068362817168,0.129206389188766,0.0195001643151045,-0.154812842607498,-0.0655868425965309,0.242843121290207,0.0652478337287903,0.360106974840164,0.0637297555804253,0.198587819933891,0.194510191679001,0.195555448532104,0.0801897272467613,0.0706494525074959,-0.155791908502579,0.221727341413498,-0.0931271463632584,-0.0843354314565659,0.194791436195374,0.286193072795868,-0.143649414181709,0.327790051698685,0.126432940363884,0.10129752010107,0.00206711678765714,-0.122638717293739,0.113544598221779,-0.0396216027438641,0.19624762237072,0.0281163211911917,0.186905667185783,0.0779605805873871,-0.0283354353159666,-0.0977113097906113,-0.00899152643978596,0.133287444710732,0.229608312249184,-0.0214159525930882,0.146055802702904,0.285680621862411,0.0446545295417309,0.414469450712204,0.106498122215271,0.260205715894699,0.211403280496597,0.295168966054916,0.250978797674179,0.0542941391468048,-0.145608603954315,0.305319726467133,-0.0497479513287544,-0.119071044027805,0.187605768442154,0.313726454973221
0.351388812065125,0.281884759664536,0.606208801269531,0.40123787522316,0.125355795025826,0.0177565757185221,-0.0422730557620525,0.141307920217514,0.136034831404686,0.28191727399826,0.344030410051346,0,0.431484937667847,0.0941239669919014,0.0194159038364887,-0.0235021151602268,0.156375408172607,0.154404789209366,-0.070491224527359,0.204623639583588,0.0308577623218298,-0.015308435074985,-0.0106901563704014,-0.0709798485040665,-0.0376376248896122,0.0118534788489342,0.0773911625146866,-0.00556124048307538,0.183483272790909,0.00820507667958736,-0.0527383536100388,-0.141501635313034,-0.0364289060235023,0.0311942715197802,0.186356887221336,-0.0513991974294186,0.110255859792233,0.0876387059688568,0.00349781732074916,0.226659819483757,0.057686235755682,0.0621998012065887,0.176196053624153,0.216395854949951,0.111477337777615,0.0503965690732002,-0.0743340700864792,0.181489169597626,-0.0858996659517288,-0.0637297034263611,0.0843605622649193,0.190400719642639,-0.0138082597404718,0.241110607981682,0.150665894150734,-0.0347397103905678,0.0204722993075848,-0.085169792175293,0.0470645502209663,0.0309006925672293,0.0783173814415932,-0.0151002705097198,0.226605445146561,-0.0173947177827358,-0.0104966079816222,-0.0668236166238785,-0.00577549822628498,0.0395131520926952,0.268945187330246,0.0343900546431541,0.223451480269432,0.0968839675188065,-0.0460854284465313,0.261820942163467,0.0787731409072876,0.105966955423355,0.186919376254082,0.257935792207718,0.208952501416206,0.0184846241027117,-0.0738725885748863,0.235136643052101,-0.0669100657105446,-0.0579581335186958,0.0750924944877625,0.225111767649651
0.299563080072403,0.280239969491959,0.409224331378937,0.677916049957275,0.189412489533424,0.0053677842952311,-0.028976783156395,0.121370241045952,0.141268953680992,0.235091656446457,0.327631592750549,0.431484937667847,0,0.156366229057312,0.010536796413362,-0.0101732993498445,0.129592165350914,0.166138485074043,-0.0503077059984207,0.290039747953415,-0.0537854246795177,0.0369250997900963,0.0131514593958855,-0.0347280353307724,-0.109458282589912,-0.000885824440047145,-0.00400574645027518,0.0232646949589252,0.156916096806526,0.0455426461994648,-0.0627743974328041,-0.174775347113609,-0.0223226472735405,0.176829010248184,0.164516717195511,-0.109374187886715,0.0603406876325607,0.125450924038887,0.121283352375031,0.228691086173058,0.223796337842941,0.0257477462291718,0.132703810930252,0.139040187001228,0.156189188361168,0.0944700017571449,-0.0268530659377575,0.245674535632133,-0.0792172402143478,-0.0401865430176258,0.140518009662628,0.340258926153183,0.0206464622169733,0.30585315823555,0.0029906970448792,0.0308130383491516,0.0146977780386806,-0.0303781796246767,-0.0686115324497223,0.0105276554822922,0.00691935000941157,0.0288928002119064,0.189413115382195,0.0254247672855854,-0.0407712608575821,-0.134893089532852,-0.00298970425501466,0.167724594473839,0.285844385623932,-0.0496866442263126,0.188493192195892,0.137245789170265,0.119285352528095,0.26121324300766,0.28354674577713,0.0673208087682724,0.141436085104942,0.179511368274689,0.1999282091856,0.0846992135047913,0.00616215774789453,0.320792347192764,-0.0967918261885643,-0.0536743327975273,0.139127135276794,0.395054280757904
0.112593062222004,0.111414238810539,0.0757323578000069,0.139912933111191,0.0514768995344639,-0.0176262203603983,-0.0265589654445648,0.0177319794893265,0.0653925165534019,0.104358300566673,0.127068907022476,0.0941239669919014,0.156366229057312,0,-0.00794355664402246,-0.0304194390773773,0.0123923076316714,0.0993125736713409,-0.0261474475264549,0.135896280407906,-0.0390486009418964,0.0224994961172342,0.0154717387631536,-0.0258825272321701,-0.0293304082006216,-0.024332107976079,0.0140578523278236,-0.0163756441324949,0.0367253497242928,0.025157393887639,-0.0343109257519245,-0.0622510947287083,0.00118355441372842,0.0637973994016647,0.027170242741704,-0.0470540635287762,-0.00909879710525274,0.0652734935283661,0.0695426613092422,0.0951899588108063,0.0738126561045647,0.0439245142042637,0.0615599490702152,0.0445935726165771,0.0533527210354805,0.0177481304854155,-0.011536774225533,0.0904079228639603,-0.0464070364832878,-0.0121589554473758,0.0843263119459152,0.131104484200478,-0.0181654151529074,0.112165167927742,-0.000560874992515892,0.0262710452079773,0.00349092832766473,-0.0228262320160866,-0.0100647257640958,-0.0172175355255604,0.0317486636340618,-0.0150642925873399,0.0310981590300798,0.0257220286875963,-0.0193403623998165,-0.0384404584765434,-0.00783947948366404,0.0739191696047783,0.0791078731417656,-0.0372784212231636,0.0533959753811359,0.0789168328046799,0.072550468146801,0.0954034999012947,0.0895417481660843,0.0544248707592487,0.074632853269577,0.0608391687273979,0.0959833189845085,0.00662530586123466,-0.0132206883281469,0.119304925203323,-0.0273382961750031,-0.0287048909813166,0.0734940618276596,0.144715175032616
0.0027508563362062,-0.020551685243845,0.0263944305479527,0.0108710434287786,-0.00415512686595321,0.45230358839035,0.189691543579102,0.0340941175818443,0.0717608630657196,0.0428977943956852,-0.0336874984204769,0.0194159038364887,0.010536796413362,-0.00794355664402246,0,0.232835650444031,0.0411977432668209,0.0632176399230957,0.0678280293941498,0.0608489327132702,0.130554005503654,0.0924384891986847,0.118149787187576,0.24928030371666,0.222623288631439,0.124331653118134,0.312505394220352,0.13680262863636,0.0962175950407982,0.124675206840038,0.313345491886139,0.174116551876068,0.279236853122711,0.0901542454957962,-0.0200899373739958,-0.0123961810022593,-0.0361320897936821,0.0804963707923889,0.0856320858001709,0.0854261219501495,0.0816931128501892,0.243651360273361,0.23009617626667,-0.0172943975776434,0.160837188363075,0.0863885432481766,0.22443088889122,-0.0682911574840546,0.0351910069584846,0.142631962895393,0.102437391877174,0.107181951403618,0.0499588437378407,0.0634616911411285,0.0482852049171925,0.0834167078137398,0.108048938214779,0.24576099216938,0.150120422244072,0.145902782678604,0.293668001890182,0.130262151360512,0.0638116449117661,0.117129884660244,0.263871550559998,0.144921883940697,0.286691933870316,0.082541324198246,-0.0617840699851513,-0.0568746998906136,-0.0464046858251095,0.0692806467413902,0.124756842851639,0.0671231001615524,0.0823302567005157,0.237503930926323,0.180731147527695,-0.0484995171427727,0.104831501841545,0.0821621343493462,0.218790769577026,-0.0502049960196018,0.0400216467678547,0.143329679965973,0.105016522109509,0.104158505797386
-0.0991673618555069,-0.103755548596382,-0.0264023244380951,-0.0152692086994648,-0.0296312570571899,0.191776156425476,0.267275750637054,0.00653794361278415,-0.022762805223465,-0.059317484498024,-0.120428137481213,-0.0235021151602268,-0.0101732993498445,-0.0304194390773773,0.232835650444031,0,0.0211564395576715,-0.00983235985040665,0.118768490850925,-0.0164263229817152,0.0567665621638298,0.022332264110446,0.0784209445118904,0.189790919423103,0.0576689429581165,0.128744676709175,-0.00513192219659686,0.0423593260347843,0.0217047818005085,0.0391468331217766,0.143259763717651,0.121885724365711,0.102689258754253,0.0334518738090992,0.0211454089730978,0.0385122671723366,0.0574070513248444,-0.0442780591547489,0.0490668006241322,-0.102961972355843,0.0846744924783707,-0.0296519808471203,0.011134272441268,-0.105825543403625,0.0541991405189037,0.0386045090854168,0.203054115176201,-0.0508457608520985,0.0396886058151722,0.107720628380775,0.0160448458045721,0.0466807037591934,0.106563754379749,-0.0213918052613735,-0.0218138545751572,0.00893560983240604,0.0492352358996868,0.19642873108387,-0.00409427238628268,0.13504359126091,-0.0270498022437096,0.0369675159454346,0.00377359404228628,0.0338115021586418,0.107704877853394,0.084883987903595,0.106773778796196,0.0370004363358021,-0.00523535534739494,-0.0146887190639973,0.0261326506733894,-0.0578679740428925,0.0689152106642723,-0.119047850370407,0.0888489335775375,-0.0399546027183533,-0.0206907894462347,-0.13187763094902,0.00197997153736651,0.0438700579106808,0.211955815553665,-0.0696043148636818,0.0252593271434307,0.133740037679672,0.0051403040997684,0.0399844907224178
0.0404046252369881,0.0655477792024612,0.131265670061111,0.110464617609978,0.0272455234080553,0.0421748459339142,-0.00573389092460275,0.115513868629932,0.0503363870084286,0.0315569266676903,0.10099284350872,0.156375408172607,0.129592165350914,0.0123923076316714,0.0411977432668209,0.0211564395576715,0,0.072690986096859,-0.0241579730063677,0.0936138555407524,-0.0538910813629627,0.0349990092217922,0.0139416363090277,0.00108706625178456,-0.0250822845846415,-0.0350352972745895,0.0748933032155037,0.0320083685219288,0.0198276117444038,0.0385257713496685,0.0497251898050308,-0.0728530064225197,0.00760386930778623,0.0380918979644775,-0.0158589333295822,-0.0779300257563591,-0.0594502389431,0.0475672632455826,0.012258724309504,0.0632620602846146,0.00703733414411545,0.0653112158179283,0.123386740684509,-0.00561799807474017,0.0231331922113895,0.011859574355185,0.018426489084959,-0.0203832816332579,-0.0106139704585075,-0.0106509439647198,0.0485643073916435,0.0673011317849159,-0.0155910635367036,0.082657590508461,-0.0434242151677608,0.0364717319607735,0.0041159437969327,0.0223505981266499,-0.0280722416937351,-0.0156617388129234,0.0650183856487274,0.0291707292199135,0.0256737694144249,0.0290260817855597,0.0418659336864948,-0.0496214516460896,0.0230867210775614,0.0435361079871655,-0.00741873029619455,-0.105093501508236,-0.0280369892716408,0.0509445928037167,0.00273404433391988,0.0702008232474327,0.00898555386811495,0.065367117524147,0.119408547878265,0.0173260439187288,0.0118302395567298,0.0133242392912507,0.0218179561197758,0.0242115911096334,-0.0150857288390398,-0.00312897935509682,0.053033422678709,0.0774175524711609
0.267986923456192,0.231992200016975,0.153753086924553,0.154774978756905,0.0632607936859131,0.068440780043602,-0.0316569954156876,0.0701502114534378,0.207855924963951,0.239983171224594,0.27364519238472,0.154404789209366,0.166138485074043,0.0993125736713409,0.0632176399230957,-0.00983235985040665,0.072690986096859,0,-0.0489477254450321,0.174500659108162,0.0286001320928335,0.061624713242054,0.0368021354079247,0.00889739207923412,0.0474920496344566,0.0261388886719942,0.12180245667696,0.0180776659399271,0.101094752550125,0.0978313237428665,0.0155843514949083,-0.0257925018668175,0.0708867311477661,0.10325314104557,0.0308010913431644,-0.0506852529942989,0.00111540174111724,0.16949637234211,0.0924936607480049,0.193092003464699,0.071380116045475,0.157041803002357,0.13961336016655,0.117629937827587,0.08378566801548,0.0557281710207462,0.0301509164273739,0.147910177707672,-0.0384597815573215,0.0319801270961761,0.189329013228416,0.202033773064613,-0.00180163315963,0.191135302186012,0.0856819748878479,0.0721156522631645,0.0190605483949184,0.00545833073556423,0.0923164635896683,0.026043463498354,0.147750854492188,0.0292976778000593,0.115027405321598,0.0885646045207977,0.0606348924338818,0.0143839055672288,0.0564149990677834,0.11983110755682,0.115593299269676,0.00644729286432266,0.085981123149395,0.186576098203659,0.0837304070591927,0.208004966378212,0.0903004333376884,0.188840970396996,0.145919814705849,0.14397007226944,0.157762840390205,0.050795491784811,0.0312859155237675,0.178807705640793,-0.00490873912349343,-0.00740538956597447,0.152408733963966,0.225458800792694
-0.149413377046585,-0.117393031716347,-0.0266584232449532,-0.0517240986227989,-0.014634451828897,0.0825210511684418,0.158594965934753,-0.0326549038290977,-0.0445279069244862,-0.0816517844796181,-0.19328661262989,-0.070491224527359,-0.0503077059984207,-0.0261474475264549,0.0678280293941498,0.118768490850925,-0.0241579730063677,-0.0489477254450321,0,-0.0364610888063908,0.234294459223747,0.0160005744546652,0.0388066694140434,0.270599335432053,0.235338822007179,0.285405337810516,-0.14473719894886,0.0893750786781311,0.0740650966763496,0.0570547692477703,0.0479766093194485,0.585455894470215,0.013226006180048,-0.0375978052616119,0.493273288011551,0.210000589489937,0.536752343177795,-0.0451048612594604,0.0423553809523582,-0.106550335884094,0.143268898129463,-0.0482867769896984,-0.120466776192188,-0.00314805167727172,0.188343480229378,0.0303384251892567,0.747548341751099,0.195648297667503,0.110571123659611,0.167537108063698,0.194400280714035,0.138574808835983,0.712507426738739,-0.043403971940279,0.0488798730075359,-0.00971180386841297,0.0224686190485954,0.231581315398216,0.0701607018709183,0.212871104478836,-0.179827824234962,0.0774861425161362,0.030422018840909,0.0497235879302025,-0.0301635451614857,0.381981194019318,0.0425228215754032,-0.00889549031853676,0.240232110023499,0.185951858758926,0.296795070171356,-0.0869429707527161,0.0987077951431274,-0.172844707965851,0.108728855848312,-0.103256992995739,-0.100497640669346,-0.0791279822587967,0.0852025747299194,0.00584753090515733,0.65371310710907,0.0461330823600292,0.0927988514304161,0.177340939640999,0.198903068900108,0.102963753044605
0.232570707798004,0.280372023582458,0.200725093483925,0.311313152313232,0.108884200453758,0.0603080168366432,-0.0203441474586725,0.0954548493027687,0.175490170717239,0.234806478023529,0.310198813676834,0.204623639583588,0.290039747953415,0.135896280407906,0.0608489327132702,-0.0164263229817152,0.0936138555407524,0.174500659108162,-0.0364610888063908,0,-0.111994437873363,0.172502592206001,0.0531747490167618,0.0396851934492588,-0.122159212827682,-0.00280976435169578,0.0262026954442263,0.0244617089629173,0.224118247628212,0.192090138792992,-0.075702115893364,-0.269253671169281,0.0355688035488129,0.431223601102829,0.209692776203156,-0.211236491799355,0.0331660658121109,0.271495968103409,0.352553606033325,0.421554207801819,0.427164971828461,0.101210840046406,0.293892115354538,0.248518779873848,0.364756911993027,0.277828961610794,0.0866261273622513,0.41405776143074,-0.12626177072525,-0.0368480384349823,0.311893165111542,0.583932161331177,0.0405405573546886,0.602656722068787,-0.105411946773529,0.181607767939568,0.00681513175368309,0.0249975435435772,-0.121148146688938,0.00671552214771509,0.0661734566092491,0.0356739200651646,0.199922427535057,0.167648747563362,-0.0387246794998646,-0.239857569336891,0.0480934269726276,0.398508608341217,0.301422327756882,-0.222256645560265,0.114419862627983,0.269289374351501,0.300725966691971,0.443975389003754,0.412016600370407,0.160792633891106,0.289224058389664,0.210922047495842,0.312675684690475,0.219826191663742,0.0800482407212257,0.465339362621307,-0.16010282933712,-0.0788033902645111,0.259278923273087,0.574342966079712
0.0241308081895113,0.00966088566929102,0.0795971229672432,-0.0506198033690453,-0.00368645042181015,0.142050445079803,0.05821168795228,-0.0649671107530594,-0.00529960775747895,0.188783794641495,-0.042093351483345,0.0308577623218298,-0.0537854246795177,-0.0390486009418964,0.130554005503654,0.0567665621638298,-0.0538910813629627,0.0286001320928335,0.234294459223747,-0.111994437873363,0,-0.150836110115051,0.0665688663721085,0.198546230792999,0.678394734859467,0.537592649459839,0.177260801196098,-0.0356230847537518,0.262587398290634,-0.090392991900444,0.11395251750946,0.48877227306366,0.161385908722878,-0.111609138548374,0.539913296699524,0.425101101398468,0.541757583618164,-0.1302440315485,-0.0400287248194218,0.0968104600906372,0.103591419756413,0.272331804037094,-0.0376815907657146,0.668010532855988,0.329581886529922,0.325614333152771,0.109516277909279,0.397288382053375,0.00838537979871035,0.0196859780699015,-0.00135463022161275,-0.0410574711859226,0.079899825155735,-0.102526448667049,0.660350441932678,-0.199027717113495,0.0676787793636322,0.12002769857645,0.504684805870056,0.300300806760788,0.0515667535364628,-0.00916738063097,0.108888827264309,-0.0836440622806549,0.0663295686244965,0.343535602092743,0.124792240560055,-0.0971722900867462,0.282769978046417,0.343634247779846,0.268848091363907,-0.130515739321709,-0.0201433468610048,-0.0167056918144226,0.042328417301178,0.143395379185677,-0.100798025727272,0.283942669630051,0.0861319079995155,0.149834811687469,0.0928546190261841,0.0913061872124672,0.0731334537267685,0.0315970294177532,0.00400517275556922,-0.0783307179808617
-0.0142294690012932,0.103644795715809,0.00846677180379629,0.0444237850606441,0.00671769352629781,0.106773398816586,0.0269903391599655,0.0314334332942963,0.0739702135324478,0.0336085446178913,0.0864979475736618,-0.015308435074985,0.0369250997900963,0.0224994961172342,0.0924384891986847,0.022332264110446,0.0349990092217922,0.061624713242054,0.0160005744546652,0.172502592206001,-0.150836110115051,0,0.0134536707773805,0.317739695310593,0.067850723862648,-0.152594745159149,0.171496599912643,0.193365857005119,0.041928194463253,0.926267981529236,0.0296389870345592,-0.164377480745316,0.193390309810638,0.395556658506393,-0.109985090792179,-0.174531951546669,-0.1541997641325,0.89005583524704,0.341184943914413,0.0836996287107468,0.282109051942825,0.32608699798584,0.0873563960194588,-0.0330896899104118,0.102252766489983,0.676251590251923,0.145426794886589,0.0023971616756171,-0.0287770200520754,0.0154161704704165,0.2077407091856,0.239579513669014,0.0665052905678749,0.166381269693375,-0.277875900268555,0.977458596229553,0.00694798957556486,0.379667103290558,-0.0520715937018394,-0.0706781521439552,0.205803260207176,0.254263639450073,-0.0173447243869305,0.916667103767395,0.00728740869089961,-0.213423401117325,0.205198585987091,0.361452490091324,-0.147363603115082,-0.249965637922287,-0.188288226723671,0.850537836551666,0.379657089710236,0.0921995565295219,0.304512560367584,0.355716496706009,0.0910849645733833,-0.121601998806,-0.00637845415621996,0.600046455860138,0.13544474542141,0.0324161499738693,-0.0757164135575294,0.0139388246461749,0.170160874724388,0.21456553041935
0.027100695297122,0.0158901866525412,0.0030390489846468,0.00858371891081333,0.0139707047492266,0.136658355593681,0.0791120082139969,-0.000280382111668587,0.0177180767059326,0.0483982712030411,0.0109567595645785,-0.0106901563704014,0.0131514593958855,0.0154717387631536,0.118149787187576,0.0784209445118904,0.0139416363090277,0.0368021354079247,0.0388066694140434,0.0531747490167618,0.0665688663721085,0.0134536707773805,0,0.166774213314056,0.109615288674831,0.145227953791618,0.058862466365099,0.0447398088872433,0.0936143547296524,0.0412551499903202,0.0994924157857895,0.106268338859081,0.106856822967529,0.0268994960933924,0.0629583224654198,0.0371813662350178,0.0668324902653694,0.0187434777617455,0.0450040921568871,0.0432936809957027,0.0566464774310589,0.0419005937874317,0.0655250921845436,0.0406955815851688,0.0694466605782509,0.0830039158463478,0.112073265016079,0.0627532675862312,0.0271211862564087,0.108672007918358,0.0516170486807823,0.101092673838139,0.02558265440166,0.0269768517464399,0.0360995233058929,0.00140359345823526,0.0508496575057507,0.141372829675674,0.0774352252483368,0.120589859783649,0.0593865141272545,0.0281761642545462,0.0590413920581341,0.0378359295427799,0.0894351527094841,0.0756052508950233,0.0896581187844276,0.000994074740447104,0.0554194562137127,0.0159740503877401,0.0472092963755131,0.00846318248659372,0.0355987697839737,0.0295168124139309,0.0459410138428211,0.0604917928576469,0.0386121794581413,-0.00316981598734856,0.0488665476441383,0.0717002674937248,0.0851260125637054,0.0380136966705322,0.0174767840653658,0.0512140057981014,0.027616998180747,0.0916914939880371
-0.074422299861908,-0.076914370059967,-0.0541751682758331,-0.0253227297216654,-0.0102853942662477,0.238889679312706,0.199689716100693,-0.00342038576491177,0.00462169805541635,-0.113878078758717,-0.095819815993309,-0.0709798485040665,-0.0347280353307724,-0.0258825272321701,0.24928030371666,0.189790919423103,0.00108706625178456,0.00889739207923412,0.270599335432053,0.0396851934492588,0.198546230792999,0.317739695310593,0.166774213314056,0,0.358683973550797,0.367088139057159,0.0877783298492432,0.585552453994751,0.101168394088745,0.538305163383484,0.194560915231705,0.201233401894569,0.352186858654022,0.0986464023590088,0.126556411385536,0.0317870229482651,0.098964162170887,0.28898897767067,0.101677596569061,-0.0628572255373001,0.139580860733986,0.0983263999223709,0.0463555455207825,-0.0108204977586865,0.0819551795721054,0.500928461551666,0.346567720174789,0.00594300124794245,0.0556500628590584,0.16133140027523,0.116257429122925,0.152759537100792,0.288980603218079,0.052099384367466,0.051777645945549,0.285799741744995,0.116617329418659,0.845486879348755,0.230697125196457,0.40072500705719,0.0856141000986099,0.553169250488281,0.0825776606798172,0.537640571594238,0.163979426026344,0.19988688826561,0.385855108499527,0.102643691003323,0.113528735935688,-0.0264699161052704,0.148988351225853,0.215619400143623,0.148449048399925,-0.0441023707389832,0.164413318037987,0.162756219506264,0.0443909391760826,-0.0514638423919678,0.0537733063101768,0.504185199737549,0.296983033418655,-0.00447415187954903,0.0481207817792892,0.146343737840652,0.094421312212944,0.113627880811691
