0 0.34629 0.25852 0.28269 0.086235 -0.0049158 -0.096079 0.057644 0.21299 0.72218 0.42536 0.35139 0.29956 0.11259 0.0027509 -0.099167 0.040405 0.26799 -0.14941 0.23257 0.024131 -0.014229 0.027101 -0.074422 0.034461 0.13054 0.1029 -0.028555 0.18862 -0.010155 -0.14645 -0.10576 0.014417 0.12122 0.070616 -0.071786 0.010856 0.097194 0.05604 0.35634 0.061932 0.18996 0.10768 0.34036 0.039128 0.14178 -0.147 0.33538 -0.089591 -0.061515 0.046997 0.21991 -0.034091 0.26999 0.36413 -0.011316 0.038001 -0.10132 0.301 0.20599 0.18946 -0.023205 0.30283 -0.035497 -0.036762 0.10518 0.022358 0.1322 0.35495 0.17436 0.27258 0.11948 0.065183 0.43615 0.16889 0.29901 0.17697 0.55189 0.36506 0.16582 -0.11107 0.50859 -0.017702 -0.083929 0.050892 0.27269
0.34629 0 0.25671 0.29353 0.11823 -0.00053935 -0.086571 0.081227 0.23938 0.36345 0.54557 0.28188 0.28024 0.11141 -0.020552 -0.10376 0.065548 0.23199 -0.11739 0.28037 0.0096609 0.10364 0.01589 -0.076914 0.013169 0.022545 0.13425 0.071783 0.14487 0.13292 -0.045204 -0.13481 0.0027613 0.17144 0.098408 -0.083806 -0.0023672 0.23793 0.13178 0.34525 0.11248 0.18624 0.17041 0.2046 0.15755 0.10896 -0.10523 0.22585 -0.055627 -0.066132 0.19036 0.29274 -0.12105 0.27685 0.037661 0.10238 0.010394 -0.093332 0.032838 -0.034742 0.1319 0.063713 0.13455 0.094774 -0.028553 -0.11509 -0.02684 0.10926 0.15581 -0.044408 0.072947 0.27568 0.075343 0.33197 0.088031 0.18135 0.16242 0.17361 0.15683 0.049879 -0.12601 0.21457 -0.056763 -0.085587 0.16865 0.27422
0.25852 0.25671 0 0.42021 0.11724 0.029883 -0.011145 0.15531 0.14735 0.28259 0.28288 0.60621 0.40922 0.075732 0.026394 -0.026402 0.13127 0.15375 -0.026658 0.20073 0.079597 0.0084668 0.003039 -0.054175 -0.0068486 0.032351 0.075026 -0.012024 0.19226 0.026398 -0.01473 -0.078255 -0.036422 0.042099 0.21671 -0.021287 0.13264 0.082806 0.0038576 0.20382 0.070406 0.081225 0.17926 0.23246 0.18812 0.033445 -0.047141 0.17539 -0.052593 -0.047516 0.089755 0.18872 -0.010099 0.18076 0.078701 -0.0069089 0.030658 -0.066134 -0.0045185 0.0080571 0.057892 0.0031712 0.16031 -0.0010689 -0.0095815 -0.082315 -0.024837 0.023159 0.18977 -0.036906 0.13809 0.094582 -0.01629 0.1996 0.08279 0.065023 0.12917 0.15073 0.14373 -0.0034487 -0.046173 0.17585 -0.069352 -0.056174 0.095168 0.18462
0.28269 0.29353 0.42021 0 0.21426 0.011173 -0.0041968 0.12461 0.14476 0.26909 0.29862 0.40124 0.67792 0.13991 0.010871 -0.015269 0.11046 0.15477 -0.051724 0.31131 -0.05062 0.044424 0.0085837 -0.025323 -0.10862 0.011015 0.013878 0.0091248 0.16177 0.05612 -0.028081 -0.16748 -0.01704 0.20044 0.18059 -0.099851 0.066375 0.127 0.18593 0.22457 0.27301 0.046477 0.14732 0.15607 0.18543 0.11121 -0.0071763 0.26409 -0.06743 -0.017994 0.14713 0.36968 -0.0090947 0.30161 -0.002066 0.047449 0.010099 -0.03964 -0.068969 -0.024881 0.026218 0.021569 0.16116 0.037722 -0.026493 -0.14325 0.012323 0.15881 0.25869 -0.06419 0.1553 0.1457 0.11488 0.26393 0.25249 0.079041 0.14717 0.16884 0.18967 0.085644 -0.026452 0.3079 -0.074187 -0.058628 0.13903 0.36917
0.086235 0.11823 0.11724 0.21426 0 -0.00024105 -0.014218 0.023703 0.060792 0.10499 0.11387 0.12536 0.18941 0.051477 -0.0041551 -0.029631 0.027246 0.063261 -0.014634 0.10888 -0.0036865 0.0067177 0.013971 -0.010285 -0.024146 0.0089193 -0.0090759 -0.011833 0.082786 0.010248 -0.022671 -0.03725 -0.011939 0.021354 0.079577 0.0056549 0.057646 0.05346 0.0736 0.095608 0.09114 0.0093411 0.061872 0.076239 0.071467 0.010528 0.015797 0.11614 -0.028007 -0.020647 0.073252 0.1537 -0.0003096 0.11954 -0.027923 0.0046802 -0.015872 -0.03311 -0.044836 -0.012727 -0.0086006 9.2397e-05 0.072265 -0.0029309 -0.023397 -0.046863 -0.023789 0.027908 0.089975 -0.0083502 0.068453 0.055025 0.05795 0.080912 0.076778 -0.0037613 0.033166 0.040535 0.05088 -0.012728 -0.00068074 0.10656 -0.044642 -0.021661 0.050681 0.14087
-0.0049158 -0.00053935 0.029883 0.011173 -0.00024105 0 0.18004 0.021543 0.083748 0.049472 -0.012187 0.017757 0.0053678 -0.017626 0.4523 0.19178 0.042175 0.068441 0.082521 0.060308 0.14205 0.10677 0.13666 0.23889 0.24182 0.12788 0.33565 0.14582 0.090323 0.14387 0.30672 0.20594 0.27823 0.089159 -0.019292 0.016837 -0.016786 0.10056 0.10471 0.10855 0.081417 0.25922 0.22644 0.003001 0.16867 0.091824 0.23523 -0.053958 0.046704 0.16228 0.12708 0.10585 0.043832 0.047167 0.0032202 0.087772 0.091479 0.23078 0.12748 0.10958 0.28398 0.15311 0.028339 0.13151 0.27975 0.12967 0.23729 0.08177 -0.0944 -0.055603 -0.067732 0.077031 0.11925 0.047464 0.078903 0.21952 0.16086 -0.071807 0.078109 0.061384 0.19837 -0.074041 0.055563 0.12764 0.11102 0.08063
-0.096079 -0.086571 -0.011145 -0.0041968 -0.014218 0.18004 0 -0.0061042 -0.0028366 -0.044812 -0.11433 -0.042273 -0.028977 -0.026559 0.18969 0.26728 -0.0057339 -0.031657 0.15859 -0.020344 0.058212 0.02699 0.079112 0.19969 0.07672 0.13857 0.001134 0.086343 0.01693 0.052378 0.17756 0.16715 0.07637 0.024647 0.033504 0.073772 0.077311 -0.0028848 0.056513 -0.11826 0.082039 -0.036633 0.0082206 -0.12817 0.070861 0.036811 0.23753 -0.050533 0.042836 0.13869 0.019014 0.044068 0.10365 -0.041056 -0.063756 0.016109 0.03034 0.17418 -0.030979 0.089317 -0.0296 0.076476 -0.018907 0.046525 0.10059 0.083198 0.065964 0.032008 -0.047181 -0.026073 -0.01676 -0.022823 0.067167 -0.13565 0.081836 -0.05363 -0.014063 -0.18403 -0.014568 0.042005 0.19701 -0.11172 0.029164 0.11452 0.0061821 0.014654
0.057644 0.081227 0.15531 0.12461 0.023703 0.021543 -0.0061042 0 0.059779 0.039737 0.082532 0.14131 0.12137 0.017732 0.034094 0.0065379 0.11551 0.07015 -0.032655 0.095455 -0.064967 0.031433 -0.00028038 -0.0034204 -0.050657 -0.023532 0.053834 0.023412 0.026581 0.02118 0.06242 -0.064493 0.022425 0.061489 -0.020062 -0.084891 -0.071471 0.056206 0.03191 0.069966 0.028523 0.04224 0.11474 -0.00077461 0.010533 0.015212 0.01043 0.012883 -0.0096473 0.0025803 0.055306 0.091141 -0.018308 0.084157 -0.039591 0.035095 -0.0048732 0.0042197 -0.024947 0.0032326 0.066448 0.042885 0.036727 0.014544 0.058376 -0.047841 0.013285 0.059433 0.0078037 -0.084117 -0.012246 0.06128 0.02186 0.075532 0.044838 0.056049 0.10062 0.020943 0.031202 0.016208 0.016573 0.062834 -0.016543 -1.0481e-05 0.063515 0.096649
0.21299 0.23938 0.14735 0.14476 0.060792 0.083748 -0.0028366 0.059779 0 0.23194 0.25075 0.13603 0.14127 0.065393 0.071761 -0.022763 0.050336 0.20786 -0.044528 0.17549 -0.0052996 0.07397 0.017718 0.0046217 0.016999 -0.0020413 0.12702 0.020858 0.078328 0.10584 0.019806 -0.057813 0.06638 0.12719 0.032295 -0.062125 -0.016925 0.17745 0.10205 0.19607 0.071451 0.1496 0.1435 0.10326 0.077884 0.049665 0.010865 0.11495 -0.035013 -0.025143 0.14112 0.19299 -0.025929 0.18376 0.031546 0.066365 0.025569 -0.011345 0.044444 0.0095484 0.14749 0.01585 0.095429 0.095443 0.055306 -0.018546 0.036296 0.081311 0.084402 -0.039103 0.04278 0.18514 0.079091 0.19052 0.069544 0.16615 0.1449 0.10262 0.12072 0.016447 0.0026091 0.15188 -0.038342 -0.01018 0.13465 0.18956
0.72218 0.36345 0.28259 0.26909 0.10499 0.049472 -0.044812 0.039737 0.23194 0 0.34238 0.28192 0.23509 0.10436 0.042898 -0.059317 0.031557 0.23998 -0.081652 0.23481 0.18878 0.033609 0.048398 -0.11388 0.14087 0.18679 0.14007 -0.096527 0.19327 0.017659 -0.02282 0.025014 0.039557 0.1961 0.19068 0.065471 0.16482 0.13146 0.26417 0.30896 0.26252 0.21934 0.10091 0.41123 0.24753 0.20967 -0.10345 0.36096 -0.029886 -0.0056311 0.058163 0.22921 -0.1333 0.18683 0.092918 0.023683 0.025148 -0.12239 0.061619 0.091398 0.097681 -0.055525 0.097525 0.013154 -0.022616 -0.0019472 0.021955 0.13044 0.13778 0.020605 0.052786 0.15043 0.1415 0.26664 0.15993 0.13778 0.073775 0.21318 0.086101 0.07308 -0.090523 0.3308 -0.051563 -0.058821 0.064381 0.20226
0.42536 0.54557 0.28288 0.29862 0.11387 -0.012187 -0.11433 0.082532 0.25075 0.34238 0 0.34403 0.32763 0.12707 -0.033687 -0.12043 0.10099 0.27365 -0.19329 0.3102 -0.042093 0.086498 0.010957 -0.09582 -0.027179 -0.039077 0.14391 0.046218 0.13009 0.11466 -0.077688 -0.20912 0.0071607 0.12921 0.0195 -0.15481 -0.065587 0.24284 0.065248 0.36011 0.06373 0.19859 0.19451 0.19556 0.08019 0.070649 -0.15579 0.22173 -0.093127 -0.084335 0.19479 0.28619 -0.14365 0.32779 0.12643 0.1013 0.0020671 -0.12264 0.11354 -0.039622 0.19625 0.028116 0.18691 0.077961 -0.028335 -0.097711 -0.0089915 0.13329 0.22961 -0.021416 0.14606 0.28568 0.044655 0.41447 0.1065 0.26021 0.2114 0.29517 0.25098 0.054294 -0.14561 0.30532 -0.049748 -0.11907 0.18761 0.31373
0.35139 0.28188 0.60621 0.40124 0.12536 0.017757 -0.042273 0.14131 0.13603 0.28192 0.34403 0 0.43148 0.094124 0.019416 -0.023502 0.15638 0.1544 -0.070491 0.20462 0.030858 -0.015308 -0.01069 -0.07098 -0.037638 0.011853 0.077391 -0.0055612 0.18348 0.0082051 -0.052738 -0.1415 -0.036429 0.031194 0.18636 -0.051399 0.11026 0.087639 0.0034978 0.22666 0.057686 0.0622 0.1762 0.2164 0.11148 0.050397 -0.074334 0.18149 -0.0859 -0.06373 0.084361 0.1904 -0.013808 0.24111 0.15067 -0.03474 0.020472 -0.08517 0.047065 0.030901 0.078317 -0.0151 0.22661 -0.017395 -0.010497 -0.066824 -0.0057755 0.039513 0.26895 0.03439 0.22345 0.096884 -0.046085 0.26182 0.078773 0.10597 0.18692 0.25794 0.20895 0.018485 -0.073873 0.23514 -0.06691 -0.057958 0.075092 0.22511
0.29956 0.28024 0.40922 0.67792 0.18941 0.0053678 -0.028977 0.12137 0.14127 0.23509 0.32763 0.43148 0 0.15637 0.010537 -0.010173 0.12959 0.16614 -0.050308 0.29004 -0.053785 0.036925 0.013151 -0.034728 -0.10946 -0.00088582 -0.0040057 0.023265 0.15692 0.045543 -0.062774 -0.17478 -0.022323 0.17683 0.16452 -0.10937 0.060341 0.12545 0.12128 0.22869 0.2238 0.025748 0.1327 0.13904 0.15619 0.09447 -0.026853 0.24567 -0.079217 -0.040187 0.14052 0.34026 0.020646 0.30585 0.0029907 0.030813 0.014698 -0.030378 -0.068612 0.010528 0.0069194 0.028893 0.18941 0.025425 -0.040771 -0.13489 -0.0029897 0.16772 0.28584 -0.049687 0.18849 0.13725 0.11929 0.26121 0.28355 0.067321 0.14144 0.17951 0.19993 0.084699 0.0061622 0.32079 -0.096792 -0.053674 0.13913 0.39505
0.11259 0.11141 0.075732 0.13991 0.051477 -0.017626 -0.026559 0.017732 0.065393 0.10436 0.12707 0.094124 0.15637 0 -0.0079436 -0.030419 0.012392 0.099313 -0.026147 0.1359 -0.039049 0.022499 0.015472 -0.025883 -0.02933 -0.024332 0.014058 -0.016376 0.036725 0.025157 -0.034311 -0.062251 0.0011836 0.063797 0.02717 -0.047054 -0.0090988 0.065273 0.069543 0.09519 0.073813 0.043925 0.06156 0.044594 0.053353 0.017748 -0.011537 0.090408 -0.046407 -0.012159 0.084326 0.1311 -0.018165 0.11217 -0.00056087 0.026271 0.0034909 -0.022826 -0.010065 -0.017218 0.031749 -0.015064 0.031098 0.025722 -0.01934 -0.03844 -0.0078395 0.073919 0.079108 -0.037278 0.053396 0.078917 0.07255 0.095403 0.089542 0.054425 0.074633 0.060839 0.095983 0.0066253 -0.013221 0.1193 -0.027338 -0.028705 0.073494 0.14472
0.0027509 -0.020552 0.026394 0.010871 -0.0041551 0.4523 0.18969 0.034094 0.071761 0.042898 -0.033687 0.019416 0.010537 -0.0079436 0 0.23284 0.041198 0.063218 0.067828 0.060849 0.13055 0.092438 0.11815 0.24928 0.22262 0.12433 0.31251 0.1368 0.096218 0.12468 0.31335 0.17412 0.27924 0.090154 -0.02009 -0.012396 -0.036132 0.080496 0.085632 0.085426 0.081693 0.24365 0.2301 -0.017294 0.16084 0.086389 0.22443 -0.068291 0.035191 0.14263 0.10244 0.10718 0.049959 0.063462 0.048285 0.083417 0.10805 0.24576 0.15012 0.1459 0.29367 0.13026 0.063812 0.11713 0.26387 0.14492 0.28669 0.082541 -0.061784 -0.056875 -0.046405 0.069281 0.12476 0.067123 0.08233 0.2375 0.18073 -0.0485 0.10483 0.082162 0.21879 -0.050205 0.040022 0.14333 0.10502 0.10416
-0.099167 -0.10376 -0.026402 -0.015269 -0.029631 0.19178 0.26728 0.0065379 -0.022763 -0.059317 -0.12043 -0.023502 -0.010173 -0.030419 0.23284 0 0.021156 -0.0098324 0.11877 -0.016426 0.056767 0.022332 0.078421 0.18979 0.057669 0.12874 -0.0051319 0.042359 0.021705 0.039147 0.14326 0.12189 0.10269 0.033452 0.021145 0.038512 0.057407 -0.044278 0.049067 -0.10296 0.084674 -0.029652 0.011134 -0.10583 0.054199 0.038605 0.20305 -0.050846 0.039689 0.10772 0.016045 0.046681 0.10656 -0.021392 -0.021814 0.0089356 0.049235 0.19643 -0.0040943 0.13504 -0.02705 0.036968 0.0037736 0.033812 0.1077 0.084884 0.10677 0.037 -0.0052354 -0.014689 0.026133 -0.057868 0.068915 -0.11905 0.088849 -0.039955 -0.020691 -0.13188 0.00198 0.04387 0.21196 -0.069604 0.025259 0.13374 0.0051403 0.039984
0.040405 0.065548 0.13127 0.11046 0.027246 0.042175 -0.0057339 0.11551 0.050336 0.031557 0.10099 0.15638 0.12959 0.012392 0.041198 0.021156 0 0.072691 -0.024158 0.093614 -0.053891 0.034999 0.013942 0.0010871 -0.025082 -0.035035 0.074893 0.032008 0.019828 0.038526 0.049725 -0.072853 0.0076039 0.038092 -0.015859 -0.07793 -0.05945 0.047567 0.012259 0.063262 0.0070373 0.065311 0.12339 -0.005618 0.023133 0.01186 0.018426 -0.020383 -0.010614 -0.010651 0.048564 0.067301 -0.015591 0.082658 -0.043424 0.036472 0.0041159 0.022351 -0.028072 -0.015662 0.065018 0.029171 0.025674 0.029026 0.041866 -0.049621 0.023087 0.043536 -0.0074187 -0.10509 -0.028037 0.050945 0.002734 0.070201 0.0089856 0.065367 0.11941 0.017326 0.01183 0.013324 0.021818 0.024212 -0.015086 -0.003129 0.053033 0.077418
0.26799 0.23199 0.15375 0.15477 0.063261 0.068441 -0.031657 0.07015 0.20786 0.23998 0.27365 0.1544 0.16614 0.099313 0.063218 -0.0098324 0.072691 0 -0.048948 0.1745 0.0286 0.061625 0.036802 0.0088974 0.047492 0.026139 0.1218 0.018078 0.10109 0.097831 0.015584 -0.025793 0.070887 0.10325 0.030801 -0.050685 0.0011154 0.1695 0.092494 0.19309 0.07138 0.15704 0.13961 0.11763 0.083786 0.055728 0.030151 0.14791 -0.03846 0.03198 0.18933 0.20203 -0.0018016 0.19114 0.085682 0.072116 0.019061 0.0054583 0.092316 0.026043 0.14775 0.029298 0.11503 0.088565 0.060635 0.014384 0.056415 0.11983 0.11559 0.0064473 0.085981 0.18658 0.08373 0.208 0.0903 0.18884 0.14592 0.14397 0.15776 0.050795 0.031286 0.17881 -0.0049087 -0.0074054 0.15241 0.22546
-0.14941 -0.11739 -0.026658 -0.051724 -0.014634 0.082521 0.15859 -0.032655 -0.044528 -0.081652 -0.19329 -0.070491 -0.050308 -0.026147 0.067828 0.11877 -0.024158 -0.048948 0 -0.036461 0.23429 0.016001 0.038807 0.2706 0.23534 0.28541 -0.14474 0.089375 0.074065 0.057055 0.047977 0.58546 0.013226 -0.037598 0.49327 0.21 0.53675 -0.045105 0.042355 -0.10655 0.14327 -0.048287 -0.12047 -0.0031481 0.18834 0.030338 0.74755 0.19565 0.11057 0.16754 0.1944 0.13857 0.71251 -0.043404 0.04888 -0.0097118 0.022469 0.23158 0.070161 0.21287 -0.17983 0.077486 0.030422 0.049724 -0.030164 0.38198 0.042523 -0.0088955 0.24023 0.18595 0.2968 -0.086943 0.098708 -0.17284 0.10873 -0.10326 -0.1005 -0.079128 0.085203 0.0058475 0.65371 0.046133 0.092799 0.17734 0.1989 0.10296
0.23257 0.28037 0.20073 0.31131 0.10888 0.060308 -0.020344 0.095455 0.17549 0.23481 0.3102 0.20462 0.29004 0.1359 0.060849 -0.016426 0.093614 0.1745 -0.036461 0 -0.11199 0.1725 0.053175 0.039685 -0.12216 -0.0028098 0.026203 0.024462 0.22412 0.19209 -0.075702 -0.26925 0.035569 0.43122 0.20969 -0.21124 0.033166 0.2715 0.35255 0.42155 0.42716 0.10121 0.29389 0.24852 0.36476 0.27783 0.086626 0.41406 -0.12626 -0.036848 0.31189 0.58393 0.040541 0.60266 -0.10541 0.18161 0.0068151 0.024998 -0.12115 0.0067155 0.066173 0.035674 0.19992 0.16765 -0.038725 -0.23986 0.048093 0.39851 0.30142 -0.22226 0.11442 0.26929 0.30073 0.44398 0.41202 0.16079 0.28922 0.21092 0.31268 0.21983 0.080048 0.46534 -0.1601 -0.078803 0.25928 0.57434
0.024131 0.0096609 0.079597 -0.05062 -0.0036865 0.14205 0.058212 -0.064967 -0.0052996 0.18878 -0.042093 0.030858 -0.053785 -0.039049 0.13055 0.056767 -0.053891 0.0286 0.23429 -0.11199 0 -0.15084 0.066569 0.19855 0.67839 0.53759 0.17726 -0.035623 0.26259 -0.090393 0.11395 0.48877 0.16139 -0.11161 0.53991 0.4251 0.54176 -0.13024 -0.040029 0.09681 0.10359 0.27233 -0.037682 0.66801 0.32958 0.32561 0.10952 0.39729 0.0083854 0.019686 -0.0013546 -0.041057 0.0799 -0.10253 0.66035 -0.19903 0.067679 0.12003 0.50468 0.3003 0.051567 -0.0091674 0.10889 -0.083644 0.06633 0.34354 0.12479 -0.097172 0.28277 0.34363 0.26885 -0.13052 -0.020143 -0.016706 0.042328 0.1434 -0.1008 0.28394 0.086132 0.14983 0.092855 0.091306 0.073133 0.031597 0.0040052 -0.078331
-0.014229 0.10364 0.0084668 0.044424 0.0067177 0.10677 0.02699 0.031433 0.07397 0.033609 0.086498 -0.015308 0.036925 0.022499 0.092438 0.022332 0.034999 0.061625 0.016001 0.1725 -0.15084 0 0.013454 0.31774 0.067851 -0.15259 0.1715 0.19337 0.041928 0.92627 0.029639 -0.16438 0.19339 0.39556 -0.10999 -0.17453 -0.1542 0.89006 0.34118 0.0837 0.28211 0.32609 0.087356 -0.03309 0.10225 0.67625 0.14543 0.0023972 -0.028777 0.015416 0.20774 0.23958 0.066505 0.16638 -0.27788 0.97746 0.006948 0.37967 -0.052072 -0.070678 0.2058 0.25426 -0.017345 0.91667 0.0072874 -0.21342 0.2052 0.36145 -0.14736 -0.24997 -0.18829 0.85054 0.37966 0.0922 0.30451 0.35572 0.091085 -0.1216 -0.0063785 0.60005 0.13544 0.032416 -0.075716 0.013939 0.17016 0.21457
0.027101 0.01589 0.003039 0.0085837 0.013971 0.13666 0.079112 -0.00028038 0.017718 0.048398 0.010957 -0.01069 0.013151 0.015472 0.11815 0.078421 0.013942 0.036802 0.038807 0.053175 0.066569 0.013454 0 0.16677 0.10962 0.14523 0.058862 0.04474 0.093614 0.041255 0.099492 0.10627 0.10686 0.026899 0.062958 0.037181 0.066832 0.018743 0.045004 0.043294 0.056646 0.041901 0.065525 0.040696 0.069447 0.083004 0.11207 0.062753 0.027121 0.10867 0.051617 0.10109 0.025583 0.026977 0.0361 0.0014036 0.05085 0.14137 0.077435 0.12059 0.059387 0.028176 0.059041 0.037836 0.089435 0.075605 0.089658 0.00099407 0.055419 0.015974 0.047209 0.0084632 0.035599 0.029517 0.045941 0.060492 0.038612 -0.0031698 0.048867 0.0717 0.085126 0.038014 0.017477 0.051214 0.027617 0.091691
-0.074422 -0.076914 -0.054175 -0.025323 -0.010285 0.23889 0.19969 -0.0034204 0.0046217 -0.11388 -0.09582 -0.07098 -0.034728 -0.025883 0.24928 0.18979 0.0010871 0.0088974 0.2706 0.039685 0.19855 0.31774 0.16677 0 0.35868 0.36709 0.087778 0.58555 0.10117 0.53831 0.19456 0.20123 0.35219 0.098646 0.12656 0.031787 0.098964 0.28899 0.10168 -0.062857 0.13958 0.098326 0.046356 -0.01082 0.081955 0.50093 0.34657 0.005943 0.05565 0.16133 0.11626 0.15276 0.28898 0.052099 0.051778 0.2858 0.11662 0.84549 0.2307 0.40073 0.085614 0.55317 0.082578 0.53764 0.16398 0.19989 0.38586 0.10264 0.11353 -0.02647 0.14899 0.21562 0.14845 -0.044102 0.16441 0.16276 0.044391 -0.051464 0.053773 0.50419 0.29698 -0.0044742 0.048121 0.14634 0.094421 0.11363
0.034461 0.013169 -0.0068486 -0.10862 -0.024146 0.24182 0.07672 -0.050657 0.016999 0.14087 -0.027179 -0.037638 -0.10946 -0.02933 0.22262 0.057669 -0.025082 0.047492 0.23534 -0.12216 0.67839 0.067851 0.10962 0.35868 0 0.48415 0.53366 0.12941 0.15792 0.13096 0.31741 0.6408 0.41098 -0.0791 0.20745 0.32209 0.22391 0.029352 -0.090661 0.18934 -0.1373 0.68031 0.11482 0.48835 0.26539 0.31345 0.14228 0.14897 0.14024 0.12086 0.01546 -0.088705 0.10936 -0.12924 0.48403 -0.010558 0.076072 0.27496 0.76065 0.32678 0.42878 0.1249 0.054395 0.12174 0.27633 0.56008 0.34614 -0.076654 0.075358 0.20685 0.13207 0.0080809 -0.070978 0.064589 -0.14299 0.5277 0.060027 0.183 0.13708 0.16151 0.11857 -0.0097803 0.23035 0.14614 0.02631 -0.11549
0.13054 0.022545 0.032351 0.011015 0.0089193 0.12788 0.13857 -0.023532 -0.0020413 0.18679 -0.039077 0.011853 -0.00088582 -0.024332 0.12433 0.12874 -0.035035 0.026139 0.28541 -0.0028098 0.53759 -0.15259 0.14523 0.36709 0.48415 0 -0.022945 0.11554 0.23627 -0.08859 0.073244 0.45629 0.11022 -0.062169 0.4227 0.34216 0.46265 -0.15127 -0.012104 0.023607 0.10474 -0.034941 -0.064491 0.36901 0.18695 0.33071 0.20188 0.41378 0.01682 0.13447 0.00099211 0.093804 0.18147 -0.0022248 0.33535 -0.18059 0.095604 0.28233 0.32851 0.57685 -0.10505 0.084034 0.14061 -0.084909 0.0033638 0.34687 0.054806 -0.075389 0.28669 0.24784 0.3392 -0.16987 -0.025964 -0.0063889 0.047483 -0.049024 -0.088572 0.13477 0.038507 0.24919 0.1548 0.21582 0.039553 0.099681 0.0046131 0.050876
0.1029 0.13425 0.075026 0.013878 -0.0090759 0.33565 0.001134 0.053834 0.12702 0.14007 0.14391 0.077391 -0.0040057 0.014058 0.31251 -0.0051319 0.074893 0.1218 -0.14474 0.026203 0.17726 0.1715 0.058862 0.087778 0.53366 -0.022945 0 0.052602 0.045234 0.17143 0.48476 0.19546 0.3931 0.098168 -0.22596 -0.055852 -0.26348 0.20218 0.073401 0.42388 -0.097751 0.80826 0.44801 0.12084 0.20918 0.023462 0.025252 -0.1514 0.11621 0.049395 0.15128 -0.0020458 -0.14456 0.023534 0.053881 0.13526 0.056351 0.076654 0.34018 -0.041702 0.77035 0.078987 -0.020548 0.16469 0.44543 0.1841 0.31531 0.074718 -0.28544 -0.14523 -0.24301 0.22923 0.094493 0.30138 -0.086612 0.71253 0.34208 -0.0087307 0.14921 -0.06606 0.032948 -0.14906 0.1138 0.052838 0.1252 -0.020505
-0.028555 0.071783 -0.012024 0.0091248 -0.011833 0.14582 0.086343 0.023412 0.020858 -0.096527 0.046218 -0.0055612 0.023265 -0.016376 0.1368 0.042359 0.032008 0.018078 0.089375 0.024462 -0.035623 0.19337 0.04474 0.58555 0.12941 0.11554 0.052602 0 0.044328 0.43174 0.14994 0.035233 0.078889 0.03699 0.0072255 -0.0010806 0.016259 0.31532 0.018538 0.0089737 0.05018 -0.010569 0.078292 -0.10114 -0.018547 0.28446 0.1764 -0.1176 0.030235 0.070886 0.11934 0.11069 0.17341 0.052151 -0.074553 0.20425 0.035661 0.60854 0.04632 0.19942 0.03482 0.95921 0.083838 0.35851 0.10944 0.062607 0.10719 0.030979 0.068602 -0.019114 0.085274 0.30988 0.09178 0.0099927 0.099072 0.016845 0.069183 -0.094807 -0.008862 0.33204 0.15005 -0.02481 0.033361 0.062467 0.10412 0.11057
0.18862 0.14487 0.19226 0.16177 0.082786 0.090323 0.01693 0.026581 0.078328 0.19327 0.13009 0.18348 0.15692 0.036725 0.096218 0.021705 0.019828 0.10109 0.074065 0.22412 0.26259 0.041928 0.093614 0.10117 0.15792 0.23627 0.045234 0.044328 0 0.054217 0.048615 0.063753 0.068773 0.074191 0.43117 0.28104 0.47582 0.094607 0.04455 0.27095 0.1291 0.0978 0.2129 0.44678 0.28669 0.17906 0.097509 0.39773 -0.04901 0.053807 0.15624 0.34626 0.10533 0.21953 0.23048 0.022309 0.051386 0.07215 0.14716 0.15846 0.0026549 0.043566 0.40999 0.044016 0.055472 0.064967 0.029027 0.04532 0.39481 0.23612 0.45013 0.087587 0.042813 0.21159 0.12065 0.080635 0.17436 0.28059 0.23258 0.084032 0.093061 0.30463 -0.0063659 0.00092696 0.14213 0.34488
-0.010155 0.13292 0.026398 0.05612 0.010248 0.14387 0.052378 0.02118 0.10584 0.017659 0.11466 0.0082051 0.045543 0.025157 0.12468 0.039147 0.038526 0.097831 0.057055 0.19209 -0.090393 0.92627 0.041255 0.53831 0.13096 -0.08859 0.17143 0.43174 0.054217 0 0.064188 -0.13646 0.26168 0.38914 -0.073726 -0.16071 -0.09496 0.92624 0.36309 0.10227 0.27828 0.285 0.10263 -0.031633 0.081275 0.68972 0.19769 0.026142 -0.0094957 0.019414 0.27656 0.2821 0.083191 0.17668 -0.2037 0.9136 0.017619 0.56851 0.01849 0.01928 0.2037 0.47082 0.022134 0.94309 0.036625 -0.15349 0.28116 0.34467 -0.06178 -0.21633 -0.10046 0.89078 0.39725 0.11816 0.30795 0.33902 0.10189 -0.095555 0.0079197 0.64072 0.17422 0.1015 -0.054085 0.0060047 0.23507 0.25725
-0.14645 -0.045204 -0.01473 -0.028081 -0.022671 0.30672 0.17756 0.06242 0.019806 -0.02282 -0.077688 -0.052738 -0.062774 -0.034311 0.31335 0.14326 0.049725 0.015584 0.047977 -0.075702 0.11395 0.029639 0.099492 0.19456 0.31741 0.073244 0.48476 0.14994 0.048615 0.064188 0 0.35719 0.26954 0.014542 -0.14977 0.079376 -0.10458 0.027377 0.047425 -0.011165 -0.027148 0.36875 0.37943 -0.19915 0.23592 -0.058458 0.21087 -0.29 0.26046 0.18717 0.048038 -0.051779 -0.032347 -0.10284 -0.15713 0.019267 0.04529 0.2031 0.06836 0.047889 0.36033 0.16625 -0.081941 0.060026 0.55847 0.21745 0.22147 0.0061706 -0.32052 -0.10875 -0.25045 0.014435 0.073371 -0.11178 -0.044194 0.20931 0.22629 -0.34994 0.019011 -0.081419 0.17642 -0.31018 0.22933 0.16693 0.045619 -0.082858
-0.10576 -0.13481 -0.078255 -0.16748 -0.03725 0.20594 0.16715 -0.064493 -0.057813 0.025014 -0.20912 -0.1415 -0.17478 -0.062251 0.17412 0.12189 -0.072853 -0.025793 0.58546 -0.26925 0.48877 -0.16438 0.10627 0.20123 0.6408 0.45629 0.19546 0.035233 0.063753 -0.13646 0.35719 0 0.14392 -0.24312 0.22478 0.56823 0.34924 -0.20064 -0.14943 -0.089087 -0.16814 0.23516 -0.016922 0.035781 0.28903 -0.14513 0.40625 0.053728 0.2867 0.28277 -0.065791 -0.195 0.28734 -0.28578 0.20983 -0.21419 0.081461 0.14063 0.3508 0.29917 0.058019 0.029045 -0.042198 -0.11815 0.21131 0.76422 0.083747 -0.22139 -0.076498 0.38931 0.046044 -0.22784 -0.12225 -0.22654 -0.20755 0.0049484 -0.092187 -0.18467 0.061196 -0.17578 0.31082 -0.19408 0.33892 0.27808 -0.036795 -0.21218
0.014417 0.0027613 -0.036422 -0.01704 -0.011939 0.27823 0.07637 0.022425 0.06638 0.039557 0.0071607 -0.036429 -0.022323 0.0011836 0.27924 0.10269 0.0076039 0.070887 0.013226 0.035569 0.16139 0.19339 0.10686 0.35219 0.41098 0.11022 0.3931 0.078889 0.068773 0.26168 0.26954 0.14392 0 0.11837 -0.043027 -0.036066 -0.075115 0.17354 0.068254 0.073175 -0.0098213 0.43749 0.21027 0.068769 0.13294 0.1621 0.15722 -0.058747 0.040187 0.10232 0.10385 0.064596 0.043778 0.026542 0.10689 0.15726 0.068681 0.31759 0.30448 0.11568 0.38367 0.087326 0.029513 0.26047 0.26977 0.16391 0.46294 0.097781 -0.061573 -0.044792 -0.025437 0.14779 0.057828 0.063889 -0.0032777 0.42698 0.16838 0.011533 0.12885 0.10949 0.14921 -0.057875 0.085219 0.10468 0.074303 0.036378
0.12122 0.17144 0.042099 0.20044 0.021354 0.089159 0.024647 0.061489 0.12719 0.1961 0.12921 0.031194 0.17683 0.063797 0.090154 0.033452 0.038092 0.10325 -0.037598 0.43122 -0.11161 0.39556 0.026899 0.098646 -0.0791 -0.062169 0.098168 0.03699 0.074191 0.38914 0.014542 -0.24312 0.11837 0 0.10281 -0.22831 -0.029408 0.44657 0.58075 0.29518 0.6451 0.22649 0.12582 0.12258 0.37313 0.40481 0.15774 0.36673 -0.075877 -0.013267 0.37975 0.52127 0.013569 0.37994 -0.14024 0.36998 0.00070507 0.091425 -0.10644 -0.057274 0.11648 0.031714 0.038625 0.36401 -0.014756 -0.25371 0.15547 0.8196 0.1534 -0.24847 0.038167 0.41496 0.51079 0.34911 0.59388 0.27477 0.096914 0.091994 0.27387 0.32417 0.15942 0.4211 -0.11095 -0.037154 0.33191 0.49045
0.070616 0.098408 0.21671 0.18059 0.079577 -0.019292 0.033504 -0.020062 0.032295 0.19068 0.0195 0.18636 0.16452 0.02717 -0.02009 0.021145 -0.015859 0.030801 0.49327 0.20969 0.53991 -0.10999 0.062958 0.12656 0.20745 0.4227 -0.22596 0.0072255 0.43117 -0.073726 -0.14977 0.22478 -0.043027 0.10281 0 0.38596 0.8507 -0.042794 0.067118 0.099136 0.34663 -0.105 -0.081174 0.54367 0.5139 0.22541 0.2855 0.64644 -0.060703 0.025415 0.14834 0.38931 0.32042 0.21229 0.34331 -0.13483 0.024923 0.069298 0.10652 0.18925 -0.28895 0.00061531 0.29685 -0.072044 -0.18292 0.074809 -0.042121 0.088819 0.69084 0.2817 0.62636 -0.065881 0.06781 0.028753 0.29472 -0.15762 -0.095614 0.22058 0.28712 0.12996 0.24165 0.43774 -0.047104 -0.0168 0.15221 0.35506
-0.071786 -0.083806 -0.021287 -0.099851 0.0056549 0.016837 0.073772 -0.084891 -0.062125 0.065471 -0.15481 -0.051399 -0.10937 -0.047054 -0.012396 0.038512 -0.07793 -0.050685 0.21 -0.21124 0.4251 -0.17453 0.037181 0.031787 0.32209 0.34216 -0.055852 -0.0010806 0.28104 -0.16071 0.079376 0.56823 -0.036066 -0.22831 0.38596 0 0.61006 -0.16241 -0.15245 -0.12574 -0.1075 -0.099859 -0.15725 0.1647 0.1742 -0.11684 0.045147 0.11567 0.14713 0.099305 -0.072085 -0.12438 0.022217 -0.21455 0.17159 -0.18928 0.052115 0.0077221 0.097473 0.16564 -0.20048 -0.0090552 0.12251 -0.15586 -0.0084266 0.27634 -0.038472 -0.20269 0.10302 0.55252 0.24316 -0.17659 -0.11977 -0.22744 -0.1206 -0.28088 -0.21658 -0.15164 -0.091489 -0.15526 0.016488 -0.079763 0.1335 0.089649 -0.054126 -0.11863
0.010856 -0.0023672 0.13264 0.066375 0.057646 -0.016786 0.077311 -0.071471 -0.016925 0.16482 -0.065587 0.11026 0.060341 -0.0090988 -0.036132 0.057407 -0.05945 0.0011154 0.53675 0.033166 0.54176 -0.1542 0.066832 0.098964 0.22391 0.46265 -0.26348 0.016259 0.47582 -0.09496 -0.10458 0.34924 -0.075115 -0.029408 0.8507 0.61006 0 -0.095091 -0.032932 -0.030506 0.22742 -0.2388 -0.19116 0.43287 0.33662 0.12862 0.26108 0.53638 0.0088191 0.041741 0.042945 0.22582 0.31589 -0.00091348 0.31704 -0.17084 0.049117 0.04024 0.022393 0.23093 -0.35294 0.0028001 0.2942 -0.10048 -0.16518 0.11493 -0.081009 -0.029409 0.54285 0.48347 0.618 -0.11488 0.0040579 -0.11985 0.15811 -0.32832 -0.20369 0.10591 0.047226 0.04069 0.20111 0.26134 -0.04052 0.010826 0.068126 0.20044
0.097194 0.23793 0.082806 0.127 0.05346 0.10056 -0.0028848 0.056206 0.17745 0.13146 0.24284 0.087639 0.12545 0.065273 0.080496 -0.044278 0.047567 0.1695 -0.045105 0.2715 -0.13024 0.89006 0.018743 0.28899 0.029352 -0.15127 0.20218 0.31532 0.094607 0.92624 0.027377 -0.20064 0.17354 0.44657 -0.042794 -0.16241 -0.095091 0 0.44147 0.22162 0.34234 0.32784 0.13716 0.012312 0.11456 0.58278 0.10384 0.1012 -0.045764 -0.018055 0.33518 0.35893 -0.003346 0.266 -0.19822 0.85359 0.005827 0.32576 -0.030978 -0.06721 0.23342 0.38031 0.072369 0.89162 0.018371 -0.20534 0.18432 0.4065 -0.025557 -0.18572 -0.081126 0.97004 0.46818 0.24131 0.38437 0.36181 0.14979 -0.021055 0.065021 0.52728 0.085751 0.22454 -0.070294 -0.046833 0.29868 0.34926
0.05604 0.13178 0.0038576 0.18593 0.0736 0.10471 0.056513 0.03191 0.10205 0.26417 0.065248 0.0034978 0.12128 0.069543 0.085632 0.049067 0.012259 0.092494 0.042355 0.35255 -0.040029 0.34118 0.045004 0.10168 -0.090661 -0.012104 0.073401 0.018538 0.04455 0.36309 0.047425 -0.14943 0.068254 0.58075 0.067118 -0.15245 -0.032932 0.44147 0 0.13897 0.89586 0.11082 0.050241 0.048306 0.36334 0.45354 0.27114 0.42631 -0.012053 0.041024 0.48742 0.62334 0.023901 0.31395 -0.19841 0.31162 0.002512 0.10844 -0.17628 -0.035439 0.044424 0.016005 -0.016624 0.3415 0.0028339 -0.23423 0.091861 0.52232 0.046724 -0.23571 -0.098775 0.39989 0.90156 0.16185 0.79458 0.11148 0.017264 -0.072063 0.17285 0.34979 0.23409 0.39288 -0.099361 -0.017384 0.40058 0.52197
0.35634 0.34525 0.20382 0.22457 0.095608 0.10855 -0.11826 0.069966 0.19607 0.30896 0.36011 0.22666 0.22869 0.09519 0.085426 -0.10296 0.063262 0.19309 -0.10655 0.42155 0.09681 0.0837 0.043294 -0.062857 0.18934 0.023607 0.42388 0.0089737 0.27095 0.10227 -0.011165 -0.089087 0.073175 0.29518 0.099136 -0.12574 -0.030506 0.22162 0.13897 0 0.12597 0.53996 0.36718 0.44313 0.31035 0.17407 -0.046884 0.37767 -0.078496 -0.044599 0.2287 0.36422 -0.072395 0.39102 0.15398 0.083581 0.03865 -0.069591 0.22509 0.033587 0.41896 0.019662 0.24881 0.065793 0.075026 -0.013224 0.036757 0.2422 0.18875 -0.08531 0.10712 0.24177 0.12076 0.69635 0.13841 0.49807 0.33792 0.41772 0.3355 0.077722 -0.033774 0.38262 -0.093795 -0.087971 0.21204 0.38009
0.061932 0.11248 0.070406 0.27301 0.09114 0.081417 0.082039 0.028523 0.071451 0.26252 0.06373 0.057686 0.2238 0.073813 0.081693 0.084674 0.0070373 0.07138 0.14327 0.42716 0.10359 0.28211 0.056646 0.13958 -0.1373 0.10474 -0.097751 0.05018 0.1291 0.27828 -0.027148 -0.16814 -0.0098213 0.6451 0.34663 -0.1075 0.22742 0.34234 0.89586 0.12597 0 -0.048637 0.019894 0.12768 0.54487 0.50079 0.30621 0.56273 -0.049312 0.018297 0.42662 0.6548 0.13344 0.38139 -0.10323 0.25047 0.0018128 0.12708 -0.24632 0.011781 -0.12247 0.060509 0.068976 0.26694 -0.084112 -0.26354 0.05077 0.60653 0.30261 -0.21272 0.08898 0.3093 0.82162 0.14996 0.91956 -0.0057573 -0.01255 -0.009264 0.32614 0.43281 0.27544 0.49243 -0.13532 -0.029225 0.34532 0.57543
0.18996 0.18624 0.081225 0.046477 0.0093411 0.25922 -0.036633 0.04224 0.1496 0.21934 0.19859 0.0622 0.025748 0.043925 0.24365 -0.029652 0.065311 0.15704 -0.048287 0.10121 0.27233 0.32609 0.041901 0.098326 0.68031 -0.034941 0.80826 -0.010569 0.0978 0.285 0.36875 0.23516 0.43749 0.22649 -0.105 -0.099859 -0.2388 0.32784 0.11082 0.53996 -0.048637 0 0.41287 0.33102 0.31794 0.19228 0.064215 0.069395 0.098978 0.049434 0.16079 0.082664 -0.031394 0.092931 0.16466 0.27855 0.050918 0.088949 0.52139 -0.023352 0.77457 0.059676 0.0080242 0.27682 0.36214 0.2736 0.36622 0.17499 -0.16548 -0.13875 -0.17634 0.33037 0.10286 0.4352 -0.036848 0.91944 0.35235 0.18232 0.29008 0.045666 0.072927 0.047953 0.15517 0.067542 0.15064 0.060005
0.10768 0.17041 0.17926 0.14732 0.061872 0.22644 0.0082206 0.11474 0.1435 0.10091 0.19451 0.1762 0.1327 0.06156 0.2301 0.011134 0.12339 0.13961 -0.12047 0.29389 -0.037682 0.087356 0.065525 0.046356 0.11482 -0.064491 0.44801 0.078292 0.2129 0.10263 0.37943 -0.016922 0.21027 0.12582 -0.081174 -0.15725 -0.19116 0.13716 0.050241 0.36718 0.019894 0.41287 0 0.085364 0.35343 -0.0017225 0.063154 -0.018326 0.035286 0.034806 0.1839 0.20866 -0.090119 0.28201 -0.063256 0.081003 0.038961 0.038525 0.047992 -0.042097 0.41639 0.086013 0.1574 0.08691 0.39552 0.039402 0.15404 0.10763 -0.069759 -0.17978 -0.096105 0.138 0.045365 0.31471 0.029796 0.36249 0.57663 0.055262 0.31235 -0.054324 0.078253 0.026555 0.040879 0.037435 0.15962 0.20563
0.34036 0.2046 0.23246 0.15607 0.076239 0.003001 -0.12817 -0.00077461 0.10326 0.41123 0.19556 0.2164 0.13904 0.044594 -0.017294 -0.10583 -0.005618 0.11763 -0.0031481 0.24852 0.66801 -0.03309 0.040696 -0.01082 0.48835 0.36901 0.12084 -0.10114 0.44678 -0.031633 -0.19915 0.035781 0.068769 0.12258 0.54367 0.1647 0.43287 0.012312 0.048306 0.44313 0.12768 0.33102 0.085364 0 0.43131 0.37038 -0.071211 0.6442 -0.12639 -0.084777 0.109 0.26227 0.027331 0.23424 0.54827 -0.062275 0.034132 -0.046569 0.44187 0.19624 0.059312 -0.075647 0.30863 -0.046134 -0.13026 0.10667 0.025759 0.099302 0.46008 0.20389 0.34553 0.026073 -0.00095227 0.38576 0.095517 0.30215 0.059643 0.70086 0.27616 0.20069 -0.049176 0.45042 -0.10007 -0.12109 0.090474 0.22538
0.039128 0.15755 0.18812 0.18543 0.071467 0.16867 0.070861 0.010533 0.077884 0.24753 0.08019 0.11148 0.15619 0.053353 0.16084 0.054199 0.023133 0.083786 0.18834 0.36476 0.32958 0.10225 0.069447 0.081955 0.26539 0.18695 0.20918 -0.018547 0.28669 0.081275 0.23592 0.28903 0.13294 0.37313 0.5139 0.1742 0.33662 0.11456 0.36334 0.31035 0.54487 0.31794 0.35343 0.43131 0 0.29941 0.20594 0.49343 0.076157 0.06254 0.23926 0.36445 0.057497 0.30015 0.085092 0.049467 0.041265 0.053013 -0.00051731 0.084126 0.082817 -0.0029119 0.081392 0.078894 0.11692 0.067586 0.12221 0.36452 0.24541 -0.062207 0.094255 0.086377 0.31009 0.19079 0.46521 0.12887 0.19494 0.050593 0.56085 0.17038 0.20452 0.29187 0.089882 0.045454 0.21542 0.3208
0.14178 0.10896 0.033445 0.11121 0.010528 0.091824 0.036811 0.015212 0.049665 0.20967 0.070649 0.050397 0.09447 0.017748 0.086389 0.038605 0.01186 0.055728 0.030338 0.27783 0.32561 0.67625 0.083004 0.50093 0.31345 0.33071 0.023462 0.28446 0.17906 0.68972 -0.058458 -0.14513 0.1621 0.40481 0.22541 -0.11684 0.12862 0.58278 0.45354 0.17407 0.50079 0.19228 -0.0017225 0.37038 0.29941 0 0.073987 0.49707 -0.060357 -0.0075159 0.17865 0.37971 0.064572 0.26803 0.11114 0.63834 0.044194 0.46842 0.14849 0.30387 0.062941 0.2491 0.11496 0.69071 -0.055762 -0.14794 0.17757 0.35552 0.2484 -0.1345 0.12627 0.56826 0.38117 0.21137 0.45996 0.29046 0.0065016 0.18931 0.16045 0.94337 0.033255 0.41929 -0.081531 -0.03269 0.15493 0.33469
-0.147 -0.10523 -0.047141 -0.0071763 0.015797 0.23523 0.23753 0.01043 0.010865 -0.10345 -0.15579 -0.074334 -0.026853 -0.011537 0.22443 0.20305 0.018426 0.030151 0.74755 0.086626 0.10952 0.14543 0.11207 0.34657 0.14228 0.20188 0.025252 0.1764 0.097509 0.19769 0.21087 0.40625 0.15722 0.15774 0.2855 0.045147 0.26108 0.10384 0.27114 -0.046884 0.30621 0.064215 0.063154 -0.071211 0.20594 0.073987 0 0.15332 0.068363 0.23884 0.59643 0.34233 0.63199 0.074568 -0.057856 0.10529 0.074514 0.32933 -0.015628 0.11851 -0.030479 0.1581 0.04871 0.18343 0.12878 0.21782 0.16349 0.18921 0.14478 -0.023711 0.11853 0.03808 0.31273 -0.065761 0.29565 0.03585 0.060998 -0.14366 0.10794 0.07837 0.86934 0.094194 0.047429 0.21532 0.49905 0.28786
0.33538 0.22585 0.17539 0.26409 0.11614 -0.053958 -0.050533 0.012883 0.11495 0.36096 0.22173 0.18149 0.24567 0.090408 -0.068291 -0.050846 -0.020383 0.14791 0.19565 0.41406 0.39729 0.0023972 0.062753 0.005943 0.14897 0.41378 -0.1514 -0.1176 0.39773 0.026142 -0.29 0.053728 -0.058747 0.36673 0.64644 0.11567 0.53638 0.1012 0.42631 0.37767 0.56273 0.069395 -0.018326 0.6442 0.49343 0.49707 0.15332 0 -0.1064 -0.036131 0.32668 0.61193 0.23046 0.40808 0.35706 -0.020549 0.015996 -0.058203 0.20621 0.25941 -0.14668 -0.087693 0.3211 0.0089171 -0.25796 0.09007 -0.049528 0.30352 0.63351 0.17389 0.50961 0.091676 0.30609 0.35684 0.4917 0.12689 0.0019544 0.47903 0.41696 0.36536 0.13694 0.84406 -0.0969 -0.081411 0.24632 0.55838
-0.089591 -0.055627 -0.052593 -0.06743 -0.028007 0.046704 0.042836 -0.0096473 -0.035013 -0.029886 -0.093127 -0.0859 -0.079217 -0.046407 0.035191 0.039689 -0.010614 -0.03846 0.11057 -0.12626 0.0083854 -0.028777 0.027121 0.05565 0.14024 0.01682 0.11621 0.030235 -0.04901 -0.0094957 0.26046 0.2867 0.040187 -0.075877 -0.060703 0.14713 0.0088191 -0.045764 -0.012053 -0.078496 -0.049312 0.098978 0.035286 -0.12639 0.076157 -0.060357 0.068363 -0.1064 0 0.089724 -0.071288 -0.11914 0.033042 -0.14036 -0.099677 -0.022658 0.011734 0.05094 -0.016114 0.020916 0.054714 0.029104 -0.092832 -0.012593 0.15178 0.18792 0.027665 -0.058622 -0.15181 0.055292 -0.11586 -0.042049 0.0061589 -0.151 -0.064595 -0.010557 -0.0068752 -0.22479 -0.02127 -0.041962 0.055959 -0.16405 0.22163 0.083684 -0.037225 -0.13648
-0.061515 -0.066132 -0.047516 -0.017994 -0.020647 0.16228 0.13869 0.0025803 -0.025143 -0.0056311 -0.084335 -0.06373 -0.040187 -0.012159 0.14263 0.10772 -0.010651 0.03198 0.16754 -0.036848 0.019686 0.015416 0.10867 0.16133 0.12086 0.13447 0.049395 0.070886 0.053807 0.019414 0.18717 0.28277 0.10232 -0.013267 0.025415 0.099305 0.041741 -0.018055 0.041024 -0.044599 0.018297 0.049434 0.034806 -0.084777 0.06254 -0.0075159 0.23884 -0.036131 0.089724 0 0.040736 0.033917 0.10425 -0.060855 -0.04909 0.0039274 0.037297 0.13108 0.024813 0.10684 0.036923 0.058868 -0.021486 0.031418 0.14465 0.21406 0.071491 -0.012611 -0.02327 0.029017 -0.014333 -0.031452 0.02555 -0.090001 -0.0077651 0.014997 0.012681 -0.13303 0.03663 -0.019608 0.21354 -0.074324 0.10399 0.17347 0.028221 0.019701
0.046997 0.19036 0.089755 0.14713 0.073252 0.12708 0.019014 0.055306 0.14112 0.058163 0.19479 0.084361 0.14052 0.084326 0.10244 0.016045 0.048564 0.18933 0.1944 0.31189 -0.0013546 0.20774 0.051617 0.11626 0.01546 0.00099211 0.15128 0.11934 0.15624 0.27656 0.048038 -0.065791 0.10385 0.37975 0.14834 -0.072085 0.042945 0.33518 0.48742 0.2287 0.42662 0.16079 0.1839 0.109 0.23926 0.17865 0.59643 0.32668 -0.071288 0.040736 0 0.52326 0.25175 0.3219 -0.0062458 0.19969 0.037319 0.12616 0.017813 -0.01835 0.12261 0.12016 0.14861 0.25299 0.055357 -0.059206 0.11635 0.36938 0.18904 -0.071508 0.10428 0.30737 0.45384 0.26037 0.41344 0.19288 0.18784 0.080597 0.21846 0.15846 0.56235 0.37007 -0.050154 -0.0086125 0.68503 0.48547
0.21991 0.29274 0.18872 0.36968 0.1537 0.10585 0.044068 0.091141 0.19299 0.22921 0.28619 0.1904 0.34026 0.1311 0.10718 0.046681 0.067301 0.20203 0.13857 0.58393 -0.041057 0.23958 0.10109 0.15276 -0.088705 0.093804 -0.0020458 0.11069 0.34626 0.2821 -0.051779 -0.195 0.064596 0.52127 0.38931 -0.12438 0.22582 0.35893 0.62334 0.36422 0.6548 0.082664 0.20866 0.26227 0.36445 0.37971 0.34233 0.61193 -0.11914 0.033917 0.52326 0 0.19258 0.56478 -0.01748 0.22944 0.054703 0.11588 -0.055876 0.064896 0.019973 0.1182 0.32764 0.25655 -0.041892 -0.15565 0.074485 0.48096 0.49119 -0.09283 0.33482 0.34646 0.54781 0.41214 0.62223 0.17226 0.21898 0.23545 0.363 0.32457 0.30509 0.65011 -0.1347 -0.025183 0.42556 0.78927
-0.034091 -0.12105 -0.010099 -0.0090947 -0.0003096 0.043832 0.10365 -0.018308 -0.025929 -0.1333 -0.14365 -0.013808 0.020646 -0.018165 0.049959 0.10656 -0.015591 -0.0018016 0.71251 0.040541 0.0799 0.066505 0.025583 0.28898 0.10936 0.18147 -0.14456 0.17341 0.10533 0.083191 -0.032347 0.28734 0.043778 0.013569 0.32042 0.022217 0.31589 -0.003346 0.023901 -0.072395 0.13344 -0.031394 -0.090119 0.027331 0.057497 0.064572 0.63199 0.23046 0.033042 0.10425 0.25175 0.19258 0 0.043075 0.17249 0.064156 0.037324 0.30553 0.19534 0.23596 -0.14413 0.12841 0.13744 0.080311 -0.037916 0.43644 0.056811 0.034846 0.43638 0.19175 0.47502 -0.0475 0.0728 -0.046468 0.1741 0.032461 -0.037496 0.062287 0.25633 0.049055 0.74289 0.24035 0.066653 0.17241 0.22696 0.18245
