0 0.33545 0.27222 0.28172 0.082928 -0.0095641 -0.087401 0.060688 0.20596 0.71956 0.41237 0.35687 0.29412 0.11228 -0.0033401 -0.097365 0.043846 0.26034 -0.14077 0.23263 0.072129 -0.025545 0.022241 -0.046674 0.073744 0.14439 0.085551 0.034088 0.18112 -0.0046916 -0.16013 -0.11155 0.0095629 0.12765 0.090585 -0.059525 0.013798 0.1067 0.075149 0.35969 0.09525 0.17881 0.083501 0.36004 0.033819 0.193 -0.16926 0.35522 -0.10228 -0.0671 0.032564 0.22508 -0.01836 0.27156 0.4187 -0.020108 0.034372 -0.073143 0.3737 0.25808 0.18287 0.0077878 0.31508 -0.031355 -0.0384 0.12451 0.01876 0.1437 0.38559 0.19516 0.28994 0.1252 0.077221 0.4441 0.19084 0.31093 0.16589 0.5911 0.39008 0.20417 -0.11883 0.52683 -0.00083804 -0.080756 0.047197 0.27477
0.33545 0 0.25737 0.27712 0.11163 0.013003 -0.077154 0.073525 0.21931 0.35224 0.49282 0.27163 0.25996 0.097245 -0.0023387 -0.097434 0.057588 0.21138 -0.098973 0.26063 0.049469 0.081062 0.019416 -0.055295 0.067947 0.04281 0.1422 0.069325 0.14452 0.11772 -0.031063 -0.10476 0.012183 0.17407 0.11348 -0.058759 0.013554 0.225 0.13288 0.33504 0.12279 0.19289 0.15588 0.21581 0.16877 0.11696 -0.1078 0.23474 -0.046445 -0.056025 0.1697 0.28829 -0.11238 0.25522 0.066043 0.079191 0.015033 -0.079088 0.064916 -0.0043792 0.13262 0.062284 0.13036 0.07678 -0.012836 -0.091626 -0.015611 0.10763 0.15448 -0.030522 0.072925 0.25951 0.078393 0.3144 0.094467 0.18408 0.14868 0.18552 0.16312 0.054628 -0.11701 0.22247 -0.050281 -0.074658 0.15676 0.26003
0.27222 0.25737 0 0.39963 0.10675 0.033628 -0.020567 0.14879 0.1417 0.29389 0.27936 0.58304 0.38573 0.068576 0.024983 -0.034859 0.12078 0.15466 -0.022111 0.20628 0.12822 -0.00089841 0.011211 -0.041279 0.037116 0.056334 0.07999 -0.0010014 0.19415 0.017498 -0.011404 -0.067336 -0.026566 0.053553 0.23721 -0.0024899 0.14346 0.089541 0.01467 0.20629 0.089152 0.086057 0.16696 0.25814 0.20455 0.055619 -0.066618 0.19502 -0.053198 -0.048229 0.075283 0.1886 -0.029876 0.18052 0.11788 -0.018087 0.032675 -0.06888 0.032127 0.026163 0.064963 0.0023668 0.1658 -0.011269 -0.0016366 -0.076824 -0.017886 0.028993 0.20092 -0.018893 0.13705 0.09952 -0.010903 0.20367 0.089033 0.076907 0.12337 0.18012 0.16032 0.0015068 -0.066504 0.18073 -0.062561 -0.054052 0.085177 0.17782
0.28172 0.27712 0.39963 0 0.20158 0.01146 -0.0085728 0.11206 0.14323 0.265 0.28486 0.38301 0.64668 0.12541 0.0053023 -0.017356 0.094351 0.15222 -0.045391 0.3035 -0.025889 0.034841 0.011869 -0.022905 -0.08541 0.013523 0.0052046 0.022217 0.15233 0.046006 -0.034055 -0.15467 -0.02468 0.20016 0.18188 -0.083933 0.067724 0.12785 0.19213 0.21837 0.28897 0.035216 0.12478 0.16521 0.16722 0.11466 -0.019602 0.25295 -0.073308 -0.02278 0.13942 0.35306 -0.011472 0.28821 0.022788 0.035505 0.0087358 -0.040401 -0.045815 -0.015226 0.020094 0.02322 0.15457 0.027452 -0.028296 -0.13188 0.0026853 0.16418 0.26162 -0.058885 0.15253 0.14585 0.12572 0.25326 0.26865 0.075865 0.13245 0.18165 0.18339 0.083882 -0.033917 0.30913 -0.06987 -0.058225 0.13265 0.35328
0.082928 0.11163 0.10675 0.20158 0 -0.0025012 -0.017582 0.022315 0.054304 0.097837 0.099466 0.11554 0.1702 0.046995 -0.004337 -0.026256 0.023432 0.062639 -0.012195 0.10649 0.0026229 0.00025667 0.0097031 -0.0133 -0.018177 0.0031381 -0.006681 -0.010939 0.070296 0.0032082 -0.025574 -0.03166 -0.0099962 0.025471 0.071885 0.0064803 0.054803 0.047354 0.072927 0.092541 0.091993 0.0071811 0.05356 0.07173 0.067252 0.010829 0.0085458 0.10801 -0.028279 -0.020676 0.0608 0.14275 -0.0049077 0.11281 -0.016019 -0.0063101 -0.012979 -0.034666 -0.03794 -0.013145 -0.0057816 -0.0040233 0.062723 -0.0112 -0.020016 -0.043882 -0.02124 0.026924 0.085269 -0.007209 0.063609 0.050769 0.053972 0.077299 0.078448 -0.001837 0.028206 0.042161 0.049077 -0.013155 -0.0057451 0.10212 -0.040434 -0.022127 0.047071 0.13003
-0.0095641 0.013003 0.033628 0.01146 -0.0025012 0 0.16582 0.021368 0.085873 0.056637 -0.0017547 0.023925 0.0015267 -0.016693 0.43681 0.16727 0.041911 0.070349 0.063467 0.037683 0.14466 0.091659 0.13512 0.22118 0.24593 0.12351 0.34584 0.12279 0.086994 0.11702 0.30321 0.20797 0.28099 0.072719 -0.033212 0.025025 -0.020597 0.080473 0.090845 0.095548 0.049744 0.27496 0.23362 -0.0074782 0.17821 0.068413 0.21662 -0.073762 0.057114 0.15099 0.11651 0.079085 0.028115 0.024575 0.007102 0.068861 0.089468 0.21064 0.12992 0.085883 0.29408 0.12379 0.01821 0.10642 0.28389 0.14428 0.23968 0.065492 -0.11385 -0.046028 -0.087626 0.057065 0.096722 0.034835 0.04372 0.22784 0.16043 -0.09273 0.085271 0.035321 0.18605 -0.10822 0.050036 0.12347 0.099417 0.050933
-0.087401 -0.077154 -0.020567 -0.0085728 -0.017582 0.16582 0 -0.008302 -0.0066234 -0.039983 -0.10336 -0.043993 -0.027879 -0.024838 0.17036 0.24842 -0.008581 -0.031804 0.14511 -0.038365 0.044791 0.02588 0.075439 0.17671 0.066217 0.12627 0.0056891 0.064213 0.017485 0.037945 0.16058 0.16017 0.073337 0.016834 0.020101 0.073022 0.06779 -0.012728 0.052594 -0.11944 0.065092 -0.030902 0.0028849 -0.12574 0.059122 0.024886 0.23302 -0.060546 0.041459 0.13292 0.018785 0.030183 0.090577 -0.048868 -0.05924 0.016571 0.026186 0.15402 -0.030248 0.069444 -0.023802 0.052626 -0.019098 0.035587 0.093196 0.089772 0.060164 0.022423 -0.05651 -0.017533 -0.022615 -0.030448 0.057652 -0.13252 0.065811 -0.052227 -0.019328 -0.18517 -0.016977 0.030358 0.19052 -0.1187 0.026883 0.1098 0.0048107 -0.00095113
0.060688 0.073525 0.14879 0.11206 0.022315 0.021368 -0.008302 0 0.053981 0.042978 0.077603 0.13148 0.10807 0.014079 0.034775 0.0021204 0.10927 0.065989 -0.034613 0.092947 -0.057485 0.021291 0.0010743 -0.0099502 -0.043215 -0.024211 0.056823 0.017767 0.026628 0.0084415 0.065421 -0.057569 0.022815 0.046573 -0.026046 -0.080607 -0.073081 0.046274 0.024496 0.073034 0.015674 0.046367 0.12147 -0.0003646 0.016665 0.0068678 0.0072246 -0.001094 -0.0048676 0.00050184 0.048688 0.087486 -0.020522 0.076936 -0.0416 0.023387 -0.0028595 -0.0015023 -0.021499 0.0020536 0.067602 0.02961 0.03094 0.0025668 0.063952 -0.038649 0.010875 0.044838 7.821e-05 -0.084976 -0.014217 0.053241 0.014804 0.08035 0.033769 0.056052 0.10152 0.017307 0.035752 0.0044032 0.015819 0.053433 -0.019113 0.0011659 0.05924 0.089378
0.20596 0.21931 0.1417 0.14323 0.054304 0.085873 -0.0066234 0.053981 0 0.21859 0.22754 0.13152 0.13475 0.047941 0.071948 -0.018169 0.052974 0.19875 -0.042661 0.16186 0.0078386 0.060202 0.019183 0.0031963 0.031843 0.0075747 0.12603 0.021598 0.074968 0.087449 0.019671 -0.053292 0.065622 0.1205 0.037335 -0.05657 -0.012355 0.16475 0.098577 0.18875 0.075579 0.15009 0.13229 0.097772 0.077347 0.052101 0.0016653 0.11343 -0.03036 -0.019007 0.12414 0.18073 -0.030836 0.16862 0.045525 0.054436 0.026431 -0.015225 0.058961 0.016395 0.14532 0.014104 0.091668 0.077846 0.057783 -0.013093 0.034857 0.076881 0.082772 -0.029254 0.038023 0.17147 0.073923 0.183 0.068455 0.17007 0.13547 0.10521 0.12389 0.020371 0.0016811 0.14757 -0.034225 -0.004117 0.12381 0.17282
0.71956 0.35224 0.29389 0.265 0.097837 0.056637 -0.039983 0.042978 0.21859 0 0.32016 0.28547 0.22028 0.0984 0.046283 -0.05583 0.036384 0.23008 -0.051531 0.2279 0.27571 -0.0088469 0.047875 -0.074131 0.22796 0.24321 0.14322 -0.064272 0.20105 -0.0047814 -0.019739 0.058578 0.043975 0.19624 0.23405 0.10383 0.19316 0.11022 0.27176 0.30502 0.287 0.23048 0.077539 0.45983 0.28219 0.25179 -0.11982 0.40263 -0.015928 -0.0075875 0.035702 0.22346 -0.13231 0.16747 0.1396 -0.016958 0.025622 -0.095995 0.12712 0.12962 0.09855 -0.037107 0.098438 -0.011041 -0.024474 0.0087366 0.022398 0.1356 0.14296 0.041332 0.049336 0.12688 0.15568 0.25825 0.16954 0.14636 0.050857 0.23895 0.096936 0.089188 -0.10654 0.32799 -0.039353 -0.054911 0.051886 0.18577
0.41237 0.49282 0.27936 0.28486 0.099466 -0.0017547 -0.10336 0.077603 0.22754 0.32016 0 0.33009 0.3089 0.11155 -0.010696 -0.10939 0.097603 0.25199 -0.17957 0.28624 -0.014019 0.063967 0.01711 -0.072401 0.018175 -0.021463 0.14476 0.059493 0.12448 0.099932 -0.059584 -0.18473 0.012165 0.12297 0.030416 -0.13779 -0.059788 0.22962 0.056607 0.34496 0.070549 0.19449 0.18379 0.19205 0.082614 0.083412 -0.16147 0.21601 -0.086017 -0.077029 0.16512 0.27799 -0.13103 0.30126 0.14986 0.074 0.0079031 -0.10193 0.15001 -0.0023979 0.19564 0.033284 0.184 0.061592 -0.0052902 -0.064546 0.0036828 0.13338 0.23349 -0.0035635 0.14259 0.26858 0.040941 0.39414 0.10885 0.26222 0.20205 0.30321 0.26171 0.061804 -0.13496 0.30727 -0.040693 -0.099453 0.17222 0.30019
0.35687 0.27163 0.58304 0.38301 0.11554 0.023925 -0.043993 0.13148 0.13152 0.28547 0.33009 0 0.41018 0.084731 0.023391 -0.03457 0.14706 0.1556 -0.065392 0.21336 0.072897 -0.027831 -0.0043546 -0.057814 0.0053459 0.034181 0.081182 0.010026 0.18764 -0.0034978 -0.051038 -0.12804 -0.030754 0.041375 0.20043 -0.040822 0.11568 0.086542 0.012273 0.22984 0.072816 0.067807 0.16943 0.23008 0.12607 0.068837 -0.09303 0.19084 -0.082803 -0.067474 0.067913 0.19333 -0.022449 0.23853 0.18938 -0.052774 0.021693 -0.078962 0.088275 0.058241 0.086105 -0.012328 0.23803 -0.029742 -0.0022253 -0.048799 0.004931 0.04371 0.28297 0.054276 0.22678 0.096944 -0.039171 0.26715 0.083075 0.12002 0.18349 0.28304 0.23112 0.022041 -0.084779 0.24219 -0.056108 -0.05303 0.061953 0.218
0.29412 0.25996 0.38573 0.64668 0.1702 0.0015267 -0.027879 0.10807 0.13475 0.22028 0.3089 0.41018 0 0.14501 0.0049525 -0.009935 0.11784 0.15943 -0.050835 0.27807 -0.033669 0.032455 0.015336 -0.02721 -0.092008 -0.0037269 -0.0079494 0.044099 0.13841 0.03939 -0.07048 -0.16508 -0.024263 0.16856 0.14973 -0.10208 0.050836 0.1253 0.11926 0.2263 0.22699 0.019885 0.11162 0.14211 0.12565 0.10037 -0.043261 0.22866 -0.090134 -0.048557 0.12919 0.32292 0.013715 0.29448 0.034506 0.026072 0.013831 -0.028432 -0.034772 0.022673 0.0082393 0.037035 0.18928 0.022866 -0.038951 -0.11857 -0.0059894 0.16044 0.29043 -0.042174 0.18762 0.14333 0.1173 0.25866 0.28863 0.076852 0.1313 0.20224 0.19487 0.089692 -0.0062383 0.32203 -0.087636 -0.050486 0.13196 0.38121
0.11228 0.097245 0.068576 0.12541 0.046995 -0.016693 -0.024838 0.014079 0.047941 0.0984 0.11155 0.084731 0.14501 0 -0.0098332 -0.028932 0.0070683 0.092695 -0.021721 0.13205 -0.041012 0.015886 0.0083899 -0.022303 -0.028827 -0.021786 0.0093781 -0.011646 0.032133 0.015187 -0.032015 -0.057117 -0.0014573 0.060315 0.02262 -0.044532 -0.0084463 0.058983 0.064412 0.087589 0.068615 0.037022 0.054733 0.043405 0.048191 0.018509 -0.016053 0.081996 -0.038851 -0.013893 0.07394 0.12249 -0.012405 0.10582 0.0026549 0.01648 0.0035443 -0.025303 -0.0044711 -0.012956 0.025255 -0.0121 0.030469 0.019629 -0.011011 -0.031181 -0.007446 0.070486 0.078394 -0.032195 0.055586 0.071976 0.065173 0.090444 0.08685 0.046824 0.068712 0.064846 0.088339 0.0046432 -0.013403 0.11811 -0.029104 -0.02658 0.064739 0.13641
-0.0033401 -0.0023387 0.024983 0.0053023 -0.004337 0.43681 0.17036 0.034775 0.071948 0.046283 -0.010696 0.023391 0.0049525 -0.0098332 0 0.20936 0.043795 0.066939 0.047175 0.032474 0.1248 0.0791 0.11158 0.22823 0.22603 0.12239 0.32694 0.11806 0.088745 0.098958 0.31126 0.17373 0.2828 0.075747 -0.044982 -0.011366 -0.050129 0.064887 0.083417 0.076395 0.053864 0.26124 0.24464 -0.034662 0.16085 0.061794 0.2134 -0.088262 0.044256 0.13505 0.10008 0.079404 0.035452 0.039366 0.053096 0.066893 0.10433 0.22048 0.16042 0.12682 0.30958 0.1016 0.058885 0.091821 0.28164 0.16553 0.28194 0.062449 -0.088464 -0.043058 -0.070485 0.052035 0.1079 0.060867 0.047017 0.25181 0.18272 -0.067922 0.11238 0.052964 0.20708 -0.086728 0.036759 0.14346 0.098869 0.074665
-0.097365 -0.097434 -0.034859 -0.017356 -0.026256 0.16727 0.24842 0.0021204 -0.018169 -0.05583 -0.10939 -0.03457 -0.009935 -0.028932 0.20936 0 0.016885 -0.0079594 0.11019 -0.036773 0.035948 0.026144 0.073195 0.16758 0.041767 0.1113 -0.0027013 0.023451 0.016101 0.033436 0.13695 0.12247 0.096507 0.019492 0.001749 0.038101 0.039905 -0.048705 0.039782 -0.10801 0.06617 -0.028048 0.010156 -0.11618 0.038031 0.026964 0.20244 -0.068032 0.037611 0.10867 0.015915 0.025239 0.1023 -0.03853 -0.025549 0.015699 0.040219 0.17295 -0.0098017 0.10938 -0.020979 0.018322 -0.0019104 0.02832 0.10555 0.091048 0.10143 0.022525 -0.023923 -0.011243 0.011207 -0.059827 0.057975 -0.12641 0.073142 -0.046259 -0.022938 -0.14746 -0.010209 0.035095 0.21244 -0.084839 0.023925 0.13211 0.0050046 0.021788
0.043846 0.057588 0.12078 0.094351 0.023432 0.041911 -0.008581 0.10927 0.052974 0.036384 0.097603 0.14706 0.11784 0.0070683 0.043795 0.016885 0 0.068632 -0.026583 0.089579 -0.048387 0.027318 0.017255 -0.0055156 -0.014627 -0.037356 0.080549 0.030261 0.021069 0.029336 0.056729 -0.065564 0.012679 0.029823 -0.022214 -0.076932 -0.059571 0.047216 0.005619 0.06819 -0.0061239 0.072378 0.12322 -0.012262 0.02018 0.0022693 0.010062 -0.02859 -0.016372 -0.013825 0.044098 0.061306 -0.014451 0.076869 -0.035844 0.027657 0.0092926 0.015615 -0.017199 -0.016165 0.071183 0.024619 0.025764 0.019804 0.051525 -0.035818 0.02282 0.033388 -0.010821 -0.099615 -0.024849 0.051324 -0.0061593 0.074884 -0.0018314 0.073275 0.11742 0.017988 0.018627 0.0014916 0.020408 0.015069 -0.019855 -0.0026411 0.047743 0.070276
0.26034 0.21138 0.15466 0.15222 0.062639 0.070349 -0.031804 0.065989 0.19875 0.23008 0.25199 0.1556 0.15943 0.092695 0.066939 -0.0079594 0.068632 0 -0.055914 0.16416 0.03777 0.047227 0.040234 0.0096936 0.060606 0.031775 0.11887 0.021604 0.091476 0.084192 0.014887 -0.027791 0.070657 0.095256 0.028975 -0.048962 -0.0049687 0.15742 0.079652 0.18406 0.066846 0.15435 0.13312 0.11553 0.084875 0.060807 0.010606 0.13682 -0.03689 0.024939 0.16237 0.18996 -0.0063777 0.18117 0.098929 0.057649 0.02416 0.004961 0.10541 0.037801 0.1485 0.023574 0.11442 0.073487 0.064132 0.017376 0.055237 0.11205 0.11578 0.011392 0.081869 0.17545 0.073249 0.19992 0.085053 0.18838 0.1401 0.14782 0.16245 0.051449 0.020292 0.17098 -0.00054784 -0.0016008 0.13385 0.20976
-0.14077 -0.098973 -0.022111 -0.045391 -0.012195 0.063467 0.14511 -0.034613 -0.042661 -0.051531 -0.17957 -0.065392 -0.050835 -0.021721 0.047175 0.11019 -0.026583 -0.055914 0 -0.031994 0.23197 0.04464 0.040771 0.25443 0.18512 0.26531 -0.15707 0.073131 0.085027 0.074819 0.016945 0.56155 0.0012542 -0.007924 0.51183 0.21009 0.55207 -0.027155 0.069365 -0.091972 0.17578 -0.055954 -0.13895 0.02546 0.18896 0.08203 0.72428 0.25625 0.11887 0.15533 0.16796 0.13359 0.65144 -0.042476 0.052974 0.027725 0.020778 0.20388 0.023974 0.17483 -0.19295 0.079471 0.018448 0.068377 -0.059601 0.32667 0.020661 0.0086389 0.24226 0.1621 0.27335 -0.061135 0.11017 -0.15752 0.13165 -0.11993 -0.12136 -0.084636 0.036278 0.056447 0.6097 0.06412 0.063016 0.15722 0.16458 0.1009
0.23263 0.26063 0.20628 0.3035 0.10649 0.037683 -0.038365 0.092947 0.16186 0.2279 0.28624 0.21336 0.27807 0.13205 0.032474 -0.036773 0.089579 0.16416 -0.031994 0 -0.11025 0.17012 0.050497 0.016136 -0.11719 -0.026238 0.00056889 0.035585 0.20972 0.18852 -0.091738 -0.26936 0.0034402 0.38768 0.19657 -0.20417 0.0087232 0.28714 0.32137 0.41268 0.39747 0.085247 0.27009 0.25567 0.31821 0.25919 0.044805 0.36459 -0.131 -0.047514 0.28465 0.55652 0.035812 0.58062 -0.09664 0.1819 0.0093477 0.0017094 -0.10759 0.0016841 0.049934 0.040145 0.18047 0.16272 -0.039304 -0.23731 0.021253 0.36387 0.30016 -0.23732 0.11797 0.28804 0.27326 0.43601 0.39107 0.15561 0.27324 0.24245 0.28868 0.21 0.047747 0.45639 -0.15638 -0.08222 0.23603 0.54835
0.072129 0.049469 0.12822 -0.025889 0.0026229 0.14466 0.044791 -0.057485 0.0078386 0.27571 -0.014019 0.072897 -0.033669 -0.041012 0.1248 0.035948 -0.048387 0.03777 0.23197 -0.11025 0 -0.15429 0.068564 0.17668 0.71614 0.57111 0.19258 -0.079251 0.27304 -0.10614 0.1073 0.48096 0.15973 -0.082123 0.56011 0.46925 0.54135 -0.13571 -0.0077236 0.10297 0.1334 0.30755 -0.047291 0.70667 0.41386 0.36 0.064789 0.47024 0.046836 0.010604 -0.020405 -0.043167 0.026251 -0.11318 0.65709 -0.20338 0.056717 0.088376 0.52865 0.3031 0.05631 -0.043384 0.099383 -0.10197 0.047177 0.30712 0.11153 -0.071016 0.26113 0.36958 0.20153 -0.13879 0.0023524 -0.014069 0.044117 0.15478 -0.1208 0.29728 0.11321 0.14617 0.036589 0.095448 0.073217 0.015974 -0.0098249 -0.097143
-0.025545 0.081062 -0.00089841 0.034841 0.00025667 0.091659 0.02588 0.021291 0.060202 -0.0088469 0.063967 -0.027831 0.032455 0.015886 0.0791 0.026144 0.027318 0.047227 0.04464 0.17012 -0.15429 0 0.017577 0.32028 0.031536 -0.15104 0.11567 0.26458 0.034802 0.91717 0.003468 -0.15435 0.14638 0.35269 -0.065284 -0.18074 -0.13079 0.87236 0.31467 0.081134 0.29704 0.27039 0.061979 -0.02937 0.070528 0.63122 0.1863 0.022957 -0.037533 0.010294 0.20564 0.23905 0.10014 0.1577 -0.23937 0.97193 0.0032089 0.37362 -0.0695 -0.08606 0.15375 0.31833 -0.017666 0.9054 -0.020539 -0.18559 0.15766 0.33173 -0.081438 -0.2514 -0.13662 0.83313 0.36023 0.081093 0.31967 0.30648 0.074834 -0.082683 -0.0032789 0.58491 0.17608 0.071983 -0.078416 0.011571 0.17205 0.21721
0.022241 0.019416 0.011211 0.011869 0.0097031 0.13512 0.075439 0.0010743 0.019183 0.047875 0.01711 -0.0043546 0.015336 0.0083899 0.11158 0.073195 0.017255 0.040234 0.040771 0.050497 0.068564 0.017577 0 0.16211 0.11275 0.1393 0.06074 0.036081 0.10056 0.041352 0.092038 0.10927 0.10068 0.028496 0.064643 0.042729 0.068708 0.025362 0.045596 0.044839 0.053781 0.048247 0.060535 0.040838 0.071055 0.083456 0.10808 0.062772 0.033284 0.1065 0.05244 0.10188 0.020978 0.02439 0.039675 0.0053526 0.05279 0.12867 0.077275 0.11364 0.06223 0.025186 0.062958 0.040006 0.086234 0.076857 0.084598 0.0069992 0.054242 0.01878 0.046961 0.017361 0.035337 0.034925 0.043332 0.062791 0.035262 -0.0058606 0.049711 0.069526 0.079599 0.037664 0.018732 0.053122 0.032065 0.09126
-0.046674 -0.055295 -0.041279 -0.022905 -0.0133 0.22118 0.17671 -0.0099502 0.0031963 -0.074131 -0.072401 -0.057814 -0.02721 -0.022303 0.22823 0.16758 -0.0055156 0.0096936 0.25443 0.016136 0.17668 0.32028 0.16211 0 0.32864 0.34404 0.079451 0.53917 0.10248 0.50635 0.17484 0.20714 0.33474 0.0886 0.13133 0.050387 0.096942 0.27853 0.086548 -0.051385 0.13651 0.10902 0.037114 -0.018849 0.085598 0.4894 0.33812 0.011672 0.071297 0.15086 0.11377 0.13575 0.24737 0.039348 0.058768 0.29289 0.1054 0.80972 0.20488 0.35139 0.081149 0.49806 0.076855 0.50506 0.14001 0.19847 0.34549 0.099653 0.11652 -0.016771 0.13931 0.20704 0.13977 -0.038437 0.17354 0.1549 0.034862 -0.068812 0.05715 0.48883 0.27342 0.0030961 0.045456 0.13796 0.086669 0.10055
0.073744 0.067947 0.037116 -0.08541 -0.018177 0.24593 0.066217 -0.043215 0.031843 0.22796 0.018175 0.0053459 -0.092008 -0.028827 0.22603 0.041767 -0.014627 0.060606 0.18512 -0.11719 0.71614 0.031536 0.11275 0.32864 0 0.53026 0.54585 0.061955 0.17343 0.086456 0.31682 0.62285 0.41997 -0.040642 0.24686 0.35885 0.24677 -0.0045122 -0.064813 0.20569 -0.10496 0.69977 0.12429 0.52009 0.37958 0.3585 0.081802 0.24741 0.17897 0.11098 -0.0050602 -0.087921 0.033682 -0.12648 0.50473 -0.039124 0.067742 0.23027 0.75126 0.32084 0.4302 0.062758 0.048651 0.071716 0.27205 0.52496 0.33537 -0.044984 0.050688 0.24808 0.076676 -0.020046 -0.065212 0.066175 -0.13275 0.52729 0.04695 0.17141 0.18868 0.16275 0.051644 -0.0086767 0.21308 0.12878 0.0056157 -0.13506
0.14439 0.04281 0.056334 0.013523 0.0031381 0.12351 0.12627 -0.024211 0.0075747 0.24321 -0.021463 0.034181 -0.0037269 -0.021786 0.12239 0.1113 -0.037356 0.031775 0.26531 -0.026238 0.57111 -0.15104 0.1393 0.34404 0.53026 0 -0.0076211 0.06252 0.25115 -0.096378 0.071876 0.46932 0.11691 -0.051119 0.43509 0.41692 0.47014 -0.13627 -0.0013635 0.032581 0.12685 -0.02172 -0.080475 0.40627 0.22501 0.35271 0.16748 0.43968 0.035656 0.12229 -0.010148 0.08405 0.11862 -0.022381 0.34337 -0.18134 0.085579 0.23812 0.33408 0.56182 -0.10777 0.026347 0.14385 -0.09387 -0.0080558 0.31162 0.050365 -0.063469 0.25661 0.27201 0.30853 -0.15399 -0.018653 -0.010011 0.047288 -0.062694 -0.11327 0.13287 0.033164 0.22901 0.1167 0.19927 0.043922 0.087671 -0.0079299 0.02948
0.085551 0.1422 0.07999 0.0052046 -0.006681 0.34584 0.0056891 0.056823 0.12603 0.14322 0.14476 0.081182 -0.0079494 0.0093781 0.32694 -0.0027013 0.080549 0.11887 -0.15707 0.00056889 0.19258 0.11567 0.06074 0.079451 0.54585 -0.0076211 0 0.021639 0.042205 0.1118 0.511 0.23526 0.39933 0.076041 -0.22436 -0.036287 -0.23519 0.13936 0.047315 0.4005 -0.14565 0.81366 0.46756 0.074058 0.27809 -0.034768 0.0028046 -0.16799 0.14519 0.058441 0.11802 -0.039332 -0.14971 0.0021062 0.068907 0.076697 0.06008 0.0647 0.35442 -0.046603 0.77322 0.046136 -0.03167 0.098299 0.47726 0.23868 0.3181 0.055243 -0.3109 -0.10533 -0.2607 0.16361 0.055862 0.2682 -0.13897 0.71368 0.3427 -0.052801 0.20048 -0.11954 0.01901 -0.21435 0.12177 0.067134 0.094484 -0.064442
0.034088 0.069325 -0.0010014 0.022217 -0.010939 0.12279 0.064213 0.017767 0.021598 -0.064272 0.059493 0.010026 0.044099 -0.011646 0.11806 0.023451 0.030261 0.021604 0.073131 0.035585 -0.079251 0.26458 0.036081 0.53917 0.061955 0.06252 0.021639 0 0.046786 0.42889 0.093031 0.010931 0.056625 0.042463 -0.0089838 -0.021646 -0.0064933 0.34859 0.0049682 0.031559 0.062929 -0.020494 0.07244 -0.098597 -0.035879 0.3042 0.16726 -0.11365 0.0086916 0.049936 0.11912 0.11709 0.15014 0.073806 -0.049543 0.27025 0.02818 0.55771 0.023206 0.15798 0.028671 0.94783 0.080527 0.36483 0.071304 0.057883 0.084273 0.050822 0.096679 -0.023167 0.091939 0.34291 0.088686 0.045721 0.14218 0.029168 0.076206 -0.051249 0.0066681 0.36866 0.13939 0.023468 0.024659 0.044212 0.10005 0.12599
0.18112 0.14452 0.19415 0.15233 0.070296 0.086994 0.017485 0.026628 0.074968 0.20105 0.12448 0.18764 0.13841 0.032133 0.088745 0.016101 0.021069 0.091476 0.085027 0.20972 0.27304 0.034802 0.10056 0.10248 0.17343 0.25115 0.042205 0.046786 0 0.046705 0.059406 0.093886 0.056486 0.064836 0.42609 0.29731 0.46436 0.092651 0.035215 0.25721 0.1285 0.089305 0.20514 0.43032 0.29619 0.17773 0.076688 0.39263 -0.029046 0.054718 0.12805 0.32842 0.086641 0.20176 0.22439 0.018806 0.053968 0.064435 0.14618 0.16465 -0.0066758 0.046266 0.395 0.034222 0.051823 0.066955 0.014506 0.040609 0.36829 0.23422 0.42541 0.085206 0.036187 0.19478 0.10779 0.071593 0.15883 0.26147 0.2232 0.077564 0.066529 0.27473 0.0029631 0.00024608 0.11704 0.30965
-0.0046916 0.11772 0.017498 0.046006 0.0032082 0.11702 0.037945 0.0084415 0.087449 -0.0047814 0.099932 -0.0034978 0.03939 0.015187 0.098958 0.033436 0.029336 0.084192 0.074819 0.18852 -0.10614 0.91717 0.041352 0.50635 0.086456 -0.096378 0.1118 0.42889 0.046705 0 0.020968 -0.13758 0.21491 0.36059 -0.030209 -0.16517 -0.078557 0.91108 0.34232 0.098609 0.29707 0.23543 0.069505 -0.025278 0.060922 0.65172 0.21694 0.060768 -0.024654 0.0083118 0.27048 0.27822 0.10394 0.16906 -0.17194 0.90815 0.014407 0.52512 -0.0072822 -0.0087581 0.15456 0.46145 0.023163 0.92324 -0.0047021 -0.13987 0.22831 0.33181 0.00088955 -0.20822 -0.055198 0.87212 0.38281 0.11047 0.32685 0.29745 0.078336 -0.060131 0.017458 0.62523 0.19252 0.14309 -0.056235 -0.003401 0.23208 0.25711
-0.16013 -0.031063 -0.011404 -0.034055 -0.025574 0.30321 0.16058 0.065421 0.019671 -0.019739 -0.059584 -0.051038 -0.07048 -0.032015 0.31126 0.13695 0.056729 0.014887 0.016945 -0.091738 0.1073 0.003468 0.092038 0.17484 0.31682 0.071876 0.511 0.093031 0.059406 0.020968 0 0.37898 0.28155 -0.010712 -0.15657 0.080436 -0.086553 -0.013739 0.017998 -0.019237 -0.079706 0.40188 0.39805 -0.21844 0.27661 -0.10735 0.19494 -0.29892 0.27943 0.18365 0.031534 -0.082354 -0.042948 -0.11827 -0.14793 -0.01113 0.041148 0.17839 0.068969 0.012356 0.38207 0.11699 -0.088696 0.016407 0.56087 0.25113 0.22635 -0.015565 -0.34524 -0.090703 -0.25896 -0.027608 0.038462 -0.12161 -0.097617 0.22652 0.22952 -0.39016 0.050038 -0.12945 0.1585 -0.35689 0.20949 0.17226 0.027865 -0.1201
-0.11155 -0.10476 -0.067336 -0.15467 -0.03166 0.20797 0.16017 -0.057569 -0.053292 0.058578 -0.18473 -0.12804 -0.16508 -0.057117 0.17373 0.12247 -0.065564 -0.027791 0.56155 -0.26936 0.48096 -0.15435 0.10927 0.20714 0.62285 0.46932 0.23526 0.010931 0.093886 -0.13758 0.37898 0 0.15593 -0.20269 0.23161 0.57356 0.3858 -0.20917 -0.12135 -0.081054 -0.15027 0.26488 0.0073069 0.030033 0.37047 -0.12429 0.39047 0.11729 0.32655 0.28848 -0.076623 -0.1935 0.23563 -0.27782 0.19169 -0.20081 0.073667 0.14524 0.32326 0.2821 0.072368 0.025985 -0.045423 -0.12085 0.21258 0.74889 0.088866 -0.18777 -0.10341 0.3985 0.022427 -0.23219 -0.10098 -0.21613 -0.19551 0.010553 -0.093595 -0.23316 0.083054 -0.1563 0.27851 -0.20904 0.31746 0.27134 -0.059008 -0.21852
0.0095629 0.012183 -0.026566 -0.02468 -0.0099962 0.28099 0.073337 0.022815 0.065622 0.043975 0.012165 -0.030754 -0.024263 -0.0014573 0.2828 0.096507 0.012679 0.070657 0.0012542 0.0034402 0.15973 0.14638 0.10068 0.33474 0.41997 0.11691 0.39933 0.056625 0.056486 0.21491 0.28155 0.15593 0 0.099801 -0.048622 -0.019406 -0.073986 0.12839 0.056407 0.062764 -0.030803 0.45028 0.21512 0.054105 0.15217 0.13104 0.14555 -0.070633 0.06173 0.097075 0.091422 0.038838 0.03561 -0.0022037 0.11499 0.11397 0.068953 0.28897 0.31312 0.10674 0.39309 0.056598 0.015207 0.20993 0.28739 0.18971 0.44964 0.077304 -0.081642 -0.023864 -0.044414 0.10596 0.042489 0.042369 -0.027248 0.42238 0.15908 -0.012947 0.14 0.075732 0.13528 -0.08891 0.079414 0.10537 0.063418 -0.0022607
0.12765 0.17407 0.053553 0.20016 0.025471 0.072719 0.016834 0.046573 0.1205 0.19624 0.12297 0.041375 0.16856 0.060315 0.075747 0.019492 0.029823 0.095256 -0.007924 0.38768 -0.082123 0.35269 0.028496 0.0886 -0.040642 -0.051119 0.076041 0.042463 0.064836 0.36059 -0.010712 -0.20269 0.099801 0 0.12376 -0.20668 -0.012317 0.42175 0.53331 0.27252 0.59701 0.21183 0.098209 0.14561 0.31602 0.36467 0.16143 0.34182 -0.069472 -0.016497 0.36888 0.4813 0.032541 0.34183 -0.10275 0.33156 -0.0012705 0.078721 -0.069868 -0.053147 0.10591 0.03367 0.036102 0.32772 -0.019909 -0.20795 0.12987 0.775 0.17056 -0.22579 0.055497 0.39908 0.45941 0.32552 0.53858 0.2628 0.090106 0.12679 0.25403 0.29321 0.16234 0.40777 -0.10306 -0.037716 0.32298 0.45426
0.090585 0.11348 0.23721 0.18188 0.071885 -0.033212 0.020101 -0.026046 0.037335 0.23405 0.030416 0.20043 0.14973 0.02262 -0.044982 0.001749 -0.022214 0.028975 0.51183 0.19657 0.56011 -0.065284 0.064643 0.13133 0.24686 0.43509 -0.22436 -0.0089838 0.42609 -0.030209 -0.15657 0.23161 -0.048622 0.12376 0 0.39824 0.84255 0.0087018 0.091109 0.090014 0.37088 -0.086465 -0.11592 0.56467 0.4958 0.27926 0.2521 0.6627 -0.035378 0.011738 0.1195 0.36562 0.26921 0.18983 0.35044 -0.082957 0.020286 0.054067 0.12044 0.19574 -0.28865 -0.0067956 0.28659 -0.032044 -0.20149 0.048141 -0.054631 0.10983 0.6625 0.27326 0.59059 -0.0099593 0.084242 0.026477 0.29388 -0.14441 -0.11858 0.23205 0.24141 0.16075 0.18516 0.43145 -0.040839 -0.030444 0.12152 0.32312
-0.059525 -0.058759 -0.0024899 -0.083933 0.0064803 0.025025 0.073022 -0.080607 -0.05657 0.10383 -0.13779 -0.040822 -0.10208 -0.044532 -0.011366 0.038101 -0.076932 -0.048962 0.21009 -0.20417 0.46925 -0.18074 0.042729 0.050387 0.35885 0.41692 -0.036287 -0.021646 0.29731 -0.16517 0.080436 0.57356 -0.019406 -0.20668 0.39824 0 0.61029 -0.16809 -0.14752 -0.10474 -0.071063 -0.079098 -0.16058 0.22901 0.21422 -0.077885 0.022017 0.22392 0.15848 0.085525 -0.079726 -0.10353 -0.027825 -0.2106 0.19329 -0.19225 0.038064 0.0065677 0.10514 0.18174 -0.19858 -0.017563 0.11947 -0.15953 -0.031985 0.24771 -0.039024 -0.1854 0.096991 0.55026 0.22907 -0.17935 -0.11447 -0.20772 -0.10648 -0.27863 -0.23469 -0.11418 -0.10295 -0.14569 -0.017296 -0.047892 0.1173 0.065547 -0.064748 -0.11815
0.013798 0.013554 0.14346 0.067724 0.054803 -0.020597 0.06779 -0.073081 -0.012355 0.19316 -0.059788 0.11568 0.050836 -0.0084463 -0.050129 0.039905 -0.059571 -0.0049687 0.55207 0.0087232 0.54135 -0.13079 0.068708 0.096942 0.24677 0.47014 -0.23519 -0.0064933 0.46436 -0.078557 -0.086553 0.3858 -0.073986 -0.012317 0.84255 0.61029 0 -0.075999 -0.026333 -0.043045 0.24102 -0.2106 -0.19937 0.41682 0.34459 0.14228 0.23903 0.54703 0.052326 0.042381 0.01015 0.19532 0.2722 -0.02765 0.29955 -0.14074 0.044258 0.024439 0.021231 0.22411 -0.33155 0.00013294 0.2819 -0.087468 -0.16685 0.10951 -0.086353 -0.018135 0.49928 0.46984 0.59241 -0.091287 0.0054973 -0.12849 0.14373 -0.30894 -0.21997 0.074194 0.012901 0.042893 0.15919 0.22891 -0.016514 0.0011184 0.030493 0.16152
0.1067 0.225 0.089541 0.12785 0.047354 0.080473 -0.012728 0.046274 0.16475 0.11022 0.22962 0.086542 0.1253 0.058983 0.064887 -0.048705 0.047216 0.15742 -0.027155 0.28714 -0.13571 0.87236 0.025362 0.27853 -0.0045122 -0.13627 0.13936 0.34859 0.092651 0.91108 -0.013739 -0.20917 0.12839 0.42175 0.0087018 -0.16809 -0.075999 0 0.41975 0.22687 0.37565 0.27085 0.11469 0.022122 0.099662 0.56167 0.10677 0.14279 -0.063132 -0.028575 0.32216 0.36966 0.0077912 0.27429 -0.16499 0.83642 0.0059269 0.30177 -0.050822 -0.066859 0.18323 0.40403 0.078032 0.87021 -0.012628 -0.20226 0.13764 0.39527 0.048513 -0.18773 -0.029557 0.96436 0.45036 0.24581 0.40636 0.3219 0.134 0.023383 0.072937 0.52928 0.087937 0.26947 -0.074962 -0.053391 0.28948 0.36148
0.075149 0.13288 0.01467 0.19213 0.072927 0.090845 0.052594 0.024496 0.098577 0.27176 0.056607 0.012273 0.11926 0.064412 0.083417 0.039782 0.005619 0.079652 0.069365 0.32137 -0.0077236 0.31467 0.045596 0.086548 -0.064813 -0.0013635 0.047315 0.0049682 0.035215 0.34232 0.017998 -0.12135 0.056407 0.53331 0.091109 -0.14752 -0.026333 0.41975 0 0.10797 0.88045 0.10292 0.024495 0.074324 0.3167 0.42989 0.29953 0.41492 -0.021452 0.032025 0.49164 0.59758 0.05092 0.28215 -0.14559 0.2863 8.5637e-05 0.071402 -0.13495 -0.050281 0.031074 -0.0053443 -0.020271 0.3085 -0.018438 -0.19264 0.077027 0.48013 0.07562 -0.22458 -0.080509 0.38099 0.88778 0.14255 0.78041 0.11067 9.4459e-05 -0.025061 0.16474 0.33372 0.25728 0.40177 -0.10014 -0.019965 0.40643 0.49802
0.35969 0.33504 0.20629 0.21837 0.092541 0.095548 -0.11944 0.073034 0.18875 0.30502 0.34496 0.22984 0.2263 0.087589 0.076395 -0.10801 0.06819 0.18406 -0.091972 0.41268 0.10297 0.081134 0.044839 -0.051385 0.20569 0.032581 0.4005 0.031559 0.25721 0.098609 -0.019237 -0.081054 0.062764 0.27252 0.090014 -0.10474 -0.043045 0.22687 0.10797 0 0.092585 0.52631 0.35907 0.4304 0.28753 0.1623 -0.0821 0.3511 -0.073085 -0.052796 0.19823 0.34829 -0.059493 0.38506 0.16186 0.085179 0.043543 -0.062014 0.24865 0.058664 0.40558 0.034909 0.23998 0.059176 0.088583 0.010548 0.027679 0.22329 0.18371 -0.073166 0.10192 0.24579 0.085723 0.6871 0.11698 0.50712 0.33494 0.43573 0.33767 0.069571 -0.052722 0.36839 -0.080141 -0.083881 0.19095 0.36221
0.09525 0.12279 0.089152 0.28897 0.091993 0.049744 0.065092 0.015674 0.075579 0.287 0.070549 0.072816 0.22699 0.068615 0.053864 0.06617 -0.0061239 0.066846 0.17578 0.39747 0.1334 0.29704 0.053781 0.13651 -0.10496 0.12685 -0.14565 0.062929 0.1285 0.29707 -0.079706 -0.15027 -0.030803 0.59701 0.37088 -0.071063 0.24102 0.37565 0.88045 0.092585 0 -0.077865 -0.041441 0.17216 0.46842 0.51574 0.3009 0.56149 -0.063782 0.0019856 0.41967 0.63138 0.13715 0.35147 -0.047425 0.26678 -0.0014444 0.11053 -0.19448 0.014958 -0.15032 0.060576 0.074499 0.28025 -0.12725 -0.24398 0.02628 0.56494 0.32721 -0.18449 0.11396 0.34433 0.80906 0.13304 0.90785 -0.021232 -0.053386 0.054722 0.27299 0.44455 0.25495 0.50946 -0.12986 -0.04043 0.33633 0.55436
0.17881 0.19289 0.086057 0.035216 0.0071811 0.27496 -0.030902 0.046367 0.15009 0.23048 0.19449 0.067807 0.019885 0.037022 0.26124 -0.028048 0.072378 0.15435 -0.055954 0.085247 0.30755 0.27039 0.048247 0.10902 0.69977 -0.02172 0.81366 -0.020494 0.089305 0.23543 0.40188 0.26488 0.45028 0.21183 -0.086465 -0.079098 -0.2106 0.27085 0.10292 0.52631 -0.077865 0 0.43385 0.29583 0.38594 0.14841 0.036314 0.056632 0.13953 0.051985 0.12525 0.051238 -0.034744 0.072364 0.20085 0.22324 0.056548 0.095296 0.54055 -0.019447 0.77684 0.04474 -0.0029788 0.22069 0.40617 0.32724 0.36773 0.16355 -0.18869 -0.10549 -0.20739 0.27671 0.087828 0.40421 -0.072668 0.9183 0.356 0.14583 0.34735 0.0088222 0.061775 -0.015241 0.15549 0.078612 0.12831 0.021732
0.083501 0.15588 0.16696 0.12478 0.05356 0.23362 0.0028849 0.12147 0.13229 0.077539 0.18379 0.16943 0.11162 0.054733 0.24464 0.010156 0.12322 0.13312 -0.13895 0.27009 -0.047291 0.061979 0.060535 0.037114 0.12429 -0.080475 0.46756 0.07244 0.20514 0.069505 0.39805 0.0073069 0.21512 0.098209 -0.11592 -0.16058 -0.19937 0.11469 0.024495 0.35907 -0.041441 0.43385 0 0.035876 0.36143 -0.051408 0.035517 -0.074528 0.046167 0.047429 0.15403 0.17414 -0.089198 0.25942 -0.063017 0.050771 0.050285 0.029491 0.065832 -0.050208 0.43454 0.078475 0.14479 0.04921 0.42871 0.085336 0.15899 0.084122 -0.10585 -0.16641 -0.10665 0.11278 0.016336 0.30484 -0.022751 0.38161 0.57927 0.024434 0.33517 -0.09028 0.063846 -0.02965 0.036632 0.052632 0.13685 0.16684
0.36004 0.21581 0.25814 0.16521 0.07173 -0.0074782 -0.12574 -0.0003646 0.097772 0.45983 0.19205 0.23008 0.14211 0.043405 -0.034662 -0.11618 -0.012262 0.11553 0.02546 0.25567 0.70667 -0.02937 0.040838 -0.018849 0.52009 0.40627 0.074058 -0.098597 0.43032 -0.025278 -0.21844 0.030033 0.054105 0.14561 0.56467 0.22901 0.41682 0.022122 0.074324 0.4304 0.17216 0.29583 0.035876 0 0.45581 0.4125 -0.11947 0.67214 -0.11709 -0.097356 0.07748 0.25957 0.0012027 0.21956 0.54794 -0.049239 0.031604 -0.061745 0.43928 0.22212 0.020206 -0.081358 0.27492 -0.041797 -0.15729 0.055752 0.0078915 0.11778 0.44298 0.1977 0.30102 0.034808 0.021093 0.36256 0.12024 0.27027 0.021421 0.70489 0.26779 0.20812 -0.091227 0.45031 -0.084494 -0.13369 0.074091 0.20542
0.033819 0.16877 0.20455 0.16722 0.067252 0.17821 0.059122 0.016665 0.077347 0.28219 0.082614 0.12607 0.12565 0.048191 0.16085 0.038031 0.02018 0.084875 0.18896 0.31821 0.41386 0.070528 0.071055 0.085598 0.37958 0.22501 0.27809 -0.035879 0.29619 0.060922 0.27661 0.37047 0.15217 0.31602 0.4958 0.21422 0.34459 0.099662 0.3167 0.28753 0.46842 0.38594 0.36143 0.45581 0 0.26162 0.17006 0.47475 0.122 0.063472 0.18894 0.29396 0.024145 0.24314 0.11849 0.021322 0.044018 0.04411 0.071606 0.070471 0.1313 -0.0071437 0.058287 0.051117 0.14634 0.11991 0.12182 0.3082 0.16223 -0.033136 0.044199 0.077357 0.26558 0.15566 0.37485 0.16482 0.18843 0.034011 0.53205 0.12858 0.15829 0.1992 0.085893 0.049395 0.16997 0.23805
0.193 0.11696 0.055619 0.11466 0.010829 0.068413 0.024886 0.0068678 0.052101 0.25179 0.083412 0.068837 0.10037 0.018509 0.061794 0.026964 0.0022693 0.060807 0.08203 0.25919 0.36 0.63122 0.083456 0.4894 0.3585 0.35271 -0.034768 0.3042 0.17773 0.65172 -0.10735 -0.12429 0.13104 0.36467 0.27926 -0.077885 0.14228 0.56167 0.42989 0.1623 0.51574 0.14841 -0.051408 0.4125 0.26162 0 0.08153 0.51532 -0.063926 -0.019713 0.17758 0.36224 0.08353 0.24644 0.18988 0.594 0.040469 0.44808 0.21553 0.30278 0.017827 0.25471 0.11443 0.65046 -0.10203 -0.12937 0.14323 0.33475 0.30638 -0.11015 0.15564 0.5436 0.37132 0.19301 0.47164 0.25669 -0.029808 0.257 0.15822 0.93286 0.039359 0.45282 -0.07336 -0.04243 0.15463 0.31795
-0.16926 -0.1078 -0.066618 -0.019602 0.0085458 0.21662 0.23302 0.0072246 0.0016653 -0.11982 -0.16147 -0.09303 -0.043261 -0.016053 0.2134 0.20244 0.010062 0.010606 0.72428 0.044805 0.064789 0.1863 0.10808 0.33812 0.081802 0.16748 0.0028046 0.16726 0.076688 0.21694 0.19494 0.39047 0.14555 0.16143 0.2521 0.022017 0.23903 0.10677 0.29953 -0.0821 0.3009 0.036314 0.035517 -0.11947 0.17006 0.08153 0 0.10444 0.078151 0.22812 0.56363 0.3075 0.5876 0.044013 -0.069529 0.15218 0.073914 0.32035 -0.045902 0.085318 -0.041669 0.14666 0.023314 0.2008 0.12085 0.22281 0.15593 0.19248 0.11725 -0.040528 0.083488 0.043539 0.33295 -0.092874 0.29972 0.01644 0.040288 -0.18324 0.078946 0.10405 0.84751 0.052326 0.040776 0.20698 0.46116 0.25605
0.35522 0.23474 0.19502 0.25295 0.10801 -0.073762 -0.060546 -0.001094 0.11343 0.40263 0.21601 0.19084 0.22866 0.081996 -0.088262 -0.068032 -0.02859 0.13682 0.25625 0.36459 0.47024 0.022957 0.062772 0.011672 0.24741 0.43968 -0.16799 -0.11365 0.39263 0.060768 -0.29892 0.11729 -0.070633 0.34182 0.6627 0.22392 0.54703 0.14279 0.41492 0.3511 0.56149 0.056632 -0.074528 0.67214 0.47475 0.51532 0.10444 0 -0.082113 -0.044213 0.28412 0.5696 0.20011 0.35571 0.39465 0.014729 0.019699 -0.061978 0.28271 0.28545 -0.16564 -0.090135 0.31304 0.042208 -0.2736 0.10653 -0.063254 0.28608 0.6178 0.22117 0.49057 0.14051 0.30851 0.3237 0.47658 0.11572 -0.047337 0.50757 0.39283 0.36541 0.088387 0.82535 -0.06565 -0.083118 0.22247 0.508
-0.10228 -0.046445 -0.053198 -0.073308 -0.028279 0.057114 0.041459 -0.0048676 -0.03036 -0.015928 -0.086017 -0.082803 -0.090134 -0.038851 0.044256 0.037611 -0.016372 -0.03689 0.11887 -0.131 0.046836 -0.037533 0.033284 0.071297 0.17897 0.035656 0.14519 0.0086916 -0.029046 -0.024654 0.27943 0.32655 0.06173 -0.069472 -0.035378 0.15848 0.052326 -0.063132 -0.021452 -0.073085 -0.063782 0.13953 0.046167 -0.11709 0.122 -0.063926 0.078151 -0.082113 0 0.096422 -0.073117 -0.13155 0.033482 -0.14866 -0.092873 -0.033196 0.0076867 0.059368 0.00022778 0.013497 0.075195 0.022822 -0.095267 -0.022942 0.15676 0.20792 0.033387 -0.059546 -0.16682 0.062754 -0.1129 -0.057016 -0.0033516 -0.15808 -0.084081 0.011347 -0.0081377 -0.25657 -0.010663 -0.052886 0.058668 -0.19308 0.21261 0.090934 -0.041379 -0.14922
-0.0671 -0.056025 -0.048229 -0.02278 -0.020676 0.15099 0.13292 0.00050184 -0.019007 -0.0075875 -0.077029 -0.067474 -0.048557 -0.013893 0.13505 0.10867 -0.013825 0.024939 0.15533 -0.047514 0.010604 0.010294 0.1065 0.15086 0.11098 0.12229 0.058441 0.049936 0.054718 0.0083118 0.18365 0.28848 0.097075 -0.016497 0.011738 0.085525 0.042381 -0.028575 0.032025 -0.052796 0.0019856 0.051985 0.047429 -0.097356 0.063472 -0.019713 0.22812 -0.044213 0.096422 0 0.030088 0.019856 0.089327 -0.066017 -0.053644 0.00057779 0.038757 0.12336 0.023426 0.090977 0.039224 0.044544 -0.024181 0.022813 0.14041 0.21862 0.069622 -0.018019 -0.046525 0.030879 -0.021979 -0.039455 0.019979 -0.092857 -0.018425 0.014532 0.011982 -0.15195 0.034343 -0.021812 0.19347 -0.087197 0.10496 0.17186 0.013949 0.002625
0.032564 0.1697 0.075283 0.13942 0.0608 0.11651 0.018785 0.048688 0.12414 0.035702 0.16512 0.067913 0.12919 0.07394 0.10008 0.015915 0.044098 0.16237 0.16796 0.28465 -0.020405 0.20564 0.05244 0.11377 -0.0050602 -0.010148 0.11802 0.11912 0.12805 0.27048 0.031534 -0.076623 0.091422 0.36888 0.1195 -0.079726 0.01015 0.32216 0.49164 0.19823 0.41967 0.12525 0.15403 0.07748 0.18894 0.17758 0.56363 0.28412 -0.073117 0.030088 0 0.50375 0.23272 0.29423 -0.0038797 0.20424 0.041281 0.12495 0.010322 -0.015969 0.10237 0.10928 0.12882 0.24326 0.05147 -0.055135 0.10658 0.35772 0.18217 -0.084552 0.085578 0.29376 0.45885 0.2396 0.41515 0.1733 0.16308 0.075145 0.20047 0.16793 0.54072 0.35985 -0.046235 -0.0056374 0.65099 0.46254
0.22508 0.28829 0.1886 0.35306 0.14275 0.079085 0.030183 0.087486 0.18073 0.22346 0.27799 0.19333 0.32292 0.12249 0.079404 0.025239 0.061306 0.18996 0.13359 0.55652 -0.043167 0.23905 0.10188 0.13575 -0.087921 0.08405 -0.039332 0.11709 0.32842 0.27822 -0.082354 -0.1935 0.038838 0.4813 0.36562 -0.10353 0.19532 0.36966 0.59758 0.34829 0.63138 0.051238 0.17414 0.25957 0.29396 0.36224 0.3075 0.5696 -0.13155 0.019856 0.50375 0 0.17795 0.53373 -0.0045075 0.2321 0.055125 0.08864 -0.041615 0.060539 -0.0014051 0.11382 0.31839 0.24901 -0.05248 -0.14973 0.054135 0.45207 0.4863 -0.087815 0.32727 0.36072 0.52337 0.40044 0.60066 0.15888 0.19461 0.25825 0.32507 0.31163 0.28018 0.63945 -0.12796 -0.034757 0.41111 0.76677
-0.01836 -0.11238 -0.029876 -0.011472 -0.0049077 0.028115 0.090577 -0.020522 -0.030836 -0.13231 -0.13103 -0.022449 0.013715 -0.012405 0.035452 0.1023 -0.014451 -0.0063777 0.65144 0.035812 0.026251 0.10014 0.020978 0.24737 0.033682 0.11862 -0.14971 0.15014 0.086641 0.10394 -0.042948 0.23563 0.03561 0.032541 0.26921 -0.027825 0.2722 0.0077912 0.05092 -0.059493 0.13715 -0.034744 -0.089198 0.0012027 0.024145 0.08353 0.5876 0.20011 0.033482 0.089327 0.23272 0.17795 0 0.049997 0.17951 0.10444 0.036497 0.27393 0.16494 0.1988 -0.13943 0.10131 0.12375 0.09982 -0.031926 0.4104 0.045101 0.051414 0.41736 0.14768 0.4569 -0.024329 0.097633 -0.026043 0.1898 0.041065 -0.040237 0.045796 0.23194 0.084074 0.71016 0.21935 0.051218 0.16166 0.19774 0.17049
