0,0.331635624170303,0.265444308519363,0.278527230024338,0.086084321141243,-0.00720991846174002,-0.0888345614075661,0.0618355050683022,0.210397705435753,0.721531867980957,0.413396805524826,0.355236560106277,0.294194281101227,0.113845087587833,0.00210929452441633,-0.0965002924203873,0.0416527576744556,0.26364678144455,-0.151004508137703,0.229794010519981,0.0637207999825478,-0.0155846104025841,0.0224275812506676,-0.0464869998395443,0.061774730682373,0.13913981616497,0.0930479466915131,0.0361480563879013,0.183149233460426,0.0154614979401231,-0.159094780683517,-0.110774882137775,0.0168570000678301,0.12533101439476,0.095788337290287,-0.0668457224965096,0.0126990070566535,0.125474721193314,0.0692394003272057,0.356931418180466,0.0816260948777199,0.186540246009827,0.0866556689143181,0.357979863882065,0.0271244514733553,0.191794842481613,-0.175818040966988,0.348484337329865,-0.105252653360367,-0.0663208514451981,0.0348714552819729,0.230953350663185,-0.0392810590565205,0.276289135217667,0.427941203117371,-0.0124259358271956,0.0355957224965096,-0.0671054124832153,0.379010915756226,0.256972938776016,0.195551350712776,0.0100847231224179,0.326274693012238,-0.0192871168255806,-0.0319805517792702,0.132570371031761,0.0252229850739241,0.134036809206009,0.397126376628876,0.204054400324821,0.303009331226349,0.141777992248535,0.0727596580982208,0.445984780788422,0.184148371219635,0.322655647993088,0.172352448105812,0.59820431470871,0.401604980230331,0.213733702898026,-0.126904547214508,0.536860644817352,0.00330664310604334,-0.0828641951084137,0.0514026954770088,0.283037722110748
0.331635624170303,0,0.24855600297451,0.273529529571533,0.111516520380974,0.0147840874269605,-0.076084166765213,0.0696727111935616,0.218221008777618,0.346247583627701,0.484955340623856,0.263613909482956,0.258142679929733,0.0959927216172218,-0.00118838099297136,-0.0919710919260979,0.0550765283405781,0.207446947693825,-0.0987913757562637,0.258930176496506,0.0488777570426464,0.0898838341236115,0.0217199679464102,-0.0445889234542847,0.0666831284761429,0.0523304641246796,0.141893118619919,0.0815869569778442,0.144338369369507,0.131600737571716,-0.0302912835031748,-0.0996777415275574,0.016954280436039,0.173474192619324,0.117184862494469,-0.0647035986185074,0.0129887983202934,0.23076331615448,0.136522695422173,0.326313614845276,0.124736346304417,0.194427639245987,0.1570755392313,0.216231778264046,0.164132878184319,0.134393841028214,-0.10615823417902,0.237406268715858,-0.046966340392828,-0.0530306026339531,0.164988294243813,0.289971768856049,-0.113283067941666,0.252746045589447,0.0676524192094803,0.0881749242544174,0.0168031267821789,-0.06596589833498,0.0701694265007973,0.00717121362686157,0.130928620696068,0.0757989510893822,0.131819397211075,0.0897194966673851,-0.011863543651998,-0.0829412117600441,-0.0108460923656821,0.103587925434113,0.161547690629959,-0.0324027054011822,0.0767612904310226,0.262147426605225,0.0862468257546425,0.310105353593826,0.103586919605732,0.186714008450508,0.146952569484711,0.186484768986702,0.165904849767685,0.075580395758152,-0.112927429378033,0.229656144976616,-0.0484479516744614,-0.0685096979141235,0.150268748402596,0.264609843492508
0.265444308519363,0.24855600297451,0,0.388381510972977,0.103386364877224,0.0352775901556015,-0.0197605714201927,0.144521683454514,0.143996506929398,0.284190803766251,0.269629836082458,0.572913467884064,0.375149875879288,0.0678037703037262,0.0316896364092827,-0.0328962877392769,0.117139868438244,0.154924303293228,-0.0247780811041594,0.203022569417953,0.123506061732769,0.00670277513563633,0.0126719195395708,-0.0286526512354612,0.0395864509046078,0.0549282133579254,0.0831539481878281,0.0117146270349622,0.189918294548988,0.0332593470811844,-0.00402026670053601,-0.061839334666729,-0.0188199151307344,0.0591693967580795,0.232863575220108,-0.00532121770083904,0.14078426361084,0.0983993709087372,0.0160146299749613,0.19998836517334,0.0828002244234085,0.0919046401977539,0.171097919344902,0.252708166837692,0.204141363501549,0.0698868557810783,-0.063771091401577,0.188527852296829,-0.05101378262043,-0.0460148192942142,0.0730268731713295,0.189168512821198,-0.0239451006054878,0.177654206752777,0.117023415863514,-0.00977722927927971,0.0358991213142872,-0.0519442148506641,0.0377906002104282,0.033046867698431,0.0690679550170898,0.0159684848040342,0.165050238370895,0.00179198861587793,0.00367366871796548,-0.068511925637722,-0.00878424290567636,0.0298409555107355,0.201519101858139,-0.0177938472479582,0.141759604215622,0.106199532747269,-0.00552640436217189,0.198640987277031,0.0930872783064842,0.0819544494152069,0.122445188462734,0.174870610237122,0.164852052927017,0.0222404357045889,-0.0622502937912941,0.185790225863457,-0.0608475580811501,-0.0511056445538998,0.0824281573295593,0.177744388580322
0.278527230024338,0.273529529571533,0.388381510972977,0,0.195895537734032,0.0136852823197842,-0.0102151613682508,0.106183640658855,0.141106620430946,0.257058143615723,0.280818849802017,0.374170958995819,0.641073107719421,0.125082075595856,0.00675505585968494,-0.0182730089873075,0.0948474034667015,0.149074733257294,-0.0414970330893993,0.296679228544235,-0.0239732731133699,0.0408615469932556,0.0125474166125059,-0.0104774981737137,-0.0803309977054596,0.0206537488847971,0.0122224660590291,0.0348578803241253,0.146542310714722,0.0581360198557377,-0.0292285811156034,-0.146903693675995,-0.0162541102617979,0.195893436670303,0.180857390165329,-0.0885855033993721,0.0645792335271835,0.136887833476067,0.19603131711483,0.212655261158943,0.286743521690369,0.0431331805884838,0.128256559371948,0.161932811141014,0.17104783654213,0.124417819082737,-0.0122283371165395,0.25223097205162,-0.0678911954164505,-0.0179233234375715,0.138301759958267,0.352606296539307,-0.013247637078166,0.283410012722015,0.0237872079014778,0.0414017550647259,0.013740218244493,-0.0281573832035065,-0.0391839221119881,-0.00868798512965441,0.025942150503397,0.0376549810171127,0.15282566845417,0.0382305532693863,-0.0225929077714682,-0.124069012701511,0.0104158883914351,0.156087592244148,0.260907232761383,-0.057519007474184,0.15359391272068,0.153694838285446,0.131473511457443,0.250698775053024,0.271804690361023,0.0812118425965309,0.130753129720688,0.181853428483009,0.188346549868584,0.1034274995327,-0.0289865266531706,0.313060164451599,-0.0618646964430809,-0.0532413236796856,0.132745385169983,0.349830746650696
0.086084321141243,0.111516520380974,0.103386364877224,0.195895537734032,0,-0.00326229212805629,-0.0178606472909451,0.0195927917957306,0.0554370395839214,0.0966417714953423,0.102936744689941,0.113553032279015,0.169095322489738,0.04399299249053,-0.00342959864065051,-0.0269394777715206,0.0199479386210442,0.0607654042541981,-0.0137137901037931,0.105214647948742,0.00348928268067539,0.00201375922188163,0.0109102046117187,-0.00895199738442898,-0.0167595129460096,0.00573135958984494,-0.00452593434602022,-0.0100017730146646,0.0692451670765877,0.00731079047545791,-0.0273886322975159,-0.0306044518947601,-0.00790182873606682,0.024475047364831,0.0724302977323532,0.00455892691388726,0.0520842634141445,0.0502429381012917,0.0775158479809761,0.0931455120444298,0.0940612256526947,0.0121662132441998,0.0549745969474316,0.072002187371254,0.067651741206646,0.017946045845747,0.00955330021679401,0.110210634768009,-0.0279766097664833,-0.021129397675395,0.0633409693837166,0.143959686160088,-0.00555569818243384,0.11105964332819,-0.012879429385066,-0.00517322914674878,-0.013940024189651,-0.030387032777071,-0.0334036871790886,-0.00881075952202082,-0.00456486362963915,-0.0038618859834969,0.0638113096356392,-0.00580086652189493,-0.0202198587357998,-0.042940828949213,-0.0155537463724613,0.0287891291081905,0.0880619585514069,-0.0094120716676116,0.0642720907926559,0.0504792928695679,0.059778731316328,0.0786716863512993,0.0839162543416023,0.00154649617616087,0.0261416360735893,0.0452343821525574,0.0520867593586445,-0.00400843657553196,-0.00757514638826251,0.107699133455753,-0.0377708561718464,-0.0227985419332981,0.0469037480652332,0.129186868667603
-0.00720991846174002,0.0147840874269605,0.0352775901556015,0.0136852823197842,-0.00326229212805629,0,0.163212761282921,0.0219910610467196,0.0844624266028404,0.0610172748565674,0.000111566856503487,0.0257264655083418,0.00322492280974984,-0.0150474924594164,0.428914159536362,0.163543894886971,0.0406138300895691,0.0703437253832817,0.0645712688565254,0.04504169896245,0.140048250555992,0.0963153168559074,0.133305534720421,0.21736615896225,0.236391127109528,0.125405788421631,0.334909915924072,0.129437983036041,0.0867262184619904,0.121637038886547,0.296236157417297,0.205585107207298,0.268490552902222,0.0732371211051941,-0.0274244956672192,0.0242835804820061,-0.0167174134403467,0.0833018347620964,0.0896738022565842,0.100868888199329,0.0562892183661461,0.261939644813538,0.230046302080154,0.00117834785487503,0.174724668264389,0.0785810127854347,0.216600432991982,-0.0672646164894104,0.0564566552639008,0.149578660726547,0.113877490162849,0.080804668366909,0.0302493534982204,0.0269147288054228,-0.000906545436009765,0.0747446492314339,0.0876673683524132,0.209805756807327,0.119665250182152,0.0857795923948288,0.280981361865997,0.1337850689888,0.0134221203625202,0.109885811805725,0.272760003805161,0.130997538566589,0.230731189250946,0.0692631378769875,-0.110791653394699,-0.0525937154889107,-0.0883965343236923,0.0619673691689968,0.0940818786621094,0.039441641420126,0.049623429775238,0.213831663131714,0.155103445053101,-0.0922738239169121,0.0710396692156792,0.0449535213410854,0.184491470456123,-0.106574580073357,0.0503746680915356,0.1216189712286,0.098517470061779,0.0507792569696903
-0.0888345614075661,-0.076084166765213,-0.0197605714201927,-0.0102151613682508,-0.0178606472909451,0.163212761282921,0,-0.00865019671618938,-0.00767961703240871,-0.0375920347869396,-0.099777415394783,-0.0435672663152218,-0.0300117954611778,-0.0230806432664394,0.169748082756996,0.245448678731918,-0.00997144635766745,-0.0295678060501814,0.151986047625542,-0.0361442752182484,0.0499055460095406,0.027509031817317,0.0742430910468102,0.175493851304054,0.0627076700329781,0.128914818167686,-0.00187895598355681,0.0705019235610962,0.0205703694373369,0.0398567505180836,0.160815015435219,0.164682164788246,0.0667882263660431,0.0178410671651363,0.0268527138978243,0.0782673060894012,0.0755196958780289,-0.0118770357221365,0.0552027001976967,-0.118175521492958,0.0697381272912025,-0.0381849072873592,0.000737250666134059,-0.119236052036285,0.0601824894547462,0.0284888241440058,0.232390165328979,-0.0574731156229973,0.0446101613342762,0.131997436285019,0.0185035262256861,0.0313296280801296,0.0899738445878029,-0.0492467917501926,-0.0692791938781738,0.0189647916704416,0.029305336996913,0.152525767683983,-0.0429835580289364,0.0687055587768555,-0.0319625586271286,0.0600872747600079,-0.0248941034078598,0.0338814593851566,0.0860122218728065,0.0814955830574036,0.0534267835319042,0.0230903532356024,-0.0582708343863487,-0.020126910880208,-0.0250634793192148,-0.0304563660174608,0.0575774423778057,-0.136716395616531,0.0672398209571838,-0.0639332234859467,-0.0227303393185139,-0.1866784542799,-0.0285513699054718,0.0318031646311283,0.186600416898727,-0.123323880136013,0.0238273814320564,0.107162453234196,0.00521057052537799,-0.00467129377648234
0.0618355050683022,0.0696727111935616,0.144521683454514,0.106183640658855,0.0195927917957306,0.0219910610467196,-0.00865019671618938,0,0.0510740652680397,0.0391164347529411,0.0737982019782066,0.127007767558098,0.103199563920498,0.0151291117072105,0.0337832197546959,0.00144002854358405,0.109329730272293,0.0651279538869858,-0.0335251614451408,0.08917585760355,-0.0577945932745934,0.021679013967514,0.000375471048755571,-0.00680209510028362,-0.0419499091804028,-0.0201317444443703,0.0569865293800831,0.0197942070662975,0.0230720732361078,0.0118453716859221,0.0664413943886757,-0.0553241521120071,0.0235080495476723,0.0454420521855354,-0.0244101472198963,-0.0808571130037308,-0.0737351700663567,0.0473717339336872,0.0207399558275938,0.0695288255810738,0.0148478224873543,0.0475923903286457,0.119597621262074,-0.000408833817346022,0.0112593518570065,0.00828197039663792,0.00655245361849666,-0.00147867749910802,-0.00413285428658128,0.00115779554471374,0.0439323298633099,0.0866495668888092,-0.0198590848594904,0.0739064365625381,-0.0370301231741905,0.0252340193837881,-0.00372880091890693,0.00086838542483747,-0.01612832210958,0.00520005589351058,0.0706004425883293,0.0338229313492775,0.0325265675783157,0.00324268895201385,0.0643002018332481,-0.0371061563491821,0.0103348698467016,0.0431103147566319,0.00345347775146365,-0.0825695469975471,-0.0124167259782553,0.0537238009274006,0.0130105949938297,0.0791430622339249,0.0332407727837563,0.0613084696233273,0.101292856037617,0.0215248558670282,0.0343485362827778,0.00980116799473763,0.0139402113854885,0.0551575683057308,-0.0148059334605932,0.00156727212015539,0.0551195815205574,0.0883438736200333
0.210397705435753,0.218221008777618,0.143996506929398,0.141106620430946,0.0554370395839214,0.0844624266028404,-0.00767961703240871,0.0510740652680397,0,0.219941675662994,0.226404905319214,0.130477666854858,0.137555137276649,0.0460095629096031,0.0721238106489182,-0.0213215537369251,0.0501546151936054,0.195315256714821,-0.0445424802601337,0.162651866674423,0.00760911265388131,0.0673866644501686,0.0185240600258112,0.0100353732705116,0.0327589362859726,0.0139475213363767,0.128375679254532,0.024527246132493,0.077863022685051,0.0978271067142487,0.0204973891377449,-0.0490062162280083,0.0645921900868416,0.116907253861427,0.039638813585043,-0.0581709630787373,-0.0121865998953581,0.170705959200859,0.0920652151107788,0.189372777938843,0.0719388350844383,0.152345940470695,0.135400474071503,0.102616094052792,0.0770294144749641,0.0580890849232674,-0.000632954703178257,0.113206557929516,-0.0290618129074574,-0.0197062604129314,0.119804479181767,0.182931259274483,-0.0330797098577023,0.170764982700348,0.0470799654722214,0.0604714751243591,0.0296732895076275,-0.00637916382402182,0.0636577382683754,0.0239485930651426,0.144810512661934,0.0194321386516094,0.0925744846463203,0.0859188213944435,0.0585589595139027,-0.00838236603885889,0.0366039909422398,0.0707912743091583,0.0888302102684975,-0.0312543772161007,0.0415584780275822,0.176900655031204,0.0718051642179489,0.184897229075432,0.0676298141479492,0.174916237592697,0.136166751384735,0.10841941088438,0.124982565641403,0.0297329537570477,0.000412970752222463,0.151846244931221,-0.0353811606764793,-0.00233417609706521,0.119683876633644,0.174390122294426
0.721531867980957,0.346247583627701,0.284190803766251,0.257058143615723,0.0966417714953423,0.0610172748565674,-0.0375920347869396,0.0391164347529411,0.219941675662994,0,0.316861093044281,0.278650104999542,0.218215391039848,0.0980443805456161,0.0544599890708923,-0.0498518198728561,0.0338879898190498,0.230395957827568,-0.0630520656704903,0.228056967258453,0.264561533927917,0.00639591505751014,0.0499761663377285,-0.0669894218444824,0.222978293895721,0.234481275081635,0.147786647081375,-0.0526195727288723,0.20215567946434,0.0183319356292486,-0.0147864772006869,0.0631160587072372,0.0478026159107685,0.197331622242928,0.232369869947433,0.0973602011799812,0.193997949361801,0.128790080547333,0.266218423843384,0.303759306669235,0.275023519992828,0.239781558513641,0.0837208479642868,0.453795194625854,0.277356296777725,0.260352432727814,-0.125426724553108,0.390652030706406,-0.0183995198458433,-0.00181422650348395,0.0352774374186993,0.227833822369576,-0.14192134141922,0.171770080924034,0.133967310190201,-0.00194167031440884,0.0296210404485464,-0.076651006937027,0.127651184797287,0.138680130243301,0.103123478591442,-0.0224012956023216,0.103466309607029,0.00818436034023762,-0.0166623182594776,0.0168133322149515,0.0310964845120907,0.130353927612305,0.146127507090569,0.0365105792880058,0.0597272850573063,0.144384384155273,0.159146815538406,0.257538259029388,0.174134999513626,0.154650464653969,0.0525209307670593,0.229015946388245,0.102636888623238,0.106827899813652,-0.101750388741493,0.331296592950821,-0.0334592089056969,-0.05158431828022,0.056052315980196,0.193720370531082
0.413396805524826,0.484955340623856,0.269629836082458,0.280818849802017,0.102936744689941,0.000111566856503487,-0.099777415394783,0.0737982019782066,0.226404905319214,0.316861093044281,0,0.323229759931564,0.308082610368729,0.111239090561867,-0.00758796138688922,-0.107959575951099,0.0919556021690369,0.249618470668793,-0.182863280177116,0.287142753601074,-0.0151177411898971,0.0734761133790016,0.015411720611155,-0.0590484030544758,0.0152724161744118,-0.0124858254566789,0.144333451986313,0.0692257657647133,0.124528154730797,0.115023270249367,-0.0621092431247234,-0.182855814695358,0.0174365434795618,0.124926880002022,0.0356571152806282,-0.144057750701904,-0.0625938475131989,0.237405896186829,0.0594273842871189,0.339879870414734,0.0742669925093651,0.198794275522232,0.182603433728218,0.194001242518425,0.0759100019931793,0.100279174745083,-0.160166949033737,0.221075803041458,-0.0860365331172943,-0.0747064203023911,0.163634777069092,0.283504098653793,-0.135526090860367,0.301718145608902,0.158461406826973,0.0837170705199242,0.00875984132289886,-0.0867720916867256,0.157349854707718,0.0103213880211115,0.197754964232445,0.0453024841845036,0.190492868423462,0.0764084458351135,-0.00535218138247728,-0.0552676357328892,0.0125146210193634,0.131177589297295,0.244252100586891,-0.0033472185023129,0.153497204184532,0.27469190955162,0.0429646521806717,0.395802617073059,0.115626707673073,0.270154565572739,0.201405242085457,0.311694800853729,0.267643481492996,0.0833950638771057,-0.132819384336472,0.319129407405853,-0.0374411009252071,-0.0982687473297119,0.166067510843277,0.304614186286926
0.355236560106277,0.263613909482956,0.572913467884064,0.374170958995819,0.113553032279015,0.0257264655083418,-0.0435672663152218,0.127007767558098,0.130477666854858,0.278650104999542,0.323229759931564,0,0.401593387126923,0.085145391523838,0.0257984027266502,-0.033257257193327,0.143669039011002,0.154689908027649,-0.0697539299726486,0.207179740071297,0.0674671232700348,-0.0212530307471752,-0.00681210868060589,-0.0456752330064774,0.00738680502399802,0.0353052653372288,0.0840908363461494,0.023939460515976,0.18532982468605,0.0123411836102605,-0.0459497720003128,-0.1270362585783,-0.0229610931128263,0.0405497588217258,0.194843053817749,-0.045971192419529,0.109450206160545,0.0969391763210297,0.0101050240918994,0.22230376303196,0.0657782480120659,0.0720539763569832,0.171592816710472,0.227632686495781,0.121101334691048,0.0844581499695778,-0.0916697084903717,0.185026973485947,-0.0830948278307915,-0.0679820626974106,0.068300299346447,0.196143701672554,-0.0228442177176476,0.237199991941452,0.192080229520798,-0.0452372655272484,0.0220673158764839,-0.0638704150915146,0.096531055867672,0.066371813416481,0.0929281860589981,0.00459508271887898,0.237241327762604,-0.0181494001299143,0.00397959584370255,-0.0408631712198257,0.0124381743371487,0.0429673939943314,0.284656912088394,0.0537655428051949,0.230047464370728,0.105641737580299,-0.0391642302274704,0.267977476119995,0.0835203528404236,0.126302346587181,0.183352574706078,0.285619139671326,0.237320140004158,0.0463714711368084,-0.084361843764782,0.250676810741425,-0.0519706532359123,-0.0530755557119846,0.0603909306228161,0.219087287783623
0.294194281101227,0.258142679929733,0.375149875879288,0.641073107719421,0.169095322489738,0.00322492280974984,-0.0300117954611778,0.103199563920498,0.137555137276649,0.218215391039848,0.308082610368729,0.401593387126923,0,0.144173920154572,0.00880086235702038,-0.00959227792918682,0.115680038928986,0.15832307934761,-0.0492708906531334,0.270843356847763,-0.0303844884037971,0.03957574442029,0.0162630751729012,-0.0143184391781688,-0.086529515683651,0.00652864994481206,0.000684854458086193,0.0597120635211468,0.135426074266434,0.0551703684031963,-0.06790841370821,-0.158121034502983,-0.0177775248885155,0.165687665343285,0.151316404342651,-0.104640409350395,0.049477893859148,0.138296529650688,0.122480392456055,0.221854254603386,0.224742323160172,0.0265814866870642,0.112104445695877,0.13815276324749,0.130075752735138,0.111560180783272,-0.0382962226867676,0.231618121266365,-0.0845127254724503,-0.0455981977283955,0.130425199866295,0.32298868894577,0.00947493687272072,0.290364116430283,0.0391931980848312,0.0329014845192432,0.0169988181442022,-0.0135093191638589,-0.0277182906866074,0.0345170870423317,0.0148770278319716,0.0534458681941032,0.190040469169617,0.0349045395851135,-0.0367405563592911,-0.110212966799736,0.000195949338376522,0.156965360045433,0.293089091777802,-0.038272388279438,0.190070271492004,0.155701875686646,0.126741483807564,0.255253732204437,0.294358134269714,0.0813212171196938,0.130298182368279,0.205851867794991,0.201400145888329,0.107934899628162,-0.00144226744305342,0.329466372728348,-0.0831534788012505,-0.0443807430565357,0.130845963954926,0.381173610687256
0.113845087587833,0.0959927216172218,0.0678037703037262,0.125082075595856,0.04399299249053,-0.0150474924594164,-0.0230806432664394,0.0151291117072105,0.0460095629096031,0.0980443805456161,0.111239090561867,0.085145391523838,0.144173920154572,0,-0.00760941347107291,-0.0273003783077002,0.00645241513848305,0.0929629132151604,-0.0235229954123497,0.130666062235832,-0.0401484221220016,0.0172261893749237,0.0118741691112518,-0.0188754871487617,-0.0271014310419559,-0.0177784785628319,0.0146672548726201,-0.0100021716207266,0.0321212373673916,0.01988728903234,-0.0292405635118484,-0.0558684654533863,0.0002764742821455,0.0601297840476036,0.0260478742420673,-0.0432492084801197,-0.00774193648248911,0.0615805089473724,0.0653398409485817,0.0882222205400467,0.0696581229567528,0.0398114249110222,0.0565498508512974,0.0429084859788418,0.0517789348959923,0.0187642481178045,-0.0138564193621278,0.0819167345762253,-0.0387529507279396,-0.0119013404473662,0.0753383859992027,0.122812576591969,-0.0166724249720573,0.105405412614346,0.00512766698375344,0.0167623162269592,0.00463221780955791,-0.0197754185646772,-0.00252822577022016,-0.00887673441320658,0.0287805795669556,-0.0115769635885954,0.0322938375174999,0.0210798066109419,-0.00827981438487768,-0.0286062993109226,-0.00490474700927734,0.0695293247699738,0.0778451561927795,-0.0313876122236252,0.0574585236608982,0.0736881271004677,0.0703737139701843,0.0908974930644035,0.0889370888471603,0.0509039387106895,0.07013039290905,0.0675815492868423,0.093889132142067,0.00776928476989269,-0.0122955981642008,0.12093373388052,-0.0259497985243797,-0.0252642761915922,0.0631956830620766,0.135119408369064
0.00210929452441633,-0.00118838099297136,0.0316896364092827,0.00675505585968494,-0.00342959864065051,0.428914159536362,0.169748082756996,0.0337832197546959,0.0721238106489182,0.0544599890708923,-0.00758796138688922,0.0257984027266502,0.00880086235702038,-0.00760941347107291,0,0.207500144839287,0.0392092727124691,0.0705947354435921,0.049873810261488,0.0405103974044323,0.129483982920647,0.0833758935332298,0.107139870524406,0.225791171193123,0.221768260002136,0.127384796738625,0.319074779748917,0.124670848250389,0.0900251343846321,0.101727955043316,0.30163249373436,0.172674536705017,0.26759672164917,0.0731862187385559,-0.0313404686748981,-0.00854408834129572,-0.0393574647605419,0.0666798800230026,0.0737548470497131,0.0862324610352516,0.0559299662709236,0.250509321689606,0.238910630345345,-0.0170792359858751,0.159094974398613,0.0733459442853928,0.213672310113907,-0.0808867365121841,0.0447110943496227,0.132098749279976,0.0965488106012344,0.0800818726420403,0.0385802574455738,0.0426207147538662,0.0506315752863884,0.0708940848708153,0.101961724460125,0.222600013017654,0.154270127415657,0.130032613873482,0.297281533479691,0.113188870251179,0.054643590003252,0.0951880663633347,0.265511393547058,0.154164344072342,0.274024724960327,0.0638723000884056,-0.0802002996206284,-0.0467168129980564,-0.0661830827593803,0.0561545006930828,0.100606352090836,0.0654320791363716,0.0489246621727943,0.239092350006104,0.17502735555172,-0.0646931678056717,0.0961032435297966,0.0668042153120041,0.205227449536324,-0.0834522917866707,0.0311389043927193,0.13974741101265,0.10072448849678,0.0755110383033752
-0.0965002924203873,-0.0919710919260979,-0.0328962877392769,-0.0182730089873075,-0.0269394777715206,0.163543894886971,0.245448678731918,0.00144002854358405,-0.0213215537369251,-0.0498518198728561,-0.107959575951099,-0.033257257193327,-0.00959227792918682,-0.0273003783077002,0.207500144839287,0,0.0143295833840966,-0.0046877833083272,0.114135608077049,-0.033804539591074,0.0468857139348984,0.0244420077651739,0.0734274834394455,0.165518671274185,0.0444858409464359,0.118102967739105,-0.0090105626732111,0.0257042068988085,0.019524808973074,0.0303036067634821,0.133942350745201,0.126093417406082,0.0894394740462303,0.0185949336737394,0.0104930028319359,0.0480573065578938,0.0525633618235588,-0.0514892712235451,0.0385441146790981,-0.105585418641567,0.0685587227344513,-0.0314126051962376,0.0061380323022604,-0.103707917034626,0.0446886904537678,0.0292087756097317,0.199576944112778,-0.0635496973991394,0.0429061278700829,0.106661081314087,0.0130902361124754,0.0258748363703489,0.0989952757954597,-0.0380749516189098,-0.0287592131644487,0.0142660299316049,0.0409157872200012,0.174377709627151,-0.016105130314827,0.115590207278728,-0.0302886478602886,0.023710660636425,-0.00174479384440929,0.0257044546306133,0.0964532941579819,0.0866435170173645,0.0960827618837357,0.0232042241841555,-0.0224647931754589,-0.00809703022241592,0.0113332653418183,-0.0607167333364487,0.0568777471780777,-0.126787111163139,0.0716723427176476,-0.0548438280820847,-0.0263852346688509,-0.143911004066467,-0.0181523989886045,0.035963449627161,0.206208541989326,-0.0895452946424484,0.022939769551158,0.129319429397583,0.00485962862148881,0.0207847580313683
0.0416527576744556,0.0550765283405781,0.117139868438244,0.0948474034667015,0.0199479386210442,0.0406138300895691,-0.00997144635766745,0.109329730272293,0.0501546151936054,0.0338879898190498,0.0919556021690369,0.143669039011002,0.115680038928986,0.00645241513848305,0.0392092727124691,0.0143295833840966,0,0.0672367587685585,-0.020855400711298,0.0873571634292603,-0.0486856028437614,0.0279306191951036,0.0171511508524418,-0.00274165952578187,-0.0170423984527588,-0.0327788628637791,0.0796769484877586,0.0344880186021328,0.0162152927368879,0.0308137685060501,0.0555248856544495,-0.0656575486063957,0.0102300411090255,0.0294022057205439,-0.0199973005801439,-0.0792857110500336,-0.0609766282141209,0.0464293248951435,0.00426305597648025,0.065404400229454,-0.00539676332846284,0.0736144483089447,0.123636566102505,-0.0119064776226878,0.0195297282189131,0.000324660446494818,0.0144129944965243,-0.0293386932462454,-0.0135935442522168,-0.0138180647045374,0.0426684133708477,0.0628745779395103,-0.0110540604218841,0.0758967474102974,-0.0357444658875465,0.0269528497010469,0.00809030886739492,0.0183596685528755,-0.017987048253417,-0.0128829963505268,0.070307232439518,0.0297398287802935,0.0242946557700634,0.0203367527574301,0.0488820895552635,-0.0335759483277798,0.0227797422558069,0.0337693504989147,-0.00919416360557079,-0.101190887391567,-0.0251630805432796,0.0492584556341171,-0.00487640360370278,0.0714787542819977,8.06301832199097e-05,0.0733018815517426,0.114992558956146,0.0187619589269161,0.0193407237529755,0.002076156437397,0.023415869101882,0.0171747673302889,-0.0180254280567169,-0.00284941005520523,0.0457912869751453,0.0701750367879868
0.26364678144455,0.207446947693825,0.154924303293228,0.149074733257294,0.0607654042541981,0.0703437253832817,-0.0295678060501814,0.0651279538869858,0.195315256714821,0.230395957827568,0.249618470668793,0.154689908027649,0.15832307934761,0.0929629132151604,0.0705947354435921,-0.0046877833083272,0.0672367587685585,0,-0.0595566220581532,0.164758637547493,0.0365578122437,0.0540137328207493,0.0439707189798355,0.0144321089610457,0.0596344918012619,0.033854927867651,0.122294411063194,0.0245594829320908,0.0916918963193893,0.0934187918901443,0.0160946827381849,-0.0245484486222267,0.0733051598072052,0.093855120241642,0.0310112796723843,-0.052448745816946,-0.00543466070666909,0.164837807416916,0.0793109089136124,0.186322286725044,0.0680646896362305,0.157841265201569,0.136411026120186,0.115039356052876,0.0824910998344421,0.0647112727165222,0.0124720372259617,0.134619995951653,-0.0357157364487648,0.0275747925043106,0.167484447360039,0.193346261978149,-0.00688383635133505,0.183129996061325,0.102842666208744,0.0644670650362968,0.0280703119933605,0.0153593821451068,0.109622530639172,0.0449388548731804,0.149381741881371,0.0276645626872778,0.118177101016045,0.082997165620327,0.0667439997196198,0.0230471584945917,0.0589661039412022,0.110173903405666,0.121797502040863,0.0146883772686124,0.0872694849967957,0.181961253285408,0.0755677670240402,0.202967047691345,0.0891719162464142,0.193868771195412,0.140719190239906,0.152289971709251,0.165207251906395,0.0602010861039162,0.0217812247574329,0.17515155673027,0.000326064415276051,0.00360824470408261,0.133107915520668,0.215135455131531
-0.151004508137703,-0.0987913757562637,-0.0247780811041594,-0.0414970330893993,-0.0137137901037931,0.0645712688565254,0.151986047625542,-0.0335251614451408,-0.0445424802601337,-0.0630520656704903,-0.182863280177116,-0.0697539299726486,-0.0492708906531334,-0.0235229954123497,0.049873810261488,0.114135608077049,-0.020855400711298,-0.0595566220581532,0,-0.024753175675869,0.240886181592941,0.0396438464522362,0.0440595895051956,0.251764208078384,0.190582618117332,0.262311816215515,-0.171833693981171,0.0832786485552788,0.085966132581234,0.07053042948246,0.00689151603728533,0.552758991718292,-0.00455927243456244,0.00123295129742473,0.498640477657318,0.227739706635475,0.548267364501953,-0.0373032540082932,0.0769756436347961,-0.0838352218270302,0.177607506513596,-0.0724274441599846,-0.137176141142845,0.0355198308825493,0.191347643733025,0.0922222658991814,0.717178821563721,0.267208606004715,0.106387302279472,0.153610959649086,0.16831548511982,0.140562266111374,0.644645035266876,-0.0378031358122826,0.0354714058339596,0.0226848516613245,0.0215917248278856,0.207994043827057,0.00834297761321068,0.182585671544075,-0.210489168763161,0.0846608132123947,0.0106868864968419,0.0624043866991997,-0.0687612071633339,0.300945311784744,0.0189606696367264,0.0187853667885065,0.232413396239281,0.149600729346275,0.261827141046524,-0.0672357529401779,0.114097855985165,-0.152195334434509,0.133041128516197,-0.148679465055466,-0.12017248570919,-0.0865439251065254,0.0196418799459934,0.0600526742637157,0.598416447639465,0.0681715533137321,0.0449887253344059,0.157309010624886,0.171786829829216,0.102852798998356
0.229794010519981,0.258930176496506,0.203022569417953,0.296679228544235,0.105214647948742,0.04504169896245,-0.0361442752182484,0.08917585760355,0.162651866674423,0.228056967258453,0.287142753601074,0.207179740071297,0.270843356847763,0.130666062235832,0.0405103974044323,-0.033804539591074,0.0873571634292603,0.164758637547493,-0.024753175675869,0,-0.108325347304344,0.179469734430313,0.0544786863029003,0.0326149240136147,-0.10708162933588,-0.00571443373337388,0.0143380090594292,0.0421115420758724,0.207384824752808,0.202255517244339,-0.0922380462288857,-0.257790923118591,0.0120029542595148,0.394418954849243,0.203527703881264,-0.21442523598671,0.0135337086394429,0.292302638292313,0.334029227495193,0.412795752286911,0.403259873390198,0.102912746369839,0.272511959075928,0.258887618780136,0.329477697610855,0.275036245584488,0.0621647424995899,0.372872203588486,-0.124430671334267,-0.0403025895357132,0.289638966321945,0.566060185432434,0.0248346775770187,0.583104968070984,-0.0949105843901634,0.191221952438354,0.0125877354294062,0.0204891618341208,-0.105050899088383,0.0134766176342964,0.0601334348320961,0.0485766045749187,0.182495787739754,0.175150528550148,-0.0404564030468464,-0.229603543877602,0.0311955101788044,0.369872242212296,0.29981604218483,-0.236657708883286,0.116085886955261,0.290435492992401,0.291436374187469,0.440271019935608,0.401981234550476,0.172270402312279,0.270078659057617,0.24304224550724,0.294904947280884,0.227985337376595,0.0599200986325741,0.46754378080368,-0.153085246682167,-0.0742918401956558,0.240705877542496,0.55524617433548
0.0637207999825478,0.0488777570426464,0.123506061732769,-0.0239732731133699,0.00348928268067539,0.140048250555992,0.0499055460095406,-0.0577945932745934,0.00760911265388131,0.264561533927917,-0.0151177411898971,0.0674671232700348,-0.0303844884037971,-0.0401484221220016,0.129483982920647,0.0468857139348984,-0.0486856028437614,0.0365578122437,0.240886181592941,-0.108325347304344,0,-0.140580326318741,0.0683854594826698,0.181598663330078,0.724904179573059,0.559905171394348,0.190503686666489,-0.0704829767346382,0.277931869029999,-0.087303638458252,0.110525004565716,0.488114267587662,0.162554174661636,-0.0770673006772995,0.56375652551651,0.469573736190796,0.557238280773163,-0.126423880457878,-0.0093919625505805,0.10287319868803,0.122905358672142,0.313780397176743,-0.0444411337375641,0.70404064655304,0.420000821352005,0.396221190690994,0.0624012015759945,0.469337314367294,0.0261091981083155,0.0108079770579934,-0.0165843609720469,-0.0429637581110001,0.0511046350002289,-0.112034760415554,0.646800816059113,-0.192596361041069,0.0632493942975998,0.108873963356018,0.53019392490387,0.31169381737709,0.0603644959628582,-0.0321569703519344,0.0934958681464195,-0.0837101191282272,0.0537657216191292,0.317987054586411,0.121786929666996,-0.0690948590636253,0.262684017419815,0.364298731088638,0.225207194685936,-0.128684014081955,0.000451039493782446,-0.0207523852586746,0.0528952181339264,0.152630388736725,-0.119949668645859,0.265876471996307,0.104938387870789,0.17820930480957,0.0522680580615997,0.0974566265940666,0.0776976868510246,0.0233684070408344,-0.00399578874930739,-0.100093096494675
-0.0155846104025841,0.0898838341236115,0.00670277513563633,0.0408615469932556,0.00201375922188163,0.0963153168559074,0.027509031817317,0.021679013967514,0.0673866644501686,0.00639591505751014,0.0734761133790016,-0.0212530307471752,0.03957574442029,0.0172261893749237,0.0833758935332298,0.0244420077651739,0.0279306191951036,0.0540137328207493,0.0396438464522362,0.179469734430313,-0.140580326318741,0,0.0193024184554815,0.333603084087372,0.0432295836508274,-0.132206186652184,0.127551212906837,0.256813555955887,0.038974829018116,0.919617533683777,0.00818046275526285,-0.14988087117672,0.146333411335945,0.354587227106094,-0.0673384815454483,-0.188153326511383,-0.140190422534943,0.878553152084351,0.301209211349487,0.0971779972314835,0.291860997676849,0.280795246362686,0.0723620802164078,-0.0185943525284529,0.0813281834125519,0.643677473068237,0.186991944909096,0.0296278968453407,-0.0320202894508839,0.0165607873350382,0.201090723276138,0.242231458425522,0.0741913244128227,0.170608162879944,-0.22526590526104,0.973188519477844,0.0062924362719059,0.381125718355179,-0.061695396900177,-0.0731143727898598,0.162164479494095,0.324193388223648,0.000166909070685506,0.910405516624451,-0.0125255743041635,-0.183398336172104,0.16021341085434,0.329668402671814,-0.0832884684205055,-0.253135502338409,-0.142524138092995,0.839032173156738,0.350122392177582,0.0964505150914192,0.310100615024567,0.323265492916107,0.0875879526138306,-0.0653119385242462,0.00724763190373778,0.590614557266235,0.165931195020676,0.0759073719382286,-0.0729798078536987,0.018274424597621,0.167510166764259,0.222021400928497
0.0224275812506676,0.0217199679464102,0.0126719195395708,0.0125474166125059,0.0109102046117187,0.133305534720421,0.0742430910468102,0.000375471048755571,0.0185240600258112,0.0499761663377285,0.015411720611155,-0.00681210868060589,0.0162630751729012,0.0118741691112518,0.107139870524406,0.0734274834394455,0.0171511508524418,0.0439707189798355,0.0440595895051956,0.0544786863029003,0.0683854594826698,0.0193024184554815,0,0.160926967859268,0.110755763947964,0.143276140093803,0.0586923472583294,0.0383565649390221,0.0964774563908577,0.0438582822680473,0.092066153883934,0.106860652565956,0.096720851957798,0.0333754606544971,0.0682125613093376,0.0409652478992939,0.0715106651186943,0.0267412830144167,0.0465253852307796,0.0445705205202103,0.0566318966448307,0.0456727333366871,0.0601284317672253,0.0439141541719437,0.0709048733115196,0.0914890542626381,0.108442425727844,0.0652752742171288,0.0318827852606773,0.104052782058716,0.0509738698601723,0.101667433977127,0.0185067821294069,0.0251237563788891,0.0346354804933071,0.00949146971106529,0.0551193170249462,0.131196275353432,0.0726581588387489,0.115139797329903,0.0576029643416405,0.0305215176194906,0.0601792298257351,0.0420945920050144,0.0820127353072166,0.0717368200421333,0.0833373442292213,0.0102814296260476,0.0536414869129658,0.0134853208437562,0.0469014942646027,0.018456818535924,0.0374989584088326,0.0346269756555557,0.0491975694894791,0.0582093223929405,0.0332579091191292,-0.0063461335375905,0.0454521328210831,0.075946144759655,0.0793675184249878,0.0385754778981209,0.016899174079299,0.0522015206515789,0.0304880160838366,0.0908840075135231
-0.0464869998395443,-0.0445889234542847,-0.0286526512354612,-0.0104774981737137,-0.00895199738442898,0.21736615896225,0.175493851304054,-0.00680209510028362,0.0100353732705116,-0.0669894218444824,-0.0590484030544758,-0.0456752330064774,-0.0143184391781688,-0.0188754871487617,0.225791171193123,0.165518671274185,-0.00274165952578187,0.0144321089610457,0.251764208078384,0.0326149240136147,0.181598663330078,0.333603084087372,0.160926967859268,0,0.307554304599762,0.349697232246399,0.0739218145608902,0.54310142993927,0.107654668390751,0.517199099063873,0.167109116911888,0.199910148978233,0.319105088710785,0.108344793319702,0.134857833385468,0.0415760613977909,0.0974833592772484,0.291663974523544,0.0932390764355659,-0.037056777626276,0.147658094763756,0.105761252343655,0.04428830742836,-0.00801148451864719,0.0993536412715912,0.509255707263947,0.335630357265472,0.0199582036584616,0.0644052401185036,0.150794759392738,0.118917167186737,0.143587872385979,0.231367617845535,0.0502272434532642,0.0505798123776913,0.302926361560822,0.10835275799036,0.803401231765747,0.182237669825554,0.348934441804886,0.0761291831731796,0.502673208713531,0.0785126090049744,0.510619163513184,0.13283184170723,0.180991768836975,0.340111345052719,0.11789258569479,0.118465177714825,-0.0267464518547058,0.136518388986588,0.219190388917923,0.144556924700737,-0.0267823562026024,0.184438124299049,0.151071310043335,0.0428270697593689,-0.0649374723434448,0.0563871450722218,0.507302284240723,0.266097694635391,0.00938838720321655,0.0381512232124805,0.136214256286621,0.0925122573971748,0.106003373861313
