0 0.33164 0.26544 0.27853 0.086084 -0.0072099 -0.088835 0.061836 0.2104 0.72153 0.4134 0.35524 0.29419 0.11385 0.0021093 -0.0965 0.041653 0.26365 -0.151 0.22979 0.063721 -0.015585 0.022428 -0.046487 0.061775 0.13914 0.093048 0.036148 0.18315 0.015461 -0.15909 -0.11077 0.016857 0.12533 0.095788 -0.066846 0.012699 0.12547 0.069239 0.35693 0.081626 0.18654 0.086656 0.35798 0.027124 0.19179 -0.17582 0.34848 -0.10525 -0.066321 0.034871 0.23095 -0.039281 0.27629 0.42794 -0.012426 0.035596 -0.067105 0.37901 0.25697 0.19555 0.010085 0.32627 -0.019287 -0.031981 0.13257 0.025223 0.13404 0.39713 0.20405 0.30301 0.14178 0.07276 0.44598 0.18415 0.32266 0.17235 0.5982 0.4016 0.21373 -0.1269 0.53686 0.0033066 -0.082864 0.051403 0.28304
0.33164 0 0.24856 0.27353 0.11152 0.014784 -0.076084 0.069673 0.21822 0.34625 0.48496 0.26361 0.25814 0.095993 -0.0011884 -0.091971 0.055077 0.20745 -0.098791 0.25893 0.048878 0.089884 0.02172 -0.044589 0.066683 0.05233 0.14189 0.081587 0.14434 0.1316 -0.030291 -0.099678 0.016954 0.17347 0.11718 -0.064704 0.012989 0.23076 0.13652 0.32631 0.12474 0.19443 0.15708 0.21623 0.16413 0.13439 -0.10616 0.23741 -0.046966 -0.053031 0.16499 0.28997 -0.11328 0.25275 0.067652 0.088175 0.016803 -0.065966 0.070169 0.0071712 0.13093 0.075799 0.13182 0.089719 -0.011864 -0.082941 -0.010846 0.10359 0.16155 -0.032403 0.076761 0.26215 0.086247 0.31011 0.10359 0.18671 0.14695 0.18648 0.1659 0.07558 -0.11293 0.22966 -0.048448 -0.06851 0.15027 0.26461
0.26544 0.24856 0 0.38838 0.10339 0.035278 -0.019761 0.14452 0.144 0.28419 0.26963 0.57291 0.37515 0.067804 0.03169 -0.032896 0.11714 0.15492 -0.024778 0.20302 0.12351 0.0067028 0.012672 -0.028653 0.039586 0.054928 0.083154 0.011715 0.18992 0.033259 -0.0040203 -0.061839 -0.01882 0.059169 0.23286 -0.0053212 0.14078 0.098399 0.016015 0.19999 0.0828 0.091905 0.1711 0.25271 0.20414 0.069887 -0.063771 0.18853 -0.051014 -0.046015 0.073027 0.18917 -0.023945 0.17765 0.11702 -0.0097772 0.035899 -0.051944 0.037791 0.033047 0.069068 0.015968 0.16505 0.001792 0.0036737 -0.068512 -0.0087842 0.029841 0.20152 -0.017794 0.14176 0.1062 -0.0055264 0.19864 0.093087 0.081954 0.12245 0.17487 0.16485 0.02224 -0.06225 0.18579 -0.060848 -0.051106 0.082428 0.17774
0.27853 0.27353 0.38838 0 0.1959 0.013685 -0.010215 0.10618 0.14111 0.25706 0.28082 0.37417 0.64107 0.12508 0.0067551 -0.018273 0.094847 0.14907 -0.041497 0.29668 -0.023973 0.040862 0.012547 -0.010477 -0.080331 0.020654 0.012222 0.034858 0.14654 0.058136 -0.029229 -0.1469 -0.016254 0.19589 0.18086 -0.088586 0.064579 0.13689 0.19603 0.21266 0.28674 0.043133 0.12826 0.16193 0.17105 0.12442 -0.012228 0.25223 -0.067891 -0.017923 0.1383 0.35261 -0.013248 0.28341 0.023787 0.041402 0.01374 -0.028157 -0.039184 -0.008688 0.025942 0.037655 0.15283 0.038231 -0.022593 -0.12407 0.010416 0.15609 0.26091 -0.057519 0.15359 0.15369 0.13147 0.2507 0.2718 0.081212 0.13075 0.18185 0.18835 0.10343 -0.028987 0.31306 -0.061865 -0.053241 0.13275 0.34983
0.086084 0.11152 0.10339 0.1959 0 -0.0032623 -0.017861 0.019593 0.055437 0.096642 0.10294 0.11355 0.1691 0.043993 -0.0034296 -0.026939 0.019948 0.060765 -0.013714 0.10521 0.0034893 0.0020138 0.01091 -0.008952 -0.01676 0.0057314 -0.0045259 -0.010002 0.069245 0.0073108 -0.027389 -0.030604 -0.0079018 0.024475 0.07243 0.0045589 0.052084 0.050243 0.077516 0.093146 0.094061 0.012166 0.054975 0.072002 0.067652 0.017946 0.0095533 0.11021 -0.027977 -0.021129 0.063341 0.14396 -0.0055557 0.11106 -0.012879 -0.0051732 -0.01394 -0.030387 -0.033404 -0.0088108 -0.0045649 -0.0038619 0.063811 -0.0058009 -0.02022 -0.042941 -0.015554 0.028789 0.088062 -0.0094121 0.064272 0.050479 0.059779 0.078672 0.083916 0.0015465 0.026142 0.045234 0.052087 -0.0040084 -0.0075751 0.1077 -0.037771 -0.022799 0.046904 0.12919
-0.0072099 0.014784 0.035278 0.013685 -0.0032623 0 0.16321 0.021991 0.084462 0.061017 0.00011157 0.025726 0.0032249 -0.015047 0.42891 0.16354 0.040614 0.070344 0.064571 0.045042 0.14005 0.096315 0.13331 0.21737 0.23639 0.12541 0.33491 0.12944 0.086726 0.12164 0.29624 0.20559 0.26849 0.073237 -0.027424 0.024284 -0.016717 0.083302 0.089674 0.10087 0.056289 0.26194 0.23005 0.0011783 0.17472 0.078581 0.2166 -0.067265 0.056457 0.14958 0.11388 0.080805 0.030249 0.026915 -0.00090655 0.074745 0.087667 0.20981 0.11967 0.08578 0.28098 0.13379 0.013422 0.10989 0.27276 0.131 0.23073 0.069263 -0.11079 -0.052594 -0.088397 0.061967 0.094082 0.039442 0.049623 0.21383 0.1551 -0.092274 0.07104 0.044954 0.18449 -0.10657 0.050375 0.12162 0.098517 0.050779
-0.088835 -0.076084 -0.019761 -0.010215 -0.017861 0.16321 0 -0.0086502 -0.0076796 -0.037592 -0.099777 -0.043567 -0.030012 -0.023081 0.16975 0.24545 -0.0099714 -0.029568 0.15199 -0.036144 0.049906 0.027509 0.074243 0.17549 0.062708 0.12891 -0.001879 0.070502 0.02057 0.039857 0.16082 0.16468 0.066788 0.017841 0.026853 0.078267 0.07552 -0.011877 0.055203 -0.11818 0.069738 -0.038185 0.00073725 -0.11924 0.060182 0.028489 0.23239 -0.057473 0.04461 0.132 0.018504 0.03133 0.089974 -0.049247 -0.069279 0.018965 0.029305 0.15253 -0.042984 0.068706 -0.031963 0.060087 -0.024894 0.033881 0.086012 0.081496 0.053427 0.02309 -0.058271 -0.020127 -0.025063 -0.030456 0.057577 -0.13672 0.06724 -0.063933 -0.02273 -0.18668 -0.028551 0.031803 0.1866 -0.12332 0.023827 0.10716 0.0052106 -0.0046713
0.061836 0.069673 0.14452 0.10618 0.019593 0.021991 -0.0086502 0 0.051074 0.039116 0.073798 0.12701 0.1032 0.015129 0.033783 0.00144 0.10933 0.065128 -0.033525 0.089176 -0.057795 0.021679 0.00037547 -0.0068021 -0.04195 -0.020132 0.056987 0.019794 0.023072 0.011845 0.066441 -0.055324 0.023508 0.045442 -0.02441 -0.080857 -0.073735 0.047372 0.02074 0.069529 0.014848 0.047592 0.1196 -0.00040883 0.011259 0.008282 0.0065525 -0.0014787 -0.0041329 0.0011578 0.043932 0.08665 -0.019859 0.073906 -0.03703 0.025234 -0.0037288 0.00086839 -0.016128 0.0052001 0.0706 0.033823 0.032527 0.0032427 0.0643 -0.037106 0.010335 0.04311 0.0034535 -0.08257 -0.012417 0.053724 0.013011 0.079143 0.033241 0.061308 0.10129 0.021525 0.034349 0.0098012 0.01394 0.055158 -0.014806 0.0015673 0.05512 0.088344
0.2104 0.21822 0.144 0.14111 0.055437 0.084462 -0.0076796 0.051074 0 0.21994 0.2264 0.13048 0.13756 0.04601 0.072124 -0.021322 0.050155 0.19532 -0.044542 0.16265 0.0076091 0.067387 0.018524 0.010035 0.032759 0.013948 0.12838 0.024527 0.077863 0.097827 0.020497 -0.049006 0.064592 0.11691 0.039639 -0.058171 -0.012187 0.17071 0.092065 0.18937 0.071939 0.15235 0.1354 0.10262 0.077029 0.058089 -0.00063295 0.11321 -0.029062 -0.019706 0.1198 0.18293 -0.03308 0.17076 0.04708 0.060471 0.029673 -0.0063792 0.063658 0.023949 0.14481 0.019432 0.092574 0.085919 0.058559 -0.0083824 0.036604 0.070791 0.08883 -0.031254 0.041558 0.1769 0.071805 0.1849 0.06763 0.17492 0.13617 0.10842 0.12498 0.029733 0.00041297 0.15185 -0.035381 -0.0023342 0.11968 0.17439
0.72153 0.34625 0.28419 0.25706 0.096642 0.061017 -0.037592 0.039116 0.21994 0 0.31686 0.27865 0.21822 0.098044 0.05446 -0.049852 0.033888 0.2304 -0.063052 0.22806 0.26456 0.0063959 0.049976 -0.066989 0.22298 0.23448 0.14779 -0.05262 0.20216 0.018332 -0.014786 0.063116 0.047803 0.19733 0.23237 0.09736 0.194 0.12879 0.26622 0.30376 0.27502 0.23978 0.083721 0.4538 0.27736 0.26035 -0.12543 0.39065 -0.0184 -0.0018142 0.035277 0.22783 -0.14192 0.17177 0.13397 -0.0019417 0.029621 -0.076651 0.12765 0.13868 0.10312 -0.022401 0.10347 0.0081844 -0.016662 0.016813 0.031096 0.13035 0.14613 0.036511 0.059727 0.14438 0.15915 0.25754 0.17413 0.15465 0.052521 0.22902 0.10264 0.10683 -0.10175 0.3313 -0.033459 -0.051584 0.056052 0.19372
0.4134 0.48496 0.26963 0.28082 0.10294 0.00011157 -0.099777 0.073798 0.2264 0.31686 0 0.32323 0.30808 0.11124 -0.007588 -0.10796 0.091956 0.24962 -0.18286 0.28714 -0.015118 0.073476 0.015412 -0.059048 0.015272 -0.012486 0.14433 0.069226 0.12453 0.11502 -0.062109 -0.18286 0.017437 0.12493 0.035657 -0.14406 -0.062594 0.23741 0.059427 0.33988 0.074267 0.19879 0.1826 0.194 0.07591 0.10028 -0.16017 0.22108 -0.086037 -0.074706 0.16363 0.2835 -0.13553 0.30172 0.15846 0.083717 0.0087598 -0.086772 0.15735 0.010321 0.19775 0.045302 0.19049 0.076408 -0.0053522 -0.055268 0.012515 0.13118 0.24425 -0.0033472 0.1535 0.27469 0.042965 0.3958 0.11563 0.27015 0.20141 0.31169 0.26764 0.083395 -0.13282 0.31913 -0.037441 -0.098269 0.16607 0.30461
0.35524 0.26361 0.57291 0.37417 0.11355 0.025726 -0.043567 0.12701 0.13048 0.27865 0.32323 0 0.40159 0.085145 0.025798 -0.033257 0.14367 0.15469 -0.069754 0.20718 0.067467 -0.021253 -0.0068121 -0.045675 0.0073868 0.035305 0.084091 0.023939 0.18533 0.012341 -0.04595 -0.12704 -0.022961 0.04055 0.19484 -0.045971 0.10945 0.096939 0.010105 0.2223 0.065778 0.072054 0.17159 0.22763 0.1211 0.084458 -0.09167 0.18503 -0.083095 -0.067982 0.0683 0.19614 -0.022844 0.2372 0.19208 -0.045237 0.022067 -0.06387 0.096531 0.066372 0.092928 0.0045951 0.23724 -0.018149 0.0039796 -0.040863 0.012438 0.042967 0.28466 0.053766 0.23005 0.10564 -0.039164 0.26798 0.08352 0.1263 0.18335 0.28562 0.23732 0.046371 -0.084362 0.25068 -0.051971 -0.053076 0.060391 0.21909
0.29419 0.25814 0.37515 0.64107 0.1691 0.0032249 -0.030012 0.1032 0.13756 0.21822 0.30808 0.40159 0 0.14417 0.0088009 -0.0095923 0.11568 0.15832 -0.049271 0.27084 -0.030384 0.039576 0.016263 -0.014318 -0.08653 0.0065286 0.00068485 0.059712 0.13543 0.05517 -0.067908 -0.15812 -0.017778 0.16569 0.15132 -0.10464 0.049478 0.1383 0.12248 0.22185 0.22474 0.026581 0.1121 0.13815 0.13008 0.11156 -0.038296 0.23162 -0.084513 -0.045598 0.13043 0.32299 0.0094749 0.29036 0.039193 0.032901 0.016999 -0.013509 -0.027718 0.034517 0.014877 0.053446 0.19004 0.034905 -0.036741 -0.11021 0.00019595 0.15697 0.29309 -0.038272 0.19007 0.1557 0.12674 0.25525 0.29436 0.081321 0.1303 0.20585 0.2014 0.10793 -0.0014423 0.32947 -0.083153 -0.044381 0.13085 0.38117
0.11385 0.095993 0.067804 0.12508 0.043993 -0.015047 -0.023081 0.015129 0.04601 0.098044 0.11124 0.085145 0.14417 0 -0.0076094 -0.0273 0.0064524 0.092963 -0.023523 0.13067 -0.040148 0.017226 0.011874 -0.018875 -0.027101 -0.017778 0.014667 -0.010002 0.032121 0.019887 -0.029241 -0.055868 0.00027647 0.06013 0.026048 -0.043249 -0.0077419 0.061581 0.06534 0.088222 0.069658 0.039811 0.05655 0.042908 0.051779 0.018764 -0.013856 0.081917 -0.038753 -0.011901 0.075338 0.12281 -0.016672 0.10541 0.0051277 0.016762 0.0046322 -0.019775 -0.0025282 -0.0088767 0.028781 -0.011577 0.032294 0.02108 -0.0082798 -0.028606 -0.0049047 0.069529 0.077845 -0.031388 0.057459 0.073688 0.070374 0.090897 0.088937 0.050904 0.07013 0.067582 0.093889 0.0077693 -0.012296 0.12093 -0.02595 -0.025264 0.063196 0.13512
0.0021093 -0.0011884 0.03169 0.0067551 -0.0034296 0.42891 0.16975 0.033783 0.072124 0.05446 -0.007588 0.025798 0.0088009 -0.0076094 0 0.2075 0.039209 0.070595 0.049874 0.04051 0.12948 0.083376 0.10714 0.22579 0.22177 0.12738 0.31907 0.12467 0.090025 0.10173 0.30163 0.17267 0.2676 0.073186 -0.03134 -0.0085441 -0.039357 0.06668 0.073755 0.086232 0.05593 0.25051 0.23891 -0.017079 0.15909 0.073346 0.21367 -0.080887 0.044711 0.1321 0.096549 0.080082 0.03858 0.042621 0.050632 0.070894 0.10196 0.2226 0.15427 0.13003 0.29728 0.11319 0.054644 0.095188 0.26551 0.15416 0.27402 0.063872 -0.0802 -0.046717 -0.066183 0.056155 0.10061 0.065432 0.048925 0.23909 0.17503 -0.064693 0.096103 0.066804 0.20523 -0.083452 0.031139 0.13975 0.10072 0.075511
-0.0965 -0.091971 -0.032896 -0.018273 -0.026939 0.16354 0.24545 0.00144 -0.021322 -0.049852 -0.10796 -0.033257 -0.0095923 -0.0273 0.2075 0 0.01433 -0.0046878 0.11414 -0.033805 0.046886 0.024442 0.073427 0.16552 0.044486 0.1181 -0.0090106 0.025704 0.019525 0.030304 0.13394 0.12609 0.089439 0.018595 0.010493 0.048057 0.052563 -0.051489 0.038544 -0.10559 0.068559 -0.031413 0.006138 -0.10371 0.044689 0.029209 0.19958 -0.06355 0.042906 0.10666 0.01309 0.025875 0.098995 -0.038075 -0.028759 0.014266 0.040916 0.17438 -0.016105 0.11559 -0.030289 0.023711 -0.0017448 0.025704 0.096453 0.086644 0.096083 0.023204 -0.022465 -0.008097 0.011333 -0.060717 0.056878 -0.12679 0.071672 -0.054844 -0.026385 -0.14391 -0.018152 0.035963 0.20621 -0.089545 0.02294 0.12932 0.0048596 0.020785
0.041653 0.055077 0.11714 0.094847 0.019948 0.040614 -0.0099714 0.10933 0.050155 0.033888 0.091956 0.14367 0.11568 0.0064524 0.039209 0.01433 0 0.067237 -0.020855 0.087357 -0.048686 0.027931 0.017151 -0.0027417 -0.017042 -0.032779 0.079677 0.034488 0.016215 0.030814 0.055525 -0.065658 0.01023 0.029402 -0.019997 -0.079286 -0.060977 0.046429 0.0042631 0.065404 -0.0053968 0.073614 0.12364 -0.011906 0.01953 0.00032466 0.014413 -0.029339 -0.013594 -0.013818 0.042668 0.062875 -0.011054 0.075897 -0.035744 0.026953 0.0080903 0.01836 -0.017987 -0.012883 0.070307 0.02974 0.024295 0.020337 0.048882 -0.033576 0.02278 0.033769 -0.0091942 -0.10119 -0.025163 0.049258 -0.0048764 0.071479 8.063e-05 0.073302 0.11499 0.018762 0.019341 0.0020762 0.023416 0.017175 -0.018025 -0.0028494 0.045791 0.070175
0.26365 0.20745 0.15492 0.14907 0.060765 0.070344 -0.029568 0.065128 0.19532 0.2304 0.24962 0.15469 0.15832 0.092963 0.070595 -0.0046878 0.067237 0 -0.059557 0.16476 0.036558 0.054014 0.043971 0.014432 0.059634 0.033855 0.12229 0.024559 0.091692 0.093419 0.016095 -0.024548 0.073305 0.093855 0.031011 -0.052449 -0.0054347 0.16484 0.079311 0.18632 0.068065 0.15784 0.13641 0.11504 0.082491 0.064711 0.012472 0.13462 -0.035716 0.027575 0.16748 0.19335 -0.0068838 0.18313 0.10284 0.064467 0.02807 0.015359 0.10962 0.044939 0.14938 0.027665 0.11818 0.082997 0.066744 0.023047 0.058966 0.11017 0.1218 0.014688 0.087269 0.18196 0.075568 0.20297 0.089172 0.19387 0.14072 0.15229 0.16521 0.060201 0.021781 0.17515 0.00032606 0.0036082 0.13311 0.21514
-0.151 -0.098791 -0.024778 -0.041497 -0.013714 0.064571 0.15199 -0.033525 -0.044542 -0.063052 -0.18286 -0.069754 -0.049271 -0.023523 0.049874 0.11414 -0.020855 -0.059557 0 -0.024753 0.24089 0.039644 0.04406 0.25176 0.19058 0.26231 -0.17183 0.083279 0.085966 0.07053 0.0068915 0.55276 -0.0045593 0.001233 0.49864 0.22774 0.54827 -0.037303 0.076976 -0.083835 0.17761 -0.072427 -0.13718 0.03552 0.19135 0.092222 0.71718 0.26721 0.10639 0.15361 0.16832 0.14056 0.64465 -0.037803 0.035471 0.022685 0.021592 0.20799 0.008343 0.18259 -0.21049 0.084661 0.010687 0.062404 -0.068761 0.30095 0.018961 0.018785 0.23241 0.1496 0.26183 -0.067236 0.1141 -0.1522 0.13304 -0.14868 -0.12017 -0.086544 0.019642 0.060053 0.59842 0.068172 0.044989 0.15731 0.17179 0.10285
0.22979 0.25893 0.20302 0.29668 0.10521 0.045042 -0.036144 0.089176 0.16265 0.22806 0.28714 0.20718 0.27084 0.13067 0.04051 -0.033805 0.087357 0.16476 -0.024753 0 -0.10833 0.17947 0.054479 0.032615 -0.10708 -0.0057144 0.014338 0.042112 0.20738 0.20226 -0.092238 -0.25779 0.012003 0.39442 0.20353 -0.21443 0.013534 0.2923 0.33403 0.4128 0.40326 0.10291 0.27251 0.25889 0.32948 0.27504 0.062165 0.37287 -0.12443 -0.040303 0.28964 0.56606 0.024835 0.5831 -0.094911 0.19122 0.012588 0.020489 -0.10505 0.013477 0.060133 0.048577 0.1825 0.17515 -0.040456 -0.2296 0.031196 0.36987 0.29982 -0.23666 0.11609 0.29044 0.29144 0.44027 0.40198 0.17227 0.27008 0.24304 0.2949 0.22799 0.05992 0.46754 -0.15309 -0.074292 0.24071 0.55525
0.063721 0.048878 0.12351 -0.023973 0.0034893 0.14005 0.049906 -0.057795 0.0076091 0.26456 -0.015118 0.067467 -0.030384 -0.040148 0.12948 0.046886 -0.048686 0.036558 0.24089 -0.10833 0 -0.14058 0.068385 0.1816 0.7249 0.55991 0.1905 -0.070483 0.27793 -0.087304 0.11053 0.48811 0.16255 -0.077067 0.56376 0.46957 0.55724 -0.12642 -0.009392 0.10287 0.12291 0.31378 -0.044441 0.70404 0.42 0.39622 0.062401 0.46934 0.026109 0.010808 -0.016584 -0.042964 0.051105 -0.11203 0.6468 -0.1926 0.063249 0.10887 0.53019 0.31169 0.060364 -0.032157 0.093496 -0.08371 0.053766 0.31799 0.12179 -0.069095 0.26268 0.3643 0.22521 -0.12868 0.00045104 -0.020752 0.052895 0.15263 -0.11995 0.26588 0.10494 0.17821 0.052268 0.097457 0.077698 0.023368 -0.0039958 -0.10009
-0.015585 0.089884 0.0067028 0.040862 0.0020138 0.096315 0.027509 0.021679 0.067387 0.0063959 0.073476 -0.021253 0.039576 0.017226 0.083376 0.024442 0.027931 0.054014 0.039644 0.17947 -0.14058 0 0.019302 0.3336 0.04323 -0.13221 0.12755 0.25681 0.038975 0.91962 0.0081805 -0.14988 0.14633 0.35459 -0.067338 -0.18815 -0.14019 0.87855 0.30121 0.097178 0.29186 0.2808 0.072362 -0.018594 0.081328 0.64368 0.18699 0.029628 -0.03202 0.016561 0.20109 0.24223 0.074191 0.17061 -0.22527 0.97319 0.0062924 0.38113 -0.061695 -0.073114 0.16216 0.32419 0.00016691 0.91041 -0.012526 -0.1834 0.16021 0.32967 -0.083288 -0.25314 -0.14252 0.83903 0.35012 0.096451 0.3101 0.32327 0.087588 -0.065312 0.0072476 0.59061 0.16593 0.075907 -0.07298 0.018274 0.16751 0.22202
0.022428 0.02172 0.012672 0.012547 0.01091 0.13331 0.074243 0.00037547 0.018524 0.049976 0.015412 -0.0068121 0.016263 0.011874 0.10714 0.073427 0.017151 0.043971 0.04406 0.054479 0.068385 0.019302 0 0.16093 0.11076 0.14328 0.058692 0.038357 0.096477 0.043858 0.092066 0.10686 0.096721 0.033375 0.068213 0.040965 0.071511 0.026741 0.046525 0.044571 0.056632 0.045673 0.060128 0.043914 0.070905 0.091489 0.10844 0.065275 0.031883 0.10405 0.050974 0.10167 0.018507 0.025124 0.034635 0.0094915 0.055119 0.1312 0.072658 0.11514 0.057603 0.030522 0.060179 0.042095 0.082013 0.071737 0.083337 0.010281 0.053641 0.013485 0.046901 0.018457 0.037499 0.034627 0.049198 0.058209 0.033258 -0.0063461 0.045452 0.075946 0.079368 0.038575 0.016899 0.052202 0.030488 0.090884
-0.046487 -0.044589 -0.028653 -0.010477 -0.008952 0.21737 0.17549 -0.0068021 0.010035 -0.066989 -0.059048 -0.045675 -0.014318 -0.018875 0.22579 0.16552 -0.0027417 0.014432 0.25176 0.032615 0.1816 0.3336 0.16093 0 0.30755 0.3497 0.073922 0.5431 0.10765 0.5172 0.16711 0.19991 0.31911 0.10834 0.13486 0.041576 0.097483 0.29166 0.093239 -0.037057 0.14766 0.10576 0.044288 -0.0080115 0.099354 0.50926 0.33563 0.019958 0.064405 0.15079 0.11892 0.14359 0.23137 0.050227 0.05058 0.30293 0.10835 0.8034 0.18224 0.34893 0.076129 0.50267 0.078513 0.51062 0.13283 0.18099 0.34011 0.11789 0.11847 -0.026746 0.13652 0.21919 0.14456 -0.026782 0.18444 0.15107 0.042827 -0.064937 0.056387 0.5073 0.2661 0.0093884 0.038151 0.13621 0.092512 0.106
0.061775 0.066683 0.039586 -0.080331 -0.01676 0.23639 0.062708 -0.04195 0.032759 0.22298 0.015272 0.0073868 -0.08653 -0.027101 0.22177 0.044486 -0.017042 0.059634 0.19058 -0.10708 0.7249 0.04323 0.11076 0.30755 0 0.51619 0.54029 0.052401 0.17789 0.094685 0.31257 0.63017 0.4049 -0.028419 0.24958 0.36198 0.25749 0.0061754 -0.06417 0.21901 -0.10105 0.70581 0.12052 0.53588 0.38104 0.37798 0.07365 0.25245 0.15652 0.10353 -0.0014058 -0.086674 0.038258 -0.12484 0.49202 -0.035368 0.067588 0.22161 0.7403 0.31018 0.41772 0.057854 0.039295 0.081859 0.26349 0.51656 0.32494 -0.037458 0.051573 0.23599 0.076133 -0.0085387 -0.066034 0.068294 -0.12093 0.51661 0.040188 0.15385 0.16852 0.17307 0.049867 -0.0028326 0.20708 0.12847 0.013615 -0.13398
0.13914 0.05233 0.054928 0.020654 0.0057314 0.12541 0.12891 -0.020132 0.013948 0.23448 -0.012486 0.035305 0.0065286 -0.017778 0.12738 0.1181 -0.032779 0.033855 0.26231 -0.0057144 0.55991 -0.13221 0.14328 0.3497 0.51619 0 -0.011721 0.086564 0.24884 -0.072169 0.068321 0.44965 0.11579 -0.020511 0.44746 0.387 0.47728 -0.11576 0.02568 0.035921 0.14092 -0.018425 -0.07536 0.40124 0.22316 0.39387 0.16609 0.44095 0.017077 0.11779 0.00015372 0.10386 0.11894 -0.012701 0.32389 -0.16255 0.092056 0.25666 0.31883 0.55797 -0.10438 0.050867 0.1355 -0.070428 -0.0071071 0.29454 0.059378 -0.034498 0.26698 0.25082 0.31823 -0.13393 0.0029087 -0.0086404 0.076041 -0.054775 -0.10814 0.12139 0.029031 0.27272 0.1237 0.21439 0.037597 0.082984 0.0074795 0.046445
0.093048 0.14189 0.083154 0.012222 -0.0045259 0.33491 -0.001879 0.056987 0.12838 0.14779 0.14433 0.084091 0.00068485 0.014667 0.31907 -0.0090106 0.079677 0.12229 -0.17183 0.014338 0.1905 0.12755 0.058692 0.073922 0.54029 -0.011721 0 0.026466 0.044357 0.12093 0.50346 0.22181 0.38579 0.074204 -0.22343 -0.041562 -0.2419 0.15081 0.037236 0.41764 -0.13842 0.81552 0.46802 0.097247 0.25912 -0.013231 -0.011693 -0.15352 0.1347 0.04921 0.11676 -0.031614 -0.14771 0.012228 0.068501 0.083575 0.059073 0.062685 0.34692 -0.048291 0.76647 0.053577 -0.026756 0.10771 0.46392 0.22175 0.31021 0.052391 -0.30295 -0.11528 -0.26436 0.17405 0.047153 0.27894 -0.13119 0.70858 0.34015 -0.045722 0.18445 -0.10526 0.0070821 -0.1998 0.11961 0.065206 0.09369 -0.058603
0.036148 0.081587 0.011715 0.034858 -0.010002 0.12944 0.070502 0.019794 0.024527 -0.05262 0.069226 0.023939 0.059712 -0.010002 0.12467 0.025704 0.034488 0.024559 0.083279 0.042112 -0.070483 0.25681 0.038357 0.5431 0.052401 0.086564 0.026466 0 0.056624 0.42277 0.099122 0.018128 0.049616 0.067867 -0.0043807 -0.014458 0.0054646 0.33812 0.02526 0.039812 0.077868 -0.019817 0.07712 -0.09618 -0.017995 0.31553 0.17764 -0.11118 0.015425 0.054062 0.12555 0.12245 0.1438 0.083029 -0.051124 0.26769 0.031242 0.56144 0.017464 0.17251 0.029839 0.95145 0.091363 0.35359 0.07168 0.052885 0.08369 0.069956 0.10055 -0.02128 0.099237 0.33095 0.10263 0.051076 0.15341 0.02552 0.078253 -0.049767 0.015545 0.38106 0.13923 0.024605 0.022893 0.047309 0.099346 0.13077
0.18315 0.14434 0.18992 0.14654 0.069245 0.086726 0.02057 0.023072 0.077863 0.20216 0.12453 0.18533 0.13543 0.032121 0.090025 0.019525 0.016215 0.091692 0.085966 0.20738 0.27793 0.038975 0.096477 0.10765 0.17789 0.24884 0.044357 0.056624 0 0.054753 0.058649 0.090746 0.057275 0.071344 0.42526 0.29348 0.47161 0.094022 0.033286 0.25569 0.12115 0.09475 0.19805 0.43763 0.29464 0.19395 0.076144 0.39407 -0.033667 0.053607 0.13169 0.3239 0.085749 0.19632 0.21435 0.020277 0.056145 0.076237 0.1476 0.16389 -0.0041161 0.054824 0.38764 0.04347 0.051266 0.070535 0.019167 0.045534 0.35825 0.22417 0.42321 0.085257 0.036232 0.19329 0.10618 0.069436 0.15203 0.25821 0.21575 0.091594 0.068716 0.27453 0.0070923 -0.00023312 0.11954 0.30482
0.015461 0.1316 0.033259 0.058136 0.0073108 0.12164 0.039857 0.011845 0.097827 0.018332 0.11502 0.012341 0.05517 0.019887 0.10173 0.030304 0.030814 0.093419 0.07053 0.20226 -0.087304 0.91962 0.043858 0.5172 0.094685 -0.072169 0.12093 0.42277 0.054753 0 0.027072 -0.12783 0.20903 0.36406 -0.025998 -0.17046 -0.083799 0.91405 0.32391 0.11945 0.29164 0.24969 0.08364 -0.0080281 0.076864 0.6627 0.21517 0.067784 -0.019644 0.013313 0.26989 0.28164 0.081808 0.18455 -0.15433 0.91061 0.015723 0.53017 0.003969 0.010201 0.16109 0.46627 0.044257 0.92542 0.0040057 -0.13335 0.2278 0.33076 0.0089885 -0.20733 -0.050931 0.87563 0.36577 0.1301 0.31867 0.31578 0.092853 -0.039275 0.035207 0.63052 0.18261 0.15129 -0.049456 0.0045895 0.22806 0.26163
-0.15909 -0.030291 -0.0040203 -0.029229 -0.027389 0.29624 0.16082 0.066441 0.020497 -0.014786 -0.062109 -0.04595 -0.067908 -0.029241 0.30163 0.13394 0.055525 0.016095 0.0068915 -0.092238 0.11053 0.0081805 0.092066 0.16711 0.31257 0.068321 0.50346 0.099122 0.058649 0.027072 0 0.37483 0.26896 -0.013416 -0.16126 0.088454 -0.088666 -0.0081386 0.013382 -0.011139 -0.071895 0.39409 0.39582 -0.20745 0.27099 -0.10203 0.18454 -0.29494 0.28006 0.18213 0.02666 -0.085673 -0.046344 -0.11982 -0.16126 -0.0076105 0.037862 0.17364 0.052536 0.007192 0.36734 0.12679 -0.093717 0.022558 0.55307 0.23225 0.21927 -0.018845 -0.35013 -0.10236 -0.27283 -0.021237 0.03626 -0.12155 -0.091943 0.20784 0.22554 -0.3957 0.025192 -0.1286 0.14765 -0.36435 0.21106 0.1657 0.023765 -0.12546
-0.11077 -0.099678 -0.061839 -0.1469 -0.030604 0.20559 0.16468 -0.055324 -0.049006 0.063116 -0.18286 -0.12704 -0.15812 -0.055868 0.17267 0.12609 -0.065658 -0.024548 0.55276 -0.25779 0.48811 -0.14988 0.10686 0.19991 0.63017 0.44965 0.22181 0.018128 0.090746 -0.12783 0.37483 0 0.15104 -0.18959 0.21578 0.58193 0.37456 -0.20362 -0.11389 -0.066759 -0.13202 0.26063 0.0022644 0.063352 0.36679 -0.097563 0.36042 0.13506 0.31046 0.27431 -0.078029 -0.18393 0.23377 -0.27623 0.17213 -0.197 0.074159 0.14464 0.30806 0.27346 0.055403 0.027874 -0.060326 -0.11316 0.20174 0.72973 0.089364 -0.17509 -0.11025 0.3743 -0.0004783 -0.22383 -0.097369 -0.21017 -0.17717 -0.010001 -0.10238 -0.23411 0.053969 -0.13909 0.26003 -0.19885 0.30633 0.26074 -0.053043 -0.21383
0.016857 0.016954 -0.01882 -0.016254 -0.0079018 0.26849 0.066788 0.023508 0.064592 0.047803 0.017437 -0.022961 -0.017778 0.00027647 0.2676 0.089439 0.01023 0.073305 -0.0045593 0.012003 0.16255 0.14633 0.096721 0.31911 0.4049 0.11579 0.38579 0.049616 0.057275 0.20903 0.26896 0.15104 0 0.098535 -0.042272 -0.023613 -0.069914 0.12811 0.049452 0.072791 -0.029933 0.43691 0.2115 0.067856 0.14786 0.13681 0.13862 -0.058941 0.052773 0.093094 0.088307 0.039967 0.02756 0.0039927 0.11374 0.10905 0.069197 0.27327 0.29563 0.10745 0.37757 0.053898 0.012273 0.20085 0.27216 0.17918 0.43144 0.075545 -0.075213 -0.026919 -0.041772 0.10588 0.034719 0.049173 -0.024479 0.4076 0.15727 -0.0078791 0.13196 0.07754 0.13113 -0.077634 0.079367 0.101 0.062111 -0.0011555
0.12533 0.17347 0.059169 0.19589 0.024475 0.073237 0.017841 0.045442 0.11691 0.19733 0.12493 0.04055 0.16569 0.06013 0.073186 0.018595 0.029402 0.093855 0.001233 0.39442 -0.077067 0.35459 0.033375 0.10834 -0.028419 -0.020511 0.074204 0.067867 0.071344 0.36406 -0.013416 -0.18959 0.098535 0 0.14318 -0.20606 0.0017692 0.42319 0.52723 0.27567 0.59499 0.20488 0.099195 0.15512 0.32407 0.38083 0.17874 0.35298 -0.06728 -0.0069901 0.37069 0.4903 0.030009 0.35183 -0.1012 0.33196 0.004311 0.091585 -0.069477 -0.029625 0.098195 0.061193 0.04618 0.33222 -0.025441 -0.207 0.13202 0.77263 0.184 -0.22492 0.065988 0.40231 0.44939 0.33167 0.53163 0.26046 0.087854 0.13436 0.25185 0.30396 0.17354 0.40806 -0.099035 -0.032258 0.32405 0.45936
0.095788 0.11718 0.23286 0.18086 0.07243 -0.027424 0.026853 -0.02441 0.039639 0.23237 0.035657 0.19484 0.15132 0.026048 -0.03134 0.010493 -0.019997 0.031011 0.49864 0.20353 0.56376 -0.067338 0.068213 0.13486 0.24958 0.44746 -0.22343 -0.0043807 0.42526 -0.025998 -0.16126 0.21578 -0.042272 0.14318 0 0.38618 0.84398 0.006272 0.10693 0.099754 0.3719 -0.081376 -0.1125 0.57294 0.49602 0.31626 0.24676 0.67593 -0.057529 0.0098818 0.13058 0.38395 0.2551 0.19388 0.34816 -0.085535 0.028735 0.066492 0.13 0.21756 -0.28535 -0.0082972 0.28107 -0.029249 -0.19648 0.04829 -0.044834 0.12183 0.66394 0.25314 0.60259 -0.014442 0.099796 0.038899 0.31204 -0.13903 -0.11641 0.24006 0.24301 0.19448 0.18975 0.45914 -0.050039 -0.029157 0.13037 0.33226
-0.066846 -0.064704 -0.0053212 -0.088586 0.0045589 0.024284 0.078267 -0.080857 -0.058171 0.09736 -0.14406 -0.045971 -0.10464 -0.043249 -0.0085441 0.048057 -0.079286 -0.052449 0.22774 -0.21443 0.46957 -0.18815 0.040965 0.041576 0.36198 0.387 -0.041562 -0.014458 0.29348 -0.17046 0.088454 0.58193 -0.023613 -0.20606 0.38618 0 0.61632 -0.17683 -0.14095 -0.12055 -0.078871 -0.080899 -0.16227 0.211 0.2239 -0.070922 0.018896 0.20873 0.1499 0.08246 -0.079766 -0.11486 -0.0061434 -0.2277 0.18141 -0.20153 0.043137 0.0097792 0.10852 0.17332 -0.20312 -0.011668 0.10345 -0.16305 -0.023184 0.26008 -0.037755 -0.1849 0.080668 0.55118 0.22492 -0.18713 -0.10979 -0.2241 -0.10296 -0.29421 -0.23672 -0.13691 -0.099381 -0.13991 -0.010868 -0.067965 0.11467 0.068275 -0.065138 -0.13125
0.012699 0.012989 0.14078 0.064579 0.052084 -0.016717 0.07552 -0.073735 -0.012187 0.194 -0.062594 0.10945 0.049478 -0.0077419 -0.039357 0.052563 -0.060977 -0.0054347 0.54827 0.013534 0.55724 -0.14019 0.071511 0.097483 0.25749 0.47728 -0.2419 0.0054646 0.47161 -0.083799 -0.088666 0.37456 -0.069914 0.0017692 0.84398 0.61632 0 -0.086429 -0.019453 -0.035505 0.24089 -0.21126 -0.20453 0.43772 0.34981 0.17657 0.22361 0.55687 0.036972 0.034779 0.017653 0.20297 0.26977 -0.02995 0.29203 -0.15132 0.050535 0.033744 0.019478 0.24101 -0.3389 0.0042725 0.27139 -0.093708 -0.1709 0.10167 -0.080816 -0.0084812 0.50079 0.45375 0.59684 -0.10135 0.011501 -0.12735 0.15431 -0.32208 -0.22474 0.079993 0.0072358 0.070016 0.15732 0.24045 -0.027894 -0.0013197 0.040086 0.15987
0.12547 0.23076 0.098399 0.13689 0.050243 0.083302 -0.011877 0.047372 0.17071 0.12879 0.23741 0.096939 0.1383 0.061581 0.06668 -0.051489 0.046429 0.16484 -0.037303 0.2923 -0.12642 0.87855 0.026741 0.29166 0.0061754 -0.11576 0.15081 0.33812 0.094022 0.91405 -0.0081386 -0.20362 0.12811 0.42319 0.006272 -0.17683 -0.086429 0 0.40592 0.24036 0.36939 0.28366 0.12456 0.033287 0.10727 0.57695 0.10339 0.14423 -0.060591 -0.024907 0.31563 0.37031 -0.016737 0.28665 -0.14839 0.84371 0.0073926 0.30891 -0.031411 -0.048973 0.1936 0.40506 0.092364 0.87405 -0.0052378 -0.19334 0.14112 0.3937 0.053476 -0.18929 -0.029104 0.96486 0.43973 0.26423 0.4038 0.34063 0.14485 0.048725 0.092656 0.54572 0.07812 0.28118 -0.068609 -0.048874 0.28041 0.36471
0.069239 0.13652 0.016015 0.19603 0.077516 0.089674 0.055203 0.02074 0.092065 0.26622 0.059427 0.010105 0.12248 0.06534 0.073755 0.038544 0.0042631 0.079311 0.076976 0.33403 -0.009392 0.30121 0.046525 0.093239 -0.06417 0.02568 0.037236 0.02526 0.033286 0.32391 0.013382 -0.11389 0.049452 0.52723 0.10693 -0.14095 -0.019453 0.40592 0 0.11266 0.89275 0.089624 0.019353 0.070744 0.32483 0.41777 0.3222 0.41877 -0.013088 0.039003 0.49608 0.60942 0.050051 0.29163 -0.15802 0.27075 0.0032298 0.075025 -0.14821 -0.035619 0.014334 0.01751 -0.016269 0.29318 -0.027058 -0.2004 0.070646 0.47763 0.081784 -0.22743 -0.081069 0.3709 0.89513 0.14596 0.78837 0.097096 -0.0011573 -0.034735 0.15506 0.31829 0.27112 0.38882 -0.094586 -0.015727 0.40979 0.50684
0.35693 0.32631 0.19999 0.21266 0.093146 0.10087 -0.11818 0.069529 0.18937 0.30376 0.33988 0.2223 0.22185 0.088222 0.086232 -0.10559 0.065404 0.18632 -0.083835 0.4128 0.10287 0.097178 0.044571 -0.037057 0.21901 0.035921 0.41764 0.039812 0.25569 0.11945 -0.011139 -0.066759 0.072791 0.27567 0.099754 -0.12055 -0.035505 0.24036 0.11266 0 0.091744 0.54731 0.36366 0.43385 0.29468 0.18394 -0.070717 0.35802 -0.073157 -0.047852 0.19951 0.35245 -0.064675 0.38426 0.16177 0.099455 0.043997 -0.043679 0.26377 0.066653 0.4238 0.042885 0.24204 0.079555 0.093435 0.028481 0.040316 0.22215 0.1796 -0.074044 0.10831 0.25774 0.091701 0.68616 0.12042 0.52461 0.33334 0.43253 0.34667 0.088877 -0.046022 0.37955 -0.079015 -0.075934 0.18711 0.36527
0.081626 0.12474 0.0828 0.28674 0.094061 0.056289 0.069738 0.014848 0.071939 0.27502 0.074267 0.065778 0.22474 0.069658 0.05593 0.068559 -0.0053968 0.068065 0.17761 0.40326 0.12291 0.29186 0.056632 0.14766 -0.10105 0.14092 -0.13842 0.077868 0.12115 0.29164 -0.071895 -0.13202 -0.029933 0.59499 0.3719 -0.078871 0.24089 0.36939 0.89275 0.091744 0 -0.074072 -0.032341 0.14732 0.47811 0.50967 0.32781 0.54927 -0.051425 0.016259 0.42719 0.63871 0.12472 0.35549 -0.071486 0.26228 0.0050647 0.12454 -0.2038 0.031887 -0.14796 0.07821 0.073718 0.27597 -0.1205 -0.2367 0.030895 0.56454 0.32213 -0.19081 0.10982 0.34084 0.82286 0.13132 0.91102 -0.020052 -0.043353 0.03639 0.27566 0.44529 0.27677 0.49098 -0.11755 -0.029221 0.34339 0.55856
0.18654 0.19443 0.091905 0.043133 0.012166 0.26194 -0.038185 0.047592 0.15235 0.23978 0.19879 0.072054 0.026581 0.039811 0.25051 -0.031413 0.073614 0.15784 -0.072427 0.10291 0.31378 0.2808 0.045673 0.10576 0.70581 -0.018425 0.81552 -0.019817 0.09475 0.24969 0.39409 0.26063 0.43691 0.20488 -0.081376 -0.080899 -0.21126 0.28366 0.089624 0.54731 -0.074072 0 0.43505 0.3284 0.37559 0.17572 0.018167 0.085215 0.12985 0.049582 0.11919 0.057732 -0.050428 0.085686 0.20136 0.22795 0.054428 0.095921 0.54278 -0.019558 0.77542 0.052394 0.0027361 0.23439 0.39348 0.31724 0.36056 0.15244 -0.18398 -0.10996 -0.21477 0.28869 0.07327 0.41843 -0.069273 0.91828 0.35356 0.15661 0.33282 0.023938 0.042681 0.0084503 0.15533 0.079415 0.12226 0.027878
0.086656 0.15708 0.1711 0.12826 0.054975 0.23005 0.00073725 0.1196 0.1354 0.083721 0.1826 0.17159 0.1121 0.05655 0.23891 0.006138 0.12364 0.13641 -0.13718 0.27251 -0.044441 0.072362 0.060128 0.044288 0.12052 -0.07536 0.46802 0.07712 0.19805 0.08364 0.39582 0.0022644 0.2115 0.099195 -0.1125 -0.16227 -0.20453 0.12456 0.019353 0.36366 -0.032341 0.43505 0 0.053443 0.35637 -0.039982 0.036744 -0.064175 0.047297 0.043759 0.15281 0.17715 -0.087569 0.25888 -0.070274 0.059378 0.044759 0.036118 0.053736 -0.053473 0.43066 0.084116 0.13852 0.062381 0.42041 0.070882 0.15939 0.080804 -0.11006 -0.17587 -0.11784 0.11996 0.012084 0.3063 -0.017458 0.37684 0.57085 0.025726 0.31849 -0.082511 0.062779 -0.024893 0.037414 0.051107 0.13513 0.16539
0.35798 0.21623 0.25271 0.16193 0.072002 0.0011783 -0.11924 -0.00040883 0.10262 0.4538 0.194 0.22763 0.13815 0.042908 -0.017079 -0.10371 -0.011906 0.11504 0.03552 0.25889 0.70404 -0.018594 0.043914 -0.0080115 0.53588 0.40124 0.097247 -0.09618 0.43763 -0.0080281 -0.20745 0.063352 0.067856 0.15512 0.57294 0.211 0.43772 0.033287 0.070744 0.43385 0.14732 0.3284 0.053443 0 0.47518 0.43434 -0.10091 0.67254 -0.12244 -0.084968 0.083979 0.26146 0.006023 0.22358 0.54687 -0.03843 0.037395 -0.04127 0.45694 0.23262 0.05008 -0.076332 0.28011 -0.024894 -0.13905 0.097546 0.025056 0.12012 0.43649 0.20297 0.32589 0.044667 0.017059 0.36621 0.11204 0.30142 0.034314 0.69485 0.2963 0.228 -0.071457 0.45402 -0.075981 -0.1179 0.077732 0.20318
0.027124 0.16413 0.20414 0.17105 0.067652 0.17472 0.060182 0.011259 0.077029 0.27736 0.07591 0.1211 0.13008 0.051779 0.15909 0.044689 0.01953 0.082491 0.19135 0.32948 0.42 0.081328 0.070905 0.099354 0.38104 0.22316 0.25912 -0.017995 0.29464 0.076864 0.27099 0.36679 0.14786 0.32407 0.49602 0.2239 0.34981 0.10727 0.32483 0.29468 0.47811 0.37559 0.35637 0.47518 0 0.29508 0.16665 0.48827 0.11654 0.066327 0.1917 0.30971 0.041176 0.24535 0.095643 0.029655 0.048174 0.064926 0.051467 0.08654 0.10944 0.0088267 0.048441 0.066794 0.13722 0.10321 0.12568 0.31533 0.16431 -0.048156 0.045371 0.084388 0.2787 0.15657 0.39662 0.14677 0.17648 0.025984 0.51748 0.16087 0.16574 0.21103 0.08386 0.051844 0.17688 0.24753
0.19179 0.13439 0.069887 0.12442 0.017946 0.078581 0.028489 0.008282 0.058089 0.26035 0.10028 0.084458 0.11156 0.018764 0.073346 0.029209 0.00032466 0.064711 0.092222 0.27504 0.39622 0.64368 0.091489 0.50926 0.37798 0.39387 -0.013231 0.31553 0.19395 0.6627 -0.10203 -0.097563 0.13681 0.38083 0.31626 -0.070922 0.17657 0.57695 0.41777 0.18394 0.50967 0.17572 -0.039982 0.43434 0.29508 0 0.088656 0.52321 -0.067014 -0.013774 0.17925 0.36638 0.061527 0.25659 0.2127 0.60401 0.049615 0.46745 0.2231 0.32705 0.037381 0.28259 0.14083 0.66545 -0.095765 -0.11849 0.15461 0.34138 0.32716 -0.099545 0.17967 0.56087 0.35907 0.2027 0.46391 0.28635 -0.019195 0.26382 0.17738 0.93543 0.039887 0.44465 -0.068748 -0.035551 0.15992 0.32229
-0.17582 -0.10616 -0.063771 -0.012228 0.0095533 0.2166 0.23239 0.0065525 -0.00063295 -0.12543 -0.16017 -0.09167 -0.038296 -0.013856 0.21367 0.19958 0.014413 0.012472 0.71718 0.062165 0.062401 0.18699 0.10844 0.33563 0.07365 0.16609 -0.011693 0.17764 0.076144 0.21517 0.18454 0.36042 0.13862 0.17874 0.24676 0.018896 0.22361 0.10339 0.3222 -0.070717 0.32781 0.018167 0.036744 -0.10091 0.16665 0.088656 0 0.11727 0.068757 0.22197 0.56987 0.3261 0.5768 0.054659 -0.085133 0.153 0.074068 0.3176 -0.065917 0.084641 -0.059566 0.14868 0.019007 0.19734 0.10745 0.1827 0.1535 0.21588 0.11257 -0.059121 0.069417 0.040975 0.35233 -0.081568 0.31709 -0.0045371 0.040705 -0.17579 0.0584 0.10293 0.84779 0.066552 0.022085 0.20062 0.47452 0.2699
0.34848 0.23741 0.18853 0.25223 0.11021 -0.067265 -0.057473 -0.0014787 0.11321 0.39065 0.22108 0.18503 0.23162 0.081917 -0.080887 -0.06355 -0.029339 0.13462 0.26721 0.37287 0.46934 0.029628 0.065275 0.019958 0.25245 0.44095 -0.15352 -0.11118 0.39407 0.067784 -0.29494 0.13506 -0.058941 0.35298 0.67593 0.20873 0.55687 0.14423 0.41877 0.35802 0.54927 0.085215 -0.064175 0.67254 0.48827 0.52321 0.11727 0 -0.082103 -0.040161 0.28759 0.57449 0.18601 0.35919 0.38169 0.018595 0.02639 -0.044912 0.28667 0.29443 -0.14924 -0.085817 0.31662 0.049088 -0.26619 0.12518 -0.050966 0.29123 0.61645 0.22273 0.50036 0.14154 0.31431 0.32646 0.47576 0.14001 -0.036009 0.499 0.39985 0.37269 0.096728 0.82581 -0.063373 -0.075853 0.22711 0.5112
-0.10525 -0.046966 -0.051014 -0.067891 -0.027977 0.056457 0.04461 -0.0041329 -0.029062 -0.0184 -0.086037 -0.083095 -0.084513 -0.038753 0.044711 0.042906 -0.013594 -0.035716 0.10639 -0.12443 0.026109 -0.03202 0.031883 0.064405 0.15652 0.017077 0.1347 0.015425 -0.033667 -0.019644 0.28006 0.31046 0.052773 -0.06728 -0.057529 0.1499 0.036972 -0.060591 -0.013088 -0.073157 -0.051425 0.12985 0.047297 -0.12244 0.11654 -0.067014 0.068757 -0.082103 0 0.094247 -0.073626 -0.12705 0.036443 -0.1458 -0.10871 -0.026997 0.0080866 0.058198 -0.020421 0.011264 0.060873 0.027329 -0.10199 -0.019498 0.15451 0.19231 0.032618 -0.054606 -0.17212 0.044947 -0.12775 -0.05628 0.0047015 -0.15776 -0.073108 -0.0009168 -0.0069924 -0.26631 -0.021359 -0.054017 0.058593 -0.19278 0.21066 0.086595 -0.040367 -0.14366
-0.066321 -0.053031 -0.046015 -0.017923 -0.021129 0.14958 0.132 0.0011578 -0.019706 -0.0018142 -0.074706 -0.067982 -0.045598 -0.011901 0.1321 0.10666 -0.013818 0.027575 0.15361 -0.040303 0.010808 0.016561 0.10405 0.15079 0.10353 0.11779 0.04921 0.054062 0.053607 0.013313 0.18213 0.27431 0.093094 -0.0069901 0.0098818 0.08246 0.034779 -0.024907 0.039003 -0.047852 0.016259 0.049582 0.043759 -0.084968 0.066327 -0.013774 0.22197 -0.040161 0.094247 0 0.031698 0.025089 0.090844 -0.063528 -0.062328 0.0051842 0.040647 0.12387 0.0102 0.087595 0.026972 0.04731 -0.02742 0.026967 0.13512 0.19832 0.0676 -0.0088318 -0.047678 0.017007 -0.031032 -0.035051 0.025637 -0.089252 -0.0054353 0.0067639 0.0080695 -0.14736 0.024324 -0.017123 0.18909 -0.084465 0.094734 0.16455 0.019222 0.0068834
0.034871 0.16499 0.073027 0.1383 0.063341 0.11388 0.018504 0.043932 0.1198 0.035277 0.16363 0.0683 0.13043 0.075338 0.096549 0.01309 0.042668 0.16748 0.16832 0.28964 -0.016584 0.20109 0.050974 0.11892 -0.0014058 0.00015372 0.11676 0.12555 0.13169 0.26989 0.02666 -0.078029 0.088307 0.37069 0.13058 -0.079766 0.017653 0.31563 0.49608 0.19951 0.42719 0.11919 0.15281 0.083979 0.1917 0.17925 0.56987 0.28759 -0.073626 0.031698 0 0.50546 0.23045 0.29639 -0.0010257 0.19894 0.039978 0.12519 0.012774 -0.0078161 0.099717 0.1116 0.13403 0.24051 0.049013 -0.055264 0.10827 0.35945 0.18734 -0.078839 0.091555 0.289 0.46031 0.24419 0.41642 0.17176 0.16368 0.082263 0.19915 0.16467 0.53866 0.36273 -0.046907 -0.0031059 0.64577 0.46235
0.23095 0.28997 0.18917 0.35261 0.14396 0.080805 0.03133 0.08665 0.18293 0.22783 0.2835 0.19614 0.32299 0.12281 0.080082 0.025875 0.062875 0.19335 0.14056 0.56606 -0.042964 0.24223 0.10167 0.14359 -0.086674 0.10386 -0.031614 0.12245 0.3239 0.28164 -0.085673 -0.18393 0.039967 0.4903 0.38395 -0.11486 0.20297 0.37031 0.60942 0.35245 0.63871 0.057732 0.17715 0.26146 0.30971 0.36638 0.3261 0.57449 -0.12705 0.025089 0.50546 0 0.16044 0.53932 -0.010486 0.23466 0.056758 0.099173 -0.045231 0.072928 0.0051854 0.12214 0.31982 0.25247 -0.057158 -0.1456 0.055183 0.459 0.48653 -0.089843 0.32991 0.36031 0.53674 0.40593 0.60993 0.16461 0.19517 0.26176 0.33282 0.32054 0.28865 0.64398 -0.12894 -0.027668 0.41306 0.76713
-0.039281 -0.11328 -0.023945 -0.013248 -0.0055557 0.030249 0.089974 -0.019859 -0.03308 -0.14192 -0.13553 -0.022844 0.0094749 -0.016672 0.03858 0.098995 -0.011054 -0.0068838 0.64465 0.024835 0.051105 0.074191 0.018507 0.23137 0.038258 0.11894 -0.14771 0.1438 0.085749 0.081808 -0.046344 0.23377 0.02756 0.030009 0.2551 -0.0061434 0.26977 -0.016737 0.050051 -0.064675 0.12472 -0.050428 -0.087569 0.006023 0.041176 0.061527 0.5768 0.18601 0.036443 0.090844 0.23045 0.16044 0 0.035876 0.17556 0.080749 0.034614 0.25902 0.15175 0.19483 -0.14721 0.090584 0.11252 0.074646 -0.035139 0.40661 0.036611 0.049125 0.39081 0.15443 0.43834 -0.045294 0.095649 -0.030305 0.16914 0.011396 -0.041178 0.041322 0.2307 0.055274 0.69991 0.19401 0.042865 0.16189 0.20596 0.15036
