0 0.33862 0.2714 0.27965 0.084087 -0.010774 -0.090368 0.062537 0.21189 0.72486 0.41743 0.35787 0.2937 0.11246 -0.00041671 -0.095108 0.044507 0.26488 -0.15823 0.23536 0.071613 -0.033839 0.025231 -0.052926 0.068448 0.14154 0.096696 0.025519 0.19164 -0.0034129 -0.15149 -0.11277 0.011445 0.11621 0.10194 -0.058363 0.018666 0.10866 0.05384 0.36373 0.077444 0.1843 0.094017 0.36519 0.039695 0.18112 -0.17867 0.35484 -0.10291 -0.065324 0.033382 0.2306 -0.04654 0.27883 0.42668 -0.030094 0.034743 -0.07411 0.3733 0.25212 0.19066 0.0023049 0.32749 -0.035164 -0.028982 0.12547 0.022112 0.13095 0.39801 0.20148 0.30299 0.12748 0.059365 0.44855 0.17839 0.31322 0.17411 0.5968 0.39916 0.19846 -0.12894 0.53469 0.0047782 -0.084097 0.051062 0.27989
0.33862 0 0.24892 0.27169 0.1105 0.01679 -0.078119 0.071894 0.22155 0.35086 0.48222 0.26543 0.25451 0.095282 -0.00078956 -0.09414 0.05614 0.20937 -0.10361 0.26112 0.053806 0.080477 0.022009 -0.047112 0.07217 0.050658 0.14521 0.074354 0.14998 0.12266 -0.027534 -0.10135 0.016555 0.17046 0.12214 -0.062923 0.015455 0.22428 0.12835 0.33451 0.12 0.19539 0.16073 0.22243 0.16974 0.12618 -0.10821 0.24058 -0.045852 -0.05279 0.16567 0.2899 -0.12182 0.25548 0.06925 0.078538 0.017323 -0.072143 0.068898 0.004169 0.13154 0.070953 0.13574 0.081586 -0.011421 -0.087519 -0.011614 0.10113 0.16412 -0.03313 0.077801 0.2575 0.078227 0.31565 0.096195 0.18604 0.15024 0.19095 0.16681 0.06585 -0.11676 0.22976 -0.048518 -0.069258 0.15373 0.26311
0.2714 0.24892 0 0.38784 0.098386 0.035125 -0.021815 0.14837 0.14256 0.28769 0.26919 0.57233 0.37286 0.066497 0.032079 -0.030332 0.11725 0.1546 -0.027913 0.2058 0.12634 -0.0029811 0.012234 -0.035614 0.039729 0.054675 0.083863 0.00064939 0.19587 0.020947 -0.0046076 -0.067747 -0.021341 0.056191 0.23559 -0.0058517 0.1398 0.087559 0.01114 0.20532 0.085506 0.091057 0.17289 0.25675 0.20769 0.062089 -0.070743 0.19218 -0.050854 -0.046366 0.070438 0.18952 -0.032175 0.17811 0.11784 -0.018573 0.035253 -0.060621 0.034977 0.02927 0.067054 0.0073325 0.16669 -0.0075214 0.0021242 -0.072555 -0.011946 0.028175 0.20144 -0.022 0.13977 0.097643 -0.011696 0.20132 0.09122 0.079922 0.12377 0.1782 0.1652 0.011238 -0.067202 0.18235 -0.062003 -0.052703 0.081685 0.17596
0.27965 0.27169 0.38784 0 0.18874 0.013407 -0.0072847 0.10925 0.1415 0.25811 0.27847 0.37127 0.64048 0.12243 0.0072693 -0.014338 0.094669 0.14875 -0.05218 0.29874 -0.022759 0.029558 0.014445 -0.017844 -0.08333 0.016496 0.0081928 0.027522 0.1488 0.044397 -0.029358 -0.15358 -0.021571 0.19336 0.18525 -0.087815 0.063474 0.12291 0.18725 0.21216 0.28703 0.03633 0.12924 0.16288 0.16699 0.11379 -0.017455 0.24896 -0.070192 -0.018416 0.13525 0.35254 -0.019506 0.28502 0.019972 0.032394 0.013064 -0.033965 -0.045295 -0.011625 0.019885 0.031728 0.15264 0.026834 -0.025066 -0.13018 0.0060657 0.15441 0.26551 -0.063526 0.15304 0.14259 0.12325 0.24744 0.27037 0.07341 0.12967 0.17991 0.18471 0.091871 -0.033561 0.30795 -0.066628 -0.05439 0.12732 0.34714
0.084087 0.1105 0.098386 0.18874 0 -0.0037899 -0.01918 0.019919 0.055296 0.094594 0.10089 0.10719 0.16073 0.044385 -0.0038671 -0.026502 0.019934 0.060228 -0.016745 0.10516 0.0013081 0.00188 0.010979 -0.011031 -0.018269 0.0021191 -0.0057148 -0.010324 0.069883 0.0062991 -0.027597 -0.033729 -0.0095697 0.024541 0.070334 0.0023348 0.049674 0.048851 0.074126 0.091384 0.091398 0.011363 0.054686 0.069659 0.06604 0.01579 0.0078171 0.10686 -0.028633 -0.02092 0.061505 0.14261 -0.0092663 0.11077 -0.014557 -0.004397 -0.01221 -0.030692 -0.035018 -0.01083 -0.0045961 -0.0027415 0.061009 -0.0065055 -0.02137 -0.044464 -0.015985 0.028407 0.086432 -0.0098756 0.062445 0.04978 0.055899 0.078083 0.08034 0.0021648 0.026776 0.044441 0.051708 -0.0046865 -0.0086285 0.10556 -0.039035 -0.022657 0.045553 0.1276
-0.010774 0.01679 0.035125 0.013407 -0.0037899 0 0.16608 0.023065 0.087577 0.05609 0.0029935 0.026496 0.0046886 -0.015948 0.43383 0.16453 0.042621 0.071876 0.06468 0.041583 0.14081 0.10145 0.13569 0.2202 0.23866 0.12603 0.33946 0.12472 0.084037 0.12332 0.30279 0.20858 0.27585 0.077098 -0.033528 0.020308 -0.021809 0.085576 0.09614 0.097911 0.056469 0.27066 0.23297 -0.002542 0.17282 0.082117 0.21645 -0.072703 0.057648 0.14997 0.11205 0.080203 0.033452 0.025156 0.004814 0.080242 0.088825 0.20862 0.12656 0.086716 0.2875 0.12782 0.014322 0.11134 0.27756 0.13819 0.23332 0.069557 -0.11621 -0.054664 -0.093979 0.06326 0.10033 0.038753 0.049219 0.22536 0.15583 -0.091707 0.074222 0.046258 0.18579 -0.11083 0.052374 0.12301 0.097817 0.051252
-0.090368 -0.078119 -0.021815 -0.0072847 -0.01918 0.16608 0 -0.0097935 -0.0086664 -0.040623 -0.1021 -0.04257 -0.026212 -0.023537 0.17064 0.25049 -0.010063 -0.03005 0.14864 -0.042065 0.046829 0.027302 0.074684 0.17313 0.059951 0.12843 -0.0020043 0.068507 0.015809 0.036612 0.16007 0.16408 0.069422 0.01966 0.020578 0.075817 0.069194 -0.013731 0.059735 -0.12238 0.070543 -0.037877 -0.0018 -0.12566 0.055698 0.02826 0.23213 -0.064847 0.043369 0.13225 0.016452 0.028183 0.092688 -0.052101 -0.065442 0.019666 0.030175 0.15227 -0.039186 0.069027 -0.030171 0.056792 -0.024564 0.033041 0.086403 0.085459 0.051704 0.022486 -0.060072 -0.020362 -0.027281 -0.032474 0.062147 -0.14033 0.070131 -0.062048 -0.024982 -0.18721 -0.026704 0.033456 0.18979 -0.12577 0.026666 0.10878 0.0011664 -0.0053093
0.062537 0.071894 0.14837 0.10925 0.019919 0.023065 -0.0097935 0 0.052854 0.042712 0.077358 0.12994 0.10472 0.016107 0.03496 0.002528 0.10931 0.065513 -0.036514 0.091185 -0.056753 0.021304 0.0012667 -0.0079207 -0.040689 -0.021399 0.058073 0.01708 0.026651 0.010537 0.067616 -0.05632 0.024961 0.046351 -0.024322 -0.082139 -0.074286 0.04677 0.021582 0.073685 0.01411 0.049843 0.12391 0.0013233 0.013548 0.0086554 0.0057022 -0.0015141 -0.0030667 -2.9955e-05 0.045918 0.089352 -0.022049 0.0767 -0.040847 0.024108 -0.0047615 0.00076909 -0.018992 0.0032731 0.071618 0.031254 0.031679 0.0033725 0.06599 -0.037771 0.010308 0.043688 0.0019668 -0.086776 -0.013537 0.05391 0.01393 0.08139 0.033701 0.062402 0.10338 0.019623 0.034537 0.0084749 0.01479 0.055403 -0.018246 0.0007495 0.057286 0.091153
0.21189 0.22155 0.14256 0.1415 0.055296 0.087577 -0.0086664 0.052854 0 0.22213 0.22638 0.1306 0.13537 0.044674 0.073163 -0.020405 0.051718 0.19619 -0.044076 0.16582 0.0096244 0.064833 0.018895 0.0064662 0.033542 0.011292 0.12921 0.020623 0.080171 0.094025 0.020929 -0.05101 0.065272 0.11784 0.042328 -0.057739 -0.01045 0.16846 0.093469 0.19305 0.072154 0.15384 0.13684 0.10306 0.080833 0.054869 0.0007886 0.11466 -0.02901 -0.018601 0.12157 0.18543 -0.034888 0.17129 0.045627 0.058456 0.030045 -0.01065 0.06015 0.020198 0.14468 0.015598 0.095221 0.08282 0.060134 -0.011895 0.036081 0.071772 0.08781 -0.032427 0.041207 0.17501 0.072801 0.18553 0.066727 0.17407 0.13797 0.10756 0.12522 0.024905 0.0011202 0.15082 -0.035149 -0.0034153 0.12296 0.17371
0.72486 0.35086 0.28769 0.25811 0.094594 0.05609 -0.040623 0.042712 0.22213 0 0.32241 0.28211 0.21601 0.097842 0.050837 -0.050504 0.035455 0.23067 -0.063896 0.23155 0.27345 -0.010238 0.050093 -0.074604 0.22956 0.23894 0.15071 -0.067076 0.20971 0.00056463 -0.014255 0.057425 0.04441 0.18853 0.23749 0.10124 0.19436 0.11499 0.2495 0.31364 0.26911 0.24199 0.087444 0.46491 0.28539 0.2502 -0.13058 0.39896 -0.018342 -0.0051861 0.033503 0.22507 -0.15211 0.17078 0.14236 -0.019583 0.026807 -0.091119 0.12708 0.13085 0.10464 -0.036639 0.10612 -0.0092354 -0.018822 0.0079665 0.026626 0.12431 0.14499 0.037729 0.056034 0.13207 0.144 0.26135 0.16192 0.15701 0.055165 0.24005 0.10028 0.089423 -0.11274 0.32451 -0.03607 -0.055587 0.053446 0.18734
0.41743 0.48222 0.26919 0.27847 0.10089 0.0029935 -0.1021 0.077358 0.22638 0.32241 0 0.323 0.30447 0.10986 -0.0035292 -0.10833 0.094941 0.24993 -0.18701 0.28831 -0.008266 0.06357 0.020733 -0.060612 0.023051 -0.0091968 0.14799 0.0631 0.13243 0.107 -0.056689 -0.18047 0.015242 0.11842 0.041728 -0.13867 -0.056224 0.23038 0.05032 0.3452 0.0676 0.19756 0.18749 0.20044 0.081122 0.093323 -0.15897 0.22444 -0.083728 -0.072538 0.16341 0.28368 -0.14022 0.302 0.15736 0.073514 0.0091483 -0.089767 0.15621 0.0086522 0.19572 0.040453 0.19346 0.068931 -0.0022305 -0.057729 0.012175 0.12772 0.24595 -0.0020578 0.1543 0.26879 0.035081 0.39733 0.10745 0.26477 0.20419 0.31112 0.26716 0.073995 -0.13305 0.31849 -0.036123 -0.096422 0.16843 0.30348
0.35787 0.26543 0.57233 0.37127 0.10719 0.026496 -0.04257 0.12994 0.1306 0.28211 0.323 0 0.39649 0.083673 0.028887 -0.031984 0.14502 0.15519 -0.07431 0.2089 0.070151 -0.029265 -0.00576 -0.053334 0.0062541 0.033692 0.085418 0.012167 0.19001 0.0011132 -0.045257 -0.13096 -0.025915 0.038609 0.19792 -0.045718 0.10885 0.086236 0.0075558 0.22606 0.06694 0.071387 0.17598 0.23139 0.12515 0.07561 -0.096195 0.18795 -0.082308 -0.066588 0.067009 0.19694 -0.031503 0.23783 0.19026 -0.053449 0.022093 -0.073647 0.091108 0.061606 0.089572 -0.0058625 0.23942 -0.027738 0.0020145 -0.045155 0.0098298 0.041417 0.28067 0.050025 0.22644 0.096888 -0.042578 0.26803 0.081712 0.12304 0.18465 0.28502 0.23702 0.033386 -0.088733 0.24668 -0.054057 -0.053507 0.059213 0.21739
0.2937 0.25451 0.37286 0.64048 0.16073 0.0046886 -0.026212 0.10472 0.13537 0.21601 0.30447 0.39649 0 0.14262 0.00977 -0.0069692 0.11622 0.15711 -0.059409 0.27193 -0.033081 0.02719 0.017456 -0.021512 -0.090436 0.0022871 -0.0050766 0.051264 0.13606 0.040259 -0.067231 -0.16454 -0.021907 0.16404 0.15217 -0.10553 0.045424 0.12148 0.11514 0.2203 0.22321 0.019655 0.11395 0.13787 0.12258 0.099123 -0.041009 0.22641 -0.087721 -0.044337 0.12726 0.32227 0.0047798 0.29093 0.0331 0.022162 0.016589 -0.019612 -0.033894 0.031223 0.0087199 0.046945 0.18984 0.022601 -0.038 -0.11584 -0.0028719 0.15618 0.29541 -0.043994 0.18863 0.14145 0.11759 0.25293 0.29198 0.073307 0.12948 0.20235 0.19549 0.095087 -0.0054726 0.32419 -0.086906 -0.046571 0.12725 0.37844
0.11246 0.095282 0.066497 0.12243 0.044385 -0.015948 -0.023537 0.016107 0.044674 0.097842 0.10986 0.083673 0.14262 0 -0.0080727 -0.027367 0.0070536 0.09027 -0.02565 0.12997 -0.040376 0.012465 0.010948 -0.018328 -0.027503 -0.019613 0.013188 -0.010583 0.033583 0.01543 -0.031237 -0.056873 -0.00027458 0.057174 0.025552 -0.044073 -0.0091849 0.055928 0.059504 0.087332 0.06535 0.03804 0.055235 0.044482 0.049545 0.016281 -0.014483 0.080168 -0.039367 -0.01053 0.073349 0.12151 -0.017447 0.10563 0.0040741 0.013228 0.004561 -0.021113 -0.0025662 -0.0087921 0.025325 -0.010713 0.032712 0.017959 -0.0084284 -0.029768 -0.0048805 0.066102 0.078981 -0.032743 0.058323 0.070209 0.063046 0.090151 0.083998 0.048804 0.069924 0.067717 0.09218 0.0054635 -0.012311 0.11844 -0.025254 -0.024124 0.062405 0.13296
-0.00041671 -0.00078956 0.032079 0.0072693 -0.0038671 0.43383 0.17064 0.03496 0.073163 0.050837 -0.0035292 0.028887 0.00977 -0.0080727 0 0.2094 0.040257 0.070254 0.051347 0.035411 0.1283 0.088189 0.10967 0.22985 0.22369 0.13022 0.32296 0.12259 0.087848 0.10382 0.3073 0.17884 0.27338 0.075864 -0.038635 -0.011613 -0.043527 0.068742 0.082398 0.082287 0.056974 0.25762 0.24131 -0.021169 0.15584 0.076471 0.21569 -0.085148 0.044795 0.13478 0.094666 0.079947 0.043417 0.040023 0.053372 0.076677 0.10572 0.22219 0.16012 0.13029 0.30328 0.10837 0.055786 0.097758 0.27283 0.16283 0.27557 0.065811 -0.085738 -0.048796 -0.071098 0.057751 0.10762 0.065074 0.04963 0.24842 0.17502 -0.06451 0.098375 0.067205 0.20691 -0.087319 0.035638 0.14132 0.096846 0.077331
-0.095108 -0.09414 -0.030332 -0.014338 -0.026502 0.16453 0.25049 0.002528 -0.020405 -0.050504 -0.10833 -0.031984 -0.0069692 -0.027367 0.2094 0 0.014255 -0.0054944 0.11367 -0.037383 0.041865 0.027271 0.07156 0.16616 0.040321 0.11779 -0.0090221 0.026139 0.014487 0.031131 0.13425 0.1267 0.091107 0.021109 0.0043229 0.045381 0.047179 -0.050187 0.043927 -0.10925 0.070475 -0.030892 0.0038269 -0.10986 0.038541 0.030452 0.20175 -0.069343 0.041537 0.10809 0.012499 0.023184 0.10504 -0.039259 -0.026201 0.017325 0.040703 0.17503 -0.012787 0.11507 -0.025542 0.021685 -0.0035722 0.027377 0.098466 0.090702 0.096834 0.024044 -0.023892 -0.0090922 0.0089605 -0.058527 0.061158 -0.12888 0.075476 -0.051307 -0.02767 -0.14638 -0.01674 0.03927 0.21019 -0.090745 0.025096 0.13135 0.0029075 0.02053
0.044507 0.05614 0.11725 0.094669 0.019934 0.042621 -0.010063 0.10931 0.051718 0.035455 0.094941 0.14502 0.11622 0.0070536 0.040257 0.014255 0 0.067486 -0.025165 0.090422 -0.047265 0.028712 0.016957 -0.0045674 -0.016286 -0.03467 0.081189 0.031235 0.018037 0.03116 0.055607 -0.06696 0.010244 0.028718 -0.019856 -0.081351 -0.062244 0.046752 0.0063121 0.067919 -0.0047802 0.075307 0.12535 -0.0099682 0.017587 0.0017509 0.013374 -0.027683 -0.015505 -0.013277 0.043694 0.064564 -0.012521 0.077596 -0.03596 0.028994 0.0084689 0.015983 -0.017638 -0.01399 0.069716 0.026581 0.025582 0.021248 0.048877 -0.035427 0.022687 0.032411 -0.0088259 -0.10256 -0.025309 0.050982 -0.0043593 0.073898 0.00021019 0.074388 0.11602 0.018887 0.017241 0.0022351 0.022012 0.018599 -0.01965 -0.004439 0.048766 0.070708
0.26488 0.20937 0.1546 0.14875 0.060228 0.071876 -0.03005 0.065513 0.19619 0.23067 0.24993 0.15519 0.15711 0.09027 0.070254 -0.0054944 0.067486 0 -0.060602 0.16591 0.036782 0.051535 0.043874 0.015199 0.059226 0.033767 0.12032 0.022174 0.093363 0.089677 0.016258 -0.027646 0.071374 0.092288 0.032085 -0.052299 -0.0033505 0.16132 0.077217 0.18845 0.066434 0.15642 0.13605 0.11795 0.082244 0.062709 0.013686 0.1378 -0.033713 0.026499 0.16536 0.19316 -0.0071286 0.18356 0.10171 0.062589 0.027351 0.012895 0.10787 0.043391 0.14836 0.024497 0.1181 0.080377 0.064494 0.019366 0.058412 0.10831 0.12113 0.011056 0.087056 0.17867 0.073892 0.20341 0.087009 0.19158 0.14174 0.1522 0.16219 0.057666 0.02218 0.17536 -4.0523e-05 0.003096 0.13456 0.21608
-0.15823 -0.10361 -0.027913 -0.05218 -0.016745 0.06468 0.14864 -0.036514 -0.044076 -0.063896 -0.18701 -0.07431 -0.059409 -0.02565 0.051347 0.11367 -0.025165 -0.060602 0 -0.038844 0.24178 0.046343 0.041994 0.25706 0.20105 0.271 -0.15931 0.084466 0.079891 0.075119 0.018907 0.57466 0.0012895 -0.0050175 0.50049 0.24542 0.55873 -0.025766 0.073786 -0.094943 0.16935 -0.061444 -0.13923 0.012935 0.20711 0.086775 0.71499 0.24524 0.12067 0.16245 0.15682 0.11826 0.63737 -0.053149 0.038083 0.029011 0.020621 0.21242 0.016235 0.18555 -0.19821 0.091158 0.0049522 0.066755 -0.060574 0.32158 0.019156 0.007024 0.21154 0.15697 0.26165 -0.056932 0.11278 -0.16821 0.12303 -0.13836 -0.12208 -0.10777 0.023955 0.062014 0.59579 0.041164 0.057104 0.1638 0.16093 0.082353
0.23536 0.26112 0.2058 0.29874 0.10516 0.041583 -0.042065 0.091185 0.16582 0.23155 0.28831 0.2089 0.27193 0.12997 0.035411 -0.037383 0.090422 0.16591 -0.038844 0 -0.10682 0.17523 0.053608 0.025342 -0.1114 -0.01704 0.011629 0.045203 0.21158 0.19538 -0.092712 -0.26796 0.0077159 0.38444 0.20929 -0.21835 0.014028 0.29151 0.32028 0.41985 0.39588 0.098934 0.28146 0.26441 0.32395 0.26739 0.055731 0.37269 -0.12804 -0.040511 0.29237 0.56627 0.023011 0.59022 -0.10184 0.18693 0.013584 0.010501 -0.11083 0.0053459 0.054983 0.053906 0.18374 0.16894 -0.043064 -0.23739 0.025612 0.36284 0.30932 -0.24021 0.12361 0.29221 0.27788 0.44318 0.39446 0.16353 0.27895 0.24372 0.29425 0.22142 0.055797 0.46679 -0.15767 -0.079219 0.24295 0.55652
0.071613 0.053806 0.12634 -0.022759 0.0013081 0.14081 0.046829 -0.056753 0.0096244 0.27345 -0.008266 0.070151 -0.033081 -0.040376 0.1283 0.041865 -0.047265 0.036782 0.24178 -0.10682 0 -0.14113 0.066944 0.17787 0.72931 0.57001 0.19609 -0.084707 0.28241 -0.089519 0.11035 0.48589 0.16291 -0.070031 0.56097 0.46681 0.54568 -0.12278 -0.0023538 0.11069 0.13892 0.32372 -0.044664 0.70731 0.43116 0.39977 0.050026 0.48482 0.033141 0.0054866 -0.020157 -0.040926 0.032668 -0.11675 0.65912 -0.19408 0.060466 0.10065 0.54044 0.30901 0.066029 -0.044277 0.094317 -0.085148 0.051921 0.30992 0.11903 -0.065188 0.25873 0.3609 0.21353 -0.12428 0.0050576 -0.011361 0.0549 0.16965 -0.12176 0.28781 0.11221 0.17415 0.033485 0.099477 0.081974 0.01856 -0.0079606 -0.098769
-0.033839 0.080477 -0.0029811 0.029558 0.00188 0.10145 0.027302 0.021304 0.064833 -0.010238 0.06357 -0.029265 0.02719 0.012465 0.088189 0.027271 0.028712 0.051535 0.046343 0.17523 -0.14113 0 0.021689 0.35372 0.052172 -0.12777 0.11936 0.29112 0.036394 0.91903 0.012634 -0.13903 0.15679 0.35481 -0.061552 -0.18145 -0.13012 0.87767 0.3091 0.079844 0.2918 0.27003 0.070497 -0.031728 0.076888 0.64179 0.20002 0.018823 -0.030652 0.021876 0.20459 0.23698 0.095471 0.16523 -0.23199 0.9728 0.004652 0.39323 -0.058683 -0.069687 0.15019 0.34914 -0.010313 0.90927 -0.011709 -0.17483 0.16503 0.33192 -0.081009 -0.24903 -0.13759 0.83617 0.35829 0.075426 0.31223 0.30976 0.084105 -0.082884 -0.00048514 0.59238 0.18044 0.067329 -0.071669 0.017753 0.17176 0.21422
0.025231 0.022009 0.012234 0.014445 0.010979 0.13569 0.074684 0.0012667 0.018895 0.050093 0.020733 -0.00576 0.017456 0.010948 0.10967 0.07156 0.016957 0.043874 0.041994 0.053608 0.066944 0.021689 0 0.16108 0.11139 0.1418 0.060634 0.037534 0.097855 0.04524 0.092477 0.10581 0.098204 0.034205 0.066827 0.038145 0.069207 0.029148 0.050348 0.046472 0.059285 0.049048 0.061162 0.044343 0.071024 0.092212 0.10977 0.065427 0.032684 0.10406 0.052003 0.10448 0.019857 0.025363 0.037842 0.010761 0.057608 0.13104 0.074844 0.11476 0.061172 0.02994 0.061284 0.0439 0.084322 0.073699 0.085961 0.011989 0.055605 0.012219 0.045724 0.020812 0.040585 0.037678 0.051256 0.062648 0.034556 -0.0033959 0.049576 0.076801 0.080034 0.039927 0.019563 0.051313 0.031729 0.09335
-0.052926 -0.047112 -0.035614 -0.017844 -0.011031 0.2202 0.17313 -0.0079207 0.0064662 -0.074604 -0.060612 -0.053334 -0.021512 -0.018328 0.22985 0.16616 -0.0045674 0.015199 0.25706 0.025342 0.17787 0.35372 0.16108 0 0.31524 0.35099 0.079625 0.55415 0.10249 0.53024 0.17248 0.20505 0.3295 0.11138 0.12954 0.042131 0.099135 0.30884 0.10891 -0.046249 0.15359 0.11106 0.041841 -0.022442 0.096378 0.5159 0.34405 0.0079946 0.070217 0.15235 0.12231 0.13908 0.24861 0.045099 0.049823 0.32385 0.10885 0.80695 0.19024 0.34859 0.081427 0.51146 0.073931 0.52727 0.13272 0.19018 0.34522 0.12414 0.11634 -0.027911 0.13811 0.23953 0.16177 -0.0375 0.1955 0.15848 0.038826 -0.077032 0.056506 0.51627 0.27656 0.0040838 0.043673 0.13771 0.093579 0.10411
0.068448 0.07217 0.039729 -0.08333 -0.018269 0.23866 0.059951 -0.040689 0.033542 0.22956 0.023051 0.0062541 -0.090436 -0.027503 0.22369 0.040321 -0.016286 0.059226 0.20105 -0.1114 0.72931 0.052172 0.11139 0.31524 0 0.52976 0.5493 0.043638 0.18511 0.10186 0.31834 0.62863 0.41144 -0.022361 0.25266 0.36179 0.25538 0.012894 -0.05383 0.2243 -0.089397 0.7138 0.12456 0.53801 0.39447 0.39236 0.077483 0.2678 0.16705 0.1002 0.00097235 -0.081478 0.031605 -0.12707 0.51157 -0.02328 0.06784 0.22299 0.75262 0.31466 0.42807 0.049061 0.045854 0.089914 0.26603 0.51825 0.32901 -0.029595 0.050023 0.23524 0.073217 -0.00085449 -0.057281 0.07725 -0.11721 0.53847 0.038582 0.17204 0.1767 0.18138 0.04865 0.00046383 0.21435 0.12733 0.014847 -0.12861
0.14154 0.050658 0.054675 0.016496 0.0021191 0.12603 0.12843 -0.021399 0.011292 0.23894 -0.0091968 0.033692 0.0022871 -0.019613 0.13022 0.11779 -0.03467 0.033767 0.271 -0.01704 0.57001 -0.12777 0.1418 0.35099 0.52976 0 -0.0018369 0.08645 0.25552 -0.068681 0.074618 0.45771 0.11747 -0.024868 0.44073 0.39594 0.47556 -0.11131 0.027877 0.036683 0.14667 -0.01048 -0.079654 0.39852 0.23214 0.39201 0.16851 0.43984 0.026418 0.11953 -0.0045495 0.095091 0.12188 -0.022271 0.33665 -0.15943 0.090284 0.26023 0.33429 0.55877 -0.09699 0.052854 0.13891 -0.065474 -0.0050752 0.30209 0.057717 -0.038325 0.26005 0.25565 0.31472 -0.12716 0.0083566 -0.0095909 0.07661 -0.047992 -0.11199 0.12601 0.031537 0.26873 0.12364 0.20354 0.05002 0.085651 0.003267 0.040801
0.096696 0.14521 0.083863 0.0081928 -0.0057148 0.33946 -0.0020043 0.058073 0.12921 0.15071 0.14799 0.085418 -0.0050766 0.013188 0.32296 -0.0090221 0.081189 0.12032 -0.15931 0.011629 0.19609 0.11936 0.060634 0.079625 0.5493 -0.0018369 0 0.010699 0.045961 0.1154 0.51034 0.23408 0.39272 0.075839 -0.22163 -0.039016 -0.23633 0.14249 0.03898 0.42055 -0.14416 0.81943 0.47272 0.099512 0.26862 -0.014224 -0.0061795 -0.15055 0.14467 0.050849 0.11575 -0.032158 -0.14985 0.011219 0.084309 0.080119 0.059086 0.059838 0.36082 -0.044797 0.77184 0.037032 -0.023822 0.10201 0.47084 0.23382 0.31387 0.054445 -0.3062 -0.11255 -0.26449 0.16579 0.045624 0.28635 -0.14041 0.71983 0.34155 -0.037914 0.19326 -0.11276 0.0099685 -0.20457 0.12314 0.065413 0.094953 -0.057388
0.025519 0.074354 0.00064939 0.027522 -0.010324 0.12472 0.068507 0.01708 0.020623 -0.067076 0.0631 0.012167 0.051264 -0.010583 0.12259 0.026139 0.031235 0.022174 0.084466 0.045203 -0.084707 0.29112 0.037534 0.55415 0.043638 0.08645 0.010699 0 0.053247 0.44456 0.088822 0.0085921 0.051549 0.071286 -0.0014588 -0.021422 0.0032914 0.35084 0.041489 0.029647 0.093198 -0.029188 0.07096 -0.104 -0.026834 0.33775 0.18621 -0.10699 0.010132 0.054623 0.12821 0.12914 0.15872 0.087136 -0.064361 0.29982 0.029505 0.57211 0.0081808 0.17253 0.016372 0.9506 0.08294 0.38387 0.05977 0.046133 0.087709 0.077264 0.10572 -0.03014 0.09953 0.34701 0.12409 0.04196 0.17572 0.01999 0.071503 -0.062714 0.0082319 0.40802 0.15127 0.038241 0.02261 0.044561 0.10437 0.1377
0.19164 0.14998 0.19587 0.1488 0.069883 0.084037 0.015809 0.026651 0.080171 0.20971 0.13243 0.19001 0.13606 0.033583 0.087848 0.014487 0.018037 0.093363 0.079891 0.21158 0.28241 0.036394 0.097855 0.10249 0.18511 0.25552 0.045961 0.053247 0 0.051401 0.057715 0.088868 0.05669 0.067699 0.43102 0.29524 0.46855 0.0962 0.029744 0.2654 0.12327 0.098953 0.20645 0.4478 0.29993 0.19312 0.070166 0.40597 -0.033582 0.051781 0.13244 0.32895 0.076844 0.20043 0.2242 0.019033 0.055154 0.069068 0.15466 0.1644 -0.0045644 0.050993 0.39836 0.040376 0.04864 0.064278 0.016811 0.043038 0.36641 0.22779 0.42727 0.089183 0.031687 0.20124 0.10379 0.076998 0.15845 0.27164 0.22321 0.090786 0.060117 0.28258 0.0056787 -0.0037877 0.11969 0.30803
-0.0034129 0.12266 0.020947 0.044397 0.0062991 0.12332 0.036612 0.010537 0.094025 0.00056463 0.107 0.0011132 0.040259 0.01543 0.10382 0.031131 0.03116 0.089677 0.075119 0.19538 -0.089519 0.91903 0.04524 0.53024 0.10186 -0.068681 0.1154 0.44456 0.051401 0 0.032517 -0.11918 0.21675 0.36492 -0.023192 -0.16321 -0.074804 0.91479 0.33505 0.10494 0.29299 0.23681 0.080368 -0.022522 0.075233 0.65947 0.22405 0.058838 -0.017406 0.01733 0.27042 0.27552 0.098679 0.1774 -0.16479 0.90926 0.014282 0.53426 0.0027828 0.0086453 0.15041 0.48277 0.032815 0.92502 0.0029633 -0.12786 0.23052 0.33446 0.004335 -0.20588 -0.050439 0.87624 0.37722 0.10914 0.32215 0.30111 0.087522 -0.059185 0.026643 0.63107 0.19286 0.14151 -0.046994 0.0030199 0.23097 0.25244
-0.15149 -0.027534 -0.0046076 -0.029358 -0.027597 0.30279 0.16007 0.067616 0.020929 -0.014255 -0.056689 -0.045257 -0.067231 -0.031237 0.3073 0.13425 0.055607 0.016258 0.018907 -0.092712 0.11035 0.012634 0.092477 0.17248 0.31834 0.074618 0.51034 0.088822 0.057715 0.032517 0 0.38269 0.27781 -0.010769 -0.16576 0.083598 -0.093115 -0.0037757 0.016821 -0.0083024 -0.076538 0.40839 0.40048 -0.2082 0.26876 -0.098278 0.19076 -0.29769 0.28503 0.18161 0.030734 -0.082909 -0.040209 -0.11772 -0.14113 -0.00097374 0.039997 0.1759 0.077843 0.016678 0.38348 0.11401 -0.086594 0.02849 0.56034 0.25146 0.22656 -0.01906 -0.35033 -0.096294 -0.26836 -0.015676 0.035932 -0.11418 -0.098042 0.23727 0.23037 -0.38484 0.045006 -0.1253 0.15416 -0.36433 0.21548 0.17071 0.026914 -0.12162
-0.11277 -0.10135 -0.067747 -0.15358 -0.033729 0.20858 0.16408 -0.05632 -0.05101 0.057425 -0.18047 -0.13096 -0.16454 -0.056873 0.17884 0.1267 -0.06696 -0.027646 0.57466 -0.26796 0.48589 -0.13903 0.10581 0.20505 0.62863 0.45771 0.23408 0.0085921 0.088868 -0.11918 0.38269 0 0.15697 -0.1827 0.21432 0.58606 0.3736 -0.19521 -0.10293 -0.069825 -0.13095 0.27661 0.0026177 0.042273 0.38235 -0.094952 0.37403 0.12746 0.32116 0.27963 -0.077408 -0.19213 0.23619 -0.28312 0.195 -0.18634 0.071623 0.14931 0.32702 0.2797 0.074025 0.020493 -0.059451 -0.10423 0.20963 0.74392 0.094034 -0.17231 -0.12208 0.38166 -0.00018447 -0.21848 -0.085258 -0.21009 -0.17915 0.01913 -0.10015 -0.23864 0.074121 -0.13618 0.27128 -0.20778 0.31573 0.26937 -0.054264 -0.21809
0.011445 0.016555 -0.021341 -0.021571 -0.0095697 0.27585 0.069422 0.024961 0.065272 0.04441 0.015242 -0.025915 -0.021907 -0.00027458 0.27338 0.091107 0.010244 0.071374 0.0012895 0.0077159 0.16291 0.15679 0.098204 0.3295 0.41144 0.11747 0.39272 0.051549 0.05669 0.21675 0.27781 0.15697 0 0.10194 -0.046997 -0.024729 -0.069931 0.13577 0.055801 0.070858 -0.027787 0.4461 0.21453 0.063211 0.14905 0.14254 0.14491 -0.061798 0.058233 0.093744 0.091219 0.040802 0.035503 0.001228 0.11741 0.12101 0.0713 0.28013 0.30506 0.10685 0.38269 0.055478 0.013579 0.21181 0.27997 0.1859 0.43962 0.080353 -0.077672 -0.029364 -0.042484 0.11308 0.04031 0.046655 -0.0233 0.41973 0.15554 -0.0098686 0.13228 0.081466 0.138 -0.082242 0.082071 0.1027 0.064967 0.00019114
0.11621 0.17046 0.056191 0.19336 0.024541 0.077098 0.01966 0.046351 0.11784 0.18853 0.11842 0.038609 0.16404 0.057174 0.075864 0.021109 0.028718 0.092288 -0.0050175 0.38444 -0.070031 0.35481 0.034205 0.11138 -0.022361 -0.024868 0.075839 0.071286 0.067699 0.36492 -0.010769 -0.1827 0.10194 0 0.13452 -0.20007 0.0018631 0.42312 0.51963 0.26918 0.58752 0.20404 0.095958 0.14975 0.31202 0.37044 0.17586 0.33378 -0.064994 -0.0073259 0.36395 0.47712 0.040311 0.34124 -0.099451 0.3313 0.0044817 0.094672 -0.064816 -0.031847 0.10024 0.0637 0.041474 0.32956 -0.021206 -0.19671 0.1339 0.76529 0.17856 -0.21914 0.062425 0.40218 0.4459 0.31837 0.52356 0.25634 0.087243 0.12839 0.24646 0.29734 0.17246 0.39197 -0.097471 -0.031194 0.31737 0.44825
0.10194 0.12214 0.23559 0.18525 0.070334 -0.033528 0.020578 -0.024322 0.042328 0.23749 0.041728 0.19792 0.15217 0.025552 -0.038635 0.0043229 -0.019856 0.032085 0.50049 0.20929 0.56097 -0.061552 0.066827 0.12954 0.25266 0.44073 -0.22163 -0.0014588 0.43102 -0.023192 -0.16576 0.21432 -0.046997 0.13452 0 0.39516 0.84245 0.016515 0.10105 0.099078 0.38021 -0.078367 -0.11119 0.56763 0.50157 0.31105 0.2338 0.68228 -0.051453 0.0089842 0.12501 0.37982 0.25005 0.19383 0.34914 -0.080187 0.026895 0.061724 0.12986 0.20793 -0.28495 -0.00060537 0.28646 -0.027029 -0.20393 0.04297 -0.05104 0.11367 0.66347 0.26276 0.6005 -0.00016163 0.09449 0.035701 0.31261 -0.13687 -0.11457 0.2414 0.24757 0.19016 0.17607 0.45538 -0.048795 -0.031537 0.12342 0.32978
-0.058363 -0.062923 -0.0058517 -0.087815 0.0023348 0.020308 0.075817 -0.082139 -0.057739 0.10124 -0.13867 -0.045718 -0.10553 -0.044073 -0.011613 0.045381 -0.081351 -0.052299 0.24542 -0.21835 0.46681 -0.18145 0.038145 0.042131 0.36179 0.39594 -0.039016 -0.021422 0.29524 -0.16321 0.083598 0.58606 -0.024729 -0.20007 0.39516 0 0.61781 -0.16695 -0.13806 -0.11516 -0.070766 -0.075817 -0.16698 0.20011 0.23393 -0.074453 0.018505 0.2165 0.15492 0.08335 -0.081704 -0.11955 -0.013539 -0.23008 0.19753 -0.19667 0.039929 0.007357 0.12124 0.17647 -0.19681 -0.01831 0.11022 -0.15736 -0.026341 0.26866 -0.040741 -0.18549 0.079853 0.56035 0.22361 -0.17856 -0.10863 -0.21848 -0.1043 -0.27896 -0.23802 -0.12874 -0.08266 -0.13974 -0.016297 -0.06438 0.12377 0.070321 -0.069214 -0.13402
0.018666 0.015455 0.1398 0.063474 0.049674 -0.021809 0.069194 -0.074286 -0.01045 0.19436 -0.056224 0.10885 0.045424 -0.0091849 -0.043527 0.047179 -0.062244 -0.0033505 0.55873 0.014028 0.54568 -0.13012 0.069207 0.099135 0.25538 0.47556 -0.23633 0.0032914 0.46855 -0.074804 -0.093115 0.3736 -0.069931 0.0018631 0.84245 0.61781 0 -0.074085 -0.019873 -0.034668 0.24864 -0.20517 -0.20227 0.41805 0.35809 0.17395 0.22059 0.56201 0.042022 0.03637 0.013626 0.19517 0.26118 -0.030124 0.2963 -0.14031 0.046904 0.035501 0.023082 0.23845 -0.33094 0.010136 0.27394 -0.084539 -0.17149 0.10239 -0.081956 -0.010656 0.49119 0.4614 0.59506 -0.087545 0.011564 -0.12706 0.1566 -0.30923 -0.21958 0.075824 0.016857 0.072921 0.14854 0.23772 -0.020109 -0.0005024 0.033372 0.15409
0.10866 0.22428 0.087559 0.12291 0.048851 0.085576 -0.013731 0.04677 0.16846 0.11499 0.23038 0.086236 0.12148 0.055928 0.068742 -0.050187 0.046752 0.16132 -0.025766 0.29151 -0.12278 0.87767 0.029148 0.30884 0.012894 -0.11131 0.14249 0.35084 0.0962 0.91479 -0.0037757 -0.19521 0.13577 0.42312 0.016515 -0.16695 -0.074085 0 0.41317 0.22886 0.37302 0.27155 0.12365 0.02492 0.10922 0.57508 0.11749 0.14425 -0.05745 -0.019408 0.32002 0.36837 0.00028262 0.28269 -0.15666 0.84161 0.0058601 0.3187 -0.035992 -0.048325 0.17997 0.41602 0.085897 0.87525 -0.0047563 -0.19068 0.14509 0.3963 0.053392 -0.18484 -0.025642 0.96547 0.44777 0.24529 0.40668 0.32687 0.14119 0.028244 0.085565 0.54487 0.093428 0.27312 -0.067577 -0.049211 0.28597 0.35996
0.05384 0.12835 0.01114 0.18725 0.074126 0.09614 0.059735 0.021582 0.093469 0.2495 0.05032 0.0075558 0.11514 0.059504 0.082398 0.043927 0.0063121 0.077217 0.073786 0.32028 -0.0023538 0.3091 0.050348 0.10891 -0.05383 0.027877 0.03898 0.041489 0.029744 0.33505 0.016821 -0.10293 0.055801 0.51963 0.10105 -0.13806 -0.019873 0.41317 0 0.09559 0.88326 0.090499 0.013569 0.062918 0.30782 0.42013 0.32285 0.39473 -0.0098091 0.044339 0.48843 0.59682 0.065931 0.27732 -0.15051 0.27904 0.00446 0.089871 -0.1339 -0.027848 0.020887 0.0299 -0.019454 0.29936 -0.022655 -0.18373 0.076639 0.46988 0.08105 -0.21936 -0.077267 0.37627 0.89227 0.1265 0.78055 0.098613 -0.0044435 -0.038951 0.14881 0.32441 0.27476 0.37327 -0.090159 -0.011011 0.40066 0.49525
0.36373 0.33451 0.20532 0.21216 0.091384 0.097911 -0.12238 0.073685 0.19305 0.31364 0.3452 0.22606 0.2203 0.087332 0.082287 -0.10925 0.067919 0.18845 -0.094943 0.41985 0.11069 0.079844 0.046472 -0.046249 0.2243 0.036683 0.42055 0.029647 0.2654 0.10494 -0.0083024 -0.069825 0.070858 0.26918 0.099078 -0.11516 -0.034668 0.22886 0.09559 0 0.081917 0.5463 0.3717 0.44185 0.29834 0.17097 -0.078684 0.36124 -0.071157 -0.047987 0.20014 0.35101 -0.076512 0.38797 0.16635 0.08323 0.044937 -0.057962 0.25952 0.062158 0.42221 0.034254 0.24489 0.063482 0.093867 0.020506 0.037395 0.2191 0.18415 -0.073938 0.10561 0.24812 0.074644 0.69263 0.1063 0.52272 0.33851 0.43859 0.34472 0.072033 -0.054616 0.37703 -0.079993 -0.080531 0.1879 0.36262
0.077444 0.12 0.085506 0.28703 0.091398 0.056469 0.070543 0.01411 0.072154 0.26911 0.0676 0.06694 0.22321 0.06535 0.056974 0.070475 -0.0047802 0.066434 0.16935 0.39588 0.13892 0.2918 0.059285 0.15359 -0.089397 0.14667 -0.14416 0.093198 0.12327 0.29299 -0.076538 -0.13095 -0.027787 0.58752 0.38021 -0.070766 0.24864 0.37302 0.88326 0.081917 0 -0.080357 -0.043161 0.15094 0.46649 0.50826 0.31984 0.53916 -0.053963 0.018071 0.41752 0.62932 0.1368 0.34584 -0.061426 0.261 0.0043576 0.12912 -0.19445 0.034141 -0.15011 0.091395 0.073196 0.27333 -0.12532 -0.2312 0.030488 0.55718 0.33207 -0.18089 0.11984 0.34343 0.81575 0.11389 0.90867 -0.028928 -0.05021 0.038103 0.2663 0.44494 0.27006 0.48093 -0.11814 -0.031069 0.33063 0.54831
0.1843 0.19539 0.091057 0.03633 0.011363 0.27066 -0.037877 0.049843 0.15384 0.24199 0.19756 0.071387 0.019655 0.03804 0.25762 -0.030892 0.075307 0.15642 -0.061444 0.098934 0.32372 0.27003 0.049048 0.11106 0.7138 -0.01048 0.81943 -0.029188 0.098953 0.23681 0.40839 0.27661 0.4461 0.20404 -0.078367 -0.075817 -0.20517 0.27155 0.090499 0.5463 -0.080357 0 0.44341 0.32833 0.38879 0.16829 0.028288 0.08267 0.14202 0.050884 0.12327 0.058211 -0.051274 0.083283 0.21525 0.22098 0.055068 0.093901 0.54865 -0.017088 0.77628 0.041873 0.0045891 0.22319 0.40368 0.32693 0.36601 0.15518 -0.18673 -0.11069 -0.21315 0.27653 0.071555 0.42083 -0.079853 0.92169 0.35502 0.15751 0.33683 0.011452 0.050672 0.00069184 0.15504 0.078931 0.12689 0.027563
0.094017 0.16073 0.17289 0.12924 0.054686 0.23297 -0.0018 0.12391 0.13684 0.087444 0.18749 0.17598 0.11395 0.055235 0.24131 0.0038269 0.12535 0.13605 -0.13923 0.28146 -0.044664 0.070497 0.061162 0.041841 0.12456 -0.079654 0.47272 0.07096 0.20645 0.080368 0.40048 0.0026177 0.21453 0.095958 -0.11119 -0.16698 -0.20227 0.12365 0.013569 0.3717 -0.043161 0.44341 0 0.060972 0.35599 -0.04078 0.034119 -0.062784 0.049006 0.040979 0.15603 0.18419 -0.090569 0.26802 -0.062562 0.059269 0.049109 0.030084 0.064454 -0.052732 0.43594 0.075916 0.14823 0.059703 0.42631 0.075428 0.16152 0.079725 -0.1042 -0.1767 -0.11038 0.12155 0.0052502 0.31681 -0.027725 0.39042 0.57853 0.036651 0.32755 -0.085266 0.062185 -0.02428 0.031748 0.048607 0.14044 0.17333
0.36519 0.22243 0.25675 0.16288 0.069659 -0.002542 -0.12566 0.0013233 0.10306 0.46491 0.20044 0.23139 0.13787 0.044482 -0.021169 -0.10986 -0.0099682 0.11795 0.012935 0.26441 0.70731 -0.031728 0.044343 -0.022442 0.53801 0.39852 0.099512 -0.104 0.4478 -0.022522 -0.2082 0.042273 0.063211 0.14975 0.56763 0.20011 0.41805 0.02492 0.062918 0.44185 0.15094 0.32833 0.060972 0 0.47701 0.4257 -0.12109 0.68221 -0.12434 -0.09224 0.078184 0.26007 -0.017354 0.22075 0.54781 -0.054774 0.03398 -0.056381 0.45035 0.22063 0.043653 -0.083735 0.28089 -0.040544 -0.14454 0.073691 0.019874 0.11833 0.43672 0.19262 0.31094 0.037259 0.011129 0.37127 0.10918 0.29739 0.037568 0.70481 0.28518 0.21072 -0.091069 0.45565 -0.083059 -0.12805 0.074786 0.20093
0.039695 0.16974 0.20769 0.16699 0.06604 0.17282 0.055698 0.013548 0.080833 0.28539 0.081122 0.12515 0.12258 0.049545 0.15584 0.038541 0.017587 0.082244 0.20711 0.32395 0.43116 0.076888 0.071024 0.096378 0.39447 0.23214 0.26862 -0.026834 0.29993 0.075233 0.26876 0.38235 0.14905 0.31202 0.50157 0.23393 0.35809 0.10922 0.30782 0.29834 0.46649 0.38879 0.35599 0.47701 0 0.28946 0.15655 0.48894 0.12473 0.062976 0.18188 0.29859 0.034395 0.2378 0.12423 0.02527 0.047876 0.054617 0.078822 0.087628 0.12297 -0.00039314 0.055419 0.06307 0.13638 0.12086 0.12391 0.29909 0.15949 -0.032773 0.050063 0.089594 0.25751 0.15868 0.37368 0.16839 0.17919 0.038606 0.5254 0.15141 0.15033 0.19696 0.082032 0.05161 0.16545 0.23517
0.18112 0.12618 0.062089 0.11379 0.01579 0.082117 0.02826 0.0086554 0.054869 0.2502 0.093323 0.07561 0.099123 0.016281 0.076471 0.030452 0.0017509 0.062709 0.086775 0.26739 0.39977 0.64179 0.092212 0.5159 0.39236 0.39201 -0.014224 0.33775 0.19312 0.65947 -0.098278 -0.094952 0.14254 0.37044 0.31105 -0.074453 0.17395 0.57508 0.42013 0.17097 0.50826 0.16829 -0.04078 0.4257 0.28946 0 0.094368 0.51029 -0.065361 -0.0096318 0.17865 0.36115 0.078813 0.24886 0.20614 0.60066 0.048198 0.46952 0.23154 0.32252 0.032162 0.29829 0.12956 0.66103 -0.09732 -0.11317 0.1546 0.33994 0.32592 -0.10193 0.17992 0.5588 0.36773 0.18617 0.46648 0.27529 -0.020724 0.25463 0.16722 0.93332 0.046523 0.43529 -0.06399 -0.037441 0.15769 0.31407
-0.17867 -0.10821 -0.070743 -0.017455 0.0078171 0.21645 0.23213 0.0057022 0.0007886 -0.13058 -0.15897 -0.096195 -0.041009 -0.014483 0.21569 0.20175 0.013374 0.013686 0.71499 0.055731 0.050026 0.20002 0.10977 0.34405 0.077483 0.16851 -0.0061795 0.18621 0.070166 0.22405 0.19076 0.37403 0.14491 0.17586 0.2338 0.018505 0.22059 0.11749 0.32285 -0.078684 0.31984 0.028288 0.034119 -0.12109 0.15655 0.094368 0 0.10241 0.076302 0.22619 0.56894 0.31975 0.58448 0.050799 -0.084007 0.16553 0.072714 0.32764 -0.054806 0.09175 -0.050483 0.15995 0.017114 0.20702 0.11346 0.20216 0.15592 0.20932 0.10828 -0.057579 0.07452 0.055096 0.35309 -0.08899 0.31508 0.0080912 0.040747 -0.18458 0.063791 0.11454 0.84862 0.058468 0.031589 0.20627 0.46781 0.26756
0.35484 0.24058 0.19218 0.24896 0.10686 -0.072703 -0.064847 -0.0015141 0.11466 0.39896 0.22444 0.18795 0.22641 0.080168 -0.085148 -0.069343 -0.027683 0.1378 0.24524 0.37269 0.48482 0.018823 0.065427 0.0079946 0.2678 0.43984 -0.15055 -0.10699 0.40597 0.058838 -0.29769 0.12746 -0.061798 0.33378 0.68228 0.2165 0.56201 0.14425 0.39473 0.36124 0.53916 0.08267 -0.062784 0.68221 0.48894 0.51029 0.10241 0 -0.084174 -0.040062 0.28297 0.5679 0.18063 0.35613 0.39556 0.0066171 0.023166 -0.056102 0.29422 0.28769 -0.15027 -0.079212 0.32297 0.037059 -0.27013 0.1175 -0.059348 0.27856 0.62675 0.23199 0.50829 0.14427 0.2949 0.32499 0.46249 0.13331 -0.033794 0.51259 0.3999 0.36024 0.081663 0.82157 -0.062844 -0.081959 0.22025 0.5041
-0.10291 -0.045852 -0.050854 -0.070192 -0.028633 0.057648 0.043369 -0.0030667 -0.02901 -0.018342 -0.083728 -0.082308 -0.087721 -0.039367 0.044795 0.041537 -0.015505 -0.033713 0.12067 -0.12804 0.033141 -0.030652 0.032684 0.070217 0.16705 0.026418 0.14467 0.010132 -0.033582 -0.017406 0.28503 0.32116 0.058233 -0.064994 -0.051453 0.15492 0.042022 -0.05745 -0.0098091 -0.071157 -0.053963 0.14202 0.049006 -0.12434 0.12473 -0.065361 0.076302 -0.084174 0 0.096156 -0.070631 -0.12818 0.038817 -0.14863 -0.093999 -0.025779 0.0072365 0.060473 -0.0018845 0.015573 0.075893 0.021783 -0.098548 -0.015644 0.15966 0.20544 0.035572 -0.055116 -0.1719 0.052283 -0.12272 -0.053086 0.0081472 -0.15369 -0.075752 0.016661 -0.0045567 -0.26346 -0.0077056 -0.052999 0.06215 -0.19592 0.21468 0.091225 -0.038783 -0.14554
-0.065324 -0.05279 -0.046366 -0.018416 -0.02092 0.14997 0.13225 -2.9955e-05 -0.018601 -0.0051861 -0.072538 -0.066588 -0.044337 -0.01053 0.13478 0.10809 -0.013277 0.026499 0.16245 -0.040511 0.0054866 0.021876 0.10406 0.15235 0.1002 0.11953 0.050849 0.054623 0.051781 0.01733 0.18161 0.27963 0.093744 -0.0073259 0.0089842 0.08335 0.03637 -0.019408 0.044339 -0.047987 0.018071 0.050884 0.040979 -0.09224 0.062976 -0.0096318 0.22619 -0.040062 0.096156 0 0.032563 0.025673 0.095743 -0.062005 -0.05943 0.012076 0.04053 0.12628 0.015867 0.09093 0.031704 0.047782 -0.027968 0.032128 0.13498 0.20805 0.067973 -0.0090041 -0.046984 0.019787 -0.027194 -0.029565 0.032971 -0.08869 -0.0023472 0.013406 0.0060551 -0.1504 0.028222 -0.011419 0.19387 -0.082078 0.099061 0.16791 0.018265 0.0090575
0.033382 0.16567 0.070438 0.13525 0.061505 0.11205 0.016452 0.045918 0.12157 0.033503 0.16341 0.067009 0.12726 0.073349 0.094666 0.012499 0.043694 0.16536 0.15682 0.29237 -0.020157 0.20459 0.052003 0.12231 0.00097235 -0.0045495 0.11575 0.12821 0.13244 0.27042 0.030734 -0.077408 0.091219 0.36395 0.12501 -0.081704 0.013626 0.32002 0.48843 0.20014 0.41752 0.12327 0.15603 0.078184 0.18188 0.17865 0.56894 0.28297 -0.070631 0.032563 0 0.50584 0.23027 0.29846 -0.0047353 0.2023 0.03975 0.12898 0.013262 -0.0083608 0.10063 0.11554 0.13597 0.24125 0.052337 -0.054539 0.10884 0.35272 0.18987 -0.08062 0.095636 0.29502 0.45292 0.24246 0.40933 0.17458 0.16442 0.07916 0.19821 0.16642 0.53862 0.35981 -0.046271 -0.0025588 0.64446 0.4647
0.2306 0.2899 0.18952 0.35254 0.14261 0.080203 0.028183 0.089352 0.18543 0.22507 0.28368 0.19694 0.32227 0.12151 0.079947 0.023184 0.064564 0.19316 0.11826 0.56627 -0.040926 0.23698 0.10448 0.13908 -0.081478 0.095091 -0.032158 0.12914 0.32895 0.27552 -0.082909 -0.19213 0.040802 0.47712 0.37982 -0.11955 0.19517 0.36837 0.59682 0.35101 0.62932 0.058211 0.18419 0.26007 0.29859 0.36115 0.31975 0.5679 -0.12818 0.025673 0.50584 0 0.16133 0.54039 -0.012074 0.2297 0.057791 0.094094 -0.043724 0.068122 0.0029371 0.12845 0.32303 0.24525 -0.055388 -0.14901 0.053571 0.44895 0.49236 -0.089706 0.33187 0.35933 0.52408 0.40159 0.60199 0.1608 0.2023 0.26228 0.33099 0.31655 0.28494 0.64024 -0.12813 -0.029776 0.41126 0.76638
-0.04654 -0.12182 -0.032175 -0.019506 -0.0092663 0.033452 0.092688 -0.022049 -0.034888 -0.15211 -0.14022 -0.031503 0.0047798 -0.017447 0.043417 0.10504 -0.012521 -0.0071286 0.63737 0.023011 0.032668 0.095471 0.019857 0.24861 0.031605 0.12188 -0.14985 0.15872 0.076844 0.098679 -0.040209 0.23619 0.035503 0.040311 0.25005 -0.013539 0.26118 0.00028262 0.065931 -0.076512 0.1368 -0.051274 -0.090569 -0.017354 0.034395 0.078813 0.58448 0.18063 0.038817 0.095743 0.23027 0.16133 0 0.038133 0.16566 0.10065 0.035576 0.27945 0.14552 0.19839 -0.14557 0.10699 0.10774 0.093754 -0.030643 0.4022 0.039771 0.056962 0.38554 0.14059 0.43799 -0.031145 0.11064 -0.040037 0.18789 0.014086 -0.041057 0.022325 0.22682 0.078586 0.70629 0.19911 0.047331 0.16452 0.20044 0.15047
