0,0.336110442876816,0.266601502895355,0.281990617513657,0.0893711224198341,-0.00897560827434063,-0.0923554003238678,0.0626941993832588,0.212395027279854,0.7275310754776,0.419090211391449,0.358076989650726,0.295989185571671,0.118451997637749,-0.000522507296409458,-0.100605629384518,0.0436490774154663,0.267629534006119,-0.170653477311134,0.240223988890648,0.0432144962251186,-0.0105706006288528,0.0220025032758713,-0.0654072761535645,0.0416092164814472,0.122084952890873,0.0975655540823936,0.0237794425338507,0.184502005577087,0.0138437543064356,-0.154499128460884,-0.12298733741045,0.0123908584937453,0.128931298851967,0.0801625028252602,-0.0801363736391068,0.00214619236066937,0.133261695504189,0.0694694742560387,0.371076881885529,0.0673613399267197,0.182591214776039,0.103058755397797,0.356587409973145,0.0260472763329744,0.175689995288849,-0.183707922697067,0.340653091669083,-0.102535627782345,-0.0693990737199783,0.0362975969910622,0.230384528636932,-0.0522219724953175,0.279115229845047,0.410301685333252,-0.00699295802041888,0.034021582454443,-0.0792769864201546,0.357250392436981,0.241570219397545,0.197151035070419,0.00254573859274387,0.316478878259659,-0.0211876463145018,-0.0251329876482487,0.12549851834774,0.0270907841622829,0.138680025935173,0.387808859348297,0.190637975931168,0.296963840723038,0.151321291923523,0.0708020925521851,0.457905530929565,0.173044979572296,0.317983090877533,0.183887779712677,0.596855282783508,0.399992614984512,0.195489436388016,-0.130848750472069,0.535702228546143,0.00105943682137877,-0.0892952159047127,0.0567734576761723,0.280957221984863
0.336110442876816,0,0.245583698153496,0.272504210472107,0.11364871263504,0.0161984991282225,-0.0792518928647041,0.0716465190052986,0.226421684026718,0.353061616420746,0.497207581996918,0.26359298825264,0.255689203739166,0.098845511674881,-0.00519426073879004,-0.0961314961314201,0.0573679655790329,0.211088076233864,-0.118777133524418,0.270778030157089,0.0394659005105495,0.103333525359631,0.0198369398713112,-0.0525697804987431,0.0616661980748177,0.0398236140608788,0.145495235919952,0.0807007998228073,0.144784480333328,0.144343987107277,-0.0293156486004591,-0.112812772393227,0.0150520810857415,0.181774809956551,0.103997461497784,-0.0800819545984268,0.00137687020469457,0.242942497134209,0.147318199276924,0.3415487408638,0.122529305517673,0.195535287261009,0.16937480866909,0.21606157720089,0.160546451807022,0.136619597673416,-0.11169658601284,0.232656374573708,-0.0467749238014221,-0.0595192834734917,0.176843762397766,0.297846764326096,-0.129383027553558,0.259703636169434,0.0554104186594486,0.102761648595333,0.0155531885102391,-0.072320431470871,0.0613600574433804,-0.00490483455359936,0.137656703591347,0.0748060122132301,0.12961246073246,0.0989039912819862,-0.00758991064503789,-0.0927986726164818,-0.0140936356037855,0.11765269190073,0.151294901967049,-0.0399255454540253,0.0691815465688705,0.275744915008545,0.0982277318835258,0.322167158126831,0.100938677787781,0.191913515329361,0.157943949103355,0.185558393597603,0.164922282099724,0.0761222019791603,-0.12001384049654,0.222813054919243,-0.049643512815237,-0.076633058488369,0.163529485464096,0.270675599575043
0.266601502895355,0.245583698153496,0,0.394214749336243,0.100328303873539,0.0380093231797218,-0.0171171985566616,0.144045889377594,0.144545018672943,0.281642913818359,0.268141597509384,0.577909588813782,0.379446774721146,0.0682926326990128,0.0361137315630913,-0.0310580357909203,0.116377949714661,0.153415381908417,-0.0408557243645191,0.196311295032501,0.107960715889931,0.00968328025192022,0.0119718546047807,-0.0372400768101215,0.025854118168354,0.0388629361987114,0.0885850936174393,0.0084135802462697,0.189601957798004,0.0341642238199711,-0.000485114724142477,-0.0759526789188385,-0.020878104493022,0.0562643297016621,0.217654153704643,-0.0190699752420187,0.131461575627327,0.0997050181031227,0.0180459283292294,0.198192283511162,0.0777072533965111,0.0872022435069084,0.176399424672127,0.243710398674011,0.19144432246685,0.0614320486783981,-0.0710126161575317,0.17382550239563,-0.0496294945478439,-0.0488003827631474,0.068979874253273,0.185555890202522,-0.0331096947193146,0.166358053684235,0.104022152721882,-0.00402636872604489,0.03569246083498,-0.0559846386313438,0.0231104418635368,0.0244719125330448,0.0715109631419182,0.0122113265097141,0.159888833761215,0.0025736759416759,0.0079395305365324,-0.0797312706708908,-0.00942216906696558,0.0293121375143528,0.187562987208366,-0.0260714590549469,0.133793771266937,0.10830045491457,-0.0038857301697135,0.195642694830894,0.0875930264592171,0.0797253623604774,0.122922442853451,0.166290789842606,0.154774874448776,0.013052087277174,-0.0661471411585808,0.172098428010941,-0.0604196414351463,-0.054152574390173,0.0808011963963509,0.171171486377716
0.281990617513657,0.272504210472107,0.394214749336243,0,0.18955834209919,0.0147313913330436,-0.00609240774065256,0.10570864379406,0.141916960477829,0.260951191186905,0.279295802116394,0.379267483949661,0.649105668067932,0.126312464475632,0.00908622052520514,-0.0174291264265776,0.096933089196682,0.148794651031494,-0.0619310848414898,0.297680675983429,-0.0363159812986851,0.0389175415039062,0.0107507109642029,-0.026428421959281,-0.094431534409523,0.00641264347359538,0.0105385249480605,0.0253926664590836,0.142552673816681,0.0547578074038029,-0.0279479436576366,-0.163590595126152,-0.0206583812832832,0.198903128504753,0.170834243297577,-0.103017218410969,0.0568033568561077,0.134688124060631,0.200120583176613,0.21136711537838,0.281557828187943,0.0345930978655815,0.133443847298622,0.15474072098732,0.158478513360023,0.115965366363525,-0.026749337092042,0.23728059232235,-0.0678387433290482,-0.0198696255683899,0.132069483399391,0.354985624551773,-0.021579671651125,0.280341178178787,0.0142434425652027,0.0417552143335342,0.013467613607645,-0.0370534509420395,-0.0524083450436592,-0.0182417295873165,0.0263615623116493,0.0285979229956865,0.15093070268631,0.0336950421333313,-0.0212751775979996,-0.135259583592415,0.00995178986340761,0.158294454216957,0.258570224046707,-0.0642760917544365,0.152253448963165,0.151507437229156,0.132679134607315,0.250101983547211,0.264825224876404,0.0762828961014748,0.135509237647057,0.176502287387848,0.184858068823814,0.0933113694190979,-0.0389569662511349,0.303563445806503,-0.0604407228529453,-0.0574541762471199,0.127630352973938,0.347601175308228
0.0893711224198341,0.11364871263504,0.100328303873539,0.18955834209919,0,-0.00498598208650947,-0.0220580156892538,0.019586181268096,0.0571315921843052,0.0985508486628532,0.10709772258997,0.111754834651947,0.164070069789886,0.045019768178463,-0.00365407066419721,-0.0305058043450117,0.0213904548436403,0.0629179179668427,-0.0199322979897261,0.10926728695631,-0.00420025503262877,0.00823543034493923,0.011990200728178,-0.0154225621372461,-0.0230835378170013,-0.00133480236399919,-0.0060922596603632,-0.0104401232674718,0.0716568157076836,0.00934609770774841,-0.029362989589572,-0.0384528413414955,-0.00992888305336237,0.0284225139766932,0.0687974989414215,-0.0013295664684847,0.0470620468258858,0.0566541329026222,0.0806361511349678,0.0931933000683784,0.0897053629159927,0.0120219960808754,0.0549857541918755,0.0705202966928482,0.0618749260902405,0.01783830486238,0.00729209650307894,0.106690928339958,-0.0295131299644709,-0.0217452179640532,0.0662725940346718,0.14514833688736,-0.00898752082139254,0.112165033817291,-0.0172458775341511,0.0022911534179002,-0.012745538726449,-0.0346179641783237,-0.0375546477735043,-0.0120589062571526,-0.00328256678767502,-0.00392381055280566,0.0631764233112335,-0.00247396482154727,-0.0208373256027699,-0.0459107384085655,-0.0173777807503939,0.0300725102424622,0.0864291414618492,-0.0117015494033694,0.063115306198597,0.0572994761168957,0.0614655204117298,0.0816787704825401,0.0821778476238251,0.00413640961050987,0.0260732285678387,0.0459118708968163,0.0522235445678234,-0.00347831659018993,-0.00740541098639369,0.10803534835577,-0.0395192764699459,-0.0256034806370735,0.0505495555698872,0.131548956036568
-0.00897560827434063,0.0161984991282225,0.0380093231797218,0.0147313913330436,-0.00498598208650947,0,0.171137481927872,0.0237639863044024,0.0891847983002663,0.0617490746080875,-0.00138579215854406,0.0249661765992641,0.00503966491669416,-0.0152118857949972,0.438705623149872,0.166433721780777,0.0411004535853863,0.0696258395910263,0.0696561485528946,0.0445264913141727,0.149659737944603,0.107162199914455,0.136862099170685,0.224893480539322,0.252162724733353,0.129597991704941,0.3426833152771,0.130820691585541,0.0866848453879356,0.131096169352531,0.298379331827164,0.21513606607914,0.278264939785004,0.075895681977272,-0.0316166058182716,0.0241232924163342,-0.0195437967777252,0.0909923315048218,0.0942745730280876,0.103279002010822,0.062539353966713,0.279762297868729,0.228025615215302,0.00704554934054613,0.181889608502388,0.0895640626549721,0.220788404345512,-0.062926784157753,0.0549135059118271,0.152800530195236,0.117602728307247,0.0832454934716225,0.0295711494982243,0.027015820145607,0.00619828794151545,0.0859118551015854,0.0898627191781998,0.216838195919991,0.136054560542107,0.0957386344671249,0.291217178106308,0.138539001345634,0.0128896692767739,0.120155028998852,0.272261023521423,0.137077018618584,0.238936305046082,0.0731984972953796,-0.117391303181648,-0.055223636329174,-0.098373755812645,0.0670874640345573,0.100761733949184,0.0375934131443501,0.0585352778434753,0.231291204690933,0.149735108017921,-0.0876166149973869,0.073204018175602,0.0532455965876579,0.187668353319168,-0.105288706719875,0.0507661066949368,0.125807672739029,0.100409150123596,0.0493222177028656
-0.0923554003238678,-0.0792518928647041,-0.0171171985566616,-0.00609240774065256,-0.0220580156892538,0.171137481927872,0,-0.00986948050558567,-0.008113126270473,-0.0415894314646721,-0.103448376059532,-0.0416601747274399,-0.029251417145133,-0.0250588785856962,0.177943184971809,0.254164457321167,-0.0119944326579571,-0.0319784283638,0.158523991703987,-0.0423032380640507,0.0569661818444729,0.0265003405511379,0.0770439878106117,0.183480203151703,0.0761013254523277,0.134429007768631,0.0017459235386923,0.0720863714814186,0.0211884696036577,0.0377252250909805,0.165321886539459,0.172752022743225,0.0720826536417007,0.0155880711972713,0.0268677491694689,0.0803342536091805,0.073934867978096,-0.0156083162873983,0.0524910874664783,-0.123980134725571,0.0690356642007828,-0.0299531873315573,-9.38959419727325e-05,-0.125143095850945,0.0647776052355766,0.032450832426548,0.235585361719131,-0.0614819973707199,0.0411423966288567,0.136687368154526,0.0142425894737244,0.0284480825066566,0.0917422845959663,-0.0489947870373726,-0.0609818585216999,0.0180828161537647,0.0285376105457544,0.161329567432404,-0.0289818719029427,0.0764273777604103,-0.0272448789328337,0.0642580538988113,-0.0232656709849834,0.0348823480308056,0.0877651795744896,0.0892545655369759,0.0585916563868523,0.0214283745735884,-0.0574321746826172,-0.019364982843399,-0.0274585355073214,-0.0348453037440777,0.054958987981081,-0.141654759645462,0.0688667148351669,-0.0564073175191879,-0.0228761378675699,-0.187662363052368,-0.0240022055804729,0.0380827486515045,0.188322499394417,-0.128030821681023,0.0254863649606705,0.111680455505848,-0.00066765199881047,-0.00651958305388689
0.0626941993832588,0.0716465190052986,0.144045889377594,0.10570864379406,0.019586181268096,0.0237639863044024,-0.00986948050558567,0,0.0525587685406208,0.0398456305265427,0.0754930526018143,0.129059702157974,0.100112408399582,0.0136552704498172,0.0344078429043293,0.00139205623418093,0.107457421720028,0.065700002014637,-0.0354771167039871,0.088776595890522,-0.0595536306500435,0.0244426913559437,0.000586145499255508,-0.00964407529681921,-0.0439867749810219,-0.0223294589668512,0.0554310940206051,0.0192243717610836,0.0240099970251322,0.0138255683705211,0.0671221613883972,-0.0592066198587418,0.0241421181708574,0.0480831265449524,-0.0262080710381269,-0.0852204561233521,-0.0761116966605186,0.0498833395540714,0.0239648893475533,0.0719918087124825,0.0157195162028074,0.0466940253973007,0.119531124830246,-0.00101364369038492,0.00792534090578556,0.00824732426553965,0.00488456757739186,-0.000727075501345098,-0.00436061853542924,0.00133247685153037,0.0458065532147884,0.0896496623754501,-0.0239669438451529,0.0736053809523582,-0.037971630692482,0.0264058131724596,-0.00229341606609523,-0.00105962122324854,-0.01985102891922,0.00420172186568379,0.0696647465229034,0.0330558381974697,0.0325838141143322,0.00550194969400764,0.0657352730631828,-0.0406281985342503,0.00830952171236277,0.0450553596019745,0.00210368353873491,-0.0818923115730286,-0.0130763538181782,0.0552577078342438,0.0164816733449697,0.0797096416354179,0.0347578972578049,0.0601951777935028,0.100427515804768,0.021943736821413,0.0339514911174774,0.0097954785451293,0.011849976144731,0.0570831149816513,-0.0156150935217738,0.00343565410003066,0.0556269213557243,0.09114059060812
0.212395027279854,0.226421684026718,0.144545018672943,0.141916960477829,0.0571315921843052,0.0891847983002663,-0.008113126270473,0.0525587685406208,0,0.226626828312874,0.23378948867321,0.131651863455772,0.1346175968647,0.0499266535043716,0.073728509247303,-0.0248881820589304,0.0526988543570042,0.199274897575378,-0.052792314440012,0.16962456703186,0.00298550585284829,0.0793575346469879,0.0163868181407452,0.00138790626078844,0.0290405172854662,0.00469248834997416,0.133534461259842,0.0208435300737619,0.0804600045084953,0.1083128079772,0.022456418722868,-0.0551807582378387,0.0653794631361961,0.12848225235939,0.0345489270985126,-0.0671594142913818,-0.0167036522179842,0.184600681066513,0.102987468242645,0.196221739053726,0.0769984647631645,0.156774193048477,0.138807967305183,0.104639291763306,0.0756340324878693,0.0592352487146854,-0.00353366904892027,0.11501195281744,-0.0290534570813179,-0.0204544737935066,0.127607822418213,0.190696179866791,-0.0413714833557606,0.173687636852264,0.0399248339235783,0.0726728737354279,0.0319163128733635,-0.0123121719807386,0.0557182095944881,0.0166357327252626,0.150724679231644,0.0164823718369007,0.0919331237673759,0.0948060899972916,0.0615591369569302,-0.014736857265234,0.0360403060913086,0.0771347135305405,0.082978792488575,-0.0372643917798996,0.0357269868254662,0.191303357481956,0.081111416220665,0.191227898001671,0.0685150027275085,0.179034292697906,0.139008074998856,0.10855209082365,0.123055651783943,0.02658218331635,-0.00404846528545022,0.151541456580162,-0.0350530035793781,-0.00795682799071074,0.128154784440994,0.177619218826294
0.7275310754776,0.353061616420746,0.281642913818359,0.260951191186905,0.0985508486628532,0.0617490746080875,-0.0415894314646721,0.0398456305265427,0.226626828312874,0,0.325371116399765,0.277813524007797,0.21779477596283,0.103244088590145,0.0544899068772793,-0.0547716952860355,0.0346585139632225,0.232147008180618,-0.0877412930130959,0.234220176935196,0.253371238708496,0.0196077860891819,0.050418172031641,-0.0788215920329094,0.211469948291779,0.222604140639305,0.161651596426964,-0.0588160678744316,0.205444425344467,0.0268416926264763,-0.011884099803865,0.0566992945969105,0.0502562969923019,0.201661825180054,0.217287704348564,0.0903318300843239,0.184027165174484,0.144940346479416,0.271801382303238,0.319761842489243,0.272115707397461,0.244355589151382,0.0969378799200058,0.456626743078232,0.276190966367722,0.258057653903961,-0.134163245558739,0.389029443264008,-0.0208285544067621,-0.00326173799112439,0.0395992882549763,0.23154029250145,-0.159493967890739,0.172909915447235,0.123178921639919,0.00890805944800377,0.0275167711079121,-0.0852070897817612,0.114264920353889,0.129682376980782,0.114601515233517,-0.0293602868914604,0.09962297976017,0.015898410230875,-0.0124650886282325,0.0124444905668497,0.0374982543289661,0.134378701448441,0.130932554602623,0.0324989072978497,0.043378546833992,0.162345543503761,0.160303518176079,0.27195018529892,0.164353296160698,0.160840436816216,0.0603131726384163,0.231902480125427,0.0964865460991859,0.0978884622454643,-0.111940287053585,0.32753324508667,-0.0348148308694363,-0.0570472702383995,0.0620176009833813,0.191699966788292
0.419090211391449,0.497207581996918,0.268141597509384,0.279295802116394,0.10709772258997,-0.00138579215854406,-0.103448376059532,0.0754930526018143,0.23378948867321,0.325371116399765,0,0.324638187885284,0.304728746414185,0.113924719393253,-0.0116724101826549,-0.111626587808132,0.0945197194814682,0.252347648143768,-0.203225344419479,0.299984365701675,-0.0281442124396563,0.0817602500319481,0.0145962908864021,-0.0727671012282372,0.00300355837680399,-0.0253281556069851,0.142833039164543,0.0673691257834435,0.126996010541916,0.122168183326721,-0.065339170396328,-0.200954169034958,0.00904200877994299,0.13369183242321,0.0228830445557833,-0.158428654074669,-0.0715257823467255,0.246347635984421,0.0670263767242432,0.35310634970665,0.0694433301687241,0.191193610429764,0.193217292428017,0.19575634598732,0.0684397965669632,0.0973644033074379,-0.166903227567673,0.216510877013206,-0.0878832116723061,-0.0803955569863319,0.17455005645752,0.291497468948364,-0.150920584797859,0.30781102180481,0.143440619111061,0.0919952541589737,0.00613989867269993,-0.0968032702803612,0.140284806489944,-0.00279238843359053,0.197776407003403,0.0431944318115711,0.188145577907562,0.0796246752142906,-0.00600506225600839,-0.0721028223633766,0.00575478561222553,0.137812554836273,0.235535189509392,-0.0136746065691113,0.149892151355743,0.284181028604507,0.0522224418818951,0.404891759157181,0.11198428273201,0.264576286077499,0.208577707409859,0.311389863491058,0.263351410627365,0.0783219933509827,-0.141575515270233,0.314953416585922,-0.0387859679758549,-0.107200399041176,0.175892993807793,0.31074395775795
0.358076989650726,0.26359298825264,0.577909588813782,0.379267483949661,0.111754834651947,0.0249661765992641,-0.0416601747274399,0.129059702157974,0.131651863455772,0.277813524007797,0.324638187885284,0,0.405304104089737,0.0865326598286629,0.0263586472719908,-0.0315586589276791,0.146287202835083,0.156415358185768,-0.0859300941228867,0.208930522203445,0.0479610413312912,-0.0161786824464798,-0.00816878117620945,-0.056918952614069,-0.0138120381161571,0.0164995286613703,0.0831512585282326,0.0199218150228262,0.183578729629517,0.0124096209183335,-0.0446254648268223,-0.143823325634003,-0.0291797742247581,0.0399668924510479,0.182509273290634,-0.0598006471991539,0.101017571985722,0.0996202528476715,0.0117680402472615,0.224234968423843,0.0603396221995354,0.0609129406511784,0.176342204213142,0.219225615262985,0.106876775622368,0.0774505808949471,-0.100287765264511,0.172017171978951,-0.0834410935640335,-0.0690881088376045,0.0662594810128212,0.194036826491356,-0.0333413444459438,0.23323005437851,0.172435060143471,-0.0388271883130074,0.0227048192173243,-0.0727228596806526,0.0713343471288681,0.0546578094363213,0.0896931812167168,-0.000748914550058544,0.231245160102844,-0.0190068315714598,0.00568352593109012,-0.055754791945219,0.0117109594866633,0.0422716662287712,0.272137254476547,0.0434310249984264,0.22479984164238,0.109515398740768,-0.0378632955253124,0.266935348510742,0.0808968618512154,0.117333970963955,0.187174707651138,0.276698768138885,0.22507244348526,0.0374981760978699,-0.0889087989926338,0.240093186497688,-0.0524319186806679,-0.0575552582740784,0.0613370873034,0.216455683112144
0.295989185571671,0.255689203739166,0.379446774721146,0.649105668067932,0.164070069789886,0.00503966491669416,-0.029251417145133,0.100112408399582,0.1346175968647,0.21779477596283,0.304728746414185,0.405304104089737,0,0.145525023341179,0.0108538717031479,-0.00710043683648109,0.116446860134602,0.15900631248951,-0.0668982714414597,0.266440778970718,-0.0425961315631866,0.0357613749802113,0.013286292552948,-0.0286406744271517,-0.0986113548278809,-0.00520489783957601,-0.0019628859590739,0.0502950362861156,0.130896106362343,0.0495558045804501,-0.0675662681460381,-0.172072052955627,-0.024553744122386,0.166236937046051,0.140823557972908,-0.118050031363964,0.0416638739407063,0.133201912045479,0.122198425233364,0.216576188802719,0.214246675372124,0.0178721360862255,0.11625125259161,0.128522247076035,0.115219950675964,0.09935013204813,-0.0523235164582729,0.212966039776802,-0.0840780436992645,-0.0484498739242554,0.121241733431816,0.3189537525177,0.00201899092644453,0.28474149107933,0.0298739783465862,0.030036186799407,0.0156461875885725,-0.0230203587561846,-0.03862214833498,0.0269089415669441,0.0131035652011633,0.0448459088802338,0.186660334467888,0.0270466320216656,-0.0348164960741997,-0.119435556232929,-0.000470864557428285,0.159393861889839,0.290169060230255,-0.0420520976185799,0.189083680510521,0.150551274418831,0.125831469893456,0.251521468162537,0.286058872938156,0.0749824941158295,0.134327456355095,0.19796222448349,0.195241913199425,0.0957474410533905,-0.0117354588583112,0.317545503377914,-0.0845765694975853,-0.0489969551563263,0.123925566673279,0.374478548765182
0.118451997637749,0.098845511674881,0.0682926326990128,0.126312464475632,0.045019768178463,-0.0152118857949972,-0.0250588785856962,0.0136552704498172,0.0499266535043716,0.103244088590145,0.113924719393253,0.0865326598286629,0.145525023341179,0,-0.00907216314226389,-0.0280824843794107,0.00504845567047596,0.0929508209228516,-0.0291469991207123,0.135235264897346,-0.0438240841031075,0.0174513310194016,0.0110128819942474,-0.0223384220153093,-0.0305480174720287,-0.0226076170802116,0.0156792365014553,-0.00934435240924358,0.0330847315490246,0.0212559029459953,-0.0307841114699841,-0.0614724010229111,-0.000152464956045151,0.0624154135584831,0.0236750356853008,-0.0481000728905201,-0.00994940660893917,0.0635907053947449,0.0651670545339584,0.0936346501111984,0.066830575466156,0.0399390906095505,0.0591871924698353,0.0458298623561859,0.0501991659402847,0.0175213199108839,-0.0173330791294575,0.0800749361515045,-0.0416645929217339,-0.0135308960452676,0.0776927471160889,0.125077337026596,-0.0208497792482376,0.108362317085266,0.00233134953305125,0.0196280740201473,0.00543651310727,-0.0243426617234945,-0.00399637082591653,-0.010049257427454,0.0289629362523556,-0.0126840667799115,0.0348894074559212,0.0219235736876726,-0.00797958299517632,-0.0339450277388096,-0.00338136800564826,0.071000449359417,0.0792989730834961,-0.0331316627562046,0.0607590042054653,0.0778272971510887,0.0711735188961029,0.0975044444203377,0.0883800834417343,0.0515808910131454,0.0739726051688194,0.069702036678791,0.0957414656877518,0.00732091581448913,-0.0156574826687574,0.122314795851707,-0.0256530568003654,-0.0276082120835781,0.0673075690865517,0.139020517468452
-0.000522507296409458,-0.00519426073879004,0.0361137315630913,0.00908622052520514,-0.00365407066419721,0.438705623149872,0.177943184971809,0.0344078429043293,0.073728509247303,0.0544899068772793,-0.0116724101826549,0.0263586472719908,0.0108538717031479,-0.00907216314226389,0,0.213105753064156,0.0388723872601986,0.0694910138845444,0.0553838461637497,0.0415412187576294,0.139786779880524,0.092052198946476,0.109746269881725,0.234973683953285,0.237037837505341,0.135177165269852,0.32650700211525,0.129200398921967,0.0924420580267906,0.109866380691528,0.303726315498352,0.182268649339676,0.273648083209991,0.0729139000177383,-0.03124407120049,-0.00622968841344118,-0.0392575077712536,0.0730626881122589,0.0758639648556709,0.0881767272949219,0.0589466728270054,0.266067147254944,0.234361872076988,-0.00898109469562769,0.166777461767197,0.081717848777771,0.217620670795441,-0.0776773989200592,0.0411031357944012,0.132072612643242,0.0994512364268303,0.0825770646333694,0.0377199277281761,0.0433369018137455,0.057571180164814,0.0808398276567459,0.102820985019207,0.232069224119186,0.169357091188431,0.139558225870132,0.304823696613312,0.119083791971207,0.0586683750152588,0.105712167918682,0.264027416706085,0.159190461039543,0.280306994915009,0.065335638821125,-0.0832653865218163,-0.051479909569025,-0.0703860819339752,0.0615707375109196,0.105210334062576,0.0675505250692368,0.0571651831269264,0.251621007919312,0.169144347310066,-0.0596780143678188,0.0982762426137924,0.074108749628067,0.207868203520775,-0.0787733271718025,0.0311639234423637,0.144961625337601,0.102695070207119,0.0799063444137573
-0.100605629384518,-0.0961314961314201,-0.0310580357909203,-0.0174291264265776,-0.0305058043450117,0.166433721780777,0.254164457321167,0.00139205623418093,-0.0248881820589304,-0.0547716952860355,-0.111626587808132,-0.0315586589276791,-0.00710043683648109,-0.0280824843794107,0.213105753064156,0,0.0125607931986451,-0.00774077512323856,0.119172833859921,-0.0351103432476521,0.0523093566298485,0.0224712640047073,0.0721503049135208,0.170300737023354,0.0552408434450626,0.125538736581802,-0.010414395481348,0.027855733409524,0.0213356111198664,0.027477078139782,0.133963242173195,0.130066066980362,0.0908091440796852,0.013731881044805,0.0113433245569468,0.046587135642767,0.0527750216424465,-0.0559082254767418,0.0324956402182579,-0.112194307148457,0.0664697661995888,-0.0271419491618872,0.00075505196582526,-0.105271220207214,0.0456602871417999,0.0346168614923954,0.199325978755951,-0.0639310404658318,0.040946077555418,0.104947939515114,0.0115687334910035,0.0231643337756395,0.102647565305233,-0.0384845100343227,-0.0146403405815363,0.010411961004138,0.040391132235527,0.182038754224777,-0.000388672080589458,0.123688116669655,-0.0274024847894907,0.0266964957118034,-0.00223819352686405,0.0244672261178493,0.0944362506270409,0.0906757861375809,0.100169844925404,0.019690690562129,-0.0162898227572441,-0.00733623700216413,0.0154741881415248,-0.0648791566491127,0.0507019348442554,-0.132008478045464,0.0731259062886238,-0.0496659651398659,-0.0296731293201447,-0.139147117733955,-0.0139866974204779,0.0434730052947998,0.205365344882011,-0.0872587636113167,0.0257641710340977,0.133634313941002,-0.00117115338798612,0.0187737978994846
0.0436490774154663,0.0573679655790329,0.116377949714661,0.096933089196682,0.0213904548436403,0.0411004535853863,-0.0119944326579571,0.107457421720028,0.0526988543570042,0.0346585139632225,0.0945197194814682,0.146287202835083,0.116446860134602,0.00504845567047596,0.0388723872601986,0.0125607931986451,0,0.0678627341985703,-0.0242106225341558,0.091262474656105,-0.0494169965386391,0.0314591154456139,0.0154438940808177,-0.00601712521165609,-0.0180874895304441,-0.0352208465337753,0.0800062716007233,0.0324927754700184,0.0164363197982311,0.0338201224803925,0.0512958653271198,-0.0688474401831627,0.00795433856546879,0.0321001037955284,-0.0182765480130911,-0.0806607380509377,-0.0620189197361469,0.0496959052979946,0.00469391234219074,0.067519523203373,-0.00455282162874937,0.0726284682750702,0.122741565108299,-0.00928139965981245,0.0207552909851074,0.00222794152796268,0.0121648199856281,-0.027938786894083,-0.0145985838025808,-0.014889707788825,0.042293094098568,0.0640517994761467,-0.013836570084095,0.0769042447209358,-0.0375374592840672,0.0296518839895725,0.00708290096372366,0.0173357389867306,-0.0208179764449596,-0.0157033745199442,0.0697031393647194,0.0286891236901283,0.0250316709280014,0.0217189900577068,0.0472790338099003,-0.0364823490381241,0.0233113504946232,0.0362021960318089,-0.00982801616191864,-0.101472079753876,-0.0249044504016638,0.0511096678674221,-0.00326033169403672,0.0738309845328331,0.000387090229196474,0.0719610750675201,0.112977921962738,0.0208437871187925,0.0187524557113647,0.00267240940593183,0.0212003272026777,0.0186440497636795,-0.0193353034555912,-0.0025768494233489,0.0473358891904354,0.0689748376607895
0.267629534006119,0.211088076233864,0.153415381908417,0.148794651031494,0.0629179179668427,0.0696258395910263,-0.0319784283638,0.065700002014637,0.199274897575378,0.232147008180618,0.252347648143768,0.156415358185768,0.15900631248951,0.0929508209228516,0.0694910138845444,-0.00774077512323856,0.0678627341985703,0,-0.0663236305117607,0.169383823871613,0.0300003867596388,0.0598181523382664,0.0395427793264389,0.00907837320119143,0.0532756559550762,0.0270878840237856,0.120830938220024,0.0255020819604397,0.0917982533574104,0.0981136560440063,0.0131960725411773,-0.0322328880429268,0.0709948465228081,0.0970650687813759,0.0254152044653893,-0.0574529990553856,-0.00825866311788559,0.172361820936203,0.081475704908371,0.190435737371445,0.0643952786922455,0.155145391821861,0.136579409241676,0.116612195968628,0.0777113288640976,0.059905294328928,0.00953594874590635,0.131903916597366,-0.0376587100327015,0.0248389411717653,0.173556476831436,0.195333689451218,-0.0106668639928102,0.183941096067429,0.1004858314991,0.0711090788245201,0.0282021593302488,0.00976373348385096,0.105345688760281,0.0420638471841812,0.148417055606842,0.0272809676826,0.117761805653572,0.086375966668129,0.0651719272136688,0.0174629706889391,0.057657677680254,0.11561518907547,0.119334973394871,0.0111872255802155,0.0857048109173775,0.189794823527336,0.0772886723279953,0.207810238003731,0.0867298617959023,0.192144855856895,0.142771512269974,0.153634652495384,0.163380235433578,0.057391032576561,0.0227207187563181,0.175926461815834,-0.000565883645322174,0.0010077009210363,0.138222694396973,0.217362433671951
-0.170653477311134,-0.118777133524418,-0.0408557243645191,-0.0619310848414898,-0.0199322979897261,0.0696561485528946,0.158523991703987,-0.0354771167039871,-0.052792314440012,-0.0877412930130959,-0.203225344419479,-0.0859300941228867,-0.0668982714414597,-0.0291469991207123,0.0553838461637497,0.119172833859921,-0.0242106225341558,-0.0663236305117607,0,-0.0500538051128387,0.243566423654556,0.0296640768647194,0.0467328354716301,0.26455819606781,0.212638095021248,0.275196999311447,-0.176510736346245,0.0884611383080482,0.0807504206895828,0.0598860941827297,0.00916325580328703,0.562824726104736,0.00224464060738683,-0.025130545720458,0.500627100467682,0.251338452100754,0.547382473945618,-0.0533541142940521,0.0570982284843922,-0.115606673061848,0.156845226883888,-0.0782685503363609,-0.146172255277634,0.0126230828464031,0.180664643645287,0.0909901335835457,0.734734773635864,0.260876476764679,0.108658485114574,0.162618577480316,0.162090554833412,0.118473388254642,0.663675963878632,-0.0612864047288895,0.0476171150803566,0.0113533455878496,0.0194506049156189,0.223317801952362,0.0356679782271385,0.196016013622284,-0.214594230055809,0.0887697264552116,0.00948524661362171,0.0535511448979378,-0.0705394372344017,0.315030872821808,0.0267380643635988,-0.00591258518397808,0.220130309462547,0.16645160317421,0.247783809900284,-0.0846831053495407,0.0985995754599571,-0.173413887619972,0.119142144918442,-0.156514793634415,-0.129095375537872,-0.107309751212597,0.00795460771769285,0.0639366209506989,0.615814805030823,0.0513401925563812,0.0503358654677868,0.169217199087143,0.162690088152885,0.0806767344474792
0.240223988890648,0.270778030157089,0.196311295032501,0.297680675983429,0.10926728695631,0.0445264913141727,-0.0423032380640507,0.088776595890522,0.16962456703186,0.234220176935196,0.299984365701675,0.208930522203445,0.266440778970718,0.135235264897346,0.0415412187576294,-0.0351103432476521,0.091262474656105,0.169383823871613,-0.0500538051128387,0,-0.124590955674648,0.182056665420532,0.0525358840823174,0.0166925694793463,-0.117032036185265,-0.0203226059675217,0.0137653211131692,0.0303090400993824,0.198671534657478,0.204689666628838,-0.0959619805216789,-0.275509566068649,0.00804496742784977,0.411989539861679,0.193064674735069,-0.240056693553925,0.00759100867435336,0.295566231012344,0.348403841257095,0.4230697453022,0.40567409992218,0.0953359976410866,0.285429298877716,0.260150849819183,0.318717688322067,0.271914660930634,0.044408768415451,0.364158242940903,-0.128082990646362,-0.0457602180540562,0.296227306127548,0.573848605155945,0.0100933108478785,0.590264797210693,-0.10703694075346,0.194751620292664,0.0107444394379854,0.00682292366400361,-0.110441640019417,0.00218275166116655,0.0627324506640434,0.0342957004904747,0.18215224146843,0.176648080348969,-0.0386115424335003,-0.2396080493927,0.0299866497516632,0.387815803289413,0.302141577005386,-0.238994538784027,0.118579231202602,0.294592052698135,0.30434188246727,0.450416833162308,0.401652127504349,0.168153718113899,0.28187969326973,0.248372837901115,0.301002115011215,0.222395166754723,0.0472360514104366,0.467265576124191,-0.153239816427231,-0.0836133733391762,0.248458296060562,0.563952922821045
0.0432144962251186,0.0394659005105495,0.107960715889931,-0.0363159812986851,-0.00420025503262877,0.149659737944603,0.0569661818444729,-0.0595536306500435,0.00298550585284829,0.253371238708496,-0.0281442124396563,0.0479610413312912,-0.0425961315631866,-0.0438240841031075,0.139786779880524,0.0523093566298485,-0.0494169965386391,0.0300003867596388,0.243566423654556,-0.124590955674648,0,-0.138369992375374,0.0682181790471077,0.188493758440018,0.720942497253418,0.561921000480652,0.2011648863554,-0.0527848079800606,0.27981561422348,-0.0895688459277153,0.123100735247135,0.5052889585495,0.167465150356293,-0.0874253883957863,0.552173614501953,0.478803008794785,0.550795435905457,-0.127645939588547,-0.0104609858244658,0.105559207499027,0.127342820167542,0.308775961399078,-0.0459660962224007,0.70395702123642,0.428026050329208,0.401157796382904,0.0699216723442078,0.475546628236771,0.0258444212377071,0.0121671669185162,-0.0226995460689068,-0.0587239898741245,0.0377418361604214,-0.129987642168999,0.645610451698303,-0.1938686221838,0.0657982006669044,0.116282775998116,0.52047997713089,0.319197982549667,0.0628175884485245,-0.0142543977126479,0.0828263163566589,-0.086799144744873,0.056605339050293,0.324394673109055,0.125383391976357,-0.076616108417511,0.229264736175537,0.355878442525864,0.196005672216415,-0.132018074393272,-0.000363446742994711,-0.0280978083610535,0.0539576709270477,0.148238226771355,-0.126493260264397,0.258735716342926,0.081207811832428,0.174890473484993,0.0557060316205025,0.0796778425574303,0.0744461789727211,0.0273939557373524,-0.0068421233445406,-0.120024621486664
-0.0105706006288528,0.103333525359631,0.00968328025192022,0.0389175415039062,0.00823543034493923,0.107162199914455,0.0265003405511379,0.0244426913559437,0.0793575346469879,0.0196077860891819,0.0817602500319481,-0.0161786824464798,0.0357613749802113,0.0174513310194016,0.092052198946476,0.0224712640047073,0.0314591154456139,0.0598181523382664,0.0296640768647194,0.182056665420532,-0.138369992375374,0,0.0225597713142633,0.323354601860046,0.0701734349131584,-0.13270092010498,0.14142981171608,0.242321938276291,0.0414969772100449,0.922411859035492,0.0136185111477971,-0.142703235149384,0.15863162279129,0.37026646733284,-0.0727276727557182,-0.187150225043297,-0.138056874275208,0.882952034473419,0.309510797262192,0.0985896214842796,0.281909763813019,0.303396850824356,0.088037334382534,-0.0167007558047771,0.0967724695801735,0.633185029029846,0.183174699544907,0.0262158699333668,-0.0332032032310963,0.0178212039172649,0.215280145406723,0.244373440742493,0.0616823993623257,0.173451602458954,-0.232070729136467,0.975180506706238,0.00817382894456387,0.36080738902092,-0.0433510467410088,-0.0815198421478271,0.176657006144524,0.308383107185364,1.85084063559771e-05,0.912845373153687,-0.00733634503558278,-0.180777326226234,0.16563792526722,0.339727103710175,-0.0971014276146889,-0.242853477597237,-0.150102779269218,0.844976007938385,0.361749708652496,0.0979711562395096,0.30004158616066,0.336360335350037,0.0973939225077629,-0.0716128498315811,0.0159871131181717,0.585911631584167,0.160374760627747,0.0676719695329666,-0.065561018884182,0.0158096887171268,0.183245733380318,0.225220292806625
0.0220025032758713,0.0198369398713112,0.0119718546047807,0.0107507109642029,0.011990200728178,0.136862099170685,0.0770439878106117,0.000586145499255508,0.0163868181407452,0.050418172031641,0.0145962908864021,-0.00816878117620945,0.013286292552948,0.0110128819942474,0.109746269881725,0.0721503049135208,0.0154438940808177,0.0395427793264389,0.0467328354716301,0.0525358840823174,0.0682181790471077,0.0225597713142633,0,0.161983907222748,0.111762024462223,0.148533016443253,0.0615665353834629,0.0378760732710361,0.0940805375576019,0.045711487531662,0.0908828750252724,0.109403602778912,0.0966874733567238,0.0321888811886311,0.0656284689903259,0.0368889942765236,0.0701195299625397,0.0268450602889061,0.0488209128379822,0.0422738716006279,0.0569241382181644,0.0480548180639744,0.0615855567157269,0.0442530922591686,0.0705725997686386,0.0928809195756912,0.109491445124149,0.0651294738054276,0.0317755416035652,0.105842843651772,0.0498025082051754,0.100641965866089,0.0190656110644341,0.0239181015640497,0.0366011373698711,0.0112529154866934,0.0534599050879478,0.136453539133072,0.0757709518074989,0.117554381489754,0.0585113950073719,0.0322478152811527,0.056847233325243,0.0444756001234055,0.0836839973926544,0.0756170675158501,0.0840030163526535,0.0104850241914392,0.0511384233832359,0.00939913280308247,0.0412676297128201,0.018554063513875,0.0402118749916553,0.0339269079267979,0.0491155087947845,0.0612879134714603,0.0329150892794132,-0.00407659495249391,0.0460316874086857,0.077437698841095,0.0817856639623642,0.0361762419342995,0.016274468973279,0.0513215139508247,0.0274788066744804,0.0902708247303963
-0.0654072761535645,-0.0525697804987431,-0.0372400768101215,-0.026428421959281,-0.0154225621372461,0.224893480539322,0.183480203151703,-0.00964407529681921,0.00138790626078844,-0.0788215920329094,-0.0727671012282372,-0.056918952614069,-0.0286406744271517,-0.0223384220153093,0.234973683953285,0.170300737023354,-0.00601712521165609,0.00907837320119143,0.26455819606781,0.0166925694793463,0.188493758440018,0.323354601860046,0.161983907222748,0,0.333093285560608,0.367514938116074,0.0740849152207375,0.55860447883606,0.10410438477993,0.513077020645142,0.1705691665411,0.217246875166893,0.329857230186462,0.104936748743057,0.131358787417412,0.0449293442070484,0.100138492882252,0.273643285036087,0.0948742106556892,-0.0554999671876431,0.142211049795151,0.105593360960484,0.0388149283826351,-0.0193779263645411,0.100903801620007,0.510180354118347,0.339750051498413,0.00412410404533148,0.0651132613420486,0.154156535863876,0.11564277112484,0.130680918693542,0.234688401222229,0.0388128757476807,0.0539917424321175,0.289429217576981,0.108542770147324,0.814074158668518,0.206639528274536,0.358857303857803,0.0724267512559891,0.521654725074768,0.0731211602687836,0.509290397167206,0.129231348633766,0.196316421031952,0.349977880716324,0.113681249320507,0.10919500887394,-0.0277796257287264,0.132211357355118,0.196594998240471,0.151887640357018,-0.0464742369949818,0.186797395348549,0.146049976348877,0.0338478870689869,-0.0722072273492813,0.0496738739311695,0.513751626014709,0.270749002695084,-0.00493558589369059,0.044209398329258,0.141743987798691,0.0884070172905922,0.0940436199307442
