0,0.335450679063797,0.272222071886063,0.281721085309982,0.0829280167818069,-0.00956405326724052,-0.087401419878006,0.0606877207756042,0.205957129597664,0.719560563564301,0.412366688251495,0.356870204210281,0.294119030237198,0.112283624708652,-0.00334011088125408,-0.0973646566271782,0.0438464544713497,0.260341584682465,-0.140766337513924,0.232625618577003,0.0721286311745644,-0.025544922798872,0.0222406666725874,-0.0466740280389786,0.0737436190247536,0.144394531846046,0.0855507925152779,0.0340884923934937,0.181123226881027,-0.00469159241765738,-0.160133868455887,-0.111554153263569,0.00956289377063513,0.1276496052742,0.0905848667025566,-0.0595247074961662,0.0137978680431843,0.106704868376255,0.0751494318246841,0.359690308570862,0.0952498242259026,0.178805410861969,0.0835014656186104,0.36004376411438,0.033818706870079,0.19300477206707,-0.169264540076256,0.355221509933472,-0.10228143632412,-0.0671000480651855,0.0325638577342033,0.225084856152534,-0.0183600187301636,0.271555870771408,0.418697446584702,-0.0201084446161985,0.0343717746436596,-0.0731429383158684,0.373696625232697,0.25808173418045,0.182868152856827,0.00778779853135347,0.315080523490906,-0.0313549712300301,-0.0383999645709991,0.124505534768105,0.0187598448246717,0.143701791763306,0.385587006807327,0.195159316062927,0.289936006069183,0.12520258128643,0.0772212445735931,0.444104701280594,0.190838888287544,0.310932129621506,0.165889620780945,0.591096758842468,0.39008167386055,0.204172566533089,-0.118828952312469,0.52682888507843,-0.000838037405628711,-0.0807563215494156,0.0471974909305573,0.274774134159088
0.335450679063797,0,0.257365584373474,0.277117550373077,0.11163254827261,0.0130029823631048,-0.0771538019180298,0.0735245048999786,0.21930980682373,0.35223987698555,0.492816925048828,0.271634668111801,0.259961128234863,0.0972453653812408,-0.00233873212710023,-0.0974340587854385,0.0575877577066422,0.211383298039436,-0.098972886800766,0.260626524686813,0.049469318240881,0.0810621008276939,0.0194160547107458,-0.0552945025265217,0.0679468587040901,0.0428095571696758,0.142198458313942,0.0693253949284554,0.144515827298164,0.117718562483788,-0.0310633387416601,-0.104759491980076,0.0121833430603147,0.174071460962296,0.113484121859074,-0.0587589740753174,0.0135540654882789,0.224996507167816,0.132881909608841,0.335038840770721,0.122786842286587,0.192885458469391,0.155875027179718,0.215814128518105,0.168766170740128,0.116964928805828,-0.107799597084522,0.234739527106285,-0.0464446879923344,-0.0560247823596001,0.169704124331474,0.288290619850159,-0.112383313477039,0.255215406417847,0.0660430267453194,0.0791908726096153,0.0150326797738671,-0.0790883377194405,0.0649155601859093,-0.00437919236719608,0.132617309689522,0.0622840896248817,0.130360975861549,0.0767797976732254,-0.0128361284732819,-0.0916255861520767,-0.0156110059469938,0.107632622122765,0.154478847980499,-0.0305217411369085,0.0729248896241188,0.259507387876511,0.0783930048346519,0.314402461051941,0.0944667831063271,0.184081673622131,0.148681029677391,0.185516357421875,0.163118347525597,0.054627601057291,-0.11701188236475,0.222473949193954,-0.0502808094024658,-0.074657641351223,0.156761437654495,0.260027468204498
0.272222071886063,0.257365584373474,0,0.399627596139908,0.106748454272747,0.0336282476782799,-0.0205670427531004,0.148792788386345,0.141702875494957,0.293889731168747,0.279357641935349,0.583041310310364,0.385734975337982,0.0685757249593735,0.0249832216650248,-0.0348590314388275,0.120778426527977,0.154664531350136,-0.02211126498878,0.206275895237923,0.128223299980164,-0.000898414989933372,0.0112111987546086,-0.0412792637944221,0.037115789949894,0.0563342608511448,0.0799902901053429,-0.00100137072149664,0.194146052002907,0.0174982268363237,-0.0114038651809096,-0.0673363357782364,-0.0265657920390368,0.0535529442131519,0.237210735678673,-0.00248985225334764,0.143462836742401,0.0895413756370544,0.0146701913326979,0.206285238265991,0.0891523808240891,0.0860569924116135,0.166960462927818,0.258143663406372,0.204552486538887,0.055618692189455,-0.0666183903813362,0.195016711950302,-0.053197830915451,-0.048228532075882,0.0752829760313034,0.188601180911064,-0.0298763681203127,0.180520638823509,0.117881432175636,-0.0180870722979307,0.0326747298240662,-0.0688800513744354,0.0321273170411587,0.026163462549448,0.0649633854627609,0.00236684386618435,0.165800124406815,-0.0112691139802337,-0.00163655017968267,-0.076823890209198,-0.0178858861327171,0.0289934035390615,0.200922235846519,-0.0188928656280041,0.137053042650223,0.0995199605822563,-0.0109034553170204,0.203670084476471,0.089033342897892,0.0769069492816925,0.123374380171299,0.180123448371887,0.160315066576004,0.00150681682862341,-0.0665042623877525,0.180734500288963,-0.062561146914959,-0.0540522783994675,0.0851767510175705,0.177823320031166
0.281721085309982,0.277117550373077,0.399627596139908,0,0.201584056019783,0.0114601058885455,-0.00857277400791645,0.112058781087399,0.143234118819237,0.265000224113464,0.284860372543335,0.38300696015358,0.646684169769287,0.125406578183174,0.00530230952426791,-0.0173561405390501,0.0943509414792061,0.152223184704781,-0.0453910157084465,0.303497284650803,-0.0258890520781279,0.0348409898579121,0.0118687134236097,-0.0229049567133188,-0.0854103788733482,0.0135230990126729,0.00520462077111006,0.0222167987376451,0.152331173419952,0.0460059344768524,-0.0340553745627403,-0.154672488570213,-0.0246797110885382,0.200159132480621,0.181879416108131,-0.0839325338602066,0.0677241384983063,0.127853855490685,0.192129671573639,0.218371883034706,0.288973271846771,0.03521628677845,0.124780543148518,0.165207743644714,0.167216286063194,0.114659830927849,-0.019602295011282,0.252951949834824,-0.0733076483011246,-0.0227804891765118,0.139418601989746,0.353060305118561,-0.01147192530334,0.288208544254303,0.0227881204336882,0.0355050787329674,0.00873581971973181,-0.0404005311429501,-0.0458152964711189,-0.0152257243171334,0.0200941916555166,0.0232197605073452,0.154574811458588,0.0274521913379431,-0.0282959192991257,-0.131883949041367,0.00268529728055,0.164184615015984,0.261617839336395,-0.0588853843510151,0.152527093887329,0.145846262574196,0.125720232725143,0.253261566162109,0.268654674291611,0.0758653283119202,0.132453069090843,0.181647464632988,0.183393970131874,0.0838820412755013,-0.0339169204235077,0.309129267930984,-0.0698702782392502,-0.0582249388098717,0.132649540901184,0.3532754778862
0.0829280167818069,0.11163254827261,0.106748454272747,0.201584056019783,0,-0.00250117527320981,-0.0175817478448153,0.0223153419792652,0.0543040484189987,0.0978366583585739,0.0994658395648003,0.115542523562908,0.170198574662209,0.046995036303997,-0.00433704350143671,-0.0262560825794935,0.0234322939068079,0.0626389756798744,-0.0121954511851072,0.106489889323711,0.00262286653742194,0.000256673898547888,0.009703085757792,-0.0132997957989573,-0.0181768517941236,0.00313810911029577,-0.00668104691430926,-0.0109391054138541,0.0702959522604942,0.00320821930654347,-0.025574428960681,-0.0316601507365704,-0.00999621208757162,0.0254707522690296,0.071884885430336,0.00648025702685118,0.0548031777143478,0.0473542883992195,0.0729274526238441,0.092540867626667,0.0919933915138245,0.00718114199116826,0.0535603985190392,0.0717301070690155,0.0672516673803329,0.0108288368210196,0.00854575913399458,0.108012706041336,-0.0282786693423986,-0.0206758566200733,0.0607999823987484,0.142752811312675,-0.00490769976750016,0.112813681364059,-0.0160187892615795,-0.00631014909595251,-0.0129789300262928,-0.0346655361354351,-0.0379404574632645,-0.0131447678431869,-0.00578163098543882,-0.0040232534520328,0.0627229511737823,-0.0111999735236168,-0.020015949383378,-0.0438823811709881,-0.0212402138859034,0.026924142614007,0.0852691605687141,-0.00720902998000383,0.0636092200875282,0.0507688634097576,0.0539721213281155,0.0772987753152847,0.0784477367997169,-0.00183703447692096,0.0282063037157059,0.0421613343060017,0.0490774288773537,-0.0131551567465067,-0.00574506167322397,0.102118410170078,-0.0404338389635086,-0.0221267975866795,0.0470710024237633,0.130032554268837
-0.00956405326724052,0.0130029823631048,0.0336282476782799,0.0114601058885455,-0.00250117527320981,0,0.165821820497513,0.02136798389256,0.0858732312917709,0.0566374212503433,-0.00175471429247409,0.0239249914884567,0.001526735490188,-0.0166932046413422,0.436813354492188,0.167268857359886,0.0419113487005234,0.0703488439321518,0.0634667575359344,0.0376825071871281,0.144661784172058,0.0916591659188271,0.135121777653694,0.221180230379105,0.245931506156921,0.1235091984272,0.345836073160172,0.122791573405266,0.0869942530989647,0.11702337116003,0.303214371204376,0.207973018288612,0.280988961458206,0.0727194100618362,-0.0332119762897491,0.0250250846147537,-0.0205967277288437,0.0804727822542191,0.0908450484275818,0.0955477729439735,0.0497444048523903,0.274961829185486,0.233620047569275,-0.00747822644189,0.178211838006973,0.0684125199913979,0.216621473431587,-0.0737620964646339,0.0571138225495815,0.150987327098846,0.116508096456528,0.0790853425860405,0.0281152036041021,0.0245753712952137,0.00710204476490617,0.0688614174723625,0.0894676521420479,0.210643991827965,0.12992437183857,0.0858829915523529,0.294078677892685,0.123788706958294,0.0182103384286165,0.106416746973991,0.283894926309586,0.144277200102806,0.239684015512466,0.0654915198683739,-0.11384741216898,-0.0460278764367104,-0.0876259729266167,0.0570646412670612,0.0967220067977905,0.0348354764282703,0.043720256537199,0.227842956781387,0.160432755947113,-0.0927301570773125,0.0852714404463768,0.0353205390274525,0.186046093702316,-0.108215630054474,0.0500359311699867,0.123468905687332,0.0994170382618904,0.0509332455694675
-0.087401419878006,-0.0771538019180298,-0.0205670427531004,-0.00857277400791645,-0.0175817478448153,0.165821820497513,0,-0.00830195192247629,-0.00662339478731155,-0.0399832464754581,-0.103363417088985,-0.0439929328858852,-0.027878837659955,-0.0248384140431881,0.170359969139099,0.248418569564819,-0.00858101435005665,-0.0318042263388634,0.14511476457119,-0.0383653119206429,0.0447908528149128,0.0258804578334093,0.0754388198256493,0.176710590720177,0.0662171915173531,0.12626601755619,0.00568911619484425,0.0642125084996223,0.0174846686422825,0.0379448533058167,0.160580039024353,0.160167872905731,0.073337234556675,0.0168335773050785,0.020101023837924,0.0730220973491669,0.0677902027964592,-0.0127283111214638,0.0525940917432308,-0.119439318776131,0.0650923550128937,-0.030902199447155,0.00288491928949952,-0.125736460089684,0.059121947735548,0.0248857326805592,0.233018383383751,-0.0605462789535522,0.0414590053260326,0.132919564843178,0.0187846031039953,0.0301828775554895,0.0905766785144806,-0.0488684698939323,-0.0592398680746555,0.0165708251297474,0.0261863525956869,0.154022574424744,-0.0302483011037111,0.0694441348314285,-0.0238020867109299,0.0526259876787663,-0.0190980192273855,0.0355871208012104,0.0931961312890053,0.0897715762257576,0.0601641125977039,0.0224230326712132,-0.0565104596316814,-0.0175334755331278,-0.0226152576506138,-0.03044768050313,0.0576523616909981,-0.132517412304878,0.0658113583922386,-0.0522271692752838,-0.019327687099576,-0.185174569487572,-0.0169767010957003,0.0303576681762934,0.190524309873581,-0.118696324527264,0.0268832556903362,0.109801940619946,0.00481069460511208,-0.000951131514739245
0.0606877207756042,0.0735245048999786,0.148792788386345,0.112058781087399,0.0223153419792652,0.02136798389256,-0.00830195192247629,0,0.0539812408387661,0.0429784171283245,0.0776033774018288,0.131483644247055,0.108071558177471,0.0140788136050105,0.034774798899889,0.00212040776386857,0.109268434345722,0.0659889802336693,-0.034613162279129,0.0929474160075188,-0.0574854724109173,0.0212914627045393,0.00107427081093192,-0.0099502457305789,-0.0432148166000843,-0.0242110285907984,0.056823194026947,0.0177672728896141,0.0266282707452774,0.00844145659357309,0.065421000123024,-0.0575693249702454,0.0228147469460964,0.0465731471776962,-0.0260464623570442,-0.0806074216961861,-0.0730806589126587,0.0462736748158932,0.0244956463575363,0.0730338767170906,0.0156740508973598,0.0463665835559368,0.121472246944904,-0.000364599720342085,0.0166654922068119,0.00686782691627741,0.00722456816583872,-0.00109402183443308,-0.00486761284992099,0.00050184124847874,0.0486878678202629,0.0874863564968109,-0.0205216649919748,0.0769358351826668,-0.0416002348065376,0.0233870707452297,-0.00285947299562395,-0.00150226312689483,-0.0214990209788084,0.002053611446172,0.06760174036026,0.0296100229024887,0.0309396591037512,0.00256678787991405,0.0639521703124046,-0.0386493727564812,0.0108754141256213,0.0448377430438995,7.82099086791277e-05,-0.0849760621786118,-0.0142165375873446,0.0532405190169811,0.0148038910701871,0.0803495198488235,0.0337692908942699,0.0560523197054863,0.101516246795654,0.0173071995377541,0.0357523635029793,0.0044031897559762,0.0158185586333275,0.053432933986187,-0.0191125776618719,0.00116586440708488,0.0592398531734943,0.0893777459859848
0.205957129597664,0.21930980682373,0.141702875494957,0.143234118819237,0.0543040484189987,0.0858732312917709,-0.00662339478731155,0.0539812408387661,0,0.218587905168533,0.227538406848907,0.131516948342323,0.134747371077538,0.047941267490387,0.071948304772377,-0.0181692931801081,0.0529736950993538,0.198754981160164,-0.0426612384617329,0.161856904625893,0.00783857703208923,0.060202032327652,0.0191827174276114,0.00319631979800761,0.0318434908986092,0.0075747356750071,0.126031413674355,0.0215982049703598,0.074967548251152,0.0874492451548576,0.019671393558383,-0.053291704505682,0.0656218752264977,0.120497763156891,0.0373349338769913,-0.0565699860453606,-0.012354820035398,0.164745837450027,0.0985769107937813,0.188749581575394,0.0755785703659058,0.150087878108025,0.132287934422493,0.0977719873189926,0.0773467645049095,0.0521007440984249,0.00166534853633493,0.11342803388834,-0.0303601957857609,-0.0190066490322351,0.124135054647923,0.180730327963829,-0.0308364741504192,0.168620675802231,0.0455245338380337,0.0544364415109158,0.0264312140643597,-0.0152254840359092,0.0589609369635582,0.0163952689617872,0.145318493247032,0.0141038559377193,0.0916677713394165,0.0778456330299377,0.0577828772366047,-0.0130928521975875,0.0348570868372917,0.0768812373280525,0.0827717855572701,-0.0292539037764072,0.0380229502916336,0.1714698523283,0.0739231109619141,0.182999074459076,0.0684547647833824,0.170065954327583,0.135470300912857,0.105214081704617,0.123888328671455,0.0203708317130804,0.001681117573753,0.1475700289011,-0.0342251062393188,-0.00411704741418362,0.123812235891819,0.172815799713135
0.719560563564301,0.35223987698555,0.293889731168747,0.265000224113464,0.0978366583585739,0.0566374212503433,-0.0399832464754581,0.0429784171283245,0.218587905168533,0,0.32015934586525,0.285472333431244,0.220276236534119,0.0983999893069267,0.0462829023599625,-0.0558304712176323,0.0363838113844395,0.230082973837852,-0.0515311993658543,0.227904319763184,0.275707542896271,-0.00884694699198008,0.0478746742010117,-0.0741308629512787,0.227957159280777,0.243212044239044,0.143218114972115,-0.0642718523740768,0.201047748327255,-0.00478140544146299,-0.0197387542575598,0.0585777945816517,0.0439749173820019,0.196240469813347,0.234049528837204,0.103825889527798,0.193159565329552,0.110222049057484,0.27176308631897,0.305020749568939,0.287000864744186,0.230480343103409,0.0775386318564415,0.459829300642014,0.282189905643463,0.251786082983017,-0.119821555912495,0.402626872062683,-0.0159281995147467,-0.00758746126666665,0.0357016399502754,0.223462328314781,-0.132310092449188,0.167470186948776,0.139604941010475,-0.0169580187648535,0.0256224721670151,-0.0959950238466263,0.127119019627571,0.129624038934708,0.09854955971241,-0.0371071994304657,0.0984377637505531,-0.0110413935035467,-0.0244738906621933,0.00873660389333963,0.0223976541310549,0.135598585009575,0.14295856654644,0.0413324870169163,0.0493356063961983,0.12688222527504,0.155682116746902,0.258249551057816,0.169542878866196,0.146362915635109,0.0508571453392506,0.238950327038765,0.0969363525509834,0.0891879200935364,-0.106540977954865,0.327993154525757,-0.0393530428409576,-0.0549110397696495,0.0518860705196857,0.18576967716217
0.412366688251495,0.492816925048828,0.279357641935349,0.284860372543335,0.0994658395648003,-0.00175471429247409,-0.103363417088985,0.0776033774018288,0.227538406848907,0.32015934586525,0,0.330089956521988,0.308901757001877,0.111550107598305,-0.0106962565332651,-0.10939235240221,0.0976030752062798,0.251994669437408,-0.17956854403019,0.286236464977264,-0.0140193086117506,0.0639666318893433,0.0171098578721285,-0.0724010095000267,0.0181752536445856,-0.0214631278067827,0.144755780696869,0.059493001550436,0.124480053782463,0.0999315083026886,-0.059583593159914,-0.184730216860771,0.0121651301160455,0.122972078621387,0.0304164532572031,-0.137789949774742,-0.0597876831889153,0.229620963335037,0.0566067509353161,0.344963103532791,0.0705491974949837,0.194492161273956,0.183789223432541,0.19204568862915,0.0826138183474541,0.0834121778607368,-0.161466240882874,0.216010630130768,-0.0860168486833572,-0.0770285204052925,0.16511894762516,0.277993857860565,-0.131030008196831,0.301264971494675,0.149856716394424,0.0739996656775475,0.00790309999138117,-0.101926147937775,0.15001292526722,-0.00239794608205557,0.195642590522766,0.0332842171192169,0.184002697467804,0.0615917146205902,-0.00529018323868513,-0.0645459890365601,0.00368279032409191,0.133378267288208,0.233493775129318,-0.00356351002119482,0.14259447157383,0.268576115369797,0.0409407541155815,0.394141644239426,0.108851931989193,0.262221604585648,0.202046424150467,0.303205460309982,0.26171413064003,0.0618042685091496,-0.134955421090126,0.30726569890976,-0.0406928099691868,-0.0994525700807571,0.172218412160873,0.300191581249237
0.356870204210281,0.271634668111801,0.583041310310364,0.38300696015358,0.115542523562908,0.0239249914884567,-0.0439929328858852,0.131483644247055,0.131516948342323,0.285472333431244,0.330089956521988,0,0.410180568695068,0.0847307965159416,0.0233905855566263,-0.0345703288912773,0.147055715322495,0.15560020506382,-0.0653915256261826,0.213355094194412,0.0728973224759102,-0.0278310254216194,-0.00435461988672614,-0.0578142218291759,0.00534593826159835,0.0341810807585716,0.0811817273497581,0.0100255412980914,0.187644138932228,-0.00349778309464455,-0.0510383732616901,-0.128040418028831,-0.0307541042566299,0.0413752682507038,0.200433418154716,-0.0408215932548046,0.115676037967205,0.0865423381328583,0.0122732203453779,0.229837313294411,0.0728158801794052,0.0678074806928635,0.16942997276783,0.23007695376873,0.126066163182259,0.068837009370327,-0.0930297449231148,0.19084432721138,-0.0828033536672592,-0.0674742758274078,0.0679134950041771,0.193325445055962,-0.0224494989961386,0.238527432084084,0.189381405711174,-0.0527740120887756,0.0216926801949739,-0.0789622962474823,0.0882748961448669,0.0582413710653782,0.0861053243279457,-0.012327728793025,0.238025277853012,-0.0297417882829905,-0.00222531612962484,-0.0487990491092205,0.0049310103058815,0.0437097959220409,0.282972484827042,0.0542755983769894,0.226782634854317,0.0969438403844833,-0.0391711071133614,0.267148166894913,0.083074726164341,0.12002457678318,0.183488011360168,0.283039480447769,0.231123030185699,0.0220408905297518,-0.0847790241241455,0.242193907499313,-0.0561079382896423,-0.0530304349958897,0.0619532912969589,0.21800485253334
0.294119030237198,0.259961128234863,0.385734975337982,0.646684169769287,0.170198574662209,0.001526735490188,-0.027878837659955,0.108071558177471,0.134747371077538,0.220276236534119,0.308901757001877,0.410180568695068,0,0.145007863640785,0.00495248287916183,-0.00993498135358095,0.117837674915791,0.159430027008057,-0.0508352369070053,0.278067290782928,-0.033668901771307,0.0324554741382599,0.0153356892988086,-0.0272095911204815,-0.0920077040791512,-0.00372694851830602,-0.00794944819062948,0.044098723679781,0.138413429260254,0.0393895953893661,-0.0704798772931099,-0.16507975757122,-0.024263072758913,0.168556779623032,0.149731531739235,-0.102079644799232,0.050835907459259,0.125298336148262,0.119257614016533,0.226301431655884,0.226985111832619,0.0198848657310009,0.111617468297482,0.142111346125603,0.125648692250252,0.100373424589634,-0.0432609058916569,0.228662610054016,-0.0901342108845711,-0.0485568344593048,0.129192173480988,0.322919100522995,0.0137152606621385,0.294476270675659,0.0345057360827923,0.026072334498167,0.0138305416330695,-0.028431624174118,-0.0347722359001637,0.0226734355092049,0.00823931489139795,0.0370353050529957,0.189276725053787,0.0228662826120853,-0.0389510728418827,-0.118569731712341,-0.00598936155438423,0.160439938306808,0.290432721376419,-0.0421740673482418,0.187622457742691,0.143333241343498,0.117297224700451,0.258656769990921,0.288627028465271,0.076852448284626,0.131298467516899,0.202241808176041,0.194869443774223,0.0896917656064034,-0.00623826030641794,0.322028756141663,-0.0876357182860374,-0.0504856072366238,0.131964728236198,0.381209671497345
0.112283624708652,0.0972453653812408,0.0685757249593735,0.125406578183174,0.046995036303997,-0.0166932046413422,-0.0248384140431881,0.0140788136050105,0.047941267490387,0.0983999893069267,0.111550107598305,0.0847307965159416,0.145007863640785,0,-0.00983323901891708,-0.0289321392774582,0.00706831458956003,0.0926954820752144,-0.0217214152216911,0.132046386599541,-0.0410118363797665,0.015885915607214,0.00838985852897167,-0.0223025791347027,-0.0288269426673651,-0.0217864885926247,0.00937807094305754,-0.011645601131022,0.0321331880986691,0.0151866814121604,-0.0320147126913071,-0.0571170337498188,-0.00145729805808514,0.0603154972195625,0.0226195752620697,-0.0445318818092346,-0.00844626035541296,0.058982577174902,0.0644116848707199,0.0875888019800186,0.0686154514551163,0.0370222143828869,0.0547330603003502,0.0434051193296909,0.048191212117672,0.01850894279778,-0.0160532705485821,0.0819964334368706,-0.0388511121273041,-0.0138932652771473,0.0739396959543228,0.122492983937263,-0.0124047221615911,0.105824872851372,0.00265487399883568,0.0164804086089134,0.00354430032894015,-0.025303365662694,-0.00447111902758479,-0.0129561508074403,0.0252553354948759,-0.0121000139042735,0.0304689463227987,0.0196288973093033,-0.0110108274966478,-0.0311806816607714,-0.00744602922350168,0.0704861134290695,0.0783943980932236,-0.032195296138525,0.0555857270956039,0.0719760060310364,0.0651726648211479,0.0904441103339195,0.0868495553731918,0.0468242466449738,0.06871248036623,0.0648462697863579,0.0883394330739975,0.00464320182800293,-0.0134027702733874,0.118113100528717,-0.0291036088019609,-0.0265799723565578,0.0647385939955711,0.136411964893341
-0.00334011088125408,-0.00233873212710023,0.0249832216650248,0.00530230952426791,-0.00433704350143671,0.436813354492188,0.170359969139099,0.034774798899889,0.071948304772377,0.0462829023599625,-0.0106962565332651,0.0233905855566263,0.00495248287916183,-0.00983323901891708,0,0.209360137581825,0.0437951497733593,0.0669388696551323,0.0471745580434799,0.0324742756783962,0.124796330928802,0.0791001468896866,0.111579097807407,0.228227034211159,0.226028144359589,0.122393198311329,0.326943308115005,0.118063539266586,0.0887450948357582,0.0989581048488617,0.311261564493179,0.173731595277786,0.28280171751976,0.0757468715310097,-0.0449822843074799,-0.0113663095980883,-0.0501291640102863,0.0648872554302216,0.0834173634648323,0.0763945505023003,0.0538643039762974,0.261242657899857,0.244639694690704,-0.0346621721982956,0.160847693681717,0.0617943070828915,0.21339949965477,-0.0882618278264999,0.0442559421062469,0.135052397847176,0.100084058940411,0.0794043391942978,0.03545206412673,0.0393661856651306,0.0530955269932747,0.0668931007385254,0.104334622621536,0.220477163791656,0.160421341657639,0.126819297671318,0.309582620859146,0.101599171757698,0.058885432779789,0.0918212458491325,0.281642764806747,0.165531188249588,0.281937032938004,0.0624491013586521,-0.0884644389152527,-0.0430578179657459,-0.0704847946763039,0.0520353801548481,0.107896849513054,0.0608668774366379,0.0470174886286259,0.251808434724808,0.182717829942703,-0.0679223835468292,0.112384833395481,0.0529636181890965,0.207076027989388,-0.08672796189785,0.0367586240172386,0.143458679318428,0.0988691449165344,0.0746648013591766
-0.0973646566271782,-0.0974340587854385,-0.0348590314388275,-0.0173561405390501,-0.0262560825794935,0.167268857359886,0.248418569564819,0.00212040776386857,-0.0181692931801081,-0.0558304712176323,-0.10939235240221,-0.0345703288912773,-0.00993498135358095,-0.0289321392774582,0.209360137581825,0,0.0168849211186171,-0.00795935094356537,0.110188476741314,-0.0367726236581802,0.0359478890895844,0.0261441916227341,0.0731951892375946,0.167579650878906,0.0417669862508774,0.111298225820065,-0.00270133372396231,0.0234510116279125,0.0161006599664688,0.0334358289837837,0.136946931481361,0.122472636401653,0.0965068489313126,0.019491896033287,0.00174904905725271,0.0381005220115185,0.0399051681160927,-0.0487049482762814,0.0397822111845016,-0.10801487416029,0.0661697015166283,-0.0280475970357656,0.0101561220362782,-0.116178974509239,0.0380306616425514,0.026963721960783,0.20244337618351,-0.0680317729711533,0.0376112535595894,0.10867316275835,0.0159153938293457,0.0252389274537563,0.10230365395546,-0.0385296978056431,-0.0255485810339451,0.0156986676156521,0.0402193181216717,0.172954648733139,-0.00980171002447605,0.109378486871719,-0.0209789499640465,0.0183223970234394,-0.0019104047678411,0.0283201243728399,0.105545327067375,0.091048076748848,0.101433381438255,0.0225247405469418,-0.0239225383847952,-0.0112427761778235,0.0112070553004742,-0.0598268210887909,0.0579753704369068,-0.126405775547028,0.0731417015194893,-0.0462592281401157,-0.0229377560317516,-0.147457763552666,-0.0102086868137121,0.0350950993597507,0.212438002228737,-0.0848389118909836,0.0239254012703896,0.1321110278368,0.00500455033034086,0.0217877402901649
0.0438464544713497,0.0575877577066422,0.120778426527977,0.0943509414792061,0.0234322939068079,0.0419113487005234,-0.00858101435005665,0.109268434345722,0.0529736950993538,0.0363838113844395,0.0976030752062798,0.147055715322495,0.117837674915791,0.00706831458956003,0.0437951497733593,0.0168849211186171,0,0.068632073700428,-0.0265831649303436,0.0895787477493286,-0.0483873523771763,0.0273181200027466,0.0172552727162838,-0.00551556888967752,-0.0146270012483001,-0.0373556837439537,0.0805492475628853,0.0302612893283367,0.0210685506463051,0.0293362569063902,0.0567291341722012,-0.065564289689064,0.0126791978254914,0.0298227611929178,-0.0222144648432732,-0.0769317895174026,-0.059570673853159,0.0472161211073399,0.00561896804720163,0.0681903958320618,-0.00612387154251337,0.0723779872059822,0.123219728469849,-0.012261557392776,0.0201800744980574,0.00226927758194506,0.0100621366873384,-0.0285897087305784,-0.0163718778640032,-0.0138247907161713,0.0440982282161713,0.0613062903285027,-0.0144513435661793,0.0768687799572945,-0.0358436331152916,0.027656527236104,0.00929260719567537,0.0156149575486779,-0.01719880849123,-0.0161651894450188,0.0711828619241714,0.0246188715100288,0.0257643144577742,0.0198035575449467,0.0515250712633133,-0.0358183830976486,0.0228195898234844,0.0333878211677074,-0.0108214085921645,-0.0996149927377701,-0.0248490106314421,0.0513242334127426,-0.00615930324420333,0.0748844146728516,-0.0018313645850867,0.0732750073075294,0.117420591413975,0.0179877579212189,0.0186271630227566,0.00149156688712537,0.0204082131385803,0.0150689519941807,-0.019854886457324,-0.0026410655118525,0.047742672264576,0.0702763870358467
0.260341584682465,0.211383298039436,0.154664531350136,0.152223184704781,0.0626389756798744,0.0703488439321518,-0.0318042263388634,0.0659889802336693,0.198754981160164,0.230082973837852,0.251994669437408,0.15560020506382,0.159430027008057,0.0926954820752144,0.0669388696551323,-0.00795935094356537,0.068632073700428,0,-0.0559138096868992,0.164160892367363,0.0377701446413994,0.0472266376018524,0.0402342341840267,0.00969355832785368,0.060605600476265,0.0317745693027973,0.118874073028564,0.0216037798672915,0.0914755910634995,0.0841921418905258,0.0148874940350652,-0.0277905520051718,0.0706572756171227,0.0952559486031532,0.0289752408862114,-0.0489620603621006,-0.00496866554021835,0.157422542572021,0.0796519815921783,0.184055581688881,0.0668459758162498,0.15435391664505,0.133124366402626,0.115527309477329,0.0848745405673981,0.060806930065155,0.0106055801734328,0.136817768216133,-0.0368900671601295,0.0249386634677649,0.162366405129433,0.189957037568092,-0.00637767184525728,0.181168228387833,0.098929189145565,0.0576487518846989,0.0241595059633255,0.00496099190786481,0.105408430099487,0.0378010682761669,0.148495346307755,0.0235744751989841,0.114419206976891,0.0734869763255119,0.0641321688890457,0.017375597730279,0.055236704647541,0.112054944038391,0.115780629217625,0.0113921910524368,0.081869438290596,0.175446003675461,0.0732489824295044,0.199916899204254,0.0850532725453377,0.188383385539055,0.140104174613953,0.147817134857178,0.162446081638336,0.0514490492641926,0.0202923323959112,0.170981839299202,-0.000547842064406723,-0.00160076515749097,0.133849814534187,0.209757417440414
-0.140766337513924,-0.098972886800766,-0.02211126498878,-0.0453910157084465,-0.0121954511851072,0.0634667575359344,0.14511476457119,-0.034613162279129,-0.0426612384617329,-0.0515311993658543,-0.17956854403019,-0.0653915256261826,-0.0508352369070053,-0.0217214152216911,0.0471745580434799,0.110188476741314,-0.0265831649303436,-0.0559138096868992,0,-0.0319939143955708,0.231974571943283,0.0446397848427296,0.0407707020640373,0.254434049129486,0.185117080807686,0.265309661626816,-0.157065033912659,0.0731307044625282,0.0850265249609947,0.0748189017176628,0.016944931820035,0.561552464962006,0.00125424726866186,-0.00792396999895573,0.511830568313599,0.210086688399315,0.552071213722229,-0.027155039831996,0.0693649053573608,-0.0919717997312546,0.175784260034561,-0.0559543333947659,-0.138946339488029,0.0254596471786499,0.188957840204239,0.0820298045873642,0.7242751121521,0.256249278783798,0.118874065577984,0.155333340167999,0.16796313226223,0.133591547608376,0.651437163352966,-0.0424758940935135,0.0529738813638687,0.0277245342731476,0.0207776688039303,0.203880414366722,0.0239741932600737,0.174828767776489,-0.192947924137115,0.0794713571667671,0.0184482596814632,0.0683765858411789,-0.0596009939908981,0.326674282550812,0.0206614024937153,0.00863885600119829,0.242262631654739,0.162097319960594,0.273347675800323,-0.061135109513998,0.110170498490334,-0.157524526119232,0.131654649972916,-0.119933471083641,-0.121356569230556,-0.0846360623836517,0.0362775698304176,0.0564471818506718,0.609704732894897,0.0641195699572563,0.0630160048604012,0.157222867012024,0.164580821990967,0.100898295640945
0.232625618577003,0.260626524686813,0.206275895237923,0.303497284650803,0.106489889323711,0.0376825071871281,-0.0383653119206429,0.0929474160075188,0.161856904625893,0.227904319763184,0.286236464977264,0.213355094194412,0.278067290782928,0.132046386599541,0.0324742756783962,-0.0367726236581802,0.0895787477493286,0.164160892367363,-0.0319939143955708,0,-0.110250174999237,0.170120924711227,0.0504973120987415,0.0161364637315273,-0.117188185453415,-0.0262380968779325,0.000568886229302734,0.035584669560194,0.20972116291523,0.188516899943352,-0.0917377769947052,-0.269358158111572,0.0034402278251946,0.387679129838943,0.196569174528122,-0.204173669219017,0.00872323475778103,0.28714382648468,0.321373641490936,0.412683188915253,0.397472381591797,0.0852472260594368,0.270085662603378,0.255665242671967,0.318210870027542,0.259191811084747,0.044804897159338,0.364594310522079,-0.131001636385918,-0.0475135669112206,0.284647405147552,0.556523025035858,0.0358118824660778,0.580617547035217,-0.0966399237513542,0.181903317570686,0.00934769678860903,0.00170940929092467,-0.107586309313774,0.00168408802710474,0.0499335341155529,0.0401445329189301,0.180474102497101,0.162722572684288,-0.0393036901950836,-0.237312287092209,0.0212532691657543,0.36386701464653,0.300164818763733,-0.237324804067612,0.117969922721386,0.288044214248657,0.273262500762939,0.436010479927063,0.391074925661087,0.155606433749199,0.273240268230438,0.242453455924988,0.288681387901306,0.210004508495331,0.0477466098964214,0.456386148929596,-0.156377211213112,-0.082220196723938,0.236028045415878,0.548354506492615
0.0721286311745644,0.049469318240881,0.128223299980164,-0.0258890520781279,0.00262286653742194,0.144661784172058,0.0447908528149128,-0.0574854724109173,0.00783857703208923,0.275707542896271,-0.0140193086117506,0.0728973224759102,-0.033668901771307,-0.0410118363797665,0.124796330928802,0.0359478890895844,-0.0483873523771763,0.0377701446413994,0.231974571943283,-0.110250174999237,0,-0.154288738965988,0.0685643777251244,0.176676958799362,0.716143846511841,0.571112513542175,0.19257590174675,-0.0792510509490967,0.273036122322083,-0.106143675744534,0.10729656368494,0.480961471796036,0.159731030464172,-0.0821233168244362,0.560108184814453,0.469249099493027,0.541353285312653,-0.135710015892982,-0.00772357266396284,0.102972708642483,0.133395165205002,0.307546645402908,-0.0472912229597569,0.706665456295013,0.41386091709137,0.360004454851151,0.0647893249988556,0.470237523317337,0.0468362607061863,0.0106036989018321,-0.0204046051949263,-0.0431668609380722,0.0262505020946264,-0.11318327486515,0.657090067863464,-0.203375548124313,0.0567172095179558,0.088375635445118,0.528649866580963,0.303104192018509,0.0563098788261414,-0.043384175747633,0.0993828028440475,-0.101968474686146,0.0471773855388165,0.307123482227325,0.111533313989639,-0.0710157603025436,0.261127889156342,0.369578778743744,0.201528266072273,-0.138789549469948,0.00235241209156811,-0.0140686267986894,0.0441171638667583,0.154777526855469,-0.120804250240326,0.297277599573135,0.113206930458546,0.146171018481255,0.0365889668464661,0.0954484194517136,0.0732169151306152,0.0159737952053547,-0.00982487481087446,-0.0971432998776436
-0.025544922798872,0.0810621008276939,-0.000898414989933372,0.0348409898579121,0.000256673898547888,0.0916591659188271,0.0258804578334093,0.0212914627045393,0.060202032327652,-0.00884694699198008,0.0639666318893433,-0.0278310254216194,0.0324554741382599,0.015885915607214,0.0791001468896866,0.0261441916227341,0.0273181200027466,0.0472266376018524,0.0446397848427296,0.170120924711227,-0.154288738965988,0,0.0175771284848452,0.320276319980621,0.031536303460598,-0.151042476296425,0.115671224892139,0.264579176902771,0.0348015800118446,0.917171597480774,0.00346803199499846,-0.154350653290749,0.146379947662354,0.352694064378738,-0.0652842149138451,-0.180738672614098,-0.130794435739517,0.872364163398743,0.314668387174606,0.0811343863606453,0.297036021947861,0.270391494035721,0.0619787722826004,-0.029369879513979,0.0705282092094421,0.63121622800827,0.186295390129089,0.0229572169482708,-0.0375334806740284,0.0102944783866405,0.205638438463211,0.239048689603806,0.100138664245605,0.157700672745705,-0.239372074604034,0.971932291984558,0.00320889544673264,0.373617261648178,-0.0695002898573875,-0.086060494184494,0.15375167131424,0.318333208560944,-0.0176657922565937,0.905403852462769,-0.0205389782786369,-0.185586780309677,0.15766204893589,0.331730097532272,-0.0814382955431938,-0.251404374837875,-0.136615127325058,0.833132743835449,0.360227316617966,0.0810926258563995,0.319672018289566,0.306483149528503,0.0748336911201477,-0.0826829597353935,-0.00327893113717437,0.584905385971069,0.176076680421829,0.071982778608799,-0.0784155428409576,0.0115710627287626,0.172052815556526,0.217209622263908
0.0222406666725874,0.0194160547107458,0.0112111987546086,0.0118687134236097,0.009703085757792,0.135121777653694,0.0754388198256493,0.00107427081093192,0.0191827174276114,0.0478746742010117,0.0171098578721285,-0.00435461988672614,0.0153356892988086,0.00838985852897167,0.111579097807407,0.0731951892375946,0.0172552727162838,0.0402342341840267,0.0407707020640373,0.0504973120987415,0.0685643777251244,0.0175771284848452,0,0.162108972668648,0.112754128873348,0.139301002025604,0.0607404373586178,0.0360807813704014,0.100564852356911,0.0413524247705936,0.0920378938317299,0.109265297651291,0.100682958960533,0.0284956935793161,0.0646432787179947,0.0427294299006462,0.0687082856893539,0.0253622084856033,0.0455956161022186,0.044838584959507,0.053781021386385,0.0482468456029892,0.0605353452265263,0.0408379063010216,0.0710550546646118,0.0834560468792915,0.108075708150864,0.0627720355987549,0.0332837663590908,0.106498517096043,0.0524402819573879,0.101878754794598,0.0209776721894741,0.0243899822235107,0.0396746546030045,0.00535255670547485,0.0527904182672501,0.128669753670692,0.0772750452160835,0.113637059926987,0.0622302368283272,0.0251862928271294,0.0629578307271004,0.0400055795907974,0.0862339213490486,0.0768568441271782,0.0845979675650597,0.00699917087331414,0.0542417839169502,0.0187800824642181,0.0469609759747982,0.0173612609505653,0.035337071865797,0.0349247381091118,0.0433316305279732,0.0627913624048233,0.0352615788578987,-0.00586064485833049,0.0497114062309265,0.0695263594388962,0.0795993506908417,0.0376638509333134,0.018731877207756,0.0531221032142639,0.0320648103952408,0.0912596210837364
-0.0466740280389786,-0.0552945025265217,-0.0412792637944221,-0.0229049567133188,-0.0132997957989573,0.221180230379105,0.176710590720177,-0.0099502457305789,0.00319631979800761,-0.0741308629512787,-0.0724010095000267,-0.0578142218291759,-0.0272095911204815,-0.0223025791347027,0.228227034211159,0.167579650878906,-0.00551556888967752,0.00969355832785368,0.254434049129486,0.0161364637315273,0.176676958799362,0.320276319980621,0.162108972668648,0,0.328644543886185,0.344036042690277,0.0794511288404465,0.539174377918243,0.102477848529816,0.506348967552185,0.174842059612274,0.207138910889626,0.334735482931137,0.0886003524065018,0.131333813071251,0.0503873080015182,0.0969415903091431,0.278533905744553,0.0865481719374657,-0.0513845197856426,0.136508494615555,0.109016954898834,0.0371140167117119,-0.0188494026660919,0.0855982378125191,0.489398717880249,0.338119059801102,0.0116723785176873,0.0712969079613686,0.150856673717499,0.113767988979816,0.135754778981209,0.247367396950722,0.0393478907644749,0.0587682612240314,0.292888104915619,0.105398535728455,0.80972021818161,0.20487754046917,0.351388603448868,0.0811494663357735,0.498058706521988,0.0768554583191872,0.50505542755127,0.140010684728622,0.198468506336212,0.345490753650665,0.099653460085392,0.116516105830669,-0.0167706813663244,0.139308795332909,0.207040414214134,0.139765620231628,-0.0384369045495987,0.173538148403168,0.154903396964073,0.0348623655736446,-0.0688119456171989,0.0571496672928333,0.488826364278793,0.273422628641129,0.00309606967493892,0.045455776154995,0.137964382767677,0.0866685584187508,0.100545473396778
