0 0.33611 0.2666 0.28199 0.089371 -0.0089756 -0.092355 0.062694 0.2124 0.72753 0.41909 0.35808 0.29599 0.11845 -0.00052251 -0.10061 0.043649 0.26763 -0.17065 0.24022 0.043214 -0.010571 0.022003 -0.065407 0.041609 0.12208 0.097566 0.023779 0.1845 0.013844 -0.1545 -0.12299 0.012391 0.12893 0.080163 -0.080136 0.0021462 0.13326 0.069469 0.37108 0.067361 0.18259 0.10306 0.35659 0.026047 0.17569 -0.18371 0.34065 -0.10254 -0.069399 0.036298 0.23038 -0.052222 0.27912 0.4103 -0.006993 0.034022 -0.079277 0.35725 0.24157 0.19715 0.0025457 0.31648 -0.021188 -0.025133 0.1255 0.027091 0.13868 0.38781 0.19064 0.29696 0.15132 0.070802 0.45791 0.17304 0.31798 0.18389 0.59686 0.39999 0.19549 -0.13085 0.5357 0.0010594 -0.089295 0.056773 0.28096
0.33611 0 0.24558 0.2725 0.11365 0.016198 -0.079252 0.071647 0.22642 0.35306 0.49721 0.26359 0.25569 0.098846 -0.0051943 -0.096131 0.057368 0.21109 -0.11878 0.27078 0.039466 0.10333 0.019837 -0.05257 0.061666 0.039824 0.1455 0.080701 0.14478 0.14434 -0.029316 -0.11281 0.015052 0.18177 0.104 -0.080082 0.0013769 0.24294 0.14732 0.34155 0.12253 0.19554 0.16937 0.21606 0.16055 0.13662 -0.1117 0.23266 -0.046775 -0.059519 0.17684 0.29785 -0.12938 0.2597 0.05541 0.10276 0.015553 -0.07232 0.06136 -0.0049048 0.13766 0.074806 0.12961 0.098904 -0.0075899 -0.092799 -0.014094 0.11765 0.15129 -0.039926 0.069182 0.27574 0.098228 0.32217 0.10094 0.19191 0.15794 0.18556 0.16492 0.076122 -0.12001 0.22281 -0.049644 -0.076633 0.16353 0.27068
0.2666 0.24558 0 0.39421 0.10033 0.038009 -0.017117 0.14405 0.14455 0.28164 0.26814 0.57791 0.37945 0.068293 0.036114 -0.031058 0.11638 0.15342 -0.040856 0.19631 0.10796 0.0096833 0.011972 -0.03724 0.025854 0.038863 0.088585 0.0084136 0.1896 0.034164 -0.00048511 -0.075953 -0.020878 0.056264 0.21765 -0.01907 0.13146 0.099705 0.018046 0.19819 0.077707 0.087202 0.1764 0.24371 0.19144 0.061432 -0.071013 0.17383 -0.049629 -0.0488 0.06898 0.18556 -0.03311 0.16636 0.10402 -0.0040264 0.035692 -0.055985 0.02311 0.024472 0.071511 0.012211 0.15989 0.0025737 0.0079395 -0.079731 -0.0094222 0.029312 0.18756 -0.026071 0.13379 0.1083 -0.0038857 0.19564 0.087593 0.079725 0.12292 0.16629 0.15477 0.013052 -0.066147 0.1721 -0.06042 -0.054153 0.080801 0.17117
0.28199 0.2725 0.39421 0 0.18956 0.014731 -0.0060924 0.10571 0.14192 0.26095 0.2793 0.37927 0.64911 0.12631 0.0090862 -0.017429 0.096933 0.14879 -0.061931 0.29768 -0.036316 0.038918 0.010751 -0.026428 -0.094432 0.0064126 0.010539 0.025393 0.14255 0.054758 -0.027948 -0.16359 -0.020658 0.1989 0.17083 -0.10302 0.056803 0.13469 0.20012 0.21137 0.28156 0.034593 0.13344 0.15474 0.15848 0.11597 -0.026749 0.23728 -0.067839 -0.01987 0.13207 0.35499 -0.02158 0.28034 0.014243 0.041755 0.013468 -0.037053 -0.052408 -0.018242 0.026362 0.028598 0.15093 0.033695 -0.021275 -0.13526 0.0099518 0.15829 0.25857 -0.064276 0.15225 0.15151 0.13268 0.2501 0.26483 0.076283 0.13551 0.1765 0.18486 0.093311 -0.038957 0.30356 -0.060441 -0.057454 0.12763 0.3476
0.089371 0.11365 0.10033 0.18956 0 -0.004986 -0.022058 0.019586 0.057132 0.098551 0.1071 0.11175 0.16407 0.04502 -0.0036541 -0.030506 0.02139 0.062918 -0.019932 0.10927 -0.0042003 0.0082354 0.01199 -0.015423 -0.023084 -0.0013348 -0.0060923 -0.01044 0.071657 0.0093461 -0.029363 -0.038453 -0.0099289 0.028423 0.068797 -0.0013296 0.047062 0.056654 0.080636 0.093193 0.089705 0.012022 0.054986 0.07052 0.061875 0.017838 0.0072921 0.10669 -0.029513 -0.021745 0.066273 0.14515 -0.0089875 0.11217 -0.017246 0.0022912 -0.012746 -0.034618 -0.037555 -0.012059 -0.0032826 -0.0039238 0.063176 -0.002474 -0.020837 -0.045911 -0.017378 0.030073 0.086429 -0.011702 0.063115 0.057299 0.061466 0.081679 0.082178 0.0041364 0.026073 0.045912 0.052224 -0.0034783 -0.0074054 0.10804 -0.039519 -0.025603 0.05055 0.13155
-0.0089756 0.016198 0.038009 0.014731 -0.004986 0 0.17114 0.023764 0.089185 0.061749 -0.0013858 0.024966 0.0050397 -0.015212 0.43871 0.16643 0.0411 0.069626 0.069656 0.044526 0.14966 0.10716 0.13686 0.22489 0.25216 0.1296 0.34268 0.13082 0.086685 0.1311 0.29838 0.21514 0.27826 0.075896 -0.031617 0.024123 -0.019544 0.090992 0.094275 0.10328 0.062539 0.27976 0.22803 0.0070455 0.18189 0.089564 0.22079 -0.062927 0.054914 0.1528 0.1176 0.083245 0.029571 0.027016 0.0061983 0.085912 0.089863 0.21684 0.13605 0.095739 0.29122 0.13854 0.01289 0.12016 0.27226 0.13708 0.23894 0.073198 -0.11739 -0.055224 -0.098374 0.067087 0.10076 0.037593 0.058535 0.23129 0.14974 -0.087617 0.073204 0.053246 0.18767 -0.10529 0.050766 0.12581 0.10041 0.049322
-0.092355 -0.079252 -0.017117 -0.0060924 -0.022058 0.17114 0 -0.0098695 -0.0081131 -0.041589 -0.10345 -0.04166 -0.029251 -0.025059 0.17794 0.25416 -0.011994 -0.031978 0.15852 -0.042303 0.056966 0.0265 0.077044 0.18348 0.076101 0.13443 0.0017459 0.072086 0.021188 0.037725 0.16532 0.17275 0.072083 0.015588 0.026868 0.080334 0.073935 -0.015608 0.052491 -0.12398 0.069036 -0.029953 -9.3896e-05 -0.12514 0.064778 0.032451 0.23559 -0.061482 0.041142 0.13669 0.014243 0.028448 0.091742 -0.048995 -0.060982 0.018083 0.028538 0.16133 -0.028982 0.076427 -0.027245 0.064258 -0.023266 0.034882 0.087765 0.089255 0.058592 0.021428 -0.057432 -0.019365 -0.027459 -0.034845 0.054959 -0.14165 0.068867 -0.056407 -0.022876 -0.18766 -0.024002 0.038083 0.18832 -0.12803 0.025486 0.11168 -0.00066765 -0.0065196
0.062694 0.071647 0.14405 0.10571 0.019586 0.023764 -0.0098695 0 0.052559 0.039846 0.075493 0.12906 0.10011 0.013655 0.034408 0.0013921 0.10746 0.0657 -0.035477 0.088777 -0.059554 0.024443 0.00058615 -0.0096441 -0.043987 -0.022329 0.055431 0.019224 0.02401 0.013826 0.067122 -0.059207 0.024142 0.048083 -0.026208 -0.08522 -0.076112 0.049883 0.023965 0.071992 0.01572 0.046694 0.11953 -0.0010136 0.0079253 0.0082473 0.0048846 -0.00072708 -0.0043606 0.0013325 0.045807 0.08965 -0.023967 0.073605 -0.037972 0.026406 -0.0022934 -0.0010596 -0.019851 0.0042017 0.069665 0.033056 0.032584 0.0055019 0.065735 -0.040628 0.0083095 0.045055 0.0021037 -0.081892 -0.013076 0.055258 0.016482 0.07971 0.034758 0.060195 0.10043 0.021944 0.033951 0.0097955 0.01185 0.057083 -0.015615 0.0034357 0.055627 0.091141
0.2124 0.22642 0.14455 0.14192 0.057132 0.089185 -0.0081131 0.052559 0 0.22663 0.23379 0.13165 0.13462 0.049927 0.073729 -0.024888 0.052699 0.19927 -0.052792 0.16962 0.0029855 0.079358 0.016387 0.0013879 0.029041 0.0046925 0.13353 0.020844 0.08046 0.10831 0.022456 -0.055181 0.065379 0.12848 0.034549 -0.067159 -0.016704 0.1846 0.10299 0.19622 0.076998 0.15677 0.13881 0.10464 0.075634 0.059235 -0.0035337 0.11501 -0.029053 -0.020454 0.12761 0.1907 -0.041371 0.17369 0.039925 0.072673 0.031916 -0.012312 0.055718 0.016636 0.15072 0.016482 0.091933 0.094806 0.061559 -0.014737 0.03604 0.077135 0.082979 -0.037264 0.035727 0.1913 0.081111 0.19123 0.068515 0.17903 0.13901 0.10855 0.12306 0.026582 -0.0040485 0.15154 -0.035053 -0.0079568 0.12815 0.17762
0.72753 0.35306 0.28164 0.26095 0.098551 0.061749 -0.041589 0.039846 0.22663 0 0.32537 0.27781 0.21779 0.10324 0.05449 -0.054772 0.034659 0.23215 -0.087741 0.23422 0.25337 0.019608 0.050418 -0.078822 0.21147 0.2226 0.16165 -0.058816 0.20544 0.026842 -0.011884 0.056699 0.050256 0.20166 0.21729 0.090332 0.18403 0.14494 0.2718 0.31976 0.27212 0.24436 0.096938 0.45663 0.27619 0.25806 -0.13416 0.38903 -0.020829 -0.0032617 0.039599 0.23154 -0.15949 0.17291 0.12318 0.0089081 0.027517 -0.085207 0.11426 0.12968 0.1146 -0.02936 0.099623 0.015898 -0.012465 0.012444 0.037498 0.13438 0.13093 0.032499 0.043379 0.16235 0.1603 0.27195 0.16435 0.16084 0.060313 0.2319 0.096487 0.097888 -0.11194 0.32753 -0.034815 -0.057047 0.062018 0.1917
0.41909 0.49721 0.26814 0.2793 0.1071 -0.0013858 -0.10345 0.075493 0.23379 0.32537 0 0.32464 0.30473 0.11392 -0.011672 -0.11163 0.09452 0.25235 -0.20323 0.29998 -0.028144 0.08176 0.014596 -0.072767 0.0030036 -0.025328 0.14283 0.067369 0.127 0.12217 -0.065339 -0.20095 0.009042 0.13369 0.022883 -0.15843 -0.071526 0.24635 0.067026 0.35311 0.069443 0.19119 0.19322 0.19576 0.06844 0.097364 -0.1669 0.21651 -0.087883 -0.080396 0.17455 0.2915 -0.15092 0.30781 0.14344 0.091995 0.0061399 -0.096803 0.14028 -0.0027924 0.19778 0.043194 0.18815 0.079625 -0.0060051 -0.072103 0.0057548 0.13781 0.23554 -0.013675 0.14989 0.28418 0.052222 0.40489 0.11198 0.26458 0.20858 0.31139 0.26335 0.078322 -0.14158 0.31495 -0.038786 -0.1072 0.17589 0.31074
0.35808 0.26359 0.57791 0.37927 0.11175 0.024966 -0.04166 0.12906 0.13165 0.27781 0.32464 0 0.4053 0.086533 0.026359 -0.031559 0.14629 0.15642 -0.08593 0.20893 0.047961 -0.016179 -0.0081688 -0.056919 -0.013812 0.0165 0.083151 0.019922 0.18358 0.01241 -0.044625 -0.14382 -0.02918 0.039967 0.18251 -0.059801 0.10102 0.09962 0.011768 0.22423 0.06034 0.060913 0.17634 0.21923 0.10688 0.077451 -0.10029 0.17202 -0.083441 -0.069088 0.066259 0.19404 -0.033341 0.23323 0.17244 -0.038827 0.022705 -0.072723 0.071334 0.054658 0.089693 -0.00074891 0.23125 -0.019007 0.0056835 -0.055755 0.011711 0.042272 0.27214 0.043431 0.2248 0.10952 -0.037863 0.26694 0.080897 0.11733 0.18717 0.2767 0.22507 0.037498 -0.088909 0.24009 -0.052432 -0.057555 0.061337 0.21646
0.29599 0.25569 0.37945 0.64911 0.16407 0.0050397 -0.029251 0.10011 0.13462 0.21779 0.30473 0.4053 0 0.14553 0.010854 -0.0071004 0.11645 0.15901 -0.066898 0.26644 -0.042596 0.035761 0.013286 -0.028641 -0.098611 -0.0052049 -0.0019629 0.050295 0.1309 0.049556 -0.067566 -0.17207 -0.024554 0.16624 0.14082 -0.11805 0.041664 0.1332 0.1222 0.21658 0.21425 0.017872 0.11625 0.12852 0.11522 0.09935 -0.052324 0.21297 -0.084078 -0.04845 0.12124 0.31895 0.002019 0.28474 0.029874 0.030036 0.015646 -0.02302 -0.038622 0.026909 0.013104 0.044846 0.18666 0.027047 -0.034816 -0.11944 -0.00047086 0.15939 0.29017 -0.042052 0.18908 0.15055 0.12583 0.25152 0.28606 0.074982 0.13433 0.19796 0.19524 0.095747 -0.011735 0.31755 -0.084577 -0.048997 0.12393 0.37448
0.11845 0.098846 0.068293 0.12631 0.04502 -0.015212 -0.025059 0.013655 0.049927 0.10324 0.11392 0.086533 0.14553 0 -0.0090722 -0.028082 0.0050485 0.092951 -0.029147 0.13524 -0.043824 0.017451 0.011013 -0.022338 -0.030548 -0.022608 0.015679 -0.0093444 0.033085 0.021256 -0.030784 -0.061472 -0.00015246 0.062415 0.023675 -0.0481 -0.0099494 0.063591 0.065167 0.093635 0.066831 0.039939 0.059187 0.04583 0.050199 0.017521 -0.017333 0.080075 -0.041665 -0.013531 0.077693 0.12508 -0.02085 0.10836 0.0023313 0.019628 0.0054365 -0.024343 -0.0039964 -0.010049 0.028963 -0.012684 0.034889 0.021924 -0.0079796 -0.033945 -0.0033814 0.071 0.079299 -0.033132 0.060759 0.077827 0.071174 0.097504 0.08838 0.051581 0.073973 0.069702 0.095741 0.0073209 -0.015657 0.12231 -0.025653 -0.027608 0.067308 0.13902
-0.00052251 -0.0051943 0.036114 0.0090862 -0.0036541 0.43871 0.17794 0.034408 0.073729 0.05449 -0.011672 0.026359 0.010854 -0.0090722 0 0.21311 0.038872 0.069491 0.055384 0.041541 0.13979 0.092052 0.10975 0.23497 0.23704 0.13518 0.32651 0.1292 0.092442 0.10987 0.30373 0.18227 0.27365 0.072914 -0.031244 -0.0062297 -0.039258 0.073063 0.075864 0.088177 0.058947 0.26607 0.23436 -0.0089811 0.16678 0.081718 0.21762 -0.077677 0.041103 0.13207 0.099451 0.082577 0.03772 0.043337 0.057571 0.08084 0.10282 0.23207 0.16936 0.13956 0.30482 0.11908 0.058668 0.10571 0.26403 0.15919 0.28031 0.065336 -0.083265 -0.05148 -0.070386 0.061571 0.10521 0.067551 0.057165 0.25162 0.16914 -0.059678 0.098276 0.074109 0.20787 -0.078773 0.031164 0.14496 0.1027 0.079906
-0.10061 -0.096131 -0.031058 -0.017429 -0.030506 0.16643 0.25416 0.0013921 -0.024888 -0.054772 -0.11163 -0.031559 -0.0071004 -0.028082 0.21311 0 0.012561 -0.0077408 0.11917 -0.03511 0.052309 0.022471 0.07215 0.1703 0.055241 0.12554 -0.010414 0.027856 0.021336 0.027477 0.13396 0.13007 0.090809 0.013732 0.011343 0.046587 0.052775 -0.055908 0.032496 -0.11219 0.06647 -0.027142 0.00075505 -0.10527 0.04566 0.034617 0.19933 -0.063931 0.040946 0.10495 0.011569 0.023164 0.10265 -0.038485 -0.01464 0.010412 0.040391 0.18204 -0.00038867 0.12369 -0.027402 0.026696 -0.0022382 0.024467 0.094436 0.090676 0.10017 0.019691 -0.01629 -0.0073362 0.015474 -0.064879 0.050702 -0.13201 0.073126 -0.049666 -0.029673 -0.13915 -0.013987 0.043473 0.20537 -0.087259 0.025764 0.13363 -0.0011712 0.018774
0.043649 0.057368 0.11638 0.096933 0.02139 0.0411 -0.011994 0.10746 0.052699 0.034659 0.09452 0.14629 0.11645 0.0050485 0.038872 0.012561 0 0.067863 -0.024211 0.091262 -0.049417 0.031459 0.015444 -0.0060171 -0.018087 -0.035221 0.080006 0.032493 0.016436 0.03382 0.051296 -0.068847 0.0079543 0.0321 -0.018277 -0.080661 -0.062019 0.049696 0.0046939 0.06752 -0.0045528 0.072628 0.12274 -0.0092814 0.020755 0.0022279 0.012165 -0.027939 -0.014599 -0.01489 0.042293 0.064052 -0.013837 0.076904 -0.037537 0.029652 0.0070829 0.017336 -0.020818 -0.015703 0.069703 0.028689 0.025032 0.021719 0.047279 -0.036482 0.023311 0.036202 -0.009828 -0.10147 -0.024904 0.05111 -0.0032603 0.073831 0.00038709 0.071961 0.11298 0.020844 0.018752 0.0026724 0.0212 0.018644 -0.019335 -0.0025768 0.047336 0.068975
0.26763 0.21109 0.15342 0.14879 0.062918 0.069626 -0.031978 0.0657 0.19927 0.23215 0.25235 0.15642 0.15901 0.092951 0.069491 -0.0077408 0.067863 0 -0.066324 0.16938 0.03 0.059818 0.039543 0.0090784 0.053276 0.027088 0.12083 0.025502 0.091798 0.098114 0.013196 -0.032233 0.070995 0.097065 0.025415 -0.057453 -0.0082587 0.17236 0.081476 0.19044 0.064395 0.15515 0.13658 0.11661 0.077711 0.059905 0.0095359 0.1319 -0.037659 0.024839 0.17356 0.19533 -0.010667 0.18394 0.10049 0.071109 0.028202 0.0097637 0.10535 0.042064 0.14842 0.027281 0.11776 0.086376 0.065172 0.017463 0.057658 0.11562 0.11933 0.011187 0.085705 0.18979 0.077289 0.20781 0.08673 0.19214 0.14277 0.15363 0.16338 0.057391 0.022721 0.17593 -0.00056588 0.0010077 0.13822 0.21736
-0.17065 -0.11878 -0.040856 -0.061931 -0.019932 0.069656 0.15852 -0.035477 -0.052792 -0.087741 -0.20323 -0.08593 -0.066898 -0.029147 0.055384 0.11917 -0.024211 -0.066324 0 -0.050054 0.24357 0.029664 0.046733 0.26456 0.21264 0.2752 -0.17651 0.088461 0.08075 0.059886 0.0091633 0.56282 0.0022446 -0.025131 0.50063 0.25134 0.54738 -0.053354 0.057098 -0.11561 0.15685 -0.078269 -0.14617 0.012623 0.18066 0.09099 0.73473 0.26088 0.10866 0.16262 0.16209 0.11847 0.66368 -0.061286 0.047617 0.011353 0.019451 0.22332 0.035668 0.19602 -0.21459 0.08877 0.0094852 0.053551 -0.070539 0.31503 0.026738 -0.0059126 0.22013 0.16645 0.24778 -0.084683 0.0986 -0.17341 0.11914 -0.15651 -0.1291 -0.10731 0.0079546 0.063937 0.61581 0.05134 0.050336 0.16922 0.16269 0.080677
0.24022 0.27078 0.19631 0.29768 0.10927 0.044526 -0.042303 0.088777 0.16962 0.23422 0.29998 0.20893 0.26644 0.13524 0.041541 -0.03511 0.091262 0.16938 -0.050054 0 -0.12459 0.18206 0.052536 0.016693 -0.11703 -0.020323 0.013765 0.030309 0.19867 0.20469 -0.095962 -0.27551 0.008045 0.41199 0.19306 -0.24006 0.007591 0.29557 0.3484 0.42307 0.40567 0.095336 0.28543 0.26015 0.31872 0.27191 0.044409 0.36416 -0.12808 -0.04576 0.29623 0.57385 0.010093 0.59026 -0.10704 0.19475 0.010744 0.0068229 -0.11044 0.0021828 0.062732 0.034296 0.18215 0.17665 -0.038612 -0.23961 0.029987 0.38782 0.30214 -0.23899 0.11858 0.29459 0.30434 0.45042 0.40165 0.16815 0.28188 0.24837 0.301 0.2224 0.047236 0.46727 -0.15324 -0.083613 0.24846 0.56395
0.043214 0.039466 0.10796 -0.036316 -0.0042003 0.14966 0.056966 -0.059554 0.0029855 0.25337 -0.028144 0.047961 -0.042596 -0.043824 0.13979 0.052309 -0.049417 0.03 0.24357 -0.12459 0 -0.13837 0.068218 0.18849 0.72094 0.56192 0.20116 -0.052785 0.27982 -0.089569 0.1231 0.50529 0.16747 -0.087425 0.55217 0.4788 0.5508 -0.12765 -0.010461 0.10556 0.12734 0.30878 -0.045966 0.70396 0.42803 0.40116 0.069922 0.47555 0.025844 0.012167 -0.0227 -0.058724 0.037742 -0.12999 0.64561 -0.19387 0.065798 0.11628 0.52048 0.3192 0.062818 -0.014254 0.082826 -0.086799 0.056605 0.32439 0.12538 -0.076616 0.22926 0.35588 0.19601 -0.13202 -0.00036345 -0.028098 0.053958 0.14824 -0.12649 0.25874 0.081208 0.17489 0.055706 0.079678 0.074446 0.027394 -0.0068421 -0.12002
-0.010571 0.10333 0.0096833 0.038918 0.0082354 0.10716 0.0265 0.024443 0.079358 0.019608 0.08176 -0.016179 0.035761 0.017451 0.092052 0.022471 0.031459 0.059818 0.029664 0.18206 -0.13837 0 0.02256 0.32335 0.070173 -0.1327 0.14143 0.24232 0.041497 0.92241 0.013619 -0.1427 0.15863 0.37027 -0.072728 -0.18715 -0.13806 0.88295 0.30951 0.09859 0.28191 0.3034 0.088037 -0.016701 0.096772 0.63319 0.18317 0.026216 -0.033203 0.017821 0.21528 0.24437 0.061682 0.17345 -0.23207 0.97518 0.0081738 0.36081 -0.043351 -0.08152 0.17666 0.30838 1.8508e-05 0.91285 -0.0073363 -0.18078 0.16564 0.33973 -0.097101 -0.24285 -0.1501 0.84498 0.36175 0.097971 0.30004 0.33636 0.097394 -0.071613 0.015987 0.58591 0.16037 0.067672 -0.065561 0.01581 0.18325 0.22522
0.022003 0.019837 0.011972 0.010751 0.01199 0.13686 0.077044 0.00058615 0.016387 0.050418 0.014596 -0.0081688 0.013286 0.011013 0.10975 0.07215 0.015444 0.039543 0.046733 0.052536 0.068218 0.02256 0 0.16198 0.11176 0.14853 0.061567 0.037876 0.094081 0.045711 0.090883 0.1094 0.096687 0.032189 0.065628 0.036889 0.07012 0.026845 0.048821 0.042274 0.056924 0.048055 0.061586 0.044253 0.070573 0.092881 0.10949 0.065129 0.031776 0.10584 0.049803 0.10064 0.019066 0.023918 0.036601 0.011253 0.05346 0.13645 0.075771 0.11755 0.058511 0.032248 0.056847 0.044476 0.083684 0.075617 0.084003 0.010485 0.051138 0.0093991 0.041268 0.018554 0.040212 0.033927 0.049116 0.061288 0.032915 -0.0040766 0.046032 0.077438 0.081786 0.036176 0.016274 0.051322 0.027479 0.090271
-0.065407 -0.05257 -0.03724 -0.026428 -0.015423 0.22489 0.18348 -0.0096441 0.0013879 -0.078822 -0.072767 -0.056919 -0.028641 -0.022338 0.23497 0.1703 -0.0060171 0.0090784 0.26456 0.016693 0.18849 0.32335 0.16198 0 0.33309 0.36751 0.074085 0.5586 0.1041 0.51308 0.17057 0.21725 0.32986 0.10494 0.13136 0.044929 0.10014 0.27364 0.094874 -0.0555 0.14221 0.10559 0.038815 -0.019378 0.1009 0.51018 0.33975 0.0041241 0.065113 0.15416 0.11564 0.13068 0.23469 0.038813 0.053992 0.28943 0.10854 0.81407 0.20664 0.35886 0.072427 0.52165 0.073121 0.50929 0.12923 0.19632 0.34998 0.11368 0.1092 -0.02778 0.13221 0.19659 0.15189 -0.046474 0.1868 0.14605 0.033848 -0.072207 0.049674 0.51375 0.27075 -0.0049356 0.044209 0.14174 0.088407 0.094044
0.041609 0.061666 0.025854 -0.094432 -0.023084 0.25216 0.076101 -0.043987 0.029041 0.21147 0.0030036 -0.013812 -0.098611 -0.030548 0.23704 0.055241 -0.018087 0.053276 0.21264 -0.11703 0.72094 0.070173 0.11176 0.33309 0 0.51491 0.55301 0.070612 0.1822 0.1151 0.32268 0.65204 0.41941 -0.020917 0.23647 0.36875 0.25077 0.01509 -0.046113 0.21719 -0.092654 0.71621 0.1156 0.53177 0.37867 0.39592 0.1153 0.25542 0.15599 0.11407 0.0095473 -0.087991 0.038747 -0.13392 0.48108 -0.011739 0.069821 0.24572 0.7468 0.31605 0.42547 0.078664 0.028179 0.10277 0.26558 0.5274 0.33832 -0.031269 0.012202 0.21738 0.046873 -0.00039142 -0.044096 0.060037 -0.10915 0.52983 0.030037 0.13822 0.14212 0.18822 0.079153 -0.010699 0.19983 0.13996 0.024258 -0.13579
0.12208 0.039824 0.038863 0.0064126 -0.0013348 0.1296 0.13443 -0.022329 0.0046925 0.2226 -0.025328 0.0165 -0.0052049 -0.022608 0.13518 0.12554 -0.035221 0.027088 0.2752 -0.020323 0.56192 -0.1327 0.14853 0.36751 0.51491 0 -0.011619 0.10405 0.24386 -0.073769 0.072271 0.46121 0.11807 -0.028612 0.43722 0.38528 0.47571 -0.12553 0.033573 0.025018 0.14547 -0.025388 -0.082714 0.39121 0.22013 0.40644 0.17262 0.43322 0.017913 0.12558 -0.0045718 0.090042 0.12279 -0.024932 0.33214 -0.16626 0.092441 0.27855 0.32319 0.57052 -0.10331 0.071694 0.12442 -0.070062 -0.0068493 0.31024 0.06197 -0.040459 0.25539 0.24034 0.31038 -0.14405 0.008581 -0.021814 0.08094 -0.059128 -0.1123 0.11279 0.017732 0.28175 0.13188 0.2018 0.044256 0.090851 0.0017108 0.03628
0.097566 0.1455 0.088585 0.010539 -0.0060923 0.34268 0.0017459 0.055431 0.13353 0.16165 0.14283 0.083151 -0.0019629 0.015679 0.32651 -0.010414 0.080006 0.12083 -0.17651 0.013765 0.20116 0.14143 0.061567 0.074085 0.55301 -0.011619 0 0.020879 0.048057 0.13273 0.50728 0.22532 0.3961 0.079877 -0.23192 -0.033987 -0.24982 0.16098 0.045138 0.43253 -0.13283 0.8274 0.46557 0.12027 0.26091 -0.0039204 4.4722e-05 -0.14315 0.13496 0.046286 0.12961 -0.028249 -0.16594 0.0073846 0.065075 0.099535 0.058828 0.062352 0.35531 -0.047642 0.77396 0.049375 -0.027876 0.12039 0.46424 0.21291 0.31621 0.057887 -0.32488 -0.11774 -0.28963 0.1847 0.057784 0.28659 -0.12717 0.72122 0.32997 -0.042479 0.17019 -0.10284 0.010869 -0.1978 0.11437 0.064551 0.10808 -0.058028
0.023779 0.080701 0.0084136 0.025393 -0.01044 0.13082 0.072086 0.019224 0.020844 -0.058816 0.067369 0.019922 0.050295 -0.0093444 0.1292 0.027856 0.032493 0.025502 0.088461 0.030309 -0.052785 0.24232 0.037876 0.5586 0.070612 0.10405 0.020879 0 0.060027 0.424 0.10004 0.027521 0.049644 0.06743 0.0050829 -0.0057034 0.021651 0.33255 0.025511 0.029983 0.077927 -0.020394 0.075406 -0.099281 -0.019009 0.30429 0.18001 -0.10676 0.018433 0.054816 0.13287 0.12023 0.15016 0.073098 -0.040466 0.25316 0.029713 0.57323 0.037868 0.17982 0.024078 0.95966 0.094344 0.34587 0.071764 0.066258 0.08523 0.064632 0.10794 -0.0071755 0.10957 0.31615 0.11008 0.042592 0.15682 0.021326 0.071628 -0.057966 0.019845 0.37839 0.14346 0.022638 0.036682 0.049065 0.10584 0.12875
0.1845 0.14478 0.1896 0.14255 0.071657 0.086685 0.021188 0.02401 0.08046 0.20544 0.127 0.18358 0.1309 0.033085 0.092442 0.021336 0.016436 0.091798 0.08075 0.19867 0.27982 0.041497 0.094081 0.1041 0.1822 0.24386 0.048057 0.060027 0 0.05912 0.068122 0.093903 0.058864 0.069485 0.42386 0.2917 0.47631 0.10455 0.039403 0.25288 0.12087 0.093179 0.20394 0.43564 0.2928 0.19085 0.075527 0.3961 -0.028649 0.054895 0.13331 0.32196 0.078942 0.18393 0.21673 0.023538 0.055915 0.076833 0.1477 0.16118 -0.001735 0.057261 0.3883 0.046315 0.060196 0.074025 0.020621 0.045933 0.35317 0.23417 0.42101 0.093035 0.041509 0.18654 0.10262 0.070339 0.15626 0.25593 0.21761 0.08724 0.066279 0.26679 0.011865 -0.0014879 0.12506 0.30084
0.013844 0.14434 0.034164 0.054758 0.0093461 0.1311 0.037725 0.013826 0.10831 0.026842 0.12217 0.01241 0.049556 0.021256 0.10987 0.027477 0.03382 0.098114 0.059886 0.20469 -0.089569 0.92241 0.045711 0.51308 0.1151 -0.073769 0.13273 0.424 0.05912 0 0.032543 -0.12442 0.21817 0.37761 -0.032462 -0.17013 -0.078762 0.91766 0.33555 0.12037 0.28634 0.26487 0.095307 -0.0099 0.088815 0.65675 0.21426 0.061959 -0.020009 0.013874 0.28502 0.28727 0.068885 0.18712 -0.16797 0.91341 0.01711 0.51371 0.012776 -0.0025964 0.17078 0.46731 0.042478 0.93323 0.0061975 -0.137 0.2318 0.33938 -0.0092669 -0.2048 -0.061373 0.87951 0.38074 0.12799 0.31222 0.32108 0.10041 -0.050113 0.036257 0.63101 0.1804 0.14217 -0.04366 7.2883e-05 0.24561 0.26687
-0.1545 -0.029316 -0.00048511 -0.027948 -0.029363 0.29838 0.16532 0.067122 0.022456 -0.011884 -0.065339 -0.044625 -0.067566 -0.030784 0.30373 0.13396 0.051296 0.013196 0.0091633 -0.095962 0.1231 0.013619 0.090883 0.17057 0.32268 0.072271 0.50728 0.10004 0.068122 0.032543 0 0.37786 0.27349 -0.022326 -0.16418 0.092896 -0.095479 -0.0013023 0.0061289 -0.0050513 -0.069607 0.40631 0.39084 -0.18994 0.2664 -0.093102 0.18806 -0.28706 0.27455 0.17892 0.028579 -0.083951 -0.053021 -0.11879 -0.14532 -0.001716 0.035649 0.1776 0.074626 0.022105 0.37356 0.127 -0.082856 0.030202 0.554 0.23431 0.2214 -0.028097 -0.35221 -0.097017 -0.27802 -0.016105 0.03096 -0.12123 -0.089656 0.22638 0.2179 -0.38055 0.025778 -0.12137 0.14921 -0.35869 0.2114 0.16544 0.025006 -0.12409
-0.12299 -0.11281 -0.075953 -0.16359 -0.038453 0.21514 0.17275 -0.059207 -0.055181 0.056699 -0.20095 -0.14382 -0.17207 -0.061472 0.18227 0.13007 -0.068847 -0.032233 0.56282 -0.27551 0.50529 -0.1427 0.1094 0.21725 0.65204 0.46121 0.22532 0.027521 0.093903 -0.12442 0.37786 0 0.16308 -0.20353 0.21288 0.61178 0.36225 -0.2021 -0.11323 -0.076385 -0.12969 0.26954 -0.015745 0.067559 0.36504 -0.076635 0.38478 0.15285 0.30986 0.2852 -0.079431 -0.1972 0.23377 -0.29365 0.19076 -0.19358 0.075653 0.16196 0.33113 0.28906 0.059869 0.037995 -0.063472 -0.10758 0.20322 0.73752 0.10079 -0.18782 -0.13331 0.38548 -0.04237 -0.22499 -0.095161 -0.22841 -0.17682 0.0011871 -0.11554 -0.2452 0.031155 -0.12372 0.28092 -0.207 0.30373 0.27785 -0.0527 -0.22589
0.012391 0.015052 -0.020878 -0.020658 -0.0099289 0.27826 0.072083 0.024142 0.065379 0.050256 0.009042 -0.02918 -0.024554 -0.00015246 0.27365 0.090809 0.0079543 0.070995 0.0022446 0.008045 0.16747 0.15863 0.096687 0.32986 0.41941 0.11807 0.3961 0.049644 0.058864 0.21817 0.27349 0.16308 0 0.10308 -0.047228 -0.025312 -0.073517 0.13341 0.057127 0.07182 -0.027946 0.45083 0.20795 0.074381 0.15119 0.14266 0.14868 -0.061041 0.051272 0.091873 0.092612 0.039391 0.026551 -9.45e-05 0.11702 0.11978 0.069565 0.28132 0.31076 0.11003 0.38504 0.057004 0.0090557 0.21538 0.2696 0.18352 0.44171 0.082909 -0.087925 -0.03356 -0.055037 0.11012 0.043861 0.045524 -0.018685 0.41906 0.15017 -0.0045852 0.12853 0.080909 0.14081 -0.077877 0.079651 0.10192 0.066241 -0.00081007
0.12893 0.18177 0.056264 0.1989 0.028423 0.075896 0.015588 0.048083 0.12848 0.20166 0.13369 0.039967 0.16624 0.062415 0.072914 0.013732 0.0321 0.097065 -0.025131 0.41199 -0.087425 0.37027 0.032189 0.10494 -0.020917 -0.028612 0.079877 0.06743 0.069485 0.37761 -0.022326 -0.20353 0.10308 0 0.13477 -0.21986 -0.0044187 0.43266 0.53694 0.29054 0.59899 0.2196 0.10409 0.16659 0.33174 0.39395 0.15689 0.35233 -0.076086 -0.01486 0.37564 0.50273 0.011873 0.37156 -0.10567 0.34766 0.0049368 0.088597 -0.060675 -0.032073 0.10865 0.055681 0.048687 0.34529 -0.031979 -0.22094 0.13827 0.78655 0.18784 -0.22978 0.068861 0.41298 0.46288 0.34735 0.54297 0.27987 0.093355 0.14938 0.26575 0.31992 0.15165 0.42386 -0.10076 -0.040399 0.32948 0.47421
0.080163 0.104 0.21765 0.17083 0.068797 -0.031617 0.026868 -0.026208 0.034549 0.21729 0.022883 0.18251 0.14082 0.023675 -0.031244 0.011343 -0.018277 0.025415 0.50063 0.19306 0.55217 -0.072728 0.065628 0.13136 0.23647 0.43722 -0.23192 0.0050829 0.42386 -0.032462 -0.16418 0.21288 -0.047228 0.13477 0 0.3853 0.84757 0.0012847 0.10349 0.081367 0.37302 -0.10097 -0.10937 0.55753 0.48914 0.31756 0.24466 0.67474 -0.052941 0.011552 0.11626 0.37486 0.26452 0.18229 0.34724 -0.090187 0.02816 0.06968 0.11797 0.21284 -0.2905 -0.0018388 0.27653 -0.038139 -0.1983 0.050134 -0.047924 0.11462 0.66317 0.25984 0.60507 -0.021823 0.094842 0.022642 0.31204 -0.15219 -0.11162 0.22894 0.24364 0.19405 0.19137 0.44713 -0.045393 -0.02945 0.12222 0.32031
-0.080136 -0.080082 -0.01907 -0.10302 -0.0013296 0.024123 0.080334 -0.08522 -0.067159 0.090332 -0.15843 -0.059801 -0.11805 -0.0481 -0.0062297 0.046587 -0.080661 -0.057453 0.25134 -0.24006 0.4788 -0.18715 0.036889 0.044929 0.36875 0.38528 -0.033987 -0.0057034 0.2917 -0.17013 0.092896 0.61178 -0.025312 -0.21986 0.3853 0 0.62786 -0.17347 -0.13954 -0.1363 -0.083517 -0.073756 -0.1684 0.18168 0.23296 -0.080998 0.032087 0.20633 0.15857 0.094966 -0.089402 -0.14212 -0.0015343 -0.24909 0.19199 -0.20348 0.041238 0.016713 0.1165 0.18305 -0.19759 -0.0011798 0.093567 -0.1642 -0.015398 0.29075 -0.039005 -0.19663 0.054884 0.56437 0.20423 -0.18981 -0.10802 -0.24634 -0.10822 -0.28895 -0.23848 -0.16503 -0.09844 -0.14558 -0.0051963 -0.089181 0.12742 0.08716 -0.06813 -0.15559
0.0021462 0.0013769 0.13146 0.056803 0.047062 -0.019544 0.073935 -0.076112 -0.016704 0.18403 -0.071526 0.10102 0.041664 -0.0099494 -0.039258 0.052775 -0.062019 -0.0082587 0.54738 0.007591 0.5508 -0.13806 0.07012 0.10014 0.25077 0.47571 -0.24982 0.021651 0.47631 -0.078762 -0.095479 0.36225 -0.073517 -0.0044187 0.84757 0.62786 0 -0.078667 -0.018609 -0.04822 0.24804 -0.22458 -0.20447 0.43024 0.34476 0.18657 0.22344 0.56468 0.03529 0.034814 0.0089374 0.19599 0.2763 -0.036648 0.29743 -0.14866 0.047329 0.0426 0.015618 0.24401 -0.34336 0.019776 0.27504 -0.089056 -0.17507 0.095053 -0.082568 -0.013586 0.49719 0.466 0.59045 -0.096651 0.012103 -0.13636 0.15929 -0.3282 -0.22178 0.073919 0.0066886 0.079991 0.15958 0.23579 -0.024926 -2.5196e-05 0.03897 0.1524
0.13326 0.24294 0.099705 0.13469 0.056654 0.090992 -0.015608 0.049883 0.1846 0.14494 0.24635 0.09962 0.1332 0.063591 0.073063 -0.055908 0.049696 0.17236 -0.053354 0.29557 -0.12765 0.88295 0.026845 0.27364 0.01509 -0.12553 0.16098 0.33255 0.10455 0.91766 -0.0013023 -0.2021 0.13341 0.43266 0.0012847 -0.17347 -0.078667 0 0.41514 0.24446 0.36319 0.29411 0.13989 0.037615 0.11673 0.55917 0.10246 0.14224 -0.058486 -0.024451 0.33735 0.37743 -0.030272 0.2874 -0.16259 0.84685 0.0096794 0.28017 -0.03306 -0.062857 0.20212 0.3976 0.094053 0.87553 0.0047243 -0.19391 0.14382 0.39809 0.033875 -0.17846 -0.036779 0.96827 0.45037 0.2653 0.39249 0.34306 0.15418 0.039442 0.097141 0.52927 0.078629 0.27282 -0.056915 -0.051629 0.30542 0.37135
0.069469 0.14732 0.018046 0.20012 0.080636 0.094275 0.052491 0.023965 0.10299 0.2718 0.067026 0.011768 0.1222 0.065167 0.075864 0.032496 0.0046939 0.081476 0.057098 0.3484 -0.010461 0.30951 0.048821 0.094874 -0.046113 0.033573 0.045138 0.025511 0.039403 0.33555 0.0061289 -0.11323 0.057127 0.53694 0.10349 -0.13954 -0.018609 0.41514 0 0.119 0.89713 0.10783 0.025266 0.084021 0.34356 0.43441 0.29678 0.42287 -0.02106 0.034753 0.49804 0.61847 0.028414 0.30822 -0.15978 0.2795 0.0056603 0.076366 -0.13524 -0.030411 0.02533 0.014573 -0.007997 0.30295 -0.031357 -0.20891 0.075618 0.48524 0.082472 -0.22165 -0.076085 0.37993 0.89831 0.15649 0.79296 0.11184 0.00080816 -0.022507 0.16405 0.33649 0.24101 0.40641 -0.094516 -0.023061 0.40835 0.517
0.37108 0.34155 0.19819 0.21137 0.093193 0.10328 -0.12398 0.071992 0.19622 0.31976 0.35311 0.22423 0.21658 0.093635 0.088177 -0.11219 0.06752 0.19044 -0.11561 0.42307 0.10556 0.09859 0.042274 -0.0555 0.21719 0.025018 0.43253 0.029983 0.25288 0.12037 -0.0050513 -0.076385 0.07182 0.29054 0.081367 -0.1363 -0.04822 0.24446 0.119 0 0.085659 0.55357 0.38053 0.4476 0.28625 0.18106 -0.091495 0.35636 -0.075143 -0.052338 0.20488 0.35429 -0.091827 0.38552 0.15959 0.10391 0.045768 -0.06108 0.26584 0.055929 0.43725 0.029405 0.23891 0.079006 0.099243 0.02343 0.03913 0.23562 0.16506 -0.07497 0.091368 0.26383 0.10113 0.70218 0.10867 0.53163 0.34296 0.44239 0.34533 0.078838 -0.065446 0.37096 -0.08009 -0.086633 0.19574 0.365
0.067361 0.12253 0.077707 0.28156 0.089705 0.062539 0.069036 0.01572 0.076998 0.27212 0.069443 0.06034 0.21425 0.066831 0.058947 0.06647 -0.0045528 0.064395 0.15685 0.40567 0.12734 0.28191 0.056924 0.14221 -0.092654 0.14547 -0.13283 0.077927 0.12087 0.28634 -0.069607 -0.12969 -0.027946 0.59899 0.37302 -0.083517 0.24804 0.36319 0.89713 0.085659 0 -0.068962 -0.022733 0.14853 0.50097 0.51303 0.30031 0.53873 -0.056293 0.0142 0.41708 0.63956 0.10823 0.35802 -0.072085 0.25227 0.0053044 0.12123 -0.2044 0.03121 -0.1438 0.075564 0.075257 0.26827 -0.12013 -0.24031 0.029938 0.56639 0.32441 -0.1883 0.11281 0.3329 0.82106 0.12518 0.91088 -0.021478 -0.038022 0.035426 0.28731 0.44541 0.24885 0.48449 -0.11447 -0.035231 0.33105 0.55503
0.18259 0.19554 0.087202 0.034593 0.012022 0.27976 -0.029953 0.046694 0.15677 0.24436 0.19119 0.060913 0.017872 0.039939 0.26607 -0.027142 0.072628 0.15515 -0.078269 0.095336 0.30878 0.3034 0.048055 0.10559 0.71621 -0.025388 0.8274 -0.020394 0.093179 0.26487 0.40631 0.26954 0.45083 0.2196 -0.10097 -0.073756 -0.22458 0.29411 0.10783 0.55357 -0.068962 0 0.43654 0.33558 0.37653 0.18135 0.0404 0.08458 0.13128 0.05167 0.13524 0.058612 -0.063733 0.073372 0.18318 0.25359 0.057235 0.096673 0.55256 -0.022089 0.78546 0.051058 -0.0038929 0.25207 0.39854 0.31506 0.37271 0.16499 -0.22262 -0.11243 -0.24346 0.30075 0.096012 0.42042 -0.065895 0.92591 0.34423 0.14634 0.31648 0.023778 0.05992 0.0042377 0.15051 0.082751 0.13957 0.027412
0.10306 0.16937 0.1764 0.13344 0.054986 0.22803 -9.3896e-05 0.11953 0.13881 0.096938 0.19322 0.17634 0.11625 0.059187 0.23436 0.00075505 0.12274 0.13658 -0.14617 0.28543 -0.045966 0.088037 0.061586 0.038815 0.1156 -0.082714 0.46557 0.075406 0.20394 0.095307 0.39084 -0.015745 0.20795 0.10409 -0.10937 -0.1684 -0.20447 0.13989 0.025266 0.38053 -0.022733 0.43654 0 0.076708 0.34776 -0.030974 0.03606 -0.049733 0.045549 0.035369 0.16255 0.19278 -0.096145 0.26723 -0.073941 0.075626 0.04245 0.031232 0.053171 -0.055251 0.42862 0.081617 0.14736 0.074616 0.41338 0.055275 0.15561 0.086632 -0.10379 -0.17749 -0.11503 0.13638 0.021428 0.32005 -0.00772 0.38263 0.57107 0.042345 0.31909 -0.076078 0.061378 -0.010545 0.030513 0.042832 0.14691 0.18173
0.35659 0.21606 0.24371 0.15474 0.07052 0.0070455 -0.12514 -0.0010136 0.10464 0.45663 0.19576 0.21923 0.12852 0.04583 -0.0089811 -0.10527 -0.0092814 0.11661 0.012623 0.26015 0.70396 -0.016701 0.044253 -0.019378 0.53177 0.39121 0.12027 -0.099281 0.43564 -0.0099 -0.18994 0.067559 0.074381 0.16659 0.55753 0.18168 0.43024 0.037615 0.084021 0.4476 0.14853 0.33558 0.076708 0 0.48352 0.43522 -0.11096 0.67705 -0.11581 -0.087635 0.083907 0.25555 -0.023489 0.21339 0.5421 -0.03866 0.039368 -0.052415 0.44535 0.22311 0.066683 -0.07957 0.2724 -0.029937 -0.12526 0.097608 0.029734 0.13043 0.41828 0.19229 0.30911 0.049674 0.026339 0.37478 0.10501 0.30708 0.04928 0.70168 0.29053 0.21834 -0.082263 0.44085 -0.07486 -0.12387 0.082751 0.19417
0.026047 0.16055 0.19144 0.15848 0.061875 0.18189 0.064778 0.0079253 0.075634 0.27619 0.06844 0.10688 0.11522 0.050199 0.16678 0.04566 0.020755 0.077711 0.18066 0.31872 0.42803 0.096772 0.070573 0.1009 0.37867 0.22013 0.26091 -0.019009 0.2928 0.088815 0.2664 0.36504 0.15119 0.33174 0.48914 0.23296 0.34476 0.11673 0.34356 0.28625 0.50097 0.37653 0.34776 0.48352 0 0.31977 0.17413 0.5007 0.11658 0.060839 0.19244 0.31086 0.033201 0.23163 0.10058 0.042979 0.049713 0.069641 0.060218 0.092546 0.11523 0.004937 0.048923 0.081403 0.13202 0.098907 0.13365 0.32266 0.15403 -0.044137 0.026354 0.09284 0.29371 0.14951 0.41406 0.15565 0.16766 0.023981 0.51595 0.17884 0.16983 0.21195 0.075845 0.052253 0.17999 0.24548
0.17569 0.13662 0.061432 0.11597 0.017838 0.089564 0.032451 0.0082473 0.059235 0.25806 0.097364 0.077451 0.09935 0.017521 0.081718 0.034617 0.0022279 0.059905 0.09099 0.27191 0.40116 0.63319 0.092881 0.51018 0.39592 0.40644 -0.0039204 0.30429 0.19085 0.65675 -0.093102 -0.076635 0.14266 0.39395 0.31756 -0.080998 0.18657 0.55917 0.43441 0.18106 0.51303 0.18135 -0.030974 0.43522 0.31977 0 0.083329 0.51683 -0.064551 -0.0096276 0.18108 0.37017 0.048216 0.2568 0.20667 0.59001 0.050751 0.45857 0.22907 0.32499 0.038828 0.27326 0.13068 0.65696 -0.096647 -0.10447 0.15372 0.35444 0.32276 -0.10389 0.178 0.54377 0.38029 0.19848 0.47033 0.28103 -0.016628 0.2582 0.18093 0.93943 0.030814 0.44195 -0.063209 -0.039052 0.16 0.32143
-0.18371 -0.1117 -0.071013 -0.026749 0.0072921 0.22079 0.23559 0.0048846 -0.0035337 -0.13416 -0.1669 -0.10029 -0.052324 -0.017333 0.21762 0.19933 0.012165 0.0095359 0.73473 0.044409 0.069922 0.18317 0.10949 0.33975 0.1153 0.17262 4.4722e-05 0.18001 0.075527 0.21426 0.18806 0.38478 0.14868 0.15689 0.24466 0.032087 0.22344 0.10246 0.29678 -0.091495 0.30031 0.0404 0.03606 -0.11096 0.17413 0.083329 0 0.11126 0.07367 0.22713 0.56803 0.30761 0.58802 0.041237 -0.075197 0.14957 0.072882 0.32544 -0.028157 0.095102 -0.048313 0.15318 0.022719 0.2 0.11014 0.20415 0.16314 0.19644 0.10331 -0.043557 0.06508 0.039838 0.3354 -0.096782 0.30093 0.01263 0.038695 -0.18204 0.066282 0.10698 0.85591 0.053832 0.035065 0.20881 0.46716 0.25522
0.34065 0.23266 0.17383 0.23728 0.10669 -0.062927 -0.061482 -0.00072708 0.11501 0.38903 0.21651 0.17202 0.21297 0.080075 -0.077677 -0.063931 -0.027939 0.1319 0.26088 0.36416 0.47555 0.026216 0.065129 0.0041241 0.25542 0.43322 -0.14315 -0.10676 0.3961 0.061959 -0.28706 0.15285 -0.061041 0.35233 0.67474 0.20633 0.56468 0.14224 0.42287 0.35636 0.53873 0.08458 -0.049733 0.67705 0.5007 0.51683 0.11126 0 -0.079754 -0.036563 0.28893 0.57063 0.18757 0.34919 0.38759 0.015317 0.028161 -0.054541 0.28785 0.28035 -0.14312 -0.080097 0.31044 0.04007 -0.25812 0.14537 -0.054926 0.29066 0.60766 0.23561 0.49739 0.14251 0.31633 0.32057 0.45753 0.13387 -0.024397 0.49954 0.4051 0.35779 0.09068 0.81635 -0.053266 -0.078756 0.22859 0.50234
-0.10254 -0.046775 -0.049629 -0.067839 -0.029513 0.054914 0.041142 -0.0043606 -0.029053 -0.020829 -0.087883 -0.083441 -0.084078 -0.041665 0.041103 0.040946 -0.014599 -0.037659 0.10866 -0.12808 0.025844 -0.033203 0.031776 0.065113 0.15599 0.017913 0.13496 0.018433 -0.028649 -0.020009 0.27455 0.30986 0.051272 -0.076086 -0.052941 0.15857 0.03529 -0.058486 -0.02106 -0.075143 -0.056293 0.13128 0.045549 -0.11581 0.11658 -0.064551 0.07367 -0.079754 0 0.094637 -0.073898 -0.12808 0.034058 -0.14439 -0.098925 -0.027859 0.0086847 0.060466 -0.0086445 0.016336 0.061447 0.02934 -0.093249 -0.018931 0.15082 0.19563 0.032171 -0.06237 -0.16914 0.05577 -0.12921 -0.05378 -0.00327 -0.15691 -0.075738 0.0036278 -0.0072203 -0.25762 -0.017783 -0.047858 0.060069 -0.19135 0.20529 0.091193 -0.041378 -0.14572
-0.069399 -0.059519 -0.0488 -0.01987 -0.021745 0.1528 0.13669 0.0013325 -0.020454 -0.0032617 -0.080396 -0.069088 -0.04845 -0.013531 0.13207 0.10495 -0.01489 0.024839 0.16262 -0.04576 0.012167 0.017821 0.10584 0.15416 0.11407 0.12558 0.046286 0.054816 0.054895 0.013874 0.17892 0.2852 0.091873 -0.01486 0.011552 0.094966 0.034814 -0.024451 0.034753 -0.052338 0.0142 0.05167 0.035369 -0.087635 0.060839 -0.0096276 0.22713 -0.036563 0.094637 0 0.028763 0.021822 0.095163 -0.068877 -0.057682 0.0068789 0.040565 0.12584 0.022172 0.098829 0.026294 0.048971 -0.026897 0.029166 0.13388 0.20964 0.065373 -0.016662 -0.045933 0.025087 -0.036524 -0.034849 0.021361 -0.095918 -0.0065662 0.010029 0.0014328 -0.14982 0.021435 -0.012555 0.19547 -0.083637 0.096837 0.17296 0.015946 0.0051452
0.036298 0.17684 0.06898 0.13207 0.066273 0.1176 0.014243 0.045807 0.12761 0.039599 0.17455 0.066259 0.12124 0.077693 0.099451 0.011569 0.042293 0.17356 0.16209 0.29623 -0.0227 0.21528 0.049803 0.11564 0.0095473 -0.0045718 0.12961 0.13287 0.13331 0.28502 0.028579 -0.079431 0.092612 0.37564 0.11626 -0.089402 0.0089374 0.33735 0.49804 0.20488 0.41708 0.13524 0.16255 0.083907 0.19244 0.18108 0.56803 0.28893 -0.073898 0.028763 0 0.50924 0.22085 0.3009 -0.0084928 0.21623 0.041675 0.12408 0.021517 -0.010059 0.11324 0.11801 0.13834 0.25467 0.055369 -0.058953 0.11369 0.36385 0.17505 -0.07919 0.085645 0.31147 0.46519 0.25052 0.41239 0.18583 0.17016 0.08211 0.20329 0.17173 0.53705 0.36654 -0.043543 -0.0067059 0.66024 0.46908
0.23038 0.29785 0.18556 0.35499 0.14515 0.083245 0.028448 0.08965 0.1907 0.23154 0.2915 0.19404 0.31895 0.12508 0.082577 0.023164 0.064052 0.19533 0.11847 0.57385 -0.058724 0.24437 0.10064 0.13068 -0.087991 0.090042 -0.028249 0.12023 0.32196 0.28727 -0.083951 -0.1972 0.039391 0.50273 0.37486 -0.14212 0.19599 0.37743 0.61847 0.35429 0.63956 0.058612 0.19278 0.25555 0.31086 0.37017 0.30761 0.57063 -0.12808 0.021822 0.50924 0 0.1467 0.5463 -0.020121 0.2403 0.054773 0.091881 -0.049208 0.062794 0.0085401 0.11792 0.31877 0.25587 -0.053082 -0.15261 0.054721 0.4695 0.4862 -0.094954 0.33083 0.36619 0.54285 0.4096 0.60904 0.16555 0.20764 0.26404 0.3441 0.32389 0.2746 0.64433 -0.122 -0.037782 0.41984 0.77315
-0.052222 -0.12938 -0.03311 -0.02158 -0.0089875 0.029571 0.091742 -0.023967 -0.041371 -0.15949 -0.15092 -0.033341 0.002019 -0.02085 0.03772 0.10265 -0.013837 -0.010667 0.66368 0.010093 0.037742 0.061682 0.019066 0.23469 0.038747 0.12279 -0.16594 0.15016 0.078942 0.068885 -0.053021 0.23377 0.026551 0.011873 0.26452 -0.0015343 0.2763 -0.030272 0.028414 -0.091827 0.10823 -0.063733 -0.096145 -0.023489 0.033201 0.048216 0.58802 0.18757 0.034058 0.095163 0.22085 0.1467 0 0.023006 0.17721 0.068147 0.033115 0.26384 0.16741 0.193 -0.16171 0.096424 0.11303 0.063395 -0.041745 0.40802 0.034029 0.030987 0.40106 0.1591 0.44807 -0.059867 0.07039 -0.048549 0.1601 -0.0024052 -0.048289 0.0201 0.22931 0.050612 0.71221 0.19704 0.044239 0.16906 0.19043 0.1386
